Datetime,Ticker,Adj Close,Close,High,Low,Open,Volume
2026-08-05 09:30:00,ACDC,,4.164999961853027,4.21999979019165,4.164999961853027,4.21999979019165,30598.0
2026-08-05 09:30:00,BPRN,,42.150001525878906,42.150001525878906,42.150001525878906,42.150001525878906,870.0
2026-08-05 09:30:00,CNXN,,85.75,86.45500183105469,85.75,86.01000213623047,0.0
2026-08-05 09:30:00,CPOP,,0.35510000586509705,0.35510000586509705,0.3504999876022339,0.3504999876022339,6984.0
2026-08-05 09:30:00,DTIL,,7.309999942779541,7.309999942779541,7.309999942779541,7.309999942779541,2417.0
2026-08-05 09:30:00,EYE,,23.770000457763672,23.770000457763672,23.5,23.639999389648438,0.0
2026-08-05 09:30:00,FIZZ,,32.20000076293945,32.20000076293945,32.17499923706055,32.17499923706055,0.0
2026-08-05 09:30:00,FRST,,16.40999984741211,16.40999984741211,16.40999984741211,16.40999984741211,991.0
2026-08-05 09:30:00,GLUE,,16.59000015258789,16.59000015258789,16.25,16.25,15030.0
2026-08-05 09:30:00,IPDN,,0.4099999964237213,0.4099999964237213,0.4099999964237213,0.4099999964237213,1823.0
2026-08-05 09:30:00,KIDS,,21.420000076293945,22.045000076293945,21.420000076293945,22.045000076293945,8936.0
2026-08-05 09:30:00,KITT,,1.0750000476837158,1.1100000143051147,1.0750000476837158,1.1100000143051147,12819.0
2026-08-05 09:30:00,KITTW,,0.0142000000923872,0.0142000000923872,0.0142000000923872,0.0142000000923872,3500.0
2026-08-05 09:30:00,KTTA,,0.4519999921321869,0.4519999921321869,0.4519999921321869,0.4519999921321869,0.0
2026-08-05 09:30:00,KTTAW,,0.004100000020116568,0.004100000020116568,0.004100000020116568,0.004100000020116568,0.0
2026-08-05 09:30:00,LUNG,,2.0299999713897705,2.0299999713897705,2.0299999713897705,2.0299999713897705,7748.0
2026-08-05 09:30:00,MBRX,,0.4018999934196472,0.4018999934196472,0.4018999934196472,0.4018999934196472,70973.0
2026-08-05 09:30:00,MCRI,,126.0199966430664,126.12000274658203,126.0199966430664,126.12000274658203,1853.0
2026-08-05 09:30:00,MDB,,383.44500732421875,385.0,379.43499755859375,381.010009765625,60912.0
2026-08-05 09:30:00,MDLZ,,62.2400016784668,62.65480041503906,62.15999984741211,62.65480041503906,206202.0
2026-08-05 09:30:00,MLTX,,17.989999771118164,17.989999771118164,17.940000534057617,17.940000534057617,6513.0
2026-08-05 09:30:00,MNRO,,13.350000381469727,13.350000381469727,13.350000381469727,13.350000381469727,18054.0
2026-08-05 09:30:00,MNST,,94.61250305175781,95.05999755859375,94.61250305175781,94.91000366210938,56585.0
2026-08-05 09:30:00,MNTK,,1.690000057220459,1.690000057220459,1.690000057220459,1.690000057220459,2313.0
2026-08-05 09:30:00,MNTS,,4.369999885559082,4.440000057220459,4.3520002365112305,4.440000057220459,84036.0
2026-08-05 09:30:00,MODD,,2.190000057220459,2.190000057220459,2.190000057220459,2.190000057220459,6137.0
2026-08-05 09:30:00,MOVE,,12.970000267028809,13.329999923706055,12.8100004196167,13.0,54232.0
2026-08-05 09:30:00,MPAA,,13.6899995803833,13.6899995803833,13.6899995803833,13.6899995803833,0.0
2026-08-05 09:30:00,MPWR,,1325.010009765625,1325.31005859375,1308.4547119140625,1316.1099853515625,20465.0
2026-08-05 09:30:00,MRNA,,57.53499984741211,58.09000015258789,57.40999984741211,58.09000015258789,142674.0
2026-08-05 09:30:00,MVBF,,31.139999389648438,31.139999389648438,31.139999389648438,31.139999389648438,0.0
2026-08-05 09:30:00,MYGN,,3.0980000495910645,3.125499963760376,3.075000047683716,3.119999885559082,102288.0
2026-08-05 09:30:00,MYPS,,0.7200000286102295,0.7200000286102295,0.699999988079071,0.699999988079071,0.0
2026-08-05 09:30:00,MYRG,,341.0199890136719,341.5,341.0199890136719,341.5,6306.0
2026-08-05 09:30:00,NAII,,2.299999952316284,2.299999952316284,2.299999952316284,2.299999952316284,0.0
2026-08-05 09:30:00,NAMS,,26.860000610351562,27.4950008392334,26.860000610351562,27.329999923706055,27414.0
2026-08-05 09:30:00,NATR,,20.40999984741211,20.40999984741211,20.40999984741211,20.40999984741211,939.0
2026-08-05 09:30:00,NAUT,,0.9998999834060669,1.0099999904632568,0.9997000098228455,1.0,57282.0
2026-08-05 09:30:00,NAVI,,9.319999694824219,9.350000381469727,9.289999961853027,9.34000015258789,12562.0
2026-08-05 09:30:00,NB,,5.269999980926514,5.269999980926514,5.150000095367432,5.190000057220459,243697.0
2026-08-05 09:30:00,NBIX,,168.0050048828125,168.5500030517578,167.8699951171875,168.5500030517578,35204.0
2026-08-05 09:30:00,NBTB,,53.49919891357422,53.790000915527344,53.49919891357422,53.78499984741211,0.0
2026-08-05 09:30:00,NBTX,,40.86000061035156,41.150001525878906,40.58000183105469,40.999000549316406,4077.0
2026-08-05 09:30:00,NCMI,,4.150000095367432,4.150000095367432,4.150000095367432,4.150000095367432,0.0
2026-08-05 09:30:00,NCRA,,1.9199999570846558,1.9199999570846558,1.9199999570846558,1.9199999570846558,13559.0
2026-08-05 09:30:00,NDAQ,,95.125,95.125,94.61969757080078,94.81999969482422,188159.0
2026-08-05 09:30:00,NDLS,,17.860000610351562,18.219999313354492,17.5,17.68000030517578,4852.0
2026-08-05 09:30:00,NDSN,,311.17999267578125,313.7900085449219,310.95001220703125,312.1600036621094,28079.0
2026-08-05 09:30:00,NECB,,27.229999542236328,27.229999542236328,27.229999542236328,27.229999542236328,998.0
2026-08-05 09:30:00,NEO,,16.295000076293945,16.45009994506836,16.18400001525879,16.295000076293945,46367.0
2026-08-05 09:30:00,NEOG,,11.609999656677246,11.760000228881836,11.609999656677246,11.65999984741211,16613.0
2026-08-05 09:30:00,NEON,,0.9301999807357788,0.9301999807357788,0.9301999807357788,0.9301999807357788,2140.0
2026-08-05 09:30:00,NEOV,,2.6449999809265137,2.6700000762939453,2.6449999809265137,2.6700000762939453,290376.0
2026-08-05 09:30:00,NESR,,29.079999923706055,29.079999923706055,29.0,29.040000915527344,20932.0
2026-08-05 09:30:00,NEWT,,15.46500015258789,15.479999542236328,15.46500015258789,15.479999542236328,5223.0
2026-08-05 09:30:00,NEXT,,6.53000020980835,6.590000152587891,6.5,6.590000152587891,87426.0
2026-08-05 09:30:00,NFE,,0.33869999647140503,0.3391999900341034,0.33869999647140503,0.3391999900341034,15874.0
2026-08-05 09:30:00,NFLX,,74.7300033569336,75.30000305175781,74.68000030517578,75.11000061035156,1518644.0
2026-08-05 09:30:00,NGNE,,34.65999984741211,34.65999984741211,34.65999984741211,34.65999984741211,804.0
2026-08-05 09:30:00,NHIC,,10.75,10.75,10.75,10.75,0.0
2026-08-05 09:30:00,NHTC,,1.8493000268936157,1.8493000268936157,1.8300000429153442,1.8300000429153442,0.0
2026-08-05 09:30:00,NICE,,94.94999694824219,96.94999694824219,94.94999694824219,95.62999725341797,101646.0
2026-08-05 09:30:00,NIOBW,,1.6200000047683716,1.6200000047683716,1.6200000047683716,1.6200000047683716,0.0
2026-08-05 09:30:00,NIU,,2.509999990463257,2.509999990463257,2.509999990463257,2.509999990463257,516.0
2026-08-05 09:30:00,NKTR,,73.55999755859375,73.55999755859375,73.55999755859375,73.55999755859375,6300.0
2026-08-05 09:30:00,NKTX,,2.25,2.2699999809265137,2.25,2.259999990463257,16690.0
2026-08-05 09:30:00,NMFC,,7.449999809265137,7.449999809265137,7.434999942779541,7.449999809265137,14605.0
2026-08-05 09:30:00,NMIH,,44.77000045776367,44.77000045776367,44.77000045776367,44.77000045776367,0.0
2026-08-05 09:30:00,NMRA,,1.5850000381469727,1.600000023841858,1.5700000524520874,1.5800000429153442,13473.0
2026-08-05 09:30:00,NMRK,,15.895000457763672,15.895000457763672,15.79699993133545,15.79699993133545,0.0
2026-08-05 09:30:00,NMTC,,1.7000000476837158,1.7000000476837158,1.7000000476837158,1.7000000476837158,3558.0
2026-08-05 09:30:00,NN,,13.869999885559082,13.979999542236328,13.869999885559082,13.979999542236328,35937.0
2026-08-05 09:30:00,NNBR,,3.8399999141693115,3.8399999141693115,3.8399999141693115,3.8399999141693115,33473.0
2026-08-05 09:30:00,NNDM,,1.5700000524520874,1.5750000476837158,1.5611000061035156,1.5750000476837158,47487.0
2026-08-05 09:30:00,NNOX,,1.059999942779541,1.059999942779541,1.0499999523162842,1.0499999523162842,17710.0
2026-08-05 09:30:00,NOVT,,153.4600067138672,155.97999572753906,152.88999938964844,155.97999572753906,6592.0
2026-08-05 09:30:00,NPCE,,14.220000267028809,14.220000267028809,14.140000343322754,14.140000343322754,5091.0
2026-08-05 09:30:00,NRC,,19.719999313354492,19.719999313354492,19.719999313354492,19.719999313354492,1218.0
2026-08-05 09:30:00,NRDS,,9.34000015258789,9.34000015258789,9.34000015258789,9.34000015258789,2757.0
2026-08-05 09:30:00,NRIM,,27.850000381469727,27.850000381469727,27.350000381469727,27.350000381469727,0.0
2026-08-05 09:30:00,NRIX,,24.80500030517578,24.829999923706055,24.80500030517578,24.809999465942383,22615.0
2026-08-05 09:30:00,NRSN,,0.5450000166893005,0.5450000166893005,0.5099999904632568,0.5099999904632568,2277.0
2026-08-05 09:30:00,NRXP,,2.998800039291382,3.0350000858306885,2.9800000190734863,3.0199999809265137,77053.0
2026-08-05 09:30:00,NSSC,,40.255001068115234,40.310001373291016,40.244998931884766,40.29999923706055,3573.0
2026-08-05 09:30:00,NTAP,,189.5850067138672,190.44000244140625,188.5,189.4499969482422,122200.0
2026-08-05 09:30:00,NTES,,128.0500030517578,129.00999450683594,128.0500030517578,129.00999450683594,14243.0
2026-08-05 09:30:00,NTGR,,24.31999969482422,24.31999969482422,24.31999969482422,24.31999969482422,3900.0
2026-08-05 09:30:00,NTNX,,62.80500030517578,62.97999954223633,62.369998931884766,62.90999984741211,40329.0
2026-08-05 09:30:00,NTRA,,276.0,276.9800109863281,275.19000244140625,275.19000244140625,17610.0
2026-08-05 09:30:00,NTRS,,184.0,184.05999755859375,184.0,184.05999755859375,6384.0
2026-08-05 09:30:00,NTRSO,,18.459999084472656,18.459999084472656,18.459999084472656,18.459999084472656,0.0
2026-08-05 09:30:00,NTWK,,4.300000190734863,4.300000190734863,4.300000190734863,4.300000190734863,0.0
2026-08-05 09:30:00,NUTX,,158.50999450683594,158.50999450683594,158.50999450683594,158.50999450683594,1407.0
2026-08-05 09:30:00,NUWE,,1.8200000524520874,1.8200000524520874,1.7899999618530273,1.7899999618530273,209952.0
2026-08-05 09:30:00,NVAX,,7.695000171661377,7.730000019073486,7.679999828338623,7.710000038146973,106504.0
2026-08-05 09:30:00,NVCR,,16.149999618530273,16.149999618530273,16.139999389648438,16.139999389648438,47011.0
2026-08-05 09:30:00,NVCT,,20.575000762939453,21.09000015258789,20.100000381469727,21.09000015258789,12416.0
2026-08-05 09:30:00,NVDA,,217.9250030517578,219.14999389648438,216.39999389648438,216.86000061035156,9305224.0
2026-08-05 09:30:00,NVEC,,126.33999633789062,126.58999633789062,126.33999633789062,126.58999633789062,4349.0
2026-08-05 09:30:00,NVMI,,405.95001220703125,407.8900146484375,405.95001220703125,406.8999938964844,14571.0
2026-08-05 09:30:00,NVNI,,1.1799999475479126,1.1799999475479126,1.1799999475479126,1.1799999475479126,853.0
2026-08-05 09:30:00,NVTS,,12.520000457763672,12.550000190734863,12.199999809265137,12.244999885559082,602564.0
2026-08-05 09:30:00,NVVE,,0.8944000005722046,0.9998000264167786,0.8944000005722046,0.9998000264167786,0.0
2026-08-05 09:30:00,NVX,,0.39809998869895935,0.4000000059604645,0.39809998869895935,0.4000000059604645,23851.0
2026-08-05 09:30:00,NWBI,,16.030000686645508,16.040000915527344,16.010000228881836,16.030000686645508,0.0
2026-08-05 09:30:00,NWE,,70.0,70.30000305175781,69.9749984741211,70.30000305175781,4395.0
2026-08-05 09:30:00,NWFL,,34.2400016784668,34.2400016784668,34.2400016784668,34.2400016784668,0.0
2026-08-05 09:30:00,NWGL,,0.2630000114440918,0.2630000114440918,0.2630000114440918,0.2630000114440918,97145.0
2026-08-05 09:30:00,NWL,,6.073400020599365,6.119999885559082,6.059999942779541,6.119999885559082,79018.0
2026-08-05 09:30:00,NWPX,,126.38999938964844,126.38999938964844,126.38999938964844,126.38999938964844,1739.0
2026-08-05 09:30:00,NWS,,32.95500183105469,32.97999954223633,32.73500061035156,32.83000183105469,18826.0
2026-08-05 09:30:00,NWSA,,28.4950008392334,28.690000534057617,28.450000762939453,28.5049991607666,49914.0
2026-08-05 09:30:00,NXGL,,0.4122999906539917,0.41920000314712524,0.4122999906539917,0.41679999232292175,2806.0
2026-08-05 09:30:00,NXL,,0.36800000071525574,0.36800000071525574,0.35100001096725464,0.35100001096725464,15211.0
2026-08-05 09:30:00,NXPI,,234.07000732421875,236.75,234.07000732421875,235.0,67190.0
2026-08-05 09:30:00,NXST,,195.58999633789062,195.58999633789062,195.58999633789062,195.58999633789062,0.0
2026-08-05 09:30:00,NXT,,98.80999755859375,98.83999633789062,97.0,97.22000122070312,60133.0
2026-08-05 09:30:00,NXTC,,5.730000019073486,5.78000020980835,5.730000019073486,5.730000019073486,13031.0
2026-08-05 09:30:00,NYXH,,1.4850000143051147,1.4900000095367432,1.4850000143051147,1.4900000095367432,30336.0
2026-08-05 09:30:00,OABI,,2.009999990463257,2.009999990463257,2.009999990463257,2.009999990463257,0.0
2026-08-05 09:30:00,OBIO,,4.269999980926514,4.269999980926514,4.269999980926514,4.269999980926514,0.0
2026-08-05 09:30:00,OCC,,15.571999549865723,15.779999732971191,15.571999549865723,15.779999732971191,7788.0
2026-08-05 09:30:00,OCCI,,2.5,2.5,2.5,2.5,1415.0
2026-08-05 09:30:00,OCCIN,,24.879899978637695,24.8799991607666,24.850000381469727,24.850000381469727,0.0
2026-08-05 09:30:00,OCFC,,19.84000015258789,19.84000015258789,19.84000015258789,19.84000015258789,7234.0
2026-08-05 09:30:00,OCG,,1.690000057220459,1.690000057220459,1.690000057220459,1.690000057220459,2306.0
2026-08-05 09:30:00,OCGN,,1.3200000524520874,1.3200000524520874,1.2949999570846558,1.2949999570846558,638554.0
2026-08-05 09:30:00,OCS,,12.0600004196167,12.100000381469727,12.0600004196167,12.100000381469727,0.0
2026-08-05 09:30:00,OCSL,,12.1899995803833,12.239999771118164,12.074999809265137,12.130000114440918,45546.0
2026-08-05 09:30:00,OCUL,,8.640000343322754,8.680000305175781,8.640000343322754,8.670000076293945,15477.0
2026-08-05 09:30:00,ODD,,15.100000381469727,15.130000114440918,15.100000381469727,15.100000381469727,23895.0
2026-08-05 09:30:00,ODFL,,218.49000549316406,218.66000366210938,215.07000732421875,215.07000732421875,21918.0
2026-08-05 09:30:00,OESX,,13.989999771118164,13.989999771118164,13.670000076293945,13.670000076293945,14054.0
2026-08-05 09:30:00,OFIX,,11.454999923706055,12.359999656677246,11.425000190734863,12.260000228881836,15573.0
2026-08-05 09:30:00,OFS,,3.700000047683716,3.700000047683716,3.700000047683716,3.700000047683716,0.0
2026-08-05 09:30:00,OGI,,0.9700000286102295,0.9700000286102295,0.9700000286102295,0.9700000286102295,5127.0
2026-08-05 09:30:00,OKTA,,149.05999755859375,150.9600067138672,149.0,150.9600067138672,54136.0
2026-08-05 09:30:00,OKYO,,1.7021000385284424,1.7021000385284424,1.6399999856948853,1.6399999856948853,0.0
2026-08-05 09:30:00,OLB,,0.3199999928474426,0.3199999928474426,0.3199999928474426,0.3199999928474426,6604.0
2026-08-05 09:30:00,OLLI,,77.40499877929688,77.45249938964844,77.16999816894531,77.20999908447266,22687.0
2026-08-05 09:30:00,OLMA,,11.829999923706055,11.829999923706055,11.819999694824219,11.819999694824219,8501.0
2026-08-05 09:30:00,OM,,5.230000019073486,5.230000019073486,5.230000019073486,5.230000019073486,0.0
2026-08-05 09:30:00,OMCL,,37.04499816894531,37.150001525878906,37.0,37.150001525878906,9698.0
2026-08-05 09:30:00,OMER,,12.960000038146973,12.960000038146973,12.960000038146973,12.960000038146973,12243.0
2026-08-05 09:30:00,OMEX,,0.7253000140190125,0.7300999760627747,0.7253000140190125,0.7300999760627747,5657.0
2026-08-05 09:30:00,OMH,,0.11240000277757645,0.11330000311136246,0.10999999940395355,0.10999999940395355,19999769.0
2026-08-05 09:30:00,ON,,78.30500030517578,79.19000244140625,77.94999694824219,79.01200103759766,359914.0
2026-08-05 09:30:00,ONB,,27.239999771118164,27.239999771118164,27.174999237060547,27.200000762939453,36830.0
2026-08-05 09:30:00,ONBPO,,24.760000228881836,24.760000228881836,24.760000228881836,24.760000228881836,0.0
2026-08-05 09:30:00,ONBPP,,24.799999237060547,24.799999237060547,24.799999237060547,24.799999237060547,0.0
2026-08-05 09:30:00,ONCY,,0.8054999709129333,0.8054999709129333,0.8001000285148621,0.803600013256073,11155.0
2026-08-05 09:30:00,ONDS,,8.994999885559082,9.055000305175781,8.899999618530273,8.989999771118164,4202857.0
2026-08-05 09:30:00,ONEW,,12.729999542236328,12.729999542236328,12.729999542236328,12.729999542236328,0.0
2026-08-05 09:30:00,ONFO,,0.0843999981880188,0.08739999681711197,0.0835999995470047,0.0860000029206276,193056130.0
2026-08-05 09:30:00,ONMD,,0.7200000286102295,0.7200000286102295,0.7200000286102295,0.7200000286102295,15531.0
2026-08-05 09:30:00,OPAL,,2.4600000381469727,2.4600000381469727,2.390000104904175,2.390000104904175,0.0
2026-08-05 09:30:00,OPBK,,15.880000114440918,15.880000114440918,15.880000114440918,15.880000114440918,1180.0
2026-08-05 09:30:00,OPCH,,23.690000534057617,23.829999923706055,23.690000534057617,23.829999923706055,49644.0
2026-08-05 09:30:00,OPEN,,3.9549999237060547,3.9549999237060547,3.7699999809265137,3.890000104904175,4425691.0
2026-08-05 09:30:00,OPHC,,8.760000228881836,8.949999809265137,8.760000228881836,8.949999809265137,6485.0
2026-08-05 09:30:00,OPK,,1.2999999523162842,1.309999942779541,1.2999999523162842,1.309999942779541,82163.0
2026-08-05 09:30:00,OPRA,,20.719999313354492,20.780000686645508,20.530000686645508,20.75,8456.0
2026-08-05 09:30:00,OPRT,,6.090000152587891,6.090000152587891,6.050000190734863,6.050000190734863,9307.0
2026-08-05 09:30:00,OPRX,,6.869999885559082,6.869999885559082,6.869999885559082,6.869999885559082,0.0
2026-08-05 09:30:00,OPXS,,11.359999656677246,11.359999656677246,11.359999656677246,11.359999656677246,510.0
2026-08-05 09:30:00,ORGO,,2.380000114440918,2.380000114440918,2.380000114440918,2.380000114440918,1532.0
2026-08-05 09:30:00,ORIC,,13.75,13.8100004196167,13.538299560546875,13.569999694824219,55650.0
2026-08-05 09:30:00,ORLY,,92.33000183105469,92.72000122070312,92.23500061035156,92.72000122070312,70461.0
2026-08-05 09:30:00,ORMP,,4.440000057220459,4.480000019073486,4.440000057220459,4.480000019073486,0.0
2026-08-05 09:30:00,OSBC,,25.844999313354492,25.950000762939453,25.844999313354492,25.950000762939453,0.0
2026-08-05 09:30:00,OSIS,,236.41000366210938,236.41000366210938,235.47999572753906,235.47999572753906,3283.0
2026-08-05 09:30:00,OSPN,,17.356000900268555,17.969999313354492,17.270000457763672,17.56999969482422,26682.0
2026-08-05 09:30:00,OSS,,12.099900245666504,12.504500389099121,11.800100326538086,12.050000190734863,594181.0
2026-08-05 09:30:00,OSUR,,4.190000057220459,4.190000057220459,4.190000057220459,4.190000057220459,1925.0
2026-08-05 09:30:00,OSW,,26.770000457763672,26.770000457763672,26.760000228881836,26.760000228881836,7260.0
2026-08-05 09:30:00,OTEX,,26.559999465942383,26.649999618530273,26.415000915527344,26.649999618530273,19433.0
2026-08-05 09:30:00,OTLK,,0.964900016784668,0.9649999737739563,0.9409999847412109,0.9498999714851379,255676.0
2026-08-05 09:30:00,OTLY,,14.5649995803833,14.6899995803833,14.533599853515625,14.6899995803833,2749.0
2026-08-05 09:30:00,OVID,,2.510499954223633,2.5299999713897705,2.510499954223633,2.5199999809265137,44393.0
2026-08-05 09:30:00,OXLC,,9.21500015258789,9.220000267028809,9.199999809265137,9.220000267028809,26961.0
2026-08-05 09:30:00,OXLCM,,25.079999923706055,25.079999923706055,25.079999923706055,25.079999923706055,0.0
2026-08-05 09:30:00,OXSQ,,1.5049999952316284,1.5099999904632568,1.5049999952316284,1.5099999904632568,40061.0
2026-08-05 09:30:00,PAA,,23.5,23.600000381469727,23.5,23.600000381469727,14311.0
2026-08-05 09:30:00,PAAS,,47.72999954223633,47.810001373291016,47.20000076293945,47.290000915527344,312772.0
2026-08-05 09:30:00,PACB,,1.4299999475479126,1.440000057220459,1.4199999570846558,1.440000057220459,79749.0
2026-08-05 09:30:00,PAGP,,25.389999389648438,25.579999923706055,25.389999389648438,25.579999923706055,15295.0
2026-08-05 09:30:00,PAHC,,36.88999938964844,37.0,36.88999938964844,37.0,1573.0
2026-08-05 09:30:00,PALI,,2.069999933242798,2.069999933242798,2.049999952316284,2.049999952316284,8152.0
2026-08-05 09:30:00,PANL,,7.449999809265137,7.449999809265137,7.449999809265137,7.449999809265137,4882.0
2026-08-05 09:30:00,PANW,,372.44000244140625,374.99798583984375,369.8999938964844,373.8699951171875,360606.0
2026-08-05 09:30:00,PASG,,4.590000152587891,4.590000152587891,4.590000152587891,4.590000152587891,0.0
2026-08-05 09:30:00,PATK,,87.33499908447266,87.33499908447266,86.33999633789062,86.36000061035156,5009.0
2026-08-05 09:30:00,PAVM,,5.199999809265137,5.199999809265137,5.199999809265137,5.199999809265137,0.0
2026-08-05 09:30:00,PAYO,,7.130000114440918,7.130000114440918,7.119999885559082,7.130000114440918,32679.0
2026-08-05 09:30:00,PAYS,,9.304800033569336,9.390000343322754,9.304800033569336,9.390000343322754,9825.0
2026-08-05 09:30:00,PAYX,,119.27999877929688,119.83999633789062,119.125,119.23999786376953,57080.0
2026-08-05 09:30:00,PBYI,,7.840000152587891,7.840000152587891,7.840000152587891,7.840000152587891,2727.0
2026-08-05 09:30:00,PCAR,,135.4149932861328,136.75999450683594,135.07000732421875,136.75999450683594,55883.0
2026-08-05 09:30:00,PCB,,28.329999923706055,28.329999923706055,28.329999923706055,28.329999923706055,0.0
2026-08-05 09:30:00,PCRX,,25.975000381469727,26.059999465942383,25.354999542236328,26.059999465942383,22516.0
2026-08-05 09:30:00,PCT,,7.150000095367432,7.199999809265137,7.110000133514404,7.199999809265137,60012.0
2026-08-05 09:30:00,PCTY,,150.0,150.0,146.0,150.0,27501.0
2026-08-05 09:30:00,PCYO,,10.649999618530273,10.649999618530273,10.649999618530273,10.649999618530273,1110.0
2026-08-05 09:30:00,PDD,,90.95999908447266,91.83709716796875,90.7300033569336,91.83709716796875,170991.0
2026-08-05 09:30:00,PDFS,,49.80500030517578,50.33000183105469,49.07500076293945,50.31999969482422,6390.0
2026-08-05 09:30:00,PDLB,,20.729999542236328,20.729999542236328,20.65999984741211,20.65999984741211,0.0
2026-08-05 09:30:00,PDSB,,0.7279999852180481,0.7279999852180481,0.7279999852180481,0.7279999852180481,7500.0
2026-08-05 09:30:00,PEBO,,41.83000183105469,41.91999816894531,41.83000183105469,41.91999816894531,2827.0
2026-08-05 09:30:00,PECO,,41.959999084472656,41.959999084472656,41.61000061035156,41.61000061035156,5892.0
2026-08-05 09:30:00,PEGA,,31.87019920349121,32.108001708984375,31.87019920349121,32.108001708984375,17046.0
2026-08-05 09:30:00,PENN,,20.03499984741211,20.040000915527344,20.03499984741211,20.040000915527344,21353.0
2026-08-05 09:30:00,PEP,,139.38999938964844,140.27000427246094,139.38999938964844,140.22999572753906,215689.0
2026-08-05 09:30:00,PEPG,,1.9600000381469727,1.9600000381469727,1.9600000381469727,1.9600000381469727,8009.0
2026-08-05 09:30:00,PERI,,9.720000267028809,9.720000267028809,9.720000267028809,9.720000267028809,3921.0
2026-08-05 09:30:00,PESI,,17.809999465942383,17.920000076293945,17.809999465942383,17.920000076293945,13910.0
2026-08-05 09:30:00,PETS,,2.0,2.0,2.0,2.0,834.0
2026-08-05 09:30:00,PFBC,,106.91000366210938,106.91000366210938,106.91000366210938,106.91000366210938,0.0
2026-08-05 09:30:00,PFG,,115.25499725341797,116.0,114.88999938964844,115.98999786376953,20820.0
2026-08-05 09:30:00,PGEN,,6.909999847412109,7.079999923706055,6.820000171661377,7.059999942779541,645412.0
2026-08-05 09:30:00,PGNY,,31.434999465942383,31.434999465942383,31.329999923706055,31.329999923706055,21408.0
2026-08-05 09:30:00,PGY,,22.06170082092285,22.280000686645508,21.959999084472656,22.280000686645508,75650.0
2026-08-05 09:30:00,PGYWW,,0.03500000014901161,0.03500000014901161,0.03500000014901161,0.03500000014901161,0.0
2026-08-05 09:30:00,PHAR,,10.65999984741211,10.65999984741211,10.65999984741211,10.65999984741211,812.0
2026-08-05 09:30:00,PHAT,,8.489999771118164,8.510000228881836,8.479999542236328,8.489999771118164,29187.0
2026-08-05 09:30:00,PHUN,,2.190000057220459,2.190000057220459,2.190000057220459,2.190000057220459,0.0
2026-08-05 09:30:00,PHVS,,34.130001068115234,34.130001068115234,34.130001068115234,34.130001068115234,2078.0
2026-08-05 09:30:00,PIII,,10.354999542236328,10.354999542236328,10.354999542236328,10.354999542236328,477.0
2026-08-05 09:30:00,PKOH,,41.40999984741211,41.40999984741211,41.40999984741211,41.40999984741211,1459.0
2026-08-05 09:30:00,PLAB,,32.0099983215332,32.0099983215332,32.0099983215332,32.0099983215332,12352.0
2026-08-05 09:30:00,PLBY,,1.2400000095367432,1.2400000095367432,1.2400000095367432,1.2400000095367432,13010.0
2026-08-05 09:30:00,PLMR,,135.97000122070312,136.1199951171875,135.97000122070312,136.11000061035156,5206.0
2026-08-05 09:30:00,PLRX,,1.0549999475479126,1.059999942779541,1.0549999475479126,1.059999942779541,11727.0
2026-08-05 09:30:00,PLSE,,37.744998931884766,37.78139877319336,37.744998931884766,37.78139877319336,3735.0
2026-08-05 09:30:00,PLTK,,4.050000190734863,4.070000171661377,4.050000190734863,4.070000171661377,10366.0
2026-08-05 09:30:00,PLUG,,2.139899969100952,2.140000104904175,2.109999895095825,2.109999895095825,2216140.0
2026-08-05 09:30:00,PLUR,,1.7000000476837158,1.7100000381469727,1.7000000476837158,1.7000000476837158,23536.0
2026-08-05 09:30:00,PLXS,,275.17999267578125,275.25,275.17999267578125,275.25,3352.0
2026-08-05 09:30:00,PMCB,,0.609499990940094,0.609499990940094,0.609499990940094,0.609499990940094,349.0
2026-08-05 09:30:00,PMN,,13.529999732971191,13.529999732971191,13.529999732971191,13.529999732971191,758.0
2026-08-05 09:30:00,PMVP,,1.1799999475479126,1.1799999475479126,1.1799999475479126,1.1799999475479126,2538.0
2026-08-05 09:30:00,PNBK,,1.1401000022888184,1.149999976158142,1.1401000022888184,1.149999976158142,1892.0
2026-08-05 09:30:00,PNFP,,108.84500122070312,109.98999786376953,108.84500122070312,109.73999786376953,5837.0
2026-08-05 09:30:00,PNTG,,38.5,38.5,38.5,38.5,3946.0
2026-08-05 09:30:00,POET,,8.329999923706055,8.390000343322754,8.190999984741211,8.234999656677246,920251.0
2026-08-05 09:30:00,POLA,,1.899999976158142,1.899999976158142,1.8899999856948853,1.8899999856948853,3950.0
2026-08-05 09:30:00,POOL,,202.5500030517578,203.30499267578125,202.5500030517578,203.3000030517578,6211.0
2026-08-05 09:30:00,POWI,,63.36000061035156,63.68000030517578,63.36000061035156,63.36000061035156,8221.0
2026-08-05 09:30:00,POWL,,207.44000244140625,209.89999389648438,205.90260314941406,206.8000030517578,23515.0
2026-08-05 09:30:00,PPC,,27.260000228881836,27.260000228881836,27.260000228881836,27.260000228881836,10154.0
2026-08-05 09:30:00,PPIH,,26.0,26.0,25.959999084472656,25.959999084472656,0.0
2026-08-05 09:30:00,PPSI,,3.0799999237060547,3.0799999237060547,3.0799999237060547,3.0799999237060547,2619.0
2026-08-05 09:30:00,PPTA,,22.0049991607666,22.040000915527344,21.84000015258789,21.93000030517578,77530.0
2026-08-05 09:30:00,PRAA,,17.6299991607666,17.6299991607666,17.6299991607666,17.6299991607666,3572.0
2026-08-05 09:30:00,PRAX,,315.6499938964844,315.6499938964844,308.4150085449219,314.5,2345.0
2026-08-05 09:30:00,PRCH,,16.2549991607666,16.540000915527344,16.100099563598633,16.540000915527344,46433.0
2026-08-05 09:30:00,PRCT,,17.860000610351562,18.095399856567383,17.420000076293945,17.472999572753906,337433.0
2026-08-05 09:30:00,PRDO,,33.310001373291016,33.310001373291016,33.310001373291016,33.310001373291016,4560.0
2026-08-05 09:30:00,PRGS,,41.970001220703125,41.970001220703125,41.970001220703125,41.970001220703125,0.0
2026-08-05 09:30:00,PRIM,,90.93000030517578,92.247802734375,90.93000030517578,90.9800033569336,25096.0
2026-08-05 09:30:00,PRLD,,4.510000228881836,4.510000228881836,4.369999885559082,4.369999885559082,0.0
2026-08-05 09:30:00,PRME,,2.941999912261963,2.9800000190734863,2.941999912261963,2.9800000190734863,58333.0
2026-08-05 09:30:00,PROF,,8.380000114440918,8.380000114440918,8.380000114440918,8.380000114440918,0.0
2026-08-05 09:30:00,PROK,,1.6699999570846558,1.6699999570846558,1.649999976158142,1.649999976158142,11430.0
2026-08-05 09:30:00,PROV,,18.049999237060547,18.049999237060547,18.049999237060547,18.049999237060547,0.0
2026-08-05 09:30:00,PRPL,,9.75,9.760000228881836,9.75,9.760000228881836,0.0
2026-08-05 09:30:00,PRQR,,1.8799999952316284,1.8799999952316284,1.8799999952316284,1.8799999952316284,29069.0
2026-08-05 09:30:00,PRSO,,0.6985999941825867,0.6985999941825867,0.6985999941825867,0.6985999941825867,16860.0
2026-08-05 09:30:00,PRTA,,8.489999771118164,8.489999771118164,8.489999771118164,8.489999771118164,2898.0
2026-08-05 09:30:00,PRTH,,6.800000190734863,6.800000190734863,6.800000190734863,6.800000190734863,8704.0
2026-08-05 09:30:00,PRVA,,23.790000915527344,23.850000381469727,23.790000915527344,23.850000381469727,8785.0
2026-08-05 09:30:00,PRZO,,0.5407999753952026,0.5407999753952026,0.5407999753952026,0.5407999753952026,30711.0
2026-08-05 09:30:00,PSEC,,2.25,2.259999990463257,2.2300000190734863,2.244999885559082,368826.0
2026-08-05 09:30:00,PSHG,,1.7699999809265137,1.7699999809265137,1.7699999809265137,1.7699999809265137,2235.0
2026-08-05 09:30:00,PSMT,,196.07000732421875,196.07000732421875,196.07000732421875,196.07000732421875,7760.0
2026-08-05 09:30:00,PSNL,,13.399999618530273,13.4399995803833,13.399999618530273,13.4399995803833,12814.0
2026-08-05 09:30:00,PSNY,,14.649999618530273,14.649999618530273,14.649999618530273,14.649999618530273,3605.0
2026-08-05 09:30:00,PTC,,143.30499267578125,144.58999633789062,142.8699951171875,143.55999755859375,11783.0
2026-08-05 09:30:00,PTCT,,69.20999908447266,69.20999908447266,69.20999908447266,69.20999908447266,18029.0
2026-08-05 09:30:00,PTEN,,10.119999885559082,10.15999984741211,10.109999656677246,10.109999656677246,60669.0
2026-08-05 09:30:00,PTGX,,137.22999572753906,137.49000549316406,137.22999572753906,137.49000549316406,13721.0
2026-08-05 09:30:00,PTLO,,4.550000190734863,4.550000190734863,4.5,4.5,26478.0
2026-08-05 09:30:00,PTON,,6.550000190734863,6.579999923706055,6.519999980926514,6.570000171661377,93433.0
2026-08-05 09:30:00,PUBM,,13.795000076293945,13.930000305175781,13.795000076293945,13.930000305175781,10076.0
2026-08-05 09:30:00,PWP,,17.530000686645508,17.530000686645508,17.270000457763672,17.280000686645508,0.0
2026-08-05 09:30:00,PXS,,4.849999904632568,4.849999904632568,4.849999904632568,4.849999904632568,0.0
2026-08-05 09:30:00,PYPD,,4.409999847412109,4.460000038146973,4.409999847412109,4.460000038146973,735.0
2026-08-05 09:30:00,PYPL,,59.281700134277344,59.29999923706055,58.77000045776367,59.06829833984375,394812.0
2026-08-05 09:30:00,PYXS,,3.190000057220459,3.200000047683716,3.190000057220459,3.200000047683716,40599.0
2026-08-05 09:30:00,PZZA,,30.792999267578125,30.792999267578125,30.719999313354492,30.719999313354492,7012.0
2026-08-05 09:30:00,QCOM,,159.6300048828125,161.97000122070312,159.39999389648438,161.3000030517578,467933.0
2026-08-05 09:30:00,QFIN,,13.59000015258789,13.600000381469727,13.59000015258789,13.59000015258789,8106.0
2026-08-05 09:30:00,QQQX,,30.719999313354492,30.719999313354492,30.690000534057617,30.690000534057617,6326.0
2026-08-05 09:30:00,QRVO,,94.04000091552734,95.2699966430664,94.04000091552734,95.2699966430664,77467.0
2026-08-05 09:30:00,SEED,,0.8984000086784363,0.9279999732971191,0.8651999831199646,0.9100000262260437,7255873.0
2026-08-05 09:30:00,STIM,,2.319999933242798,2.3264999389648438,2.309999942779541,2.319999933242798,43124.0
2026-08-05 09:30:00,TARA,,4.03000020980835,4.03000020980835,4.03000020980835,4.03000020980835,4982.0
2026-08-05 09:30:00,WOOF,,2.9709999561309814,2.984999895095825,2.9619998931884766,2.9619998931884766,41170.0
2026-08-05 09:31:00,ACDC,,4.15500020980835,4.15500020980835,4.15500020980835,4.15500020980835,2517.0
2026-08-05 09:31:00,BPOP,,177.10499572753906,177.10499572753906,177.10499572753906,177.10499572753906,5241.0
2026-08-05 09:31:00,CNXN,,85.63790130615234,85.78500366210938,85.62000274658203,85.72000122070312,1985.0
2026-08-05 09:31:00,CPOP,,0.35659998655319214,0.35659998655319214,0.35510000586509705,0.35510000586509705,1670.0
2026-08-05 09:31:00,EYE,,23.450000762939453,23.450000762939453,23.440000534057617,23.440000534057617,662.0
2026-08-05 09:31:00,FIZZ,,32.17499923706055,32.17499923706055,32.165000915527344,32.165000915527344,600.0
2026-08-05 09:31:00,FRST,,16.440000534057617,16.440000534057617,16.420000076293945,16.420000076293945,1082.0
2026-08-05 09:31:00,GLUE,,16.44499969482422,16.44499969482422,16.44499969482422,16.44499969482422,211.0
2026-08-05 09:31:00,KIDS,,21.0,21.360000610351562,21.0,21.360000610351562,968.0
2026-08-05 09:31:00,KITT,,1.0499999523162842,1.0994999408721924,1.0499999523162842,1.0994999408721924,6230.0
2026-08-05 09:31:00,MBRX,,0.4020000100135803,0.4020000100135803,0.4018999934196472,0.4020000100135803,500.0
2026-08-05 09:31:00,MDB,,384.6000061035156,387.1400146484375,382.79400634765625,382.79400634765625,1252.0
2026-08-05 09:31:00,MDLZ,,61.849998474121094,62.25,61.81999969482422,62.21500015258789,17240.0
2026-08-05 09:31:00,MLTX,,17.82670021057129,17.82670021057129,17.82670021057129,17.82670021057129,2441.0
2026-08-05 09:31:00,MNST,,94.41999816894531,94.86000061035156,94.3499984741211,94.71499633789062,12927.0
2026-08-05 09:31:00,MNTS,,4.499899864196777,4.499899864196777,4.432499885559082,4.480000019073486,5599.0
2026-08-05 09:31:00,MODD,,2.1500000953674316,2.3299999237060547,2.1500000953674316,2.3299999237060547,922.0
2026-08-05 09:31:00,MPAA,,13.539999961853027,13.539999961853027,13.539999961853027,13.539999961853027,200.0
2026-08-05 09:31:00,MPWR,,1333.0799560546875,1341.5799560546875,1322.3050537109375,1324.56005859375,2148.0
2026-08-05 09:31:00,MRNA,,57.79990005493164,57.80550003051758,57.5,57.529998779296875,6096.0
2026-08-05 09:31:00,MSGM,,4.389999866485596,4.389999866485596,4.389999866485596,4.389999866485596,0.0
2026-08-05 09:31:00,MYGN,,3.0999999046325684,3.0999999046325684,3.0799999237060547,3.0975000858306885,4161.0
2026-08-05 09:31:00,MYPS,,0.7585999965667725,0.7585999965667725,0.7585999965667725,0.7585999965667725,427.0
2026-08-05 09:31:00,MYRG,,345.2650146484375,345.2650146484375,345.2650146484375,345.2650146484375,239.0
2026-08-05 09:31:00,NAMS,,27.270000457763672,27.270000457763672,27.1299991607666,27.1299991607666,1769.0
2026-08-05 09:31:00,NAUT,,1.0098999738693237,1.0099999904632568,1.0098999738693237,1.0099999904632568,741.0
2026-08-05 09:31:00,NAVI,,9.3149995803833,9.329999923706055,9.3149995803833,9.329999923706055,1619.0
2026-08-05 09:31:00,NB,,5.2820000648498535,5.320000171661377,5.271699905395508,5.28000020980835,22667.0
2026-08-05 09:31:00,NBIX,,167.0,168.00999450683594,167.0,167.44000244140625,6473.0
2026-08-05 09:31:00,NBTB,,53.78499984741211,53.78499984741211,53.78499984741211,53.78499984741211,759.0
2026-08-05 09:31:00,NBTX,,40.834999084472656,40.834999084472656,40.834999084472656,40.834999084472656,101.0
2026-08-05 09:31:00,NDAQ,,94.99600219726562,95.0,94.68000030517578,95.0,12459.0
2026-08-05 09:31:00,NDSN,,310.95001220703125,310.95001220703125,310.95001220703125,310.95001220703125,103.0
2026-08-05 09:31:00,NEGG,,15.25,15.25,15.25,15.25,978.0
2026-08-05 09:31:00,NEO,,16.239999771118164,16.270000457763672,16.200000762939453,16.200000762939453,1356.0
2026-08-05 09:31:00,NEOG,,11.670000076293945,11.670000076293945,11.569999694824219,11.579999923706055,31298.0
2026-08-05 09:31:00,NEOV,,2.7899999618530273,2.819999933242798,2.6549999713897705,2.680000066757202,110747.0
2026-08-05 09:31:00,NESR,,29.15999984741211,29.15999984741211,28.969999313354492,28.969999313354492,1742.0
2026-08-05 09:31:00,NEWT,,15.550000190734863,15.550000190734863,15.520000457763672,15.520000457763672,1156.0
2026-08-05 09:31:00,NEXT,,6.53000020980835,6.550000190734863,6.53000020980835,6.550000190734863,1425.0
2026-08-05 09:31:00,NFE,,0.3384999930858612,0.3384999930858612,0.3384999930858612,0.3384999930858612,7558.0
2026-08-05 09:31:00,NFLX,,74.30000305175781,74.83000183105469,74.20999908447266,74.70999908447266,212576.0
2026-08-05 09:31:00,NICE,,94.9800033569336,95.11000061035156,94.41999816894531,94.41999816894531,21901.0
2026-08-05 09:31:00,NIU,,2.5450000762939453,2.5450000762939453,2.5450000762939453,2.5450000762939453,500.0
2026-08-05 09:31:00,NKTR,,73.05000305175781,73.4000015258789,73.0199966430664,73.4000015258789,2977.0
2026-08-05 09:31:00,NKTX,,2.25,2.259999990463257,2.25,2.259999990463257,12010.0
2026-08-05 09:31:00,NMIH,,44.64500045776367,44.83000183105469,44.64500045776367,44.83000183105469,1477.0
2026-08-05 09:31:00,NMRK,,15.819999694824219,15.895000457763672,15.819999694824219,15.895000457763672,1485.0
2026-08-05 09:31:00,NN,,13.899999618530273,13.930000305175781,13.864999771118164,13.864999771118164,1472.0
2026-08-05 09:31:00,NNDM,,1.5950000286102295,1.5950000286102295,1.5750000476837158,1.5750000476837158,13964.0
2026-08-05 09:31:00,NNOX,,1.0700000524520874,1.0700000524520874,1.065000057220459,1.065000057220459,2373.0
2026-08-05 09:31:00,NRIX,,25.010000228881836,25.010000228881836,24.850000381469727,24.850000381469727,29060.0
2026-08-05 09:31:00,NRXP,,2.9800000190734863,2.9800000190734863,2.9800000190734863,2.9800000190734863,698.0
2026-08-05 09:31:00,NTAP,,189.65499877929688,189.7100067138672,189.65499877929688,189.65499877929688,3024.0
2026-08-05 09:31:00,NTCT,,42.154998779296875,42.15999984741211,42.150001525878906,42.15999984741211,0.0
2026-08-05 09:31:00,NTES,,127.94999694824219,128.08999633789062,127.91999816894531,128.08999633789062,3732.0
2026-08-05 09:31:00,NTNX,,62.7400016784668,62.82500076293945,62.47999954223633,62.82500076293945,4815.0
2026-08-05 09:31:00,NTRA,,277.9800109863281,278.0,276.0,276.0,2161.0
2026-08-05 09:31:00,NTRS,,185.44000244140625,185.6300048828125,184.99000549316406,185.0,2543.0
2026-08-05 09:31:00,NUTX,,158.5,158.5,158.5,158.5,3972.0
2026-08-05 09:31:00,NUWE,,1.774999976158142,1.7799999713897705,1.774999976158142,1.7799999713897705,7556.0
2026-08-05 09:31:00,NVAX,,7.710000038146973,7.710000038146973,7.695000171661377,7.695000171661377,3790.0
2026-08-05 09:31:00,NVDA,,219.14500427246094,219.3699951171875,217.85000610351562,217.94000244140625,1514230.0
2026-08-05 09:31:00,NVMI,,408.44000244140625,408.44000244140625,406.1050109863281,406.1050109863281,1267.0
2026-08-05 09:31:00,NVTS,,12.600000381469727,12.609999656677246,12.489999771118164,12.520000457763672,105705.0
2026-08-05 09:31:00,NWBI,,15.960000038146973,16.040000915527344,15.960000038146973,16.040000915527344,3277.0
2026-08-05 09:31:00,NWL,,6.065000057220459,6.085000038146973,6.059999942779541,6.059999942779541,14033.0
2026-08-05 09:31:00,NWS,,32.56999969482422,32.95500183105469,32.56999969482422,32.95500183105469,6289.0
2026-08-05 09:31:00,NWSA,,28.40999984741211,28.524999618530273,28.40999984741211,28.4950008392334,14712.0
2026-08-05 09:31:00,NXPI,,235.35499572753906,235.44000244140625,233.86000061035156,234.5399932861328,5512.0
2026-08-05 09:31:00,NXST,,196.60499572753906,196.60499572753906,196.60499572753906,196.60499572753906,158.0
2026-08-05 09:31:00,NXT,,97.831298828125,98.80999755859375,97.831298828125,98.80999755859375,5675.0
2026-08-05 09:31:00,NXTC,,5.730000019073486,5.730000019073486,5.730000019073486,5.730000019073486,626.0
2026-08-05 09:31:00,NYXH,,1.4800000190734863,1.4800000190734863,1.4800000190734863,1.4800000190734863,874.0
2026-08-05 09:31:00,OBT,,38.68000030517578,38.68000030517578,38.68000030517578,38.68000030517578,0.0
2026-08-05 09:31:00,OCC,,15.8100004196167,15.8100004196167,15.5600004196167,15.5600004196167,888.0
2026-08-05 09:31:00,OCCI,,2.4997000694274902,2.4997000694274902,2.4997000694274902,2.4997000694274902,2994.0
2026-08-05 09:31:00,OCFC,,19.68000030517578,19.854999542236328,19.68000030517578,19.854999542236328,3058.0
2026-08-05 09:31:00,OCGN,,1.3199000358581543,1.3200000524520874,1.315000057220459,1.315000057220459,3124.0
2026-08-05 09:31:00,OCSL,,12.225000381469727,12.260000228881836,12.225000381469727,12.25,3191.0
2026-08-05 09:31:00,OCUL,,8.720000267028809,8.720000267028809,8.649999618530273,8.649999618530273,5116.0
2026-08-05 09:31:00,ODD,,15.229999542236328,15.229999542236328,15.229999542236328,15.229999542236328,123.0
2026-08-05 09:31:00,ODFL,,219.29139709472656,219.29139709472656,218.49000549316406,218.49000549316406,3526.0
2026-08-05 09:31:00,OESX,,14.244999885559082,14.375,14.109999656677246,14.109999656677246,3910.0
2026-08-05 09:31:00,OFIX,,11.109999656677246,11.399999618530273,11.0,11.399999618530273,4470.0
2026-08-05 09:31:00,OGI,,0.9700000286102295,0.9700000286102295,0.9700000286102295,0.9700000286102295,546.0
2026-08-05 09:31:00,OKTA,,150.5399932861328,150.8000030517578,149.6199951171875,149.6199951171875,19316.0
2026-08-05 09:31:00,OLLI,,77.5250015258789,77.66000366210938,77.40499877929688,77.58999633789062,2171.0
2026-08-05 09:31:00,OMCL,,36.810001373291016,36.959999084472656,36.810001373291016,36.959999084472656,1565.0
2026-08-05 09:31:00,OMER,,13.0,13.0,12.989999771118164,12.989999771118164,4158.0
2026-08-05 09:31:00,OMEX,,0.7286999821662903,0.7286999821662903,0.7286999821662903,0.7286999821662903,888.0
2026-08-05 09:31:00,OMH,,0.11150000244379044,0.11159999668598175,0.11150000244379044,0.11150000244379044,1763.0
2026-08-05 09:31:00,ON,,78.52999877929688,78.80500030517578,77.81999969482422,78.22000122070312,46432.0
2026-08-05 09:31:00,ONB,,27.1299991607666,27.239999771118164,27.1299991607666,27.239999771118164,2989.0
2026-08-05 09:31:00,ONBPP,,24.790000915527344,24.790000915527344,24.790000915527344,24.790000915527344,1510.0
2026-08-05 09:31:00,ONCY,,0.8054999709129333,0.8054999709129333,0.8054999709129333,0.8054999709129333,1000.0
2026-08-05 09:31:00,ONDS,,9.069999694824219,9.130000114440918,8.969499588012695,8.989999771118164,782574.0
2026-08-05 09:31:00,ONFO,,0.08340000361204147,0.08449999988079071,0.08340000361204147,0.08449999988079071,240113.0
2026-08-05 09:31:00,OPCH,,23.360000610351562,23.604999542236328,23.360000610351562,23.604999542236328,1691.0
2026-08-05 09:31:00,OPEN,,3.7899999618530273,4.0,3.765000104904175,3.9600000381469727,927579.0
2026-08-05 09:31:00,OPK,,1.3049999475479126,1.3049999475479126,1.2999999523162842,1.2999999523162842,1241.0
2026-08-05 09:31:00,OPRX,,6.800000190734863,6.840000152587891,6.800000190734863,6.840000152587891,965.0
2026-08-05 09:31:00,ORIC,,13.869999885559082,13.869999885559082,13.649999618530273,13.699999809265137,9476.0
2026-08-05 09:31:00,ORLY,,92.25,92.54000091552734,92.2300033569336,92.25,14441.0
2026-08-05 09:31:00,ORMP,,4.440000057220459,4.440000057220459,4.440000057220459,4.440000057220459,100.0
2026-08-05 09:31:00,OSBC,,25.844999313354492,25.920000076293945,25.844999313354492,25.920000076293945,946.0
2026-08-05 09:31:00,OSIS,,237.14999389648438,237.14999389648438,237.14999389648438,237.14999389648438,151.0
2026-08-05 09:31:00,OSPN,,17.799999237060547,18.020000457763672,17.59000015258789,17.59000015258789,6328.0
2026-08-05 09:31:00,OSS,,12.579999923706055,12.579999923706055,12.000100135803223,12.005000114440918,20563.0
2026-08-05 09:31:00,OTEX,,26.375,26.55500030517578,26.375,26.55500030517578,2356.0
2026-08-05 09:31:00,OTLK,,0.9739999771118164,0.9739999771118164,0.9606999754905701,0.9606999754905701,22086.0
2026-08-05 09:31:00,OTLY,,14.289600372314453,14.479999542236328,14.289600372314453,14.479999542236328,1815.0
2026-08-05 09:31:00,OTTR,,92.62999725341797,92.62999725341797,92.44999694824219,92.44999694824219,6109.0
2026-08-05 09:31:00,OVID,,2.5139999389648438,2.515000104904175,2.5139999389648438,2.515000104904175,1712.0
2026-08-05 09:31:00,OXLC,,9.1899995803833,9.199999809265137,9.1899995803833,9.199999809265137,1722.0
2026-08-05 09:31:00,OXSQ,,1.5049999952316284,1.5049999952316284,1.5049999952316284,1.5049999952316284,5787.0
2026-08-05 09:31:00,PAA,,23.3700008392334,23.5,23.3700008392334,23.5,10028.0
2026-08-05 09:31:00,PAAS,,47.65999984741211,48.099998474121094,47.650001525878906,47.755001068115234,88924.0
2026-08-05 09:31:00,PACB,,1.4199999570846558,1.4200999736785889,1.4199999570846558,1.4199999570846558,14699.0
2026-08-05 09:31:00,PAGP,,25.325000762939453,25.325000762939453,25.31999969482422,25.31999969482422,4710.0
2026-08-05 09:31:00,PALI,,2.0799999237060547,2.0799999237060547,2.0799999237060547,2.0799999237060547,200.0
2026-08-05 09:31:00,PANW,,372.9599914550781,374.3599853515625,370.8500061035156,372.44000244140625,30894.0
2026-08-05 09:31:00,PATK,,85.9800033569336,85.9800033569336,85.5999984741211,85.5999984741211,729.0
2026-08-05 09:31:00,PAX,,11.635000228881836,11.635000228881836,11.574999809265137,11.574999809265137,3843.0
2026-08-05 09:31:00,PAYO,,7.130300045013428,7.139999866485596,7.130000114440918,7.135000228881836,12632.0
2026-08-05 09:31:00,PAYX,,118.73999786376953,118.73999786376953,118.68000030517578,118.73999786376953,1241.0
2026-08-05 09:31:00,PCAR,,135.47500610351562,135.61000061035156,135.35000610351562,135.5500030517578,3478.0
2026-08-05 09:31:00,PCT,,7.149099826812744,7.149799823760986,7.130000114440918,7.130000114440918,24470.0
2026-08-05 09:31:00,PCTY,,146.3249969482422,148.10000610351562,145.9199981689453,147.0500030517578,8756.0
2026-08-05 09:31:00,PDD,,91.30000305175781,91.37000274658203,90.87000274658203,90.87000274658203,17281.0
2026-08-05 09:31:00,PECO,,41.36000061035156,41.58000183105469,41.36000061035156,41.58000183105469,5337.0
2026-08-05 09:31:00,PEGA,,31.93000030517578,31.93000030517578,31.93000030517578,31.93000030517578,685.0
2026-08-05 09:31:00,PEP,,138.9499969482422,139.45750427246094,138.85000610351562,139.4199981689453,25794.0
2026-08-05 09:31:00,PERI,,9.739999771118164,9.75,9.710000038146973,9.729999542236328,2502.0
2026-08-05 09:31:00,PESI,,17.829999923706055,18.0,17.829999923706055,17.989999771118164,9337.0
2026-08-05 09:31:00,PFG,,116.2699966430664,116.2699966430664,116.2699966430664,116.2699966430664,456.0
2026-08-05 09:31:00,PGEN,,6.940000057220459,7.150000095367432,6.909999847412109,6.909999847412109,147138.0
2026-08-05 09:31:00,PGY,,22.01099967956543,22.059999465942383,21.936500549316406,21.936500549316406,7335.0
2026-08-05 09:31:00,PHAT,,8.510000228881836,8.51099967956543,8.510000228881836,8.510000228881836,4985.0
2026-08-05 09:31:00,PLAB,,32.19990158081055,32.19990158081055,32.029998779296875,32.029998779296875,871.0
2026-08-05 09:31:00,PLBC,,60.69499969482422,60.69499969482422,60.69499969482422,60.69499969482422,0.0
2026-08-05 09:31:00,PLMR,,135.6699981689453,135.6699981689453,135.6699981689453,135.6699981689453,3865.0
2026-08-05 09:31:00,PLPC,,430.2699890136719,430.2699890136719,430.2699890136719,430.2699890136719,8281.0
2026-08-05 09:31:00,PLRX,,1.0549999475479126,1.0549999475479126,1.0549999475479126,1.0549999475479126,1314.0
2026-08-05 09:31:00,PLTK,,4.010000228881836,4.019999980926514,4.010000228881836,4.019999980926514,5520.0
2026-08-05 09:31:00,PLUG,,2.130000114440918,2.140000104904175,2.119999885559082,2.130000114440918,174427.0
2026-08-05 09:31:00,PNBK,,1.1399999856948853,1.149999976158142,1.1399999856948853,1.149999976158142,656.0
2026-08-05 09:31:00,PNFP,,108.86000061035156,110.0,108.86000061035156,109.98999786376953,1886.0
2026-08-05 09:31:00,PNTG,,38.0099983215332,38.0099983215332,38.0099983215332,38.0099983215332,251.0
2026-08-05 09:31:00,POET,,8.319999694824219,8.380000114440918,8.319999694824219,8.34000015258789,36809.0
2026-08-05 09:31:00,POWL,,208.94000244140625,210.35499572753906,208.94000244140625,209.0,3037.0
2026-08-05 09:31:00,PPTA,,22.149999618530273,22.299999237060547,22.049999237060547,22.049999237060547,14081.0
2026-08-05 09:31:00,PRCH,,16.385000228881836,16.459999084472656,16.385000228881836,16.40999984741211,3070.0
2026-08-05 09:31:00,PRCT,,17.299999237060547,17.84000015258789,17.1200008392334,17.84000015258789,25910.0
2026-08-05 09:31:00,PRGS,,41.79999923706055,41.900001525878906,41.79999923706055,41.900001525878906,2724.0
2026-08-05 09:31:00,PRIM,,90.93000030517578,90.93000030517578,90.93000030517578,90.93000030517578,531.0
2026-08-05 09:31:00,PRME,,2.94569993019104,2.950000047683716,2.94569993019104,2.950000047683716,746.0
2026-08-05 09:31:00,PROF,,8.4399995803833,8.4399995803833,8.4399995803833,8.4399995803833,200.0
2026-08-05 09:31:00,PROK,,1.659999966621399,1.659999966621399,1.659999966621399,1.659999966621399,1570.0
2026-08-05 09:31:00,PRQR,,1.8899999856948853,1.8899999856948853,1.8799999952316284,1.8799999952316284,50616.0
2026-08-05 09:31:00,PRSO,,0.6965000033378601,0.6965000033378601,0.6965000033378601,0.6965000033378601,5030.0
2026-08-05 09:31:00,PRTA,,8.529999732971191,8.539999961853027,8.520000457763672,8.520000457763672,1300.0
2026-08-05 09:31:00,PRTH,,6.800000190734863,6.800000190734863,6.78000020980835,6.78000020980835,4174.0
2026-08-05 09:31:00,PRZO,,0.5450000166893005,0.5450000166893005,0.5450000166893005,0.5450000166893005,1047.0
2026-08-05 09:31:00,PSEC,,2.255000114440918,2.255000114440918,2.240000009536743,2.25,3964.0
2026-08-05 09:31:00,PSNL,,13.350000381469727,13.350000381469727,13.350000381469727,13.350000381469727,328.0
2026-08-05 09:31:00,PTC,,142.80499267578125,143.72000122070312,142.58999633789062,143.07249450683594,3897.0
2026-08-05 09:31:00,PTCT,,69.72000122070312,69.72000122070312,69.72000122070312,69.72000122070312,546.0
2026-08-05 09:31:00,PTEN,,10.020000457763672,10.119999885559082,10.0,10.119999885559082,21267.0
2026-08-05 09:31:00,PTGX,,137.4250030517578,137.4250030517578,137.39999389648438,137.39999389648438,1329.0
2026-08-05 09:31:00,PTLO,,4.519999980926514,4.559999942779541,4.519999980926514,4.559999942779541,9003.0
2026-08-05 09:31:00,PTON,,6.550000190734863,6.579999923706055,6.550000190734863,6.550000190734863,12112.0
2026-08-05 09:31:00,PWP,,17.510000228881836,17.510000228881836,17.325000762939453,17.325000762939453,392.0
2026-08-05 09:31:00,PYPL,,59.040000915527344,59.400001525878906,58.97999954223633,59.2599983215332,55634.0
2026-08-05 09:31:00,PYXS,,3.1784000396728516,3.1900999546051025,3.1784000396728516,3.1900999546051025,1672.0
2026-08-05 09:31:00,PZZA,,30.850000381469727,30.850000381469727,30.850000381469727,30.850000381469727,70.0
2026-08-05 09:31:00,QCOM,,160.3350067138672,160.5,159.39999389648438,159.5500030517578,17289.0
2026-08-05 09:31:00,QFIN,,13.420000076293945,13.520000457763672,13.40999984741211,13.510000228881836,11652.0
2026-08-05 09:31:00,QRVO,,94.19000244140625,94.29000091552734,94.19000244140625,94.29000091552734,1024.0
2026-08-05 09:31:00,SEED,,0.9075000286102295,0.9075000286102295,0.8974999785423279,0.8974999785423279,4147.0
2026-08-05 09:31:00,STIM,,2.3289999961853027,2.3299999237060547,2.319999933242798,2.319999933242798,9279.0
2026-08-05 09:31:00,TARA,,4.039999961853027,4.039999961853027,4.039999961853027,4.039999961853027,299.0
2026-08-05 09:31:00,WOOF,,2.9600000381469727,2.9700000286102295,2.9600000381469727,2.9700000286102295,4692.0
2026-08-05 09:32:00,ACDC,,4.184999942779541,4.190000057220459,4.15500020980835,4.15500020980835,5424.0
2026-08-05 09:32:00,BPOP,,177.10499572753906,177.10499572753906,177.10499572753906,177.10499572753906,419.0
2026-08-05 09:32:00,BPRN,,41.900001525878906,41.900001525878906,41.900001525878906,41.900001525878906,445.0
2026-08-05 09:32:00,EYE,,23.684999465942383,23.684999465942383,23.684999465942383,23.684999465942383,766.0
2026-08-05 09:32:00,FIZZ,,32.13999938964844,32.13999938964844,32.13999938964844,32.13999938964844,110.0
2026-08-05 09:32:00,GLUE,,16.600000381469727,16.600000381469727,16.399999618530273,16.5,2422.0
2026-08-05 09:32:00,KIDS,,21.010000228881836,21.010000228881836,21.010000228881836,21.010000228881836,1090.0
2026-08-05 09:32:00,LUNG,,2.005000114440918,2.005000114440918,2.005000114440918,2.005000114440918,120.0
2026-08-05 09:32:00,MBRX,,0.4020000100135803,0.4020000100135803,0.4018999934196472,0.4020000100135803,11485.0
2026-08-05 09:32:00,MDB,,386.0,386.0,384.8999938964844,384.8999938964844,1944.0
2026-08-05 09:32:00,MDLZ,,61.875,61.88999938964844,61.75,61.84000015258789,19267.0
2026-08-05 09:32:00,MLTX,,17.895000457763672,17.895000457763672,17.895000457763672,17.895000457763672,290.0
2026-08-05 09:32:00,MNST,,94.72000122070312,94.72000122070312,94.41500091552734,94.48999786376953,6292.0
2026-08-05 09:32:00,MNTS,,4.425000190734863,4.499899864196777,4.369999885559082,4.434999942779541,4871.0
2026-08-05 09:32:00,MORN,,203.6199951171875,204.00999450683594,200.47500610351562,204.00999450683594,5067.0
2026-08-05 09:32:00,MOVE,,13.369999885559082,13.369999885559082,12.800000190734863,13.039999961853027,1787.0
2026-08-05 09:32:00,MPWR,,1332.6600341796875,1339.989990234375,1330.5799560546875,1333.0799560546875,1844.0
2026-08-05 09:32:00,MRNA,,57.70000076293945,57.79999923706055,57.36000061035156,57.79990005493164,7812.0
2026-08-05 09:32:00,MYGN,,3.109999895095825,3.109999895095825,3.0927000045776367,3.0999999046325684,4279.0
2026-08-05 09:32:00,MYPS,,0.7210000157356262,0.7210000157356262,0.7089999914169312,0.7089999914169312,1649.0
2026-08-05 09:32:00,NAMS,,27.075000762939453,27.270000457763672,27.075000762939453,27.270000457763672,1612.0
2026-08-05 09:32:00,NAUT,,1.0199999809265137,1.0199999809265137,1.0199999809265137,1.0199999809265137,268.0
2026-08-05 09:32:00,NB,,5.189199924468994,5.260000228881836,5.189199924468994,5.260000228881836,36576.0
2026-08-05 09:32:00,NBIX,,167.43499755859375,167.43499755859375,166.9199981689453,167.11000061035156,1804.0
2026-08-05 09:32:00,NCMI,,4.09499979019165,4.09499979019165,4.09499979019165,4.09499979019165,522.0
2026-08-05 09:32:00,NDAQ,,94.58000183105469,94.79499816894531,94.58000183105469,94.77999877929688,5526.0
2026-08-05 09:32:00,NDLS,,17.860000610351562,17.860000610351562,17.860000610351562,17.860000610351562,100.0
2026-08-05 09:32:00,NDSN,,310.7532043457031,310.7532043457031,310.7532043457031,310.7532043457031,339.0
2026-08-05 09:32:00,NEO,,16.284000396728516,16.284000396728516,16.284000396728516,16.284000396728516,835.0
2026-08-05 09:32:00,NEOG,,11.645000457763672,11.67140007019043,11.645000457763672,11.645999908447266,1500.0
2026-08-05 09:32:00,NEOV,,2.7799999713897705,2.807499885559082,2.734999895095825,2.799999952316284,19724.0
2026-08-05 09:32:00,NESR,,29.209999084472656,29.209999084472656,28.979999542236328,29.15999984741211,2346.0
2026-08-05 09:32:00,NEXT,,6.510000228881836,6.525000095367432,6.510000228881836,6.525000095367432,3918.0
2026-08-05 09:32:00,NFLX,,74.28500366210938,74.28500366210938,74.08000183105469,74.27999877929688,176743.0
2026-08-05 09:32:00,NGNE,,35.27000045776367,35.27000045776367,35.27000045776367,35.27000045776367,259.0
2026-08-05 09:32:00,NICE,,94.08000183105469,95.08999633789062,93.98999786376953,94.54000091552734,12946.0
2026-08-05 09:32:00,NIU,,2.5,2.5,2.5,2.5,300.0
2026-08-05 09:32:00,NKTX,,2.240000009536743,2.250999927520752,2.240000009536743,2.25,11305.0
2026-08-05 09:32:00,NMIH,,44.665000915527344,44.665000915527344,44.665000915527344,44.665000915527344,2441.0
2026-08-05 09:32:00,NMRA,,1.559999942779541,1.590000033378601,1.559999942779541,1.590000033378601,1683.0
2026-08-05 09:32:00,NMRK,,15.8100004196167,15.895000457763672,15.8100004196167,15.895000457763672,1785.0
2026-08-05 09:32:00,NN,,13.789999961853027,13.90999984741211,13.760000228881836,13.859999656677246,5739.0
2026-08-05 09:32:00,NNBR,,3.79010009765625,3.839900016784668,3.7899999618530273,3.839900016784668,10807.0
2026-08-05 09:32:00,NNDM,,1.5800000429153442,1.5950000286102295,1.5800000429153442,1.5950000286102295,21362.0
2026-08-05 09:32:00,NNOX,,1.0700000524520874,1.0700000524520874,1.0700000524520874,1.0700000524520874,1830.0
2026-08-05 09:32:00,NOVT,,155.41000366210938,155.41000366210938,155.41000366210938,155.41000366210938,389.0
2026-08-05 09:32:00,NRIX,,25.3799991607666,25.3799991607666,25.09000015258789,25.170000076293945,9058.0
2026-08-05 09:32:00,NRXP,,2.940000057220459,2.9749999046325684,2.930000066757202,2.9749999046325684,9986.0
2026-08-05 09:32:00,NTAP,,191.28250122070312,191.91000366210938,190.42999267578125,190.42999267578125,7454.0
2026-08-05 09:32:00,NTCT,,42.150001525878906,42.15999984741211,42.150001525878906,42.150001525878906,694.0
2026-08-05 09:32:00,NTES,,128.25999450683594,128.25999450683594,128.0500030517578,128.0500030517578,10543.0
2026-08-05 09:32:00,NTNX,,61.935001373291016,62.4900016784668,61.90999984741211,62.47999954223633,8254.0
2026-08-05 09:32:00,NTRA,,277.32000732421875,277.32000732421875,277.32000732421875,277.32000732421875,234.0
2026-08-05 09:32:00,NTRS,,185.44000244140625,185.44000244140625,185.44000244140625,185.44000244140625,217.0
2026-08-05 09:32:00,NUWE,,1.7700999975204468,1.7799999713897705,1.7699999809265137,1.7710000276565552,7457.0
2026-08-05 09:32:00,NVAX,,7.715000152587891,7.724999904632568,7.690000057220459,7.699999809265137,6128.0
2026-08-05 09:32:00,NVDA,,218.5500030517578,219.60000610351562,218.11000061035156,219.1199951171875,1402781.0
2026-08-05 09:32:00,NVMI,,410.79998779296875,411.07000732421875,410.7900085449219,410.7900085449219,515.0
2026-08-05 09:32:00,NVNI,,1.1699999570846558,1.1699999570846558,1.1699999570846558,1.1699999570846558,160.0
2026-08-05 09:32:00,NVTS,,12.465100288391113,12.646200180053711,12.460100173950195,12.609999656677246,101186.0
2026-08-05 09:32:00,NWBI,,15.920000076293945,15.949999809265137,15.920000076293945,15.949999809265137,971.0
2026-08-05 09:32:00,NWE,,70.04000091552734,70.04000091552734,70.04000091552734,70.04000091552734,505.0
2026-08-05 09:32:00,NWGL,,0.26019999384880066,0.26019999384880066,0.25999999046325684,0.25999999046325684,7998.0
2026-08-05 09:32:00,NWL,,6.070000171661377,6.079999923706055,6.059999942779541,6.059999942779541,10234.0
2026-08-05 09:32:00,NWS,,32.52000045776367,32.57500076293945,32.52000045776367,32.54999923706055,2457.0
2026-08-05 09:32:00,NWSA,,28.309999465942383,28.424999237060547,28.309999465942383,28.424999237060547,3608.0
2026-08-05 09:32:00,NXGL,,0.4361000061035156,0.4361000061035156,0.4361000061035156,0.4361000061035156,73.0
2026-08-05 09:32:00,NXPI,,234.4499969482422,236.4553985595703,234.4499969482422,236.4553985595703,4236.0
2026-08-05 09:32:00,NXT,,97.0199966430664,97.6500015258789,97.0199966430664,97.6500015258789,5740.0
2026-08-05 09:32:00,NYXH,,1.4700000286102295,1.4700000286102295,1.4700000286102295,1.4700000286102295,2000.0
2026-08-05 09:32:00,OCC,,15.5600004196167,15.609999656677246,15.5600004196167,15.609999656677246,1167.0
2026-08-05 09:32:00,OCFC,,19.735000610351562,19.760000228881836,19.670000076293945,19.717500686645508,17985.0
2026-08-05 09:32:00,OCGN,,1.3131999969482422,1.3200000524520874,1.309999942779541,1.309999942779541,5619.0
2026-08-05 09:32:00,OCSL,,12.220000267028809,12.220000267028809,12.21500015258789,12.21500015258789,509.0
2026-08-05 09:32:00,OCUL,,8.6899995803833,8.6899995803833,8.6899995803833,8.6899995803833,456.0
2026-08-05 09:32:00,ODD,,15.09000015258789,15.145000457763672,15.015000343322754,15.09000015258789,2669.0
2026-08-05 09:32:00,ODFL,,218.74000549316406,219.25,218.63499450683594,218.85499572753906,3665.0
2026-08-05 09:32:00,OESX,,14.300600051879883,14.550000190734863,14.244999885559082,14.244999885559082,4783.0
2026-08-05 09:32:00,OFIX,,11.210000038146973,11.210000038146973,11.210000038146973,11.210000038146973,271.0
2026-08-05 09:32:00,OFS,,3.559999942779541,3.559999942779541,3.559999942779541,3.559999942779541,221.0
2026-08-05 09:32:00,OKTA,,149.6300048828125,150.8730010986328,149.6300048828125,150.5399932861328,4352.0
2026-08-05 09:32:00,OLLI,,77.93000030517578,78.0,77.7300033569336,77.7300033569336,3009.0
2026-08-05 09:32:00,OLMA,,11.899999618530273,11.970000267028809,11.899999618530273,11.970000267028809,258.0
2026-08-05 09:32:00,OMCL,,37.05070114135742,37.05070114135742,37.05070114135742,37.05070114135742,373.0
2026-08-05 09:32:00,OMER,,12.960000038146973,13.020000457763672,12.960000038146973,13.020000457763672,3609.0
2026-08-05 09:32:00,OMH,,0.1120000034570694,0.11320000141859055,0.1120000034570694,0.11209999769926071,34499.0
2026-08-05 09:32:00,ON,,78.69999694824219,78.81999969482422,78.25,78.41000366210938,53930.0
2026-08-05 09:32:00,ONB,,27.079999923706055,27.100000381469727,27.079999923706055,27.09000015258789,1818.0
2026-08-05 09:32:00,ONDS,,8.854999542236328,9.069999694824219,8.850000381469727,9.069999694824219,518124.0
2026-08-05 09:32:00,ONFO,,0.0835999995470047,0.08410000056028366,0.0820000022649765,0.08389999717473984,578760.0
2026-08-05 09:32:00,ONMD,,0.7124999761581421,0.7125999927520752,0.7124999761581421,0.7125999927520752,15957.0
2026-08-05 09:32:00,OPCH,,23.360000610351562,23.360000610351562,23.360000610351562,23.360000610351562,624.0
2026-08-05 09:32:00,OPEN,,3.7699999809265137,3.799999952316284,3.75,3.7950000762939453,1095675.0
2026-08-05 09:32:00,OPHC,,8.819999694824219,8.819999694824219,8.819999694824219,8.819999694824219,153.0
2026-08-05 09:32:00,OPRT,,6.034999847412109,6.039999961853027,6.019999980926514,6.039999961853027,2407.0
2026-08-05 09:32:00,OPRX,,6.849999904632568,6.849999904632568,6.849999904632568,6.849999904632568,1416.0
2026-08-05 09:32:00,ORGO,,2.375,2.375,2.375,2.375,635.0
2026-08-05 09:32:00,ORIC,,13.899999618530273,13.980199813842773,13.832799911499023,13.832799911499023,9996.0
2026-08-05 09:32:00,ORLY,,92.49500274658203,92.49500274658203,92.19000244140625,92.31999969482422,9782.0
2026-08-05 09:32:00,ORMP,,4.480000019073486,4.480000019073486,4.449999809265137,4.449999809265137,3957.0
2026-08-05 09:32:00,ORRF,,43.435001373291016,43.435001373291016,43.435001373291016,43.435001373291016,1483.0
2026-08-05 09:32:00,OSIS,,236.98500061035156,236.98500061035156,236.98500061035156,236.98500061035156,514.0
2026-08-05 09:32:00,OSPN,,18.299999237060547,18.299999237060547,17.649999618530273,17.658199310302734,21840.0
2026-08-05 09:32:00,OSS,,12.414999961853027,12.829999923706055,12.390000343322754,12.558899879455566,32101.0
2026-08-05 09:32:00,OSUR,,4.170000076293945,4.170000076293945,4.170000076293945,4.170000076293945,200.0
2026-08-05 09:32:00,OSW,,26.674999237060547,26.674999237060547,26.674999237060547,26.674999237060547,381.0
2026-08-05 09:32:00,OTEX,,26.140100479125977,26.25,26.140100479125977,26.25,16293.0
2026-08-05 09:32:00,OTLK,,0.9799000024795532,0.9800000190734863,0.972100019454956,0.9768000245094299,8623.0
2026-08-05 09:32:00,OTLY,,14.354999542236328,14.354999542236328,14.270000457763672,14.270000457763672,901.0
2026-08-05 09:32:00,OVID,,2.5399999618530273,2.5399999618530273,2.5290000438690186,2.5299999713897705,2058.0
2026-08-05 09:32:00,OXSQ,,1.5,1.5,1.5,1.5,8333.0
2026-08-05 09:32:00,PAA,,23.399999618530273,23.430500030517578,23.3700008392334,23.405000686645508,8693.0
2026-08-05 09:32:00,PAAS,,47.369998931884766,47.77000045776367,47.36000061035156,47.7400016784668,45200.0
2026-08-05 09:32:00,PACB,,1.4200999736785889,1.4249999523162842,1.4200999736785889,1.420199990272522,11559.0
2026-08-05 09:32:00,PALI,,2.0850000381469727,2.0850000381469727,2.0799999237060547,2.0799999237060547,420.0
2026-08-05 09:32:00,PANW,,372.29180908203125,374.3500061035156,371.3299865722656,373.3550109863281,14032.0
2026-08-05 09:32:00,PAX,,11.635000228881836,11.635000228881836,11.635000228881836,11.635000228881836,753.0
2026-08-05 09:32:00,PAYO,,7.130000114440918,7.135000228881836,7.130000114440918,7.135000228881836,11232.0
2026-08-05 09:32:00,PAYX,,118.56999969482422,118.65499877929688,118.38999938964844,118.65499877929688,7382.0
2026-08-05 09:32:00,PBFS,,17.1200008392334,17.1200008392334,17.1200008392334,17.1200008392334,0.0
2026-08-05 09:32:00,PBYI,,7.909999847412109,7.909999847412109,7.880000114440918,7.880000114440918,1960.0
2026-08-05 09:32:00,PCAR,,135.88999938964844,135.88999938964844,135.35499572753906,135.7100067138672,4661.0
2026-08-05 09:32:00,PCRX,,25.790000915527344,25.799999237060547,25.513999938964844,25.799999237060547,15581.0
2026-08-05 09:32:00,PCT,,7.0954999923706055,7.0954999923706055,7.0954999923706055,7.0954999923706055,4000.0
2026-08-05 09:32:00,PCTY,,146.33999633789062,146.83999633789062,146.33999633789062,146.33999633789062,1246.0
2026-08-05 09:32:00,PDD,,91.28500366210938,91.37000274658203,91.18000030517578,91.31500244140625,18706.0
2026-08-05 09:32:00,PDLB,,20.729999542236328,20.790000915527344,20.729999542236328,20.75,1485.0
2026-08-05 09:32:00,PEGA,,31.809999465942383,31.809999465942383,31.809999465942383,31.809999465942383,594.0
2026-08-05 09:32:00,PENN,,20.0,20.0,19.969999313354492,19.969999313354492,3604.0
2026-08-05 09:32:00,PEP,,138.92999267578125,139.0399932861328,138.86000061035156,139.02999877929688,16724.0
2026-08-05 09:32:00,PERI,,9.646200180053711,9.6899995803833,9.646200180053711,9.6899995803833,4945.0
2026-08-05 09:32:00,PESI,,17.530000686645508,17.559999465942383,17.530000686645508,17.530000686645508,1406.0
2026-08-05 09:32:00,PFG,,116.12999725341797,116.12999725341797,116.125,116.125,393.0
2026-08-05 09:32:00,PGC,,47.25859832763672,47.25859832763672,47.25859832763672,47.25859832763672,0.0
2026-08-05 09:32:00,PGEN,,6.829999923706055,6.996200084686279,6.75,6.960000038146973,113295.0
2026-08-05 09:32:00,PGNY,,31.084999084472656,31.110000610351562,31.08009910583496,31.08009910583496,2035.0
2026-08-05 09:32:00,PGY,,21.760000228881836,21.870100021362305,21.759899139404297,21.870100021362305,4179.0
2026-08-05 09:32:00,PHAT,,8.51099967956543,8.51099967956543,8.510000228881836,8.510000228881836,1089.0
2026-08-05 09:32:00,PHVS,,34.27000045776367,34.290000915527344,34.25,34.25,3083.0
2026-08-05 09:32:00,PKOH,,41.55500030517578,41.55500030517578,41.55500030517578,41.55500030517578,321.0
2026-08-05 09:32:00,PLAB,,32.10499954223633,32.14099884033203,32.10499954223633,32.14099884033203,1173.0
2026-08-05 09:32:00,PLBC,,60.70000076293945,60.70000076293945,60.70000076293945,60.70000076293945,106.0
2026-08-05 09:32:00,PLBY,,1.2472000122070312,1.2472000122070312,1.2472000122070312,1.2472000122070312,1011.0
2026-08-05 09:32:00,PLPC,,428.1499938964844,428.1499938964844,427.0199890136719,427.0199890136719,350.0
2026-08-05 09:32:00,PLTK,,4.014999866485596,4.014999866485596,4.010000228881836,4.010000228881836,1020.0
2026-08-05 09:32:00,PLUG,,2.109999895095825,2.140000104904175,2.0999999046325684,2.130000114440918,347572.0
2026-08-05 09:32:00,PLXS,,272.1600036621094,272.1600036621094,272.1600036621094,272.1600036621094,4830.0
2026-08-05 09:32:00,PMN,,13.164999961853027,13.164999961853027,13.164999961853027,13.164999961853027,0.0
2026-08-05 09:32:00,PNBK,,1.1399999856948853,1.1399999856948853,1.1399999856948853,1.1399999856948853,100.0
2026-08-05 09:32:00,PNRG,,183.66000366210938,183.66000366210938,183.66000366210938,183.66000366210938,0.0
2026-08-05 09:32:00,POET,,8.22029972076416,8.369999885559082,8.22029972076416,8.324999809265137,38057.0
2026-08-05 09:32:00,POOL,,202.8350067138672,202.8350067138672,201.80999755859375,201.80999755859375,747.0
2026-08-05 09:32:00,POWL,,207.35000610351562,208.94000244140625,207.35000610351562,208.94000244140625,848.0
2026-08-05 09:32:00,PPC,,26.979999542236328,26.989999771118164,26.979999542236328,26.989999771118164,3096.0
2026-08-05 09:32:00,PPSI,,3.069999933242798,3.069999933242798,3.069999933242798,3.069999933242798,200.0
2026-08-05 09:32:00,PPTA,,21.899999618530273,22.1200008392334,21.8700008392334,22.1200008392334,7999.0
2026-08-05 09:32:00,PRAX,,310.8280944824219,310.8280944824219,310.8280944824219,310.8280944824219,171.0
2026-08-05 09:32:00,PRCH,,16.2549991607666,16.270000457763672,16.2549991607666,16.270000457763672,742.0
2026-08-05 09:32:00,PRCT,,18.54990005493164,18.68000030517578,17.299999237060547,17.299999237060547,90785.0
2026-08-05 09:32:00,PRGS,,41.91999816894531,41.91999816894531,41.91999816894531,41.91999816894531,102.0
2026-08-05 09:32:00,PRLD,,4.400000095367432,4.400000095367432,4.400000095367432,4.400000095367432,225.0
2026-08-05 09:32:00,PRME,,2.944999933242798,2.9649999141693115,2.944999933242798,2.950000047683716,11178.0
2026-08-05 09:32:00,PRQR,,1.8949999809265137,1.8949999809265137,1.8949999809265137,1.8949999809265137,0.0
2026-08-05 09:32:00,PRVA,,23.815000534057617,24.0,23.809999465942383,23.815000534057617,1818.0
2026-08-05 09:32:00,PRZO,,0.550000011920929,0.550000011920929,0.5498999953269958,0.5498999953269958,2580.0
2026-08-05 09:32:00,PSEC,,2.25,2.259999990463257,2.2400999069213867,2.25,12126.0
2026-08-05 09:32:00,PSNL,,13.460000038146973,13.460000038146973,13.460000038146973,13.460000038146973,291.0
2026-08-05 09:32:00,PTEN,,10.0,10.020000457763672,10.0,10.0,1753.0
2026-08-05 09:32:00,PTGX,,136.94000244140625,136.94000244140625,136.94000244140625,136.94000244140625,422.0
2026-08-05 09:32:00,PTLO,,4.494999885559082,4.510000228881836,4.494999885559082,4.510000228881836,7952.0
2026-08-05 09:32:00,PTON,,6.550000190734863,6.559999942779541,6.545000076293945,6.550000190734863,8036.0
2026-08-05 09:32:00,PUBM,,13.8100004196167,13.8100004196167,13.739999771118164,13.739999771118164,1449.0
2026-08-05 09:32:00,PWP,,17.510000228881836,17.520000457763672,17.365999221801758,17.365999221801758,788.0
2026-08-05 09:32:00,PYPD,,4.309999942779541,4.309999942779541,4.309999942779541,4.309999942779541,2153.0
2026-08-05 09:32:00,PYPL,,58.93000030517578,59.025001525878906,58.849998474121094,58.93000030517578,38458.0
2026-08-05 09:32:00,PYXS,,3.215100049972534,3.215100049972534,3.215100049972534,3.215100049972534,377.0
2026-08-05 09:32:00,PZZA,,30.530000686645508,30.739999771118164,30.450000762939453,30.729999542236328,34609.0
2026-08-05 09:32:00,QCOM,,160.49000549316406,160.52000427246094,159.9550018310547,160.5198974609375,32318.0
2026-08-05 09:32:00,QFIN,,13.399999618530273,13.40999984741211,13.399999618530273,13.40999984741211,502.0
2026-08-05 09:32:00,QRVO,,94.62999725341797,94.62999725341797,94.04000091552734,94.04000091552734,1574.0
2026-08-05 09:32:00,SEED,,0.9000999927520752,0.9054999947547913,0.9000999927520752,0.9054999947547913,5743.0
2026-08-05 09:32:00,WOOF,,2.9690001010894775,2.9700000286102295,2.9690001010894775,2.9700000286102295,1565.0
2026-08-05 09:33:00,ACDC,,4.184999942779541,4.184999942779541,4.184999942779541,4.184999942779541,450.0
2026-08-05 09:33:00,CPOP,,0.35659998655319214,0.35659998655319214,0.35659998655319214,0.35659998655319214,10281.0
2026-08-05 09:33:00,DTIL,,7.519999980926514,7.519999980926514,7.409999847412109,7.409999847412109,2440.0
2026-08-05 09:33:00,EYE,,23.684999465942383,23.684999465942383,23.677499771118164,23.684999465942383,423.0
2026-08-05 09:33:00,FIZZ,,32.14500045776367,32.14500045776367,32.14500045776367,32.14500045776367,878.0
2026-08-05 09:33:00,GLUE,,16.854999542236328,16.854999542236328,16.65999984741211,16.65999984741211,3535.0
2026-08-05 09:33:00,LUNG,,1.9800000190734863,2.0199999809265137,1.9800000190734863,2.0199999809265137,941.0
2026-08-05 09:33:00,MBRX,,0.4020000100135803,0.4020000100135803,0.4020000100135803,0.4020000100135803,478.0
2026-08-05 09:33:00,MDB,,383.3399963378906,386.0,382.489990234375,386.0,3960.0
2026-08-05 09:33:00,MDLZ,,61.689998626708984,61.849998474121094,61.68000030517578,61.849998474121094,20121.0
2026-08-05 09:33:00,MLTX,,17.875,17.875,17.875,17.875,328.0
2026-08-05 09:33:00,MNRO,,13.03499984741211,13.329999923706055,13.03499984741211,13.3100004196167,3497.0
2026-08-05 09:33:00,MNST,,94.56999969482422,94.75,94.56999969482422,94.69999694824219,5996.0
2026-08-05 09:33:00,MNTS,,4.420000076293945,4.480000019073486,4.414999961853027,4.480000019073486,1212.0
2026-08-05 09:33:00,MORN,,204.0478057861328,204.0478057861328,204.0478057861328,204.0478057861328,550.0
2026-08-05 09:33:00,MOVE,,13.0600004196167,13.354599952697754,13.0600004196167,13.354599952697754,551.0
2026-08-05 09:33:00,MPWR,,1336.35498046875,1341.7099609375,1335.800048828125,1336.06005859375,807.0
2026-08-05 09:33:00,MRNA,,57.595001220703125,57.859901428222656,57.400001525878906,57.643001556396484,16525.0
2026-08-05 09:33:00,MYGN,,3.1050000190734863,3.1050000190734863,3.1050000190734863,3.1050000190734863,280.0
2026-08-05 09:33:00,MYRG,,340.7900085449219,341.05999755859375,340.69000244140625,341.0299987792969,699.0
2026-08-05 09:33:00,NAAS,,3.368299961090088,3.368299961090088,3.368299961090088,3.368299961090088,0.0
2026-08-05 09:33:00,NAMS,,26.75,27.31999969482422,26.75,27.31999969482422,7873.0
2026-08-05 09:33:00,NATR,,20.364999771118164,20.364999771118164,20.364999771118164,20.364999771118164,310.0
2026-08-05 09:33:00,NAVI,,9.239999771118164,9.239999771118164,9.239999771118164,9.239999771118164,334.0
2026-08-05 09:33:00,NB,,5.159999847412109,5.19890022277832,5.150000095367432,5.179999828338623,20697.0
2026-08-05 09:33:00,NBIX,,167.43499755859375,167.43499755859375,167.43499755859375,167.43499755859375,1005.0
2026-08-05 09:33:00,NDAQ,,94.36499786376953,94.55999755859375,94.36000061035156,94.43820190429688,5609.0
2026-08-05 09:33:00,NDLS,,17.850000381469727,17.850000381469727,17.770000457763672,17.770000457763672,7.0
2026-08-05 09:33:00,NEOG,,11.640000343322754,11.645999908447266,11.640000343322754,11.645999908447266,478.0
2026-08-05 09:33:00,NEON,,0.9300000071525574,0.9300000071525574,0.9300000071525574,0.9300000071525574,212.0
2026-08-05 09:33:00,NEOV,,2.740000009536743,2.755000114440918,2.7047998905181885,2.755000114440918,12114.0
2026-08-05 09:33:00,NESR,,29.079999923706055,29.15999984741211,28.969999313354492,29.15999984741211,704.0
2026-08-05 09:33:00,NEWT,,15.4350004196167,15.4350004196167,15.4350004196167,15.4350004196167,1381.0
2026-08-05 09:33:00,NEXT,,6.534999847412109,6.534999847412109,6.534999847412109,6.534999847412109,453.0
2026-08-05 09:33:00,NFE,,0.3375999927520752,0.3377000093460083,0.3375999927520752,0.3377000093460083,8765.0
2026-08-05 09:33:00,NFLX,,74.26000213623047,74.3499984741211,74.08999633789062,74.30500030517578,146236.0
2026-08-05 09:33:00,NICE,,93.63999938964844,94.05999755859375,93.63999938964844,94.05999755859375,3399.0
2026-08-05 09:33:00,NIOBW,,1.659999966621399,1.659999966621399,1.659999966621399,1.659999966621399,708.0
2026-08-05 09:33:00,NKSH,,40.0099983215332,40.599998474121094,40.0099983215332,40.599998474121094,0.0
2026-08-05 09:33:00,NKTR,,73.87999725341797,73.94999694824219,73.44999694824219,73.54000091552734,2833.0
2026-08-05 09:33:00,NKTX,,2.240000009536743,2.250999927520752,2.234999895095825,2.25,14273.0
2026-08-05 09:33:00,NMFC,,7.330100059509277,7.340000152587891,7.330100059509277,7.340000152587891,848.0
2026-08-05 09:33:00,NMIH,,44.665000915527344,44.665000915527344,44.665000915527344,44.665000915527344,2197.0
2026-08-05 09:33:00,NMRA,,1.559999942779541,1.5750000476837158,1.559999942779541,1.559999942779541,1001.0
2026-08-05 09:33:00,NMRK,,15.876199722290039,15.876199722290039,15.829999923706055,15.829999923706055,1644.0
2026-08-05 09:33:00,NN,,13.875,13.875,13.739999771118164,13.739999771118164,1666.0
2026-08-05 09:33:00,NNBR,,3.7699999809265137,3.819999933242798,3.7699999809265137,3.7899999618530273,2018.0
2026-08-05 09:33:00,NNDM,,1.5850000381469727,1.5850000381469727,1.5836999416351318,1.5850000381469727,6910.0
2026-08-05 09:33:00,NOVT,,156.02999877929688,156.02999877929688,156.0,156.0,902.0
2026-08-05 09:33:00,NRIX,,25.350000381469727,25.399999618530273,25.350000381469727,25.3799991607666,2511.0
2026-08-05 09:33:00,NRXP,,2.933000087738037,2.9600000381469727,2.9200000762939453,2.950000047683716,43117.0
2026-08-05 09:33:00,NSSC,,39.9900016784668,39.9900016784668,39.9900016784668,39.9900016784668,445.0
2026-08-05 09:33:00,NTAP,,192.4199981689453,192.4600067138672,191.2949981689453,191.2949981689453,3736.0
2026-08-05 09:33:00,NTES,,127.8727035522461,128.13999938964844,127.8727035522461,128.13999938964844,3947.0
2026-08-05 09:33:00,NTRA,,278.625,278.625,278.625,278.625,1100.0
2026-08-05 09:33:00,NTRS,,184.88999938964844,185.67999267578125,184.88999938964844,185.67999267578125,1719.0
2026-08-05 09:33:00,NUTX,,158.6999969482422,158.7100067138672,158.6999969482422,158.6999969482422,2132.0
2026-08-05 09:33:00,NUWE,,1.7899999618530273,1.8049999475479126,1.7699999809265137,1.7799999713897705,4765.0
2026-08-05 09:33:00,NVAX,,7.715000152587891,7.715000152587891,7.690000057220459,7.715000152587891,1691.0
2026-08-05 09:33:00,NVCR,,16.25,16.25,16.170000076293945,16.200000762939453,872.0
2026-08-05 09:33:00,NVCT,,20.575000762939453,20.575000762939453,20.575000762939453,20.575000762939453,120.0
2026-08-05 09:33:00,NVDA,,218.7949981689453,219.0,218.2899932861328,218.56500244140625,1180948.0
2026-08-05 09:33:00,NVNI,,1.1405999660491943,1.1699999570846558,1.1405999660491943,1.1699999570846558,1058.0
2026-08-05 09:33:00,NVTS,,12.569999694824219,12.569999694824219,12.5,12.5,23956.0
2026-08-05 09:33:00,NWBI,,15.930000305175781,15.930000305175781,15.920000076293945,15.920000076293945,2777.0
2026-08-05 09:33:00,NWE,,69.33999633789062,69.51000213623047,69.33999633789062,69.51000213623047,1507.0
2026-08-05 09:33:00,NWGL,,0.2662000060081482,0.2662000060081482,0.2662000060081482,0.2662000060081482,203.0
2026-08-05 09:33:00,NWL,,6.050000190734863,6.079999923706055,6.039999961853027,6.079999923706055,16271.0
2026-08-05 09:33:00,NWS,,32.439998626708984,32.57500076293945,32.439998626708984,32.560001373291016,8104.0
2026-08-05 09:33:00,NWSA,,28.31399917602539,28.415000915527344,28.309999465942383,28.344999313354492,40214.0
2026-08-05 09:33:00,NXPI,,235.0,235.41000366210938,234.99000549316406,234.99000549316406,3731.0
2026-08-05 09:33:00,NXT,,96.81829833984375,97.06999969482422,96.31999969482422,96.51000213623047,3443.0
2026-08-05 09:33:00,NXTC,,5.730000019073486,5.730000019073486,5.730000019073486,5.730000019073486,1400.0
2026-08-05 09:33:00,OBIO,,4.239999771118164,4.239999771118164,4.239999771118164,4.239999771118164,117.0
2026-08-05 09:33:00,OCC,,15.566300392150879,15.670000076293945,15.566300392150879,15.670000076293945,2469.0
2026-08-05 09:33:00,OCGN,,1.315000057220459,1.3200000524520874,1.309999942779541,1.3200000524520874,26806.0
2026-08-05 09:33:00,OCSL,,12.100000381469727,12.21500015258789,12.079999923706055,12.21500015258789,3369.0
2026-08-05 09:33:00,OCUL,,8.744999885559082,8.744999885559082,8.718600273132324,8.729999542236328,8897.0
2026-08-05 09:33:00,ODFL,,218.39999389648438,218.5800018310547,218.39500427246094,218.5800018310547,2240.0
2026-08-05 09:33:00,OESX,,14.10099983215332,14.239999771118164,14.10099983215332,14.239999771118164,2046.0
2026-08-05 09:33:00,OKTA,,149.43499755859375,149.94000244140625,149.22999572753906,149.94000244140625,7718.0
2026-08-05 09:33:00,OLLI,,77.73999786376953,77.91999816894531,77.58000183105469,77.79000091552734,11964.0
2026-08-05 09:33:00,OLMA,,11.960000038146973,11.960000038146973,11.960000038146973,11.960000038146973,211.0
2026-08-05 09:33:00,OMCL,,36.91999816894531,36.91999816894531,36.91999816894531,36.91999816894531,609.0
2026-08-05 09:33:00,OMER,,12.960000038146973,12.970000267028809,12.960000038146973,12.970000267028809,676.0
2026-08-05 09:33:00,OMH,,0.11150000244379044,0.11209999769926071,0.11150000244379044,0.11209999769926071,8659.0
2026-08-05 09:33:00,ON,,78.80000305175781,79.0199966430664,78.5199966430664,78.62999725341797,36025.0
2026-08-05 09:33:00,ONB,,27.06999969482422,27.06999969482422,27.059999465942383,27.059999465942383,2715.0
2026-08-05 09:33:00,ONCY,,0.8054999709129333,0.8054999709129333,0.805400013923645,0.805400013923645,1154.0
2026-08-05 09:33:00,ONDS,,8.9350004196167,8.949999809265137,8.850000381469727,8.859700202941895,241871.0
2026-08-05 09:33:00,ONFO,,0.08299999684095383,0.08380000293254852,0.08240000158548355,0.08380000293254852,273136.0
2026-08-05 09:33:00,ONMD,,0.7124999761581421,0.7124999761581421,0.7124999761581421,0.7124999761581421,5750.0
2026-08-05 09:33:00,OPBK,,15.760000228881836,15.770000457763672,15.760000228881836,15.770000457763672,927.0
2026-08-05 09:33:00,OPCH,,23.434999465942383,23.434999465942383,23.34000015258789,23.34000015258789,4517.0
2026-08-05 09:33:00,OPEN,,3.7695000171661377,3.7799999713897705,3.744999885559082,3.765000104904175,334289.0
2026-08-05 09:33:00,OPK,,1.3049999475479126,1.3049999475479126,1.3049999475479126,1.3049999475479126,2353.0
2026-08-05 09:33:00,OPRT,,6.034999847412109,6.034999847412109,6.034999847412109,6.034999847412109,142.0
2026-08-05 09:33:00,ORGO,,2.3782999515533447,2.3782999515533447,2.3782999515533447,2.3782999515533447,562.0
2026-08-05 09:33:00,ORIC,,13.954999923706055,14.0,13.923999786376953,13.999899864196777,17748.0
2026-08-05 09:33:00,ORLY,,92.37999725341797,92.49500274658203,92.37999725341797,92.49500274658203,8362.0
2026-08-05 09:33:00,OSIS,,235.53500366210938,235.53500366210938,235.53500366210938,235.53500366210938,137.0
2026-08-05 09:33:00,OSPN,,18.34000015258789,18.34000015258789,18.139999389648438,18.334999084472656,5125.0
2026-08-05 09:33:00,OSS,,12.649999618530273,12.822999954223633,12.5,12.539999961853027,22802.0
2026-08-05 09:33:00,OTEX,,26.34000015258789,26.34000015258789,26.260000228881836,26.260000228881836,2269.0
2026-08-05 09:33:00,OTLK,,0.9828000068664551,0.9828000068664551,0.9767000079154968,0.9767000079154968,6696.0
2026-08-05 09:33:00,OTTR,,92.19999694824219,92.19999694824219,92.19999694824219,92.19999694824219,288.0
2026-08-05 09:33:00,OVID,,2.5239999294281006,2.5350000858306885,2.5239999294281006,2.5350000858306885,1221.0
2026-08-05 09:33:00,OXLC,,9.164999961853027,9.164999961853027,9.164999961853027,9.164999961853027,3011.0
2026-08-05 09:33:00,PAA,,23.377500534057617,23.389999389648438,23.375,23.389999389648438,1549.0
2026-08-05 09:33:00,PAAS,,47.36000061035156,47.505001068115234,47.349998474121094,47.5,14106.0
2026-08-05 09:33:00,PACB,,1.4249999523162842,1.4249999523162842,1.4249999523162842,1.4249999523162842,4872.0
2026-08-05 09:33:00,PAGP,,25.2549991607666,25.295000076293945,25.25,25.295000076293945,4291.0
2026-08-05 09:33:00,PALI,,2.0850000381469727,2.0850000381469727,2.0850000381469727,2.0850000381469727,1230.0
2026-08-05 09:33:00,PANW,,371.2099914550781,372.7699890136719,369.7099914550781,370.7900085449219,24690.0
2026-08-05 09:33:00,PATK,,86.63999938964844,86.63999938964844,86.63999938964844,86.63999938964844,1344.0
2026-08-05 09:33:00,PAX,,11.574999809265137,11.574999809265137,11.574999809265137,11.574999809265137,3456.0
2026-08-05 09:33:00,PAYO,,7.132199764251709,7.139999866485596,7.130000114440918,7.130000114440918,35296.0
2026-08-05 09:33:00,PAYX,,118.5999984741211,118.61499786376953,118.47000122070312,118.55500030517578,4868.0
2026-08-05 09:33:00,PBFS,,17.110000610351562,17.290000915527344,17.110000610351562,17.110000610351562,1231.0
2026-08-05 09:33:00,PCAR,,135.92999267578125,136.08999633789062,135.88999938964844,135.9499969482422,10502.0
2026-08-05 09:33:00,PCRX,,25.735000610351562,25.739999771118164,25.33009910583496,25.739999771118164,4514.0
2026-08-05 09:33:00,PCT,,7.161399841308594,7.161399841308594,7.11959981918335,7.11959981918335,7115.0
2026-08-05 09:33:00,PCTY,,146.33999633789062,146.33999633789062,145.2100067138672,145.2899932861328,2221.0
2026-08-05 09:33:00,PDD,,91.2750015258789,91.4000015258789,91.19000244140625,91.33999633789062,14044.0
2026-08-05 09:33:00,PDFS,,50.86000061035156,50.86000061035156,50.86000061035156,50.86000061035156,372.0
2026-08-05 09:33:00,PEBK,,43.13999938964844,43.5,43.13999938964844,43.29999923706055,0.0
2026-08-05 09:33:00,PEBO,,41.54999923706055,41.54999923706055,41.54999923706055,41.54999923706055,395.0
2026-08-05 09:33:00,PEGA,,31.700000762939453,31.760000228881836,31.700000762939453,31.700000762939453,1031.0
2026-08-05 09:33:00,PENN,,20.0049991607666,20.0049991607666,20.0,20.0,6074.0
2026-08-05 09:33:00,PEP,,138.42999267578125,138.97999572753906,138.41000366210938,138.97999572753906,17724.0
2026-08-05 09:33:00,PEPG,,1.9600000381469727,1.9763000011444092,1.940000057220459,1.9600000381469727,18448.0
2026-08-05 09:33:00,PERI,,9.645000457763672,9.645000457763672,9.645000457763672,9.645000457763672,315.0
2026-08-05 09:33:00,PESI,,17.600000381469727,17.600000381469727,17.280000686645508,17.280000686645508,673.0
2026-08-05 09:33:00,PFBC,,106.41999816894531,106.58000183105469,106.41999816894531,106.58000183105469,445.0
2026-08-05 09:33:00,PFG,,116.12999725341797,116.12999725341797,116.12999725341797,116.12999725341797,993.0
2026-08-05 09:33:00,PGC,,46.43000030517578,46.43000030517578,46.43000030517578,46.43000030517578,758.0
2026-08-05 09:33:00,PGEN,,6.880000114440918,6.934999942779541,6.78000020980835,6.864999771118164,117175.0
2026-08-05 09:33:00,PGY,,21.709999084472656,21.760000228881836,21.700000762939453,21.75,5416.0
2026-08-05 09:33:00,PHAT,,8.524999618530273,8.549699783325195,8.524999618530273,8.524999618530273,1412.0
2026-08-05 09:33:00,PHVS,,34.0099983215332,34.0099983215332,34.0099983215332,34.0099983215332,488.0
2026-08-05 09:33:00,PKBK,,34.29999923706055,34.29999923706055,34.29999923706055,34.29999923706055,0.0
2026-08-05 09:33:00,PKOH,,41.287498474121094,41.287498474121094,41.287498474121094,41.287498474121094,765.0
2026-08-05 09:33:00,PLBC,,60.69499969482422,60.69499969482422,60.69499969482422,60.69499969482422,400.0
2026-08-05 09:33:00,PLBY,,1.2400000095367432,1.2450000047683716,1.2400000095367432,1.2400000095367432,6455.0
2026-08-05 09:33:00,PLPC,,437.8999938964844,437.8999938964844,428.2099914550781,428.989990234375,1611.0
2026-08-05 09:33:00,PLTK,,4.019999980926514,4.03000020980835,4.019999980926514,4.019999980926514,978.0
2026-08-05 09:33:00,PLUG,,2.130000114440918,2.130000114440918,2.109999895095825,2.115000009536743,175739.0
2026-08-05 09:33:00,PMN,,13.520000457763672,13.520000457763672,13.319999694824219,13.319999694824219,1155.0
2026-08-05 09:33:00,PNBK,,1.1399999856948853,1.1399999856948853,1.1399999856948853,1.1399999856948853,100.0
2026-08-05 09:33:00,PNFP,,108.84500122070312,108.97000122070312,108.84500122070312,108.86000061035156,1488.0
2026-08-05 09:33:00,PNTG,,38.505001068115234,38.505001068115234,38.505001068115234,38.505001068115234,1114.0
2026-08-05 09:33:00,POET,,8.326399803161621,8.326399803161621,8.220000267028809,8.239999771118164,153416.0
2026-08-05 09:33:00,POOL,,201.67999267578125,201.67999267578125,201.67999267578125,201.67999267578125,563.0
2026-08-05 09:33:00,POWI,,63.720001220703125,63.720001220703125,63.720001220703125,63.720001220703125,1854.0
2026-08-05 09:33:00,POWL,,207.6300048828125,207.63999938964844,206.02999877929688,206.68600463867188,572.0
2026-08-05 09:33:00,PPTA,,22.0049991607666,22.049999237060547,21.885000228881836,21.969999313354492,13582.0
2026-08-05 09:33:00,PRAA,,17.364999771118164,17.364999771118164,17.364999771118164,17.364999771118164,1827.0
2026-08-05 09:33:00,PRAX,,318.0,318.0,318.0,318.0,373.0
2026-08-05 09:33:00,PRCH,,16.15999984741211,16.2549991607666,16.139999389648438,16.2549991607666,3101.0
2026-08-05 09:33:00,PRCT,,18.012500762939453,18.329999923706055,17.729999542236328,18.309999465942383,9909.0
2026-08-05 09:33:00,PRDO,,33.2400016784668,33.2400016784668,33.2400016784668,33.2400016784668,340.0
2026-08-05 09:33:00,PRE,,18.0,18.0,18.0,18.0,0.0
2026-08-05 09:33:00,PRIM,,88.05000305175781,90.92500305175781,88.05000305175781,90.92500305175781,5482.0
2026-08-05 09:33:00,PRLD,,4.480000019073486,4.480000019073486,4.400000095367432,4.400000095367432,458.0
2026-08-05 09:33:00,PRME,,2.940000057220459,2.950000047683716,2.934999942779541,2.950000047683716,12644.0
2026-08-05 09:33:00,PROF,,8.404999732971191,8.404999732971191,8.404999732971191,8.404999732971191,1511.0
2026-08-05 09:33:00,PRQR,,1.8949999809265137,1.8949999809265137,1.8949999809265137,1.8949999809265137,216.0
2026-08-05 09:33:00,PRSO,,0.6988000273704529,0.6988000273704529,0.6985999941825867,0.6987000107765198,2050.0
2026-08-05 09:33:00,PRTA,,8.5600004196167,8.569999694824219,8.5600004196167,8.569999694824219,1290.0
2026-08-05 09:33:00,PRZO,,0.5360999703407288,0.5360999703407288,0.5360999703407288,0.5360999703407288,5600.0
2026-08-05 09:33:00,PSEC,,2.240000009536743,2.25,2.234999895095825,2.25,21437.0
2026-08-05 09:33:00,PSMT,,195.80999755859375,195.80999755859375,195.80999755859375,195.80999755859375,1486.0
2026-08-05 09:33:00,PSNL,,13.390000343322754,13.390000343322754,13.345000267028809,13.345000267028809,1232.0
2026-08-05 09:33:00,PTC,,142.72000122070312,142.72000122070312,142.72000122070312,142.72000122070312,515.0
2026-08-05 09:33:00,PTCT,,69.67500305175781,70.19000244140625,69.67500305175781,69.67500305175781,1140.0
2026-08-05 09:33:00,PTEN,,10.028300285339355,10.028300285339355,9.989999771118164,10.010000228881836,1146.0
2026-08-05 09:33:00,PTGX,,137.88499450683594,137.88499450683594,137.88499450683594,137.88499450683594,673.0
2026-08-05 09:33:00,PTLO,,4.509900093078613,4.509900093078613,4.509900093078613,4.509900093078613,1134.0
2026-08-05 09:33:00,PTON,,6.525000095367432,6.539999961853027,6.519999980926514,6.539999961853027,19455.0
2026-08-05 09:33:00,PWP,,17.405000686645508,17.416000366210938,17.405000686645508,17.416000366210938,940.0
2026-08-05 09:33:00,PYPL,,58.91999816894531,58.95000076293945,58.81999969482422,58.88999938964844,38611.0
2026-08-05 09:33:00,PYXS,,3.243799924850464,3.243799924850464,3.2200000286102295,3.2200000286102295,818.0
2026-08-05 09:33:00,PZZA,,30.485000610351562,30.492000579833984,30.405000686645508,30.459999084472656,6403.0
2026-08-05 09:33:00,QCOM,,159.43499755859375,160.625,159.38999938964844,160.49000549316406,61744.0
2026-08-05 09:33:00,QFIN,,13.329999923706055,13.399999618530273,13.329999923706055,13.399999618530273,4525.0
2026-08-05 09:33:00,QQQX,,30.719999313354492,30.719999313354492,30.719999313354492,30.719999313354492,200.0
2026-08-05 09:33:00,QRVO,,94.45500183105469,94.45500183105469,94.45500183105469,94.45500183105469,201.0
2026-08-05 09:33:00,SEED,,0.9153000116348267,0.9153000116348267,0.9002000093460083,0.9003000259399414,3996.0
2026-08-05 09:33:00,STIM,,2.3340001106262207,2.3399999141693115,2.329200029373169,2.3399999141693115,1734.0
2026-08-05 09:33:00,WOOF,,2.950000047683716,2.9660000801086426,2.950000047683716,2.9660000801086426,2346.0
2026-08-05 09:34:00,ACDC,,4.210000038146973,4.210000038146973,4.188899993896484,4.188899993896484,1354.0
2026-08-05 09:34:00,BPOP,,175.7100067138672,175.74000549316406,175.7100067138672,175.74000549316406,412.0
2026-08-05 09:34:00,DTIL,,7.480000019073486,7.480000019073486,7.480000019073486,7.480000019073486,1053.0
2026-08-05 09:34:00,EYE,,23.700000762939453,23.700000762939453,23.677499771118164,23.684999465942383,2447.0
2026-08-05 09:34:00,GLUE,,16.799999237060547,16.809999465942383,16.309999465942383,16.78580093383789,13877.0
2026-08-05 09:34:00,KIDS,,20.524999618530273,20.524999618530273,20.524999618530273,20.524999618530273,347.0
2026-08-05 09:34:00,LUNG,,1.9800000190734863,1.9800000190734863,1.9800000190734863,1.9800000190734863,3709.0
2026-08-05 09:34:00,MBRX,,0.3950999975204468,0.3950999975204468,0.3950999975204468,0.3950999975204468,61370.0
2026-08-05 09:34:00,MDB,,381.1700134277344,383.239990234375,380.44500732421875,382.44000244140625,6481.0
2026-08-05 09:34:00,MDLZ,,61.8849983215332,61.8849983215332,61.7400016784668,61.7400016784668,14985.0
2026-08-05 09:34:00,MNPR,,118.45999908447266,118.45999908447266,118.45999908447266,118.45999908447266,3177.0
2026-08-05 09:34:00,MNRO,,13.25,13.25,13.112500190734863,13.112500190734863,2810.0
2026-08-05 09:34:00,MNST,,94.54000091552734,94.6500015258789,94.51000213623047,94.58000183105469,15493.0
2026-08-05 09:34:00,MNTS,,4.420000076293945,4.420000076293945,4.381999969482422,4.381999969482422,1673.0
2026-08-05 09:34:00,MORN,,200.7050018310547,200.7050018310547,200.7050018310547,200.7050018310547,1074.0
2026-08-05 09:34:00,MOVE,,12.994999885559082,12.994999885559082,12.850000381469727,12.994999885559082,2473.0
2026-08-05 09:34:00,MPAA,,13.739999771118164,13.739999771118164,13.739999771118164,13.739999771118164,204.0
2026-08-05 09:34:00,MPWR,,1335.93994140625,1342.2449951171875,1335.93505859375,1340.3299560546875,881.0
2026-08-05 09:34:00,MRNA,,57.51499938964844,57.595001220703125,57.400001525878906,57.595001220703125,33440.0
2026-08-05 09:34:00,MYGN,,3.069999933242798,3.1050000190734863,3.049999952316284,3.1050000190734863,80440.0
2026-08-05 09:34:00,MYRG,,343.1650085449219,343.1650085449219,340.6099853515625,340.6700134277344,1126.0
2026-08-05 09:34:00,NAMS,,26.665000915527344,26.809999465942383,26.610000610351562,26.790000915527344,3845.0
2026-08-05 09:34:00,NAUT,,1.0099999904632568,1.0099999904632568,1.0099999904632568,1.0099999904632568,758.0
2026-08-05 09:34:00,NAVI,,9.239999771118164,9.239999771118164,9.239999771118164,9.239999771118164,131.0
2026-08-05 09:34:00,NB,,5.150000095367432,5.170000076293945,5.139999866485596,5.139999866485596,34676.0
2026-08-05 09:34:00,NBIX,,166.97000122070312,166.97000122070312,166.97000122070312,166.97000122070312,852.0
2026-08-05 09:34:00,NBTX,,40.5099983215332,40.560001373291016,40.5099983215332,40.560001373291016,1963.0
2026-08-05 09:34:00,NCMI,,4.070000171661377,4.110000133514404,4.070000171661377,4.110000133514404,517.0
2026-08-05 09:34:00,NCPL,,0.43790000677108765,0.43790000677108765,0.43790000677108765,0.43790000677108765,6639.0
2026-08-05 09:34:00,NCRA,,1.8899999856948853,1.8899999856948853,1.8899999856948853,1.8899999856948853,1456.0
2026-08-05 09:34:00,NDAQ,,94.37000274658203,94.53600311279297,94.22000122070312,94.3499984741211,16483.0
2026-08-05 09:34:00,NDSN,,308.7300109863281,310.0150146484375,308.7300109863281,308.75,431.0
2026-08-05 09:34:00,NECB,,27.260000228881836,27.260000228881836,27.260000228881836,27.260000228881836,102.0
2026-08-05 09:34:00,NEO,,16.09000015258789,16.09000015258789,16.09000015258789,16.09000015258789,1234.0
2026-08-05 09:34:00,NEOG,,11.645000457763672,11.645000457763672,11.640000343322754,11.640000343322754,1157.0
2026-08-05 09:34:00,NEOV,,2.73799991607666,2.740000009536743,2.690000057220459,2.690000057220459,1653.0
2026-08-05 09:34:00,NESR,,28.989999771118164,29.084999084472656,28.969999313354492,29.079999923706055,953.0
2026-08-05 09:34:00,NEXT,,6.517600059509277,6.5295000076293945,6.514999866485596,6.514999866485596,5200.0
2026-08-05 09:34:00,NFLX,,74.55149841308594,74.60009765625,74.26000213623047,74.27999877929688,94692.0
2026-08-05 09:34:00,NGNE,,34.81999969482422,34.81999969482422,34.81999969482422,34.81999969482422,505.0
2026-08-05 09:34:00,NICE,,94.08049774169922,94.47000122070312,93.86000061035156,93.86000061035156,10518.0
2026-08-05 09:34:00,NIU,,2.509999990463257,2.509999990463257,2.509999990463257,2.509999990463257,604.0
2026-08-05 09:34:00,NKTR,,73.05999755859375,73.87000274658203,73.05999755859375,73.8499984741211,657.0
2026-08-05 09:34:00,NKTX,,2.240000009536743,2.240000009536743,2.2300000190734863,2.240000009536743,3648.0
2026-08-05 09:34:00,NMFC,,7.269999980926514,7.340000152587891,7.269999980926514,7.340000152587891,3626.0
2026-08-05 09:34:00,NMRA,,1.5700000524520874,1.5700000524520874,1.559999942779541,1.559999942779541,900.0
2026-08-05 09:34:00,NN,,13.899999618530273,13.90999984741211,13.78499984741211,13.829999923706055,3337.0
2026-08-05 09:34:00,NNDM,,1.5850000381469727,1.5850000381469727,1.5850000381469727,1.5850000381469727,629.0
2026-08-05 09:34:00,NOVT,,157.67999267578125,157.67999267578125,157.67999267578125,157.67999267578125,105.0
2026-08-05 09:34:00,NRDS,,9.291899681091309,9.291899681091309,9.291899681091309,9.291899681091309,332.0
2026-08-05 09:34:00,NRIX,,25.155000686645508,25.190000534057617,25.155000686645508,25.190000534057617,962.0
2026-08-05 09:34:00,NRXP,,2.950000047683716,2.950000047683716,2.946000099182129,2.946000099182129,779.0
2026-08-05 09:34:00,NTAP,,191.42999267578125,192.13499450683594,190.97000122070312,192.13499450683594,7835.0
2026-08-05 09:34:00,NTCT,,41.41999816894531,41.880001068115234,41.41999816894531,41.880001068115234,2163.0
2026-08-05 09:34:00,NTES,,128.0800018310547,128.3300018310547,127.83000183105469,128.0800018310547,9923.0
2026-08-05 09:34:00,NTNX,,61.935001373291016,61.935001373291016,61.935001373291016,61.935001373291016,572.0
2026-08-05 09:34:00,NTRA,,276.625,276.625,276.625,276.625,1125.0
2026-08-05 09:34:00,NTRS,,184.88999938964844,184.88999938964844,184.88999938964844,184.88999938964844,549.0
2026-08-05 09:34:00,NTRSO,,18.46500015258789,18.46500015258789,18.46500015258789,18.46500015258789,141.0
2026-08-05 09:34:00,NUWE,,1.7999999523162842,1.8200000524520874,1.7799999713897705,1.809999942779541,9610.0
2026-08-05 09:34:00,NVAX,,7.711599826812744,7.71999979019165,7.684999942779541,7.699999809265137,5609.0
2026-08-05 09:34:00,NVCR,,16.114999771118164,16.15999984741211,16.114999771118164,16.15999984741211,2322.0
2026-08-05 09:34:00,NVCT,,20.575000762939453,20.575000762939453,20.575000762939453,20.575000762939453,170.0
2026-08-05 09:34:00,NVDA,,218.3699951171875,218.97000122070312,217.9499969482422,218.8000030517578,1273908.0
2026-08-05 09:34:00,NVMI,,410.80999755859375,410.80999755859375,410.80999755859375,410.80999755859375,182.0
2026-08-05 09:34:00,NVTS,,12.569999694824219,12.59000015258789,12.529999732971191,12.585000038146973,25414.0
2026-08-05 09:34:00,NWE,,69.57879638671875,69.57879638671875,69.57879638671875,69.57879638671875,270.0
2026-08-05 09:34:00,NWL,,6.038000106811523,6.059999942779541,6.03000020980835,6.039999961853027,38200.0
2026-08-05 09:34:00,NWS,,32.5,32.5,32.45000076293945,32.5,5360.0
2026-08-05 09:34:00,NWSA,,28.350000381469727,28.405000686645508,28.280000686645508,28.309999465942383,17991.0
2026-08-05 09:34:00,NXL,,0.3601999878883362,0.3601999878883362,0.3601999878883362,0.3601999878883362,165.0
2026-08-05 09:34:00,NXPI,,235.35000610351562,235.6199951171875,234.39999389648438,235.39999389648438,9266.0
2026-08-05 09:34:00,NXT,,96.87000274658203,97.06999969482422,96.87000274658203,97.05999755859375,1167.0
2026-08-05 09:34:00,NXTC,,5.836900234222412,5.836900234222412,5.599999904632568,5.6585001945495605,983.0
2026-08-05 09:34:00,NYXH,,1.4600000381469727,1.4600000381469727,1.4600000381469727,1.4600000381469727,0.0
2026-08-05 09:34:00,OBIO,,4.2220001220703125,4.2220001220703125,4.2220001220703125,4.2220001220703125,2348.0
2026-08-05 09:34:00,OCFC,,19.670000076293945,19.709999084472656,19.670000076293945,19.709999084472656,587.0
2026-08-05 09:34:00,OCGN,,1.3200000524520874,1.3250000476837158,1.309999942779541,1.309999942779541,48410.0
2026-08-05 09:34:00,OCS,,12.0600004196167,12.0600004196167,12.0600004196167,12.0600004196167,152.0
2026-08-05 09:34:00,OCSL,,12.135000228881836,12.135000228881836,12.135000228881836,12.135000228881836,408.0
2026-08-05 09:34:00,ODFL,,218.19000244140625,218.19000244140625,218.19000244140625,218.19000244140625,421.0
2026-08-05 09:34:00,OESX,,14.210000038146973,14.356399536132812,14.210000038146973,14.356399536132812,516.0
2026-08-05 09:34:00,OFIX,,11.199999809265137,11.569999694824219,11.109999656677246,11.359999656677246,65315.0
2026-08-05 09:34:00,OFLX,,30.600000381469727,30.600000381469727,30.600000381469727,30.600000381469727,0.0
2026-08-05 09:34:00,OKTA,,149.17999267578125,149.34500122070312,148.83999633789062,149.34500122070312,4593.0
2026-08-05 09:34:00,OLLI,,77.23999786376953,77.77999877929688,77.1500015258789,77.7300033569336,6883.0
2026-08-05 09:34:00,OLMA,,11.899999618530273,11.899999618530273,11.899999618530273,11.899999618530273,157.0
2026-08-05 09:34:00,OMER,,12.970000267028809,13.0,12.930000305175781,13.0,379.0
2026-08-05 09:34:00,OMH,,0.11129999905824661,0.11169999837875366,0.11129999905824661,0.11169999837875366,8817.0
2026-08-05 09:34:00,ON,,78.54499816894531,78.98999786376953,78.38999938964844,78.83000183105469,50852.0
2026-08-05 09:34:00,ONB,,27.030000686645508,27.059999465942383,27.030000686645508,27.059999465942383,5115.0
2026-08-05 09:34:00,ONDS,,8.975000381469727,8.979999542236328,8.859999656677246,8.931400299072266,207275.0
2026-08-05 09:34:00,ONFO,,0.08259999752044678,0.08299999684095383,0.08250000327825546,0.08250000327825546,142426.0
2026-08-05 09:34:00,ONMD,,0.7124999761581421,0.7124999761581421,0.7124999761581421,0.7124999761581421,708.0
2026-08-05 09:34:00,OPBK,,15.760000228881836,15.760000228881836,15.760000228881836,15.760000228881836,100.0
2026-08-05 09:34:00,OPEN,,3.7950000762939453,3.809999942779541,3.740000009536743,3.769700050354004,510344.0
2026-08-05 09:34:00,OPK,,1.3049999475479126,1.3049999475479126,1.2999999523162842,1.3020000457763672,12573.0
2026-08-05 09:34:00,OPRA,,20.651500701904297,20.651500701904297,20.651500701904297,20.651500701904297,372.0
2026-08-05 09:34:00,ORGO,,2.384999990463257,2.384999990463257,2.375,2.375,1890.0
2026-08-05 09:34:00,ORIC,,13.913999557495117,13.949999809265137,13.869999885559082,13.9350004196167,8751.0
2026-08-05 09:34:00,ORLY,,92.44999694824219,92.51499938964844,92.3499984741211,92.3499984741211,69881.0
2026-08-05 09:34:00,OSBC,,25.84000015258789,25.84000015258789,25.84000015258789,25.84000015258789,525.0
2026-08-05 09:34:00,OSIS,,234.07000732421875,234.07000732421875,234.07000732421875,234.07000732421875,183.0
2026-08-05 09:34:00,OSPN,,17.959999084472656,18.139999389648438,17.959999084472656,18.139999389648438,1471.0
2026-08-05 09:34:00,OSS,,12.760000228881836,12.772500038146973,12.650099754333496,12.75,12381.0
2026-08-05 09:34:00,OSUR,,4.199999809265137,4.199999809265137,4.179999828338623,4.179999828338623,1564.0
2026-08-05 09:34:00,OSW,,26.639999389648438,26.639999389648438,26.559999465942383,26.559999465942383,587.0
2026-08-05 09:34:00,OTEX,,26.290000915527344,26.290000915527344,26.239999771118164,26.239999771118164,2564.0
2026-08-05 09:34:00,OTLK,,1.0,1.0098999738693237,0.9860000014305115,0.9900000095367432,95263.0
2026-08-05 09:34:00,OTTR,,92.36000061035156,92.36000061035156,92.36000061035156,92.36000061035156,637.0
2026-08-05 09:34:00,OVBC,,42.650001525878906,42.65999984741211,42.650001525878906,42.65999984741211,1417.0
2026-08-05 09:34:00,OVID,,2.5290000438690186,2.5290000438690186,2.509999990463257,2.509999990463257,947.0
2026-08-05 09:34:00,OXLC,,9.180000305175781,9.180000305175781,9.164999961853027,9.164999961853027,7703.0
2026-08-05 09:34:00,OXSQ,,1.49399995803833,1.4950000047683716,1.4900000095367432,1.4950000047683716,2200.0
2026-08-05 09:34:00,PAA,,23.3700008392334,23.389999389648438,23.3700008392334,23.375,2886.0
2026-08-05 09:34:00,PAAS,,47.33000183105469,47.5,47.31999969482422,47.404998779296875,24838.0
2026-08-05 09:34:00,PACB,,1.4149999618530273,1.4199999570846558,1.409999966621399,1.4199999570846558,24507.0
2026-08-05 09:34:00,PAGP,,25.204999923706055,25.204999923706055,25.19499969482422,25.19499969482422,3797.0
2026-08-05 09:34:00,PALI,,2.0799999237060547,2.0850000381469727,2.0799999237060547,2.0850000381469727,844.0
2026-08-05 09:34:00,PANW,,370.0350036621094,371.2149963378906,368.2799987792969,371.010009765625,36851.0
2026-08-05 09:34:00,PAX,,11.645000457763672,11.645000457763672,11.574999809265137,11.574999809265137,3428.0
2026-08-05 09:34:00,PAYO,,7.130000114440918,7.139999866485596,7.130000114440918,7.130000114440918,8925.0
2026-08-05 09:34:00,PAYS,,9.379899978637695,9.379899978637695,9.379899978637695,9.379899978637695,826.0
2026-08-05 09:34:00,PAYX,,118.45999908447266,118.5199966430664,118.33000183105469,118.33000183105469,4983.0
2026-08-05 09:34:00,PBFS,,17.290000915527344,17.290000915527344,17.290000915527344,17.290000915527344,1123.0
2026-08-05 09:34:00,PCAR,,136.02000427246094,136.02000427246094,135.84500122070312,135.92999267578125,4000.0
2026-08-05 09:34:00,PCRX,,25.310100555419922,25.735000610351562,25.239999771118164,25.735000610351562,12387.0
2026-08-05 09:34:00,PCT,,7.125,7.170000076293945,7.125,7.144999980926514,10222.0
2026-08-05 09:34:00,PCTY,,146.25,146.7100067138672,146.25,146.33999633789062,717.0
2026-08-05 09:34:00,PDD,,91.32009887695312,91.44999694824219,91.2750015258789,91.2750015258789,13238.0
2026-08-05 09:34:00,PDLB,,20.729999542236328,20.729999542236328,20.729999542236328,20.729999542236328,450.0
2026-08-05 09:34:00,PEBK,,43.029998779296875,43.029998779296875,43.029998779296875,43.029998779296875,1644.0
2026-08-05 09:34:00,PECO,,41.224998474121094,41.279998779296875,41.209999084472656,41.2599983215332,1813.0
2026-08-05 09:34:00,PEGA,,31.65999984741211,31.764999389648438,31.6200008392334,31.6200008392334,1597.0
2026-08-05 09:34:00,PENN,,20.045000076293945,20.045000076293945,20.045000076293945,20.045000076293945,514.0
2026-08-05 09:34:00,PEP,,138.6649932861328,138.6999969482422,138.50999450683594,138.50999450683594,9542.0
2026-08-05 09:34:00,PEPG,,1.940000057220459,1.940000057220459,1.940000057220459,1.940000057220459,438.0
2026-08-05 09:34:00,PERI,,9.619999885559082,9.640000343322754,9.619999885559082,9.640000343322754,765.0
2026-08-05 09:34:00,PESI,,17.459999084472656,17.469999313354492,17.459999084472656,17.469999313354492,424.0
2026-08-05 09:34:00,PFBC,,106.38999938964844,106.38999938964844,106.38999938964844,106.38999938964844,1319.0
2026-08-05 09:34:00,PFG,,115.76000213623047,115.76000213623047,115.76000213623047,115.76000213623047,3083.0
2026-08-05 09:34:00,PFIS,,71.37000274658203,72.0,71.37000274658203,72.0,0.0
2026-08-05 09:34:00,PGC,,46.349998474121094,46.779998779296875,46.349998474121094,46.779998779296875,602.0
2026-08-05 09:34:00,PGEN,,6.789999961853027,6.960000038146973,6.699999809265137,6.909999847412109,180506.0
2026-08-05 09:34:00,PGNY,,31.299999237060547,31.299999237060547,31.229999542236328,31.299999237060547,2095.0
2026-08-05 09:34:00,PGY,,21.614999771118164,21.709999084472656,21.549999237060547,21.68000030517578,9144.0
2026-08-05 09:34:00,PHAT,,8.515000343322754,8.515999794006348,8.515000343322754,8.515999794006348,2868.0
2026-08-05 09:34:00,PHIO,,1.0750000476837158,1.0750000476837158,1.0750000476837158,1.0750000476837158,3609.0
2026-08-05 09:34:00,PKBK,,34.400001525878906,34.400001525878906,34.380001068115234,34.380001068115234,475.0
2026-08-05 09:34:00,PLBC,,60.69499969482422,60.69499969482422,60.69499969482422,60.69499969482422,486.0
2026-08-05 09:34:00,PLPC,,438.1700134277344,438.1700134277344,438.1700134277344,438.1700134277344,274.0
2026-08-05 09:34:00,PLTK,,4.0100998878479,4.019999980926514,4.0100998878479,4.019999980926514,5970.0
2026-08-05 09:34:00,PLUG,,2.109999895095825,2.130000114440918,2.109999895095825,2.125,103707.0
2026-08-05 09:34:00,PNBK,,1.1399999856948853,1.1399999856948853,1.1399999856948853,1.1399999856948853,1.0
2026-08-05 09:34:00,PNFP,,108.84500122070312,108.8499984741211,108.84500122070312,108.84500122070312,502.0
2026-08-05 09:34:00,PNRG,,181.35000610351562,181.35000610351562,181.35000610351562,181.35000610351562,1715.0
2026-08-05 09:34:00,PNTG,,38.30500030517578,38.30500030517578,38.30500030517578,38.30500030517578,256.0
2026-08-05 09:34:00,POET,,8.349900245666504,8.350000381469727,8.279999732971191,8.319999694824219,35036.0
2026-08-05 09:34:00,POLA,,1.909999966621399,1.909999966621399,1.8553999662399292,1.8553999662399292,3339.0
2026-08-05 09:34:00,POOL,,202.3249969482422,202.3249969482422,202.3249969482422,202.3249969482422,594.0
2026-08-05 09:34:00,POWL,,207.6300048828125,207.6300048828125,206.61599731445312,206.61599731445312,233.0
2026-08-05 09:34:00,PPSI,,3.0,3.0,3.0,3.0,6848.0
2026-08-05 09:34:00,PPTA,,22.209999084472656,22.239999771118164,22.059999465942383,22.079999923706055,16270.0
2026-08-05 09:34:00,PRCH,,16.170000076293945,16.170000076293945,16.125,16.15999984741211,1885.0
2026-08-05 09:34:00,PRCT,,18.09000015258789,18.09000015258789,17.989999771118164,17.989999771118164,3060.0
2026-08-05 09:34:00,PRGS,,41.650001525878906,41.650001525878906,41.650001525878906,41.650001525878906,106.0
2026-08-05 09:34:00,PRIM,,88.19999694824219,88.69000244140625,87.19000244140625,88.69000244140625,4259.0
2026-08-05 09:34:00,PRLD,,4.489999771118164,4.489999771118164,4.480000019073486,4.480000019073486,300.0
2026-08-05 09:34:00,PRME,,2.944999933242798,2.944999933242798,2.940000057220459,2.940000057220459,1032.0
2026-08-05 09:34:00,PROK,,1.6749999523162842,1.6749999523162842,1.659999966621399,1.659999966621399,6426.0
2026-08-05 09:34:00,PRQR,,1.899999976158142,1.899999976158142,1.8949999809265137,1.8949999809265137,3066.0
2026-08-05 09:34:00,PRSO,,0.699999988079071,0.699999988079071,0.699999988079071,0.699999988079071,3900.0
2026-08-05 09:34:00,PRTA,,8.529999732971191,8.564900398254395,8.529999732971191,8.564900398254395,253.0
2026-08-05 09:34:00,PRTH,,6.728700160980225,6.728700160980225,6.728700160980225,6.728700160980225,2740.0
2026-08-05 09:34:00,PRZO,,0.5429999828338623,0.5429999828338623,0.5429999828338623,0.5429999828338623,0.0
2026-08-05 09:34:00,PSEC,,2.2200000286102295,2.240000009536743,2.2200000286102295,2.240000009536743,64088.0
2026-08-05 09:34:00,PSNYW,,2.450000047683716,2.450000047683716,2.450000047683716,2.450000047683716,1730.0
2026-08-05 09:34:00,PTC,,142.7100067138672,142.7100067138672,142.7100067138672,142.7100067138672,606.0
2026-08-05 09:34:00,PTCT,,69.67500305175781,69.67500305175781,69.67500305175781,69.67500305175781,278.0
2026-08-05 09:34:00,PTEN,,10.010000228881836,10.010000228881836,10.0,10.0,6754.0
2026-08-05 09:34:00,PTLO,,4.494999885559082,4.494999885559082,4.494999885559082,4.494999885559082,1747.0
2026-08-05 09:34:00,PTON,,6.534999847412109,6.534999847412109,6.522500038146973,6.529900074005127,14915.0
2026-08-05 09:34:00,PWP,,17.391000747680664,17.391000747680664,17.391000747680664,17.391000747680664,903.0
2026-08-05 09:34:00,PYPL,,58.93000030517578,58.95000076293945,58.869998931884766,58.93000030517578,51694.0
2026-08-05 09:34:00,PZZA,,30.489999771118164,30.489999771118164,30.45199966430664,30.45199966430664,1218.0
2026-08-05 09:34:00,QCOM,,160.0749969482422,160.1376953125,159.30999755859375,159.3699951171875,31843.0
2026-08-05 09:34:00,QFIN,,13.34000015258789,13.34000015258789,13.329999923706055,13.34000015258789,785.0
2026-08-05 09:34:00,QQQX,,30.799800872802734,30.799800872802734,30.71969985961914,30.71969985961914,2895.0
2026-08-05 09:34:00,QRVO,,94.45999908447266,94.45999908447266,94.45999908447266,94.45999908447266,493.0
2026-08-05 09:34:00,SEED,,0.925000011920929,0.9300000071525574,0.9104999899864197,0.9259999990463257,9682.0
2026-08-05 09:34:00,STIM,,2.3289999961853027,2.3299999237060547,2.3289999961853027,2.3299999237060547,1410.0
2026-08-05 09:34:00,WOOF,,2.946000099182129,2.946000099182129,2.946000099182129,2.946000099182129,216.0
2026-08-05 09:35:00,ACDC,,4.230000019073486,4.230000019073486,4.21999979019165,4.21999979019165,664.0
2026-08-05 09:35:00,BPOP,,176.24000549316406,176.52499389648438,176.2100067138672,176.2100067138672,1808.0
2026-08-05 09:35:00,CNXN,,84.5199966430664,84.69000244140625,84.48999786376953,84.66000366210938,1572.0
2026-08-05 09:35:00,EYE,,23.764999389648438,23.8700008392334,23.69499969482422,23.69499969482422,3686.0
2026-08-05 09:35:00,FIZZ,,31.860000610351562,31.860000610351562,31.860000610351562,31.860000610351562,814.0
2026-08-05 09:35:00,GLUE,,16.790000915527344,16.790000915527344,16.649999618530273,16.649999618530273,5551.0
2026-08-05 09:35:00,KIDS,,20.725000381469727,20.725000381469727,20.725000381469727,20.725000381469727,323.0
2026-08-05 09:35:00,MDB,,385.0,385.0,381.1700134277344,381.1700134277344,2840.0
2026-08-05 09:35:00,MDLZ,,61.790000915527344,61.84000015258789,61.7400016784668,61.84000015258789,16862.0
2026-08-05 09:35:00,MLTX,,18.024999618530273,18.049999237060547,17.989999771118164,18.0,2650.0
2026-08-05 09:35:00,MNPR,,119.0199966430664,120.2300033569336,119.0,120.2300033569336,7082.0
2026-08-05 09:35:00,MNRO,,13.350000381469727,13.350000381469727,13.199999809265137,13.25,3678.0
2026-08-05 09:35:00,MNST,,94.69999694824219,94.71499633789062,94.54000091552734,94.55999755859375,8196.0
2026-08-05 09:35:00,MNTS,,4.440199851989746,4.440199851989746,4.420000076293945,4.420000076293945,1459.0
2026-08-05 09:35:00,MORN,,203.55999755859375,203.55999755859375,203.55999755859375,203.55999755859375,445.0
2026-08-05 09:35:00,MOVE,,12.864999771118164,12.864999771118164,12.864999771118164,12.864999771118164,1460.0
2026-08-05 09:35:00,MPWR,,1335.9990234375,1339.9599609375,1333.47998046875,1339.9599609375,966.0
2026-08-05 09:35:00,MRNA,,57.59000015258789,57.63999938964844,57.314998626708984,57.45000076293945,8207.0
2026-08-05 09:35:00,MYGN,,3.0899999141693115,3.0899999141693115,3.069999933242798,3.069999933242798,3890.0
2026-08-05 09:35:00,MYRG,,341.75,343.1000061035156,341.75,343.1000061035156,1485.0
2026-08-05 09:35:00,MYSZ,,0.39989998936653137,0.39989998936653137,0.39899998903274536,0.39899998903274536,0.0
2026-08-05 09:35:00,NAMS,,26.760000228881836,26.760000228881836,26.649999618530273,26.649999618530273,451.0
2026-08-05 09:35:00,NATH,,98.38749694824219,98.38749694824219,98.38749694824219,98.38749694824219,1224.0
2026-08-05 09:35:00,NAUT,,1.0099999904632568,1.0099999904632568,1.0099999904632568,1.0099999904632568,608.0
2026-08-05 09:35:00,NAVI,,9.229999542236328,9.229999542236328,9.229999542236328,9.229999542236328,370.0
2026-08-05 09:35:00,NB,,5.139999866485596,5.170000076293945,5.130000114440918,5.15500020980835,28720.0
2026-08-05 09:35:00,NBN,,134.8800048828125,134.8800048828125,134.8800048828125,134.8800048828125,0.0
2026-08-05 09:35:00,NDAQ,,94.44000244140625,94.44499969482422,94.22000122070312,94.44499969482422,13200.0
2026-08-05 09:35:00,NDSN,,308.4599914550781,308.7900085449219,308.4599914550781,308.6700134277344,412.0
2026-08-05 09:35:00,NECB,,27.260000228881836,27.260000228881836,27.260000228881836,27.260000228881836,183.0
2026-08-05 09:35:00,NEO,,16.114999771118164,16.1299991607666,16.072500228881836,16.1299991607666,1387.0
2026-08-05 09:35:00,NEOG,,11.645000457763672,11.66919994354248,11.645000457763672,11.645000457763672,8366.0
2026-08-05 09:35:00,NEOV,,2.7100000381469727,2.7191998958587646,2.6700000762939453,2.7000999450683594,10048.0
2026-08-05 09:35:00,NESR,,29.020000457763672,29.020000457763672,28.920000076293945,28.989999771118164,2167.0
2026-08-05 09:35:00,NEXT,,6.5,6.509500026702881,6.5,6.5,7660.0
2026-08-05 09:35:00,NFLX,,74.41999816894531,74.58999633789062,74.34500122070312,74.54000091552734,135338.0
2026-08-05 09:35:00,NHTC,,1.7799999713897705,1.7899999618530273,1.7799999713897705,1.7899999618530273,513.0
2026-08-05 09:35:00,NICE,,94.55000305175781,94.55000305175781,93.48280334472656,94.0,9424.0
2026-08-05 09:35:00,NKTX,,2.240000009536743,2.25,2.2360000610351562,2.240000009536743,9146.0
2026-08-05 09:35:00,NMFC,,7.289999961853027,7.289999961853027,7.269999980926514,7.28000020980835,2509.0
2026-08-05 09:35:00,NMRA,,1.5700000524520874,1.5700000524520874,1.5700000524520874,1.5700000524520874,4602.0
2026-08-05 09:35:00,NN,,13.850000381469727,13.90999984741211,13.835000038146973,13.835000038146973,18427.0
2026-08-05 09:35:00,NNBR,,3.7799999713897705,3.8199000358581543,3.7799999713897705,3.8199000358581543,2376.0
2026-08-05 09:35:00,NNDM,,1.5850000381469727,1.5850000381469727,1.5800000429153442,1.5810999870300293,2826.0
2026-08-05 09:35:00,NNOX,,1.0600999593734741,1.0600999593734741,1.059999942779541,1.059999942779541,1865.0
2026-08-05 09:35:00,NOVT,,157.52999877929688,157.52999877929688,157.52999877929688,157.52999877929688,142.0
2026-08-05 09:35:00,NRIX,,25.1299991607666,25.270000457763672,25.1299991607666,25.270000457763672,2939.0
2026-08-05 09:35:00,NRSN,,0.5400000214576721,0.5400000214576721,0.5400000214576721,0.5400000214576721,1007.0
2026-08-05 09:35:00,NRXP,,2.940000057220459,2.946000099182129,2.930000066757202,2.944999933242798,2238.0
2026-08-05 09:35:00,NTAP,,191.2899932861328,191.91250610351562,191.2899932861328,191.65499877929688,7367.0
2026-08-05 09:35:00,NTCT,,41.72999954223633,41.72999954223633,41.72999954223633,41.72999954223633,429.0
2026-08-05 09:35:00,NTES,,128.23500061035156,128.3800048828125,128.125,128.25999450683594,10407.0
2026-08-05 09:35:00,NTNX,,62.14500045776367,62.15999984741211,61.95000076293945,62.01499938964844,9177.0
2026-08-05 09:35:00,NTRA,,276.4750061035156,276.5,276.4750061035156,276.5,325.0
2026-08-05 09:35:00,NTRS,,185.14999389648438,185.14999389648438,185.14999389648438,185.14999389648438,717.0
2026-08-05 09:35:00,NUWE,,1.781000018119812,1.781000018119812,1.781000018119812,1.781000018119812,695.0
2026-08-05 09:35:00,NVAX,,7.715000152587891,7.715000152587891,7.684999942779541,7.710000038146973,10829.0
2026-08-05 09:35:00,NVCT,,20.575000762939453,20.575000762939453,20.575000762939453,20.575000762939453,140.0
2026-08-05 09:35:00,NVDA,,218.902099609375,219.28500366210938,218.27000427246094,218.3699951171875,1287951.0
2026-08-05 09:35:00,NVEC,,125.2300033569336,125.2300033569336,125.2300033569336,125.2300033569336,317.0
2026-08-05 09:35:00,NVMI,,410.8900146484375,411.44000244140625,410.0799865722656,411.1499938964844,547.0
2026-08-05 09:35:00,NVTS,,12.54010009765625,12.59000015258789,12.520000457763672,12.569999694824219,22949.0
2026-08-05 09:35:00,NWL,,6.054999828338623,6.059999942779541,6.025000095367432,6.03000020980835,48560.0
2026-08-05 09:35:00,NWS,,32.439998626708984,32.48500061035156,32.43000030517578,32.47999954223633,5843.0
2026-08-05 09:35:00,NWSA,,28.309999465942383,28.358999252319336,28.309999465942383,28.350000381469727,15706.0
2026-08-05 09:35:00,NXPI,,236.0399932861328,236.0399932861328,234.6699981689453,235.6300048828125,8697.0
2026-08-05 09:35:00,NXT,,97.66999816894531,97.82499694824219,97.30999755859375,97.4000015258789,5121.0
2026-08-05 09:35:00,OCC,,15.670000076293945,15.670000076293945,15.670000076293945,15.670000076293945,2463.0
2026-08-05 09:35:00,OCFC,,19.69499969482422,19.700000762939453,19.690000534057617,19.690000534057617,872.0
2026-08-05 09:35:00,OCGN,,1.3250000476837158,1.3250000476837158,1.3200000524520874,1.3250000476837158,4560.0
2026-08-05 09:35:00,OCS,,11.949999809265137,11.949999809265137,11.949999809265137,11.949999809265137,104.0
2026-08-05 09:35:00,OCSL,,12.210000038146973,12.210000038146973,12.135000228881836,12.180000305175781,3458.0
2026-08-05 09:35:00,OCUL,,8.6850004196167,8.719900131225586,8.6850004196167,8.710000038146973,1676.0
2026-08-05 09:35:00,ODD,,15.0649995803833,15.0649995803833,15.029999732971191,15.029999732971191,300.0
2026-08-05 09:35:00,ODFL,,218.02200317382812,218.67999267578125,218.02200317382812,218.50999450683594,4176.0
2026-08-05 09:35:00,OESX,,14.600000381469727,14.600000381469727,14.149999618530273,14.210000038146973,2454.0
2026-08-05 09:35:00,OFS,,3.634999990463257,3.634999990463257,3.634999990463257,3.634999990463257,115.0
2026-08-05 09:35:00,OKTA,,150.3000030517578,150.3000030517578,149.36500549316406,149.36500549316406,5239.0
2026-08-05 09:35:00,OKYO,,1.7200000286102295,1.7200000286102295,1.7200000286102295,1.7200000286102295,1963.0
2026-08-05 09:35:00,OLLI,,77.28500366210938,77.56999969482422,77.2699966430664,77.2699966430664,5271.0
2026-08-05 09:35:00,OLMA,,11.954999923706055,11.954999923706055,11.954999923706055,11.954999923706055,178.0
2026-08-05 09:35:00,OMER,,12.930000305175781,12.930000305175781,12.930000305175781,12.930000305175781,427.0
2026-08-05 09:35:00,OMH,,0.11140000075101852,0.11140000075101852,0.11129999905824661,0.11129999905824661,9384.0
2026-08-05 09:35:00,ON,,78.70999908447266,78.70999908447266,78.07759857177734,78.48999786376953,70899.0
2026-08-05 09:35:00,ONB,,27.059999465942383,27.059999465942383,27.020000457763672,27.040000915527344,22954.0
2026-08-05 09:35:00,ONDS,,8.920000076293945,8.989999771118164,8.919899940490723,8.979900360107422,184725.0
2026-08-05 09:35:00,ONFO,,0.08349999785423279,0.08349999785423279,0.08209999650716782,0.08259999752044678,511260.0
2026-08-05 09:35:00,OPBK,,15.739999771118164,15.760000228881836,15.739999771118164,15.760000228881836,126.0
2026-08-05 09:35:00,OPEN,,3.7699999809265137,3.799999952316284,3.740000009536743,3.7950000762939453,505672.0
2026-08-05 09:35:00,OPK,,1.309999942779541,1.309999942779541,1.2999999523162842,1.2999999523162842,1321.0
2026-08-05 09:35:00,ORGO,,2.380000114440918,2.380000114440918,2.375,2.380000114440918,1768.0
2026-08-05 09:35:00,ORIC,,13.960000038146973,14.039999961853027,13.949999809265137,13.949999809265137,6702.0
2026-08-05 09:35:00,ORLY,,92.52999877929688,92.56999969482422,92.44000244140625,92.45999908447266,15978.0
2026-08-05 09:35:00,OSBC,,25.739999771118164,25.760000228881836,25.739999771118164,25.760000228881836,4185.0
2026-08-05 09:35:00,OSPN,,18.31999969482422,18.479999542236328,18.0,18.0,8788.0
2026-08-05 09:35:00,OSS,,12.574999809265137,12.797200202941895,12.520500183105469,12.75,14386.0
2026-08-05 09:35:00,OSUR,,4.199999809265137,4.199999809265137,4.179999828338623,4.190000057220459,1109.0
2026-08-05 09:35:00,OSW,,26.65999984741211,26.670000076293945,26.639999389648438,26.639999389648438,1854.0
2026-08-05 09:35:00,OTEX,,26.270000457763672,26.309999465942383,26.270000457763672,26.295000076293945,3521.0
2026-08-05 09:35:00,OTLK,,1.0049999952316284,1.0099999904632568,1.0,1.0045000314712524,7491.0
2026-08-05 09:35:00,OVBC,,42.5,42.5,42.5,42.5,200.0
2026-08-05 09:35:00,OVID,,2.5190000534057617,2.5250000953674316,2.5190000534057617,2.5199999809265137,1216.0
2026-08-05 09:35:00,OXLC,,9.180000305175781,9.180000305175781,9.168299674987793,9.170000076293945,1937.0
2026-08-05 09:35:00,PAA,,23.344999313354492,23.375,23.329999923706055,23.375,7251.0
2026-08-05 09:35:00,PAAS,,47.22999954223633,47.37099838256836,47.18000030517578,47.37099838256836,22342.0
2026-08-05 09:35:00,PACB,,1.4149999618530273,1.4199999570846558,1.4149999618530273,1.4190000295639038,3630.0
2026-08-05 09:35:00,PAGP,,25.209999084472656,25.225000381469727,25.184999465942383,25.209999084472656,5821.0
2026-08-05 09:35:00,PAHC,,37.380001068115234,37.380001068115234,37.380001068115234,37.380001068115234,1470.0
2026-08-05 09:35:00,PALI,,2.0850000381469727,2.085400104522705,2.080199956893921,2.080199956893921,2115.0
2026-08-05 09:35:00,PANL,,7.369999885559082,7.389999866485596,7.369999885559082,7.389999866485596,1633.0
2026-08-05 09:35:00,PANW,,373.9100036621094,373.9100036621094,370.05499267578125,370.05499267578125,19529.0
2026-08-05 09:35:00,PATK,,87.05000305175781,87.05000305175781,87.05000305175781,87.05000305175781,1448.0
2026-08-05 09:35:00,PAYO,,7.135000228881836,7.139999866485596,7.130000114440918,7.130000114440918,32002.0
2026-08-05 09:35:00,PAYX,,118.19999694824219,118.43000030517578,118.19499969482422,118.43000030517578,4257.0
2026-08-05 09:35:00,PCAR,,135.9499969482422,136.1199951171875,135.77499389648438,135.86000061035156,17068.0
2026-08-05 09:35:00,PCRX,,25.969999313354492,25.969999313354492,25.299999237060547,25.299999237060547,4698.0
2026-08-05 09:35:00,PCT,,7.086100101470947,7.086100101470947,7.070000171661377,7.085000038146973,5079.0
2026-08-05 09:35:00,PCTY,,146.25,146.25,146.25,146.25,934.0
2026-08-05 09:35:00,PDD,,91.375,91.45999908447266,91.29010009765625,91.44999694824219,17527.0
2026-08-05 09:35:00,PDFS,,50.349998474121094,50.849998474121094,50.349998474121094,50.849998474121094,495.0
2026-08-05 09:35:00,PEBK,,42.9900016784668,42.9900016784668,42.9900016784668,42.9900016784668,201.0
2026-08-05 09:35:00,PEBO,,41.537498474121094,41.537498474121094,41.537498474121094,41.537498474121094,268.0
2026-08-05 09:35:00,PECO,,41.209999084472656,41.209999084472656,41.209999084472656,41.209999084472656,152.0
2026-08-05 09:35:00,PEGA,,31.809999465942383,31.809999465942383,31.809999465942383,31.809999465942383,2178.0
2026-08-05 09:35:00,PENN,,20.100000381469727,20.100000381469727,20.075000762939453,20.075000762939453,727.0
2026-08-05 09:35:00,PEP,,138.74000549316406,138.76849365234375,138.5800018310547,138.58999633789062,14643.0
2026-08-05 09:35:00,PEPG,,1.9500000476837158,1.9700000286102295,1.9500000476837158,1.9700000286102295,5138.0
2026-08-05 09:35:00,PERI,,9.635000228881836,9.640000343322754,9.630000114440918,9.640000343322754,1559.0
2026-08-05 09:35:00,PESI,,17.520000457763672,17.520000457763672,17.520000457763672,17.520000457763672,402.0
2026-08-05 09:35:00,PFG,,116.02999877929688,116.18000030517578,116.02999877929688,116.11000061035156,2162.0
2026-08-05 09:35:00,PFIS,,71.70999908447266,71.98999786376953,71.5999984741211,71.75,5314.0
2026-08-05 09:35:00,PGC,,46.400001525878906,46.400001525878906,46.400001525878906,46.400001525878906,487.0
2026-08-05 09:35:00,PGEN,,6.78380012512207,6.829999923706055,6.739999771118164,6.809999942779541,49584.0
2026-08-05 09:35:00,PGY,,21.440000534057617,21.6200008392334,21.43000030517578,21.6200008392334,26720.0
2026-08-05 09:35:00,PHAT,,8.510000228881836,8.515000343322754,8.5,8.5,2042.0
2026-08-05 09:35:00,PHVS,,33.880001068115234,33.880001068115234,33.880001068115234,33.880001068115234,281.0
2026-08-05 09:35:00,PLAB,,32.23540115356445,32.23540115356445,32.23540115356445,32.23540115356445,696.0
2026-08-05 09:35:00,PLMR,,136.86500549316406,136.86500549316406,136.86500549316406,136.86500549316406,1507.0
2026-08-05 09:35:00,PLPC,,437.6881103515625,440.5400085449219,437.6881103515625,439.8500061035156,1023.0
2026-08-05 09:35:00,PLTK,,3.994999885559082,4.010000228881836,3.990000009536743,4.010000228881836,4534.0
2026-08-05 09:35:00,PLUG,,2.115000009536743,2.119999885559082,2.109999895095825,2.119999885559082,72429.0
2026-08-05 09:35:00,PMN,,13.265000343322754,13.265000343322754,13.265000343322754,13.265000343322754,200.0
2026-08-05 09:35:00,PMVP,,1.184999942779541,1.184999942779541,1.184999942779541,1.184999942779541,200.0
2026-08-05 09:35:00,PNBK,,1.149999976158142,1.149999976158142,1.149999976158142,1.149999976158142,1322.0
2026-08-05 09:35:00,PNFP,,108.98999786376953,109.22000122070312,108.75,108.84500122070312,7111.0
2026-08-05 09:35:00,PNTG,,38.130001068115234,38.20000076293945,38.130001068115234,38.20000076293945,730.0
2026-08-05 09:35:00,POET,,8.319999694824219,8.359999656677246,8.260000228881836,8.332300186157227,80388.0
2026-08-05 09:35:00,POLA,,1.9299999475479126,1.9299999475479126,1.909999966621399,1.909999966621399,417.0
2026-08-05 09:35:00,POWL,,207.1999969482422,207.1999969482422,206.57000732421875,206.63099670410156,561.0
2026-08-05 09:35:00,PPC,,26.905000686645508,26.905000686645508,26.905000686645508,26.905000686645508,1589.0
2026-08-05 09:35:00,PPIH,,25.979999542236328,25.989999771118164,25.8700008392334,25.90999984741211,604.0
2026-08-05 09:35:00,PPSI,,3.0,3.0,3.0,3.0,3950.0
2026-08-05 09:35:00,PPTA,,22.125,22.200000762939453,22.079999923706055,22.149999618530273,11512.0
2026-08-05 09:35:00,PRAX,,317.5950012207031,318.8299865722656,317.5950012207031,318.8299865722656,435.0
2026-08-05 09:35:00,PRCH,,16.145000457763672,16.18000030517578,16.100000381469727,16.149999618530273,4245.0
2026-08-05 09:35:00,PRCT,,18.08060073852539,18.299999237060547,18.08060073852539,18.100000381469727,7798.0
2026-08-05 09:35:00,PRE,,18.0,18.0,18.0,18.0,105.0
2026-08-05 09:35:00,PRGS,,41.70500183105469,41.880001068115234,41.70500183105469,41.880001068115234,211.0
2026-08-05 09:35:00,PRIM,,87.42500305175781,88.05000305175781,87.42500305175781,87.5999984741211,1620.0
2026-08-05 09:35:00,PRLD,,4.53000020980835,4.53000020980835,4.489999771118164,4.489999771118164,526.0
2026-08-05 09:35:00,PRME,,2.9600000381469727,2.9600000381469727,2.950000047683716,2.950000047683716,8908.0
2026-08-05 09:35:00,PRQR,,1.8949999809265137,1.8949999809265137,1.8949999809265137,1.8949999809265137,400.0
2026-08-05 09:35:00,PRSO,,0.699999988079071,0.699999988079071,0.699999988079071,0.699999988079071,0.0
2026-08-05 09:35:00,PRTA,,8.579999923706055,8.579999923706055,8.539999961853027,8.550000190734863,1658.0
2026-08-05 09:35:00,PRTH,,6.719900131225586,6.719900131225586,6.710000038146973,6.710000038146973,0.0
2026-08-05 09:35:00,PRVA,,23.75,23.827499389648438,23.559999465942383,23.827499389648438,3954.0
2026-08-05 09:35:00,PSEC,,2.2249999046325684,2.2249999046325684,2.2200000286102295,2.2200000286102295,5841.0
2026-08-05 09:35:00,PSNL,,13.385000228881836,13.479900360107422,13.346500396728516,13.346500396728516,2031.0
2026-08-05 09:35:00,PTCT,,69.66999816894531,69.66999816894531,69.66999816894531,69.66999816894531,279.0
2026-08-05 09:35:00,PTEN,,10.029999732971191,10.029999732971191,10.0,10.010000228881836,4483.0
2026-08-05 09:35:00,PTLO,,4.510000228881836,4.514999866485596,4.510000228881836,4.510000228881836,5443.0
2026-08-05 09:35:00,PTON,,6.550000190734863,6.550000190734863,6.53000020980835,6.534999847412109,14673.0
2026-08-05 09:35:00,PUBM,,13.8100004196167,13.8100004196167,13.8100004196167,13.8100004196167,268.0
2026-08-05 09:35:00,PWP,,17.231000900268555,17.25,17.200000762939453,17.25,3170.0
2026-08-05 09:35:00,PYPL,,59.0,59.0,58.849998474121094,58.93000030517578,19563.0
2026-08-05 09:35:00,PYXS,,3.2386999130249023,3.2386999130249023,3.2249999046325684,3.2249999046325684,494.0
2026-08-05 09:35:00,PZZA,,30.489999771118164,30.489999771118164,30.422000885009766,30.422000885009766,1858.0
2026-08-05 09:35:00,QCOM,,160.25,160.36000061035156,159.82000732421875,160.1999969482422,36474.0
2026-08-05 09:35:00,QFIN,,13.40999984741211,13.40999984741211,13.34000015258789,13.34000015258789,2812.0
2026-08-05 09:35:00,QQQX,,30.739999771118164,30.739999771118164,30.739999771118164,30.739999771118164,333.0
2026-08-05 09:35:00,QRVO,,94.63999938964844,94.63999938964844,94.61000061035156,94.61000061035156,1573.0
2026-08-05 09:35:00,SEED,,0.9395999908447266,0.9452999830245972,0.9200999736785889,0.925000011920929,3485.0
2026-08-05 09:35:00,STIM,,2.3299999237060547,2.3299999237060547,2.3239998817443848,2.3239998817443848,402.0
2026-08-05 09:35:00,TARA,,4.070000171661377,4.070000171661377,4.070000171661377,4.070000171661377,519.0
2026-08-05 09:35:00,WOOF,,2.950000047683716,2.950000047683716,2.940000057220459,2.940000057220459,1166.0
2026-08-05 09:36:00,ACDC,,4.215000152587891,4.239999771118164,4.215000152587891,4.230999946594238,17637.0
2026-08-05 09:36:00,CNXN,,84.18000030517578,84.45999908447266,84.18000030517578,84.29499816894531,1965.0
2026-08-05 09:36:00,EYE,,23.899999618530273,23.899999618530273,23.764999389648438,23.764999389648438,705.0
2026-08-05 09:36:00,FIZZ,,31.920000076293945,31.920000076293945,31.920000076293945,31.920000076293945,1245.0
2026-08-05 09:36:00,GLUE,,16.719999313354492,16.719999313354492,16.65999984741211,16.719999313354492,3930.0
2026-08-05 09:36:00,LUNG,,1.9950000047683716,1.9950000047683716,1.9704999923706055,1.9704999923706055,2876.0
2026-08-05 09:36:00,MBRX,,0.4000999927520752,0.4020000100135803,0.398499995470047,0.3986000120639801,6066.0
2026-08-05 09:36:00,MDB,,383.92999267578125,385.2300109863281,383.260009765625,385.2300109863281,3251.0
2026-08-05 09:36:00,MDLZ,,61.939998626708984,62.0099983215332,61.7400016784668,61.744998931884766,43540.0
2026-08-05 09:36:00,MLTX,,17.94499969482422,17.94499969482422,17.94499969482422,17.94499969482422,3888.0
2026-08-05 09:36:00,MNPR,,118.61000061035156,118.62000274658203,117.50499725341797,118.37999725341797,2527.0
2026-08-05 09:36:00,MNRO,,13.300000190734863,13.350000381469727,13.279999732971191,13.350000381469727,2475.0
2026-08-05 09:36:00,MNST,,94.7699966430664,94.79000091552734,94.63999938964844,94.68499755859375,5014.0
2026-08-05 09:36:00,MNTS,,4.40339994430542,4.409999847412109,4.3805999755859375,4.381999969482422,9934.0
2026-08-05 09:36:00,MORN,,203.4949951171875,203.4949951171875,203.4949951171875,203.4949951171875,228.0
2026-08-05 09:36:00,MOVE,,12.576000213623047,12.640000343322754,12.576000213623047,12.579999923706055,4556.0
2026-08-05 09:36:00,MPWR,,1325.1600341796875,1337.969970703125,1325.1600341796875,1335.030029296875,948.0
2026-08-05 09:36:00,MRNA,,57.505001068115234,57.68000030517578,57.380001068115234,57.68000030517578,12548.0
2026-08-05 09:36:00,MYGN,,3.2100000381469727,3.2100000381469727,3.0899999141693115,3.0899999141693115,48815.0
2026-08-05 09:36:00,MYRG,,340.8500061035156,341.5,339.7250061035156,339.7250061035156,1311.0
2026-08-05 09:36:00,NAMS,,26.430099487304688,26.600000381469727,25.739999771118164,26.600000381469727,6101.0
2026-08-05 09:36:00,NAVI,,9.270000457763672,9.270000457763672,9.25,9.260000228881836,2451.0
2026-08-05 09:36:00,NB,,5.119999885559082,5.151000022888184,5.099999904632568,5.130000114440918,22773.0
2026-08-05 09:36:00,NBIX,,167.5399932861328,167.5399932861328,167.5399932861328,167.5399932861328,592.0
2026-08-05 09:36:00,NCMI,,4.090000152587891,4.090000152587891,4.090000152587891,4.090000152587891,30712.0
2026-08-05 09:36:00,NCRA,,1.8849999904632568,1.8849999904632568,1.8849999904632568,1.8849999904632568,102.0
2026-08-05 09:36:00,NDAQ,,94.53500366210938,94.58000183105469,94.4000015258789,94.41000366210938,8278.0
2026-08-05 09:36:00,NDLS,,17.905000686645508,17.905000686645508,17.905000686645508,17.905000686645508,4015.0
2026-08-05 09:36:00,NDSN,,309.8699951171875,309.8699951171875,309.8699951171875,309.8699951171875,125.0
2026-08-05 09:36:00,NEGG,,15.25,15.279999732971191,15.25,15.279999732971191,2129.0
2026-08-05 09:36:00,NEO,,16.084999084472656,16.084999084472656,16.084999084472656,16.084999084472656,596.0
2026-08-05 09:36:00,NEOG,,11.680000305175781,11.6850004196167,11.670000076293945,11.670000076293945,1842.0
2026-08-05 09:36:00,NEOV,,2.6898999214172363,2.7100000381469727,2.674999952316284,2.7100000381469727,21345.0
2026-08-05 09:36:00,NESR,,28.885000228881836,28.885000228881836,28.885000228881836,28.885000228881836,293.0
2026-08-05 09:36:00,NEXT,,6.53000020980835,6.53000020980835,6.53000020980835,6.53000020980835,2473.0
2026-08-05 09:36:00,NFLX,,74.55229949951172,74.65989685058594,74.43000030517578,74.43000030517578,137769.0
2026-08-05 09:36:00,NGNE,,35.20000076293945,35.20000076293945,35.20000076293945,35.20000076293945,585.0
2026-08-05 09:36:00,NICE,,95.80000305175781,96.9000015258789,95.50499725341797,95.50499725341797,11722.0
2026-08-05 09:36:00,NKTX,,2.240000009536743,2.25,2.2300000190734863,2.240000009536743,6214.0
2026-08-05 09:36:00,NMFC,,7.280099868774414,7.328000068664551,7.280099868774414,7.328000068664551,1709.0
2026-08-05 09:36:00,NMRA,,1.559999942779541,1.5700000524520874,1.559999942779541,1.5700000524520874,3352.0
2026-08-05 09:36:00,NN,,13.782999992370605,13.8100004196167,13.782999992370605,13.8100004196167,6256.0
2026-08-05 09:36:00,NNBR,,3.829900026321411,3.829900026321411,3.7799999713897705,3.7799999713897705,1980.0
2026-08-05 09:36:00,NNDM,,1.5850000381469727,1.5850000381469727,1.5800000429153442,1.5850000381469727,6551.0
2026-08-05 09:36:00,NOVT,,158.5399932861328,158.5399932861328,158.5399932861328,158.5399932861328,1434.0
2026-08-05 09:36:00,NRIX,,25.09000015258789,25.09000015258789,25.040000915527344,25.040000915527344,2474.0
2026-08-05 09:36:00,NRSNW,,0.05999999865889549,0.05999999865889549,0.05999999865889549,0.05999999865889549,0.0
2026-08-05 09:36:00,NRXP,,2.9000000953674316,2.940999984741211,2.9000000953674316,2.940999984741211,1145.0
2026-08-05 09:36:00,NSSC,,40.01499938964844,40.01499938964844,40.01499938964844,40.01499938964844,382.0
2026-08-05 09:36:00,NTAP,,190.05499267578125,191.25999450683594,189.41000366210938,191.25999450683594,12306.0
2026-08-05 09:36:00,NTES,,128.1999969482422,128.55999755859375,128.1300048828125,128.22999572753906,9390.0
2026-08-05 09:36:00,NTGR,,24.040000915527344,24.100000381469727,24.010000228881836,24.040000915527344,2069.0
2026-08-05 09:36:00,NTNX,,62.14500045776367,62.20000076293945,62.0,62.20000076293945,6962.0
2026-08-05 09:36:00,NTRA,,276.0299987792969,277.3299865722656,276.0299987792969,277.3299865722656,959.0
2026-08-05 09:36:00,NTRS,,185.05499267578125,185.05499267578125,184.44000244140625,185.05499267578125,1010.0
2026-08-05 09:36:00,NUWE,,1.815000057220459,1.815000057220459,1.7799999713897705,1.7799999713897705,20030.0
2026-08-05 09:36:00,NVAX,,7.71999979019165,7.71999979019165,7.690000057220459,7.710000038146973,5311.0
2026-08-05 09:36:00,NVCR,,16.170000076293945,16.170000076293945,16.170000076293945,16.170000076293945,380.0
2026-08-05 09:36:00,NVDA,,219.27000427246094,219.57000732421875,218.70089721679688,219.27000427246094,1102326.0
2026-08-05 09:36:00,NVMI,,407.1099853515625,411.0,407.1099853515625,411.0,2394.0
2026-08-05 09:36:00,NVTS,,12.420000076293945,12.5600004196167,12.329999923706055,12.5600004196167,116700.0
2026-08-05 09:36:00,NVVE,,0.8999999761581421,0.8999999761581421,0.8999999761581421,0.8999999761581421,1000.0
2026-08-05 09:36:00,NWBI,,15.954999923706055,15.954999923706055,15.899999618530273,15.899999618530273,11918.0
2026-08-05 09:36:00,NWE,,69.66179656982422,69.66179656982422,69.66179656982422,69.66179656982422,322.0
2026-08-05 09:36:00,NWL,,6.039999961853027,6.054999828338623,6.025000095367432,6.054999828338623,13329.0
2026-08-05 09:36:00,NWS,,32.599998474121094,32.599998474121094,32.470001220703125,32.470001220703125,9480.0
2026-08-05 09:36:00,NWSA,,28.459999084472656,28.489999771118164,28.329999923706055,28.34000015258789,16192.0
2026-08-05 09:36:00,NXPI,,234.99000549316406,235.67999267578125,234.99000549316406,235.67999267578125,7678.0
2026-08-05 09:36:00,NXST,,194.6300048828125,194.6300048828125,194.23019409179688,194.23019409179688,875.0
2026-08-05 09:36:00,NXT,,96.69000244140625,97.53500366210938,96.31999969482422,97.53500366210938,8833.0
2026-08-05 09:36:00,NXTC,,5.742499828338623,5.742499828338623,5.742499828338623,5.742499828338623,114.0
2026-08-05 09:36:00,OCC,,15.5,15.5,15.479999542236328,15.479999542236328,1900.0
2026-08-05 09:36:00,OCCI,,2.4988999366760254,2.4988999366760254,2.4988999366760254,2.4988999366760254,3645.0
2026-08-05 09:36:00,OCFC,,19.75,19.75,19.709999084472656,19.709999084472656,5566.0
2026-08-05 09:36:00,OCGN,,1.309999942779541,1.3300000429153442,1.309999942779541,1.3300000429153442,61548.0
2026-08-05 09:36:00,OCS,,11.949999809265137,11.949999809265137,11.949999809265137,11.949999809265137,102.0
2026-08-05 09:36:00,OCSL,,12.194999694824219,12.194999694824219,12.194999694824219,12.194999694824219,466.0
2026-08-05 09:36:00,OCUL,,8.680000305175781,8.680000305175781,8.649999618530273,8.649999618530273,415.0
2026-08-05 09:36:00,ODD,,15.164999961853027,15.170000076293945,15.109999656677246,15.130000114440918,1196.0
2026-08-05 09:36:00,ODFL,,219.22500610351562,219.22500610351562,218.6699981689453,218.67999267578125,3760.0
2026-08-05 09:36:00,OESX,,14.869999885559082,14.994000434875488,14.490500450134277,14.625,6321.0
2026-08-05 09:36:00,OKTA,,150.27000427246094,150.52000427246094,150.27000427246094,150.52000427246094,2556.0
2026-08-05 09:36:00,OLLI,,77.2699966430664,77.33000183105469,77.26000213623047,77.2699966430664,6117.0
2026-08-05 09:36:00,OLMA,,11.954999923706055,11.954999923706055,11.954999923706055,11.954999923706055,805.0
2026-08-05 09:36:00,OMCL,,37.060001373291016,37.06999969482422,37.029998779296875,37.029998779296875,1355.0
2026-08-05 09:36:00,OMER,,12.949999809265137,12.949999809265137,12.949999809265137,12.949999809265137,896.0
2026-08-05 09:36:00,OMH,,0.11190000176429749,0.11209999769926071,0.11150000244379044,0.11150000244379044,23188.0
2026-08-05 09:36:00,ON,,78.2699966430664,78.75,78.04170227050781,78.70999908447266,42850.0
2026-08-05 09:36:00,ONB,,27.110000610351562,27.1200008392334,27.059999465942383,27.059999465942383,8226.0
2026-08-05 09:36:00,ONCY,,0.800599992275238,0.8011000156402588,0.800599992275238,0.800599992275238,2636.0
2026-08-05 09:36:00,ONDS,,8.864999771118164,8.919899940490723,8.779999732971191,8.91819953918457,327451.0
2026-08-05 09:36:00,ONFO,,0.08259999752044678,0.08349999785423279,0.08240000158548355,0.08349999785423279,220954.0
2026-08-05 09:36:00,OPAL,,2.380000114440918,2.4000000953674316,2.380000114440918,2.4000000953674316,802.0
2026-08-05 09:36:00,OPBK,,15.6899995803833,15.6899995803833,15.6899995803833,15.6899995803833,101.0
2026-08-05 09:36:00,OPCH,,23.420000076293945,23.420000076293945,23.420000076293945,23.420000076293945,529.0
2026-08-05 09:36:00,OPEN,,3.7799999713897705,3.815000057220459,3.7701001167297363,3.7750000953674316,346997.0
2026-08-05 09:36:00,OPK,,1.3049999475479126,1.309999942779541,1.2999999523162842,1.309999942779541,6403.0
2026-08-05 09:36:00,OPRA,,20.402999877929688,20.579999923706055,20.402999877929688,20.579999923706055,4458.0
2026-08-05 09:36:00,OPRX,,6.78000020980835,6.78000020980835,6.78000020980835,6.78000020980835,593.0
2026-08-05 09:36:00,ORIC,,13.949000358581543,13.96500015258789,13.920000076293945,13.949999809265137,3151.0
2026-08-05 09:36:00,ORLY,,92.63999938964844,92.73500061035156,92.5625,92.63999938964844,12536.0
2026-08-05 09:36:00,ORMP,,4.460000038146973,4.460000038146973,4.460000038146973,4.460000038146973,633.0
2026-08-05 09:36:00,OSIS,,235.61500549316406,235.61500549316406,235.61500549316406,235.61500549316406,135.0
2026-08-05 09:36:00,OSPN,,18.09000015258789,18.325000762939453,18.040000915527344,18.325000762939453,6770.0
2026-08-05 09:36:00,OSS,,12.460000038146973,12.65999984741211,12.404999732971191,12.574999809265137,37688.0
2026-08-05 09:36:00,OSUR,,4.195000171661377,4.195000171661377,4.195000171661377,4.195000171661377,1177.0
2026-08-05 09:36:00,OTEX,,26.329999923706055,26.399999618530273,26.290000915527344,26.299999237060547,7346.0
2026-08-05 09:36:00,OTLK,,1.0049999952316284,1.0099999904632568,1.001099944114685,1.007699966430664,32340.0
2026-08-05 09:36:00,OTTR,,91.91999816894531,92.0199966430664,91.43000030517578,92.0199966430664,1614.0
2026-08-05 09:36:00,OVBC,,42.79499816894531,42.79499816894531,42.79499816894531,42.79499816894531,548.0
2026-08-05 09:36:00,OVID,,2.509999990463257,2.509999990463257,2.5,2.509999990463257,720.0
2026-08-05 09:36:00,OXLC,,9.15999984741211,9.1899995803833,9.15999984741211,9.1899995803833,7847.0
2026-08-05 09:36:00,OXSQ,,1.4890999794006348,1.4900000095367432,1.4850000143051147,1.4900000095367432,11649.0
2026-08-05 09:36:00,PAA,,23.43000030517578,23.450000762939453,23.360000610351562,23.360000610351562,4152.0
2026-08-05 09:36:00,PAAS,,47.04999923706055,47.209999084472656,47.0,47.18000030517578,26788.0
2026-08-05 09:36:00,PACB,,1.4199999570846558,1.4220000505447388,1.4199999570846558,1.4199999570846558,10410.0
2026-08-05 09:36:00,PAGP,,25.290000915527344,25.290000915527344,25.209999084472656,25.209999084472656,5822.0
2026-08-05 09:36:00,PALI,,2.075000047683716,2.0850000381469727,2.069999933242798,2.0850000381469727,9906.0
2026-08-05 09:36:00,PANW,,371.80999755859375,373.9783935546875,371.0199890136719,373.56439208984375,21154.0
2026-08-05 09:36:00,PAX,,11.59000015258789,11.59000015258789,11.59000015258789,11.59000015258789,1311.0
2026-08-05 09:36:00,PAYO,,7.135000228881836,7.139999866485596,7.135000228881836,7.139999866485596,5757.0
2026-08-05 09:36:00,PAYS,,9.34000015258789,9.34000015258789,9.34000015258789,9.34000015258789,250.0
2026-08-05 09:36:00,PAYX,,118.9800033569336,118.9800033569336,118.19499969482422,118.19499969482422,6280.0
2026-08-05 09:36:00,PCAR,,136.19000244140625,136.2100067138672,136.0500030517578,136.0500030517578,8439.0
2026-08-05 09:36:00,PCRX,,26.450000762939453,26.450000762939453,25.959999084472656,25.959999084472656,1950.0
2026-08-05 09:36:00,PCSA,,2.119999885559082,2.119999885559082,2.119999885559082,2.119999885559082,8465.0
2026-08-05 09:36:00,PCT,,7.070000171661377,7.085000038146973,7.059999942779541,7.085000038146973,7204.0
2026-08-05 09:36:00,PCTY,,146.8939971923828,146.8939971923828,146.7449951171875,146.7449951171875,471.0
2026-08-05 09:36:00,PDD,,91.30999755859375,91.47000122070312,91.25499725341797,91.36000061035156,34186.0
2026-08-05 09:36:00,PDFS,,50.54499816894531,50.54499816894531,50.54499816894531,50.54499816894531,561.0
2026-08-05 09:36:00,PEBK,,43.119998931884766,43.13999938964844,42.9900016784668,43.13999938964844,6166.0
2026-08-05 09:36:00,PENN,,20.145000457763672,20.149999618530273,20.104999542236328,20.104999542236328,2733.0
2026-08-05 09:36:00,PEP,,139.14999389648438,139.2799072265625,138.69000244140625,138.69000244140625,15835.0
2026-08-05 09:36:00,PEPG,,1.9299999475479126,1.940000057220459,1.9299999475479126,1.940000057220459,1395.0
2026-08-05 09:36:00,PERI,,9.640000343322754,9.640000343322754,9.640000343322754,9.640000343322754,525.0
2026-08-05 09:36:00,PESI,,17.540000915527344,17.610000610351562,17.540000915527344,17.600000381469727,1905.0
2026-08-05 09:36:00,PFG,,116.11499786376953,116.11499786376953,115.9000015258789,115.94000244140625,2607.0
2026-08-05 09:36:00,PFIS,,70.77999877929688,71.4800033569336,70.77999877929688,71.4800033569336,445.0
2026-08-05 09:36:00,PGEN,,6.829999923706055,6.869999885559082,6.71999979019165,6.740499973297119,174481.0
2026-08-05 09:36:00,PGNY,,31.395000457763672,31.395000457763672,31.395000457763672,31.395000457763672,152.0
2026-08-05 09:36:00,PGY,,21.45009994506836,21.610000610351562,21.45009994506836,21.539899826049805,21303.0
2026-08-05 09:36:00,PHAT,,8.510000228881836,8.520000457763672,8.510000228881836,8.520000457763672,916.0
2026-08-05 09:36:00,PHVS,,34.255001068115234,34.255001068115234,34.255001068115234,34.255001068115234,489.0
2026-08-05 09:36:00,PLAB,,32.13999938964844,32.33000183105469,32.13999938964844,32.33000183105469,3517.0
2026-08-05 09:36:00,PLPC,,435.739990234375,435.739990234375,435.739990234375,435.739990234375,1523.0
2026-08-05 09:36:00,PLTK,,4.005000114440918,4.005000114440918,4.0,4.0,2746.0
2026-08-05 09:36:00,PLUG,,2.1050000190734863,2.119999885559082,2.0999999046325684,2.109999895095825,191101.0
2026-08-05 09:36:00,PMVP,,1.184999942779541,1.184999942779541,1.184999942779541,1.184999942779541,1039.0
2026-08-05 09:36:00,PNBK,,1.1299999952316284,1.1399999856948853,1.1299999952316284,1.1399999856948853,979.0
2026-08-05 09:36:00,PNFP,,108.98999786376953,108.98999786376953,108.98999786376953,108.98999786376953,500.0
2026-08-05 09:36:00,POCI,,4.25,4.25,4.25,4.25,0.0
2026-08-05 09:36:00,POET,,8.229999542236328,8.3100004196167,8.210000038146973,8.3100004196167,66706.0
2026-08-05 09:36:00,POLA,,1.9299999475479126,1.9299999475479126,1.9299999475479126,1.9299999475479126,667.0
2026-08-05 09:36:00,POWI,,63.474998474121094,63.474998474121094,63.474998474121094,63.474998474121094,181.0
2026-08-05 09:36:00,POWL,,207.58999633789062,208.7957000732422,207.031005859375,208.7957000732422,304.0
2026-08-05 09:36:00,PPC,,27.0,27.040000915527344,26.950000762939453,26.969999313354492,2670.0
2026-08-05 09:36:00,PPIH,,25.040000915527344,25.040000915527344,25.040000915527344,25.040000915527344,524.0
2026-08-05 09:36:00,PPSI,,3.009999990463257,3.049999952316284,3.009999990463257,3.0399999618530273,5961.0
2026-08-05 09:36:00,PPTA,,22.0,22.065000534057617,21.90999984741211,22.049999237060547,16358.0
2026-08-05 09:36:00,PRAX,,317.510009765625,317.510009765625,317.510009765625,317.510009765625,637.0
2026-08-05 09:36:00,PRCH,,16.110000610351562,16.145000457763672,16.110000610351562,16.145000457763672,439.0
2026-08-05 09:36:00,PRCT,,18.2549991607666,18.420000076293945,18.2549991607666,18.389999389648438,1029.0
2026-08-05 09:36:00,PRE,,18.0,18.0,18.0,18.0,108.0
2026-08-05 09:36:00,PRIM,,87.59500122070312,87.87000274658203,87.41999816894531,87.43000030517578,6716.0
2026-08-05 09:36:00,PRLD,,4.519999980926514,4.521200180053711,4.510000228881836,4.519999980926514,1006.0
2026-08-05 09:36:00,PRME,,2.944999933242798,2.950000047683716,2.944999933242798,2.950000047683716,5221.0
2026-08-05 09:36:00,PROK,,1.6749999523162842,1.6749999523162842,1.6749999523162842,1.6749999523162842,455.0
2026-08-05 09:36:00,PRQR,,1.8849999904632568,1.8949999809265137,1.8849999904632568,1.8949999809265137,11352.0
2026-08-05 09:36:00,PRVA,,23.649999618530273,23.649999618530273,23.649999618530273,23.649999618530273,229.0
2026-08-05 09:36:00,PSEC,,2.2249999046325684,2.2300000190734863,2.220099925994873,2.2249999046325684,10585.0
2026-08-05 09:36:00,PSNL,,13.510000228881836,13.510000228881836,13.380000114440918,13.380000114440918,2654.0
2026-08-05 09:36:00,PTEN,,10.0,10.020000457763672,9.989999771118164,10.0,13383.0
2026-08-05 09:36:00,PTLO,,4.520500183105469,4.53000020980835,4.519800186157227,4.519800186157227,7040.0
2026-08-05 09:36:00,PTON,,6.539999961853027,6.554999828338623,6.539999961853027,6.554999828338623,18921.0
2026-08-05 09:36:00,PYPL,,58.97999954223633,59.077701568603516,58.939998626708984,59.0,41260.0
2026-08-05 09:36:00,PYXS,,3.2300000190734863,3.243799924850464,3.2300000190734863,3.243799924850464,1370.0
2026-08-05 09:36:00,PZZA,,30.48200035095215,30.48200035095215,30.48200035095215,30.48200035095215,683.0
2026-08-05 09:36:00,QCOM,,159.7100067138672,160.32000732421875,159.5,160.26010131835938,30186.0
2026-08-05 09:36:00,QFIN,,13.40999984741211,13.40999984741211,13.40999984741211,13.40999984741211,482.0
2026-08-05 09:36:00,QRVO,,94.69999694824219,94.77999877929688,94.55000305175781,94.55000305175781,1087.0
2026-08-05 09:36:00,SEED,,0.9300000071525574,0.940500020980835,0.9300000071525574,0.9301000237464905,4555.0
2026-08-05 09:36:00,STIM,,2.3239998817443848,2.331700086593628,2.3239998817443848,2.331700086593628,817.0
2026-08-05 09:36:00,TARA,,4.039999961853027,4.059999942779541,4.039999961853027,4.059999942779541,902.0
2026-08-05 09:36:00,WOOF,,2.946000099182129,2.9560000896453857,2.946000099182129,2.9560000896453857,4516.0
2026-08-05 09:37:00,ACDC,,4.199999809265137,4.210000038146973,4.199999809265137,4.210000038146973,14908.0
2026-08-05 09:37:00,CPOP,,0.36500000953674316,0.36500000953674316,0.36500000953674316,0.36500000953674316,2000.0
2026-08-05 09:37:00,DTIL,,7.460000038146973,7.480000019073486,7.460000038146973,7.480000019073486,886.0
2026-08-05 09:37:00,EYE,,23.56999969482422,23.6299991607666,23.56999969482422,23.6299991607666,2051.0
2026-08-05 09:37:00,GLUE,,16.704999923706055,16.760000228881836,16.649999618530273,16.760000228881836,3848.0
2026-08-05 09:37:00,KIDS,,21.0,21.0,20.989999771118164,20.989999771118164,1341.0
2026-08-05 09:37:00,KITT,,1.0750000476837158,1.0750000476837158,1.0750000476837158,1.0750000476837158,8127.0
2026-08-05 09:37:00,LUNG,,2.0,2.0,2.0,2.0,1347.0
2026-08-05 09:37:00,MBRX,,0.4000000059604645,0.4000999927520752,0.39820000529289246,0.4000999927520752,2130.0
2026-08-05 09:37:00,MDB,,382.375,384.5199890136719,381.5,384.0899963378906,2981.0
2026-08-05 09:37:00,MDLZ,,61.959999084472656,62.0,61.939998626708984,62.0,13429.0
2026-08-05 09:37:00,MLTX,,17.801799774169922,17.899999618530273,17.801799774169922,17.899999618530273,2911.0
2026-08-05 09:37:00,MNRO,,13.157099723815918,13.270000457763672,13.157099723815918,13.270000457763672,1028.0
2026-08-05 09:37:00,MNST,,94.81500244140625,94.83000183105469,94.72509765625,94.73999786376953,7244.0
2026-08-05 09:37:00,MNTS,,4.40500020980835,4.429999828338623,4.361999988555908,4.361999988555908,6209.0
2026-08-05 09:37:00,MORN,,204.07000732421875,204.07000732421875,203.90499877929688,203.90499877929688,742.0
2026-08-05 09:37:00,MOVE,,12.739999771118164,12.739999771118164,12.529999732971191,12.71500015258789,5797.0
2026-08-05 09:37:00,MPWR,,1324.7449951171875,1326.1500244140625,1321.219970703125,1321.239990234375,899.0
2026-08-05 09:37:00,MRNA,,57.51499938964844,57.79819869995117,57.439998626708984,57.529998779296875,6813.0
2026-08-05 09:37:00,MYGN,,3.194999933242798,3.2193000316619873,3.190000057220459,3.2100000381469727,19808.0
2026-08-05 09:37:00,NAMS,,26.3700008392334,26.75,26.239999771118164,26.75,2800.0
2026-08-05 09:37:00,NAUT,,0.9900000095367432,1.0,0.9900000095367432,1.0,7592.0
2026-08-05 09:37:00,NAVI,,9.239999771118164,9.265000343322754,9.239999771118164,9.265000343322754,1347.0
2026-08-05 09:37:00,NB,,5.110000133514404,5.144999980926514,5.099999904632568,5.119999885559082,77479.0
2026-08-05 09:37:00,NBN,,134.97000122070312,134.97000122070312,134.97000122070312,134.97000122070312,1543.0
2026-08-05 09:37:00,NBTX,,40.20009994506836,40.20009994506836,40.20009994506836,40.20009994506836,12016.0
2026-08-05 09:37:00,NCMI,,4.099999904632568,4.099999904632568,4.099999904632568,4.099999904632568,393.0
2026-08-05 09:37:00,NCRA,,1.854599952697754,1.854599952697754,1.854599952697754,1.854599952697754,105.0
2026-08-05 09:37:00,NDAQ,,94.32499694824219,94.62000274658203,94.32499694824219,94.61599731445312,4067.0
2026-08-05 09:37:00,NDSN,,310.1300048828125,310.1300048828125,310.1300048828125,310.1300048828125,53.0
2026-08-05 09:37:00,NEOG,,11.640000343322754,11.65999984741211,11.640000343322754,11.65999984741211,2601.0
2026-08-05 09:37:00,NEOV,,2.7049999237060547,2.735100030899048,2.680000066757202,2.680000066757202,4007.0
2026-08-05 09:37:00,NESR,,28.844999313354492,28.875,28.844999313354492,28.875,372.0
2026-08-05 09:37:00,NEXT,,6.534999847412109,6.534999847412109,6.525000095367432,6.53000020980835,1843.0
2026-08-05 09:37:00,NFE,,0.3393999934196472,0.3393999934196472,0.3393999934196472,0.3393999934196472,200.0
2026-08-05 09:37:00,NFLX,,74.55000305175781,74.625,74.44999694824219,74.54499816894531,218502.0
2026-08-05 09:37:00,NICE,,95.9800033569336,96.04000091552734,95.60140228271484,95.79000091552734,7603.0
2026-08-05 09:37:00,NKTR,,73.36000061035156,73.36000061035156,73.36000061035156,73.36000061035156,238.0
2026-08-05 09:37:00,NMRA,,1.5549999475479126,1.5700000524520874,1.5549999475479126,1.5700000524520874,3155.0
2026-08-05 09:37:00,NN,,13.819999694824219,13.819999694824219,13.819999694824219,13.819999694824219,1310.0
2026-08-05 09:37:00,NNDM,,1.5850000381469727,1.5850000381469727,1.5800000429153442,1.5850000381469727,0.0
2026-08-05 09:37:00,NNOX,,1.0549999475479126,1.059999942779541,1.0499999523162842,1.059999942779541,13973.0
2026-08-05 09:37:00,NRDS,,9.270000457763672,9.300000190734863,9.270000457763672,9.300000190734863,3257.0
2026-08-05 09:37:00,NRIX,,25.059999465942383,25.139999389648438,25.059999465942383,25.139999389648438,3032.0
2026-08-05 09:37:00,NRXP,,2.934999942779541,2.940999984741211,2.9159998893737793,2.9159998893737793,4645.0
2026-08-05 09:37:00,NTAP,,190.44000244140625,190.6199951171875,190.0,190.24000549316406,1680.0
2026-08-05 09:37:00,NTCT,,41.99359893798828,41.99359893798828,41.99359893798828,41.99359893798828,977.0
2026-08-05 09:37:00,NTNX,,61.91999816894531,62.111000061035156,61.90999984741211,62.029998779296875,3851.0
2026-08-05 09:37:00,NTRA,,276.8900146484375,276.8900146484375,276.8900146484375,276.8900146484375,1858.0
2026-08-05 09:37:00,NTRS,,185.05499267578125,185.05499267578125,185.05499267578125,185.05499267578125,375.0
2026-08-05 09:37:00,NUWE,,1.815000057220459,1.8300000429153442,1.7999999523162842,1.8001999855041504,8819.0
2026-08-05 09:37:00,NVAX,,7.699999809265137,7.730000019073486,7.699999809265137,7.710000038146973,8699.0
2026-08-05 09:37:00,NVCR,,16.167299270629883,16.167299270629883,16.139999389648438,16.15999984741211,5907.0
2026-08-05 09:37:00,NVCT,,20.575000762939453,20.575000762939453,20.575000762939453,20.575000762939453,200.0
2026-08-05 09:37:00,NVDA,,219.77749633789062,219.94500732421875,218.9552001953125,219.25999450683594,1337252.0
2026-08-05 09:37:00,NVTS,,12.392000198364258,12.461000442504883,12.376999855041504,12.390000343322754,20924.0
2026-08-05 09:37:00,NWBI,,15.960000038146973,15.960000038146973,15.954999923706055,15.954999923706055,1767.0
2026-08-05 09:37:00,NWL,,6.030399799346924,6.050000190734863,6.03000020980835,6.050000190734863,11219.0
2026-08-05 09:37:00,NWS,,32.52000045776367,32.58000183105469,32.5099983215332,32.58000183105469,4877.0
2026-08-05 09:37:00,NWSA,,28.399999618530273,28.459999084472656,28.39900016784668,28.459999084472656,8756.0
2026-08-05 09:37:00,NXPI,,235.01499938964844,235.2100067138672,234.7449951171875,235.11000061035156,7164.0
2026-08-05 09:37:00,NXST,,196.0,196.0,196.0,196.0,307.0
2026-08-05 09:37:00,NXT,,96.72000122070312,96.8550033569336,96.72000122070312,96.8550033569336,568.0
2026-08-05 09:37:00,NXTC,,5.739999771118164,5.839399814605713,5.739999771118164,5.839399814605713,519.0
2026-08-05 09:37:00,OCC,,15.5,15.5,15.5,15.5,488.0
2026-08-05 09:37:00,OCCIN,,24.864999771118164,24.864999771118164,24.864999771118164,24.864999771118164,0.0
2026-08-05 09:37:00,OCFC,,19.809999465942383,19.809999465942383,19.75,19.75,4444.0
2026-08-05 09:37:00,OCGN,,1.309999942779541,1.3199000358581543,1.309999942779541,1.315000057220459,11305.0
2026-08-05 09:37:00,OCSL,,12.239999771118164,12.25979995727539,12.220000267028809,12.239999771118164,8737.0
2026-08-05 09:37:00,OCUL,,8.670000076293945,8.670000076293945,8.65999984741211,8.65999984741211,2311.0
2026-08-05 09:37:00,ODD,,15.135000228881836,15.135000228881836,15.135000228881836,15.135000228881836,338.0
2026-08-05 09:37:00,ODFL,,219.22000122070312,219.22000122070312,219.22000122070312,219.22000122070312,1118.0
2026-08-05 09:37:00,OESX,,14.315999984741211,14.456000328063965,14.315999984741211,14.456000328063965,1504.0
2026-08-05 09:37:00,OFIX,,10.975000381469727,11.09000015258789,10.890000343322754,11.09000015258789,5370.0
2026-08-05 09:37:00,OFLX,,30.579999923706055,30.579999923706055,30.579999923706055,30.579999923706055,1153.0
2026-08-05 09:37:00,OKTA,,149.66000366210938,150.43649291992188,149.5399932861328,150.43649291992188,4781.0
2026-08-05 09:37:00,OLLI,,77.05500030517578,77.05500030517578,77.0199966430664,77.0199966430664,1704.0
2026-08-05 09:37:00,OLMA,,11.859999656677246,11.880000114440918,11.859999656677246,11.880000114440918,252.0
2026-08-05 09:37:00,OMER,,12.949999809265137,12.979999542236328,12.9399995803833,12.9399995803833,4119.0
2026-08-05 09:37:00,OMH,,0.11190000176429749,0.11190000176429749,0.11169999837875366,0.11190000176429749,33341.0
2026-08-05 09:37:00,ON,,78.29000091552734,78.36000061035156,78.04000091552734,78.2300033569336,81622.0
2026-08-05 09:37:00,ONB,,27.1200008392334,27.1200008392334,27.110000610351562,27.110000610351562,2721.0
2026-08-05 09:37:00,ONCO,,0.8098999857902527,0.8098999857902527,0.8098999857902527,0.8098999857902527,9564.0
2026-08-05 09:37:00,ONCY,,0.7960000038146973,0.8009999990463257,0.7958999872207642,0.800000011920929,13468.0
2026-08-05 09:37:00,ONDS,,8.887399673461914,8.909899711608887,8.854999542236328,8.859999656677246,132291.0
2026-08-05 09:37:00,ONFO,,0.08009999990463257,0.08259999752044678,0.08009999990463257,0.08250000327825546,853993.0
2026-08-05 09:37:00,OPCH,,23.520000457763672,23.520000457763672,23.420000076293945,23.420000076293945,2403.0
2026-08-05 09:37:00,OPEN,,3.819999933242798,3.8299999237060547,3.7750000953674316,3.7799999713897705,313468.0
2026-08-05 09:37:00,OPHC,,8.770000457763672,8.770000457763672,8.770000457763672,8.770000457763672,200.0
2026-08-05 09:37:00,OPK,,1.2999999523162842,1.3049999475479126,1.2999999523162842,1.3049999475479126,14204.0
2026-08-05 09:37:00,OPRX,,6.78000020980835,6.840000152587891,6.735000133514404,6.735000133514404,18413.0
2026-08-05 09:37:00,OPXS,,11.369999885559082,11.369999885559082,11.369999885559082,11.369999885559082,2096.0
2026-08-05 09:37:00,ORIC,,13.890000343322754,13.949999809265137,13.880000114440918,13.949999809265137,2450.0
2026-08-05 09:37:00,ORLY,,92.7699966430664,92.87999725341797,92.58000183105469,92.63999938964844,13521.0
2026-08-05 09:37:00,OSBC,,25.7549991607666,25.799999237060547,25.7549991607666,25.799999237060547,472.0
2026-08-05 09:37:00,OSPN,,18.059999465942383,18.059999465942383,17.950000762939453,18.020000457763672,7603.0
2026-08-05 09:37:00,OSS,,12.470000267028809,12.509900093078613,12.40999984741211,12.460000038146973,21095.0
2026-08-05 09:37:00,OSUR,,4.179999828338623,4.179999828338623,4.179999828338623,4.179999828338623,340.0
2026-08-05 09:37:00,OTEX,,26.290000915527344,26.299999237060547,26.2450008392334,26.290000915527344,4981.0
2026-08-05 09:37:00,OTLK,,1.0049999952316284,1.0099999904632568,1.0,1.0049999952316284,26380.0
2026-08-05 09:37:00,OTTR,,92.1500015258789,92.16999816894531,92.12999725341797,92.12999725341797,1143.0
2026-08-05 09:37:00,OVID,,2.5,2.515000104904175,2.5,2.509000062942505,1179.0
2026-08-05 09:37:00,OVLY,,33.82500076293945,33.82500076293945,33.82500076293945,33.82500076293945,0.0
2026-08-05 09:37:00,OXLC,,9.140000343322754,9.164999961853027,9.140000343322754,9.164999961853027,13742.0
2026-08-05 09:37:00,OXSQ,,1.4900000095367432,1.4900000095367432,1.4801000356674194,1.4801000356674194,2424.0
2026-08-05 09:37:00,PAA,,23.415000915527344,23.415000915527344,23.389999389648438,23.389999389648438,301.0
2026-08-05 09:37:00,PAAS,,46.84000015258789,47.09000015258789,46.79999923706055,47.02000045776367,20167.0
2026-08-05 09:37:00,PACB,,1.4249999523162842,1.4299999475479126,1.4249999523162842,1.4249999523162842,22621.0
2026-08-05 09:37:00,PAGP,,25.264999389648438,25.290000915527344,25.264999389648438,25.290000915527344,3005.0
2026-08-05 09:37:00,PALI,,2.075000047683716,2.075000047683716,2.075000047683716,2.075000047683716,826.0
2026-08-05 09:37:00,PANW,,372.80999755859375,373.45001220703125,371.0199890136719,371.8703918457031,19403.0
2026-08-05 09:37:00,PAX,,11.585000038146973,11.585000038146973,11.585000038146973,11.585000038146973,467.0
2026-08-05 09:37:00,PAYO,,7.130000114440918,7.139999866485596,7.125,7.130000114440918,17688.0
2026-08-05 09:37:00,PAYS,,9.260000228881836,9.329999923706055,9.260000228881836,9.329999923706055,1307.0
2026-08-05 09:37:00,PAYX,,118.51000213623047,118.56500244140625,118.51000213623047,118.56500244140625,528.0
2026-08-05 09:37:00,PBYI,,7.940000057220459,7.940000057220459,7.920000076293945,7.920000076293945,3848.0
2026-08-05 09:37:00,PCAR,,136.0399932861328,136.1199951171875,136.0399932861328,136.1199951171875,4377.0
2026-08-05 09:37:00,PCB,,28.69499969482422,28.69499969482422,28.69499969482422,28.69499969482422,238.0
2026-08-05 09:37:00,PCRX,,26.2549991607666,26.2549991607666,26.2549991607666,26.2549991607666,187.0
2026-08-05 09:37:00,PCT,,7.03000020980835,7.079999923706055,7.010000228881836,7.059999942779541,19402.0
2026-08-05 09:37:00,PCTY,,146.6199951171875,147.0500030517578,146.60000610351562,146.75,2276.0
2026-08-05 09:37:00,PCYO,,10.454999923706055,10.569999694824219,10.4399995803833,10.569999694824219,3479.0
2026-08-05 09:37:00,PDD,,91.37000274658203,91.38999938964844,91.22000122070312,91.30500030517578,34926.0
2026-08-05 09:37:00,PEBK,,42.77000045776367,42.970001220703125,42.720001220703125,42.970001220703125,3260.0
2026-08-05 09:37:00,PEBO,,41.619998931884766,41.619998931884766,41.599998474121094,41.599998474121094,906.0
2026-08-05 09:37:00,PECO,,41.400001525878906,41.400001525878906,41.33000183105469,41.400001525878906,1794.0
2026-08-05 09:37:00,PENN,,20.094999313354492,20.1200008392334,20.094999313354492,20.1200008392334,1598.0
2026-08-05 09:37:00,PEP,,139.13999938964844,139.22999572753906,139.10000610351562,139.17999267578125,10143.0
2026-08-05 09:37:00,PEPG,,1.9299999475479126,1.9299999475479126,1.9199999570846558,1.9199999570846558,468.0
2026-08-05 09:37:00,PERI,,9.600000381469727,9.619999885559082,9.600000381469727,9.619999885559082,1966.0
2026-08-05 09:37:00,PESI,,17.549999237060547,17.549999237060547,17.549999237060547,17.549999237060547,444.0
2026-08-05 09:37:00,PFG,,116.0999984741211,116.0999984741211,115.80599975585938,115.98999786376953,1332.0
2026-08-05 09:37:00,PFIS,,71.80000305175781,71.80000305175781,71.1449966430664,71.1449966430664,1209.0
2026-08-05 09:37:00,PGEN,,6.710000038146973,6.849999904632568,6.710000038146973,6.820000171661377,170007.0
2026-08-05 09:37:00,PGNY,,31.389999389648438,31.389999389648438,31.389999389648438,31.389999389648438,1396.0
2026-08-05 09:37:00,PGY,,21.260000228881836,21.459999084472656,21.2406005859375,21.450000762939453,32919.0
2026-08-05 09:37:00,PHAT,,8.489999771118164,8.524900436401367,8.489999771118164,8.524900436401367,671.0
2026-08-05 09:37:00,PLAB,,32.183101654052734,32.183101654052734,32.03200149536133,32.119998931884766,1824.0
2026-08-05 09:37:00,PLBY,,1.2300000190734863,1.2300000190734863,1.2300000190734863,1.2300000190734863,131.0
2026-08-05 09:37:00,PLUG,,2.109999895095825,2.109999895095825,2.0999999046325684,2.1050000190734863,75997.0
2026-08-05 09:37:00,PMN,,13.15999984741211,13.15999984741211,13.15999984741211,13.15999984741211,53.0
2026-08-05 09:37:00,PMVP,,1.190000057220459,1.190000057220459,1.190000057220459,1.190000057220459,308.0
2026-08-05 09:37:00,PNBK,,1.1299999952316284,1.1299999952316284,1.1299999952316284,1.1299999952316284,113.0
2026-08-05 09:37:00,PNFP,,108.98999786376953,108.98999786376953,108.98999786376953,108.98999786376953,957.0
2026-08-05 09:37:00,POET,,8.270000457763672,8.2701997756958,8.21500015258789,8.21500015258789,38650.0
2026-08-05 09:37:00,POOL,,202.5800018310547,202.5800018310547,202.5800018310547,202.5800018310547,542.0
2026-08-05 09:37:00,POWI,,63.3650016784668,63.3650016784668,63.04999923706055,63.060001373291016,1377.0
2026-08-05 09:37:00,POWL,,207.33999633789062,207.33999633789062,206.65499877929688,206.65499877929688,520.0
2026-08-05 09:37:00,PPTA,,21.930599212646484,22.010000228881836,21.930599212646484,22.010000228881836,1791.0
2026-08-05 09:37:00,PRCH,,16.09000015258789,16.145000457763672,16.09000015258789,16.145000457763672,2746.0
2026-08-05 09:37:00,PRCT,,18.530000686645508,18.559999465942383,18.15999984741211,18.2549991607666,28422.0
2026-08-05 09:37:00,PRE,,18.0,18.0,18.0,18.0,119.0
2026-08-05 09:37:00,PRFX,,1.149999976158142,1.149999976158142,1.149999976158142,1.149999976158142,11906.0
2026-08-05 09:37:00,PRGS,,41.709999084472656,41.709999084472656,41.709999084472656,41.709999084472656,547.0
2026-08-05 09:37:00,PRLD,,4.519999980926514,4.53000020980835,4.519999980926514,4.53000020980835,348.0
2026-08-05 09:37:00,PRME,,2.934999942779541,2.9502999782562256,2.934999942779541,2.950000047683716,13265.0
2026-08-05 09:37:00,PROK,,1.6749999523162842,1.6790000200271606,1.6749999523162842,1.6790000200271606,1191.0
2026-08-05 09:37:00,PRTA,,8.550000190734863,8.550000190734863,8.550000190734863,8.550000190734863,104.0
2026-08-05 09:37:00,PRTH,,6.633200168609619,6.633200168609619,6.633200168609619,6.633200168609619,816.0
2026-08-05 09:37:00,PRZO,,0.5375000238418579,0.5375000238418579,0.5375000238418579,0.5375000238418579,2286.0
2026-08-05 09:37:00,PSEC,,2.2149999141693115,2.2298998832702637,2.2100000381469727,2.2298998832702637,17677.0
2026-08-05 09:37:00,PSNL,,13.489999771118164,13.600000381469727,13.489999771118164,13.539999961853027,6111.0
2026-08-05 09:37:00,PTC,,143.0,143.110107421875,143.0,143.110107421875,691.0
2026-08-05 09:37:00,PTCT,,69.83000183105469,69.83000183105469,69.83000183105469,69.83000183105469,221.0
2026-08-05 09:37:00,PTEN,,9.975000381469727,10.0,9.975000381469727,10.0,4183.0
2026-08-05 09:37:00,PTGX,,137.1300048828125,137.1300048828125,137.1300048828125,137.1300048828125,1341.0
2026-08-05 09:37:00,PTLO,,4.489999771118164,4.510000228881836,4.489999771118164,4.510000228881836,3362.0
2026-08-05 09:37:00,PTON,,6.514999866485596,6.53000020980835,6.510000228881836,6.53000020980835,43882.0
2026-08-05 09:37:00,PYPL,,58.86000061035156,58.9900016784668,58.83000183105469,58.9900016784668,28495.0
2026-08-05 09:37:00,PYXS,,3.240000009536743,3.240000009536743,3.240000009536743,3.240000009536743,243.0
2026-08-05 09:37:00,PZZA,,30.336999893188477,30.466999053955078,30.25,30.46500015258789,4331.0
2026-08-05 09:37:00,QCOM,,159.74000549316406,159.8000030517578,159.36000061035156,159.5,25853.0
2026-08-05 09:37:00,QFIN,,13.449999809265137,13.449999809265137,13.40999984741211,13.40999984741211,1667.0
2026-08-05 09:37:00,QRVO,,94.5,94.52999877929688,94.5,94.52999877929688,1131.0
2026-08-05 09:37:00,SEED,,0.9200000166893005,0.9300000071525574,0.9200000166893005,0.9300000071525574,8930.0
2026-08-05 09:37:00,STIM,,2.325000047683716,2.3287999629974365,2.3239998817443848,2.3239998817443848,1204.0
2026-08-05 09:37:00,WOOF,,2.936000108718872,2.950000047683716,2.936000108718872,2.950000047683716,13997.0
2026-08-05 09:38:00,ACDC,,4.21999979019165,4.21999979019165,4.199999809265137,4.199999809265137,4088.0
2026-08-05 09:38:00,BPOP,,176.8000030517578,176.80999755859375,176.75999450683594,176.75999450683594,2709.0
2026-08-05 09:38:00,EYE,,23.459999084472656,23.600000381469727,23.459999084472656,23.600000381469727,1969.0
2026-08-05 09:38:00,FIZZ,,31.860000610351562,31.860000610351562,31.860000610351562,31.860000610351562,415.0
2026-08-05 09:38:00,GLUE,,16.497800827026367,16.704999923706055,16.497800827026367,16.704999923706055,6159.0
2026-08-05 09:38:00,KITT,,1.0750000476837158,1.0750000476837158,1.0750000476837158,1.0750000476837158,614.0
2026-08-05 09:38:00,LUNG,,1.97160005569458,1.9900000095367432,1.97160005569458,1.9900000095367432,1592.0
2026-08-05 09:38:00,MBRX,,0.39660000801086426,0.4000000059604645,0.3950999975204468,0.4000000059604645,37454.0
2026-08-05 09:38:00,MDB,,382.1700134277344,384.2799987792969,381.5,382.8699951171875,4186.0
2026-08-05 09:38:00,MDLZ,,61.810001373291016,61.97999954223633,61.810001373291016,61.96500015258789,14016.0
2026-08-05 09:38:00,MNRO,,13.270000457763672,13.300000190734863,13.265000343322754,13.279999732971191,1725.0
2026-08-05 09:38:00,MNST,,94.66999816894531,94.83000183105469,94.58999633789062,94.79000091552734,19378.0
2026-08-05 09:38:00,MNTK,,1.684999942779541,1.684999942779541,1.684999942779541,1.684999942779541,222.0
2026-08-05 09:38:00,MNTS,,4.460000038146973,4.46999979019165,4.4105000495910645,4.449999809265137,3757.0
2026-08-05 09:38:00,MOVE,,12.619999885559082,12.619999885559082,12.619999885559082,12.619999885559082,4069.0
2026-08-05 09:38:00,MPWR,,1328.7950439453125,1330.989990234375,1324.739990234375,1327.3199462890625,3058.0
2026-08-05 09:38:00,MRNA,,57.39799880981445,57.650001525878906,57.33000183105469,57.650001525878906,5085.0
2026-08-05 09:38:00,MYGN,,3.200000047683716,3.200000047683716,3.190000057220459,3.190000057220459,1766.0
2026-08-05 09:38:00,NAUT,,0.9976999759674072,0.9976999759674072,0.9854000210762024,0.9854000210762024,606.0
2026-08-05 09:38:00,NAVI,,9.229999542236328,9.229999542236328,9.229999542236328,9.229999542236328,1759.0
2026-08-05 09:38:00,NB,,5.150000095367432,5.150000095367432,5.110000133514404,5.110000133514404,19445.0
2026-08-05 09:38:00,NBIX,,166.88499450683594,167.08999633789062,166.88499450683594,167.0500030517578,1936.0
2026-08-05 09:38:00,NBN,,134.80999755859375,134.80999755859375,134.80999755859375,134.80999755859375,1859.0
2026-08-05 09:38:00,NCMI,,4.099999904632568,4.099999904632568,4.099999904632568,4.099999904632568,11825.0
2026-08-05 09:38:00,NCSM,,47.45000076293945,47.45000076293945,47.45000076293945,47.45000076293945,0.0
2026-08-05 09:38:00,NDAQ,,94.4000015258789,94.43000030517578,94.26000213623047,94.34500122070312,11745.0
2026-08-05 09:38:00,NDLS,,17.905000686645508,17.905000686645508,17.905000686645508,17.905000686645508,0.0
2026-08-05 09:38:00,NEO,,16.075000762939453,16.075000762939453,16.075000762939453,16.075000762939453,635.0
2026-08-05 09:38:00,NEOG,,11.664999961853027,11.670000076293945,11.65999984741211,11.65999984741211,1867.0
2026-08-05 09:38:00,NEOV,,2.7149999141693115,2.7300000190734863,2.694499969482422,2.694499969482422,5546.0
2026-08-05 09:38:00,NESR,,28.8799991607666,28.90999984741211,28.82390022277832,28.844999313354492,3665.0
2026-08-05 09:38:00,NEXT,,6.519999980926514,6.53000020980835,6.519999980926514,6.53000020980835,2053.0
2026-08-05 09:38:00,NFE,,0.3393999934196472,0.3393999934196472,0.3319999873638153,0.3319999873638153,615.0
2026-08-05 09:38:00,NFLX,,74.51000213623047,74.63999938964844,74.5,74.55999755859375,102680.0
2026-08-05 09:38:00,NHTC,,1.7201000452041626,1.7201000452041626,1.7201000452041626,1.7201000452041626,313.0
2026-08-05 09:38:00,NICE,,95.52999877929688,95.54499816894531,95.18000030517578,95.36000061035156,2263.0
2026-08-05 09:38:00,NIOBW,,1.6200000047683716,1.6200000047683716,1.6200000047683716,1.6200000047683716,429.0
2026-08-05 09:38:00,NKTR,,73.7699966430664,73.7699966430664,73.7699966430664,73.7699966430664,540.0
2026-08-05 09:38:00,NKTX,,2.25600004196167,2.25600004196167,2.25600004196167,2.25600004196167,2166.0
2026-08-05 09:38:00,NMFC,,7.300000190734863,7.309999942779541,7.300000190734863,7.300000190734863,4439.0
2026-08-05 09:38:00,NMRA,,1.5750000476837158,1.5750000476837158,1.559999942779541,1.559999942779541,7356.0
2026-08-05 09:38:00,NMRK,,15.704999923706055,15.779999732971191,15.704999923706055,15.779999732971191,1920.0
2026-08-05 09:38:00,NMTC,,1.75,1.75,1.7200000286102295,1.7200000286102295,606.0
2026-08-05 09:38:00,NN,,13.859999656677246,13.859999656677246,13.84000015258789,13.850000381469727,5795.0
2026-08-05 09:38:00,NNBR,,3.819999933242798,3.8276000022888184,3.811300039291382,3.811300039291382,1167.0
2026-08-05 09:38:00,NNDM,,1.5800000429153442,1.5850000381469727,1.5800000429153442,1.5800000429153442,1757.0
2026-08-05 09:38:00,NNOX,,1.0499999523162842,1.0499999523162842,1.0499999523162842,1.0499999523162842,1096.0
2026-08-05 09:38:00,NRDS,,9.25,9.25,9.25,9.25,1942.0
2026-08-05 09:38:00,NRIM,,27.010000228881836,27.079999923706055,27.010000228881836,27.079999923706055,1282.0
2026-08-05 09:38:00,NRIX,,25.049999237060547,25.059999465942383,25.0,25.0,1379.0
2026-08-05 09:38:00,NRSN,,0.5199999809265137,0.5199999809265137,0.5199999809265137,0.5199999809265137,167.0
2026-08-05 09:38:00,NRXP,,2.940000057220459,2.940000057220459,2.930000066757202,2.930000066757202,1009.0
2026-08-05 09:38:00,NTAP,,191.4600067138672,191.48500061035156,190.60499572753906,190.60499572753906,3467.0
2026-08-05 09:38:00,NTES,,128.44500732421875,128.44500732421875,128.44000244140625,128.44000244140625,445.0
2026-08-05 09:38:00,NTNX,,61.86000061035156,61.93000030517578,61.81999969482422,61.81999969482422,1607.0
2026-08-05 09:38:00,NTRS,,185.6199951171875,185.66000366210938,185.47000122070312,185.66000366210938,1036.0
2026-08-05 09:38:00,NUTX,,159.72000122070312,159.72000122070312,159.72000122070312,159.72000122070312,461.0
2026-08-05 09:38:00,NUWE,,1.815000057220459,1.815000057220459,1.7999999523162842,1.7999999523162842,2526.0
2026-08-05 09:38:00,NVAX,,7.679999828338623,7.698800086975098,7.672100067138672,7.698800086975098,11153.0
2026-08-05 09:38:00,NVCR,,15.975000381469727,16.110000610351562,15.975000381469727,16.100000381469727,8137.0
2026-08-05 09:38:00,NVCT,,20.229999542236328,20.575000762939453,20.229999542236328,20.575000762939453,1844.0
2026-08-05 09:38:00,NVDA,,220.53500366210938,220.6999969482422,219.74000549316406,219.7895050048828,2965479.0
2026-08-05 09:38:00,NVEC,,126.48999786376953,126.48999786376953,126.48999786376953,126.48999786376953,200.0
2026-08-05 09:38:00,NVMI,,408.6000061035156,408.6000061035156,408.6000061035156,408.6000061035156,517.0
2026-08-05 09:38:00,NVTS,,12.475099563598633,12.529999732971191,12.400500297546387,12.420000076293945,45677.0
2026-08-05 09:38:00,NWBI,,15.944999694824219,15.944999694824219,15.944999694824219,15.944999694824219,597.0
2026-08-05 09:38:00,NWFL,,33.52000045776367,33.52000045776367,33.52000045776367,33.52000045776367,1607.0
2026-08-05 09:38:00,NWL,,6.06879997253418,6.074999809265137,6.039999961853027,6.039999961853027,9939.0
2026-08-05 09:38:00,NWS,,32.540000915527344,32.54499816894531,32.52000045776367,32.52000045776367,7100.0
2026-08-05 09:38:00,NWSA,,28.399499893188477,28.413999557495117,28.3799991607666,28.3799991607666,8111.0
2026-08-05 09:38:00,NXPI,,235.27499389648438,235.78500366210938,235.27499389648438,235.6199951171875,8333.0
2026-08-05 09:38:00,NXT,,97.26499938964844,97.4800033569336,96.48999786376953,96.48999786376953,1845.0
2026-08-05 09:38:00,OCFC,,19.795000076293945,19.81999969482422,19.795000076293945,19.81999969482422,414.0
2026-08-05 09:38:00,OCGN,,1.309999942779541,1.3200000524520874,1.309999942779541,1.309999942779541,4613.0
2026-08-05 09:38:00,OCSL,,12.239999771118164,12.239999771118164,12.239999771118164,12.239999771118164,370.0
2026-08-05 09:38:00,OCUL,,8.609999656677246,8.609999656677246,8.609999656677246,8.609999656677246,125.0
2026-08-05 09:38:00,ODFL,,218.97000122070312,219.00999450683594,218.8249969482422,219.00999450683594,1437.0
2026-08-05 09:38:00,OESX,,15.049099922180176,15.080100059509277,14.25,14.819999694824219,3483.0
2026-08-05 09:38:00,OFIX,,10.734999656677246,10.949999809265137,10.734999656677246,10.899999618530273,11499.0
2026-08-05 09:38:00,OFLX,,30.364999771118164,30.540000915527344,30.364999771118164,30.364999771118164,1562.0
2026-08-05 09:38:00,OGI,,0.9700000286102295,0.9700000286102295,0.9700000286102295,0.9700000286102295,364.0
2026-08-05 09:38:00,OKTA,,150.4499969482422,150.8000030517578,149.94000244140625,149.9499969482422,5054.0
2026-08-05 09:38:00,OKYO,,1.684999942779541,1.684999942779541,1.684999942779541,1.684999942779541,2000.0
2026-08-05 09:38:00,OLLI,,76.69499969482422,76.9800033569336,76.69499969482422,76.81999969482422,1809.0
2026-08-05 09:38:00,OLMA,,11.84000015258789,11.859999656677246,11.84000015258789,11.859999656677246,947.0
2026-08-05 09:38:00,OMER,,12.859999656677246,12.859999656677246,12.859999656677246,12.859999656677246,110.0
2026-08-05 09:38:00,OMEX,,0.7287999987602234,0.7287999987602234,0.7287999987602234,0.7287999987602234,330.0
2026-08-05 09:38:00,OMH,,0.11169999837875366,0.11180000007152557,0.11169999837875366,0.11169999837875366,39685.0
2026-08-05 09:38:00,ON,,78.51000213623047,78.9800033569336,78.26000213623047,78.26499938964844,55683.0
2026-08-05 09:38:00,ONB,,27.110000610351562,27.1299991607666,27.110000610351562,27.1200008392334,3449.0
2026-08-05 09:38:00,ONCY,,0.7907999753952026,0.7907999753952026,0.7907999753952026,0.7907999753952026,960.0
2026-08-05 09:38:00,ONDS,,8.920000076293945,8.93970012664795,8.864999771118164,8.890000343322754,136210.0
2026-08-05 09:38:00,ONFO,,0.08100000023841858,0.08129999786615372,0.08060000091791153,0.08060000091791153,231737.0
2026-08-05 09:38:00,ONMD,,0.7261999845504761,0.7261999845504761,0.7261999845504761,0.7261999845504761,11693.0
2026-08-05 09:38:00,OPCH,,23.545000076293945,23.549999237060547,23.545000076293945,23.549999237060547,597.0
2026-08-05 09:38:00,OPEN,,3.819999933242798,3.8550000190734863,3.799999952316284,3.815000057220459,381172.0
2026-08-05 09:38:00,OPK,,1.2949999570846558,1.3000999689102173,1.2949999570846558,1.3000999689102173,32006.0
2026-08-05 09:38:00,OPRA,,20.489999771118164,20.489999771118164,20.489999771118164,20.489999771118164,273.0
2026-08-05 09:38:00,OPRX,,6.789999961853027,6.789999961853027,6.789999961853027,6.789999961853027,1557.0
2026-08-05 09:38:00,ORGO,,2.375,2.380000114440918,2.375,2.380000114440918,2059.0
2026-08-05 09:38:00,ORIC,,13.789999961853027,13.885000228881836,13.789999961853027,13.880000114440918,7586.0
2026-08-05 09:38:00,ORLY,,92.68000030517578,92.8550033569336,92.68000030517578,92.80000305175781,9126.0
2026-08-05 09:38:00,OSBC,,25.75,25.75,25.75,25.75,210.0
2026-08-05 09:38:00,OSIS,,237.0,237.0,234.69000244140625,234.69000244140625,515.0
2026-08-05 09:38:00,OSPN,,17.43000030517578,17.81999969482422,17.229999542236328,17.81999969482422,5798.0
2026-08-05 09:38:00,OSS,,12.640000343322754,12.640000343322754,12.40999984741211,12.5,19164.0
2026-08-05 09:38:00,OSUR,,4.190000057220459,4.190000057220459,4.179999828338623,4.179999828338623,1686.0
2026-08-05 09:38:00,OTEX,,26.290000915527344,26.290000915527344,26.290000915527344,26.290000915527344,865.0
2026-08-05 09:38:00,OTLK,,1.0085999965667725,1.0099999904632568,1.0,1.0049999952316284,42724.0
2026-08-05 09:38:00,OTTR,,91.9800033569336,91.9800033569336,91.9800033569336,91.9800033569336,1202.0
2026-08-05 09:38:00,OVID,,2.490000009536743,2.509000062942505,2.490000009536743,2.509000062942505,5117.0
2026-08-05 09:38:00,OXLC,,9.149999618530273,9.149999618530273,9.149999618530273,9.149999618530273,1537.0
2026-08-05 09:38:00,OXSQ,,1.48989999294281,1.48989999294281,1.4872000217437744,1.4872000217437744,3534.0
2026-08-05 09:38:00,PAA,,23.3700008392334,23.40999984741211,23.360000610351562,23.40999984741211,2429.0
2026-08-05 09:38:00,PAAS,,46.801998138427734,46.959999084472656,46.801998138427734,46.83000183105469,23538.0
2026-08-05 09:38:00,PACB,,1.4249999523162842,1.4249999523162842,1.4249999523162842,1.4249999523162842,2000.0
2026-08-05 09:38:00,PAGP,,25.225000381469727,25.225000381469727,25.219999313354492,25.219999313354492,573.0
2026-08-05 09:38:00,PALI,,2.069999933242798,2.075000047683716,2.065000057220459,2.075000047683716,10735.0
2026-08-05 09:38:00,PANL,,7.349999904632568,7.355000019073486,7.349999904632568,7.355000019073486,537.0
2026-08-05 09:38:00,PANW,,374.94000244140625,374.9700012207031,372.7850036621094,372.7850036621094,22778.0
2026-08-05 09:38:00,PAX,,11.585000038146973,11.614999771118164,11.579999923706055,11.600000381469727,6798.0
2026-08-05 09:38:00,PAYO,,7.125,7.130000114440918,7.125,7.130000114440918,4571.0
2026-08-05 09:38:00,PAYS,,9.25,9.25,9.25,9.25,101.0
2026-08-05 09:38:00,PAYX,,118.47000122070312,118.47000122070312,118.41000366210938,118.41000366210938,5862.0
2026-08-05 09:38:00,PCAR,,135.88999938964844,136.02000427246094,135.85499572753906,135.8699951171875,10840.0
2026-08-05 09:38:00,PCRX,,26.329999923706055,26.5,25.959999084472656,26.1200008392334,18910.0
2026-08-05 09:38:00,PCT,,7.059999942779541,7.069900035858154,7.025000095367432,7.025000095367432,10569.0
2026-08-05 09:38:00,PCTY,,146.05499267578125,146.05499267578125,145.7899932861328,145.7899932861328,338.0
2026-08-05 09:38:00,PDD,,91.33999633789062,91.4000015258789,91.2699966430664,91.32499694824219,29820.0
2026-08-05 09:38:00,PDLB,,20.70199966430664,20.70199966430664,20.70199966430664,20.70199966430664,213.0
2026-08-05 09:38:00,PEBK,,42.959999084472656,42.959999084472656,42.959999084472656,42.959999084472656,732.0
2026-08-05 09:38:00,PEGA,,31.700000762939453,31.700000762939453,31.700000762939453,31.700000762939453,632.0
2026-08-05 09:38:00,PENN,,20.010000228881836,20.069900512695312,20.010000228881836,20.069900512695312,1709.0
2026-08-05 09:38:00,PEP,,138.88999938964844,139.1300048828125,138.86000061035156,139.11000061035156,17119.0
2026-08-05 09:38:00,PEPG,,1.899999976158142,1.9299999475479126,1.899999976158142,1.9299999475479126,2474.0
2026-08-05 09:38:00,PERI,,9.600000381469727,9.600000381469727,9.600000381469727,9.600000381469727,415.0
2026-08-05 09:38:00,PETS,,1.9800000190734863,1.9800000190734863,1.9800000190734863,1.9800000190734863,234.0
2026-08-05 09:38:00,PFBC,,106.11000061035156,106.25,106.11000061035156,106.25,1009.0
2026-08-05 09:38:00,PFG,,116.08000183105469,116.08000183105469,116.08000183105469,116.08000183105469,2580.0
2026-08-05 09:38:00,PFIS,,71.63999938964844,71.63999938964844,71.63999938964844,71.63999938964844,2929.0
2026-08-05 09:38:00,PGC,,46.5,46.5,46.5,46.5,554.0
2026-08-05 09:38:00,PGEN,,6.599999904632568,6.809999942779541,6.550000190734863,6.710000038146973,194103.0
2026-08-05 09:38:00,PGY,,21.360000610351562,21.399999618530273,21.290000915527344,21.290000915527344,12523.0
2026-08-05 09:38:00,PHAT,,8.449999809265137,8.489999771118164,8.449999809265137,8.489999771118164,2227.0
2026-08-05 09:38:00,PHVS,,33.95000076293945,33.95000076293945,33.72999954223633,33.72999954223633,567.0
2026-08-05 09:38:00,PLAB,,32.220001220703125,32.220001220703125,32.220001220703125,32.220001220703125,482.0
2026-08-05 09:38:00,PLBY,,1.2350000143051147,1.2350000143051147,1.2350000143051147,1.2350000143051147,134.0
2026-08-05 09:38:00,PLMR,,138.0800018310547,138.0800018310547,138.0800018310547,138.0800018310547,373.0
2026-08-05 09:38:00,PLSE,,37.775001525878906,37.775001525878906,37.775001525878906,37.775001525878906,128.0
2026-08-05 09:38:00,PLTK,,4.0,4.0,4.0,4.0,764.0
2026-08-05 09:38:00,PLUG,,2.119999885559082,2.119999885559082,2.100100040435791,2.109999895095825,184864.0
2026-08-05 09:38:00,PLUR,,1.7070000171661377,1.7070000171661377,1.7070000171661377,1.7070000171661377,622.0
2026-08-05 09:38:00,PLXS,,274.82000732421875,274.82000732421875,274.82000732421875,274.82000732421875,1608.0
2026-08-05 09:38:00,PNBK,,1.1349999904632568,1.1349999904632568,1.1349999904632568,1.1349999904632568,127.0
2026-08-05 09:38:00,PNFP,,109.44499969482422,109.44499969482422,109.06500244140625,109.06500244140625,6301.0
2026-08-05 09:38:00,PODC,,3.5299999713897705,3.5299999713897705,3.5299999713897705,3.5299999713897705,3347.0
2026-08-05 09:38:00,POET,,8.3100004196167,8.329999923706055,8.260100364685059,8.279999732971191,58565.0
2026-08-05 09:38:00,POOL,,202.5399932861328,202.5399932861328,202.5399932861328,202.5399932861328,586.0
2026-08-05 09:38:00,POWL,,208.92999267578125,209.39999389648438,207.29600524902344,207.29600524902344,987.0
2026-08-05 09:38:00,PPC,,27.014999389648438,27.014999389648438,27.014999389648438,27.014999389648438,560.0
2026-08-05 09:38:00,PPTA,,21.920000076293945,21.940000534057617,21.854999542236328,21.920000076293945,3649.0
2026-08-05 09:38:00,PRCH,,16.1299991607666,16.1299991607666,16.094999313354492,16.094999313354492,1570.0
2026-08-05 09:38:00,PRCT,,18.649999618530273,18.719999313354492,18.350000381469727,18.56999969482422,47282.0
2026-08-05 09:38:00,PRE,,18.0,18.0,18.0,18.0,217.0
2026-08-05 09:38:00,PRIM,,87.56999969482422,87.56999969482422,87.25,87.25,982.0
2026-08-05 09:38:00,PRLD,,4.510000228881836,4.519999980926514,4.5,4.519999980926514,1280.0
2026-08-05 09:38:00,PRME,,2.9200000762939453,2.930000066757202,2.9200000762939453,2.930000066757202,10839.0
2026-08-05 09:38:00,PROK,,1.6749999523162842,1.6749999523162842,1.6749999523162842,1.6749999523162842,1204.0
2026-08-05 09:38:00,PRQR,,1.8700000047683716,1.875,1.8700000047683716,1.8700000047683716,3593.0
2026-08-05 09:38:00,PRSO,,0.7080000042915344,0.7080000042915344,0.7080000042915344,0.7080000042915344,688.0
2026-08-05 09:38:00,PRTA,,8.539999961853027,8.550000190734863,8.529999732971191,8.550000190734863,7518.0
2026-08-05 09:38:00,PRVA,,23.790000915527344,23.790000915527344,23.729999542236328,23.729999542236328,1966.0
2026-08-05 09:38:00,PSEC,,2.2200000286102295,2.2200000286102295,2.2100000381469727,2.2100000381469727,11487.0
2026-08-05 09:38:00,PSMT,,192.8699951171875,192.8699951171875,191.96279907226562,191.96279907226562,3467.0
2026-08-05 09:38:00,PTC,,143.02999877929688,143.02999877929688,142.56399536132812,142.56399536132812,559.0
2026-08-05 09:38:00,PTCT,,69.66500091552734,69.66500091552734,69.66500091552734,69.66500091552734,968.0
2026-08-05 09:38:00,PTEN,,9.960000038146973,10.0,9.930000305175781,9.989999771118164,35754.0
2026-08-05 09:38:00,PTLO,,4.489999771118164,4.494999885559082,4.489999771118164,4.489999771118164,2337.0
2026-08-05 09:38:00,PTON,,6.53000020980835,6.534999847412109,6.514999866485596,6.514999866485596,16606.0
2026-08-05 09:38:00,PUBM,,13.75409984588623,13.760000228881836,13.75409984588623,13.760000228881836,794.0
2026-08-05 09:38:00,PYPL,,58.900001525878906,58.900001525878906,58.810001373291016,58.849998474121094,23926.0
2026-08-05 09:38:00,PYXS,,3.2300000190734863,3.2300000190734863,3.2300000190734863,3.2300000190734863,241.0
2026-08-05 09:38:00,PZZA,,30.34000015258789,30.34000015258789,30.34000015258789,30.34000015258789,1102.0
2026-08-05 09:38:00,QCOM,,160.0800018310547,160.4149932861328,159.72500610351562,160.0800018310547,18260.0
2026-08-05 09:38:00,QFIN,,13.359999656677246,13.40999984741211,13.359999656677246,13.399999618530273,4785.0
2026-08-05 09:38:00,QQQX,,30.7549991607666,30.7549991607666,30.7549991607666,30.7549991607666,1500.0
2026-08-05 09:38:00,QRVO,,94.30000305175781,94.50499725341797,94.30000305175781,94.5,2692.0
2026-08-05 09:38:00,SEED,,0.9304999709129333,0.9398999810218811,0.9150000214576721,0.9150000214576721,3844.0
2026-08-05 09:38:00,STIM,,2.313999891281128,2.319999933242798,2.313999891281128,2.319999933242798,1346.0
2026-08-05 09:38:00,TARA,,4.014999866485596,4.03000020980835,4.014999866485596,4.03000020980835,1564.0
2026-08-05 09:38:00,WOOF,,2.936000108718872,2.936000108718872,2.936000108718872,2.936000108718872,113.0
2026-08-05 09:39:00,ACDC,,4.230000019073486,4.230000019073486,4.230000019073486,4.230000019073486,915.0
2026-08-05 09:39:00,CASH,,89.19000244140625,89.19000244140625,89.19000244140625,89.19000244140625,0.0
2026-08-05 09:39:00,CPOP,,0.35670000314712524,0.35670000314712524,0.35670000314712524,0.35670000314712524,696.0
2026-08-05 09:39:00,DTIL,,7.465000152587891,7.465000152587891,7.465000152587891,7.465000152587891,200.0
2026-08-05 09:39:00,EYE,,23.489999771118164,23.600000381469727,23.3799991607666,23.600000381469727,3940.0
2026-08-05 09:39:00,FIZZ,,31.889999389648438,31.889999389648438,31.889999389648438,31.889999389648438,505.0
2026-08-05 09:39:00,GLUE,,16.625,16.625,16.625,16.625,4910.0
2026-08-05 09:39:00,KIDS,,21.299999237060547,21.31999969482422,21.299999237060547,21.31999969482422,672.0
2026-08-05 09:39:00,MDB,,383.5400085449219,383.5400085449219,378.8999938964844,378.8999938964844,2549.0
2026-08-05 09:39:00,MDLZ,,61.84000015258789,61.86000061035156,61.779998779296875,61.79499816894531,8231.0
2026-08-05 09:39:00,MLTX,,17.709999084472656,17.709999084472656,17.709999084472656,17.709999084472656,294.0
2026-08-05 09:39:00,MNRO,,13.220000267028809,13.270000457763672,13.1899995803833,13.270000457763672,5030.0
2026-08-05 09:39:00,MNST,,94.55500030517578,94.5999984741211,94.48500061035156,94.56999969482422,19376.0
2026-08-05 09:39:00,MNTK,,1.690000057220459,1.690000057220459,1.684999942779541,1.684999942779541,3589.0
2026-08-05 09:39:00,MNTS,,4.425000190734863,4.425000190734863,4.425000190734863,4.425000190734863,371.0
2026-08-05 09:39:00,MORN,,200.9199981689453,203.60000610351562,199.0,203.43499755859375,5861.0
2026-08-05 09:39:00,MOVE,,12.54990005493164,12.54990005493164,12.54990005493164,12.54990005493164,646.0
2026-08-05 09:39:00,MPWR,,1333.43994140625,1333.43994140625,1325.7099609375,1331.6800537109375,1488.0
2026-08-05 09:39:00,MRNA,,57.369998931884766,57.40999984741211,57.29999923706055,57.380001068115234,8735.0
2026-08-05 09:39:00,MYGN,,3.200000047683716,3.200000047683716,3.200000047683716,3.200000047683716,1182.0
2026-08-05 09:39:00,MYRG,,340.54998779296875,340.54998779296875,340.54998779296875,340.54998779296875,153.0
2026-08-05 09:39:00,NAMS,,26.020000457763672,26.350000381469727,26.020000457763672,26.329999923706055,2448.0
2026-08-05 09:39:00,NATR,,20.200000762939453,20.200000762939453,20.0,20.06999969482422,1222.0
2026-08-05 09:39:00,NAUT,,0.9976999759674072,0.9976999759674072,0.9976999759674072,0.9976999759674072,605.0
2026-08-05 09:39:00,NAVI,,9.210000038146973,9.210000038146973,9.199999809265137,9.199999809265137,763.0
2026-08-05 09:39:00,NB,,5.139999866485596,5.179999828338623,5.139999866485596,5.179999828338623,11113.0
2026-08-05 09:39:00,NBIX,,166.5,166.88499450683594,166.5,166.88499450683594,1663.0
2026-08-05 09:39:00,NCMI,,4.090000152587891,4.099999904632568,4.090000152587891,4.090000152587891,1743.0
2026-08-05 09:39:00,NCRA,,1.854599952697754,1.854599952697754,1.854599952697754,1.854599952697754,200.0
2026-08-05 09:39:00,NDAQ,,94.45500183105469,94.45500183105469,94.22000122070312,94.36000061035156,6602.0
2026-08-05 09:39:00,NDSN,,310.125,310.125,310.125,310.125,121.0
2026-08-05 09:39:00,NECB,,27.440000534057617,27.440000534057617,27.440000534057617,27.440000534057617,178.0
2026-08-05 09:39:00,NEO,,16.075000762939453,16.075000762939453,16.073999404907227,16.073999404907227,672.0
2026-08-05 09:39:00,NEOG,,11.654999732971191,11.656000137329102,11.654999732971191,11.656000137329102,2512.0
2026-08-05 09:39:00,NEOV,,2.7799999713897705,2.7799999713897705,2.700000047683716,2.703700065612793,27912.0
2026-08-05 09:39:00,NESR,,28.899999618530273,28.920000076293945,28.834999084472656,28.8700008392334,3402.0
2026-08-05 09:39:00,NEXT,,6.5,6.510000228881836,6.5,6.510000228881836,1659.0
2026-08-05 09:39:00,NFLX,,74.81230163574219,74.81300354003906,74.49729919433594,74.51499938964844,155404.0
2026-08-05 09:39:00,NGNE,,35.20000076293945,35.20000076293945,34.720001220703125,34.720001220703125,253.0
2026-08-05 09:39:00,NICE,,96.19999694824219,96.19999694824219,95.5,95.5,4694.0
2026-08-05 09:39:00,NIU,,2.487299919128418,2.487299919128418,2.487299919128418,2.487299919128418,833.0
2026-08-05 09:39:00,NKTR,,73.62000274658203,73.62000274658203,73.22000122070312,73.2300033569336,830.0
2026-08-05 09:39:00,NKTX,,2.2360000610351562,2.2360000610351562,2.2360000610351562,2.2360000610351562,1182.0
2026-08-05 09:39:00,NMFC,,7.324999809265137,7.324999809265137,7.2906999588012695,7.2906999588012695,1518.0
2026-08-05 09:39:00,NMIH,,44.775001525878906,44.93000030517578,44.775001525878906,44.93000030517578,1379.0
2026-08-05 09:39:00,NMRA,,1.5700000524520874,1.5700000524520874,1.5700000524520874,1.5700000524520874,754.0
2026-08-05 09:39:00,NMRK,,15.729999542236328,15.739999771118164,15.6899995803833,15.6899995803833,2416.0
2026-08-05 09:39:00,NN,,13.989999771118164,13.989999771118164,13.859999656677246,13.859999656677246,10360.0
2026-08-05 09:39:00,NNBR,,3.8499999046325684,3.8499999046325684,3.839900016784668,3.8399999141693115,5882.0
2026-08-05 09:39:00,NNDM,,1.5750000476837158,1.5800000429153442,1.5750000476837158,1.5800000429153442,6174.0
2026-08-05 09:39:00,NOVT,,158.50999450683594,158.50999450683594,158.50999450683594,158.50999450683594,567.0
2026-08-05 09:39:00,NRDS,,9.255000114440918,9.255000114440918,9.255000114440918,9.255000114440918,388.0
2026-08-05 09:39:00,NRIX,,24.94499969482422,25.041500091552734,24.94499969482422,25.01799964904785,1846.0
2026-08-05 09:39:00,NRSN,,0.5299999713897705,0.5299999713897705,0.5299999713897705,0.5299999713897705,4101.0
2026-08-05 09:39:00,NRXP,,2.944999933242798,2.9600000381469727,2.930000066757202,2.9600000381469727,4336.0
2026-08-05 09:39:00,NSSC,,40.02000045776367,40.04999923706055,40.02000045776367,40.04999923706055,368.0
2026-08-05 09:39:00,NTAP,,191.36749267578125,191.43499755859375,190.97000122070312,190.97000122070312,2839.0
2026-08-05 09:39:00,NTCT,,41.915000915527344,41.942501068115234,41.915000915527344,41.942501068115234,1261.0
2026-08-05 09:39:00,NTES,,128.3699951171875,128.58999633789062,128.24729919433594,128.44500732421875,7086.0
2026-08-05 09:39:00,NTNX,,62.06999969482422,62.1349983215332,62.06999969482422,62.095001220703125,2837.0
2026-08-05 09:39:00,NTRA,,276.125,276.3399963378906,276.125,276.2900085449219,1683.0
2026-08-05 09:39:00,NTRS,,185.60000610351562,185.60000610351562,185.47999572753906,185.47999572753906,222.0
2026-08-05 09:39:00,NTRSO,,18.420000076293945,18.46500015258789,18.420000076293945,18.46500015258789,1051.0
2026-08-05 09:39:00,NUWE,,1.784999966621399,1.7999999523162842,1.7799999713897705,1.7999999523162842,3621.0
2026-08-05 09:39:00,NVAX,,7.659999847412109,7.690000057220459,7.6504998207092285,7.679999828338623,7342.0
2026-08-05 09:39:00,NVCR,,15.989999771118164,16.020000457763672,15.989999771118164,15.989999771118164,1316.0
2026-08-05 09:39:00,NVCT,,19.709999084472656,20.1200008392334,19.709999084472656,20.1200008392334,1576.0
2026-08-05 09:39:00,NVDA,,221.0093994140625,221.10000610351562,220.3000030517578,220.5135040283203,1516847.0
2026-08-05 09:39:00,NVMI,,409.1499938964844,409.1499938964844,407.0400085449219,407.25,706.0
2026-08-05 09:39:00,NVTS,,12.479999542236328,12.5,12.40999984741211,12.5,43447.0
2026-08-05 09:39:00,NWBI,,15.944999694824219,15.944999694824219,15.9350004196167,15.9350004196167,3487.0
2026-08-05 09:39:00,NWE,,69.32119750976562,69.4000015258789,69.32119750976562,69.4000015258789,658.0
2026-08-05 09:39:00,NWGL,,0.2662000060081482,0.2662000060081482,0.2662000060081482,0.2662000060081482,300.0
2026-08-05 09:39:00,NWL,,6.054999828338623,6.065000057220459,6.04010009765625,6.065000057220459,15399.0
2026-08-05 09:39:00,NWS,,32.560001373291016,32.560001373291016,32.5,32.5099983215332,9124.0
2026-08-05 09:39:00,NWSA,,28.399999618530273,28.399999618530273,28.3799991607666,28.389999389648438,9650.0
2026-08-05 09:39:00,NXPI,,235.41000366210938,235.41000366210938,234.89999389648438,235.08999633789062,6574.0
2026-08-05 09:39:00,NXT,,97.06500244140625,97.26499938964844,96.9000015258789,97.26499938964844,6418.0
2026-08-05 09:39:00,NXTC,,5.787300109863281,5.840400218963623,5.787300109863281,5.840400218963623,570.0
2026-08-05 09:39:00,OCC,,15.710000038146973,15.710000038146973,15.630000114440918,15.630000114440918,1368.0
2026-08-05 09:39:00,OCFC,,19.80500030517578,19.809999465942383,19.780000686645508,19.780000686645508,1124.0
2026-08-05 09:39:00,OCGN,,1.2999999523162842,1.3200000524520874,1.2999999523162842,1.309999942779541,46294.0
2026-08-05 09:39:00,OCS,,11.949999809265137,11.949999809265137,11.949999809265137,11.949999809265137,400.0
2026-08-05 09:39:00,OCSL,,12.15999984741211,12.210000038146973,12.15999984741211,12.199999809265137,6304.0
2026-08-05 09:39:00,OCUL,,8.600000381469727,8.635000228881836,8.600000381469727,8.635000228881836,2527.0
2026-08-05 09:39:00,ODD,,15.149999618530273,15.149999618530273,15.149999618530273,15.149999618530273,822.0
2026-08-05 09:39:00,ODFL,,218.85000610351562,218.86000061035156,218.3000030517578,218.8249969482422,3512.0
2026-08-05 09:39:00,OESX,,14.864999771118164,14.864999771118164,14.654999732971191,14.654999732971191,1659.0
2026-08-05 09:39:00,OFIX,,10.960000038146973,10.960000038146973,10.890000343322754,10.890000343322754,661.0
2026-08-05 09:39:00,OFLX,,30.309999465942383,30.309999465942383,30.280000686645508,30.280000686645508,774.0
2026-08-05 09:39:00,OKTA,,150.5850067138672,150.58999633789062,150.2899932861328,150.3300018310547,2483.0
2026-08-05 09:39:00,OLLI,,76.69499969482422,76.69499969482422,76.69000244140625,76.69499969482422,711.0
2026-08-05 09:39:00,OLMA,,11.8149995803833,11.829999923706055,11.8149995803833,11.819999694824219,5789.0
2026-08-05 09:39:00,OMER,,12.8927001953125,12.8927001953125,12.829999923706055,12.829999923706055,2231.0
2026-08-05 09:39:00,OMH,,0.11169999837875366,0.11180000007152557,0.11169999837875366,0.11169999837875366,0.0
2026-08-05 09:39:00,ON,,78.68000030517578,78.8499984741211,78.30999755859375,78.54000091552734,49082.0
2026-08-05 09:39:00,ONB,,27.1299991607666,27.1299991607666,27.086000442504883,27.09000015258789,8250.0
2026-08-05 09:39:00,ONDS,,8.875,8.930299758911133,8.819999694824219,8.930000305175781,176447.0
2026-08-05 09:39:00,ONFO,,0.08110000193119049,0.08110000193119049,0.08100000023841858,0.08110000193119049,164624.0
2026-08-05 09:39:00,ONMDW,,0.03180000185966492,0.03180000185966492,0.02800000086426735,0.02800000086426735,0.0
2026-08-05 09:39:00,OPBK,,15.765000343322754,15.765000343322754,15.765000343322754,15.765000343322754,347.0
2026-08-05 09:39:00,OPEN,,3.8299999237060547,3.8299999237060547,3.7899999618530273,3.815000057220459,368161.0
2026-08-05 09:39:00,OPHC,,8.75,8.760000228881836,8.75,8.760000228881836,400.0
2026-08-05 09:39:00,OPK,,1.2990000247955322,1.2990000247955322,1.2990000247955322,1.2990000247955322,3275.0
2026-08-05 09:39:00,OPRA,,20.489999771118164,20.489999771118164,20.489999771118164,20.489999771118164,245.0
2026-08-05 09:39:00,OPRT,,6.079999923706055,6.079999923706055,6.059999942779541,6.059999942779541,2929.0
2026-08-05 09:39:00,ORIC,,13.680800437927246,13.75,13.680800437927246,13.75,5529.0
2026-08-05 09:39:00,ORLY,,92.69999694824219,92.75,92.61499786376953,92.6500015258789,16821.0
2026-08-05 09:39:00,ORMP,,4.434999942779541,4.434999942779541,4.434999942779541,4.434999942779541,238.0
2026-08-05 09:39:00,OSBC,,25.7549991607666,25.7549991607666,25.7549991607666,25.7549991607666,308.0
2026-08-05 09:39:00,OSPN,,17.489999771118164,17.579999923706055,17.3976993560791,17.489999771118164,934.0
2026-08-05 09:39:00,OSS,,12.8100004196167,12.819999694824219,12.585000038146973,12.585000038146973,11385.0
2026-08-05 09:39:00,OTEX,,26.280000686645508,26.290000915527344,26.239999771118164,26.2549991607666,3291.0
2026-08-05 09:39:00,OTLK,,1.0049999952316284,1.0098999738693237,1.0,1.0023000240325928,47240.0
2026-08-05 09:39:00,OVID,,2.503999948501587,2.5099000930786133,2.503999948501587,2.5099000930786133,7087.0
2026-08-05 09:39:00,OXLC,,9.154999732971191,9.15999984741211,9.151200294494629,9.151200294494629,5811.0
2026-08-05 09:39:00,OXSQ,,1.4800000190734863,1.4900000095367432,1.475000023841858,1.4900000095367432,39136.0
2026-08-05 09:39:00,PAA,,23.34000015258789,23.3700008392334,23.34000015258789,23.364999771118164,5149.0
2026-08-05 09:39:00,PAAS,,46.939998626708984,47.08000183105469,46.79999923706055,46.83000183105469,40619.0
2026-08-05 09:39:00,PAGP,,25.190000534057617,25.225000381469727,25.18000030517578,25.225000381469727,1509.0
2026-08-05 09:39:00,PALI,,2.0797998905181885,2.0797998905181885,2.069999933242798,2.069999933242798,10213.0
2026-08-05 09:39:00,PANW,,374.4649963378906,375.75,373.8299865722656,374.4849853515625,39238.0
2026-08-05 09:39:00,PATK,,86.93499755859375,86.93499755859375,86.93499755859375,86.93499755859375,4045.0
2026-08-05 09:39:00,PAYO,,7.130000114440918,7.130000114440918,7.125,7.125,12662.0
2026-08-05 09:39:00,PAYS,,9.274999618530273,9.279999732971191,9.25,9.25,3341.0
2026-08-05 09:39:00,PAYX,,118.52999877929688,118.52999877929688,118.4800033569336,118.4800033569336,1052.0
2026-08-05 09:39:00,PBYI,,7.909999847412109,7.909999847412109,7.909999847412109,7.909999847412109,915.0
2026-08-05 09:39:00,PCAR,,135.71749877929688,135.8300018310547,135.35499572753906,135.8300018310547,12271.0
2026-08-05 09:39:00,PCRX,,26.270000457763672,26.270000457763672,26.270000457763672,26.270000457763672,292.0
2026-08-05 09:39:00,PCT,,7.050000190734863,7.059999942779541,7.039999961853027,7.059999942779541,4172.0
2026-08-05 09:39:00,PCTY,,147.02999877929688,147.02999877929688,146.01499938964844,146.4199981689453,2916.0
2026-08-05 09:39:00,PDD,,91.33999633789062,91.4000015258789,91.2699966430664,91.33000183105469,16631.0
2026-08-05 09:39:00,PDEX,,67.77999877929688,67.98999786376953,67.77999877929688,67.9749984741211,0.0
2026-08-05 09:39:00,PDSB,,0.7202000021934509,0.7202000021934509,0.7202000021934509,0.7202000021934509,711.0
2026-08-05 09:39:00,PEBK,,42.9900016784668,42.9900016784668,42.880001068115234,42.88999938964844,4452.0
2026-08-05 09:39:00,PECO,,41.375,41.375,41.375,41.375,275.0
2026-08-05 09:39:00,PEGA,,31.7549991607666,31.7549991607666,31.600000381469727,31.600000381469727,1499.0
2026-08-05 09:39:00,PENN,,20.100000381469727,20.110000610351562,20.010000228881836,20.010000228881836,5092.0
2026-08-05 09:39:00,PEP,,138.8300018310547,138.9499969482422,138.7198944091797,138.82000732421875,17895.0
2026-08-05 09:39:00,PEPG,,1.899999976158142,1.9049999713897705,1.899999976158142,1.9049999713897705,1110.0
2026-08-05 09:39:00,PERI,,9.609999656677246,9.609999656677246,9.579999923706055,9.585000038146973,3128.0
2026-08-05 09:39:00,PESI,,17.510000228881836,17.510000228881836,17.510000228881836,17.510000228881836,1844.0
2026-08-05 09:39:00,PGEN,,6.639999866485596,6.70989990234375,6.570000171661377,6.609600067138672,56231.0
2026-08-05 09:39:00,PGY,,21.415000915527344,21.450000762939453,21.329999923706055,21.395000457763672,9486.0
2026-08-05 09:39:00,PHAT,,8.430000305175781,8.449999809265137,8.430000305175781,8.449999809265137,1558.0
2026-08-05 09:39:00,PLAB,,32.22999954223633,32.22999954223633,32.04999923706055,32.04999923706055,1069.0
2026-08-05 09:39:00,PLBY,,1.2350000143051147,1.2350000143051147,1.2350000143051147,1.2350000143051147,1637.0
2026-08-05 09:39:00,PLPC,,441.3299865722656,441.3299865722656,440.5400085449219,440.5400085449219,779.0
2026-08-05 09:39:00,PLTK,,4.0,4.0,3.990000009536743,3.990000009536743,1441.0
2026-08-05 09:39:00,PLUG,,2.109999895095825,2.119999885559082,2.0999999046325684,2.119999885559082,202230.0
2026-08-05 09:39:00,PLUR,,1.7200000286102295,1.7200000286102295,1.7200000286102295,1.7200000286102295,0.0
2026-08-05 09:39:00,PNBK,,1.1349999904632568,1.1349999904632568,1.1349999904632568,1.1349999904632568,332.0
2026-08-05 09:39:00,PNFP,,109.23999786376953,109.31999969482422,109.23999786376953,109.31999969482422,1109.0
2026-08-05 09:39:00,PNTG,,38.189998626708984,38.20000076293945,38.189998626708984,38.189998626708984,1284.0
2026-08-05 09:39:00,POET,,8.279999732971191,8.300000190734863,8.239999771118164,8.300000190734863,72889.0
2026-08-05 09:39:00,POLA,,1.7201000452041626,1.7201000452041626,1.7201000452041626,1.7201000452041626,314.0
2026-08-05 09:39:00,POWI,,62.96500015258789,63.31999969482422,62.779998779296875,63.31999969482422,2450.0
2026-08-05 09:39:00,POWL,,208.41600036621094,209.96580505371094,207.25,209.0709991455078,1739.0
2026-08-05 09:39:00,PPTA,,21.93000030517578,21.954999923706055,21.7549991607666,21.950000762939453,8410.0
2026-08-05 09:39:00,PRCH,,16.135000228881836,16.170000076293945,16.09000015258789,16.125,9575.0
2026-08-05 09:39:00,PRCT,,18.559999465942383,18.68000030517578,18.350000381469727,18.549999237060547,40255.0
2026-08-05 09:39:00,PRIM,,87.57499694824219,87.58000183105469,87.02999877929688,87.58000183105469,2282.0
2026-08-05 09:39:00,PRLD,,4.46999979019165,4.46999979019165,4.46999979019165,4.46999979019165,1311.0
2026-08-05 09:39:00,PRME,,2.9200000762939453,2.924999952316284,2.9149999618530273,2.924999952316284,10694.0
2026-08-05 09:39:00,PROK,,1.6699999570846558,1.6699999570846558,1.6699999570846558,1.6699999570846558,6207.0
2026-08-05 09:39:00,PRQR,,1.86899995803833,1.86899995803833,1.86899995803833,1.86899995803833,843.0
2026-08-05 09:39:00,PRSO,,0.7001000046730042,0.7001000046730042,0.7001000046730042,0.7001000046730042,1725.0
2026-08-05 09:39:00,PRTA,,8.550000190734863,8.550000190734863,8.550000190734863,8.550000190734863,1914.0
2026-08-05 09:39:00,PRVA,,23.815000534057617,23.815000534057617,23.75,23.75,547.0
2026-08-05 09:39:00,PSEC,,2.2200000286102295,2.2200000286102295,2.2100000381469727,2.2149999141693115,16552.0
2026-08-05 09:39:00,PSNL,,13.505000114440918,13.505000114440918,13.505000114440918,13.505000114440918,1433.0
2026-08-05 09:39:00,PTC,,143.18499755859375,143.18499755859375,143.18499755859375,143.18499755859375,608.0
2026-08-05 09:39:00,PTEN,,9.970000267028809,9.989999771118164,9.970000267028809,9.979999542236328,11425.0
2026-08-05 09:39:00,PTGX,,136.10000610351562,136.1199951171875,136.00999450683594,136.11000061035156,1650.0
2026-08-05 09:39:00,PTLO,,4.494999885559082,4.499100208282471,4.490499973297119,4.499100208282471,2953.0
2026-08-05 09:39:00,PTON,,6.53000020980835,6.53000020980835,6.519999980926514,6.519999980926514,14563.0
2026-08-05 09:39:00,PUBM,,13.739999771118164,13.739999771118164,13.739999771118164,13.739999771118164,354.0
2026-08-05 09:39:00,PWP,,17.270000457763672,17.270000457763672,17.270000457763672,17.270000457763672,514.0
2026-08-05 09:39:00,PYPL,,59.06999969482422,59.06999969482422,58.869998931884766,59.06999969482422,22557.0
2026-08-05 09:39:00,PYXS,,3.2100000381469727,3.2300000190734863,3.2100000381469727,3.2300000190734863,1222.0
2026-08-05 09:39:00,PZZA,,30.34000015258789,30.3799991607666,30.309999465942383,30.347000122070312,7322.0
2026-08-05 09:39:00,QCOM,,160.5,160.6649932861328,159.6999969482422,160.2100067138672,31033.0
2026-08-05 09:39:00,QCRH,,104.29000091552734,104.29000091552734,104.29000091552734,104.29000091552734,0.0
2026-08-05 09:39:00,QFIN,,13.395000457763672,13.399999618530273,13.369999885559082,13.369999885559082,1516.0
2026-08-05 09:39:00,QQQX,,30.710100173950195,30.7549991607666,30.709999084472656,30.7549991607666,2208.0
2026-08-05 09:39:00,QRVO,,94.56999969482422,94.56999969482422,94.41000366210938,94.41000366210938,3029.0
2026-08-05 09:39:00,SEED,,0.9340000152587891,0.9340000152587891,0.920799970626831,0.9300000071525574,1523.0
2026-08-05 09:39:00,STIM,,2.315000057220459,2.315000057220459,2.315000057220459,2.315000057220459,405.0
2026-08-05 09:39:00,TARA,,4.0,4.010000228881836,4.0,4.010000228881836,491.0
2026-08-05 09:39:00,WOOF,,2.944999933242798,2.946000099182129,2.940000057220459,2.940000057220459,2337.0
2026-08-05 09:40:00,ACDC,,4.199999809265137,4.21999979019165,4.199999809265137,4.21999979019165,5382.0
2026-08-05 09:40:00,BPOP,,177.39999389648438,177.67999267578125,177.1300048828125,177.33999633789062,1951.0
2026-08-05 09:40:00,CPOP,,0.36480000615119934,0.36480000615119934,0.36480000615119934,0.36480000615119934,431.0
2026-08-05 09:40:00,DTIL,,7.409999847412109,7.429999828338623,7.409999847412109,7.429999828338623,606.0
2026-08-05 09:40:00,EYE,,23.56999969482422,23.610000610351562,23.56999969482422,23.56999969482422,2580.0
2026-08-05 09:40:00,GLUE,,16.625,16.625,16.625,16.625,1422.0
2026-08-05 09:40:00,LUNG,,1.9503999948501587,1.9701999425888062,1.9503999948501587,1.9701999425888062,1202.0
2026-08-05 09:40:00,MBRX,,0.40709999203681946,0.40709999203681946,0.40709999203681946,0.40709999203681946,1512.0
2026-08-05 09:40:00,MDB,,382.0199890136719,383.7200012207031,381.10009765625,382.2987976074219,1228.0
2026-08-05 09:40:00,MDLZ,,61.92499923706055,61.96500015258789,61.85459899902344,61.85459899902344,19939.0
2026-08-05 09:40:00,MLTX,,17.700000762939453,17.700000762939453,17.647899627685547,17.647899627685547,864.0
2026-08-05 09:40:00,MNRO,,13.199999809265137,13.220000267028809,13.140000343322754,13.1899995803833,3389.0
2026-08-05 09:40:00,MNST,,94.51000213623047,94.58000183105469,94.45999908447266,94.58000183105469,6665.0
2026-08-05 09:40:00,MNTS,,4.429699897766113,4.480000019073486,4.425000190734863,4.425000190734863,2565.0
2026-08-05 09:40:00,MODD,,2.049999952316284,2.1500000953674316,2.049999952316284,2.1500000953674316,10260.0
2026-08-05 09:40:00,MORN,,202.83999633789062,202.83999633789062,202.83999633789062,202.83999633789062,424.0
2026-08-05 09:40:00,MPWR,,1329.9849853515625,1334.260009765625,1329.9849853515625,1330.4449462890625,560.0
2026-08-05 09:40:00,MRNA,,57.25,57.349998474121094,57.130001068115234,57.349998474121094,7557.0
2026-08-05 09:40:00,MYGN,,3.190000057220459,3.190000057220459,3.1700000762939453,3.180000066757202,6302.0
2026-08-05 09:40:00,MYRG,,340.912109375,340.912109375,340.912109375,340.912109375,120.0
2026-08-05 09:40:00,NAMS,,26.06999969482422,26.06999969482422,25.799999237060547,26.010000228881836,35938.0
2026-08-05 09:40:00,NAVI,,9.229999542236328,9.229999542236328,9.229999542236328,9.229999542236328,1089.0
2026-08-05 09:40:00,NB,,5.158100128173828,5.159999847412109,5.119999885559082,5.150000095367432,16126.0
2026-08-05 09:40:00,NBIX,,165.72000122070312,166.5449981689453,165.375,166.5449981689453,5260.0
2026-08-05 09:40:00,NBN,,134.94000244140625,134.94000244140625,134.92999267578125,134.92999267578125,6376.0
2026-08-05 09:40:00,NCMI,,4.090000152587891,4.099999904632568,4.090000152587891,4.099999904632568,3873.0
2026-08-05 09:40:00,NCRA,,1.8799999952316284,1.8799999952316284,1.8799999952316284,1.8799999952316284,3051.0
2026-08-05 09:40:00,NDAQ,,94.38500213623047,94.63600158691406,94.36000061035156,94.36000061035156,4376.0
2026-08-05 09:40:00,NEO,,16.170000076293945,16.170000076293945,16.079999923706055,16.079999923706055,2247.0
2026-08-05 09:40:00,NEOG,,11.699999809265137,11.710000038146973,11.670000076293945,11.670000076293945,5053.0
2026-08-05 09:40:00,NEOV,,2.75,2.75,2.7300000190734863,2.7300000190734863,2277.0
2026-08-05 09:40:00,NESR,,28.80139923095703,28.84000015258789,28.770000457763672,28.790000915527344,8391.0
2026-08-05 09:40:00,NEXT,,6.460000038146973,6.485000133514404,6.460000038146973,6.485000133514404,19806.0
2026-08-05 09:40:00,NFLX,,74.66000366210938,74.91000366210938,74.66000366210938,74.81999969482422,172218.0
2026-08-05 09:40:00,NGNE,,35.20000076293945,35.20000076293945,35.20000076293945,35.20000076293945,1823.0
2026-08-05 09:40:00,NICE,,95.98999786376953,96.30000305175781,95.98999786376953,96.30000305175781,2405.0
2026-08-05 09:40:00,NKTR,,73.33000183105469,73.33000183105469,73.26000213623047,73.26000213623047,239.0
2026-08-05 09:40:00,NKTX,,2.2309999465942383,2.2309999465942383,2.2309999465942383,2.2309999465942383,559.0
2026-08-05 09:40:00,NMFC,,7.309999942779541,7.309999942779541,7.309999942779541,7.309999942779541,331.0
2026-08-05 09:40:00,NMIH,,44.755001068115234,44.755001068115234,44.755001068115234,44.755001068115234,172.0
2026-08-05 09:40:00,NMRA,,1.559999942779541,1.5700000524520874,1.559999942779541,1.5700000524520874,2631.0
2026-08-05 09:40:00,NMRK,,15.720000267028809,15.723600387573242,15.6899995803833,15.710000038146973,3373.0
2026-08-05 09:40:00,NMTC,,1.7455999851226807,1.7455999851226807,1.7455999851226807,1.7455999851226807,600.0
2026-08-05 09:40:00,NN,,14.069999694824219,14.069999694824219,13.960000038146973,14.003299713134766,14370.0
2026-08-05 09:40:00,NNBR,,3.8299999237060547,3.8499999046325684,3.8299999237060547,3.8499999046325684,1426.0
2026-08-05 09:40:00,NNDM,,1.5850000381469727,1.5850000381469727,1.5800000429153442,1.5800000429153442,12833.0
2026-08-05 09:40:00,NNOX,,1.0566999912261963,1.0566999912261963,1.0566999912261963,1.0566999912261963,235.0
2026-08-05 09:40:00,NRDS,,9.279999732971191,9.279999732971191,9.260000228881836,9.270000457763672,2117.0
2026-08-05 09:40:00,NRIM,,27.020000457763672,27.020000457763672,27.020000457763672,27.020000457763672,301.0
2026-08-05 09:40:00,NRIX,,24.875,24.93000030517578,24.875,24.90999984741211,3122.0
2026-08-05 09:40:00,NRXP,,2.944999933242798,2.944999933242798,2.944999933242798,2.944999933242798,2072.0
2026-08-05 09:40:00,NTAP,,191.4199981689453,191.59500122070312,190.9199981689453,191.17919921875,10708.0
2026-08-05 09:40:00,NTES,,128.3000030517578,128.36000061035156,128.3000030517578,128.36000061035156,1119.0
2026-08-05 09:40:00,NTNX,,61.94499969482422,62.119998931884766,61.869998931884766,62.029998779296875,4616.0
2026-08-05 09:40:00,NTRA,,276.1075134277344,276.3894958496094,276.1000061035156,276.3894958496094,3684.0
2026-08-05 09:40:00,NTRS,,185.41250610351562,185.6199951171875,185.27000427246094,185.6199951171875,2263.0
2026-08-05 09:40:00,NUWE,,1.7799999713897705,1.781000018119812,1.7799999713897705,1.7799999713897705,3049.0
2026-08-05 09:40:00,NVAX,,7.65500020980835,7.664999961853027,7.639999866485596,7.664999961853027,13201.0
2026-08-05 09:40:00,NVCR,,16.030000686645508,16.049999237060547,16.030000686645508,16.049999237060547,1488.0
2026-08-05 09:40:00,NVDA,,221.5,221.77000427246094,220.89999389648438,221.5,1220024.0
2026-08-05 09:40:00,NVMI,,408.8900146484375,408.8900146484375,408.8900146484375,408.8900146484375,316.0
2026-08-05 09:40:00,NVNI,,1.149999976158142,1.149999976158142,1.149999976158142,1.149999976158142,213.0
2026-08-05 09:40:00,NVTS,,12.529999732971191,12.548500061035156,12.399999618530273,12.46500015258789,45855.0
2026-08-05 09:40:00,NWBI,,15.9399995803833,15.960000038146973,15.9399995803833,15.950900077819824,3788.0
2026-08-05 09:40:00,NWE,,69.05500030517578,69.47209930419922,69.0,69.47209930419922,3118.0
2026-08-05 09:40:00,NWL,,6.039999961853027,6.054999828338623,6.034999847412109,6.050000190734863,10311.0
2026-08-05 09:40:00,NWPX,,126.53500366210938,126.53500366210938,126.53500366210938,126.53500366210938,215.0
2026-08-05 09:40:00,NWS,,32.56999969482422,32.59000015258789,32.54999923706055,32.560001373291016,7410.0
2026-08-05 09:40:00,NWSA,,28.40399932861328,28.43000030517578,28.399999618530273,28.403600692749023,14850.0
2026-08-05 09:40:00,NXPI,,235.51499938964844,235.6800994873047,235.30999755859375,235.6800994873047,6932.0
2026-08-05 09:40:00,NXST,,194.87229919433594,194.87229919433594,194.87229919433594,194.87229919433594,845.0
2026-08-05 09:40:00,NXT,,97.2300033569336,97.2300033569336,96.69999694824219,96.69999694824219,1074.0
2026-08-05 09:40:00,OCFC,,19.770000457763672,19.790000915527344,19.770000457763672,19.790000915527344,1096.0
2026-08-05 09:40:00,OCGN,,1.2999999523162842,1.2999999523162842,1.2999999523162842,1.2999999523162842,3323.0
2026-08-05 09:40:00,OCS,,12.100000381469727,12.100000381469727,12.100000381469727,12.100000381469727,0.0
2026-08-05 09:40:00,OCSL,,12.210000038146973,12.210000038146973,12.149999618530273,12.149999618530273,11725.0
2026-08-05 09:40:00,OCUL,,8.609999656677246,8.609999656677246,8.569999694824219,8.569999694824219,6755.0
2026-08-05 09:40:00,ODD,,15.109999656677246,15.109999656677246,15.109999656677246,15.109999656677246,639.0
2026-08-05 09:40:00,ODFL,,218.8350067138672,218.86000061035156,218.42999267578125,218.5500030517578,2262.0
2026-08-05 09:40:00,OESX,,14.6850004196167,14.935099601745605,14.6850004196167,14.859999656677246,3725.0
2026-08-05 09:40:00,OFLX,,30.114999771118164,30.40999984741211,30.114999771118164,30.399999618530273,1432.0
2026-08-05 09:40:00,OKTA,,151.35000610351562,151.35000610351562,150.49000549316406,150.7001953125,10149.0
2026-08-05 09:40:00,OLLI,,77.13999938964844,77.19000244140625,76.91000366210938,76.9800033569336,2454.0
2026-08-05 09:40:00,OLMA,,11.805000305175781,11.8149995803833,11.805000305175781,11.8149995803833,1587.0
2026-08-05 09:40:00,OM,,5.167300224304199,5.167300224304199,5.167300224304199,5.167300224304199,374.0
2026-08-05 09:40:00,OMEX,,0.7358999848365784,0.7358999848365784,0.7358999848365784,0.7358999848365784,2411.0
2026-08-05 09:40:00,OMH,,0.1103999987244606,0.11180000007152557,0.11029999703168869,0.11169999837875366,46791.0
2026-08-05 09:40:00,ON,,78.87999725341797,78.9000015258789,78.44999694824219,78.70999908447266,42059.0
2026-08-05 09:40:00,ONB,,27.114999771118164,27.125999450683594,27.114999771118164,27.125999450683594,2096.0
2026-08-05 09:40:00,ONCO,,0.8098999857902527,0.8098999857902527,0.8098999857902527,0.8098999857902527,711.0
2026-08-05 09:40:00,ONCY,,0.7943999767303467,0.795199990272522,0.7943999767303467,0.795199990272522,1646.0
2026-08-05 09:40:00,ONDS,,8.885000228881836,8.899999618530273,8.829999923706055,8.861800193786621,114546.0
2026-08-05 09:40:00,ONEW,,12.704999923706055,12.704999923706055,12.704999923706055,12.704999923706055,743.0
2026-08-05 09:40:00,ONFO,,0.08110000193119049,0.08110000193119049,0.08100000023841858,0.08110000193119049,243703.0
2026-08-05 09:40:00,OPCH,,23.5,23.5,23.5,23.5,1777.0
2026-08-05 09:40:00,OPEN,,3.8201000690460205,3.859999895095825,3.805000066757202,3.825000047683716,232354.0
2026-08-05 09:40:00,OPHC,,8.849699974060059,8.849699974060059,8.849699974060059,8.849699974060059,301.0
2026-08-05 09:40:00,OPK,,1.2949999570846558,1.2999999523162842,1.2949999570846558,1.2999999523162842,9326.0
2026-08-05 09:40:00,OPRA,,20.520000457763672,20.56999969482422,20.520000457763672,20.56999969482422,7496.0
2026-08-05 09:40:00,OPRT,,6.110000133514404,6.110000133514404,6.110000133514404,6.110000133514404,310.0
2026-08-05 09:40:00,ORIC,,13.729999542236328,13.729999542236328,13.649999618530273,13.680000305175781,590.0
2026-08-05 09:40:00,ORLY,,92.45500183105469,92.7300033569336,92.44499969482422,92.70999908447266,32735.0
2026-08-05 09:40:00,OSPN,,17.530000686645508,17.579999923706055,17.3799991607666,17.3799991607666,2831.0
2026-08-05 09:40:00,OSS,,12.829700469970703,12.829700469970703,12.660099983215332,12.800000190734863,8393.0
2026-08-05 09:40:00,OSW,,26.600000381469727,26.600000381469727,26.600000381469727,26.600000381469727,367.0
2026-08-05 09:40:00,OTEX,,26.290000915527344,26.329999923706055,26.290000915527344,26.309999465942383,5545.0
2026-08-05 09:40:00,OTLK,,1.0049999952316284,1.0099999904632568,1.001099944114685,1.0049999952316284,1867.0
2026-08-05 09:40:00,OVID,,2.5139999389648438,2.5139999389648438,2.509999990463257,2.509999990463257,1194.0
2026-08-05 09:40:00,OXLC,,9.15999984741211,9.15999984741211,9.154999732971191,9.15999984741211,2364.0
2026-08-05 09:40:00,PAA,,23.309999465942383,23.350000381469727,23.30500030517578,23.350000381469727,5127.0
2026-08-05 09:40:00,PAAS,,46.95000076293945,47.099998474121094,46.900001525878906,47.004398345947266,30577.0
2026-08-05 09:40:00,PACB,,1.4299999475479126,1.4299999475479126,1.4249999523162842,1.4249999523162842,8464.0
2026-08-05 09:40:00,PAGP,,25.170000076293945,25.190000534057617,25.170000076293945,25.190000534057617,2883.0
2026-08-05 09:40:00,PALI,,2.0608999729156494,2.069999933242798,2.0608999729156494,2.069999933242798,3026.0
2026-08-05 09:40:00,PANL,,7.335000038146973,7.335000038146973,7.335000038146973,7.335000038146973,129.0
2026-08-05 09:40:00,PANW,,375.6400146484375,376.0350036621094,373.69500732421875,374.6455993652344,70670.0
2026-08-05 09:40:00,PAYO,,7.119999885559082,7.130000114440918,7.119999885559082,7.129899978637695,10801.0
2026-08-05 09:40:00,PAYS,,9.260000228881836,9.289999961853027,9.260000228881836,9.289999961853027,1748.0
2026-08-05 09:40:00,PAYX,,118.5999984741211,118.79000091552734,118.56710052490234,118.56710052490234,5330.0
2026-08-05 09:40:00,PCAR,,135.74000549316406,135.9499969482422,135.67999267578125,135.77000427246094,13856.0
2026-08-05 09:40:00,PCB,,28.295000076293945,28.295000076293945,28.295000076293945,28.295000076293945,781.0
2026-08-05 09:40:00,PCRX,,26.270000457763672,26.270000457763672,26.270000457763672,26.270000457763672,561.0
2026-08-05 09:40:00,PCSA,,2.119999885559082,2.119999885559082,2.119999885559082,2.119999885559082,700.0
2026-08-05 09:40:00,PCT,,7.079999923706055,7.079999923706055,7.045000076293945,7.045000076293945,21673.0
2026-08-05 09:40:00,PCTY,,148.0050048828125,148.07000732421875,147.44000244140625,147.44000244140625,2765.0
2026-08-05 09:40:00,PDD,,91.27999877929688,91.38999938964844,91.27999877929688,91.3499984741211,13411.0
2026-08-05 09:40:00,PDEX,,67.0,67.20999908447266,66.9000015258789,67.20999908447266,1151.0
2026-08-05 09:40:00,PEBK,,42.81999969482422,42.88999938964844,42.81999969482422,42.83000183105469,2842.0
2026-08-05 09:40:00,PEGA,,31.940000534057617,31.959999084472656,31.84000015258789,31.84000015258789,1388.0
2026-08-05 09:40:00,PEP,,138.6750030517578,138.84500122070312,138.63499450683594,138.81500244140625,12936.0
2026-08-05 09:40:00,PEPG,,1.899999976158142,1.9049999713897705,1.8991999626159668,1.9049999713897705,2313.0
2026-08-05 09:40:00,PERI,,9.699999809265137,9.699999809265137,9.699999809265137,9.699999809265137,927.0
2026-08-05 09:40:00,PESI,,17.5,17.5,17.3799991607666,17.450000762939453,3065.0
2026-08-05 09:40:00,PFG,,116.03520202636719,116.03520202636719,116.03520202636719,116.03520202636719,1639.0
2026-08-05 09:40:00,PGEN,,6.679999828338623,6.75,6.635000228881836,6.639999866485596,120787.0
2026-08-05 09:40:00,PGY,,21.469999313354492,21.524999618530273,21.389999389648438,21.395000457763672,11579.0
2026-08-05 09:40:00,PHAT,,8.420000076293945,8.420000076293945,8.420000076293945,8.420000076293945,327.0
2026-08-05 09:40:00,PHIO,,1.0700000524520874,1.0700000524520874,1.0700000524520874,1.0700000524520874,310.0
2026-08-05 09:40:00,PHVS,,34.040000915527344,34.45000076293945,34.040000915527344,34.45000076293945,667.0
2026-08-05 09:40:00,PLBC,,60.599998474121094,60.599998474121094,60.5,60.5,984.0
2026-08-05 09:40:00,PLMR,,135.22000122070312,136.97999572753906,135.22000122070312,136.55999755859375,6137.0
2026-08-05 09:40:00,PLPC,,438.07000732421875,438.07000732421875,438.07000732421875,438.07000732421875,798.0
2026-08-05 09:40:00,PLUG,,2.115000009536743,2.119999885559082,2.1050000190734863,2.109999895095825,184213.0
2026-08-05 09:40:00,PLXS,,275.17999267578125,275.17999267578125,274.989990234375,274.989990234375,1374.0
2026-08-05 09:40:00,POCI,,4.248700141906738,4.248700141906738,4.248700141906738,4.248700141906738,400.0
2026-08-05 09:40:00,POET,,8.279999732971191,8.300000190734863,8.239999771118164,8.28499984741211,68736.0
2026-08-05 09:40:00,POLA,,1.7417999505996704,1.7417999505996704,1.7417999505996704,1.7417999505996704,1761.0
2026-08-05 09:40:00,POOL,,202.46499633789062,202.46499633789062,202.14500427246094,202.14500427246094,231.0
2026-08-05 09:40:00,POWI,,62.380001068115234,62.380001068115234,62.380001068115234,62.380001068115234,850.0
2026-08-05 09:40:00,POWL,,208.4199981689453,208.4199981689453,208.4199981689453,208.4199981689453,200.0
2026-08-05 09:40:00,PPSI,,3.0399999618530273,3.059999942779541,3.0399999618530273,3.0399999618530273,200.0
2026-08-05 09:40:00,PPTA,,21.84000015258789,21.920000076293945,21.799999237060547,21.8700008392334,9045.0
2026-08-05 09:40:00,PRCH,,16.1299991607666,16.135000228881836,16.0,16.135000228881836,16788.0
2026-08-05 09:40:00,PRCT,,18.905000686645508,18.98189926147461,18.6299991607666,18.65999984741211,17254.0
2026-08-05 09:40:00,PRE,,18.34000015258789,18.34000015258789,18.34000015258789,18.34000015258789,934.0
2026-08-05 09:40:00,PRIM,,87.56999969482422,87.56999969482422,87.56500244140625,87.56500244140625,715.0
2026-08-05 09:40:00,PRME,,2.9049999713897705,2.9100000858306885,2.9049999713897705,2.9100000858306885,16591.0
2026-08-05 09:40:00,PROK,,1.6540000438690186,1.659999966621399,1.6540000438690186,1.659999966621399,2963.0
2026-08-05 09:40:00,PRQR,,1.8550000190734863,1.8600000143051147,1.8550000190734863,1.8600000143051147,20229.0
2026-08-05 09:40:00,PRTA,,8.529999732971191,8.529999732971191,8.520000457763672,8.529999732971191,855.0
2026-08-05 09:40:00,PRVA,,23.790000915527344,23.809999465942383,23.790000915527344,23.799999237060547,1145.0
2026-08-05 09:40:00,PRZO,,0.5498999953269958,0.5498999953269958,0.5406000018119812,0.5432999730110168,4372.0
2026-08-05 09:40:00,PSEC,,2.2200000286102295,2.2249999046325684,2.2100000381469727,2.219099998474121,14734.0
2026-08-05 09:40:00,PSNL,,13.5,13.5,13.5,13.5,1354.0
2026-08-05 09:40:00,PSNY,,14.335000038146973,14.335000038146973,14.335000038146973,14.335000038146973,594.0
2026-08-05 09:40:00,PTCT,,69.56999969482422,69.56999969482422,69.56999969482422,69.56999969482422,919.0
2026-08-05 09:40:00,PTEN,,9.9399995803833,9.979999542236328,9.930000305175781,9.979999542236328,6076.0
2026-08-05 09:40:00,PTON,,6.550000190734863,6.550000190734863,6.53000020980835,6.534999847412109,27773.0
2026-08-05 09:40:00,PUBM,,13.8149995803833,13.8149995803833,13.8149995803833,13.8149995803833,836.0
2026-08-05 09:40:00,PWP,,17.290000915527344,17.290000915527344,17.290000915527344,17.290000915527344,277.0
2026-08-05 09:40:00,PYPD,,4.494999885559082,4.494999885559082,4.494999885559082,4.494999885559082,273.0
2026-08-05 09:40:00,PYPL,,58.95000076293945,59.08000183105469,58.939998626708984,59.08000183105469,20009.0
2026-08-05 09:40:00,PZZA,,30.420000076293945,30.420000076293945,30.30500030517578,30.31999969482422,4683.0
2026-08-05 09:40:00,QCOM,,160.14500427246094,160.5800018310547,160.11000061035156,160.5435028076172,19127.0
2026-08-05 09:40:00,QFIN,,13.390000343322754,13.390000343322754,13.390000343322754,13.390000343322754,950.0
2026-08-05 09:40:00,QQQX,,30.7549991607666,30.7549991607666,30.7549991607666,30.7549991607666,105.0
2026-08-05 09:40:00,SEED,,0.9440000057220459,0.9498999714851379,0.9399999976158142,0.9498999714851379,2136.0
2026-08-05 09:40:00,STIM,,2.3499999046325684,2.359999895095825,2.2899999618530273,2.313999891281128,69011.0
2026-08-05 09:40:00,WOOF,,2.946000099182129,2.946000099182129,2.946000099182129,2.946000099182129,206.0
2026-08-05 09:41:00,ACDC,,4.208799839019775,4.210000038146973,4.179999828338623,4.179999828338623,4399.0
2026-08-05 09:41:00,BPOP,,177.26499938964844,177.26499938964844,177.26499938964844,177.26499938964844,249.0
2026-08-05 09:41:00,DTIL,,7.380000114440918,7.380000114440918,7.380000114440918,7.380000114440918,1156.0
2026-08-05 09:41:00,EYE,,23.56999969482422,23.610000610351562,23.489999771118164,23.56999969482422,3439.0
2026-08-05 09:41:00,FRST,,16.360000610351562,16.360000610351562,16.360000610351562,16.360000610351562,159.0
2026-08-05 09:41:00,GLUE,,16.625,16.625,16.625,16.625,1570.0
2026-08-05 09:41:00,MBRX,,0.3991999924182892,0.3991999924182892,0.3991999924182892,0.3991999924182892,502.0
2026-08-05 09:41:00,MDB,,383.1449890136719,383.45001220703125,381.54998779296875,382.0299987792969,6792.0
2026-08-05 09:41:00,MDLZ,,61.84000015258789,61.95000076293945,61.81999969482422,61.900001525878906,28673.0
2026-08-05 09:41:00,MLTX,,17.790000915527344,17.790000915527344,17.790000915527344,17.790000915527344,7021.0
2026-08-05 09:41:00,MNRO,,13.210000038146973,13.210000038146973,13.140000343322754,13.199999809265137,6017.0
2026-08-05 09:41:00,MNST,,94.51000213623047,94.6050033569336,94.51000213623047,94.53500366210938,6374.0
2026-08-05 09:41:00,MNTS,,4.480000019073486,4.5,4.459000110626221,4.45989990234375,32117.0
2026-08-05 09:41:00,MORN,,202.51499938964844,202.51499938964844,202.51499938964844,202.51499938964844,1759.0
2026-08-05 09:41:00,MOVE,,12.62030029296875,12.649999618530273,12.62030029296875,12.649999618530273,1407.0
2026-08-05 09:41:00,MPWR,,1331.0050048828125,1331.0050048828125,1325.5799560546875,1330.0050048828125,623.0
2026-08-05 09:41:00,MRNA,,57.1349983215332,57.31999969482422,57.060001373291016,57.255001068115234,6770.0
2026-08-05 09:41:00,MYRG,,340.67498779296875,340.7049865722656,340.67498779296875,340.7049865722656,216.0
2026-08-05 09:41:00,NAMS,,25.985000610351562,26.079999923706055,25.844999313354492,25.844999313354492,2809.0
2026-08-05 09:41:00,NAUT,,1.0098999738693237,1.0098999738693237,1.0098999738693237,1.0098999738693237,7016.0
2026-08-05 09:41:00,NAVI,,9.239500045776367,9.239500045776367,9.234999656677246,9.234999656677246,474.0
2026-08-05 09:41:00,NB,,5.139999866485596,5.150000095367432,5.135000228881836,5.150000095367432,6464.0
2026-08-05 09:41:00,NCNA,,1.3899999856948853,1.3899999856948853,1.3899999856948853,1.3899999856948853,1112.0
2026-08-05 09:41:00,NDAQ,,94.29000091552734,94.38999938964844,94.28500366210938,94.38500213623047,1642.0
2026-08-05 09:41:00,NDSN,,310.2699890136719,310.2699890136719,310.2699890136719,310.2699890136719,101.0
2026-08-05 09:41:00,NEOG,,11.6899995803833,11.711000442504883,11.6899995803833,11.711000442504883,1771.0
2026-08-05 09:41:00,NEON,,0.9350000023841858,0.9350000023841858,0.9350000023841858,0.9350000023841858,202.0
2026-08-05 09:41:00,NEOV,,2.759999990463257,2.7799999713897705,2.7400999069213867,2.755000114440918,16648.0
2026-08-05 09:41:00,NESR,,28.84000015258789,28.84000015258789,28.809999465942383,28.809999465942383,1731.0
2026-08-05 09:41:00,NEXT,,6.489999771118164,6.489999771118164,6.480000019073486,6.480000019073486,1698.0
2026-08-05 09:41:00,NFE,,0.3393999934196472,0.3393999934196472,0.3393999934196472,0.3393999934196472,4857.0
2026-08-05 09:41:00,NFLX,,74.50509643554688,74.68000030517578,74.48999786376953,74.66000366210938,119180.0
2026-08-05 09:41:00,NICE,,95.92500305175781,96.22000122070312,95.83000183105469,96.22000122070312,3319.0
2026-08-05 09:41:00,NKSH,,40.2577018737793,40.28499984741211,40.2577018737793,40.28499984741211,586.0
2026-08-05 09:41:00,NKTR,,73.625,73.625,73.61750030517578,73.61750030517578,509.0
2026-08-05 09:41:00,NMFC,,7.34499979019165,7.360000133514404,7.315000057220459,7.340000152587891,14284.0
2026-08-05 09:41:00,NMRA,,1.5549999475479126,1.559999942779541,1.5549999475479126,1.559999942779541,3770.0
2026-08-05 09:41:00,NMRK,,15.770000457763672,15.779999732971191,15.739999771118164,15.739999771118164,2153.0
2026-08-05 09:41:00,NN,,14.024999618530273,14.09000015258789,14.010000228881836,14.0649995803833,12235.0
2026-08-05 09:41:00,NNBR,,3.825000047683716,3.825000047683716,3.825000047683716,3.825000047683716,1327.0
2026-08-05 09:41:00,NNDM,,1.589900016784668,1.589900016784668,1.589900016784668,1.589900016784668,689.0
2026-08-05 09:41:00,NOVT,,159.16000366210938,159.21499633789062,159.16000366210938,159.21499633789062,1066.0
2026-08-05 09:41:00,NRIX,,24.790000915527344,24.850000381469727,24.790000915527344,24.850000381469727,1721.0
2026-08-05 09:41:00,NRXP,,2.950000047683716,2.9509999752044678,2.950000047683716,2.9509999752044678,1770.0
2026-08-05 09:41:00,NSSC,,40.165000915527344,40.165000915527344,40.165000915527344,40.165000915527344,1187.0
2026-08-05 09:41:00,NTAP,,191.39999389648438,191.4199981689453,191.0,191.4199981689453,3312.0
2026-08-05 09:41:00,NTES,,128.17999267578125,128.4199981689453,128.1699981689453,128.24000549316406,5701.0
2026-08-05 09:41:00,NTNX,,62.08000183105469,62.119998931884766,61.8849983215332,61.8849983215332,3938.0
2026-08-05 09:41:00,NTRA,,275.6199951171875,275.6199951171875,275.6199951171875,275.6199951171875,289.0
2026-08-05 09:41:00,NTRS,,185.16000366210938,185.4600067138672,185.0500030517578,185.3000030517578,3765.0
2026-08-05 09:41:00,NUTX,,158.25,162.43930053710938,158.0,162.43930053710938,3013.0
2026-08-05 09:41:00,NUWE,,1.7599999904632568,1.7790000438690186,1.75,1.7705999612808228,33116.0
2026-08-05 09:41:00,NVAX,,7.659999847412109,7.668300151824951,7.650300025939941,7.659999847412109,13635.0
2026-08-05 09:41:00,NVCT,,19.7549991607666,19.7549991607666,19.7549991607666,19.7549991607666,300.0
2026-08-05 09:41:00,NVDA,,221.625,221.64999389648438,220.9600067138672,221.49000549316406,1399293.0
2026-08-05 09:41:00,NVMI,,409.42498779296875,409.42498779296875,409.2349853515625,409.260009765625,389.0
2026-08-05 09:41:00,NVTS,,12.505000114440918,12.524999618530273,12.4399995803833,12.524999618530273,32250.0
2026-08-05 09:41:00,NVX,,0.39800000190734863,0.39800000190734863,0.39800000190734863,0.39800000190734863,200.0
2026-08-05 09:41:00,NWE,,68.9749984741211,68.9749984741211,68.9749984741211,68.9749984741211,319.0
2026-08-05 09:41:00,NWL,,6.010000228881836,6.03000020980835,5.985000133514404,6.03000020980835,46443.0
2026-08-05 09:41:00,NWS,,32.5,32.540000915527344,32.4900016784668,32.540000915527344,6172.0
2026-08-05 09:41:00,NWSA,,28.3799991607666,28.43000030517578,28.3700008392334,28.405000686645508,9102.0
2026-08-05 09:41:00,NXPI,,235.42999267578125,235.42999267578125,234.9600067138672,235.22999572753906,11290.0
2026-08-05 09:41:00,NXT,,96.98999786376953,97.37000274658203,96.69999694824219,96.94999694824219,1419.0
2026-08-05 09:41:00,NXTC,,5.860000133514404,5.860000133514404,5.735000133514404,5.735000133514404,2207.0
2026-08-05 09:41:00,NYAX,,66.62999725341797,66.62999725341797,66.62999725341797,66.62999725341797,1346.0
2026-08-05 09:41:00,OCC,,15.774999618530273,15.774999618530273,15.774999618530273,15.774999618530273,3484.0
2026-08-05 09:41:00,OCFC,,19.764999389648438,19.770000457763672,19.764999389648438,19.770000457763672,1170.0
2026-08-05 09:41:00,OCGN,,1.3011000156402588,1.309999942779541,1.2999999523162842,1.3049999475479126,15317.0
2026-08-05 09:41:00,OCS,,12.0,12.010000228881836,12.0,12.010000228881836,300.0
2026-08-05 09:41:00,OCSL,,12.130000114440918,12.180000305175781,12.074999809265137,12.180000305175781,3205.0
2026-08-05 09:41:00,OESX,,15.0600004196167,15.399999618530273,15.029999732971191,15.029999732971191,1819.0
2026-08-05 09:41:00,OFLX,,30.350000381469727,30.350000381469727,30.350000381469727,30.350000381469727,1643.0
2026-08-05 09:41:00,OKTA,,151.49000549316406,151.5,151.25,151.3800048828125,5345.0
2026-08-05 09:41:00,OLLI,,77.25,77.2699966430664,77.19999694824219,77.19999694824219,2173.0
2026-08-05 09:41:00,OLMA,,11.800000190734863,11.805000305175781,11.760000228881836,11.805000305175781,3636.0
2026-08-05 09:41:00,OMEX,,0.7394000291824341,0.7394000291824341,0.7394000291824341,0.7394000291824341,201.0
2026-08-05 09:41:00,OMH,,0.11180000007152557,0.11180000007152557,0.11050000041723251,0.11050000041723251,14600.0
2026-08-05 09:41:00,ON,,78.87999725341797,79.0,78.75,78.8499984741211,42052.0
2026-08-05 09:41:00,ONB,,27.145000457763672,27.145000457763672,27.110000610351562,27.110000610351562,3061.0
2026-08-05 09:41:00,ONDS,,8.872300148010254,8.890000343322754,8.864999771118164,8.885000228881836,130974.0
2026-08-05 09:41:00,ONFO,,0.08100000023841858,0.08110000193119049,0.08100000023841858,0.08100000023841858,81547.0
2026-08-05 09:41:00,OPEN,,3.8199000358581543,3.849900007247925,3.809999942779541,3.8282999992370605,208902.0
2026-08-05 09:41:00,OPRA,,20.524999618530273,20.700000762939453,20.459999084472656,20.489999771118164,10994.0
2026-08-05 09:41:00,OPRX,,6.829999923706055,6.840000152587891,6.829999923706055,6.840000152587891,423.0
2026-08-05 09:41:00,ORIC,,13.56029987335205,13.71500015258789,13.56029987335205,13.71500015258789,1941.0
2026-08-05 09:41:00,ORLY,,92.48500061035156,92.59500122070312,92.43000030517578,92.48999786376953,9701.0
2026-08-05 09:41:00,OSIS,,235.61500549316406,235.61500549316406,235.61500549316406,235.61500549316406,136.0
2026-08-05 09:41:00,OSPN,,17.5049991607666,17.5049991607666,17.5049991607666,17.5049991607666,432.0
2026-08-05 09:41:00,OSS,,12.819999694824219,12.890000343322754,12.660099983215332,12.779999732971191,14097.0
2026-08-05 09:41:00,OSW,,26.649999618530273,26.649999618530273,26.649999618530273,26.649999618530273,255.0
2026-08-05 09:41:00,OTEX,,26.329999923706055,26.329999923706055,26.309999465942383,26.309999465942383,1382.0
2026-08-05 09:41:00,OTLK,,1.0049999952316284,1.0099999904632568,1.0,1.0099999904632568,21523.0
2026-08-05 09:41:00,OVID,,2.5239999294281006,2.5239999294281006,2.5199999809265137,2.5199999809265137,1317.0
2026-08-05 09:41:00,OXLC,,9.175000190734863,9.180000305175781,9.164999961853027,9.164999961853027,8752.0
2026-08-05 09:41:00,OXSQ,,1.48989999294281,1.4900000095367432,1.4850000143051147,1.4850000143051147,4963.0
2026-08-05 09:41:00,PAA,,23.309999465942383,23.325899124145508,23.28499984741211,23.30500030517578,5235.0
2026-08-05 09:41:00,PAAS,,47.06999969482422,47.09700012207031,46.95000076293945,46.96500015258789,24481.0
2026-08-05 09:41:00,PAGP,,25.170000076293945,25.18000030517578,25.135000228881836,25.149999618530273,3639.0
2026-08-05 09:41:00,PAHC,,37.209999084472656,37.209999084472656,37.209999084472656,37.209999084472656,634.0
2026-08-05 09:41:00,PANW,,376.45001220703125,376.760009765625,375.25,375.80999755859375,20718.0
2026-08-05 09:41:00,PAYO,,7.129899978637695,7.130000114440918,7.119999885559082,7.125,4809.0
2026-08-05 09:41:00,PAYS,,9.279999732971191,9.279999732971191,9.279999732971191,9.279999732971191,495.0
2026-08-05 09:41:00,PAYX,,118.40299987792969,118.62000274658203,118.40299987792969,118.62000274658203,1456.0
2026-08-05 09:41:00,PCAR,,135.75,135.77999877929688,135.52000427246094,135.6699981689453,12440.0
2026-08-05 09:41:00,PCRX,,26.270000457763672,26.270000457763672,26.100000381469727,26.100000381469727,1322.0
2026-08-05 09:41:00,PCSA,,2.140000104904175,2.140000104904175,2.140000104904175,2.140000104904175,555.0
2026-08-05 09:41:00,PCT,,7.070000171661377,7.079999923706055,7.039999961853027,7.070000171661377,2210.0
2026-08-05 09:41:00,PCTY,,147.97500610351562,147.97500610351562,147.97500610351562,147.97500610351562,367.0
2026-08-05 09:41:00,PDD,,91.33499908447266,91.48999786376953,91.29000091552734,91.29000091552734,32434.0
2026-08-05 09:41:00,PDEX,,67.30000305175781,67.69999694824219,66.33499908447266,67.19999694824219,1095.0
2026-08-05 09:41:00,PDSB,,0.7207000255584717,0.7207000255584717,0.7207000255584717,0.7207000255584717,684.0
2026-08-05 09:41:00,PEBK,,42.970001220703125,42.97999954223633,42.970001220703125,42.97999954223633,2358.0
2026-08-05 09:41:00,PECO,,41.43000030517578,41.43000030517578,41.43000030517578,41.43000030517578,443.0
2026-08-05 09:41:00,PEGA,,31.895000457763672,31.895000457763672,31.8700008392334,31.8700008392334,938.0
2026-08-05 09:41:00,PENN,,20.110000610351562,20.110000610351562,20.065000534057617,20.06999969482422,2275.0
2026-08-05 09:41:00,PEP,,138.5749969482422,138.77999877929688,138.5749969482422,138.64500427246094,11089.0
2026-08-05 09:41:00,PEPG,,1.8899999856948853,1.8949999809265137,1.8899999856948853,1.8949999809265137,1000.0
2026-08-05 09:41:00,PESI,,17.459999084472656,17.5,17.459999084472656,17.5,607.0
2026-08-05 09:41:00,PGC,,46.40999984741211,46.40999984741211,46.40999984741211,46.40999984741211,284.0
2026-08-05 09:41:00,PGEN,,6.730000019073486,6.800000190734863,6.6697998046875,6.690000057220459,57380.0
2026-08-05 09:41:00,PGY,,21.46500015258789,21.5,21.440000534057617,21.5,3901.0
2026-08-05 09:41:00,PHAT,,8.449999809265137,8.449999809265137,8.420000076293945,8.4399995803833,6633.0
2026-08-05 09:41:00,PLMR,,134.11000061035156,135.99000549316406,134.11000061035156,135.9499969482422,3575.0
2026-08-05 09:41:00,PLRX,,1.0582000017166138,1.0597000122070312,1.0549999475479126,1.0549999475479126,2873.0
2026-08-05 09:41:00,PLSE,,37.790000915527344,38.025001525878906,37.77000045776367,38.025001525878906,1452.0
2026-08-05 09:41:00,PLTK,,4.0,4.0,4.0,4.0,397.0
2026-08-05 09:41:00,PLUG,,2.111999988555908,2.119999885559082,2.109999895095825,2.111999988555908,29883.0
2026-08-05 09:41:00,PNBK,,1.1349999904632568,1.1349999904632568,1.1349999904632568,1.1349999904632568,226.0
2026-08-05 09:41:00,PNFP,,108.98999786376953,109.00499725341797,108.9800033569336,109.00499725341797,935.0
2026-08-05 09:41:00,POET,,8.28499984741211,8.28499984741211,8.25,8.265000343322754,27108.0
2026-08-05 09:41:00,POOL,,202.38499450683594,202.38499450683594,202.38499450683594,202.38499450683594,496.0
2026-08-05 09:41:00,POWI,,63.03499984741211,63.03499984741211,62.47200012207031,62.47200012207031,864.0
2026-08-05 09:41:00,POWL,,208.0,208.0,207.6909942626953,207.6909942626953,716.0
2026-08-05 09:41:00,PPTA,,21.889999389648438,21.889999389648438,21.809999465942383,21.830699920654297,4314.0
2026-08-05 09:41:00,PRCH,,16.079999923706055,16.139999389648438,16.040000915527344,16.09000015258789,5306.0
2026-08-05 09:41:00,PRCT,,18.889999389648438,19.149999618530273,18.889999389648438,19.010000228881836,36340.0
2026-08-05 09:41:00,PRDO,,33.189998626708984,33.189998626708984,33.189998626708984,33.189998626708984,546.0
2026-08-05 09:41:00,PRIM,,87.26499938964844,87.62999725341797,87.26499938964844,87.62999725341797,548.0
2026-08-05 09:41:00,PRME,,2.8910000324249268,2.9100000858306885,2.8910000324249268,2.9049999713897705,22108.0
2026-08-05 09:41:00,PROK,,1.655900001525879,1.659000039100647,1.6549999713897705,1.6549999713897705,1076.0
2026-08-05 09:41:00,PRTA,,8.529999732971191,8.529999732971191,8.529999732971191,8.529999732971191,524.0
2026-08-05 09:41:00,PRZO,,0.5453000068664551,0.5453000068664551,0.5453000068664551,0.5453000068664551,25.0
2026-08-05 09:41:00,PSEC,,2.2200000286102295,2.2225000858306885,2.2200000286102295,2.2200000286102295,5084.0
2026-08-05 09:41:00,PSNL,,13.524999618530273,13.524999618530273,13.505000114440918,13.505000114440918,792.0
2026-08-05 09:41:00,PTCT,,69.16000366210938,69.56999969482422,69.16000366210938,69.56999969482422,2791.0
2026-08-05 09:41:00,PTEN,,9.949999809265137,9.949999809265137,9.9399995803833,9.9399995803833,1517.0
2026-08-05 09:41:00,PTLO,,4.485000133514404,4.489999771118164,4.485000133514404,4.489999771118164,3042.0
2026-08-05 09:41:00,PTON,,6.565000057220459,6.565000057220459,6.550000190734863,6.550000190734863,19842.0
2026-08-05 09:41:00,PUBM,,13.75,13.75,13.75,13.75,319.0
2026-08-05 09:41:00,PWP,,17.229999542236328,17.229999542236328,17.229999542236328,17.229999542236328,686.0
2026-08-05 09:41:00,PYPD,,4.5,4.505000114440918,4.5,4.505000114440918,321.0
2026-08-05 09:41:00,PYPL,,58.900001525878906,58.9900016784668,58.88999938964844,58.95000076293945,15560.0
2026-08-05 09:41:00,PYXS,,3.2300000190734863,3.2300000190734863,3.2300000190734863,3.2300000190734863,1324.0
2026-08-05 09:41:00,PZZA,,30.375,30.375,30.375,30.375,473.0
2026-08-05 09:41:00,QCOM,,160.25999450683594,160.3000030517578,160.0,160.19000244140625,16907.0
2026-08-05 09:41:00,QCRH,,104.72000122070312,104.72000122070312,104.72000122070312,104.72000122070312,46.0
2026-08-05 09:41:00,QFIN,,13.40999984741211,13.40999984741211,13.40999984741211,13.40999984741211,514.0
2026-08-05 09:41:00,QRVO,,94.48500061035156,94.62000274658203,94.48500061035156,94.62000274658203,3788.0
2026-08-05 09:41:00,SEED,,0.9448000192642212,0.9484000205993652,0.9408000111579895,0.9449999928474426,1896.0
2026-08-05 09:41:00,STIM,,2.390000104904175,2.390000104904175,2.3540000915527344,2.3540000915527344,9642.0
2026-08-05 09:41:00,TARA,,3.990000009536743,3.990000009536743,3.990000009536743,3.990000009536743,705.0
2026-08-05 09:41:00,WOOF,,2.9409000873565674,2.9409000873565674,2.9409000873565674,2.9409000873565674,4143.0
2026-08-05 09:42:00,ACDC,,4.199999809265137,4.207300186157227,4.195000171661377,4.195000171661377,7361.0
2026-08-05 09:42:00,BPOP,,176.6199951171875,176.9499969482422,176.6199951171875,176.9499969482422,3309.0
2026-08-05 09:42:00,EYE,,23.489999771118164,23.579999923706055,23.3799991607666,23.559999465942383,3886.0
2026-08-05 09:42:00,GLUE,,16.6299991607666,16.6299991607666,16.6299991607666,16.6299991607666,485.0
2026-08-05 09:42:00,KIDS,,21.200000762939453,21.239999771118164,21.200000762939453,21.239999771118164,1376.0
2026-08-05 09:42:00,KITT,,1.0740000009536743,1.0740000009536743,1.0740000009536743,1.0740000009536743,300.0
2026-08-05 09:42:00,LUNG,,1.9600000381469727,1.9600000381469727,1.9600000381469727,1.9600000381469727,2728.0
2026-08-05 09:42:00,MDB,,382.6400146484375,383.239990234375,380.87811279296875,383.1449890136719,2243.0
2026-08-05 09:42:00,MDLZ,,61.71500015258789,61.72999954223633,61.68000030517578,61.709999084472656,12580.0
2026-08-05 09:42:00,MLTX,,17.719999313354492,17.719999313354492,17.639999389648438,17.670000076293945,1166.0
2026-08-05 09:42:00,MNRO,,13.1899995803833,13.210000038146973,13.130000114440918,13.210000038146973,2873.0
2026-08-05 09:42:00,MNST,,94.36000061035156,94.47750091552734,94.31999969482422,94.4749984741211,8264.0
2026-08-05 09:42:00,MNTS,,4.484000205993652,4.484000205993652,4.484000205993652,4.484000205993652,323.0
2026-08-05 09:42:00,MOVE,,12.736700057983398,12.736700057983398,12.732099533081055,12.732099533081055,577.0
2026-08-05 09:42:00,MPWR,,1336.739990234375,1336.739990234375,1331.4749755859375,1332.47998046875,691.0
2026-08-05 09:42:00,MRNA,,57.19499969482422,57.20989990234375,57.13999938964844,57.13999938964844,2289.0
2026-08-05 09:42:00,MYGN,,3.180000066757202,3.180000066757202,3.180000066757202,3.180000066757202,1693.0
2026-08-05 09:42:00,MYRG,,340.67999267578125,340.67999267578125,340.67999267578125,340.67999267578125,169.0
2026-08-05 09:42:00,NAMS,,26.229999542236328,26.229999542236328,25.889999389648438,25.912399291992188,6455.0
2026-08-05 09:42:00,NAUT,,0.9908999800682068,1.0,0.9908999800682068,0.992900013923645,0.0
2026-08-05 09:42:00,NAVI,,9.175000190734863,9.225000381469727,9.175000190734863,9.225000381469727,3917.0
2026-08-05 09:42:00,NB,,5.170000076293945,5.179999828338623,5.170000076293945,5.170000076293945,6997.0
2026-08-05 09:42:00,NBIX,,165.36000061035156,166.00999450683594,164.6999969482422,166.00999450683594,10564.0
2026-08-05 09:42:00,NCMI,,4.110000133514404,4.110000133514404,4.110000133514404,4.110000133514404,1200.0
2026-08-05 09:42:00,NDAQ,,94.33000183105469,94.33999633789062,94.12999725341797,94.16000366210938,2983.0
2026-08-05 09:42:00,NDLS,,17.809999465942383,17.809999465942383,17.809999465942383,17.809999465942383,2556.0
2026-08-05 09:42:00,NDSN,,310.9800109863281,310.9800109863281,310.9800109863281,310.9800109863281,44.0
2026-08-05 09:42:00,NEO,,16.139999389648438,16.170000076293945,16.139999389648438,16.170000076293945,1790.0
2026-08-05 09:42:00,NEOG,,11.680000305175781,11.690999984741211,11.680000305175781,11.6899995803833,2911.0
2026-08-05 09:42:00,NEOV,,2.759999990463257,2.7699999809265137,2.759999990463257,2.759999990463257,3931.0
2026-08-05 09:42:00,NEXT,,6.5,6.510000228881836,6.489999771118164,6.489999771118164,5134.0
2026-08-05 09:42:00,NFLX,,74.4800033569336,74.56999969482422,74.41000366210938,74.5,108707.0
2026-08-05 09:42:00,NICE,,95.29000091552734,95.79499816894531,95.27999877929688,95.79499816894531,3733.0
2026-08-05 09:42:00,NKTR,,73.0199966430664,73.27999877929688,73.0199966430664,73.27999877929688,2324.0
2026-08-05 09:42:00,NMFC,,7.329999923706055,7.340000152587891,7.329999923706055,7.340000152587891,1085.0
2026-08-05 09:42:00,NMIH,,44.560001373291016,44.66999816894531,44.560001373291016,44.66999816894531,1838.0
2026-08-05 09:42:00,NMRA,,1.5449999570846558,1.5499999523162842,1.5399999618530273,1.5499999523162842,2836.0
2026-08-05 09:42:00,NN,,14.039999961853027,14.074999809265137,14.039999961853027,14.039999961853027,7410.0
2026-08-05 09:42:00,NNBR,,3.809999942779541,3.8104000091552734,3.809999942779541,3.809999942779541,981.0
2026-08-05 09:42:00,NNDM,,1.5850000381469727,1.590000033378601,1.5850000381469727,1.5850000381469727,2094.0
2026-08-05 09:42:00,NNOX,,1.0449999570846558,1.0499999523162842,1.0399999618530273,1.0499999523162842,10730.0
2026-08-05 09:42:00,NRDS,,9.239999771118164,9.239999771118164,9.239999771118164,9.239999771118164,417.0
2026-08-05 09:42:00,NRIX,,24.799999237060547,24.799999237060547,24.75,24.75309944152832,6245.0
2026-08-05 09:42:00,NRXP,,2.9700000286102295,2.9709999561309814,2.9600000381469727,2.9600000381469727,1132.0
2026-08-05 09:42:00,NTAP,,191.0500030517578,191.6699981689453,191.0500030517578,191.0500030517578,2095.0
2026-08-05 09:42:00,NTES,,128.1999969482422,128.30999755859375,128.1699981689453,128.1699981689453,1074.0
2026-08-05 09:42:00,NTNX,,61.88999938964844,62.209999084472656,61.88999938964844,61.90999984741211,3863.0
2026-08-05 09:42:00,NTRA,,275.5199890136719,276.0299987792969,275.5199890136719,275.7950134277344,9410.0
2026-08-05 09:42:00,NTRS,,185.14999389648438,185.14999389648438,184.85000610351562,184.8699951171875,1035.0
2026-08-05 09:42:00,NUTX,,161.35000610351562,161.35000610351562,161.35000610351562,161.35000610351562,771.0
2026-08-05 09:42:00,NUWE,,1.7710000276565552,1.7710000276565552,1.7599999904632568,1.7599999904632568,4686.0
2026-08-05 09:42:00,NVAX,,7.664999961853027,7.679999828338623,7.650000095367432,7.659999847412109,10972.0
2026-08-05 09:42:00,NVDA,,220.85000610351562,221.6199951171875,220.67999267578125,221.6199951171875,844517.0
2026-08-05 09:42:00,NVMI,,411.5849914550781,411.5899963378906,410.4599914550781,410.4599914550781,439.0
2026-08-05 09:42:00,NVTS,,12.635000228881836,12.65999984741211,12.525899887084961,12.525899887084961,39023.0
2026-08-05 09:42:00,NWBI,,15.920000076293945,15.9399995803833,15.920000076293945,15.9399995803833,5657.0
2026-08-05 09:42:00,NWL,,5.960000038146973,6.010000228881836,5.960000038146973,6.010000228881836,114956.0
2026-08-05 09:42:00,NWS,,32.560001373291016,32.560001373291016,32.5099983215332,32.5099983215332,1369.0
2026-08-05 09:42:00,NWSA,,28.3799991607666,28.388999938964844,28.360000610351562,28.379499435424805,4399.0
2026-08-05 09:42:00,NXPI,,235.1999969482422,235.1999969482422,235.1199951171875,235.1199951171875,3221.0
2026-08-05 09:42:00,NXT,,97.29000091552734,97.36000061035156,96.6500015258789,96.6500015258789,7835.0
2026-08-05 09:42:00,NXTC,,5.860000133514404,5.909999847412109,5.804999828338623,5.804999828338623,423.0
2026-08-05 09:42:00,OABI,,1.9910000562667847,2.009999990463257,1.9910000562667847,2.009999990463257,16910.0
2026-08-05 09:42:00,OCFC,,19.75,19.75,19.7450008392334,19.75,25331.0
2026-08-05 09:42:00,OCGN,,1.3099000453948975,1.309999942779541,1.2999999523162842,1.3049999475479126,5103.0
2026-08-05 09:42:00,OCS,,12.010000228881836,12.010000228881836,12.010000228881836,12.010000228881836,200.0
2026-08-05 09:42:00,OCSL,,12.149999618530273,12.149999618530273,12.119999885559082,12.119999885559082,1520.0
2026-08-05 09:42:00,OCUL,,8.59000015258789,8.59000015258789,8.579999923706055,8.579999923706055,1540.0
2026-08-05 09:42:00,ODD,,15.265000343322754,15.265000343322754,15.1899995803833,15.1899995803833,1587.0
2026-08-05 09:42:00,ODFL,,218.6779022216797,218.6779022216797,218.5800018310547,218.6199951171875,1291.0
2026-08-05 09:42:00,OESX,,15.399999618530273,15.399999618530273,15.095000267028809,15.095000267028809,560.0
2026-08-05 09:42:00,OFIX,,10.9399995803833,11.070799827575684,10.9399995803833,11.070799827575684,1518.0
2026-08-05 09:42:00,OKTA,,150.1302947998047,151.4550018310547,150.1302947998047,151.2301025390625,5740.0
2026-08-05 09:42:00,OLLI,,77.2300033569336,77.2300033569336,77.16999816894531,77.16999816894531,3753.0
2026-08-05 09:42:00,OLMA,,11.729999542236328,11.760000228881836,11.729999542236328,11.760000228881836,2396.0
2026-08-05 09:42:00,OMER,,12.8100004196167,12.8100004196167,12.8100004196167,12.8100004196167,276.0
2026-08-05 09:42:00,OMEX,,0.7443000078201294,0.7443000078201294,0.7398999929428101,0.7398999929428101,751.0
2026-08-05 09:42:00,OMH,,0.11180000007152557,0.11180000007152557,0.11180000007152557,0.11180000007152557,0.0
2026-08-05 09:42:00,ON,,79.29000091552734,79.32499694824219,78.83999633789062,78.8949966430664,39903.0
2026-08-05 09:42:00,ONB,,27.110000610351562,27.149999618530273,27.110000610351562,27.149999618530273,1965.0
2026-08-05 09:42:00,ONCO,,0.7907999753952026,0.7907999753952026,0.7907999753952026,0.7907999753952026,759.0
2026-08-05 09:42:00,ONCY,,0.7986000180244446,0.7986000180244446,0.7986000180244446,0.7986000180244446,1700.0
2026-08-05 09:42:00,ONDS,,8.930000305175781,8.9399995803833,8.871000289916992,8.879799842834473,165851.0
2026-08-05 09:42:00,ONFO,,0.0803999975323677,0.08110000193119049,0.0803999975323677,0.08100000023841858,223104.0
2026-08-05 09:42:00,OPCH,,23.389999389648438,23.43000030517578,23.344999313354492,23.43000030517578,8002.0
2026-08-05 09:42:00,OPEN,,3.809999942779541,3.819999933242798,3.799999952316284,3.815000057220459,295694.0
2026-08-05 09:42:00,OPHC,,8.815799713134766,8.815799713134766,8.815799713134766,8.815799713134766,300.0
2026-08-05 09:42:00,OPK,,1.2949999570846558,1.2949999570846558,1.2949999570846558,1.2949999570846558,1028.0
2026-08-05 09:42:00,OPRA,,20.489999771118164,20.489999771118164,20.489999771118164,20.489999771118164,634.0
2026-08-05 09:42:00,ORGO,,2.375,2.375,2.375,2.375,400.0
2026-08-05 09:42:00,ORIC,,13.609999656677246,13.609999656677246,13.53499984741211,13.550000190734863,5694.0
2026-08-05 09:42:00,ORLY,,92.41000366210938,92.44499969482422,92.33999633789062,92.41500091552734,29068.0
2026-08-05 09:42:00,ORRF,,43.42499923706055,43.42499923706055,43.412498474121094,43.412498474121094,846.0
2026-08-05 09:42:00,OSBC,,25.780000686645508,25.780000686645508,25.75,25.7549991607666,1225.0
2026-08-05 09:42:00,OSIS,,235.61500549316406,235.61500549316406,235.61500549316406,235.61500549316406,240.0
2026-08-05 09:42:00,OSPN,,17.0,17.3799991607666,16.896099090576172,17.3799991607666,4911.0
2026-08-05 09:42:00,OSS,,13.0649995803833,13.088000297546387,12.869999885559082,12.880000114440918,23382.0
2026-08-05 09:42:00,OTEX,,26.315000534057617,26.315000534057617,26.280000686645508,26.309999465942383,2573.0
2026-08-05 09:42:00,OTLK,,1.0049999952316284,1.0098999738693237,1.0,1.000100016593933,43344.0
2026-08-05 09:42:00,OTLY,,14.478400230407715,14.478400230407715,14.478400230407715,14.478400230407715,199.0
2026-08-05 09:42:00,OTTR,,91.3550033569336,91.3550033569336,91.3550033569336,91.3550033569336,481.0
2026-08-05 09:42:00,OVID,,2.5299999713897705,2.5299999713897705,2.5199999809265137,2.5299999713897705,1168.0
2026-08-05 09:42:00,OXLC,,9.175000190734863,9.175000190734863,9.175000190734863,9.175000190734863,23.0
2026-08-05 09:42:00,OXSQ,,1.4839999675750732,1.4855999946594238,1.4839999675750732,1.4855999946594238,888.0
2026-08-05 09:42:00,PAA,,23.325000762939453,23.329999923706055,23.299999237060547,23.309999465942383,14865.0
2026-08-05 09:42:00,PAAS,,47.209999084472656,47.2400016784668,47.040000915527344,47.07400131225586,27100.0
2026-08-05 09:42:00,PACB,,1.434999942779541,1.434999942779541,1.434999942779541,1.434999942779541,357.0
2026-08-05 09:42:00,PAGP,,25.170000076293945,25.170000076293945,25.155000686645508,25.15999984741211,2123.0
2026-08-05 09:42:00,PALI,,2.065000057220459,2.065000057220459,2.0601999759674072,2.065000057220459,476.0
2026-08-05 09:42:00,PANL,,7.369999885559082,7.369999885559082,7.360000133514404,7.360000133514404,2112.0
2026-08-05 09:42:00,PANW,,373.8099060058594,376.42718505859375,373.75,376.42498779296875,27636.0
2026-08-05 09:42:00,PATK,,86.93499755859375,86.94499969482422,86.93499755859375,86.94499969482422,531.0
2026-08-05 09:42:00,PAX,,11.539999961853027,11.569999694824219,11.539999961853027,11.569999694824219,1389.0
2026-08-05 09:42:00,PAYO,,7.129899978637695,7.130000114440918,7.119999885559082,7.130000114440918,4111.0
2026-08-05 09:42:00,PAYS,,9.270000457763672,9.270000457763672,9.270000457763672,9.270000457763672,172.0
2026-08-05 09:42:00,PAYX,,118.36000061035156,118.45999908447266,118.33000183105469,118.37000274658203,1309.0
2026-08-05 09:42:00,PCAR,,135.2899932861328,135.69500732421875,135.25999450683594,135.69500732421875,2834.0
2026-08-05 09:42:00,PCRX,,26.06999969482422,26.270000457763672,26.06999969482422,26.270000457763672,1850.0
2026-08-05 09:42:00,PCSA,,2.1500000953674316,2.1500000953674316,2.140000104904175,2.140000104904175,1943.0
2026-08-05 09:42:00,PCT,,7.079999923706055,7.079999923706055,7.070000171661377,7.070000171661377,6175.0
2026-08-05 09:42:00,PCTY,,147.97000122070312,147.97500610351562,147.03500366210938,147.97500610351562,2245.0
2026-08-05 09:42:00,PDD,,91.31500244140625,91.37000274658203,91.2699966430664,91.37000274658203,18490.0
2026-08-05 09:42:00,PDEX,,67.0,67.0,67.0,67.0,116.0
2026-08-05 09:42:00,PDFS,,50.540000915527344,50.540000915527344,50.540000915527344,50.540000915527344,265.0
2026-08-05 09:42:00,PEBK,,43.13999938964844,43.13999938964844,43.09000015258789,43.09000015258789,3440.0
2026-08-05 09:42:00,PECO,,41.42499923706055,41.42499923706055,41.42499923706055,41.42499923706055,814.0
2026-08-05 09:42:00,PEGA,,31.864099502563477,31.864099502563477,31.864099502563477,31.864099502563477,1970.0
2026-08-05 09:42:00,PENN,,20.079999923706055,20.079999923706055,20.079999923706055,20.079999923706055,1411.0
2026-08-05 09:42:00,PEP,,138.49000549316406,138.5800018310547,138.38999938964844,138.55499267578125,16685.0
2026-08-05 09:42:00,PEPG,,1.8806999921798706,1.8806999921798706,1.8806999921798706,1.8806999921798706,2996.0
2026-08-05 09:42:00,PESI,,17.520000457763672,17.520000457763672,17.5,17.5,1310.0
2026-08-05 09:42:00,PFBC,,106.20999908447266,106.20999908447266,106.1500015258789,106.1500015258789,3835.0
2026-08-05 09:42:00,PFG,,115.87000274658203,115.87000274658203,115.87000274658203,115.87000274658203,688.0
2026-08-05 09:42:00,PGEN,,6.670000076293945,6.769999980926514,6.630000114440918,6.760000228881836,34924.0
2026-08-05 09:42:00,PGY,,21.5,21.55139923095703,21.467899322509766,21.489999771118164,7988.0
2026-08-05 09:42:00,PHAT,,8.433199882507324,8.433199882507324,8.425000190734863,8.425000190734863,8705.0
2026-08-05 09:42:00,PLBC,,60.61000061035156,60.61000061035156,60.61000061035156,60.61000061035156,120.0
2026-08-05 09:42:00,PLBY,,1.2350000143051147,1.2350000143051147,1.2300000190734863,1.2300000190734863,1358.0
2026-08-05 09:42:00,PLMR,,133.27999877929688,133.5,133.27999877929688,133.5,826.0
2026-08-05 09:42:00,PLPC,,447.739990234375,447.739990234375,447.739990234375,447.739990234375,477.0
2026-08-05 09:42:00,PLTK,,4.0,4.0,4.0,4.0,2250.0
2026-08-05 09:42:00,PLUG,,2.1298000812530518,2.130000114440918,2.109999895095825,2.115000009536743,127863.0
2026-08-05 09:42:00,PNFP,,108.98999786376953,108.98999786376953,108.98999786376953,108.98999786376953,564.0
2026-08-05 09:42:00,PNTG,,38.16999816894531,38.16999816894531,38.130001068115234,38.130001068115234,312.0
2026-08-05 09:42:00,POET,,8.335000038146973,8.350000381469727,8.270000457763672,8.28499984741211,39930.0
2026-08-05 09:42:00,POWL,,209.27000427246094,209.6999969482422,207.6909942626953,207.6909942626953,679.0
2026-08-05 09:42:00,PPC,,26.829999923706055,26.850000381469727,26.829999923706055,26.850000381469727,6234.0
2026-08-05 09:42:00,PPIH,,25.75,25.75,25.75,25.75,534.0
2026-08-05 09:42:00,PPSI,,3.049999952316284,3.049999952316284,3.0299999713897705,3.0299999713897705,2201.0
2026-08-05 09:42:00,PPTA,,21.979999542236328,22.009599685668945,21.864999771118164,21.864999771118164,4849.0
2026-08-05 09:42:00,PRAX,,315.0249938964844,315.0249938964844,315.0249938964844,315.0249938964844,116.0
2026-08-05 09:42:00,PRCH,,16.100000381469727,16.1299991607666,16.040000915527344,16.1299991607666,2375.0
2026-08-05 09:42:00,PRCT,,18.729999542236328,18.84000015258789,18.649999618530273,18.809999465942383,14519.0
2026-08-05 09:42:00,PRDO,,33.189998626708984,33.189998626708984,33.189998626708984,33.189998626708984,142.0
2026-08-05 09:42:00,PRIM,,87.56500244140625,87.56500244140625,87.4749984741211,87.4749984741211,3801.0
2026-08-05 09:42:00,PRME,,2.890000104904175,2.9000000953674316,2.890000104904175,2.890000104904175,2588.0
2026-08-05 09:42:00,PROK,,1.6562000513076782,1.6562000513076782,1.6549999713897705,1.6549999713897705,1265.0
2026-08-05 09:42:00,PRTH,,6.690000057220459,6.690000057220459,6.690000057220459,6.690000057220459,300.0
2026-08-05 09:42:00,PRVA,,23.760000228881836,23.760000228881836,23.760000228881836,23.760000228881836,263.0
2026-08-05 09:42:00,PSEC,,2.220099925994873,2.2225000858306885,2.220099925994873,2.2225000858306885,2246.0
2026-08-05 09:42:00,PSNL,,13.524999618530273,13.524999618530273,13.524999618530273,13.524999618530273,403.0
2026-08-05 09:42:00,PTEN,,9.96500015258789,9.979000091552734,9.960000038146973,9.960000038146973,6341.0
2026-08-05 09:42:00,PTLO,,4.460100173950195,4.489999771118164,4.460100173950195,4.489999771118164,12978.0
2026-08-05 09:42:00,PTON,,6.554999828338623,6.565000057220459,6.554999828338623,6.565000057220459,3358.0
2026-08-05 09:42:00,PUBM,,13.75,13.75,13.75,13.75,121.0
2026-08-05 09:42:00,PWP,,17.075000762939453,17.229999542236328,17.075000762939453,17.229999542236328,2083.0
2026-08-05 09:42:00,PYPD,,4.505000114440918,4.505000114440918,4.505000114440918,4.505000114440918,21.0
2026-08-05 09:42:00,PYPL,,58.959999084472656,58.96500015258789,58.849998474121094,58.959999084472656,24273.0
2026-08-05 09:42:00,PZZA,,30.399999618530273,30.469999313354492,30.399999618530273,30.399999618530273,755.0
2026-08-05 09:42:00,QCOM,,160.89999389648438,160.91000366210938,160.25999450683594,160.25999450683594,18834.0
2026-08-05 09:42:00,QFIN,,13.369999885559082,13.369999885559082,13.369999885559082,13.369999885559082,1134.0
2026-08-05 09:42:00,QQQX,,30.739999771118164,30.739999771118164,30.739999771118164,30.739999771118164,672.0
2026-08-05 09:42:00,QRVO,,94.51499938964844,94.61000061035156,94.51499938964844,94.61000061035156,875.0
2026-08-05 09:42:00,SEED,,0.9599999785423279,0.9672999978065491,0.9448000192642212,0.9506000280380249,12661.0
2026-08-05 09:42:00,STIM,,2.359999895095825,2.369999885559082,2.359999895095825,2.369999885559082,11393.0
2026-08-05 09:42:00,TARA,,3.9700000286102295,3.9800000190734863,3.9700000286102295,3.9800000190734863,2582.0
2026-08-05 09:42:00,WOOF,,2.944999933242798,2.944999933242798,2.944999933242798,2.944999933242798,325.0
2026-08-05 09:43:00,ACDC,,4.25,4.25,4.195000171661377,4.195000171661377,21132.0
2026-08-05 09:43:00,BPOP,,176.6999969482422,176.6999969482422,176.6999969482422,176.6999969482422,761.0
2026-08-05 09:43:00,CASH,,89.48999786376953,89.48999786376953,89.48999786376953,89.48999786376953,707.0
2026-08-05 09:43:00,DTIL,,7.445000171661377,7.445000171661377,7.445000171661377,7.445000171661377,819.0
2026-08-05 09:43:00,EYE,,23.579999923706055,23.59000015258789,23.489999771118164,23.489999771118164,4428.0
2026-08-05 09:43:00,FIZZ,,31.709999084472656,31.719999313354492,31.709999084472656,31.719999313354492,954.0
2026-08-05 09:43:00,FRST,,16.270000457763672,16.34000015258789,16.270000457763672,16.280000686645508,5011.0
2026-08-05 09:43:00,GLUE,,16.6299991607666,16.6299991607666,16.6299991607666,16.6299991607666,412.0
2026-08-05 09:43:00,KITT,,1.0750000476837158,1.0750000476837158,1.0637999773025513,1.0637999773025513,745.0
2026-08-05 09:43:00,LUNG,,1.9800000190734863,1.9800000190734863,1.9800000190734863,1.9800000190734863,729.0
2026-08-05 09:43:00,MBRX,,0.40049999952316284,0.40049999952316284,0.4000000059604645,0.4000000059604645,17035.0
2026-08-05 09:43:00,MDB,,382.8299865722656,383.19000244140625,381.8500061035156,381.8500061035156,761.0
2026-08-05 09:43:00,MDLZ,,61.6349983215332,61.689998626708984,61.630001068115234,61.689998626708984,9924.0
2026-08-05 09:43:00,MLTX,,17.719999313354492,17.719999313354492,17.719999313354492,17.719999313354492,326.0
2026-08-05 09:43:00,MNRO,,13.180000305175781,13.220000267028809,13.170000076293945,13.1899995803833,5770.0
2026-08-05 09:43:00,MNST,,94.32250213623047,94.33999633789062,94.26499938964844,94.30000305175781,5062.0
2026-08-05 09:43:00,MNTS,,4.519999980926514,4.53000020980835,4.498199939727783,4.498199939727783,11706.0
2026-08-05 09:43:00,MODD,,2.0799999237060547,2.0799999237060547,2.0799999237060547,2.0799999237060547,681.0
2026-08-05 09:43:00,MOVE,,12.699999809265137,12.699999809265137,12.699999809265137,12.699999809265137,1982.0
2026-08-05 09:43:00,MPWR,,1340.93994140625,1341.31494140625,1335.750732421875,1335.750732421875,508.0
2026-08-05 09:43:00,MRNA,,57.27159881591797,57.529998779296875,57.1349983215332,57.1349983215332,14104.0
2026-08-05 09:43:00,MSGM,,4.309999942779541,4.389999866485596,4.309999942779541,4.389999866485596,1648.0
2026-08-05 09:43:00,MYGN,,3.174999952316284,3.174999952316284,3.1700000762939453,3.1700000762939453,1159.0
2026-08-05 09:43:00,MYPS,,0.7301999926567078,0.7301999926567078,0.7301999926567078,0.7301999926567078,1188.0
2026-08-05 09:43:00,MYRG,,343.0799865722656,343.0799865722656,343.0799865722656,343.0799865722656,929.0
2026-08-05 09:43:00,NAMS,,26.25,26.2549991607666,26.25,26.25,2424.0
2026-08-05 09:43:00,NATR,,19.84000015258789,19.989999771118164,19.84000015258789,19.989999771118164,2317.0
2026-08-05 09:43:00,NAVI,,9.130000114440918,9.170000076293945,9.130000114440918,9.170000076293945,688.0
2026-08-05 09:43:00,NB,,5.150000095367432,5.159999847412109,5.144999980926514,5.159999847412109,7981.0
2026-08-05 09:43:00,NBIX,,165.7480010986328,165.7480010986328,165.1999969482422,165.1999969482422,537.0
2026-08-05 09:43:00,NCRA,,1.840000033378601,1.840000033378601,1.840000033378601,1.840000033378601,1718.0
2026-08-05 09:43:00,NDAQ,,94.30000305175781,94.3499984741211,94.30000305175781,94.31999969482422,1739.0
2026-08-05 09:43:00,NDSN,,310.260009765625,310.260009765625,309.7099914550781,309.7099914550781,733.0
2026-08-05 09:43:00,NEGG,,15.622400283813477,15.622400283813477,15.622400283813477,15.622400283813477,1615.0
2026-08-05 09:43:00,NEO,,16.200000762939453,16.200000762939453,16.165000915527344,16.170000076293945,8409.0
2026-08-05 09:43:00,NEOG,,11.649999618530273,11.670999526977539,11.649999618530273,11.670999526977539,1385.0
2026-08-05 09:43:00,NEOV,,2.819999933242798,2.8399999141693115,2.7750000953674316,2.7750000953674316,55167.0
2026-08-05 09:43:00,NESR,,28.84000015258789,28.84000015258789,28.81999969482422,28.829999923706055,2009.0
2026-08-05 09:43:00,NEXT,,6.5,6.5,6.489999771118164,6.489999771118164,24786.0
2026-08-05 09:43:00,NFE,,0.33570000529289246,0.33570000529289246,0.33570000529289246,0.33570000529289246,1001.0
2026-08-05 09:43:00,NFLX,,74.31990051269531,74.52999877929688,74.3198013305664,74.4800033569336,112782.0
2026-08-05 09:43:00,NICE,,95.4800033569336,95.4800033569336,95.33000183105469,95.41000366210938,2118.0
2026-08-05 09:43:00,NKTR,,73.42500305175781,73.42500305175781,73.1050033569336,73.1050033569336,1552.0
2026-08-05 09:43:00,NMFC,,7.320000171661377,7.320000171661377,7.320000171661377,7.320000171661377,797.0
2026-08-05 09:43:00,NMRA,,1.5549999475479126,1.5549999475479126,1.5499999523162842,1.5499999523162842,2602.0
2026-08-05 09:43:00,NMRK,,15.65999984741211,15.699999809265137,15.649999618530273,15.699999809265137,4006.0
2026-08-05 09:43:00,NN,,14.0649995803833,14.069999694824219,14.015000343322754,14.039999961853027,7132.0
2026-08-05 09:43:00,NNBR,,3.828399896621704,3.828399896621704,3.809999942779541,3.809999942779541,800.0
2026-08-05 09:43:00,NNDM,,1.5887999534606934,1.5887999534606934,1.5887999534606934,1.5887999534606934,500.0
2026-08-05 09:43:00,NNOX,,1.0499000549316406,1.0499000549316406,1.0449999570846558,1.0449999570846558,1310.0
2026-08-05 09:43:00,NRDS,,9.229999542236328,9.239999771118164,9.229999542236328,9.239999771118164,3439.0
2026-08-05 09:43:00,NRIM,,27.010000228881836,27.020000457763672,27.010000228881836,27.010000228881836,668.0
2026-08-05 09:43:00,NRIX,,24.850000381469727,24.850000381469727,24.799999237060547,24.799999237060547,4150.0
2026-08-05 09:43:00,NRXP,,2.989000082015991,2.989000082015991,2.9800000190734863,2.9800000190734863,1937.0
2026-08-05 09:43:00,NTAP,,191.34500122070312,191.5,191.17999267578125,191.30999755859375,7521.0
2026-08-05 09:43:00,NTES,,128.32749938964844,128.3800048828125,128.1999969482422,128.1999969482422,3369.0
2026-08-05 09:43:00,NTNX,,61.91999816894531,61.974998474121094,61.89500045776367,61.89500045776367,2411.0
2026-08-05 09:43:00,NTRA,,276.4549865722656,277.6300048828125,276.4549865722656,276.6099853515625,2677.0
2026-08-05 09:43:00,NUWE,,1.7724000215530396,1.7724000215530396,1.7724000215530396,1.7724000215530396,147.0
2026-08-05 09:43:00,NVAX,,7.65500020980835,7.670000076293945,7.65500020980835,7.670000076293945,10647.0
2026-08-05 09:43:00,NVCR,,16.030000686645508,16.09000015258789,16.030000686645508,16.09000015258789,712.0
2026-08-05 09:43:00,NVDA,,220.38999938964844,220.9499969482422,220.05999755859375,220.8300018310547,781596.0
2026-08-05 09:43:00,NVEC,,126.51499938964844,126.51499938964844,126.51499938964844,126.51499938964844,2308.0
2026-08-05 09:43:00,NVMI,,412.3500061035156,412.5450134277344,412.19000244140625,412.19000244140625,260.0
2026-08-05 09:43:00,NVTS,,12.779999732971191,12.779999732971191,12.654999732971191,12.654999732971191,97387.0
2026-08-05 09:43:00,NWBI,,15.920000076293945,15.920000076293945,15.914999961853027,15.920000076293945,12112.0
2026-08-05 09:43:00,NWE,,68.88999938964844,68.88999938964844,68.88999938964844,68.88999938964844,874.0
2026-08-05 09:43:00,NWL,,5.980000019073486,6.010000228881836,5.945000171661377,5.949999809265137,34943.0
2026-08-05 09:43:00,NWPX,,127.08000183105469,127.08000183105469,127.08000183105469,127.08000183105469,460.0
2026-08-05 09:43:00,NWS,,32.470001220703125,32.56999969482422,32.45000076293945,32.56999969482422,8530.0
2026-08-05 09:43:00,NWSA,,28.315000534057617,28.40999984741211,28.309999465942383,28.40999984741211,9448.0
2026-08-05 09:43:00,NXPI,,235.89999389648438,235.9199981689453,235.74000549316406,235.89999389648438,3145.0
2026-08-05 09:43:00,NXT,,97.72000122070312,97.72000122070312,97.13009643554688,97.13009643554688,3810.0
2026-08-05 09:43:00,NXTC,,5.630000114440918,5.903500080108643,5.630000114440918,5.903500080108643,999.0
2026-08-05 09:43:00,OABI,,1.9900000095367432,1.9900000095367432,1.9900000095367432,1.9900000095367432,507.0
2026-08-05 09:43:00,OCC,,15.955100059509277,15.955100059509277,15.955100059509277,15.955100059509277,705.0
2026-08-05 09:43:00,OCCIN,,24.8799991607666,24.8799991607666,24.8799991607666,24.8799991607666,360.0
2026-08-05 09:43:00,OCFC,,19.719999313354492,19.719999313354492,19.719999313354492,19.719999313354492,921.0
2026-08-05 09:43:00,OCGN,,1.3049999475479126,1.3049999475479126,1.3049999475479126,1.3049999475479126,446.0
2026-08-05 09:43:00,OCSL,,12.145000457763672,12.15999984741211,12.140000343322754,12.140000343322754,2525.0
2026-08-05 09:43:00,OCUL,,8.640000343322754,8.640000343322754,8.59000015258789,8.59000015258789,5693.0
2026-08-05 09:43:00,ODFL,,218.38499450683594,218.46499633789062,218.24000549316406,218.25,1779.0
2026-08-05 09:43:00,OESX,,15.270000457763672,15.370599746704102,15.050800323486328,15.26710033416748,2312.0
2026-08-05 09:43:00,OFLX,,30.280000686645508,30.280000686645508,30.25,30.25,1187.0
2026-08-05 09:43:00,OKTA,,150.4149932861328,150.86000061035156,150.30999755859375,150.36500549316406,10464.0
2026-08-05 09:43:00,OLLI,,77.31500244140625,77.36499786376953,77.22000122070312,77.22000122070312,3154.0
2026-08-05 09:43:00,OLMA,,11.78499984741211,11.78499984741211,11.729999542236328,11.729999542236328,4510.0
2026-08-05 09:43:00,OMER,,12.829999923706055,12.859999656677246,12.819999694824219,12.84000015258789,10206.0
2026-08-05 09:43:00,OMEX,,0.7490000128746033,0.7498000264167786,0.7409999966621399,0.7498000264167786,4018.0
2026-08-05 09:43:00,OMH,,0.11110000312328339,0.11169999837875366,0.11110000312328339,0.11169999837875366,5555.0
2026-08-05 09:43:00,ON,,79.45500183105469,79.54000091552734,79.26000213623047,79.30999755859375,37746.0
2026-08-05 09:43:00,ONB,,27.06999969482422,27.094999313354492,27.065000534057617,27.094999313354492,7567.0
2026-08-05 09:43:00,ONCY,,0.7964000105857849,0.7964000105857849,0.7964000105857849,0.7964000105857849,0.0
2026-08-05 09:43:00,ONDS,,8.949999809265137,8.965200424194336,8.914999961853027,8.9350004196167,171569.0
2026-08-05 09:43:00,ONEW,,12.704999923706055,12.704999923706055,12.704999923706055,12.704999923706055,1375.0
2026-08-05 09:43:00,ONFO,,0.07980000227689743,0.08110000193119049,0.07970000058412552,0.08110000193119049,305190.0
2026-08-05 09:43:00,OPCH,,23.329999923706055,23.3700008392334,23.329999923706055,23.334999084472656,1342.0
2026-08-05 09:43:00,OPEN,,3.7750000953674316,3.819999933242798,3.759999990463257,3.815000057220459,698687.0
2026-08-05 09:43:00,OPK,,1.2999999523162842,1.2999999523162842,1.2999999523162842,1.2999999523162842,475.0
2026-08-05 09:43:00,OPRA,,20.579999923706055,20.600000381469727,20.56999969482422,20.56999969482422,5280.0
2026-08-05 09:43:00,OPRT,,6.110000133514404,6.110000133514404,6.110000133514404,6.110000133514404,101.0
2026-08-05 09:43:00,OPRX,,6.809999942779541,6.840000152587891,6.809999942779541,6.840000152587891,1010.0
2026-08-05 09:43:00,ORGO,,2.375999927520752,2.375999927520752,2.375999927520752,2.375999927520752,238.0
2026-08-05 09:43:00,ORIC,,13.739999771118164,13.739999771118164,13.649999618530273,13.649999618530273,1738.0
2026-08-05 09:43:00,ORLY,,92.37000274658203,92.4000015258789,92.30000305175781,92.4000015258789,5618.0
2026-08-05 09:43:00,ORMP,,4.434999942779541,4.434999942779541,4.434999942779541,4.434999942779541,721.0
2026-08-05 09:43:00,OSBC,,25.729999542236328,25.74250030517578,25.719999313354492,25.74250030517578,1885.0
2026-08-05 09:43:00,OSPN,,16.969999313354492,17.104999542236328,16.969999313354492,17.079999923706055,2040.0
2026-08-05 09:43:00,OSS,,13.650300025939941,13.698699951171875,13.069999694824219,13.069999694824219,30488.0
2026-08-05 09:43:00,OSUR,,4.195000171661377,4.195000171661377,4.195000171661377,4.195000171661377,153.0
2026-08-05 09:43:00,OSW,,26.649999618530273,26.709999084472656,26.649999618530273,26.690000534057617,1046.0
2026-08-05 09:43:00,OTEX,,26.219999313354492,26.299999237060547,26.219999313354492,26.299999237060547,3971.0
2026-08-05 09:43:00,OTLK,,1.0049999952316284,1.0099999904632568,1.0,1.0049999952316284,19319.0
2026-08-05 09:43:00,OVID,,2.5339999198913574,2.5450000762939453,2.5299999713897705,2.5299999713897705,5444.0
2026-08-05 09:43:00,OXLC,,9.175000190734863,9.180000305175781,9.16819953918457,9.16819953918457,5252.0
2026-08-05 09:43:00,OXSQ,,1.4800000190734863,1.4900000095367432,1.4800000190734863,1.4850000143051147,2717.0
2026-08-05 09:43:00,PAA,,23.290000915527344,23.325000762939453,23.270099639892578,23.31999969482422,8015.0
2026-08-05 09:43:00,PAAS,,47.36000061035156,47.417198181152344,47.209999084472656,47.209999084472656,22401.0
2026-08-05 09:43:00,PACB,,1.4387999773025513,1.4387999773025513,1.4387999773025513,1.4387999773025513,393.0
2026-08-05 09:43:00,PALI,,2.075000047683716,2.075000047683716,2.069999933242798,2.069999933242798,7264.0
2026-08-05 09:43:00,PANL,,7.389999866485596,7.389999866485596,7.380000114440918,7.380000114440918,551.0
2026-08-05 09:43:00,PANW,,374.1300048828125,374.32000732421875,373.0201110839844,373.80999755859375,23689.0
2026-08-05 09:43:00,PAX,,11.489999771118164,11.529999732971191,11.489999771118164,11.529999732971191,2290.0
2026-08-05 09:43:00,PAYO,,7.119999885559082,7.130000114440918,7.119999885559082,7.130000114440918,5093.0
2026-08-05 09:43:00,PAYS,,9.260000228881836,9.260000228881836,9.260000228881836,9.260000228881836,1252.0
2026-08-05 09:43:00,PAYX,,118.26000213623047,118.4749984741211,118.2300033569336,118.41999816894531,3782.0
2026-08-05 09:43:00,PBYI,,7.889999866485596,7.889999866485596,7.889999866485596,7.889999866485596,187.0
2026-08-05 09:43:00,PCAR,,135.41000366210938,135.41000366210938,135.17999267578125,135.24000549316406,8354.0
2026-08-05 09:43:00,PCRX,,26.25,26.25,26.059999465942383,26.100000381469727,5611.0
2026-08-05 09:43:00,PCT,,7.070000171661377,7.090000152587891,7.070000171661377,7.079999923706055,2980.0
2026-08-05 09:43:00,PCTY,,147.16000366210938,147.30999755859375,147.16000366210938,147.30999755859375,2757.0
2026-08-05 09:43:00,PDD,,91.51000213623047,91.5250015258789,91.28500366210938,91.33000183105469,24337.0
2026-08-05 09:43:00,PDEX,,66.10250091552734,67.0,66.10250091552734,67.0,1645.0
2026-08-05 09:43:00,PDLB,,20.70400047302246,20.70400047302246,20.70400047302246,20.70400047302246,134.0
2026-08-05 09:43:00,PEBK,,43.04999923706055,43.04999923706055,43.0099983215332,43.029998779296875,2965.0
2026-08-05 09:43:00,PEGA,,31.854999542236328,31.854999542236328,31.799999237060547,31.829999923706055,2576.0
2026-08-05 09:43:00,PENN,,20.079999923706055,20.079999923706055,20.06999969482422,20.06999969482422,2777.0
2026-08-05 09:43:00,PEP,,138.1999969482422,138.38999938964844,138.1999969482422,138.38999938964844,11264.0
2026-08-05 09:43:00,PEPG,,1.8949999809265137,1.8949999809265137,1.8799999952316284,1.8849999904632568,8407.0
2026-08-05 09:43:00,PERI,,9.645000457763672,9.645000457763672,9.645000457763672,9.645000457763672,586.0
2026-08-05 09:43:00,PESI,,17.53499984741211,17.53499984741211,17.5,17.5,448.0
2026-08-05 09:43:00,PFBC,,105.93000030517578,105.93000030517578,105.93000030517578,105.93000030517578,3446.0
2026-08-05 09:43:00,PFG,,115.86000061035156,115.9000015258789,115.86000061035156,115.9000015258789,763.0
2026-08-05 09:43:00,PGEN,,6.690000057220459,6.71999979019165,6.668799877166748,6.670000076293945,25300.0
2026-08-05 09:43:00,PGY,,21.549999237060547,21.56999969482422,21.489999771118164,21.549999237060547,22351.0
2026-08-05 09:43:00,PHAT,,8.4399995803833,8.4399995803833,8.420000076293945,8.420000076293945,1183.0
2026-08-05 09:43:00,PHVS,,34.45000076293945,34.45000076293945,34.45000076293945,34.45000076293945,388.0
2026-08-05 09:43:00,PLBC,,60.599998474121094,60.599998474121094,60.599998474121094,60.599998474121094,167.0
2026-08-05 09:43:00,PLMR,,133.5,133.5,133.5,133.5,524.0
2026-08-05 09:43:00,PLPC,,445.260009765625,450.2099914550781,445.260009765625,450.2099914550781,1343.0
2026-08-05 09:43:00,PLTK,,4.014999866485596,4.014999866485596,3.990000009536743,3.990000009536743,3734.0
2026-08-05 09:43:00,PLUG,,2.1273999214172363,2.130000114440918,2.119999885559082,2.130000114440918,34087.0
2026-08-05 09:43:00,PLXS,,275.5899963378906,275.5899963378906,275.5899963378906,275.5899963378906,656.0
2026-08-05 09:43:00,PMN,,13.100000381469727,13.100000381469727,13.100000381469727,13.100000381469727,101.0
2026-08-05 09:43:00,PMVP,,1.1799999475479126,1.1799999475479126,1.1799999475479126,1.1799999475479126,1411.0
2026-08-05 09:43:00,PNBK,,1.1349999904632568,1.1349999904632568,1.1349999904632568,1.1349999904632568,435.0
2026-08-05 09:43:00,PNFP,,108.54000091552734,108.55000305175781,108.54000091552734,108.55000305175781,700.0
2026-08-05 09:43:00,PNRG,,181.58999633789062,181.58999633789062,181.58999633789062,181.58999633789062,1398.0
2026-08-05 09:43:00,PNTG,,38.119998931884766,38.130001068115234,38.119998931884766,38.130001068115234,698.0
2026-08-05 09:43:00,POET,,8.359999656677246,8.369999885559082,8.324999809265137,8.34000015258789,97933.0
2026-08-05 09:43:00,POLA,,1.8600000143051147,1.8600000143051147,1.8600000143051147,1.8600000143051147,272.0
2026-08-05 09:43:00,POWL,,210.25,211.0,209.69000244140625,209.69000244140625,3035.0
2026-08-05 09:43:00,PPC,,26.790000915527344,26.809999465942383,26.790000915527344,26.809999465942383,1290.0
2026-08-05 09:43:00,PPSI,,3.055000066757202,3.055000066757202,3.009999990463257,3.009999990463257,4100.0
2026-08-05 09:43:00,PPTA,,22.063899993896484,22.063899993896484,21.989999771118164,22.010000228881836,14358.0
2026-08-05 09:43:00,PRCH,,16.094999313354492,16.094999313354492,16.030000686645508,16.084999084472656,2479.0
2026-08-05 09:43:00,PRCT,,18.57430076599121,18.799999237060547,18.440000534057617,18.790000915527344,17650.0
2026-08-05 09:43:00,PRIM,,87.33000183105469,87.6624984741211,87.04000091552734,87.56500244140625,24993.0
2026-08-05 09:43:00,PRLD,,4.489999771118164,4.489999771118164,4.480000019073486,4.480000019073486,2122.0
2026-08-05 09:43:00,PRME,,2.9149999618530273,2.9149999618530273,2.9000000953674316,2.9000000953674316,19887.0
2026-08-05 09:43:00,PROF,,8.300000190734863,8.319999694824219,8.300000190734863,8.319999694824219,2141.0
2026-08-05 09:43:00,PROK,,1.659999966621399,1.659999966621399,1.6582000255584717,1.6582000255584717,2229.0
2026-08-05 09:43:00,PRQR,,1.8650000095367432,1.8650000095367432,1.8550000190734863,1.8550000190734863,4572.0
2026-08-05 09:43:00,PRTA,,8.520000457763672,8.520000457763672,8.510000228881836,8.510000228881836,1120.0
2026-08-05 09:43:00,PRTH,,6.699999809265137,6.699999809265137,6.699999809265137,6.699999809265137,843.0
2026-08-05 09:43:00,PRVA,,23.729999542236328,23.729999542236328,23.729999542236328,23.729999542236328,670.0
2026-08-05 09:43:00,PRZO,,0.5406000018119812,0.5406000018119812,0.5406000018119812,0.5406000018119812,2750.0
2026-08-05 09:43:00,PSEC,,2.2100000381469727,2.2200000286102295,2.2100000381469727,2.2200000286102295,4654.0
2026-08-05 09:43:00,PSMT,,192.5,192.5,192.5,192.5,4271.0
2026-08-05 09:43:00,PSNL,,13.550000190734863,13.600000381469727,13.539999961853027,13.59000015258789,40036.0
2026-08-05 09:43:00,PTC,,143.24749755859375,143.27499389648438,143.20750427246094,143.27499389648438,525.0
2026-08-05 09:43:00,PTCT,,69.22000122070312,69.31999969482422,69.22000122070312,69.27999877929688,2280.0
2026-08-05 09:43:00,PTEN,,9.9399995803833,9.960000038146973,9.930000305175781,9.960000038146973,6897.0
2026-08-05 09:43:00,PTLO,,4.456200122833252,4.465000152587891,4.449999809265137,4.460000038146973,1456.0
2026-08-05 09:43:00,PTON,,6.539999961853027,6.554999828338623,6.534999847412109,6.554999828338623,32284.0
2026-08-05 09:43:00,PWP,,17.079999923706055,17.079999923706055,17.079999923706055,17.079999923706055,1337.0
2026-08-05 09:43:00,PYPD,,4.505000114440918,4.505000114440918,4.505000114440918,4.505000114440918,322.0
2026-08-05 09:43:00,PYPL,,58.90999984741211,58.9900016784668,58.900001525878906,58.970001220703125,19248.0
2026-08-05 09:43:00,PYXS,,3.2100000381469727,3.2105000019073486,3.2100000381469727,3.2100000381469727,2425.0
2026-08-05 09:43:00,PZZA,,30.399999618530273,30.399999618530273,30.399999618530273,30.399999618530273,160.0
2026-08-05 09:43:00,QCOM,,161.33999633789062,161.39999389648438,160.89999389648438,161.33999633789062,41357.0
2026-08-05 09:43:00,QCRH,,104.02999877929688,104.6449966430664,104.02999877929688,104.6449966430664,371.0
2026-08-05 09:43:00,QFIN,,13.359999656677246,13.359999656677246,13.359999656677246,13.359999656677246,279.0
2026-08-05 09:43:00,QRVO,,94.88999938964844,94.88999938964844,94.56999969482422,94.66000366210938,6207.0
2026-08-05 09:43:00,SEED,,0.9544000029563904,0.9700000286102295,0.9440000057220459,0.944100022315979,14641.0
2026-08-05 09:43:00,STIM,,2.3540000915527344,2.3540000915527344,2.3540000915527344,2.3540000915527344,141.0
2026-08-05 09:43:00,STKS,,1.840000033378601,1.840000033378601,1.840000033378601,1.840000033378601,5622.0
2026-08-05 09:43:00,TARA,,3.997999906539917,3.997999906539917,3.9800000190734863,3.9800000190734863,1514.0
2026-08-05 09:43:00,WOOF,,2.940000057220459,2.944999933242798,2.940000057220459,2.940000057220459,4044.0
2026-08-05 09:44:00,ACDC,,4.219099998474121,4.239999771118164,4.215000152587891,4.239999771118164,6407.0
2026-08-05 09:44:00,CNXN,,84.55999755859375,84.55999755859375,84.55999755859375,84.55999755859375,399.0
2026-08-05 09:44:00,EYE,,23.540000915527344,23.59000015258789,23.3799991607666,23.549999237060547,4787.0
2026-08-05 09:44:00,FRST,,16.360000610351562,16.360000610351562,16.360000610351562,16.360000610351562,925.0
2026-08-05 09:44:00,GLUE,,16.635000228881836,16.635000228881836,16.635000228881836,16.635000228881836,2054.0
2026-08-05 09:44:00,LUNG,,1.940000057220459,1.9616999626159668,1.9349000453948975,1.9616999626159668,5657.0
2026-08-05 09:44:00,MBRX,,0.4011000096797943,0.4011000096797943,0.40059998631477356,0.40059998631477356,1544.0
2026-08-05 09:44:00,MDB,,383.42999267578125,383.42999267578125,381.635009765625,381.635009765625,1569.0
2026-08-05 09:44:00,MDLZ,,61.630001068115234,61.63999938964844,61.57500076293945,61.619998931884766,11908.0
2026-08-05 09:44:00,MLTX,,17.719999313354492,17.753000259399414,17.649999618530273,17.753000259399414,3692.0
2026-08-05 09:44:00,MNPR,,116.37000274658203,116.37000274658203,116.37000274658203,116.37000274658203,718.0
2026-08-05 09:44:00,MNRO,,13.229999542236328,13.229999542236328,13.1899995803833,13.1899995803833,2088.0
2026-08-05 09:44:00,MNST,,94.38500213623047,94.38500213623047,94.27999877929688,94.38500213623047,4934.0
2026-08-05 09:44:00,MNTS,,4.5,4.510000228881836,4.494999885559082,4.510000228881836,784.0
2026-08-05 09:44:00,MOVE,,12.680000305175781,12.680700302124023,12.680000305175781,12.680700302124023,1976.0
2026-08-05 09:44:00,MPWR,,1340.4649658203125,1341.989990234375,1338.5350341796875,1340.324951171875,829.0
2026-08-05 09:44:00,MRNA,,57.2400016784668,57.27000045776367,57.23249816894531,57.27000045776367,5321.0
2026-08-05 09:44:00,MYGN,,3.174999952316284,3.174999952316284,3.174999952316284,3.174999952316284,1298.0
2026-08-05 09:44:00,MYRG,,344.70001220703125,344.70001220703125,344.4800109863281,344.4800109863281,510.0
2026-08-05 09:44:00,NAMS,,26.274999618530273,26.274999618530273,26.25,26.25,2607.0
2026-08-05 09:44:00,NAUT,,0.9932000041007996,0.9932000041007996,0.9900000095367432,0.9901999831199646,1287.0
2026-08-05 09:44:00,NAVI,,9.140000343322754,9.140000343322754,9.119999885559082,9.125,868.0
2026-08-05 09:44:00,NB,,5.175000190734863,5.179999828338623,5.144999980926514,5.150000095367432,54854.0
2026-08-05 09:44:00,NBIX,,165.21499633789062,165.4499969482422,165.1699981689453,165.4499969482422,1906.0
2026-08-05 09:44:00,NBTB,,53.39500045776367,53.39500045776367,53.39500045776367,53.39500045776367,782.0
2026-08-05 09:44:00,NDAQ,,94.23999786376953,94.37000274658203,94.2300033569336,94.2300033569336,4761.0
2026-08-05 09:44:00,NEGG,,15.255000114440918,15.255000114440918,15.255000114440918,15.255000114440918,237.0
2026-08-05 09:44:00,NEO,,16.219999313354492,16.219999313354492,16.15999984741211,16.219999313354492,1853.0
2026-08-05 09:44:00,NEOG,,11.614999771118164,11.630000114440918,11.614999771118164,11.630000114440918,3367.0
2026-08-05 09:44:00,NEOV,,2.7992000579833984,2.7992000579833984,2.7992000579833984,2.7992000579833984,1461.0
2026-08-05 09:44:00,NESR,,28.90999984741211,28.90999984741211,28.8700008392334,28.8700008392334,295.0
2026-08-05 09:44:00,NFE,,0.3393000066280365,0.3393000066280365,0.33570000529289246,0.33570000529289246,296.0
2026-08-05 09:44:00,NFLX,,74.2300033569336,74.41000366210938,74.16999816894531,74.31500244140625,128994.0
2026-08-05 09:44:00,NICE,,96.01000213623047,96.75,95.56999969482422,95.56999969482422,17195.0
2026-08-05 09:44:00,NKSH,,40.599998474121094,40.599998474121094,40.599998474121094,40.599998474121094,312.0
2026-08-05 09:44:00,NMRA,,1.5549999475479126,1.5549999475479126,1.5549999475479126,1.5549999475479126,1326.0
2026-08-05 09:44:00,NMRK,,15.699999809265137,15.720000267028809,15.65999984741211,15.65999984741211,3018.0
2026-08-05 09:44:00,NN,,14.130000114440918,14.170000076293945,14.079999923706055,14.09000015258789,4601.0
2026-08-05 09:44:00,NNBR,,3.819999933242798,3.8299999237060547,3.819999933242798,3.8299999237060547,1947.0
2026-08-05 09:44:00,NNDM,,1.5850000381469727,1.590000033378601,1.5850000381469727,1.590000033378601,1254.0
2026-08-05 09:44:00,NOVT,,159.0,159.22000122070312,158.61000061035156,158.83999633789062,2436.0
2026-08-05 09:44:00,NRDS,,9.220000267028809,9.220000267028809,9.210000038146973,9.220000267028809,983.0
2026-08-05 09:44:00,NRIX,,24.915000915527344,24.920000076293945,24.899999618530273,24.920000076293945,2387.0
2026-08-05 09:44:00,NRSN,,0.5199999809265137,0.5199999809265137,0.5199999809265137,0.5199999809265137,400.0
2026-08-05 09:44:00,NRXP,,2.994999885559082,2.994999885559082,2.994999885559082,2.994999885559082,369.0
2026-08-05 09:44:00,NSTS,,13.816300392150879,13.816300392150879,13.816300392150879,13.816300392150879,0.0
2026-08-05 09:44:00,NTAP,,191.36000061035156,191.66000366210938,190.9499969482422,191.1999969482422,8174.0
2026-08-05 09:44:00,NTCT,,41.95970153808594,41.95970153808594,41.95970153808594,41.95970153808594,2808.0
2026-08-05 09:44:00,NTES,,128.3300018310547,128.4199981689453,128.25,128.4199981689453,3198.0
2026-08-05 09:44:00,NTNX,,62.060001373291016,62.060001373291016,62.04999923706055,62.04999923706055,2882.0
2026-08-05 09:44:00,NTRA,,276.260009765625,276.260009765625,276.260009765625,276.260009765625,785.0
2026-08-05 09:44:00,NTRS,,184.69000244140625,184.82000732421875,184.69000244140625,184.82000732421875,407.0
2026-08-05 09:44:00,NUWE,,1.780900001525879,1.7899999618530273,1.7799999713897705,1.7799999713897705,3647.0
2026-08-05 09:44:00,NVAX,,7.635000228881836,7.65500020980835,7.635000228881836,7.65500020980835,8414.0
2026-08-05 09:44:00,NVCR,,16.049999237060547,16.049999237060547,16.049999237060547,16.049999237060547,3758.0
2026-08-05 09:44:00,NVDA,,219.89999389648438,220.38999938964844,219.80999755859375,220.3699951171875,678344.0
2026-08-05 09:44:00,NVEC,,127.54000091552734,127.54000091552734,127.54000091552734,127.54000091552734,435.0
2026-08-05 09:44:00,NVMI,,413.0,413.0,411.8999938964844,412.2300109863281,527.0
2026-08-05 09:44:00,NVTS,,12.8100004196167,12.8100004196167,12.744199752807617,12.774999618530273,59225.0
2026-08-05 09:44:00,NWBI,,15.970000267028809,15.970000267028809,15.920000076293945,15.920000076293945,7212.0
2026-08-05 09:44:00,NWL,,5.985000133514404,5.985000133514404,5.985000133514404,5.985000133514404,333.0
2026-08-05 09:44:00,NWS,,32.5099983215332,32.51499938964844,32.43000030517578,32.43000030517578,6073.0
2026-08-05 09:44:00,NWSA,,28.3700008392334,28.3700008392334,28.299999237060547,28.299999237060547,11439.0
2026-08-05 09:44:00,NXPI,,235.9550018310547,236.0850067138672,235.5,235.6999969482422,64754.0
2026-08-05 09:44:00,NXST,,194.8249969482422,194.8249969482422,194.8249969482422,194.8249969482422,824.0
2026-08-05 09:44:00,NXT,,97.9800033569336,97.9800033569336,97.66000366210938,97.97000122070312,4961.0
2026-08-05 09:44:00,OCFC,,19.75,19.75,19.735000610351562,19.735000610351562,2070.0
2026-08-05 09:44:00,OCGN,,1.3049999475479126,1.309999942779541,1.2999999523162842,1.3049999475479126,24620.0
2026-08-05 09:44:00,OCS,,11.970000267028809,11.970000267028809,11.970000267028809,11.970000267028809,380.0
2026-08-05 09:44:00,OCSL,,12.140000343322754,12.140000343322754,12.140000343322754,12.140000343322754,317.0
2026-08-05 09:44:00,OCUL,,8.630000114440918,8.640000343322754,8.630000114440918,8.640000343322754,2491.0
2026-08-05 09:44:00,ODD,,15.289999961853027,15.289999961853027,15.289999961853027,15.289999961853027,1780.0
2026-08-05 09:44:00,ODFL,,218.72999572753906,218.72999572753906,218.38499450683594,218.38499450683594,2384.0
2026-08-05 09:44:00,OESX,,15.170000076293945,15.64430046081543,15.170000076293945,15.25,1470.0
2026-08-05 09:44:00,OFS,,3.630000114440918,3.630000114440918,3.630000114440918,3.630000114440918,200.0
2026-08-05 09:44:00,OKTA,,150.6699981689453,150.89999389648438,150.27000427246094,150.4149932861328,15930.0
2026-08-05 09:44:00,OLLI,,77.48999786376953,77.48999786376953,77.2300033569336,77.2300033569336,2648.0
2026-08-05 09:44:00,OMEX,,0.741599977016449,0.741599977016449,0.741599977016449,0.741599977016449,568.0
2026-08-05 09:44:00,OMH,,0.11029999703168869,0.11110000312328339,0.11029999703168869,0.11110000312328339,15284.0
2026-08-05 09:44:00,ON,,79.45999908447266,79.58989715576172,79.28900146484375,79.45500183105469,41087.0
2026-08-05 09:44:00,ONB,,27.1299991607666,27.1299991607666,27.079999923706055,27.079999923706055,5004.0
2026-08-05 09:44:00,ONDS,,8.995400428771973,9.0,8.9399995803833,8.954999923706055,244976.0
2026-08-05 09:44:00,ONFO,,0.07180000096559525,0.07980000227689743,0.07119999825954437,0.07980000227689743,1878926.0
2026-08-05 09:44:00,OPCH,,23.309999465942383,23.3700008392334,23.309999465942383,23.360000610351562,1153.0
2026-08-05 09:44:00,OPEN,,3.7799999713897705,3.796999931335449,3.759999990463257,3.7750000953674316,302106.0
2026-08-05 09:44:00,OPHC,,8.645000457763672,8.800000190734863,8.645000457763672,8.800000190734863,634.0
2026-08-05 09:44:00,OPK,,1.2990000247955322,1.2990000247955322,1.2990000247955322,1.2990000247955322,3665.0
2026-08-05 09:44:00,OPRT,,6.110000133514404,6.110000133514404,6.110000133514404,6.110000133514404,2314.0
2026-08-05 09:44:00,ORIC,,13.6899995803833,13.71500015258789,13.6899995803833,13.699999809265137,3026.0
2026-08-05 09:44:00,ORLY,,92.52999877929688,92.55000305175781,92.37999725341797,92.37999725341797,15960.0
2026-08-05 09:44:00,ORRF,,43.5099983215332,43.5099983215332,43.5099983215332,43.5099983215332,124.0
2026-08-05 09:44:00,OSBC,,25.760000228881836,25.760000228881836,25.729999542236328,25.729999542236328,2093.0
2026-08-05 09:44:00,OSIS,,235.61500549316406,235.61500549316406,235.61500549316406,235.61500549316406,116.0
2026-08-05 09:44:00,OSPN,,16.84000015258789,16.899999618530273,16.81999969482422,16.81999969482422,3195.0
2026-08-05 09:44:00,OSS,,13.539999961853027,13.638799667358398,13.5,13.585000038146973,20736.0
2026-08-05 09:44:00,OTEX,,26.239999771118164,26.239999771118164,26.200000762939453,26.200000762939453,1645.0
2026-08-05 09:44:00,OTLK,,1.0049999952316284,1.0098999738693237,1.000100016593933,1.0049999952316284,12833.0
2026-08-05 09:44:00,OTTR,,91.36000061035156,91.36000061035156,91.36000061035156,91.36000061035156,451.0
2026-08-05 09:44:00,OVID,,2.5299999713897705,2.5399999618530273,2.5299999713897705,2.5350000858306885,11466.0
2026-08-05 09:44:00,OXLC,,9.175000190734863,9.180000305175781,9.175000190734863,9.180000305175781,474.0
2026-08-05 09:44:00,OXSQ,,1.4801000356674194,1.4900000095367432,1.4800000190734863,1.4900000095367432,1563.0
2026-08-05 09:44:00,PAA,,23.309999465942383,23.34000015258789,23.298999786376953,23.299999237060547,10595.0
2026-08-05 09:44:00,PAAS,,47.40999984741211,47.439998626708984,47.33000183105469,47.3849983215332,11543.0
2026-08-05 09:44:00,PAGP,,25.15999984741211,25.18000030517578,25.15999984741211,25.15999984741211,3678.0
2026-08-05 09:44:00,PANW,,376.82000732421875,376.9800109863281,374.55499267578125,374.69000244140625,26654.0
2026-08-05 09:44:00,PAX,,11.470000267028809,11.479000091552734,11.470000267028809,11.479000091552734,1237.0
2026-08-05 09:44:00,PAYO,,7.119999885559082,7.130000114440918,7.119999885559082,7.130000114440918,6905.0
2026-08-05 09:44:00,PAYX,,118.41999816894531,118.41999816894531,118.27999877929688,118.27999877929688,3759.0
2026-08-05 09:44:00,PCAR,,135.72000122070312,135.72000122070312,135.34500122070312,135.34500122070312,8931.0
2026-08-05 09:44:00,PCT,,7.070000171661377,7.079999923706055,7.070000171661377,7.079999923706055,2152.0
2026-08-05 09:44:00,PCTY,,147.07000732421875,147.15499877929688,146.42999267578125,147.15499877929688,780.0
2026-08-05 09:44:00,PDD,,91.58000183105469,91.58000183105469,91.43000030517578,91.47000122070312,17982.0
2026-08-05 09:44:00,PDLB,,20.5,20.5,20.479999542236328,20.5,2053.0
2026-08-05 09:44:00,PDSB,,0.7200000286102295,0.7200000286102295,0.7200000286102295,0.7200000286102295,1600.0
2026-08-05 09:44:00,PEBK,,43.099998474121094,43.099998474121094,43.099998474121094,43.099998474121094,1242.0
2026-08-05 09:44:00,PEGA,,31.897499084472656,31.897499084472656,31.895000457763672,31.895000457763672,677.0
2026-08-05 09:44:00,PENN,,20.059999465942383,20.06999969482422,20.049999237060547,20.06999969482422,2359.0
2026-08-05 09:44:00,PEP,,138.35989379882812,138.35989379882812,138.22999572753906,138.2747039794922,9540.0
2026-08-05 09:44:00,PEPG,,1.8899999856948853,1.8899999856948853,1.8899999856948853,1.8899999856948853,359.0
2026-08-05 09:44:00,PESI,,17.549999237060547,17.549999237060547,17.5,17.5,1658.0
2026-08-05 09:44:00,PFG,,116.08999633789062,116.08999633789062,115.80999755859375,115.80999755859375,3995.0
2026-08-05 09:44:00,PGEN,,6.690000057220459,6.739999771118164,6.690000057220459,6.715000152587891,17967.0
2026-08-05 09:44:00,PGY,,21.56999969482422,21.59000015258789,21.545000076293945,21.549999237060547,4921.0
2026-08-05 09:44:00,PHAT,,8.4399995803833,8.449999809265137,8.4399995803833,8.449999809265137,1167.0
2026-08-05 09:44:00,PLAB,,32.38999938964844,32.38999938964844,32.38999938964844,32.38999938964844,833.0
2026-08-05 09:44:00,PLBC,,60.72999954223633,60.72999954223633,60.5099983215332,60.5099983215332,1354.0
2026-08-05 09:44:00,PLPC,,449.1499938964844,449.6000061035156,445.8999938964844,445.8999938964844,1075.0
2026-08-05 09:44:00,PLUG,,2.1284000873565674,2.130000114440918,2.119999885559082,2.130000114440918,31047.0
2026-08-05 09:44:00,PNFP,,108.6449966430664,108.6449966430664,108.23500061035156,108.23500061035156,1356.0
2026-08-05 09:44:00,PNTG,,38.31999969482422,38.31999969482422,38.31999969482422,38.31999969482422,398.0
2026-08-05 09:44:00,POCI,,4.368199825286865,4.383299827575684,4.3618998527526855,4.383299827575684,1255.0
2026-08-05 09:44:00,POET,,8.380000114440918,8.389599800109863,8.350000381469727,8.359999656677246,44386.0
2026-08-05 09:44:00,POOL,,201.79510498046875,201.79510498046875,201.79510498046875,201.79510498046875,486.0
2026-08-05 09:44:00,POWL,,211.0,211.0,210.05499267578125,210.05499267578125,520.0
2026-08-05 09:44:00,PPC,,26.719999313354492,26.75,26.719999313354492,26.75,2880.0
2026-08-05 09:44:00,PPTA,,22.084999084472656,22.084999084472656,22.0,22.030000686645508,5770.0
2026-08-05 09:44:00,PRCH,,16.084999084472656,16.084999084472656,16.084999084472656,16.084999084472656,1820.0
2026-08-05 09:44:00,PRCT,,18.549999237060547,18.610000610351562,18.450000762939453,18.610000610351562,14223.0
2026-08-05 09:44:00,PRDO,,33.1349983215332,33.1349983215332,33.1349983215332,33.1349983215332,292.0
2026-08-05 09:44:00,PRIM,,87.55500030517578,87.75,87.55500030517578,87.66999816894531,23828.0
2026-08-05 09:44:00,PRME,,2.9149999618530273,2.9165000915527344,2.9100000858306885,2.9149999618530273,1303.0
2026-08-05 09:44:00,PROF,,8.234999656677246,8.234999656677246,8.234999656677246,8.234999656677246,4000.0
2026-08-05 09:44:00,PRQR,,1.8550000190734863,1.8650000095367432,1.8550000190734863,1.8650000095367432,3056.0
2026-08-05 09:44:00,PRTA,,8.520000457763672,8.520000457763672,8.520000457763672,8.520000457763672,1364.0
2026-08-05 09:44:00,PRTH,,6.704999923706055,6.704999923706055,6.704999923706055,6.704999923706055,165.0
2026-08-05 09:44:00,PRVA,,23.670000076293945,23.700000762939453,23.670000076293945,23.700000762939453,2424.0
2026-08-05 09:44:00,PRZO,,0.5414000153541565,0.5414000153541565,0.5414000153541565,0.5414000153541565,259.0
2026-08-05 09:44:00,PSEC,,2.2100000381469727,2.2179999351501465,2.2100000381469727,2.2100000381469727,6473.0
2026-08-05 09:44:00,PSNL,,13.539999961853027,13.550000190734863,13.520000457763672,13.529999732971191,2314.0
2026-08-05 09:44:00,PTC,,143.3249969482422,143.5500030517578,143.1300048828125,143.27000427246094,1085.0
2026-08-05 09:44:00,PTCT,,69.41999816894531,69.41999816894531,69.41999816894531,69.41999816894531,266.0
2026-08-05 09:44:00,PTEN,,9.920000076293945,9.949999809265137,9.920000076293945,9.949999809265137,3624.0
2026-08-05 09:44:00,PTLO,,4.449999809265137,4.459000110626221,4.449999809265137,4.454999923706055,2748.0
2026-08-05 09:44:00,PTON,,6.559999942779541,6.559999942779541,6.547299861907959,6.550000190734863,11081.0
2026-08-05 09:44:00,PUBM,,13.760000228881836,13.819999694824219,13.760000228881836,13.819999694824219,902.0
2026-08-05 09:44:00,PWP,,17.045000076293945,17.045000076293945,17.045000076293945,17.045000076293945,836.0
2026-08-05 09:44:00,PYPD,,4.505000114440918,4.505000114440918,4.505000114440918,4.505000114440918,21.0
2026-08-05 09:44:00,PYPL,,58.97999954223633,59.000099182128906,58.90010070800781,58.93000030517578,26073.0
2026-08-05 09:44:00,PYXS,,3.240000009536743,3.240000009536743,3.240000009536743,3.240000009536743,334.0
2026-08-05 09:44:00,PZZA,,30.329999923706055,30.360000610351562,30.329999923706055,30.360000610351562,2619.0
2026-08-05 09:44:00,QCOM,,161.3585968017578,161.3585968017578,160.6999969482422,161.22000122070312,24875.0
2026-08-05 09:44:00,QFIN,,13.380000114440918,13.380000114440918,13.380000114440918,13.380000114440918,419.0
2026-08-05 09:44:00,QQQX,,30.739999771118164,30.739999771118164,30.739999771118164,30.739999771118164,2.0
2026-08-05 09:44:00,QRVO,,95.05000305175781,95.05000305175781,95.02999877929688,95.02999877929688,1715.0
2026-08-05 09:44:00,SEED,,0.9599999785423279,0.9599999785423279,0.944100022315979,0.944100022315979,3181.0
2026-08-05 09:44:00,STIM,,2.3399999141693115,2.3559000492095947,2.3399999141693115,2.3559000492095947,29578.0
2026-08-05 09:44:00,WOOF,,2.940000057220459,2.940000057220459,2.934999942779541,2.934999942779541,6925.0
2026-08-05 09:45:00,ACDC,,4.230000019073486,4.239999771118164,4.219099998474121,4.219099998474121,23316.0
2026-08-05 09:45:00,BPOP,,177.74000549316406,177.74000549316406,177.26499938964844,177.27999877929688,1613.0
2026-08-05 09:45:00,CNXN,,84.5322036743164,84.5322036743164,84.5322036743164,84.5322036743164,524.0
2026-08-05 09:45:00,CPOP,,0.36000001430511475,0.36000001430511475,0.36000001430511475,0.36000001430511475,2499.0
2026-08-05 09:45:00,EYE,,23.56999969482422,23.579999923706055,23.479999542236328,23.579999923706055,5932.0
2026-08-05 09:45:00,GLUE,,16.649999618530273,16.649999618530273,16.639999389648438,16.639999389648438,736.0
2026-08-05 09:45:00,KITT,,1.0700000524520874,1.0700000524520874,1.0601999759674072,1.0700000524520874,715.0
2026-08-05 09:45:00,MDB,,381.54998779296875,383.70001220703125,381.54998779296875,383.07501220703125,3118.0
2026-08-05 09:45:00,MDLZ,,61.560001373291016,61.68000030517578,61.540000915527344,61.68000030517578,24558.0
2026-08-05 09:45:00,MLTX,,17.809999465942383,17.81999969482422,17.780000686645508,17.780000686645508,1515.0
2026-08-05 09:45:00,MNRO,,13.279999732971191,13.329999923706055,13.175000190734863,13.175000190734863,13001.0
2026-08-05 09:45:00,MNST,,94.32499694824219,94.33999633789062,94.2750015258789,94.30999755859375,6025.0
2026-08-05 09:45:00,MNTS,,4.53000020980835,4.53000020980835,4.53000020980835,4.53000020980835,700.0
2026-08-05 09:45:00,MODD,,2.119999885559082,2.119999885559082,2.119999885559082,2.119999885559082,3191.0
2026-08-05 09:45:00,MPWR,,1341.40283203125,1344.219970703125,1338.9549560546875,1338.9549560546875,612.0
2026-08-05 09:45:00,MRNA,,57.724998474121094,57.93000030517578,57.349998474121094,57.369998931884766,4957.0
2026-08-05 09:45:00,MYGN,,3.174999952316284,3.174999952316284,3.174999952316284,3.174999952316284,866.0
2026-08-05 09:45:00,NAMS,,26.28499984741211,26.28499984741211,26.264999389648438,26.264999389648438,2126.0
2026-08-05 09:45:00,NAUT,,1.0,1.0,0.9944999814033508,0.9944999814033508,53452.0
2026-08-05 09:45:00,NAVI,,9.149999618530273,9.164999961853027,9.149999618530273,9.149999618530273,8574.0
2026-08-05 09:45:00,NB,,5.14900016784668,5.178999900817871,5.139999866485596,5.171000003814697,16161.0
2026-08-05 09:45:00,NBIX,,165.1750030517578,165.17999267578125,165.17010498046875,165.17010498046875,1659.0
2026-08-05 09:45:00,NCMI,,4.119999885559082,4.119999885559082,4.119999885559082,4.119999885559082,214.0
2026-08-05 09:45:00,NCNA,,1.372499942779541,1.372499942779541,1.372499942779541,1.372499942779541,1192.0
2026-08-05 09:45:00,NDAQ,,94.4000015258789,94.44000244140625,94.4000015258789,94.44000244140625,1443.0
2026-08-05 09:45:00,NDSN,,311.4800109863281,312.0799865722656,311.4800109863281,312.0799865722656,700.0
2026-08-05 09:45:00,NEO,,16.209999084472656,16.229999542236328,16.209999084472656,16.229999542236328,1421.0
2026-08-05 09:45:00,NEOG,,11.640000343322754,11.649999618530273,11.614999771118164,11.614999771118164,4210.0
2026-08-05 09:45:00,NEOV,,2.8299999237060547,2.8399999141693115,2.795300006866455,2.799999952316284,21780.0
2026-08-05 09:45:00,NESR,,28.815000534057617,28.93000030517578,28.815000534057617,28.920000076293945,4183.0
2026-08-05 09:45:00,NEXT,,6.480000019073486,6.489999771118164,6.480000019073486,6.489999771118164,1432.0
2026-08-05 09:45:00,NFLX,,74.19999694824219,74.27249908447266,74.14990234375,74.23999786376953,88250.0
2026-08-05 09:45:00,NICE,,96.7699966430664,96.7699966430664,96.26000213623047,96.26000213623047,2309.0
2026-08-05 09:45:00,NKTR,,73.91000366210938,74.19999694824219,73.9000015258789,73.93000030517578,6397.0
2026-08-05 09:45:00,NMFC,,7.309999942779541,7.309999942779541,7.304999828338623,7.304999828338623,2699.0
2026-08-05 09:45:00,NMIH,,44.560001373291016,44.560001373291016,44.560001373291016,44.560001373291016,515.0
2026-08-05 09:45:00,NMRA,,1.5549999475479126,1.5599000453948975,1.5549999475479126,1.5599000453948975,772.0
2026-08-05 09:45:00,NMRK,,15.680000305175781,15.699999809265137,15.675000190734863,15.699999809265137,4032.0
2026-08-05 09:45:00,NMTC,,1.8300000429153442,1.8300000429153442,1.8300000429153442,1.8300000429153442,1929.0
2026-08-05 09:45:00,NN,,14.0600004196167,14.15999984741211,14.045000076293945,14.15999984741211,3272.0
2026-08-05 09:45:00,NNBR,,3.805000066757202,3.8101000785827637,3.805000066757202,3.809999942779541,7301.0
2026-08-05 09:45:00,NNDM,,1.590000033378601,1.590000033378601,1.5801000595092773,1.590000033378601,1938.0
2026-08-05 09:45:00,NNOX,,1.0499999523162842,1.0499999523162842,1.0499999523162842,1.0499999523162842,1514.0
2026-08-05 09:45:00,NOVT,,159.22999572753906,159.22999572753906,159.22999572753906,159.22999572753906,1529.0
2026-08-05 09:45:00,NRDS,,9.220000267028809,9.220000267028809,9.220000267028809,9.220000267028809,1172.0
2026-08-05 09:45:00,NRIM,,27.020000457763672,27.020000457763672,27.014999389648438,27.014999389648438,718.0
2026-08-05 09:45:00,NRIX,,25.03499984741211,25.06999969482422,25.0,25.0,2208.0
2026-08-05 09:45:00,NRSN,,0.5400000214576721,0.5400000214576721,0.5400000214576721,0.5400000214576721,0.0
2026-08-05 09:45:00,NRXP,,3.0,3.00600004196167,3.0,3.005000114440918,4583.0
2026-08-05 09:45:00,NTAP,,191.8000030517578,192.1199951171875,191.8000030517578,192.1199951171875,2668.0
2026-08-05 09:45:00,NTES,,128.2899932861328,128.2899932861328,128.2100067138672,128.2100067138672,1899.0
2026-08-05 09:45:00,NTNX,,61.90999984741211,62.08100128173828,61.90999984741211,62.06999969482422,1949.0
2026-08-05 09:45:00,NTRS,,184.8699951171875,185.23500061035156,184.8699951171875,185.11000061035156,3080.0
2026-08-05 09:45:00,NUWE,,1.7799999713897705,1.784999966621399,1.7799999713897705,1.781000018119812,798.0
2026-08-05 09:45:00,NVAX,,7.670000076293945,7.679999828338623,7.639999866485596,7.639999866485596,13947.0
2026-08-05 09:45:00,NVCR,,16.084299087524414,16.084299087524414,16.06999969482422,16.079999923706055,1293.0
2026-08-05 09:45:00,NVCT,,20.094999313354492,20.094999313354492,20.094999313354492,20.094999313354492,132.0
2026-08-05 09:45:00,NVDA,,219.01199340820312,219.9499969482422,218.86000061035156,219.91000366210938,1024411.0
2026-08-05 09:45:00,NVMI,,413.7200012207031,413.7200012207031,412.7900085449219,413.0950012207031,778.0
2026-08-05 09:45:00,NVTS,,12.75,12.84000015258789,12.739999771118164,12.795000076293945,134485.0
2026-08-05 09:45:00,NWBI,,15.968799591064453,15.968799591064453,15.954999923706055,15.960000038146973,5454.0
2026-08-05 09:45:00,NWL,,6.014999866485596,6.019999980926514,5.989999771118164,5.989999771118164,6154.0
2026-08-05 09:45:00,NWS,,32.459999084472656,32.540000915527344,32.459999084472656,32.5099983215332,9096.0
2026-08-05 09:45:00,NWSA,,28.329999923706055,28.399999618530273,28.309999465942383,28.360000610351562,11141.0
2026-08-05 09:45:00,NXPI,,235.60000610351562,235.77999877929688,235.5,235.67999267578125,3448.0
2026-08-05 09:45:00,NXT,,97.83000183105469,98.41000366210938,97.83000183105469,98.19499969482422,6876.0
2026-08-05 09:45:00,NXTC,,5.8302001953125,5.8302001953125,5.8302001953125,5.8302001953125,190.0
2026-08-05 09:45:00,OABI,,1.9800000190734863,1.9800000190734863,1.9800000190734863,1.9800000190734863,1930.0
2026-08-05 09:45:00,OCFC,,19.780000686645508,19.780000686645508,19.75,19.760000228881836,4281.0
2026-08-05 09:45:00,OCGN,,1.315000057220459,1.3200000524520874,1.309999942779541,1.309999942779541,17872.0
2026-08-05 09:45:00,OCS,,11.970000267028809,11.970000267028809,11.970000267028809,11.970000267028809,0.0
2026-08-05 09:45:00,OCSL,,12.095000267028809,12.140000343322754,12.09000015258789,12.140000343322754,3490.0
2026-08-05 09:45:00,OCUL,,8.680000305175781,8.694999694824219,8.649999618530273,8.649999618530273,5426.0
2026-08-05 09:45:00,ODFL,,218.27499389648438,218.92999267578125,218.27499389648438,218.92999267578125,4601.0
2026-08-05 09:45:00,OESX,,15.380000114440918,15.75,15.210000038146973,15.210000038146973,4653.0
2026-08-05 09:45:00,OFIX,,10.800000190734863,11.0,10.779999732971191,11.0,2745.0
2026-08-05 09:45:00,OKTA,,150.1999969482422,150.64999389648438,150.1999969482422,150.64999389648438,5033.0
2026-08-05 09:45:00,OLLI,,77.63999938964844,77.63999938964844,77.58999633789062,77.58999633789062,2037.0
2026-08-05 09:45:00,OLMA,,11.774999618530273,11.774999618530273,11.774999618530273,11.774999618530273,587.0
2026-08-05 09:45:00,OMCL,,36.71500015258789,36.72999954223633,36.71500015258789,36.71500015258789,1341.0
2026-08-05 09:45:00,OMER,,12.845000267028809,12.845000267028809,12.795000076293945,12.795000076293945,1284.0
2026-08-05 09:45:00,OMEX,,0.7494999766349792,0.7494999766349792,0.7400000095367432,0.741599977016449,4438.0
2026-08-05 09:45:00,OMH,,0.11140000075101852,0.11140000075101852,0.11129999905824661,0.11129999905824661,12791.0
2026-08-05 09:45:00,ON,,79.69000244140625,79.75,79.41500091552734,79.41999816894531,65223.0
2026-08-05 09:45:00,ONB,,27.165000915527344,27.170000076293945,27.145000457763672,27.15999984741211,25185.0
2026-08-05 09:45:00,ONBPO,,24.78499984741211,24.78499984741211,24.78499984741211,24.78499984741211,301.0
2026-08-05 09:45:00,ONDS,,8.96500015258789,9.038200378417969,8.96500015258789,8.989999771118164,196338.0
2026-08-05 09:45:00,ONFO,,0.07500000298023224,0.07599999755620956,0.07159999758005142,0.07180000096559525,1733570.0
2026-08-05 09:45:00,ONMD,,0.7063000202178955,0.7124000191688538,0.7063000202178955,0.7099999785423279,46077.0
2026-08-05 09:45:00,OPCH,,23.399900436401367,23.399900436401367,23.31999969482422,23.350000381469727,8689.0
2026-08-05 09:45:00,OPEN,,3.76990008354187,3.7899999618530273,3.75,3.7799999713897705,348861.0
2026-08-05 09:45:00,OPHC,,8.729900360107422,8.729900360107422,8.51729965209961,8.51729965209961,1601.0
2026-08-05 09:45:00,OPK,,1.2949999570846558,1.2991000413894653,1.2922999858856201,1.2922999858856201,5206.0
2026-08-05 09:45:00,OPRX,,6.809999942779541,6.809999942779541,6.809999942779541,6.809999942779541,1045.0
2026-08-05 09:45:00,ORIC,,13.65999984741211,13.760000228881836,13.65999984741211,13.760000228881836,3265.0
2026-08-05 09:45:00,ORLY,,92.52999877929688,92.58999633789062,92.5199966430664,92.54000091552734,10356.0
2026-08-05 09:45:00,OSBC,,25.770000457763672,25.780000686645508,25.760000228881836,25.760000228881836,2518.0
2026-08-05 09:45:00,OSIS,,234.97500610351562,234.97500610351562,234.72689819335938,234.72689819335938,586.0
2026-08-05 09:45:00,OSPN,,17.075000762939453,17.075000762939453,16.950000762939453,16.950000762939453,2147.0
2026-08-05 09:45:00,OSS,,13.414999961853027,13.65999984741211,13.39009952545166,13.65999984741211,12283.0
2026-08-05 09:45:00,OTEX,,26.225000381469727,26.2549991607666,26.225000381469727,26.239999771118164,5091.0
2026-08-05 09:45:00,OTLK,,1.0049999952316284,1.0049999952316284,1.0,1.0049999952316284,17686.0
2026-08-05 09:45:00,OTLY,,14.4399995803833,14.4399995803833,14.4399995803833,14.4399995803833,261.0
2026-08-05 09:45:00,OVID,,2.5450000762939453,2.5450000762939453,2.5399999618530273,2.5399999618530273,1424.0
2026-08-05 09:45:00,OVLY,,33.44499969482422,33.44499969482422,33.44499969482422,33.44499969482422,2220.0
2026-08-05 09:45:00,OXLC,,9.149999618530273,9.175000190734863,9.149999618530273,9.175000190734863,2272.0
2026-08-05 09:45:00,OXSQ,,1.4800000190734863,1.4850000143051147,1.4800000190734863,1.4800000190734863,728.0
2026-08-05 09:45:00,PAA,,23.299999237060547,23.34000015258789,23.299999237060547,23.309999465942383,10513.0
2026-08-05 09:45:00,PAAS,,47.32500076293945,47.459999084472656,47.255001068115234,47.41999816894531,22425.0
2026-08-05 09:45:00,PACB,,1.434999942779541,1.434999942779541,1.434999942779541,1.434999942779541,3468.0
2026-08-05 09:45:00,PAGP,,25.149999618530273,25.174999237060547,25.135000228881836,25.165000915527344,2956.0
2026-08-05 09:45:00,PANW,,375.80999755859375,376.79998779296875,375.2699890136719,376.79998779296875,31962.0
2026-08-05 09:45:00,PAVS,,4.810400009155273,4.810400009155273,4.810400009155273,4.810400009155273,6502.0
2026-08-05 09:45:00,PAX,,11.40999984741211,11.489999771118164,11.40999984741211,11.460000038146973,14900.0
2026-08-05 09:45:00,PAYO,,7.125,7.130000114440918,7.125,7.125,5773.0
2026-08-05 09:45:00,PAYX,,118.37000274658203,118.54000091552734,118.25,118.54000091552734,5587.0
2026-08-05 09:45:00,PBYI,,7.909999847412109,7.909999847412109,7.909999847412109,7.909999847412109,959.0
2026-08-05 09:45:00,PCAR,,135.8350067138672,135.89999389648438,135.66000366210938,135.77000427246094,14866.0
2026-08-05 09:45:00,PCRX,,26.549999237060547,26.729999542236328,26.40999984741211,26.40999984741211,17413.0
2026-08-05 09:45:00,PCT,,7.059999942779541,7.090000152587891,7.059999942779541,7.079999923706055,7327.0
2026-08-05 09:45:00,PCTY,,147.86000061035156,147.86000061035156,146.50999450683594,146.50999450683594,1164.0
2026-08-05 09:45:00,PCYO,,10.640000343322754,10.649999618530273,10.460000038146973,10.649999618530273,2737.0
2026-08-05 09:45:00,PDD,,91.40499877929688,91.5250015258789,91.37999725341797,91.5250015258789,22835.0
2026-08-05 09:45:00,PDFS,,50.97420120239258,50.97420120239258,50.97420120239258,50.97420120239258,280.0
2026-08-05 09:45:00,PEBK,,42.95000076293945,42.970001220703125,42.95000076293945,42.970001220703125,1426.0
2026-08-05 09:45:00,PECO,,41.39500045776367,41.39500045776367,41.39500045776367,41.39500045776367,985.0
2026-08-05 09:45:00,PEGA,,31.989999771118164,32.07500076293945,31.954999923706055,31.954999923706055,9839.0
2026-08-05 09:45:00,PENN,,20.070100784301758,20.079999923706055,20.059999465942383,20.059999465942383,2831.0
2026-08-05 09:45:00,PEP,,138.2550048828125,138.33999633789062,138.17999267578125,138.32000732421875,19476.0
2026-08-05 09:45:00,PERI,,9.65999984741211,9.65999984741211,9.65999984741211,9.65999984741211,204.0
2026-08-05 09:45:00,PESI,,17.69499969482422,17.69499969482422,17.69499969482422,17.69499969482422,5094.0
2026-08-05 09:45:00,PGC,,46.75,46.75,46.4900016784668,46.4900016784668,1308.0
2026-08-05 09:45:00,PGEN,,6.730000019073486,6.769999980926514,6.679999828338623,6.71999979019165,52914.0
2026-08-05 09:45:00,PGY,,21.559799194335938,21.649999618530273,21.530000686645508,21.649999618530273,7563.0
2026-08-05 09:45:00,PHAT,,8.430000305175781,8.449999809265137,8.420000076293945,8.4350004196167,6984.0
2026-08-05 09:45:00,PHUN,,2.174999952316284,2.174999952316284,2.1700000762939453,2.1700000762939453,5465.0
2026-08-05 09:45:00,PLAB,,32.47999954223633,32.4900016784668,32.43320083618164,32.439998626708984,9631.0
2026-08-05 09:45:00,PLBC,,60.88999938964844,60.88999938964844,60.75,60.75,3901.0
2026-08-05 09:45:00,PLPC,,450.45001220703125,450.45001220703125,450.29998779296875,450.29998779296875,328.0
2026-08-05 09:45:00,PLUG,,2.130000114440918,2.130000114440918,2.1208999156951904,2.1208999156951904,81975.0
2026-08-05 09:45:00,PLUR,,1.7000000476837158,1.7000000476837158,1.7000000476837158,1.7000000476837158,6643.0
2026-08-05 09:45:00,PMVP,,1.1699999570846558,1.1699999570846558,1.1699999570846558,1.1699999570846558,1821.0
2026-08-05 09:45:00,PNFP,,108.65499877929688,108.65499877929688,108.65499877929688,108.65499877929688,107.0
2026-08-05 09:45:00,POET,,8.375,8.420000076293945,8.354999542236328,8.380000114440918,59389.0
2026-08-05 09:45:00,POOL,,202.3000030517578,202.3000030517578,202.3000030517578,202.3000030517578,810.0
2026-08-05 09:45:00,POWI,,63.71500015258789,63.724998474121094,63.70000076293945,63.70000076293945,1813.0
2026-08-05 09:45:00,POWL,,210.5500030517578,211.75,210.05499267578125,210.05499267578125,2285.0
2026-08-05 09:45:00,PPC,,26.739999771118164,26.770000457763672,26.719999313354492,26.75,1825.0
2026-08-05 09:45:00,PPTA,,22.024999618530273,22.170000076293945,22.024999618530273,22.145000457763672,3183.0
2026-08-05 09:45:00,PRAX,,317.0,317.0,317.0,317.0,177.0
2026-08-05 09:45:00,PRCH,,16.094999313354492,16.128999710083008,16.05500030517578,16.1200008392334,7095.0
2026-08-05 09:45:00,PRCT,,18.690000534057617,18.700000762939453,18.690000534057617,18.700000762939453,952.0
2026-08-05 09:45:00,PRIM,,87.7300033569336,88.4749984741211,87.6449966430664,88.08000183105469,8891.0
2026-08-05 09:45:00,PRME,,2.9149999618530273,2.9200000762939453,2.910099983215332,2.9200000762939453,8122.0
2026-08-05 09:45:00,PROK,,1.6649999618530273,1.6649999618530273,1.6649999618530273,1.6649999618530273,223.0
2026-08-05 09:45:00,PRTA,,8.53499984741211,8.53499984741211,8.53499984741211,8.53499984741211,1606.0
2026-08-05 09:45:00,PRVA,,23.665000915527344,23.700000762939453,23.65999984741211,23.700000762939453,3202.0
2026-08-05 09:45:00,PRZO,,0.5406000018119812,0.545199990272522,0.5406000018119812,0.545199990272522,2401.0
2026-08-05 09:45:00,PSEC,,2.2049999237060547,2.2200000286102295,2.190000057220459,2.2200000286102295,184221.0
2026-08-05 09:45:00,PSNL,,13.554900169372559,13.5600004196167,13.548999786376953,13.5600004196167,11393.0
2026-08-05 09:45:00,PSNYW,,2.4500999450683594,2.4500999450683594,2.4500999450683594,2.4500999450683594,428.0
2026-08-05 09:45:00,PTC,,143.49000549316406,143.5050048828125,143.49000549316406,143.5050048828125,553.0
2026-08-05 09:45:00,PTEN,,9.8774995803833,9.920000076293945,9.8774995803833,9.920000076293945,13360.0
2026-08-05 09:45:00,PTGX,,135.4949951171875,135.4949951171875,135.4949951171875,135.4949951171875,983.0
2026-08-05 09:45:00,PTLO,,4.469900131225586,4.46999979019165,4.449999809265137,4.449999809265137,10935.0
2026-08-05 09:45:00,PTON,,6.574999809265137,6.579999923706055,6.550000190734863,6.550000190734863,17185.0
2026-08-05 09:45:00,PUBM,,13.760000228881836,13.760000228881836,13.760000228881836,13.760000228881836,307.0
2026-08-05 09:45:00,PWP,,17.139999389648438,17.18000030517578,17.079999923706055,17.09000015258789,8331.0
2026-08-05 09:45:00,PYPD,,4.474999904632568,4.474999904632568,4.474999904632568,4.474999904632568,875.0
2026-08-05 09:45:00,PYPL,,58.939998626708984,59.02000045776367,58.90999984741211,59.0,33669.0
2026-08-05 09:45:00,PYXS,,3.2300000190734863,3.2300000190734863,3.2137999534606934,3.2249999046325684,2512.0
2026-08-05 09:45:00,PZZA,,30.350000381469727,30.350000381469727,30.350000381469727,30.350000381469727,1382.0
2026-08-05 09:45:00,QCOM,,161.60000610351562,161.77000427246094,161.13499450683594,161.13999938964844,39119.0
2026-08-05 09:45:00,QFIN,,13.359999656677246,13.380000114440918,13.359999656677246,13.380000114440918,4037.0
2026-08-05 09:45:00,QRVO,,95.38999938964844,95.4000015258789,95.33999633789062,95.33999633789062,703.0
2026-08-05 09:45:00,SEED,,0.9599000215530396,0.9599999785423279,0.9549999833106995,0.9599999785423279,6233.0
2026-08-05 09:45:00,STIM,,2.3299999237060547,2.3399999141693115,2.3299999237060547,2.3399999141693115,1250.0
2026-08-05 09:45:00,WOOF,,2.950000047683716,2.950000047683716,2.944999933242798,2.944999933242798,1612.0
2026-08-05 09:46:00,ACDC,,4.25,4.25,4.230000019073486,4.2399001121521,8333.0
2026-08-05 09:46:00,BPOP,,177.44000244140625,177.44000244140625,177.44000244140625,177.44000244140625,117.0
2026-08-05 09:46:00,DTIL,,7.429999828338623,7.465000152587891,7.429999828338623,7.465000152587891,875.0
2026-08-05 09:46:00,EYE,,23.5,23.6200008392334,23.5,23.559999465942383,19527.0
2026-08-05 09:46:00,GLUE,,16.579999923706055,16.6299991607666,16.579999923706055,16.59000015258789,3073.0
2026-08-05 09:46:00,LUNG,,1.909999966621399,1.940000057220459,1.909999966621399,1.940000057220459,6272.0
2026-08-05 09:46:00,MDB,,379.0199890136719,381.54998779296875,378.8800048828125,381.54998779296875,1148.0
2026-08-05 09:46:00,MDLZ,,61.47999954223633,61.560001373291016,61.47999954223633,61.560001373291016,8474.0
2026-08-05 09:46:00,MLTX,,17.8700008392334,17.8700008392334,17.8700008392334,17.8700008392334,491.0
2026-08-05 09:46:00,MNPR,,116.79000091552734,116.79000091552734,116.79000091552734,116.79000091552734,1372.0
2026-08-05 09:46:00,MNRO,,13.300000190734863,13.3100004196167,13.260000228881836,13.260000228881836,9101.0
2026-08-05 09:46:00,MNST,,94.24500274658203,94.31500244140625,94.2300033569336,94.31500244140625,9177.0
2026-08-05 09:46:00,MNTS,,4.529900074005127,4.5482001304626465,4.510000228881836,4.510000228881836,878.0
2026-08-05 09:46:00,MODD,,2.069999933242798,2.069999933242798,2.069999933242798,2.069999933242798,729.0
2026-08-05 09:46:00,MORN,,201.86000061035156,201.86000061035156,201.1374969482422,201.1374969482422,416.0
2026-08-05 09:46:00,MPWR,,1345.875,1346.9200439453125,1343.1099853515625,1343.1099853515625,744.0
2026-08-05 09:46:00,MRNA,,57.68000030517578,57.939998626708984,57.68000030517578,57.939998626708984,5734.0
2026-08-05 09:46:00,MYGN,,3.184999942779541,3.184999942779541,3.180000066757202,3.180000066757202,1428.0
2026-08-05 09:46:00,MYPS,,0.7465000152587891,0.7465000152587891,0.7465000152587891,0.7465000152587891,3626.0
2026-08-05 09:46:00,MYRG,,345.5,345.5,345.5,345.5,257.0
2026-08-05 09:46:00,NAMS,,26.110000610351562,26.299999237060547,26.100000381469727,26.299999237060547,3718.0
2026-08-05 09:46:00,NAUT,,1.0,1.0,1.0,1.0,201.0
2026-08-05 09:46:00,NAVI,,9.140000343322754,9.149999618530273,9.140000343322754,9.149999618530273,450.0
2026-08-05 09:46:00,NB,,5.139999866485596,5.150000095367432,5.130000114440918,5.150000095367432,11991.0
2026-08-05 09:46:00,NBIX,,164.7899932861328,165.1750030517578,164.27000427246094,165.1750030517578,3476.0
2026-08-05 09:46:00,NCRA,,1.830299973487854,1.830299973487854,1.830299973487854,1.830299973487854,562.0
2026-08-05 09:46:00,NDAQ,,94.38999938964844,94.5199966430664,94.37000274658203,94.37000274658203,5738.0
2026-08-05 09:46:00,NDSN,,311.7300109863281,311.7300109863281,311.7300109863281,311.7300109863281,375.0
2026-08-05 09:46:00,NEO,,16.15999984741211,16.15999984741211,16.15999984741211,16.15999984741211,250.0
2026-08-05 09:46:00,NEOG,,11.630000114440918,11.649999618530273,11.630000114440918,11.640000343322754,2816.0
2026-08-05 09:46:00,NEOV,,2.802799940109253,2.8299999237060547,2.799999952316284,2.8036999702453613,27238.0
2026-08-05 09:46:00,NESR,,28.770000457763672,28.770000457763672,28.770000457763672,28.770000457763672,696.0
2026-08-05 09:46:00,NEXT,,6.46999979019165,6.480000019073486,6.46999979019165,6.480000019073486,6523.0
2026-08-05 09:46:00,NFE,,0.33570000529289246,0.33570000529289246,0.3319999873638153,0.3319999873638153,3950.0
2026-08-05 09:46:00,NFLX,,74.16000366210938,74.30000305175781,74.12000274658203,74.19499969482422,74626.0
2026-08-05 09:46:00,NICE,,96.70500183105469,96.73999786376953,96.52999877929688,96.52999877929688,3068.0
2026-08-05 09:46:00,NIU,,2.5199999809265137,2.5199999809265137,2.5199999809265137,2.5199999809265137,111.0
2026-08-05 09:46:00,NKSH,,40.220001220703125,40.220001220703125,40.220001220703125,40.220001220703125,307.0
2026-08-05 09:46:00,NKTR,,73.62999725341797,73.72000122070312,73.62999725341797,73.72000122070312,579.0
2026-08-05 09:46:00,NMFC,,7.324999809265137,7.340000152587891,7.324999809265137,7.324999809265137,11828.0
2026-08-05 09:46:00,NMRA,,1.5549999475479126,1.5549999475479126,1.5499999523162842,1.5549999475479126,804.0
2026-08-05 09:46:00,NMRK,,15.6899995803833,15.699999809265137,15.6899995803833,15.699999809265137,767.0
2026-08-05 09:46:00,NN,,14.074999809265137,14.074999809265137,14.0649995803833,14.0649995803833,1278.0
2026-08-05 09:46:00,NNBR,,3.8299999237060547,3.8299999237060547,3.819999933242798,3.819999933242798,10565.0
2026-08-05 09:46:00,NRDS,,9.225000381469727,9.225000381469727,9.210000038146973,9.225000381469727,2687.0
2026-08-05 09:46:00,NRIM,,27.020000457763672,27.049999237060547,26.9950008392334,27.049999237060547,618.0
2026-08-05 09:46:00,NRIX,,24.959999084472656,24.97010040283203,24.959999084472656,24.97010040283203,1055.0
2026-08-05 09:46:00,NRXP,,2.996000051498413,2.996000051498413,2.996000051498413,2.996000051498413,131.0
2026-08-05 09:46:00,NTAP,,191.05999755859375,191.39999389648438,191.05999755859375,191.39999389648438,1412.0
2026-08-05 09:46:00,NTES,,128.22000122070312,128.22000122070312,128.2100067138672,128.2100067138672,1667.0
2026-08-05 09:46:00,NTNX,,61.70000076293945,61.90999984741211,61.70000076293945,61.900001525878906,7024.0
2026-08-05 09:46:00,NTRA,,275.4949951171875,276.8800048828125,275.4949951171875,276.8800048828125,3676.0
2026-08-05 09:46:00,NTRS,,184.89999389648438,184.89999389648438,184.67999267578125,184.67999267578125,596.0
2026-08-05 09:46:00,NUTX,,158.99000549316406,158.99000549316406,158.99000549316406,158.99000549316406,366.0
2026-08-05 09:46:00,NUWE,,1.7610000371932983,1.7610000371932983,1.7610000371932983,1.7610000371932983,344.0
2026-08-05 09:46:00,NVAX,,7.659999847412109,7.672299861907959,7.659999847412109,7.670000076293945,5817.0
2026-08-05 09:46:00,NVCR,,16.059999465942383,16.06999969482422,16.059999465942383,16.06999969482422,59.0
2026-08-05 09:46:00,NVCT,,19.670000076293945,19.670000076293945,19.670000076293945,19.670000076293945,300.0
2026-08-05 09:46:00,NVDA,,219.7100067138672,219.80679321289062,218.92799377441406,219.00999450683594,803938.0
2026-08-05 09:46:00,NVEC,,127.98999786376953,127.98999786376953,127.7699966430664,127.7699966430664,785.0
2026-08-05 09:46:00,NVMI,,414.1474914550781,414.1474914550781,414.1474914550781,414.1474914550781,266.0
2026-08-05 09:46:00,NVTS,,12.770000457763672,12.789999961853027,12.729999542236328,12.75,48912.0
2026-08-05 09:46:00,NVVE,,0.9399999976158142,0.949999988079071,0.9399999976158142,0.949999988079071,2500.0
2026-08-05 09:46:00,NWBI,,15.960000038146973,15.960000038146973,15.960000038146973,15.960000038146973,1429.0
2026-08-05 09:46:00,NWL,,5.985000133514404,6.014999866485596,5.974999904632568,6.014999866485596,86692.0
2026-08-05 09:46:00,NWS,,32.470001220703125,32.474998474121094,32.459999084472656,32.459999084472656,2826.0
2026-08-05 09:46:00,NWSA,,28.34000015258789,28.34000015258789,28.325000762939453,28.34000015258789,3368.0
2026-08-05 09:46:00,NXPI,,235.5800018310547,235.64500427246094,235.0800018310547,235.60000610351562,9867.0
2026-08-05 09:46:00,NXT,,98.1449966430664,98.1449966430664,98.05999755859375,98.05999755859375,446.0
2026-08-05 09:46:00,NXTC,,5.999899864196777,5.999899864196777,5.999899864196777,5.999899864196777,327.0
2026-08-05 09:46:00,OCC,,16.03499984741211,16.03499984741211,16.03499984741211,16.03499984741211,429.0
2026-08-05 09:46:00,OCFC,,19.760000228881836,19.760000228881836,19.760000228881836,19.760000228881836,600.0
2026-08-05 09:46:00,OCGN,,1.3200000524520874,1.3200000524520874,1.315000057220459,1.3200000524520874,14690.0
2026-08-05 09:46:00,OCS,,11.970000267028809,11.970000267028809,11.970000267028809,11.970000267028809,100.0
2026-08-05 09:46:00,OCSL,,12.085000038146973,12.085000038146973,12.085000038146973,12.085000038146973,611.0
2026-08-05 09:46:00,OCUL,,8.680000305175781,8.6899995803833,8.680000305175781,8.6899995803833,1633.0
2026-08-05 09:46:00,ODD,,15.3149995803833,15.34000015258789,15.3149995803833,15.34000015258789,900.0
2026-08-05 09:46:00,ODFL,,218.22000122070312,218.22500610351562,218.22000122070312,218.22500610351562,1174.0
2026-08-05 09:46:00,OESX,,15.350000381469727,15.697199821472168,15.350000381469727,15.697199821472168,1627.0
2026-08-05 09:46:00,OFIX,,10.699999809265137,10.805000305175781,10.699999809265137,10.75,4437.0
2026-08-05 09:46:00,OKTA,,149.38999938964844,150.2156982421875,149.1999969482422,150.0762939453125,7369.0
2026-08-05 09:46:00,OLLI,,77.58999633789062,77.73999786376953,77.58999633789062,77.7300033569336,1474.0
2026-08-05 09:46:00,OLMA,,11.800000190734863,11.800000190734863,11.774999618530273,11.789999961853027,1258.0
2026-08-05 09:46:00,OMER,,12.699999809265137,12.770000457763672,12.699999809265137,12.760000228881836,1759.0
2026-08-05 09:46:00,OMEX,,0.7404999732971191,0.7426000237464905,0.7404999732971191,0.7426000237464905,2113.0
2026-08-05 09:46:00,OMH,,0.11050000041723251,0.11140000075101852,0.11029999703168869,0.11129999905824661,11224.0
2026-08-05 09:46:00,ON,,79.81500244140625,79.93000030517578,79.41000366210938,79.74500274658203,187105.0
2026-08-05 09:46:00,ONB,,27.139999389648438,27.149999618530273,27.139999389648438,27.149999618530273,6155.0
2026-08-05 09:46:00,ONBPO,,24.796199798583984,24.796199798583984,24.796199798583984,24.796199798583984,500.0
2026-08-05 09:46:00,ONBPP,,24.75,24.75,24.75,24.75,333.0
2026-08-05 09:46:00,ONCO,,0.7910000085830688,0.7910000085830688,0.7910000085830688,0.7910000085830688,151.0
2026-08-05 09:46:00,ONDS,,8.904999732971191,8.989999771118164,8.899999618530273,8.970000267028809,162626.0
2026-08-05 09:46:00,ONFO,,0.07569999992847443,0.07680000364780426,0.07500000298023224,0.07500000298023224,781772.0
2026-08-05 09:46:00,OPCH,,23.34000015258789,23.34000015258789,23.34000015258789,23.34000015258789,148.0
2026-08-05 09:46:00,OPEN,,3.7699999809265137,3.779900074005127,3.7200000286102295,3.7699999809265137,984255.0
2026-08-05 09:46:00,OPHC,,8.654999732971191,8.654999732971191,8.654999732971191,8.654999732971191,336.0
2026-08-05 09:46:00,OPK,,1.2949999570846558,1.2949999570846558,1.2949999570846558,1.2949999570846558,833.0
2026-08-05 09:46:00,OPRA,,20.520000457763672,20.540000915527344,20.520000457763672,20.540000915527344,956.0
2026-08-05 09:46:00,OPRX,,6.800000190734863,6.809999942779541,6.800000190734863,6.809999942779541,1551.0
2026-08-05 09:46:00,ORGO,,2.365000009536743,2.369999885559082,2.365000009536743,2.369999885559082,2651.0
2026-08-05 09:46:00,ORIC,,13.54010009765625,13.54010009765625,13.54010009765625,13.54010009765625,270.0
2026-08-05 09:46:00,ORLY,,92.66999816894531,92.68499755859375,92.4800033569336,92.54000091552734,18952.0
2026-08-05 09:46:00,OSBC,,25.739999771118164,25.760000228881836,25.739999771118164,25.760000228881836,1028.0
2026-08-05 09:46:00,OSPN,,16.81719970703125,16.899999618530273,16.81719970703125,16.899999618530273,3743.0
2026-08-05 09:46:00,OSS,,13.404999732971191,13.5,13.3100004196167,13.399999618530273,19734.0
2026-08-05 09:46:00,OSW,,26.719999313354492,26.719999313354492,26.71500015258789,26.719999313354492,674.0
2026-08-05 09:46:00,OTEX,,26.149999618530273,26.239999771118164,26.149999618530273,26.2189998626709,6278.0
2026-08-05 09:46:00,OTLK,,1.0049999952316284,1.0049999952316284,1.0,1.0049999952316284,19188.0
2026-08-05 09:46:00,OVID,,2.5350000858306885,2.5439999103546143,2.5339999198913574,2.5439999103546143,1902.0
2026-08-05 09:46:00,OXLC,,9.164999961853027,9.16819953918457,9.148300170898438,9.149999618530273,6497.0
2026-08-05 09:46:00,OXSQ,,1.4800000190734863,1.4800000190734863,1.4800000190734863,1.4800000190734863,753.0
2026-08-05 09:46:00,PAA,,23.280000686645508,23.299999237060547,23.25,23.299999237060547,15735.0
2026-08-05 09:46:00,PAAS,,47.35499954223633,47.47999954223633,47.349998474121094,47.36000061035156,10611.0
2026-08-05 09:46:00,PAGP,,25.100000381469727,25.1299991607666,25.094999313354492,25.1299991607666,5231.0
2026-08-05 09:46:00,PALI,,2.075000047683716,2.0799999237060547,2.075000047683716,2.0799999237060547,1459.0
2026-08-05 09:46:00,PANL,,7.409999847412109,7.409999847412109,7.409999847412109,7.409999847412109,526.0
2026-08-05 09:46:00,PANW,,372.8500061035156,375.8599853515625,372.8500061035156,375.8599853515625,26865.0
2026-08-05 09:46:00,PATK,,87.01000213623047,87.01000213623047,87.01000213623047,87.01000213623047,118.0
2026-08-05 09:46:00,PAX,,11.4399995803833,11.4399995803833,11.430000305175781,11.430000305175781,838.0
2026-08-05 09:46:00,PAYO,,7.125,7.125,7.125,7.125,1704.0
2026-08-05 09:46:00,PAYS,,9.239999771118164,9.25,9.239999771118164,9.25,508.0
2026-08-05 09:46:00,PAYX,,118.04000091552734,118.37000274658203,117.93499755859375,118.37000274658203,2706.0
2026-08-05 09:46:00,PBYI,,7.909999847412109,7.909999847412109,7.909999847412109,7.909999847412109,407.0
2026-08-05 09:46:00,PCAR,,135.80999755859375,135.80999755859375,135.625,135.77999877929688,13531.0
2026-08-05 09:46:00,PCRX,,26.420000076293945,26.610000610351562,26.420000076293945,26.610000610351562,2619.0
2026-08-05 09:46:00,PCT,,7.005000114440918,7.054999828338623,7.005000114440918,7.054999828338623,17333.0
2026-08-05 09:46:00,PCTY,,146.50999450683594,147.39999389648438,146.36000061035156,147.39999389648438,735.0
2026-08-05 09:46:00,PCYO,,10.569999694824219,10.574999809265137,10.569999694824219,10.569999694824219,1533.0
2026-08-05 09:46:00,PDD,,91.44000244140625,91.52999877929688,91.39009857177734,91.3917007446289,10104.0
2026-08-05 09:46:00,PEBK,,43.150001525878906,43.150001525878906,43.119998931884766,43.119998931884766,1349.0
2026-08-05 09:46:00,PEGA,,31.959999084472656,31.959999084472656,31.764999389648438,31.93000030517578,1917.0
2026-08-05 09:46:00,PENN,,20.049999237060547,20.06999969482422,20.049999237060547,20.059999465942383,1707.0
2026-08-05 09:46:00,PEP,,138.1699981689453,138.23500061035156,138.12989807128906,138.20509338378906,14326.0
2026-08-05 09:46:00,PEPG,,1.8949999809265137,1.8949999809265137,1.8949999809265137,1.8949999809265137,1122.0
2026-08-05 09:46:00,PERI,,9.630000114440918,9.630000114440918,9.630000114440918,9.630000114440918,107.0
2026-08-05 09:46:00,PFBC,,105.94000244140625,106.61000061035156,105.94000244140625,106.54000091552734,1921.0
2026-08-05 09:46:00,PFX,,42.97999954223633,43.0,42.97999954223633,42.9900016784668,0.0
2026-08-05 09:46:00,PGEN,,6.864999771118164,6.880000114440918,6.710000038146973,6.710000038146973,81160.0
2026-08-05 09:46:00,PGY,,21.520000457763672,21.59000015258789,21.520000457763672,21.540000915527344,11794.0
2026-08-05 09:46:00,PLBY,,1.2350000143051147,1.2350000143051147,1.2350000143051147,1.2350000143051147,263.0
2026-08-05 09:46:00,PLPC,,453.6199951171875,453.6199951171875,451.8500061035156,451.8500061035156,770.0
2026-08-05 09:46:00,PLSE,,37.54499816894531,37.665000915527344,37.0099983215332,37.599998474121094,2197.0
2026-08-05 09:46:00,PLUG,,2.130000114440918,2.140000104904175,2.119999885559082,2.125,183161.0
2026-08-05 09:46:00,PLXS,,277.3500061035156,277.3500061035156,277.32000732421875,277.3500061035156,662.0
2026-08-05 09:46:00,PMVP,,1.1735999584197998,1.1735999584197998,1.1735999584197998,1.1735999584197998,564.0
2026-08-05 09:46:00,PNFP,,108.79000091552734,109.0,108.70999908447266,108.75,1011.0
2026-08-05 09:46:00,PNRG,,181.14999389648438,181.14999389648438,180.6300048828125,180.9499969482422,3230.0
2026-08-05 09:46:00,PNTG,,38.06999969482422,38.09000015258789,38.06999969482422,38.09000015258789,1223.0
2026-08-05 09:46:00,POET,,8.339599609375,8.390000343322754,8.339599609375,8.380000114440918,71951.0
2026-08-05 09:46:00,POWI,,63.529998779296875,63.529998779296875,63.529998779296875,63.529998779296875,286.0
2026-08-05 09:46:00,POWL,,212.64999389648438,212.74000549316406,210.5500030517578,210.5500030517578,1439.0
2026-08-05 09:46:00,PPC,,26.729999542236328,26.729999542236328,26.729999542236328,26.729999542236328,738.0
2026-08-05 09:46:00,PPIH,,25.5,25.5,25.5,25.5,1553.0
2026-08-05 09:46:00,PPTA,,22.110000610351562,22.149999618530273,22.09000015258789,22.09000015258789,2020.0
2026-08-05 09:46:00,PRAX,,318.2850036621094,318.2850036621094,315.42999267578125,315.7699890136719,598.0
2026-08-05 09:46:00,PRCH,,16.024999618530273,16.059999465942383,16.024999618530273,16.059999465942383,810.0
2026-08-05 09:46:00,PRCT,,18.670000076293945,18.709999084472656,18.6200008392334,18.709999084472656,3989.0
2026-08-05 09:46:00,PRDO,,33.125,33.125,33.125,33.125,442.0
2026-08-05 09:46:00,PRE,,18.299999237060547,18.299999237060547,18.299999237060547,18.299999237060547,363.0
2026-08-05 09:46:00,PRGS,,41.71500015258789,41.71500015258789,41.71500015258789,41.71500015258789,604.0
2026-08-05 09:46:00,PRIM,,87.875,87.9000015258789,87.58000183105469,87.58000183105469,4493.0
2026-08-05 09:46:00,PRLD,,4.489999771118164,4.494200229644775,4.489999771118164,4.489999771118164,441.0
2026-08-05 09:46:00,PRME,,2.9200000762939453,2.9200000762939453,2.9189999103546143,2.9189999103546143,1717.0
2026-08-05 09:46:00,PROK,,1.6649999618530273,1.6649999618530273,1.6649999618530273,1.6649999618530273,2869.0
2026-08-05 09:46:00,PRPH,,0.04439999908208847,0.04439999908208847,0.04439999908208847,0.04439999908208847,0.0
2026-08-05 09:46:00,PRQR,,1.8650000095367432,1.8698999881744385,1.8650000095367432,1.8650000095367432,2096.0
2026-08-05 09:46:00,PRTA,,8.529999732971191,8.529999732971191,8.529999732971191,8.529999732971191,541.0
2026-08-05 09:46:00,PRVA,,23.600000381469727,23.600000381469727,23.600000381469727,23.600000381469727,681.0
2026-08-05 09:46:00,PSEC,,2.2100000381469727,2.2100000381469727,2.200000047683716,2.2049999237060547,12706.0
2026-08-05 09:46:00,PSNL,,13.520000457763672,13.550000190734863,13.520000457763672,13.550000190734863,2388.0
2026-08-05 09:46:00,PTC,,142.91000366210938,143.3300018310547,142.91000366210938,143.1300048828125,2716.0
2026-08-05 09:46:00,PTEN,,9.904999732971191,9.90999984741211,9.859999656677246,9.880000114440918,98113.0
2026-08-05 09:46:00,PTLO,,4.46999979019165,4.474999904632568,4.465000152587891,4.465000152587891,3673.0
2026-08-05 09:46:00,PTON,,6.539999961853027,6.579999923706055,6.539999961853027,6.574999809265137,16210.0
2026-08-05 09:46:00,PWP,,17.165000915527344,17.165000915527344,17.165000915527344,17.165000915527344,614.0
2026-08-05 09:46:00,PYPD,,4.460000038146973,4.460000038146973,4.460000038146973,4.460000038146973,4201.0
2026-08-05 09:46:00,PYPL,,58.79499816894531,58.90999984741211,58.790000915527344,58.90999984741211,20179.0
2026-08-05 09:46:00,PYXS,,3.240000009536743,3.240000009536743,3.222100019454956,3.222100019454956,1736.0
2026-08-05 09:46:00,QCOM,,161.63499450683594,161.67999267578125,161.21009826660156,161.6199951171875,30661.0
2026-08-05 09:46:00,QFIN,,13.324999809265137,13.329999923706055,13.324999809265137,13.329999923706055,1091.0
2026-08-05 09:46:00,QQQX,,30.739999771118164,30.75,30.739999771118164,30.75,1049.0
2026-08-05 09:46:00,QRVO,,95.52999877929688,95.54000091552734,95.52999877929688,95.52999877929688,735.0
2026-08-05 09:46:00,SEED,,0.9401000142097473,0.949999988079071,0.9401000142097473,0.949999988079071,1822.0
2026-08-05 09:46:00,STIM,,2.3440001010894775,2.3440001010894775,2.3340001106262207,2.3340001106262207,629.0
2026-08-05 09:46:00,WOOF,,2.944999933242798,2.944999933242798,2.944999933242798,2.944999933242798,2734.0
2026-08-05 09:47:00,ACDC,,4.28000020980835,4.300000190734863,4.255000114440918,4.255000114440918,28608.0
2026-08-05 09:47:00,CASH,,89.48500061035156,89.48500061035156,89.48500061035156,89.48500061035156,940.0
2026-08-05 09:47:00,EYE,,23.579999923706055,23.610000610351562,23.559999465942383,23.559999465942383,6001.0
2026-08-05 09:47:00,GLUE,,16.549999237060547,16.56999969482422,16.549999237060547,16.56999969482422,1470.0
2026-08-05 09:47:00,KTTA,,0.4602999985218048,0.46560001373291016,0.4602999985218048,0.46560001373291016,8962.0
2026-08-05 09:47:00,LUNG,,1.9199999570846558,1.9279999732971191,1.9049999713897705,1.9049999713897705,4099.0
2026-08-05 09:47:00,MDB,,380.125,380.125,378.6000061035156,378.6000061035156,4923.0
2026-08-05 09:47:00,MDLZ,,61.54999923706055,61.54999923706055,61.459999084472656,61.46500015258789,15151.0
2026-08-05 09:47:00,MNRO,,13.390000343322754,13.390000343322754,13.3100004196167,13.3100004196167,9770.0
2026-08-05 09:47:00,MNST,,94.16500091552734,94.2300033569336,94.15750122070312,94.2249984741211,8955.0
2026-08-05 09:47:00,MNTS,,4.510000228881836,4.539999961853027,4.490099906921387,4.519999980926514,2969.0
2026-08-05 09:47:00,MOVE,,12.680000305175781,12.92549991607666,12.680000305175781,12.680000305175781,3430.0
2026-08-05 09:47:00,MPWR,,1347.0079345703125,1351.905029296875,1346.3050537109375,1351.9000244140625,956.0
2026-08-05 09:47:00,MRNA,,57.79999923706055,57.79999923706055,57.70000076293945,57.709999084472656,3852.0
2026-08-05 09:47:00,MYGN,,3.190000057220459,3.190000057220459,3.184999942779541,3.184999942779541,1806.0
2026-08-05 09:47:00,MYRG,,347.8900146484375,347.8900146484375,347.8900146484375,347.8900146484375,432.0
2026-08-05 09:47:00,NAMS,,26.020000457763672,26.149999618530273,26.010000228881836,26.149999618530273,9640.0
2026-08-05 09:47:00,NAUT,,0.9907000064849854,0.9907000064849854,0.9907000064849854,0.9907000064849854,200.0
2026-08-05 09:47:00,NAVI,,9.149999618530273,9.149999618530273,9.140000343322754,9.140000343322754,5255.0
2026-08-05 09:47:00,NB,,5.150000095367432,5.164999961853027,5.130000114440918,5.130000114440918,8788.0
2026-08-05 09:47:00,NBIX,,164.66000366210938,165.0800018310547,164.3350067138672,164.53500366210938,4759.0
2026-08-05 09:47:00,NDAQ,,94.2750015258789,94.41000366210938,94.2750015258789,94.38500213623047,6465.0
2026-08-05 09:47:00,NDSN,,311.5849914550781,311.5849914550781,311.5849914550781,311.5849914550781,277.0
2026-08-05 09:47:00,NEO,,16.159000396728516,16.159000396728516,16.159000396728516,16.159000396728516,167.0
2026-08-05 09:47:00,NEOG,,11.630000114440918,11.630999565124512,11.625,11.630999565124512,3295.0
2026-08-05 09:47:00,NEOV,,2.8499999046325684,2.869999885559082,2.8299999237060547,2.8299999237060547,16864.0
2026-08-05 09:47:00,NESR,,28.850000381469727,28.850000381469727,28.719999313354492,28.719999313354492,1740.0
2026-08-05 09:47:00,NEXT,,6.480000019073486,6.480000019073486,6.473899841308594,6.480000019073486,3960.0
2026-08-05 09:47:00,NFLX,,74.19000244140625,74.19000244140625,74.12000274658203,74.18000030517578,102503.0
2026-08-05 09:47:00,NICE,,97.38500213623047,97.43000030517578,96.63999938964844,96.63999938964844,5588.0
2026-08-05 09:47:00,NIU,,2.509999990463257,2.509999990463257,2.5,2.509999990463257,1546.0
2026-08-05 09:47:00,NKSH,,40.404998779296875,40.404998779296875,40.404998779296875,40.404998779296875,327.0
2026-08-05 09:47:00,NKTX,,2.2300000190734863,2.2300000190734863,2.2300000190734863,2.2300000190734863,190.0
2026-08-05 09:47:00,NMRA,,1.565000057220459,1.565000057220459,1.5549999475479126,1.5549999475479126,7929.0
2026-08-05 09:47:00,NMRK,,15.710000038146973,15.710000038146973,15.6899995803833,15.6899995803833,1878.0
2026-08-05 09:47:00,NMTC,,1.75,1.75,1.75,1.75,843.0
2026-08-05 09:47:00,NN,,14.015000343322754,14.07040023803711,14.010000228881836,14.07040023803711,2274.0
2026-08-05 09:47:00,NNBR,,3.8399999141693115,3.8399999141693115,3.8399999141693115,3.8399999141693115,5822.0
2026-08-05 09:47:00,NNDM,,1.5850000381469727,1.5850000381469727,1.5850000381469727,1.5850000381469727,9945.0
2026-08-05 09:47:00,NRDS,,9.227999687194824,9.227999687194824,9.220000267028809,9.220000267028809,1201.0
2026-08-05 09:47:00,NRIM,,27.104999542236328,27.104999542236328,27.104999542236328,27.104999542236328,153.0
2026-08-05 09:47:00,NRIX,,24.92300033569336,24.92300033569336,24.92300033569336,24.92300033569336,154.0
2026-08-05 09:47:00,NRXP,,3.0,3.0,2.990000009536743,2.9983999729156494,2765.0
2026-08-05 09:47:00,NTAP,,191.5399932861328,191.5399932861328,191.2550048828125,191.2550048828125,1919.0
2026-08-05 09:47:00,NTES,,128.10000610351562,128.2100067138672,128.10000610351562,128.17999267578125,3546.0
2026-08-05 09:47:00,NTNX,,61.5099983215332,61.5099983215332,61.435001373291016,61.5099983215332,2293.0
2026-08-05 09:47:00,NTRA,,275.8399963378906,275.9599914550781,275.7099914550781,275.7099914550781,1273.0
2026-08-05 09:47:00,NTRS,,184.86000061035156,184.86000061035156,184.86000061035156,184.86000061035156,643.0
2026-08-05 09:47:00,NUTX,,157.2100067138672,157.2100067138672,157.2100067138672,157.2100067138672,1874.0
2026-08-05 09:47:00,NUWE,,1.7599999904632568,1.7699999809265137,1.7599999904632568,1.7619999647140503,7932.0
2026-08-05 09:47:00,NVAX,,7.678999900817871,7.678999900817871,7.670000076293945,7.675000190734863,2078.0
2026-08-05 09:47:00,NVCR,,16.06999969482422,16.06999969482422,16.06999969482422,16.06999969482422,190.0
2026-08-05 09:47:00,NVCT,,20.104999542236328,20.104999542236328,20.104999542236328,20.104999542236328,291.0
2026-08-05 09:47:00,NVDA,,220.7050018310547,220.74000549316406,219.55999755859375,219.7050018310547,1090732.0
2026-08-05 09:47:00,NVMI,,414.635009765625,414.7099914550781,414.635009765625,414.7099914550781,389.0
2026-08-05 09:47:00,NVTS,,12.770000457763672,12.805000305175781,12.760000228881836,12.770000457763672,70238.0
2026-08-05 09:47:00,NVVE,,0.9399999976158142,0.9399999976158142,0.9399999976158142,0.9399999976158142,2000.0
2026-08-05 09:47:00,NWBI,,15.989999771118164,15.989999771118164,15.960000038146973,15.960000038146973,12447.0
2026-08-05 09:47:00,NWL,,5.989999771118164,6.010000228881836,5.985000133514404,5.985000133514404,15754.0
2026-08-05 09:47:00,NWS,,32.470001220703125,32.47999954223633,32.45000076293945,32.470001220703125,7463.0
2026-08-05 09:47:00,NWSA,,28.334999084472656,28.359500885009766,28.315000534057617,28.34000015258789,11806.0
2026-08-05 09:47:00,NXPI,,236.1085968017578,236.52499389648438,235.66000366210938,235.94000244140625,10170.0
2026-08-05 09:47:00,NXT,,98.47000122070312,98.47000122070312,98.1500015258789,98.1500015258789,2628.0
2026-08-05 09:47:00,NXTC,,5.804999828338623,5.804999828338623,5.804999828338623,5.804999828338623,262.0
2026-08-05 09:47:00,NYXH,,1.4600000381469727,1.4600000381469727,1.4600000381469727,1.4600000381469727,504.0
2026-08-05 09:47:00,OCFC,,19.770000457763672,19.770000457763672,19.7549991607666,19.7549991607666,1112.0
2026-08-05 09:47:00,OCGN,,1.309999942779541,1.3200000524520874,1.309999942779541,1.309999942779541,6033.0
2026-08-05 09:47:00,OCSL,,12.069999694824219,12.074999809265137,12.069999694824219,12.074999809265137,1842.0
2026-08-05 09:47:00,OCUL,,8.680000305175781,8.680000305175781,8.670000076293945,8.680000305175781,2631.0
2026-08-05 09:47:00,ODFL,,218.43499755859375,218.43499755859375,218.3000030517578,218.3000030517578,736.0
2026-08-05 09:47:00,OESX,,15.703399658203125,15.739999771118164,15.649999618530273,15.649999618530273,3208.0
2026-08-05 09:47:00,OFIX,,10.75,10.800000190734863,10.699999809265137,10.739999771118164,60194.0
2026-08-05 09:47:00,OFS,,3.619999885559082,3.619999885559082,3.619999885559082,3.619999885559082,193.0
2026-08-05 09:47:00,OKTA,,149.52000427246094,149.7100067138672,149.24000549316406,149.36000061035156,15758.0
2026-08-05 09:47:00,OLLI,,77.55000305175781,77.55000305175781,77.42500305175781,77.43000030517578,1545.0
2026-08-05 09:47:00,OMCL,,36.625,36.75,36.625,36.75,833.0
2026-08-05 09:47:00,OMER,,12.75,12.75,12.739999771118164,12.739999771118164,575.0
2026-08-05 09:47:00,OMEX,,0.7402999997138977,0.7402999997138977,0.7402999997138977,0.7402999997138977,1262.0
2026-08-05 09:47:00,OMH,,0.1088000014424324,0.11140000075101852,0.10599999874830246,0.1103999987244606,333892.0
2026-08-05 09:47:00,ON,,79.94000244140625,80.05999755859375,79.73999786376953,79.7699966430664,45698.0
2026-08-05 09:47:00,ONB,,27.184999465942383,27.200000762939453,27.15999984741211,27.15999984741211,8735.0
2026-08-05 09:47:00,ONCY,,0.800000011920929,0.800000011920929,0.800000011920929,0.800000011920929,1122.0
2026-08-05 09:47:00,ONDS,,8.900099754333496,8.9399995803833,8.899999618530273,8.904999732971191,119863.0
2026-08-05 09:47:00,ONFO,,0.0746999979019165,0.0763000026345253,0.07400000095367432,0.07599999755620956,414820.0
2026-08-05 09:47:00,OPCH,,23.30500030517578,23.329999923706055,23.30500030517578,23.309999465942383,707.0
2026-08-05 09:47:00,OPEN,,3.815000057220459,3.819999933242798,3.759999990463257,3.779900074005127,353522.0
2026-08-05 09:47:00,OPHC,,8.6899995803833,8.6899995803833,8.649999618530273,8.649999618530273,901.0
2026-08-05 09:47:00,OPK,,1.2949999570846558,1.2999999523162842,1.2949999570846558,1.2949999570846558,3221.0
2026-08-05 09:47:00,OPRA,,20.479999542236328,20.479999542236328,20.479999542236328,20.479999542236328,129.0
2026-08-05 09:47:00,ORGO,,2.365000009536743,2.365000009536743,2.365000009536743,2.365000009536743,515.0
2026-08-05 09:47:00,ORIC,,13.614999771118164,13.614999771118164,13.614999771118164,13.614999771118164,1123.0
2026-08-05 09:47:00,ORLY,,92.70999908447266,92.70999908447266,92.625,92.65499877929688,14758.0
2026-08-05 09:47:00,OSBC,,25.790000915527344,25.790000915527344,25.739999771118164,25.739999771118164,3839.0
2026-08-05 09:47:00,OSIS,,236.09500122070312,236.09500122070312,236.09500122070312,236.09500122070312,354.0
2026-08-05 09:47:00,OSPN,,16.79010009765625,16.79010009765625,16.79010009765625,16.79010009765625,600.0
2026-08-05 09:47:00,OSS,,13.72439956665039,13.739500045776367,13.494999885559082,13.5,34333.0
2026-08-05 09:47:00,OTEX,,26.149999618530273,26.149999618530273,26.1200008392334,26.1200008392334,971.0
2026-08-05 09:47:00,OTLK,,1.0149999856948853,1.0199999809265137,1.0,1.0049999952316284,39269.0
2026-08-05 09:47:00,OTLY,,14.4399995803833,14.4399995803833,14.4399995803833,14.4399995803833,310.0
2026-08-05 09:47:00,OVID,,2.5239999294281006,2.5299999713897705,2.5239999294281006,2.5299999713897705,869.0
2026-08-05 09:47:00,OXLCZ,,24.93000030517578,24.93000030517578,24.93000030517578,24.93000030517578,0.0
2026-08-05 09:47:00,OXSQ,,1.4800000190734863,1.4800000190734863,1.4800000190734863,1.4800000190734863,1229.0
2026-08-05 09:47:00,PAA,,23.260000228881836,23.280000686645508,23.260000228881836,23.270099639892578,4260.0
2026-08-05 09:47:00,PAAS,,47.459999084472656,47.5,47.31999969482422,47.349998474121094,18181.0
2026-08-05 09:47:00,PACB,,1.440000057220459,1.440000057220459,1.4300999641418457,1.4300999641418457,1150.0
2026-08-05 09:47:00,PAGP,,25.110000610351562,25.1200008392334,25.110000610351562,25.1200008392334,1522.0
2026-08-05 09:47:00,PALI,,2.075000047683716,2.075000047683716,2.075000047683716,2.075000047683716,3071.0
2026-08-05 09:47:00,PANW,,371.6499938964844,373.3699951171875,371.510009765625,372.6099853515625,14975.0
2026-08-05 09:47:00,PATK,,86.78500366210938,86.78500366210938,86.78500366210938,86.78500366210938,1104.0
2026-08-05 09:47:00,PAVM,,5.130000114440918,5.130000114440918,5.130000114440918,5.130000114440918,770.0
2026-08-05 09:47:00,PAX,,11.44629955291748,11.44629955291748,11.44629955291748,11.44629955291748,1360.0
2026-08-05 09:47:00,PAYO,,7.123600006103516,7.130000114440918,7.120100021362305,7.120100021362305,1135.0
2026-08-05 09:47:00,PAYS,,9.260000228881836,9.260000228881836,9.25,9.25,1640.0
2026-08-05 09:47:00,PAYX,,117.93000030517578,118.0250015258789,117.8499984741211,118.0250015258789,6937.0
2026-08-05 09:47:00,PCAR,,135.8350067138672,135.9499969482422,135.69000244140625,135.8300018310547,9377.0
2026-08-05 09:47:00,PCT,,7.0100998878479,7.019999980926514,7.005000114440918,7.005000114440918,15465.0
2026-08-05 09:47:00,PCTY,,147.32000732421875,147.7050018310547,145.75,146.05999755859375,4618.0
2026-08-05 09:47:00,PDD,,91.41999816894531,91.45500183105469,91.40499877929688,91.45500183105469,8384.0
2026-08-05 09:47:00,PDFS,,51.21500015258789,51.369998931884766,51.21500015258789,51.369998931884766,329.0
2026-08-05 09:47:00,PEGA,,31.7549991607666,31.809999465942383,31.741600036621094,31.809999465942383,1979.0
2026-08-05 09:47:00,PENN,,20.079999923706055,20.079999923706055,20.06999969482422,20.06999969482422,3435.0
2026-08-05 09:47:00,PEP,,138.27999877929688,138.2949981689453,138.0800018310547,138.16000366210938,11966.0
2026-08-05 09:47:00,PEPG,,1.8849999904632568,1.8899999856948853,1.8849999904632568,1.8899999856948853,408.0
2026-08-05 09:47:00,PERI,,9.619999885559082,9.619999885559082,9.619999885559082,9.619999885559082,425.0
2026-08-05 09:47:00,PFBC,,106.4800033569336,106.4800033569336,106.4800033569336,106.4800033569336,658.0
2026-08-05 09:47:00,PFG,,115.94000244140625,115.94000244140625,115.94000244140625,115.94000244140625,1234.0
2026-08-05 09:47:00,PGEN,,6.860000133514404,6.889999866485596,6.804999828338623,6.860000133514404,108958.0
2026-08-05 09:47:00,PGY,,21.565000534057617,21.575000762939453,21.510299682617188,21.510299682617188,6015.0
2026-08-05 09:47:00,PHAT,,8.440999984741211,8.449999809265137,8.425000190734863,8.425000190734863,15733.0
2026-08-05 09:47:00,PHIO,,1.0750999450683594,1.0750999450683594,1.0750999450683594,1.0750999450683594,1440.0
2026-08-05 09:47:00,PHVS,,33.5099983215332,34.02000045776367,33.5099983215332,33.900001525878906,2333.0
2026-08-05 09:47:00,PLBY,,1.2350000143051147,1.2350000143051147,1.2300000190734863,1.2300000190734863,4378.0
2026-08-05 09:47:00,PLMR,,135.97000122070312,135.97000122070312,135.5574951171875,135.5574951171875,1734.0
2026-08-05 09:47:00,PLPC,,457.2049865722656,457.2049865722656,454.07000732421875,455.2171936035156,578.0
2026-08-05 09:47:00,PLSE,,37.75,37.75,37.59000015258789,37.59000015258789,315.0
2026-08-05 09:47:00,PLTK,,4.005000114440918,4.014999866485596,4.005000114440918,4.014999866485596,2279.0
2026-08-05 09:47:00,PLUG,,2.1298999786376953,2.140000104904175,2.125,2.1298999786376953,300776.0
2026-08-05 09:47:00,PLXS,,277.3699951171875,277.3699951171875,277.3699951171875,277.3699951171875,735.0
2026-08-05 09:47:00,PNBK,,1.1299999952316284,1.1299999952316284,1.1299999952316284,1.1299999952316284,315.0
2026-08-05 09:47:00,PNFP,,108.99500274658203,109.0999984741211,108.88999938964844,108.88999938964844,1469.0
2026-08-05 09:47:00,PNTG,,38.02000045776367,38.02000045776367,38.0099983215332,38.01499938964844,1129.0
2026-08-05 09:47:00,POET,,8.319999694824219,8.34000015258789,8.300000190734863,8.329999923706055,55290.0
2026-08-05 09:47:00,POWI,,63.94499969482422,63.94499969482422,63.94499969482422,63.94499969482422,302.0
2026-08-05 09:47:00,POWL,,213.33999633789062,214.22000122070312,212.8800048828125,212.8800048828125,2498.0
2026-08-05 09:47:00,PPC,,26.75,26.75,26.739999771118164,26.739999771118164,476.0
2026-08-05 09:47:00,PPTA,,22.190000534057617,22.190000534057617,22.155000686645508,22.170000076293945,2338.0
2026-08-05 09:47:00,PRAX,,315.4200134277344,315.4200134277344,315.3800048828125,315.3800048828125,842.0
2026-08-05 09:47:00,PRCH,,16.19499969482422,16.19499969482422,16.049999237060547,16.049999237060547,5992.0
2026-08-05 09:47:00,PRCT,,18.6299991607666,18.6299991607666,18.489999771118164,18.617700576782227,16842.0
2026-08-05 09:47:00,PRE,,18.299999237060547,18.299999237060547,18.299999237060547,18.299999237060547,1005.0
2026-08-05 09:47:00,PRIM,,87.44999694824219,87.98999786376953,87.41000366210938,87.79499816894531,4653.0
2026-08-05 09:47:00,PRLD,,4.480000019073486,4.480000019073486,4.480000019073486,4.480000019073486,390.0
2026-08-05 09:47:00,PRME,,2.934999942779541,2.9391000270843506,2.9163999557495117,2.9163999557495117,18118.0
2026-08-05 09:47:00,PRTA,,8.539999961853027,8.539999961853027,8.539999961853027,8.539999961853027,244.0
2026-08-05 09:47:00,PRTH,,6.699999809265137,6.699999809265137,6.699999809265137,6.699999809265137,200.0
2026-08-05 09:47:00,PRVA,,23.685100555419922,23.685100555419922,23.639999389648438,23.639999389648438,976.0
2026-08-05 09:47:00,PRZO,,0.5453000068664551,0.5453000068664551,0.5453000068664551,0.5453000068664551,801.0
2026-08-05 09:47:00,PSEC,,2.2049999237060547,2.2100000381469727,2.200000047683716,2.2049999237060547,13569.0
2026-08-05 09:47:00,PSNL,,13.529999732971191,13.529999732971191,13.513999938964844,13.527999877929688,1548.0
2026-08-05 09:47:00,PSNY,,14.399999618530273,14.399999618530273,14.399999618530273,14.399999618530273,739.0
2026-08-05 09:47:00,PTCT,,69.26499938964844,69.2699966430664,69.19000244140625,69.2699966430664,616.0
2026-08-05 09:47:00,PTEN,,9.925000190734863,9.925000190734863,9.914999961853027,9.914999961853027,5419.0
2026-08-05 09:47:00,PTGX,,135.59500122070312,135.59500122070312,135.59500122070312,135.59500122070312,308.0
2026-08-05 09:47:00,PTLO,,4.489999771118164,4.489999771118164,4.480000019073486,4.480000019073486,2133.0
2026-08-05 09:47:00,PTON,,6.545000076293945,6.545000076293945,6.534999847412109,6.541100025177002,7376.0
2026-08-05 09:47:00,PUBM,,13.725000381469727,13.760000228881836,13.725000381469727,13.760000228881836,436.0
2026-08-05 09:47:00,PWP,,17.200000762939453,17.200000762939453,17.165000915527344,17.170000076293945,3269.0
2026-08-05 09:47:00,PYPL,,58.79499816894531,58.814998626708984,58.7599983215332,58.790000915527344,21587.0
2026-08-05 09:47:00,PYXS,,3.2100000381469727,3.2200000286102295,3.2100000381469727,3.2200000286102295,5871.0
2026-08-05 09:47:00,QCOM,,162.21499633789062,162.2899932861328,161.62600708007812,161.63499450683594,50584.0
2026-08-05 09:47:00,QFIN,,13.354999542236328,13.354999542236328,13.329999923706055,13.329999923706055,3149.0
2026-08-05 09:47:00,QRVO,,95.5199966430664,95.61000061035156,95.43000030517578,95.58999633789062,4485.0
2026-08-05 09:47:00,SEED,,0.944599986076355,0.944599986076355,0.9399999976158142,0.9399999976158142,15724.0
2026-08-05 09:47:00,STIM,,2.3498001098632812,2.3498001098632812,2.3450000286102295,2.3450000286102295,657.0
2026-08-05 09:47:00,WOOF,,2.9549999237060547,2.9549999237060547,2.950000047683716,2.950000047683716,4077.0
2026-08-05 09:48:00,ACDC,,4.28000020980835,4.289999961853027,4.28000020980835,4.28000020980835,3524.0
2026-08-05 09:48:00,BPOP,,177.67999267578125,177.67999267578125,177.44000244140625,177.44000244140625,707.0
2026-08-05 09:48:00,CASH,,89.79660034179688,89.79660034179688,89.48500061035156,89.48500061035156,1213.0
2026-08-05 09:48:00,DTIL,,7.46999979019165,7.46999979019165,7.46999979019165,7.46999979019165,543.0
2026-08-05 09:48:00,EYE,,23.530000686645508,23.6200008392334,23.510000228881836,23.59000015258789,11828.0
2026-08-05 09:48:00,GLUE,,16.559999465942383,16.59000015258789,16.540000915527344,16.549999237060547,2705.0
2026-08-05 09:48:00,KIDS,,20.81999969482422,21.110000610351562,20.81999969482422,21.110000610351562,1905.0
2026-08-05 09:48:00,LUNG,,1.9199999570846558,1.9299999475479126,1.909999966621399,1.909999966621399,1912.0
2026-08-05 09:48:00,MBRX,,0.40380001068115234,0.40380001068115234,0.40380001068115234,0.40380001068115234,327.0
2026-08-05 09:48:00,MDB,,380.82000732421875,380.82000732421875,379.3399963378906,379.3399963378906,559.0
2026-08-05 09:48:00,MDLZ,,61.505001068115234,61.584999084472656,61.505001068115234,61.560001373291016,10231.0
2026-08-05 09:48:00,MNRO,,13.395000457763672,13.399999618530273,13.354999542236328,13.390000343322754,5853.0
2026-08-05 09:48:00,MNST,,94.11000061035156,94.20999908447266,94.11000061035156,94.16999816894531,14338.0
2026-08-05 09:48:00,MNTS,,4.496500015258789,4.501399993896484,4.489999771118164,4.500100135803223,3054.0
2026-08-05 09:48:00,MODD,,2.0950000286102295,2.0950000286102295,2.0950000286102295,2.0950000286102295,1025.0
2026-08-05 09:48:00,MORN,,201.13499450683594,201.72999572753906,201.08999633789062,201.13499450683594,6243.0
2026-08-05 09:48:00,MPAA,,13.850000381469727,13.850000381469727,13.850000381469727,13.850000381469727,203.0
2026-08-05 09:48:00,MPWR,,1344.9200439453125,1349.919921875,1344.9200439453125,1346.0999755859375,1410.0
2026-08-05 09:48:00,MRNA,,58.099998474121094,58.150001525878906,57.75,57.81999969482422,39555.0
2026-08-05 09:48:00,MYGN,,3.2100000381469727,3.2100000381469727,3.190000057220459,3.190000057220459,4498.0
2026-08-05 09:48:00,NAMS,,26.020000457763672,26.020000457763672,26.0,26.010000228881836,1974.0
2026-08-05 09:48:00,NAUT,,0.9975000023841858,0.9975000023841858,0.9878000020980835,0.9905999898910522,1485.0
2026-08-05 09:48:00,NAVI,,9.15999984741211,9.15999984741211,9.15999984741211,9.15999984741211,3184.0
2026-08-05 09:48:00,NB,,5.1691999435424805,5.170000076293945,5.144999980926514,5.144999980926514,18892.0
2026-08-05 09:48:00,NBIX,,164.6750030517578,164.82000732421875,164.57000732421875,164.82000732421875,553.0
2026-08-05 09:48:00,NDAQ,,94.18000030517578,94.3499984741211,94.12000274658203,94.33000183105469,13851.0
2026-08-05 09:48:00,NDLS,,17.600000381469727,17.600000381469727,17.600000381469727,17.600000381469727,1125.0
2026-08-05 09:48:00,NDSN,,311.6050109863281,311.6050109863281,310.8599853515625,310.8599853515625,912.0
2026-08-05 09:48:00,NEO,,16.269899368286133,16.269899368286133,16.171300888061523,16.171300888061523,7078.0
2026-08-05 09:48:00,NEOG,,11.609999656677246,11.614999771118164,11.609999656677246,11.614999771118164,2353.0
2026-08-05 09:48:00,NEOV,,2.869999885559082,2.890000104904175,2.8299999237060547,2.8299999237060547,22259.0
2026-08-05 09:48:00,NESR,,28.959999084472656,28.959999084472656,28.920000076293945,28.920000076293945,4522.0
2026-08-05 09:48:00,NEXT,,6.5,6.5,6.5,6.5,1012.0
2026-08-05 09:48:00,NFLX,,74.05999755859375,74.19999694824219,74.02999877929688,74.18499755859375,99767.0
2026-08-05 09:48:00,NICE,,97.29499816894531,97.3550033569336,97.20999908447266,97.3550033569336,2169.0
2026-08-05 09:48:00,NKSH,,40.154998779296875,40.154998779296875,40.154998779296875,40.154998779296875,320.0
2026-08-05 09:48:00,NKTR,,73.69000244140625,73.69000244140625,73.69000244140625,73.69000244140625,241.0
2026-08-05 09:48:00,NKTX,,2.234999895095825,2.234999895095825,2.234999895095825,2.234999895095825,234.0
2026-08-05 09:48:00,NMFC,,7.320000171661377,7.320000171661377,7.320000171661377,7.320000171661377,463.0
2026-08-05 09:48:00,NMIH,,44.45000076293945,44.564998626708984,44.45000076293945,44.564998626708984,794.0
2026-08-05 09:48:00,NMRA,,1.565000057220459,1.5700000524520874,1.565000057220459,1.5700000524520874,3129.0
2026-08-05 09:48:00,NMRK,,15.670000076293945,15.670000076293945,15.670000076293945,15.670000076293945,243.0
2026-08-05 09:48:00,NN,,14.0649995803833,14.079999923706055,14.0,14.0,6205.0
2026-08-05 09:48:00,NNBR,,3.8299999237060547,3.8350000381469727,3.8299999237060547,3.8350000381469727,4714.0
2026-08-05 09:48:00,NNDM,,1.5850000381469727,1.5850000381469727,1.5801000595092773,1.5801000595092773,1978.0
2026-08-05 09:48:00,NNOX,,1.0599000453948975,1.059999942779541,1.0549999475479126,1.059999942779541,2672.0
2026-08-05 09:48:00,NOVT,,159.43499755859375,159.43499755859375,159.43499755859375,159.43499755859375,688.0
2026-08-05 09:48:00,NPCE,,13.960000038146973,13.960000038146973,13.960000038146973,13.960000038146973,596.0
2026-08-05 09:48:00,NRDS,,9.199999809265137,9.199999809265137,9.199999809265137,9.199999809265137,1288.0
2026-08-05 09:48:00,NRIX,,24.959999084472656,24.959999084472656,24.959999084472656,24.959999084472656,982.0
2026-08-05 09:48:00,NRXP,,3.0,3.0,2.994999885559082,3.0,1106.0
2026-08-05 09:48:00,NTAP,,191.5850067138672,191.97500610351562,191.5850067138672,191.9499969482422,2163.0
2026-08-05 09:48:00,NTES,,128.07000732421875,128.11000061035156,128.07000732421875,128.11000061035156,2271.0
2026-08-05 09:48:00,NTNX,,61.38999938964844,61.5,61.38999938964844,61.494998931884766,2067.0
2026-08-05 09:48:00,NTRA,,276.489990234375,276.489990234375,276.04998779296875,276.04998779296875,618.0
2026-08-05 09:48:00,NTRS,,184.73500061035156,184.73500061035156,184.73500061035156,184.73500061035156,4230.0
2026-08-05 09:48:00,NTRSO,,18.44499969482422,18.44499969482422,18.44499969482422,18.44499969482422,800.0
2026-08-05 09:48:00,NUWE,,1.76010000705719,1.7699999809265137,1.7599999904632568,1.7610000371932983,2679.0
2026-08-05 09:48:00,NVAX,,7.690000057220459,7.690000057220459,7.679999828338623,7.679999828338623,5090.0
2026-08-05 09:48:00,NVCR,,16.010000228881836,16.020000457763672,16.010000228881836,16.020000457763672,1516.0
2026-08-05 09:48:00,NVCT,,20.225000381469727,20.225000381469727,20.225000381469727,20.225000381469727,423.0
2026-08-05 09:48:00,NVDA,,220.73500061035156,220.94500732421875,220.14999389648438,220.6988983154297,982526.0
2026-08-05 09:48:00,NVEC,,128.69000244140625,129.4600067138672,128.69000244140625,129.4600067138672,1114.0
2026-08-05 09:48:00,NVMI,,415.7699890136719,415.7699890136719,415.18499755859375,415.18499755859375,1455.0
2026-08-05 09:48:00,NVTS,,12.800000190734863,12.819999694824219,12.760000228881836,12.760000228881836,82793.0
2026-08-05 09:48:00,NWL,,6.019999980926514,6.03000020980835,6.0,6.0,172442.0
2026-08-05 09:48:00,NWPX,,126.0000991821289,126.0000991821289,126.0000991821289,126.0000991821289,288.0
2026-08-05 09:48:00,NWS,,32.43000030517578,32.470001220703125,32.43000030517578,32.470001220703125,4155.0
2026-08-05 09:48:00,NWSA,,28.30900001525879,28.350000381469727,28.299999237060547,28.31999969482422,13969.0
2026-08-05 09:48:00,NXPI,,236.39500427246094,236.39500427246094,236.10000610351562,236.2550048828125,5203.0
2026-08-05 09:48:00,NXST,,194.68499755859375,194.68499755859375,194.68499755859375,194.68499755859375,706.0
2026-08-05 09:48:00,NXT,,98.44000244140625,98.61499786376953,98.29000091552734,98.47000122070312,15364.0
2026-08-05 09:48:00,NXTC,,5.745200157165527,5.745200157165527,5.745200157165527,5.745200157165527,133.0
2026-08-05 09:48:00,NYXH,,1.4500000476837158,1.4500000476837158,1.4500000476837158,1.4500000476837158,4732.0
2026-08-05 09:48:00,OABI,,1.9850000143051147,1.9850000143051147,1.9850000143051147,1.9850000143051147,1019.0
2026-08-05 09:48:00,OCC,,16.139999389648438,16.139999389648438,16.139999389648438,16.139999389648438,333.0
2026-08-05 09:48:00,OCFC,,19.799999237060547,19.809999465942383,19.799999237060547,19.799999237060547,1566.0
2026-08-05 09:48:00,OCG,,1.6729999780654907,1.6729999780654907,1.6729999780654907,1.6729999780654907,1426.0
2026-08-05 09:48:00,OCGN,,1.309999942779541,1.3199000358581543,1.309999942779541,1.309999942779541,5113.0
2026-08-05 09:48:00,OCS,,11.970000267028809,12.010000228881836,11.970000267028809,12.010000228881836,201.0
2026-08-05 09:48:00,OCUL,,8.699999809265137,8.699999809265137,8.680000305175781,8.6850004196167,2046.0
2026-08-05 09:48:00,ODD,,15.319999694824219,15.319999694824219,15.319999694824219,15.319999694824219,118.0
2026-08-05 09:48:00,ODFL,,219.43499755859375,219.61000061035156,218.52000427246094,218.52000427246094,6210.0
2026-08-05 09:48:00,OESX,,15.765000343322754,15.875699996948242,15.65999984741211,15.668499946594238,3088.0
2026-08-05 09:48:00,OFIX,,10.679800033569336,10.75,10.65999984741211,10.75,2401.0
2026-08-05 09:48:00,OFLX,,30.239999771118164,30.239999771118164,30.239999771118164,30.239999771118164,191.0
2026-08-05 09:48:00,OKTA,,149.48500061035156,149.8300018310547,149.48500061035156,149.53500366210938,7234.0
2026-08-05 09:48:00,OLLI,,77.41999816894531,77.41999816894531,77.41999816894531,77.41999816894531,946.0
2026-08-05 09:48:00,OLMA,,11.800000190734863,11.800000190734863,11.800000190734863,11.800000190734863,2686.0
2026-08-05 09:48:00,OMCL,,36.625,36.625,36.625,36.625,356.0
2026-08-05 09:48:00,OMER,,12.739999771118164,12.75,12.739999771118164,12.744999885559082,1224.0
2026-08-05 09:48:00,OMEX,,0.7361999750137329,0.736299991607666,0.7322999835014343,0.7322999835014343,467.0
2026-08-05 09:48:00,OMH,,0.10859999805688858,0.10869999974966049,0.10819999873638153,0.10830000042915344,25313.0
2026-08-05 09:48:00,ON,,80.31999969482422,80.37000274658203,79.87000274658203,79.95999908447266,51215.0
2026-08-05 09:48:00,ONB,,27.155000686645508,27.184999465942383,27.155000686645508,27.184999465942383,5603.0
2026-08-05 09:48:00,ONBPO,,24.78499984741211,24.79990005493164,24.78499984741211,24.79990005493164,1200.0
2026-08-05 09:48:00,ONBPP,,24.725000381469727,24.725000381469727,24.725000381469727,24.725000381469727,850.0
2026-08-05 09:48:00,ONDS,,8.925000190734863,8.960000038146973,8.895000457763672,8.904999732971191,170005.0
2026-08-05 09:48:00,ONFO,,0.07580000162124634,0.07680000364780426,0.07460000365972519,0.07490000128746033,310934.0
2026-08-05 09:48:00,OPCH,,23.399999618530273,23.399999618530273,23.315000534057617,23.329999923706055,6339.0
2026-08-05 09:48:00,OPEN,,3.7950000762939453,3.8350000381469727,3.7850000858306885,3.815000057220459,229540.0
2026-08-05 09:48:00,OPK,,1.2999999523162842,1.2999999523162842,1.2949999570846558,1.2949999570846558,13731.0
2026-08-05 09:48:00,OPRA,,20.469999313354492,20.469999313354492,20.469999313354492,20.469999313354492,737.0
2026-08-05 09:48:00,ORGO,,2.3610999584198,2.3610999584198,2.3610999584198,2.3610999584198,228.0
2026-08-05 09:48:00,ORIC,,13.609999656677246,13.609999656677246,13.609999656677246,13.609999656677246,589.0
2026-08-05 09:48:00,ORLY,,92.73999786376953,92.75,92.68000030517578,92.72000122070312,9421.0
2026-08-05 09:48:00,ORRF,,43.52000045776367,43.52000045776367,43.52000045776367,43.52000045776367,209.0
2026-08-05 09:48:00,OSBC,,25.799999237060547,25.809999465942383,25.799999237060547,25.809999465942383,1510.0
2026-08-05 09:48:00,OSS,,13.84000015258789,13.949999809265137,13.694999694824219,13.729900360107422,19281.0
2026-08-05 09:48:00,OSUR,,4.190000057220459,4.204999923706055,4.190000057220459,4.204999923706055,1879.0
2026-08-05 09:48:00,OSW,,26.738000869750977,26.738000869750977,26.738000869750977,26.738000869750977,457.0
2026-08-05 09:48:00,OTEX,,26.049999237060547,26.139999389648438,26.049999237060547,26.139999389648438,3917.0
2026-08-05 09:48:00,OTLK,,1.0149999856948853,1.0199999809265137,1.0099999904632568,1.0149999856948853,33205.0
2026-08-05 09:48:00,OTTR,,91.2750015258789,91.2750015258789,91.2750015258789,91.2750015258789,350.0
2026-08-05 09:48:00,OVBC,,42.5,42.529998779296875,42.5,42.529998779296875,615.0
2026-08-05 09:48:00,OVID,,2.5239999294281006,2.5250000953674316,2.5239999294281006,2.5250000953674316,534.0
2026-08-05 09:48:00,OXLC,,9.159899711608887,9.159899711608887,9.154999732971191,9.154999732971191,1474.0
2026-08-05 09:48:00,OXSQ,,1.4800000190734863,1.4800000190734863,1.4800000190734863,1.4800000190734863,859.0
2026-08-05 09:48:00,PAA,,23.270000457763672,23.280000686645508,23.2549991607666,23.264999389648438,6049.0
2026-08-05 09:48:00,PAAS,,47.38999938964844,47.459999084472656,47.3650016784668,47.459999084472656,16755.0
2026-08-05 09:48:00,PACB,,1.440000057220459,1.440000057220459,1.434999942779541,1.434999942779541,9403.0
2026-08-05 09:48:00,PALI,,2.0799999237060547,2.0810000896453857,2.0799999237060547,2.0799999237060547,14687.0
2026-08-05 09:48:00,PANL,,7.409999847412109,7.409999847412109,7.409999847412109,7.409999847412109,147.0
2026-08-05 09:48:00,PANW,,370.54998779296875,372.25,370.239990234375,371.6499938964844,28511.0
2026-08-05 09:48:00,PATK,,86.9800033569336,86.9800033569336,86.9800033569336,86.9800033569336,393.0
2026-08-05 09:48:00,PAYO,,7.125,7.125,7.125,7.125,1256.0
2026-08-05 09:48:00,PAYX,,117.59500122070312,117.95500183105469,117.59500122070312,117.95500183105469,5210.0
2026-08-05 09:48:00,PBYI,,7.929999828338623,7.929999828338623,7.929999828338623,7.929999828338623,294.0
2026-08-05 09:48:00,PCAR,,136.0,136.0399932861328,135.91000366210938,135.91000366210938,4463.0
2026-08-05 09:48:00,PCRX,,26.584999084472656,26.59000015258789,26.2450008392334,26.2450008392334,5981.0
2026-08-05 09:48:00,PCT,,7.010000228881836,7.019999980926514,7.005000114440918,7.014999866485596,27508.0
2026-08-05 09:48:00,PCTY,,146.1750030517578,146.1750030517578,146.1750030517578,146.1750030517578,212.0
2026-08-05 09:48:00,PDD,,91.37999725341797,91.43000030517578,91.3550033569336,91.43000030517578,28470.0
2026-08-05 09:48:00,PDFS,,51.53499984741211,51.53499984741211,51.369998931884766,51.369998931884766,1417.0
2026-08-05 09:48:00,PEBO,,41.650001525878906,41.650001525878906,41.650001525878906,41.650001525878906,298.0
2026-08-05 09:48:00,PECO,,41.39500045776367,41.39500045776367,41.39500045776367,41.39500045776367,402.0
2026-08-05 09:48:00,PEGA,,31.68000030517578,31.709999084472656,31.68000030517578,31.709999084472656,1522.0
2026-08-05 09:48:00,PENN,,20.100000381469727,20.100000381469727,20.079999923706055,20.079999923706055,7699.0
2026-08-05 09:48:00,PEP,,138.11000061035156,138.3477020263672,138.11000061035156,138.32000732421875,22259.0
2026-08-05 09:48:00,PEPG,,1.8898999691009521,1.8898999691009521,1.8898999691009521,1.8898999691009521,22.0
2026-08-05 09:48:00,PERI,,9.649999618530273,9.649999618530273,9.630000114440918,9.630000114440918,752.0
2026-08-05 09:48:00,PESI,,17.559999465942383,17.559999465942383,17.559999465942383,17.559999465942383,300.0
2026-08-05 09:48:00,PGEN,,6.849999904632568,6.880000114440918,6.829999923706055,6.860000133514404,94776.0
2026-08-05 09:48:00,PGNY,,31.489999771118164,31.520000457763672,31.360000610351562,31.360000610351562,6154.0
2026-08-05 09:48:00,PGY,,21.530000686645508,21.600000381469727,21.530000686645508,21.575000762939453,9050.0
2026-08-05 09:48:00,PHAT,,8.460000038146973,8.460000038146973,8.444999694824219,8.449999809265137,14923.0
2026-08-05 09:48:00,PLAB,,32.70000076293945,32.70000076293945,32.70000076293945,32.70000076293945,844.0
2026-08-05 09:48:00,PLPC,,457.3299865722656,457.3299865722656,456.75,456.75,245.0
2026-08-05 09:48:00,PLSE,,37.5099983215332,37.5099983215332,37.5099983215332,37.5099983215332,577.0
2026-08-05 09:48:00,PLUG,,2.125,2.130000114440918,2.119999885559082,2.125,38578.0
2026-08-05 09:48:00,PLXS,,275.3800048828125,276.6700134277344,275.364990234375,276.6700134277344,9636.0
2026-08-05 09:48:00,PNFP,,108.78500366210938,109.08999633789062,108.78500366210938,108.88999938964844,924.0
2026-08-05 09:48:00,PNRG,,182.3000030517578,182.3000030517578,182.3000030517578,182.3000030517578,1104.0
2026-08-05 09:48:00,PNTG,,38.165000915527344,38.165000915527344,38.02000045776367,38.02000045776367,2114.0
2026-08-05 09:48:00,POCI,,4.200099945068359,4.200099945068359,4.200099945068359,4.200099945068359,401.0
2026-08-05 09:48:00,POET,,8.350000381469727,8.350000381469727,8.319999694824219,8.319999694824219,30547.0
2026-08-05 09:48:00,POOL,,202.72999572753906,202.72999572753906,202.3000030517578,202.4199981689453,4364.0
2026-08-05 09:48:00,POWI,,63.959999084472656,63.959999084472656,63.474998474121094,63.474998474121094,2338.0
2026-08-05 09:48:00,POWL,,213.1300048828125,213.22000122070312,213.1300048828125,213.22000122070312,662.0
2026-08-05 09:48:00,PPBT,,1.5,1.5,1.5,1.5,453.0
2026-08-05 09:48:00,PPC,,26.700000762939453,26.760000228881836,26.700000762939453,26.760000228881836,7199.0
2026-08-05 09:48:00,PPSI,,3.0734000205993652,3.0734000205993652,3.0734000205993652,3.0734000205993652,0.0
2026-08-05 09:48:00,PPTA,,22.204999923706055,22.209999084472656,22.170000076293945,22.18000030517578,3396.0
2026-08-05 09:48:00,PRAX,,318.3450012207031,318.3450012207031,317.7200012207031,317.7200012207031,894.0
2026-08-05 09:48:00,PRCH,,16.209999084472656,16.21500015258789,16.200000762939453,16.200000762939453,11200.0
2026-08-05 09:48:00,PRCT,,18.520000457763672,18.649999618530273,18.479999542236328,18.649999618530273,18406.0
2026-08-05 09:48:00,PRE,,18.0,18.0,18.0,18.0,200.0
2026-08-05 09:48:00,PRIM,,87.27999877929688,87.37000274658203,86.75,87.16000366210938,10634.0
2026-08-05 09:48:00,PRME,,2.940000057220459,2.940000057220459,2.934999942779541,2.934999942779541,1148.0
2026-08-05 09:48:00,PROK,,1.659999966621399,1.6601999998092651,1.659999966621399,1.6601999998092651,826.0
2026-08-05 09:48:00,PRPL,,9.536700248718262,9.536700248718262,9.536700248718262,9.536700248718262,2756.0
2026-08-05 09:48:00,PRQR,,1.8650000095367432,1.8650000095367432,1.8650000095367432,1.8650000095367432,5700.0
2026-08-05 09:48:00,PRSO,,0.6924999952316284,0.6924999952316284,0.6924999952316284,0.6924999952316284,1000.0
2026-08-05 09:48:00,PRTA,,8.5600004196167,8.5600004196167,8.5600004196167,8.5600004196167,792.0
2026-08-05 09:48:00,PRZO,,0.5453000068664551,0.5453000068664551,0.5453000068664551,0.5453000068664551,401.0
2026-08-05 09:48:00,PSEC,,2.2049999237060547,2.2091000080108643,2.200000047683716,2.2049999237060547,6387.0
2026-08-05 09:48:00,PSMT,,193.89999389648438,193.89999389648438,193.60000610351562,193.60000610351562,1270.0
2026-08-05 09:48:00,PSNL,,13.555000305175781,13.569999694824219,13.520000457763672,13.543999671936035,2976.0
2026-08-05 09:48:00,PTC,,142.25999450683594,143.13499450683594,142.25999450683594,142.7899932861328,6285.0
2026-08-05 09:48:00,PTCT,,69.23500061035156,69.29000091552734,69.23500061035156,69.29000091552734,372.0
2026-08-05 09:48:00,PTEN,,9.96500015258789,9.96500015258789,9.930000305175781,9.930000305175781,41318.0
2026-08-05 09:48:00,PTGX,,136.97999572753906,137.02999877929688,135.52999877929688,135.52999877929688,3517.0
2026-08-05 09:48:00,PTON,,6.545000076293945,6.570000171661377,6.545000076293945,6.550000190734863,21985.0
2026-08-05 09:48:00,PWP,,17.200000762939453,17.200000762939453,17.184999465942383,17.184999465942383,1747.0
2026-08-05 09:48:00,PXLW,,6.400000095367432,6.400000095367432,6.340000152587891,6.340000152587891,1904.0
2026-08-05 09:48:00,PYPL,,58.7140007019043,58.810001373291016,58.70009994506836,58.810001373291016,23140.0
2026-08-05 09:48:00,PZZA,,30.415000915527344,30.469999313354492,30.399999618530273,30.399999618530273,9419.0
2026-08-05 09:48:00,QCOM,,162.14500427246094,162.49000549316406,162.0500030517578,162.21499633789062,15296.0
2026-08-05 09:48:00,QRVO,,95.55999755859375,95.58000183105469,95.55999755859375,95.58000183105469,603.0
2026-08-05 09:48:00,SEED,,0.9401000142097473,0.942300021648407,0.9401000142097473,0.942300021648407,3500.0
2026-08-05 09:48:00,STIM,,2.3550000190734863,2.359999895095825,2.3540000915527344,2.3540000915527344,801.0
2026-08-05 09:48:00,WOOF,,2.9549999237060547,2.9549999237060547,2.9549999237060547,2.9549999237060547,606.0
2026-08-05 09:49:00,ACDC,,4.284999847412109,4.284999847412109,4.269999980926514,4.269999980926514,4993.0
2026-08-05 09:49:00,BPOP,,177.38999938964844,177.38999938964844,177.38999938964844,177.38999938964844,285.0
2026-08-05 09:49:00,EYE,,23.420000076293945,23.549999237060547,23.420000076293945,23.514999389648438,10007.0
2026-08-05 09:49:00,GLUE,,16.530000686645508,16.579999923706055,16.510000228881836,16.579999923706055,1443.0
2026-08-05 09:49:00,LUNG,,1.909999966621399,1.909999966621399,1.909999966621399,1.909999966621399,313.0
2026-08-05 09:49:00,MDB,,377.70001220703125,379.7149963378906,377.0,379.7149963378906,3543.0
2026-08-05 09:49:00,MDLZ,,61.459999084472656,61.57500076293945,61.439998626708984,61.50790023803711,17849.0
2026-08-05 09:49:00,MLTX,,17.875,17.875,17.8700008392334,17.875,562.0
2026-08-05 09:49:00,MNRO,,13.329999923706055,13.430000305175781,13.300000190734863,13.430000305175781,7552.0
2026-08-05 09:49:00,MNST,,94.05500030517578,94.22000122070312,94.05500030517578,94.16000366210938,9665.0
2026-08-05 09:49:00,MNTS,,4.510000228881836,4.529900074005127,4.510000228881836,4.529900074005127,1374.0
2026-08-05 09:49:00,MODD,,2.0999999046325684,2.0999999046325684,2.0950000286102295,2.0950000286102295,1158.0
2026-08-05 09:49:00,MORN,,201.44000244140625,201.7449951171875,200.89999389648438,201.23500061035156,3654.0
2026-08-05 09:49:00,MPWR,,1347.010009765625,1347.4300537109375,1340.4599609375,1340.4599609375,371.0
2026-08-05 09:49:00,MRNA,,58.29999923706055,58.349998474121094,58.09000015258789,58.18000030517578,22983.0
2026-08-05 09:49:00,MVBF,,30.700000762939453,30.739999771118164,30.700000762939453,30.739999771118164,1674.0
2026-08-05 09:49:00,MYGN,,3.1891000270843506,3.200000047683716,3.184999942779541,3.200000047683716,7209.0
2026-08-05 09:49:00,MYRG,,348.3599853515625,350.0,348.3599853515625,349.9599914550781,2523.0
2026-08-05 09:49:00,NAMS,,26.46500015258789,26.489999771118164,26.15999984741211,26.18000030517578,15629.0
2026-08-05 09:49:00,NATR,,20.100000381469727,20.100000381469727,20.100000381469727,20.100000381469727,175.0
2026-08-05 09:49:00,NAUT,,0.9900000095367432,0.9900000095367432,0.9900000095367432,0.9900000095367432,1631.0
2026-08-05 09:49:00,NAVI,,9.130000114440918,9.140000343322754,9.130000114440918,9.140000343322754,1644.0
2026-08-05 09:49:00,NB,,5.199999809265137,5.199999809265137,5.159999847412109,5.159999847412109,6146.0
2026-08-05 09:49:00,NBIX,,165.0850067138672,165.0850067138672,164.72000122070312,165.0850067138672,1599.0
2026-08-05 09:49:00,NCMI,,4.119999885559082,4.119999885559082,4.110000133514404,4.119999885559082,1504.0
2026-08-05 09:49:00,NDAQ,,94.23500061035156,94.36000061035156,94.12629699707031,94.18000030517578,6029.0
2026-08-05 09:49:00,NEO,,16.225000381469727,16.309999465942383,16.225000381469727,16.235000610351562,19405.0
2026-08-05 09:49:00,NEOG,,11.569999694824219,11.604999542236328,11.55049991607666,11.604999542236328,48726.0
2026-08-05 09:49:00,NEOV,,2.890000104904175,2.9100000858306885,2.8585000038146973,2.880000114440918,36416.0
2026-08-05 09:49:00,NESR,,28.975000381469727,29.020000457763672,28.969999313354492,29.020000457763672,1393.0
2026-08-05 09:49:00,NEXT,,6.519999980926514,6.519999980926514,6.510000228881836,6.510000228881836,17601.0
2026-08-05 09:49:00,NFE,,0.3330000042915344,0.3330000042915344,0.3330000042915344,0.3330000042915344,257.0
2026-08-05 09:49:00,NFLX,,73.98999786376953,74.08000183105469,73.96009826660156,74.06500244140625,191584.0
2026-08-05 09:49:00,NICE,,97.04000091552734,97.19999694824219,96.70999908447266,97.0999984741211,7025.0
2026-08-05 09:49:00,NKSH,,40.650001525878906,40.650001525878906,40.650001525878906,40.650001525878906,444.0
2026-08-05 09:49:00,NKTR,,73.81999969482422,73.81999969482422,73.81999969482422,73.81999969482422,356.0
2026-08-05 09:49:00,NMFC,,7.309999942779541,7.309999942779541,7.309999942779541,7.309999942779541,553.0
2026-08-05 09:49:00,NMIH,,44.58000183105469,44.58000183105469,44.58000183105469,44.58000183105469,364.0
2026-08-05 09:49:00,NMRA,,1.565000057220459,1.565000057220459,1.565000057220459,1.565000057220459,666.0
2026-08-05 09:49:00,NMRK,,15.649999618530273,15.65999984741211,15.649999618530273,15.65999984741211,1350.0
2026-08-05 09:49:00,NN,,14.079999923706055,14.079999923706055,14.050000190734863,14.055000305175781,3370.0
2026-08-05 09:49:00,NNBR,,3.825000047683716,3.825000047683716,3.825000047683716,3.825000047683716,806.0
2026-08-05 09:49:00,NOVT,,159.42999267578125,159.42999267578125,159.42999267578125,159.42999267578125,315.0
2026-08-05 09:49:00,NRDS,,9.15999984741211,9.1850004196167,9.15999984741211,9.1850004196167,1289.0
2026-08-05 09:49:00,NRIM,,27.030000686645508,27.030000686645508,26.950000762939453,26.950000762939453,1219.0
2026-08-05 09:49:00,NRXP,,3.00600004196167,3.00600004196167,3.0,3.0,1689.0
2026-08-05 09:49:00,NTAP,,191.46499633789062,191.46499633789062,191.38499450683594,191.38499450683594,2076.0
2026-08-05 09:49:00,NTES,,128.22500610351562,128.27000427246094,128.08999633789062,128.1649932861328,2365.0
2026-08-05 09:49:00,NTGR,,24.260000228881836,24.260000228881836,24.260000228881836,24.260000228881836,356.0
2026-08-05 09:49:00,NTNX,,61.2400016784668,61.40999984741211,61.2400016784668,61.314998626708984,5101.0
2026-08-05 09:49:00,NTRA,,278.0097961425781,278.0097961425781,276.1430969238281,276.1430969238281,2209.0
2026-08-05 09:49:00,NTRS,,184.9499969482422,184.97000122070312,184.73500061035156,184.73500061035156,2730.0
2026-08-05 09:49:00,NUWE,,1.7699999809265137,1.7699999809265137,1.7599999904632568,1.7649999856948853,5679.0
2026-08-05 09:49:00,NVAX,,7.690000057220459,7.690100193023682,7.683700084686279,7.683700084686279,10248.0
2026-08-05 09:49:00,NVCR,,16.049999237060547,16.049999237060547,16.049999237060547,16.049999237060547,1634.0
2026-08-05 09:49:00,NVCT,,20.020000457763672,20.020000457763672,20.020000457763672,20.020000457763672,783.0
2026-08-05 09:49:00,NVDA,,220.5800018310547,220.80999755859375,220.35899353027344,220.72000122070312,708920.0
2026-08-05 09:49:00,NVEC,,129.5500030517578,129.9499969482422,129.49000549316406,129.49000549316406,1637.0
2026-08-05 09:49:00,NVMI,,415.8800048828125,415.9200134277344,415.8800048828125,415.9200134277344,305.0
2026-08-05 09:49:00,NVTS,,12.854999542236328,12.859999656677246,12.79010009765625,12.795000076293945,38087.0
2026-08-05 09:49:00,NWBI,,15.970000267028809,15.979999542236328,15.970000267028809,15.979999542236328,3737.0
2026-08-05 09:49:00,NWE,,68.95999908447266,69.0199966430664,68.6500015258789,68.6500015258789,6590.0
2026-08-05 09:49:00,NWL,,6.0,6.03000020980835,6.0,6.025000095367432,11175.0
2026-08-05 09:49:00,NWS,,32.369998931884766,32.43000030517578,32.369998931884766,32.43000030517578,5202.0
2026-08-05 09:49:00,NWSA,,28.25,28.319499969482422,28.25,28.319499969482422,8506.0
2026-08-05 09:49:00,NXL,,0.36010000109672546,0.36010000109672546,0.36010000109672546,0.36010000109672546,1609.0
2026-08-05 09:49:00,NXPI,,236.8000030517578,237.02499389648438,236.63999938964844,236.86000061035156,3428.0
2026-08-05 09:49:00,NXST,,194.5800018310547,194.5800018310547,194.5800018310547,194.5800018310547,1753.0
2026-08-05 09:49:00,NXT,,98.19999694824219,98.51000213623047,98.19999694824219,98.44000244140625,19214.0
2026-08-05 09:49:00,NXTC,,5.649700164794922,5.649700164794922,5.649700164794922,5.649700164794922,150.0
2026-08-05 09:49:00,OCC,,16.149999618530273,16.149999618530273,16.149999618530273,16.149999618530273,722.0
2026-08-05 09:49:00,OCFC,,19.780000686645508,19.780000686645508,19.780000686645508,19.780000686645508,417.0
2026-08-05 09:49:00,OCG,,1.6699999570846558,1.6699999570846558,1.6699999570846558,1.6699999570846558,425.0
2026-08-05 09:49:00,OCGN,,1.319700002670288,1.319700002670288,1.309999942779541,1.309999942779541,12977.0
2026-08-05 09:49:00,OCSL,,12.09000015258789,12.109999656677246,12.09000015258789,12.109999656677246,835.0
2026-08-05 09:49:00,OCUL,,8.710000038146973,8.710000038146973,8.704999923706055,8.704999923706055,2805.0
2026-08-05 09:49:00,ODD,,15.265000343322754,15.319999694824219,15.265000343322754,15.319999694824219,462.0
2026-08-05 09:49:00,ODFL,,219.47500610351562,219.47500610351562,219.42999267578125,219.42999267578125,3190.0
2026-08-05 09:49:00,OESX,,15.600500106811523,16.0,15.600500106811523,15.869999885559082,6636.0
2026-08-05 09:49:00,OFIX,,10.649999618530273,10.649999618530273,10.609999656677246,10.609999656677246,672.0
2026-08-05 09:49:00,OFLX,,30.219999313354492,30.219999313354492,30.219999313354492,30.219999313354492,206.0
2026-08-05 09:49:00,OGI,,0.9743000268936157,0.9743000268936157,0.9721999764442444,0.9721999764442444,15088.0
2026-08-05 09:49:00,OKTA,,149.22500610351562,149.56979370117188,148.9600067138672,149.22500610351562,5585.0
2026-08-05 09:49:00,OLLI,,77.19000244140625,77.29499816894531,77.19000244140625,77.29499816894531,2592.0
2026-08-05 09:49:00,OLMA,,11.800000190734863,11.800000190734863,11.795000076293945,11.795000076293945,8731.0
2026-08-05 09:49:00,OM,,5.135900020599365,5.135900020599365,5.135900020599365,5.135900020599365,389.0
2026-08-05 09:49:00,OMER,,12.736100196838379,12.739999771118164,12.736100196838379,12.739999771118164,1151.0
2026-08-05 09:49:00,OMH,,0.11069999635219574,0.11180000007152557,0.10859999805688858,0.10859999805688858,175744.0
2026-08-05 09:49:00,ON,,80.43000030517578,80.4800033569336,80.19000244140625,80.3499984741211,69727.0
2026-08-05 09:49:00,ONB,,27.125,27.149999618530273,27.125,27.149999618530273,2889.0
2026-08-05 09:49:00,ONCY,,0.8004999756813049,0.8004999756813049,0.8004999756813049,0.8004999756813049,2360.0
2026-08-05 09:49:00,ONDS,,8.970000267028809,8.97350025177002,8.920000076293945,8.920000076293945,94418.0
2026-08-05 09:49:00,ONFO,,0.07329999655485153,0.07609999924898148,0.07329999655485153,0.07599999755620956,374198.0
2026-08-05 09:49:00,ONMD,,0.6906999945640564,0.6906999945640564,0.6899999976158142,0.6899999976158142,11653.0
2026-08-05 09:49:00,OPCH,,23.350000381469727,23.389999389648438,23.34000015258789,23.3799991607666,3959.0
2026-08-05 09:49:00,OPEN,,3.7799999713897705,3.799999952316284,3.76990008354187,3.7899999618530273,139864.0
2026-08-05 09:49:00,OPHC,,8.850000381469727,8.869999885559082,8.739999771118164,8.739999771118164,1023.0
2026-08-05 09:49:00,OPK,,1.3000999689102173,1.3049999475479126,1.2999999523162842,1.2999999523162842,88522.0
2026-08-05 09:49:00,OPRA,,20.43000030517578,20.44499969482422,20.43000030517578,20.44499969482422,592.0
2026-08-05 09:49:00,OPRT,,6.148600101470947,6.148600101470947,6.148600101470947,6.148600101470947,3566.0
2026-08-05 09:49:00,OPRX,,6.809999942779541,6.809999942779541,6.809999942779541,6.809999942779541,594.0
2026-08-05 09:49:00,ORIC,,13.59000015258789,13.609999656677246,13.550000190734863,13.609999656677246,5094.0
2026-08-05 09:49:00,ORLY,,92.69000244140625,92.86000061035156,92.69000244140625,92.7699966430664,16915.0
2026-08-05 09:49:00,ORMP,,4.434999942779541,4.434999942779541,4.434999942779541,4.434999942779541,432.0
2026-08-05 09:49:00,OSPN,,16.700000762939453,16.700000762939453,16.700000762939453,16.700000762939453,1225.0
2026-08-05 09:49:00,OSS,,13.805000305175781,13.930000305175781,13.740099906921387,13.829999923706055,18418.0
2026-08-05 09:49:00,OSW,,26.735000610351562,26.735000610351562,26.735000610351562,26.735000610351562,262.0
2026-08-05 09:49:00,OTEX,,26.0,26.059999465942383,26.0,26.040000915527344,6067.0
2026-08-05 09:49:00,OTLK,,0.9930999875068665,1.0194000005722046,0.9900000095367432,1.0194000005722046,124312.0
2026-08-05 09:49:00,OVID,,2.5339999198913574,2.5339999198913574,2.5250000953674316,2.529099941253662,6516.0
2026-08-05 09:49:00,OXLC,,9.160200119018555,9.164999961853027,9.154999732971191,9.154999732971191,2352.0
2026-08-05 09:49:00,OXSQ,,1.4800000190734863,1.4900000095367432,1.4800000190734863,1.4850000143051147,2726.0
2026-08-05 09:49:00,PAA,,23.260000228881836,23.280000686645508,23.260000228881836,23.280000686645508,3278.0
2026-08-05 09:49:00,PAAS,,47.369998931884766,47.40719985961914,47.33000183105469,47.40010070800781,15949.0
2026-08-05 09:49:00,PACB,,1.4450000524520874,1.4450000524520874,1.4449000358581543,1.4450000524520874,3487.0
2026-08-05 09:49:00,PAGP,,25.125,25.125,25.110000610351562,25.110000610351562,2765.0
2026-08-05 09:49:00,PALI,,2.0799999237060547,2.0799999237060547,2.075000047683716,2.075000047683716,3829.0
2026-08-05 09:49:00,PANW,,369.19000244140625,370.625,369.0,370.6000061035156,21895.0
2026-08-05 09:49:00,PATK,,86.70999908447266,86.98999786376953,86.70999908447266,86.70999908447266,6030.0
2026-08-05 09:49:00,PAX,,11.430000305175781,11.430000305175781,11.420000076293945,11.420000076293945,1270.0
2026-08-05 09:49:00,PAYS,,9.300000190734863,9.300000190734863,9.28969955444336,9.28969955444336,3157.0
2026-08-05 09:49:00,PAYX,,117.58000183105469,117.61499786376953,117.58000183105469,117.61499786376953,1703.0
2026-08-05 09:49:00,PCAR,,135.8300018310547,136.00999450683594,135.77999877929688,136.0,10351.0
2026-08-05 09:49:00,PCRX,,26.545000076293945,26.639999389648438,26.545000076293945,26.6299991607666,1252.0
2026-08-05 09:49:00,PCT,,7.025000095367432,7.039999961853027,7.005000114440918,7.005000114440918,20184.0
2026-08-05 09:49:00,PCTY,,147.14999389648438,147.2050018310547,146.1750030517578,147.1750030517578,1148.0
2026-08-05 09:49:00,PDD,,91.43499755859375,91.47000122070312,91.36509704589844,91.37999725341797,11041.0
2026-08-05 09:49:00,PDFS,,51.36000061035156,51.52000045776367,51.36000061035156,51.52000045776367,1925.0
2026-08-05 09:49:00,PEBK,,43.18000030517578,43.18000030517578,43.18000030517578,43.18000030517578,212.0
2026-08-05 09:49:00,PEGA,,31.649999618530273,31.829999923706055,31.639999389648438,31.829999923706055,4147.0
2026-08-05 09:49:00,PENN,,20.09000015258789,20.09000015258789,20.079999923706055,20.09000015258789,1853.0
2026-08-05 09:49:00,PEP,,138.07000732421875,138.25999450683594,138.0500030517578,138.11500549316406,11326.0
2026-08-05 09:49:00,PEPG,,1.899999976158142,1.899999976158142,1.8899999856948853,1.8899999856948853,3003.0
2026-08-05 09:49:00,PERI,,9.649999618530273,9.649999618530273,9.649999618530273,9.649999618530273,635.0
2026-08-05 09:49:00,PESI,,17.600000381469727,17.600000381469727,17.600000381469727,17.600000381469727,443.0
2026-08-05 09:49:00,PFG,,115.67060089111328,115.84500122070312,115.67060089111328,115.84500122070312,1575.0
2026-08-05 09:49:00,PFX,,42.849998474121094,42.849998474121094,42.849998474121094,42.849998474121094,1007.0
2026-08-05 09:49:00,PGEN,,6.809999942779541,6.849999904632568,6.769999980926514,6.849999904632568,161297.0
2026-08-05 09:49:00,PGY,,21.475000381469727,21.56999969482422,21.469999313354492,21.520000457763672,45127.0
2026-08-05 09:49:00,PHAT,,8.489999771118164,8.489999771118164,8.470000267028809,8.470000267028809,9454.0
2026-08-05 09:49:00,PHVS,,34.109901428222656,34.109901428222656,34.109901428222656,34.109901428222656,171.0
2026-08-05 09:49:00,PLMR,,136.00999450683594,136.0500030517578,136.0,136.0,1744.0
2026-08-05 09:49:00,PLPC,,455.7200012207031,457.8999938964844,454.739990234375,457.2900085449219,2268.0
2026-08-05 09:49:00,PLTK,,4.0,4.0,4.0,4.0,2796.0
2026-08-05 09:49:00,PLUG,,2.125,2.130000114440918,2.119999885559082,2.125,77496.0
2026-08-05 09:49:00,PMN,,13.125,13.125,13.125,13.125,183.0
2026-08-05 09:49:00,PNFP,,108.81500244140625,108.83999633789062,108.81500244140625,108.83499908447266,3950.0
2026-08-05 09:49:00,PNTG,,38.02000045776367,38.02000045776367,38.02000045776367,38.02000045776367,854.0
2026-08-05 09:49:00,POET,,8.375,8.390000343322754,8.329999923706055,8.345000267028809,99637.0
2026-08-05 09:49:00,POOL,,202.27999877929688,202.59500122070312,202.13999938964844,202.3800048828125,1989.0
2026-08-05 09:49:00,POWI,,63.970001220703125,63.970001220703125,63.939998626708984,63.939998626708984,484.0
2026-08-05 09:49:00,POWL,,212.64500427246094,214.2299041748047,212.64500427246094,214.2299041748047,695.0
2026-08-05 09:49:00,PPC,,26.729999542236328,26.729999542236328,26.71500015258789,26.71500015258789,541.0
2026-08-05 09:49:00,PPIH,,25.5,25.5,25.5,25.5,1903.0
2026-08-05 09:49:00,PPTA,,22.200000762939453,22.219999313354492,22.18000030517578,22.18000030517578,3631.0
2026-08-05 09:49:00,PRCH,,16.239999771118164,16.239999771118164,16.209999084472656,16.229999542236328,3228.0
2026-08-05 09:49:00,PRCT,,18.6200008392334,18.6200008392334,18.3799991607666,18.489999771118164,20697.0
2026-08-05 09:49:00,PRDO,,33.11000061035156,33.11000061035156,33.11000061035156,33.11000061035156,2298.0
2026-08-05 09:49:00,PRE,,18.3700008392334,18.3700008392334,18.3700008392334,18.3700008392334,167.0
2026-08-05 09:49:00,PRFX,,1.149999976158142,1.149999976158142,1.149999976158142,1.149999976158142,194.0
2026-08-05 09:49:00,PRGS,,41.31999969482422,41.31999969482422,41.31999969482422,41.31999969482422,426.0
2026-08-05 09:49:00,PRIM,,87.26499938964844,87.30750274658203,87.26499938964844,87.30750274658203,222.0
2026-08-05 09:49:00,PRME,,2.934999942779541,2.934999942779541,2.934999942779541,2.934999942779541,191.0
2026-08-05 09:49:00,PROK,,1.6649999618530273,1.6649999618530273,1.6649999618530273,1.6649999618530273,312.0
2026-08-05 09:49:00,PROV,,18.049999237060547,18.049999237060547,18.049999237060547,18.049999237060547,863.0
2026-08-05 09:49:00,PRQR,,1.8698999881744385,1.8698999881744385,1.8650000095367432,1.8650000095367432,1650.0
2026-08-05 09:49:00,PRSO,,0.699999988079071,0.699999988079071,0.6962000131607056,0.6962000131607056,20373.0
2026-08-05 09:49:00,PRTA,,8.579999923706055,8.579999923706055,8.579999923706055,8.579999923706055,1192.0
2026-08-05 09:49:00,PRVA,,23.69499969482422,23.69499969482422,23.69499969482422,23.69499969482422,465.0
2026-08-05 09:49:00,PSEC,,2.200000047683716,2.2100000381469727,2.200000047683716,2.2100000381469727,1306.0
2026-08-05 09:49:00,PSNY,,14.350000381469727,14.350000381469727,14.350000381469727,14.350000381469727,204.0
2026-08-05 09:49:00,PSNYW,,2.5,2.5,2.5,2.5,688.0
2026-08-05 09:49:00,PTC,,142.07000732421875,142.1300048828125,141.8300018310547,142.1300048828125,2577.0
2026-08-05 09:49:00,PTCT,,69.26499938964844,69.30000305175781,69.26499938964844,69.27249908447266,684.0
2026-08-05 09:49:00,PTEN,,9.975000381469727,10.0,9.970000267028809,9.970000267028809,8037.0
2026-08-05 09:49:00,PTLO,,4.494999885559082,4.494999885559082,4.494999885559082,4.494999885559082,277.0
2026-08-05 09:49:00,PTON,,6.525000095367432,6.545000076293945,6.519999980926514,6.545000076293945,13609.0
2026-08-05 09:49:00,PUBM,,13.609999656677246,13.75,13.609999656677246,13.75,9839.0
2026-08-05 09:49:00,PWP,,17.20989990234375,17.20989990234375,17.20989990234375,17.20989990234375,637.0
2026-08-05 09:49:00,PXLW,,6.400000095367432,6.400000095367432,6.400000095367432,6.400000095367432,651.0
2026-08-05 09:49:00,PYPL,,58.67679977416992,58.709999084472656,58.65999984741211,58.689998626708984,18068.0
2026-08-05 09:49:00,PYXS,,3.220099925994873,3.220099925994873,3.2200000286102295,3.2200000286102295,698.0
2026-08-05 09:49:00,PZZA,,30.415000915527344,30.415000915527344,30.415000915527344,30.415000915527344,3579.0
2026-08-05 09:49:00,QCOM,,162.63499450683594,162.72000122070312,162.13999938964844,162.13999938964844,18887.0
2026-08-05 09:49:00,QCRH,,104.12999725341797,104.12999725341797,104.12999725341797,104.12999725341797,210.0
2026-08-05 09:49:00,QQQX,,30.725000381469727,30.725000381469727,30.725000381469727,30.725000381469727,311.0
2026-08-05 09:49:00,QRVO,,95.69000244140625,95.69000244140625,95.4625015258789,95.4625015258789,1364.0
2026-08-05 09:49:00,SEED,,0.944599986076355,0.944599986076355,0.9200000166893005,0.9399999976158142,25642.0
2026-08-05 09:49:00,STIM,,2.3450000286102295,2.3540000915527344,2.3450000286102295,2.3540000915527344,1867.0
2026-08-05 09:49:00,TARA,,4.019999980926514,4.019999980926514,4.019999980926514,4.019999980926514,1199.0
2026-08-05 09:49:00,WOOF,,2.950000047683716,2.9549999237060547,2.944999933242798,2.9549999237060547,13276.0
2026-08-05 09:50:00,ACDC,,4.329100131988525,4.340000152587891,4.269999980926514,4.269999980926514,32492.0
2026-08-05 09:50:00,EYE,,23.40999984741211,23.40999984741211,23.3799991607666,23.399999618530273,3216.0
2026-08-05 09:50:00,FIZZ,,31.700000762939453,31.700000762939453,31.700000762939453,31.700000762939453,612.0
2026-08-05 09:50:00,FRST,,16.364999771118164,16.364999771118164,16.364999771118164,16.364999771118164,1856.0
2026-08-05 09:50:00,GLUE,,16.639999389648438,16.639999389648438,16.53499984741211,16.53499984741211,4509.0
2026-08-05 09:50:00,KITT,,1.0750000476837158,1.0750000476837158,1.0750000476837158,1.0750000476837158,200.0
2026-08-05 09:50:00,KTTA,,0.46560001373291016,0.4708000123500824,0.46560001373291016,0.46560001373291016,10020.0
2026-08-05 09:50:00,LUNG,,1.8899999856948853,1.9199999570846558,1.8899999856948853,1.909999966621399,11948.0
2026-08-05 09:50:00,MBRX,,0.40709999203681946,0.40709999203681946,0.40709999203681946,0.40709999203681946,245.0
2026-08-05 09:50:00,MDB,,376.3550109863281,376.7250061035156,375.0299987792969,376.6499938964844,5142.0
2026-08-05 09:50:00,MDLZ,,61.41999816894531,61.470001220703125,61.3849983215332,61.45000076293945,18466.0
2026-08-05 09:50:00,MLTX,,17.985000610351562,17.985000610351562,17.920000076293945,17.920000076293945,936.0
2026-08-05 09:50:00,MNRO,,13.369999885559082,13.369999885559082,13.300000190734863,13.300000190734863,1442.0
2026-08-05 09:50:00,MNST,,93.91999816894531,94.0199966430664,93.86029815673828,94.0199966430664,14328.0
2026-08-05 09:50:00,MNTS,,4.505000114440918,4.505000114440918,4.489999771118164,4.489999771118164,1085.0
2026-08-05 09:50:00,MORN,,201.32000732421875,201.83999633789062,201.3000030517578,201.43499755859375,3553.0
2026-08-05 09:50:00,MPWR,,1351.6500244140625,1354.280029296875,1345.06005859375,1347.81494140625,4494.0
2026-08-05 09:50:00,MRNA,,58.45000076293945,58.45000076293945,58.2401008605957,58.36000061035156,17604.0
2026-08-05 09:50:00,MYGN,,3.180000066757202,3.180000066757202,3.180000066757202,3.180000066757202,1069.0
2026-08-05 09:50:00,MYPS,,0.7384999990463257,0.7384999990463257,0.7384999990463257,0.7384999990463257,810.0
2026-08-05 09:50:00,MYRG,,348.69000244140625,348.69000244140625,348.69000244140625,348.69000244140625,202.0
2026-08-05 09:50:00,NAMS,,26.702499389648438,26.719999313354492,26.700000762939453,26.719999313354492,3240.0
2026-08-05 09:50:00,NB,,5.170000076293945,5.199999809265137,5.164999961853027,5.19980001449585,13880.0
2026-08-05 09:50:00,NBIX,,164.86000061035156,165.00999450683594,164.65499877929688,164.8300018310547,4920.0
2026-08-05 09:50:00,NDAQ,,94.33000183105469,94.33999633789062,94.18000030517578,94.23500061035156,7617.0
2026-08-05 09:50:00,NDLS,,17.540000915527344,17.549999237060547,17.5,17.540000915527344,2027.0
2026-08-05 09:50:00,NEO,,16.19499969482422,16.200000762939453,16.18000030517578,16.18000030517578,4097.0
2026-08-05 09:50:00,NEOG,,11.5600004196167,11.569999694824219,11.5600004196167,11.5649995803833,2495.0
2026-08-05 09:50:00,NEOV,,2.869999885559082,2.9000000953674316,2.869999885559082,2.890000104904175,12826.0
2026-08-05 09:50:00,NESR,,29.059999465942383,29.149999618530273,29.059999465942383,29.09000015258789,1548.0
2026-08-05 09:50:00,NEXT,,6.510000228881836,6.510000228881836,6.510000228881836,6.510000228881836,1011.0
2026-08-05 09:50:00,NFE,,0.3361999988555908,0.3361999988555908,0.3361999988555908,0.3361999988555908,152.0
2026-08-05 09:50:00,NFLX,,73.93000030517578,74.00990295410156,73.83000183105469,73.98500061035156,186818.0
2026-08-05 09:50:00,NICE,,96.38500213623047,97.0,96.29000091552734,97.0,7182.0
2026-08-05 09:50:00,NKTR,,74.05000305175781,74.05000305175781,73.80500030517578,73.80500030517578,1995.0
2026-08-05 09:50:00,NKTX,,2.240000009536743,2.240000009536743,2.240000009536743,2.240000009536743,1134.0
2026-08-05 09:50:00,NMFC,,7.309999942779541,7.309999942779541,7.309999942779541,7.309999942779541,432.0
2026-08-05 09:50:00,NMIH,,44.439998626708984,44.439998626708984,44.439998626708984,44.439998626708984,1744.0
2026-08-05 09:50:00,NMRA,,1.565000057220459,1.565000057220459,1.565000057220459,1.565000057220459,721.0
2026-08-05 09:50:00,NMRK,,15.619999885559082,15.640000343322754,15.619999885559082,15.640000343322754,11545.0
2026-08-05 09:50:00,NN,,14.024999618530273,14.100000381469727,14.0,14.09000015258789,6998.0
2026-08-05 09:50:00,NNBR,,3.809999942779541,3.819999933242798,3.809999942779541,3.819999933242798,830.0
2026-08-05 09:50:00,NNDM,,1.590000033378601,1.590000033378601,1.590000033378601,1.590000033378601,2155.0
2026-08-05 09:50:00,NNOX,,1.0549999475479126,1.0549999475479126,1.0549999475479126,1.0549999475479126,867.0
2026-08-05 09:50:00,NPCE,,13.880000114440918,13.970000267028809,13.800000190734863,13.970000267028809,2176.0
2026-08-05 09:50:00,NRDS,,9.15999984741211,9.15999984741211,9.149999618530273,9.154999732971191,1904.0
2026-08-05 09:50:00,NRIM,,27.084999084472656,27.084999084472656,27.084999084472656,27.084999084472656,112.0
2026-08-05 09:50:00,NRXP,,3.0160000324249268,3.0160000324249268,3.0160000324249268,3.0160000324249268,206.0
2026-08-05 09:50:00,NTAP,,191.4698944091797,191.7050018310547,191.30999755859375,191.7050018310547,1914.0
2026-08-05 09:50:00,NTES,,128.33999633789062,128.33999633789062,128.33990478515625,128.33990478515625,983.0
2026-08-05 09:50:00,NTNX,,61.14500045776367,61.22999954223633,61.084999084472656,61.22999954223633,5001.0
2026-08-05 09:50:00,NTRA,,276.375,276.375,276.30999755859375,276.375,2195.0
2026-08-05 09:50:00,NTRS,,184.9550018310547,184.9550018310547,184.89199829101562,184.89199829101562,687.0
2026-08-05 09:50:00,NTRSO,,18.44499969482422,18.44499969482422,18.44499969482422,18.44499969482422,578.0
2026-08-05 09:50:00,NUWE,,1.7519999742507935,1.7699999809265137,1.75,1.7690999507904053,9699.0
2026-08-05 09:50:00,NVAX,,7.699999809265137,7.710000038146973,7.695000171661377,7.699999809265137,12178.0
2026-08-05 09:50:00,NVCR,,16.020000457763672,16.020000457763672,16.020000457763672,16.020000457763672,1300.0
2026-08-05 09:50:00,NVDA,,219.77000427246094,220.68060302734375,219.52999877929688,220.57000732421875,682780.0
2026-08-05 09:50:00,NVEC,,129.6999969482422,129.6999969482422,129.6999969482422,129.6999969482422,451.0
2026-08-05 09:50:00,NVMI,,415.385009765625,416.760009765625,415.2699890136719,416.4599914550781,1255.0
2026-08-05 09:50:00,NVTS,,12.819999694824219,12.890000343322754,12.78600025177002,12.850099563598633,101414.0
2026-08-05 09:50:00,NWE,,68.83000183105469,68.97000122070312,68.83000183105469,68.97000122070312,936.0
2026-08-05 09:50:00,NWL,,6.020100116729736,6.020100116729736,6.005000114440918,6.005000114440918,5498.0
2026-08-05 09:50:00,NWS,,32.38999938964844,32.38999938964844,32.349998474121094,32.349998474121094,1875.0
2026-08-05 09:50:00,NWSA,,28.260000228881836,28.270000457763672,28.219999313354492,28.25,8119.0
2026-08-05 09:50:00,NXPI,,236.0800018310547,237.07000732421875,236.0800018310547,236.8800048828125,8035.0
2026-08-05 09:50:00,NXT,,98.73999786376953,98.73999786376953,98.72000122070312,98.72000122070312,1455.0
2026-08-05 09:50:00,NYXH,,1.4299999475479126,1.440000057220459,1.4299999475479126,1.440000057220459,3538.0
2026-08-05 09:50:00,OBIO,,4.169400215148926,4.169400215148926,4.169400215148926,4.169400215148926,511.0
2026-08-05 09:50:00,OCFC,,19.760000228881836,19.760000228881836,19.760000228881836,19.760000228881836,449.0
2026-08-05 09:50:00,OCGN,,1.315000057220459,1.3198000192642212,1.309999942779541,1.315000057220459,9863.0
2026-08-05 09:50:00,OCS,,11.970000267028809,11.970000267028809,11.970000267028809,11.970000267028809,300.0
2026-08-05 09:50:00,OCSL,,12.079999923706055,12.09000015258789,12.079999923706055,12.09000015258789,1257.0
2026-08-05 09:50:00,OCUL,,8.75,8.75,8.730199813842773,8.739999771118164,4616.0
2026-08-05 09:50:00,ODD,,15.239999771118164,15.239999771118164,15.239999771118164,15.239999771118164,432.0
2026-08-05 09:50:00,ODFL,,219.24000549316406,219.7100067138672,219.24000549316406,219.7100067138672,743.0
2026-08-05 09:50:00,OESX,,15.850000381469727,15.874099731445312,15.676899909973145,15.676899909973145,1262.0
2026-08-05 09:50:00,OFLX,,30.110000610351562,30.110000610351562,30.110000610351562,30.110000610351562,1174.0
2026-08-05 09:50:00,OGI,,0.974399983882904,0.974399983882904,0.974399983882904,0.974399983882904,0.0
2026-08-05 09:50:00,OKTA,,149.19500732421875,149.19500732421875,148.86000061035156,148.86000061035156,4534.0
2026-08-05 09:50:00,OLMA,,11.819999694824219,11.819999694824219,11.800000190734863,11.800000190734863,2169.0
2026-08-05 09:50:00,OMCL,,36.529998779296875,36.540000915527344,36.5,36.5099983215332,4248.0
2026-08-05 09:50:00,OMER,,12.760000228881836,12.789999961853027,12.760000228881836,12.770000457763672,4527.0
2026-08-05 09:50:00,OMEX,,0.736299991607666,0.736299991607666,0.736299991607666,0.736299991607666,184.0
2026-08-05 09:50:00,OMH,,0.11029999703168869,0.11069999635219574,0.11010000109672546,0.11060000211000443,36850.0
2026-08-05 09:50:00,ON,,80.27999877929688,80.79000091552734,80.18000030517578,80.43000030517578,71850.0
2026-08-05 09:50:00,ONB,,27.1200008392334,27.1200008392334,27.100000381469727,27.110000610351562,3181.0
2026-08-05 09:50:00,ONBPO,,24.780000686645508,24.780000686645508,24.780000686645508,24.780000686645508,300.0
2026-08-05 09:50:00,ONDS,,8.944999694824219,8.975000381469727,8.928999900817871,8.970000267028809,144796.0
2026-08-05 09:50:00,ONFO,,0.07419999688863754,0.07490000128746033,0.07329999655485153,0.07329999655485153,194995.0
2026-08-05 09:50:00,OPCH,,23.329999923706055,23.34000015258789,23.309999465942383,23.31999969482422,3742.0
2026-08-05 09:50:00,OPEN,,3.779900074005127,3.7899999618530273,3.7699999809265137,3.7799999713897705,104391.0
2026-08-05 09:50:00,OPK,,1.3056999444961548,1.3056999444961548,1.3056999444961548,1.3056999444961548,143.0
2026-08-05 09:50:00,OPRA,,20.420000076293945,20.420000076293945,20.420000076293945,20.420000076293945,666.0
2026-08-05 09:50:00,ORGO,,2.365999937057495,2.365999937057495,2.365999937057495,2.365999937057495,116.0
2026-08-05 09:50:00,ORIC,,13.460000038146973,13.640000343322754,13.430000305175781,13.619999885559082,59649.0
2026-08-05 09:50:00,ORLY,,92.6449966430664,92.6449966430664,92.48999786376953,92.6449966430664,20584.0
2026-08-05 09:50:00,OSBC,,25.770000457763672,25.78499984741211,25.760000228881836,25.78499984741211,1372.0
2026-08-05 09:50:00,OSPN,,16.829999923706055,16.829999923706055,16.829999923706055,16.829999923706055,709.0
2026-08-05 09:50:00,OSS,,13.609999656677246,13.889900207519531,13.510000228881836,13.889900207519531,4591.0
2026-08-05 09:50:00,OSW,,26.690000534057617,26.735000610351562,26.690000534057617,26.735000610351562,1747.0
2026-08-05 09:50:00,OTEX,,26.020000457763672,26.020000457763672,25.915000915527344,25.9950008392334,32448.0
2026-08-05 09:50:00,OTLK,,0.9923999905586243,0.9998999834060669,0.9901000261306763,0.9991999864578247,11358.0
2026-08-05 09:50:00,OTTR,,91.41999816894531,91.41999816894531,91.41999816894531,91.41999816894531,476.0
2026-08-05 09:50:00,OVBC,,42.619998931884766,42.619998931884766,42.619998931884766,42.619998931884766,1385.0
2026-08-05 09:50:00,OVID,,2.5399999618530273,2.5399999618530273,2.5339999198913574,2.5399999618530273,449.0
2026-08-05 09:50:00,OXLC,,9.170000076293945,9.170000076293945,9.15820026397705,9.15999984741211,10691.0
2026-08-05 09:50:00,OXSQ,,1.4800000190734863,1.4839999675750732,1.4800000190734863,1.4800000190734863,1852.0
2026-08-05 09:50:00,PAA,,23.329999923706055,23.329999923706055,23.260000228881836,23.260000228881836,9351.0
2026-08-05 09:50:00,PAAS,,47.400001525878906,47.43000030517578,47.31999969482422,47.3828010559082,26403.0
2026-08-05 09:50:00,PACB,,1.434999942779541,1.440000057220459,1.434999942779541,1.440000057220459,14957.0
2026-08-05 09:50:00,PAGP,,25.20509910583496,25.20509910583496,25.110000610351562,25.110000610351562,13641.0
2026-08-05 09:50:00,PALI,,2.089900016784668,2.0899999141693115,2.0799999237060547,2.0799999237060547,14919.0
2026-08-05 09:50:00,PANW,,368.010009765625,369.2900085449219,367.6099853515625,369.2900085449219,26050.0
2026-08-05 09:50:00,PAX,,11.40999984741211,11.430000305175781,11.40999984741211,11.430000305175781,7879.0
2026-08-05 09:50:00,PAYO,,7.125,7.130000114440918,7.125,7.130000114440918,508.0
2026-08-05 09:50:00,PAYS,,9.319999694824219,9.319999694824219,9.319999694824219,9.319999694824219,1134.0
2026-08-05 09:50:00,PAYX,,117.44999694824219,117.52999877929688,117.4000015258789,117.52999877929688,4359.0
2026-08-05 09:50:00,PBYI,,7.940000057220459,7.940000057220459,7.940000057220459,7.940000057220459,1160.0
2026-08-05 09:50:00,PCAR,,135.625,135.9600067138672,135.5800018310547,135.82000732421875,12500.0
2026-08-05 09:50:00,PCRX,,26.450000762939453,26.520000457763672,26.450000762939453,26.5049991607666,1891.0
2026-08-05 09:50:00,PCT,,6.925000190734863,7.025000095367432,6.914999961853027,7.025000095367432,102756.0
2026-08-05 09:50:00,PCTY,,146.0749969482422,146.32000732421875,145.69000244140625,146.32000732421875,1857.0
2026-08-05 09:50:00,PDD,,91.56500244140625,91.66000366210938,91.41999816894531,91.44999694824219,32905.0
2026-08-05 09:50:00,PDLB,,20.520000457763672,20.520000457763672,20.520000457763672,20.520000457763672,1449.0
2026-08-05 09:50:00,PECO,,41.3400993347168,41.3400993347168,41.3400993347168,41.3400993347168,309.0
2026-08-05 09:50:00,PEGA,,31.520000457763672,31.56999969482422,31.520000457763672,31.559999465942383,3280.0
2026-08-05 09:50:00,PENN,,20.06999969482422,20.079999923706055,20.06999969482422,20.079999923706055,5632.0
2026-08-05 09:50:00,PEP,,138.02999877929688,138.10000610351562,137.9199981689453,138.02000427246094,56715.0
2026-08-05 09:50:00,PEPG,,1.899999976158142,1.899999976158142,1.8949999809265137,1.8949999809265137,354.0
2026-08-05 09:50:00,PESI,,17.540000915527344,17.610000610351562,17.53700065612793,17.600000381469727,3416.0
2026-08-05 09:50:00,PFG,,115.52999877929688,115.55000305175781,115.44000244140625,115.55000305175781,2518.0
2026-08-05 09:50:00,PFX,,43.5,43.70000076293945,43.5,43.70000076293945,4566.0
2026-08-05 09:50:00,PGC,,46.7400016784668,46.75,46.630001068115234,46.63999938964844,6534.0
2026-08-05 09:50:00,PGEN,,6.760000228881836,6.829999923706055,6.704999923706055,6.809999942779541,86020.0
2026-08-05 09:50:00,PGNY,,31.329999923706055,31.391000747680664,31.329999923706055,31.391000747680664,1883.0
2026-08-05 09:50:00,PGY,,21.489999771118164,21.489999771118164,21.440000534057617,21.469999313354492,8789.0
2026-08-05 09:50:00,PHAT,,8.539999961853027,8.555100440979004,8.5,8.5,5614.0
2026-08-05 09:50:00,PHVS,,33.56999969482422,33.56999969482422,33.56999969482422,33.56999969482422,542.0
2026-08-05 09:50:00,PLAB,,32.61000061035156,32.66999816894531,32.61000061035156,32.66999816894531,1923.0
2026-08-05 09:50:00,PLMR,,137.9550018310547,137.9550018310547,136.35000610351562,136.39999389648438,1298.0
2026-08-05 09:50:00,PLPC,,455.6199951171875,455.9100036621094,455.6199951171875,455.6199951171875,440.0
2026-08-05 09:50:00,PLRX,,1.0549999475479126,1.0549999475479126,1.0500999689102173,1.0500999689102173,1700.0
2026-08-05 09:50:00,PLTK,,3.994999885559082,3.994999885559082,3.994999885559082,3.994999885559082,551.0
2026-08-05 09:50:00,PLUG,,2.128700017929077,2.130000114440918,2.119999885559082,2.128999948501587,47363.0
2026-08-05 09:50:00,PNBK,,1.1349999904632568,1.1349999904632568,1.1349999904632568,1.1349999904632568,197.0
2026-08-05 09:50:00,PNFP,,108.81500244140625,108.81500244140625,108.77999877929688,108.77999877929688,675.0
2026-08-05 09:50:00,POET,,8.385000228881836,8.399999618530273,8.354999542236328,8.380000114440918,43479.0
2026-08-05 09:50:00,POOL,,202.07000732421875,202.14999389648438,202.07000732421875,202.14999389648438,681.0
2026-08-05 09:50:00,POWL,,213.27499389648438,213.27499389648438,213.1999969482422,213.1999969482422,1060.0
2026-08-05 09:50:00,PPC,,26.75,26.75,26.700000762939453,26.75,1655.0
2026-08-05 09:50:00,PPSI,,3.0,3.0,3.0,3.0,330.0
2026-08-05 09:50:00,PPTA,,22.1299991607666,22.239999771118164,22.1299991607666,22.239999771118164,6302.0
2026-08-05 09:50:00,PRCH,,16.135000228881836,16.209999084472656,16.135000228881836,16.200000762939453,5361.0
2026-08-05 09:50:00,PRCT,,18.59000015258789,18.700000762939453,18.540000915527344,18.614999771118164,11888.0
2026-08-05 09:50:00,PRDO,,33.10499954223633,33.10499954223633,33.10499954223633,33.10499954223633,639.0
2026-08-05 09:50:00,PRFX,,1.1399999856948853,1.1399999856948853,1.1399999856948853,1.1399999856948853,2000.0
2026-08-05 09:50:00,PRIM,,87.32499694824219,87.75,87.31999969482422,87.75,3938.0
2026-08-05 09:50:00,PRLD,,4.480000019073486,4.489999771118164,4.480000019073486,4.480000019073486,526.0
2026-08-05 09:50:00,PRME,,2.944999933242798,2.9549999237060547,2.940000057220459,2.940000057220459,11403.0
2026-08-05 09:50:00,PROK,,1.6649999618530273,1.6649999618530273,1.6649999618530273,1.6649999618530273,5424.0
2026-08-05 09:50:00,PRPO,,22.75,22.75,22.75,22.75,0.0
2026-08-05 09:50:00,PRQR,,1.8700000047683716,1.8700000047683716,1.8700000047683716,1.8700000047683716,1253.0
2026-08-05 09:50:00,PRSO,,0.6978999972343445,0.6978999972343445,0.6978999972343445,0.6978999972343445,1120.0
2026-08-05 09:50:00,PRTH,,6.659999847412109,6.659999847412109,6.659999847412109,6.659999847412109,181.0
2026-08-05 09:50:00,PRVA,,23.700000762939453,23.700000762939453,23.700000762939453,23.700000762939453,547.0
2026-08-05 09:50:00,PRZO,,0.5453000068664551,0.5453000068664551,0.5453000068664551,0.5453000068664551,800.0
2026-08-05 09:50:00,PSEC,,2.200000047683716,2.2100000381469727,2.200000047683716,2.2049999237060547,4259.0
2026-08-05 09:50:00,PSNL,,13.524999618530273,13.524999618530273,13.524999618530273,13.524999618530273,3201.0
2026-08-05 09:50:00,PSNY,,14.194999694824219,14.428099632263184,14.194999694824219,14.428099632263184,1729.0
2026-08-05 09:50:00,PTC,,141.75999450683594,141.75999450683594,141.75999450683594,141.75999450683594,580.0
2026-08-05 09:50:00,PTEN,,10.005000114440918,10.010000228881836,9.979999542236328,9.979999542236328,9469.0
2026-08-05 09:50:00,PTLO,,4.5,4.5,4.474999904632568,4.489999771118164,12230.0
2026-08-05 09:50:00,PTON,,6.53000020980835,6.53000020980835,6.510000228881836,6.519999980926514,18215.0
2026-08-05 09:50:00,PUBM,,13.5600004196167,13.5600004196167,13.5600004196167,13.5600004196167,937.0
2026-08-05 09:50:00,PWP,,17.18000030517578,17.239999771118164,17.170000076293945,17.200000762939453,2885.0
2026-08-05 09:50:00,PYPL,,58.720001220703125,58.720001220703125,58.630001068115234,58.66999816894531,37184.0
2026-08-05 09:50:00,PYXS,,3.2399001121520996,3.2399001121520996,3.2399001121520996,3.2399001121520996,235.0
2026-08-05 09:50:00,PZZA,,30.434999465942383,30.440000534057617,30.420000076293945,30.440000534057617,3946.0
2026-08-05 09:50:00,QCOM,,162.27499389648438,162.8000030517578,162.2301025390625,162.6898956298828,43099.0
2026-08-05 09:50:00,QRVO,,95.54000091552734,95.69000244140625,95.54000091552734,95.69000244140625,2879.0
2026-08-05 09:50:00,SEED,,0.9143999814987183,0.9200000166893005,0.9143999814987183,0.9200000166893005,1249.0
2026-08-05 09:50:00,STIM,,2.3350000381469727,2.3399999141693115,2.3350000381469727,2.3399999141693115,1621.0
2026-08-05 09:51:00,ACDC,,4.309999942779541,4.329999923706055,4.309999942779541,4.329999923706055,4066.0
2026-08-05 09:51:00,DTIL,,7.465000152587891,7.465000152587891,7.465000152587891,7.465000152587891,472.0
2026-08-05 09:51:00,EYE,,23.510000228881836,23.510000228881836,23.459999084472656,23.459999084472656,2103.0
2026-08-05 09:51:00,GLUE,,16.59000015258789,16.6200008392334,16.59000015258789,16.6200008392334,1328.0
2026-08-05 09:51:00,KITT,,1.0800000429153442,1.0800000429153442,1.0800000429153442,1.0800000429153442,40.0
2026-08-05 09:51:00,LUNG,,1.8808000087738037,1.8916000127792358,1.8808000087738037,1.8916000127792358,1221.0
2026-08-05 09:51:00,MBRX,,0.40709999203681946,0.40709999203681946,0.40709999203681946,0.40709999203681946,233.0
2026-08-05 09:51:00,MDB,,375.17999267578125,376.510009765625,375.17999267578125,375.17999267578125,3511.0
2026-08-05 09:51:00,MDLZ,,61.41999816894531,61.45000076293945,61.369998931884766,61.43000030517578,18166.0
2026-08-05 09:51:00,MNRO,,13.345000267028809,13.345000267028809,13.345000267028809,13.345000267028809,1172.0
2026-08-05 09:51:00,MNST,,94.05999755859375,94.16000366210938,93.94000244140625,93.94000244140625,7815.0
2026-08-05 09:51:00,MNTS,,4.494999885559082,4.5,4.480500221252441,4.5,3873.0
2026-08-05 09:51:00,MORN,,201.27999877929688,201.27999877929688,201.27999877929688,201.27999877929688,310.0
2026-08-05 09:51:00,MOVE,,12.680000305175781,12.680000305175781,12.680000305175781,12.680000305175781,2293.0
2026-08-05 09:51:00,MPWR,,1346.8499755859375,1351.699951171875,1345.030029296875,1346.6500244140625,847.0
2026-08-05 09:51:00,MRNA,,58.534400939941406,58.68000030517578,58.369998931884766,58.369998931884766,11258.0
2026-08-05 09:51:00,MYGN,,3.174999952316284,3.174999952316284,3.1700000762939453,3.1700000762939453,2705.0
2026-08-05 09:51:00,MYRG,,349.4800109863281,349.4800109863281,349.4800109863281,349.4800109863281,957.0
2026-08-05 09:51:00,NAMS,,26.834999084472656,26.860000610351562,26.58049964904785,26.58049964904785,5580.0
2026-08-05 09:51:00,NAUT,,1.0099999904632568,1.0099999904632568,1.0099999904632568,1.0099999904632568,465.0
2026-08-05 09:51:00,NAVI,,9.140000343322754,9.140000343322754,9.140000343322754,9.140000343322754,738.0
2026-08-05 09:51:00,NB,,5.164999961853027,5.170000076293945,5.15500020980835,5.159999847412109,5785.0
2026-08-05 09:51:00,NBIX,,165.19500732421875,165.19500732421875,164.86000061035156,164.86000061035156,9508.0
2026-08-05 09:51:00,NCRA,,1.8600000143051147,1.8600000143051147,1.8600000143051147,1.8600000143051147,150.0
2026-08-05 09:51:00,NDAQ,,94.48999786376953,94.48999786376953,94.2750015258789,94.33000183105469,13268.0
2026-08-05 09:51:00,NEO,,16.207700729370117,16.207700729370117,16.207700729370117,16.207700729370117,3269.0
2026-08-05 09:51:00,NEOG,,11.579999923706055,11.579999923706055,11.540200233459473,11.550000190734863,13360.0
2026-08-05 09:51:00,NEON,,0.9363999962806702,0.9365000128746033,0.9307000041007996,0.9307000041007996,3035.0
2026-08-05 09:51:00,NEOV,,2.859999895095825,2.869999885559082,2.8559999465942383,2.859999895095825,14511.0
2026-08-05 09:51:00,NESR,,29.075000762939453,29.145000457763672,29.045000076293945,29.089000701904297,3107.0
2026-08-05 09:51:00,NEXT,,6.492400169372559,6.519999980926514,6.492000102996826,6.519999980926514,10985.0
2026-08-05 09:51:00,NFLX,,73.94999694824219,74.00499725341797,73.8677978515625,73.94999694824219,70025.0
2026-08-05 09:51:00,NGNE,,35.290000915527344,35.290000915527344,35.290000915527344,35.290000915527344,676.0
2026-08-05 09:51:00,NICE,,96.17500305175781,96.38999938964844,96.16000366210938,96.38999938964844,2431.0
2026-08-05 09:51:00,NKTR,,74.1500015258789,74.2300033569336,74.01000213623047,74.22000122070312,2152.0
2026-08-05 09:51:00,NKTX,,2.244999885559082,2.244999885559082,2.244999885559082,2.244999885559082,3310.0
2026-08-05 09:51:00,NMRA,,1.565000057220459,1.565000057220459,1.565000057220459,1.565000057220459,109.0
2026-08-05 09:51:00,NN,,14.03499984741211,14.03499984741211,14.024200439453125,14.029600143432617,1531.0
2026-08-05 09:51:00,NNBR,,3.8299999237060547,3.8299999237060547,3.819999933242798,3.819999933242798,5899.0
2026-08-05 09:51:00,NNDM,,1.590000033378601,1.590000033378601,1.590000033378601,1.590000033378601,1235.0
2026-08-05 09:51:00,NNOX,,1.0549999475479126,1.0549999475479126,1.0499999523162842,1.0499999523162842,1297.0
2026-08-05 09:51:00,NOVT,,159.2899932861328,159.3000030517578,159.0,159.0,1631.0
2026-08-05 09:51:00,NPCE,,13.84000015258789,13.850000381469727,13.84000015258789,13.850000381469727,510.0
2026-08-05 09:51:00,NRDS,,9.180000305175781,9.180000305175781,9.180000305175781,9.180000305175781,272.0
2026-08-05 09:51:00,NRIM,,27.075000762939453,27.075000762939453,27.075000762939453,27.075000762939453,109.0
2026-08-05 09:51:00,NRIX,,25.03499984741211,25.03499984741211,25.03499984741211,25.03499984741211,165.0
2026-08-05 09:51:00,NRSN,,0.5400000214576721,0.5400000214576721,0.5400000214576721,0.5400000214576721,3252.0
2026-08-05 09:51:00,NRXP,,3.015000104904175,3.015000104904175,3.015000104904175,3.015000104904175,127.0
2026-08-05 09:51:00,NTAP,,191.47000122070312,191.47000122070312,191.22000122070312,191.30499267578125,3185.0
2026-08-05 09:51:00,NTES,,128.33999633789062,128.33999633789062,128.33999633789062,128.33999633789062,410.0
2026-08-05 09:51:00,NTNX,,61.1349983215332,61.145999908447266,61.005001068115234,61.13999938964844,3307.0
2026-08-05 09:51:00,NTRS,,184.86000061035156,184.86000061035156,184.86000061035156,184.86000061035156,348.0
2026-08-05 09:51:00,NTRSO,,18.42009925842285,18.42009925842285,18.42009925842285,18.42009925842285,720.0
2026-08-05 09:51:00,NUWE,,1.7489999532699585,1.7599999904632568,1.7410000562667847,1.7502000331878662,7027.0
2026-08-05 09:51:00,NVAX,,7.700200080871582,7.710000038146973,7.699699878692627,7.69980001449585,12893.0
2026-08-05 09:51:00,NVCR,,16.030000686645508,16.030000686645508,16.030000686645508,16.030000686645508,402.0
2026-08-05 09:51:00,NVCT,,19.90999984741211,19.90999984741211,19.90999984741211,19.90999984741211,547.0
2026-08-05 09:51:00,NVDA,,219.69000244140625,219.8524932861328,219.4700927734375,219.74000549316406,474721.0
2026-08-05 09:51:00,NVMI,,414.614990234375,414.614990234375,414.57000732421875,414.57000732421875,640.0
2026-08-05 09:51:00,NVTS,,12.789999961853027,12.850000381469727,12.760000228881836,12.8100004196167,32053.0
2026-08-05 09:51:00,NWBI,,15.970000267028809,15.970000267028809,15.970000267028809,15.970000267028809,3239.0
2026-08-05 09:51:00,NWL,,6.0,6.019999980926514,5.994999885559082,6.019999980926514,35435.0
2026-08-05 09:51:00,NWS,,32.36000061035156,32.400001525878906,32.349998474121094,32.400001525878906,4547.0
2026-08-05 09:51:00,NWSA,,28.239999771118164,28.270000457763672,28.21500015258789,28.270000457763672,10354.0
2026-08-05 09:51:00,NXPI,,236.01499938964844,236.63499450683594,235.8300018310547,236.10000610351562,6769.0
2026-08-05 09:51:00,NXT,,99.13310241699219,99.13310241699219,98.97000122070312,98.97000122070312,2633.0
2026-08-05 09:51:00,NYXH,,1.4299999475479126,1.4299999475479126,1.4299999475479126,1.4299999475479126,921.0
2026-08-05 09:51:00,OBIO,,4.170000076293945,4.170000076293945,4.159999847412109,4.159999847412109,513.0
2026-08-05 09:51:00,OCFC,,19.770000457763672,19.770000457763672,19.770000457763672,19.770000457763672,441.0
2026-08-05 09:51:00,OCGN,,1.291200041770935,1.315000057220459,1.2899999618530273,1.315000057220459,99057.0
2026-08-05 09:51:00,OCSL,,12.109999656677246,12.109999656677246,12.085000038146973,12.085000038146973,4264.0
2026-08-05 09:51:00,OCUL,,8.744999885559082,8.755000114440918,8.739999771118164,8.739999771118164,8239.0
2026-08-05 09:51:00,ODFL,,219.6199951171875,219.6199951171875,219.33749389648438,219.33999633789062,1588.0
2026-08-05 09:51:00,OESX,,16.0,16.0,15.65999984741211,15.970199584960938,14984.0
2026-08-05 09:51:00,OFIX,,10.725000381469727,10.725000381469727,10.725000381469727,10.725000381469727,753.0
2026-08-05 09:51:00,OGI,,0.9700999855995178,0.9700999855995178,0.9700999855995178,0.9700999855995178,389.0
2026-08-05 09:51:00,OKTA,,148.8000030517578,148.83999633789062,148.5500030517578,148.80499267578125,6734.0
2026-08-05 09:51:00,OMH,,0.10930000245571136,0.10999999940395355,0.10920000076293945,0.10949999839067459,31529.0
2026-08-05 09:51:00,ON,,80.125,80.59500122070312,80.04000091552734,80.27999877929688,52463.0
2026-08-05 09:51:00,ONB,,27.1299991607666,27.145000457763672,27.1299991607666,27.145000457763672,4168.0
2026-08-05 09:51:00,ONCY,,0.7990999817848206,0.8001999855041504,0.7990999817848206,0.8001999855041504,2048.0
2026-08-05 09:51:00,ONDS,,8.9350004196167,8.960000038146973,8.90999984741211,8.944999694824219,99652.0
2026-08-05 09:51:00,ONFO,,0.07410000264644623,0.07490000128746033,0.07410000264644623,0.07419999688863754,100034.0
2026-08-05 09:51:00,ONMD,,0.6807000041007996,0.6906999945640564,0.6807000041007996,0.6906999945640564,4637.0
2026-08-05 09:51:00,OPCH,,23.280000686645508,23.354999542236328,23.280000686645508,23.34000015258789,4075.0
2026-08-05 09:51:00,OPEN,,3.7799999713897705,3.7850000858306885,3.765000104904175,3.7750000953674316,95789.0
2026-08-05 09:51:00,OPK,,1.3049999475479126,1.3049999475479126,1.3049999475479126,1.3049999475479126,4156.0
2026-08-05 09:51:00,OPRA,,20.450000762939453,20.450000762939453,20.450000762939453,20.450000762939453,121.0
2026-08-05 09:51:00,OPRX,,6.78000020980835,6.789999961853027,6.78000020980835,6.789999961853027,927.0
2026-08-05 09:51:00,ORGO,,2.365000009536743,2.365000009536743,2.365000009536743,2.365000009536743,205.0
2026-08-05 09:51:00,ORIC,,13.399999618530273,13.479999542236328,13.399999618530273,13.4399995803833,8234.0
2026-08-05 09:51:00,ORLY,,92.73999786376953,92.74500274658203,92.68000030517578,92.68000030517578,14990.0
2026-08-05 09:51:00,ORMP,,4.434999942779541,4.434999942779541,4.434999942779541,4.434999942779541,819.0
2026-08-05 09:51:00,OSIS,,236.16000366210938,236.16000366210938,236.16000366210938,236.16000366210938,250.0
2026-08-05 09:51:00,OSPN,,16.829999923706055,16.829999923706055,16.829999923706055,16.829999923706055,2518.0
2026-08-05 09:51:00,OSS,,13.6899995803833,13.70989990234375,13.550000190734863,13.70989990234375,1778.0
2026-08-05 09:51:00,OSUR,,4.179999828338623,4.179999828338623,4.179999828338623,4.179999828338623,278.0
2026-08-05 09:51:00,OSW,,26.65019989013672,26.65019989013672,26.65019989013672,26.65019989013672,2252.0
2026-08-05 09:51:00,OTEX,,25.989999771118164,26.030000686645508,25.989999771118164,26.030000686645508,2269.0
2026-08-05 09:51:00,OTLK,,0.9948999881744385,0.9948999881744385,0.9923999905586243,0.9923999905586243,8112.0
2026-08-05 09:51:00,OTLY,,14.414999961853027,14.4399995803833,14.414999961853027,14.4399995803833,5760.0
2026-08-05 09:51:00,OVID,,2.5339999198913574,2.5350000858306885,2.5339999198913574,2.5350000858306885,1237.0
2026-08-05 09:51:00,OXLC,,9.164999961853027,9.170000076293945,9.164999961853027,9.170000076293945,3786.0
2026-08-05 09:51:00,OXSQ,,1.4800000190734863,1.4823999404907227,1.4800000190734863,1.4800000190734863,1540.0
2026-08-05 09:51:00,PAA,,23.350000381469727,23.350000381469727,23.31999969482422,23.325000762939453,16138.0
2026-08-05 09:51:00,PAAS,,47.5,47.52000045776367,47.36000061035156,47.400001525878906,14272.0
2026-08-05 09:51:00,PAGP,,25.229999542236328,25.229999542236328,25.204999923706055,25.204999923706055,4805.0
2026-08-05 09:51:00,PALI,,2.0850000381469727,2.0850000381469727,2.0850000381469727,2.0850000381469727,630.0
2026-08-05 09:51:00,PANL,,7.40500020980835,7.40500020980835,7.40500020980835,7.40500020980835,241.0
2026-08-05 09:51:00,PANW,,367.2200012207031,369.2294006347656,367.2200012207031,368.239990234375,10159.0
2026-08-05 09:51:00,PATK,,87.1500015258789,87.30999755859375,86.87999725341797,86.94000244140625,4290.0
2026-08-05 09:51:00,PAX,,11.4399995803833,11.4399995803833,11.40999984741211,11.420000076293945,8156.0
2026-08-05 09:51:00,PAYO,,7.119999885559082,7.119999885559082,7.119999885559082,7.119999885559082,1097.0
2026-08-05 09:51:00,PAYS,,9.354999542236328,9.354999542236328,9.319999694824219,9.319999694824219,0.0
2026-08-05 09:51:00,PAYX,,117.3499984741211,117.6500015258789,117.33000183105469,117.5875015258789,7319.0
2026-08-05 09:51:00,PCAR,,135.8699951171875,135.89999389648438,135.58999633789062,135.6699981689453,9161.0
2026-08-05 09:51:00,PCRX,,26.43000030517578,26.43000030517578,26.43000030517578,26.43000030517578,810.0
2026-08-05 09:51:00,PCT,,6.925000190734863,6.939000129699707,6.909999847412109,6.925000190734863,21900.0
2026-08-05 09:51:00,PCTY,,146.2949981689453,146.9250030517578,146.07000732421875,146.10000610351562,987.0
2026-08-05 09:51:00,PDD,,91.36499786376953,91.58999633789062,91.36499786376953,91.56999969482422,37049.0
2026-08-05 09:51:00,PDEX,,67.0,67.0,67.0,67.0,574.0
2026-08-05 09:51:00,PDFS,,51.15999984741211,51.189998626708984,51.150001525878906,51.189998626708984,1193.0
2026-08-05 09:51:00,PDSB,,0.7202000021934509,0.7202000021934509,0.7200999855995178,0.7200999855995178,3644.0
2026-08-05 09:51:00,PEBK,,43.060001373291016,43.06999969482422,43.060001373291016,43.060001373291016,423.0
2026-08-05 09:51:00,PECO,,41.349998474121094,41.349998474121094,41.349998474121094,41.349998474121094,1402.0
2026-08-05 09:51:00,PEGA,,31.510000228881836,31.56999969482422,31.480100631713867,31.480100631713867,1203.0
2026-08-05 09:51:00,PENN,,20.059999465942383,20.059999465942383,20.03499984741211,20.045000076293945,13758.0
2026-08-05 09:51:00,PEP,,138.1699981689453,138.22000122070312,138.03500366210938,138.05999755859375,16814.0
2026-08-05 09:51:00,PEPG,,1.899999976158142,1.899999976158142,1.899999976158142,1.899999976158142,1339.0
2026-08-05 09:51:00,PERI,,9.640000343322754,9.640000343322754,9.640000343322754,9.640000343322754,520.0
2026-08-05 09:51:00,PESI,,17.56999969482422,17.56999969482422,17.530000686645508,17.559999465942383,2260.0
2026-08-05 09:51:00,PFG,,115.44499969482422,115.44499969482422,115.44499969482422,115.44499969482422,141.0
2026-08-05 09:51:00,PFX,,43.70000076293945,43.70000076293945,43.70000076293945,43.70000076293945,5354.0
2026-08-05 09:51:00,PGEN,,6.75,6.829999923706055,6.710000038146973,6.75,88606.0
2026-08-05 09:51:00,PGNY,,31.19499969482422,31.25,31.19499969482422,31.25,2008.0
2026-08-05 09:51:00,PGY,,21.540000915527344,21.559999465942383,21.479999542236328,21.479999542236328,8923.0
2026-08-05 09:51:00,PHAT,,8.539999961853027,8.539999961853027,8.539999961853027,8.539999961853027,248.0
2026-08-05 09:51:00,PLAB,,32.541500091552734,32.541500091552734,32.529998779296875,32.529998779296875,963.0
2026-08-05 09:51:00,PLBC,,60.939998626708984,60.939998626708984,60.939998626708984,60.939998626708984,416.0
2026-08-05 09:51:00,PLMR,,137.39999389648438,137.60000610351562,137.0500030517578,137.05999755859375,3131.0
2026-08-05 09:51:00,PLTK,,3.984999895095825,3.990000009536743,3.984999895095825,3.990000009536743,2390.0
2026-08-05 09:51:00,PLUG,,2.119999885559082,2.130000114440918,2.119999885559082,2.128000020980835,107288.0
2026-08-05 09:51:00,PNBK,,1.1299999952316284,1.1299999952316284,1.1299999952316284,1.1299999952316284,105.0
2026-08-05 09:51:00,PNFP,,108.5199966430664,108.5199966430664,108.50499725341797,108.50499725341797,829.0
2026-08-05 09:51:00,POET,,8.398699760437012,8.430000305175781,8.359999656677246,8.380000114440918,28162.0
2026-08-05 09:51:00,POOL,,202.08999633789062,202.4600067138672,202.08999633789062,202.4600067138672,2076.0
2026-08-05 09:51:00,POWI,,63.4900016784668,63.4900016784668,63.4900016784668,63.4900016784668,539.0
2026-08-05 09:51:00,POWL,,212.19000244140625,213.08999633789062,212.19000244140625,213.08999633789062,10119.0
2026-08-05 09:51:00,PPC,,26.729999542236328,26.7549991607666,26.700000762939453,26.729999542236328,2823.0
2026-08-05 09:51:00,PPTA,,22.149999618530273,22.200000762939453,22.1200008392334,22.1200008392334,5130.0
2026-08-05 09:51:00,PRAX,,318.6300048828125,318.8800048828125,318.6099853515625,318.8800048828125,562.0
2026-08-05 09:51:00,PRCH,,16.135000228881836,16.135000228881836,16.1200008392334,16.135000228881836,4316.0
2026-08-05 09:51:00,PRCT,,18.25,18.59000015258789,18.25,18.59000015258789,40889.0
2026-08-05 09:51:00,PRDO,,33.16999816894531,33.16999816894531,33.16999816894531,33.16999816894531,214.0
2026-08-05 09:51:00,PRE,,18.0,18.0,18.0,18.0,120.0
2026-08-05 09:51:00,PRFX,,1.1399999856948853,1.1399999856948853,1.1399999856948853,1.1399999856948853,3528.0
2026-08-05 09:51:00,PRGS,,41.314998626708984,41.5,41.314998626708984,41.5,2600.0
2026-08-05 09:51:00,PRIM,,89.37000274658203,89.69999694824219,86.99299621582031,87.12000274658203,18367.0
2026-08-05 09:51:00,PRLD,,4.480000019073486,4.480000019073486,4.480000019073486,4.480000019073486,163.0
2026-08-05 09:51:00,PRME,,2.950000047683716,2.9549999237060547,2.9300999641418457,2.940000057220459,19899.0
2026-08-05 09:51:00,PRQR,,1.8899999856948853,1.8899999856948853,1.875,1.8799999952316284,36136.0
2026-08-05 09:51:00,PRTA,,8.595000267028809,8.595000267028809,8.59000015258789,8.59000015258789,1778.0
2026-08-05 09:51:00,PSEC,,2.218100070953369,2.2300000190734863,2.2049999237060547,2.2049999237060547,67291.0
2026-08-05 09:51:00,PSMT,,194.6199951171875,194.6199951171875,194.6199951171875,194.6199951171875,1588.0
2026-08-05 09:51:00,PSNL,,13.489999771118164,13.489999771118164,13.489999771118164,13.489999771118164,1559.0
2026-08-05 09:51:00,PTC,,141.89999389648438,141.89999389648438,141.67999267578125,141.67999267578125,673.0
2026-08-05 09:51:00,PTCT,,69.54000091552734,69.56999969482422,69.29499816894531,69.29499816894531,642.0
2026-08-05 09:51:00,PTEN,,9.979999542236328,10.0,9.979999542236328,10.0,4028.0
2026-08-05 09:51:00,PTON,,6.525000095367432,6.534999847412109,6.525000095367432,6.534999847412109,3910.0
2026-08-05 09:51:00,PWP,,17.165000915527344,17.18000030517578,17.15999984741211,17.15999984741211,1253.0
2026-08-05 09:51:00,PYPL,,58.729000091552734,58.78499984741211,58.689998626708984,58.75,16339.0
2026-08-05 09:51:00,PYXS,,3.2300000190734863,3.2300000190734863,3.2300000190734863,3.2300000190734863,302.0
2026-08-05 09:51:00,PZZA,,30.56999969482422,30.56999969482422,30.459999084472656,30.459999084472656,3827.0
2026-08-05 09:51:00,QCOM,,162.1699981689453,162.3979949951172,162.02999877929688,162.27499389648438,16920.0
2026-08-05 09:51:00,QFIN,,13.300000190734863,13.319999694824219,13.300000190734863,13.319999694824219,1736.0
2026-08-05 09:51:00,QRVO,,95.51000213623047,95.55999755859375,95.51000213623047,95.55999755859375,687.0
2026-08-05 09:51:00,SEED,,0.9294999837875366,0.9294999837875366,0.9294000267982483,0.9294999837875366,9466.0
2026-08-05 09:51:00,STIM,,2.3239998817443848,2.3239998817443848,2.3239998817443848,2.3239998817443848,244.0
2026-08-05 09:51:00,WOOF,,2.9410998821258545,2.9410998821258545,2.9410998821258545,2.9410998821258545,817.0
2026-08-05 09:52:00,ACDC,,4.300000190734863,4.315000057220459,4.300000190734863,4.309999942779541,1982.0
2026-08-05 09:52:00,BPOP,,177.6199951171875,177.6199951171875,177.6199951171875,177.6199951171875,196.0
2026-08-05 09:52:00,CNXN,,84.70999908447266,84.70999908447266,84.70999908447266,84.70999908447266,5362.0
2026-08-05 09:52:00,DTIL,,7.480000019073486,7.480000019073486,7.480000019073486,7.480000019073486,200.0
2026-08-05 09:52:00,EYE,,23.489999771118164,23.510000228881836,23.459999084472656,23.459999084472656,4455.0
2026-08-05 09:52:00,GLUE,,16.584999084472656,16.584999084472656,16.565000534057617,16.565000534057617,511.0
2026-08-05 09:52:00,KITT,,1.059999942779541,1.0700000524520874,1.059999942779541,1.0700000524520874,4115.0
2026-08-05 09:52:00,LUNG,,1.8799999952316284,1.8799999952316284,1.8799999952316284,1.8799999952316284,1832.0
2026-08-05 09:52:00,MBRX,,0.40400001406669617,0.40400001406669617,0.40400001406669617,0.40400001406669617,55.0
2026-08-05 09:52:00,MDB,,375.6300048828125,376.3800048828125,374.0,375.2200012207031,9989.0
2026-08-05 09:52:00,MDLZ,,61.529998779296875,61.529998779296875,61.43000030517578,61.43000030517578,23390.0
2026-08-05 09:52:00,MLTX,,17.959999084472656,18.0,17.941299438476562,18.0,351.0
2026-08-05 09:52:00,MNRO,,13.380000114440918,13.380000114440918,13.329999923706055,13.329999923706055,992.0
2026-08-05 09:52:00,MNST,,94.23249816894531,94.23999786376953,94.08499908447266,94.0875015258789,16574.0
2026-08-05 09:52:00,MNTS,,4.465000152587891,4.5,4.465000152587891,4.5,1178.0
2026-08-05 09:52:00,MORN,,199.98500061035156,199.98500061035156,199.98500061035156,199.98500061035156,282.0
2026-08-05 09:52:00,MOVE,,12.529999732971191,12.529999732971191,12.039999961853027,12.270000457763672,8407.0
2026-08-05 09:52:00,MPWR,,1348.4599609375,1350.0,1346.27001953125,1346.2900390625,525.0
2026-08-05 09:52:00,MRNA,,58.82979965209961,58.84000015258789,58.5099983215332,58.5099983215332,87650.0
2026-08-05 09:52:00,MYGN,,3.174999952316284,3.174999952316284,3.174999952316284,3.174999952316284,561.0
2026-08-05 09:52:00,MYRG,,349.9599914550781,349.9599914550781,349.9599914550781,349.9599914550781,267.0
2026-08-05 09:52:00,NAMS,,26.899999618530273,26.899999618530273,26.899999618530273,26.899999618530273,285.0
2026-08-05 09:52:00,NAUT,,1.0099999904632568,1.0099999904632568,1.0099999904632568,1.0099999904632568,758.0
2026-08-05 09:52:00,NAVI,,9.119999885559082,9.140000343322754,9.119999885559082,9.138400077819824,3331.0
2026-08-05 09:52:00,NB,,5.170000076293945,5.179999828338623,5.170000076293945,5.179999828338623,8938.0
2026-08-05 09:52:00,NBIX,,165.22000122070312,165.25,165.19500732421875,165.25,905.0
2026-08-05 09:52:00,NCMI,,4.119999885559082,4.119999885559082,4.110000133514404,4.119999885559082,2157.0
2026-08-05 09:52:00,NDAQ,,94.43000030517578,94.56999969482422,94.43000030517578,94.47000122070312,59737.0
2026-08-05 09:52:00,NEO,,16.15999984741211,16.190000534057617,16.15999984741211,16.190000534057617,6228.0
2026-08-05 09:52:00,NEOG,,11.609999656677246,11.609999656677246,11.579999923706055,11.579999923706055,4135.0
2026-08-05 09:52:00,NEON,,0.9272000193595886,0.9272000193595886,0.9272000193595886,0.9272000193595886,1929.0
2026-08-05 09:52:00,NEOV,,2.859999895095825,2.880000114440918,2.8531999588012695,2.880000114440918,3530.0
2026-08-05 09:52:00,NESR,,29.075000762939453,29.199899673461914,29.075000762939453,29.199899673461914,983.0
2026-08-05 09:52:00,NEXT,,6.489999771118164,6.5,6.489999771118164,6.5,2512.0
2026-08-05 09:52:00,NFLX,,73.95999908447266,73.98500061035156,73.83000183105469,73.97000122070312,80597.0
2026-08-05 09:52:00,NICE,,96.01000213623047,96.33999633789062,96.01000213623047,96.33000183105469,4457.0
2026-08-05 09:52:00,NKTR,,73.33000183105469,73.88999938964844,73.33000183105469,73.88999938964844,3043.0
2026-08-05 09:52:00,NKTX,,2.25,2.25,2.25,2.25,583.0
2026-08-05 09:52:00,NMFC,,7.320000171661377,7.320000171661377,7.309999942779541,7.309999942779541,2277.0
2026-08-05 09:52:00,NMRA,,1.5750000476837158,1.5750000476837158,1.565000057220459,1.565000057220459,5684.0
2026-08-05 09:52:00,NMRK,,15.600000381469727,15.600000381469727,15.600000381469727,15.600000381469727,559.0
2026-08-05 09:52:00,NN,,14.050000190734863,14.0600004196167,14.03499984741211,14.050000190734863,4462.0
2026-08-05 09:52:00,NNBR,,3.8399999141693115,3.880000114440918,3.8399999141693115,3.859999895095825,7089.0
2026-08-05 09:52:00,NNOX,,1.054900050163269,1.054900050163269,1.054900050163269,1.054900050163269,200.0
2026-08-05 09:52:00,NPCE,,13.882699966430664,13.882699966430664,13.882699966430664,13.882699966430664,557.0
2026-08-05 09:52:00,NRDS,,9.170000076293945,9.170000076293945,9.170000076293945,9.170000076293945,453.0
2026-08-05 09:52:00,NRIM,,27.06999969482422,27.06999969482422,27.06999969482422,27.06999969482422,444.0
2026-08-05 09:52:00,NRIX,,25.1200008392334,25.149999618530273,25.059999465942383,25.059999465942383,4777.0
2026-08-05 09:52:00,NRXP,,3.0260000228881836,3.0260000228881836,3.0051000118255615,3.014899969100952,3500.0
2026-08-05 09:52:00,NTAP,,190.61000061035156,191.47000122070312,190.60000610351562,191.2949981689453,6893.0
2026-08-05 09:52:00,NTES,,128.25999450683594,128.25999450683594,128.24000549316406,128.24000549316406,311.0
2026-08-05 09:52:00,NTNX,,61.02000045776367,61.040000915527344,60.900001525878906,61.040000915527344,14219.0
2026-08-05 09:52:00,NTRA,,276.375,276.375,276.375,276.375,2187.0
2026-08-05 09:52:00,NTRS,,185.0500030517578,185.0500030517578,184.97000122070312,184.97000122070312,1344.0
2026-08-05 09:52:00,NTWK,,4.340000152587891,4.340000152587891,4.340000152587891,4.340000152587891,1141.0
2026-08-05 09:52:00,NUWE,,1.7496999502182007,1.7496999502182007,1.7403000593185425,1.7403000593185425,2889.0
2026-08-05 09:52:00,NVAX,,7.71999979019165,7.730000019073486,7.710000038146973,7.724999904632568,9300.0
2026-08-05 09:52:00,NVCR,,16.040000915527344,16.040000915527344,16.040000915527344,16.040000915527344,1361.0
2026-08-05 09:52:00,NVDA,,220.02999877929688,220.16990661621094,219.60009765625,219.69000244140625,553430.0
2026-08-05 09:52:00,NVEC,,129.52999877929688,129.52999877929688,129.33999633789062,129.33999633789062,334.0
2026-08-05 09:52:00,NVMI,,414.2200012207031,414.8299865722656,414.2200012207031,414.82000732421875,606.0
2026-08-05 09:52:00,NVTS,,12.739999771118164,12.800000190734863,12.710000038146973,12.789999961853027,45068.0
2026-08-05 09:52:00,NWBI,,16.0,16.0,15.979999542236328,15.979999542236328,4059.0
2026-08-05 09:52:00,NWL,,6.03000020980835,6.03000020980835,6.010000228881836,6.010000228881836,4732.0
2026-08-05 09:52:00,NWS,,32.400001525878906,32.400001525878906,32.369998931884766,32.369998931884766,2579.0
2026-08-05 09:52:00,NWSA,,28.270000457763672,28.280000686645508,28.235000610351562,28.235000610351562,14433.0
2026-08-05 09:52:00,NXPI,,235.89999389648438,236.63999938964844,235.8000030517578,236.27499389648438,8049.0
2026-08-05 09:52:00,NXT,,99.02999877929688,99.23999786376953,98.88999938964844,99.23999786376953,3223.0
2026-08-05 09:52:00,NXTC,,5.613900184631348,5.613900184631348,5.613900184631348,5.613900184631348,6428.0
2026-08-05 09:52:00,OCFC,,19.770000457763672,19.770000457763672,19.770000457763672,19.770000457763672,650.0
2026-08-05 09:52:00,OCGN,,1.2899999618530273,1.2949999570846558,1.2899999618530273,1.2900999784469604,4077.0
2026-08-05 09:52:00,OCS,,11.970000267028809,11.970000267028809,11.970000267028809,11.970000267028809,249.0
2026-08-05 09:52:00,OCSL,,12.09000015258789,12.09000015258789,12.09000015258789,12.09000015258789,67.0
2026-08-05 09:52:00,OCUL,,8.770000457763672,8.770000457763672,8.750200271606445,8.750200271606445,3304.0
2026-08-05 09:52:00,ODFL,,219.1699981689453,219.67999267578125,219.1699981689453,219.49000549316406,4463.0
2026-08-05 09:52:00,OESX,,16.25,16.25,15.941200256347656,16.15999984741211,7689.0
2026-08-05 09:52:00,OFIX,,10.619999885559082,10.630000114440918,10.619999885559082,10.630000114440918,582.0
2026-08-05 09:52:00,OGI,,0.9670000076293945,0.9670000076293945,0.9670000076293945,0.9670000076293945,607.0
2026-08-05 09:52:00,OKTA,,148.52999877929688,148.8000030517578,148.32000732421875,148.8000030517578,7156.0
2026-08-05 09:52:00,OLLI,,77.16000366210938,77.16000366210938,76.91000366210938,76.91000366210938,3147.0
2026-08-05 09:52:00,OMER,,12.779899597167969,12.779999732971191,12.779899597167969,12.779899597167969,1391.0
2026-08-05 09:52:00,OMH,,0.10930000245571136,0.10939999669790268,0.10909999907016754,0.10920000076293945,61964.0
2026-08-05 09:52:00,ON,,80.05999755859375,80.2490005493164,79.9800033569336,80.13500213623047,22412.0
2026-08-05 09:52:00,ONB,,27.15999984741211,27.15999984741211,27.1299991607666,27.1299991607666,3725.0
2026-08-05 09:52:00,ONCO,,0.8098000288009644,0.8098000288009644,0.8098000288009644,0.8098000288009644,2369.0
2026-08-05 09:52:00,ONCY,,0.7991999983787537,0.7991999983787537,0.7990999817848206,0.7990999817848206,1591.0
2026-08-05 09:52:00,ONDS,,8.925000190734863,8.960000038146973,8.90999984741211,8.930000305175781,88088.0
2026-08-05 09:52:00,ONFO,,0.07400000095367432,0.07440000027418137,0.07360000163316727,0.07410000264644623,255881.0
2026-08-05 09:52:00,OPCH,,23.3700008392334,23.3799991607666,23.290000915527344,23.290000915527344,3713.0
2026-08-05 09:52:00,OPEN,,3.7799999713897705,3.7899999618530273,3.7699999809265137,3.7799999713897705,161016.0
2026-08-05 09:52:00,OPHC,,8.859999656677246,8.859999656677246,8.859999656677246,8.859999656677246,102.0
2026-08-05 09:52:00,OPK,,1.309999942779541,1.309999942779541,1.309999942779541,1.309999942779541,7710.0
2026-08-05 09:52:00,ORGO,,2.3499999046325684,2.359999895095825,2.3499999046325684,2.359999895095825,4973.0
2026-08-05 09:52:00,ORIC,,13.475000381469727,13.475000381469727,13.460000038146973,13.460000038146973,1102.0
2026-08-05 09:52:00,ORLY,,93.0199966430664,93.02999877929688,92.80999755859375,92.8499984741211,35634.0
2026-08-05 09:52:00,ORRF,,43.619998931884766,43.619998931884766,43.619998931884766,43.619998931884766,273.0
2026-08-05 09:52:00,OSS,,13.75,13.77929973602295,13.600000381469727,13.75,4387.0
2026-08-05 09:52:00,OSUR,,4.179999828338623,4.179999828338623,4.179999828338623,4.179999828338623,519.0
2026-08-05 09:52:00,OTEX,,25.9950008392334,26.03499984741211,25.9950008392334,26.03499984741211,4377.0
2026-08-05 09:52:00,OTLK,,0.9998999834060669,0.9998999834060669,0.9900000095367432,0.994700014591217,1539.0
2026-08-05 09:52:00,OTLY,,14.39009952545166,14.39009952545166,14.350000381469727,14.390000343322754,1015.0
2026-08-05 09:52:00,OXLC,,9.175000190734863,9.178000450134277,9.164999961853027,9.164999961853027,6059.0
2026-08-05 09:52:00,OXSQ,,1.4900000095367432,1.4900000095367432,1.4800000190734863,1.4889999628067017,1239.0
2026-08-05 09:52:00,PAA,,23.264999389648438,23.329999923706055,23.264999389648438,23.329999923706055,9963.0
2026-08-05 09:52:00,PAAS,,47.66999816894531,47.66999816894531,47.5,47.5,23456.0
2026-08-05 09:52:00,PACB,,1.434999942779541,1.434999942779541,1.434999942779541,1.434999942779541,6484.0
2026-08-05 09:52:00,PAGP,,25.150100708007812,25.219999313354492,25.149999618530273,25.219999313354492,3138.0
2026-08-05 09:52:00,PANW,,367.489990234375,367.5151062011719,366.4100036621094,367.260009765625,19967.0
2026-08-05 09:52:00,PAVS,,4.829999923706055,4.829999923706055,4.829999923706055,4.829999923706055,200.0
2026-08-05 09:52:00,PAX,,11.4350004196167,11.4350004196167,11.4350004196167,11.4350004196167,437.0
2026-08-05 09:52:00,PAYO,,7.130000114440918,7.130000114440918,7.125,7.130000114440918,2670.0
2026-08-05 09:52:00,PAYX,,117.47000122070312,117.5,117.36000061035156,117.4000015258789,6181.0
2026-08-05 09:52:00,PBYI,,7.949999809265137,7.949999809265137,7.940000057220459,7.940000057220459,2276.0
2026-08-05 09:52:00,PCAR,,135.90499877929688,135.97000122070312,135.90499877929688,135.9499969482422,3961.0
2026-08-05 09:52:00,PCRX,,26.670000076293945,26.670000076293945,26.639999389648438,26.639999389648438,1334.0
2026-08-05 09:52:00,PCT,,6.954999923706055,6.96999979019165,6.909999847412109,6.925000190734863,61219.0
2026-08-05 09:52:00,PCTY,,145.4499969482422,146.9199981689453,145.4499969482422,145.8000030517578,9526.0
2026-08-05 09:52:00,PDD,,91.48999786376953,91.48999786376953,91.30000305175781,91.33999633789062,25518.0
2026-08-05 09:52:00,PEBK,,43.27000045776367,43.27000045776367,43.2400016784668,43.25,831.0
2026-08-05 09:52:00,PEGA,,31.56999969482422,31.56999969482422,31.56999969482422,31.56999969482422,868.0
2026-08-05 09:52:00,PENN,,20.06999969482422,20.06999969482422,20.05500030517578,20.05500030517578,1632.0
2026-08-05 09:52:00,PEP,,138.5050048828125,138.52000427246094,138.30499267578125,138.32000732421875,8375.0
2026-08-05 09:52:00,PERI,,9.640000343322754,9.640000343322754,9.640000343322754,9.640000343322754,635.0
2026-08-05 09:52:00,PFG,,115.54000091552734,115.66999816894531,115.54000091552734,115.61000061035156,1479.0
2026-08-05 09:52:00,PFX,,43.75,43.75,43.75,43.75,13219.0
2026-08-05 09:52:00,PGEN,,6.730000019073486,6.755000114440918,6.699999809265137,6.739999771118164,50447.0
2026-08-05 09:52:00,PGNY,,31.209999084472656,31.209999084472656,31.209999084472656,31.209999084472656,445.0
2026-08-05 09:52:00,PGY,,21.606300354003906,21.629899978637695,21.579999923706055,21.600000381469727,5063.0
2026-08-05 09:52:00,PHAT,,8.576199531555176,8.579999923706055,8.54319953918457,8.54319953918457,9936.0
2026-08-05 09:52:00,PHVS,,33.8849983215332,33.8849983215332,33.8849983215332,33.8849983215332,1117.0
2026-08-05 09:52:00,PLAB,,32.564998626708984,32.609500885009766,32.5099983215332,32.609500885009766,5474.0
2026-08-05 09:52:00,PLBY,,1.2300000190734863,1.2300000190734863,1.2300000190734863,1.2300000190734863,304.0
2026-08-05 09:52:00,PLMR,,137.64999389648438,137.64999389648438,137.64999389648438,137.64999389648438,629.0
2026-08-05 09:52:00,PLPC,,445.3700866699219,454.1300048828125,445.3700866699219,445.3700866699219,2167.0
2026-08-05 09:52:00,PLTK,,3.994999885559082,3.994999885559082,3.990000009536743,3.990000009536743,1477.0
2026-08-05 09:52:00,PLUG,,2.125,2.130000114440918,2.119999885559082,2.125,57932.0
2026-08-05 09:52:00,PNBK,,1.1299999952316284,1.1299999952316284,1.1299999952316284,1.1299999952316284,202.0
2026-08-05 09:52:00,PNFP,,108.55000305175781,108.77999877929688,108.45999908447266,108.7699966430664,1036.0
2026-08-05 09:52:00,PNRG,,183.50999450683594,183.50999450683594,183.50999450683594,183.50999450683594,1044.0
2026-08-05 09:52:00,POET,,8.369600296020508,8.40999984741211,8.359999656677246,8.40999984741211,21067.0
2026-08-05 09:52:00,POOL,,202.44000244140625,202.44000244140625,202.44000244140625,202.44000244140625,1269.0
2026-08-05 09:52:00,POWL,,212.80499267578125,212.80499267578125,212.80499267578125,212.80499267578125,195.0
2026-08-05 09:52:00,PPC,,26.809999465942383,26.809999465942383,26.760000228881836,26.760000228881836,2758.0
2026-08-05 09:52:00,PPTA,,22.25,22.25,22.18000030517578,22.18000030517578,1701.0
2026-08-05 09:52:00,PRAX,,317.260009765625,319.04998779296875,317.260009765625,318.2300109863281,896.0
2026-08-05 09:52:00,PRCH,,16.1299991607666,16.1299991607666,16.116600036621094,16.116600036621094,664.0
2026-08-05 09:52:00,PRCT,,18.424999237060547,18.424999237060547,18.219999313354492,18.239999771118164,8044.0
2026-08-05 09:52:00,PRFX,,1.1200000047683716,1.1200000047683716,1.1200000047683716,1.1200000047683716,0.0
2026-08-05 09:52:00,PRIM,,89.11000061035156,89.11000061035156,89.11000061035156,89.11000061035156,774.0
2026-08-05 09:52:00,PRLD,,4.505000114440918,4.505000114440918,4.489999771118164,4.489999771118164,506.0
2026-08-05 09:52:00,PRME,,2.944999933242798,2.944999933242798,2.944000005722046,2.944999933242798,7842.0
2026-08-05 09:52:00,PRQR,,1.8949999809265137,1.8949999809265137,1.8949999809265137,1.8949999809265137,559.0
2026-08-05 09:52:00,PRTA,,8.600000381469727,8.600000381469727,8.600000381469727,8.600000381469727,822.0
2026-08-05 09:52:00,PRVA,,23.739999771118164,23.739999771118164,23.739999771118164,23.739999771118164,403.0
2026-08-05 09:52:00,PRZO,,0.5453000068664551,0.5453000068664551,0.5453000068664551,0.5453000068664551,4082.0
2026-08-05 09:52:00,PSEC,,2.2149999141693115,2.2149999141693115,2.2100000381469727,2.2100000381469727,1310.0
2026-08-05 09:52:00,PSNL,,13.510000228881836,13.524999618530273,13.510000228881836,13.524999618530273,1608.0
2026-08-05 09:52:00,PTC,,141.75999450683594,141.75999450683594,141.75999450683594,141.75999450683594,184.0
2026-08-05 09:52:00,PTCT,,69.5,69.5,69.5,69.5,399.0
2026-08-05 09:52:00,PTEN,,9.930000305175781,9.979999542236328,9.930000305175781,9.979999542236328,9329.0
2026-08-05 09:52:00,PTLO,,4.510000228881836,4.510000228881836,4.5,4.5,2926.0
2026-08-05 09:52:00,PTON,,6.534999847412109,6.539999961853027,6.525000095367432,6.525000095367432,9338.0
2026-08-05 09:52:00,PUBM,,13.680000305175781,13.680000305175781,13.600000381469727,13.600000381469727,7438.0
2026-08-05 09:52:00,PWP,,17.184999465942383,17.184999465942383,17.18000030517578,17.18000030517578,1395.0
2026-08-05 09:52:00,PYPD,,4.460000038146973,4.460000038146973,4.460000038146973,4.460000038146973,221.0
2026-08-05 09:52:00,PYPL,,58.81999969482422,58.83000183105469,58.72999954223633,58.72999954223633,43774.0
2026-08-05 09:52:00,PYXS,,3.240000009536743,3.240000009536743,3.2300000190734863,3.2300000190734863,1879.0
2026-08-05 09:52:00,PZZA,,30.530000686645508,30.530000686645508,30.530000686645508,30.530000686645508,137.0
2026-08-05 09:52:00,QCOM,,162.24000549316406,162.27999877929688,161.9600067138672,162.1750030517578,35569.0
2026-08-05 09:52:00,QFIN,,13.319999694824219,13.324999809265137,13.319999694824219,13.324999809265137,1422.0
2026-08-05 09:52:00,QRVO,,95.5199966430664,95.52999877929688,95.5199966430664,95.52999877929688,620.0
2026-08-05 09:52:00,SEED,,0.9197999835014343,0.9370999932289124,0.9150000214576721,0.9296000003814697,8409.0
2026-08-05 09:52:00,STIM,,2.3203001022338867,2.3239998817443848,2.3203001022338867,2.3239998817443848,464.0
2026-08-05 09:52:00,WOOF,,2.9549999237060547,2.9600000381469727,2.950000047683716,2.950000047683716,7968.0
2026-08-05 09:53:00,ACDC,,4.28000020980835,4.28000020980835,4.28000020980835,4.28000020980835,821.0
2026-08-05 09:53:00,EYE,,23.450000762939453,23.469999313354492,23.450000762939453,23.459999084472656,3806.0
2026-08-05 09:53:00,GLUE,,16.579999923706055,16.584999084472656,16.579999923706055,16.584999084472656,454.0
2026-08-05 09:53:00,KITT,,1.070099949836731,1.070099949836731,1.070099949836731,1.070099949836731,213.0
2026-08-05 09:53:00,LUNG,,1.899999976158142,1.899999976158142,1.8849999904632568,1.8849999904632568,19483.0
2026-08-05 09:53:00,MBRX,,0.4009999930858612,0.4009999930858612,0.4009999930858612,0.4009999930858612,524.0
2026-08-05 09:53:00,MDB,,375.6400146484375,375.69500732421875,375.19000244140625,375.6300048828125,989.0
2026-08-05 09:53:00,MDLZ,,61.619998931884766,61.654998779296875,61.560001373291016,61.560001373291016,36602.0
2026-08-05 09:53:00,MLTX,,17.93000030517578,17.959999084472656,17.920000076293945,17.959999084472656,2494.0
2026-08-05 09:53:00,MNPR,,114.5000991821289,114.5000991821289,114.5000991821289,114.5000991821289,3432.0
2026-08-05 09:53:00,MNRO,,13.380000114440918,13.420000076293945,13.380000114440918,13.420000076293945,1411.0
2026-08-05 09:53:00,MNST,,94.30999755859375,94.30999755859375,94.23999786376953,94.23999786376953,8194.0
2026-08-05 09:53:00,MNTS,,4.460000038146973,4.465000152587891,4.449999809265137,4.465000152587891,7626.0
2026-08-05 09:53:00,MORN,,199.98500061035156,199.98500061035156,199.98500061035156,199.98500061035156,218.0
2026-08-05 09:53:00,MOVE,,12.40999984741211,12.40999984741211,12.380000114440918,12.380000114440918,827.0
2026-08-05 09:53:00,MPWR,,1350.3050537109375,1351.8900146484375,1346.510009765625,1346.800048828125,1239.0
2026-08-05 09:53:00,MRNA,,58.86000061035156,58.91999816894531,58.630001068115234,58.77000045776367,176725.0
2026-08-05 09:53:00,MYGN,,3.174999952316284,3.174999952316284,3.1700000762939453,3.1700000762939453,9041.0
2026-08-05 09:53:00,MYRG,,348.67999267578125,348.67999267578125,348.67999267578125,348.67999267578125,197.0
2026-08-05 09:53:00,NAMS,,27.0,27.0,26.71500015258789,26.799999237060547,23358.0
2026-08-05 09:53:00,NAVI,,9.119999885559082,9.119999885559082,9.119999885559082,9.119999885559082,915.0
2026-08-05 09:53:00,NB,,5.179999828338623,5.190000057220459,5.168000221252441,5.168499946594238,9827.0
2026-08-05 09:53:00,NBIX,,165.1999969482422,165.1999969482422,165.1999969482422,165.1999969482422,690.0
2026-08-05 09:53:00,NBN,,134.3699951171875,134.3699951171875,134.35000610351562,134.35000610351562,2826.0
2026-08-05 09:53:00,NCRA,,1.8650000095367432,1.8650000095367432,1.8650000095367432,1.8650000095367432,200.0
2026-08-05 09:53:00,NDAQ,,94.37999725341797,94.41999816894531,94.31999969482422,94.4000015258789,6038.0
2026-08-05 09:53:00,NEO,,16.204999923706055,16.209999084472656,16.190000534057617,16.190000534057617,4662.0
2026-08-05 09:53:00,NEOG,,11.625,11.625,11.625,11.625,1565.0
2026-08-05 09:53:00,NEOV,,2.859999895095825,2.869999885559082,2.859999895095825,2.869999885559082,20251.0
2026-08-05 09:53:00,NESR,,29.170000076293945,29.170000076293945,29.049999237060547,29.075000762939453,861.0
2026-08-05 09:53:00,NEXT,,6.510000228881836,6.510000228881836,6.465000152587891,6.4899001121521,10735.0
2026-08-05 09:53:00,NFE,,0.3393000066280365,0.3393000066280365,0.3393000066280365,0.3393000066280365,344.0
2026-08-05 09:53:00,NFLX,,73.94000244140625,74.05000305175781,73.94000244140625,73.95999908447266,88980.0
2026-08-05 09:53:00,NHIC,,10.684100151062012,10.684100151062012,10.684100151062012,10.684100151062012,152.0
2026-08-05 09:53:00,NICE,,95.79000091552734,96.01000213623047,95.70999908447266,96.0,2209.0
2026-08-05 09:53:00,NIU,,2.5039000511169434,2.5039000511169434,2.5039000511169434,2.5039000511169434,350.0
2026-08-05 09:53:00,NKTR,,73.29499816894531,73.29499816894531,73.29000091552734,73.29000091552734,275.0
2026-08-05 09:53:00,NKTX,,2.259999990463257,2.259999990463257,2.259999990463257,2.259999990463257,991.0
2026-08-05 09:53:00,NMFC,,7.340000152587891,7.340000152587891,7.329999923706055,7.329999923706055,9229.0
2026-08-05 09:53:00,NN,,14.059599876403809,14.0649995803833,14.050000190734863,14.050000190734863,1062.0
2026-08-05 09:53:00,NNBR,,3.869999885559082,3.869999885559082,3.859999895095825,3.859999895095825,888.0
2026-08-05 09:53:00,NNDM,,1.590000033378601,1.590000033378601,1.590000033378601,1.590000033378601,1206.0
2026-08-05 09:53:00,NNOX,,1.059000015258789,1.059000015258789,1.059000015258789,1.059000015258789,900.0
2026-08-05 09:53:00,NODK,,15.4399995803833,15.489999771118164,15.4399995803833,15.489999771118164,0.0
2026-08-05 09:53:00,NRDS,,9.15999984741211,9.15999984741211,9.15999984741211,9.15999984741211,794.0
2026-08-05 09:53:00,NRIX,,25.139999389648438,25.139999389648438,25.05500030517578,25.079999923706055,2988.0
2026-08-05 09:53:00,NTAP,,191.41000366210938,191.41000366210938,190.7449951171875,190.7449951171875,7110.0
2026-08-05 09:53:00,NTES,,128.3249969482422,128.3249969482422,128.24000549316406,128.25999450683594,673.0
2026-08-05 09:53:00,NTNX,,60.915000915527344,60.970001220703125,60.915000915527344,60.970001220703125,2350.0
2026-08-05 09:53:00,NTRA,,276.3900146484375,276.3900146484375,276.3900146484375,276.3900146484375,976.0
2026-08-05 09:53:00,NUWE,,1.7799999713897705,1.7799999713897705,1.7300000190734863,1.7450000047683716,24888.0
2026-08-05 09:53:00,NVAX,,7.710000038146973,7.7179999351501465,7.700300216674805,7.710000038146973,3935.0
2026-08-05 09:53:00,NVDA,,219.9600067138672,220.35000610351562,219.7949981689453,220.03500366210938,679549.0
2026-08-05 09:53:00,NVTS,,12.760000228881836,12.789999961853027,12.71500015258789,12.720000267028809,21538.0
2026-08-05 09:53:00,NVX,,0.39980000257492065,0.39989998936653137,0.3970000147819519,0.3970000147819519,824.0
2026-08-05 09:53:00,NWBI,,15.989999771118164,16.0,15.989999771118164,16.0,717.0
2026-08-05 09:53:00,NWL,,6.025000095367432,6.03000020980835,6.025000095367432,6.03000020980835,2336.0
2026-08-05 09:53:00,NWS,,32.404998779296875,32.40999984741211,32.39500045776367,32.39500045776367,2578.0
2026-08-05 09:53:00,NWSA,,28.270000457763672,28.290000915527344,28.270000457763672,28.274999618530273,6894.0
2026-08-05 09:53:00,NXPI,,236.41000366210938,236.4949951171875,235.77999877929688,235.8000030517578,5753.0
2026-08-05 09:53:00,NXT,,99.58499908447266,99.98999786376953,99.26000213623047,99.26000213623047,4032.0
2026-08-05 09:53:00,OCGN,,1.2899999618530273,1.2969000339508057,1.2899999618530273,1.292799949645996,10438.0
2026-08-05 09:53:00,OCSL,,12.09000015258789,12.09000015258789,12.09000015258789,12.09000015258789,545.0
2026-08-05 09:53:00,OCUL,,8.755999565124512,8.760000228881836,8.755999565124512,8.760000228881836,1239.0
2026-08-05 09:53:00,ODD,,15.319999694824219,15.319999694824219,15.319999694824219,15.319999694824219,165.0
2026-08-05 09:53:00,ODFL,,219.17999267578125,219.27000427246094,219.14999389648438,219.27000427246094,2151.0
2026-08-05 09:53:00,OESX,,16.045000076293945,16.38990020751953,15.652099609375,16.093900680541992,13051.0
2026-08-05 09:53:00,OFIX,,10.460000038146973,10.600000381469727,10.460000038146973,10.600000381469727,2621.0
2026-08-05 09:53:00,OKTA,,148.70010375976562,148.70010375976562,148.6699981689453,148.6699981689453,3231.0
2026-08-05 09:53:00,OLLI,,77.16500091552734,77.16500091552734,76.91500091552734,76.91500091552734,1329.0
2026-08-05 09:53:00,OMER,,12.765000343322754,12.765000343322754,12.765000343322754,12.765000343322754,425.0
2026-08-05 09:53:00,OMEX,,0.7402999997138977,0.7402999997138977,0.732200026512146,0.7361999750137329,2186.0
2026-08-05 09:53:00,OMH,,0.11010000109672546,0.11010000109672546,0.10930000245571136,0.10939999669790268,0.0
2026-08-05 09:53:00,ON,,80.22000122070312,80.37999725341797,80.0,80.0999984741211,45635.0
2026-08-05 09:53:00,ONB,,27.149999618530273,27.149999618530273,27.149999618530273,27.149999618530273,1810.0
2026-08-05 09:53:00,ONDS,,8.920000076293945,8.949999809265137,8.899999618530273,8.920000076293945,139630.0
2026-08-05 09:53:00,ONFO,,0.07530000060796738,0.07530000060796738,0.07400000095367432,0.07440000027418137,284128.0
2026-08-05 09:53:00,OPEN,,3.799999952316284,3.799999952316284,3.7799999713897705,3.789900064468384,110161.0
2026-08-05 09:53:00,OPHC,,8.84000015258789,8.84000015258789,8.84000015258789,8.84000015258789,200.0
2026-08-05 09:53:00,OPK,,1.309999942779541,1.309999942779541,1.3049999475479126,1.3049999475479126,1273.0
2026-08-05 09:53:00,OPRA,,20.405000686645508,20.43000030517578,20.405000686645508,20.43000030517578,1335.0
2026-08-05 09:53:00,ORGO,,2.3450000286102295,2.349900007247925,2.3450000286102295,2.3450000286102295,5477.0
2026-08-05 09:53:00,ORIC,,13.475000381469727,13.475000381469727,13.475000381469727,13.475000381469727,833.0
2026-08-05 09:53:00,ORLY,,93.08999633789062,93.0999984741211,93.01000213623047,93.04000091552734,20602.0
2026-08-05 09:53:00,OSBC,,25.809999465942383,25.809999465942383,25.809999465942383,25.809999465942383,1141.0
2026-08-05 09:53:00,OSIS,,236.12750244140625,236.12750244140625,236.12750244140625,236.12750244140625,120.0
2026-08-05 09:53:00,OSPN,,16.829999923706055,16.829999923706055,16.829999923706055,16.829999923706055,376.0
2026-08-05 09:53:00,OSS,,13.649999618530273,13.774999618530273,13.560099601745605,13.760000228881836,8852.0
2026-08-05 09:53:00,OTEX,,26.020000457763672,26.020000457763672,26.020000457763672,26.020000457763672,1990.0
2026-08-05 09:53:00,OTLK,,0.9950000047683716,0.9995999932289124,0.9950000047683716,0.9950000047683716,5110.0
2026-08-05 09:53:00,OTTR,,91.83000183105469,91.83000183105469,91.83000183105469,91.83000183105469,303.0
2026-08-05 09:53:00,OVID,,2.555000066757202,2.555000066757202,2.5399999618530273,2.5399999618530273,30121.0
2026-08-05 09:53:00,OXLC,,9.175000190734863,9.175000190734863,9.170000076293945,9.170000076293945,609.0
2026-08-05 09:53:00,OXSQ,,1.489400029182434,1.489400029182434,1.4800000190734863,1.4800000190734863,2099.0
2026-08-05 09:53:00,PAA,,23.280000686645508,23.280000686645508,23.2549991607666,23.260000228881836,5257.0
2026-08-05 09:53:00,PAAS,,47.65999984741211,47.769500732421875,47.6349983215332,47.650001525878906,14968.0
2026-08-05 09:53:00,PACB,,1.4299999475479126,1.434999942779541,1.4299999475479126,1.434999942779541,1531.0
2026-08-05 09:53:00,PAGP,,25.174999237060547,25.174999237060547,25.139999389648438,25.145000457763672,7807.0
2026-08-05 09:53:00,PALI,,2.0899999141693115,2.0899999141693115,2.0899999141693115,2.0899999141693115,2122.0
2026-08-05 09:53:00,PANL,,7.389999866485596,7.389999866485596,7.389999866485596,7.389999866485596,224.0
2026-08-05 09:53:00,PANW,,367.75,367.8599853515625,366.82000732421875,367.4150085449219,10129.0
2026-08-05 09:53:00,PAVS,,4.900000095367432,4.900000095367432,4.900000095367432,4.900000095367432,201.0
2026-08-05 09:53:00,PAX,,11.449999809265137,11.449999809265137,11.449999809265137,11.449999809265137,964.0
2026-08-05 09:53:00,PAYO,,7.125,7.125,7.119999885559082,7.125,2543.0
2026-08-05 09:53:00,PAYS,,9.359999656677246,9.359999656677246,9.359999656677246,9.359999656677246,216.0
2026-08-05 09:53:00,PAYX,,117.16999816894531,117.5999984741211,117.16999816894531,117.5999984741211,3435.0
2026-08-05 09:53:00,PCAR,,136.03500366210938,136.22000122070312,135.91000366210938,135.91000366210938,7994.0
2026-08-05 09:53:00,PCRX,,26.709999084472656,26.709999084472656,26.709999084472656,26.709999084472656,167.0
2026-08-05 09:53:00,PCT,,6.980000019073486,6.980000019073486,6.940000057220459,6.949999809265137,8998.0
2026-08-05 09:53:00,PCTY,,145.6199951171875,146.0399932861328,145.24000549316406,145.60499572753906,7008.0
2026-08-05 09:53:00,PDD,,91.55000305175781,91.58000183105469,91.5,91.5,18378.0
2026-08-05 09:53:00,PDFS,,50.95000076293945,50.95000076293945,50.90999984741211,50.90999984741211,678.0
2026-08-05 09:53:00,PEBK,,43.369998931884766,43.369998931884766,43.369998931884766,43.369998931884766,208.0
2026-08-05 09:53:00,PEBO,,41.56999969482422,41.56999969482422,41.56999969482422,41.56999969482422,708.0
2026-08-05 09:53:00,PECO,,41.5,41.5,41.5,41.5,248.0
2026-08-05 09:53:00,PEGA,,31.5049991607666,31.649999618530273,31.5049991607666,31.649999618530273,727.0
2026-08-05 09:53:00,PENN,,20.079999923706055,20.09000015258789,20.079999923706055,20.09000015258789,2806.0
2026-08-05 09:53:00,PEP,,138.55999755859375,138.625,138.49749755859375,138.5399932861328,18221.0
2026-08-05 09:53:00,PEPG,,1.899999976158142,1.899999976158142,1.899999976158142,1.899999976158142,2691.0
2026-08-05 09:53:00,PESI,,17.600000381469727,17.600000381469727,17.594999313354492,17.594999313354492,455.0
2026-08-05 09:53:00,PFBC,,106.36000061035156,106.70999908447266,106.36000061035156,106.70999908447266,7392.0
2026-08-05 09:53:00,PGEN,,6.760000228881836,6.769999980926514,6.699999809265137,6.710000038146973,73110.0
2026-08-05 09:53:00,PGY,,21.549999237060547,21.6299991607666,21.549999237060547,21.6299991607666,6241.0
2026-08-05 09:53:00,PHAT,,8.570899963378906,8.570899963378906,8.555000305175781,8.5600004196167,15166.0
2026-08-05 09:53:00,PLAB,,32.619998931884766,32.619998931884766,32.5,32.5099983215332,3957.0
2026-08-05 09:53:00,PLBY,,1.2350000143051147,1.2350000143051147,1.2350000143051147,1.2350000143051147,4054.0
2026-08-05 09:53:00,PLMR,,137.64500427246094,137.64500427246094,137.64500427246094,137.64500427246094,1168.0
2026-08-05 09:53:00,PLRX,,1.0549999475479126,1.0549999475479126,1.0549999475479126,1.0549999475479126,1402.0
2026-08-05 09:53:00,PLSE,,37.51499938964844,37.51499938964844,37.51499938964844,37.51499938964844,143.0
2026-08-05 09:53:00,PLUG,,2.125,2.130000114440918,2.119999885559082,2.125,13881.0
2026-08-05 09:53:00,PNBK,,1.1349999904632568,1.1349999904632568,1.1349999904632568,1.1349999904632568,256.0
2026-08-05 09:53:00,PNFP,,108.22000122070312,108.6050033569336,108.20999908447266,108.55999755859375,3278.0
2026-08-05 09:53:00,PNTG,,38.279998779296875,38.279998779296875,38.279998779296875,38.279998779296875,1885.0
2026-08-05 09:53:00,POET,,8.375,8.404999732971191,8.34000015258789,8.359999656677246,29137.0
2026-08-05 09:53:00,POWI,,63.5,63.5,63.5,63.5,103.0
2026-08-05 09:53:00,POWL,,212.6300048828125,212.8000030517578,211.3000946044922,212.08999633789062,2405.0
2026-08-05 09:53:00,PPC,,26.829999923706055,26.84000015258789,26.81999969482422,26.81999969482422,2790.0
2026-08-05 09:53:00,PPTA,,22.310199737548828,22.344999313354492,22.229999542236328,22.239999771118164,7116.0
2026-08-05 09:53:00,PRCH,,16.125,16.125,16.125,16.125,429.0
2026-08-05 09:53:00,PRCT,,18.139999389648438,18.420000076293945,18.1299991607666,18.420000076293945,93111.0
2026-08-05 09:53:00,PRDO,,33.31999969482422,33.35499954223633,33.18000030517578,33.189998626708984,15168.0
2026-08-05 09:53:00,PRGS,,41.345001220703125,41.470001220703125,41.345001220703125,41.470001220703125,1698.0
2026-08-05 09:53:00,PRME,,2.944999933242798,2.9549999237060547,2.944999933242798,2.944999933242798,19611.0
2026-08-05 09:53:00,PRPL,,9.619999885559082,9.619999885559082,9.619999885559082,9.619999885559082,1289.0
2026-08-05 09:53:00,PSEC,,2.2149999141693115,2.2200000286102295,2.2100000381469727,2.210099935531616,10938.0
2026-08-05 09:53:00,PSNL,,13.550000190734863,13.5649995803833,13.529999732971191,13.529999732971191,1350.0
2026-08-05 09:53:00,PSNY,,14.199999809265137,14.199999809265137,14.199999809265137,14.199999809265137,320.0
2026-08-05 09:53:00,PTC,,142.1300048828125,142.1300048828125,142.1300048828125,142.1300048828125,1661.0
2026-08-05 09:53:00,PTEN,,9.9399995803833,9.9399995803833,9.919099807739258,9.920000076293945,8196.0
2026-08-05 09:53:00,PTLO,,4.519999980926514,4.519999980926514,4.518599987030029,4.519999980926514,1256.0
2026-08-05 09:53:00,PTON,,6.539999961853027,6.545000076293945,6.534999847412109,6.534999847412109,5888.0
2026-08-05 09:53:00,PUBM,,13.6899995803833,13.6899995803833,13.6899995803833,13.6899995803833,145.0
2026-08-05 09:53:00,PWP,,17.139999389648438,17.149999618530273,17.1200008392334,17.149999618530273,4709.0
2026-08-05 09:53:00,PYPD,,4.449999809265137,4.449999809265137,4.449999809265137,4.449999809265137,122.0
2026-08-05 09:53:00,PYPL,,58.7400016784668,58.845001220703125,58.72999954223633,58.82500076293945,17676.0
2026-08-05 09:53:00,PYXS,,3.240000009536743,3.240000009536743,3.234999895095825,3.240000009536743,14035.0
2026-08-05 09:53:00,PZZA,,30.514999389648438,30.540000915527344,30.514999389648438,30.540000915527344,6048.0
2026-08-05 09:53:00,QCOM,,162.29119873046875,162.4293975830078,162.0,162.10000610351562,21320.0
2026-08-05 09:53:00,QRVO,,95.43000030517578,95.6500015258789,95.43000030517578,95.54000091552734,2666.0
2026-08-05 09:53:00,SEED,,0.9200000166893005,0.9276000261306763,0.9200000166893005,0.9200000166893005,10910.0
2026-08-05 09:53:00,STIM,,2.3208999633789062,2.3299999237060547,2.3208999633789062,2.325000047683716,4279.0
2026-08-05 09:53:00,WOOF,,2.9549999237060547,2.9649999141693115,2.9549999237060547,2.9600000381469727,3872.0
2026-08-05 09:54:00,ACDC,,4.269999980926514,4.28000020980835,4.269999980926514,4.28000020980835,4573.0
2026-08-05 09:54:00,BPOP,,177.69000244140625,177.72999572753906,177.69000244140625,177.72999572753906,849.0
2026-08-05 09:54:00,DTIL,,7.46999979019165,7.46999979019165,7.46999979019165,7.46999979019165,1108.0
2026-08-05 09:54:00,EYE,,23.510000228881836,23.510000228881836,23.469999313354492,23.479999542236328,3672.0
2026-08-05 09:54:00,GLUE,,16.584999084472656,16.584999084472656,16.584999084472656,16.584999084472656,651.0
2026-08-05 09:54:00,IPDN,,0.4350999891757965,0.4350999891757965,0.4350999891757965,0.4350999891757965,363.0
2026-08-05 09:54:00,KIDS,,20.489999771118164,20.549999237060547,20.489999771118164,20.520000457763672,1487.0
2026-08-05 09:54:00,LUNG,,1.909999966621399,1.909999966621399,1.909999966621399,1.909999966621399,2573.0
2026-08-05 09:54:00,MBRX,,0.40709999203681946,0.40709999203681946,0.40709999203681946,0.40709999203681946,332.0
2026-08-05 09:54:00,MDB,,377.0849914550781,377.0849914550781,375.2200012207031,375.875,8323.0
2026-08-05 09:54:00,MDLZ,,61.665000915527344,61.72999954223633,61.619998931884766,61.630001068115234,34310.0
2026-08-05 09:54:00,MLTX,,18.079999923706055,18.079999923706055,18.079999923706055,18.079999923706055,239.0
2026-08-05 09:54:00,MNRO,,13.399999618530273,13.399999618530273,13.239999771118164,13.34000015258789,2106.0
2026-08-05 09:54:00,MNST,,94.4000015258789,94.41999816894531,94.26499938964844,94.31099700927734,6585.0
2026-08-05 09:54:00,MNTS,,4.44189977645874,4.460000038146973,4.44189977645874,4.449999809265137,1905.0
2026-08-05 09:54:00,MORN,,199.98500061035156,199.98500061035156,199.98500061035156,199.98500061035156,219.0
2026-08-05 09:54:00,MOVE,,12.332500457763672,12.332500457763672,12.271300315856934,12.271300315856934,2906.0
2026-08-05 09:54:00,MPAA,,13.859999656677246,13.859999656677246,13.854999542236328,13.854999542236328,969.0
2026-08-05 09:54:00,MPWR,,1351.0,1351.0,1344.4100341796875,1349.72998046875,1278.0
2026-08-05 09:54:00,MRNA,,59.31999969482422,59.31999969482422,58.900001525878906,58.939998626708984,56097.0
2026-08-05 09:54:00,NAMS,,27.18000030517578,27.209999084472656,27.0,27.0,67322.0
2026-08-05 09:54:00,NAVI,,9.119999885559082,9.119999885559082,9.119999885559082,9.119999885559082,1288.0
2026-08-05 09:54:00,NB,,5.170000076293945,5.199999809265137,5.164999961853027,5.190000057220459,8469.0
2026-08-05 09:54:00,NBIX,,165.6199951171875,165.6199951171875,165.44790649414062,165.44790649414062,4265.0
2026-08-05 09:54:00,NDSN,,312.1199951171875,312.1199951171875,311.3699951171875,311.3699951171875,734.0
2026-08-05 09:54:00,NEO,,16.229999542236328,16.229999542236328,16.209999084472656,16.209999084472656,1329.0
2026-08-05 09:54:00,NEOG,,11.640000343322754,11.640000343322754,11.625,11.625,5963.0
2026-08-05 09:54:00,NEOV,,2.880000114440918,2.880000114440918,2.859999895095825,2.859999895095825,6220.0
2026-08-05 09:54:00,NESR,,29.170000076293945,29.170000076293945,29.06999969482422,29.170000076293945,1721.0
2026-08-05 09:54:00,NEXT,,6.517600059509277,6.517600059509277,6.505000114440918,6.505000114440918,791.0
2026-08-05 09:54:00,NFLX,,74.04000091552734,74.08999633789062,73.91000366210938,73.93000030517578,97096.0
2026-08-05 09:54:00,NICE,,95.8499984741211,95.86000061035156,95.80000305175781,95.86000061035156,2361.0
2026-08-05 09:54:00,NKTR,,73.5625,73.7300033569336,73.5625,73.58000183105469,673.0
2026-08-05 09:54:00,NMFC,,7.349999904632568,7.349999904632568,7.329999923706055,7.329999923706055,6867.0
2026-08-05 09:54:00,NMIH,,44.52000045776367,44.52000045776367,44.470001220703125,44.470001220703125,1496.0
2026-08-05 09:54:00,NMRA,,1.5750000476837158,1.5750000476837158,1.5750000476837158,1.5750000476837158,670.0
2026-08-05 09:54:00,NMRK,,15.619999885559082,15.619999885559082,15.59000015258789,15.599800109863281,5471.0
2026-08-05 09:54:00,NN,,14.09000015258789,14.100000381469727,14.039999961853027,14.039999961853027,2838.0
2026-08-05 09:54:00,NNBR,,3.869999885559082,3.9000000953674316,3.869999885559082,3.869999885559082,13479.0
2026-08-05 09:54:00,NNDM,,1.5813000202178955,1.590000033378601,1.5813000202178955,1.590000033378601,1506.0
2026-08-05 09:54:00,NNOX,,1.0511000156402588,1.0511000156402588,1.0499999523162842,1.0499999523162842,1606.0
2026-08-05 09:54:00,NOVT,,159.5,159.5,159.5,159.5,1695.0
2026-08-05 09:54:00,NRIX,,25.229999542236328,25.229999542236328,25.18000030517578,25.18000030517578,2161.0
2026-08-05 09:54:00,NRSN,,0.5400000214576721,0.5400000214576721,0.5400000214576721,0.5400000214576721,7686.0
2026-08-05 09:54:00,NRXP,,3.0250000953674316,3.0250000953674316,3.0250000953674316,3.0250000953674316,550.0
2026-08-05 09:54:00,NTAP,,191.0500030517578,191.1699981689453,190.77000427246094,191.1699981689453,4154.0
2026-08-05 09:54:00,NTES,,128.3249969482422,128.3249969482422,128.24000549316406,128.25,1944.0
2026-08-05 09:54:00,NTNX,,60.779998779296875,60.915000915527344,60.779998779296875,60.869998931884766,9190.0
2026-08-05 09:54:00,NTRS,,185.05499267578125,185.05499267578125,185.05499267578125,185.05499267578125,529.0
2026-08-05 09:54:00,NUWE,,1.7649999856948853,1.815000057220459,1.7649999856948853,1.7999999523162842,8650.0
2026-08-05 09:54:00,NVAX,,7.739999771118164,7.739999771118164,7.71999979019165,7.71999979019165,16424.0
2026-08-05 09:54:00,NVCT,,19.90999984741211,19.90999984741211,19.90999984741211,19.90999984741211,450.0
2026-08-05 09:54:00,NVDA,,219.7899932861328,220.0,219.3699951171875,219.95010375976562,522512.0
2026-08-05 09:54:00,NVMI,,413.6499938964844,414.0299987792969,413.0899963378906,414.0299987792969,1220.0
2026-08-05 09:54:00,NVTS,,12.829999923706055,12.836099624633789,12.6899995803833,12.752799987792969,42873.0
2026-08-05 09:54:00,NVX,,0.4050000011920929,0.4050000011920929,0.4020000100135803,0.4020000100135803,36224.0
2026-08-05 09:54:00,NWBI,,16.00510025024414,16.00510025024414,16.0,16.0,3704.0
2026-08-05 09:54:00,NWL,,6.019999980926514,6.03000020980835,6.005000114440918,6.03000020980835,27191.0
2026-08-05 09:54:00,NWS,,32.400001525878906,32.43000030517578,32.400001525878906,32.40999984741211,5935.0
2026-08-05 09:54:00,NWSA,,28.280000686645508,28.299999237060547,28.260000228881836,28.280000686645508,6004.0
2026-08-05 09:54:00,NXGL,,0.42010000348091125,0.420199990272522,0.42010000348091125,0.420199990272522,1784.0
2026-08-05 09:54:00,NXPI,,236.85499572753906,236.85499572753906,236.1199951171875,236.22000122070312,5766.0
2026-08-05 09:54:00,NXST,,194.64500427246094,194.64500427246094,194.64500427246094,194.64500427246094,558.0
2026-08-05 09:54:00,NXT,,99.49500274658203,99.81990051269531,99.13500213623047,99.81990051269531,5139.0
2026-08-05 09:54:00,OABI,,1.9900000095367432,1.9950000047683716,1.9900000095367432,1.9900000095367432,1751.0
2026-08-05 09:54:00,OBT,,38.599998474121094,38.599998474121094,38.599998474121094,38.599998474121094,243.0
2026-08-05 09:54:00,OCFC,,19.790000915527344,19.790000915527344,19.774999618530273,19.774999618530273,1482.0
2026-08-05 09:54:00,OCGN,,1.2999999523162842,1.2999999523162842,1.2899999618530273,1.2899999618530273,3305.0
2026-08-05 09:54:00,OCS,,11.970000267028809,11.970000267028809,11.970000267028809,11.970000267028809,200.0
2026-08-05 09:54:00,OCSL,,12.145000457763672,12.170000076293945,12.09000015258789,12.09000015258789,34091.0
2026-08-05 09:54:00,OCUL,,8.760000228881836,8.760000228881836,8.755000114440918,8.755000114440918,1866.0
2026-08-05 09:54:00,ODD,,15.25160026550293,15.25160026550293,15.25160026550293,15.25160026550293,441.0
2026-08-05 09:54:00,ODFL,,219.55999755859375,219.55999755859375,219.125,219.125,2918.0
2026-08-05 09:54:00,OESX,,16.239900588989258,16.239900588989258,15.710000038146973,15.710000038146973,3821.0
2026-08-05 09:54:00,OFIX,,10.449999809265137,10.449999809265137,10.449999809265137,10.449999809265137,853.0
2026-08-05 09:54:00,OGI,,0.9670000076293945,0.9670000076293945,0.9670000076293945,0.9670000076293945,519.0
2026-08-05 09:54:00,OKTA,,148.42999267578125,148.85000610351562,148.27999877929688,148.6999969482422,3678.0
2026-08-05 09:54:00,OLLI,,77.30999755859375,77.30999755859375,76.88500213623047,76.88500213623047,2527.0
2026-08-05 09:54:00,OLMA,,11.819999694824219,11.824999809265137,11.819999694824219,11.824999809265137,900.0
2026-08-05 09:54:00,OMER,,12.800000190734863,12.800000190734863,12.789999961853027,12.789999961853027,1016.0
2026-08-05 09:54:00,OMEX,,0.732200026512146,0.732200026512146,0.732200026512146,0.732200026512146,1563.0
2026-08-05 09:54:00,OMH,,0.10999999940395355,0.10999999940395355,0.10899999737739563,0.10970000177621841,19120.0
2026-08-05 09:54:00,ON,,80.44999694824219,80.55500030517578,80.05999755859375,80.41000366210938,40856.0
2026-08-05 09:54:00,ONB,,27.155000686645508,27.15999984741211,27.149999618530273,27.149999618530273,4815.0
2026-08-05 09:54:00,ONBPO,,24.774999618530273,24.780000686645508,24.774999618530273,24.780000686645508,897.0
2026-08-05 09:54:00,ONDS,,8.914999961853027,8.930000305175781,8.869999885559082,8.920000076293945,118878.0
2026-08-05 09:54:00,ONFO,,0.07660000026226044,0.07680000364780426,0.07540000230073929,0.07599999755620956,198508.0
2026-08-05 09:54:00,ONMDW,,0.0348999984562397,0.0348999984562397,0.02810000069439411,0.03150000050663948,8350.0
2026-08-05 09:54:00,OPAL,,2.3499999046325684,2.3499999046325684,2.3499999046325684,2.3499999046325684,366.0
2026-08-05 09:54:00,OPCH,,23.329999923706055,23.329999923706055,23.329999923706055,23.329999923706055,954.0
2026-08-05 09:54:00,OPEN,,3.7899999618530273,3.799999952316284,3.7799999713897705,3.799999952316284,99057.0
2026-08-05 09:54:00,OPK,,1.309999942779541,1.309999942779541,1.309000015258789,1.309000015258789,1992.0
2026-08-05 09:54:00,OPRA,,20.325000762939453,20.399999618530273,20.325000762939453,20.399999618530273,2686.0
2026-08-05 09:54:00,ORGO,,2.3450000286102295,2.3450000286102295,2.3450000286102295,2.3450000286102295,322.0
2026-08-05 09:54:00,ORIC,,13.449999809265137,13.449999809265137,13.449999809265137,13.449999809265137,567.0
2026-08-05 09:54:00,ORLY,,93.12000274658203,93.26000213623047,93.08499908447266,93.08499908447266,14847.0
2026-08-05 09:54:00,OSBC,,25.799999237060547,25.799999237060547,25.799999237060547,25.799999237060547,499.0
2026-08-05 09:54:00,OSIS,,236.86000061035156,236.86000061035156,236.86000061035156,236.86000061035156,171.0
2026-08-05 09:54:00,OSPN,,16.770000457763672,16.770000457763672,16.719999313354492,16.760000228881836,2987.0
2026-08-05 09:54:00,OSS,,13.819999694824219,13.819999694824219,13.630000114440918,13.630000114440918,19281.0
2026-08-05 09:54:00,OTEX,,26.030000686645508,26.030000686645508,26.014999389648438,26.014999389648438,1293.0
2026-08-05 09:54:00,OTLK,,0.9969000220298767,0.9969000220298767,0.9919999837875366,0.9919999837875366,34796.0
2026-08-05 09:54:00,OTTR,,91.87999725341797,91.87999725341797,91.87999725341797,91.87999725341797,363.0
2026-08-05 09:54:00,OVID,,2.5450000762939453,2.555000066757202,2.5450000762939453,2.549999952316284,30791.0
2026-08-05 09:54:00,OXLC,,9.175000190734863,9.175000190734863,9.175000190734863,9.175000190734863,2742.0
2026-08-05 09:54:00,OXSQ,,1.4800000190734863,1.4800000190734863,1.4800000190734863,1.4800000190734863,1065.0
2026-08-05 09:54:00,PAA,,23.299999237060547,23.299999237060547,23.295000076293945,23.295000076293945,3136.0
2026-08-05 09:54:00,PAAS,,47.72999954223633,47.72999954223633,47.665000915527344,47.70500183105469,9378.0
2026-08-05 09:54:00,PACB,,1.440000057220459,1.440000057220459,1.4299999475479126,1.4299999475479126,2669.0
2026-08-05 09:54:00,PAGP,,25.19499969482422,25.19499969482422,25.174999237060547,25.174999237060547,4277.0
2026-08-05 09:54:00,PAHC,,37.18000030517578,37.18000030517578,37.18000030517578,37.18000030517578,645.0
2026-08-05 09:54:00,PALI,,2.0999999046325684,2.0999999046325684,2.0950000286102295,2.0950000286102295,34972.0
2026-08-05 09:54:00,PANL,,7.389999866485596,7.389999866485596,7.380000114440918,7.380000114440918,2016.0
2026-08-05 09:54:00,PANW,,367.19000244140625,367.4200134277344,366.5400085449219,367.3200988769531,13440.0
2026-08-05 09:54:00,PATK,,87.55500030517578,87.55500030517578,87.45999908447266,87.45999908447266,7115.0
2026-08-05 09:54:00,PAYO,,7.130000114440918,7.130000114440918,7.123499870300293,7.125,3176.0
2026-08-05 09:54:00,PAYS,,9.329999923706055,9.34000015258789,9.329999923706055,9.34000015258789,949.0
2026-08-05 09:54:00,PAYX,,117.375,117.48999786376953,117.05000305175781,117.16999816894531,9228.0
2026-08-05 09:54:00,PCAR,,136.1300048828125,136.19000244140625,136.09500122070312,136.09500122070312,2463.0
2026-08-05 09:54:00,PCRX,,26.459999084472656,26.674999237060547,26.459999084472656,26.674999237060547,5236.0
2026-08-05 09:54:00,PCT,,6.960000038146973,6.96999979019165,6.934999942779541,6.96999979019165,8433.0
2026-08-05 09:54:00,PCTY,,145.48500061035156,145.48500061035156,145.48500061035156,145.48500061035156,142.0
2026-08-05 09:54:00,PDD,,91.66999816894531,91.66999816894531,91.55000305175781,91.56999969482422,36042.0
2026-08-05 09:54:00,PEBK,,43.38999938964844,43.38999938964844,43.38999938964844,43.38999938964844,227.0
2026-08-05 09:54:00,PEGA,,31.46500015258789,31.46500015258789,31.46500015258789,31.46500015258789,811.0
2026-08-05 09:54:00,PENN,,20.06999969482422,20.06999969482422,20.06999969482422,20.06999969482422,1327.0
2026-08-05 09:54:00,PEP,,138.5,138.73800659179688,138.47999572753906,138.55999755859375,22785.0
2026-08-05 09:54:00,PERI,,9.630000114440918,9.630000114440918,9.630000114440918,9.630000114440918,630.0
2026-08-05 09:54:00,PESI,,17.600000381469727,17.600000381469727,17.600000381469727,17.600000381469727,1062.0
2026-08-05 09:54:00,PFBC,,106.86000061035156,106.86000061035156,106.4000015258789,106.4000015258789,3710.0
2026-08-05 09:54:00,PFG,,115.54000091552734,115.62999725341797,115.54000091552734,115.62999725341797,576.0
2026-08-05 09:54:00,PGEN,,6.849899768829346,6.849999904632568,6.735000133514404,6.769999980926514,95838.0
2026-08-05 09:54:00,PGY,,21.56999969482422,21.575000762939453,21.520000457763672,21.540000915527344,7656.0
2026-08-05 09:54:00,PHAT,,8.604999542236328,8.630000114440918,8.579999923706055,8.579999923706055,16508.0
2026-08-05 09:54:00,PLAB,,32.630001068115234,32.630001068115234,32.52000045776367,32.52000045776367,853.0
2026-08-05 09:54:00,PLBY,,1.2302000522613525,1.2302000522613525,1.2301000356674194,1.2301000356674194,4124.0
2026-08-05 09:54:00,PLSE,,37.28839874267578,37.28839874267578,37.28839874267578,37.28839874267578,520.0
2026-08-05 09:54:00,PLTK,,3.994999885559082,3.994999885559082,3.994999885559082,3.994999885559082,768.0
2026-08-05 09:54:00,PLUG,,2.115000009536743,2.130000114440918,2.109999895095825,2.125,160994.0
2026-08-05 09:54:00,PLXS,,275.0,275.010009765625,275.0,275.010009765625,4664.0
2026-08-05 09:54:00,PNFP,,108.37000274658203,108.56999969482422,108.26000213623047,108.26000213623047,2457.0
2026-08-05 09:54:00,POET,,8.411600112915039,8.411600112915039,8.335000038146973,8.374699592590332,60702.0
2026-08-05 09:54:00,POLA,,1.8350000381469727,1.8350000381469727,1.8350000381469727,1.8350000381469727,294.0
2026-08-05 09:54:00,POOL,,202.85000610351562,203.00999450683594,202.85000610351562,202.85000610351562,3366.0
2026-08-05 09:54:00,POWI,,63.96989822387695,63.96989822387695,63.96989822387695,63.96989822387695,154.0
2026-08-05 09:54:00,POWL,,212.88999938964844,212.89999389648438,212.14999389648438,212.14999389648438,1204.0
2026-08-05 09:54:00,PPBT,,1.4500000476837158,1.4500000476837158,1.4500000476837158,1.4500000476837158,307.0
2026-08-05 09:54:00,PPTA,,22.260299682617188,22.315000534057617,22.260299682617188,22.315000534057617,1264.0
2026-08-05 09:54:00,PRAX,,316.610107421875,316.610107421875,316.610107421875,316.610107421875,157.0
2026-08-05 09:54:00,PRCH,,16.18000030517578,16.18000030517578,16.1299991607666,16.1299991607666,3643.0
2026-08-05 09:54:00,PRCT,,18.110000610351562,18.16670036315918,18.100000381469727,18.110000610351562,5113.0
2026-08-05 09:54:00,PRE,,18.0,18.0,18.0,18.0,115.0
2026-08-05 09:54:00,PRIM,,88.23999786376953,88.27999877929688,88.23999786376953,88.27999877929688,2428.0
2026-08-05 09:54:00,PRLD,,4.5,4.5,4.489999771118164,4.489999771118164,356.0
2026-08-05 09:54:00,PRME,,2.9619998931884766,2.9619998931884766,2.950000047683716,2.950000047683716,16681.0
2026-08-05 09:54:00,PROK,,1.6649999618530273,1.6649999618530273,1.6649999618530273,1.6649999618530273,180.0
2026-08-05 09:54:00,PRQR,,1.8949999809265137,1.8949999809265137,1.8949999809265137,1.8949999809265137,301.0
2026-08-05 09:54:00,PRTA,,8.595000267028809,8.595000267028809,8.595000267028809,8.595000267028809,443.0
2026-08-05 09:54:00,PRTH,,6.695000171661377,6.695000171661377,6.695000171661377,6.695000171661377,101.0
2026-08-05 09:54:00,PRVA,,23.760000228881836,23.760000228881836,23.760000228881836,23.760000228881836,535.0
2026-08-05 09:54:00,PSEC,,2.2100000381469727,2.2200000286102295,2.2100000381469727,2.2123000621795654,51416.0
2026-08-05 09:54:00,PSMT,,194.05999755859375,194.05999755859375,194.05999755859375,194.05999755859375,1074.0
2026-08-05 09:54:00,PSNL,,13.5600004196167,13.5600004196167,13.5600004196167,13.5600004196167,2644.0
2026-08-05 09:54:00,PSNY,,14.135000228881836,14.135000228881836,14.135000228881836,14.135000228881836,200.0
2026-08-05 09:54:00,PTCT,,69.5,69.55999755859375,69.5,69.55999755859375,824.0
2026-08-05 09:54:00,PTEN,,9.954999923706055,9.954999923706055,9.949999809265137,9.949999809265137,3949.0
2026-08-05 09:54:00,PTLO,,4.521399974822998,4.521399974822998,4.514999866485596,4.514999866485596,3894.0
2026-08-05 09:54:00,PTON,,6.534999847412109,6.539999961853027,6.534999847412109,6.534999847412109,19385.0
2026-08-05 09:54:00,PYPD,,4.449999809265137,4.449999809265137,4.449999809265137,4.449999809265137,143.0
2026-08-05 09:54:00,PYPL,,58.79999923706055,58.79999923706055,58.7400016784668,58.7400016784668,19045.0
2026-08-05 09:54:00,PYXS,,3.2434000968933105,3.2434000968933105,3.240000009536743,3.240000009536743,497.0
2026-08-05 09:54:00,PZZA,,30.540000915527344,30.540000915527344,30.489999771118164,30.489999771118164,1216.0
2026-08-05 09:54:00,QCOM,,162.36000061035156,162.41000366210938,161.6800994873047,162.3350067138672,29071.0
2026-08-05 09:54:00,QFIN,,13.3100004196167,13.3100004196167,13.3100004196167,13.3100004196167,854.0
2026-08-05 09:54:00,QRVO,,95.55000305175781,95.61000061035156,95.55000305175781,95.61000061035156,2207.0
2026-08-05 09:54:00,SEED,,0.9193999767303467,0.9194999933242798,0.9193999767303467,0.9194999933242798,1176.0
2026-08-05 09:54:00,STIM,,2.3239998817443848,2.3299999237060547,2.3239998817443848,2.3239998817443848,72.0
2026-08-05 09:54:00,WOOF,,2.9549999237060547,2.9549999237060547,2.9549999237060547,2.9549999237060547,581.0
2026-08-05 09:55:00,ACDC,,4.289999961853027,4.289999961853027,4.275000095367432,4.275000095367432,5246.0
2026-08-05 09:55:00,BPOP,,177.81500244140625,177.8800048828125,177.81500244140625,177.8800048828125,617.0
2026-08-05 09:55:00,CNXN,,84.16500091552734,84.16500091552734,83.86000061035156,84.16000366210938,2837.0
2026-08-05 09:55:00,EYE,,23.459999084472656,23.530000686645508,23.459999084472656,23.530000686645508,6615.0
2026-08-05 09:55:00,GLUE,,16.584999084472656,16.59000015258789,16.584999084472656,16.584999084472656,804.0
2026-08-05 09:55:00,KIDS,,20.6200008392334,20.700000762939453,20.489999771118164,20.549999237060547,4654.0
2026-08-05 09:55:00,LUNG,,1.899999976158142,1.909999966621399,1.8899999856948853,1.9049999713897705,18074.0
2026-08-05 09:55:00,MBRX,,0.40700000524520874,0.40700000524520874,0.40700000524520874,0.40700000524520874,1245.0
2026-08-05 09:55:00,MDB,,377.0050048828125,377.6000061035156,376.07000732421875,377.6000061035156,7387.0
2026-08-05 09:55:00,MDLZ,,61.6150016784668,61.65999984741211,61.599998474121094,61.65999984741211,8491.0
2026-08-05 09:55:00,MNRO,,13.359999656677246,13.40999984741211,13.300000190734863,13.40999984741211,2617.0
2026-08-05 09:55:00,MNST,,94.3949966430664,94.40499877929688,94.36000061035156,94.4000015258789,7196.0
2026-08-05 09:55:00,MNTS,,4.5,4.5,4.46999979019165,4.46999979019165,4219.0
2026-08-05 09:55:00,MORN,,199.76499938964844,199.8000030517578,199.76499938964844,199.8000030517578,1020.0
2026-08-05 09:55:00,MOVE,,12.120100021362305,12.329999923706055,12.120100021362305,12.329999923706055,629.0
2026-08-05 09:55:00,MPWR,,1349.405029296875,1353.199951171875,1349.175048828125,1350.7900390625,477.0
2026-08-05 09:55:00,MRNA,,59.16999816894531,59.44960021972656,59.150001525878906,59.38349914550781,32638.0
2026-08-05 09:55:00,MYGN,,3.180000066757202,3.180000066757202,3.180000066757202,3.180000066757202,2876.0
2026-08-05 09:55:00,MYPS,,0.7465000152587891,0.7465000152587891,0.7465000152587891,0.7465000152587891,266.0
2026-08-05 09:55:00,MYRG,,347.55999755859375,349.989990234375,347.55999755859375,349.989990234375,223.0
2026-08-05 09:55:00,NAMS,,27.354999542236328,27.440000534057617,27.18000030517578,27.270000457763672,7634.0
2026-08-05 09:55:00,NAVI,,9.11989974975586,9.11989974975586,9.109999656677246,9.109999656677246,4557.0
2026-08-05 09:55:00,NB,,5.184999942779541,5.195000171661377,5.184999942779541,5.188000202178955,4252.0
2026-08-05 09:55:00,NBIX,,165.22000122070312,165.4550018310547,165.22000122070312,165.22999572753906,4274.0
2026-08-05 09:55:00,NDAQ,,94.44499969482422,94.45999908447266,94.33999633789062,94.38480377197266,26811.0
2026-08-05 09:55:00,NDSN,,312.1600036621094,312.6600036621094,312.1600036621094,312.6600036621094,910.0
2026-08-05 09:55:00,NEO,,16.229999542236328,16.2549991607666,16.229999542236328,16.25,3266.0
2026-08-05 09:55:00,NEOG,,11.630000114440918,11.640000343322754,11.630000114440918,11.640000343322754,649.0
2026-08-05 09:55:00,NEOV,,2.890000104904175,2.9000000953674316,2.868499994277954,2.875,16164.0
2026-08-05 09:55:00,NESR,,29.110000610351562,29.190000534057617,29.110000610351562,29.190000534057617,1829.0
2026-08-05 09:55:00,NEXT,,6.5,6.5,6.5,6.5,793.0
2026-08-05 09:55:00,NFE,,0.3375000059604645,0.3375000059604645,0.3375000059604645,0.3375000059604645,2005.0
2026-08-05 09:55:00,NFLX,,74.05999755859375,74.12999725341797,74.0199966430664,74.03500366210938,111587.0
2026-08-05 09:55:00,NGNE,,34.90999984741211,34.90999984741211,34.90999984741211,34.90999984741211,777.0
2026-08-05 09:55:00,NICE,,95.4800033569336,95.7699966430664,95.4800033569336,95.7699966430664,4426.0
2026-08-05 09:55:00,NIU,,2.5199999809265137,2.5199999809265137,2.5199999809265137,2.5199999809265137,141.0
2026-08-05 09:55:00,NKSH,,40.25,40.25,40.2400016784668,40.2400016784668,917.0
2026-08-05 09:55:00,NKTR,,73.63780212402344,73.63780212402344,73.63780212402344,73.63780212402344,495.0
2026-08-05 09:55:00,NKTX,,2.259999990463257,2.259999990463257,2.259999990463257,2.259999990463257,3075.0
2026-08-05 09:55:00,NMFC,,7.340000152587891,7.340000152587891,7.340000152587891,7.340000152587891,4717.0
2026-08-05 09:55:00,NMRA,,1.5750000476837158,1.5750000476837158,1.5750000476837158,1.5750000476837158,425.0
2026-08-05 09:55:00,NMRK,,15.625,15.625,15.625,15.625,1006.0
2026-08-05 09:55:00,NN,,14.069999694824219,14.09000015258789,14.055000305175781,14.09000015258789,2883.0
2026-08-05 09:55:00,NNBR,,3.880000114440918,3.890000104904175,3.880000114440918,3.890000104904175,6017.0
2026-08-05 09:55:00,NNDM,,1.5812000036239624,1.5812000036239624,1.5812000036239624,1.5812000036239624,514.0
2026-08-05 09:55:00,NNOX,,1.0549999475479126,1.0549999475479126,1.0549999475479126,1.0549999475479126,202.0
2026-08-05 09:55:00,NRC,,19.520000457763672,19.520000457763672,19.520000457763672,19.520000457763672,602.0
2026-08-05 09:55:00,NRIX,,25.1200008392334,25.1200008392334,25.1200008392334,25.1200008392334,3209.0
2026-08-05 09:55:00,NRSN,,0.5220999717712402,0.5220999717712402,0.5220999717712402,0.5220999717712402,0.0
2026-08-05 09:55:00,NRXP,,3.0399999618530273,3.0399999618530273,3.0299999713897705,3.0299999713897705,1603.0
2026-08-05 09:55:00,NTAP,,190.92999267578125,191.2100067138672,190.92999267578125,191.2100067138672,1374.0
2026-08-05 09:55:00,NTNX,,60.75,60.81100082397461,60.72999954223633,60.81100082397461,1915.0
2026-08-05 09:55:00,NTRA,,276.55999755859375,276.55999755859375,276.55999755859375,276.55999755859375,5378.0
2026-08-05 09:55:00,NTRS,,185.1699981689453,185.3677978515625,185.1699981689453,185.30999755859375,2329.0
2026-08-05 09:55:00,NUWE,,1.7549999952316284,1.7549999952316284,1.7549999952316284,1.7549999952316284,1408.0
2026-08-05 09:55:00,NVAX,,7.730000019073486,7.735000133514404,7.730000019073486,7.732600212097168,1636.0
2026-08-05 09:55:00,NVCR,,16.049999237060547,16.049999237060547,16.049999237060547,16.049999237060547,1178.0
2026-08-05 09:55:00,NVCT,,20.06999969482422,20.06999969482422,20.06999969482422,20.06999969482422,1089.0
2026-08-05 09:55:00,NVDA,,219.69009399414062,219.79969787597656,219.42999267578125,219.7949981689453,407846.0
2026-08-05 09:55:00,NVTS,,12.829999923706055,12.850000381469727,12.814399719238281,12.829999923706055,24427.0
2026-08-05 09:55:00,NWBI,,15.989999771118164,15.989999771118164,15.989999771118164,15.989999771118164,3099.0
2026-08-05 09:55:00,NWE,,68.93000030517578,68.93000030517578,68.93000030517578,68.93000030517578,1264.0
2026-08-05 09:55:00,NWL,,6.022299766540527,6.03000020980835,6.019999980926514,6.019999980926514,839.0
2026-08-05 09:55:00,NWS,,32.400001525878906,32.40999984741211,32.400001525878906,32.400001525878906,3919.0
2026-08-05 09:55:00,NWSA,,28.27899932861328,28.289499282836914,28.270000457763672,28.280000686645508,8298.0
2026-08-05 09:55:00,NXPI,,236.84500122070312,237.22000122070312,236.53199768066406,237.0800018310547,2713.0
2026-08-05 09:55:00,NXST,,194.78500366210938,194.78500366210938,194.78500366210938,194.78500366210938,847.0
2026-08-05 09:55:00,NXT,,99.9905014038086,100.0,99.5,99.5261001586914,3359.0
2026-08-05 09:55:00,NYXH,,1.4299999475479126,1.4299999475479126,1.4299999475479126,1.4299999475479126,848.0
2026-08-05 09:55:00,OCC,,16.1200008392334,16.1200008392334,16.1200008392334,16.1200008392334,378.0
2026-08-05 09:55:00,OCCI,,2.484999895095825,2.484999895095825,2.484999895095825,2.484999895095825,1639.0
2026-08-05 09:55:00,OCFC,,19.795000076293945,19.795000076293945,19.795000076293945,19.795000076293945,706.0
2026-08-05 09:55:00,OCGN,,1.2963999509811401,1.2999999523162842,1.2899999618530273,1.2899999618530273,2895.0
2026-08-05 09:55:00,OCS,,11.970000267028809,11.970000267028809,11.970000267028809,11.970000267028809,100.0
2026-08-05 09:55:00,OCSL,,12.15880012512207,12.170000076293945,12.15880012512207,12.170000076293945,1195.0
2026-08-05 09:55:00,OCUL,,8.765000343322754,8.765000343322754,8.765000343322754,8.765000343322754,4250.0
2026-08-05 09:55:00,ODD,,15.25,15.279999732971191,15.25,15.279999732971191,1068.0
2026-08-05 09:55:00,ODFL,,219.5500030517578,219.5500030517578,219.5500030517578,219.5500030517578,1162.0
2026-08-05 09:55:00,OESX,,15.940799713134766,16.219999313354492,15.899999618530273,16.045000076293945,2859.0
2026-08-05 09:55:00,OFIX,,10.390000343322754,10.4350004196167,10.380000114440918,10.430000305175781,2016.0
2026-08-05 09:55:00,OKTA,,148.40499877929688,148.4199981689453,148.02999877929688,148.4199981689453,2779.0
2026-08-05 09:55:00,OLLI,,77.30000305175781,77.30999755859375,77.29000091552734,77.30999755859375,1855.0
2026-08-05 09:55:00,OLMA,,11.829999923706055,11.829999923706055,11.829999923706055,11.829999923706055,1702.0
2026-08-05 09:55:00,OMEX,,0.7402999997138977,0.7402999997138977,0.7402999997138977,0.7402999997138977,562.0
2026-08-05 09:55:00,OMH,,0.10980000346899033,0.10980000346899033,0.1096000000834465,0.1096000000834465,754.0
2026-08-05 09:55:00,ON,,80.4800033569336,80.56999969482422,80.33000183105469,80.44999694824219,15007.0
2026-08-05 09:55:00,ONB,,27.139999389648438,27.165000915527344,27.135000228881836,27.165000915527344,6720.0
2026-08-05 09:55:00,ONDS,,8.954999923706055,8.954999923706055,8.920000076293945,8.920000076293945,84937.0
2026-08-05 09:55:00,ONFO,,0.07649999856948853,0.07660000026226044,0.07590000331401825,0.07649999856948853,146445.0
2026-08-05 09:55:00,ONMD,,0.6899999976158142,0.699999988079071,0.6899999976158142,0.699999988079071,1300.0
2026-08-05 09:55:00,OPBK,,15.710000038146973,15.729999542236328,15.710000038146973,15.729999542236328,884.0
2026-08-05 09:55:00,OPCH,,23.399999618530273,23.399999618530273,23.389999389648438,23.389999389648438,2487.0
2026-08-05 09:55:00,OPEN,,3.805000066757202,3.819999933242798,3.7850000858306885,3.7999000549316406,153032.0
2026-08-05 09:55:00,OPK,,1.315000057220459,1.315000057220459,1.309999942779541,1.309999942779541,39190.0
2026-08-05 09:55:00,OPRA,,20.325000762939453,20.325000762939453,20.250999450683594,20.267499923706055,1240.0
2026-08-05 09:55:00,ORIC,,13.46500015258789,13.539999961853027,13.449999809265137,13.449999809265137,3164.0
2026-08-05 09:55:00,ORLY,,93.18000030517578,93.18000030517578,93.13500213623047,93.13500213623047,5093.0
2026-08-05 09:55:00,OSBC,,25.799999237060547,25.809999465942383,25.799999237060547,25.809999465942383,773.0
2026-08-05 09:55:00,OSIS,,236.05999755859375,237.14999389648438,236.05999755859375,237.13999938964844,1387.0
2026-08-05 09:55:00,OSPN,,16.79599952697754,16.79599952697754,16.79599952697754,16.79599952697754,216.0
2026-08-05 09:55:00,OSS,,13.767999649047852,13.84000015258789,13.760100364685059,13.819999694824219,1318.0
2026-08-05 09:55:00,OTEX,,26.020000457763672,26.020000457763672,26.010000228881836,26.010000228881836,1456.0
2026-08-05 09:55:00,OTLK,,0.9993000030517578,0.9998999834060669,0.9962000250816345,0.9975000023841858,5419.0
2026-08-05 09:55:00,OTLY,,14.359999656677246,14.359999656677246,14.359999656677246,14.359999656677246,2753.0
2026-08-05 09:55:00,OVID,,2.5696001052856445,2.5696001052856445,2.549999952316284,2.549999952316284,7953.0
2026-08-05 09:55:00,OXLC,,9.175000190734863,9.175000190734863,9.170000076293945,9.175000190734863,805.0
2026-08-05 09:55:00,OXSQ,,1.4800000190734863,1.489400029182434,1.4800000190734863,1.489400029182434,716.0
2026-08-05 09:55:00,PAA,,23.290000915527344,23.299999237060547,23.290000915527344,23.299999237060547,8572.0
2026-08-05 09:55:00,PAAS,,47.7599983215332,47.79499816894531,47.689998626708984,47.7599983215332,19152.0
2026-08-05 09:55:00,PACB,,1.4450000524520874,1.4450000524520874,1.440000057220459,1.440000057220459,9244.0
2026-08-05 09:55:00,PAGP,,25.19499969482422,25.20009994506836,25.18000030517578,25.200000762939453,28755.0
2026-08-05 09:55:00,PALI,,2.0950000286102295,2.0999999046325684,2.0950000286102295,2.0999999046325684,543.0
2026-08-05 09:55:00,PANW,,367.0350036621094,367.3999938964844,366.3399963378906,367.3500061035156,12243.0
2026-08-05 09:55:00,PATK,,87.48500061035156,87.56500244140625,87.48500061035156,87.55500030517578,1900.0
2026-08-05 09:55:00,PAVS,,4.820000171661377,4.820000171661377,4.820000171661377,4.820000171661377,1039.0
2026-08-05 09:55:00,PAX,,11.470000267028809,11.470000267028809,11.470000267028809,11.470000267028809,520.0
2026-08-05 09:55:00,PAYO,,7.125,7.130000114440918,7.119999885559082,7.119999885559082,5233.0
2026-08-05 09:55:00,PAYS,,9.305000305175781,9.305000305175781,9.305000305175781,9.305000305175781,3736.0
2026-08-05 09:55:00,PAYX,,117.26000213623047,117.33999633789062,117.26000213623047,117.33999633789062,2240.0
2026-08-05 09:55:00,PCAR,,136.02999877929688,136.2100067138672,135.97999572753906,136.2100067138672,12445.0
2026-08-05 09:55:00,PCRX,,26.110000610351562,26.459999084472656,26.110000610351562,26.459999084472656,1789.0
2026-08-05 09:55:00,PCT,,6.956099987030029,6.967100143432617,6.954999923706055,6.967100143432617,6099.0
2026-08-05 09:55:00,PCTY,,145.47999572753906,145.94500732421875,145.47999572753906,145.94500732421875,890.0
2026-08-05 09:55:00,PDD,,91.51499938964844,91.66999816894531,91.5,91.66999816894531,22506.0
2026-08-05 09:55:00,PDSB,,0.7200999855995178,0.722599983215332,0.7200999855995178,0.722599983215332,5548.0
2026-08-05 09:55:00,PECO,,41.4900016784668,41.4900016784668,41.470001220703125,41.470001220703125,1074.0
2026-08-05 09:55:00,PEGA,,31.46500015258789,31.46500015258789,31.454999923706055,31.454999923706055,708.0
2026-08-05 09:55:00,PENN,,20.06999969482422,20.09000015258789,20.06999969482422,20.09000015258789,1686.0
2026-08-05 09:55:00,PEP,,138.5050048828125,138.5749969482422,138.49000549316406,138.51499938964844,7973.0
2026-08-05 09:55:00,PERI,,9.649999618530273,9.649999618530273,9.649999618530273,9.649999618530273,101.0
2026-08-05 09:55:00,PESI,,17.56999969482422,17.56999969482422,17.559999465942383,17.559999465942383,1231.0
2026-08-05 09:55:00,PFG,,115.6500015258789,115.6500015258789,115.54170227050781,115.54170227050781,1650.0
2026-08-05 09:55:00,PGEN,,6.880000114440918,6.909999847412109,6.855000019073486,6.869999885559082,54819.0
2026-08-05 09:55:00,PGNY,,31.290000915527344,31.34000015258789,31.282800674438477,31.282800674438477,2597.0
2026-08-05 09:55:00,PGY,,21.549999237060547,21.565000534057617,21.530000686645508,21.565000534057617,5604.0
2026-08-05 09:55:00,PHAT,,8.616000175476074,8.616000175476074,8.609999656677246,8.609999656677246,4846.0
2026-08-05 09:55:00,PLAB,,32.59000015258789,32.665000915527344,32.59000015258789,32.665000915527344,3018.0
2026-08-05 09:55:00,PLBY,,1.2350000143051147,1.2350000143051147,1.2350000143051147,1.2350000143051147,270.0
2026-08-05 09:55:00,PLUG,,2.112600088119507,2.119999885559082,2.0999999046325684,2.115000009536743,516443.0
2026-08-05 09:55:00,PMN,,13.300000190734863,13.300000190734863,13.300000190734863,13.300000190734863,2555.0
2026-08-05 09:55:00,PNFP,,108.33999633789062,108.57733917236328,108.33999633789062,108.57733917236328,738.0
2026-08-05 09:55:00,POET,,8.40999984741211,8.420000076293945,8.39009952545166,8.399999618530273,27005.0
2026-08-05 09:55:00,POWI,,63.62220001220703,63.959999084472656,63.62220001220703,63.959999084472656,1103.0
2026-08-05 09:55:00,POWL,,212.83999633789062,213.0399932861328,212.78500366210938,213.0399932861328,702.0
2026-08-05 09:55:00,PPC,,26.81999969482422,26.81999969482422,26.81999969482422,26.81999969482422,655.0
2026-08-05 09:55:00,PPTA,,22.260000228881836,22.329999923706055,22.24920082092285,22.329999923706055,3911.0
2026-08-05 09:55:00,PRCT,,18.049999237060547,18.15999984741211,18.02050018310547,18.110000610351562,14511.0
2026-08-05 09:55:00,PRIM,,88.23999786376953,88.55000305175781,88.23999786376953,88.23999786376953,11081.0
2026-08-05 09:55:00,PRLD,,4.489999771118164,4.489999771118164,4.489999771118164,4.489999771118164,202.0
2026-08-05 09:55:00,PRME,,2.9600000381469727,2.9619998931884766,2.9549999237060547,2.9600000381469727,13287.0
2026-08-05 09:55:00,PROK,,1.6683000326156616,1.6683000326156616,1.6683000326156616,1.6683000326156616,430.0
2026-08-05 09:55:00,PRQR,,1.899899959564209,1.899899959564209,1.8949999809265137,1.8949999809265137,5251.0
2026-08-05 09:55:00,PRTA,,8.579999923706055,8.59000015258789,8.579999923706055,8.59000015258789,2311.0
2026-08-05 09:55:00,PSEC,,2.2200000286102295,2.2200000286102295,2.2100000381469727,2.2100000381469727,6620.0
2026-08-05 09:55:00,PSMT,,193.58999633789062,194.08999633789062,193.58999633789062,194.08999633789062,1680.0
2026-08-05 09:55:00,PSNY,,14.404999732971191,14.404999732971191,14.404999732971191,14.404999732971191,673.0
2026-08-05 09:55:00,PTCT,,69.44999694824219,69.66999816894531,69.44999694824219,69.55999755859375,5072.0
2026-08-05 09:55:00,PTEN,,9.979999542236328,9.979999542236328,9.970000267028809,9.970000267028809,2725.0
2026-08-05 09:55:00,PTGX,,137.63499450683594,137.63499450683594,137.63499450683594,137.63499450683594,511.0
2026-08-05 09:55:00,PTLO,,4.529799938201904,4.53000020980835,4.529799938201904,4.53000020980835,6114.0
2026-08-05 09:55:00,PTON,,6.534999847412109,6.545000076293945,6.534999847412109,6.534999847412109,16774.0
2026-08-05 09:55:00,PUBM,,13.659199714660645,13.659199714660645,13.659199714660645,13.659199714660645,278.0
2026-08-05 09:55:00,PWP,,17.190000534057617,17.190000534057617,17.170000076293945,17.170000076293945,1341.0
2026-08-05 09:55:00,PYPD,,4.449999809265137,4.449999809265137,4.449999809265137,4.449999809265137,400.0
2026-08-05 09:55:00,PYPL,,58.81999969482422,58.84000015258789,58.79999923706055,58.82820129394531,18359.0
2026-08-05 09:55:00,PYXS,,3.244999885559082,3.25,3.240000009536743,3.240000009536743,1568.0
2026-08-05 09:55:00,PZZA,,30.575000762939453,30.575000762939453,30.530000686645508,30.540000915527344,7698.0
2026-08-05 09:55:00,QCOM,,162.35000610351562,162.52000427246094,162.13999938964844,162.2550048828125,15196.0
2026-08-05 09:55:00,QCRH,,104.44000244140625,104.44000244140625,104.44000244140625,104.44000244140625,102.0
2026-08-05 09:55:00,QFIN,,13.329999923706055,13.329999923706055,13.324999809265137,13.324999809265137,1198.0
2026-08-05 09:55:00,QRVO,,95.66999816894531,95.66999816894531,95.66999816894531,95.66999816894531,631.0
2026-08-05 09:55:00,SEED,,0.9175000190734863,0.9175000190734863,0.9172000288963318,0.9172000288963318,1052.0
2026-08-05 09:55:00,STIM,,2.319999933242798,2.319999933242798,2.319999933242798,2.319999933242798,1084.0
2026-08-05 09:55:00,TARA,,4.070000171661377,4.070000171661377,4.050000190734863,4.050000190734863,1441.0
2026-08-05 09:56:00,ACDC,,4.295000076293945,4.295000076293945,4.28000020980835,4.289999961853027,5343.0
2026-08-05 09:56:00,BPOP,,177.69000244140625,177.69000244140625,177.69000244140625,177.69000244140625,325.0
2026-08-05 09:56:00,DTIL,,7.489999771118164,7.5,7.489999771118164,7.5,8770.0
2026-08-05 09:56:00,EYE,,23.5,23.510000228881836,23.43000030517578,23.450000762939453,2516.0
2026-08-05 09:56:00,GLUE,,16.559999465942383,16.559999465942383,16.545000076293945,16.545000076293945,654.0
2026-08-05 09:56:00,KITT,,1.0750000476837158,1.0750000476837158,1.0750000476837158,1.0750000476837158,297.0
2026-08-05 09:56:00,KTTA,,0.4713999927043915,0.4713999927043915,0.4713999927043915,0.4713999927043915,903.0
2026-08-05 09:56:00,LUNG,,1.8799999952316284,1.8799999952316284,1.8799999952316284,1.8799999952316284,3618.0
2026-08-05 09:56:00,MDB,,377.5150146484375,378.54998779296875,377.239990234375,377.4200134277344,2282.0
2026-08-05 09:56:00,MDLZ,,61.709999084472656,61.709999084472656,61.595001220703125,61.599998474121094,9991.0
2026-08-05 09:56:00,MNRO,,13.40999984741211,13.40999984741211,13.364999771118164,13.364999771118164,1468.0
2026-08-05 09:56:00,MNST,,94.48999786376953,94.48999786376953,94.39099884033203,94.39099884033203,11987.0
2026-08-05 09:56:00,MNTS,,4.53000020980835,4.534999847412109,4.514999866485596,4.514999866485596,2550.0
2026-08-05 09:56:00,MODD,,2.059999942779541,2.059999942779541,2.0399999618530273,2.0399999618530273,2137.0
2026-08-05 09:56:00,MORN,,200.66000366210938,200.66000366210938,198.97000122070312,199.08999633789062,408.0
2026-08-05 09:56:00,MOVE,,12.264699935913086,12.264699935913086,12.119999885559082,12.119999885559082,2604.0
2026-08-05 09:56:00,MPWR,,1347.2900390625,1347.6400146484375,1345.0999755859375,1347.1800537109375,434.0
2026-08-05 09:56:00,MRNA,,59.130001068115234,59.3650016784668,59.000099182128906,59.25310134887695,24462.0
2026-08-05 09:56:00,MYRG,,347.5,347.5,347.5,347.5,277.0
2026-08-05 09:56:00,NAMS,,27.360000610351562,27.360000610351562,27.360000610351562,27.360000610351562,20458.0
2026-08-05 09:56:00,NATR,,20.010000228881836,20.010000228881836,20.010000228881836,20.010000228881836,305.0
2026-08-05 09:56:00,NAVI,,9.130000114440918,9.130000114440918,9.119999885559082,9.119999885559082,2110.0
2026-08-05 09:56:00,NB,,5.204999923706055,5.204999923706055,5.199100017547607,5.199900150299072,5322.0
2026-08-05 09:56:00,NBIX,,165.4600067138672,165.4600067138672,165.30999755859375,165.4600067138672,2877.0
2026-08-05 09:56:00,NCMI,,4.110000133514404,4.119999885559082,4.110000133514404,4.119999885559082,1306.0
2026-08-05 09:56:00,NDAQ,,94.41500091552734,94.43000030517578,94.37999725341797,94.37999725341797,4387.0
2026-08-05 09:56:00,NDSN,,311.6700134277344,311.6700134277344,311.6700134277344,311.6700134277344,99.0
2026-08-05 09:56:00,NECB,,27.299999237060547,27.299999237060547,27.299999237060547,27.299999237060547,247.0
2026-08-05 09:56:00,NEO,,16.20800018310547,16.20800018310547,16.200000762939453,16.200000762939453,1063.0
2026-08-05 09:56:00,NEOG,,11.585000038146973,11.640000343322754,11.579999923706055,11.640000343322754,37010.0
2026-08-05 09:56:00,NEOV,,2.900099992752075,2.9149999618530273,2.9000000953674316,2.9100000858306885,16079.0
2026-08-05 09:56:00,NESR,,29.110000610351562,29.110000610351562,29.110000610351562,29.110000610351562,411.0
2026-08-05 09:56:00,NEXT,,6.5,6.5,6.5,6.5,3131.0
2026-08-05 09:56:00,NFE,,0.3393999934196472,0.3393999934196472,0.3393999934196472,0.3393999934196472,2001.0
2026-08-05 09:56:00,NFLX,,74.125,74.17500305175781,74.05010223388672,74.08000183105469,85844.0
2026-08-05 09:56:00,NGNE,,35.369998931884766,35.43000030517578,35.36000061035156,35.36000061035156,3260.0
2026-08-05 09:56:00,NHTC,,1.7999999523162842,1.7999999523162842,1.7999999523162842,1.7999999523162842,434.0
2026-08-05 09:56:00,NICE,,95.44999694824219,95.55000305175781,95.44999694824219,95.55000305175781,962.0
2026-08-05 09:56:00,NKTR,,73.51000213623047,73.68000030517578,73.51000213623047,73.68000030517578,374.0
2026-08-05 09:56:00,NKTX,,2.265000104904175,2.265000104904175,2.265000104904175,2.265000104904175,6100.0
2026-08-05 09:56:00,NMFC,,7.355000019073486,7.355000019073486,7.355000019073486,7.355000019073486,2471.0
2026-08-05 09:56:00,NMIH,,44.619998931884766,44.619998931884766,44.619998931884766,44.619998931884766,340.0
2026-08-05 09:56:00,NMRK,,15.646300315856934,15.646300315856934,15.640000343322754,15.640000343322754,1206.0
2026-08-05 09:56:00,NN,,14.0600004196167,14.069999694824219,14.0600004196167,14.0600004196167,1797.0
2026-08-05 09:56:00,NNBR,,3.859999895095825,3.869999885559082,3.8499999046325684,3.869999885559082,2351.0
2026-08-05 09:56:00,NNDM,,1.590000033378601,1.590000033378601,1.590000033378601,1.590000033378601,1173.0
2026-08-05 09:56:00,NNOX,,1.0549999475479126,1.0549999475479126,1.0549999475479126,1.0549999475479126,20580.0
2026-08-05 09:56:00,NOVT,,158.2449951171875,159.02000427246094,158.2449951171875,159.02000427246094,2536.0
2026-08-05 09:56:00,NPCE,,14.0,14.0,14.0,14.0,551.0
2026-08-05 09:56:00,NRDS,,9.160099983215332,9.160099983215332,9.160099983215332,9.160099983215332,944.0
2026-08-05 09:56:00,NRXP,,3.049999952316284,3.049999952316284,3.049999952316284,3.049999952316284,35565.0
2026-08-05 09:56:00,NTAP,,190.4499969482422,191.02000427246094,190.4499969482422,190.89500427246094,3418.0
2026-08-05 09:56:00,NTES,,128.38499450683594,128.38499450683594,128.3300018310547,128.3300018310547,2518.0
2026-08-05 09:56:00,NTGR,,24.020000457763672,24.149999618530273,24.0,24.149999618530273,4466.0
2026-08-05 09:56:00,NTNX,,60.849998474121094,60.91999816894531,60.744998931884766,60.75,4871.0
2026-08-05 09:56:00,NTRS,,185.4499969482422,185.4499969482422,185.44000244140625,185.44000244140625,730.0
2026-08-05 09:56:00,NUWE,,1.7616000175476074,1.7616000175476074,1.7553999423980713,1.7580000162124634,3344.0
2026-08-05 09:56:00,NVAX,,7.739999771118164,7.739999771118164,7.724999904632568,7.731200218200684,3838.0
2026-08-05 09:56:00,NVCR,,15.979999542236328,16.040000915527344,15.979999542236328,15.979999542236328,2244.0
2026-08-05 09:56:00,NVDA,,219.4949951171875,219.79989624023438,219.46009826660156,219.69000244140625,513241.0
2026-08-05 09:56:00,NVMI,,414.05499267578125,414.05499267578125,413.7900085449219,414.010009765625,981.0
2026-08-05 09:56:00,NVTS,,12.808099746704102,12.850000381469727,12.800000190734863,12.829999923706055,34726.0
2026-08-05 09:56:00,NVX,,0.4032000005245209,0.4032000005245209,0.4032000005245209,0.4032000005245209,0.0
2026-08-05 09:56:00,NWL,,6.025000095367432,6.025000095367432,6.014999866485596,6.019999980926514,10045.0
2026-08-05 09:56:00,NWS,,32.41999816894531,32.41999816894531,32.38999938964844,32.38999938964844,3647.0
2026-08-05 09:56:00,NWSA,,28.29400062561035,28.299999237060547,28.270000457763672,28.29400062561035,3295.0
2026-08-05 09:56:00,NXPI,,236.97500610351562,236.97500610351562,236.72000122070312,236.8699951171875,6224.0
2026-08-05 09:56:00,NXST,,194.63999938964844,194.63999938964844,194.63999938964844,194.63999938964844,369.0
2026-08-05 09:56:00,NXT,,99.83000183105469,100.22989654541016,99.81999969482422,99.93000030517578,3845.0
2026-08-05 09:56:00,NXTC,,5.661900043487549,5.661900043487549,5.661900043487549,5.661900043487549,141.0
2026-08-05 09:56:00,OABI,,2.009999990463257,2.009999990463257,2.0,2.0,1567.0
2026-08-05 09:56:00,OCC,,15.985199928283691,15.985199928283691,15.985199928283691,15.985199928283691,110.0
2026-08-05 09:56:00,OCFC,,19.809999465942383,19.809999465942383,19.799999237060547,19.809999465942383,1482.0
2026-08-05 09:56:00,OCGN,,1.2999999523162842,1.2999999523162842,1.2899999618530273,1.2999999523162842,9771.0
2026-08-05 09:56:00,OCS,,12.020000457763672,12.020000457763672,12.020000457763672,12.020000457763672,5.0
2026-08-05 09:56:00,OCSL,,12.170000076293945,12.170000076293945,12.170000076293945,12.170000076293945,299.0
2026-08-05 09:56:00,OCUL,,8.788000106811523,8.788000106811523,8.76729965209961,8.76729965209961,5312.0
2026-08-05 09:56:00,ODD,,15.279999732971191,15.279999732971191,15.279999732971191,15.279999732971191,1031.0
2026-08-05 09:56:00,ODFL,,219.7550048828125,219.77000427246094,219.57000732421875,219.57000732421875,2811.0
2026-08-05 09:56:00,OESX,,16.270000457763672,16.5,16.020299911499023,16.182899475097656,8330.0
2026-08-05 09:56:00,OFIX,,10.479999542236328,10.479999542236328,10.40999984741211,10.479999542236328,1887.0
2026-08-05 09:56:00,OKTA,,148.25999450683594,148.5594940185547,148.25999450683594,148.5594940185547,2178.0
2026-08-05 09:56:00,OLLI,,77.64949798583984,77.64949798583984,77.3499984741211,77.54000091552734,2587.0
2026-08-05 09:56:00,OMER,,12.850000381469727,12.850000381469727,12.850000381469727,12.850000381469727,673.0
2026-08-05 09:56:00,OMH,,0.11169999837875366,0.11169999837875366,0.10989999771118164,0.10989999771118164,27329.0
2026-08-05 09:56:00,ON,,79.94000244140625,80.3499984741211,79.93000030517578,80.33000183105469,22223.0
2026-08-05 09:56:00,ONB,,27.165000915527344,27.170000076293945,27.149999618530273,27.149999618530273,2701.0
2026-08-05 09:56:00,ONCY,,0.7982000112533569,0.7996000051498413,0.7971000075340271,0.7996000051498413,1101.0
2026-08-05 09:56:00,ONDS,,8.944999694824219,8.960000038146973,8.925000190734863,8.960000038146973,109399.0
2026-08-05 09:56:00,ONFO,,0.0763000026345253,0.07639999687671661,0.07609999924898148,0.07609999924898148,33653.0
2026-08-05 09:56:00,OPCH,,23.3799991607666,23.3799991607666,23.3799991607666,23.3799991607666,788.0
2026-08-05 09:56:00,OPEN,,3.7915000915527344,3.819999933242798,3.7899999618530273,3.805000066757202,170039.0
2026-08-05 09:56:00,OPHC,,8.828499794006348,8.829999923706055,8.828499794006348,8.829999923706055,720.0
2026-08-05 09:56:00,OPK,,1.3200000524520874,1.3200000524520874,1.315000057220459,1.315000057220459,2144.0
2026-08-05 09:56:00,ORGO,,2.3450000286102295,2.3450000286102295,2.3450000286102295,2.3450000286102295,335.0
2026-08-05 09:56:00,ORIC,,13.494999885559082,13.539999961853027,13.470000267028809,13.470000267028809,4992.0
2026-08-05 09:56:00,ORLY,,93.30999755859375,93.30999755859375,93.17500305175781,93.19499969482422,7774.0
2026-08-05 09:56:00,OSBC,,25.809999465942383,25.809999465942383,25.809999465942383,25.809999465942383,241.0
2026-08-05 09:56:00,OSPN,,16.790000915527344,16.790000915527344,16.790000915527344,16.790000915527344,416.0
2026-08-05 09:56:00,OSS,,13.779999732971191,13.890000343322754,13.734999656677246,13.835000038146973,7995.0
2026-08-05 09:56:00,OTEX,,25.989999771118164,26.0,25.989999771118164,26.0,3122.0
2026-08-05 09:56:00,OTLK,,0.9998000264167786,1.0,0.9987999796867371,0.9987999796867371,27918.0
2026-08-05 09:56:00,OTLY,,14.270000457763672,14.289999961853027,14.270000457763672,14.289999961853027,1193.0
2026-08-05 09:56:00,OTTR,,91.91999816894531,91.91999816894531,91.91999816894531,91.91999816894531,210.0
2026-08-05 09:56:00,OXLC,,9.155099868774414,9.159000396728516,9.155099868774414,9.159000396728516,2720.0
2026-08-05 09:56:00,OXSQ,,1.4800000190734863,1.4800000190734863,1.4800000190734863,1.4800000190734863,514.0
2026-08-05 09:56:00,PAA,,23.315000534057617,23.350000381469727,23.290000915527344,23.290000915527344,9816.0
2026-08-05 09:56:00,PAAS,,47.70000076293945,47.790000915527344,47.70000076293945,47.779998779296875,16339.0
2026-08-05 09:56:00,PACB,,1.4422999620437622,1.4499000310897827,1.440000057220459,1.4499000310897827,7356.0
2026-08-05 09:56:00,PAGP,,25.229999542236328,25.229999542236328,25.19499969482422,25.19499969482422,5611.0
2026-08-05 09:56:00,PALI,,2.119999885559082,2.119999885559082,2.0950000286102295,2.0950000286102295,36796.0
2026-08-05 09:56:00,PANW,,366.9150085449219,367.5050048828125,366.82501220703125,367.20001220703125,8299.0
2026-08-05 09:56:00,PATK,,87.47000122070312,87.47000122070312,87.47000122070312,87.47000122070312,201.0
2026-08-05 09:56:00,PAX,,11.46500015258789,11.46500015258789,11.460000038146973,11.46500015258789,1168.0
2026-08-05 09:56:00,PAYO,,7.125,7.130000114440918,7.125,7.125,3868.0
2026-08-05 09:56:00,PAYX,,117.03500366210938,117.16999816894531,117.0,117.16999816894531,9302.0
2026-08-05 09:56:00,PCAR,,136.07000732421875,136.07000732421875,135.9499969482422,136.0,3708.0
2026-08-05 09:56:00,PCT,,6.949999809265137,6.96999979019165,6.945000171661377,6.960000038146973,6047.0
2026-08-05 09:56:00,PCTY,,145.26499938964844,145.38499450683594,144.68499755859375,145.22999572753906,6911.0
2026-08-05 09:56:00,PDD,,91.5999984741211,91.625,91.51499938964844,91.51499938964844,7977.0
2026-08-05 09:56:00,PDEX,,67.06999969482422,67.06999969482422,67.06999969482422,67.06999969482422,109.0
2026-08-05 09:56:00,PECO,,41.47999954223633,41.47999954223633,41.47999954223633,41.47999954223633,101.0
2026-08-05 09:56:00,PEGA,,31.46500015258789,31.46500015258789,31.450000762939453,31.450000762939453,755.0
2026-08-05 09:56:00,PENN,,20.06999969482422,20.08009910583496,20.06999969482422,20.075000762939453,2878.0
2026-08-05 09:56:00,PEP,,138.65499877929688,138.65499877929688,138.47999572753906,138.49000549316406,11813.0
2026-08-05 09:56:00,PERI,,9.635000228881836,9.635000228881836,9.635000228881836,9.635000228881836,229.0
2026-08-05 09:56:00,PFG,,115.5999984741211,115.5999984741211,115.5999984741211,115.5999984741211,539.0
2026-08-05 09:56:00,PGEN,,7.064599990844727,7.079999923706055,6.880000114440918,6.889999866485596,157694.0
2026-08-05 09:56:00,PGNY,,31.260000228881836,31.299999237060547,31.260000228881836,31.299999237060547,1949.0
2026-08-05 09:56:00,PGY,,21.670000076293945,21.690000534057617,21.530000686645508,21.549999237060547,12166.0
2026-08-05 09:56:00,PHAT,,8.630000114440918,8.630000114440918,8.614999771118164,8.614999771118164,5945.0
2026-08-05 09:56:00,PHVS,,33.564998626708984,33.564998626708984,33.54999923706055,33.54999923706055,1891.0
2026-08-05 09:56:00,PLAB,,32.6150016784668,32.6150016784668,32.6150016784668,32.6150016784668,455.0
2026-08-05 09:56:00,PLRX,,1.059999942779541,1.059999942779541,1.0549999475479126,1.0549999475479126,1000.0
2026-08-05 09:56:00,PLUG,,2.1098999977111816,2.109999895095825,2.0999999046325684,2.109999895095825,182177.0
2026-08-05 09:56:00,PLUR,,1.7000000476837158,1.7000000476837158,1.690000057220459,1.690000057220459,937.0
2026-08-05 09:56:00,PMVP,,1.1749999523162842,1.1749999523162842,1.1749999523162842,1.1749999523162842,1251.0
2026-08-05 09:56:00,PNFP,,108.4749984741211,108.4749984741211,108.4749984741211,108.4749984741211,362.0
2026-08-05 09:56:00,POET,,8.399999618530273,8.40999984741211,8.380000114440918,8.40999984741211,30715.0
2026-08-05 09:56:00,POWL,,212.58999633789062,212.58999633789062,212.58999633789062,212.58999633789062,269.0
2026-08-05 09:56:00,PPC,,26.84000015258789,26.84000015258789,26.84000015258789,26.84000015258789,572.0
2026-08-05 09:56:00,PPTA,,22.344999313354492,22.373699188232422,22.344999313354492,22.344999313354492,2990.0
2026-08-05 09:56:00,PRCH,,16.219999313354492,16.25,16.21500015258789,16.21500015258789,4110.0
2026-08-05 09:56:00,PRCT,,18.1200008392334,18.235000610351562,18.0,18.05500030517578,42089.0
2026-08-05 09:56:00,PRDO,,33.31999969482422,33.31999969482422,33.31999969482422,33.31999969482422,274.0
2026-08-05 09:56:00,PRIM,,88.9800033569336,89.16000366210938,88.55000305175781,88.55000305175781,4303.0
2026-08-05 09:56:00,PRLD,,4.5,4.5,4.5,4.5,1064.0
2026-08-05 09:56:00,PRME,,2.990000009536743,2.994999885559082,2.9649999141693115,2.9700000286102295,26939.0
2026-08-05 09:56:00,PROK,,1.6749999523162842,1.6749999523162842,1.6699999570846558,1.6699999570846558,1490.0
2026-08-05 09:56:00,PRTH,,6.679999828338623,6.679999828338623,6.679999828338623,6.679999828338623,799.0
2026-08-05 09:56:00,PRVA,,23.809999465942383,23.809999465942383,23.809999465942383,23.809999465942383,323.0
2026-08-05 09:56:00,PSEC,,2.2149999141693115,2.2200000286102295,2.2100000381469727,2.2181999683380127,4531.0
2026-08-05 09:56:00,PSMT,,193.52000427246094,193.52499389648438,193.3249969482422,193.3249969482422,750.0
2026-08-05 09:56:00,PSNL,,13.569999694824219,13.569999694824219,13.569999694824219,13.569999694824219,174.0
2026-08-05 09:56:00,PTEN,,9.970000267028809,9.970000267028809,9.96500015258789,9.970000267028809,2869.0
2026-08-05 09:56:00,PTLO,,4.53000020980835,4.539999961853027,4.53000020980835,4.53000020980835,1244.0
2026-08-05 09:56:00,PTON,,6.539999961853027,6.539999961853027,6.534999847412109,6.534999847412109,6537.0
2026-08-05 09:56:00,PUBM,,13.6850004196167,13.6850004196167,13.6850004196167,13.6850004196167,1565.0
2026-08-05 09:56:00,PWP,,17.209999084472656,17.209999084472656,17.209999084472656,17.209999084472656,679.0
2026-08-05 09:56:00,PYPD,,4.449999809265137,4.449999809265137,4.449999809265137,4.449999809265137,221.0
2026-08-05 09:56:00,PYPL,,58.834999084472656,58.85499954223633,58.80500030517578,58.80500030517578,11497.0
2026-08-05 09:56:00,PYXS,,3.2699999809265137,3.2699999809265137,3.240000009536743,3.25,6755.0
2026-08-05 09:56:00,PZZA,,30.593700408935547,30.600000381469727,30.559999465942383,30.559999465942383,2337.0
2026-08-05 09:56:00,QCOM,,162.3300018310547,162.4499969482422,162.1199951171875,162.3125,13162.0
2026-08-05 09:56:00,QFIN,,13.34000015258789,13.34000015258789,13.338000297546387,13.34000015258789,1961.0
2026-08-05 09:56:00,QQQX,,30.725000381469727,30.769899368286133,30.725000381469727,30.769899368286133,302.0
2026-08-05 09:56:00,QRVO,,95.63999938964844,95.63999938964844,95.55999755859375,95.55999755859375,373.0
2026-08-05 09:56:00,SEED,,0.9225000143051147,0.9300000071525574,0.9193000197410583,0.9193000197410583,4651.0
2026-08-05 09:56:00,STIM,,2.305000066757202,2.315000057220459,2.299999952316284,2.309999942779541,11231.0
2026-08-05 09:56:00,TARA,,4.099999904632568,4.099999904632568,4.074999809265137,4.074999809265137,1439.0
2026-08-05 09:56:00,WOOF,,2.9649999141693115,2.9649999141693115,2.9549999237060547,2.9549999237060547,4147.0
2026-08-05 09:57:00,ACDC,,4.300000190734863,4.300000190734863,4.295000076293945,4.295000076293945,1009.0
2026-08-05 09:57:00,BPOP,,177.97000122070312,177.97000122070312,177.97000122070312,177.97000122070312,2820.0
2026-08-05 09:57:00,EYE,,23.469999313354492,23.475000381469727,23.440000534057617,23.469999313354492,3428.0
2026-08-05 09:57:00,GLUE,,16.475000381469727,16.520000457763672,16.40999984741211,16.510000228881836,6652.0
2026-08-05 09:57:00,KIDS,,20.604999542236328,20.604999542236328,20.604999542236328,20.604999542236328,143.0
2026-08-05 09:57:00,KTTA,,0.4713999927043915,0.4713999927043915,0.4713999927043915,0.4713999927043915,1100.0
2026-08-05 09:57:00,LUNG,,1.8849999904632568,1.8849999904632568,1.8799999952316284,1.8799999952316284,506.0
2026-08-05 09:57:00,MBRX,,0.40400001406669617,0.40400001406669617,0.40400001406669617,0.40400001406669617,224.0
2026-08-05 09:57:00,MDB,,377.2900085449219,377.68218994140625,376.54998779296875,377.2900085449219,2788.0
2026-08-05 09:57:00,MDLZ,,61.720001220703125,61.755001068115234,61.69499969482422,61.7400016784668,7046.0
2026-08-05 09:57:00,MLTX,,18.059999465942383,18.09000015258789,18.059999465942383,18.09000015258789,793.0
2026-08-05 09:57:00,MNPR,,116.4124984741211,116.4124984741211,116.34750366210938,116.34750366210938,2617.0
2026-08-05 09:57:00,MNRO,,13.375,13.40999984741211,13.3100004196167,13.3100004196167,2547.0
2026-08-05 09:57:00,MNST,,94.48999786376953,94.52999877929688,94.47000122070312,94.5,8466.0
2026-08-05 09:57:00,MNTS,,4.53000020980835,4.539999961853027,4.520100116729736,4.53000020980835,3897.0
2026-08-05 09:57:00,MORN,,199.53500366210938,200.72000122070312,199.53500366210938,200.72000122070312,505.0
2026-08-05 09:57:00,MOVE,,12.420000076293945,12.420000076293945,12.420000076293945,12.420000076293945,2035.0
2026-08-05 09:57:00,MPWR,,1346.9649658203125,1346.9649658203125,1344.6202392578125,1346.9100341796875,342.0
2026-08-05 09:57:00,MRNA,,58.939998626708984,59.130001068115234,58.88999938964844,59.119998931884766,22290.0
2026-08-05 09:57:00,MYGN,,3.184999942779541,3.184999942779541,3.184999942779541,3.184999942779541,3186.0
2026-08-05 09:57:00,NAMS,,27.299999237060547,27.440000534057617,27.299999237060547,27.360000610351562,16558.0
2026-08-05 09:57:00,NAUT,,0.9976000189781189,0.9976000189781189,0.9976000189781189,0.9976000189781189,335.0
2026-08-05 09:57:00,NB,,5.215000152587891,5.215000152587891,5.195000171661377,5.199999809265137,16880.0
2026-08-05 09:57:00,NBIX,,165.51499938964844,165.74000549316406,165.4600067138672,165.4600067138672,4022.0
2026-08-05 09:57:00,NDAQ,,94.3949966430664,94.41000366210938,94.3949966430664,94.41000366210938,2517.0
2026-08-05 09:57:00,NDSN,,312.07501220703125,312.07501220703125,312.07501220703125,312.07501220703125,129.0
2026-08-05 09:57:00,NEGG,,15.274800300598145,15.274800300598145,15.274800300598145,15.274800300598145,218.0
2026-08-05 09:57:00,NEO,,16.200000762939453,16.200000762939453,16.15999984741211,16.15999984741211,2529.0
2026-08-05 09:57:00,NEOG,,11.569999694824219,11.585000038146973,11.53499984741211,11.585000038146973,61680.0
2026-08-05 09:57:00,NEOV,,2.930000066757202,2.930000066757202,2.910099983215332,2.9149999618530273,10534.0
2026-08-05 09:57:00,NESR,,29.110000610351562,29.110000610351562,29.110000610351562,29.110000610351562,985.0
2026-08-05 09:57:00,NEXT,,6.489999771118164,6.489999771118164,6.489999771118164,6.489999771118164,910.0
2026-08-05 09:57:00,NFE,,0.33629998564720154,0.33629998564720154,0.33629998564720154,0.33629998564720154,0.0
2026-08-05 09:57:00,NFLX,,74.04019927978516,74.13800048828125,74.0199966430664,74.12999725341797,56470.0
2026-08-05 09:57:00,NICE,,95.6500015258789,95.80999755859375,95.62000274658203,95.62999725341797,4412.0
2026-08-05 09:57:00,NKTR,,73.51000213623047,73.51000213623047,73.51000213623047,73.51000213623047,798.0
2026-08-05 09:57:00,NKTX,,2.259999990463257,2.259999990463257,2.259999990463257,2.259999990463257,0.0
2026-08-05 09:57:00,NMFC,,7.355000019073486,7.355000019073486,7.355000019073486,7.355000019073486,163.0
2026-08-05 09:57:00,NMRA,,1.5800000429153442,1.5850000381469727,1.5800000429153442,1.5800000429153442,8079.0
2026-08-05 09:57:00,NMRK,,15.640000343322754,15.640000343322754,15.640000343322754,15.640000343322754,153.0
2026-08-05 09:57:00,NN,,14.15999984741211,14.15999984741211,14.055000305175781,14.055000305175781,5976.0
2026-08-05 09:57:00,NNBR,,3.859999895095825,3.859999895095825,3.859999895095825,3.859999895095825,2472.0
2026-08-05 09:57:00,NNDM,,1.590000033378601,1.590000033378601,1.590000033378601,1.590000033378601,6891.0
2026-08-05 09:57:00,NNOX,,1.0318000316619873,1.059999942779541,1.030500054359436,1.059999942779541,11002.0
2026-08-05 09:57:00,NOVT,,159.42999267578125,159.42999267578125,159.42999267578125,159.42999267578125,277.0
2026-08-05 09:57:00,NRC,,19.5,19.559999465942383,19.5,19.559999465942383,2716.0
2026-08-05 09:57:00,NRIM,,27.110000610351562,27.110000610351562,27.110000610351562,27.110000610351562,335.0
2026-08-05 09:57:00,NRIX,,25.18000030517578,25.18000030517578,25.18000030517578,25.18000030517578,3798.0
2026-08-05 09:57:00,NRSN,,0.5400000214576721,0.5400000214576721,0.5400000214576721,0.5400000214576721,200.0
2026-08-05 09:57:00,NRXP,,3.0799999237060547,3.0799999237060547,3.059999942779541,3.059999942779541,2345.0
2026-08-05 09:57:00,NTAP,,190.8699951171875,190.8699951171875,190.22999572753906,190.22999572753906,1954.0
2026-08-05 09:57:00,NTES,,128.3699951171875,128.3699951171875,128.3699951171875,128.3699951171875,213.0
2026-08-05 09:57:00,NTGR,,23.969999313354492,23.969999313354492,23.969999313354492,23.969999313354492,235.0
2026-08-05 09:57:00,NTNX,,60.78499984741211,60.78499984741211,60.726200103759766,60.77000045776367,2761.0
2026-08-05 09:57:00,NTRA,,276.5685119628906,277.75030517578125,276.5685119628906,277.75030517578125,1401.0
2026-08-05 09:57:00,NTRS,,185.21499633789062,185.21499633789062,185.21499633789062,185.21499633789062,322.0
2026-08-05 09:57:00,NUWE,,1.7963000535964966,1.7963000535964966,1.7963000535964966,1.7963000535964966,660.0
2026-08-05 09:57:00,NVAX,,7.75,7.75,7.730999946594238,7.735000133514404,6104.0
2026-08-05 09:57:00,NVCR,,16.010000228881836,16.020000457763672,16.0,16.010000228881836,3457.0
2026-08-05 09:57:00,NVCT,,20.139999389648438,20.290000915527344,20.139999389648438,20.290000915527344,1300.0
2026-08-05 09:57:00,NVDA,,220.44009399414062,220.5,219.47000122070312,219.49000549316406,743341.0
2026-08-05 09:57:00,NVEC,,130.08999633789062,130.08999633789062,130.08999633789062,130.08999633789062,3008.0
2026-08-05 09:57:00,NVMI,,414.0400085449219,414.0400085449219,413.440185546875,413.440185546875,689.0
2026-08-05 09:57:00,NVTS,,12.869999885559082,12.885000228881836,12.807100296020508,12.819999694824219,31778.0
2026-08-05 09:57:00,NVX,,0.4099999964237213,0.4099999964237213,0.4052000045776367,0.4052000045776367,559.0
2026-08-05 09:57:00,NWE,,69.01000213623047,69.01000213623047,69.01000213623047,69.01000213623047,1072.0
2026-08-05 09:57:00,NWGL,,0.26019999384880066,0.26019999384880066,0.26010000705718994,0.26019999384880066,6079.0
2026-08-05 09:57:00,NWL,,6.025000095367432,6.025000095367432,6.025000095367432,6.025000095367432,1778.0
2026-08-05 09:57:00,NWPX,,128.8175048828125,128.8175048828125,127.94709777832031,127.94709777832031,4844.0
2026-08-05 09:57:00,NWS,,32.40999984741211,32.43000030517578,32.40999984741211,32.43000030517578,4877.0
2026-08-05 09:57:00,NWSA,,28.263999938964844,28.309999465942383,28.263999938964844,28.299999237060547,11098.0
2026-08-05 09:57:00,NXGL,,0.41999998688697815,0.41999998688697815,0.41999998688697815,0.41999998688697815,1000.0
2026-08-05 09:57:00,NXPI,,236.52999877929688,236.75999450683594,236.39999389648438,236.75999450683594,9361.0
2026-08-05 09:57:00,NXST,,194.85499572753906,194.85499572753906,194.85499572753906,194.85499572753906,643.0
2026-08-05 09:57:00,NXT,,100.08499908447266,100.08499908447266,99.80999755859375,99.83000183105469,3213.0
2026-08-05 09:57:00,NXTC,,5.619999885559082,5.630000114440918,5.550000190734863,5.610599994659424,10674.0
2026-08-05 09:57:00,OCGN,,1.3049999475479126,1.3049999475479126,1.2949999570846558,1.2999999523162842,27500.0
2026-08-05 09:57:00,OCS,,11.979999542236328,11.979999542236328,11.979999542236328,11.979999542236328,200.0
2026-08-05 09:57:00,OCSL,,12.170000076293945,12.170000076293945,12.170000076293945,12.170000076293945,270.0
2026-08-05 09:57:00,OCUL,,8.78969955444336,8.78969955444336,8.779999732971191,8.779999732971191,967.0
2026-08-05 09:57:00,ODFL,,219.67999267578125,219.67999267578125,219.67999267578125,219.67999267578125,459.0
2026-08-05 09:57:00,OESX,,15.96500015258789,16.399900436401367,15.850000381469727,16.2726993560791,9065.0
2026-08-05 09:57:00,OFIX,,10.5,10.5,10.359999656677246,10.369999885559082,2084.0
2026-08-05 09:57:00,OFS,,3.609999895095825,3.609999895095825,3.609999895095825,3.609999895095825,117.0
2026-08-05 09:57:00,OGI,,0.9635999798774719,0.9635999798774719,0.9602000117301941,0.9635999798774719,627.0
2026-08-05 09:57:00,OKTA,,148.25999450683594,148.25999450683594,148.17999267578125,148.24000549316406,3783.0
2026-08-05 09:57:00,OLB,,0.32019999623298645,0.32019999623298645,0.32019999623298645,0.32019999623298645,1555.0
2026-08-05 09:57:00,OLLI,,77.55999755859375,77.55999755859375,77.54499816894531,77.54499816894531,3331.0
2026-08-05 09:57:00,OLMA,,11.8100004196167,11.8100004196167,11.8100004196167,11.8100004196167,301.0
2026-08-05 09:57:00,OMH,,0.11060000211000443,0.1120000034570694,0.11060000211000443,0.11169999837875366,6737.0
2026-08-05 09:57:00,ON,,80.02999877929688,80.04000091552734,79.91000366210938,79.94000244140625,14667.0
2026-08-05 09:57:00,ONB,,27.174999237060547,27.174999237060547,27.165000915527344,27.170000076293945,2745.0
2026-08-05 09:57:00,ONCY,,0.7991999983787537,0.7991999983787537,0.7991999983787537,0.7991999983787537,0.0
2026-08-05 09:57:00,ONDS,,8.975000381469727,9.0,8.944999694824219,8.944999694824219,320737.0
2026-08-05 09:57:00,ONFO,,0.07609999924898148,0.07649999856948853,0.07609999924898148,0.07620000094175339,59026.0
2026-08-05 09:57:00,ONTX,,18.299999237060547,18.299999237060547,18.299999237060547,18.299999237060547,202.0
2026-08-05 09:57:00,OPCH,,23.3799991607666,23.3799991607666,23.350000381469727,23.350000381469727,1966.0
2026-08-05 09:57:00,OPEN,,3.780100107192993,3.799999952316284,3.7699999809265137,3.7899999618530273,160432.0
2026-08-05 09:57:00,OPK,,1.3200000524520874,1.3200000524520874,1.3200000524520874,1.3200000524520874,301.0
2026-08-05 09:57:00,ORIC,,13.489999771118164,13.489999771118164,13.470000267028809,13.479999542236328,2282.0
2026-08-05 09:57:00,ORLY,,93.25,93.32499694824219,93.25,93.31999969482422,18891.0
2026-08-05 09:57:00,OSBC,,25.81999969482422,25.829999923706055,25.815000534057617,25.815000534057617,1818.0
2026-08-05 09:57:00,OSIS,,235.7899932861328,235.7899932861328,235.7899932861328,235.7899932861328,101.0
2026-08-05 09:57:00,OSPN,,16.780000686645508,16.780000686645508,16.780000686645508,16.780000686645508,368.0
2026-08-05 09:57:00,OSS,,13.850000381469727,13.850000381469727,13.729999542236328,13.729999542236328,3086.0
2026-08-05 09:57:00,OTEX,,25.940000534057617,25.979999542236328,25.940000534057617,25.979999542236328,1327.0
2026-08-05 09:57:00,OTLK,,1.0,1.0099999904632568,0.9998999834060669,0.9998999834060669,137854.0
2026-08-05 09:57:00,OVID,,2.5799999237060547,2.5799999237060547,2.5739998817443848,2.5739998817443848,1042.0
2026-08-05 09:57:00,OXLC,,9.149999618530273,9.151200294494629,9.149999618530273,9.151200294494629,649.0
2026-08-05 09:57:00,OXLCZ,,24.940000534057617,24.940000534057617,24.940000534057617,24.940000534057617,491.0
2026-08-05 09:57:00,OXSQ,,1.4800000190734863,1.4900000095367432,1.4800000190734863,1.4839999675750732,666.0
2026-08-05 09:57:00,PAA,,23.329999923706055,23.329999923706055,23.309999465942383,23.315000534057617,3029.0
2026-08-05 09:57:00,PAAS,,47.70320129394531,47.73500061035156,47.630001068115234,47.73440170288086,5324.0
2026-08-05 09:57:00,PACB,,1.4450000524520874,1.4450000524520874,1.440999984741211,1.440999984741211,3961.0
2026-08-05 09:57:00,PAGP,,25.239999771118164,25.239999771118164,25.219999313354492,25.219999313354492,5648.0
2026-08-05 09:57:00,PALI,,2.119999885559082,2.119999885559082,2.119999885559082,2.119999885559082,3483.0
2026-08-05 09:57:00,PANW,,367.6400146484375,367.760009765625,366.7099914550781,367.1400146484375,19387.0
2026-08-05 09:57:00,PATK,,87.69999694824219,87.80000305175781,87.4800033569336,87.4800033569336,9300.0
2026-08-05 09:57:00,PAX,,11.4399995803833,11.449999809265137,11.4399995803833,11.449999809265137,1378.0
2026-08-05 09:57:00,PAYX,,116.9749984741211,116.99500274658203,116.87000274658203,116.93000030517578,2502.0
2026-08-05 09:57:00,PCAR,,136.1699981689453,136.19500732421875,136.05999755859375,136.10000610351562,7753.0
2026-08-05 09:57:00,PCRX,,26.139999389648438,26.145000457763672,25.950000762939453,26.020000457763672,3036.0
2026-08-05 09:57:00,PCT,,6.965000152587891,6.965000152587891,6.940000057220459,6.960000038146973,10143.0
2026-08-05 09:57:00,PCTY,,144.6199951171875,145.36500549316406,144.6199951171875,145.35000610351562,2897.0
2026-08-05 09:57:00,PDD,,91.58000183105469,91.62999725341797,91.55000305175781,91.61000061035156,37596.0
2026-08-05 09:57:00,PECO,,41.43000030517578,41.43000030517578,41.43000030517578,41.43000030517578,195.0
2026-08-05 09:57:00,PEGA,,31.450000762939453,31.450000762939453,31.450000762939453,31.450000762939453,832.0
2026-08-05 09:57:00,PENN,,20.059999465942383,20.149999618530273,20.030000686645508,20.059999465942383,26136.0
2026-08-05 09:57:00,PEP,,138.53500366210938,138.69000244140625,138.50999450683594,138.6699981689453,10284.0
2026-08-05 09:57:00,PEPG,,1.899999976158142,1.899999976158142,1.899999976158142,1.899999976158142,1009.0
2026-08-05 09:57:00,PERI,,9.640000343322754,9.640000343322754,9.635000228881836,9.635000228881836,716.0
2026-08-05 09:57:00,PESI,,17.549999237060547,17.549999237060547,17.549999237060547,17.549999237060547,1275.0
2026-08-05 09:57:00,PFG,,115.69999694824219,115.69999694824219,115.6050033569336,115.6050033569336,3312.0
2026-08-05 09:57:00,PGEN,,7.179999828338623,7.199999809265137,7.050000190734863,7.050000190734863,278595.0
2026-08-05 09:57:00,PGY,,21.6200008392334,21.639999389648438,21.56999969482422,21.638700485229492,10903.0
2026-08-05 09:57:00,PHAT,,8.664999961853027,8.670000076293945,8.649999618530273,8.670000076293945,896.0
2026-08-05 09:57:00,PHVS,,33.5099983215332,33.5099983215332,33.5099983215332,33.5099983215332,156.0
2026-08-05 09:57:00,PLAB,,32.61000061035156,32.61000061035156,32.61000061035156,32.61000061035156,948.0
2026-08-05 09:57:00,PLMR,,137.39999389648438,138.5800018310547,136.64999389648438,138.5800018310547,4368.0
2026-08-05 09:57:00,PLUG,,2.125,2.125,2.0999999046325684,2.109999895095825,245877.0
2026-08-05 09:57:00,PMN,,13.390000343322754,13.390000343322754,13.390000343322754,13.390000343322754,5276.0
2026-08-05 09:57:00,PNBK,,1.1349999904632568,1.1349999904632568,1.1349999904632568,1.1349999904632568,201.0
2026-08-05 09:57:00,PNFP,,108.38500213623047,108.38999938964844,108.37999725341797,108.37999725341797,884.0
2026-08-05 09:57:00,POET,,8.454999923706055,8.460000038146973,8.395000457763672,8.395000457763672,27975.0
2026-08-05 09:57:00,POOL,,203.27499389648438,203.27499389648438,203.27000427246094,203.27000427246094,2883.0
2026-08-05 09:57:00,POWI,,63.48500061035156,63.640201568603516,63.48500061035156,63.640201568603516,1340.0
2026-08-05 09:57:00,POWL,,212.86000061035156,212.86000061035156,212.86000061035156,212.86000061035156,46.0
2026-08-05 09:57:00,PPTA,,22.399900436401367,22.399900436401367,22.344999313354492,22.344999313354492,5746.0
2026-08-05 09:57:00,PRAX,,317.0199890136719,317.54998779296875,317.0199890136719,317.54998779296875,347.0
2026-08-05 09:57:00,PRCH,,16.184999465942383,16.225000381469727,16.184999465942383,16.225000381469727,1701.0
2026-08-05 09:57:00,PRCT,,17.979999542236328,18.1200008392334,17.950000762939453,18.1200008392334,36504.0
2026-08-05 09:57:00,PRE,,18.0,18.0,18.0,18.0,121.0
2026-08-05 09:57:00,PRFX,,1.1399999856948853,1.1399999856948853,1.1399999856948853,1.1399999856948853,197.0
2026-08-05 09:57:00,PRGS,,41.400001525878906,41.41999816894531,41.38999938964844,41.38999938964844,1479.0
2026-08-05 09:57:00,PRIM,,88.9749984741211,88.9800033569336,88.9749984741211,88.9800033569336,360.0
2026-08-05 09:57:00,PRLD,,4.519999980926514,4.519999980926514,4.519999980926514,4.519999980926514,552.0
2026-08-05 09:57:00,PRME,,2.992000102996826,2.992000102996826,2.98009991645813,2.984999895095825,15389.0
2026-08-05 09:57:00,PROK,,1.6799999475479126,1.6799999475479126,1.6799999475479126,1.6799999475479126,5972.0
2026-08-05 09:57:00,PRQR,,1.8949999809265137,1.8949999809265137,1.8899999856948853,1.8899999856948853,11877.0
2026-08-05 09:57:00,PRTA,,8.569999694824219,8.569999694824219,8.569999694824219,8.569999694824219,1233.0
2026-08-05 09:57:00,PRVA,,23.809999465942383,23.809999465942383,23.770000457763672,23.809999465942383,2039.0
2026-08-05 09:57:00,PSEC,,2.2200000286102295,2.2200000286102295,2.2149999141693115,2.2200000286102295,2520.0
2026-08-05 09:57:00,PSMT,,193.52000427246094,193.52000427246094,193.52000427246094,193.52000427246094,2938.0
2026-08-05 09:57:00,PSNL,,13.600000381469727,13.600000381469727,13.5649995803833,13.5649995803833,13358.0
2026-08-05 09:57:00,PTC,,141.27999877929688,141.3000030517578,141.2100067138672,141.3000030517578,1143.0
2026-08-05 09:57:00,PTEN,,9.975000381469727,9.979999542236328,9.975000381469727,9.979999542236328,1836.0
2026-08-05 09:57:00,PTLO,,4.537499904632568,4.537499904632568,4.53000020980835,4.53000020980835,2215.0
2026-08-05 09:57:00,PTON,,6.534999847412109,6.539899826049805,6.53000020980835,6.534999847412109,6442.0
2026-08-05 09:57:00,PUBM,,13.6850004196167,13.6850004196167,13.6850004196167,13.6850004196167,3168.0
2026-08-05 09:57:00,PWP,,17.209999084472656,17.229999542236328,17.200000762939453,17.209999084472656,3427.0
2026-08-05 09:57:00,PYPD,,4.465000152587891,4.465000152587891,4.351900100708008,4.351900100708008,2121.0
2026-08-05 09:57:00,PYPL,,58.72999954223633,58.83000183105469,58.709999084472656,58.83000183105469,18507.0
2026-08-05 09:57:00,PYXS,,3.2699999809265137,3.2699999809265137,3.266200065612793,3.266200065612793,2477.0
2026-08-05 09:57:00,PZZA,,30.550100326538086,30.6299991607666,30.550100326538086,30.6299991607666,2448.0
2026-08-05 09:57:00,QCOM,,162.3350067138672,162.52999877929688,162.1999969482422,162.47000122070312,15768.0
2026-08-05 09:57:00,QFIN,,13.335000038146973,13.34000015258789,13.335000038146973,13.34000015258789,2595.0
2026-08-05 09:57:00,QRVO,,95.47000122070312,95.66999816894531,95.47000122070312,95.56500244140625,1083.0
2026-08-05 09:57:00,SEED,,0.9221000075340271,0.9221000075340271,0.9187999963760376,0.9187999963760376,350.0
2026-08-05 09:57:00,STIM,,2.309999942779541,2.325000047683716,2.309000015258789,2.309999942779541,4248.0
2026-08-05 09:57:00,TARA,,4.114999771118164,4.114999771118164,4.105000019073486,4.105000019073486,831.0
2026-08-05 09:58:00,ACDC,,4.295000076293945,4.295000076293945,4.295000076293945,4.295000076293945,365.0
2026-08-05 09:58:00,BPOP,,178.08999633789062,178.08999633789062,178.08999633789062,178.08999633789062,101.0
2026-08-05 09:58:00,CNXN,,84.16999816894531,84.16999816894531,84.16999816894531,84.16999816894531,658.0
2026-08-05 09:58:00,DTIL,,7.548900127410889,7.548900127410889,7.548900127410889,7.548900127410889,2883.0
2026-08-05 09:58:00,EYE,,23.479999542236328,23.479999542236328,23.454999923706055,23.454999923706055,1963.0
2026-08-05 09:58:00,FIZZ,,31.690000534057617,31.690000534057617,31.690000534057617,31.690000534057617,751.0
2026-08-05 09:58:00,GLUE,,16.40999984741211,16.46500015258789,16.40999984741211,16.46500015258789,787.0
2026-08-05 09:58:00,KIDS,,20.799999237060547,20.81999969482422,20.739999771118164,20.739999771118164,1498.0
2026-08-05 09:58:00,KTTA,,0.4805999994277954,0.48069998621940613,0.47130000591278076,0.47130000591278076,400.0
2026-08-05 09:58:00,LUNG,,1.8799999952316284,1.8849999904632568,1.8799999952316284,1.8849999904632568,521.0
2026-08-05 09:58:00,MDB,,377.8599853515625,378.1600036621094,377.0201110839844,377.8800048828125,1522.0
2026-08-05 09:58:00,MDLZ,,61.689998626708984,61.709999084472656,61.689998626708984,61.709999084472656,7114.0
2026-08-05 09:58:00,MNRO,,13.390000343322754,13.40999984741211,13.329999923706055,13.375,4218.0
2026-08-05 09:58:00,MNST,,94.52999877929688,94.52999877929688,94.49099731445312,94.49099731445312,4153.0
2026-08-05 09:58:00,MNTS,,4.538099765777588,4.538099765777588,4.5100998878479,4.5100998878479,821.0
2026-08-05 09:58:00,MORN,,198.91000366210938,199.0800018310547,198.91000366210938,199.0800018310547,215.0
2026-08-05 09:58:00,MPAA,,13.859999656677246,13.859999656677246,13.710000038146973,13.710000038146973,282.0
2026-08-05 09:58:00,MPWR,,1346.3050537109375,1347.9200439453125,1344.77001953125,1346.9949951171875,1139.0
2026-08-05 09:58:00,MRNA,,58.939998626708984,59.029998779296875,58.88999938964844,58.939998626708984,15347.0
2026-08-05 09:58:00,MYRG,,350.0,350.0,350.0,350.0,290.0
2026-08-05 09:58:00,NAMS,,27.264999389648438,27.280000686645508,27.260000228881836,27.270000457763672,2531.0
2026-08-05 09:58:00,NAUT,,0.9851999878883362,0.9851999878883362,0.9851999878883362,0.9851999878883362,119.0
2026-08-05 09:58:00,NAVI,,9.114999771118164,9.119999885559082,9.109999656677246,9.119999885559082,3656.0
2026-08-05 09:58:00,NB,,5.210000038146973,5.21999979019165,5.210000038146973,5.210999965667725,5672.0
2026-08-05 09:58:00,NCPL,,0.42320001125335693,0.42320001125335693,0.42320001125335693,0.42320001125335693,1005.0
2026-08-05 09:58:00,NDAQ,,94.3949966430664,94.44000244140625,94.3949966430664,94.44000244140625,1822.0
2026-08-05 09:58:00,NEGG,,15.670000076293945,15.670000076293945,15.670000076293945,15.670000076293945,200.0
2026-08-05 09:58:00,NEO,,16.190000534057617,16.190000534057617,16.174999237060547,16.190000534057617,921.0
2026-08-05 09:58:00,NEOG,,11.670000076293945,11.670000076293945,11.600000381469727,11.600000381469727,39049.0
2026-08-05 09:58:00,NEOV,,2.9200000762939453,2.9200000762939453,2.910099983215332,2.9200000762939453,4954.0
2026-08-05 09:58:00,NESR,,29.104999542236328,29.104999542236328,29.0049991607666,29.104999542236328,915.0
2026-08-05 09:58:00,NEXT,,6.505000114440918,6.505000114440918,6.489999771118164,6.494999885559082,15183.0
2026-08-05 09:58:00,NFE,,0.3393000066280365,0.3393000066280365,0.3393000066280365,0.3393000066280365,1002.0
2026-08-05 09:58:00,NFLX,,74.03130340576172,74.08999633789062,74.0199966430664,74.05000305175781,56967.0
2026-08-05 09:58:00,NICE,,95.81050109863281,95.81050109863281,95.80999755859375,95.80999755859375,1297.0
2026-08-05 09:58:00,NKTR,,73.69000244140625,73.69000244140625,73.69000244140625,73.69000244140625,937.0
2026-08-05 09:58:00,NKTX,,2.259999990463257,2.259999990463257,2.255000114440918,2.259999990463257,1406.0
2026-08-05 09:58:00,NMFC,,7.364999771118164,7.364999771118164,7.360000133514404,7.360000133514404,1317.0
2026-08-05 09:58:00,NMRA,,1.5789999961853027,1.5789999961853027,1.5789999961853027,1.5789999961853027,1083.0
2026-08-05 09:58:00,NMRK,,15.630000114440918,15.630000114440918,15.630000114440918,15.630000114440918,1391.0
2026-08-05 09:58:00,NN,,14.273799896240234,14.274999618530273,14.178999900817871,14.178999900817871,8712.0
2026-08-05 09:58:00,NOVT,,159.85000610351562,159.85000610351562,159.5,159.5,1093.0
2026-08-05 09:58:00,NRDS,,9.149999618530273,9.149999618530273,9.149999618530273,9.149999618530273,1230.0
2026-08-05 09:58:00,NRIX,,25.200000762939453,25.209999084472656,25.200000762939453,25.209999084472656,783.0
2026-08-05 09:58:00,NRSN,,0.5400000214576721,0.5400000214576721,0.539900004863739,0.539900004863739,2850.0
2026-08-05 09:58:00,NRXP,,3.063800096511841,3.075000047683716,3.063800096511841,3.075000047683716,2694.0
2026-08-05 09:58:00,NTAP,,191.2100067138672,191.2100067138672,190.85000610351562,190.8699951171875,2708.0
2026-08-05 09:58:00,NTES,,128.2899932861328,128.38999938964844,128.2899932861328,128.3800048828125,3096.0
2026-08-05 09:58:00,NTGR,,24.05500030517578,24.05500030517578,24.05500030517578,24.05500030517578,339.0
2026-08-05 09:58:00,NTNX,,60.880001068115234,60.900001525878906,60.84000015258789,60.84000015258789,3153.0
2026-08-05 09:58:00,NTRS,,185.4199981689453,185.4199981689453,185.2100067138672,185.21499633789062,6749.0
2026-08-05 09:58:00,NUWE,,1.7616000175476074,1.7799999713897705,1.7616000175476074,1.7799999713897705,529.0
2026-08-05 09:58:00,NVAX,,7.75,7.75,7.739999771118164,7.75,6043.0
2026-08-05 09:58:00,NVDA,,221.1699981689453,221.1699981689453,220.4029998779297,220.4499969482422,921959.0
2026-08-05 09:58:00,NVMI,,414.82000732421875,414.8399963378906,414.1700134277344,414.1700134277344,1008.0
2026-08-05 09:58:00,NVTS,,12.944999694824219,12.956299781799316,12.88010025024414,12.88010025024414,53697.0
2026-08-05 09:58:00,NWBI,,16.0049991607666,16.010000228881836,16.0049991607666,16.0049991607666,536.0
2026-08-05 09:58:00,NWL,,6.019999980926514,6.025000095367432,6.019999980926514,6.019999980926514,2373.0
2026-08-05 09:58:00,NWS,,32.36000061035156,32.38999938964844,32.33000183105469,32.380001068115234,4583.0
2026-08-05 09:58:00,NWSA,,28.25,28.264999389648438,28.219999313354492,28.260000228881836,7563.0
2026-08-05 09:58:00,NXGL,,0.41999998688697815,0.41999998688697815,0.41999998688697815,0.41999998688697815,551.0
2026-08-05 09:58:00,NXPI,,236.77499389648438,236.9739990234375,236.5,236.55999755859375,5462.0
2026-08-05 09:58:00,NXT,,100.18000030517578,100.27999877929688,100.08499908447266,100.08499908447266,3531.0
2026-08-05 09:58:00,NXTC,,5.510000228881836,5.59499979019165,5.510000228881836,5.59499979019165,26336.0
2026-08-05 09:58:00,OABI,,2.0299999713897705,2.0299999713897705,2.0199999809265137,2.0292999744415283,2394.0
2026-08-05 09:58:00,OBT,,38.5,38.5,38.5,38.5,1326.0
2026-08-05 09:58:00,OCC,,16.260000228881836,16.260000228881836,16.100000381469727,16.100000381469727,976.0
2026-08-05 09:58:00,OCFC,,19.790000915527344,19.790000915527344,19.790000915527344,19.790000915527344,1631.0
2026-08-05 09:58:00,OCGN,,1.2999999523162842,1.309999942779541,1.2999999523162842,1.2999999523162842,29135.0
2026-08-05 09:58:00,OCSL,,12.175000190734863,12.1899995803833,12.170000076293945,12.170000076293945,952.0
2026-08-05 09:58:00,OCUL,,8.789999961853027,8.789999961853027,8.789999961853027,8.789999961853027,2131.0
2026-08-05 09:58:00,ODFL,,219.83999633789062,219.83999633789062,219.67999267578125,219.67999267578125,949.0
2026-08-05 09:58:00,OESX,,16.09000015258789,16.09000015258789,15.994999885559082,15.994999885559082,3311.0
2026-08-05 09:58:00,OFIX,,10.380000114440918,10.4350004196167,10.380000114440918,10.4350004196167,477.0
2026-08-05 09:58:00,OGI,,0.9692999720573425,0.9692999720573425,0.9642999768257141,0.9663000106811523,3836.0
2026-08-05 09:58:00,OLLI,,77.47000122070312,77.47000122070312,77.29000091552734,77.43000030517578,7413.0
2026-08-05 09:58:00,OLMA,,11.800000190734863,11.8100004196167,11.789999961853027,11.8100004196167,3389.0
2026-08-05 09:58:00,OM,,5.135000228881836,5.135000228881836,5.135000228881836,5.135000228881836,230.0
2026-08-05 09:58:00,OMER,,12.835000038146973,12.84000015258789,12.8100004196167,12.819999694824219,6693.0
2026-08-05 09:58:00,OMH,,0.11110000312328339,0.11169999837875366,0.11060000211000443,0.11069999635219574,26041.0
2026-08-05 09:58:00,ON,,80.19999694824219,80.19999694824219,80.02999877929688,80.04000091552734,18196.0
2026-08-05 09:58:00,ONB,,27.18000030517578,27.18000030517578,27.170000076293945,27.170000076293945,4532.0
2026-08-05 09:58:00,ONBPP,,24.709999084472656,24.709999084472656,24.709999084472656,24.709999084472656,274.0
2026-08-05 09:58:00,ONCY,,0.7982000112533569,0.7982000112533569,0.7982000112533569,0.7982000112533569,2212.0
2026-08-05 09:58:00,ONDS,,9.024999618530273,9.039999961853027,8.975000381469727,8.979999542236328,378255.0
2026-08-05 09:58:00,ONFO,,0.07559999823570251,0.07609999924898148,0.07479999959468842,0.07599999755620956,273547.0
2026-08-05 09:58:00,OPCH,,23.378000259399414,23.378000259399414,23.378000259399414,23.378000259399414,583.0
2026-08-05 09:58:00,OPEN,,3.7950000762939453,3.799999952316284,3.7799999713897705,3.7799999713897705,84178.0
2026-08-05 09:58:00,OPK,,1.3166999816894531,1.3200000524520874,1.3166999816894531,1.3200000524520874,3142.0
2026-08-05 09:58:00,OPRA,,20.31999969482422,20.31999969482422,20.31999969482422,20.31999969482422,3830.0
2026-08-05 09:58:00,ORIC,,13.489999771118164,13.520000457763672,13.489999771118164,13.520000457763672,1382.0
2026-08-05 09:58:00,ORLY,,93.3550033569336,93.37000274658203,93.25499725341797,93.25499725341797,8828.0
2026-08-05 09:58:00,ORMP,,4.46999979019165,4.46999979019165,4.46999979019165,4.46999979019165,225.0
2026-08-05 09:58:00,OSIS,,236.2899932861328,236.2899932861328,236.2899932861328,236.2899932861328,288.0
2026-08-05 09:58:00,OSS,,13.859999656677246,13.880000114440918,13.824999809265137,13.859999656677246,3853.0
2026-08-05 09:58:00,OTEX,,25.950000762939453,25.969999313354492,25.940000534057617,25.940000534057617,1626.0
2026-08-05 09:58:00,OTLK,,1.0099999904632568,1.0099999904632568,1.000100016593933,1.0099999904632568,39045.0
2026-08-05 09:58:00,OVID,,2.5850000381469727,2.5950000286102295,2.5850000381469727,2.5899999141693115,8217.0
2026-08-05 09:58:00,OXLC,,9.156000137329102,9.156000137329102,9.154800415039062,9.154999732971191,1300.0
2026-08-05 09:58:00,OXLCO,,24.1200008392334,24.1200008392334,24.1200008392334,24.1200008392334,0.0
2026-08-05 09:58:00,OXSQ,,1.4800000190734863,1.4900000095367432,1.4800000190734863,1.4800000190734863,1245.0
2026-08-05 09:58:00,PAA,,23.329999923706055,23.329999923706055,23.329999923706055,23.329999923706055,916.0
2026-08-05 09:58:00,PAAS,,47.779998779296875,47.790000915527344,47.709999084472656,47.709999084472656,8810.0
2026-08-05 09:58:00,PAGP,,25.23509979248047,25.23509979248047,25.23509979248047,25.23509979248047,166.0
2026-08-05 09:58:00,PALI,,2.125,2.125,2.115000009536743,2.119999885559082,6553.0
2026-08-05 09:58:00,PANW,,367.510009765625,368.3900146484375,367.510009765625,367.5899963378906,11282.0
2026-08-05 09:58:00,PATK,,87.67500305175781,87.67500305175781,87.66500091552734,87.66500091552734,3179.0
2026-08-05 09:58:00,PAX,,11.4350004196167,11.4350004196167,11.4350004196167,11.4350004196167,457.0
2026-08-05 09:58:00,PAYX,,116.92500305175781,117.0199966430664,116.88999938964844,116.91000366210938,6477.0
2026-08-05 09:58:00,PCAR,,136.33999633789062,136.33999633789062,136.15499877929688,136.24000549316406,9378.0
2026-08-05 09:58:00,PCRX,,26.049999237060547,26.31999969482422,25.959999084472656,26.260000228881836,3651.0
2026-08-05 09:58:00,PCT,,6.980000019073486,6.985000133514404,6.974999904632568,6.974999904632568,4868.0
2026-08-05 09:58:00,PCTY,,144.3800048828125,144.8699951171875,144.14999389648438,144.8699951171875,1214.0
2026-08-05 09:58:00,PDD,,91.63500213623047,91.75,91.55000305175781,91.55000305175781,30665.0
2026-08-05 09:58:00,PDSB,,0.7226999998092651,0.7226999998092651,0.7226999998092651,0.7226999998092651,0.0
2026-08-05 09:58:00,PEBK,,43.2599983215332,43.2599983215332,43.2599983215332,43.2599983215332,200.0
2026-08-05 09:58:00,PECO,,41.43000030517578,41.470001220703125,41.43000030517578,41.470001220703125,728.0
2026-08-05 09:58:00,PEGA,,31.440000534057617,31.440000534057617,31.43000030517578,31.43000030517578,883.0
2026-08-05 09:58:00,PENN,,20.06999969482422,20.06999969482422,20.06999969482422,20.06999969482422,1522.0
2026-08-05 09:58:00,PEP,,138.52000427246094,138.5699005126953,138.5,138.55999755859375,12808.0
2026-08-05 09:58:00,PEPG,,1.899999976158142,1.899999976158142,1.899999976158142,1.899999976158142,2283.0
2026-08-05 09:58:00,PERI,,9.619999885559082,9.619999885559082,9.619999885559082,9.619999885559082,1881.0
2026-08-05 09:58:00,PESI,,17.65999984741211,17.725000381469727,17.510000228881836,17.59000015258789,4635.0
2026-08-05 09:58:00,PFG,,115.6500015258789,115.6500015258789,115.6500015258789,115.6500015258789,261.0
2026-08-05 09:58:00,PGC,,46.68000030517578,46.709999084472656,46.68000030517578,46.709999084472656,446.0
2026-08-05 09:58:00,PGEN,,7.03000020980835,7.230000019073486,6.989999771118164,7.170000076293945,176826.0
2026-08-05 09:58:00,PGY,,21.600000381469727,21.649999618530273,21.600000381469727,21.6299991607666,6916.0
2026-08-05 09:58:00,PHAT,,8.625,8.670000076293945,8.619999885559082,8.65999984741211,13134.0
2026-08-05 09:58:00,PLAB,,32.790000915527344,32.790000915527344,32.790000915527344,32.790000915527344,1123.0
2026-08-05 09:58:00,PLMR,,137.5,137.8000030517578,137.5,137.6699981689453,4178.0
2026-08-05 09:58:00,PLPC,,456.69500732421875,456.69500732421875,454.6449890136719,454.6449890136719,1409.0
2026-08-05 09:58:00,PLTK,,3.984999895095825,3.990000009536743,3.9800000190734863,3.990000009536743,4586.0
2026-08-05 09:58:00,PLUG,,2.119999885559082,2.130000114440918,2.119999885559082,2.125,84198.0
2026-08-05 09:58:00,PLXS,,276.5299987792969,276.6099853515625,276.5299987792969,276.6099853515625,1786.0
2026-08-05 09:58:00,PNBK,,1.1299999952316284,1.1349999904632568,1.1299999952316284,1.1349999904632568,483.0
2026-08-05 09:58:00,PNFP,,108.51000213623047,108.51000213623047,108.51000213623047,108.51000213623047,242.0
2026-08-05 09:58:00,PNTG,,38.06999969482422,38.5,38.06999969482422,38.47999954223633,7587.0
2026-08-05 09:58:00,POET,,8.510000228881836,8.520000457763672,8.458600044250488,8.460000038146973,52260.0
2026-08-05 09:58:00,POOL,,203.27499389648438,203.27499389648438,203.27499389648438,203.27499389648438,1114.0
2026-08-05 09:58:00,POWI,,63.970001220703125,63.970001220703125,63.959999084472656,63.959999084472656,1445.0
2026-08-05 09:58:00,POWL,,212.8800048828125,213.30999755859375,212.32009887695312,212.8300018310547,565.0
2026-08-05 09:58:00,PPC,,26.844999313354492,26.844999313354492,26.844999313354492,26.844999313354492,1021.0
2026-08-05 09:58:00,PPTA,,22.360000610351562,22.40999984741211,22.350000381469727,22.375,9052.0
2026-08-05 09:58:00,PRCH,,16.190000534057617,16.190000534057617,16.190000534057617,16.190000534057617,565.0
2026-08-05 09:58:00,PRCT,,17.829999923706055,18.079999923706055,17.81999969482422,18.079999923706055,20554.0
2026-08-05 09:58:00,PRDO,,33.314998626708984,33.314998626708984,33.2599983215332,33.27000045776367,4580.0
2026-08-05 09:58:00,PRIM,,88.9800033569336,88.9800033569336,88.9749984741211,88.9749984741211,11031.0
2026-08-05 09:58:00,PRME,,2.990000009536743,2.9988999366760254,2.990000009536743,2.9988999366760254,6847.0
2026-08-05 09:58:00,PROK,,1.6699999570846558,1.6749999523162842,1.6699999570846558,1.6749999523162842,9314.0
2026-08-05 09:58:00,PRQR,,1.8949999809265137,1.8990999460220337,1.8949999809265137,1.8949999809265137,6132.0
2026-08-05 09:58:00,PRSO,,0.7035999894142151,0.7035999894142151,0.7035999894142151,0.7035999894142151,2000.0
2026-08-05 09:58:00,PSEC,,2.2109999656677246,2.2200000286102295,2.2100000381469727,2.2200000286102295,2551.0
2026-08-05 09:58:00,PSNL,,13.604999542236328,13.619999885559082,13.600000381469727,13.600000381469727,22377.0
2026-08-05 09:58:00,PTC,,141.1199951171875,141.14999389648438,141.1199951171875,141.14999389648438,258.0
2026-08-05 09:58:00,PTCT,,69.6500015258789,69.73999786376953,69.62999725341797,69.72000122070312,3982.0
2026-08-05 09:58:00,PTEN,,9.989999771118164,9.989999771118164,9.975000381469727,9.975000381469727,2565.0
2026-08-05 09:58:00,PTLO,,4.519999980926514,4.53000020980835,4.519999980926514,4.53000020980835,1051.0
2026-08-05 09:58:00,PTON,,6.539999961853027,6.539999961853027,6.534999847412109,6.534999847412109,13893.0
2026-08-05 09:58:00,PUBM,,13.6850004196167,13.6850004196167,13.6850004196167,13.6850004196167,1447.0
2026-08-05 09:58:00,PYPD,,4.460000038146973,4.46999979019165,4.460000038146973,4.46999979019165,443.0
2026-08-05 09:58:00,PYPL,,58.689998626708984,58.73500061035156,58.689998626708984,58.724998474121094,17776.0
2026-08-05 09:58:00,PZZA,,30.6299991607666,30.6299991607666,30.579999923706055,30.579999923706055,3294.0
2026-08-05 09:58:00,QCOM,,162.41000366210938,162.4499969482422,162.19000244140625,162.3350067138672,13817.0
2026-08-05 09:58:00,QCRH,,104.52999877929688,104.52999877929688,104.52999877929688,104.52999877929688,255.0
2026-08-05 09:58:00,QFIN,,13.319999694824219,13.329999923706055,13.319999694824219,13.329999923706055,326.0
2026-08-05 09:58:00,QQQX,,30.725000381469727,30.725000381469727,30.725000381469727,30.725000381469727,250.0
2026-08-05 09:58:00,QRVO,,95.69000244140625,95.69000244140625,95.62000274658203,95.66999816894531,1616.0
2026-08-05 09:58:00,STIM,,2.309999942779541,2.309999942779541,2.299999952316284,2.299999952316284,3745.0
2026-08-05 09:58:00,TARA,,4.114999771118164,4.114999771118164,4.114999771118164,4.114999771118164,417.0
2026-08-05 09:58:00,WOOF,,2.9639999866485596,2.9639999866485596,2.9639999866485596,2.9639999866485596,828.0
2026-08-05 09:59:00,ACDC,,4.309999942779541,4.309999942779541,4.295000076293945,4.295000076293945,1942.0
2026-08-05 09:59:00,BPOP,,177.35009765625,177.8699951171875,177.35000610351562,177.8699951171875,5310.0
2026-08-05 09:59:00,CPOP,,0.35499998927116394,0.36489999294281006,0.35499998927116394,0.36489999294281006,414.0
2026-08-05 09:59:00,EYE,,23.530000686645508,23.530000686645508,23.479999542236328,23.479999542236328,2500.0
2026-08-05 09:59:00,GLUE,,16.459999084472656,16.459999084472656,16.420000076293945,16.420000076293945,2078.0
2026-08-05 09:59:00,KIDS,,21.094999313354492,21.094999313354492,20.780000686645508,20.780000686645508,12302.0
2026-08-05 09:59:00,KTTA,,0.49000000953674316,0.49000000953674316,0.49000000953674316,0.49000000953674316,603.0
2026-08-05 09:59:00,LUNG,,1.8899999856948853,1.8899999856948853,1.8799999952316284,1.8799999952316284,4350.0
2026-08-05 09:59:00,MBIO,,0.5949000120162964,0.5949000120162964,0.5899999737739563,0.5899999737739563,1946.0
2026-08-05 09:59:00,MBRX,,0.4016000032424927,0.4041000008583069,0.4016000032424927,0.4041000008583069,2097.0
2026-08-05 09:59:00,MDB,,378.1099853515625,378.489990234375,377.75,377.75,1867.0
2026-08-05 09:59:00,MDLZ,,61.72999954223633,61.7400016784668,61.70500183105469,61.71500015258789,11879.0
2026-08-05 09:59:00,MLTX,,18.072500228881836,18.072500228881836,18.020000457763672,18.020000457763672,878.0
2026-08-05 09:59:00,MNRO,,13.40999984741211,13.420000076293945,13.329999923706055,13.40999984741211,2074.0
2026-08-05 09:59:00,MNST,,94.61000061035156,94.61000061035156,94.54000091552734,94.54000091552734,6330.0
2026-08-05 09:59:00,MNTK,,1.7000000476837158,1.7000000476837158,1.7000000476837158,1.7000000476837158,7129.0
2026-08-05 09:59:00,MNTS,,4.510000228881836,4.539899826049805,4.510000228881836,4.539899826049805,1669.0
2026-08-05 09:59:00,MORN,,199.0850067138672,199.0850067138672,198.92999267578125,198.92999267578125,472.0
2026-08-05 09:59:00,MOVE,,12.27750015258789,12.49940013885498,12.27750015258789,12.496899604797363,2035.0
2026-08-05 09:59:00,MPAA,,13.850000381469727,13.850000381469727,13.850000381469727,13.850000381469727,155.0
2026-08-05 09:59:00,MPWR,,1346.425048828125,1347.1700439453125,1344.77001953125,1346.3050537109375,1476.0
2026-08-05 09:59:00,MRNA,,58.29999923706055,58.88999938964844,58.25,58.88999938964844,45564.0
2026-08-05 09:59:00,MYGN,,3.184999942779541,3.184999942779541,3.184999942779541,3.184999942779541,535.0
2026-08-05 09:59:00,MYPS,,0.7324000000953674,0.7324000000953674,0.7324000000953674,0.7324000000953674,165.0
2026-08-05 09:59:00,MYRG,,350.3299865722656,350.3299865722656,350.3299865722656,350.3299865722656,249.0
2026-08-05 09:59:00,NAMS,,27.28499984741211,27.28499984741211,27.1200008392334,27.1200008392334,485.0
2026-08-05 09:59:00,NAVI,,9.119999885559082,9.119999885559082,9.119999885559082,9.119999885559082,1104.0
2026-08-05 09:59:00,NB,,5.184999942779541,5.204999923706055,5.180099964141846,5.204999923706055,5757.0
2026-08-05 09:59:00,NBIX,,165.75999450683594,165.75999450683594,165.28939819335938,165.52499389648438,4355.0
2026-08-05 09:59:00,NDAQ,,94.29750061035156,94.3301010131836,94.29750061035156,94.3301010131836,2075.0
2026-08-05 09:59:00,NDSN,,312.07000732421875,312.07000732421875,312.07000732421875,312.07000732421875,210.0
2026-08-05 09:59:00,NEGG,,15.289999961853027,15.289999961853027,15.289999961853027,15.289999961853027,22.0
2026-08-05 09:59:00,NEO,,16.209999084472656,16.209999084472656,16.200000762939453,16.200000762939453,2102.0
2026-08-05 09:59:00,NEOG,,11.680000305175781,11.6899995803833,11.675000190734863,11.675000190734863,10884.0
2026-08-05 09:59:00,NEOV,,2.9200000762939453,2.9200000762939453,2.890000104904175,2.9200000762939453,35797.0
2026-08-05 09:59:00,NESR,,29.06999969482422,29.06999969482422,29.0,29.030000686645508,4546.0
2026-08-05 09:59:00,NEWT,,15.489999771118164,15.489999771118164,15.489999771118164,15.489999771118164,505.0
2026-08-05 09:59:00,NEXT,,6.505000114440918,6.505000114440918,6.489999771118164,6.489999771118164,1887.0
2026-08-05 09:59:00,NFLX,,74.05000305175781,74.08989715576172,74.0199966430664,74.04000091552734,49891.0
2026-08-05 09:59:00,NGNE,,35.525001525878906,35.525001525878906,35.525001525878906,35.525001525878906,772.0
2026-08-05 09:59:00,NICE,,96.32990264892578,96.32990264892578,95.98999786376953,95.98999786376953,2095.0
2026-08-05 09:59:00,NKSH,,40.685001373291016,40.685001373291016,40.685001373291016,40.685001373291016,712.0
2026-08-05 09:59:00,NMFC,,7.389999866485596,7.389999866485596,7.364999771118164,7.364999771118164,5007.0
2026-08-05 09:59:00,NMIH,,44.52000045776367,44.540000915527344,44.52000045776367,44.540000915527344,893.0
2026-08-05 09:59:00,NMRA,,1.5700000524520874,1.5789999961853027,1.5700000524520874,1.5750000476837158,2805.0
2026-08-05 09:59:00,NN,,14.21500015258789,14.277600288391113,14.199999809265137,14.277600288391113,10342.0
2026-08-05 09:59:00,NNBR,,3.890000104904175,3.890000104904175,3.875,3.880000114440918,6927.0
2026-08-05 09:59:00,NNDM,,1.580399990081787,1.590000033378601,1.580399990081787,1.590000033378601,6447.0
2026-08-05 09:59:00,NNOX,,1.030400037765503,1.034999966621399,1.030400037765503,1.034999966621399,2400.0
2026-08-05 09:59:00,NOVT,,160.3000030517578,160.3000030517578,160.0,160.0,1312.0
2026-08-05 09:59:00,NRIX,,25.149999618530273,25.229999542236328,25.149999618530273,25.149999618530273,4223.0
2026-08-05 09:59:00,NRSN,,0.5600000023841858,0.5600000023841858,0.539900004863739,0.539900004863739,38304.0
2026-08-05 09:59:00,NRXP,,3.0799999237060547,3.0899999141693115,3.075000047683716,3.075000047683716,19818.0
2026-08-05 09:59:00,NSSC,,40.29999923706055,40.29999923706055,40.29999923706055,40.29999923706055,823.0
2026-08-05 09:59:00,NTAP,,191.55999755859375,191.75999450683594,191.24000549316406,191.3800048828125,2885.0
2026-08-05 09:59:00,NTCT,,41.81669998168945,41.994998931884766,41.81669998168945,41.994998931884766,482.0
2026-08-05 09:59:00,NTES,,128.26019287109375,128.26019287109375,128.22000122070312,128.22000122070312,1133.0
2026-08-05 09:59:00,NTGR,,24.05500030517578,24.05500030517578,24.05500030517578,24.05500030517578,766.0
2026-08-05 09:59:00,NTNX,,60.849998474121094,60.869998931884766,60.79999923706055,60.849998474121094,7534.0
2026-08-05 09:59:00,NTRA,,277.0899963378906,277.0899963378906,277.0899963378906,277.0899963378906,395.0
2026-08-05 09:59:00,NTRS,,185.26499938964844,185.26499938964844,185.2100067138672,185.2100067138672,2264.0
2026-08-05 09:59:00,NUWE,,1.7922999858856201,1.7922999858856201,1.7922999858856201,1.7922999858856201,639.0
2026-08-05 09:59:00,NVAX,,7.71999979019165,7.739999771118164,7.71999979019165,7.739999771118164,7547.0
2026-08-05 09:59:00,NVDA,,221.15499877929688,221.35000610351562,221.0,221.1699981689453,725035.0
2026-08-05 09:59:00,NVTS,,12.90999984741211,12.9399995803833,12.880000114440918,12.9399995803833,108956.0
2026-08-05 09:59:00,NWE,,69.05000305175781,69.05000305175781,69.05000305175781,69.05000305175781,993.0
2026-08-05 09:59:00,NWL,,6.010000228881836,6.0289998054504395,6.005000114440918,6.0289998054504395,11246.0
2026-08-05 09:59:00,NWS,,32.36000061035156,32.369998931884766,32.349998474121094,32.369998931884766,2858.0
2026-08-05 09:59:00,NWSA,,28.25,28.25,28.23900032043457,28.25,3913.0
2026-08-05 09:59:00,NXGL,,0.41999998688697815,0.41999998688697815,0.41999998688697815,0.41999998688697815,1093.0
2026-08-05 09:59:00,NXPI,,236.52000427246094,236.52000427246094,236.52000427246094,236.52000427246094,3472.0
2026-08-05 09:59:00,NXT,,100.38999938964844,100.38999938964844,100.19000244140625,100.19000244140625,11443.0
2026-08-05 09:59:00,OCC,,16.19890022277832,16.219499588012695,16.19890022277832,16.219499588012695,1170.0
2026-08-05 09:59:00,OCGN,,1.2999999523162842,1.2999999523162842,1.2999999523162842,1.2999999523162842,1162.0
2026-08-05 09:59:00,OCS,,12.029999732971191,12.029999732971191,12.029999732971191,12.029999732971191,202.0
2026-08-05 09:59:00,OCSL,,12.220000267028809,12.220000267028809,12.220000267028809,12.220000267028809,2069.0
2026-08-05 09:59:00,OCUL,,8.779999732971191,8.789999961853027,8.779999732971191,8.779999732971191,3774.0
2026-08-05 09:59:00,ODD,,15.279999732971191,15.279999732971191,15.279999732971191,15.279999732971191,1107.0
2026-08-05 09:59:00,ODFL,,219.9949951171875,219.9949951171875,219.97000122070312,219.97000122070312,1522.0
2026-08-05 09:59:00,OESX,,16.056100845336914,16.200000762939453,16.056100845336914,16.190000534057617,991.0
2026-08-05 09:59:00,OFIX,,10.385000228881836,10.385000228881836,10.369999885559082,10.369999885559082,919.0
2026-08-05 09:59:00,OFLX,,29.950000762939453,29.950000762939453,29.950000762939453,29.950000762939453,999.0
2026-08-05 09:59:00,OFS,,3.630000114440918,3.630000114440918,3.630000114440918,3.630000114440918,677.0
2026-08-05 09:59:00,OGI,,0.973800003528595,0.973800003528595,0.973800003528595,0.973800003528595,260.0
2026-08-05 09:59:00,OKTA,,148.63499450683594,148.63499450683594,148.63499450683594,148.63499450683594,1071.0
2026-08-05 09:59:00,OLLI,,77.79000091552734,77.79000091552734,77.44999694824219,77.45999908447266,7948.0
2026-08-05 09:59:00,OLMA,,11.770000457763672,11.770000457763672,11.739999771118164,11.739999771118164,777.0
2026-08-05 09:59:00,OMER,,12.829999923706055,12.829999923706055,12.829999923706055,12.829999923706055,699.0
2026-08-05 09:59:00,OMH,,0.11169999837875366,0.11169999837875366,0.11060000211000443,0.11060000211000443,105304.0
2026-08-05 09:59:00,ON,,80.01000213623047,80.25900268554688,79.91999816894531,80.2300033569336,22168.0
2026-08-05 09:59:00,ONB,,27.165000915527344,27.170000076293945,27.15999984741211,27.170000076293945,4836.0
2026-08-05 09:59:00,ONDS,,9.024999618530273,9.029999732971191,9.0,9.024999618530273,138995.0
2026-08-05 09:59:00,ONFO,,0.07609999924898148,0.07609999924898148,0.07559999823570251,0.07559999823570251,68856.0
2026-08-05 09:59:00,ONMD,,0.6972000002861023,0.699999988079071,0.6891999840736389,0.699999988079071,1413.0
2026-08-05 09:59:00,OPBK,,15.800000190734863,15.800000190734863,15.800000190734863,15.800000190734863,227.0
2026-08-05 09:59:00,OPCH,,23.389999389648438,23.399999618530273,23.3700008392334,23.3799991607666,4322.0
2026-08-05 09:59:00,OPEN,,3.7899999618530273,3.805000066757202,3.7750000953674316,3.799999952316284,264863.0
2026-08-05 09:59:00,OPK,,1.315000057220459,1.3200000524520874,1.315000057220459,1.3200000524520874,1209.0
2026-08-05 09:59:00,ORIC,,13.489999771118164,13.529999732971191,13.470000267028809,13.529999732971191,5862.0
2026-08-05 09:59:00,ORLY,,93.41000366210938,93.4800033569336,93.37000274658203,93.37000274658203,17518.0
2026-08-05 09:59:00,OSBC,,25.809999465942383,25.809999465942383,25.809999465942383,25.809999465942383,174.0
2026-08-05 09:59:00,OSIS,,236.38499450683594,236.38499450683594,236.38499450683594,236.38499450683594,72.0
2026-08-05 09:59:00,OSPN,,16.854999542236328,16.854999542236328,16.825000762939453,16.854999542236328,2348.0
2026-08-05 09:59:00,OSS,,14.03499984741211,14.03499984741211,13.789799690246582,13.789799690246582,17504.0
2026-08-05 09:59:00,OSUR,,4.170000076293945,4.170000076293945,4.170000076293945,4.170000076293945,140.0
2026-08-05 09:59:00,OTEX,,25.969999313354492,25.979999542236328,25.969999313354492,25.979999542236328,1190.0
2026-08-05 09:59:00,OTLK,,1.0049999952316284,1.0099999904632568,1.0049999952316284,1.0099999904632568,20369.0
2026-08-05 09:59:00,OTLY,,14.20009994506836,14.20009994506836,14.20009994506836,14.20009994506836,607.0
2026-08-05 09:59:00,OTTR,,91.06999969482422,91.62000274658203,91.06999969482422,91.62000274658203,1129.0
2026-08-05 09:59:00,OXLC,,9.149999618530273,9.168399810791016,9.149999618530273,9.154999732971191,4452.0
2026-08-05 09:59:00,OXSQ,,1.4850000143051147,1.4900000095367432,1.4800000190734863,1.4900000095367432,414.0
2026-08-05 09:59:00,PAA,,23.354999542236328,23.354999542236328,23.34000015258789,23.34000015258789,2706.0
2026-08-05 09:59:00,PAAS,,47.810001373291016,47.814998626708984,47.709999084472656,47.810001373291016,6230.0
2026-08-05 09:59:00,PACB,,1.4550000429153442,1.4600000381469727,1.4450000524520874,1.4450000524520874,54373.0
2026-08-05 09:59:00,PAGP,,25.260000228881836,25.270000457763672,25.235000610351562,25.235000610351562,3764.0
2026-08-05 09:59:00,PAHC,,37.119998931884766,37.119998931884766,37.119998931884766,37.119998931884766,333.0
2026-08-05 09:59:00,PALI,,2.130000114440918,2.130000114440918,2.119999885559082,2.125,20638.0
2026-08-05 09:59:00,PANW,,367.6600036621094,368.3598937988281,367.6499938964844,367.9549865722656,9908.0
2026-08-05 09:59:00,PATK,,88.05000305175781,88.05000305175781,87.61000061035156,88.05000305175781,3995.0
2026-08-05 09:59:00,PAX,,11.4350004196167,11.470000267028809,11.430000305175781,11.449999809265137,8831.0
2026-08-05 09:59:00,PAYO,,7.130000114440918,7.130000114440918,7.125,7.130000114440918,1162.0
2026-08-05 09:59:00,PAYX,,117.16000366210938,117.16000366210938,116.92500305175781,116.92500305175781,10438.0
2026-08-05 09:59:00,PBYI,,7.994999885559082,7.994999885559082,7.994999885559082,7.994999885559082,1270.0
2026-08-05 09:59:00,PCAR,,136.5,136.5,136.33999633789062,136.33999633789062,8186.0
2026-08-05 09:59:00,PCRX,,25.989999771118164,25.989999771118164,25.854999542236328,25.854999542236328,2106.0
2026-08-05 09:59:00,PCT,,6.96999979019165,6.974999904632568,6.960000038146973,6.974999904632568,6685.0
2026-08-05 09:59:00,PCTY,,145.8000030517578,145.8000030517578,143.75999450683594,143.8000030517578,7026.0
2026-08-05 09:59:00,PDD,,91.69499969482422,91.7249984741211,91.6500015258789,91.66000366210938,11606.0
2026-08-05 09:59:00,PDFS,,51.3650016784668,51.3650016784668,51.3650016784668,51.3650016784668,766.0
2026-08-05 09:59:00,PEBO,,41.599998474121094,41.599998474121094,41.599998474121094,41.599998474121094,1460.0
2026-08-05 09:59:00,PEGA,,31.52989959716797,31.52989959716797,31.440000534057617,31.440000534057617,582.0
2026-08-05 09:59:00,PENN,,20.049999237060547,20.06999969482422,20.049999237060547,20.06999969482422,3036.0
2026-08-05 09:59:00,PEP,,138.5500030517578,138.6199951171875,138.5399932861328,138.5399932861328,13615.0
2026-08-05 09:59:00,PEPG,,1.8949999809265137,1.899999976158142,1.8949999809265137,1.899999976158142,2887.0
2026-08-05 09:59:00,PESI,,17.690000534057617,17.690000534057617,17.65999984741211,17.65999984741211,1194.0
2026-08-05 09:59:00,PFG,,115.69000244140625,115.79900360107422,115.61000061035156,115.61000061035156,2781.0
2026-08-05 09:59:00,PGEN,,7.099999904632568,7.119900226593018,7.0100998878479,7.0100998878479,127015.0
2026-08-05 09:59:00,PGY,,21.670000076293945,21.670000076293945,21.570100784301758,21.600000381469727,9852.0
2026-08-05 09:59:00,PHAT,,8.630999565124512,8.635000228881836,8.630000114440918,8.635000228881836,9252.0
2026-08-05 09:59:00,PLAB,,32.79499816894531,32.79499816894531,32.77000045776367,32.77000045776367,869.0
2026-08-05 09:59:00,PLMR,,137.35000610351562,137.52999877929688,136.36500549316406,137.3800048828125,9536.0
2026-08-05 09:59:00,PLPC,,454.6400146484375,454.6400146484375,454.6400146484375,454.6400146484375,469.0
2026-08-05 09:59:00,PLSE,,37.279998779296875,37.279998779296875,37.279998779296875,37.279998779296875,785.0
2026-08-05 09:59:00,PLTK,,3.990000009536743,3.990000009536743,3.984999895095825,3.984999895095825,473.0
2026-08-05 09:59:00,PLUG,,2.130000114440918,2.130000114440918,2.119999885559082,2.125,141275.0
2026-08-05 09:59:00,PLUR,,1.75,1.75,1.75,1.75,3575.0
2026-08-05 09:59:00,PNFP,,108.48999786376953,108.48999786376953,108.48999786376953,108.48999786376953,334.0
2026-08-05 09:59:00,PNTG,,38.08000183105469,38.58000183105469,38.08000183105469,38.5,4885.0
2026-08-05 09:59:00,POET,,8.470100402832031,8.508099555969238,8.470000267028809,8.50409984588623,24335.0
2026-08-05 09:59:00,POWI,,64.02999877929688,64.02999877929688,63.90999984741211,63.90999984741211,614.0
2026-08-05 09:59:00,POWL,,212.9949951171875,213.52000427246094,212.88499450683594,212.88499450683594,3805.0
2026-08-05 09:59:00,PPC,,26.844999313354492,26.844999313354492,26.844999313354492,26.844999313354492,932.0
2026-08-05 09:59:00,PPTA,,22.344999313354492,22.399999618530273,22.34000015258789,22.34000015258789,2127.0
2026-08-05 09:59:00,PRCH,,16.209999084472656,16.209999084472656,16.190000534057617,16.190000534057617,1193.0
2026-08-05 09:59:00,PRCT,,17.979999542236328,17.979999542236328,17.780000686645508,17.81999969482422,23850.0
2026-08-05 09:59:00,PRDO,,33.314998626708984,33.314998626708984,33.2400016784668,33.314998626708984,6056.0
2026-08-05 09:59:00,PRGS,,41.439998626708984,41.439998626708984,41.439998626708984,41.439998626708984,454.0
2026-08-05 09:59:00,PRIM,,89.38999938964844,89.62000274658203,89.0199966430664,89.0199966430664,1855.0
2026-08-05 09:59:00,PRME,,2.994999885559082,2.994999885559082,2.9800000190734863,2.990000009536743,25156.0
2026-08-05 09:59:00,PROF,,8.160799980163574,8.160799980163574,8.160799980163574,8.160799980163574,0.0
2026-08-05 09:59:00,PROK,,1.6699999570846558,1.6749999523162842,1.6699999570846558,1.6749999523162842,25045.0
2026-08-05 09:59:00,PRSO,,0.7085999846458435,0.7085999846458435,0.7085999846458435,0.7085999846458435,21.0
2026-08-05 09:59:00,PRTA,,8.59000015258789,8.59000015258789,8.579999923706055,8.579999923706055,1177.0
2026-08-05 09:59:00,PRZO,,0.5443000197410583,0.544700026512146,0.5442000031471252,0.5442000031471252,3342.0
2026-08-05 09:59:00,PSEC,,2.2200000286102295,2.2200000286102295,2.2149999141693115,2.2200000286102295,2369.0
2026-08-05 09:59:00,PSNL,,13.619999885559082,13.640000343322754,13.600000381469727,13.619999885559082,67274.0
2026-08-05 09:59:00,PTC,,140.97500610351562,141.1750030517578,140.97500610351562,141.10000610351562,2099.0
2026-08-05 09:59:00,PTEN,,10.0,10.0,9.984999656677246,9.989999771118164,4652.0
2026-08-05 09:59:00,PTON,,6.550000190734863,6.554999828338623,6.550000190734863,6.550000190734863,5183.0
2026-08-05 09:59:00,PWP,,17.149999618530273,17.190000534057617,17.149999618530273,17.15999984741211,1598.0
2026-08-05 09:59:00,PYPL,,58.68000030517578,58.709999084472656,58.68000030517578,58.68000030517578,21442.0
2026-08-05 09:59:00,PYXS,,3.2799999713897705,3.2799999713897705,3.2699999809265137,3.2699999809265137,2602.0
2026-08-05 09:59:00,QCOM,,161.7100067138672,162.4199981689453,161.7100067138672,162.38999938964844,21727.0
2026-08-05 09:59:00,QFIN,,13.319999694824219,13.329999923706055,13.319999694824219,13.319999694824219,1007.0
2026-08-05 09:59:00,QRVO,,95.69000244140625,95.69000244140625,95.69000244140625,95.69000244140625,1145.0
2026-08-05 09:59:00,SEED,,0.9150999784469604,0.9194999933242798,0.9150000214576721,0.9194999933242798,6684.0
2026-08-05 09:59:00,STIM,,2.309000015258789,2.319999933242798,2.309000015258789,2.309999942779541,892.0
2026-08-05 09:59:00,WOOF,,2.9649999141693115,2.9700000286102295,2.9649999141693115,2.9649999141693115,3423.0
2026-08-05 10:00:00,ACDC,,4.284999847412109,4.309999942779541,4.284999847412109,4.309999942779541,4815.0
2026-08-05 10:00:00,BPOP,,177.35000610351562,177.4600067138672,177.35000610351562,177.35000610351562,2558.0
2026-08-05 10:00:00,DTIL,,7.519999980926514,7.519999980926514,7.519999980926514,7.519999980926514,2935.0
2026-08-05 10:00:00,EYE,,23.420000076293945,23.530000686645508,23.420000076293945,23.530000686645508,9491.0
2026-08-05 10:00:00,GLUE,,16.299999237060547,16.299999237060547,16.299999237060547,16.299999237060547,344.0
2026-08-05 10:00:00,KIDS,,21.200000762939453,21.200000762939453,20.829999923706055,21.100000381469727,1664.0
2026-08-05 10:00:00,KITT,,1.0700000524520874,1.0700000524520874,1.0499999523162842,1.062000036239624,10430.0
2026-08-05 10:00:00,KTTA,,0.47589999437332153,0.47589999437332153,0.47589999437332153,0.47589999437332153,1462.0
2026-08-05 10:00:00,MBRX,,0.39719998836517334,0.4009000062942505,0.39719998836517334,0.39879998564720154,3339.0
2026-08-05 10:00:00,MDB,,377.1700134277344,377.1700134277344,377.1700134277344,377.1700134277344,408.0
2026-08-05 10:00:00,MDLZ,,61.720001220703125,61.779998779296875,61.720001220703125,61.724998474121094,26364.0
2026-08-05 10:00:00,MNRO,,13.350000381469727,13.40999984741211,13.329999923706055,13.40999984741211,4086.0
2026-08-05 10:00:00,MNST,,94.75499725341797,94.75499725341797,94.56999969482422,94.56999969482422,10779.0
2026-08-05 10:00:00,MNTS,,4.5,4.5,4.474999904632568,4.5,747.0
2026-08-05 10:00:00,MORN,,199.08999633789062,199.25250244140625,199.0850067138672,199.25250244140625,407.0
2026-08-05 10:00:00,MOVE,,12.149999618530273,12.5,12.149999618530273,12.5,1759.0
2026-08-05 10:00:00,MPAA,,13.850000381469727,13.850000381469727,13.649999618530273,13.649999618530273,948.0
2026-08-05 10:00:00,MPWR,,1343.655029296875,1346.4300537109375,1340.27001953125,1345.06005859375,1376.0
2026-08-05 10:00:00,MRNA,,58.15999984741211,58.29999923706055,58.13999938964844,58.220001220703125,14027.0
2026-08-05 10:00:00,MYGN,,3.180000066757202,3.180000066757202,3.180000066757202,3.180000066757202,1026.0
2026-08-05 10:00:00,MYPS,,0.7339000105857849,0.7348999977111816,0.7324000000953674,0.7348999977111816,1338.0
2026-08-05 10:00:00,MYRG,,348.68499755859375,348.69500732421875,348.68499755859375,348.69500732421875,284.0
2026-08-05 10:00:00,NAMS,,27.0,27.28499984741211,27.0,27.1200008392334,5246.0
2026-08-05 10:00:00,NAVI,,9.109999656677246,9.109999656677246,9.109999656677246,9.109999656677246,680.0
2026-08-05 10:00:00,NB,,5.144999980926514,5.184999942779541,5.139999866485596,5.184999942779541,11667.0
2026-08-05 10:00:00,NBIX,,165.14999389648438,165.52499389648438,165.02000427246094,165.27999877929688,8409.0
2026-08-05 10:00:00,NCMI,,4.119999885559082,4.119999885559082,4.119999885559082,4.119999885559082,781.0
2026-08-05 10:00:00,NCRA,,1.8300000429153442,1.8300000429153442,1.8300000429153442,1.8300000429153442,367.0
2026-08-05 10:00:00,NDAQ,,94.6500015258789,94.66999816894531,94.30999755859375,94.32499694824219,6638.0
2026-08-05 10:00:00,NDSN,,312.2200012207031,312.2200012207031,312.2200012207031,312.2200012207031,337.0
2026-08-05 10:00:00,NEGG,,15.725000381469727,15.725000381469727,15.725000381469727,15.725000381469727,777.0
2026-08-05 10:00:00,NEO,,16.18000030517578,16.209999084472656,16.18000030517578,16.209999084472656,2850.0
2026-08-05 10:00:00,NEOG,,11.710000038146973,11.710000038146973,11.649999618530273,11.649999618530273,12711.0
2026-08-05 10:00:00,NEOV,,2.8399999141693115,2.9128000736236572,2.8399999141693115,2.9100000858306885,60623.0
2026-08-05 10:00:00,NESR,,28.920000076293945,29.065000534057617,28.75,29.065000534057617,74288.0
2026-08-05 10:00:00,NEXT,,6.489999771118164,6.5,6.489999771118164,6.5,4311.0
2026-08-05 10:00:00,NFE,,0.3393000066280365,0.3393000066280365,0.3393000066280365,0.3393000066280365,156.0
2026-08-05 10:00:00,NFLX,,74.12999725341797,74.16999816894531,73.98999786376953,74.02999877929688,127288.0
2026-08-05 10:00:00,NGNE,,35.31700134277344,35.31700134277344,35.31700134277344,35.31700134277344,110.0
2026-08-05 10:00:00,NICE,,96.33999633789062,96.33999633789062,96.04000091552734,96.1449966430664,12759.0
2026-08-05 10:00:00,NKTR,,73.3949966430664,73.3949966430664,73.33999633789062,73.37999725341797,2109.0
2026-08-05 10:00:00,NKTX,,2.2200000286102295,2.25,2.2200000286102295,2.25,1771.0
2026-08-05 10:00:00,NMFC,,7.380000114440918,7.380000114440918,7.380000114440918,7.380000114440918,353.0
2026-08-05 10:00:00,NMIH,,44.410099029541016,44.410099029541016,44.410099029541016,44.410099029541016,2513.0
2026-08-05 10:00:00,NMRA,,1.5700000524520874,1.5750000476837158,1.5700000524520874,1.5750000476837158,2250.0
2026-08-05 10:00:00,NMRK,,15.619999885559082,15.619999885559082,15.619999885559082,15.619999885559082,1137.0
2026-08-05 10:00:00,NN,,14.289999961853027,14.425000190734863,14.130000114440918,14.199999809265137,62309.0
2026-08-05 10:00:00,NNBR,,3.859999895095825,3.869999885559082,3.8499999046325684,3.859999895095825,2938.0
2026-08-05 10:00:00,NNDM,,1.5800000429153442,1.5850000381469727,1.5800000429153442,1.5850000381469727,13559.0
2026-08-05 10:00:00,NNOX,,1.034999966621399,1.034999966621399,1.034999966621399,1.034999966621399,0.0
2026-08-05 10:00:00,NOVT,,159.97000122070312,159.97000122070312,159.9199981689453,159.9199981689453,1180.0
2026-08-05 10:00:00,NRIX,,25.09000015258789,25.15999984741211,25.09000015258789,25.1299991607666,3588.0
2026-08-05 10:00:00,NRSN,,0.5590000152587891,0.5590000152587891,0.5590000152587891,0.5590000152587891,1966.0
2026-08-05 10:00:00,NRXP,,3.0799999237060547,3.0799999237060547,3.069999933242798,3.0799999237060547,2787.0
2026-08-05 10:00:00,NSSC,,40.20500183105469,40.20500183105469,40.20500183105469,40.20500183105469,1468.0
2026-08-05 10:00:00,NTAP,,191.05999755859375,191.51499938964844,190.88999938964844,191.4199981689453,2780.0
2026-08-05 10:00:00,NTES,,128.14500427246094,128.2449951171875,128.00999450683594,128.22999572753906,10368.0
2026-08-05 10:00:00,NTNX,,60.85499954223633,60.8650016784668,60.79999923706055,60.79999923706055,6593.0
2026-08-05 10:00:00,NTRA,,276.6449890136719,278.2195129394531,276.6449890136719,277.1199951171875,2587.0
2026-08-05 10:00:00,NTRS,,185.35000610351562,185.3800048828125,185.25750732421875,185.27000427246094,1864.0
2026-08-05 10:00:00,NUTX,,159.13999938964844,159.13999938964844,159.13999938964844,159.13999938964844,617.0
2026-08-05 10:00:00,NUWE,,1.7649999856948853,1.7649999856948853,1.7649999856948853,1.7649999856948853,443.0
2026-08-05 10:00:00,NVAX,,7.675000190734863,7.710000038146973,7.670000076293945,7.710000038146973,21225.0
2026-08-05 10:00:00,NVCR,,16.020000457763672,16.020000457763672,16.020000457763672,16.020000457763672,251.0
2026-08-05 10:00:00,NVDA,,221.11500549316406,221.1999969482422,220.57000732421875,221.15499877929688,720479.0
2026-08-05 10:00:00,NVMI,,413.7650146484375,414.3500061035156,413.2650146484375,414.3500061035156,1307.0
2026-08-05 10:00:00,NVTS,,12.8100004196167,12.895000457763672,12.789999961853027,12.890000343322754,70931.0
2026-08-05 10:00:00,NWBI,,16.0,16.0,15.994999885559082,16.0,4372.0
2026-08-05 10:00:00,NWL,,6.019999980926514,6.019999980926514,6.0,6.005000114440918,39200.0
2026-08-05 10:00:00,NWS,,32.40999984741211,32.40999984741211,32.3650016784668,32.3650016784668,4024.0
2026-08-05 10:00:00,NWSA,,28.260000228881836,28.274999618530273,28.229999542236328,28.229999542236328,6335.0
2026-08-05 10:00:00,NXPI,,235.49000549316406,235.8249969482422,235.49000549316406,235.8249969482422,2873.0
2026-08-05 10:00:00,NXT,,99.44000244140625,100.16000366210938,99.44000244140625,100.05000305175781,6559.0
2026-08-05 10:00:00,OABI,,2.0199999809265137,2.0239999294281006,2.0199999809265137,2.0239999294281006,6166.0
2026-08-05 10:00:00,OCC,,16.264999389648438,16.264999389648438,16.264999389648438,16.264999389648438,240.0
2026-08-05 10:00:00,OCFC,,19.80500030517578,19.809999465942383,19.770000457763672,19.780000686645508,4328.0
2026-08-05 10:00:00,OCGN,,1.3079999685287476,1.3079999685287476,1.2999999523162842,1.2999999523162842,5731.0
2026-08-05 10:00:00,OCSL,,12.220000267028809,12.220000267028809,12.220000267028809,12.220000267028809,1545.0
2026-08-05 10:00:00,OCUL,,8.76200008392334,8.789999961853027,8.76200008392334,8.779999732971191,3742.0
2026-08-05 10:00:00,ODFL,,219.42999267578125,219.82310485839844,219.42999267578125,219.82310485839844,5338.0
2026-08-05 10:00:00,OESX,,16.14590072631836,16.200000762939453,16.049999237060547,16.200000762939453,2362.0
2026-08-05 10:00:00,OFIX,,10.4350004196167,10.4350004196167,10.4350004196167,10.4350004196167,242.0
2026-08-05 10:00:00,OKTA,,148.84500122070312,148.98500061035156,148.77000427246094,148.77000427246094,1414.0
2026-08-05 10:00:00,OLLI,,77.97000122070312,77.97000122070312,77.37999725341797,77.63500213623047,23573.0
2026-08-05 10:00:00,OLMA,,11.770000457763672,11.770000457763672,11.729999542236328,11.729999542236328,304.0
2026-08-05 10:00:00,OMCL,,36.6150016784668,36.6150016784668,36.6150016784668,36.6150016784668,144.0
2026-08-05 10:00:00,OMER,,12.819999694824219,12.819999694824219,12.800000190734863,12.800000190734863,6709.0
2026-08-05 10:00:00,OMH,,0.11100000143051147,0.11129999905824661,0.11100000143051147,0.11129999905824661,0.0
2026-08-05 10:00:00,ON,,79.58999633789062,79.95999908447266,79.44000244140625,79.95999908447266,41175.0
2026-08-05 10:00:00,ONB,,27.1299991607666,27.15999984741211,27.1200008392334,27.15999984741211,12294.0
2026-08-05 10:00:00,ONBPP,,24.725000381469727,24.725000381469727,24.725000381469727,24.725000381469727,739.0
2026-08-05 10:00:00,ONCY,,0.7971000075340271,0.7971000075340271,0.7958999872207642,0.796999990940094,832.0
2026-08-05 10:00:00,ONDS,,8.930000305175781,9.020000457763672,8.930000305175781,9.020000457763672,307134.0
2026-08-05 10:00:00,ONFO,,0.07519999891519547,0.07599999755620956,0.07519999891519547,0.07599999755620956,93026.0
2026-08-05 10:00:00,ONMD,,0.6972000002861023,0.6972000002861023,0.6972000002861023,0.6972000002861023,331.0
2026-08-05 10:00:00,OPCH,,23.3799991607666,23.40999984741211,23.3799991607666,23.40999984741211,1268.0
2026-08-05 10:00:00,OPEN,,3.7799999713897705,3.7899999618530273,3.7699999809265137,3.7899999618530273,139993.0
2026-08-05 10:00:00,OPHC,,8.878499984741211,8.878499984741211,8.878499984741211,8.878499984741211,1907.0
2026-08-05 10:00:00,OPK,,1.309999942779541,1.315000057220459,1.309999942779541,1.315000057220459,6258.0
2026-08-05 10:00:00,ORIC,,13.479999542236328,13.5,13.475000381469727,13.5,2827.0
2026-08-05 10:00:00,ORLY,,93.63999938964844,93.6500015258789,93.37000274658203,93.41999816894531,29793.0
2026-08-05 10:00:00,OSBC,,25.790000915527344,25.799999237060547,25.790000915527344,25.799999237060547,390.0
2026-08-05 10:00:00,OSIS,,236.375,236.3925018310547,235.55999755859375,236.38499450683594,1003.0
2026-08-05 10:00:00,OSPN,,16.68000030517578,16.809999465942383,16.65999984741211,16.809999465942383,4404.0
2026-08-05 10:00:00,OSS,,13.979999542236328,14.079999923706055,13.960000038146973,14.0,15070.0
2026-08-05 10:00:00,OSUR,,4.170000076293945,4.170000076293945,4.170000076293945,4.170000076293945,1656.0
2026-08-05 10:00:00,OTEX,,26.014999389648438,26.020000457763672,25.950000762939453,25.979999542236328,5324.0
2026-08-05 10:00:00,OTLK,,1.001099944114685,1.0098999738693237,1.001099944114685,1.007699966430664,6959.0
2026-08-05 10:00:00,OTLY,,14.100000381469727,14.199999809265137,14.100000381469727,14.199999809265137,475.0
2026-08-05 10:00:00,OVBC,,42.70000076293945,42.70000076293945,42.70000076293945,42.70000076293945,904.0
2026-08-05 10:00:00,OXLC,,9.15999984741211,9.15999984741211,9.15999984741211,9.15999984741211,0.0
2026-08-05 10:00:00,OXSQ,,1.4800000190734863,1.48989999294281,1.4800000190734863,1.4800000190734863,8789.0
2026-08-05 10:00:00,PAA,,23.329999923706055,23.350000381469727,23.329999923706055,23.350000381469727,5751.0
2026-08-05 10:00:00,PAAS,,47.689998626708984,47.79999923706055,47.630001068115234,47.79999923706055,27086.0
2026-08-05 10:00:00,PACB,,1.4500000476837158,1.4500000476837158,1.4420000314712524,1.4500000476837158,17329.0
2026-08-05 10:00:00,PAGP,,25.239999771118164,25.25,25.239999771118164,25.25,2821.0
2026-08-05 10:00:00,PALI,,2.115000009536743,2.119999885559082,2.115000009536743,2.119999885559082,8294.0
2026-08-05 10:00:00,PANL,,7.380000114440918,7.380000114440918,7.380000114440918,7.380000114440918,1313.0
2026-08-05 10:00:00,PANW,,368.55999755859375,369.0119934082031,366.510009765625,367.5899963378906,15984.0
2026-08-05 10:00:00,PATK,,87.98999786376953,88.08999633789062,87.75,87.79000091552734,5043.0
2026-08-05 10:00:00,PAX,,11.430000305175781,11.4350004196167,11.430000305175781,11.4350004196167,962.0
2026-08-05 10:00:00,PAYO,,7.125,7.125,7.125,7.125,237.0
2026-08-05 10:00:00,PAYX,,117.5199966430664,117.5199966430664,117.11000061035156,117.16999816894531,9431.0
2026-08-05 10:00:00,PBYI,,7.96999979019165,7.989999771118164,7.96999979019165,7.989999771118164,1468.0
2026-08-05 10:00:00,PCAR,,136.27000427246094,136.47000122070312,136.27000427246094,136.47000122070312,7734.0
2026-08-05 10:00:00,PCRX,,25.893299102783203,25.893299102783203,25.860000610351562,25.860000610351562,1186.0
2026-08-05 10:00:00,PCSA,,2.1500000953674316,2.1500000953674316,2.1500000953674316,2.1500000953674316,2652.0
2026-08-05 10:00:00,PCT,,6.929999828338623,6.96999979019165,6.910999774932861,6.96999979019165,13687.0
2026-08-05 10:00:00,PCTY,,145.0500030517578,145.8000030517578,143.69000244140625,145.77999877929688,29089.0
2026-08-05 10:00:00,PDD,,91.77999877929688,91.77999877929688,91.5999984741211,91.61000061035156,25816.0
2026-08-05 10:00:00,PDSB,,0.7226999998092651,0.7226999998092651,0.7226999998092651,0.7226999998092651,200.0
2026-08-05 10:00:00,PEBK,,43.38999938964844,43.38999938964844,43.25,43.27000045776367,694.0
2026-08-05 10:00:00,PEGA,,31.450000762939453,31.450000762939453,31.450000762939453,31.450000762939453,1235.0
2026-08-05 10:00:00,PENN,,19.979999542236328,20.030000686645508,19.979999542236328,20.030000686645508,1867.0
2026-08-05 10:00:00,PEP,,138.69000244140625,138.75,138.58999633789062,138.6199951171875,69243.0
2026-08-05 10:00:00,PEPG,,1.875,1.8899999856948853,1.8700000047683716,1.8899999856948853,29977.0
2026-08-05 10:00:00,PERI,,9.640000343322754,9.640000343322754,9.640000343322754,9.640000343322754,753.0
2026-08-05 10:00:00,PESI,,17.6299991607666,17.670000076293945,17.6299991607666,17.670000076293945,1307.0
2026-08-05 10:00:00,PFG,,115.61000061035156,115.61000061035156,115.58000183105469,115.58000183105469,1588.0
2026-08-05 10:00:00,PGEN,,7.03000020980835,7.099999904632568,6.960000038146973,7.099999904632568,64382.0
2026-08-05 10:00:00,PGY,,21.579999923706055,21.667299270629883,21.579999923706055,21.65999984741211,8559.0
2026-08-05 10:00:00,PHAT,,8.649999618530273,8.649999618530273,8.640000343322754,8.640000343322754,1899.0
2026-08-05 10:00:00,PHIO,,1.0871000289916992,1.0871000289916992,1.0871000289916992,1.0871000289916992,293.0
2026-08-05 10:00:00,PKBK,,33.77000045776367,33.77000045776367,33.77000045776367,33.77000045776367,314.0
2026-08-05 10:00:00,PLAB,,32.65999984741211,32.79990005493164,32.63999938964844,32.77000045776367,2785.0
2026-08-05 10:00:00,PLMR,,137.4499969482422,137.7899932861328,137.1999969482422,137.1999969482422,8597.0
2026-08-05 10:00:00,PLPC,,458.2449951171875,458.2449951171875,455.04998779296875,455.04998779296875,2091.0
2026-08-05 10:00:00,PLRX,,1.058899998664856,1.058899998664856,1.058899998664856,1.058899998664856,669.0
2026-08-05 10:00:00,PLTK,,3.984999895095825,3.984999895095825,3.984999895095825,3.984999895095825,609.0
2026-08-05 10:00:00,PLUG,,2.109999895095825,2.125,2.109999895095825,2.119999885559082,175013.0
2026-08-05 10:00:00,PNFP,,108.44000244140625,108.55999755859375,108.0999984741211,108.12000274658203,12200.0
2026-08-05 10:00:00,PNTG,,38.08000183105469,38.095001220703125,38.08000183105469,38.095001220703125,528.0
2026-08-05 10:00:00,POET,,8.409600257873535,8.479999542236328,8.390399932861328,8.479999542236328,40692.0
2026-08-05 10:00:00,POOL,,202.89999389648438,202.89999389648438,202.89999389648438,202.89999389648438,448.0
2026-08-05 10:00:00,POWI,,64.0250015258789,64.0250015258789,64.0250015258789,64.0250015258789,767.0
2026-08-05 10:00:00,POWL,,213.0449981689453,213.85000610351562,212.80999755859375,212.8300018310547,7016.0
2026-08-05 10:00:00,PPC,,26.860000610351562,26.8799991607666,26.860000610351562,26.8799991607666,867.0
2026-08-05 10:00:00,PPTA,,22.280000686645508,22.3799991607666,22.280000686645508,22.350000381469727,1781.0
2026-08-05 10:00:00,PRAX,,318.4700012207031,318.56500244140625,318.2749938964844,318.2749938964844,741.0
2026-08-05 10:00:00,PRCT,,18.149999618530273,18.170000076293945,17.950000762939453,17.979999542236328,59888.0
2026-08-05 10:00:00,PRDO,,33.380001068115234,33.380001068115234,33.380001068115234,33.380001068115234,496.0
2026-08-05 10:00:00,PRE,,18.299999237060547,18.299999237060547,18.0,18.0,623.0
2026-08-05 10:00:00,PRGS,,41.52000045776367,41.560001373291016,41.52000045776367,41.560001373291016,1317.0
2026-08-05 10:00:00,PRIM,,89.0999984741211,89.81999969482422,89.0999984741211,89.69000244140625,4065.0
2026-08-05 10:00:00,PRLD,,4.5,4.5,4.5,4.5,272.0
2026-08-05 10:00:00,PRME,,2.988800048828125,2.990000009536743,2.9800000190734863,2.990000009536743,12034.0
2026-08-05 10:00:00,PROK,,1.6699999570846558,1.6749999523162842,1.6699999570846558,1.6749999523162842,6844.0
2026-08-05 10:00:00,PRQR,,1.8799999952316284,1.899999976158142,1.8799999952316284,1.899999976158142,8258.0
2026-08-05 10:00:00,PRTA,,8.579999923706055,8.579999923706055,8.5649995803833,8.579999923706055,5383.0
2026-08-05 10:00:00,PRVA,,23.790000915527344,23.809999465942383,23.790000915527344,23.809999465942383,722.0
2026-08-05 10:00:00,PSEC,,2.2125000953674316,2.2200000286102295,2.2100000381469727,2.2100000381469727,1998.0
2026-08-05 10:00:00,PSNL,,13.595000267028809,13.619999885559082,13.539999961853027,13.600000381469727,10856.0
2026-08-05 10:00:00,PTC,,141.63999938964844,142.0,139.88999938964844,140.77999877929688,90234.0
2026-08-05 10:00:00,PTEN,,10.0,10.015000343322754,10.0,10.010000228881836,8097.0
2026-08-05 10:00:00,PTGX,,137.36000061035156,137.39500427246094,137.36000061035156,137.39500427246094,1330.0
2026-08-05 10:00:00,PTLO,,4.53000020980835,4.53000020980835,4.525000095367432,4.525000095367432,1380.0
2026-08-05 10:00:00,PTON,,6.559999942779541,6.559999942779541,6.519999980926514,6.539999961853027,58518.0
2026-08-05 10:00:00,PWP,,17.15999984741211,17.15999984741211,17.149999618530273,17.149999618530273,1257.0
2026-08-05 10:00:00,PYPD,,4.454999923706055,4.454999923706055,4.454999923706055,4.454999923706055,167.0
2026-08-05 10:00:00,PYPL,,58.65489959716797,58.720001220703125,58.599998474121094,58.68000030517578,29329.0
2026-08-05 10:00:00,PYXS,,3.2809998989105225,3.2850000858306885,3.2699999809265137,3.2699999809265137,1045.0
2026-08-05 10:00:00,PZZA,,30.68000030517578,30.68000030517578,30.6299991607666,30.6299991607666,2060.0
2026-08-05 10:00:00,QCOM,,161.39999389648438,161.77999877929688,161.22999572753906,161.7100067138672,16581.0
2026-08-05 10:00:00,QCRH,,104.7300033569336,104.7300033569336,104.7300033569336,104.7300033569336,454.0
2026-08-05 10:00:00,QFIN,,13.3100004196167,13.3100004196167,13.3100004196167,13.3100004196167,1954.0
2026-08-05 10:00:00,QRVO,,95.69999694824219,95.69999694824219,95.62999725341797,95.62999725341797,15408.0
2026-08-05 10:00:00,SEED,,0.9150999784469604,0.9150999784469604,0.9150999784469604,0.9150999784469604,386.0
2026-08-05 10:00:00,STIM,,2.305000066757202,2.309000015258789,2.305000066757202,2.309000015258789,2144.0
2026-08-05 10:00:00,TARA,,4.114999771118164,4.114999771118164,4.110000133514404,4.110000133514404,3363.0
2026-08-05 10:00:00,WOOF,,2.9649999141693115,2.9649999141693115,2.9649999141693115,2.9649999141693115,535.0
2026-08-05 10:01:00,ACDC,,4.239999771118164,4.284999847412109,4.231599807739258,4.284999847412109,4050.0
2026-08-05 10:01:00,CASH,,89.36499786376953,89.36499786376953,89.36499786376953,89.36499786376953,737.0
2026-08-05 10:01:00,DTIL,,7.449999809265137,7.46999979019165,7.449999809265137,7.46999979019165,2004.0
2026-08-05 10:01:00,EYE,,23.395200729370117,23.434999465942383,23.395200729370117,23.399999618530273,2268.0
2026-08-05 10:01:00,GLUE,,16.295000076293945,16.329999923706055,16.280000686645508,16.290000915527344,1567.0
2026-08-05 10:01:00,KIDS,,21.239999771118164,21.239999771118164,21.239999771118164,21.239999771118164,984.0
2026-08-05 10:01:00,LUNG,,1.8899999856948853,1.8949999809265137,1.8899999856948853,1.8899999856948853,493.0
2026-08-05 10:01:00,MBRX,,0.4000999927520752,0.40400001406669617,0.398499995470047,0.4009000062942505,25505.0
2026-08-05 10:01:00,MDB,,376.5849914550781,377.8299865722656,376.3699951171875,377.8299865722656,3000.0
2026-08-05 10:01:00,MDLZ,,61.82500076293945,61.82500076293945,61.7400016784668,61.7400016784668,17656.0
2026-08-05 10:01:00,MNRO,,13.40999984741211,13.420000076293945,13.342499732971191,13.399999618530273,2277.0
2026-08-05 10:01:00,MNST,,94.82499694824219,94.83000183105469,94.75,94.79000091552734,13992.0
2026-08-05 10:01:00,MNTS,,4.432400226593018,4.465000152587891,4.409999847412109,4.460000038146973,32276.0
2026-08-05 10:01:00,MORN,,200.89999389648438,200.9199981689453,199.52000427246094,199.52000427246094,4660.0
2026-08-05 10:01:00,MOVE,,11.979999542236328,12.260000228881836,11.960000038146973,12.140000343322754,6495.0
2026-08-05 10:01:00,MPWR,,1340.0,1343.6650390625,1338.780029296875,1343.6650390625,581.0
2026-08-05 10:01:00,MRNA,,58.1349983215332,58.27000045776367,58.06999969482422,58.15999984741211,12029.0
2026-08-05 10:01:00,MYGN,,3.180000066757202,3.180000066757202,3.180000066757202,3.180000066757202,700.0
2026-08-05 10:01:00,MYRG,,348.0199890136719,348.68499755859375,348.0199890136719,348.68499755859375,877.0
2026-08-05 10:01:00,NAMS,,26.739999771118164,26.829999923706055,26.739999771118164,26.829999923706055,1496.0
2026-08-05 10:01:00,NAUT,,0.9901000261306763,0.9901000261306763,0.9901000261306763,0.9901000261306763,782.0
2026-08-05 10:01:00,NAVI,,9.100000381469727,9.119999885559082,9.100000381469727,9.109999656677246,2030.0
2026-08-05 10:01:00,NB,,5.119999885559082,5.150000095367432,5.119999885559082,5.150000095367432,13470.0
2026-08-05 10:01:00,NBIX,,164.69000244140625,165.1199951171875,164.61500549316406,165.1199951171875,3608.0
2026-08-05 10:01:00,NBN,,134.66000366210938,134.69000244140625,134.66000366210938,134.69000244140625,4951.0
2026-08-05 10:01:00,NBTB,,53.4900016784668,53.4900016784668,53.4900016784668,53.4900016784668,214.0
2026-08-05 10:01:00,NDAQ,,94.61000061035156,94.69999694824219,94.58999633789062,94.58999633789062,3803.0
2026-08-05 10:01:00,NDLS,,17.84000015258789,17.850000381469727,17.81999969482422,17.850000381469727,1376.0
2026-08-05 10:01:00,NEO,,16.190000534057617,16.229999542236328,16.190000534057617,16.200000762939453,3628.0
2026-08-05 10:01:00,NEOG,,11.704999923706055,11.704999923706055,11.695199966430664,11.695199966430664,1833.0
2026-08-05 10:01:00,NEON,,0.9318000078201294,0.9318000078201294,0.9318000078201294,0.9318000078201294,1634.0
2026-08-05 10:01:00,NEOV,,2.8550000190734863,2.8550000190734863,2.8299999237060547,2.8550000190734863,6389.0
2026-08-05 10:01:00,NESR,,28.895000457763672,28.920000076293945,28.895000457763672,28.920000076293945,1583.0
2026-08-05 10:01:00,NEWT,,15.335000038146973,15.335000038146973,15.335000038146973,15.335000038146973,321.0
2026-08-05 10:01:00,NEXT,,6.474999904632568,6.490499973297119,6.46999979019165,6.490499973297119,3562.0
2026-08-05 10:01:00,NFLX,,74.05999755859375,74.13500213623047,74.05000305175781,74.12999725341797,49473.0
2026-08-05 10:01:00,NGNE,,35.45500183105469,35.45500183105469,35.45500183105469,35.45500183105469,140.0
2026-08-05 10:01:00,NICE,,95.80000305175781,96.47000122070312,95.80000305175781,96.31999969482422,7136.0
2026-08-05 10:01:00,NIU,,2.5350000858306885,2.5350000858306885,2.5350000858306885,2.5350000858306885,502.0
2026-08-05 10:01:00,NKTR,,73.4000015258789,73.4000015258789,73.4000015258789,73.4000015258789,361.0
2026-08-05 10:01:00,NKTX,,2.2160000801086426,2.2160000801086426,2.2160000801086426,2.2160000801086426,1354.0
2026-08-05 10:01:00,NMFC,,7.369999885559082,7.369999885559082,7.369999885559082,7.369999885559082,1676.0
2026-08-05 10:01:00,NMIH,,44.584999084472656,44.584999084472656,44.584999084472656,44.584999084472656,1697.0
2026-08-05 10:01:00,NMRA,,1.559999942779541,1.559999942779541,1.559999942779541,1.559999942779541,164.0
2026-08-05 10:01:00,NN,,14.225000381469727,14.29990005493164,14.1899995803833,14.25,24190.0
2026-08-05 10:01:00,NNBR,,3.8698999881744385,3.869999885559082,3.859999895095825,3.869999885559082,6462.0
2026-08-05 10:01:00,NNDM,,1.5750000476837158,1.5750000476837158,1.5700000524520874,1.5750000476837158,1387.0
2026-08-05 10:01:00,NNOX,,1.034000039100647,1.034000039100647,1.031000018119812,1.031000018119812,707.0
2026-08-05 10:01:00,NRIM,,27.065000534057617,27.065000534057617,27.065000534057617,27.065000534057617,827.0
2026-08-05 10:01:00,NRIX,,25.06999969482422,25.094999313354492,25.06999969482422,25.06999969482422,635.0
2026-08-05 10:01:00,NTAP,,190.0,190.5800018310547,189.97999572753906,190.39999389648438,7459.0
2026-08-05 10:01:00,NTCT,,41.66999816894531,41.81999969482422,41.66999816894531,41.79999923706055,4064.0
2026-08-05 10:01:00,NTES,,128.0,128.24000549316406,127.94000244140625,128.24000549316406,1544.0
2026-08-05 10:01:00,NTGR,,23.940000534057617,24.055099487304688,23.940000534057617,24.055099487304688,613.0
2026-08-05 10:01:00,NTNX,,60.75,60.75,60.709999084472656,60.75,1940.0
2026-08-05 10:01:00,NTRA,,275.79998779296875,277.2900085449219,275.79998779296875,277.2900085449219,1513.0
2026-08-05 10:01:00,NTRS,,185.24000549316406,185.38999938964844,185.0500030517578,185.38499450683594,12482.0
2026-08-05 10:01:00,NTWK,,4.239999771118164,4.239999771118164,4.239999771118164,4.239999771118164,122.0
2026-08-05 10:01:00,NUWE,,1.757699966430664,1.784999966621399,1.757699966430664,1.7700999975204468,3078.0
2026-08-05 10:01:00,NVAX,,7.679999828338623,7.679999828338623,7.664999961853027,7.670000076293945,11561.0
2026-08-05 10:01:00,NVCR,,15.989999771118164,16.0,15.979999542236328,16.0,2171.0
2026-08-05 10:01:00,NVCT,,20.010000228881836,20.030000686645508,20.010000228881836,20.030000686645508,626.0
2026-08-05 10:01:00,NVDA,,220.9499969482422,221.1699981689453,220.781005859375,221.08999633789062,424232.0
2026-08-05 10:01:00,NVMI,,413.2300109863281,414.30999755859375,413.2300109863281,414.260009765625,1833.0
2026-08-05 10:01:00,NVTS,,12.765000343322754,12.819999694824219,12.75,12.8100004196167,49972.0
2026-08-05 10:01:00,NWBI,,16.0,16.0,16.0,16.0,750.0
2026-08-05 10:01:00,NWE,,69.26000213623047,69.26000213623047,69.26000213623047,69.26000213623047,440.0
2026-08-05 10:01:00,NWL,,6.005000114440918,6.03000020980835,6.005000114440918,6.026000022888184,77030.0
2026-08-05 10:01:00,NWS,,32.34000015258789,32.380001068115234,32.34000015258789,32.380001068115234,2992.0
2026-08-05 10:01:00,NWSA,,28.219999313354492,28.239999771118164,28.219999313354492,28.239999771118164,3722.0
2026-08-05 10:01:00,NXPI,,235.49000549316406,235.49000549316406,235.2100067138672,235.3699951171875,5500.0
2026-08-05 10:01:00,NXT,,99.25,99.30999755859375,99.19999694824219,99.26000213623047,1857.0
2026-08-05 10:01:00,NXTC,,5.429999828338623,5.5,5.42080020904541,5.489999771118164,3792.0
2026-08-05 10:01:00,OABI,,2.015000104904175,2.015000104904175,2.015000104904175,2.015000104904175,0.0
2026-08-05 10:01:00,OCC,,16.09000015258789,16.09000015258789,16.09000015258789,16.09000015258789,1079.0
2026-08-05 10:01:00,OCFC,,19.829999923706055,19.84000015258789,19.809999465942383,19.809999465942383,3334.0
2026-08-05 10:01:00,OCGN,,1.3000999689102173,1.3049999475479126,1.3000999689102173,1.3049999475479126,56946.0
2026-08-05 10:01:00,OCS,,12.020000457763672,12.039999961853027,12.020000457763672,12.039999961853027,625.0
2026-08-05 10:01:00,OCUL,,8.729999542236328,8.765000343322754,8.720000267028809,8.760000228881836,4451.0
2026-08-05 10:01:00,ODD,,15.350000381469727,15.350000381469727,15.350000381469727,15.350000381469727,434.0
2026-08-05 10:01:00,ODFL,,219.5106964111328,219.5500030517578,219.47500610351562,219.5500030517578,3819.0
2026-08-05 10:01:00,OFIX,,10.704999923706055,10.704999923706055,10.4350004196167,10.4350004196167,42248.0
2026-08-05 10:01:00,OKTA,,148.16000366210938,148.50010681152344,148.16000366210938,148.50010681152344,3533.0
2026-08-05 10:01:00,OLLI,,77.87000274658203,77.9800033569336,77.87000274658203,77.88999938964844,2768.0
2026-08-05 10:01:00,OLMA,,11.729999542236328,11.739999771118164,11.729999542236328,11.739999771118164,1210.0
2026-08-05 10:01:00,OMER,,12.779999732971191,12.78499984741211,12.770000457763672,12.770000457763672,843.0
2026-08-05 10:01:00,OMEX,,0.7416999936103821,0.7416999936103821,0.7416999936103821,0.7416999936103821,600.0
2026-08-05 10:01:00,OMH,,0.1103999987244606,0.11110000312328339,0.1103999987244606,0.11110000312328339,9680.0
2026-08-05 10:01:00,ON,,79.3499984741211,79.62999725341797,79.31999969482422,79.62000274658203,25473.0
2026-08-05 10:01:00,ONB,,27.15999984741211,27.15999984741211,27.135000228881836,27.135000228881836,3640.0
2026-08-05 10:01:00,ONDS,,8.891799926757812,8.9399995803833,8.880000114440918,8.93179988861084,129018.0
2026-08-05 10:01:00,ONFO,,0.0754999965429306,0.07559999823570251,0.0754999965429306,0.0754999965429306,18604.0
2026-08-05 10:01:00,OPAL,,2.3499999046325684,2.359999895095825,2.3399999141693115,2.359999895095825,9761.0
2026-08-05 10:01:00,OPCH,,23.489999771118164,23.489999771118164,23.399999618530273,23.399999618530273,2806.0
2026-08-05 10:01:00,OPEN,,3.7699999809265137,3.7799999713897705,3.759999990463257,3.7799999713897705,128413.0
2026-08-05 10:01:00,OPHC,,8.714200019836426,8.714200019836426,8.714200019836426,8.714200019836426,100.0
2026-08-05 10:01:00,OPK,,1.3111000061035156,1.3111000061035156,1.3111000061035156,1.3111000061035156,1737.0
2026-08-05 10:01:00,OPRT,,6.125,6.125,6.125,6.125,1503.0
2026-08-05 10:01:00,ORGO,,2.3550000190734863,2.3559999465942383,2.3450000286102295,2.3450000286102295,9669.0
2026-08-05 10:01:00,ORIC,,13.475000381469727,13.475000381469727,13.475000381469727,13.475000381469727,2089.0
2026-08-05 10:01:00,ORLY,,93.69000244140625,93.69000244140625,93.5999984741211,93.63999938964844,24284.0
2026-08-05 10:01:00,ORMP,,4.449999809265137,4.460000038146973,4.449999809265137,4.460000038146973,209.0
2026-08-05 10:01:00,OSBC,,25.829999923706055,25.829999923706055,25.799999237060547,25.799999237060547,3622.0
2026-08-05 10:01:00,OSPN,,16.75,16.760000228881836,16.684999465942383,16.684999465942383,5242.0
2026-08-05 10:01:00,OSS,,13.760000228881836,13.90999984741211,13.740599632263184,13.90999984741211,14526.0
2026-08-05 10:01:00,OTEX,,25.979999542236328,25.979999542236328,25.979999542236328,25.979999542236328,818.0
2026-08-05 10:01:00,OTLK,,1.0099999904632568,1.0099999904632568,1.000100016593933,1.003100037574768,50444.0
2026-08-05 10:01:00,OVID,,2.5799999237060547,2.5850000381469727,2.5799999237060547,2.5850000381469727,914.0
2026-08-05 10:01:00,OXLC,,9.140000343322754,9.149999618530273,9.140000343322754,9.149999618530273,10943.0
2026-08-05 10:01:00,OXSQ,,1.4805999994277954,1.4850000143051147,1.4800000190734863,1.4800000190734863,9530.0
2026-08-05 10:01:00,PAA,,23.334999084472656,23.334999084472656,23.325000762939453,23.325000762939453,1886.0
2026-08-05 10:01:00,PAAS,,47.66999816894531,47.72999954223633,47.599998474121094,47.72999954223633,9116.0
2026-08-05 10:01:00,PACB,,1.440000057220459,1.4450000524520874,1.440000057220459,1.4450000524520874,2999.0
2026-08-05 10:01:00,PAGP,,25.2450008392334,25.25,25.239999771118164,25.239999771118164,2073.0
2026-08-05 10:01:00,PAHC,,36.970001220703125,36.970001220703125,36.970001220703125,36.970001220703125,353.0
2026-08-05 10:01:00,PALI,,2.109999895095825,2.115000009536743,2.109999895095825,2.115000009536743,4107.0
2026-08-05 10:01:00,PANL,,7.380000114440918,7.380000114440918,7.369999885559082,7.369999885559082,714.0
2026-08-05 10:01:00,PANW,,367.3299865722656,367.7950134277344,367.3299865722656,367.3399963378906,5905.0
2026-08-05 10:01:00,PATK,,87.98999786376953,87.98999786376953,87.98999786376953,87.98999786376953,2792.0
2026-08-05 10:01:00,PAX,,11.444999694824219,11.460000038146973,11.4399995803833,11.449999809265137,5703.0
2026-08-05 10:01:00,PAYO,,7.122200012207031,7.122200012207031,7.119999885559082,7.119999885559082,2179.0
2026-08-05 10:01:00,PAYX,,117.66999816894531,117.69999694824219,117.52999877929688,117.58000183105469,7488.0
2026-08-05 10:01:00,PCAR,,136.40499877929688,136.41029357910156,136.2899932861328,136.35000610351562,6310.0
2026-08-05 10:01:00,PCRX,,25.825000762939453,25.825000762939453,25.670000076293945,25.670000076293945,1244.0
2026-08-05 10:01:00,PCT,,6.914999961853027,6.929999828338623,6.900000095367432,6.920000076293945,16043.0
2026-08-05 10:01:00,PCTY,,145.07000732421875,145.07000732421875,145.07000732421875,145.07000732421875,462.0
2026-08-05 10:01:00,PDD,,91.63999938964844,91.7699966430664,91.63999938964844,91.75,20391.0
2026-08-05 10:01:00,PDFS,,50.75,50.880001068115234,50.75,50.869998931884766,1833.0
2026-08-05 10:01:00,PECO,,41.41999816894531,41.459999084472656,41.41999816894531,41.459999084472656,1394.0
2026-08-05 10:01:00,PENN,,19.985000610351562,19.985000610351562,19.969999313354492,19.979999542236328,2358.0
2026-08-05 10:01:00,PEP,,138.80999755859375,138.8300018310547,138.69500732421875,138.69500732421875,14330.0
2026-08-05 10:01:00,PEPG,,1.9049999713897705,1.909999966621399,1.875,1.878000020980835,22325.0
2026-08-05 10:01:00,PESI,,17.55500030517578,17.55500030517578,17.55500030517578,17.55500030517578,218.0
2026-08-05 10:01:00,PFG,,115.77999877929688,115.87999725341797,115.73999786376953,115.73999786376953,2706.0
2026-08-05 10:01:00,PGC,,46.7400016784668,46.75,46.72999954223633,46.72999954223633,480.0
2026-08-05 10:01:00,PGEN,,7.119999885559082,7.119999885559082,7.040500164031982,7.059999942779541,27290.0
2026-08-05 10:01:00,PGNY,,31.25,31.290000915527344,31.25,31.290000915527344,4698.0
2026-08-05 10:01:00,PGY,,21.559999465942383,21.579999923706055,21.5,21.579999923706055,7533.0
2026-08-05 10:01:00,PHAT,,8.635000228881836,8.645000457763672,8.635000228881836,8.64050006866455,4554.0
2026-08-05 10:01:00,PHIO,,1.0800000429153442,1.0800000429153442,1.0800000429153442,1.0800000429153442,670.0
2026-08-05 10:01:00,PLAB,,32.47999954223633,32.70000076293945,32.47999954223633,32.70000076293945,4482.0
2026-08-05 10:01:00,PLBY,,1.2300000190734863,1.2300000190734863,1.2300000190734863,1.2300000190734863,486.0
2026-08-05 10:01:00,PLMR,,137.5749969482422,137.5749969482422,137.5749969482422,137.5749969482422,615.0
2026-08-05 10:01:00,PLRX,,1.0500999689102173,1.0500999689102173,1.0500999689102173,1.0500999689102173,2102.0
2026-08-05 10:01:00,PLSE,,37.28879928588867,37.28879928588867,37.28879928588867,37.28879928588867,187.0
2026-08-05 10:01:00,PLTK,,3.984999895095825,3.984999895095825,3.984999895095825,3.984999895095825,355.0
2026-08-05 10:01:00,PLUG,,2.1050000190734863,2.119999885559082,2.1050000190734863,2.109999895095825,155668.0
2026-08-05 10:01:00,PNBK,,1.125,1.125,1.1200000047683716,1.1200000047683716,1290.0
2026-08-05 10:01:00,PNFP,,108.19999694824219,108.3219985961914,108.19999694824219,108.19999694824219,705.0
2026-08-05 10:01:00,PNTG,,38.564998626708984,38.564998626708984,38.52000045776367,38.52000045776367,727.0
2026-08-05 10:01:00,POET,,8.375,8.40999984741211,8.340100288391113,8.40999984741211,71034.0
2026-08-05 10:01:00,POOL,,203.2899932861328,203.2899932861328,203.1750030517578,203.1750030517578,473.0
2026-08-05 10:01:00,POWI,,63.904998779296875,63.904998779296875,63.68000030517578,63.709999084472656,678.0
2026-08-05 10:01:00,POWL,,211.5800018310547,213.0449981689453,211.5749969482422,213.0449981689453,8137.0
2026-08-05 10:01:00,PPC,,26.875999450683594,26.8799991607666,26.854999542236328,26.864999771118164,1943.0
2026-08-05 10:01:00,PPTA,,22.25,22.280000686645508,22.19499969482422,22.240100860595703,13342.0
2026-08-05 10:01:00,PRAX,,317.6000061035156,317.6000061035156,316.6400146484375,317.32000732421875,952.0
2026-08-05 10:01:00,PRCH,,16.209999084472656,16.209999084472656,16.19499969482422,16.209999084472656,1822.0
2026-08-05 10:01:00,PRCT,,18.110000610351562,18.155000686645508,18.100000381469727,18.155000686645508,4174.0
2026-08-05 10:01:00,PRIM,,88.83999633789062,88.83999633789062,88.83999633789062,88.83999633789062,1205.0
2026-08-05 10:01:00,PRME,,2.9749999046325684,2.9800000190734863,2.9749999046325684,2.9800000190734863,9804.0
2026-08-05 10:01:00,PRQR,,1.875,1.875,1.875,1.875,834.0
2026-08-05 10:01:00,PRTA,,8.579999923706055,8.579999923706055,8.579999923706055,8.579999923706055,1568.0
2026-08-05 10:01:00,PRVA,,23.739999771118164,23.770000457763672,23.739999771118164,23.770000457763672,961.0
2026-08-05 10:01:00,PSEC,,2.2149999141693115,2.2149999141693115,2.2100000381469727,2.2149999141693115,4722.0
2026-08-05 10:01:00,PSNL,,13.585000038146973,13.595000267028809,13.585000038146973,13.59000015258789,3863.0
2026-08-05 10:01:00,PTC,,141.37159729003906,141.63999938964844,141.37159729003906,141.63999938964844,1535.0
2026-08-05 10:01:00,PTEN,,10.005000114440918,10.010000228881836,10.0,10.010000228881836,7966.0
2026-08-05 10:01:00,PTLO,,4.559999942779541,4.565000057220459,4.53000020980835,4.53000020980835,4078.0
2026-08-05 10:01:00,PTON,,6.550000190734863,6.570000171661377,6.550000190734863,6.559999942779541,9186.0
2026-08-05 10:01:00,PWP,,17.19499969482422,17.19499969482422,17.1299991607666,17.190000534057617,3346.0
2026-08-05 10:01:00,PYPD,,4.454999923706055,4.454999923706055,4.454999923706055,4.454999923706055,200.0
2026-08-05 10:01:00,PYPL,,58.70000076293945,58.70000076293945,58.650001525878906,58.66999816894531,14449.0
2026-08-05 10:01:00,PYXS,,3.259999990463257,3.259999990463257,3.259999990463257,3.259999990463257,678.0
2026-08-05 10:01:00,PZZA,,30.68000030517578,30.68000030517578,30.68000030517578,30.68000030517578,602.0
2026-08-05 10:01:00,QCOM,,161.0850067138672,161.5,161.0,161.0850067138672,30936.0
2026-08-05 10:01:00,QCRH,,104.77999877929688,104.77999877929688,104.77999877929688,104.77999877929688,215.0
2026-08-05 10:01:00,QFIN,,13.28499984741211,13.300000190734863,13.270000457763672,13.300000190734863,1993.0
2026-08-05 10:01:00,QRVO,,95.5999984741211,95.6500015258789,95.5999984741211,95.6500015258789,1597.0
2026-08-05 10:01:00,SEED,,0.9150999784469604,0.9225999712944031,0.9150999784469604,0.9225999712944031,858.0
2026-08-05 10:01:00,STIM,,2.309999942779541,2.311000108718872,2.309999942779541,2.311000108718872,2751.0
2026-08-05 10:01:00,TARA,,4.110000133514404,4.110000133514404,4.110000133514404,4.110000133514404,251.0
2026-08-05 10:01:00,WOOF,,2.9649999141693115,2.9649999141693115,2.9649999141693115,2.9649999141693115,1071.0
2026-08-05 10:02:00,ACDC,,4.230000019073486,4.230000019073486,4.230000019073486,4.230000019073486,3022.0
2026-08-05 10:02:00,BPOP,,177.6999969482422,177.6999969482422,177.5399932861328,177.5399932861328,3094.0
2026-08-05 10:02:00,BPRN,,41.9900016784668,41.9900016784668,41.9900016784668,41.9900016784668,139.0
2026-08-05 10:02:00,CNXN,,83.86000061035156,83.86000061035156,83.86000061035156,83.86000061035156,354.0
2026-08-05 10:02:00,CPOP,,0.35510000586509705,0.35510000586509705,0.35510000586509705,0.35510000586509705,568.0
2026-08-05 10:02:00,EYE,,23.3799991607666,23.40999984741211,23.3799991607666,23.40999984741211,2572.0
2026-08-05 10:02:00,GLUE,,16.190000534057617,16.25,16.190000534057617,16.25,2238.0
2026-08-05 10:02:00,LUNG,,1.8899999856948853,1.8899999856948853,1.8899999856948853,1.8899999856948853,586.0
2026-08-05 10:02:00,MBRX,,0.40400001406669617,0.40400001406669617,0.4000999927520752,0.4000999927520752,4783.0
2026-08-05 10:02:00,MDB,,375.57501220703125,376.3299865722656,375.0404968261719,376.3299865722656,3135.0
2026-08-05 10:02:00,MDLZ,,61.900001525878906,61.90999984741211,61.810001373291016,61.81999969482422,9607.0
2026-08-05 10:02:00,MLTX,,17.90999984741211,17.915000915527344,17.899999618530273,17.915000915527344,2205.0
2026-08-05 10:02:00,MNRO,,13.3100004196167,13.420000076293945,13.289999961853027,13.420000076293945,4805.0
2026-08-05 10:02:00,MNST,,94.82499694824219,94.87999725341797,94.82499694824219,94.82499694824219,7257.0
2026-08-05 10:02:00,MNTS,,4.400000095367432,4.445000171661377,4.390200138092041,4.445000171661377,16412.0
2026-08-05 10:02:00,MPWR,,1335.1500244140625,1337.3199462890625,1331.885009765625,1335.719970703125,1187.0
2026-08-05 10:02:00,MRNA,,58.04999923706055,58.13999938964844,58.04999923706055,58.13999938964844,3245.0
2026-08-05 10:02:00,MYGN,,3.1549999713897705,3.180000066757202,3.1549999713897705,3.1700000762939453,14022.0
2026-08-05 10:02:00,MYPS,,0.7307999730110168,0.7307999730110168,0.7307999730110168,0.7307999730110168,384.0
2026-08-05 10:02:00,MYRG,,347.05499267578125,347.989990234375,345.989990234375,347.989990234375,878.0
2026-08-05 10:02:00,NAMS,,26.799999237060547,26.899900436401367,26.729999542236328,26.729999542236328,2521.0
2026-08-05 10:02:00,NAUT,,0.9901000261306763,1.0010000467300415,0.9901000261306763,1.0010000467300415,1515.0
2026-08-05 10:02:00,NB,,5.119999885559082,5.130000114440918,5.110000133514404,5.125,15198.0
2026-08-05 10:02:00,NBIX,,164.69000244140625,164.85000610351562,164.5800018310547,164.80999755859375,3668.0
2026-08-05 10:02:00,NBTB,,53.516998291015625,53.516998291015625,53.516998291015625,53.516998291015625,226.0
2026-08-05 10:02:00,NCMI,,4.110000133514404,4.110000133514404,4.110000133514404,4.110000133514404,222.0
2026-08-05 10:02:00,NDAQ,,94.76000213623047,94.76000213623047,94.58999633789062,94.58999633789062,3411.0
2026-08-05 10:02:00,NECB,,27.26300048828125,27.26300048828125,27.26300048828125,27.26300048828125,131.0
2026-08-05 10:02:00,NEO,,16.209999084472656,16.209999084472656,16.18899917602539,16.18899917602539,2287.0
2026-08-05 10:02:00,NEOG,,11.7052001953125,11.7052001953125,11.680000305175781,11.685999870300293,3243.0
2026-08-05 10:02:00,NEON,,0.9351999759674072,0.9351999759674072,0.9351999759674072,0.9351999759674072,0.0
2026-08-05 10:02:00,NEOV,,2.8499999046325684,2.859999895095825,2.83270001411438,2.859999895095825,4213.0
2026-08-05 10:02:00,NESR,,28.895000457763672,28.895000457763672,28.895000457763672,28.895000457763672,212.0
2026-08-05 10:02:00,NEWT,,15.4399995803833,15.4399995803833,15.4399995803833,15.4399995803833,209.0
2026-08-05 10:02:00,NEXT,,6.480000019073486,6.480000019073486,6.46999979019165,6.474999904632568,4571.0
2026-08-05 10:02:00,NFLX,,74.11499786376953,74.16000366210938,74.05999755859375,74.06999969482422,95993.0
2026-08-05 10:02:00,NGNE,,35.349998474121094,35.349998474121094,35.349998474121094,35.349998474121094,253.0
2026-08-05 10:02:00,NICE,,95.86000061035156,96.18000030517578,95.80999755859375,95.8949966430664,17868.0
2026-08-05 10:02:00,NIU,,2.5199999809265137,2.5199999809265137,2.5199999809265137,2.5199999809265137,708.0
2026-08-05 10:02:00,NKTR,,73.33000183105469,73.33000183105469,73.30000305175781,73.30999755859375,610.0
2026-08-05 10:02:00,NKTX,,2.200000047683716,2.2049999237060547,2.200000047683716,2.2049999237060547,731.0
2026-08-05 10:02:00,NMFC,,7.360000133514404,7.360000133514404,7.360000133514404,7.360000133514404,1353.0
2026-08-05 10:02:00,NMRA,,1.5549999475479126,1.559999942779541,1.5501999855041504,1.559999942779541,9396.0
2026-08-05 10:02:00,NMRK,,15.640000343322754,15.645000457763672,15.640000343322754,15.645000457763672,1081.0
2026-08-05 10:02:00,NMTC,,1.7450000047683716,1.7450000047683716,1.7200000286102295,1.7300000190734863,10004.0
2026-08-05 10:02:00,NN,,14.239999771118164,14.239999771118164,14.150300025939941,14.220000267028809,9709.0
2026-08-05 10:02:00,NNBR,,3.865000009536743,3.869999885559082,3.865000009536743,3.869999885559082,601.0
2026-08-05 10:02:00,NNDM,,1.559999942779541,1.5700000524520874,1.559999942779541,1.5700000524520874,17177.0
2026-08-05 10:02:00,NNOX,,1.0099999904632568,1.0299999713897705,1.0099999904632568,1.0299999713897705,16890.0
2026-08-05 10:02:00,NOVT,,159.71499633789062,159.72000122070312,159.52999877929688,159.61000061035156,4324.0
2026-08-05 10:02:00,NRDS,,9.140000343322754,9.140000343322754,9.130000114440918,9.130000114440918,1495.0
2026-08-05 10:02:00,NRIM,,27.15999984741211,27.15999984741211,27.15999984741211,27.15999984741211,318.0
2026-08-05 10:02:00,NRIX,,25.059999465942383,25.06999969482422,25.059999465942383,25.06999969482422,1557.0
2026-08-05 10:02:00,NSSC,,40.22010040283203,40.268001556396484,40.22010040283203,40.268001556396484,532.0
2026-08-05 10:02:00,NTAP,,189.3300018310547,190.0,189.3300018310547,190.0,2197.0
2026-08-05 10:02:00,NTCT,,41.415000915527344,41.66999816894531,41.415000915527344,41.66999816894531,558.0
2026-08-05 10:02:00,NTES,,128.02499389648438,128.10499572753906,127.94000244140625,127.94000244140625,3659.0
2026-08-05 10:02:00,NTNX,,60.70500183105469,60.720001220703125,60.68000030517578,60.709999084472656,5025.0
2026-08-05 10:02:00,NTRA,,275.906005859375,275.906005859375,275.906005859375,275.906005859375,1535.0
2026-08-05 10:02:00,NUWE,,1.7599999904632568,1.7699999809265137,1.7599999904632568,1.7619999647140503,1254.0
2026-08-05 10:02:00,NVAX,,7.659999847412109,7.679999828338623,7.659999847412109,7.679900169372559,2793.0
2026-08-05 10:02:00,NVCR,,15.979999542236328,15.989999771118164,15.979999542236328,15.979999542236328,921.0
2026-08-05 10:02:00,NVCT,,20.155000686645508,20.155000686645508,20.155000686645508,20.155000686645508,205.0
2026-08-05 10:02:00,NVDA,,220.65499877929688,220.9499969482422,220.11000061035156,220.9499969482422,541252.0
2026-08-05 10:02:00,NVMI,,413.1050109863281,413.6549987792969,412.30999755859375,413.6549987792969,4731.0
2026-08-05 10:02:00,NVTS,,12.739999771118164,12.789999961853027,12.707599639892578,12.765000343322754,55696.0
2026-08-05 10:02:00,NWBI,,16.010000228881836,16.010000228881836,16.0049991607666,16.0049991607666,2685.0
2026-08-05 10:02:00,NWL,,6.01639986038208,6.019999980926514,6.0,6.005000114440918,37476.0
2026-08-05 10:02:00,NWS,,32.369998931884766,32.380001068115234,32.36000061035156,32.36000061035156,6750.0
2026-08-05 10:02:00,NWSA,,28.239500045776367,28.25,28.229999542236328,28.229999542236328,10076.0
2026-08-05 10:02:00,NXPI,,234.5050048828125,235.25,234.42999267578125,235.25,9478.0
2026-08-05 10:02:00,NXT,,98.55500030517578,99.04000091552734,98.25,99.04000091552734,5766.0
2026-08-05 10:02:00,NXTC,,5.5,5.5,5.5,5.5,120.0
2026-08-05 10:02:00,NYXH,,1.4199999570846558,1.4199999570846558,1.4199999570846558,1.4199999570846558,372.0
2026-08-05 10:02:00,OABI,,2.0,2.010999917984009,1.9950000047683716,2.010999917984009,2498.0
2026-08-05 10:02:00,OCFC,,19.829999923706055,19.829999923706055,19.829999923706055,19.829999923706055,790.0
2026-08-05 10:02:00,OCGN,,1.3049999475479126,1.3073999881744385,1.2999999523162842,1.3073999881744385,11457.0
2026-08-05 10:02:00,OCS,,12.050000190734863,12.050000190734863,12.029999732971191,12.039999961853027,703.0
2026-08-05 10:02:00,OCSL,,12.100000381469727,12.130000114440918,12.09000015258789,12.130000114440918,1034.0
2026-08-05 10:02:00,OCUL,,8.720000267028809,8.720000267028809,8.720000267028809,8.720000267028809,2254.0
2026-08-05 10:02:00,ODFL,,219.47999572753906,219.47999572753906,219.44000244140625,219.47999572753906,2137.0
2026-08-05 10:02:00,OESX,,16.200000762939453,16.200000762939453,16.1382999420166,16.1382999420166,1430.0
2026-08-05 10:02:00,OFIX,,10.645000457763672,10.704999923706055,10.645000457763672,10.704999923706055,2072.0
2026-08-05 10:02:00,OKTA,,147.72000122070312,148.08999633789062,147.625,148.0,6705.0
2026-08-05 10:02:00,OLLI,,78.08000183105469,78.18000030517578,77.97000122070312,77.97000122070312,9676.0
2026-08-05 10:02:00,OMCL,,36.68000030517578,36.68000030517578,36.6150016784668,36.6150016784668,1558.0
2026-08-05 10:02:00,OMH,,0.11010000109672546,0.1111999973654747,0.10899999737739563,0.11079999804496765,85191.0
2026-08-05 10:02:00,ON,,78.8499984741211,79.33999633789062,78.8499984741211,79.30999755859375,30445.0
2026-08-05 10:02:00,ONB,,27.170000076293945,27.174999237060547,27.15999984741211,27.15999984741211,3170.0
2026-08-05 10:02:00,ONBPO,,24.770000457763672,24.770000457763672,24.770000457763672,24.770000457763672,175.0
2026-08-05 10:02:00,ONCY,,0.7940999865531921,0.7975999712944031,0.7940999865531921,0.796500027179718,2642.0
2026-08-05 10:02:00,ONDS,,8.895000457763672,8.899999618530273,8.860300064086914,8.895000457763672,104750.0
2026-08-05 10:02:00,ONFO,,0.0746999979019165,0.07559999823570251,0.0746999979019165,0.07559999823570251,130188.0
2026-08-05 10:02:00,OPCH,,23.479999542236328,23.489999771118164,23.469999313354492,23.479999542236328,4479.0
2026-08-05 10:02:00,OPEN,,3.765000104904175,3.7699999809265137,3.759999990463257,3.7600998878479004,67211.0
2026-08-05 10:02:00,OPHC,,8.699999809265137,8.789999961853027,8.699999809265137,8.789999961853027,254.0
2026-08-05 10:02:00,OPK,,1.3099000453948975,1.315000057220459,1.3000999689102173,1.315000057220459,28022.0
2026-08-05 10:02:00,OPRT,,6.125999927520752,6.125999927520752,6.125999927520752,6.125999927520752,1594.0
2026-08-05 10:02:00,ORIC,,13.370499610900879,13.40999984741211,13.370200157165527,13.40999984741211,528.0
2026-08-05 10:02:00,ORLY,,93.94000244140625,93.95500183105469,93.7300033569336,93.7300033569336,43831.0
2026-08-05 10:02:00,ORMP,,4.454999923706055,4.454999923706055,4.449999809265137,4.449999809265137,1868.0
2026-08-05 10:02:00,OSIS,,236.36000061035156,236.36000061035156,236.36000061035156,236.36000061035156,115.0
2026-08-05 10:02:00,OSPN,,16.829999923706055,16.84000015258789,16.81999969482422,16.829999923706055,1244.0
2026-08-05 10:02:00,OSS,,13.65999984741211,13.770000457763672,13.649999618530273,13.75629997253418,4913.0
2026-08-05 10:02:00,OSW,,26.683000564575195,26.683000564575195,26.683000564575195,26.683000564575195,1013.0
2026-08-05 10:02:00,OTEX,,25.989999771118164,26.030000686645508,25.989999771118164,26.020000457763672,2590.0
2026-08-05 10:02:00,OTLK,,1.0049999952316284,1.0099999904632568,1.0049999952316284,1.0098999738693237,19385.0
2026-08-05 10:02:00,OVID,,2.5840001106262207,2.5850000381469727,2.5840001106262207,2.5850000381469727,1552.0
2026-08-05 10:02:00,OXLC,,9.140000343322754,9.149999618530273,9.119999885559082,9.125,19953.0
2026-08-05 10:02:00,OXSQ,,1.4800000190734863,1.4900000095367432,1.4800000190734863,1.4800000190734863,14047.0
2026-08-05 10:02:00,PAA,,23.350000381469727,23.354999542236328,23.325000762939453,23.334999084472656,4098.0
2026-08-05 10:02:00,PAAS,,47.57500076293945,47.689998626708984,47.54880142211914,47.68000030517578,9820.0
2026-08-05 10:02:00,PACB,,1.4450000524520874,1.4490000009536743,1.434999942779541,1.4490000009536743,45386.0
2026-08-05 10:02:00,PAGP,,25.260000228881836,25.260000228881836,25.235000610351562,25.235000610351562,1278.0
2026-08-05 10:02:00,PALI,,2.0999999046325684,2.1012001037597656,2.0999999046325684,2.1012001037597656,2687.0
2026-08-05 10:02:00,PANL,,7.360000133514404,7.360000133514404,7.360000133514404,7.360000133514404,979.0
2026-08-05 10:02:00,PANW,,367.4601135253906,368.0,366.9100036621094,367.5899963378906,24766.0
2026-08-05 10:02:00,PAX,,11.449999809265137,11.449999809265137,11.420000076293945,11.449999809265137,5740.0
2026-08-05 10:02:00,PAYO,,7.119999885559082,7.125,7.119999885559082,7.125,1477.0
2026-08-05 10:02:00,PAYS,,9.260000228881836,9.260000228881836,9.260000228881836,9.260000228881836,746.0
2026-08-05 10:02:00,PAYX,,117.83999633789062,117.83999633789062,117.62999725341797,117.62999725341797,7503.0
2026-08-05 10:02:00,PCAR,,136.32000732421875,136.47999572753906,136.3000030517578,136.4499969482422,5780.0
2026-08-05 10:02:00,PCRX,,26.09000015258789,26.09000015258789,26.09000015258789,26.09000015258789,631.0
2026-08-05 10:02:00,PCT,,6.900000095367432,6.909999847412109,6.880099773406982,6.909999847412109,13944.0
2026-08-05 10:02:00,PCTY,,145.97999572753906,146.0,145.97999572753906,146.0,470.0
2026-08-05 10:02:00,PDD,,91.80000305175781,91.84500122070312,91.66000366210938,91.66000366210938,28074.0
2026-08-05 10:02:00,PDEX,,67.51000213623047,67.51000213623047,67.51000213623047,67.51000213623047,622.0
2026-08-05 10:02:00,PEBK,,43.5,43.5,43.47999954223633,43.47999954223633,793.0
2026-08-05 10:02:00,PEBO,,41.72999954223633,41.72999954223633,41.65999984741211,41.65999984741211,5707.0
2026-08-05 10:02:00,PECO,,41.404998779296875,41.404998779296875,41.404998779296875,41.404998779296875,1773.0
2026-08-05 10:02:00,PENN,,19.989999771118164,20.0,19.959999084472656,19.989999771118164,8575.0
2026-08-05 10:02:00,PEP,,138.8800048828125,138.97999572753906,138.8000030517578,138.8000030517578,19463.0
2026-08-05 10:02:00,PEPG,,1.9049999713897705,1.9049999713897705,1.9049999713897705,1.9049999713897705,946.0
2026-08-05 10:02:00,PERI,,9.609999656677246,9.619999885559082,9.609999656677246,9.619999885559082,483.0
2026-08-05 10:02:00,PFG,,115.77999877929688,115.77999877929688,115.73999786376953,115.77999877929688,938.0
2026-08-05 10:02:00,PGC,,46.7400016784668,46.7400016784668,46.7400016784668,46.7400016784668,356.0
2026-08-05 10:02:00,PGEN,,7.070000171661377,7.159999847412109,7.059999942779541,7.117499828338623,123358.0
2026-08-05 10:02:00,PGNY,,31.25,31.25,31.229999542236328,31.239999771118164,1959.0
2026-08-05 10:02:00,PGY,,21.53350067138672,21.579999923706055,21.520000457763672,21.57990074157715,8928.0
2026-08-05 10:02:00,PHAT,,8.640999794006348,8.645999908447266,8.640999794006348,8.645999908447266,2198.0
2026-08-05 10:02:00,PHVS,,33.56999969482422,33.56999969482422,33.56999969482422,33.56999969482422,332.0
2026-08-05 10:02:00,PLAB,,32.345001220703125,32.439998626708984,32.345001220703125,32.41999816894531,1401.0
2026-08-05 10:02:00,PLMR,,138.3000030517578,138.3000030517578,138.22999572753906,138.22999572753906,1900.0
2026-08-05 10:02:00,PLTK,,3.984999895095825,3.984999895095825,3.9800000190734863,3.984999895095825,5743.0
2026-08-05 10:02:00,PLUG,,2.0950000286102295,2.1098999977111816,2.0899999141693115,2.1080000400543213,660975.0
2026-08-05 10:02:00,PNBK,,1.125,1.125,1.125,1.125,257.0
2026-08-05 10:02:00,PNFP,,108.13999938964844,108.36000061035156,108.13999938964844,108.19999694824219,1197.0
2026-08-05 10:02:00,PNTG,,38.395999908447266,38.395999908447266,38.1150016784668,38.1349983215332,606.0
2026-08-05 10:02:00,POCI,,4.199999809265137,4.199999809265137,4.199999809265137,4.199999809265137,348.0
2026-08-05 10:02:00,POET,,8.354999542236328,8.375,8.34000015258789,8.375,38717.0
2026-08-05 10:02:00,POOL,,203.6300048828125,203.6300048828125,203.22999572753906,203.22999572753906,2406.0
2026-08-05 10:02:00,POWI,,63.62269973754883,63.62269973754883,63.0,63.42499923706055,4544.0
2026-08-05 10:02:00,POWL,,211.77499389648438,211.80999755859375,211.23500061035156,211.5800018310547,11793.0
2026-08-05 10:02:00,PPC,,26.90999984741211,26.90999984741211,26.8799991607666,26.8799991607666,1800.0
2026-08-05 10:02:00,PPTA,,22.190000534057617,22.260000228881836,22.190000534057617,22.260000228881836,3522.0
2026-08-05 10:02:00,PRCH,,16.145000457763672,16.18000030517578,16.139999389648438,16.170000076293945,3018.0
2026-08-05 10:02:00,PRCT,,18.34000015258789,18.34000015258789,18.100000381469727,18.149999618530273,36397.0
2026-08-05 10:02:00,PRDO,,33.349998474121094,33.3650016784668,33.31999969482422,33.34000015258789,3733.0
2026-08-05 10:02:00,PRE,,18.299999237060547,18.299999237060547,18.299999237060547,18.299999237060547,0.0
2026-08-05 10:02:00,PRIM,,88.06999969482422,88.5999984741211,88.06999969482422,88.55000305175781,3983.0
2026-08-05 10:02:00,PRME,,2.9749999046325684,2.978800058364868,2.9649999141693115,2.978800058364868,18294.0
2026-08-05 10:02:00,PROK,,1.6649999618530273,1.6649999618530273,1.6649999618530273,1.6649999618530273,403.0
2026-08-05 10:02:00,PRTA,,8.579999923706055,8.579999923706055,8.579999923706055,8.579999923706055,864.0
2026-08-05 10:02:00,PRVA,,23.770000457763672,23.770000457763672,23.739999771118164,23.739999771118164,1716.0
2026-08-05 10:02:00,PRZO,,0.5465999841690063,0.5465999841690063,0.546500027179718,0.5465999841690063,2173.0
2026-08-05 10:02:00,PSEC,,2.2100000381469727,2.2200000286102295,2.2100000381469727,2.2100000381469727,7855.0
2026-08-05 10:02:00,PSMT,,194.6300048828125,194.6300048828125,193.83999633789062,193.83999633789062,3797.0
2026-08-05 10:02:00,PSNL,,13.574000358581543,13.595000267028809,13.574000358581543,13.595000267028809,4173.0
2026-08-05 10:02:00,PTC,,141.63499450683594,141.63499450683594,141.63499450683594,141.63499450683594,1517.0
2026-08-05 10:02:00,PTEN,,10.010000228881836,10.019000053405762,10.005000114440918,10.005000114440918,4729.0
2026-08-05 10:02:00,PTLO,,4.550000190734863,4.550000190734863,4.550000190734863,4.550000190734863,1928.0
2026-08-05 10:02:00,PTON,,6.539999961853027,6.554999828338623,6.525000095367432,6.554999828338623,24393.0
2026-08-05 10:02:00,PWP,,17.19499969482422,17.19499969482422,17.19499969482422,17.19499969482422,163.0
2026-08-05 10:02:00,PYPD,,4.360099792480469,4.460000038146973,4.360099792480469,4.449999809265137,420.0
2026-08-05 10:02:00,PYPL,,58.709999084472656,58.71500015258789,58.67499923706055,58.70000076293945,11772.0
2026-08-05 10:02:00,PYXS,,3.259999990463257,3.259999990463257,3.25,3.2551000118255615,4265.0
2026-08-05 10:02:00,PZZA,,30.649999618530273,30.690000534057617,30.649999618530273,30.690000534057617,1525.0
2026-08-05 10:02:00,QCOM,,160.72000122070312,161.17999267578125,160.61000061035156,161.16000366210938,22299.0
2026-08-05 10:02:00,QCRH,,104.87000274658203,104.87000274658203,104.87000274658203,104.87000274658203,133.0
2026-08-05 10:02:00,QFIN,,13.328399658203125,13.328399658203125,13.289999961853027,13.3100004196167,10221.0
2026-08-05 10:02:00,QQQX,,30.680200576782227,30.725000381469727,30.68000030517578,30.725000381469727,3232.0
2026-08-05 10:02:00,QRVO,,95.49500274658203,95.625,95.49500274658203,95.625,822.0
2026-08-05 10:02:00,SEED,,0.9150000214576721,0.9150000214576721,0.9150000214576721,0.9150000214576721,0.0
2026-08-05 10:02:00,TARA,,4.110000133514404,4.110000133514404,4.110000133514404,4.110000133514404,1704.0
2026-08-05 10:03:00,ACDC,,4.195000171661377,4.21999979019165,4.195000171661377,4.21999979019165,7884.0
2026-08-05 10:03:00,CNXN,,83.86009979248047,83.86009979248047,83.86009979248047,83.86009979248047,454.0
2026-08-05 10:03:00,EYE,,23.420000076293945,23.43000030517578,23.399999618530273,23.43000030517578,1959.0
2026-08-05 10:03:00,GLUE,,16.200000762939453,16.270000457763672,16.149999618530273,16.200000762939453,12324.0
2026-08-05 10:03:00,KIDS,,21.329999923706055,21.3700008392334,21.31999969482422,21.360000610351562,1893.0
2026-08-05 10:03:00,KITTW,,0.012600000016391277,0.012600000016391277,0.012600000016391277,0.012600000016391277,142.0
2026-08-05 10:03:00,LUNG,,1.8899999856948853,1.8991999626159668,1.8799999952316284,1.8899999856948853,5300.0
2026-08-05 10:03:00,MBRX,,0.40450000762939453,0.40450000762939453,0.4023999869823456,0.4023999869823456,2670.0
2026-08-05 10:03:00,MCRI,,125.44000244140625,125.44000244140625,125.44000244140625,125.44000244140625,147.0
2026-08-05 10:03:00,MDB,,376.04998779296875,376.1099853515625,376.04998779296875,376.1099853515625,801.0
2026-08-05 10:03:00,MDLZ,,61.900001525878906,61.90999984741211,61.85499954223633,61.869998931884766,11394.0
2026-08-05 10:03:00,MLTX,,17.934999465942383,17.934999465942383,17.934999465942383,17.934999465942383,225.0
2026-08-05 10:03:00,MNRO,,13.3149995803833,13.34000015258789,13.3149995803833,13.3149995803833,4153.0
2026-08-05 10:03:00,MNST,,94.83999633789062,94.8499984741211,94.7300033569336,94.80000305175781,9587.0
2026-08-05 10:03:00,MNTS,,4.409999847412109,4.449999809265137,4.400000095367432,4.449999809265137,21386.0
2026-08-05 10:03:00,MORN,,200.6300048828125,200.6300048828125,200.6199951171875,200.6300048828125,504.0
2026-08-05 10:03:00,MOVE,,12.100000381469727,12.100000381469727,11.800100326538086,12.0,4532.0
2026-08-05 10:03:00,MPAA,,13.720000267028809,13.720000267028809,13.720000267028809,13.720000267028809,101.0
2026-08-05 10:03:00,MPWR,,1332.199951171875,1335.949951171875,1330.0,1333.760009765625,830.0
2026-08-05 10:03:00,MRNA,,58.459999084472656,58.505001068115234,58.09000015258789,58.130001068115234,14766.0
2026-08-05 10:03:00,MYGN,,3.1549999713897705,3.1549999713897705,3.1549999713897705,3.1549999713897705,5583.0
2026-08-05 10:03:00,MYRG,,344.2900085449219,344.2900085449219,344.2900085449219,344.2900085449219,250.0
2026-08-05 10:03:00,NAMS,,26.899999618530273,26.899999618530273,26.8700008392334,26.8700008392334,1746.0
2026-08-05 10:03:00,NAUT,,1.0,1.000100016593933,1.0,1.000100016593933,14505.0
2026-08-05 10:03:00,NAVI,,9.109999656677246,9.109999656677246,9.095000267028809,9.095000267028809,631.0
2026-08-05 10:03:00,NB,,5.125,5.125,5.125,5.125,919.0
2026-08-05 10:03:00,NBIX,,164.6999969482422,164.6999969482422,164.6999969482422,164.6999969482422,412.0
2026-08-05 10:03:00,NBN,,134.6699981689453,134.6699981689453,134.6699981689453,134.6699981689453,3436.0
2026-08-05 10:03:00,NBTB,,53.7599983215332,53.779998779296875,53.58000183105469,53.58000183105469,2356.0
2026-08-05 10:03:00,NCMI,,4.110000133514404,4.110000133514404,4.105000019073486,4.110000133514404,1064.0
2026-08-05 10:03:00,NCPL,,0.42289999127388,0.42289999127388,0.42289999127388,0.42289999127388,167.0
2026-08-05 10:03:00,NCRA,,1.8208999633789062,1.850000023841858,1.8200000524520874,1.840000033378601,7359.0
2026-08-05 10:03:00,NDAQ,,94.89080047607422,94.91000366210938,94.7300033569336,94.7300033569336,3553.0
2026-08-05 10:03:00,NDSN,,311.6700134277344,311.6700134277344,311.260009765625,311.260009765625,568.0
2026-08-05 10:03:00,NEO,,16.200000762939453,16.219999313354492,16.190000534057617,16.219999313354492,3419.0
2026-08-05 10:03:00,NEOG,,11.720000267028809,11.720000267028809,11.710000038146973,11.710000038146973,1844.0
2026-08-05 10:03:00,NEOV,,2.890000104904175,2.890000104904175,2.8399999141693115,2.8450000286102295,10739.0
2026-08-05 10:03:00,NESR,,28.84000015258789,28.889999389648438,28.84000015258789,28.889999389648438,1551.0
2026-08-05 10:03:00,NEXT,,6.460000038146973,6.480000019073486,6.460000038146973,6.480000019073486,10144.0
2026-08-05 10:03:00,NFE,,0.3336000144481659,0.33649998903274536,0.3336000144481659,0.33649998903274536,1607.0
2026-08-05 10:03:00,NFLX,,74.1240005493164,74.15499877929688,74.07499694824219,74.12000274658203,89845.0
2026-08-05 10:03:00,NKTR,,73.40499877929688,73.40499877929688,73.25,73.25,871.0
2026-08-05 10:03:00,NKTX,,2.200000047683716,2.2049999237060547,2.194999933242798,2.194999933242798,13687.0
2026-08-05 10:03:00,NMRA,,1.565000057220459,1.5700000524520874,1.559999942779541,1.559999942779541,15133.0
2026-08-05 10:03:00,NMRK,,15.654999732971191,15.65999984741211,15.649999618530273,15.649999618530273,2535.0
2026-08-05 10:03:00,NMTC,,1.7000000476837158,1.7000000476837158,1.7000000476837158,1.7000000476837158,12741.0
2026-08-05 10:03:00,NN,,14.234999656677246,14.25,14.195300102233887,14.239999771118164,7397.0
2026-08-05 10:03:00,NNBR,,3.859999895095825,3.865000009536743,3.859999895095825,3.860100030899048,9111.0
2026-08-05 10:03:00,NNDM,,1.5549999475479126,1.5549999475479126,1.5549999475479126,1.5549999475479126,3100.0
2026-08-05 10:03:00,NNOX,,1.0199999809265137,1.0199999809265137,1.0149999856948853,1.0197999477386475,24662.0
2026-08-05 10:03:00,NRDS,,9.145000457763672,9.145000457763672,9.145000457763672,9.145000457763672,1293.0
2026-08-05 10:03:00,NRIX,,25.100000381469727,25.100000381469727,25.059999465942383,25.059999465942383,2123.0
2026-08-05 10:03:00,NSSC,,40.244998931884766,40.244998931884766,40.244998931884766,40.244998931884766,1103.0
2026-08-05 10:03:00,NTAP,,189.92999267578125,190.0,189.41000366210938,189.41000366210938,4445.0
2026-08-05 10:03:00,NTES,,128.02000427246094,128.08999633789062,128.02000427246094,128.08999633789062,1219.0
2026-08-05 10:03:00,NTGR,,23.940000534057617,23.940000534057617,23.940000534057617,23.940000534057617,237.0
2026-08-05 10:03:00,NTNX,,60.78499984741211,60.79999923706055,60.68000030517578,60.69499969482422,10510.0
2026-08-05 10:03:00,NTRS,,185.52000427246094,185.52000427246094,185.39500427246094,185.39500427246094,3552.0
2026-08-05 10:03:00,NUWE,,1.784999966621399,1.784999966621399,1.7699999809265137,1.7699999809265137,734.0
2026-08-05 10:03:00,NVAX,,7.699999809265137,7.699999809265137,7.667399883270264,7.667399883270264,10731.0
2026-08-05 10:03:00,NVCR,,16.014999389648438,16.014999389648438,16.0049991607666,16.0049991607666,1017.0
2026-08-05 10:03:00,NVCT,,20.125,20.125,20.125,20.125,200.0
2026-08-05 10:03:00,NVDA,,221.12049865722656,221.2550048828125,220.5500030517578,220.65499877929688,755676.0
2026-08-05 10:03:00,NVMI,,412.32000732421875,413.94500732421875,412.32000732421875,413.3500061035156,7293.0
2026-08-05 10:03:00,NVTS,,12.699999809265137,12.755000114440918,12.6899995803833,12.739999771118164,48207.0
2026-08-05 10:03:00,NWBI,,16.020000457763672,16.020000457763672,16.010000228881836,16.010000228881836,4094.0
2026-08-05 10:03:00,NWE,,69.27010345458984,69.27010345458984,69.27010345458984,69.27010345458984,345.0
2026-08-05 10:03:00,NWGL,,0.26019999384880066,0.26019999384880066,0.26019999384880066,0.26019999384880066,2934.0
2026-08-05 10:03:00,NWL,,6.010000228881836,6.019999980926514,5.985000133514404,6.019999980926514,40679.0
2026-08-05 10:03:00,NWS,,32.400001525878906,32.400001525878906,32.36000061035156,32.36000061035156,9343.0
2026-08-05 10:03:00,NWSA,,28.264999389648438,28.270000457763672,28.229999542236328,28.229999542236328,12751.0
2026-08-05 10:03:00,NXPI,,234.14999389648438,234.47000122070312,234.11000061035156,234.3800048828125,5108.0
2026-08-05 10:03:00,NXT,,98.46499633789062,98.47000122070312,98.31999969482422,98.47000122070312,1771.0
2026-08-05 10:03:00,NXTC,,5.489999771118164,5.489999771118164,5.489999771118164,5.489999771118164,242.0
2026-08-05 10:03:00,OABI,,2.009999990463257,2.009999990463257,2.009999990463257,2.009999990463257,1806.0
2026-08-05 10:03:00,OCCIN,,24.860000610351562,24.860000610351562,24.860000610351562,24.860000610351562,315.0
2026-08-05 10:03:00,OCFC,,19.844999313354492,19.844999313354492,19.84000015258789,19.84000015258789,368.0
2026-08-05 10:03:00,OCGN,,1.2999999523162842,1.2999999523162842,1.2999999523162842,1.2999999523162842,1064.0
2026-08-05 10:03:00,OCS,,11.970000267028809,12.029999732971191,11.970000267028809,12.029999732971191,662.0
2026-08-05 10:03:00,OCSL,,12.100000381469727,12.100000381469727,12.080100059509277,12.09000015258789,680.0
2026-08-05 10:03:00,OCUL,,8.729999542236328,8.734999656677246,8.71500015258789,8.71500015258789,6178.0
2026-08-05 10:03:00,ODD,,15.350000381469727,15.350000381469727,15.350000381469727,15.350000381469727,401.0
2026-08-05 10:03:00,ODFL,,219.47000122070312,219.47000122070312,219.47000122070312,219.47000122070312,384.0
2026-08-05 10:03:00,OESX,,16.449499130249023,16.489999771118164,16.0,16.450000762939453,9428.0
2026-08-05 10:03:00,OFIX,,10.647500038146973,10.699999809265137,10.647500038146973,10.670000076293945,791.0
2026-08-05 10:03:00,OGI,,0.970300018787384,0.970300018787384,0.970300018787384,0.970300018787384,131.0
2026-08-05 10:03:00,OKTA,,148.0800018310547,148.08999633789062,147.72000122070312,147.72000122070312,3565.0
2026-08-05 10:03:00,OKYO,,1.684999942779541,1.684999942779541,1.684999942779541,1.684999942779541,0.0
2026-08-05 10:03:00,OLLI,,77.99500274658203,78.13999938964844,77.94999694824219,78.13999938964844,7081.0
2026-08-05 10:03:00,OLMA,,11.744999885559082,11.744999885559082,11.702799797058105,11.71500015258789,3171.0
2026-08-05 10:03:00,OMCL,,36.814998626708984,36.814998626708984,36.72999954223633,36.72999954223633,584.0
2026-08-05 10:03:00,OMER,,12.729999542236328,12.760000228881836,12.729999542236328,12.760000228881836,542.0
2026-08-05 10:03:00,OMH,,0.10939999669790268,0.1111999973654747,0.10920000076293945,0.11020000278949738,4046.0
2026-08-05 10:03:00,ON,,78.8499984741211,78.99500274658203,78.75,78.86000061035156,44934.0
2026-08-05 10:03:00,ONB,,27.190000534057617,27.19499969482422,27.170000076293945,27.170000076293945,4653.0
2026-08-05 10:03:00,ONCY,,0.7958999872207642,0.7958999872207642,0.7958999872207642,0.7958999872207642,5600.0
2026-08-05 10:03:00,ONDS,,8.904999732971191,8.9399995803833,8.890000343322754,8.899999618530273,113388.0
2026-08-05 10:03:00,ONFO,,0.07530000060796738,0.07530000060796738,0.0746999979019165,0.0746999979019165,393331.0
2026-08-05 10:03:00,OPAL,,2.3450000286102295,2.359999895095825,2.3450000286102295,2.3550000190734863,1269.0
2026-08-05 10:03:00,OPCH,,23.4950008392334,23.510000228881836,23.479999542236328,23.479999542236328,7000.0
2026-08-05 10:03:00,OPEN,,3.765000104904175,3.7699999809265137,3.759999990463257,3.7699999809265137,56214.0
2026-08-05 10:03:00,OPHC,,8.789999961853027,8.789999961853027,8.789999961853027,8.789999961853027,6175.0
2026-08-05 10:03:00,OPK,,1.3113000392913818,1.315000057220459,1.2999999523162842,1.2999999523162842,22339.0
2026-08-05 10:03:00,ORIC,,13.40999984741211,13.425000190734863,13.379899978637695,13.379899978637695,7130.0
2026-08-05 10:03:00,ORLY,,93.97000122070312,93.97250366210938,93.8552017211914,93.94000244140625,26394.0
2026-08-05 10:03:00,OSBC,,25.850000381469727,25.850000381469727,25.850000381469727,25.850000381469727,604.0
2026-08-05 10:03:00,OSPN,,16.770000457763672,16.770000457763672,16.770000457763672,16.770000457763672,857.0
2026-08-05 10:03:00,OSS,,13.710000038146973,13.72599983215332,13.680000305175781,13.72599983215332,1973.0
2026-08-05 10:03:00,OTEX,,26.049999237060547,26.049999237060547,26.0,26.0,3840.0
2026-08-05 10:03:00,OTLK,,1.0098999738693237,1.0099999904632568,1.0049999952316284,1.0099999904632568,1417.0
2026-08-05 10:03:00,OTLY,,14.229999542236328,14.229999542236328,14.229999542236328,14.229999542236328,505.0
2026-08-05 10:03:00,OTTR,,92.3301010131836,92.3301010131836,92.3301010131836,92.3301010131836,285.0
2026-08-05 10:03:00,OVID,,2.5850000381469727,2.5850000381469727,2.5799999237060547,2.5840001106262207,1581.0
2026-08-05 10:03:00,OXLC,,9.140000343322754,9.140000343322754,9.140000343322754,9.140000343322754,170.0
2026-08-05 10:03:00,OXSQ,,1.4800000190734863,1.4876999855041504,1.4800000190734863,1.4876999855041504,1770.0
2026-08-05 10:03:00,PAA,,23.34000015258789,23.3700008392334,23.34000015258789,23.350000381469727,7313.0
2026-08-05 10:03:00,PAAS,,47.63999938964844,47.66999816894531,47.560001373291016,47.60499954223633,15439.0
2026-08-05 10:03:00,PACB,,1.4450000524520874,1.4450000524520874,1.4450000524520874,1.4450000524520874,6747.0
2026-08-05 10:03:00,PAGP,,25.260000228881836,25.28499984741211,25.260000228881836,25.274999618530273,2361.0
2026-08-05 10:03:00,PALI,,2.1050000190734863,2.1050000190734863,2.0999999046325684,2.0999999046325684,2574.0
2026-08-05 10:03:00,PANL,,7.380000114440918,7.380000114440918,7.369999885559082,7.369999885559082,1959.0
2026-08-05 10:03:00,PANW,,368.1000061035156,368.29998779296875,367.92999267578125,367.989990234375,7815.0
2026-08-05 10:03:00,PAX,,11.460000038146973,11.460000038146973,11.460000038146973,11.460000038146973,1992.0
2026-08-05 10:03:00,PAYO,,7.125,7.130000114440918,7.125,7.130000114440918,2470.0
2026-08-05 10:03:00,PAYX,,118.01499938964844,118.01499938964844,117.88999938964844,117.93000030517578,3831.0
2026-08-05 10:03:00,PCAR,,136.25999450683594,136.2899932861328,136.15499877929688,136.2899932861328,3914.0
2026-08-05 10:03:00,PCRX,,26.0,26.0,26.0,26.0,932.0
2026-08-05 10:03:00,PCT,,6.894999980926514,6.919899940490723,6.894999980926514,6.90500020980835,8525.0
2026-08-05 10:03:00,PCTY,,145.89999389648438,146.02000427246094,145.30999755859375,146.02000427246094,2869.0
2026-08-05 10:03:00,PDD,,91.96499633789062,91.96499633789062,91.77999877929688,91.80500030517578,59605.0
2026-08-05 10:03:00,PEBK,,43.48500061035156,43.48500061035156,43.400001525878906,43.41999816894531,537.0
2026-08-05 10:03:00,PECO,,41.400001525878906,41.400001525878906,41.400001525878906,41.400001525878906,546.0
2026-08-05 10:03:00,PEGA,,31.485000610351562,31.524999618530273,31.434999465942383,31.5,3902.0
2026-08-05 10:03:00,PENN,,20.020000457763672,20.020000457763672,19.975000381469727,19.975000381469727,4080.0
2026-08-05 10:03:00,PEP,,138.90499877929688,138.9149932861328,138.8000030517578,138.8800048828125,14239.0
2026-08-05 10:03:00,PEPG,,1.909999966621399,1.909999966621399,1.909999966621399,1.909999966621399,2598.0
2026-08-05 10:03:00,PERI,,9.645000457763672,9.645000457763672,9.609999656677246,9.609999656677246,1058.0
2026-08-05 10:03:00,PFG,,115.88999938964844,115.88999938964844,115.77999877929688,115.77999877929688,1872.0
2026-08-05 10:03:00,PGEN,,7.010000228881836,7.09499979019165,7.0,7.079999923706055,65458.0
2026-08-05 10:03:00,PGNY,,31.350000381469727,31.350000381469727,31.329999923706055,31.329999923706055,1536.0
2026-08-05 10:03:00,PGY,,21.54520034790039,21.54520034790039,21.540000915527344,21.545000076293945,1868.0
2026-08-05 10:03:00,PHAT,,8.699999809265137,8.699999809265137,8.635000228881836,8.649999618530273,6015.0
2026-08-05 10:03:00,PLAB,,32.345001220703125,32.345001220703125,32.345001220703125,32.345001220703125,785.0
2026-08-05 10:03:00,PLMR,,138.49000549316406,138.5,138.47999572753906,138.47999572753906,1584.0
2026-08-05 10:03:00,PLSE,,37.2400016784668,37.279998779296875,37.22999954223633,37.22999954223633,424.0
2026-08-05 10:03:00,PLTK,,3.990000009536743,3.990000009536743,3.984999895095825,3.984999895095825,479.0
2026-08-05 10:03:00,PLUG,,2.0899999141693115,2.0999999046325684,2.0899999141693115,2.0950000286102295,65658.0
2026-08-05 10:03:00,PNFP,,108.36000061035156,108.36000061035156,108.22000122070312,108.22000122070312,1258.0
2026-08-05 10:03:00,PNTG,,38.5,38.529998779296875,38.04999923706055,38.04999923706055,30689.0
2026-08-05 10:03:00,POET,,8.345000267028809,8.36989974975586,8.335000038146973,8.354999542236328,62513.0
2026-08-05 10:03:00,POOL,,203.6999969482422,203.8000030517578,203.22000122070312,203.4499969482422,2525.0
2026-08-05 10:03:00,POWI,,62.75,63.345001220703125,62.75,63.345001220703125,353.0
2026-08-05 10:03:00,POWL,,211.43499755859375,211.8300018310547,211.27999877929688,211.77499389648438,2291.0
2026-08-05 10:03:00,PPC,,26.924999237060547,26.924999237060547,26.924999237060547,26.924999237060547,419.0
2026-08-05 10:03:00,PPTA,,22.260000228881836,22.260000228881836,22.184999465942383,22.184999465942383,6755.0
2026-08-05 10:03:00,PRCH,,16.170000076293945,16.219999313354492,16.139999389648438,16.139999389648438,8026.0
2026-08-05 10:03:00,PRCT,,18.389999389648438,18.6200008392334,18.3700008392334,18.459999084472656,34784.0
2026-08-05 10:03:00,PRE,,18.0,18.0,18.0,18.0,100.0
2026-08-05 10:03:00,PRGS,,41.685001373291016,41.685001373291016,41.685001373291016,41.685001373291016,809.0
2026-08-05 10:03:00,PRIM,,87.48999786376953,88.41000366210938,87.48999786376953,88.41000366210938,2155.0
2026-08-05 10:03:00,PRME,,2.984999895095825,2.9897000789642334,2.9700000286102295,2.9700000286102295,26490.0
2026-08-05 10:03:00,PRQR,,1.8899999856948853,1.8899999856948853,1.875,1.875,18896.0
2026-08-05 10:03:00,PRTA,,8.612500190734863,8.612500190734863,8.579999923706055,8.579999923706055,4423.0
2026-08-05 10:03:00,PRVA,,23.84000015258789,23.84000015258789,23.809999465942383,23.809999465942383,1179.0
2026-08-05 10:03:00,PSEC,,2.2100000381469727,2.2100000381469727,2.200000047683716,2.2100000381469727,14353.0
2026-08-05 10:03:00,PSNL,,13.619000434875488,13.640000343322754,13.609999656677246,13.619999885559082,20467.0
2026-08-05 10:03:00,PTC,,142.25,142.25,141.5800018310547,141.5800018310547,12844.0
2026-08-05 10:03:00,PTCT,,69.5199966430664,69.5199966430664,69.5199966430664,69.5199966430664,217.0
2026-08-05 10:03:00,PTEN,,9.9399995803833,10.0,9.930000305175781,10.0,13793.0
2026-08-05 10:03:00,PTLO,,4.570000171661377,4.570000171661377,4.545000076293945,4.545000076293945,3826.0
2026-08-05 10:03:00,PTON,,6.550000190734863,6.550000190734863,6.534999847412109,6.534999847412109,10472.0
2026-08-05 10:03:00,PUBM,,13.680000305175781,13.699999809265137,13.680000305175781,13.699999809265137,2749.0
2026-08-05 10:03:00,PWP,,17.270000457763672,17.270000457763672,17.219999313354492,17.219999313354492,2693.0
2026-08-05 10:03:00,PYPD,,4.460000038146973,4.460000038146973,4.454999923706055,4.454999923706055,500.0
2026-08-05 10:03:00,PYPL,,58.75,58.7599983215332,58.689998626708984,58.709999084472656,22101.0
2026-08-05 10:03:00,PZZA,,30.68829917907715,30.700000762939453,30.670000076293945,30.670000076293945,1346.0
2026-08-05 10:03:00,QCOM,,160.80999755859375,160.88999938964844,160.5800018310547,160.76519775390625,27532.0
2026-08-05 10:03:00,QCRH,,104.7925033569336,105.06999969482422,104.7925033569336,105.05999755859375,529.0
2026-08-05 10:03:00,QFIN,,13.34000015258789,13.34000015258789,13.3100004196167,13.3100004196167,8122.0
2026-08-05 10:03:00,QQQX,,30.725000381469727,30.725000381469727,30.68000030517578,30.68000030517578,1573.0
2026-08-05 10:03:00,QRVO,,95.44999694824219,95.5199966430664,95.3499984741211,95.5199966430664,1991.0
2026-08-05 10:03:00,SEED,,0.9070000052452087,0.9150000214576721,0.9025999903678894,0.9150000214576721,1714.0
2026-08-05 10:03:00,STIM,,2.315000057220459,2.315000057220459,2.315000057220459,2.315000057220459,320.0
2026-08-05 10:03:00,WOOF,,2.9749999046325684,2.9749999046325684,2.9700000286102295,2.9749999046325684,2918.0
2026-08-05 10:04:00,ACDC,,4.204999923706055,4.21999979019165,4.199999809265137,4.199999809265137,4698.0
2026-08-05 10:04:00,BPRN,,41.663299560546875,41.663299560546875,41.663299560546875,41.663299560546875,352.0
2026-08-05 10:04:00,EYE,,23.3700008392334,23.395000457763672,23.3700008392334,23.395000457763672,2565.0
2026-08-05 10:04:00,GLUE,,16.18000030517578,16.225000381469727,16.18000030517578,16.225000381469727,1579.0
2026-08-05 10:04:00,LUNG,,1.8890000581741333,1.8899999856948853,1.8890000581741333,1.8899999856948853,1656.0
2026-08-05 10:04:00,MDB,,376.8900146484375,377.010009765625,376.07000732421875,376.8900146484375,1461.0
2026-08-05 10:04:00,MDLZ,,61.88999938964844,61.970001220703125,61.8849983215332,61.900001525878906,17548.0
2026-08-05 10:04:00,MLTX,,17.979999542236328,17.979999542236328,17.979999542236328,17.979999542236328,331.0
2026-08-05 10:04:00,MNRO,,13.25,13.305000305175781,13.25,13.270000457763672,2100.0
2026-08-05 10:04:00,MNST,,94.81999969482422,94.86000061035156,94.79499816894531,94.80999755859375,7705.0
2026-08-05 10:04:00,MNTS,,4.420000076293945,4.429999828338623,4.420000076293945,4.429999828338623,6412.0
2026-08-05 10:04:00,MODD,,2.059999942779541,2.059999942779541,2.059999942779541,2.059999942779541,2778.0
2026-08-05 10:04:00,MORN,,201.8000030517578,201.8000030517578,201.8000030517578,201.8000030517578,1451.0
2026-08-05 10:04:00,MOVE,,12.0,12.0,11.880200386047363,11.949999809265137,567.0
2026-08-05 10:04:00,MPAA,,13.850000381469727,13.850000381469727,13.850000381469727,13.850000381469727,523.0
2026-08-05 10:04:00,MPWR,,1329.989990234375,1334.4000244140625,1325.02001953125,1333.93994140625,1592.0
2026-08-05 10:04:00,MRNA,,58.5,58.560001373291016,58.439998626708984,58.5099983215332,7649.0
2026-08-05 10:04:00,MYGN,,3.1549999713897705,3.1549999713897705,3.1549999713897705,3.1549999713897705,7578.0
2026-08-05 10:04:00,MYRG,,344.2200012207031,344.2200012207031,342.7300109863281,343.70001220703125,299.0
2026-08-05 10:04:00,NAMS,,26.8799991607666,26.934999465942383,26.8799991607666,26.934999465942383,1987.0
2026-08-05 10:04:00,NAUT,,0.9925000071525574,0.9925000071525574,0.9850999712944031,0.9901000261306763,2810.0
2026-08-05 10:04:00,NAVI,,9.0649995803833,9.100000381469727,9.0649995803833,9.100000381469727,6863.0
2026-08-05 10:04:00,NB,,5.11899995803833,5.130000114440918,5.110000133514404,5.125,5370.0
2026-08-05 10:04:00,NBIX,,164.74000549316406,164.92999267578125,164.60000610351562,164.6999969482422,10044.0
2026-08-05 10:04:00,NCMI,,4.110000133514404,4.110000133514404,4.110000133514404,4.110000133514404,433.0
2026-08-05 10:04:00,NDAQ,,94.91999816894531,94.9800033569336,94.88999938964844,94.88999938964844,5350.0
2026-08-05 10:04:00,NEOG,,11.680000305175781,11.699999809265137,11.680000305175781,11.699999809265137,4291.0
2026-08-05 10:04:00,NEOV,,2.9000000953674316,2.9100000858306885,2.890000104904175,2.9049999713897705,40448.0
2026-08-05 10:04:00,NESR,,28.93000030517578,28.93000030517578,28.809999465942383,28.809999465942383,16990.0
2026-08-05 10:04:00,NEXT,,6.4770002365112305,6.4770002365112305,6.460000038146973,6.460000038146973,3021.0
2026-08-05 10:04:00,NFLX,,74.13500213623047,74.19000244140625,74.06999969482422,74.12989807128906,79734.0
2026-08-05 10:04:00,NICE,,95.95050048828125,95.95050048828125,95.95050048828125,95.95050048828125,760.0
2026-08-05 10:04:00,NKTX,,2.200000047683716,2.200000047683716,2.194999933242798,2.194999933242798,3633.0
2026-08-05 10:04:00,NMFC,,7.360000133514404,7.364999771118164,7.360000133514404,7.364999771118164,920.0
2026-08-05 10:04:00,NMRA,,1.5700000524520874,1.5700000524520874,1.559999942779541,1.559999942779541,648.0
2026-08-05 10:04:00,NMRK,,15.670000076293945,15.670000076293945,15.670000076293945,15.670000076293945,1542.0
2026-08-05 10:04:00,NN,,14.274999618530273,14.319999694824219,14.270000457763672,14.270000457763672,1154.0
2026-08-05 10:04:00,NNBR,,3.9149999618530273,3.9149999618530273,3.859999895095825,3.869999885559082,19958.0
2026-08-05 10:04:00,NNDM,,1.5499999523162842,1.5549999475479126,1.5499999523162842,1.5549999475479126,3070.0
2026-08-05 10:04:00,NNOX,,1.0099999904632568,1.0199999809265137,1.0049999952316284,1.0199999809265137,35986.0
2026-08-05 10:04:00,NPCE,,13.875,13.875,13.875,13.875,196.0
2026-08-05 10:04:00,NRDS,,9.149999618530273,9.149999618530273,9.149999618530273,9.149999618530273,300.0
2026-08-05 10:04:00,NRIX,,25.07659912109375,25.07659912109375,25.07659912109375,25.07659912109375,135.0
2026-08-05 10:04:00,NSSC,,40.25,40.25,40.25,40.25,230.0
2026-08-05 10:04:00,NTAP,,190.41000366210938,190.48989868164062,190.1300048828125,190.1300048828125,3502.0
2026-08-05 10:04:00,NTES,,127.98500061035156,128.0,127.94999694824219,127.97000122070312,1876.0
2026-08-05 10:04:00,NTNX,,60.810001373291016,60.869998931884766,60.70009994506836,60.78499984741211,6614.0
2026-08-05 10:04:00,NTRA,,277.260009765625,277.260009765625,277.260009765625,277.260009765625,1610.0
2026-08-05 10:04:00,NTRS,,185.56500244140625,185.56500244140625,185.5449981689453,185.5500030517578,1892.0
2026-08-05 10:04:00,NTRSO,,18.455299377441406,18.455299377441406,18.455299377441406,18.455299377441406,139.0
2026-08-05 10:04:00,NUWE,,1.784999966621399,1.784999966621399,1.7699999809265137,1.7699999809265137,2775.0
2026-08-05 10:04:00,NVAX,,7.695000171661377,7.699999809265137,7.690000057220459,7.699999809265137,1434.0
2026-08-05 10:04:00,NVCR,,16.010000228881836,16.010000228881836,16.010000228881836,16.010000228881836,2058.0
2026-08-05 10:04:00,NVDA,,220.85000610351562,221.22999572753906,220.3800048828125,221.14500427246094,583662.0
2026-08-05 10:04:00,NVMI,,411.0899963378906,412.5249938964844,410.0199890136719,412.5249938964844,1900.0
2026-08-05 10:04:00,NVTS,,12.704999923706055,12.733400344848633,12.65999984741211,12.710000038146973,37913.0
2026-08-05 10:04:00,NWBI,,16.0,16.010000228881836,16.0,16.010000228881836,831.0
2026-08-05 10:04:00,NWE,,69.27999877929688,69.27999877929688,69.18000030517578,69.18000030517578,1193.0
2026-08-05 10:04:00,NWL,,6.005000114440918,6.010000228881836,6.0,6.010000228881836,59426.0
2026-08-05 10:04:00,NWS,,32.380001068115234,32.39500045776367,32.36000061035156,32.380001068115234,4281.0
2026-08-05 10:04:00,NWSA,,28.260000228881836,28.264999389648438,28.229999542236328,28.239999771118164,9266.0
2026-08-05 10:04:00,NXPI,,233.66000366210938,234.30499267578125,233.49000549316406,234.27499389648438,7612.0
2026-08-05 10:04:00,NXST,,194.82000732421875,194.9949951171875,194.82000732421875,194.9949951171875,990.0
2026-08-05 10:04:00,NXT,,98.77999877929688,99.05000305175781,98.25,98.44999694824219,22129.0
2026-08-05 10:04:00,NXTC,,5.550000190734863,5.550000190734863,5.440000057220459,5.440000057220459,372.0
2026-08-05 10:04:00,OCFC,,19.84000015258789,19.84000015258789,19.84000015258789,19.84000015258789,1508.0
2026-08-05 10:04:00,OCGN,,1.2999999523162842,1.309999942779541,1.2999999523162842,1.2999999523162842,1272.0
2026-08-05 10:04:00,OCSL,,12.100000381469727,12.100000381469727,12.09000015258789,12.100000381469727,3091.0
2026-08-05 10:04:00,OCUL,,8.734999656677246,8.734999656677246,8.725000381469727,8.734999656677246,12466.0
2026-08-05 10:04:00,ODD,,15.345000267028809,15.345000267028809,15.345000267028809,15.345000267028809,642.0
2026-08-05 10:04:00,ODFL,,219.17999267578125,219.72999572753906,219.17999267578125,219.72999572753906,2537.0
2026-08-05 10:04:00,OESX,,16.3799991607666,16.399999618530273,16.072900772094727,16.23699951171875,3027.0
2026-08-05 10:04:00,OFIX,,10.645000457763672,10.645000457763672,10.645000457763672,10.645000457763672,1111.0
2026-08-05 10:04:00,OKTA,,148.5850067138672,148.5850067138672,147.8800048828125,148.42999267578125,2002.0
2026-08-05 10:04:00,OLLI,,77.8499984741211,78.08000183105469,77.83000183105469,77.99500274658203,4675.0
2026-08-05 10:04:00,OLMA,,11.739999771118164,11.739999771118164,11.729999542236328,11.729999542236328,528.0
2026-08-05 10:04:00,OMCL,,36.75,36.75,36.75,36.75,224.0
2026-08-05 10:04:00,OMER,,12.859999656677246,12.859999656677246,12.789999961853027,12.789999961853027,5998.0
2026-08-05 10:04:00,OMH,,0.11069999635219574,0.11069999635219574,0.1096000000834465,0.10970000177621841,29034.0
2026-08-05 10:04:00,ON,,78.94000244140625,78.94000244140625,78.55010223388672,78.87000274658203,34038.0
2026-08-05 10:04:00,ONB,,27.149999618530273,27.18000030517578,27.149999618530273,27.18000030517578,2218.0
2026-08-05 10:04:00,ONCY,,0.7975000143051147,0.7975000143051147,0.7975000143051147,0.7975000143051147,0.0
2026-08-05 10:04:00,ONDS,,8.9350004196167,8.9399995803833,8.89009952545166,8.904999732971191,142446.0
2026-08-05 10:04:00,ONFO,,0.0763000026345253,0.07680000364780426,0.07530000060796738,0.07530000060796738,178583.0
2026-08-05 10:04:00,ONMD,,0.6959999799728394,0.6970999836921692,0.691100001335144,0.6970999836921692,334.0
2026-08-05 10:04:00,OPCH,,23.420000076293945,23.489999771118164,23.420000076293945,23.489999771118164,5684.0
2026-08-05 10:04:00,OPEN,,3.765000104904175,3.7850000858306885,3.759999990463257,3.759999990463257,304539.0
2026-08-05 10:04:00,OPK,,1.315000057220459,1.315000057220459,1.309999942779541,1.315000057220459,63700.0
2026-08-05 10:04:00,OPRT,,6.110000133514404,6.130000114440918,6.110000133514404,6.130000114440918,806.0
2026-08-05 10:04:00,ORIC,,13.399999618530273,13.414999961853027,13.380000114440918,13.414999961853027,2375.0
2026-08-05 10:04:00,ORLY,,93.80999755859375,93.94999694824219,93.80999755859375,93.94000244140625,27570.0
2026-08-05 10:04:00,OSBC,,25.850000381469727,25.850000381469727,25.850000381469727,25.850000381469727,356.0
2026-08-05 10:04:00,OSIS,,235.4600067138672,235.4600067138672,235.4600067138672,235.4600067138672,465.0
2026-08-05 10:04:00,OSS,,13.78499984741211,13.84000015258789,13.675000190734863,13.710000038146973,21555.0
2026-08-05 10:04:00,OSW,,26.684999465942383,26.684999465942383,26.684999465942383,26.684999465942383,411.0
2026-08-05 10:04:00,OTEX,,26.049999237060547,26.049999237060547,26.03499984741211,26.049999237060547,2383.0
2026-08-05 10:04:00,OTLK,,1.0118000507354736,1.0199999809265137,1.0049999952316284,1.0049999952316284,41223.0
2026-08-05 10:04:00,OTLY,,14.210000038146973,14.210000038146973,14.210000038146973,14.210000038146973,171.0
2026-08-05 10:04:00,OTTR,,92.30000305175781,92.30000305175781,92.30000305175781,92.30000305175781,587.0
2026-08-05 10:04:00,OVID,,2.5840001106262207,2.5840001106262207,2.5840001106262207,2.5840001106262207,326.0
2026-08-05 10:04:00,OXLC,,9.125,9.125,9.125,9.125,1453.0
2026-08-05 10:04:00,OXSQ,,1.4850000143051147,1.4850000143051147,1.4800000190734863,1.4800000190734863,1123.0
2026-08-05 10:04:00,PAA,,23.360000610351562,23.385000228881836,23.334999084472656,23.334999084472656,5078.0
2026-08-05 10:04:00,PAAS,,47.72999954223633,47.72999954223633,47.61000061035156,47.68000030517578,7867.0
2026-08-05 10:04:00,PACB,,1.4450000524520874,1.4450000524520874,1.4420000314712524,1.4420000314712524,7761.0
2026-08-05 10:04:00,PAGP,,25.28499984741211,25.290000915527344,25.264999389648438,25.264999389648438,4660.0
2026-08-05 10:04:00,PALI,,2.1050000190734863,2.1050000190734863,2.1050000190734863,2.1050000190734863,976.0
2026-08-05 10:04:00,PANW,,368.6000061035156,369.19000244140625,368.1050109863281,368.1050109863281,12938.0
2026-08-05 10:04:00,PAYO,,7.125,7.125,7.125,7.125,800.0
2026-08-05 10:04:00,PAYX,,118.16680145263672,118.22000122070312,117.98999786376953,118.08000183105469,6086.0
2026-08-05 10:04:00,PBYI,,7.940000057220459,7.940000057220459,7.940000057220459,7.940000057220459,110.0
2026-08-05 10:04:00,PCAR,,135.97999572753906,136.1999969482422,135.97999572753906,136.19000244140625,6796.0
2026-08-05 10:04:00,PCT,,6.960000038146973,6.965000152587891,6.90500020980835,6.909999847412109,22676.0
2026-08-05 10:04:00,PCTY,,147.0800018310547,147.2550048828125,145.8800048828125,145.9499969482422,5472.0
2026-08-05 10:04:00,PDD,,91.8499984741211,92.05000305175781,91.72000122070312,91.97000122070312,97568.0
2026-08-05 10:04:00,PDFS,,50.41999816894531,50.41999816894531,50.41999816894531,50.41999816894531,727.0
2026-08-05 10:04:00,PDSB,,0.7200000286102295,0.7310000061988831,0.7200000286102295,0.7310000061988831,6208.0
2026-08-05 10:04:00,PEBK,,43.34000015258789,43.34000015258789,43.34000015258789,43.34000015258789,405.0
2026-08-05 10:04:00,PECO,,41.375,41.375,41.375,41.375,1321.0
2026-08-05 10:04:00,PEGA,,31.600000381469727,31.600000381469727,31.489999771118164,31.5,2309.0
2026-08-05 10:04:00,PENN,,20.030000686645508,20.03499984741211,20.030000686645508,20.03499984741211,1442.0
2026-08-05 10:04:00,PEP,,138.75999450683594,138.89999389648438,138.75999450683594,138.85499572753906,9351.0
2026-08-05 10:04:00,PEPG,,1.9101999998092651,1.9149999618530273,1.9101999998092651,1.9149999618530273,3908.0
2026-08-05 10:04:00,PERI,,9.630000114440918,9.635000228881836,9.630000114440918,9.635000228881836,516.0
2026-08-05 10:04:00,PESI,,17.510000228881836,17.55500030517578,17.5,17.55500030517578,1938.0
2026-08-05 10:04:00,PFG,,115.88500213623047,115.88500213623047,115.86000061035156,115.86000061035156,797.0
2026-08-05 10:04:00,PGEN,,7.090000152587891,7.099999904632568,7.019999980926514,7.019999980926514,64077.0
2026-08-05 10:04:00,PGNY,,31.360000610351562,31.360000610351562,31.360000610351562,31.360000610351562,511.0
2026-08-05 10:04:00,PGY,,21.540000915527344,21.59000015258789,21.540000915527344,21.555599212646484,6727.0
2026-08-05 10:04:00,PLAB,,32.2400016784668,32.2400016784668,32.18000030517578,32.219398498535156,1375.0
2026-08-05 10:04:00,PLMR,,137.9949951171875,138.10000610351562,137.9949951171875,138.10000610351562,620.0
2026-08-05 10:04:00,PLSE,,37.525001525878906,37.525001525878906,37.525001525878906,37.525001525878906,375.0
2026-08-05 10:04:00,PLTK,,3.984999895095825,3.984999895095825,3.984999895095825,3.984999895095825,316.0
2026-08-05 10:04:00,PLUG,,2.0999999046325684,2.0999999046325684,2.0899999141693115,2.0999999046325684,126891.0
2026-08-05 10:04:00,PNFP,,108.12000274658203,108.3499984741211,108.08000183105469,108.22000122070312,1986.0
2026-08-05 10:04:00,PNTG,,38.56999969482422,38.56999969482422,38.56999969482422,38.56999969482422,217.0
2026-08-05 10:04:00,POET,,8.359999656677246,8.369999885559082,8.3149995803833,8.34000015258789,34877.0
2026-08-05 10:04:00,POOL,,203.57000732421875,204.0,203.57000732421875,203.97000122070312,1767.0
2026-08-05 10:04:00,POWI,,62.755001068115234,63.16999816894531,62.755001068115234,63.16999816894531,282.0
2026-08-05 10:04:00,POWL,,212.6699981689453,212.6699981689453,211.38250732421875,211.43499755859375,3979.0
2026-08-05 10:04:00,PPC,,26.850000381469727,26.950000762939453,26.850000381469727,26.90999984741211,6449.0
2026-08-05 10:04:00,PPTA,,22.329999923706055,22.34000015258789,22.289899826049805,22.289899826049805,4181.0
2026-08-05 10:04:00,PRCH,,16.170000076293945,16.184999465942383,16.170000076293945,16.174999237060547,4378.0
2026-08-05 10:04:00,PRCT,,18.325000762939453,18.325000762939453,18.219999313354492,18.2450008392334,3367.0
2026-08-05 10:04:00,PRIM,,87.6624984741211,87.91500091552734,87.44999694824219,87.91500091552734,5370.0
2026-08-05 10:04:00,PRME,,2.9800000190734863,2.984999895095825,2.9800000190734863,2.9800000190734863,2721.0
2026-08-05 10:04:00,PRQR,,1.8849999904632568,1.8849999904632568,1.8799999952316284,1.8799999952316284,2823.0
2026-08-05 10:04:00,PRTA,,8.619999885559082,8.619999885559082,8.619999885559082,8.619999885559082,512.0
2026-08-05 10:04:00,PRVA,,23.829999923706055,23.829999923706055,23.829999923706055,23.829999923706055,614.0
2026-08-05 10:04:00,PRZO,,0.5467000007629395,0.5468000173568726,0.5467000007629395,0.5468000173568726,429.0
2026-08-05 10:04:00,PSEC,,2.2051000595092773,2.2051000595092773,2.2051000595092773,2.2051000595092773,1949.0
2026-08-05 10:04:00,PSMT,,193.91000366210938,194.1300048828125,193.91000366210938,194.11000061035156,2466.0
2026-08-05 10:04:00,PSNL,,13.574999809265137,13.574999809265137,13.555000305175781,13.555000305175781,769.0
2026-08-05 10:04:00,PTC,,142.27999877929688,142.27999877929688,141.9199981689453,141.97999572753906,4930.0
2026-08-05 10:04:00,PTCT,,69.5,69.51000213623047,69.5,69.51000213623047,2360.0
2026-08-05 10:04:00,PTEN,,9.954999923706055,9.960000038146973,9.925000190734863,9.925000190734863,10124.0
2026-08-05 10:04:00,PTLO,,4.565000057220459,4.565000057220459,4.565000057220459,4.565000057220459,1028.0
2026-08-05 10:04:00,PTON,,6.545000076293945,6.554999828338623,6.545000076293945,6.554999828338623,5314.0
2026-08-05 10:04:00,PUBM,,13.680000305175781,13.680000305175781,13.680000305175781,13.680000305175781,1321.0
2026-08-05 10:04:00,PWP,,17.28499984741211,17.28499984741211,17.28499984741211,17.28499984741211,265.0
2026-08-05 10:04:00,PYPD,,4.449999809265137,4.454999923706055,4.449999809265137,4.454999923706055,200.0
2026-08-05 10:04:00,PYPL,,58.7400016784668,58.75,58.720001220703125,58.7400016784668,13817.0
2026-08-05 10:04:00,PYXS,,3.259999990463257,3.2699999809265137,3.259999990463257,3.2699999809265137,1606.0
2026-08-05 10:04:00,PZZA,,30.700000762939453,30.700000762939453,30.700000762939453,30.700000762939453,1937.0
2026-08-05 10:04:00,QCOM,,160.49000549316406,160.86000061035156,160.3350067138672,160.80999755859375,29283.0
2026-08-05 10:04:00,QCRH,,104.97000122070312,105.00499725341797,104.97000122070312,105.00499725341797,687.0
2026-08-05 10:04:00,QRVO,,95.41999816894531,95.41999816894531,95.41999816894531,95.41999816894531,253.0
2026-08-05 10:04:00,SEED,,0.9072999954223633,0.9200000166893005,0.9025999903678894,0.9047999978065491,3155.0
2026-08-05 10:04:00,STIM,,2.309999942779541,2.319999933242798,2.309999942779541,2.319999933242798,313.0
2026-08-05 10:04:00,TARA,,4.110000133514404,4.110000133514404,4.110000133514404,4.110000133514404,605.0
2026-08-05 10:04:00,WOOF,,2.9649999141693115,2.9700000286102295,2.9649999141693115,2.9700000286102295,9819.0
2026-08-05 10:05:00,ACDC,,4.239999771118164,4.269999980926514,4.210000038146973,4.210000038146973,27841.0
2026-08-05 10:05:00,BPRN,,40.93149948120117,40.93149948120117,40.93149948120117,40.93149948120117,76.0
2026-08-05 10:05:00,CPOP,,0.36399999260902405,0.36399999260902405,0.36399999260902405,0.36399999260902405,200.0
2026-08-05 10:05:00,DTIL,,7.480000019073486,7.480000019073486,7.480000019073486,7.480000019073486,1364.0
2026-08-05 10:05:00,EYE,,23.34000015258789,23.3799991607666,23.309999465942383,23.329999923706055,2682.0
2026-08-05 10:05:00,GLUE,,16.165000915527344,16.200000762939453,16.15999984741211,16.190000534057617,7893.0
2026-08-05 10:05:00,KIDS,,21.760000228881836,21.760000228881836,21.760000228881836,21.760000228881836,665.0
2026-08-05 10:05:00,KITT,,1.0693999528884888,1.0693999528884888,1.0693999528884888,1.0693999528884888,715.0
2026-08-05 10:05:00,LUNG,,1.8700000047683716,1.8799999952316284,1.8700000047683716,1.8799999952316284,5354.0
2026-08-05 10:05:00,MCRI,,125.31999969482422,125.31999969482422,125.31999969482422,125.31999969482422,3513.0
2026-08-05 10:05:00,MDB,,378.7300109863281,379.364990234375,377.1700134277344,377.6400146484375,1855.0
2026-08-05 10:05:00,MDLZ,,61.869998931884766,61.900001525878906,61.849998474121094,61.880001068115234,13741.0
2026-08-05 10:05:00,MLTX,,17.989999771118164,18.079999923706055,17.989999771118164,18.079999923706055,851.0
2026-08-05 10:05:00,MNRO,,13.270000457763672,13.270000457763672,13.270000457763672,13.270000457763672,571.0
2026-08-05 10:05:00,MNST,,94.875,94.875,94.79000091552734,94.82499694824219,5587.0
2026-08-05 10:05:00,MNTS,,4.418900012969971,4.438000202178955,4.401800155639648,4.401800155639648,1491.0
2026-08-05 10:05:00,MODD,,2.0299999713897705,2.059999942779541,2.0299999713897705,2.059999942779541,1597.0
2026-08-05 10:05:00,MORN,,201.7899932861328,201.7899932861328,201.7899932861328,201.7899932861328,543.0
2026-08-05 10:05:00,MOVE,,12.0,12.149999618530273,11.880000114440918,11.880000114440918,1544.0
2026-08-05 10:05:00,MPWR,,1331.469970703125,1335.280029296875,1330.77001953125,1331.469970703125,1281.0
2026-08-05 10:05:00,MRNA,,58.85499954223633,58.97990036010742,58.540000915527344,58.540000915527344,19626.0
2026-08-05 10:05:00,MYGN,,3.1600000858306885,3.1600000858306885,3.1600000858306885,3.1600000858306885,2890.0
2026-08-05 10:05:00,MYRG,,345.4700012207031,345.4700012207031,345.4700012207031,345.4700012207031,138.0
2026-08-05 10:05:00,NAMS,,26.975000381469727,26.975000381469727,26.8700008392334,26.920000076293945,4623.0
2026-08-05 10:05:00,NAVI,,9.050000190734863,9.0600004196167,9.050000190734863,9.0600004196167,842.0
2026-08-05 10:05:00,NB,,5.139999866485596,5.144999980926514,5.119999885559082,5.130000114440918,11220.0
2026-08-05 10:05:00,NCMI,,4.110000133514404,4.110000133514404,4.105000019073486,4.110000133514404,1238.0
2026-08-05 10:05:00,NCRA,,1.8259999752044678,1.8259999752044678,1.8259999752044678,1.8259999752044678,3091.0
2026-08-05 10:05:00,NDAQ,,95.01000213623047,95.01000213623047,94.93000030517578,94.93000030517578,2751.0
2026-08-05 10:05:00,NDSN,,311.4949951171875,311.4949951171875,311.4949951171875,311.4949951171875,853.0
2026-08-05 10:05:00,NEGG,,15.859999656677246,15.859999656677246,15.859999656677246,15.859999656677246,281.0
2026-08-05 10:05:00,NEO,,16.18000030517578,16.18000030517578,16.170000076293945,16.170000076293945,1483.0
2026-08-05 10:05:00,NEOG,,11.680000305175781,11.680000305175781,11.675000190734863,11.680000305175781,5598.0
2026-08-05 10:05:00,NEOV,,2.9100000858306885,2.9100000858306885,2.9100000858306885,2.9100000858306885,4360.0
2026-08-05 10:05:00,NESR,,28.84000015258789,28.864999771118164,28.84000015258789,28.864999771118164,375.0
2026-08-05 10:05:00,NEXT,,6.429999828338623,6.460000038146973,6.429999828338623,6.460000038146973,10620.0
2026-08-05 10:05:00,NFE,,0.3337000012397766,0.3337000012397766,0.3337000012397766,0.3337000012397766,2260.0
2026-08-05 10:05:00,NFLX,,74.125,74.22000122070312,74.0999984741211,74.13500213623047,69107.0
2026-08-05 10:05:00,NGNE,,35.349998474121094,35.349998474121094,35.349998474121094,35.349998474121094,281.0
2026-08-05 10:05:00,NICE,,96.04000091552734,96.0895004272461,95.8949966430664,95.94999694824219,1835.0
2026-08-05 10:05:00,NKTR,,73.55999755859375,73.55999755859375,73.40499877929688,73.52999877929688,2131.0
2026-08-05 10:05:00,NKTX,,2.2100000381469727,2.2100000381469727,2.2100000381469727,2.2100000381469727,1313.0
2026-08-05 10:05:00,NMIH,,44.52000045776367,44.529998779296875,44.52000045776367,44.529998779296875,1226.0
2026-08-05 10:05:00,NMTC,,1.7599999904632568,1.7599999904632568,1.7599999904632568,1.7599999904632568,521.0
2026-08-05 10:05:00,NN,,14.350000381469727,14.359999656677246,14.289999961853027,14.289999961853027,4727.0
2026-08-05 10:05:00,NNBR,,3.930000066757202,3.930000066757202,3.9200000762939453,3.924999952316284,2115.0
2026-08-05 10:05:00,NNDM,,1.5549999475479126,1.559999942779541,1.5549999475479126,1.5549999475479126,7917.0
2026-08-05 10:05:00,NNOX,,1.0199999809265137,1.0199999809265137,1.0049999952316284,1.0049999952316284,12961.0
2026-08-05 10:05:00,NPCE,,13.850000381469727,13.850000381469727,13.850000381469727,13.850000381469727,206.0
2026-08-05 10:05:00,NRDS,,9.164999961853027,9.164999961853027,9.130000114440918,9.145000457763672,3886.0
2026-08-05 10:05:00,NRIX,,25.1200008392334,25.149999618530273,25.079999923706055,25.079999923706055,834.0
2026-08-05 10:05:00,NRXP,,3.0799999237060547,3.0799999237060547,3.071000099182129,3.0799999237060547,1724.0
2026-08-05 10:05:00,NSSC,,40.2599983215332,40.2599983215332,40.2599983215332,40.2599983215332,326.0
2026-08-05 10:05:00,NTAP,,191.14500427246094,191.50999450683594,190.72000122070312,190.74000549316406,2602.0
2026-08-05 10:05:00,NTCT,,41.73500061035156,41.73500061035156,41.73500061035156,41.73500061035156,264.0
2026-08-05 10:05:00,NTES,,128.19500732421875,128.1999969482422,128.0399932861328,128.0399932861328,3824.0
2026-08-05 10:05:00,NTGR,,24.049999237060547,24.049999237060547,24.049999237060547,24.049999237060547,223.0
2026-08-05 10:05:00,NTNX,,60.95000076293945,61.040000915527344,60.82500076293945,60.82500076293945,4331.0
2026-08-05 10:05:00,NTRS,,185.6699981689453,185.86000061035156,185.66000366210938,185.6699981689453,3918.0
2026-08-05 10:05:00,NUWE,,1.7699999809265137,1.7699999809265137,1.7619999647140503,1.7619999647140503,539.0
2026-08-05 10:05:00,NVAX,,7.704999923706055,7.710000038146973,7.699999809265137,7.699999809265137,9029.0
2026-08-05 10:05:00,NVCT,,20.125,20.125,20.0,20.0,2586.0
2026-08-05 10:05:00,NVDA,,221.25,221.52000427246094,220.72000122070312,220.86000061035156,785385.0
2026-08-05 10:05:00,NVMI,,412.875,413.114990234375,411.44000244140625,411.44000244140625,655.0
2026-08-05 10:05:00,NVTS,,12.760000228881836,12.8100004196167,12.734999656677246,12.734999656677246,30944.0
2026-08-05 10:05:00,NVX,,0.4052000045776367,0.4072999954223633,0.4052000045776367,0.4072999954223633,3613.0
2026-08-05 10:05:00,NWBI,,16.010000228881836,16.010000228881836,16.0049991607666,16.0049991607666,1451.0
2026-08-05 10:05:00,NWE,,69.30999755859375,69.31999969482422,69.29000091552734,69.30000305175781,6257.0
2026-08-05 10:05:00,NWL,,5.994999885559082,6.005000114440918,5.989999771118164,6.005000114440918,74208.0
2026-08-05 10:05:00,NWS,,32.41999816894531,32.41999816894531,32.3849983215332,32.3849983215332,3741.0
2026-08-05 10:05:00,NWSA,,28.264999389648438,28.280000686645508,28.260000228881836,28.260000228881836,4705.0
2026-08-05 10:05:00,NXPI,,234.33999633789062,234.58999633789062,234.22999572753906,234.39999389648438,6498.0
2026-08-05 10:05:00,NXT,,99.41999816894531,99.44000244140625,98.98999786376953,98.98999786376953,5878.0
2026-08-05 10:05:00,NYXH,,1.434999942779541,1.434999942779541,1.4299999475479126,1.4299999475479126,1811.0
2026-08-05 10:05:00,OCCI,,2.484999895095825,2.484999895095825,2.484999895095825,2.484999895095825,650.0
2026-08-05 10:05:00,OCFC,,19.834999084472656,19.84000015258789,19.834999084472656,19.834999084472656,1732.0
2026-08-05 10:05:00,OCGN,,1.3013999462127686,1.309999942779541,1.2999999523162842,1.309999942779541,4934.0
2026-08-05 10:05:00,OCS,,11.949999809265137,12.09000015258789,11.949999809265137,12.09000015258789,216.0
2026-08-05 10:05:00,OCSL,,12.15999984741211,12.15999984741211,12.104999542236328,12.109999656677246,10829.0
2026-08-05 10:05:00,OCUL,,8.739999771118164,8.739999771118164,8.739999771118164,8.739999771118164,963.0
2026-08-05 10:05:00,ODFL,,219.61000061035156,219.61000061035156,219.30999755859375,219.30999755859375,1230.0
2026-08-05 10:05:00,OESX,,16.3799991607666,16.450000762939453,16.31999969482422,16.329999923706055,1799.0
2026-08-05 10:05:00,OFIX,,10.765000343322754,10.765000343322754,10.699999809265137,10.699999809265137,22249.0
2026-08-05 10:05:00,OGI,,0.9670000076293945,0.9670000076293945,0.9670000076293945,0.9670000076293945,792.0
2026-08-05 10:05:00,OKTA,,148.94500732421875,149.24000549316406,148.88999938964844,148.88999938964844,2987.0
2026-08-05 10:05:00,OLLI,,78.18000030517578,78.19999694824219,77.83999633789062,77.83999633789062,5965.0
2026-08-05 10:05:00,OLMA,,11.765000343322754,11.765000343322754,11.760000228881836,11.760000228881836,1788.0
2026-08-05 10:05:00,OM,,5.059999942779541,5.099999904632568,4.920000076293945,5.059999942779541,11418.0
2026-08-05 10:05:00,OMER,,12.880000114440918,12.880000114440918,12.880000114440918,12.880000114440918,351.0
2026-08-05 10:05:00,OMEX,,0.7444999814033508,0.7444999814033508,0.741599977016449,0.741599977016449,480.0
2026-08-05 10:05:00,OMH,,0.11060000211000443,0.11060000211000443,0.10999999940395355,0.1103999987244606,7372.0
2026-08-05 10:05:00,ON,,78.95999908447266,79.15989685058594,78.88999938964844,78.95999908447266,28554.0
2026-08-05 10:05:00,ONB,,27.170000076293945,27.170000076293945,27.149999618530273,27.149999618530273,3325.0
2026-08-05 10:05:00,ONDS,,8.94320011138916,8.975000381469727,8.925000190734863,8.9350004196167,134017.0
2026-08-05 10:05:00,ONFO,,0.07639999687671661,0.07670000195503235,0.07569999992847443,0.07590000331401825,192159.0
2026-08-05 10:05:00,ONMD,,0.6958000063896179,0.6958000063896179,0.6958000063896179,0.6958000063896179,991.0
2026-08-05 10:05:00,OPCH,,23.43000030517578,23.440000534057617,23.40999984741211,23.43000030517578,8829.0
2026-08-05 10:05:00,OPEN,,3.7701001167297363,3.7799999713897705,3.7646000385284424,3.765000104904175,181378.0
2026-08-05 10:05:00,OPHC,,8.850000381469727,8.880000114440918,8.850000381469727,8.850000381469727,500.0
2026-08-05 10:05:00,OPK,,1.319000005722046,1.319000005722046,1.3100999593734741,1.3100999593734741,4110.0
2026-08-05 10:05:00,OPRA,,20.290000915527344,20.290000915527344,20.270000457763672,20.270000457763672,406.0
2026-08-05 10:05:00,OPRX,,6.776299953460693,6.776299953460693,6.776299953460693,6.776299953460693,3036.0
2026-08-05 10:05:00,ORGO,,2.359999895095825,2.359999895095825,2.358799934387207,2.358799934387207,1387.0
2026-08-05 10:05:00,ORIC,,13.380000114440918,13.420000076293945,13.380000114440918,13.420000076293945,1991.0
2026-08-05 10:05:00,ORLY,,93.8949966430664,93.93499755859375,93.80999755859375,93.8949966430664,18243.0
2026-08-05 10:05:00,ORRF,,43.43000030517578,43.43000030517578,43.43000030517578,43.43000030517578,811.0
2026-08-05 10:05:00,OSBC,,25.8700008392334,25.875,25.8700008392334,25.8700008392334,950.0
2026-08-05 10:05:00,OSIS,,236.14500427246094,236.14500427246094,235.1300048828125,235.1300048828125,643.0
2026-08-05 10:05:00,OSS,,13.803299903869629,13.90999984741211,13.803299903869629,13.84000015258789,9904.0
2026-08-05 10:05:00,OSW,,26.780000686645508,26.780000686645508,26.780000686645508,26.780000686645508,1842.0
2026-08-05 10:05:00,OTEX,,26.06999969482422,26.06999969482422,26.049999237060547,26.049999237060547,1918.0
2026-08-05 10:05:00,OTLK,,1.0199999809265137,1.0199999809265137,1.0149999856948853,1.0149999856948853,1689.0
2026-08-05 10:05:00,OVID,,2.5950000286102295,2.5950000286102295,2.5799999237060547,2.5799999237060547,1906.0
2026-08-05 10:05:00,OXLC,,9.130000114440918,9.130000114440918,9.130000114440918,9.130000114440918,57.0
2026-08-05 10:05:00,OXLCZ,,24.929899215698242,24.929899215698242,24.929899215698242,24.929899215698242,300.0
2026-08-05 10:05:00,OXSQ,,1.4850000143051147,1.4900000095367432,1.4800000190734863,1.4850000143051147,1277.0
2026-08-05 10:05:00,PAA,,23.295000076293945,23.350000381469727,23.295000076293945,23.350000381469727,5384.0
2026-08-05 10:05:00,PAAS,,47.84000015258789,47.869998931884766,47.75,47.75,11326.0
2026-08-05 10:05:00,PAGP,,25.219999313354492,25.219999313354492,25.219999313354492,25.219999313354492,813.0
2026-08-05 10:05:00,PALI,,2.109999895095825,2.109999895095825,2.1050000190734863,2.1050000190734863,5035.0
2026-08-05 10:05:00,PANL,,7.375,7.375,7.375,7.375,253.0
2026-08-05 10:05:00,PANW,,368.6300048828125,369.3949890136719,368.6300048828125,368.8299865722656,12897.0
2026-08-05 10:05:00,PATK,,88.12999725341797,88.12999725341797,88.05999755859375,88.05999755859375,1698.0
2026-08-05 10:05:00,PAVM,,5.178400039672852,5.178400039672852,5.178400039672852,5.178400039672852,155.0
2026-08-05 10:05:00,PAVS,,4.809999942779541,4.809999942779541,4.809999942779541,4.809999942779541,104.0
2026-08-05 10:05:00,PAX,,11.470000267028809,11.470000267028809,11.460000038146973,11.460000038146973,2022.0
2026-08-05 10:05:00,PAYO,,7.130000114440918,7.130000114440918,7.130000114440918,7.130000114440918,634.0
2026-08-05 10:05:00,PAYS,,9.289999961853027,9.289999961853027,9.279999732971191,9.279999732971191,298.0
2026-08-05 10:05:00,PAYX,,118.30999755859375,118.31999969482422,118.08999633789062,118.08999633789062,4981.0
2026-08-05 10:05:00,PBYI,,8.0,8.0,7.96999979019165,7.96999979019165,3210.0
2026-08-05 10:05:00,PCAR,,136.11500549316406,136.2100067138672,136.02000427246094,136.10000610351562,7031.0
2026-08-05 10:05:00,PCRX,,25.989999771118164,26.059999465942383,25.8799991607666,25.8799991607666,4841.0
2026-08-05 10:05:00,PCT,,6.979100227355957,6.985099792480469,6.960000038146973,6.960000038146973,30384.0
2026-08-05 10:05:00,PCTY,,146.0800018310547,147.36000061035156,146.0800018310547,146.4499969482422,3517.0
2026-08-05 10:05:00,PDD,,91.91500091552734,91.92500305175781,91.83999633789062,91.87999725341797,22577.0
2026-08-05 10:05:00,PEBK,,43.625,43.625,43.625,43.625,101.0
2026-08-05 10:05:00,PEGA,,31.579999923706055,31.579999923706055,31.56999969482422,31.56999969482422,618.0
2026-08-05 10:05:00,PENN,,20.020000457763672,20.03499984741211,20.010000228881836,20.010000228881836,3881.0
2026-08-05 10:05:00,PEP,,138.8000030517578,138.80999755859375,138.69000244140625,138.77999877929688,11552.0
2026-08-05 10:05:00,PEPG,,1.909999966621399,1.909999966621399,1.909999966621399,1.909999966621399,809.0
2026-08-05 10:05:00,PERI,,9.649999618530273,9.649999618530273,9.649999618530273,9.649999618530273,419.0
2026-08-05 10:05:00,PESI,,17.600000381469727,17.600000381469727,17.600000381469727,17.600000381469727,444.0
2026-08-05 10:05:00,PGEN,,7.070000171661377,7.09499979019165,7.059999942779541,7.070000171661377,56566.0
2026-08-05 10:05:00,PGNY,,31.364999771118164,31.364999771118164,31.350000381469727,31.360000610351562,2189.0
2026-08-05 10:05:00,PGY,,21.71500015258789,21.739999771118164,21.594999313354492,21.594999313354492,5703.0
2026-08-05 10:05:00,PHAT,,8.71500015258789,8.739999771118164,8.710000038146973,8.710000038146973,5681.0
2026-08-05 10:05:00,PHVS,,33.83000183105469,33.83000183105469,33.83000183105469,33.83000183105469,321.0
2026-08-05 10:05:00,PLAB,,32.29999923706055,32.31999969482422,32.29999923706055,32.31999969482422,564.0
2026-08-05 10:05:00,PLMR,,137.5,137.57000732421875,137.5,137.57000732421875,4209.0
2026-08-05 10:05:00,PLTK,,4.0,4.0,3.984999895095825,3.984999895095825,1541.0
2026-08-05 10:05:00,PLUG,,2.1098999977111816,2.109999895095825,2.0899999141693115,2.0950000286102295,88912.0
2026-08-05 10:05:00,PLXS,,275.1499938964844,275.1499938964844,275.1499938964844,275.1499938964844,291.0
2026-08-05 10:05:00,PNFP,,108.30000305175781,108.30000305175781,108.12000274658203,108.12000274658203,594.0
2026-08-05 10:05:00,PNTG,,38.57500076293945,38.57500076293945,38.57500076293945,38.57500076293945,258.0
2026-08-05 10:05:00,POET,,8.399999618530273,8.430000305175781,8.364999771118164,8.369999885559082,35845.0
2026-08-05 10:05:00,POWI,,63.31999969482422,63.33000183105469,63.31999969482422,63.33000183105469,382.0
2026-08-05 10:05:00,POWL,,213.7050018310547,213.72500610351562,212.6999969482422,212.6999969482422,4895.0
2026-08-05 10:05:00,PPTA,,22.489999771118164,22.5,22.40999984741211,22.40999984741211,11099.0
2026-08-05 10:05:00,PRAX,,318.5950012207031,318.5950012207031,317.9700012207031,317.9700012207031,587.0
2026-08-05 10:05:00,PRCH,,16.15999984741211,16.190000534057617,16.15999984741211,16.165000915527344,2918.0
2026-08-05 10:05:00,PRCT,,18.25,18.31999969482422,18.149999618530273,18.2450008392334,31938.0
2026-08-05 10:05:00,PRDO,,33.38999938964844,33.38999938964844,33.38999938964844,33.38999938964844,927.0
2026-08-05 10:05:00,PRIM,,87.63500213623047,87.64250183105469,87.63500213623047,87.63500213623047,1061.0
2026-08-05 10:05:00,PRLD,,4.5,4.5,4.480000019073486,4.5,490.0
2026-08-05 10:05:00,PRME,,3.005000114440918,3.005000114440918,2.9809999465942383,2.9809999465942383,38493.0
2026-08-05 10:05:00,PROK,,1.6749999523162842,1.6749999523162842,1.6699999570846558,1.6699999570846558,2542.0
2026-08-05 10:05:00,PRQR,,1.8849999904632568,1.8849999904632568,1.8849999904632568,1.8849999904632568,214.0
2026-08-05 10:05:00,PRSO,,0.699999988079071,0.699999988079071,0.699999988079071,0.699999988079071,401.0
2026-08-05 10:05:00,PRVA,,23.889999389648438,23.889999389648438,23.829999923706055,23.829999923706055,1264.0
2026-08-05 10:05:00,PSEC,,2.2100000381469727,2.2100000381469727,2.2100000381469727,2.2100000381469727,483.0
2026-08-05 10:05:00,PSNL,,13.5600004196167,13.5600004196167,13.539999961853027,13.550000190734863,11854.0
2026-08-05 10:05:00,PTC,,142.41000366210938,142.61000061035156,142.3000030517578,142.3000030517578,1854.0
2026-08-05 10:05:00,PTEN,,9.960000038146973,9.970000267028809,9.951000213623047,9.954999923706055,9227.0
2026-08-05 10:05:00,PTGX,,137.80999755859375,137.80999755859375,137.3699951171875,137.47000122070312,2135.0
2026-08-05 10:05:00,PTLO,,4.574999809265137,4.574999809265137,4.559999942779541,4.559999942779541,1247.0
2026-08-05 10:05:00,PTON,,6.550000190734863,6.554999828338623,6.545000076293945,6.545000076293945,10543.0
2026-08-05 10:05:00,PUBM,,13.680000305175781,13.680000305175781,13.680000305175781,13.680000305175781,2339.0
2026-08-05 10:05:00,PWP,,17.334999084472656,17.334999084472656,17.28499984741211,17.28499984741211,1811.0
2026-08-05 10:05:00,PYPD,,4.460000038146973,4.460000038146973,4.454999923706055,4.454999923706055,300.0
2026-08-05 10:05:00,PYPL,,58.810001373291016,58.84000015258789,58.72999954223633,58.72999954223633,19725.0
2026-08-05 10:05:00,QCOM,,161.0800018310547,161.0800018310547,160.52499389648438,160.52499389648438,27903.0
2026-08-05 10:05:00,QFIN,,13.350000381469727,13.359999656677246,13.34000015258789,13.34000015258789,3272.0
2026-08-05 10:05:00,QRVO,,95.5,95.5,95.45999908447266,95.45999908447266,2336.0
2026-08-05 10:05:00,SEED,,0.9138000011444092,0.9138000011444092,0.9103000164031982,0.9103000164031982,2054.0
2026-08-05 10:05:00,STIM,,2.325000047683716,2.325000047683716,2.315000057220459,2.315200090408325,8239.0
2026-08-05 10:05:00,TARA,,4.105000019073486,4.105000019073486,4.105000019073486,4.105000019073486,1145.0
2026-08-05 10:05:00,WOOF,,2.9649999141693115,2.9649999141693115,2.9600000381469727,2.9600000381469727,1706.0
2026-08-05 10:06:00,ACDC,,4.235000133514404,4.239999771118164,4.235000133514404,4.239999771118164,3960.0
2026-08-05 10:06:00,CPOP,,0.36489999294281006,0.36489999294281006,0.36489999294281006,0.36489999294281006,1720.0
2026-08-05 10:06:00,DTIL,,7.5,7.5,7.5,7.5,2175.0
2026-08-05 10:06:00,EYE,,23.457500457763672,23.489999771118164,23.420000076293945,23.420000076293945,4219.0
2026-08-05 10:06:00,FIZZ,,31.704999923706055,31.704999923706055,31.704999923706055,31.704999923706055,345.0
2026-08-05 10:06:00,GLUE,,16.229999542236328,16.229999542236328,16.165000915527344,16.219999313354492,8494.0
2026-08-05 10:06:00,KIDS,,21.670000076293945,21.68000030517578,21.670000076293945,21.68000030517578,645.0
2026-08-05 10:06:00,MBRX,,0.40700000524520874,0.40700000524520874,0.40560001134872437,0.40700000524520874,614.0
2026-08-05 10:06:00,MDB,,378.2101135253906,378.75,377.9200134277344,378.75,1680.0
2026-08-05 10:06:00,MDLZ,,61.79999923706055,61.880001068115234,61.79999923706055,61.880001068115234,9409.0
2026-08-05 10:06:00,MNST,,94.83000183105469,94.88999938964844,94.83000183105469,94.88999938964844,7550.0
2026-08-05 10:06:00,MNTS,,4.420000076293945,4.46999979019165,4.420000076293945,4.434899806976318,21429.0
2026-08-05 10:06:00,MORN,,201.52999877929688,202.0449981689453,201.52999877929688,202.0449981689453,820.0
2026-08-05 10:06:00,MPWR,,1334.1700439453125,1334.1700439453125,1328.875,1330.22998046875,1266.0
2026-08-05 10:06:00,MRNA,,58.85499954223633,58.989898681640625,58.75,58.900001525878906,23803.0
2026-08-05 10:06:00,MSGM,,4.5578999519348145,4.5578999519348145,4.5578999519348145,4.5578999519348145,485.0
2026-08-05 10:06:00,MYGN,,3.140000104904175,3.1649999618530273,3.140000104904175,3.1600000858306885,11662.0
2026-08-05 10:06:00,MYRG,,345.2300109863281,345.739990234375,345.2300109863281,345.739990234375,758.0
2026-08-05 10:06:00,NAMS,,27.329999923706055,27.329999923706055,26.950000762939453,26.950000762939453,7681.0
2026-08-05 10:06:00,NATR,,20.219999313354492,20.219999313354492,20.219999313354492,20.219999313354492,683.0
2026-08-05 10:06:00,NAUT,,0.9908000230789185,0.9908000230789185,0.9908000230789185,0.9908000230789185,3069.0
2026-08-05 10:06:00,NAVI,,9.069999694824219,9.069999694824219,9.045000076293945,9.045000076293945,9417.0
2026-08-05 10:06:00,NB,,5.135000228881836,5.144999980926514,5.130000114440918,5.139999866485596,10337.0
2026-08-05 10:06:00,NBIX,,165.10000610351562,165.41000366210938,164.77499389648438,164.77499389648438,18242.0
2026-08-05 10:06:00,NCMI,,4.110000133514404,4.110000133514404,4.110000133514404,4.110000133514404,505.0
2026-08-05 10:06:00,NDAQ,,94.95999908447266,95.01000213623047,94.93000030517578,95.01000213623047,5492.0
2026-08-05 10:06:00,NEGG,,16.0,16.0,16.0,16.0,697.0
2026-08-05 10:06:00,NEO,,16.139999389648438,16.190000534057617,16.139999389648438,16.174999237060547,3687.0
2026-08-05 10:06:00,NEOG,,11.699999809265137,11.699999809265137,11.699999809265137,11.699999809265137,1979.0
2026-08-05 10:06:00,NEOV,,2.940000057220459,2.950000047683716,2.9100000858306885,2.9100000858306885,10969.0
2026-08-05 10:06:00,NESR,,28.850000381469727,28.915000915527344,28.799999237060547,28.799999237060547,3142.0
2026-08-05 10:06:00,NEWT,,15.216099739074707,15.4350004196167,15.216099739074707,15.4350004196167,5438.0
2026-08-05 10:06:00,NEXT,,6.445000171661377,6.445000171661377,6.440000057220459,6.440000057220459,2410.0
2026-08-05 10:06:00,NFLX,,74.0250015258789,74.13500213623047,73.9802017211914,74.12879943847656,67059.0
2026-08-05 10:06:00,NGNE,,35.459999084472656,35.459999084472656,35.459999084472656,35.459999084472656,516.0
2026-08-05 10:06:00,NHTC,,1.7207000255584717,1.7207000255584717,1.7207000255584717,1.7207000255584717,299.0
2026-08-05 10:06:00,NICE,,95.88999938964844,96.21499633789062,95.81999969482422,95.9000015258789,10911.0
2026-08-05 10:06:00,NKSH,,40.70000076293945,40.70000076293945,40.69499969482422,40.69499969482422,855.0
2026-08-05 10:06:00,NKTR,,73.0,73.68000030517578,73.0,73.62999725341797,18405.0
2026-08-05 10:06:00,NMRA,,1.5750000476837158,1.5750000476837158,1.5700000524520874,1.5700000524520874,3893.0
2026-08-05 10:06:00,NMRK,,15.699999809265137,15.729999542236328,15.699999809265137,15.729999542236328,3097.0
2026-08-05 10:06:00,NN,,14.300000190734863,14.34000015258789,14.300000190734863,14.34000015258789,2980.0
2026-08-05 10:06:00,NNBR,,3.9149999618530273,3.930000066757202,3.9149999618530273,3.930000066757202,5545.0
2026-08-05 10:06:00,NNDM,,1.559999942779541,1.559999942779541,1.5544999837875366,1.5544999837875366,13354.0
2026-08-05 10:06:00,NNOX,,1.020400047302246,1.020400047302246,1.020400047302246,1.020400047302246,841.0
2026-08-05 10:06:00,NPCE,,13.854999542236328,13.894000053405762,13.854999542236328,13.894000053405762,1193.0
2026-08-05 10:06:00,NRDS,,9.175000190734863,9.175000190734863,9.170000076293945,9.170000076293945,1217.0
2026-08-05 10:06:00,NRIX,,25.190000534057617,25.190000534057617,25.190000534057617,25.190000534057617,1099.0
2026-08-05 10:06:00,NRSN,,0.5799999833106995,0.5799999833106995,0.5702000260353088,0.5702000260353088,13944.0
2026-08-05 10:06:00,NRXP,,3.0799999237060547,3.0880000591278076,3.0799999237060547,3.0799999237060547,2663.0
2026-08-05 10:06:00,NSSC,,40.20610046386719,40.349998474121094,40.20610046386719,40.349998474121094,3063.0
2026-08-05 10:06:00,NTAP,,191.18499755859375,191.47999572753906,190.99000549316406,191.1300048828125,6608.0
2026-08-05 10:06:00,NTCT,,41.7400016784668,41.7400016784668,41.7400016784668,41.7400016784668,854.0
2026-08-05 10:06:00,NTGR,,24.049999237060547,24.049999237060547,24.049999237060547,24.049999237060547,215.0
2026-08-05 10:06:00,NTNX,,60.86000061035156,60.915000915527344,60.86000061035156,60.915000915527344,2194.0
2026-08-05 10:06:00,NTRA,,278.0,278.0,277.989990234375,277.9999084472656,1932.0
2026-08-05 10:06:00,NTRS,,185.72500610351562,185.72500610351562,185.61000061035156,185.63999938964844,1769.0
2026-08-05 10:06:00,NUWE,,1.76010000705719,1.7699999809265137,1.7599999904632568,1.7624000310897827,2962.0
2026-08-05 10:06:00,NVAX,,7.730000019073486,7.730000019073486,7.710000038146973,7.710000038146973,8928.0
2026-08-05 10:06:00,NVCR,,16.049999237060547,16.049999237060547,16.049999237060547,16.049999237060547,498.0
2026-08-05 10:06:00,NVCT,,20.125,20.125,20.0,20.0,0.0
2026-08-05 10:06:00,NVDA,,221.46929931640625,221.52999877929688,221.02999877929688,221.25,472283.0
2026-08-05 10:06:00,NVMI,,412.2300109863281,412.2300109863281,412.2300109863281,412.2300109863281,501.0
2026-08-05 10:06:00,NVTS,,12.789999961853027,12.789999961853027,12.739999771118164,12.75,16020.0
2026-08-05 10:06:00,NWBI,,16.0049991607666,16.0049991607666,16.0049991607666,16.0049991607666,696.0
2026-08-05 10:06:00,NWL,,6.0,6.005000114440918,5.994999885559082,5.994999885559082,97909.0
2026-08-05 10:06:00,NWS,,32.41999816894531,32.439998626708984,32.40999984741211,32.40999984741211,6399.0
2026-08-05 10:06:00,NWSA,,28.290000915527344,28.30500030517578,28.264999389648438,28.280000686645508,12783.0
2026-08-05 10:06:00,NXPI,,234.41000366210938,234.41000366210938,234.00999450683594,234.3699951171875,3983.0
2026-08-05 10:06:00,NXT,,99.42500305175781,99.5199966430664,99.0999984741211,99.31500244140625,2971.0
2026-08-05 10:06:00,NXTC,,5.519999980926514,5.519999980926514,5.519999980926514,5.519999980926514,148.0
2026-08-05 10:06:00,NYXH,,1.434999942779541,1.434999942779541,1.434999942779541,1.434999942779541,307.0
2026-08-05 10:06:00,OABI,,2.0299999713897705,2.0299999713897705,2.0199999809265137,2.0199999809265137,3763.0
2026-08-05 10:06:00,OCCI,,2.472899913787842,2.472899913787842,2.472899913787842,2.472899913787842,1824.0
2026-08-05 10:06:00,OCGN,,1.3049999475479126,1.309999942779541,1.2999999523162842,1.309999942779541,4181.0
2026-08-05 10:06:00,OCS,,12.199999809265137,12.199999809265137,12.09000015258789,12.09000015258789,4836.0
2026-08-05 10:06:00,OCSL,,12.125,12.140000343322754,12.125,12.125,3058.0
2026-08-05 10:06:00,OCUL,,8.755000114440918,8.760000228881836,8.75,8.75,4033.0
2026-08-05 10:06:00,ODD,,15.345000267028809,15.345000267028809,15.345000267028809,15.345000267028809,1041.0
2026-08-05 10:06:00,ODFL,,219.74000549316406,219.74000549316406,219.69000244140625,219.69000244140625,1739.0
2026-08-05 10:06:00,OESX,,16.41990089416504,16.440000534057617,16.280000686645508,16.440000534057617,7237.0
2026-08-05 10:06:00,OFLX,,30.079999923706055,30.079999923706055,30.079999923706055,30.079999923706055,845.0
2026-08-05 10:06:00,OKTA,,148.82000732421875,148.83999633789062,148.7100067138672,148.83999633789062,2262.0
2026-08-05 10:06:00,OLLI,,78.3499984741211,78.41999816894531,78.26000213623047,78.30000305175781,12236.0
2026-08-05 10:06:00,OLMA,,11.789999961853027,11.789999961853027,11.789999961853027,11.789999961853027,381.0
2026-08-05 10:06:00,OM,,5.036200046539307,5.050000190734863,5.03000020980835,5.03000020980835,1489.0
2026-08-05 10:06:00,OMCL,,36.834999084472656,36.834999084472656,36.82500076293945,36.82500076293945,1161.0
2026-08-05 10:06:00,OMER,,12.899999618530273,12.899999618530273,12.899999618530273,12.899999618530273,2022.0
2026-08-05 10:06:00,OMEX,,0.7477999925613403,0.7477999925613403,0.741599977016449,0.741599977016449,2091.0
2026-08-05 10:06:00,OMH,,0.11010000109672546,0.11060000211000443,0.10999999940395355,0.11060000211000443,2893.0
2026-08-05 10:06:00,ON,,79.28500366210938,79.28500366210938,78.93499755859375,78.93499755859375,43619.0
2026-08-05 10:06:00,ONB,,27.170000076293945,27.184999465942383,27.170000076293945,27.174999237060547,7182.0
2026-08-05 10:06:00,ONBPP,,24.729999542236328,24.729999542236328,24.729999542236328,24.729999542236328,176.0
2026-08-05 10:06:00,ONCY,,0.7942000031471252,0.7942000031471252,0.7942000031471252,0.7942000031471252,1825.0
2026-08-05 10:06:00,ONDS,,8.95989990234375,8.960000038146973,8.925000190734863,8.9399995803833,70877.0
2026-08-05 10:06:00,ONFO,,0.07429999858140945,0.07639999687671661,0.07249999791383743,0.07639999687671661,617308.0
2026-08-05 10:06:00,OPCH,,23.399999618530273,23.43000030517578,23.399999618530273,23.43000030517578,2197.0
2026-08-05 10:06:00,OPEN,,3.7750000953674316,3.7799999713897705,3.759999990463257,3.7750000953674316,224552.0
2026-08-05 10:06:00,OPHC,,8.850000381469727,8.850000381469727,8.833100318908691,8.833100318908691,720.0
2026-08-05 10:06:00,OPRA,,20.270000457763672,20.270000457763672,20.270000457763672,20.270000457763672,592.0
2026-08-05 10:06:00,OPRT,,6.139999866485596,6.139999866485596,6.130000114440918,6.130000114440918,1732.0
2026-08-05 10:06:00,ORGO,,2.365000009536743,2.365000009536743,2.365000009536743,2.365000009536743,369.0
2026-08-05 10:06:00,ORIC,,13.524999618530273,13.524999618530273,13.404999732971191,13.404999732971191,2743.0
2026-08-05 10:06:00,ORLY,,93.81999969482422,93.95999908447266,93.81999969482422,93.91000366210938,20278.0
2026-08-05 10:06:00,OSPN,,16.770000457763672,16.770000457763672,16.770000457763672,16.770000457763672,354.0
2026-08-05 10:06:00,OSS,,13.699999809265137,13.770400047302246,13.652700424194336,13.760000228881836,6252.0
2026-08-05 10:06:00,OSUR,,4.195000171661377,4.199999809265137,4.195000171661377,4.199999809265137,504.0
2026-08-05 10:06:00,OTEX,,26.049999237060547,26.059999465942383,26.049999237060547,26.059999465942383,1466.0
2026-08-05 10:06:00,OTLK,,1.0299999713897705,1.0299999713897705,1.0099999904632568,1.0198999643325806,31089.0
2026-08-05 10:06:00,OVID,,2.609999895095825,2.615000009536743,2.5999999046325684,2.5999999046325684,3170.0
2026-08-05 10:06:00,OXLC,,9.119999885559082,9.125,9.109999656677246,9.125,5320.0
2026-08-05 10:06:00,OXSQ,,1.4800000190734863,1.4867000579833984,1.4800000190734863,1.4800000190734863,391.0
2026-08-05 10:06:00,PAA,,23.325000762939453,23.325000762939453,23.28499984741211,23.295000076293945,6094.0
2026-08-05 10:06:00,PAAS,,47.959999084472656,47.959999084472656,47.849998474121094,47.849998474121094,13744.0
2026-08-05 10:06:00,PACB,,1.4450000524520874,1.4450000524520874,1.440000057220459,1.440000057220459,358.0
2026-08-05 10:06:00,PAGP,,25.25,25.25,25.225000381469727,25.225000381469727,4357.0
2026-08-05 10:06:00,PAHC,,37.279998779296875,37.279998779296875,37.060001373291016,37.060001373291016,2247.0
2026-08-05 10:06:00,PALI,,2.115000009536743,2.115000009536743,2.115000009536743,2.115000009536743,278.0
2026-08-05 10:06:00,PANL,,7.380000114440918,7.380000114440918,7.380000114440918,7.380000114440918,319.0
2026-08-05 10:06:00,PANW,,369.375,369.7139892578125,367.9599914550781,368.3399963378906,18522.0
2026-08-05 10:06:00,PATK,,88.25,88.38999938964844,88.25,88.38999938964844,2973.0
2026-08-05 10:06:00,PAX,,11.460000038146973,11.475000381469727,11.460000038146973,11.46500015258789,3496.0
2026-08-05 10:06:00,PAYO,,7.125,7.130000114440918,7.125,7.130000114440918,763.0
2026-08-05 10:06:00,PAYS,,9.260000228881836,9.279999732971191,9.260000228881836,9.279999732971191,1241.0
2026-08-05 10:06:00,PAYX,,118.05999755859375,118.31999969482422,118.05999755859375,118.05999755859375,5766.0
2026-08-05 10:06:00,PCAR,,136.11000061035156,136.19000244140625,136.11000061035156,136.14999389648438,4531.0
2026-08-05 10:06:00,PCT,,6.96999979019165,6.980000019073486,6.960000038146973,6.96999979019165,7721.0
2026-08-05 10:06:00,PCTY,,146.09500122070312,146.7899932861328,146.0800018310547,146.7899932861328,2965.0
2026-08-05 10:06:00,PCYO,,10.595000267028809,10.595000267028809,10.59000015258789,10.59000015258789,464.0
2026-08-05 10:06:00,PDD,,91.88500213623047,91.9000015258789,91.81999969482422,91.9000015258789,12528.0
2026-08-05 10:06:00,PDFS,,50.48249816894531,50.48249816894531,50.47249984741211,50.47249984741211,385.0
2026-08-05 10:06:00,PDSB,,0.7304999828338623,0.7304999828338623,0.7271999716758728,0.7271999716758728,136.0
2026-08-05 10:06:00,PECO,,41.38999938964844,41.38999938964844,41.38999938964844,41.38999938964844,588.0
2026-08-05 10:06:00,PEGA,,31.530000686645508,31.56999969482422,31.530000686645508,31.56999969482422,976.0
2026-08-05 10:06:00,PENN,,20.020000457763672,20.030000686645508,20.020000457763672,20.020000457763672,5907.0
2026-08-05 10:06:00,PEP,,138.6999969482422,138.8300018310547,138.69000244140625,138.80999755859375,11033.0
2026-08-05 10:06:00,PEPG,,1.9149999618530273,1.9149999618530273,1.9149999618530273,1.9149999618530273,913.0
2026-08-05 10:06:00,PERI,,9.635000228881836,9.640000343322754,9.635000228881836,9.640000343322754,1646.0
2026-08-05 10:06:00,PESI,,17.6299991607666,17.6299991607666,17.6299991607666,17.6299991607666,226.0
2026-08-05 10:06:00,PETS,,1.9900000095367432,1.9900000095367432,1.9900000095367432,1.9900000095367432,1000.0
2026-08-05 10:06:00,PFG,,115.69000244140625,115.91999816894531,115.68499755859375,115.91999816894531,2765.0
2026-08-05 10:06:00,PGEN,,7.074999809265137,7.09499979019165,7.039999961853027,7.079999923706055,59364.0
2026-08-05 10:06:00,PGNY,,31.369800567626953,31.375,31.369800567626953,31.375,1011.0
2026-08-05 10:06:00,PGY,,21.614999771118164,21.699499130249023,21.614999771118164,21.670000076293945,6096.0
2026-08-05 10:06:00,PHAT,,8.699999809265137,8.71500015258789,8.699999809265137,8.71500015258789,3633.0
2026-08-05 10:06:00,PKOH,,41.474998474121094,41.474998474121094,41.474998474121094,41.474998474121094,388.0
2026-08-05 10:06:00,PLAB,,32.400001525878906,32.400001525878906,32.38999938964844,32.38999938964844,1442.0
2026-08-05 10:06:00,PLPC,,454.1700134277344,455.0,454.1700134277344,455.0,1405.0
2026-08-05 10:06:00,PLTK,,3.994999885559082,3.994999885559082,3.990000009536743,3.990000009536743,6845.0
2026-08-05 10:06:00,PLUG,,2.109999895095825,2.109999895095825,2.0999999046325684,2.109999895095825,37717.0
2026-08-05 10:06:00,PLXS,,275.1499938964844,275.1499938964844,275.1499938964844,275.1499938964844,704.0
2026-08-05 10:06:00,PNBK,,1.121000051498413,1.121000051498413,1.121000051498413,1.121000051498413,433.0
2026-08-05 10:06:00,PNFP,,108.11499786376953,108.11499786376953,108.11499786376953,108.11499786376953,601.0
2026-08-05 10:06:00,PNTG,,38.622501373291016,38.622501373291016,38.57500076293945,38.57500076293945,831.0
2026-08-05 10:06:00,POET,,8.414999961853027,8.414999961853027,8.390000343322754,8.399999618530273,13427.0
2026-08-05 10:06:00,POLA,,1.850000023841858,1.850000023841858,1.850000023841858,1.850000023841858,428.0
2026-08-05 10:06:00,POWI,,63.32500076293945,63.32500076293945,63.32500076293945,63.32500076293945,208.0
2026-08-05 10:06:00,POWL,,213.52999877929688,213.52999877929688,212.75,213.0399932861328,1681.0
2026-08-05 10:06:00,PPC,,26.790000915527344,26.799999237060547,26.790000915527344,26.799999237060547,1586.0
2026-08-05 10:06:00,PPTA,,22.450000762939453,22.510000228881836,22.41200065612793,22.479999542236328,29581.0
2026-08-05 10:06:00,PRCH,,16.165000915527344,16.165000915527344,16.139999389648438,16.139999389648438,2235.0
2026-08-05 10:06:00,PRCT,,18.135000228881836,18.24489974975586,18.1200008392334,18.219999313354492,8280.0
2026-08-05 10:06:00,PRDO,,33.47999954223633,33.47999954223633,33.41999816894531,33.41999816894531,1732.0
2026-08-05 10:06:00,PRE,,18.0,18.0,18.0,18.0,56.0
2026-08-05 10:06:00,PRGS,,41.6150016784668,41.6150016784668,41.6150016784668,41.6150016784668,436.0
2026-08-05 10:06:00,PRIM,,88.12999725341797,88.12999725341797,87.81999969482422,87.86000061035156,6075.0
2026-08-05 10:06:00,PRLD,,4.519999980926514,4.519999980926514,4.519999980926514,4.519999980926514,1303.0
2026-08-05 10:06:00,PRME,,3.005000114440918,3.005000114440918,3.0,3.0,7600.0
2026-08-05 10:06:00,PRPL,,9.5,9.5,9.489999771118164,9.489999771118164,1077.0
2026-08-05 10:06:00,PRQR,,1.899999976158142,1.899999976158142,1.8849999904632568,1.8849999904632568,7909.0
2026-08-05 10:06:00,PRSO,,0.6980000138282776,0.6980000138282776,0.6980000138282776,0.6980000138282776,884.0
2026-08-05 10:06:00,PRTA,,8.670000076293945,8.670000076293945,8.649999618530273,8.649999618530273,1287.0
2026-08-05 10:06:00,PRVA,,23.860000610351562,23.889999389648438,23.860000610351562,23.889999389648438,2077.0
2026-08-05 10:06:00,PSEC,,2.2100000381469727,2.2100000381469727,2.2100000381469727,2.2100000381469727,1631.0
2026-08-05 10:06:00,PTC,,142.40499877929688,142.40499877929688,142.40499877929688,142.40499877929688,452.0
2026-08-05 10:06:00,PTCT,,69.5,69.5,69.5,69.5,1533.0
2026-08-05 10:06:00,PTEN,,9.949999809265137,9.949999809265137,9.9399995803833,9.949999809265137,14325.0
2026-08-05 10:06:00,PTGX,,138.0500030517578,138.0500030517578,138.0500030517578,138.0500030517578,659.0
2026-08-05 10:06:00,PTLO,,4.599999904632568,4.599999904632568,4.579999923706055,4.579999923706055,10243.0
2026-08-05 10:06:00,PTON,,6.550000190734863,6.559999942779541,6.545000076293945,6.559999942779541,10978.0
2026-08-05 10:06:00,PWP,,17.295000076293945,17.295000076293945,17.295000076293945,17.295000076293945,357.0
2026-08-05 10:06:00,PYPD,,4.460000038146973,4.460000038146973,4.460000038146973,4.460000038146973,12.0
2026-08-05 10:06:00,PYPL,,58.75,58.79999923706055,58.74449920654297,58.790000915527344,17387.0
2026-08-05 10:06:00,PZZA,,30.739999771118164,30.739999771118164,30.739999771118164,30.739999771118164,3567.0
2026-08-05 10:06:00,QCOM,,161.2100067138672,161.2550048828125,160.91000366210938,160.9199981689453,18915.0
2026-08-05 10:06:00,QCRH,,104.83000183105469,104.83000183105469,104.83000183105469,104.83000183105469,197.0
2026-08-05 10:06:00,QRVO,,95.4800033569336,95.55000305175781,95.41000366210938,95.55000305175781,725.0
2026-08-05 10:06:00,SEED,,0.9300000071525574,0.9300000071525574,0.9200000166893005,0.9200000166893005,4938.0
2026-08-05 10:06:00,STIM,,2.325000047683716,2.3254001140594482,2.3245999813079834,2.3245999813079834,2192.0
2026-08-05 10:07:00,ACDC,,4.239999771118164,4.264999866485596,4.239999771118164,4.239999771118164,5731.0
2026-08-05 10:07:00,BPRN,,42.04999923706055,42.04999923706055,42.04999923706055,42.04999923706055,201.0
2026-08-05 10:07:00,DTIL,,7.53000020980835,7.53000020980835,7.53000020980835,7.53000020980835,4504.0
2026-08-05 10:07:00,EYE,,23.540000915527344,23.540000915527344,23.43000030517578,23.479999542236328,6212.0
2026-08-05 10:07:00,GLUE,,16.225000381469727,16.229999542236328,16.225000381469727,16.229999542236328,1902.0
2026-08-05 10:07:00,KIDS,,21.799999237060547,21.799999237060547,21.799999237060547,21.799999237060547,561.0
2026-08-05 10:07:00,LUNG,,1.871000051498413,1.871000051498413,1.871000051498413,1.871000051498413,1143.0
2026-08-05 10:07:00,MDB,,378.8900146484375,378.8900146484375,378.67999267578125,378.67999267578125,806.0
2026-08-05 10:07:00,MDLZ,,61.70000076293945,61.790000915527344,61.70000076293945,61.790000915527344,9447.0
2026-08-05 10:07:00,MLTX,,18.079999923706055,18.09000015258789,18.06999969482422,18.09000015258789,1732.0
2026-08-05 10:07:00,MNPR,,115.82499694824219,115.82499694824219,115.82499694824219,115.82499694824219,203.0
2026-08-05 10:07:00,MNRO,,13.270000457763672,13.270000457763672,13.270000457763672,13.270000457763672,608.0
2026-08-05 10:07:00,MNST,,94.77999877929688,94.83000183105469,94.77999877929688,94.80999755859375,12872.0
2026-08-05 10:07:00,MNTS,,4.429999828338623,4.46999979019165,4.429999828338623,4.452899932861328,14210.0
2026-08-05 10:07:00,MODD,,2.059999942779541,2.059999942779541,2.059999942779541,2.059999942779541,1004.0
2026-08-05 10:07:00,MORN,,201.6750030517578,201.6750030517578,201.0500030517578,201.11000061035156,5086.0
2026-08-05 10:07:00,MPWR,,1335.47998046875,1337.739990234375,1335.449951171875,1336.6300048828125,942.0
2026-08-05 10:07:00,MRNA,,58.849998474121094,59.0,58.81999969482422,58.880001068115234,13360.0
2026-08-05 10:07:00,MYGN,,3.109999895095825,3.130000114440918,3.109999895095825,3.130000114440918,3781.0
2026-08-05 10:07:00,MYPS,,0.7451000213623047,0.7541999816894531,0.7451000213623047,0.7480000257492065,13878.0
2026-08-05 10:07:00,MYRG,,343.82000732421875,343.82000732421875,343.82000732421875,343.82000732421875,1105.0
2026-08-05 10:07:00,NAMS,,27.315000534057617,27.31999969482422,27.315000534057617,27.315000534057617,2182.0
2026-08-05 10:07:00,NAUT,,0.9962000250816345,0.9962000250816345,0.9926000237464905,0.9962000250816345,5089.0
2026-08-05 10:07:00,NAVI,,9.050000190734863,9.0600004196167,9.050000190734863,9.0600004196167,2450.0
2026-08-05 10:07:00,NB,,5.139999866485596,5.150000095367432,5.135000228881836,5.139999866485596,6445.0
2026-08-05 10:07:00,NBIX,,165.3800048828125,165.3800048828125,165.08999633789062,165.10000610351562,2625.0
2026-08-05 10:07:00,NBN,,134.41000366210938,134.41000366210938,134.41000366210938,134.41000366210938,1129.0
2026-08-05 10:07:00,NDAQ,,94.85009765625,94.93499755859375,94.84500122070312,94.91999816894531,5661.0
2026-08-05 10:07:00,NEO,,16.170000076293945,16.170000076293945,16.1200008392334,16.1200008392334,5302.0
2026-08-05 10:07:00,NEOG,,11.699999809265137,11.699999809265137,11.6899995803833,11.6899995803833,3615.0
2026-08-05 10:07:00,NEOV,,2.928800106048584,2.950000047683716,2.9200000762939453,2.940000057220459,43815.0
2026-08-05 10:07:00,NESR,,28.899999618530273,28.899999618530273,28.899999618530273,28.899999618530273,244.0
2026-08-05 10:07:00,NEXT,,6.434999942779541,6.434999942779541,6.430099964141846,6.430099964141846,1075.0
2026-08-05 10:07:00,NFLX,,73.94499969482422,74.03500366210938,73.94000244140625,74.0250015258789,52474.0
2026-08-05 10:07:00,NHTC,,1.7799999713897705,1.7799999713897705,1.7799999713897705,1.7799999713897705,125.0
2026-08-05 10:07:00,NICE,,95.91999816894531,96.08719635009766,95.76000213623047,96.08719635009766,13755.0
2026-08-05 10:07:00,NIU,,2.5199999809265137,2.5199999809265137,2.5199999809265137,2.5199999809265137,202.0
2026-08-05 10:07:00,NKTR,,73.5199966430664,73.54000091552734,72.79000091552734,72.8949966430664,26070.0
2026-08-05 10:07:00,NKTX,,2.2200000286102295,2.2200000286102295,2.2200000286102295,2.2200000286102295,2575.0
2026-08-05 10:07:00,NMFC,,7.355000019073486,7.355000019073486,7.355000019073486,7.355000019073486,1070.0
2026-08-05 10:07:00,NMIH,,44.415000915527344,44.41999816894531,44.415000915527344,44.41999816894531,447.0
2026-08-05 10:07:00,NMRA,,1.5700000524520874,1.5789999961853027,1.5700000524520874,1.5750000476837158,4944.0
2026-08-05 10:07:00,NMRK,,15.6899995803833,15.6899995803833,15.6899995803833,15.6899995803833,871.0
2026-08-05 10:07:00,NN,,14.375,14.399999618530273,14.300000190734863,14.3149995803833,11683.0
2026-08-05 10:07:00,NNBR,,3.9149999618530273,3.9149999618530273,3.9100000858306885,3.9100000858306885,905.0
2026-08-05 10:07:00,NNDM,,1.565500020980835,1.565500020980835,1.5549999475479126,1.5549999475479126,29805.0
2026-08-05 10:07:00,NNOX,,1.0299999713897705,1.0299999713897705,1.0299999713897705,1.0299999713897705,488.0
2026-08-05 10:07:00,NPCE,,13.854999542236328,13.869999885559082,13.854999542236328,13.869999885559082,642.0
2026-08-05 10:07:00,NRIX,,25.270000457763672,25.270000457763672,25.260000228881836,25.260000228881836,1459.0
2026-08-05 10:07:00,NRXP,,3.0799999237060547,3.0799999237060547,3.0799999237060547,3.0799999237060547,340.0
2026-08-05 10:07:00,NTAP,,191.11500549316406,191.4199981689453,190.92999267578125,191.4199981689453,2351.0
2026-08-05 10:07:00,NTGR,,24.049999237060547,24.049999237060547,24.049999237060547,24.049999237060547,1468.0
2026-08-05 10:07:00,NTNX,,60.869998931884766,60.869998931884766,60.779998779296875,60.779998779296875,3199.0
2026-08-05 10:07:00,NTRA,,278.1499938964844,278.30999755859375,278.1400146484375,278.1400146484375,1821.0
2026-08-05 10:07:00,NTRS,,185.6649932861328,185.76499938964844,185.50999450683594,185.76499938964844,10478.0
2026-08-05 10:07:00,NUWE,,1.75,1.75,1.75,1.75,614.0
2026-08-05 10:07:00,NVAX,,7.730000019073486,7.755000114440918,7.730000019073486,7.739999771118164,12026.0
2026-08-05 10:07:00,NVCR,,16.025400161743164,16.025400161743164,16.025400161743164,16.025400161743164,1730.0
2026-08-05 10:07:00,NVCT,,20.260000228881836,20.260000228881836,20.260000228881836,20.260000228881836,152.0
2026-08-05 10:07:00,NVDA,,221.6699981689453,221.6999969482422,221.2100067138672,221.4600067138672,586456.0
2026-08-05 10:07:00,NVMI,,414.1400146484375,414.1400146484375,413.4700012207031,413.4800109863281,884.0
2026-08-05 10:07:00,NVTS,,12.82800006866455,12.84000015258789,12.800000190734863,12.800000190734863,23216.0
2026-08-05 10:07:00,NWBI,,16.010000228881836,16.010000228881836,16.010000228881836,16.010000228881836,1362.0
2026-08-05 10:07:00,NWE,,69.2300033569336,69.2300033569336,69.2300033569336,69.2300033569336,787.0
2026-08-05 10:07:00,NWL,,6.014999866485596,6.019899845123291,6.005000114440918,6.005000114440918,5538.0
2026-08-05 10:07:00,NWS,,32.40999984741211,32.40999984741211,32.40999984741211,32.40999984741211,3071.0
2026-08-05 10:07:00,NWSA,,28.270000457763672,28.270000457763672,28.2549991607666,28.260000228881836,6588.0
2026-08-05 10:07:00,NXPI,,234.44009399414062,234.625,234.44000244140625,234.5050048828125,5623.0
2026-08-05 10:07:00,NXST,,194.52999877929688,194.52999877929688,193.92999267578125,194.41000366210938,1180.0
2026-08-05 10:07:00,NXT,,99.69000244140625,99.69999694824219,99.41999816894531,99.41999816894531,1484.0
2026-08-05 10:07:00,NXTC,,5.430099964141846,5.430099964141846,5.430099964141846,5.430099964141846,321.0
2026-08-05 10:07:00,OCC,,15.9399995803833,15.9399995803833,15.9399995803833,15.9399995803833,466.0
2026-08-05 10:07:00,OCCI,,2.484999895095825,2.484999895095825,2.484999895095825,2.484999895095825,1236.0
2026-08-05 10:07:00,OCFC,,19.829999923706055,19.829999923706055,19.825000762939453,19.825000762939453,1590.0
2026-08-05 10:07:00,OCGN,,1.3199000358581543,1.3200000524520874,1.3049999475479126,1.3049999475479126,35405.0
2026-08-05 10:07:00,OCS,,12.149999618530273,12.149999618530273,12.149999618530273,12.149999618530273,351.0
2026-08-05 10:07:00,OCSL,,12.210000038146973,12.220000267028809,12.130000114440918,12.140000343322754,23538.0
2026-08-05 10:07:00,OCUL,,8.760000228881836,8.774999618530273,8.760000228881836,8.770000457763672,2478.0
2026-08-05 10:07:00,ODFL,,219.40370178222656,219.40370178222656,219.40370178222656,219.40370178222656,286.0
2026-08-05 10:07:00,OESX,,16.06999969482422,16.440000534057617,16.06999969482422,16.420000076293945,1638.0
2026-08-05 10:07:00,OGI,,0.9704999923706055,0.9704999923706055,0.9704999923706055,0.9704999923706055,465.0
2026-08-05 10:07:00,OLLI,,78.49500274658203,78.49500274658203,78.33999633789062,78.37000274658203,13903.0
2026-08-05 10:07:00,OLMA,,11.845000267028809,11.845000267028809,11.800000190734863,11.800000190734863,5144.0
2026-08-05 10:07:00,OM,,5.059999942779541,5.090000152587891,5.054999828338623,5.054999828338623,1781.0
2026-08-05 10:07:00,OMEX,,0.7439000010490417,0.7477999925613403,0.7439000010490417,0.7461000084877014,5524.0
2026-08-05 10:07:00,OMH,,0.11069999635219574,0.11069999635219574,0.10999999940395355,0.10999999940395355,3788.0
2026-08-05 10:07:00,ON,,79.41999816894531,79.5199966430664,79.28500366210938,79.28500366210938,21031.0
2026-08-05 10:07:00,ONB,,27.15999984741211,27.170000076293945,27.15999984741211,27.15999984741211,3256.0
2026-08-05 10:07:00,ONBPO,,24.730199813842773,24.730199813842773,24.730199813842773,24.730199813842773,530.0
2026-08-05 10:07:00,ONCY,,0.7961999773979187,0.7961999773979187,0.7961999773979187,0.7961999773979187,200.0
2026-08-05 10:07:00,ONDS,,8.96500015258789,8.979999542236328,8.960000038146973,8.960000038146973,85742.0
2026-08-05 10:07:00,ONFO,,0.07419999688863754,0.07540000230073929,0.07249999791383743,0.07249999791383743,51853.0
2026-08-05 10:07:00,ONMD,,0.6873000264167786,0.6873000264167786,0.6873000264167786,0.6873000264167786,3648.0
2026-08-05 10:07:00,OPAL,,2.3499999046325684,2.3499999046325684,2.3499999046325684,2.3499999046325684,300.0
2026-08-05 10:07:00,OPCH,,23.3799991607666,23.3799991607666,23.3799991607666,23.3799991607666,1299.0
2026-08-05 10:07:00,OPEN,,3.7701001167297363,3.789900064468384,3.7699999809265137,3.7799999713897705,158597.0
2026-08-05 10:07:00,OPK,,1.309999942779541,1.319700002670288,1.309999942779541,1.319700002670288,1401.0
2026-08-05 10:07:00,OPRT,,6.159999847412109,6.159999847412109,6.159999847412109,6.159999847412109,581.0
2026-08-05 10:07:00,ORGO,,2.365000009536743,2.365000009536743,2.365000009536743,2.365000009536743,1564.0
2026-08-05 10:07:00,ORIC,,13.520000457763672,13.555000305175781,13.510000228881836,13.555000305175781,1337.0
2026-08-05 10:07:00,ORLY,,93.68990325927734,93.83999633789062,93.68000030517578,93.82499694824219,15065.0
2026-08-05 10:07:00,OSBC,,25.8799991607666,25.8799991607666,25.8799991607666,25.8799991607666,3098.0
2026-08-05 10:07:00,OSS,,13.739999771118164,13.739999771118164,13.704999923706055,13.704999923706055,2076.0
2026-08-05 10:07:00,OTEX,,26.030000686645508,26.040000915527344,26.030000686645508,26.040000915527344,1785.0
2026-08-05 10:07:00,OTLK,,1.0299999713897705,1.0299999713897705,1.0200999975204468,1.024999976158142,13910.0
2026-08-05 10:07:00,OTLY,,14.319999694824219,14.319999694824219,14.1899995803833,14.1899995803833,2398.0
2026-08-05 10:07:00,OTTR,,92.2750015258789,92.2750015258789,92.2750015258789,92.2750015258789,355.0
2026-08-05 10:07:00,OXLC,,9.114999771118164,9.114999771118164,9.114999771118164,9.114999771118164,1357.0
2026-08-05 10:07:00,OXLCZ,,24.924999237060547,24.92609977722168,24.924999237060547,24.92609977722168,750.0
2026-08-05 10:07:00,OXSQ,,1.48989999294281,1.48989999294281,1.4800000190734863,1.4800000190734863,5667.0
2026-08-05 10:07:00,PAA,,23.309999465942383,23.325000762939453,23.295000076293945,23.325000762939453,8325.0
2026-08-05 10:07:00,PAAS,,47.94179916381836,48.0099983215332,47.939998626708984,47.970001220703125,20419.0
2026-08-05 10:07:00,PACB,,1.4500000476837158,1.4500000476837158,1.4450000524520874,1.4500000476837158,33799.0
2026-08-05 10:07:00,PAGP,,25.229999542236328,25.239999771118164,25.229999542236328,25.239999771118164,2598.0
2026-08-05 10:07:00,PALI,,2.115000009536743,2.119999885559082,2.115000009536743,2.119999885559082,854.0
2026-08-05 10:07:00,PANL,,7.364999771118164,7.383500099182129,7.364999771118164,7.383500099182129,934.0
2026-08-05 10:07:00,PANW,,369.9849853515625,370.2300109863281,369.44500732421875,369.44500732421875,13077.0
2026-08-05 10:07:00,PATK,,88.2699966430664,88.2699966430664,88.26000213623047,88.26000213623047,740.0
2026-08-05 10:07:00,PAX,,11.444999694824219,11.454999923706055,11.444999694824219,11.454999923706055,2336.0
2026-08-05 10:07:00,PAYO,,7.119999885559082,7.119999885559082,7.119999885559082,7.119999885559082,1873.0
2026-08-05 10:07:00,PAYX,,117.80000305175781,118.01000213623047,117.80000305175781,118.01000213623047,4787.0
2026-08-05 10:07:00,PCAR,,136.05999755859375,136.17999267578125,136.05999755859375,136.17999267578125,1731.0
2026-08-05 10:07:00,PCRX,,25.809999465942383,25.93000030517578,25.809999465942383,25.93000030517578,2533.0
2026-08-05 10:07:00,PCT,,6.985000133514404,6.999899864196777,6.980000019073486,6.980000019073486,20689.0
2026-08-05 10:07:00,PCTY,,146.83999633789062,146.83999633789062,146.1999969482422,146.75999450683594,17516.0
2026-08-05 10:07:00,PDD,,91.87000274658203,91.88999938964844,91.83999633789062,91.8499984741211,16793.0
2026-08-05 10:07:00,PDFS,,50.48500061035156,50.48500061035156,50.48500061035156,50.48500061035156,936.0
2026-08-05 10:07:00,PDLB,,20.729999542236328,20.729999542236328,20.729999542236328,20.729999542236328,141.0
2026-08-05 10:07:00,PEBK,,43.56999969482422,43.56999969482422,43.56999969482422,43.56999969482422,876.0
2026-08-05 10:07:00,PEBO,,41.779998779296875,41.779998779296875,41.77000045776367,41.77000045776367,1339.0
2026-08-05 10:07:00,PEGA,,31.459999084472656,31.459999084472656,31.440000534057617,31.440000534057617,1293.0
2026-08-05 10:07:00,PENN,,20.020000457763672,20.030000686645508,20.020000457763672,20.020000457763672,4717.0
2026-08-05 10:07:00,PEP,,138.48269653320312,138.5800018310547,138.48269653320312,138.5800018310547,9217.0
2026-08-05 10:07:00,PEPG,,1.9249999523162842,1.9249999523162842,1.9199999570846558,1.9199999570846558,2428.0
2026-08-05 10:07:00,PERI,,9.635000228881836,9.635000228881836,9.630000114440918,9.630000114440918,732.0
2026-08-05 10:07:00,PESI,,17.600000381469727,17.600000381469727,17.600000381469727,17.600000381469727,341.0
2026-08-05 10:07:00,PFG,,115.68499755859375,115.68499755859375,115.68499755859375,115.68499755859375,934.0
2026-08-05 10:07:00,PGEN,,7.096099853515625,7.119999885559082,7.074999809265137,7.074999809265137,73240.0
2026-08-05 10:07:00,PGNY,,31.43000030517578,31.43000030517578,31.399999618530273,31.399999618530273,1695.0
2026-08-05 10:07:00,PGY,,21.68000030517578,21.68000030517578,21.6200008392334,21.6299991607666,5758.0
2026-08-05 10:07:00,PGYWW,,0.02889999933540821,0.02889999933540821,0.02889999933540821,0.02889999933540821,22012.0
2026-08-05 10:07:00,PHAT,,8.720000267028809,8.739999771118164,8.699999809265137,8.729999542236328,39101.0
2026-08-05 10:07:00,PHUN,,2.180000066757202,2.180000066757202,2.180000066757202,2.180000066757202,450.0
2026-08-05 10:07:00,PHVS,,33.59000015258789,33.59000015258789,33.59000015258789,33.59000015258789,15082.0
2026-08-05 10:07:00,PKBK,,34.1349983215332,34.1349983215332,34.1349983215332,34.1349983215332,205.0
2026-08-05 10:07:00,PLAB,,32.25,32.25,32.25,32.25,707.0
2026-08-05 10:07:00,PLTK,,4.0,4.0,4.0,4.0,330.0
2026-08-05 10:07:00,PLUG,,2.119999885559082,2.119999885559082,2.109999895095825,2.109999895095825,73913.0
2026-08-05 10:07:00,PLXS,,275.6000061035156,275.6000061035156,274.18499755859375,274.7650146484375,5201.0
2026-08-05 10:07:00,PNBK,,1.1399999856948853,1.1399999856948853,1.1299999952316284,1.1299999952316284,1961.0
2026-08-05 10:07:00,PNFP,,108.00499725341797,108.00499725341797,108.00499725341797,108.00499725341797,442.0
2026-08-05 10:07:00,PNTG,,38.599998474121094,38.599998474121094,38.595001220703125,38.595001220703125,598.0
2026-08-05 10:07:00,POET,,8.449999809265137,8.470000267028809,8.426400184631348,8.426400184631348,17175.0
2026-08-05 10:07:00,POOL,,203.8800048828125,204.27999877929688,203.8800048828125,204.27999877929688,932.0
2026-08-05 10:07:00,POWI,,63.32500076293945,63.32500076293945,63.32500076293945,63.32500076293945,1400.0
2026-08-05 10:07:00,POWL,,213.5500030517578,213.5500030517578,213.50999450683594,213.50999450683594,835.0
2026-08-05 10:07:00,PPC,,26.709999084472656,26.770000457763672,26.709999084472656,26.770000457763672,6133.0
2026-08-05 10:07:00,PPTA,,22.489999771118164,22.520000457763672,22.47260093688965,22.47260093688965,2151.0
2026-08-05 10:07:00,PRAX,,319.0,320.5450134277344,319.0,319.6400146484375,1016.0
2026-08-05 10:07:00,PRCH,,16.104999542236328,16.18000030517578,16.079999923706055,16.15999984741211,11432.0
2026-08-05 10:07:00,PRCT,,18.25,18.28499984741211,18.1200008392334,18.1200008392334,18726.0
2026-08-05 10:07:00,PRDO,,33.45000076293945,33.5,33.45000076293945,33.5,5036.0
2026-08-05 10:07:00,PRME,,3.015000104904175,3.025099992752075,3.009999990463257,3.009999990463257,21129.0
2026-08-05 10:07:00,PROK,,1.6799999475479126,1.684999942779541,1.6799999475479126,1.6799999475479126,10879.0
2026-08-05 10:07:00,PRQR,,1.899999976158142,1.9049999713897705,1.899999976158142,1.899999976158142,30169.0
2026-08-05 10:07:00,PRTA,,8.675000190734863,8.680000305175781,8.675000190734863,8.680000305175781,2367.0
2026-08-05 10:07:00,PRVA,,23.799999237060547,23.860000610351562,23.799999237060547,23.860000610351562,3543.0
2026-08-05 10:07:00,PRZO,,0.5515999794006348,0.5515999794006348,0.5515999794006348,0.5515999794006348,2600.0
2026-08-05 10:07:00,PSEC,,2.208899974822998,2.208899974822998,2.200000047683716,2.2049999237060547,1450.0
2026-08-05 10:07:00,PSNL,,13.569999694824219,13.600000381469727,13.569999694824219,13.59000015258789,2245.0
2026-08-05 10:07:00,PSNY,,14.449999809265137,14.449999809265137,14.390000343322754,14.390000343322754,1137.0
2026-08-05 10:07:00,PTC,,142.14999389648438,142.25999450683594,142.14999389648438,142.25999450683594,923.0
2026-08-05 10:07:00,PTCT,,69.62000274658203,69.68000030517578,69.48500061035156,69.5,45695.0
2026-08-05 10:07:00,PTEN,,9.895000457763672,9.914999961853027,9.880000114440918,9.90999984741211,9454.0
2026-08-05 10:07:00,PTLO,,4.605000019073486,4.605000019073486,4.605000019073486,4.605000019073486,2185.0
2026-08-05 10:07:00,PTON,,6.550000190734863,6.559999942779541,6.550000190734863,6.559999942779541,5629.0
2026-08-05 10:07:00,PWP,,17.309999465942383,17.31999969482422,17.260000228881836,17.299999237060547,3055.0
2026-08-05 10:07:00,PYPD,,4.46999979019165,4.485000133514404,4.460000038146973,4.460000038146973,1494.0
2026-08-05 10:07:00,PYPL,,58.7400016784668,58.775001525878906,58.72999954223633,58.755001068115234,9033.0
2026-08-05 10:07:00,PYXS,,3.2836999893188477,3.2880001068115234,3.2799999713897705,3.2799999713897705,1725.0
2026-08-05 10:07:00,PZZA,,30.709999084472656,30.75,30.709999084472656,30.75,1741.0
2026-08-05 10:07:00,QCOM,,161.35479736328125,161.5,161.2100067138672,161.30999755859375,19807.0
2026-08-05 10:07:00,QRVO,,95.4800033569336,95.4800033569336,95.4800033569336,95.4800033569336,135.0
2026-08-05 10:07:00,SEED,,0.9200999736785889,0.9200999736785889,0.9200999736785889,0.9200999736785889,1337.0
2026-08-05 10:07:00,STIM,,2.325000047683716,2.325000047683716,2.325000047683716,2.325000047683716,697.0
2026-08-05 10:07:00,TARA,,4.119999885559082,4.119999885559082,4.119999885559082,4.119999885559082,1967.0
2026-08-05 10:07:00,WOOF,,2.9649999141693115,2.9649999141693115,2.9649999141693115,2.9649999141693115,474.0
2026-08-05 10:08:00,ACDC,,4.235000133514404,4.244999885559082,4.230000019073486,4.244999885559082,4045.0
2026-08-05 10:08:00,CNXN,,84.34500122070312,84.34500122070312,84.33999633789062,84.33999633789062,367.0
2026-08-05 10:08:00,DTIL,,7.579999923706055,7.579999923706055,7.539999961853027,7.579999923706055,3787.0
2026-08-05 10:08:00,EYE,,23.530000686645508,23.549999237060547,23.520000457763672,23.540000915527344,3727.0
2026-08-05 10:08:00,GLUE,,16.274999618530273,16.28499984741211,16.200000762939453,16.200000762939453,12587.0
2026-08-05 10:08:00,KIDS,,21.709999084472656,21.709999084472656,21.709999084472656,21.709999084472656,1384.0
2026-08-05 10:08:00,MBRX,,0.4049000144004822,0.40619999170303345,0.4049000144004822,0.40610000491142273,703.0
2026-08-05 10:08:00,MDB,,378.9999084472656,379.1000061035156,378.2900085449219,378.8901062011719,3545.0
2026-08-05 10:08:00,MDLZ,,61.755001068115234,61.77000045776367,61.70500183105469,61.720001220703125,10308.0
2026-08-05 10:08:00,MLTX,,18.09000015258789,18.09000015258789,18.049999237060547,18.049999237060547,1017.0
2026-08-05 10:08:00,MNPR,,115.82499694824219,115.82499694824219,115.82499694824219,115.82499694824219,356.0
2026-08-05 10:08:00,MNRO,,13.3100004196167,13.3100004196167,13.3100004196167,13.3100004196167,181.0
2026-08-05 10:08:00,MNST,,94.77999877929688,94.83000183105469,94.77999877929688,94.82499694824219,11374.0
2026-08-05 10:08:00,MNTS,,4.449999809265137,4.474999904632568,4.429999828338623,4.474999904632568,8196.0
2026-08-05 10:08:00,MODD,,2.0373001098632812,2.0373001098632812,2.0373001098632812,2.0373001098632812,712.0
2026-08-05 10:08:00,MOVE,,12.062000274658203,12.3641996383667,12.062000274658203,12.3641996383667,1561.0
2026-08-05 10:08:00,MPWR,,1331.77001953125,1338.1800537109375,1331.77001953125,1336.1800537109375,572.0
2026-08-05 10:08:00,MRNA,,58.849998474121094,59.0,58.849998474121094,58.900001525878906,36123.0
2026-08-05 10:08:00,MYGN,,3.115000009536743,3.115000009536743,3.115000009536743,3.115000009536743,1083.0
2026-08-05 10:08:00,NAMS,,27.315000534057617,27.315000534057617,27.299999237060547,27.315000534057617,1395.0
2026-08-05 10:08:00,NAUT,,0.9944999814033508,0.9962000250816345,0.9925000071525574,0.9962000250816345,13383.0
2026-08-05 10:08:00,NAVI,,9.045000076293945,9.045000076293945,9.045000076293945,9.045000076293945,426.0
2026-08-05 10:08:00,NB,,5.135000228881836,5.144999980926514,5.135000228881836,5.139999866485596,7532.0
2026-08-05 10:08:00,NBIX,,165.04010009765625,165.31500244140625,165.04010009765625,165.31500244140625,994.0
2026-08-05 10:08:00,NCMI,,4.110000133514404,4.110000133514404,4.110000133514404,4.110000133514404,707.0
2026-08-05 10:08:00,NDAQ,,94.73500061035156,94.73999786376953,94.69000244140625,94.73999786376953,2221.0
2026-08-05 10:08:00,NDSN,,311.7349853515625,311.7349853515625,311.7349853515625,311.7349853515625,92.0
2026-08-05 10:08:00,NEGG,,16.469999313354492,16.469999313354492,16.3799991607666,16.3799991607666,767.0
2026-08-05 10:08:00,NEO,,16.149999618530273,16.149999618530273,16.1299991607666,16.1299991607666,1795.0
2026-08-05 10:08:00,NEOG,,11.699999809265137,11.704999923706055,11.6899995803833,11.6899995803833,3778.0
2026-08-05 10:08:00,NEOV,,2.9400999546051025,2.9600000381469727,2.930000066757202,2.930000066757202,86671.0
2026-08-05 10:08:00,NESR,,28.829999923706055,28.84000015258789,28.829999923706055,28.84000015258789,1230.0
2026-08-05 10:08:00,NEXT,,6.429999828338623,6.440000057220459,6.429999828338623,6.429999828338623,25880.0
2026-08-05 10:08:00,NFLX,,73.83499908447266,73.9800033569336,73.81999969482422,73.94499969482422,85988.0
2026-08-05 10:08:00,NHTC,,1.781499981880188,1.781499981880188,1.781499981880188,1.781499981880188,353.0
2026-08-05 10:08:00,NICE,,96.30999755859375,96.33999633789062,95.66179656982422,95.66179656982422,5945.0
2026-08-05 10:08:00,NKTR,,73.2699966430664,73.2699966430664,73.2699966430664,73.2699966430664,516.0
2026-08-05 10:08:00,NMFC,,7.364999771118164,7.369999885559082,7.355000019073486,7.355000019073486,6511.0
2026-08-05 10:08:00,NMIH,,44.369998931884766,44.369998931884766,44.369998931884766,44.369998931884766,652.0
2026-08-05 10:08:00,NMRK,,15.680000305175781,15.680000305175781,15.680000305175781,15.680000305175781,826.0
2026-08-05 10:08:00,NN,,14.380000114440918,14.395000457763672,14.380000114440918,14.395000457763672,2267.0
2026-08-05 10:08:00,NNBR,,3.9000000953674316,3.9200000762939453,3.9000000953674316,3.9149999618530273,2278.0
2026-08-05 10:08:00,NNDM,,1.559999942779541,1.565000057220459,1.559999942779541,1.565000057220459,5194.0
2026-08-05 10:08:00,NODK,,15.800000190734863,15.800000190734863,15.800000190734863,15.800000190734863,614.0
2026-08-05 10:08:00,NOVT,,160.0,160.0,160.0,160.0,1043.0
2026-08-05 10:08:00,NPCE,,13.630000114440918,13.710000038146973,13.630000114440918,13.710000038146973,3000.0
2026-08-05 10:08:00,NRDS,,9.1850004196167,9.1850004196167,9.175000190734863,9.179699897766113,11987.0
2026-08-05 10:08:00,NRXP,,3.0899999141693115,3.0899999141693115,3.0899999141693115,3.0899999141693115,1200.0
2026-08-05 10:08:00,NTAP,,191.0500030517578,191.27000427246094,190.9199981689453,191.11500549316406,2318.0
2026-08-05 10:08:00,NTCT,,41.959999084472656,41.959999084472656,41.959999084472656,41.959999084472656,715.0
2026-08-05 10:08:00,NTNX,,60.90999984741211,60.95500183105469,60.8650016784668,60.8650016784668,5916.0
2026-08-05 10:08:00,NTRA,,278.18499755859375,278.18499755859375,278.06500244140625,278.06500244140625,2074.0
2026-08-05 10:08:00,NTRS,,185.66000366210938,185.66000366210938,185.66000366210938,185.66000366210938,1381.0
2026-08-05 10:08:00,NUWE,,1.7599999904632568,1.7599999904632568,1.75,1.75,2064.0
2026-08-05 10:08:00,NVAX,,7.735000133514404,7.749899864196777,7.724999904632568,7.724999904632568,3749.0
2026-08-05 10:08:00,NVCR,,16.059999465942383,16.059999465942383,16.040000915527344,16.040000915527344,2130.0
2026-08-05 10:08:00,NVDA,,221.72500610351562,221.72500610351562,221.72500610351562,221.72500610351562,522886.0
2026-08-05 10:08:00,NVEC,,129.5,129.60000610351562,129.5,129.60000610351562,602.0
2026-08-05 10:08:00,NVMI,,413.5799865722656,414.4700012207031,413.5799865722656,414.4700012207031,1102.0
2026-08-05 10:08:00,NVTS,,12.819999694824219,12.835000038146973,12.789600372314453,12.819999694824219,33721.0
2026-08-05 10:08:00,NWBI,,16.010000228881836,16.014999389648438,16.010000228881836,16.014999389648438,997.0
2026-08-05 10:08:00,NWL,,6.019999980926514,6.03000020980835,6.019999980926514,6.019999980926514,15596.0
2026-08-05 10:08:00,NWS,,32.40999984741211,32.43000030517578,32.400001525878906,32.415000915527344,4736.0
2026-08-05 10:08:00,NWSA,,28.295000076293945,28.295000076293945,28.264999389648438,28.270000457763672,11028.0
2026-08-05 10:08:00,NXPI,,234.0800018310547,234.3800048828125,234.02999877929688,234.0800018310547,3876.0
2026-08-05 10:08:00,NXT,,99.76249694824219,99.88500213623047,99.66999816894531,99.70999908447266,4602.0
2026-08-05 10:08:00,OCFC,,19.834999084472656,19.834999084472656,19.834999084472656,19.834999084472656,182.0
2026-08-05 10:08:00,OCGN,,1.3199000358581543,1.3199000358581543,1.3102999925613403,1.315000057220459,4163.0
2026-08-05 10:08:00,OCS,,12.15999984741211,12.15999984741211,12.15999984741211,12.15999984741211,966.0
2026-08-05 10:08:00,OCSL,,12.1899995803833,12.199999809265137,12.1850004196167,12.1899995803833,2965.0
2026-08-05 10:08:00,OCUL,,8.774999618530273,8.774999618530273,8.760000228881836,8.760000228881836,1667.0
2026-08-05 10:08:00,ODFL,,219.5449981689453,219.5449981689453,219.5449981689453,219.5449981689453,1498.0
2026-08-05 10:08:00,OESX,,16.559999465942383,16.559999465942383,16.235000610351562,16.235000610351562,6934.0
2026-08-05 10:08:00,OFIX,,10.699999809265137,10.8100004196167,10.649999618530273,10.699999809265137,39449.0
2026-08-05 10:08:00,OKTA,,149.0749969482422,149.17999267578125,149.07000732421875,149.07000732421875,1624.0
2026-08-05 10:08:00,OLLI,,78.54000091552734,78.55500030517578,78.43000030517578,78.44999694824219,5893.0
2026-08-05 10:08:00,OLMA,,11.84000015258789,11.869999885559082,11.84000015258789,11.869999885559082,1457.0
2026-08-05 10:08:00,OMCL,,36.76499938964844,36.77000045776367,36.76499938964844,36.77000045776367,2532.0
2026-08-05 10:08:00,OMER,,12.9399995803833,12.9399995803833,12.930100440979004,12.930100440979004,371.0
2026-08-05 10:08:00,OMEX,,0.7498000264167786,0.7498000264167786,0.7498000264167786,0.7498000264167786,0.0
2026-08-05 10:08:00,OMH,,0.11069999635219574,0.11100000143051147,0.1103999987244606,0.11060000211000443,5204.0
2026-08-05 10:08:00,ON,,79.2750015258789,79.5,79.2249984741211,79.43000030517578,26693.0
2026-08-05 10:08:00,ONB,,27.165000915527344,27.165000915527344,27.165000915527344,27.165000915527344,1592.0
2026-08-05 10:08:00,ONCY,,0.7942000031471252,0.7942000031471252,0.7942000031471252,0.7942000031471252,300.0
2026-08-05 10:08:00,ONDS,,8.96500015258789,8.989999771118164,8.949999809265137,8.970000267028809,90062.0
2026-08-05 10:08:00,ONFO,,0.07540000230073929,0.07590000331401825,0.07419999688863754,0.07419999688863754,33738.0
2026-08-05 10:08:00,OPCH,,23.440000534057617,23.440000534057617,23.3799991607666,23.3799991607666,3241.0
2026-08-05 10:08:00,OPEN,,3.7699999809265137,3.7799999713897705,3.7699999809265137,3.7750000953674316,61275.0
2026-08-05 10:08:00,OPHC,,8.850000381469727,8.850000381469727,8.850000381469727,8.850000381469727,201.0
2026-08-05 10:08:00,OPK,,1.309999942779541,1.309999942779541,1.309999942779541,1.309999942779541,282.0
2026-08-05 10:08:00,ORIC,,13.5649995803833,13.5649995803833,13.510000228881836,13.524999618530273,1943.0
2026-08-05 10:08:00,ORLY,,93.68000030517578,93.73999786376953,93.63500213623047,93.69999694824219,15334.0
2026-08-05 10:08:00,OSIS,,236.13999938964844,236.14500427246094,235.13999938964844,235.13999938964844,190.0
2026-08-05 10:08:00,OSPN,,16.700000762939453,16.700000762939453,16.700000762939453,16.700000762939453,301.0
2026-08-05 10:08:00,OSS,,13.805000305175781,13.8100004196167,13.805000305175781,13.8100004196167,472.0
2026-08-05 10:08:00,OSW,,26.649999618530273,26.649999618530273,26.649999618530273,26.649999618530273,513.0
2026-08-05 10:08:00,OTEX,,25.969999313354492,25.989999771118164,25.969999313354492,25.989999771118164,1238.0
2026-08-05 10:08:00,OTLK,,1.0290000438690186,1.0299999713897705,1.024999976158142,1.024999976158142,25370.0
2026-08-05 10:08:00,OTTR,,92.48999786376953,92.48999786376953,92.2925033569336,92.2925033569336,1272.0
2026-08-05 10:08:00,OVID,,2.615000009536743,2.615000009536743,2.615000009536743,2.615000009536743,399.0
2026-08-05 10:08:00,OXLC,,9.100000381469727,9.111000061035156,9.100000381469727,9.111000061035156,5167.0
2026-08-05 10:08:00,OXLCM,,25.08989906311035,25.08989906311035,25.05500030517578,25.087499618530273,780.0
2026-08-05 10:08:00,OXLCZ,,24.93000030517578,24.93000030517578,24.929899215698242,24.929899215698242,400.0
2026-08-05 10:08:00,OXSQ,,1.4800000190734863,1.4800000190734863,1.4800000190734863,1.4800000190734863,475.0
2026-08-05 10:08:00,PAA,,23.30500030517578,23.315000534057617,23.301700592041016,23.309999465942383,3662.0
2026-08-05 10:08:00,PAAS,,47.939998626708984,48.0,47.92499923706055,47.92499923706055,22166.0
2026-08-05 10:08:00,PACB,,1.4500000476837158,1.4500000476837158,1.4450000524520874,1.4500000476837158,34920.0
2026-08-05 10:08:00,PALI,,2.115000009536743,2.119999885559082,2.115000009536743,2.115000009536743,4008.0
2026-08-05 10:08:00,PANL,,7.360000133514404,7.360000133514404,7.360000133514404,7.360000133514404,975.0
2026-08-05 10:08:00,PANW,,370.45001220703125,370.92498779296875,370.0150146484375,370.0150146484375,18759.0
2026-08-05 10:08:00,PATK,,88.31999969482422,88.31999969482422,88.31999969482422,88.31999969482422,304.0
2026-08-05 10:08:00,PAX,,11.430000305175781,11.4399995803833,11.430000305175781,11.4399995803833,1016.0
2026-08-05 10:08:00,PAYX,,117.7300033569336,117.80500030517578,117.7300033569336,117.80000305175781,2794.0
2026-08-05 10:08:00,PCAR,,136.11500549316406,136.13999938964844,136.0500030517578,136.0500030517578,3843.0
2026-08-05 10:08:00,PCRX,,25.889999389648438,25.90999984741211,25.81999969482422,25.81999969482422,2728.0
2026-08-05 10:08:00,PCT,,6.979400157928467,6.980000019073486,6.96019983291626,6.980000019073486,13991.0
2026-08-05 10:08:00,PCTY,,147.6649932861328,148.0,146.74000549316406,146.74000549316406,33298.0
2026-08-05 10:08:00,PDD,,91.87999725341797,91.91999816894531,91.87999725341797,91.9000015258789,22823.0
2026-08-05 10:08:00,PEBO,,41.779998779296875,41.779998779296875,41.779998779296875,41.779998779296875,640.0
2026-08-05 10:08:00,PECO,,41.34000015258789,41.349998474121094,41.34000015258789,41.349998474121094,495.0
2026-08-05 10:08:00,PEGA,,31.489999771118164,31.489999771118164,31.479999542236328,31.479999542236328,1695.0
2026-08-05 10:08:00,PENN,,20.040000915527344,20.040000915527344,20.024999618530273,20.024999618530273,2670.0
2026-08-05 10:08:00,PEP,,138.6300048828125,138.6300048828125,138.47500610351562,138.48500061035156,10412.0
2026-08-05 10:08:00,PEPG,,1.9249999523162842,1.9249999523162842,1.9249999523162842,1.9249999523162842,663.0
2026-08-05 10:08:00,PERI,,9.640000343322754,9.640000343322754,9.630000114440918,9.630000114440918,2140.0
2026-08-05 10:08:00,PESI,,17.600000381469727,17.600000381469727,17.600000381469727,17.600000381469727,370.0
2026-08-05 10:08:00,PFBC,,107.02999877929688,107.02999877929688,107.02999877929688,107.02999877929688,623.0
2026-08-05 10:08:00,PFG,,115.6500015258789,115.68499755859375,115.6500015258789,115.68499755859375,720.0
2026-08-05 10:08:00,PGC,,46.790000915527344,46.790000915527344,46.7400016784668,46.7400016784668,4403.0
2026-08-05 10:08:00,PGEN,,7.114999771118164,7.119999885559082,7.065000057220459,7.09499979019165,116423.0
2026-08-05 10:08:00,PGNY,,31.440000534057617,31.440000534057617,31.440000534057617,31.440000534057617,1012.0
2026-08-05 10:08:00,PGY,,21.65999984741211,21.690000534057617,21.65999984741211,21.690000534057617,1939.0
2026-08-05 10:08:00,PHAT,,8.710100173950195,8.759900093078613,8.710100173950195,8.749899864196777,2955.0
2026-08-05 10:08:00,PHUN,,2.170099973678589,2.170099973678589,2.1700000762939453,2.1700000762939453,285.0
2026-08-05 10:08:00,PHVS,,33.630001068115234,34.130001068115234,33.58000183105469,33.83000183105469,3528.0
2026-08-05 10:08:00,PLPC,,456.2699890136719,456.2699890136719,455.6499938964844,455.6499938964844,591.0
2026-08-05 10:08:00,PLTK,,3.994999885559082,3.994999885559082,3.994999885559082,3.994999885559082,3796.0
2026-08-05 10:08:00,PLUG,,2.115000009536743,2.119999885559082,2.109999895095825,2.109999895095825,31823.0
2026-08-05 10:08:00,PMN,,13.350000381469727,13.350000381469727,13.350000381469727,13.350000381469727,261.0
2026-08-05 10:08:00,PNFP,,108.0,108.0,108.0,108.0,641.0
2026-08-05 10:08:00,PNTG,,38.279998779296875,38.279998779296875,38.279998779296875,38.279998779296875,403.0
2026-08-05 10:08:00,POET,,8.440099716186523,8.470000267028809,8.425000190734863,8.454999923706055,28090.0
2026-08-05 10:08:00,POOL,,203.63999938964844,203.8800048828125,203.63999938964844,203.8800048828125,719.0
2026-08-05 10:08:00,POWL,,213.1999969482422,213.79420471191406,213.0800018310547,213.52000427246094,1084.0
2026-08-05 10:08:00,PPC,,26.729999542236328,26.729999542236328,26.71500015258789,26.71500015258789,541.0
2026-08-05 10:08:00,PPTA,,22.5,22.56999969482422,22.5,22.510000228881836,13261.0
2026-08-05 10:08:00,PRCH,,16.149999618530273,16.149999618530273,16.126399993896484,16.126399993896484,2350.0
2026-08-05 10:08:00,PRCT,,18.280000686645508,18.350000381469727,18.2450008392334,18.2450008392334,5305.0
2026-08-05 10:08:00,PRDO,,33.45000076293945,33.45000076293945,33.45000076293945,33.45000076293945,327.0
2026-08-05 10:08:00,PRGS,,41.6150016784668,41.6150016784668,41.55500030517578,41.55500030517578,374.0
2026-08-05 10:08:00,PRIM,,88.31500244140625,88.31500244140625,87.86000061035156,88.0,4016.0
2026-08-05 10:08:00,PRLD,,4.550000190734863,4.550000190734863,4.550000190734863,4.550000190734863,512.0
2026-08-05 10:08:00,PRQR,,1.909999966621399,1.909999966621399,1.9049999713897705,1.9049999713897705,2189.0
2026-08-05 10:08:00,PRTA,,8.680000305175781,8.680000305175781,8.680000305175781,8.680000305175781,1173.0
2026-08-05 10:08:00,PRTH,,6.690000057220459,6.690000057220459,6.659999847412109,6.659999847412109,534.0
2026-08-05 10:08:00,PRVA,,23.829999923706055,23.850000381469727,23.829999923706055,23.850000381469727,707.0
2026-08-05 10:08:00,PSEC,,2.2049999237060547,2.2100000381469727,2.200000047683716,2.2049999237060547,2678.0
2026-08-05 10:08:00,PSNL,,13.5600004196167,13.5600004196167,13.5600004196167,13.5600004196167,524.0
2026-08-05 10:08:00,PTC,,141.8699951171875,142.13999938964844,141.8699951171875,142.13999938964844,1034.0
2026-08-05 10:08:00,PTCT,,69.88500213623047,69.88500213623047,69.55999755859375,69.62000274658203,17740.0
2026-08-05 10:08:00,PTEN,,9.854999542236328,9.895000457763672,9.854999542236328,9.895000457763672,11527.0
2026-08-05 10:08:00,PTLO,,4.610000133514404,4.614999771118164,4.605000019073486,4.605000019073486,3790.0
2026-08-05 10:08:00,PTON,,6.545000076293945,6.550000190734863,6.545000076293945,6.550000190734863,5348.0
2026-08-05 10:08:00,PUBM,,13.65999984741211,13.65999984741211,13.65999984741211,13.65999984741211,937.0
2026-08-05 10:08:00,PWP,,17.31999969482422,17.31999969482422,17.31999969482422,17.31999969482422,639.0
2026-08-05 10:08:00,PXLW,,6.100500106811523,6.100500106811523,6.100500106811523,6.100500106811523,317.0
2026-08-05 10:08:00,PYPL,,58.70500183105469,58.75,58.70500183105469,58.75,6374.0
2026-08-05 10:08:00,PYXS,,3.2850000858306885,3.2850000858306885,3.2850000858306885,3.2850000858306885,201.0
2026-08-05 10:08:00,PZZA,,30.704999923706055,30.709999084472656,30.700000762939453,30.700000762939453,1606.0
2026-08-05 10:08:00,QCOM,,161.33999633789062,161.460693359375,161.3249969482422,161.38999938964844,11062.0
2026-08-05 10:08:00,QFIN,,13.380000114440918,13.380000114440918,13.369999885559082,13.369999885559082,1310.0
2026-08-05 10:08:00,QQQX,,30.704999923706055,30.709999084472656,30.684999465942383,30.684999465942383,523.0
2026-08-05 10:08:00,QRVO,,95.4800033569336,95.4800033569336,95.37000274658203,95.41000366210938,2538.0
2026-08-05 10:08:00,STIM,,2.325000047683716,2.325000047683716,2.325000047683716,2.325000047683716,349.0
2026-08-05 10:08:00,WOOF,,2.9649999141693115,2.9697999954223633,2.9600000381469727,2.9600000381469727,7121.0
2026-08-05 10:09:00,ACDC,,4.244999885559082,4.244999885559082,4.235000133514404,4.235000133514404,3361.0
2026-08-05 10:09:00,BPOP,,177.6999969482422,177.6999969482422,177.6999969482422,177.6999969482422,267.0
2026-08-05 10:09:00,CNXN,,84.30000305175781,84.30000305175781,84.30000305175781,84.30000305175781,455.0
2026-08-05 10:09:00,CPOP,,0.36480000615119934,0.36480000615119934,0.36480000615119934,0.36480000615119934,3503.0
2026-08-05 10:09:00,EYE,,23.524999618530273,23.524999618530273,23.524999618530273,23.524999618530273,1115.0
2026-08-05 10:09:00,GLUE,,16.344999313354492,16.360000610351562,16.280000686645508,16.280000686645508,6626.0
2026-08-05 10:09:00,KIDS,,21.610000610351562,21.729999542236328,21.549999237060547,21.729999542236328,5801.0
2026-08-05 10:09:00,KITT,,1.0750999450683594,1.0750999450683594,1.0750999450683594,1.0750999450683594,4602.0
2026-08-05 10:09:00,KITTW,,0.014000000432133675,0.014000000432133675,0.014000000432133675,0.014000000432133675,100.0
2026-08-05 10:09:00,MBRX,,0.40450000762939453,0.40700000524520874,0.40450000762939453,0.40700000524520874,909.0
2026-08-05 10:09:00,MDB,,379.2499084472656,379.2499084472656,378.36749267578125,379.0,1900.0
2026-08-05 10:09:00,MDLZ,,61.73500061035156,61.779998779296875,61.709999084472656,61.75389862060547,12116.0
2026-08-05 10:09:00,MLTX,,18.010000228881836,18.09000015258789,18.010000228881836,18.09000015258789,1278.0
2026-08-05 10:09:00,MNPR,,116.2699966430664,116.29000091552734,116.2699966430664,116.29000091552734,1099.0
2026-08-05 10:09:00,MNRO,,13.270000457763672,13.3100004196167,13.270000457763672,13.3100004196167,1141.0
2026-08-05 10:09:00,MNST,,94.76499938964844,94.86000061035156,94.73200225830078,94.80000305175781,22501.0
2026-08-05 10:09:00,MNTS,,4.43120002746582,4.460000038146973,4.43120002746582,4.43120002746582,1719.0
2026-08-05 10:09:00,MORN,,200.92999267578125,201.72000122070312,200.8699951171875,201.72000122070312,2783.0
2026-08-05 10:09:00,MPWR,,1333.10498046875,1335.8199462890625,1330.0,1335.8199462890625,1148.0
2026-08-05 10:09:00,MRNA,,59.10499954223633,59.122100830078125,58.849998474121094,58.8849983215332,17345.0
2026-08-05 10:09:00,MYGN,,3.115000009536743,3.115000009536743,3.115000009536743,3.115000009536743,2535.0
2026-08-05 10:09:00,MYRG,,345.2950134277344,346.989990234375,345.2950134277344,345.989990234375,493.0
2026-08-05 10:09:00,NAII,,2.2527999877929688,2.2527999877929688,2.2527999877929688,2.2527999877929688,4313.0
2026-08-05 10:09:00,NAMS,,27.299999237060547,27.315000534057617,27.299999237060547,27.315000534057617,3858.0
2026-08-05 10:09:00,NAUT,,1.0009000301361084,1.0099999904632568,0.9944999814033508,0.9944999814033508,5427.0
2026-08-05 10:09:00,NAVI,,9.029999732971191,9.039999961853027,9.015000343322754,9.039999961853027,5496.0
2026-08-05 10:09:00,NB,,5.139999866485596,5.15500020980835,5.139999866485596,5.144999980926514,3704.0
2026-08-05 10:09:00,NBIX,,165.3300018310547,165.3300018310547,165.3300018310547,165.3300018310547,625.0
2026-08-05 10:09:00,NCMI,,4.099999904632568,4.110000133514404,4.09499979019165,4.110000133514404,4979.0
2026-08-05 10:09:00,NDAQ,,94.73999786376953,94.73999786376953,94.61609649658203,94.68000030517578,2971.0
2026-08-05 10:09:00,NDSN,,311.7349853515625,311.7349853515625,311.7349853515625,311.7349853515625,122.0
2026-08-05 10:09:00,NEO,,16.139999389648438,16.139999389648438,16.1200008392334,16.1200008392334,2160.0
2026-08-05 10:09:00,NEOG,,11.71500015258789,11.71500015258789,11.704999923706055,11.704999923706055,2275.0
2026-08-05 10:09:00,NEOV,,2.9600000381469727,2.9688000679016113,2.940000057220459,2.940000057220459,30693.0
2026-08-05 10:09:00,NEOVW,,1.0822999477386475,1.0822999477386475,1.0822999477386475,1.0822999477386475,0.0
2026-08-05 10:09:00,NESR,,28.9950008392334,29.0,28.899999618530273,28.899999618530273,3556.0
2026-08-05 10:09:00,NEWT,,15.385000228881836,15.385000228881836,15.359999656677246,15.359999656677246,356.0
2026-08-05 10:09:00,NEXT,,6.434999942779541,6.440000057220459,6.429999828338623,6.429999828338623,5649.0
2026-08-05 10:09:00,NFLX,,73.91999816894531,73.93000030517578,73.81999969482422,73.83499908447266,75632.0
2026-08-05 10:09:00,NICE,,96.28500366210938,96.37999725341797,96.28500366210938,96.33000183105469,6118.0
2026-08-05 10:09:00,NKTX,,2.2200000286102295,2.2200000286102295,2.2200000286102295,2.2200000286102295,3019.0
2026-08-05 10:09:00,NMFC,,7.369999885559082,7.369999885559082,7.364999771118164,7.364999771118164,4618.0
2026-08-05 10:09:00,NMRK,,15.630000114440918,15.65999984741211,15.630000114440918,15.65999984741211,1788.0
2026-08-05 10:09:00,NN,,14.430000305175781,14.430000305175781,14.375,14.380000114440918,11674.0
2026-08-05 10:09:00,NNBR,,3.8949999809265137,3.9000000953674316,3.890000104904175,3.9000000953674316,1307.0
2026-08-05 10:09:00,NNDM,,1.559999942779541,1.565000057220459,1.559999942779541,1.565000057220459,2814.0
2026-08-05 10:09:00,NNOX,,1.0210000276565552,1.0210000276565552,1.0210000276565552,1.0210000276565552,7703.0
2026-08-05 10:09:00,NPCE,,13.6899995803833,13.6899995803833,13.6899995803833,13.6899995803833,481.0
2026-08-05 10:09:00,NRDS,,9.175000190734863,9.180000305175781,9.175000190734863,9.180000305175781,1446.0
2026-08-05 10:09:00,NRIM,,27.125,27.125,27.125,27.125,200.0
2026-08-05 10:09:00,NRIX,,25.299999237060547,25.299999237060547,25.299999237060547,25.299999237060547,738.0
2026-08-05 10:09:00,NRSN,,0.5789999961853027,0.5789999961853027,0.5789999961853027,0.5789999961853027,1628.0
2026-08-05 10:09:00,NRXP,,3.0999999046325684,3.0999999046325684,3.0999999046325684,3.0999999046325684,400.0
2026-08-05 10:09:00,NTAP,,190.86000061035156,191.13999938964844,190.86000061035156,191.0449981689453,3787.0
2026-08-05 10:09:00,NTES,,128.2899932861328,128.2899932861328,128.23500061035156,128.23500061035156,712.0
2026-08-05 10:09:00,NTGR,,24.049999237060547,24.049999237060547,24.049999237060547,24.049999237060547,940.0
2026-08-05 10:09:00,NTNX,,60.92499923706055,60.935001373291016,60.849998474121094,60.869998931884766,3029.0
2026-08-05 10:09:00,NTRS,,185.66000366210938,185.66000366210938,185.5,185.52000427246094,2937.0
2026-08-05 10:09:00,NUWE,,1.7699999809265137,1.7699999809265137,1.75,1.75,483.0
2026-08-05 10:09:00,NVAX,,7.735000133514404,7.744999885559082,7.731200218200684,7.735000133514404,2661.0
2026-08-05 10:09:00,NVCR,,16.049999237060547,16.06999969482422,16.049999237060547,16.06999969482422,1409.0
2026-08-05 10:09:00,NVCT,,20.204999923706055,20.290000915527344,20.204999923706055,20.25,1938.0
2026-08-05 10:09:00,NVDA,,221.63999938964844,221.8350067138672,221.52000427246094,221.74000549316406,598988.0
2026-08-05 10:09:00,NVEC,,129.7899932861328,129.7899932861328,129.7899932861328,129.7899932861328,1126.0
2026-08-05 10:09:00,NVMI,,413.4649963378906,413.4649963378906,413.4649963378906,413.4649963378906,681.0
2026-08-05 10:09:00,NVTS,,12.8100004196167,12.874300003051758,12.795000076293945,12.829899787902832,35053.0
2026-08-05 10:09:00,NWBI,,16.0049991607666,16.010000228881836,16.0049991607666,16.010000228881836,1753.0
2026-08-05 10:09:00,NWL,,6.010000228881836,6.014999866485596,6.000100135803223,6.014999866485596,10160.0
2026-08-05 10:09:00,NWS,,32.369998931884766,32.415000915527344,32.369998931884766,32.415000915527344,3225.0
2026-08-05 10:09:00,NWSA,,28.25,28.290000915527344,28.25,28.290000915527344,8605.0
2026-08-05 10:09:00,NXL,,0.3781999945640564,0.3781999945640564,0.3781999945640564,0.3781999945640564,303.0
2026-08-05 10:09:00,NXPI,,233.60000610351562,234.3699951171875,233.60000610351562,233.91000366210938,3548.0
2026-08-05 10:09:00,NXST,,193.33999633789062,193.33999633789062,193.33999633789062,193.33999633789062,483.0
2026-08-05 10:09:00,NXT,,99.8949966430664,99.99500274658203,99.87000274658203,99.99500274658203,5544.0
2026-08-05 10:09:00,NYXH,,1.4299999475479126,1.4299999475479126,1.4299999475479126,1.4299999475479126,1150.0
2026-08-05 10:09:00,OABI,,2.0350000858306885,2.0350000858306885,2.0299999713897705,2.0299999713897705,2335.0
2026-08-05 10:09:00,OCFC,,19.825000762939453,19.825000762939453,19.825000762939453,19.825000762939453,1531.0
2026-08-05 10:09:00,OCGN,,1.315000057220459,1.315000057220459,1.315000057220459,1.315000057220459,1910.0
2026-08-05 10:09:00,OCSL,,12.225000381469727,12.239999771118164,12.1899995803833,12.1899995803833,13277.0
2026-08-05 10:09:00,OCUL,,8.739999771118164,8.770000457763672,8.739999771118164,8.770000457763672,3234.0
2026-08-05 10:09:00,ODFL,,218.97000122070312,219.42999267578125,218.97000122070312,219.39999389648438,4267.0
2026-08-05 10:09:00,OESX,,16.700000762939453,16.700000762939453,16.325000762939453,16.559999465942383,3781.0
2026-08-05 10:09:00,OFIX,,10.699999809265137,10.699999809265137,10.65999984741211,10.65999984741211,19200.0
2026-08-05 10:09:00,OKTA,,149.03500366210938,149.0800018310547,149.0,149.0800018310547,2376.0
2026-08-05 10:09:00,OLLI,,78.625,78.69499969482422,78.47000122070312,78.47000122070312,13071.0
2026-08-05 10:09:00,OLMA,,11.84000015258789,11.84000015258789,11.810099601745605,11.810099601745605,1760.0
2026-08-05 10:09:00,OMER,,12.960000038146973,12.960000038146973,12.960000038146973,12.960000038146973,288.0
2026-08-05 10:09:00,OMH,,0.11050000041723251,0.11069999635219574,0.1103999987244606,0.11069999635219574,10576.0
2026-08-05 10:09:00,ON,,79.12999725341797,79.4800033569336,79.11000061035156,79.26000213623047,23695.0
2026-08-05 10:09:00,ONB,,27.149999618530273,27.165000915527344,27.149999618530273,27.15999984741211,2488.0
2026-08-05 10:09:00,ONBPP,,24.729999542236328,24.729999542236328,24.729999542236328,24.729999542236328,718.0
2026-08-05 10:09:00,ONDS,,8.970000267028809,8.979999542236328,8.96500015258789,8.967399597167969,99683.0
2026-08-05 10:09:00,ONFO,,0.07660000026226044,0.07660000026226044,0.0754999965429306,0.07590000331401825,115174.0
2026-08-05 10:09:00,OPBK,,15.774999618530273,15.774999618530273,15.774999618530273,15.774999618530273,513.0
2026-08-05 10:09:00,OPCH,,23.440000534057617,23.440000534057617,23.40999984741211,23.40999984741211,2147.0
2026-08-05 10:09:00,OPEN,,3.7850000858306885,3.7899999618530273,3.7699999809265137,3.7750000953674316,138143.0
2026-08-05 10:09:00,OPK,,1.3200000524520874,1.3200000524520874,1.315000057220459,1.315000057220459,972.0
2026-08-05 10:09:00,OPRA,,20.270099639892578,20.270099639892578,20.270099639892578,20.270099639892578,288.0
2026-08-05 10:09:00,ORIC,,13.529999732971191,13.569999694824219,13.515000343322754,13.5649995803833,4050.0
2026-08-05 10:09:00,ORLY,,93.72000122070312,93.7300033569336,93.6500015258789,93.66500091552734,12677.0
2026-08-05 10:09:00,ORMP,,4.460000038146973,4.460000038146973,4.460000038146973,4.460000038146973,594.0
2026-08-05 10:09:00,OSBC,,25.8799991607666,25.889999389648438,25.8799991607666,25.8799991607666,626.0
2026-08-05 10:09:00,OSIS,,236.0500030517578,236.0500030517578,236.0500030517578,236.0500030517578,488.0
2026-08-05 10:09:00,OSPN,,16.670000076293945,16.670000076293945,16.670000076293945,16.670000076293945,104.0
2026-08-05 10:09:00,OSS,,13.75,13.817000389099121,13.75,13.750100135803223,898.0
2026-08-05 10:09:00,OSW,,26.6200008392334,26.65999984741211,26.6200008392334,26.6299991607666,2012.0
2026-08-05 10:09:00,OTEX,,26.0,26.0,25.96500015258789,25.96500015258789,1402.0
2026-08-05 10:09:00,OTLK,,1.024999976158142,1.0299999713897705,1.024999976158142,1.0270999670028687,7360.0
2026-08-05 10:09:00,OTTR,,92.16000366210938,92.67500305175781,92.16000366210938,92.67500305175781,3032.0
2026-08-05 10:09:00,OVID,,2.619999885559082,2.625,2.619999885559082,2.619999885559082,3280.0
2026-08-05 10:09:00,OXLC,,9.085000038146973,9.09000015258789,9.079999923706055,9.09000015258789,2942.0
2026-08-05 10:09:00,OXLCZ,,24.924999237060547,24.924999237060547,24.924999237060547,24.924999237060547,200.0
2026-08-05 10:09:00,OXSQ,,1.4800000190734863,1.48989999294281,1.4800000190734863,1.4800000190734863,876.0
2026-08-05 10:09:00,PAA,,23.225000381469727,23.31999969482422,23.225000381469727,23.309999465942383,58601.0
2026-08-05 10:09:00,PAAS,,47.970001220703125,48.04999923706055,47.93000030517578,47.94499969482422,29017.0
2026-08-05 10:09:00,PACB,,1.4500000476837158,1.4600000381469727,1.4450000524520874,1.4450000524520874,37342.0
2026-08-05 10:09:00,PAGP,,25.18000030517578,25.235000610351562,25.18000030517578,25.229999542236328,7909.0
2026-08-05 10:09:00,PALI,,2.130000114440918,2.130000114440918,2.119999885559082,2.119999885559082,14041.0
2026-08-05 10:09:00,PANL,,7.355000019073486,7.355000019073486,7.355000019073486,7.355000019073486,447.0
2026-08-05 10:09:00,PANW,,370.9800109863281,370.9800109863281,370.3599853515625,370.5994873046875,12953.0
2026-08-05 10:09:00,PATK,,87.9000015258789,88.11000061035156,87.88500213623047,88.0999984741211,4023.0
2026-08-05 10:09:00,PAVS,,4.809999942779541,4.809999942779541,4.809999942779541,4.809999942779541,427.0
2026-08-05 10:09:00,PAX,,11.40999984741211,11.420000076293945,11.404999732971191,11.420000076293945,3118.0
2026-08-05 10:09:00,PAYX,,117.88999938964844,117.88999938964844,117.69499969482422,117.72000122070312,2598.0
2026-08-05 10:09:00,PCAR,,136.0500030517578,136.14999389648438,136.0500030517578,136.1300048828125,6785.0
2026-08-05 10:09:00,PCT,,6.978000164031982,6.989999771118164,6.96999979019165,6.980000019073486,9973.0
2026-08-05 10:09:00,PCTY,,147.59500122070312,148.0500030517578,147.10000610351562,148.0500030517578,10694.0
2026-08-05 10:09:00,PDD,,91.83499908447266,91.94999694824219,91.83499908447266,91.88500213623047,42297.0
2026-08-05 10:09:00,PEBO,,41.7599983215332,41.7599983215332,41.7599983215332,41.7599983215332,257.0
2026-08-05 10:09:00,PECO,,41.369998931884766,41.369998931884766,41.369998931884766,41.369998931884766,107.0
2026-08-05 10:09:00,PENN,,20.030000686645508,20.030000686645508,20.020000457763672,20.030000686645508,13552.0
2026-08-05 10:09:00,PEP,,138.5800018310547,138.64999389648438,138.5,138.60000610351562,8396.0
2026-08-05 10:09:00,PFG,,115.72000122070312,115.72000122070312,115.6500015258789,115.65499877929688,1053.0
2026-08-05 10:09:00,PGC,,46.7400016784668,46.7400016784668,46.7400016784668,46.7400016784668,267.0
2026-08-05 10:09:00,PGEN,,7.125,7.159999847412109,7.105000019073486,7.114999771118164,91674.0
2026-08-05 10:09:00,PGNY,,31.450000762939453,31.450000762939453,31.44499969482422,31.44499969482422,807.0
2026-08-05 10:09:00,PGY,,21.795000076293945,21.799999237060547,21.639999389648438,21.645000457763672,36992.0
2026-08-05 10:09:00,PHAT,,8.699999809265137,8.710000038146973,8.699999809265137,8.710000038146973,5500.0
2026-08-05 10:09:00,PLAB,,32.380001068115234,32.44499969482422,32.349998474121094,32.4380989074707,1667.0
2026-08-05 10:09:00,PLMR,,136.3800048828125,136.3800048828125,136.3800048828125,136.3800048828125,679.0
2026-08-05 10:09:00,PLPC,,456.2900085449219,456.2900085449219,456.2900085449219,456.2900085449219,274.0
2026-08-05 10:09:00,PLRX,,1.0511000156402588,1.0511000156402588,1.0511000156402588,1.0511000156402588,501.0
2026-08-05 10:09:00,PLTK,,4.0,4.0,4.0,4.0,340.0
2026-08-05 10:09:00,PLUG,,2.119999885559082,2.130000114440918,2.115000009536743,2.1198999881744385,174971.0
2026-08-05 10:09:00,PNFP,,107.86000061035156,108.0,107.86000061035156,108.0,1384.0
2026-08-05 10:09:00,POET,,8.449999809265137,8.489999771118164,8.4350004196167,8.444999694824219,30874.0
2026-08-05 10:09:00,POOL,,203.5800018310547,203.5800018310547,203.52000427246094,203.52000427246094,628.0
2026-08-05 10:09:00,POWI,,63.31999969482422,63.32500076293945,63.31999969482422,63.32500076293945,854.0
2026-08-05 10:09:00,POWL,,212.41000366210938,213.50999450683594,212.41000366210938,213.50999450683594,2338.0
2026-08-05 10:09:00,PPC,,26.676000595092773,26.700000762939453,26.676000595092773,26.700000762939453,4911.0
2026-08-05 10:09:00,PPTA,,22.420000076293945,22.559999465942383,22.405000686645508,22.487499237060547,9736.0
2026-08-05 10:09:00,PRAX,,319.8500061035156,319.8500061035156,319.67999267578125,319.67999267578125,425.0
2026-08-05 10:09:00,PRCH,,16.18000030517578,16.18000030517578,16.155000686645508,16.15999984741211,3536.0
2026-08-05 10:09:00,PRCT,,18.334999084472656,18.344999313354492,18.334999084472656,18.34000015258789,1692.0
2026-08-05 10:09:00,PRDO,,33.275001525878906,33.38999938964844,33.2400016784668,33.380001068115234,3437.0
2026-08-05 10:09:00,PRE,,18.010000228881836,18.010000228881836,18.010000228881836,18.010000228881836,298.0
2026-08-05 10:09:00,PRFX,,1.1799999475479126,1.1799999475479126,1.1799999475479126,1.1799999475479126,135.0
2026-08-05 10:09:00,PRGS,,41.59000015258789,41.59000015258789,41.5,41.5,1146.0
2026-08-05 10:09:00,PRIM,,87.91999816894531,88.56999969482422,87.80999755859375,88.56999969482422,12867.0
2026-08-05 10:09:00,PRLD,,4.570000171661377,4.570000171661377,4.570000171661377,4.570000171661377,102.0
2026-08-05 10:09:00,PRME,,3.0299999713897705,3.0299999713897705,3.015000104904175,3.015000104904175,4413.0
2026-08-05 10:09:00,PROK,,1.6799999475479126,1.6799999475479126,1.6799999475479126,1.6799999475479126,137.0
2026-08-05 10:09:00,PRPL,,9.479999542236328,9.479999542236328,9.479999542236328,9.479999542236328,435.0
2026-08-05 10:09:00,PRQR,,1.9049999713897705,1.9049999713897705,1.9049999713897705,1.9049999713897705,1609.0
2026-08-05 10:09:00,PRTA,,8.699999809265137,8.699999809265137,8.699999809265137,8.699999809265137,1265.0
2026-08-05 10:09:00,PRTH,,6.670000076293945,6.670000076293945,6.670000076293945,6.670000076293945,226.0
2026-08-05 10:09:00,PRVA,,23.799999237060547,23.81999969482422,23.799999237060547,23.81999969482422,1555.0
2026-08-05 10:09:00,PRZO,,0.5493999719619751,0.5515999794006348,0.5493999719619751,0.5493999719619751,1434.0
2026-08-05 10:09:00,PSEC,,2.2090001106262207,2.2100000381469727,2.200000047683716,2.2049999237060547,52991.0
2026-08-05 10:09:00,PSNL,,13.57800006866455,13.57800006866455,13.57800006866455,13.57800006866455,2099.0
2026-08-05 10:09:00,PSNY,,14.354999542236328,14.354999542236328,14.354999542236328,14.354999542236328,491.0
2026-08-05 10:09:00,PTC,,141.8300018310547,141.8300018310547,141.8300018310547,141.8300018310547,535.0
2026-08-05 10:09:00,PTCT,,69.95999908447266,70.0,69.92500305175781,70.0,2962.0
2026-08-05 10:09:00,PTEN,,9.90999984741211,9.90999984741211,9.859999656677246,9.859999656677246,14191.0
2026-08-05 10:09:00,PTLO,,4.605000019073486,4.610000133514404,4.605000019073486,4.610000133514404,3235.0
2026-08-05 10:09:00,PTON,,6.539999961853027,6.545000076293945,6.539999961853027,6.539999961853027,4405.0
2026-08-05 10:09:00,PUBM,,13.640000343322754,13.640000343322754,13.640000343322754,13.640000343322754,724.0
2026-08-05 10:09:00,PWP,,17.350000381469727,17.350000381469727,17.350000381469727,17.350000381469727,999.0
2026-08-05 10:09:00,PYPD,,4.46999979019165,4.46999979019165,4.46999979019165,4.46999979019165,1340.0
2026-08-05 10:09:00,PYPL,,58.7400016784668,58.7400016784668,58.685001373291016,58.70000076293945,12257.0
2026-08-05 10:09:00,PYXS,,3.2799999713897705,3.2799999713897705,3.2799999713897705,3.2799999713897705,796.0
2026-08-05 10:09:00,QCOM,,160.91000366210938,161.61000061035156,160.91000366210938,161.39999389648438,23336.0
2026-08-05 10:09:00,QCRH,,105.13999938964844,105.13999938964844,104.81999969482422,104.81999969482422,466.0
2026-08-05 10:09:00,QFIN,,13.378899574279785,13.380000114440918,13.369999885559082,13.380000114440918,2481.0
2026-08-05 10:09:00,QRVO,,95.48999786376953,95.48999786376953,95.44999694824219,95.45999908447266,1834.0
2026-08-05 10:09:00,SEED,,0.9300000071525574,0.9300000071525574,0.9300000071525574,0.9300000071525574,1310.0
2026-08-05 10:09:00,STIM,,2.3245999813079834,2.3299999237060547,2.3245999813079834,2.325000047683716,2355.0
2026-08-05 10:09:00,TARA,,4.125,4.125,4.119999885559082,4.119999885559082,1173.0
2026-08-05 10:10:00,ACDC,,4.25,4.255000114440918,4.25,4.255000114440918,1981.0
2026-08-05 10:10:00,BPOP,,177.32000732421875,177.7855987548828,177.32000732421875,177.7855987548828,1032.0
2026-08-05 10:10:00,BPRN,,42.005001068115234,42.005001068115234,42.005001068115234,42.005001068115234,701.0
2026-08-05 10:10:00,CPOP,,0.36010000109672546,0.36250001192092896,0.36000001430511475,0.36000001430511475,1053.0
2026-08-05 10:10:00,DTIL,,7.599999904632568,7.599999904632568,7.550000190734863,7.550000190734863,1686.0
2026-08-05 10:10:00,EYE,,23.59000015258789,23.59000015258789,23.530000686645508,23.540000915527344,4237.0
2026-08-05 10:10:00,FIZZ,,31.709999084472656,31.850000381469727,31.709999084472656,31.850000381469727,1020.0
2026-08-05 10:10:00,GLUE,,16.270000457763672,16.31999969482422,16.270000457763672,16.31999969482422,1723.0
2026-08-05 10:10:00,KIDS,,21.899999618530273,21.899999618530273,21.479999542236328,21.479999542236328,5113.0
2026-08-05 10:10:00,LUNG,,1.8799999952316284,1.8799999952316284,1.875,1.875,2051.0
2026-08-05 10:10:00,MBRX,,0.40610000491142273,0.40610000491142273,0.4018999934196472,0.40450000762939453,4407.0
2026-08-05 10:10:00,MDB,,380.30499267578125,380.30499267578125,379.25,379.25,2741.0
2026-08-05 10:10:00,MDLZ,,61.75,61.810001373291016,61.709999084472656,61.71799850463867,21058.0
2026-08-05 10:10:00,MLTX,,18.049999237060547,18.049999237060547,18.049999237060547,18.049999237060547,751.0
2026-08-05 10:10:00,MNPR,,116.55999755859375,116.87999725341797,116.55999755859375,116.87999725341797,2062.0
2026-08-05 10:10:00,MNRO,,13.34000015258789,13.34000015258789,13.289999961853027,13.289999961853027,1937.0
2026-08-05 10:10:00,MNST,,94.77999877929688,94.83999633789062,94.77999877929688,94.80000305175781,6324.0
2026-08-05 10:10:00,MNTS,,4.420000076293945,4.429999828338623,4.420000076293945,4.429999828338623,4272.0
2026-08-05 10:10:00,MORN,,200.3300018310547,200.3300018310547,200.3300018310547,200.3300018310547,301.0
2026-08-05 10:10:00,MOVE,,12.063699722290039,12.5,12.063699722290039,12.475000381469727,1178.0
2026-08-05 10:10:00,MPAA,,13.845000267028809,13.845000267028809,13.845000267028809,13.845000267028809,817.0
2026-08-05 10:10:00,MPWR,,1335.6199951171875,1336.199951171875,1330.0400390625,1333.1099853515625,727.0
2026-08-05 10:10:00,MRNA,,59.1349983215332,59.279998779296875,59.09000015258789,59.10499954223633,11914.0
2026-08-05 10:10:00,MSGM,,4.5,4.5,4.5,4.5,1094.0
2026-08-05 10:10:00,MYGN,,3.130000114440918,3.130000114440918,3.119999885559082,3.119999885559082,5173.0
2026-08-05 10:10:00,MYRG,,344.4599914550781,344.4599914550781,344.4599914550781,344.4599914550781,918.0
2026-08-05 10:10:00,NAMS,,27.200000762939453,27.299999237060547,27.19499969482422,27.299999237060547,6056.0
2026-08-05 10:10:00,NAUT,,1.0099999904632568,1.0099999904632568,1.0099999904632568,1.0099999904632568,299.0
2026-08-05 10:10:00,NAVI,,9.015000343322754,9.029999732971191,9.015000343322754,9.029999732971191,2027.0
2026-08-05 10:10:00,NB,,5.150000095367432,5.159999847412109,5.135000228881836,5.144999980926514,8382.0
2026-08-05 10:10:00,NBIX,,165.34500122070312,165.4199981689453,165.33999633789062,165.33999633789062,2253.0
2026-08-05 10:10:00,NBTB,,53.560001373291016,53.560001373291016,53.560001373291016,53.560001373291016,613.0
2026-08-05 10:10:00,NDAQ,,94.75,94.79000091552734,94.68499755859375,94.68499755859375,2660.0
2026-08-05 10:10:00,NDSN,,311.760009765625,311.760009765625,311.1199951171875,311.4100036621094,663.0
2026-08-05 10:10:00,NEGG,,16.719999313354492,16.719999313354492,16.56999969482422,16.65999984741211,5011.0
2026-08-05 10:10:00,NEO,,16.15999984741211,16.15999984741211,16.15999984741211,16.15999984741211,872.0
2026-08-05 10:10:00,NEOG,,11.725000381469727,11.744999885559082,11.725000381469727,11.729999542236328,6057.0
2026-08-05 10:10:00,NEOV,,2.940000057220459,2.9649999141693115,2.940000057220459,2.9600000381469727,11360.0
2026-08-05 10:10:00,NESR,,29.049999237060547,29.049999237060547,28.975000381469727,28.975000381469727,2196.0
2026-08-05 10:10:00,NEWT,,15.369999885559082,15.390000343322754,15.369999885559082,15.369999885559082,964.0
2026-08-05 10:10:00,NEXT,,6.429999828338623,6.429999828338623,6.429999828338623,6.429999828338623,2893.0
2026-08-05 10:10:00,NFE,,0.33709999918937683,0.33709999918937683,0.33709999918937683,0.33709999918937683,590.0
2026-08-05 10:10:00,NFLX,,73.82499694824219,73.94499969482422,73.82499694824219,73.91999816894531,106138.0
2026-08-05 10:10:00,NICE,,96.01000213623047,96.30000305175781,96.01000213623047,96.30000305175781,2286.0
2026-08-05 10:10:00,NKSH,,40.45000076293945,40.45000076293945,40.45000076293945,40.45000076293945,555.0
2026-08-05 10:10:00,NMFC,,7.380000114440918,7.380000114440918,7.375,7.375,2502.0
2026-08-05 10:10:00,NMRA,,1.5700000524520874,1.5750000476837158,1.5700000524520874,1.5750000476837158,1378.0
2026-08-05 10:10:00,NN,,14.449999809265137,14.489999771118164,14.414999961853027,14.420000076293945,32485.0
2026-08-05 10:10:00,NNBR,,3.9000000953674316,3.9100000858306885,3.8949999809265137,3.9000000953674316,2669.0
2026-08-05 10:10:00,NNDM,,1.565000057220459,1.565000057220459,1.5614999532699585,1.565000057220459,2316.0
2026-08-05 10:10:00,NNOX,,1.0299999713897705,1.0299999713897705,1.024999976158142,1.024999976158142,1338.0
2026-08-05 10:10:00,NRDS,,9.1899995803833,9.1899995803833,9.1899995803833,9.1899995803833,460.0
2026-08-05 10:10:00,NRIM,,27.125,27.125,27.125,27.125,216.0
2026-08-05 10:10:00,NRIX,,25.270000457763672,25.270000457763672,25.270000457763672,25.270000457763672,734.0
2026-08-05 10:10:00,NRSN,,0.5784000158309937,0.5784000158309937,0.5784000158309937,0.5784000158309937,727.0
2026-08-05 10:10:00,NRXP,,3.0899999141693115,3.0899999141693115,3.0899999141693115,3.0899999141693115,862.0
2026-08-05 10:10:00,NTAP,,191.55999755859375,191.58999633789062,190.86000061035156,190.86000061035156,28964.0
2026-08-05 10:10:00,NTCT,,41.7400016784668,41.7400016784668,41.7400016784668,41.7400016784668,473.0
2026-08-05 10:10:00,NTES,,128.27000427246094,128.27000427246094,128.27000427246094,128.27000427246094,919.0
2026-08-05 10:10:00,NTGR,,23.940000534057617,23.940000534057617,23.940000534057617,23.940000534057617,360.0
2026-08-05 10:10:00,NTNX,,60.92499923706055,60.970001220703125,60.915000915527344,60.93000030517578,3737.0
2026-08-05 10:10:00,NTRA,,278.2049865722656,278.2049865722656,278.2049865722656,278.2049865722656,788.0
2026-08-05 10:10:00,NTRS,,185.47999572753906,185.63999938964844,185.47000122070312,185.47999572753906,2696.0
2026-08-05 10:10:00,NUWE,,1.7699999809265137,1.7699999809265137,1.7699999809265137,1.7699999809265137,2391.0
2026-08-05 10:10:00,NVAX,,7.75,7.75,7.739999771118164,7.739999771118164,5671.0
2026-08-05 10:10:00,NVCR,,16.09000015258789,16.09000015258789,16.049999237060547,16.06999969482422,1247.0
2026-08-05 10:10:00,NVCT,,20.18000030517578,20.18000030517578,20.18000030517578,20.18000030517578,286.0
2026-08-05 10:10:00,NVDA,,221.8699951171875,221.8800048828125,221.0,221.62579345703125,613408.0
2026-08-05 10:10:00,NVEC,,127.69599914550781,129.21499633789062,127.69599914550781,129.21499633789062,661.0
2026-08-05 10:10:00,NVMI,,413.1099853515625,413.1099853515625,413.0799865722656,413.0799865722656,530.0
2026-08-05 10:10:00,NVTS,,12.829999923706055,12.829999923706055,12.739999771118164,12.819999694824219,20448.0
2026-08-05 10:10:00,NWBI,,16.0,16.0,15.994999885559082,16.0,6576.0
2026-08-05 10:10:00,NWE,,69.23100280761719,69.23999786376953,69.23100280761719,69.23999786376953,575.0
2026-08-05 10:10:00,NWL,,6.020299911499023,6.025000095367432,6.014999866485596,6.014999866485596,5613.0
2026-08-05 10:10:00,NWS,,32.369998931884766,32.375,32.36000061035156,32.36000061035156,2131.0
2026-08-05 10:10:00,NWSA,,28.25,28.25,28.239999771118164,28.239999771118164,2156.0
2026-08-05 10:10:00,NXPI,,234.22500610351562,234.22500610351562,233.36000061035156,233.6699981689453,9762.0
2026-08-05 10:10:00,NXST,,192.89999389648438,192.89999389648438,192.89999389648438,192.89999389648438,1512.0
2026-08-05 10:10:00,NXT,,99.47000122070312,100.11000061035156,99.30999755859375,100.11000061035156,8017.0
2026-08-05 10:10:00,NYXH,,1.434999942779541,1.434999942779541,1.434999942779541,1.434999942779541,893.0
2026-08-05 10:10:00,OABI,,2.0299999713897705,2.0299999713897705,2.0299999713897705,2.0299999713897705,801.0
2026-08-05 10:10:00,OCFC,,19.815000534057617,19.815000534057617,19.815000534057617,19.815000534057617,464.0
2026-08-05 10:10:00,OCG,,1.6699999570846558,1.6699999570846558,1.6699999570846558,1.6699999570846558,1415.0
2026-08-05 10:10:00,OCGN,,1.315000057220459,1.315000057220459,1.315000057220459,1.315000057220459,2351.0
2026-08-05 10:10:00,OCS,,12.239999771118164,12.239999771118164,12.229999542236328,12.229999542236328,678.0
2026-08-05 10:10:00,OCSL,,12.220000267028809,12.239999771118164,12.220000267028809,12.239999771118164,2161.0
2026-08-05 10:10:00,OCUL,,8.734999656677246,8.744999885559082,8.729999542236328,8.739999771118164,4896.0
2026-08-05 10:10:00,ODFL,,218.88999938964844,218.88999938964844,218.88999938964844,218.88999938964844,835.0
2026-08-05 10:10:00,OESX,,16.729999542236328,16.729999542236328,16.340099334716797,16.514999389648438,3475.0
2026-08-05 10:10:00,OFIX,,10.699999809265137,10.699999809265137,10.699999809265137,10.699999809265137,1806.0
2026-08-05 10:10:00,OFS,,3.5999999046325684,3.5999999046325684,3.5999999046325684,3.5999999046325684,200.0
2026-08-05 10:10:00,OKTA,,149.32000732421875,149.32000732421875,149.14999389648438,149.14999389648438,870.0
2026-08-05 10:10:00,OLLI,,78.54499816894531,78.6500015258789,78.54000091552734,78.58999633789062,4514.0
2026-08-05 10:10:00,OLMA,,11.864999771118164,11.864999771118164,11.864999771118164,11.864999771118164,1504.0
2026-08-05 10:10:00,OMER,,13.039999961853027,13.039999961853027,12.949999809265137,12.975000381469727,60172.0
2026-08-05 10:10:00,OMEX,,0.7426000237464905,0.7426000237464905,0.7426000237464905,0.7426000237464905,539.0
2026-08-05 10:10:00,OMH,,0.1103999987244606,0.11069999635219574,0.1103999987244606,0.11069999635219574,9093.0
2026-08-05 10:10:00,ON,,79.47000122070312,79.48500061035156,79.11000061035156,79.47000122070312,44523.0
2026-08-05 10:10:00,ONB,,27.135000228881836,27.139999389648438,27.1299991607666,27.139999389648438,2768.0
2026-08-05 10:10:00,ONBPP,,24.70009994506836,24.70009994506836,24.70009994506836,24.70009994506836,259.0
2026-08-05 10:10:00,ONDS,,9.029999732971191,9.029999732971191,8.960000038146973,8.979999542236328,275203.0
2026-08-05 10:10:00,ONFO,,0.0763000026345253,0.07660000026226044,0.07540000230073929,0.07620000094175339,80408.0
2026-08-05 10:10:00,ONMD,,0.6837999820709229,0.6837999820709229,0.6837999820709229,0.6837999820709229,1402.0
2026-08-05 10:10:00,OPBK,,15.770000457763672,15.770000457763672,15.699999809265137,15.710000038146973,1689.0
2026-08-05 10:10:00,OPCH,,23.440000534057617,23.440000534057617,23.415000915527344,23.43000030517578,2146.0
2026-08-05 10:10:00,OPEN,,3.7750000953674316,3.7899999618530273,3.7699999809265137,3.7850000858306885,100173.0
2026-08-05 10:10:00,OPHC,,8.850000381469727,8.850000381469727,8.850000381469727,8.850000381469727,239.0
2026-08-05 10:10:00,OPK,,1.3200000524520874,1.3200000524520874,1.315000057220459,1.315000057220459,1093.0
2026-08-05 10:10:00,ORIC,,13.555000305175781,13.599499702453613,13.555000305175781,13.555000305175781,5884.0
2026-08-05 10:10:00,ORLY,,93.76000213623047,93.80500030517578,93.69000244140625,93.69049835205078,9836.0
2026-08-05 10:10:00,ORRF,,43.45000076293945,43.48500061035156,43.41999816894531,43.48500061035156,1014.0
2026-08-05 10:10:00,OSPN,,16.670000076293945,16.670000076293945,16.670000076293945,16.670000076293945,490.0
2026-08-05 10:10:00,OSS,,13.795000076293945,13.800000190734863,13.75100040435791,13.765000343322754,2555.0
2026-08-05 10:10:00,OSUR,,4.195000171661377,4.195000171661377,4.195000171661377,4.195000171661377,1148.0
2026-08-05 10:10:00,OSW,,26.639999389648438,26.65999984741211,26.639999389648438,26.639999389648438,2542.0
2026-08-05 10:10:00,OTEX,,26.040000915527344,26.05500030517578,26.010000228881836,26.010000228881836,3613.0
2026-08-05 10:10:00,OTLK,,1.0398999452590942,1.0399999618530273,1.024999976158142,1.024999976158142,87793.0
2026-08-05 10:10:00,OVID,,2.619999885559082,2.630000114440918,2.619999885559082,2.625,15348.0
2026-08-05 10:10:00,OXLC,,9.098999977111816,9.098999977111816,9.088800430297852,9.088800430297852,1039.0
2026-08-05 10:10:00,OXLCZ,,24.93000030517578,24.93000030517578,24.924999237060547,24.924999237060547,722.0
2026-08-05 10:10:00,OXSQ,,1.4800000190734863,1.4850000143051147,1.4800000190734863,1.4800000190734863,2955.0
2026-08-05 10:10:00,PAA,,23.19499969482422,23.25,23.184999465942383,23.225000381469727,52009.0
2026-08-05 10:10:00,PAAS,,48.119998931884766,48.12099838256836,48.029998779296875,48.040000915527344,21508.0
2026-08-05 10:10:00,PACB,,1.4550000429153442,1.4600000381469727,1.4500000476837158,1.4508999586105347,32003.0
2026-08-05 10:10:00,PAGP,,25.149999618530273,25.19499969482422,25.139999389648438,25.18000030517578,8860.0
2026-08-05 10:10:00,PALI,,2.130000114440918,2.130000114440918,2.1201000213623047,2.1201000213623047,3571.0
2026-08-05 10:10:00,PANL,,7.34499979019165,7.34499979019165,7.34499979019165,7.34499979019165,1269.0
2026-08-05 10:10:00,PANW,,370.45001220703125,371.4100036621094,370.20001220703125,371.04998779296875,16321.0
2026-08-05 10:10:00,PAVS,,4.857100009918213,4.857100009918213,4.857100009918213,4.857100009918213,120.0
2026-08-05 10:10:00,PAX,,11.420000076293945,11.420000076293945,11.40999984741211,11.40999984741211,913.0
2026-08-05 10:10:00,PAYO,,7.130000114440918,7.130000114440918,7.125,7.125,542.0
2026-08-05 10:10:00,PAYX,,117.98999786376953,117.98999786376953,117.88999938964844,117.88999938964844,1815.0
2026-08-05 10:10:00,PBYI,,8.0600004196167,8.0600004196167,8.050000190734863,8.050000190734863,2802.0
2026-08-05 10:10:00,PCAR,,136.1199951171875,136.1199951171875,135.9199981689453,135.9499969482422,5087.0
2026-08-05 10:10:00,PCT,,6.980000019073486,6.980000019073486,6.965000152587891,6.965000152587891,3159.0
2026-08-05 10:10:00,PCTY,,147.80999755859375,147.83999633789062,146.90499877929688,147.62249755859375,9706.0
2026-08-05 10:10:00,PDD,,91.77999877929688,91.87000274658203,91.77999877929688,91.81999969482422,9642.0
2026-08-05 10:10:00,PECO,,41.350101470947266,41.380001068115234,41.350101470947266,41.380001068115234,1154.0
2026-08-05 10:10:00,PEGA,,31.600000381469727,31.600000381469727,31.540000915527344,31.540000915527344,1761.0
2026-08-05 10:10:00,PENN,,20.059999465942383,20.059999465942383,20.040000915527344,20.049999237060547,4949.0
2026-08-05 10:10:00,PEP,,138.55999755859375,138.66000366210938,138.49000549316406,138.55499267578125,74302.0
2026-08-05 10:10:00,PEPG,,1.9199999570846558,1.9199999570846558,1.9199999570846558,1.9199999570846558,273.0
2026-08-05 10:10:00,PFG,,115.61000061035156,115.66000366210938,115.61000061035156,115.66000366210938,1125.0
2026-08-05 10:10:00,PGEN,,7.09499979019165,7.130000114440918,7.074999809265137,7.125,158516.0
2026-08-05 10:10:00,PGY,,21.81999969482422,21.850000381469727,21.786500930786133,21.799999237060547,4750.0
2026-08-05 10:10:00,PHAT,,8.710000038146973,8.710000038146973,8.710000038146973,8.710000038146973,908.0
2026-08-05 10:10:00,PHVS,,33.79750061035156,33.79750061035156,33.79750061035156,33.79750061035156,153.0
2026-08-05 10:10:00,PKOH,,41.811500549316406,41.811500549316406,41.811500549316406,41.811500549316406,126.0
2026-08-05 10:10:00,PLAB,,32.349998474121094,32.349998474121094,32.349998474121094,32.349998474121094,1170.0
2026-08-05 10:10:00,PLBY,,1.2300000190734863,1.2300000190734863,1.2300000190734863,1.2300000190734863,102.0
2026-08-05 10:10:00,PLSE,,37.7400016784668,37.7400016784668,37.7400016784668,37.7400016784668,405.0
2026-08-05 10:10:00,PLTK,,4.005000114440918,4.005000114440918,4.0,4.0,1827.0
2026-08-05 10:10:00,PLUG,,2.125,2.130000114440918,2.119999885559082,2.125,190817.0
2026-08-05 10:10:00,PLUR,,1.7999999523162842,1.7999999523162842,1.7699999809265137,1.7699999809265137,925.0
2026-08-05 10:10:00,PLXS,,276.5400085449219,276.5400085449219,276.07000732421875,276.07000732421875,2155.0
2026-08-05 10:10:00,PNFP,,107.97000122070312,107.97000122070312,107.97000122070312,107.97000122070312,469.0
2026-08-05 10:10:00,PNTG,,38.27479934692383,38.27479934692383,38.27479934692383,38.27479934692383,1384.0
2026-08-05 10:10:00,POET,,8.479999542236328,8.479999542236328,8.420000076293945,8.460000038146973,42598.0
2026-08-05 10:10:00,POOL,,203.5500030517578,203.5500030517578,203.5500030517578,203.5500030517578,339.0
2026-08-05 10:10:00,POWI,,63.275001525878906,63.275001525878906,63.275001525878906,63.275001525878906,321.0
2026-08-05 10:10:00,POWL,,212.1699981689453,212.77999877929688,212.02000427246094,212.77999877929688,2943.0
2026-08-05 10:10:00,PPC,,26.700000762939453,26.700000762939453,26.65999984741211,26.670000076293945,2525.0
2026-08-05 10:10:00,PPTA,,22.469999313354492,22.489999771118164,22.400100708007812,22.401599884033203,12053.0
2026-08-05 10:10:00,PRCH,,16.18000030517578,16.190000534057617,16.18000030517578,16.190000534057617,2963.0
2026-08-05 10:10:00,PRCT,,18.639999389648438,18.700000762939453,18.360000610351562,18.360000610351562,18584.0
2026-08-05 10:10:00,PRDO,,33.290000915527344,33.290000915527344,33.290000915527344,33.290000915527344,174.0
2026-08-05 10:10:00,PRE,,18.579999923706055,18.59000015258789,18.559999465942383,18.579999923706055,1617.0
2026-08-05 10:10:00,PRGS,,41.61249923706055,41.61249923706055,41.60499954223633,41.60499954223633,271.0
2026-08-05 10:10:00,PRIM,,87.92500305175781,87.94000244140625,87.92500305175781,87.94000244140625,577.0
2026-08-05 10:10:00,PRLD,,4.590000152587891,4.590000152587891,4.590000152587891,4.590000152587891,901.0
2026-08-05 10:10:00,PRME,,3.025099992752075,3.0299999713897705,3.0250000953674316,3.0299999713897705,2585.0
2026-08-05 10:10:00,PROK,,1.6799999475479126,1.6799999475479126,1.6799999475479126,1.6799999475479126,1207.0
2026-08-05 10:10:00,PRQR,,1.9149999618530273,1.9249999523162842,1.909999966621399,1.909999966621399,16576.0
2026-08-05 10:10:00,PRSO,,0.7044000029563904,0.7044000029563904,0.7044000029563904,0.7044000029563904,178.0
2026-08-05 10:10:00,PRTA,,8.725000381469727,8.729999542236328,8.720000267028809,8.720000267028809,1019.0
2026-08-05 10:10:00,PRTH,,6.679999828338623,6.679999828338623,6.679999828338623,6.679999828338623,101.0
2026-08-05 10:10:00,PRVA,,23.81999969482422,23.81999969482422,23.81999969482422,23.81999969482422,754.0
2026-08-05 10:10:00,PSEC,,2.2049999237060547,2.2090001106262207,2.200000047683716,2.2049999237060547,9206.0
2026-08-05 10:10:00,PSNL,,13.609999656677246,13.619999885559082,13.609999656677246,13.619999885559082,708.0
2026-08-05 10:10:00,PTC,,142.0449981689453,142.0449981689453,141.91000366210938,141.91000366210938,946.0
2026-08-05 10:10:00,PTEN,,9.904999732971191,9.914999961853027,9.899999618530273,9.90999984741211,9088.0
2026-08-05 10:10:00,PTLO,,4.599999904632568,4.610000133514404,4.599999904632568,4.605000019073486,2017.0
2026-08-05 10:10:00,PTON,,6.559999942779541,6.559999942779541,6.545000076293945,6.545000076293945,10696.0
2026-08-05 10:10:00,PUBM,,13.640000343322754,13.640000343322754,13.640000343322754,13.640000343322754,112.0
2026-08-05 10:10:00,PWP,,17.344999313354492,17.350000381469727,17.344999313354492,17.350000381469727,2117.0
2026-08-05 10:10:00,PYPD,,4.489999771118164,4.489999771118164,4.480000019073486,4.480000019073486,80.0
2026-08-05 10:10:00,PYPL,,58.755001068115234,58.790000915527344,58.730098724365234,58.7400016784668,13916.0
2026-08-05 10:10:00,PYXS,,3.2999000549316406,3.299999952316284,3.29010009765625,3.299999952316284,3679.0
2026-08-05 10:10:00,PZZA,,30.75,30.75,30.75,30.75,916.0
2026-08-05 10:10:00,QCOM,,161.3300018310547,161.33999633789062,160.80999755859375,161.10000610351562,36399.0
2026-08-05 10:10:00,QCRH,,104.81999969482422,104.81999969482422,104.81999969482422,104.81999969482422,441.0
2026-08-05 10:10:00,QFIN,,13.380000114440918,13.380000114440918,13.375,13.375,1237.0
2026-08-05 10:10:00,QRVO,,95.36000061035156,95.36000061035156,95.26000213623047,95.26000213623047,1018.0
2026-08-05 10:10:00,SEED,,0.9300000071525574,0.9300000071525574,0.9200999736785889,0.9200999736785889,1110.0
2026-08-05 10:10:00,STIM,,2.315000057220459,2.319999933242798,2.315000057220459,2.319999933242798,3040.0
2026-08-05 10:11:00,BPOP,,177.27000427246094,177.27999877929688,177.27000427246094,177.27999877929688,568.0
2026-08-05 10:11:00,DTIL,,7.570000171661377,7.579999923706055,7.550000190734863,7.559999942779541,2169.0
2026-08-05 10:11:00,EYE,,23.65999984741211,23.68000030517578,23.59000015258789,23.59000015258789,9885.0
2026-08-05 10:11:00,GLUE,,16.200000762939453,16.200000762939453,16.200000762939453,16.200000762939453,4612.0
2026-08-05 10:11:00,KIDS,,21.56999969482422,21.65999984741211,21.56999969482422,21.65999984741211,662.0
2026-08-05 10:11:00,KITT,,1.0850000381469727,1.0850000381469727,1.0850000381469727,1.0850000381469727,914.0
2026-08-05 10:11:00,LUNG,,1.8899999856948853,1.8899999856948853,1.8849999904632568,1.8899999856948853,1561.0
2026-08-05 10:11:00,MBRX,,0.40630000829696655,0.4074999988079071,0.40610000491142273,0.40610000491142273,11071.0
2026-08-05 10:11:00,MDB,,380.0400085449219,380.2099914550781,379.8900146484375,379.8900146484375,516.0
2026-08-05 10:11:00,MDLZ,,61.724998474121094,61.7599983215332,61.720001220703125,61.7400016784668,6687.0
2026-08-05 10:11:00,MLTX,,17.959999084472656,18.010000228881836,17.959999084472656,18.010000228881836,2310.0
2026-08-05 10:11:00,MNPR,,115.16999816894531,116.77999877929688,115.16999816894531,116.58999633789062,3034.0
2026-08-05 10:11:00,MNRO,,13.34000015258789,13.34000015258789,13.34000015258789,13.34000015258789,648.0
2026-08-05 10:11:00,MNST,,94.75499725341797,94.7699966430664,94.7300033569336,94.76000213623047,5464.0
2026-08-05 10:11:00,MNTS,,4.425099849700928,4.469900131225586,4.425099849700928,4.469900131225586,11034.0
2026-08-05 10:11:00,MORN,,200.54029846191406,200.54029846191406,200.54029846191406,200.54029846191406,2498.0
2026-08-05 10:11:00,MOVE,,12.401000022888184,12.401000022888184,12.401000022888184,12.401000022888184,408.0
2026-08-05 10:11:00,MPWR,,1333.6199951171875,1336.969970703125,1333.6199951171875,1336.9599609375,673.0
2026-08-05 10:11:00,MRNA,,58.90999984741211,59.130001068115234,58.880001068115234,59.130001068115234,9714.0
2026-08-05 10:11:00,MSGM,,4.5,4.5,4.5,4.5,800.0
2026-08-05 10:11:00,MYGN,,3.134999990463257,3.134999990463257,3.134999990463257,3.134999990463257,583.0
2026-08-05 10:11:00,NAII,,2.2792000770568848,2.2860000133514404,2.2792000770568848,2.2860000133514404,244.0
2026-08-05 10:11:00,NAMS,,27.190000534057617,27.19499969482422,27.079999923706055,27.19499969482422,4812.0
2026-08-05 10:11:00,NAUT,,0.993399977684021,0.993399977684021,0.993399977684021,0.993399977684021,658.0
2026-08-05 10:11:00,NAVI,,9.050000190734863,9.050000190734863,9.020000457763672,9.020000457763672,5945.0
2026-08-05 10:11:00,NB,,5.150000095367432,5.164999961853027,5.150000095367432,5.150000095367432,7974.0
2026-08-05 10:11:00,NCNA,,1.3799999952316284,1.3799999952316284,1.3799999952316284,1.3799999952316284,1219.0
2026-08-05 10:11:00,NDAQ,,94.83000183105469,94.83000183105469,94.7699966430664,94.7699966430664,1595.0
2026-08-05 10:11:00,NEO,,16.149999618530273,16.149999618530273,16.149999618530273,16.149999618530273,910.0
2026-08-05 10:11:00,NEOG,,11.720000267028809,11.720000267028809,11.720000267028809,11.720000267028809,3123.0
2026-08-05 10:11:00,NEOV,,2.940000057220459,2.940000057220459,2.934999942779541,2.940000057220459,4465.0
2026-08-05 10:11:00,NEXT,,6.409999847412109,6.419000148773193,6.409999847412109,6.414999961853027,2117.0
2026-08-05 10:11:00,NFLX,,73.80999755859375,73.87640380859375,73.77999877929688,73.83000183105469,85541.0
2026-08-05 10:11:00,NHIC,,10.711999893188477,10.711999893188477,10.711999893188477,10.711999893188477,7136.0
2026-08-05 10:11:00,NICE,,95.91999816894531,96.00499725341797,95.91999816894531,96.00499725341797,1224.0
2026-08-05 10:11:00,NKTR,,73.4000015258789,73.41999816894531,73.20999908447266,73.41999816894531,1702.0
2026-08-05 10:11:00,NMFC,,7.40500020980835,7.40500020980835,7.40500020980835,7.40500020980835,805.0
2026-08-05 10:11:00,NMIH,,44.46900177001953,44.46900177001953,44.435001373291016,44.435001373291016,853.0
2026-08-05 10:11:00,NMRA,,1.5700000524520874,1.5700000524520874,1.5700000524520874,1.5700000524520874,1481.0
2026-08-05 10:11:00,NMRK,,15.630000114440918,15.630000114440918,15.630000114440918,15.630000114440918,1081.0
2026-08-05 10:11:00,NN,,14.460000038146973,14.46500015258789,14.420000076293945,14.460000038146973,4434.0
2026-08-05 10:11:00,NNBR,,3.8949999809265137,3.910099983215332,3.8949999809265137,3.910099983215332,8333.0
2026-08-05 10:11:00,NNDM,,1.5700000524520874,1.5700000524520874,1.565000057220459,1.565000057220459,1101.0
2026-08-05 10:11:00,NNOX,,1.0299999713897705,1.0299999713897705,1.0223000049591064,1.0223000049591064,722.0
2026-08-05 10:11:00,NOVT,,159.92750549316406,160.07000732421875,159.89999389648438,159.89999389648438,2498.0
2026-08-05 10:11:00,NRDS,,9.175000190734863,9.175000190734863,9.175000190734863,9.175000190734863,1447.0
2026-08-05 10:11:00,NRIM,,27.15999984741211,27.15999984741211,27.15999984741211,27.15999984741211,455.0
2026-08-05 10:11:00,NRIX,,25.2450008392334,25.280000686645508,25.229999542236328,25.280000686645508,2185.0
2026-08-05 10:11:00,NRXP,,3.0899999141693115,3.0899999141693115,3.0899999141693115,3.0899999141693115,674.0
2026-08-05 10:11:00,NSSC,,40.459999084472656,40.459999084472656,40.459999084472656,40.459999084472656,127.0
2026-08-05 10:11:00,NTAP,,190.86000061035156,191.55999755859375,190.86000061035156,191.55999755859375,6102.0
2026-08-05 10:11:00,NTES,,128.44000244140625,128.44000244140625,128.3300018310547,128.3300018310547,1242.0
2026-08-05 10:11:00,NTNX,,60.875,60.970001220703125,60.849998474121094,60.93000030517578,5892.0
2026-08-05 10:11:00,NTRA,,278.2250061035156,278.2250061035156,278.2200012207031,278.2200012207031,769.0
2026-08-05 10:11:00,NTRS,,185.47000122070312,185.63999938964844,185.47000122070312,185.63999938964844,1759.0
2026-08-05 10:11:00,NUWE,,1.7599999904632568,1.7649999856948853,1.7599999904632568,1.7599999904632568,3034.0
2026-08-05 10:11:00,NVAX,,7.71999979019165,7.739999771118164,7.71999979019165,7.739999771118164,4677.0
2026-08-05 10:11:00,NVCR,,16.09000015258789,16.09000015258789,16.09000015258789,16.09000015258789,2117.0
2026-08-05 10:11:00,NVDA,,221.6699981689453,221.99000549316406,221.50999450683594,221.8699951171875,605490.0
2026-08-05 10:11:00,NVEC,,128.8249969482422,128.8249969482422,128.8249969482422,128.8249969482422,1087.0
2026-08-05 10:11:00,NVMI,,412.44000244140625,412.54998779296875,412.44000244140625,412.54998779296875,524.0
2026-08-05 10:11:00,NVTS,,12.789999961853027,12.849900245666504,12.780200004577637,12.849900245666504,29888.0
2026-08-05 10:11:00,NWBI,,15.990099906921387,16.0,15.990099906921387,16.0,5520.0
2026-08-05 10:11:00,NWE,,69.0999984741211,69.16999816894531,69.06999969482422,69.16999816894531,1379.0
2026-08-05 10:11:00,NWGL,,0.267300009727478,0.267300009727478,0.267300009727478,0.267300009727478,300.0
2026-08-05 10:11:00,NWL,,6.025000095367432,6.03000020980835,6.025000095367432,6.0254998207092285,7959.0
2026-08-05 10:11:00,NWS,,32.349998474121094,32.36000061035156,32.334999084472656,32.36000061035156,4759.0
2026-08-05 10:11:00,NWSA,,28.229999542236328,28.2450008392334,28.21500015258789,28.2450008392334,5757.0
2026-08-05 10:11:00,NXPI,,233.61000061035156,234.05999755859375,233.60000610351562,234.05999755859375,2910.0
2026-08-05 10:11:00,NXT,,99.51499938964844,99.6050033569336,99.51499938964844,99.6050033569336,2469.0
2026-08-05 10:11:00,NXTC,,5.653800010681152,5.653800010681152,5.460000038146973,5.489999771118164,1152.0
2026-08-05 10:11:00,OCFC,,19.829999923706055,19.84000015258789,19.81999969482422,19.81999969482422,2611.0
2026-08-05 10:11:00,OCGN,,1.315000057220459,1.315000057220459,1.315000057220459,1.315000057220459,45917.0
2026-08-05 10:11:00,OCS,,12.279999732971191,12.279999732971191,12.175000190734863,12.175000190734863,1323.0
2026-08-05 10:11:00,OCSL,,12.211600303649902,12.225000381469727,12.211600303649902,12.21500015258789,4537.0
2026-08-05 10:11:00,OCUL,,8.729000091552734,8.729000091552734,8.729000091552734,8.729000091552734,137.0
2026-08-05 10:11:00,ODD,,15.449999809265137,15.449999809265137,15.40999984741211,15.420000076293945,883.0
2026-08-05 10:11:00,ODFL,,218.875,218.88009643554688,218.875,218.88009643554688,2668.0
2026-08-05 10:11:00,OESX,,16.680099487304688,16.799999237060547,16.549999237060547,16.549999237060547,7461.0
2026-08-05 10:11:00,OFIX,,10.699999809265137,10.699999809265137,10.694999694824219,10.699999809265137,16796.0
2026-08-05 10:11:00,OFS,,3.625,3.625,3.625,3.625,616.0
2026-08-05 10:11:00,OGI,,0.9700000286102295,0.9700000286102295,0.9672999978065491,0.9700000286102295,7556.0
2026-08-05 10:11:00,OKTA,,149.24000549316406,149.24000549316406,149.21499633789062,149.21499633789062,1363.0
2026-08-05 10:11:00,OLLI,,78.625,78.625,78.44000244140625,78.5,6038.0
2026-08-05 10:11:00,OLMA,,11.789999961853027,11.84000015258789,11.789999961853027,11.84000015258789,908.0
2026-08-05 10:11:00,OM,,5.019999980926514,5.039999961853027,5.019999980926514,5.039999961853027,1664.0
2026-08-05 10:11:00,OMER,,13.0600004196167,13.0600004196167,13.020000457763672,13.0600004196167,6921.0
2026-08-05 10:11:00,OMH,,0.1103999987244606,0.1103999987244606,0.1103999987244606,0.1103999987244606,13188.0
2026-08-05 10:11:00,ON,,79.22000122070312,79.52989959716797,79.12999725341797,79.48999786376953,56647.0
2026-08-05 10:11:00,ONB,,27.139999389648438,27.139999389648438,27.1299991607666,27.1299991607666,3483.0
2026-08-05 10:11:00,ONCY,,0.7943000197410583,0.7971000075340271,0.7943000197410583,0.7971000075340271,793.0
2026-08-05 10:11:00,ONDS,,9.039899826049805,9.039999961853027,9.010000228881836,9.024999618530273,180024.0
2026-08-05 10:11:00,ONFO,,0.0754999965429306,0.07620000094175339,0.0754999965429306,0.07599999755620956,36849.0
2026-08-05 10:11:00,ONMD,,0.6868000030517578,0.6868000030517578,0.682200014591217,0.682200014591217,2748.0
2026-08-05 10:11:00,OPBK,,15.765000343322754,15.765000343322754,15.765000343322754,15.765000343322754,250.0
2026-08-05 10:11:00,OPCH,,23.40999984741211,23.43000030517578,23.40999984741211,23.43000030517578,993.0
2026-08-05 10:11:00,OPEN,,3.7850000858306885,3.7878000736236572,3.7699999809265137,3.7799999713897705,137391.0
2026-08-05 10:11:00,OPHC,,8.810099601745605,8.810099601745605,8.810099601745605,8.810099601745605,420.0
2026-08-05 10:11:00,OPK,,1.3200000524520874,1.3200000524520874,1.3111000061035156,1.3200000524520874,1386.0
2026-08-05 10:11:00,OPRA,,20.270000457763672,20.270000457763672,20.270000457763672,20.270000457763672,806.0
2026-08-05 10:11:00,ORGO,,2.365000009536743,2.365000009536743,2.365000009536743,2.365000009536743,417.0
2026-08-05 10:11:00,ORIC,,13.52400016784668,13.529999732971191,13.510000228881836,13.510000228881836,2723.0
2026-08-05 10:11:00,ORLY,,93.76000213623047,93.81999969482422,93.7301025390625,93.7699966430664,13753.0
2026-08-05 10:11:00,ORRF,,43.369998931884766,43.369998931884766,43.369998931884766,43.369998931884766,105.0
2026-08-05 10:11:00,OSBC,,25.8799991607666,25.8799991607666,25.8799991607666,25.8799991607666,2992.0
2026-08-05 10:11:00,OSPN,,16.684999465942383,16.719999313354492,16.649999618530273,16.709999084472656,4913.0
2026-08-05 10:11:00,OSS,,13.75,13.84000015258789,13.75,13.75,4930.0
2026-08-05 10:11:00,OSW,,26.690000534057617,26.690000534057617,26.68000030517578,26.68000030517578,1725.0
2026-08-05 10:11:00,OTEX,,26.049999237060547,26.049999237060547,26.049999237060547,26.049999237060547,1232.0
2026-08-05 10:11:00,OTLK,,1.034999966621399,1.0399999618530273,1.030400037765503,1.034999966621399,19669.0
2026-08-05 10:11:00,OTTR,,91.56500244140625,92.10749816894531,91.56500244140625,92.10749816894531,1668.0
2026-08-05 10:11:00,OVID,,2.634999990463257,2.6449999809265137,2.619999885559082,2.619999885559082,11130.0
2026-08-05 10:11:00,OXLC,,9.095000267028809,9.098799705505371,9.095000267028809,9.098799705505371,1450.0
2026-08-05 10:11:00,OXSQ,,1.4872000217437744,1.4900000095367432,1.4800000190734863,1.4800000190734863,2123.0
2026-08-05 10:11:00,PAA,,23.174999237060547,23.19499969482422,23.155000686645508,23.19499969482422,31443.0
2026-08-05 10:11:00,PAAS,,48.185001373291016,48.189998626708984,48.084999084472656,48.099998474121094,18353.0
2026-08-05 10:11:00,PACB,,1.4505000114440918,1.4600000381469727,1.4505000114440918,1.4600000381469727,28378.0
2026-08-05 10:11:00,PAGP,,25.149999618530273,25.149999618530273,25.125,25.139999389648438,8788.0
2026-08-05 10:11:00,PALI,,2.125,2.130000114440918,2.119999885559082,2.130000114440918,3957.0
2026-08-05 10:11:00,PANW,,370.3999938964844,370.510009765625,370.0614929199219,370.44500732421875,12003.0
2026-08-05 10:11:00,PAVS,,4.809999942779541,5.0,4.809999942779541,5.0,1690.0
2026-08-05 10:11:00,PAX,,11.430000305175781,11.430000305175781,11.430000305175781,11.430000305175781,1534.0
2026-08-05 10:11:00,PAYO,,7.130000114440918,7.130000114440918,7.130000114440918,7.130000114440918,943.0
2026-08-05 10:11:00,PAYX,,118.0199966430664,118.06999969482422,117.95500183105469,118.06999969482422,2601.0
2026-08-05 10:11:00,PCAR,,136.0500030517578,136.0500030517578,136.00999450683594,136.0399932861328,4224.0
2026-08-05 10:11:00,PCRX,,25.790000915527344,25.790000915527344,25.65999984741211,25.65999984741211,833.0
2026-08-05 10:11:00,PCT,,6.980000019073486,7.0,6.980000019073486,6.980000019073486,10102.0
2026-08-05 10:11:00,PCTY,,147.67999267578125,148.58999633789062,147.38999938964844,147.8300018310547,7234.0
2026-08-05 10:11:00,PDD,,91.75,91.76499938964844,91.7301025390625,91.76000213623047,16304.0
2026-08-05 10:11:00,PEBO,,41.72999954223633,41.72999954223633,41.72999954223633,41.72999954223633,541.0
2026-08-05 10:11:00,PEGA,,31.614999771118164,31.6200008392334,31.614999771118164,31.6200008392334,1068.0
2026-08-05 10:11:00,PENN,,20.075000762939453,20.100000381469727,20.040000915527344,20.05500030517578,13812.0
2026-08-05 10:11:00,PEP,,138.54989624023438,138.6208038330078,138.49000549316406,138.60000610351562,6725.0
2026-08-05 10:11:00,PEPG,,1.9149999618530273,1.9149999618530273,1.9149999618530273,1.9149999618530273,946.0
2026-08-05 10:11:00,PESI,,17.655000686645508,17.655000686645508,17.655000686645508,17.655000686645508,310.0
2026-08-05 10:11:00,PFG,,115.52999877929688,115.63999938964844,115.52999877929688,115.59500122070312,1344.0
2026-08-05 10:11:00,PGC,,46.77000045776367,46.77000045776367,46.77000045776367,46.77000045776367,3535.0
2026-08-05 10:11:00,PGEN,,7.135000228881836,7.140399932861328,7.090000152587891,7.090000152587891,49180.0
2026-08-05 10:11:00,PGNY,,31.450000762939453,31.479999542236328,31.450000762939453,31.479999542236328,2887.0
2026-08-05 10:11:00,PGY,,21.780000686645508,21.809999465942383,21.761999130249023,21.809999465942383,4440.0
2026-08-05 10:11:00,PHAT,,8.671600341796875,8.6899995803833,8.670700073242188,8.6899995803833,3954.0
2026-08-05 10:11:00,PLAB,,32.320098876953125,32.400001525878906,32.320098876953125,32.400001525878906,1931.0
2026-08-05 10:11:00,PLBY,,1.2300000190734863,1.2300000190734863,1.2300000190734863,1.2300000190734863,859.0
2026-08-05 10:11:00,PLRX,,1.0534000396728516,1.0534000396728516,1.0534000396728516,1.0534000396728516,2002.0
2026-08-05 10:11:00,PLTK,,4.0,4.0,4.0,4.0,2863.0
2026-08-05 10:11:00,PLUG,,2.125,2.130000114440918,2.119999885559082,2.127000093460083,76249.0
2026-08-05 10:11:00,PLXS,,275.4125061035156,275.67999267578125,275.4125061035156,275.44500732421875,4960.0
2026-08-05 10:11:00,PNFP,,107.96499633789062,108.08157348632812,107.96499633789062,108.08157348632812,774.0
2026-08-05 10:11:00,PNRG,,183.5399932861328,183.5500030517578,183.4600067138672,183.5500030517578,903.0
2026-08-05 10:11:00,PNTG,,38.6150016784668,38.6150016784668,38.51499938964844,38.51499938964844,247.0
2026-08-05 10:11:00,POET,,8.449999809265137,8.484999656677246,8.449999809265137,8.484999656677246,14958.0
2026-08-05 10:11:00,POOL,,203.47000122070312,203.52000427246094,203.47000122070312,203.52000427246094,1020.0
2026-08-05 10:11:00,POWI,,63.275001525878906,63.275001525878906,62.744998931884766,62.744998931884766,452.0
2026-08-05 10:11:00,POWL,,212.44500732421875,212.49000549316406,212.1699981689453,212.1699981689453,1563.0
2026-08-05 10:11:00,PPC,,26.670000076293945,26.690000534057617,26.670000076293945,26.690000534057617,1077.0
2026-08-05 10:11:00,PPTA,,22.510000228881836,22.56999969482422,22.489999771118164,22.489999771118164,15564.0
2026-08-05 10:11:00,PRAX,,319.5299987792969,319.5299987792969,319.4649963378906,319.4649963378906,877.0
2026-08-05 10:11:00,PRCH,,16.209999084472656,16.209999084472656,16.190000534057617,16.190000534057617,1587.0
2026-08-05 10:11:00,PRCT,,18.65999984741211,18.700000762939453,18.579999923706055,18.639999389648438,17995.0
2026-08-05 10:11:00,PRGS,,41.75,41.76499938964844,41.70000076293945,41.70000076293945,1186.0
2026-08-05 10:11:00,PRIM,,88.51000213623047,88.52999877929688,87.91999816894531,87.99500274658203,13003.0
2026-08-05 10:11:00,PRME,,3.0199999809265137,3.0250000953674316,3.0199999809265137,3.0250000953674316,5379.0
2026-08-05 10:11:00,PRQR,,1.9149999618530273,1.9149999618530273,1.9149999618530273,1.9149999618530273,1705.0
2026-08-05 10:11:00,PRSO,,0.7044000029563904,0.7044000029563904,0.7044000029563904,0.7044000029563904,1110.0
2026-08-05 10:11:00,PRTA,,8.710000038146973,8.725000381469727,8.710000038146973,8.725000381469727,787.0
2026-08-05 10:11:00,PRTH,,6.679999828338623,6.679999828338623,6.679999828338623,6.679999828338623,128.0
2026-08-05 10:11:00,PRVA,,23.850000381469727,23.850000381469727,23.815000534057617,23.815000534057617,1445.0
2026-08-05 10:11:00,PSEC,,2.2049999237060547,2.208899974822998,2.200000047683716,2.2049999237060547,4359.0
2026-08-05 10:11:00,PSNL,,13.600000381469727,13.630000114440918,13.600000381469727,13.609999656677246,15728.0
2026-08-05 10:11:00,PTC,,142.02999877929688,142.02999877929688,142.02999877929688,142.02999877929688,640.0
2026-08-05 10:11:00,PTCT,,69.79000091552734,69.79000091552734,69.73500061035156,69.75,1276.0
2026-08-05 10:11:00,PTEN,,9.904999732971191,9.914999961853027,9.895000457763672,9.904999732971191,16234.0
2026-08-05 10:11:00,PTGX,,138.0749969482422,138.08250427246094,138.0749969482422,138.08250427246094,1455.0
2026-08-05 10:11:00,PTLO,,4.609000205993652,4.609000205993652,4.579999923706055,4.59499979019165,16129.0
2026-08-05 10:11:00,PTON,,6.554999828338623,6.570000171661377,6.554999828338623,6.554999828338623,15856.0
2026-08-05 10:11:00,PWP,,17.3799991607666,17.3799991607666,17.334999084472656,17.334999084472656,3610.0
2026-08-05 10:11:00,PYPD,,4.485000133514404,4.485000133514404,4.485000133514404,4.485000133514404,200.0
2026-08-05 10:11:00,PYPL,,58.790000915527344,58.790000915527344,58.73500061035156,58.75,11487.0
2026-08-05 10:11:00,PYXS,,3.2899999618530273,3.2899999618530273,3.2899999618530273,3.2899999618530273,1093.0
2026-08-05 10:11:00,PZZA,,30.774999618530273,30.774999618530273,30.774999618530273,30.774999618530273,1099.0
2026-08-05 10:11:00,QCOM,,161.07000732421875,161.36000061035156,161.05999755859375,161.30189514160156,17038.0
2026-08-05 10:11:00,QFIN,,13.399999618530273,13.40999984741211,13.380000114440918,13.380000114440918,11234.0
2026-08-05 10:11:00,QRVO,,95.08999633789062,95.4000015258789,95.01000213623047,95.4000015258789,907.0
2026-08-05 10:11:00,SEED,,0.9301000237464905,0.9301000237464905,0.9300000071525574,0.9300000071525574,584.0
2026-08-05 10:11:00,STIM,,2.309999942779541,2.319999933242798,2.309999942779541,2.319999933242798,7824.0
2026-08-05 10:11:00,TARA,,4.099999904632568,4.110000133514404,4.099999904632568,4.110000133514404,1714.0
2026-08-05 10:11:00,WOOF,,2.9649999141693115,2.9649999141693115,2.9649999141693115,2.9649999141693115,312.0
2026-08-05 10:12:00,ACDC,,4.244999885559082,4.244999885559082,4.239999771118164,4.244999885559082,4911.0
2026-08-05 10:12:00,CNXN,,83.98999786376953,84.30000305175781,83.9000015258789,84.30000305175781,1687.0
2026-08-05 10:12:00,CPOP,,0.36000001430511475,0.36000001430511475,0.36000001430511475,0.36000001430511475,211.0
2026-08-05 10:12:00,DTIL,,7.539999961853027,7.570000171661377,7.539999961853027,7.570000171661377,1002.0
2026-08-05 10:12:00,EYE,,23.649999618530273,23.655000686645508,23.6299991607666,23.655000686645508,3231.0
2026-08-05 10:12:00,GLUE,,16.18000030517578,16.200000762939453,16.15999984741211,16.200000762939453,6332.0
2026-08-05 10:12:00,KIDS,,21.68000030517578,21.68000030517578,21.68000030517578,21.68000030517578,214.0
2026-08-05 10:12:00,KTTA,,0.48500001430511475,0.48500001430511475,0.47510001063346863,0.4756999909877777,4024.0
2026-08-05 10:12:00,LUNG,,1.8949999809265137,1.8949999809265137,1.8949999809265137,1.8949999809265137,196.0
2026-08-05 10:12:00,MBRX,,0.4099000096321106,0.4099999964237213,0.40610000491142273,0.40610000491142273,4232.0
2026-08-05 10:12:00,MDB,,380.04998779296875,380.04998779296875,379.95709228515625,380.0400085449219,921.0
2026-08-05 10:12:00,MDLZ,,61.724998474121094,61.7400016784668,61.69499969482422,61.7400016784668,8186.0
2026-08-05 10:12:00,MNPR,,115.48999786376953,115.5,115.45999908447266,115.5,1169.0
2026-08-05 10:12:00,MNRO,,13.380000114440918,13.380000114440918,13.350000381469727,13.350000381469727,1173.0
2026-08-05 10:12:00,MNST,,94.80500030517578,94.80500030517578,94.70999908447266,94.80500030517578,13175.0
2026-08-05 10:12:00,MNTK,,1.6950000524520874,1.6950000524520874,1.690000057220459,1.690000057220459,4895.0
2026-08-05 10:12:00,MNTS,,4.429999828338623,4.429999828338623,4.429999828338623,4.429999828338623,641.0
2026-08-05 10:12:00,MOVE,,12.399999618530273,12.399999618530273,12.399999618530273,12.399999618530273,2522.0
2026-08-05 10:12:00,MPAA,,13.6899995803833,13.6899995803833,13.6899995803833,13.6899995803833,335.0
2026-08-05 10:12:00,MPWR,,1335.260009765625,1336.489990234375,1333.8299560546875,1333.8299560546875,736.0
2026-08-05 10:12:00,MRNA,,58.939998626708984,58.939998626708984,58.849998474121094,58.88999938964844,5042.0
2026-08-05 10:12:00,MSGM,,4.449999809265137,4.449999809265137,4.449999809265137,4.449999809265137,0.0
2026-08-05 10:12:00,MYGN,,3.140000104904175,3.140000104904175,3.130000114440918,3.130000114440918,4832.0
2026-08-05 10:12:00,NAMS,,27.149999618530273,27.229999542236328,27.094999313354492,27.21500015258789,9447.0
2026-08-05 10:12:00,NAUT,,0.993399977684021,0.9961000084877014,0.993399977684021,0.993399977684021,1902.0
2026-08-05 10:12:00,NAVI,,9.085000038146973,9.085000038146973,9.05679988861084,9.05679988861084,5483.0
2026-08-05 10:12:00,NB,,5.15500020980835,5.164999961853027,5.150000095367432,5.150000095367432,8909.0
2026-08-05 10:12:00,NBIX,,165.22000122070312,165.22000122070312,165.22000122070312,165.22000122070312,1036.0
2026-08-05 10:12:00,NDAQ,,94.8499984741211,94.86000061035156,94.8499984741211,94.86000061035156,1926.0
2026-08-05 10:12:00,NDSN,,311.6499938964844,311.6499938964844,311.5,311.6499938964844,3290.0
2026-08-05 10:12:00,NEGG,,16.86400032043457,16.86400032043457,16.86400032043457,16.86400032043457,1388.0
2026-08-05 10:12:00,NEO,,16.149099349975586,16.149999618530273,16.139999389648438,16.149999618530273,3358.0
2026-08-05 10:12:00,NEOV,,2.930000066757202,2.934999942779541,2.9200000762939453,2.934999942779541,42005.0
2026-08-05 10:12:00,NEXT,,6.42140007019043,6.42140007019043,6.414999961853027,6.414999961853027,2262.0
2026-08-05 10:12:00,NFLX,,73.75499725341797,73.83499908447266,73.73999786376953,73.80999755859375,90979.0
2026-08-05 10:12:00,NGNE,,35.58700180053711,35.6349983215332,35.58700180053711,35.6349983215332,616.0
2026-08-05 10:12:00,NICE,,96.16000366210938,96.16000366210938,95.88999938964844,95.88999938964844,2513.0
2026-08-05 10:12:00,NKSH,,40.400001525878906,40.400001525878906,40.400001525878906,40.400001525878906,1543.0
2026-08-05 10:12:00,NKTR,,73.54000091552734,73.54000091552734,73.43250274658203,73.43250274658203,1354.0
2026-08-05 10:12:00,NKTX,,2.2149999141693115,2.2149999141693115,2.2149999141693115,2.2149999141693115,775.0
2026-08-05 10:12:00,NMIH,,44.470001220703125,44.470001220703125,44.470001220703125,44.470001220703125,557.0
2026-08-05 10:12:00,NMRK,,15.675000190734863,15.675000190734863,15.664999961853027,15.664999961853027,1172.0
2026-08-05 10:12:00,NN,,14.4399995803833,14.4399995803833,14.420000076293945,14.4399995803833,6998.0
2026-08-05 10:12:00,NNBR,,3.9000000953674316,3.9000000953674316,3.890000104904175,3.890000104904175,1855.0
2026-08-05 10:12:00,NNDM,,1.565000057220459,1.5700000524520874,1.5612000226974487,1.565000057220459,2811.0
2026-08-05 10:12:00,NOVT,,160.0,160.0,160.0,160.0,928.0
2026-08-05 10:12:00,NRIM,,27.125,27.125,27.125,27.125,224.0
2026-08-05 10:12:00,NRIX,,25.239999771118164,25.239999771118164,25.204999923706055,25.204999923706055,728.0
2026-08-05 10:12:00,NRXP,,3.0899999141693115,3.0999999046325684,3.0899999141693115,3.0899999141693115,6059.0
2026-08-05 10:12:00,NSSC,,40.369998931884766,40.459999084472656,40.279998779296875,40.36000061035156,554.0
2026-08-05 10:12:00,NTAP,,190.9499969482422,191.32000732421875,190.9499969482422,191.0850067138672,12191.0
2026-08-05 10:12:00,NTES,,128.39999389648438,128.4550018310547,128.39999389648438,128.4550018310547,1471.0
2026-08-05 10:12:00,NTNX,,60.88249969482422,60.88249969482422,60.875,60.875,2309.0
2026-08-05 10:12:00,NTRA,,278.239990234375,278.239990234375,278.0,278.0,1357.0
2026-08-05 10:12:00,NTRS,,185.6300048828125,185.6300048828125,185.6300048828125,185.6300048828125,506.0
2026-08-05 10:12:00,NUWE,,1.7574000358581543,1.7574000358581543,1.7574000358581543,1.7574000358581543,1645.0
2026-08-05 10:12:00,NVAX,,7.710000038146973,7.715000152587891,7.710000038146973,7.710000038146973,2772.0
2026-08-05 10:12:00,NVDA,,221.5330047607422,222.02000427246094,221.39999389648438,221.6699981689453,1241318.0
2026-08-05 10:12:00,NVTS,,12.765000343322754,12.819999694824219,12.765000343322754,12.779999732971191,36946.0
2026-08-05 10:12:00,NWBI,,15.994999885559082,15.994999885559082,15.994999885559082,15.994999885559082,322.0
2026-08-05 10:12:00,NWE,,69.16000366210938,69.16999816894531,69.16000366210938,69.16000366210938,970.0
2026-08-05 10:12:00,NWL,,6.025000095367432,6.034999847412109,6.025000095367432,6.03000020980835,18963.0
2026-08-05 10:12:00,NWS,,32.40999984741211,32.41999816894531,32.349998474121094,32.349998474121094,3146.0
2026-08-05 10:12:00,NWSA,,28.280000686645508,28.280000686645508,28.22260093688965,28.229999542236328,12361.0
2026-08-05 10:12:00,NXPI,,233.77000427246094,234.0,233.77000427246094,233.8800048828125,4047.0
2026-08-05 10:12:00,NXT,,99.55999755859375,99.69999694824219,99.48999786376953,99.51000213623047,2943.0
2026-08-05 10:12:00,OABI,,2.0199999809265137,2.0199999809265137,2.0199999809265137,2.0199999809265137,315.0
2026-08-05 10:12:00,OCGN,,1.2999999523162842,1.315000057220459,1.2999999523162842,1.309999942779541,72320.0
2026-08-05 10:12:00,OCSL,,12.210000038146973,12.220000267028809,12.210000038146973,12.220000267028809,977.0
2026-08-05 10:12:00,OCUL,,8.704999923706055,8.725000381469727,8.699999809265137,8.725000381469727,3818.0
2026-08-05 10:12:00,ODD,,15.479999542236328,15.479999542236328,15.479999542236328,15.479999542236328,540.0
2026-08-05 10:12:00,ODFL,,218.9250030517578,218.9250030517578,218.9250030517578,218.9250030517578,1565.0
2026-08-05 10:12:00,OESX,,16.9242000579834,17.0,16.63050079345703,16.832399368286133,7815.0
2026-08-05 10:12:00,OFIX,,10.729999542236328,10.729999542236328,10.6850004196167,10.699999809265137,5589.0
2026-08-05 10:12:00,OGI,,0.9700000286102295,0.9700000286102295,0.9670000076293945,0.9700000286102295,9766.0
2026-08-05 10:12:00,OKTA,,149.45120239257812,149.45120239257812,149.25999450683594,149.25999450683594,678.0
2026-08-05 10:12:00,OLLI,,78.5999984741211,78.62999725341797,78.45999908447266,78.45999908447266,1660.0
2026-08-05 10:12:00,OLMA,,11.8149995803833,11.8149995803833,11.8149995803833,11.8149995803833,1071.0
2026-08-05 10:12:00,OMCL,,36.95000076293945,36.95000076293945,36.85499954223633,36.85499954223633,493.0
2026-08-05 10:12:00,OMER,,13.0600004196167,13.0600004196167,13.0600004196167,13.0600004196167,667.0
2026-08-05 10:12:00,OMH,,0.10920000076293945,0.1103999987244606,0.10920000076293945,0.1103999987244606,3332.0
2026-08-05 10:12:00,ON,,79.30000305175781,79.37999725341797,79.19000244140625,79.19000244140625,28395.0
2026-08-05 10:12:00,ONB,,27.145000457763672,27.145000457763672,27.145000457763672,27.145000457763672,663.0
2026-08-05 10:12:00,ONCY,,0.7940000295639038,0.7943000197410583,0.7940000295639038,0.7943000197410583,1877.0
2026-08-05 10:12:00,ONDS,,9.03499984741211,9.069899559020996,9.029999732971191,9.03499984741211,430808.0
2026-08-05 10:12:00,ONFO,,0.0754999965429306,0.07559999823570251,0.0754999965429306,0.07559999823570251,44872.0
2026-08-05 10:12:00,OPCH,,23.43000030517578,23.440000534057617,23.43000030517578,23.43000030517578,2922.0
2026-08-05 10:12:00,OPEN,,3.7750000953674316,3.7899999618530273,3.7699999809265137,3.7850000858306885,255601.0
2026-08-05 10:12:00,OPK,,1.315000057220459,1.3200000524520874,1.309999942779541,1.309999942779541,2682.0
2026-08-05 10:12:00,ORGO,,2.365000009536743,2.365000009536743,2.365000009536743,2.365000009536743,530.0
2026-08-05 10:12:00,ORIC,,13.489999771118164,13.545000076293945,13.489999771118164,13.545000076293945,3867.0
2026-08-05 10:12:00,ORLY,,93.83000183105469,93.83499908447266,93.73999786376953,93.77999877929688,13696.0
2026-08-05 10:12:00,ORRF,,43.5,43.5,43.5,43.5,116.0
2026-08-05 10:12:00,OSBC,,25.8799991607666,25.8799991607666,25.8799991607666,25.8799991607666,578.0
2026-08-05 10:12:00,OSIS,,234.56500244140625,235.22000122070312,234.56500244140625,235.14999389648438,656.0
2026-08-05 10:12:00,OSPN,,16.700000762939453,16.700000762939453,16.700000762939453,16.700000762939453,149.0
2026-08-05 10:12:00,OTEX,,26.040000915527344,26.065000534057617,26.020000457763672,26.065000534057617,9955.0
2026-08-05 10:12:00,OTLK,,1.0326000452041626,1.0399999618530273,1.0299999713897705,1.034999966621399,66692.0
2026-08-05 10:12:00,OTLY,,14.330100059509277,14.390000343322754,14.300000190734863,14.300000190734863,5344.0
2026-08-05 10:12:00,OVID,,2.615000009536743,2.6201000213623047,2.609999895095825,2.619999885559082,3664.0
2026-08-05 10:12:00,OXLC,,9.091300010681152,9.091300010681152,9.091300010681152,9.091300010681152,532.0
2026-08-05 10:12:00,OXSQ,,1.4800000190734863,1.4850000143051147,1.4800000190734863,1.4800000190734863,831.0
2026-08-05 10:12:00,PAA,,23.18000030517578,23.200000762939453,23.165000915527344,23.184999465942383,23461.0
2026-08-05 10:12:00,PAAS,,48.13999938964844,48.209999084472656,48.119998931884766,48.16999816894531,20042.0
2026-08-05 10:12:00,PACB,,1.4600000381469727,1.4600000381469727,1.4550000429153442,1.4550000429153442,1775.0
2026-08-05 10:12:00,PAGP,,25.165000915527344,25.165000915527344,25.139999389648438,25.139999389648438,3911.0
2026-08-05 10:12:00,PALI,,2.130000114440918,2.130000114440918,2.119999885559082,2.125,13721.0
2026-08-05 10:12:00,PANL,,7.320000171661377,7.320000171661377,7.320000171661377,7.320000171661377,1307.0
2026-08-05 10:12:00,PANW,,370.9700012207031,371.1700134277344,370.32000732421875,370.32000732421875,10682.0
2026-08-05 10:12:00,PAVS,,4.857100009918213,4.857100009918213,4.857100009918213,4.857100009918213,1761.0
2026-08-05 10:12:00,PAX,,11.4399995803833,11.4399995803833,11.4399995803833,11.4399995803833,964.0
2026-08-05 10:12:00,PAYO,,7.130000114440918,7.130000114440918,7.127799987792969,7.130000114440918,692.0
2026-08-05 10:12:00,PAYX,,118.13999938964844,118.14099884033203,118.06999969482422,118.08000183105469,2514.0
2026-08-05 10:12:00,PCAR,,136.0,136.02499389648438,136.0,136.01499938964844,2987.0
2026-08-05 10:12:00,PCRX,,25.5,25.59000015258789,25.360000610351562,25.549999237060547,3475.0
2026-08-05 10:12:00,PCT,,6.985000133514404,7.0,6.985000133514404,6.989999771118164,16334.0
2026-08-05 10:12:00,PCTY,,147.65499877929688,148.27000427246094,147.35499572753906,147.93499755859375,5783.0
2026-08-05 10:12:00,PDD,,91.77999877929688,91.80000305175781,91.68000030517578,91.73999786376953,10910.0
2026-08-05 10:12:00,PDFS,,50.94499969482422,50.94499969482422,50.849998474121094,50.849998474121094,996.0
2026-08-05 10:12:00,PECO,,41.349998474121094,41.349998474121094,41.349998474121094,41.349998474121094,1069.0
2026-08-05 10:12:00,PEGA,,31.670000076293945,31.670000076293945,31.614999771118164,31.614999771118164,1360.0
2026-08-05 10:12:00,PENN,,20.065000534057617,20.079999923706055,20.059999465942383,20.075000762939453,3146.0
2026-08-05 10:12:00,PEP,,138.48500061035156,138.5,138.3699951171875,138.48500061035156,14628.0
2026-08-05 10:12:00,PEPG,,1.910099983215332,1.910099983215332,1.910099983215332,1.910099983215332,2085.0
2026-08-05 10:12:00,PESI,,17.78499984741211,17.78499984741211,17.78499984741211,17.78499984741211,274.0
2026-08-05 10:12:00,PETS,,1.9850000143051147,1.9850000143051147,1.9850000143051147,1.9850000143051147,587.0
2026-08-05 10:12:00,PFG,,115.61750030517578,115.61750030517578,115.61750030517578,115.61750030517578,661.0
2026-08-05 10:12:00,PGC,,46.880001068115234,46.880001068115234,46.880001068115234,46.880001068115234,476.0
2026-08-05 10:12:00,PGEN,,7.125,7.159599781036377,7.119999885559082,7.135000228881836,28966.0
2026-08-05 10:12:00,PGNY,,31.489999771118164,31.5,31.489999771118164,31.5,1142.0
2026-08-05 10:12:00,PGY,,21.84000015258789,21.860000610351562,21.780000686645508,21.780000686645508,9812.0
2026-08-05 10:12:00,PHVS,,33.63999938964844,33.849998474121094,33.63999938964844,33.849998474121094,229.0
2026-08-05 10:12:00,PLAB,,32.38999938964844,32.38999938964844,32.38999938964844,32.38999938964844,664.0
2026-08-05 10:12:00,PLMR,,135.8000030517578,135.8300018310547,135.8000030517578,135.8300018310547,1140.0
2026-08-05 10:12:00,PLTK,,4.005000114440918,4.005000114440918,3.994999885559082,3.994999885559082,957.0
2026-08-05 10:12:00,PLUG,,2.125,2.130000114440918,2.1215999126434326,2.128000020980835,11989.0
2026-08-05 10:12:00,PLUR,,1.7999999523162842,1.7999999523162842,1.7899999618530273,1.7899999618530273,773.0
2026-08-05 10:12:00,PLXS,,274.760009765625,274.760009765625,274.7300109863281,274.7300109863281,1175.0
2026-08-05 10:12:00,PNFP,,107.96499633789062,107.98999786376953,107.96499633789062,107.98999786376953,529.0
2026-08-05 10:12:00,PNTG,,38.310001373291016,38.33000183105469,38.27000045776367,38.29999923706055,1900.0
2026-08-05 10:12:00,POET,,8.460000038146973,8.470000267028809,8.449999809265137,8.454999923706055,11639.0
2026-08-05 10:12:00,POOL,,203.63999938964844,203.63999938964844,203.63999938964844,203.63999938964844,524.0
2026-08-05 10:12:00,POWI,,63.125,63.125,63.125,63.125,241.0
2026-08-05 10:12:00,POWL,,213.2949981689453,213.5500030517578,212.44000244140625,212.69500732421875,3150.0
2026-08-05 10:12:00,PPC,,26.704999923706055,26.709999084472656,26.65999984741211,26.68000030517578,5990.0
2026-08-05 10:12:00,PPSI,,3.0980000495910645,3.0980000495910645,3.0980000495910645,3.0980000495910645,401.0
2026-08-05 10:12:00,PPTA,,22.510000228881836,22.6299991607666,22.510000228881836,22.530000686645508,31194.0
2026-08-05 10:12:00,PRCH,,16.209999084472656,16.219999313354492,16.200000762939453,16.209999084472656,1508.0
2026-08-05 10:12:00,PRCT,,18.6299991607666,18.719999313354492,18.6299991607666,18.65999984741211,8915.0
2026-08-05 10:12:00,PRDO,,33.31999969482422,33.31999969482422,33.31999969482422,33.31999969482422,261.0
2026-08-05 10:12:00,PRIM,,89.0,89.01000213623047,88.62999725341797,88.66999816894531,4160.0
2026-08-05 10:12:00,PRME,,3.0090999603271484,3.009999990463257,3.005000114440918,3.009999990463257,7410.0
2026-08-05 10:12:00,PRQR,,1.9149999618530273,1.9199999570846558,1.9149999618530273,1.9189000129699707,2289.0
2026-08-05 10:12:00,PRTA,,8.710000038146973,8.710000038146973,8.710000038146973,8.710000038146973,842.0
2026-08-05 10:12:00,PRTH,,6.690000057220459,6.690000057220459,6.670000076293945,6.690000057220459,4828.0
2026-08-05 10:12:00,PSEC,,2.2049999237060547,2.2100000381469727,2.2049999237060547,2.2100000381469727,3441.0
2026-08-05 10:12:00,PSNL,,13.59000015258789,13.59119987487793,13.59000015258789,13.59119987487793,2543.0
2026-08-05 10:12:00,PTC,,142.19000244140625,142.19000244140625,141.92999267578125,142.02999877929688,2666.0
2026-08-05 10:12:00,PTEN,,9.895000457763672,9.90999984741211,9.895000457763672,9.904999732971191,10665.0
2026-08-05 10:12:00,PTLO,,4.59499979019165,4.605000019073486,4.585000038146973,4.605000019073486,3811.0
2026-08-05 10:12:00,PTON,,6.559999942779541,6.559999942779541,6.554999828338623,6.554999828338623,4309.0
2026-08-05 10:12:00,PUBM,,13.640000343322754,13.65999984741211,13.640000343322754,13.65999984741211,773.0
2026-08-05 10:12:00,PWP,,17.454999923706055,17.454999923706055,17.350000381469727,17.360000610351562,3923.0
2026-08-05 10:12:00,PYPD,,4.480000019073486,4.485000133514404,4.480000019073486,4.485000133514404,201.0
2026-08-05 10:12:00,PYPL,,58.834999084472656,58.834999084472656,58.779998779296875,58.79499816894531,9120.0
2026-08-05 10:12:00,PYXS,,3.2799999713897705,3.2899999618530273,3.2799999713897705,3.2899999618530273,653.0
2026-08-05 10:12:00,PZZA,,30.729999542236328,30.774999618530273,30.729999542236328,30.774999618530273,2986.0
2026-08-05 10:12:00,QCOM,,161.1999969482422,161.2100067138672,161.07000732421875,161.1999969482422,13279.0
2026-08-05 10:12:00,QRVO,,95.20999908447266,95.20999908447266,95.0999984741211,95.12000274658203,1250.0
2026-08-05 10:12:00,STIM,,2.2950000762939453,2.299999952316284,2.2950000762939453,2.299999952316284,2329.0
2026-08-05 10:12:00,TARA,,4.099999904632568,4.105000019073486,4.099999904632568,4.105000019073486,2440.0
2026-08-05 10:12:00,WOOF,,2.9749999046325684,2.9749999046325684,2.9649999141693115,2.9649999141693115,9109.0
2026-08-05 10:13:00,ACDC,,4.235000133514404,4.239999771118164,4.235000133514404,4.239999771118164,2453.0
2026-08-05 10:13:00,BPOP,,177.47000122070312,177.47000122070312,177.4600067138672,177.4600067138672,346.0
2026-08-05 10:13:00,CNXN,,83.91000366210938,83.91000366210938,83.91000366210938,83.91000366210938,1845.0
2026-08-05 10:13:00,DTIL,,7.539999961853027,7.555699825286865,7.539999961853027,7.555699825286865,1277.0
2026-08-05 10:13:00,EYE,,23.709999084472656,23.729999542236328,23.68000030517578,23.68000030517578,4070.0
2026-08-05 10:13:00,GLUE,,16.149999618530273,16.209999084472656,16.139999389648438,16.18000030517578,1920.0
2026-08-05 10:13:00,KTTA,,0.48019999265670776,0.48019999265670776,0.48019999265670776,0.48019999265670776,10.0
2026-08-05 10:13:00,LUNG,,1.899999976158142,1.899999976158142,1.899999976158142,1.899999976158142,2656.0
2026-08-05 10:13:00,MBRX,,0.4074999988079071,0.4099999964237213,0.4074999988079071,0.4099999964237213,847.0
2026-08-05 10:13:00,MDB,,380.0,380.04998779296875,380.0,380.0450134277344,508.0
2026-08-05 10:13:00,MDLZ,,61.689998626708984,61.775001525878906,61.689998626708984,61.775001525878906,23902.0
2026-08-05 10:13:00,MLTX,,17.959999084472656,17.959999084472656,17.90999984741211,17.90999984741211,1115.0
2026-08-05 10:13:00,MNPR,,115.06999969482422,115.06999969482422,115.06999969482422,115.06999969482422,871.0
2026-08-05 10:13:00,MNRO,,13.40999984741211,13.40999984741211,13.329999923706055,13.380000114440918,6877.0
2026-08-05 10:13:00,MNST,,94.76499938964844,94.77999877929688,94.7300033569336,94.77999877929688,7716.0
2026-08-05 10:13:00,MNTS,,4.420000076293945,4.420000076293945,4.420000076293945,4.420000076293945,1003.0
2026-08-05 10:13:00,MORN,,201.2100067138672,201.35000610351562,201.2100067138672,201.35000610351562,1744.0
2026-08-05 10:13:00,MPWR,,1335.739990234375,1336.3050537109375,1333.449951171875,1334.489990234375,873.0
2026-08-05 10:13:00,MRNA,,58.72420120239258,58.919498443603516,58.65039825439453,58.86000061035156,7988.0
2026-08-05 10:13:00,MYGN,,3.139899969100952,3.140000104904175,3.139899969100952,3.140000104904175,5314.0
2026-08-05 10:13:00,NAII,,2.3499999046325684,2.3499999046325684,2.2899999618530273,2.319999933242798,10652.0
2026-08-05 10:13:00,NAMS,,27.139999389648438,27.149999618530273,27.06999969482422,27.149999618530273,3313.0
2026-08-05 10:13:00,NAUT,,0.9937999844551086,0.9969000220298767,0.9937999844551086,0.9969000220298767,3120.0
2026-08-05 10:13:00,NB,,5.139999866485596,5.153900146484375,5.139900207519531,5.153900146484375,5495.0
2026-08-05 10:13:00,NBIX,,165.09500122070312,165.10000610351562,165.02000427246094,165.10000610351562,1749.0
2026-08-05 10:13:00,NBTX,,39.690101623535156,39.690101623535156,39.690101623535156,39.690101623535156,720.0
2026-08-05 10:13:00,NCMI,,4.105000019073486,4.107999801635742,4.105000019073486,4.107999801635742,606.0
2026-08-05 10:13:00,NCRA,,1.7999999523162842,1.7999999523162842,1.7999999523162842,1.7999999523162842,923.0
2026-08-05 10:13:00,NDAQ,,94.8301010131836,94.93000030517578,94.8301010131836,94.86000061035156,5549.0
2026-08-05 10:13:00,NDSN,,311.7650146484375,311.7699890136719,311.6449890136719,311.6449890136719,1500.0
2026-08-05 10:13:00,NEGG,,16.709999084472656,16.709999084472656,16.709999084472656,16.709999084472656,293.0
2026-08-05 10:13:00,NEO,,16.13010025024414,16.13010025024414,16.13010025024414,16.13010025024414,277.0
2026-08-05 10:13:00,NEOG,,11.720000267028809,11.720000267028809,11.720000267028809,11.720000267028809,609.0
2026-08-05 10:13:00,NEOV,,2.880000114440918,2.924999952316284,2.859999895095825,2.924999952316284,33848.0
2026-08-05 10:13:00,NESR,,29.09000015258789,29.100000381469727,29.040000915527344,29.100000381469727,1134.0
2026-08-05 10:13:00,NEWT,,15.350000381469727,15.359999656677246,15.350000381469727,15.359999656677246,944.0
2026-08-05 10:13:00,NFLX,,73.7699966430664,73.77999877929688,73.73999786376953,73.7511978149414,55258.0
2026-08-05 10:13:00,NGNE,,35.599998474121094,35.599998474121094,35.599998474121094,35.599998474121094,109.0
2026-08-05 10:13:00,NICE,,96.2300033569336,96.37999725341797,96.2300033569336,96.37999725341797,2246.0
2026-08-05 10:13:00,NIU,,2.509999990463257,2.509999990463257,2.509999990463257,2.509999990463257,240.0
2026-08-05 10:13:00,NMFC,,7.401000022888184,7.401000022888184,7.401000022888184,7.401000022888184,672.0
2026-08-05 10:13:00,NMRA,,1.5700000524520874,1.5750000476837158,1.5700000524520874,1.5750000476837158,2152.0
2026-08-05 10:13:00,NN,,14.4399995803833,14.449999809265137,14.390000343322754,14.4350004196167,12876.0
2026-08-05 10:13:00,NNBR,,3.8949999809265137,3.9000000953674316,3.890000104904175,3.8949999809265137,3580.0
2026-08-05 10:13:00,NNDM,,1.559999942779541,1.565000057220459,1.559999942779541,1.565000057220459,1496.0
2026-08-05 10:13:00,NOVT,,159.61500549316406,159.9600067138672,159.61000061035156,159.9600067138672,4927.0
2026-08-05 10:13:00,NPCE,,13.680000305175781,13.6899995803833,13.680000305175781,13.6899995803833,757.0
2026-08-05 10:13:00,NRIM,,27.09000015258789,27.1299991607666,27.09000015258789,27.1299991607666,1380.0
2026-08-05 10:13:00,NRIX,,25.170000076293945,25.170000076293945,25.170000076293945,25.170000076293945,2071.0
2026-08-05 10:13:00,NRSN,,0.5799999833106995,0.5799999833106995,0.5799000263214111,0.5799999833106995,661.0
2026-08-05 10:13:00,NRXP,,3.0850000381469727,3.0850000381469727,3.0850000381469727,3.0850000381469727,729.0
2026-08-05 10:13:00,NSSC,,40.45000076293945,40.45000076293945,40.45000076293945,40.45000076293945,268.0
2026-08-05 10:13:00,NTAP,,190.9499969482422,191.22999572753906,190.75,190.86000061035156,9801.0
2026-08-05 10:13:00,NTCT,,41.724998474121094,41.724998474121094,41.724998474121094,41.724998474121094,149.0
2026-08-05 10:13:00,NTES,,128.38999938964844,128.44000244140625,128.38999938964844,128.44000244140625,392.0
2026-08-05 10:13:00,NTGR,,24.09000015258789,24.09000015258789,24.09000015258789,24.09000015258789,409.0
2026-08-05 10:13:00,NTNX,,60.88249969482422,60.88249969482422,60.875,60.875,2523.0
2026-08-05 10:13:00,NTRA,,278.3500061035156,278.531005859375,278.2900085449219,278.2900085449219,2226.0
2026-08-05 10:13:00,NTRS,,185.60499572753906,185.60499572753906,185.44000244140625,185.47999572753906,7069.0
2026-08-05 10:13:00,NTRSO,,18.440000534057617,18.440000534057617,18.440000534057617,18.440000534057617,2409.0
2026-08-05 10:13:00,NUWE,,1.7649999856948853,1.7649999856948853,1.76010000705719,1.7649999856948853,4638.0
2026-08-05 10:13:00,NVAX,,7.704999923706055,7.71999979019165,7.699999809265137,7.71999979019165,5186.0
2026-08-05 10:13:00,NVCR,,16.049999237060547,16.079999923706055,16.049999237060547,16.079999923706055,2027.0
2026-08-05 10:13:00,NVDA,,221.8800048828125,222.0399932861328,221.5,221.5,482218.0
2026-08-05 10:13:00,NVMI,,412.6700134277344,412.6700134277344,412.6700134277344,412.6700134277344,191.0
2026-08-05 10:13:00,NVTS,,12.779999732971191,12.805000305175781,12.770000457763672,12.770000457763672,16784.0
2026-08-05 10:13:00,NWBI,,15.994999885559082,16.0,15.994999885559082,16.0,10159.0
2026-08-05 10:13:00,NWL,,6.03000020980835,6.034999847412109,6.03000020980835,6.03000020980835,7102.0
2026-08-05 10:13:00,NWPX,,128.86000061035156,128.86000061035156,128.0800018310547,128.33999633789062,1748.0
2026-08-05 10:13:00,NWS,,32.439998626708984,32.439998626708984,32.41999816894531,32.41999816894531,1364.0
2026-08-05 10:13:00,NWSA,,28.299999237060547,28.299999237060547,28.274999618530273,28.274999618530273,1432.0
2026-08-05 10:13:00,NXPI,,233.8000030517578,234.1300048828125,233.77000427246094,233.77999877929688,8783.0
2026-08-05 10:13:00,NXT,,99.5999984741211,99.80999755859375,99.5,99.5,21836.0
2026-08-05 10:13:00,NXTC,,5.437900066375732,5.550000190734863,5.437900066375732,5.550000190734863,2265.0
2026-08-05 10:13:00,OCC,,16.125,16.125,16.125,16.125,339.0
2026-08-05 10:13:00,OCG,,1.670699954032898,1.670699954032898,1.670699954032898,1.670699954032898,576.0
2026-08-05 10:13:00,OCGN,,1.3014999628067017,1.3049999475479126,1.2999999523162842,1.2999999523162842,1149.0
2026-08-05 10:13:00,ODD,,15.479999542236328,15.479999542236328,15.479999542236328,15.479999542236328,640.0
2026-08-05 10:13:00,OESX,,16.799999237060547,16.999900817871094,16.600000381469727,16.96929931640625,6981.0
2026-08-05 10:13:00,OFIX,,10.760000228881836,10.760000228881836,10.6899995803833,10.6899995803833,1379.0
2026-08-05 10:13:00,OFLX,,30.024999618530273,30.024999618530273,30.024999618530273,30.024999618530273,787.0
2026-08-05 10:13:00,OKTA,,149.46499633789062,149.48989868164062,149.3300018310547,149.48989868164062,2797.0
2026-08-05 10:13:00,OLLI,,78.62999725341797,78.62999725341797,78.54000091552734,78.62999725341797,1857.0
2026-08-05 10:13:00,OM,,5.014999866485596,5.014999866485596,5.014999866485596,5.014999866485596,200.0
2026-08-05 10:13:00,OMCL,,36.90999984741211,36.91999816894531,36.90999984741211,36.91999816894531,614.0
2026-08-05 10:13:00,OMER,,13.015000343322754,13.0600004196167,13.015000343322754,13.0600004196167,3516.0
2026-08-05 10:13:00,OMH,,0.1103999987244606,0.1103999987244606,0.10920000076293945,0.10920000076293945,4529.0
2026-08-05 10:13:00,ON,,79.33999633789062,79.42169952392578,79.2699966430664,79.32499694824219,55597.0
2026-08-05 10:13:00,ONB,,27.15999984741211,27.165000915527344,27.15999984741211,27.15999984741211,11053.0
2026-08-05 10:13:00,ONDS,,9.045000076293945,9.09000015258789,9.032500267028809,9.03499984741211,215698.0
2026-08-05 10:13:00,ONFO,,0.07519999891519547,0.0754999965429306,0.0746999979019165,0.0754999965429306,57677.0
2026-08-05 10:13:00,OPCH,,23.440000534057617,23.440000534057617,23.440000534057617,23.440000534057617,1360.0
2026-08-05 10:13:00,OPEN,,3.7701001167297363,3.7799999713897705,3.759999990463257,3.7699999809265137,514406.0
2026-08-05 10:13:00,OPHC,,8.850000381469727,8.889900207519531,8.850000381469727,8.889900207519531,1346.0
2026-08-05 10:13:00,OPK,,1.3200000524520874,1.3200000524520874,1.315000057220459,1.315000057220459,8008.0
2026-08-05 10:13:00,OPRA,,20.218299865722656,20.218299865722656,20.218299865722656,20.218299865722656,3255.0
2026-08-05 10:13:00,OPRT,,6.175000190734863,6.175000190734863,6.170000076293945,6.170000076293945,859.0
2026-08-05 10:13:00,ORGO,,2.365000009536743,2.365000009536743,2.365000009536743,2.365000009536743,398.0
2026-08-05 10:13:00,ORIC,,13.539999961853027,13.539999961853027,13.460000038146973,13.460000038146973,11507.0
2026-08-05 10:13:00,ORLY,,93.87999725341797,93.9000015258789,93.81999969482422,93.83000183105469,14927.0
2026-08-05 10:13:00,ORRF,,43.45000076293945,43.45000076293945,43.45000076293945,43.45000076293945,1047.0
2026-08-05 10:13:00,OSIS,,234.93499755859375,234.93499755859375,234.93499755859375,234.93499755859375,174.0
2026-08-05 10:13:00,OSPN,,16.69499969482422,16.69499969482422,16.69499969482422,16.69499969482422,418.0
2026-08-05 10:13:00,OSS,,13.739999771118164,13.739999771118164,13.679699897766113,13.734999656677246,4180.0
2026-08-05 10:13:00,OTEX,,26.104999542236328,26.110000610351562,26.049999237060547,26.05500030517578,7437.0
2026-08-05 10:13:00,OTLK,,1.034999966621399,1.034999966621399,1.034999966621399,1.034999966621399,4715.0
2026-08-05 10:13:00,OVID,,2.6050000190734863,2.615000009536743,2.6050000190734863,2.615000009536743,2927.0
2026-08-05 10:13:00,OXLC,,9.099100112915039,9.099100112915039,9.099100112915039,9.099100112915039,2081.0
2026-08-05 10:13:00,OXSQ,,1.4800000190734863,1.4800000190734863,1.4800000190734863,1.4800000190734863,105.0
2026-08-05 10:13:00,PAA,,23.174999237060547,23.184999465942383,23.170000076293945,23.18000030517578,9744.0
2026-08-05 10:13:00,PAAS,,48.150001525878906,48.2400016784668,48.099998474121094,48.11000061035156,17432.0
2026-08-05 10:13:00,PACB,,1.4550000429153442,1.4594000577926636,1.4550000429153442,1.4550000429153442,907.0
2026-08-05 10:13:00,PAGP,,25.125,25.139999389648438,25.125,25.139999389648438,2344.0
2026-08-05 10:13:00,PALI,,2.130000114440918,2.130000114440918,2.130000114440918,2.130000114440918,2380.0
2026-08-05 10:13:00,PANW,,371.29998779296875,371.548095703125,370.5400085449219,370.6400146484375,12566.0
2026-08-05 10:13:00,PATK,,88.29000091552734,88.29000091552734,88.29000091552734,88.29000091552734,290.0
2026-08-05 10:13:00,PAX,,11.4399995803833,11.4399995803833,11.4399995803833,11.4399995803833,1449.0
2026-08-05 10:13:00,PAYO,,7.130000114440918,7.130000114440918,7.125,7.125,5083.0
2026-08-05 10:13:00,PAYX,,118.25499725341797,118.33999633789062,118.18000030517578,118.18000030517578,2644.0
2026-08-05 10:13:00,PCAR,,136.13499450683594,136.13499450683594,136.125,136.125,1245.0
2026-08-05 10:13:00,PCRX,,25.475000381469727,25.55500030517578,25.219999313354492,25.55500030517578,4828.0
2026-08-05 10:13:00,PCT,,6.980000019073486,6.985000133514404,6.96999979019165,6.980000019073486,11530.0
2026-08-05 10:13:00,PCTY,,148.30999755859375,148.30999755859375,148.30999755859375,148.30999755859375,888.0
2026-08-05 10:13:00,PDD,,91.75,91.80999755859375,91.7301025390625,91.77999877929688,19016.0
2026-08-05 10:13:00,PDLB,,20.6200008392334,20.6200008392334,20.6200008392334,20.6200008392334,103.0
2026-08-05 10:13:00,PEGA,,31.68000030517578,31.68000030517578,31.68000030517578,31.68000030517578,927.0
2026-08-05 10:13:00,PENN,,20.079999923706055,20.079999923706055,20.049999237060547,20.059999465942383,6670.0
2026-08-05 10:13:00,PEP,,138.38999938964844,138.49000549316406,138.35000610351562,138.47999572753906,11047.0
2026-08-05 10:13:00,PEPG,,1.909999966621399,1.909999966621399,1.909999966621399,1.909999966621399,573.0
2026-08-05 10:13:00,PERI,,9.65999984741211,9.664999961853027,9.65999984741211,9.65999984741211,1499.0
2026-08-05 10:13:00,PFG,,115.74500274658203,115.7699966430664,115.74500274658203,115.7699966430664,1085.0
2026-08-05 10:13:00,PGEN,,7.15500020980835,7.15500020980835,7.114999771118164,7.125,62138.0
2026-08-05 10:13:00,PGY,,21.854999542236328,21.8700008392334,21.84000015258789,21.854999542236328,3695.0
2026-08-05 10:13:00,PHAT,,8.640000343322754,8.680000305175781,8.640000343322754,8.680000305175781,2083.0
2026-08-05 10:13:00,PHVS,,33.599998474121094,33.599998474121094,33.599998474121094,33.599998474121094,1274.0
2026-08-05 10:13:00,PLAB,,32.36000061035156,32.400001525878906,32.36000061035156,32.400001525878906,3412.0
2026-08-05 10:13:00,PLMR,,136.23500061035156,136.4499969482422,136.23500061035156,136.4499969482422,454.0
2026-08-05 10:13:00,PLPC,,456.3974914550781,457.989990234375,456.3974914550781,457.989990234375,854.0
2026-08-05 10:13:00,PLUG,,2.1298999786376953,2.130000114440918,2.119999885559082,2.1298999786376953,59908.0
2026-08-05 10:13:00,PLXS,,274.989990234375,274.989990234375,274.2699890136719,274.7250061035156,3589.0
2026-08-05 10:13:00,PNFP,,107.95999908447266,107.95999908447266,107.95999908447266,107.95999908447266,267.0
2026-08-05 10:13:00,PNTG,,38.400001525878906,38.45000076293945,38.369998931884766,38.369998931884766,3796.0
2026-08-05 10:13:00,POET,,8.4399995803833,8.460000038146973,8.430000305175781,8.444999694824219,28825.0
2026-08-05 10:13:00,POOL,,203.6300048828125,203.6300048828125,203.60000610351562,203.60000610351562,591.0
2026-08-05 10:13:00,POWI,,63.19499969482422,63.19499969482422,63.125,63.125,337.0
2026-08-05 10:13:00,POWL,,213.17999267578125,213.36599731445312,213.0,213.36599731445312,1671.0
2026-08-05 10:13:00,PPSI,,3.0048999786376953,3.009999990463257,3.0048999786376953,3.009999990463257,4800.0
2026-08-05 10:13:00,PPTA,,22.579999923706055,22.614999771118164,22.49370002746582,22.49370002746582,6264.0
2026-08-05 10:13:00,PRAX,,317.3500061035156,319.2550048828125,317.3500061035156,319.2550048828125,1269.0
2026-08-05 10:13:00,PRCH,,16.274999618530273,16.274999618530273,16.229999542236328,16.229999542236328,3803.0
2026-08-05 10:13:00,PRCT,,18.6299991607666,18.655000686645508,18.575000762939453,18.6200008392334,22119.0
2026-08-05 10:13:00,PRE,,18.350000381469727,18.350000381469727,18.350000381469727,18.350000381469727,621.0
2026-08-05 10:13:00,PRIM,,88.66999816894531,89.0,88.48999786376953,88.9800033569336,8571.0
2026-08-05 10:13:00,PRLD,,4.590000152587891,4.590000152587891,4.590000152587891,4.590000152587891,187.0
2026-08-05 10:13:00,PRME,,3.009700059890747,3.009700059890747,3.005000114440918,3.005000114440918,6204.0
2026-08-05 10:13:00,PRQR,,1.9143999814987183,1.9149999618530273,1.9143999814987183,1.9149999618530273,3628.0
2026-08-05 10:13:00,PRSO,,0.7044000029563904,0.7044000029563904,0.7044000029563904,0.7044000029563904,225.0
2026-08-05 10:13:00,PRTA,,8.710000038146973,8.710000038146973,8.710000038146973,8.710000038146973,719.0
2026-08-05 10:13:00,PRVA,,23.8799991607666,23.8799991607666,23.8799991607666,23.8799991607666,817.0
2026-08-05 10:13:00,PSEC,,2.2049999237060547,2.2049999237060547,2.2049999237060547,2.2049999237060547,2434.0
2026-08-05 10:13:00,PTC,,142.19000244140625,142.19000244140625,142.18499755859375,142.18499755859375,1491.0
2026-08-05 10:13:00,PTCT,,69.77999877929688,69.77999877929688,69.77999877929688,69.77999877929688,796.0
2026-08-05 10:13:00,PTEN,,9.904999732971191,9.904999732971191,9.895000457763672,9.895000457763672,4846.0
2026-08-05 10:13:00,PTGX,,137.60000610351562,137.60000610351562,137.60000610351562,137.60000610351562,287.0
2026-08-05 10:13:00,PTLO,,4.59499979019165,4.59499979019165,4.59499979019165,4.59499979019165,899.0
2026-08-05 10:13:00,PTON,,6.550000190734863,6.565000057220459,6.550000190734863,6.554999828338623,42188.0
2026-08-05 10:13:00,PYPL,,58.869998931884766,58.89500045776367,58.83000183105469,58.83000183105469,18214.0
2026-08-05 10:13:00,PYXS,,3.2799999713897705,3.2899999618530273,3.273900032043457,3.273900032043457,4629.0
2026-08-05 10:13:00,PZZA,,30.75,30.75,30.75,30.75,937.0
2026-08-05 10:13:00,QCOM,,161.36000061035156,161.57400512695312,161.25,161.25,16628.0
2026-08-05 10:13:00,QRVO,,95.2249984741211,95.29000091552734,95.2249984741211,95.29000091552734,618.0
2026-08-05 10:13:00,STIM,,2.2850000858306885,2.2950000762939453,2.2850000858306885,2.2950000762939453,2061.0
2026-08-05 10:13:00,STKS,,1.75,1.75,1.75,1.75,200.0
2026-08-05 10:13:00,TARA,,4.085000038146973,4.090000152587891,4.085000038146973,4.090000152587891,1204.0
2026-08-05 10:13:00,WOOF,,2.978800058364868,2.978800058364868,2.9749999046325684,2.9749999046325684,242.0
2026-08-05 10:14:00,ACDC,,4.224999904632568,4.244999885559082,4.224999904632568,4.239999771118164,4825.0
2026-08-05 10:14:00,BPOP,,177.47500610351562,177.6999969482422,177.47500610351562,177.47999572753906,1133.0
2026-08-05 10:14:00,CPOP,,0.35760000348091125,0.36000001430511475,0.35760000348091125,0.36000001430511475,2108.0
2026-08-05 10:14:00,EYE,,23.709999084472656,23.729999542236328,23.68000030517578,23.729999542236328,2969.0
2026-08-05 10:14:00,FIZZ,,31.75,31.81999969482422,31.75,31.809999465942383,1230.0
2026-08-05 10:14:00,GLUE,,16.18000030517578,16.18000030517578,16.18000030517578,16.18000030517578,3778.0
2026-08-05 10:14:00,KIDS,,21.860000610351562,21.860000610351562,21.850000381469727,21.850000381469727,557.0
2026-08-05 10:14:00,KITT,,1.0850000381469727,1.0850000381469727,1.0850000381469727,1.0850000381469727,1531.0
2026-08-05 10:14:00,MBRX,,0.4187000095844269,0.41999998688697815,0.4059999883174896,0.4099999964237213,70692.0
2026-08-05 10:14:00,MDB,,380.5899963378906,380.5899963378906,379.9949951171875,379.9949951171875,3950.0
2026-08-05 10:14:00,MDLZ,,61.7400016784668,61.7400016784668,61.709999084472656,61.720001220703125,6134.0
2026-08-05 10:14:00,MLTX,,17.940000534057617,17.940000534057617,17.940000534057617,17.940000534057617,1635.0
2026-08-05 10:14:00,MNPR,,115.30000305175781,115.56999969482422,115.30000305175781,115.55000305175781,4033.0
2026-08-05 10:14:00,MNRO,,13.470000267028809,13.470000267028809,13.470000267028809,13.470000267028809,1030.0
2026-08-05 10:14:00,MNST,,94.79000091552734,94.80999755859375,94.7699966430664,94.7699966430664,10330.0
2026-08-05 10:14:00,MNTS,,4.429999828338623,4.429999828338623,4.411799907684326,4.411799907684326,1772.0
2026-08-05 10:14:00,MPWR,,1333.72998046875,1335.8299560546875,1333.030029296875,1335.7449951171875,1606.0
2026-08-05 10:14:00,MRNA,,58.75,58.81999969482422,58.68000030517578,58.7400016784668,4072.0
2026-08-05 10:14:00,MSGM,,4.40500020980835,4.409999847412109,4.40500020980835,4.409999847412109,390.0
2026-08-05 10:14:00,MYPS,,0.75,0.75,0.75,0.75,200.0
2026-08-05 10:14:00,NAMS,,27.139999389648438,27.139999389648438,27.139999389648438,27.139999389648438,611.0
2026-08-05 10:14:00,NAVI,,9.09000015258789,9.09000015258789,9.069999694824219,9.069999694824219,1033.0
2026-08-05 10:14:00,NB,,5.130000114440918,5.14900016784668,5.130000114440918,5.139999866485596,3911.0
2026-08-05 10:14:00,NBIX,,165.25999450683594,165.25999450683594,165.0800018310547,165.0850067138672,3541.0
2026-08-05 10:14:00,NBTB,,53.47999954223633,53.5099983215332,53.47999954223633,53.5,1487.0
2026-08-05 10:14:00,NCMI,,4.105000019073486,4.105000019073486,4.105000019073486,4.105000019073486,731.0
2026-08-05 10:14:00,NDAQ,,94.98999786376953,94.98999786376953,94.91500091552734,94.91500091552734,14506.0
2026-08-05 10:14:00,NDSN,,312.0299987792969,312.0299987792969,311.9849853515625,311.9849853515625,667.0
2026-08-05 10:14:00,NEO,,16.149999618530273,16.149999618530273,16.139999389648438,16.139999389648438,1387.0
2026-08-05 10:14:00,NEOG,,11.739999771118164,11.75,11.720000267028809,11.720000267028809,5364.0
2026-08-05 10:14:00,NEOV,,2.890000104904175,2.9000000953674316,2.875,2.875,2126.0
2026-08-05 10:14:00,NESR,,28.989999771118164,29.014999389648438,28.979999542236328,29.014999389648438,3246.0
2026-08-05 10:14:00,NEWT,,15.295000076293945,15.353500366210938,15.295000076293945,15.353500366210938,533.0
2026-08-05 10:14:00,NEXT,,6.409999847412109,6.420000076293945,6.400000095367432,6.409999847412109,7784.0
2026-08-05 10:14:00,NFE,,0.33709999918937683,0.33709999918937683,0.3330000042915344,0.3330000042915344,9464.0
2026-08-05 10:14:00,NFLX,,73.8550033569336,73.875,73.76499938964844,73.76499938964844,68092.0
2026-08-05 10:14:00,NGNE,,35.599998474121094,35.599998474121094,35.599998474121094,35.599998474121094,166.0
2026-08-05 10:14:00,NICE,,96.08999633789062,96.16999816894531,96.0,96.06999969482422,2631.0
2026-08-05 10:14:00,NKTR,,73.31999969482422,73.62000274658203,73.31999969482422,73.61000061035156,3179.0
2026-08-05 10:14:00,NKTX,,2.200000047683716,2.200000047683716,2.200000047683716,2.200000047683716,4263.0
2026-08-05 10:14:00,NMFC,,7.394999980926514,7.400000095367432,7.394999980926514,7.400000095367432,1067.0
2026-08-05 10:14:00,NMIH,,44.529998779296875,44.529998779296875,44.529998779296875,44.529998779296875,524.0
2026-08-05 10:14:00,NMRK,,15.699999809265137,15.699999809265137,15.699999809265137,15.699999809265137,684.0
2026-08-05 10:14:00,NN,,14.449999809265137,14.470000267028809,14.4350004196167,14.449999809265137,6519.0
2026-08-05 10:14:00,NNBR,,3.884999990463257,3.8949999809265137,3.884999990463257,3.8949999809265137,881.0
2026-08-05 10:14:00,NNDM,,1.565000057220459,1.565000057220459,1.5600999593734741,1.565000057220459,2735.0
2026-08-05 10:14:00,NNOX,,1.0449999570846558,1.0499999523162842,1.024999976158142,1.0299999713897705,58633.0
2026-08-05 10:14:00,NOVT,,159.38999938964844,159.38999938964844,159.38999938964844,159.38999938964844,400.0
2026-08-05 10:14:00,NRC,,19.704999923706055,19.704999923706055,19.704999923706055,19.704999923706055,353.0
2026-08-05 10:14:00,NRDS,,9.1850004196167,9.1899995803833,9.1850004196167,9.1899995803833,1754.0
2026-08-05 10:14:00,NRIX,,25.200000762939453,25.200000762939453,25.18000030517578,25.18000030517578,1409.0
2026-08-05 10:14:00,NRSN,,0.5794000029563904,0.5799999833106995,0.5794000029563904,0.5799999833106995,2004.0
2026-08-05 10:14:00,NRXP,,3.0799999237060547,3.0799999237060547,3.0799999237060547,3.0799999237060547,808.0
2026-08-05 10:14:00,NTAP,,191.28500366210938,191.3000030517578,191.06500244140625,191.07000732421875,6323.0
2026-08-05 10:14:00,NTCT,,41.56999969482422,41.599998474121094,41.56999969482422,41.59000015258789,519.0
2026-08-05 10:14:00,NTES,,128.4600067138672,128.49000549316406,128.4600067138672,128.49000549316406,925.0
2026-08-05 10:14:00,NTGR,,24.110000610351562,24.110000610351562,24.040000915527344,24.040000915527344,482.0
2026-08-05 10:14:00,NTNX,,61.01499938964844,61.06999969482422,60.875,60.875,18362.0
2026-08-05 10:14:00,NTRS,,185.38999938964844,185.38999938964844,185.38999938964844,185.38999938964844,1380.0
2026-08-05 10:14:00,NUTX,,158.3000030517578,158.3000030517578,158.3000030517578,158.3000030517578,1312.0
2026-08-05 10:14:00,NUWE,,1.7899999618530273,1.7899999618530273,1.7699999809265137,1.7699999809265137,1189.0
2026-08-05 10:14:00,NVAX,,7.712699890136719,7.724999904632568,7.710000038146973,7.710000038146973,5925.0
2026-08-05 10:14:00,NVCR,,16.059999465942383,16.065000534057617,16.05500030517578,16.05500030517578,695.0
2026-08-05 10:14:00,NVDA,,221.9499969482422,222.16000366210938,221.76010131835938,221.8800048828125,448552.0
2026-08-05 10:14:00,NVMI,,411.9100036621094,412.17999267578125,411.9100036621094,412.1700134277344,677.0
2026-08-05 10:14:00,NVTS,,12.75,12.789999961853027,12.739999771118164,12.789999961853027,27736.0
2026-08-05 10:14:00,NVVE,,0.9900000095367432,0.9900000095367432,0.9900000095367432,0.9900000095367432,4.0
2026-08-05 10:14:00,NWBI,,15.989999771118164,16.0,15.989999771118164,16.0,3252.0
2026-08-05 10:14:00,NWE,,69.12000274658203,69.17500305175781,69.12000274658203,69.17500305175781,2357.0
2026-08-05 10:14:00,NWGL,,0.26499998569488525,0.26499998569488525,0.26499998569488525,0.26499998569488525,600.0
2026-08-05 10:14:00,NWL,,6.034999847412109,6.039999961853027,6.03000020980835,6.034999847412109,149040.0
2026-08-05 10:14:00,NWS,,32.41999816894531,32.439998626708984,32.41999816894531,32.43000030517578,7990.0
2026-08-05 10:14:00,NWSA,,28.290000915527344,28.309999465942383,28.290000915527344,28.299999237060547,6581.0
2026-08-05 10:14:00,NXPI,,233.4774932861328,233.88999938964844,233.36000061035156,233.77999877929688,6211.0
2026-08-05 10:14:00,NXST,,192.77999877929688,193.1649932861328,192.77999877929688,193.1649932861328,426.0
2026-08-05 10:14:00,NXT,,99.61000061035156,99.61000061035156,99.55000305175781,99.55999755859375,2825.0
2026-08-05 10:14:00,OCFC,,19.829999923706055,19.829999923706055,19.815000534057617,19.815000534057617,1786.0
2026-08-05 10:14:00,OCGN,,1.2999999523162842,1.3087999820709229,1.2999999523162842,1.2999999523162842,2865.0
2026-08-05 10:14:00,OCS,,12.270000457763672,12.270000457763672,12.100000381469727,12.1899995803833,824.0
2026-08-05 10:14:00,OCSL,,12.209099769592285,12.209099769592285,12.199999809265137,12.199999809265137,1033.0
2026-08-05 10:14:00,OCUL,,8.694999694824219,8.694999694824219,8.694999694824219,8.694999694824219,1852.0
2026-08-05 10:14:00,ODD,,15.61989974975586,15.61989974975586,15.489999771118164,15.489999771118164,3217.0
2026-08-05 10:14:00,ODFL,,218.93499755859375,219.14999389648438,218.93499755859375,218.98500061035156,2736.0
2026-08-05 10:14:00,OESX,,16.982200622558594,16.982200622558594,16.600099563598633,16.799999237060547,5186.0
2026-08-05 10:14:00,OGI,,0.9728999733924866,0.9728999733924866,0.9728999733924866,0.9728999733924866,9226.0
2026-08-05 10:14:00,OKTA,,149.5800018310547,149.5800018310547,149.52000427246094,149.5500030517578,3582.0
2026-08-05 10:14:00,OLLI,,78.73500061035156,78.76499938964844,78.66999816894531,78.69000244140625,3998.0
2026-08-05 10:14:00,OM,,5.025000095367432,5.025000095367432,5.019999980926514,5.019999980926514,123.0
2026-08-05 10:14:00,OMCL,,36.970001220703125,36.970001220703125,36.970001220703125,36.970001220703125,606.0
2026-08-05 10:14:00,OMER,,12.970000267028809,12.970000267028809,12.970000267028809,12.970000267028809,219.0
2026-08-05 10:14:00,OMEX,,0.7498999834060669,0.7498999834060669,0.745199978351593,0.745199978351593,3137.0
2026-08-05 10:14:00,OMH,,0.11029999703168869,0.11029999703168869,0.10970000177621841,0.10970000177621841,7580.0
2026-08-05 10:14:00,ON,,79.19000244140625,79.33999633789062,79.1500015258789,79.33999633789062,27293.0
2026-08-05 10:14:00,ONB,,27.139999389648438,27.149999618530273,27.139999389648438,27.149999618530273,2919.0
2026-08-05 10:14:00,ONBPO,,24.74679946899414,24.74679946899414,24.74679946899414,24.74679946899414,0.0
2026-08-05 10:14:00,ONBPP,,24.729999542236328,24.729999542236328,24.729999542236328,24.729999542236328,323.0
2026-08-05 10:14:00,ONCY,,0.7925000190734863,0.7925000190734863,0.7925000190734863,0.7925000190734863,1584.0
2026-08-05 10:14:00,ONDS,,9.030099868774414,9.050000190734863,9.015000343322754,9.045000076293945,102537.0
2026-08-05 10:14:00,ONFO,,0.07530000060796738,0.07530000060796738,0.07500000298023224,0.07509999722242355,67799.0
2026-08-05 10:14:00,ONMD,,0.6836000084877014,0.6836000084877014,0.6836000084877014,0.6836000084877014,1858.0
2026-08-05 10:14:00,OPCH,,23.420000076293945,23.420000076293945,23.420000076293945,23.420000076293945,1277.0
2026-08-05 10:14:00,OPEN,,3.7850000858306885,3.7899999618530273,3.7750000953674316,3.7750000953674316,153859.0
2026-08-05 10:14:00,OPK,,1.3200000524520874,1.3200000524520874,1.309999942779541,1.3200000524520874,8261.0
2026-08-05 10:14:00,OPXS,,11.864999771118164,11.864999771118164,11.864999771118164,11.864999771118164,212.0
2026-08-05 10:14:00,ORGO,,2.369999885559082,2.369999885559082,2.369999885559082,2.369999885559082,209.0
2026-08-05 10:14:00,ORIC,,13.555000305175781,13.569999694824219,13.479999542236328,13.510000228881836,17432.0
2026-08-05 10:14:00,ORLY,,94.02999877929688,94.02999877929688,93.8499984741211,93.87999725341797,31555.0
2026-08-05 10:14:00,ORRF,,43.400001525878906,43.400001525878906,43.38999938964844,43.38999938964844,460.0
2026-08-05 10:14:00,OSBC,,25.8799991607666,25.8799991607666,25.8799991607666,25.8799991607666,800.0
2026-08-05 10:14:00,OSIS,,234.6199951171875,234.6199951171875,234.5449981689453,234.5449981689453,181.0
2026-08-05 10:14:00,OSPN,,16.860000610351562,16.860000610351562,16.709999084472656,16.719999313354492,4651.0
2026-08-05 10:14:00,OSS,,13.720000267028809,13.720000267028809,13.720000267028809,13.720000267028809,351.0
2026-08-05 10:14:00,OTEX,,26.100000381469727,26.100000381469727,26.075000762939453,26.084999084472656,9118.0
2026-08-05 10:14:00,OTLK,,1.0307999849319458,1.0399999618530273,1.0299999713897705,1.0299999713897705,28930.0
2026-08-05 10:14:00,OTTR,,91.5999984741211,91.9000015258789,91.49749755859375,91.51000213623047,1321.0
2026-08-05 10:14:00,OXLC,,9.08899974822998,9.095000267028809,9.08899974822998,9.095000267028809,4212.0
2026-08-05 10:14:00,OXSQ,,1.4800000190734863,1.4800000190734863,1.4800000190734863,1.4800000190734863,300.0
2026-08-05 10:14:00,PAA,,23.170000076293945,23.174999237060547,23.139999389648438,23.174999237060547,11846.0
2026-08-05 10:14:00,PAAS,,48.28099822998047,48.290000915527344,48.16999816894531,48.16999816894531,17594.0
2026-08-05 10:14:00,PACB,,1.4600000381469727,1.4600000381469727,1.4600000381469727,1.4600000381469727,3539.0
2026-08-05 10:14:00,PAGP,,25.1299991607666,25.1299991607666,25.104999542236328,25.110000610351562,957.0
2026-08-05 10:14:00,PALI,,2.130000114440918,2.130000114440918,2.130000114440918,2.130000114440918,2909.0
2026-08-05 10:14:00,PANW,,371.760009765625,371.760009765625,370.989990234375,371.0199890136719,9193.0
2026-08-05 10:14:00,PATK,,88.5199966430664,88.5199966430664,88.5199966430664,88.5199966430664,1106.0
2026-08-05 10:14:00,PAX,,11.4350004196167,11.4399995803833,11.4350004196167,11.4399995803833,2199.0
2026-08-05 10:14:00,PAYO,,7.125,7.130000114440918,7.125,7.125,5195.0
2026-08-05 10:14:00,PAYS,,9.279999732971191,9.279999732971191,9.279999732971191,9.279999732971191,745.0
2026-08-05 10:14:00,PAYX,,118.27999877929688,118.28500366210938,118.2699966430664,118.2699966430664,2054.0
2026-08-05 10:14:00,PCAR,,136.3300018310547,136.3300018310547,136.13499450683594,136.13499450683594,2529.0
2026-08-05 10:14:00,PCRX,,25.450000762939453,25.530000686645508,25.209999084472656,25.475000381469727,10935.0
2026-08-05 10:14:00,PCT,,6.999899864196777,7.0,6.980000019073486,6.980000019073486,14421.0
2026-08-05 10:14:00,PCTY,,148.50999450683594,148.50999450683594,148.35499572753906,148.3800048828125,1924.0
2026-08-05 10:14:00,PDD,,91.76000213623047,91.80000305175781,91.7300033569336,91.7406005859375,4416.0
2026-08-05 10:14:00,PEBO,,41.72999954223633,41.7400016784668,41.72999954223633,41.7400016784668,1179.0
2026-08-05 10:14:00,PECO,,41.369998931884766,41.369998931884766,41.369998931884766,41.369998931884766,944.0
2026-08-05 10:14:00,PEGA,,31.670000076293945,31.709999084472656,31.670000076293945,31.690000534057617,1290.0
2026-08-05 10:14:00,PENN,,20.06999969482422,20.079999923706055,20.06999969482422,20.079999923706055,2647.0
2026-08-05 10:14:00,PEP,,138.47999572753906,138.47999572753906,138.3800048828125,138.3800048828125,9976.0
2026-08-05 10:14:00,PERI,,9.670000076293945,9.670000076293945,9.670000076293945,9.670000076293945,891.0
2026-08-05 10:14:00,PGEN,,7.144999980926514,7.164999961853027,7.124000072479248,7.15500020980835,45999.0
2026-08-05 10:14:00,PGY,,21.825000762939453,21.899999618530273,21.825000762939453,21.84000015258789,8585.0
2026-08-05 10:14:00,PHVS,,33.380001068115234,33.599998474121094,33.380001068115234,33.599998474121094,608.0
2026-08-05 10:14:00,PLAB,,32.310001373291016,32.310001373291016,32.310001373291016,32.310001373291016,1848.0
2026-08-05 10:14:00,PLMR,,136.80999755859375,136.80999755859375,136.80999755859375,136.80999755859375,511.0
2026-08-05 10:14:00,PLTK,,4.005000114440918,4.005000114440918,4.005000114440918,4.005000114440918,765.0
2026-08-05 10:14:00,PLUG,,2.119999885559082,2.130000114440918,2.119999885559082,2.125,36398.0
2026-08-05 10:14:00,PLXS,,274.8500061035156,274.8500061035156,274.8500061035156,274.8500061035156,1279.0
2026-08-05 10:14:00,PMEC,,0.4000000059604645,0.4000000059604645,0.4000000059604645,0.4000000059604645,2168.0
2026-08-05 10:14:00,PMN,,13.5,13.5,13.5,13.5,200.0
2026-08-05 10:14:00,PMVP,,1.1799999475479126,1.1799999475479126,1.1799999475479126,1.1799999475479126,200.0
2026-08-05 10:14:00,PNBK,,1.125,1.1299999952316284,1.125,1.1299999952316284,1096.0
2026-08-05 10:14:00,PNFP,,107.95999908447266,107.95999908447266,107.95999908447266,107.95999908447266,433.0
2026-08-05 10:14:00,PNTG,,38.5099983215332,38.709999084472656,38.41999816894531,38.43000030517578,4422.0
2026-08-05 10:14:00,POET,,8.40999984741211,8.444999694824219,8.40999984741211,8.444999694824219,23660.0
2026-08-05 10:14:00,POOL,,204.27999877929688,204.27999877929688,203.5800018310547,203.88999938964844,6348.0
2026-08-05 10:14:00,POWI,,63.0,63.189998626708984,63.0,63.189998626708984,2430.0
2026-08-05 10:14:00,POWL,,213.30999755859375,213.7899932861328,213.2949981689453,213.2949981689453,436.0
2026-08-05 10:14:00,PPC,,26.733600616455078,26.739999771118164,26.670000076293945,26.670000076293945,2917.0
2026-08-05 10:14:00,PPTA,,22.579999923706055,22.6200008392334,22.579999923706055,22.59000015258789,1568.0
2026-08-05 10:14:00,PRAX,,318.2799987792969,318.4599914550781,317.9599914550781,317.9599914550781,897.0
2026-08-05 10:14:00,PRCH,,16.280000686645508,16.315000534057617,16.280000686645508,16.315000534057617,978.0
2026-08-05 10:14:00,PRCT,,18.540000915527344,18.690000534057617,18.520000457763672,18.690000534057617,8948.0
2026-08-05 10:14:00,PRDO,,33.380001068115234,33.380001068115234,33.36000061035156,33.380001068115234,1041.0
2026-08-05 10:14:00,PRIM,,88.58999633789062,88.98999786376953,88.58000183105469,88.66999816894531,12034.0
2026-08-05 10:14:00,PRME,,3.005000114440918,3.0199999809265137,3.0,3.005000114440918,18574.0
2026-08-05 10:14:00,PRQR,,1.9149999618530273,1.919100046157837,1.9149999618530273,1.919100046157837,3063.0
2026-08-05 10:14:00,PSEC,,2.2049999237060547,2.2100000381469727,2.200000047683716,2.2100000381469727,7148.0
2026-08-05 10:14:00,PSMT,,193.80499267578125,193.80499267578125,193.80499267578125,193.80499267578125,2008.0
2026-08-05 10:14:00,PSNL,,13.600000381469727,13.600000381469727,13.59000015258789,13.59000015258789,3222.0
2026-08-05 10:14:00,PTC,,142.4149932861328,142.4149932861328,142.3000030517578,142.3000030517578,954.0
2026-08-05 10:14:00,PTCT,,69.83000183105469,69.86000061035156,69.73999786376953,69.73999786376953,1963.0
2026-08-05 10:14:00,PTEN,,9.899999618530273,9.914999961853027,9.885000228881836,9.914999961853027,8305.0
2026-08-05 10:14:00,PTGX,,137.42999267578125,137.42999267578125,137.42999267578125,137.42999267578125,135.0
2026-08-05 10:14:00,PTON,,6.53000020980835,6.554999828338623,6.519999980926514,6.554999828338623,227458.0
2026-08-05 10:14:00,PUBM,,13.6899995803833,13.694999694824219,13.65999984741211,13.680000305175781,3263.0
2026-08-05 10:14:00,PWP,,17.459999084472656,17.479999542236328,17.459999084472656,17.479999542236328,1198.0
2026-08-05 10:14:00,PYPD,,4.485000133514404,4.485000133514404,4.485000133514404,4.485000133514404,300.0
2026-08-05 10:14:00,PYPL,,58.88999938964844,58.90999984741211,58.849998474121094,58.875,16837.0
2026-08-05 10:14:00,PYXS,,3.2799999713897705,3.2799999713897705,3.2799999713897705,3.2799999713897705,163.0
2026-08-05 10:14:00,PZZA,,30.787599563598633,30.799999237060547,30.730100631713867,30.799999237060547,1329.0
2026-08-05 10:14:00,QCOM,,161.0800018310547,161.3350067138672,161.0800018310547,161.27000427246094,8611.0
2026-08-05 10:14:00,QFIN,,13.404999732971191,13.404999732971191,13.380000114440918,13.390000343322754,3544.0
2026-08-05 10:14:00,QRVO,,95.19999694824219,95.25,95.19999694824219,95.25,508.0
2026-08-05 10:14:00,STIM,,2.2799999713897705,2.2850000858306885,2.2750000953674316,2.2850000858306885,3225.0
2026-08-05 10:14:00,TARA,,4.090000152587891,4.090000152587891,4.090000152587891,4.090000152587891,470.0
2026-08-05 10:14:00,WOOF,,2.9749999046325684,2.9749999046325684,2.9711999893188477,2.9749999046325684,2999.0
2026-08-05 10:15:00,ACDC,,4.244999885559082,4.244999885559082,4.224999904632568,4.224999904632568,2608.0
2026-08-05 10:15:00,BPOP,,177.49000549316406,177.77499389648438,177.4600067138672,177.77499389648438,512.0
2026-08-05 10:15:00,DTIL,,7.545000076293945,7.550000190734863,7.545000076293945,7.545000076293945,2061.0
2026-08-05 10:15:00,EYE,,23.709999084472656,23.71500015258789,23.700000762939453,23.71500015258789,1554.0
2026-08-05 10:15:00,GLUE,,16.274999618530273,16.28499984741211,16.18000030517578,16.190000534057617,6219.0
2026-08-05 10:15:00,KITT,,1.0992000102996826,1.0992000102996826,1.0992000102996826,1.0992000102996826,114.0
2026-08-05 10:15:00,LUNG,,1.909999966621399,1.909999966621399,1.909999966621399,1.909999966621399,1676.0
2026-08-05 10:15:00,MBRX,,0.41429999470710754,0.41769999265670776,0.41200000047683716,0.41769999265670776,12708.0
2026-08-05 10:15:00,MDB,,381.1300048828125,381.1300048828125,380.6000061035156,380.6000061035156,3872.0
2026-08-05 10:15:00,MDLZ,,61.67499923706055,61.72999954223633,61.65999984741211,61.72999954223633,11411.0
2026-08-05 10:15:00,MLTX,,17.950000762939453,17.950000762939453,17.950000762939453,17.950000762939453,762.0
2026-08-05 10:15:00,MNPR,,116.33999633789062,116.36000061035156,116.33999633789062,116.3499984741211,3769.0
2026-08-05 10:15:00,MNRO,,13.479999542236328,13.479999542236328,13.460000038146973,13.460000038146973,2073.0
2026-08-05 10:15:00,MNST,,94.79000091552734,94.80000305175781,94.73999786376953,94.78500366210938,12892.0
2026-08-05 10:15:00,MNTS,,4.429999828338623,4.429999828338623,4.429999828338623,4.429999828338623,3696.0
2026-08-05 10:15:00,MORN,,201.1750030517578,201.1750030517578,201.1750030517578,201.1750030517578,119.0
2026-08-05 10:15:00,MPWR,,1337.4150390625,1339.02001953125,1332.7900390625,1333.0,4066.0
2026-08-05 10:15:00,MRNA,,58.93000030517578,58.95000076293945,58.79999923706055,58.810001373291016,14178.0
2026-08-05 10:15:00,MSGM,,4.46999979019165,4.46999979019165,4.46999979019165,4.46999979019165,214.0
2026-08-05 10:15:00,MYGN,,3.125,3.140000104904175,3.125,3.140000104904175,6297.0
2026-08-05 10:15:00,MYPS,,0.7468000054359436,0.7468000054359436,0.7468000054359436,0.7468000054359436,131.0
2026-08-05 10:15:00,NAMS,,27.110000610351562,27.110000610351562,27.09000015258789,27.09000015258789,1547.0
2026-08-05 10:15:00,NAVI,,9.079999923706055,9.079999923706055,9.079999923706055,9.079999923706055,1498.0
2026-08-05 10:15:00,NB,,5.15500020980835,5.15500020980835,5.139999866485596,5.139999866485596,5654.0
2026-08-05 10:15:00,NBIX,,165.33999633789062,165.46499633789062,165.32000732421875,165.46499633789062,1705.0
2026-08-05 10:15:00,NDAQ,,95.13500213623047,95.13500213623047,94.94999694824219,94.94999694824219,23720.0
2026-08-05 10:15:00,NEO,,16.15999984741211,16.15999984741211,16.149999618530273,16.149999618530273,2911.0
2026-08-05 10:15:00,NEOG,,11.744999885559082,11.744999885559082,11.744999885559082,11.744999885559082,1180.0
2026-08-05 10:15:00,NEOV,,2.9000000953674316,2.9200000762939453,2.890000104904175,2.890000104904175,25687.0
2026-08-05 10:15:00,NESR,,28.927400588989258,28.989900588989258,28.927400588989258,28.954999923706055,2866.0
2026-08-05 10:15:00,NEWT,,15.350000381469727,15.350000381469727,15.350000381469727,15.350000381469727,168.0
2026-08-05 10:15:00,NEXT,,6.394999980926514,6.40500020980835,6.394999980926514,6.40500020980835,4395.0
2026-08-05 10:15:00,NFLX,,73.8499984741211,73.87000274658203,73.81999969482422,73.85179901123047,59180.0
2026-08-05 10:15:00,NGNE,,35.599998474121094,35.599998474121094,35.599998474121094,35.599998474121094,383.0
2026-08-05 10:15:00,NKTX,,2.2100000381469727,2.2100000381469727,2.194999933242798,2.194999933242798,7627.0
2026-08-05 10:15:00,NMFC,,7.394999980926514,7.394999980926514,7.394999980926514,7.394999980926514,99.0
2026-08-05 10:15:00,NMIH,,44.525001525878906,44.525001525878906,44.525001525878906,44.525001525878906,1072.0
2026-08-05 10:15:00,NMRA,,1.565000057220459,1.570099949836731,1.565000057220459,1.5700000524520874,5310.0
2026-08-05 10:15:00,NMRK,,15.6899995803833,15.694999694824219,15.6899995803833,15.694999694824219,744.0
2026-08-05 10:15:00,NMTC,,1.7598999738693237,1.7598999738693237,1.7598999738693237,1.7598999738693237,195.0
2026-08-05 10:15:00,NN,,14.479999542236328,14.479999542236328,14.460000038146973,14.460000038146973,1305.0
2026-08-05 10:15:00,NNBR,,3.890000104904175,3.8949999809265137,3.890000104904175,3.890000104904175,1980.0
2026-08-05 10:15:00,NNDM,,1.565000057220459,1.565000057220459,1.559999942779541,1.565000057220459,1991.0
2026-08-05 10:15:00,NNOX,,1.0299999713897705,1.0399999618530273,1.0299999713897705,1.0399999618530273,35321.0
2026-08-05 10:15:00,NOVT,,159.8800048828125,159.8800048828125,159.7899932861328,159.7899932861328,2762.0
2026-08-05 10:15:00,NPCE,,13.649999618530273,13.649999618530273,13.649999618530273,13.649999618530273,351.0
2026-08-05 10:15:00,NRDS,,9.1850004196167,9.1850004196167,9.1850004196167,9.1850004196167,1247.0
2026-08-05 10:15:00,NRIX,,25.21500015258789,25.21500015258789,25.21500015258789,25.21500015258789,652.0
2026-08-05 10:15:00,NRSN,,0.5799999833106995,0.5799999833106995,0.5730000138282776,0.5794000029563904,5015.0
2026-08-05 10:15:00,NTAP,,191.1300048828125,191.1300048828125,191.09500122070312,191.10000610351562,3289.0
2026-08-05 10:15:00,NTES,,128.39999389648438,128.39999389648438,128.39999389648438,128.39999389648438,522.0
2026-08-05 10:15:00,NTNX,,61.119998931884766,61.119998931884766,61.04999923706055,61.04999923706055,2865.0
2026-08-05 10:15:00,NTRA,,278.3800048828125,278.8599853515625,278.3800048828125,278.8599853515625,1682.0
2026-08-05 10:15:00,NTRS,,185.4499969482422,185.4499969482422,185.4499969482422,185.4499969482422,482.0
2026-08-05 10:15:00,NUWE,,1.7710000276565552,1.7799999713897705,1.7710000276565552,1.7799999713897705,3844.0
2026-08-05 10:15:00,NVAX,,7.735000133514404,7.739999771118164,7.715000152587891,7.715000152587891,10376.0
2026-08-05 10:15:00,NVCR,,16.100000381469727,16.100000381469727,16.100000381469727,16.100000381469727,250.0
2026-08-05 10:15:00,NVCT,,20.43000030517578,20.43000030517578,20.43000030517578,20.43000030517578,233.0
2026-08-05 10:15:00,NVDA,,221.91000366210938,222.22000122070312,221.7949981689453,221.92999267578125,506187.0
2026-08-05 10:15:00,NVEC,,128.3800048828125,128.3800048828125,128.3800048828125,128.3800048828125,421.0
2026-08-05 10:15:00,NVMI,,412.2200012207031,412.8900146484375,412.2200012207031,412.8900146484375,429.0
2026-08-05 10:15:00,NVTS,,12.78499984741211,12.800000190734863,12.73639965057373,12.739999771118164,36876.0
2026-08-05 10:15:00,NVVE,,0.9900000095367432,0.9900000095367432,0.9900000095367432,0.9900000095367432,1010.0
2026-08-05 10:15:00,NWE,,69.08999633789062,69.08999633789062,69.08999633789062,69.08999633789062,253.0
2026-08-05 10:15:00,NWL,,6.034999847412109,6.034999847412109,6.025000095367432,6.034999847412109,48137.0
2026-08-05 10:15:00,NWS,,32.41999816894531,32.41999816894531,32.400001525878906,32.40999984741211,2528.0
2026-08-05 10:15:00,NWSA,,28.290000915527344,28.290000915527344,28.264999389648438,28.290000915527344,6074.0
2026-08-05 10:15:00,NXL,,0.3601999878883362,0.3601999878883362,0.3601999878883362,0.3601999878883362,3766.0
2026-08-05 10:15:00,NXPI,,233.1300048828125,233.5399932861328,233.1300048828125,233.36000061035156,4569.0
2026-08-05 10:15:00,NXST,,193.38999938964844,193.38999938964844,193.38999938964844,193.38999938964844,309.0
2026-08-05 10:15:00,NXT,,99.61000061035156,99.625,99.5999984741211,99.5999984741211,1397.0
2026-08-05 10:15:00,NXTC,,5.492000102996826,5.492000102996826,5.492000102996826,5.492000102996826,401.0
2026-08-05 10:15:00,OABI,,2.015000104904175,2.015000104904175,2.015000104904175,2.015000104904175,200.0
2026-08-05 10:15:00,OCC,,16.1299991607666,16.1299991607666,16.1299991607666,16.1299991607666,638.0
2026-08-05 10:15:00,OCGN,,1.2999999523162842,1.3049999475479126,1.2999999523162842,1.3049999475479126,1653.0
2026-08-05 10:15:00,OCS,,12.359999656677246,12.359999656677246,12.359999656677246,12.359999656677246,368.0
2026-08-05 10:15:00,OCSL,,12.199999809265137,12.199999809265137,12.199999809265137,12.199999809265137,2042.0
2026-08-05 10:15:00,OCUL,,8.725000381469727,8.725000381469727,8.699999809265137,8.699999809265137,2724.0
2026-08-05 10:15:00,ODD,,15.470000267028809,15.529999732971191,15.460000038146973,15.529999732971191,7236.0
2026-08-05 10:15:00,ODFL,,218.8300018310547,218.92999267578125,218.8300018310547,218.92999267578125,794.0
2026-08-05 10:15:00,OESX,,17.024999618530273,17.09760093688965,16.799999237060547,16.799999237060547,2936.0
2026-08-05 10:15:00,OFIX,,10.755000114440918,10.811200141906738,10.755000114440918,10.811200141906738,1343.0
2026-08-05 10:15:00,OKTA,,149.6999969482422,149.6999969482422,149.69000244140625,149.69000244140625,2258.0
2026-08-05 10:15:00,OLLI,,78.75,78.7699966430664,78.61000061035156,78.7699966430664,4013.0
2026-08-05 10:15:00,OLMA,,11.800000190734863,11.819999694824219,11.789999961853027,11.819999694824219,4652.0
2026-08-05 10:15:00,OM,,5.059999942779541,5.059999942779541,5.050000190734863,5.050000190734863,670.0
2026-08-05 10:15:00,OMCL,,36.904998779296875,36.904998779296875,36.904998779296875,36.904998779296875,538.0
2026-08-05 10:15:00,OMER,,13.0600004196167,13.0600004196167,12.989999771118164,12.989999771118164,14592.0
2026-08-05 10:15:00,OMH,,0.10999999940395355,0.11020000278949738,0.10980000346899033,0.10999999940395355,28779.0
2026-08-05 10:15:00,ON,,79.11000061035156,79.26000213623047,79.05999755859375,79.13999938964844,34806.0
2026-08-05 10:15:00,ONB,,27.135000228881836,27.145000457763672,27.135000228881836,27.145000457763672,3711.0
2026-08-05 10:15:00,ONDS,,9.0649995803833,9.079999923706055,9.033900260925293,9.03499984741211,354225.0
2026-08-05 10:15:00,ONFO,,0.07620000094175339,0.07620000094175339,0.07530000060796738,0.07580000162124634,43170.0
2026-08-05 10:15:00,OPBK,,15.770000457763672,15.770000457763672,15.770000457763672,15.770000457763672,1122.0
2026-08-05 10:15:00,OPCH,,23.469999313354492,23.469999313354492,23.420000076293945,23.420000076293945,3360.0
2026-08-05 10:15:00,OPEN,,3.815000057220459,3.819999933242798,3.788300037384033,3.789900064468384,264209.0
2026-08-05 10:15:00,OPK,,1.315000057220459,1.3199000358581543,1.309999942779541,1.315000057220459,1045.0
2026-08-05 10:15:00,OPRA,,20.218700408935547,20.270000457763672,20.218700408935547,20.270000457763672,1099.0
2026-08-05 10:15:00,OPRX,,6.800000190734863,6.800000190734863,6.782199859619141,6.782199859619141,2129.0
2026-08-05 10:15:00,OPXS,,12.189900398254395,12.189900398254395,12.189900398254395,12.189900398254395,2000.0
2026-08-05 10:15:00,ORGO,,2.384999990463257,2.384999990463257,2.365000009536743,2.365000009536743,3325.0
2026-08-05 10:15:00,ORIC,,13.6899995803833,13.6899995803833,13.59000015258789,13.59000015258789,11859.0
2026-08-05 10:15:00,ORLY,,94.01000213623047,94.04499816894531,93.9800033569336,94.03500366210938,41380.0
2026-08-05 10:15:00,ORMP,,4.454999923706055,4.454999923706055,4.454999923706055,4.454999923706055,809.0
2026-08-05 10:15:00,OSIS,,234.52999877929688,235.49609375,234.52999877929688,235.49609375,296.0
2026-08-05 10:15:00,OSPN,,16.920000076293945,16.920000076293945,16.920000076293945,16.920000076293945,537.0
2026-08-05 10:15:00,OSS,,13.880000114440918,13.890000343322754,13.699999809265137,13.699999809265137,14360.0
2026-08-05 10:15:00,OSW,,26.672399520874023,26.672399520874023,26.672399520874023,26.672399520874023,176.0
2026-08-05 10:15:00,OTEX,,26.1200008392334,26.125,26.104999542236328,26.1200008392334,1903.0
2026-08-05 10:15:00,OTLK,,1.0399999618530273,1.0399999618530273,1.0299999713897705,1.034999966621399,5634.0
2026-08-05 10:15:00,OVID,,2.615000009536743,2.615000009536743,2.609999895095825,2.609999895095825,16372.0
2026-08-05 10:15:00,OXLC,,9.09000015258789,9.09000015258789,9.09000015258789,9.09000015258789,260.0
2026-08-05 10:15:00,OXSQ,,1.4800000190734863,1.48989999294281,1.4800000190734863,1.4800000190734863,2301.0
2026-08-05 10:15:00,PAA,,23.18000030517578,23.184999465942383,23.170000076293945,23.184999465942383,6574.0
2026-08-05 10:15:00,PAAS,,48.349998474121094,48.349998474121094,48.2599983215332,48.279998779296875,26528.0
2026-08-05 10:15:00,PACB,,1.465000033378601,1.465000033378601,1.4550000429153442,1.4600000381469727,65047.0
2026-08-05 10:15:00,PAGP,,25.125,25.135000228881836,25.11359977722168,25.135000228881836,8156.0
2026-08-05 10:15:00,PANL,,7.320000171661377,7.320000171661377,7.320000171661377,7.320000171661377,242.0
2026-08-05 10:15:00,PANW,,371.9700012207031,372.44549560546875,371.5,371.6600036621094,7996.0
2026-08-05 10:15:00,PAX,,11.4399995803833,11.4399995803833,11.4350004196167,11.4350004196167,1970.0
2026-08-05 10:15:00,PAYO,,7.125,7.130000114440918,7.119999885559082,7.130000114440918,1803.0
2026-08-05 10:15:00,PAYX,,118.2300033569336,118.27999877929688,118.15499877929688,118.27999877929688,1783.0
2026-08-05 10:15:00,PBYI,,8.010000228881836,8.010000228881836,8.010000228881836,8.010000228881836,278.0
2026-08-05 10:15:00,PCAR,,136.24000549316406,136.3000030517578,136.22999572753906,136.3000030517578,7900.0
2026-08-05 10:15:00,PCRX,,25.5049991607666,25.5049991607666,25.5049991607666,25.5049991607666,828.0
2026-08-05 10:15:00,PCT,,6.994999885559082,6.999499797821045,6.994999885559082,6.999499797821045,1087.0
2026-08-05 10:15:00,PCTY,,148.38009643554688,148.60000610351562,148.3800048828125,148.60000610351562,3126.0
2026-08-05 10:15:00,PDD,,91.72000122070312,91.79000091552734,91.70999908447266,91.76000213623047,15018.0
2026-08-05 10:15:00,PEGA,,31.80500030517578,31.815000534057617,31.719999313354492,31.73270034790039,4124.0
2026-08-05 10:15:00,PENN,,20.040000915527344,20.075000762939453,20.040000915527344,20.075000762939453,14575.0
2026-08-05 10:15:00,PEP,,138.2899932861328,138.4990997314453,138.25,138.4949951171875,13672.0
2026-08-05 10:15:00,PEPG,,1.909999966621399,1.909999966621399,1.909999966621399,1.909999966621399,3335.0
2026-08-05 10:15:00,PERI,,9.6850004196167,9.6850004196167,9.6850004196167,9.6850004196167,399.0
2026-08-05 10:15:00,PESI,,17.797500610351562,17.797500610351562,17.797500610351562,17.797500610351562,423.0
2026-08-05 10:15:00,PFG,,115.68000030517578,115.68000030517578,115.68000030517578,115.68000030517578,279.0
2026-08-05 10:15:00,PGEN,,7.184999942779541,7.195000171661377,7.150000095367432,7.15500020980835,48717.0
2026-08-05 10:15:00,PGNY,,31.520000457763672,31.520000457763672,31.489999771118164,31.489999771118164,1346.0
2026-08-05 10:15:00,PGY,,21.844999313354492,21.864999771118164,21.829999923706055,21.860000610351562,7943.0
2026-08-05 10:15:00,PHAT,,8.649999618530273,8.654999732971191,8.649999618530273,8.654999732971191,1572.0
2026-08-05 10:15:00,PHVS,,33.58000183105469,33.58000183105469,33.58000183105469,33.58000183105469,224.0
2026-08-05 10:15:00,PKOH,,41.51499938964844,41.51499938964844,41.51499938964844,41.51499938964844,708.0
2026-08-05 10:15:00,PLBC,,61.099998474121094,61.099998474121094,61.099998474121094,61.099998474121094,1677.0
2026-08-05 10:15:00,PLSE,,37.709999084472656,37.709999084472656,37.709999084472656,37.709999084472656,548.0
2026-08-05 10:15:00,PLUG,,2.125,2.130000114440918,2.119999885559082,2.125,33260.0
2026-08-05 10:15:00,PMVP,,1.1791000366210938,1.1791000366210938,1.1791000366210938,1.1791000366210938,2072.0
2026-08-05 10:15:00,PNFP,,108.1500015258789,108.1500015258789,107.96499633789062,108.1500015258789,560.0
2026-08-05 10:15:00,PNRG,,183.72500610351562,183.72500610351562,183.44000244140625,183.44000244140625,3171.0
2026-08-05 10:15:00,PNTG,,38.45000076293945,38.75,38.45000076293945,38.540000915527344,8269.0
2026-08-05 10:15:00,POET,,8.430000305175781,8.430000305175781,8.40999984741211,8.414999961853027,12919.0
2026-08-05 10:15:00,POOL,,203.97999572753906,203.97999572753906,203.97999572753906,203.97999572753906,987.0
2026-08-05 10:15:00,POWL,,213.7899932861328,213.7899932861328,213.30999755859375,213.30999755859375,315.0
2026-08-05 10:15:00,PPC,,26.690000534057617,26.709999084472656,26.690000534057617,26.709999084472656,683.0
2026-08-05 10:15:00,PPTA,,22.729999542236328,22.729999542236328,22.530000686645508,22.530000686645508,5488.0
2026-08-05 10:15:00,PRCH,,16.28499984741211,16.28499984741211,16.28499984741211,16.28499984741211,477.0
2026-08-05 10:15:00,PRCT,,18.540000915527344,18.540000915527344,18.44499969482422,18.520000457763672,102869.0
2026-08-05 10:15:00,PRDO,,33.400001525878906,33.400001525878906,33.400001525878906,33.400001525878906,395.0
2026-08-05 10:15:00,PRIM,,88.80999755859375,88.8499984741211,88.68000030517578,88.8499984741211,4352.0
2026-08-05 10:15:00,PRME,,3.015000104904175,3.015000104904175,3.009999990463257,3.009999990463257,4701.0
2026-08-05 10:15:00,PRQR,,1.9149999618530273,1.9149999618530273,1.9149999618530273,1.9149999618530273,1351.0
2026-08-05 10:15:00,PRSO,,0.7044000029563904,0.7044000029563904,0.7044000029563904,0.7044000029563904,202.0
2026-08-05 10:15:00,PRTA,,8.720000267028809,8.725000381469727,8.720000267028809,8.725000381469727,592.0
2026-08-05 10:15:00,PRVA,,23.889999389648438,23.889999389648438,23.889999389648438,23.889999389648438,952.0
2026-08-05 10:15:00,PSEC,,2.200000047683716,2.2100000381469727,2.200000047683716,2.2049999237060547,3513.0
2026-08-05 10:15:00,PSMT,,194.69500732421875,194.69500732421875,194.69500732421875,194.69500732421875,461.0
2026-08-05 10:15:00,PTC,,142.55999755859375,142.57000732421875,142.4149932861328,142.57000732421875,1115.0
2026-08-05 10:15:00,PTCT,,69.86000061035156,69.88999938964844,69.86000061035156,69.88999938964844,938.0
2026-08-05 10:15:00,PTEN,,9.914999961853027,9.914999961853027,9.899999618530273,9.899999618530273,22510.0
2026-08-05 10:15:00,PTGX,,137.77000427246094,137.77000427246094,137.77000427246094,137.77000427246094,665.0
2026-08-05 10:15:00,PTLO,,4.597599983215332,4.597599983215332,4.597599983215332,4.597599983215332,656.0
2026-08-05 10:15:00,PTON,,6.534999847412109,6.534999847412109,6.519999980926514,6.519999980926514,84396.0
2026-08-05 10:15:00,PWP,,17.434999465942383,17.469999313354492,17.434999465942383,17.454999923706055,3405.0
2026-08-05 10:15:00,PYPD,,4.485000133514404,4.485000133514404,4.480000019073486,4.480000019073486,202.0
2026-08-05 10:15:00,PYPL,,58.849998474121094,58.900001525878906,58.849998474121094,58.900001525878906,14263.0
2026-08-05 10:15:00,PYXS,,3.2899999618530273,3.2899999618530273,3.2799999713897705,3.2799999713897705,1413.0
2026-08-05 10:15:00,PZZA,,30.770000457763672,30.770000457763672,30.770000457763672,30.770000457763672,1186.0
2026-08-05 10:15:00,QCOM,,161.2550048828125,161.3000030517578,161.11000061035156,161.11000061035156,11086.0
2026-08-05 10:15:00,QRVO,,95.25,95.25,95.19999694824219,95.19999694824219,1175.0
2026-08-05 10:15:00,SEED,,0.9301999807357788,0.9301999807357788,0.9301999807357788,0.9301999807357788,1315.0
2026-08-05 10:15:00,STIM,,2.2899999618530273,2.2899999618530273,2.2899999618530273,2.2899999618530273,653.0
2026-08-05 10:15:00,STKS,,1.7401000261306763,1.7401000261306763,1.7401000261306763,1.7401000261306763,155.0
2026-08-05 10:15:00,TARA,,4.09499979019165,4.09499979019165,4.09499979019165,4.09499979019165,2046.0
2026-08-05 10:15:00,WOOF,,2.9790000915527344,2.9790000915527344,2.9790000915527344,2.9790000915527344,1011.0
2026-08-05 10:16:00,ACDC,,4.275000095367432,4.28000020980835,4.25,4.25,7878.0
2026-08-05 10:16:00,BPOP,,177.3988037109375,177.3988037109375,177.14999389648438,177.25999450683594,2611.0
2026-08-05 10:16:00,DTIL,,7.570000171661377,7.570000171661377,7.570000171661377,7.570000171661377,382.0
2026-08-05 10:16:00,EYE,,23.700000762939453,23.729999542236328,23.68000030517578,23.700000762939453,6333.0
2026-08-05 10:16:00,FIZZ,,31.760000228881836,31.760000228881836,31.760000228881836,31.760000228881836,1300.0
2026-08-05 10:16:00,GLUE,,16.334999084472656,16.334999084472656,16.295000076293945,16.295000076293945,2009.0
2026-08-05 10:16:00,KIDS,,22.09000015258789,22.09000015258789,22.075000762939453,22.075000762939453,658.0
2026-08-05 10:16:00,LUNG,,1.9049999713897705,1.9049999713897705,1.9049999713897705,1.9049999713897705,506.0
2026-08-05 10:16:00,MBRX,,0.41290000081062317,0.41499999165534973,0.412200003862381,0.41429999470710754,5031.0
2026-08-05 10:16:00,MCRI,,124.8550033569336,124.8550033569336,124.8550033569336,124.8550033569336,490.0
2026-08-05 10:16:00,MDB,,381.2925109863281,381.29998779296875,380.4110107421875,380.7699890136719,2782.0
2026-08-05 10:16:00,MDLZ,,61.630001068115234,61.709999084472656,61.599998474121094,61.65999984741211,10131.0
2026-08-05 10:16:00,MLTX,,17.950000762939453,17.95009994506836,17.950000762939453,17.95009994506836,981.0
2026-08-05 10:16:00,MNPR,,115.4000015258789,116.19000244140625,115.4000015258789,116.12999725341797,6655.0
2026-08-05 10:16:00,MNRO,,13.430000305175781,13.46500015258789,13.399999618530273,13.449999809265137,5985.0
2026-08-05 10:16:00,MNST,,94.75499725341797,94.79000091552734,94.7300033569336,94.79000091552734,9680.0
2026-08-05 10:16:00,MNTS,,4.409999847412109,4.429999828338623,4.409999847412109,4.429999828338623,1166.0
2026-08-05 10:16:00,MORN,,201.92999267578125,201.92999267578125,201.92999267578125,201.92999267578125,2375.0
2026-08-05 10:16:00,MPWR,,1335.6300048828125,1339.02001953125,1334.7900390625,1339.02001953125,1940.0
2026-08-05 10:16:00,MRNA,,59.189998626708984,59.33000183105469,58.9900016784668,58.9900016784668,21883.0
2026-08-05 10:16:00,MYGN,,3.125,3.125,3.125,3.125,3371.0
2026-08-05 10:16:00,NAMS,,27.174999237060547,27.229999542236328,27.110000610351562,27.149999618530273,6896.0
2026-08-05 10:16:00,NB,,5.15500020980835,5.159999847412109,5.147600173950195,5.147600173950195,6959.0
2026-08-05 10:16:00,NDAQ,,95.21499633789062,95.27999877929688,95.16000366210938,95.19999694824219,7976.0
2026-08-05 10:16:00,NDSN,,311.82000732421875,312.2900085449219,311.82000732421875,312.0299987792969,1101.0
2026-08-05 10:16:00,NEGG,,16.864999771118164,16.864999771118164,16.864999771118164,16.864999771118164,1853.0
2026-08-05 10:16:00,NEO,,16.170000076293945,16.170000076293945,16.149999618530273,16.155000686645508,3206.0
2026-08-05 10:16:00,NEOG,,11.744999885559082,11.75,11.744999885559082,11.744999885559082,1503.0
2026-08-05 10:16:00,NEOV,,2.9200000762939453,2.930000066757202,2.890000104904175,2.930000066757202,40351.0
2026-08-05 10:16:00,NESR,,28.989999771118164,28.989999771118164,28.93000030517578,28.93000030517578,3742.0
2026-08-05 10:16:00,NEXT,,6.414999961853027,6.414999961853027,6.400000095367432,6.400000095367432,1444.0
2026-08-05 10:16:00,NFLX,,73.81999969482422,73.90499877929688,73.81999969482422,73.83999633789062,67429.0
2026-08-05 10:16:00,NIU,,2.509999990463257,2.509999990463257,2.505000114440918,2.505000114440918,1283.0
2026-08-05 10:16:00,NKTR,,73.55000305175781,73.75,73.55000305175781,73.66000366210938,3715.0
2026-08-05 10:16:00,NKTX,,2.210900068283081,2.2200000286102295,2.210900068283081,2.2200000286102295,5661.0
2026-08-05 10:16:00,NMFC,,7.400000095367432,7.400000095367432,7.394999980926514,7.394999980926514,1442.0
2026-08-05 10:16:00,NMRA,,1.565000057220459,1.5700000524520874,1.559999942779541,1.559999942779541,19555.0
2026-08-05 10:16:00,NMRK,,15.694999694824219,15.694999694824219,15.694999694824219,15.694999694824219,964.0
2026-08-05 10:16:00,NMTC,,1.690000057220459,1.690000057220459,1.690000057220459,1.690000057220459,12077.0
2026-08-05 10:16:00,NN,,14.449999809265137,14.479999542236328,14.449999809265137,14.479999542236328,5254.0
2026-08-05 10:16:00,NNDM,,1.565000057220459,1.565000057220459,1.559999942779541,1.565000057220459,2222.0
2026-08-05 10:16:00,NNOX,,1.034999966621399,1.034999966621399,1.034999966621399,1.034999966621399,4795.0
2026-08-05 10:16:00,NOVT,,159.77999877929688,159.84500122070312,159.77999877929688,159.7899932861328,2486.0
2026-08-05 10:16:00,NRDS,,9.1899995803833,9.204999923706055,9.1899995803833,9.1899995803833,4353.0
2026-08-05 10:16:00,NRIX,,25.250600814819336,25.290000915527344,25.230100631713867,25.230100631713867,3491.0
2026-08-05 10:16:00,NRSN,,0.5849999785423279,0.5899999737739563,0.5799999833106995,0.5799999833106995,6028.0
2026-08-05 10:16:00,NTAP,,191.41000366210938,191.44000244140625,190.85000610351562,191.0850067138672,16301.0
2026-08-05 10:16:00,NTCT,,41.68000030517578,41.709999084472656,41.53499984741211,41.709999084472656,2571.0
2026-08-05 10:16:00,NTES,,128.47500610351562,128.52000427246094,128.41000366210938,128.5,2019.0
2026-08-05 10:16:00,NTGR,,24.030000686645508,24.040000915527344,24.030000686645508,24.040000915527344,667.0
2026-08-05 10:16:00,NTNX,,61.150001525878906,61.15999984741211,61.08000183105469,61.08000183105469,4846.0
2026-08-05 10:16:00,NTRA,,279.0199890136719,279.0199890136719,278.82000732421875,278.82000732421875,2081.0
2026-08-05 10:16:00,NTRS,,185.57000732421875,185.57000732421875,185.3300018310547,185.3300018310547,2502.0
2026-08-05 10:16:00,NUWE,,1.7899999618530273,1.7999999523162842,1.7799999713897705,1.7899999618530273,11113.0
2026-08-05 10:16:00,NVAX,,7.748600006103516,7.748600006103516,7.739999771118164,7.739999771118164,2788.0
2026-08-05 10:16:00,NVCR,,16.100000381469727,16.100000381469727,16.100000381469727,16.100000381469727,1355.0
2026-08-05 10:16:00,NVCT,,20.290000915527344,20.43000030517578,20.290000915527344,20.43000030517578,650.0
2026-08-05 10:16:00,NVDA,,221.69500732421875,222.0500030517578,221.47000122070312,221.9199981689453,478362.0
2026-08-05 10:16:00,NVEC,,127.9000015258789,127.91000366210938,127.9000015258789,127.91000366210938,900.0
2026-08-05 10:16:00,NVMI,,411.4599914550781,411.4599914550781,411.04998779296875,411.1400146484375,850.0
2026-08-05 10:16:00,NVTS,,12.770299911499023,12.8100004196167,12.729999542236328,12.779999732971191,28331.0
2026-08-05 10:16:00,NWBI,,15.984999656677246,15.989999771118164,15.984999656677246,15.989999771118164,660.0
2026-08-05 10:16:00,NWE,,69.06999969482422,69.06999969482422,69.06999969482422,69.06999969482422,247.0
2026-08-05 10:16:00,NWL,,6.019999980926514,6.034999847412109,6.019999980926514,6.034999847412109,9440.0
2026-08-05 10:16:00,NWS,,32.435001373291016,32.439998626708984,32.435001373291016,32.439998626708984,612.0
2026-08-05 10:16:00,NWSA,,28.299999237060547,28.299999237060547,28.295000076293945,28.299999237060547,3588.0
2026-08-05 10:16:00,NXPI,,233.16000366210938,233.35000610351562,232.6649932861328,233.0399932861328,6978.0
2026-08-05 10:16:00,NXST,,193.38999938964844,193.38999938964844,193.38999938964844,193.38999938964844,742.0
2026-08-05 10:16:00,NXT,,99.68499755859375,99.76000213623047,99.56999969482422,99.75,5803.0
2026-08-05 10:16:00,NXTC,,5.545000076293945,5.545000076293945,5.545000076293945,5.545000076293945,415.0
2026-08-05 10:16:00,NYXH,,1.4299999475479126,1.4299999475479126,1.4299999475479126,1.4299999475479126,621.0
2026-08-05 10:16:00,OCC,,15.920000076293945,15.920000076293945,15.920000076293945,15.920000076293945,203.0
2026-08-05 10:16:00,OCFC,,19.809999465942383,19.815000534057617,19.809999465942383,19.815000534057617,1171.0
2026-08-05 10:16:00,OCGN,,1.3100999593734741,1.315000057220459,1.3049999475479126,1.3049999475479126,21120.0
2026-08-05 10:16:00,OCS,,12.3100004196167,12.3100004196167,12.3100004196167,12.3100004196167,150.0
2026-08-05 10:16:00,OCUL,,8.720000267028809,8.725000381469727,8.720000267028809,8.725000381469727,4616.0
2026-08-05 10:16:00,ODD,,15.454999923706055,15.454999923706055,15.454999923706055,15.454999923706055,1173.0
2026-08-05 10:16:00,ODFL,,218.66000366210938,218.86000061035156,218.66000366210938,218.75999450683594,6867.0
2026-08-05 10:16:00,OESX,,17.260000228881836,17.299999237060547,16.889999389648438,17.15999984741211,17201.0
2026-08-05 10:16:00,OFIX,,10.800000190734863,10.800000190734863,10.800000190734863,10.800000190734863,216.0
2026-08-05 10:16:00,OKTA,,149.77000427246094,149.91000366210938,149.7550048828125,149.7550048828125,3868.0
2026-08-05 10:16:00,OLLI,,78.55999755859375,78.75,78.5199966430664,78.75,6749.0
2026-08-05 10:16:00,OLMA,,11.819999694824219,11.819999694824219,11.800000190734863,11.800000190734863,8477.0
2026-08-05 10:16:00,OM,,5.065000057220459,5.065000057220459,5.065000057220459,5.065000057220459,297.0
2026-08-05 10:16:00,OMER,,13.074999809265137,13.09000015258789,13.0600004196167,13.069999694824219,2316.0
2026-08-05 10:16:00,OMH,,0.1120000034570694,0.1120000034570694,0.11029999703168869,0.11029999703168869,94543.0
2026-08-05 10:16:00,ON,,79.05000305175781,79.20999908447266,78.94499969482422,79.1050033569336,52864.0
2026-08-05 10:16:00,ONB,,27.139999389648438,27.139999389648438,27.1200008392334,27.1200008392334,4805.0
2026-08-05 10:16:00,ONCY,,0.792900025844574,0.792900025844574,0.7925999760627747,0.7925999760627747,3732.0
2026-08-05 10:16:00,ONDS,,9.045000076293945,9.079999923706055,9.029999732971191,9.0649995803833,159757.0
2026-08-05 10:16:00,ONFO,,0.07509999722242355,0.07620000094175339,0.07509999722242355,0.07620000094175339,31100.0
2026-08-05 10:16:00,ONMD,,0.6836000084877014,0.6901999711990356,0.6836000084877014,0.6901999711990356,301.0
2026-08-05 10:16:00,OPCH,,23.450000762939453,23.469999313354492,23.420000076293945,23.454999923706055,2330.0
2026-08-05 10:16:00,OPEN,,3.809999942779541,3.819999933242798,3.805000066757202,3.815000057220459,124773.0
2026-08-05 10:16:00,OPK,,1.315000057220459,1.315000057220459,1.315000057220459,1.315000057220459,1346.0
2026-08-05 10:16:00,OPRT,,6.179999828338623,6.179999828338623,6.179999828338623,6.179999828338623,106.0
2026-08-05 10:16:00,OPXS,,11.850000381469727,11.850000381469727,11.850000381469727,11.850000381469727,0.0
2026-08-05 10:16:00,ORGO,,2.384999990463257,2.384999990463257,2.384999990463257,2.384999990463257,554.0
2026-08-05 10:16:00,ORIC,,13.675000190734863,13.675000190734863,13.619999885559082,13.645000457763672,6845.0
2026-08-05 10:16:00,ORLY,,93.9000015258789,94.0199966430664,93.9000015258789,94.01000213623047,20010.0
2026-08-05 10:16:00,ORMP,,4.46999979019165,4.46999979019165,4.46999979019165,4.46999979019165,668.0
2026-08-05 10:16:00,OSBC,,25.860000610351562,25.860000610351562,25.860000610351562,25.860000610351562,2182.0
2026-08-05 10:16:00,OSPN,,17.065000534057617,17.065000534057617,16.920000076293945,16.920000076293945,5413.0
2026-08-05 10:16:00,OSS,,13.948399543762207,13.960000038146973,13.899999618530273,13.899999618530273,4551.0
2026-08-05 10:16:00,OSW,,26.670000076293945,26.670000076293945,26.670000076293945,26.670000076293945,484.0
2026-08-05 10:16:00,OTEX,,26.094999313354492,26.1200008392334,26.079999923706055,26.110000610351562,3075.0
2026-08-05 10:16:00,OTLK,,1.034999966621399,1.0399999618530273,1.0299999713897705,1.0299999713897705,17313.0
2026-08-05 10:16:00,OTLY,,14.380000114440918,14.380000114440918,14.350000381469727,14.350000381469727,1860.0
2026-08-05 10:16:00,OVID,,2.625,2.625,2.615000009536743,2.615000009536743,3244.0
2026-08-05 10:16:00,OXLC,,9.085000038146973,9.087800025939941,9.083900451660156,9.087800025939941,2234.0
2026-08-05 10:16:00,OXSQ,,1.4800000190734863,1.4800000190734863,1.4800000190734863,1.4800000190734863,351.0
2026-08-05 10:16:00,PAA,,23.229999542236328,23.235000610351562,23.190000534057617,23.190000534057617,16690.0
2026-08-05 10:16:00,PAAS,,48.322601318359375,48.38999938964844,48.30500030517578,48.33000183105469,22083.0
2026-08-05 10:16:00,PACB,,1.4600000381469727,1.465000033378601,1.4600000381469727,1.4600000381469727,49061.0
2026-08-05 10:16:00,PAGP,,25.15999984741211,25.15999984741211,25.139999389648438,25.139999389648438,2175.0
2026-08-05 10:16:00,PALI,,2.140000104904175,2.140000104904175,2.130000114440918,2.130000114440918,14544.0
2026-08-05 10:16:00,PANL,,7.320000171661377,7.320000171661377,7.320000171661377,7.320000171661377,465.0
2026-08-05 10:16:00,PANW,,372.3500061035156,372.3500061035156,371.5899963378906,371.8550109863281,7592.0
2026-08-05 10:16:00,PAYO,,7.125,7.130000114440918,7.125,7.130000114440918,958.0
2026-08-05 10:16:00,PAYS,,9.279999732971191,9.279999732971191,9.279999732971191,9.279999732971191,2704.0
2026-08-05 10:16:00,PAYX,,118.33000183105469,118.33000183105469,118.2699966430664,118.2699966430664,3470.0
2026-08-05 10:16:00,PBYI,,8.017000198364258,8.017000198364258,8.010000228881836,8.010000228881836,1058.0
2026-08-05 10:16:00,PCAR,,136.14999389648438,136.22999572753906,136.14999389648438,136.22999572753906,1312.0
2026-08-05 10:16:00,PCRX,,25.549999237060547,25.549999237060547,25.549999237060547,25.549999237060547,459.0
2026-08-05 10:16:00,PCT,,6.987800121307373,7.0,6.987800121307373,6.994999885559082,5575.0
2026-08-05 10:16:00,PCTY,,148.52499389648438,148.9499969482422,148.52499389648438,148.9499969482422,1061.0
2026-08-05 10:16:00,PDD,,91.6500015258789,91.75,91.6500015258789,91.7300033569336,11105.0
2026-08-05 10:16:00,PECO,,41.36000061035156,41.36000061035156,41.36000061035156,41.36000061035156,888.0
2026-08-05 10:16:00,PEGA,,31.81399917602539,31.81399917602539,31.81399917602539,31.81399917602539,791.0
2026-08-05 10:16:00,PENN,,20.030000686645508,20.030000686645508,20.030000686645508,20.030000686645508,1068.0
2026-08-05 10:16:00,PEP,,138.22999572753906,138.3800048828125,138.1999969482422,138.2899932861328,11238.0
2026-08-05 10:16:00,PERI,,9.669899940490723,9.670000076293945,9.669899940490723,9.670000076293945,360.0
2026-08-05 10:16:00,PFG,,115.7699966430664,115.7699966430664,115.7249984741211,115.7249984741211,1602.0
2026-08-05 10:16:00,PGC,,46.73500061035156,46.83000183105469,46.73500061035156,46.83000183105469,1122.0
2026-08-05 10:16:00,PGEN,,7.195000171661377,7.215000152587891,7.190000057220459,7.195000171661377,44493.0
2026-08-05 10:16:00,PGNY,,31.559999465942383,31.559999465942383,31.549999237060547,31.549999237060547,932.0
2026-08-05 10:16:00,PGY,,21.844999313354492,21.850000381469727,21.81999969482422,21.850000381469727,4688.0
2026-08-05 10:16:00,PHAR,,10.849200248718262,10.849200248718262,10.849200248718262,10.849200248718262,210.0
2026-08-05 10:16:00,PHAT,,8.630000114440918,8.65999984741211,8.630000114440918,8.649999618530273,7410.0
2026-08-05 10:16:00,PHVS,,33.45500183105469,33.71500015258789,33.45500183105469,33.57500076293945,3525.0
2026-08-05 10:16:00,PLBY,,1.2350000143051147,1.2350000143051147,1.232300043106079,1.232300043106079,16906.0
2026-08-05 10:16:00,PLPC,,461.7099914550781,461.7099914550781,457.2900085449219,457.2900085449219,876.0
2026-08-05 10:16:00,PLRX,,1.059999942779541,1.059999942779541,1.059999942779541,1.059999942779541,506.0
2026-08-05 10:16:00,PLTK,,4.005000114440918,4.005000114440918,4.005000114440918,4.005000114440918,1163.0
2026-08-05 10:16:00,PLUG,,2.130000114440918,2.130000114440918,2.119999885559082,2.130000114440918,83167.0
2026-08-05 10:16:00,PMCB,,0.6047999858856201,0.6047999858856201,0.6047999858856201,0.6047999858856201,3862.0
2026-08-05 10:16:00,PMN,,13.550000190734863,13.550000190734863,13.399999618530273,13.399999618530273,1137.0
2026-08-05 10:16:00,PNBK,,1.125,1.125,1.125,1.125,146.0
2026-08-05 10:16:00,PNFP,,107.96499633789062,107.96499633789062,107.96499633789062,107.96499633789062,573.0
2026-08-05 10:16:00,PNTG,,38.66999816894531,38.66999816894531,38.435001373291016,38.564998626708984,2232.0
2026-08-05 10:16:00,POET,,8.40999984741211,8.4399995803833,8.390000343322754,8.430000305175781,30492.0
2026-08-05 10:16:00,POOL,,203.97999572753906,203.97999572753906,203.97999572753906,203.97999572753906,1064.0
2026-08-05 10:16:00,POWI,,62.85200119018555,62.96500015258789,62.85200119018555,62.96500015258789,615.0
2026-08-05 10:16:00,POWL,,213.2899932861328,213.77999877929688,212.85009765625,213.77960205078125,3334.0
2026-08-05 10:16:00,PPC,,26.729999542236328,26.729999542236328,26.729999542236328,26.729999542236328,1057.0
2026-08-05 10:16:00,PPSI,,3.009999990463257,3.009999990463257,2.990000009536743,3.009999990463257,23447.0
2026-08-05 10:16:00,PPTA,,22.770000457763672,22.770000457763672,22.690000534057617,22.7549991607666,20009.0
2026-08-05 10:16:00,PRAX,,320.67999267578125,320.67999267578125,320.30999755859375,320.30999755859375,261.0
2026-08-05 10:16:00,PRCH,,16.239999771118164,16.25,16.239999771118164,16.25,897.0
2026-08-05 10:16:00,PRCT,,18.56999969482422,18.639999389648438,18.530000686645508,18.56999969482422,8769.0
2026-08-05 10:16:00,PRDO,,33.380001068115234,33.380001068115234,33.36000061035156,33.369998931884766,3873.0
2026-08-05 10:16:00,PRGS,,41.875,41.875,41.875,41.875,466.0
2026-08-05 10:16:00,PRIM,,88.9801025390625,89.3499984741211,88.79499816894531,88.79499816894531,13023.0
2026-08-05 10:16:00,PRLD,,4.559999942779541,4.559999942779541,4.559999942779541,4.559999942779541,140.0
2026-08-05 10:16:00,PRME,,3.0204999446868896,3.0250000953674316,3.015000104904175,3.015000104904175,3492.0
2026-08-05 10:16:00,PROK,,1.6699999570846558,1.6749999523162842,1.6699999570846558,1.6749999523162842,22033.0
2026-08-05 10:16:00,PRTA,,8.720000267028809,8.734999656677246,8.71500015258789,8.725000381469727,5567.0
2026-08-05 10:16:00,PRVA,,23.885000228881836,23.885000228881836,23.885000228881836,23.885000228881836,715.0
2026-08-05 10:16:00,PRZO,,0.5494999885559082,0.5494999885559082,0.5494999885559082,0.5494999885559082,2235.0
2026-08-05 10:16:00,PSEC,,2.20989990234375,2.2100000381469727,2.200000047683716,2.2049999237060547,5603.0
2026-08-05 10:16:00,PSNL,,13.720000267028809,13.729999542236328,13.640000343322754,13.640000343322754,59435.0
2026-08-05 10:16:00,PTC,,142.47500610351562,142.6300048828125,142.4600067138672,142.4600067138672,1319.0
2026-08-05 10:16:00,PTCT,,69.93000030517578,69.93000030517578,69.93000030517578,69.93000030517578,1133.0
2026-08-05 10:16:00,PTEN,,9.9350004196167,9.949999809265137,9.914999961853027,9.914999961853027,12078.0
2026-08-05 10:16:00,PTLO,,4.605000019073486,4.605000019073486,4.599999904632568,4.599999904632568,1336.0
2026-08-05 10:16:00,PTON,,6.519999980926514,6.534999847412109,6.519999980926514,6.534999847412109,15839.0
2026-08-05 10:16:00,PTPI,,0.0024999999441206455,0.0024999999441206455,0.0024999999441206455,0.0024999999441206455,0.0
2026-08-05 10:16:00,PWP,,17.40999984741211,17.440000534057617,17.40999984741211,17.43000030517578,2157.0
2026-08-05 10:16:00,PYPD,,4.485000133514404,4.485000133514404,4.485000133514404,4.485000133514404,100.0
2026-08-05 10:16:00,PYPL,,58.81999969482422,58.869998931884766,58.79999923706055,58.84000015258789,24697.0
2026-08-05 10:16:00,QCOM,,161.2100067138672,161.25,160.98500061035156,161.1302032470703,15293.0
2026-08-05 10:16:00,QFIN,,13.390000343322754,13.390000343322754,13.390000343322754,13.390000343322754,102.0
2026-08-05 10:16:00,QQQX,,30.69499969482422,30.69499969482422,30.69499969482422,30.69499969482422,206.0
2026-08-05 10:16:00,QRVO,,95.18000030517578,95.18000030517578,95.06500244140625,95.06500244140625,556.0
2026-08-05 10:16:00,SEED,,0.9399999976158142,0.9399999976158142,0.9399999976158142,0.9399999976158142,660.0
2026-08-05 10:16:00,STIM,,2.2850000858306885,2.2850000858306885,2.2850000858306885,2.2850000858306885,1123.0
2026-08-05 10:16:00,WOOF,,2.984999895095825,2.984999895095825,2.9749999046325684,2.9749999046325684,22487.0
2026-08-05 10:17:00,ACDC,,4.300000190734863,4.304999828338623,4.275000095367432,4.275000095367432,5815.0
2026-08-05 10:17:00,CPOP,,0.362199991941452,0.362199991941452,0.36000001430511475,0.36000001430511475,2439.0
2026-08-05 10:17:00,EYE,,23.65999984741211,23.670000076293945,23.65999984741211,23.670000076293945,3471.0
2026-08-05 10:17:00,GLUE,,16.315000534057617,16.315000534057617,16.315000534057617,16.315000534057617,226.0
2026-08-05 10:17:00,KIDS,,21.760000228881836,21.889999389648438,21.729999542236328,21.809999465942383,2915.0
2026-08-05 10:17:00,KITT,,1.0712000131607056,1.0712000131607056,1.0712000131607056,1.0712000131607056,5395.0
2026-08-05 10:17:00,MBRX,,0.4099999964237213,0.41370001435279846,0.4099999964237213,0.41290000081062317,5720.0
2026-08-05 10:17:00,MDB,,380.55999755859375,381.2799987792969,380.3399963378906,381.1400146484375,5676.0
2026-08-05 10:17:00,MDLZ,,61.61750030517578,61.66999816894531,61.61750030517578,61.65999984741211,6251.0
2026-08-05 10:17:00,MLTX,,17.950000762939453,17.959999084472656,17.950000762939453,17.959999084472656,660.0
2026-08-05 10:17:00,MNRO,,13.40999984741211,13.425000190734863,13.40999984741211,13.425000190734863,822.0
2026-08-05 10:17:00,MNST,,94.84500122070312,94.86499786376953,94.76000213623047,94.76000213623047,19457.0
2026-08-05 10:17:00,MNTS,,4.445799827575684,4.445799827575684,4.445799827575684,4.445799827575684,398.0
2026-08-05 10:17:00,MODD,,2.0899999141693115,2.1498000621795654,2.0899999141693115,2.1498000621795654,606.0
2026-08-05 10:17:00,MPWR,,1335.030029296875,1336.3800048828125,1332.7900390625,1335.6300048828125,2803.0
2026-08-05 10:17:00,MRNA,,59.27949905395508,59.34000015258789,59.18199920654297,59.189998626708984,8890.0
2026-08-05 10:17:00,MYGN,,3.134999990463257,3.134999990463257,3.115000009536743,3.125,7038.0
2026-08-05 10:17:00,NAMS,,27.1200008392334,27.19499969482422,27.1200008392334,27.174999237060547,1958.0
2026-08-05 10:17:00,NB,,5.144999980926514,5.150000095367432,5.139999866485596,5.150000095367432,3544.0
2026-08-05 10:17:00,NBIX,,165.47999572753906,165.67999267578125,165.4499969482422,165.5,3104.0
2026-08-05 10:17:00,NBTX,,40.29999923706055,40.29999923706055,40.29999923706055,40.29999923706055,711.0
2026-08-05 10:17:00,NCMI,,4.099999904632568,4.110000133514404,4.099999904632568,4.110000133514404,804.0
2026-08-05 10:17:00,NDAQ,,95.36499786376953,95.4800033569336,95.21499633789062,95.27999877929688,63189.0
2026-08-05 10:17:00,NEGG,,16.864999771118164,16.864999771118164,16.864999771118164,16.864999771118164,508.0
2026-08-05 10:17:00,NEO,,16.18000030517578,16.18000030517578,16.170000076293945,16.170000076293945,1293.0
2026-08-05 10:17:00,NEOG,,11.725000381469727,11.744999885559082,11.725000381469727,11.744999885559082,1899.0
2026-08-05 10:17:00,NEON,,0.9384999871253967,0.9384999871253967,0.9384999871253967,0.9384999871253967,158.0
2026-08-05 10:17:00,NEOV,,2.9102001190185547,2.9149999618530273,2.9000000953674316,2.9000000953674316,7914.0
2026-08-05 10:17:00,NESR,,28.96500015258789,29.009899139404297,28.96500015258789,29.009899139404297,3325.0
2026-08-05 10:17:00,NEXT,,6.420000076293945,6.420000076293945,6.414999961853027,6.419899940490723,4595.0
2026-08-05 10:17:00,NFLX,,73.93499755859375,73.94999694824219,73.82499694824219,73.82499694824219,73528.0
2026-08-05 10:17:00,NGNE,,35.595001220703125,35.595001220703125,35.595001220703125,35.595001220703125,276.0
2026-08-05 10:17:00,NICE,,95.4000015258789,95.91500091552734,95.4000015258789,95.91500091552734,5139.0
2026-08-05 10:17:00,NKSH,,40.45500183105469,40.45500183105469,40.45500183105469,40.45500183105469,721.0
2026-08-05 10:17:00,NKTR,,73.55000305175781,73.55000305175781,73.55000305175781,73.55000305175781,521.0
2026-08-05 10:17:00,NKTX,,2.2149999141693115,2.2149999141693115,2.2149999141693115,2.2149999141693115,252.0
2026-08-05 10:17:00,NMFC,,7.40500020980835,7.40500020980835,7.40500020980835,7.40500020980835,305.0
2026-08-05 10:17:00,NMIH,,44.439998626708984,44.439998626708984,44.439998626708984,44.439998626708984,523.0
2026-08-05 10:17:00,NMRA,,1.559999942779541,1.565000057220459,1.559999942779541,1.559999942779541,706.0
2026-08-05 10:17:00,NMRK,,15.699999809265137,15.699999809265137,15.699999809265137,15.699999809265137,190.0
2026-08-05 10:17:00,NN,,14.420000076293945,14.454400062561035,14.420000076293945,14.454400062561035,3728.0
2026-08-05 10:17:00,NNBR,,3.8949999809265137,3.9000000953674316,3.8949999809265137,3.8949999809265137,401.0
2026-08-05 10:17:00,NNDM,,1.565000057220459,1.565000057220459,1.565000057220459,1.565000057220459,953.0
2026-08-05 10:17:00,NNOX,,1.034999966621399,1.034999966621399,1.034999966621399,1.034999966621399,181.0
2026-08-05 10:17:00,NOVT,,159.77999877929688,159.77999877929688,159.77999877929688,159.77999877929688,1773.0
2026-08-05 10:17:00,NRDS,,9.1850004196167,9.1850004196167,9.1850004196167,9.1850004196167,121.0
2026-08-05 10:17:00,NRIX,,25.229999542236328,25.270000457763672,25.229999542236328,25.270000457763672,849.0
2026-08-05 10:17:00,NRSN,,0.5848000049591064,0.585099995136261,0.5848000049591064,0.585099995136261,3047.0
2026-08-05 10:17:00,NRXP,,3.0799999237060547,3.0799999237060547,3.075000047683716,3.075000047683716,4855.0
2026-08-05 10:17:00,NSSC,,40.38999938964844,40.38999938964844,40.33000183105469,40.33000183105469,537.0
2026-08-05 10:17:00,NTAP,,191.36000061035156,191.44200134277344,191.33999633789062,191.3699951171875,3187.0
2026-08-05 10:17:00,NTCT,,41.63999938964844,41.63999938964844,41.63999938964844,41.63999938964844,284.0
2026-08-05 10:17:00,NTES,,128.30499267578125,128.32000732421875,128.17999267578125,128.32000732421875,1395.0
2026-08-05 10:17:00,NTGR,,24.100000381469727,24.100000381469727,24.100000381469727,24.100000381469727,261.0
2026-08-05 10:17:00,NTNX,,61.150001525878906,61.150001525878906,61.08000183105469,61.099998474121094,3248.0
2026-08-05 10:17:00,NUWE,,1.7899999618530273,1.7999999523162842,1.7899999618530273,1.7999999523162842,1007.0
2026-08-05 10:17:00,NVAX,,7.735000133514404,7.744999885559082,7.735000133514404,7.744999885559082,2258.0
2026-08-05 10:17:00,NVCR,,16.049999237060547,16.079999923706055,16.049999237060547,16.079999923706055,1447.0
2026-08-05 10:17:00,NVCT,,20.299999237060547,20.299999237060547,20.299999237060547,20.299999237060547,535.0
2026-08-05 10:17:00,NVDA,,221.88999938964844,221.9010009765625,221.46640014648438,221.64999389648438,343745.0
2026-08-05 10:17:00,NVEC,,127.75,128.4600067138672,127.29000091552734,127.93000030517578,2741.0
2026-08-05 10:17:00,NVMI,,411.54998779296875,411.54998779296875,411.54998779296875,411.54998779296875,218.0
2026-08-05 10:17:00,NVTS,,12.770000457763672,12.78499984741211,12.760000228881836,12.778300285339355,15894.0
2026-08-05 10:17:00,NWBI,,15.989999771118164,15.989999771118164,15.984999656677246,15.984999656677246,1967.0
2026-08-05 10:17:00,NWE,,69.07499694824219,69.07499694824219,69.07499694824219,69.07499694824219,114.0
2026-08-05 10:17:00,NWL,,6.014999866485596,6.019999980926514,6.010000228881836,6.019999980926514,2409.0
2026-08-05 10:17:00,NWS,,32.470001220703125,32.470001220703125,32.45000076293945,32.45000076293945,3559.0
2026-08-05 10:17:00,NWSA,,28.325000762939453,28.334999084472656,28.315000534057617,28.31999969482422,9656.0
2026-08-05 10:17:00,NXGL,,0.41999998688697815,0.41999998688697815,0.41999998688697815,0.41999998688697815,520.0
2026-08-05 10:17:00,NXPI,,233.10499572753906,233.1199951171875,233.0800018310547,233.0800018310547,1864.0
2026-08-05 10:17:00,NXT,,99.54499816894531,99.68499755859375,99.48999786376953,99.68499755859375,1752.0
2026-08-05 10:17:00,NXTC,,5.649899959564209,5.649899959564209,5.649899959564209,5.649899959564209,1394.0
2026-08-05 10:17:00,NYXH,,1.4299999475479126,1.4299999475479126,1.4299999475479126,1.4299999475479126,517.0
2026-08-05 10:17:00,OCFC,,19.834999084472656,19.834999084472656,19.81999969482422,19.81999969482422,938.0
2026-08-05 10:17:00,OCGN,,1.315000057220459,1.315000057220459,1.309999942779541,1.315000057220459,29142.0
2026-08-05 10:17:00,OCS,,12.350000381469727,12.350000381469727,12.350000381469727,12.350000381469727,321.0
2026-08-05 10:17:00,OCSL,,12.260000228881836,12.260000228881836,12.1899995803833,12.210000038146973,14094.0
2026-08-05 10:17:00,OCUL,,8.720000267028809,8.739999771118164,8.720000267028809,8.739999771118164,3138.0
2026-08-05 10:17:00,ODD,,15.395000457763672,15.444999694824219,15.369999885559082,15.444999694824219,3205.0
2026-08-05 10:17:00,ODFL,,218.19500732421875,218.30999755859375,218.19500732421875,218.30999755859375,1301.0
2026-08-05 10:17:00,OESX,,17.040000915527344,17.499900817871094,17.020000457763672,17.499900817871094,13908.0
2026-08-05 10:17:00,OKTA,,150.14999389648438,150.3000030517578,150.10499572753906,150.10499572753906,3822.0
2026-08-05 10:17:00,OLLI,,78.75,78.75,78.56999969482422,78.56999969482422,4072.0
2026-08-05 10:17:00,OMER,,13.09000015258789,13.09000015258789,13.09000015258789,13.09000015258789,1291.0
2026-08-05 10:17:00,OMH,,0.11180000007152557,0.11209999769926071,0.11140000075101852,0.11140000075101852,44827.0
2026-08-05 10:17:00,ON,,78.96499633789062,79.06500244140625,78.91000366210938,79.02999877929688,85165.0
2026-08-05 10:17:00,ONB,,27.149999618530273,27.155000686645508,27.149999618530273,27.149999618530273,2053.0
2026-08-05 10:17:00,ONCY,,0.7928000092506409,0.7928000092506409,0.7928000092506409,0.7928000092506409,3286.0
2026-08-05 10:17:00,ONDS,,9.03499984741211,9.0600004196167,9.020000457763672,9.039999961853027,133159.0
2026-08-05 10:17:00,ONFO,,0.0746999979019165,0.07569999992847443,0.0746999979019165,0.07569999992847443,96090.0
2026-08-05 10:17:00,ONMD,,0.6829000115394592,0.6829000115394592,0.6829000115394592,0.6829000115394592,1221.0
2026-08-05 10:17:00,OPCH,,23.440000534057617,23.450000762939453,23.430099487304688,23.450000762939453,5339.0
2026-08-05 10:17:00,OPEN,,3.8150999546051025,3.819999933242798,3.8027000427246094,3.815000057220459,144865.0
2026-08-05 10:17:00,OPRA,,20.270000457763672,20.280000686645508,20.270000457763672,20.280000686645508,924.0
2026-08-05 10:17:00,OPRT,,6.179999828338623,6.179999828338623,6.179999828338623,6.179999828338623,467.0
2026-08-05 10:17:00,OPXS,,11.859999656677246,11.859999656677246,11.859999656677246,11.859999656677246,0.0
2026-08-05 10:17:00,ORGO,,2.384999990463257,2.384999990463257,2.384999990463257,2.384999990463257,374.0
2026-08-05 10:17:00,ORIC,,13.664999961853027,13.6899995803833,13.59000015258789,13.680000305175781,25037.0
2026-08-05 10:17:00,ORLY,,93.96499633789062,93.97000122070312,93.91000366210938,93.91000366210938,10164.0
2026-08-05 10:17:00,ORRF,,43.375,43.375,43.375,43.375,440.0
2026-08-05 10:17:00,OSIS,,234.78500366210938,234.80999755859375,234.52499389648438,234.52499389648438,823.0
2026-08-05 10:17:00,OSPN,,17.114999771118164,17.114999771118164,17.110000610351562,17.110000610351562,621.0
2026-08-05 10:17:00,OSS,,13.914999961853027,13.923700332641602,13.914999961853027,13.923700332641602,1343.0
2026-08-05 10:17:00,OTEX,,26.084999084472656,26.094999313354492,26.079999923706055,26.09000015258789,3477.0
2026-08-05 10:17:00,OTLK,,1.0399999618530273,1.0399999618530273,1.034999966621399,1.034999966621399,22230.0
2026-08-05 10:17:00,OTLY,,14.4399995803833,14.4399995803833,14.4399995803833,14.4399995803833,794.0
2026-08-05 10:17:00,OTTR,,91.54750061035156,91.91500091552734,91.54750061035156,91.91500091552734,439.0
2026-08-05 10:17:00,OVID,,2.625,2.625,2.615000009536743,2.615000009536743,4630.0
2026-08-05 10:17:00,OXSQ,,1.4900000095367432,1.4900000095367432,1.4800000190734863,1.4800000190734863,402.0
2026-08-05 10:17:00,PAA,,23.229999542236328,23.235000610351562,23.229999542236328,23.229999542236328,3495.0
2026-08-05 10:17:00,PAAS,,48.279998779296875,48.349998474121094,48.24769973754883,48.349998474121094,9563.0
2026-08-05 10:17:00,PACB,,1.465000033378601,1.465000033378601,1.465000033378601,1.465000033378601,2040.0
2026-08-05 10:17:00,PAGP,,25.165000915527344,25.170000076293945,25.16010093688965,25.170000076293945,9275.0
2026-08-05 10:17:00,PALI,,2.115000009536743,2.134999990463257,2.115000009536743,2.134999990463257,64885.0
2026-08-05 10:17:00,PANL,,7.320000171661377,7.320000171661377,7.320000171661377,7.320000171661377,390.0
2026-08-05 10:17:00,PANW,,373.7200012207031,373.739990234375,372.2300109863281,372.42999267578125,15212.0
2026-08-05 10:17:00,PAX,,11.444999694824219,11.444999694824219,11.444999694824219,11.444999694824219,943.0
2026-08-05 10:17:00,PAYO,,7.130000114440918,7.130000114440918,7.130000114440918,7.130000114440918,879.0
2026-08-05 10:17:00,PAYX,,118.2300033569336,118.31999969482422,118.22000122070312,118.30500030517578,2118.0
2026-08-05 10:17:00,PCAR,,136.1999969482422,136.1999969482422,136.0500030517578,136.0850067138672,11197.0
2026-08-05 10:17:00,PCRX,,25.395000457763672,25.5,25.395000457763672,25.459999084472656,1019.0
2026-08-05 10:17:00,PCT,,6.980000019073486,6.994999885559082,6.980000019073486,6.989999771118164,3427.0
2026-08-05 10:17:00,PCTY,,148.52499389648438,148.97999572753906,148.3000030517578,148.52499389648438,4680.0
2026-08-05 10:17:00,PDD,,91.7300033569336,91.7300033569336,91.6500015258789,91.6500015258789,7644.0
2026-08-05 10:17:00,PDFS,,50.290000915527344,50.63999938964844,50.290000915527344,50.63999938964844,479.0
2026-08-05 10:17:00,PECO,,41.34000015258789,41.34000015258789,41.34000015258789,41.34000015258789,906.0
2026-08-05 10:17:00,PEGA,,31.790000915527344,31.829999923706055,31.790000915527344,31.81999969482422,1212.0
2026-08-05 10:17:00,PENN,,20.010000228881836,20.030000686645508,19.9950008392334,20.030000686645508,7539.0
2026-08-05 10:17:00,PEP,,138.24000549316406,138.32119750976562,138.22500610351562,138.26589965820312,15850.0
2026-08-05 10:17:00,PERI,,9.670000076293945,9.670000076293945,9.670000076293945,9.670000076293945,397.0
2026-08-05 10:17:00,PETS,,1.9800000190734863,1.9800000190734863,1.9800000190734863,1.9800000190734863,369.0
2026-08-05 10:17:00,PGEN,,7.164999961853027,7.199900150299072,7.15500020980835,7.195000171661377,40708.0
2026-08-05 10:17:00,PGY,,21.860000610351562,21.865100860595703,21.84000015258789,21.860000610351562,3368.0
2026-08-05 10:17:00,PHAT,,8.600000381469727,8.600000381469727,8.600000381469727,8.600000381469727,694.0
2026-08-05 10:17:00,PHIO,,1.0850000381469727,1.0850000381469727,1.0850000381469727,1.0850000381469727,144.0
2026-08-05 10:17:00,PHVS,,33.41999816894531,33.41999816894531,33.41999816894531,33.41999816894531,117.0
2026-08-05 10:17:00,PKBK,,34.130001068115234,34.130001068115234,34.130001068115234,34.130001068115234,3257.0
2026-08-05 10:17:00,PLPC,,458.82769775390625,461.6400146484375,458.82769775390625,461.6400146484375,1201.0
2026-08-05 10:17:00,PLRX,,1.0549999475479126,1.0549999475479126,1.0549999475479126,1.0549999475479126,200.0
2026-08-05 10:17:00,PLSE,,37.6150016784668,37.6150016784668,37.6150016784668,37.6150016784668,473.0
2026-08-05 10:17:00,PLUG,,2.134999990463257,2.139899969100952,2.119999885559082,2.130000114440918,183019.0
2026-08-05 10:17:00,PLXS,,274.489990234375,274.489990234375,274.489990234375,274.489990234375,1811.0
2026-08-05 10:17:00,PMN,,13.550000190734863,13.574999809265137,13.399999618530273,13.399999618530273,1153.0
2026-08-05 10:17:00,PNBK,,1.125,1.125,1.125,1.125,172.0
2026-08-05 10:17:00,PNFP,,108.16999816894531,108.33499908447266,107.96499633789062,107.96499633789062,4909.0
2026-08-05 10:17:00,PNRG,,184.6999969482422,185.25999450683594,184.6999969482422,185.25999450683594,1025.0
2026-08-05 10:17:00,PNTG,,38.66999816894531,38.66999816894531,38.439998626708984,38.45000076293945,1123.0
2026-08-05 10:17:00,POET,,8.420000076293945,8.428799629211426,8.40999984741211,8.428799629211426,10068.0
2026-08-05 10:17:00,POWI,,63.0099983215332,63.0099983215332,62.970001220703125,62.970001220703125,966.0
2026-08-05 10:17:00,POWL,,212.98500061035156,212.99000549316406,212.67999267578125,212.86000061035156,4013.0
2026-08-05 10:17:00,PPC,,26.760000228881836,26.760000228881836,26.719999313354492,26.729999542236328,2564.0
2026-08-05 10:17:00,PPSI,,2.9800000190734863,2.9800000190734863,2.9800000190734863,2.9800000190734863,600.0
2026-08-05 10:17:00,PPTA,,22.760000228881836,22.799999237060547,22.729999542236328,22.780000686645508,22147.0
2026-08-05 10:17:00,PRAX,,319.9800109863281,320.67999267578125,319.9800109863281,320.67999267578125,490.0
2026-08-05 10:17:00,PRCT,,18.56999969482422,18.612499237060547,18.479999542236328,18.56999969482422,10506.0
2026-08-05 10:17:00,PRIM,,89.11000061035156,89.85990142822266,89.0199966430664,89.43499755859375,5288.0
2026-08-05 10:17:00,PRLD,,4.590000152587891,4.590000152587891,4.590000152587891,4.590000152587891,1455.0
2026-08-05 10:17:00,PRME,,3.0397000312805176,3.0399999618530273,3.0250000953674316,3.0297000408172607,31741.0
2026-08-05 10:17:00,PRQR,,1.9049999713897705,1.9249999523162842,1.899999976158142,1.919100046157837,30502.0
2026-08-05 10:17:00,PRSO,,0.7074999809265137,0.7074999809265137,0.7056000232696533,0.7057999968528748,599.0
2026-08-05 10:17:00,PRTA,,8.729999542236328,8.729999542236328,8.720000267028809,8.720000267028809,1290.0
2026-08-05 10:17:00,PRTH,,6.71999979019165,6.71999979019165,6.699999809265137,6.699999809265137,600.0
2026-08-05 10:17:00,PRVA,,23.93000030517578,23.93000030517578,23.920000076293945,23.920000076293945,1734.0
2026-08-05 10:17:00,PRZO,,0.5527999997138977,0.555899977684021,0.5496000051498413,0.5496000051498413,4138.0
2026-08-05 10:17:00,PSEC,,2.2100000381469727,2.2100000381469727,2.200000047683716,2.2100000381469727,5162.0
2026-08-05 10:17:00,PSNL,,13.699999809265137,13.699999809265137,13.699999809265137,13.699999809265137,997.0
2026-08-05 10:17:00,PTC,,142.64999389648438,142.64999389648438,142.47500610351562,142.47500610351562,756.0
2026-08-05 10:17:00,PTCT,,69.91000366210938,69.91000366210938,69.91000366210938,69.91000366210938,247.0
2026-08-05 10:17:00,PTEN,,9.9399995803833,9.9399995803833,9.925000190734863,9.930000305175781,7082.0
2026-08-05 10:17:00,PTLO,,4.610000133514404,4.610000133514404,4.610000133514404,4.610000133514404,946.0
2026-08-05 10:17:00,PTON,,6.510000228881836,6.525000095367432,6.510000228881836,6.525000095367432,88749.0
2026-08-05 10:17:00,PXS,,4.795000076293945,4.795000076293945,4.795000076293945,4.795000076293945,479.0
2026-08-05 10:17:00,PYPD,,4.480000019073486,4.485000133514404,4.480000019073486,4.485000133514404,103.0
2026-08-05 10:17:00,PYPL,,58.8849983215332,58.88999938964844,58.84000015258789,58.84000015258789,9100.0
2026-08-05 10:17:00,PYXS,,3.2899999618530273,3.2950000762939453,3.2899999618530273,3.2899999618530273,894.0
2026-08-05 10:17:00,QCOM,,161.17999267578125,161.25,161.05960083007812,161.1999969482422,8433.0
2026-08-05 10:17:00,QFIN,,13.390000343322754,13.390000343322754,13.390000343322754,13.390000343322754,1638.0
2026-08-05 10:17:00,QRVO,,95.0199966430664,95.0999984741211,95.0199966430664,95.0999984741211,892.0
2026-08-05 10:17:00,SEED,,0.9645000100135803,0.9645000100135803,0.9301999807357788,0.9397000074386597,4412.0
2026-08-05 10:17:00,WOOF,,2.9800000190734863,2.984999895095825,2.9700000286102295,2.984999895095825,13839.0
2026-08-05 10:18:00,ACDC,,4.295000076293945,4.295000076293945,4.289999961853027,4.289999961853027,1167.0
2026-08-05 10:18:00,FIZZ,,31.649999618530273,31.65999984741211,31.649999618530273,31.65999984741211,748.0
2026-08-05 10:18:00,GLUE,,16.299999237060547,16.31999969482422,16.260000228881836,16.290000915527344,1837.0
2026-08-05 10:18:00,KIDS,,21.639999389648438,21.649999618530273,21.639999389648438,21.649999618530273,666.0
2026-08-05 10:18:00,KTTA,,0.48989999294281006,0.48989999294281006,0.48989999294281006,0.48989999294281006,15471.0
2026-08-05 10:18:00,LUNG,,1.9049999713897705,1.9049999713897705,1.9049999713897705,1.9049999713897705,301.0
2026-08-05 10:18:00,MBRX,,0.4000999927520752,0.4099999964237213,0.4000999927520752,0.4099999964237213,23677.0
2026-08-05 10:18:00,MDB,,379.44000244140625,380.3900146484375,379.44000244140625,380.3900146484375,896.0
2026-08-05 10:18:00,MDLZ,,61.459999084472656,61.63999938964844,61.459999084472656,61.630001068115234,175249.0
2026-08-05 10:18:00,MLTX,,17.96109962463379,17.969999313354492,17.96109962463379,17.96109962463379,1160.0
2026-08-05 10:18:00,MNPR,,116.4000015258789,116.4000015258789,116.05999755859375,116.0999984741211,2891.0
2026-08-05 10:18:00,MNRO,,13.380000114440918,13.420000076293945,13.380000114440918,13.420000076293945,2390.0
2026-08-05 10:18:00,MNST,,94.88500213623047,94.91500091552734,94.86499786376953,94.87999725341797,7007.0
2026-08-05 10:18:00,MNTS,,4.420000076293945,4.420000076293945,4.414999961853027,4.414999961853027,8573.0
2026-08-05 10:18:00,MNTSW,,0.00930000003427267,0.00930000003427267,0.00930000003427267,0.00930000003427267,0.0
2026-08-05 10:18:00,MORN,,201.61000061035156,201.61000061035156,201.61000061035156,201.61000061035156,652.0
2026-08-05 10:18:00,MPWR,,1333.6650390625,1335.93994140625,1331.489990234375,1335.7099609375,2895.0
2026-08-05 10:18:00,MRNA,,59.255001068115234,59.33000183105469,59.25389862060547,59.2599983215332,10114.0
2026-08-05 10:18:00,MSGM,,4.420000076293945,4.420000076293945,4.420000076293945,4.420000076293945,580.0
2026-08-05 10:18:00,MYGN,,3.130000114440918,3.134999990463257,3.130000114440918,3.134999990463257,1822.0
2026-08-05 10:18:00,NAMS,,27.239999771118164,27.270000457763672,27.174999237060547,27.174999237060547,6225.0
2026-08-05 10:18:00,NATR,,20.170000076293945,20.170000076293945,20.170000076293945,20.170000076293945,698.0
2026-08-05 10:18:00,NAVI,,9.085000038146973,9.085000038146973,9.085000038146973,9.085000038146973,573.0
2026-08-05 10:18:00,NB,,5.144999980926514,5.150100231170654,5.139800071716309,5.150000095367432,5491.0
2026-08-05 10:18:00,NBIX,,165.49000549316406,165.49000549316406,165.49000549316406,165.49000549316406,776.0
2026-08-05 10:18:00,NBN,,134.0,134.91000366210938,134.0,134.91000366210938,3381.0
2026-08-05 10:18:00,NCMI,,4.119999885559082,4.119999885559082,4.105000019073486,4.105000019073486,2779.0
2026-08-05 10:18:00,NDAQ,,95.31500244140625,95.37999725341797,95.25499725341797,95.31999969482422,7557.0
2026-08-05 10:18:00,NDSN,,311.80999755859375,312.0849914550781,311.79998779296875,311.79998779296875,205.0
2026-08-05 10:18:00,NEGG,,16.959999084472656,16.959999084472656,16.8700008392334,16.8700008392334,1600.0
2026-08-05 10:18:00,NEO,,16.170000076293945,16.170000076293945,16.170000076293945,16.170000076293945,512.0
2026-08-05 10:18:00,NEOG,,11.729999542236328,11.729999542236328,11.725000381469727,11.725000381469727,2880.0
2026-08-05 10:18:00,NEOV,,2.9200000762939453,2.9200000762939453,2.9200000762939453,2.9200000762939453,1982.0
2026-08-05 10:18:00,NEXT,,6.429999828338623,6.429999828338623,6.429999828338623,6.429999828338623,1706.0
2026-08-05 10:18:00,NFE,,0.33340001106262207,0.33340001106262207,0.3330000042915344,0.3330000042915344,1189.0
2026-08-05 10:18:00,NFLX,,73.91999816894531,73.95500183105469,73.88999938964844,73.93990325927734,57150.0
2026-08-05 10:18:00,NGNE,,35.369998931884766,35.369998931884766,35.369998931884766,35.369998931884766,137.0
2026-08-05 10:18:00,NICE,,95.88999938964844,95.88999938964844,95.44000244140625,95.54000091552734,4964.0
2026-08-05 10:18:00,NKTR,,73.53500366210938,73.53500366210938,73.53500366210938,73.53500366210938,600.0
2026-08-05 10:18:00,NKTX,,2.2100000381469727,2.2100000381469727,2.2100000381469727,2.2100000381469727,629.0
2026-08-05 10:18:00,NMRA,,1.5800000429153442,1.5800000429153442,1.5700000524520874,1.5700000524520874,3644.0
2026-08-05 10:18:00,NMRK,,15.699999809265137,15.699999809265137,15.6899995803833,15.6899995803833,3181.0
2026-08-05 10:18:00,NN,,14.329999923706055,14.399999618530273,14.329999923706055,14.399999618530273,7333.0
2026-08-05 10:18:00,NNBR,,3.884999990463257,3.9000000953674316,3.880000114440918,3.891400098800659,2172.0
2026-08-05 10:18:00,NNDM,,1.559999942779541,1.565000057220459,1.559999942779541,1.565000057220459,1713.0
2026-08-05 10:18:00,NNOX,,1.0396000146865845,1.0396000146865845,1.0300999879837036,1.0300999879837036,1503.0
2026-08-05 10:18:00,NRDS,,9.15999984741211,9.175000190734863,9.15999984741211,9.175000190734863,1834.0
2026-08-05 10:18:00,NRIX,,25.309999465942383,25.309999465942383,25.309999465942383,25.309999465942383,151.0
2026-08-05 10:18:00,NRSN,,0.5842999815940857,0.5842999815940857,0.5842999815940857,0.5842999815940857,200.0
2026-08-05 10:18:00,NSSC,,40.369998931884766,40.369998931884766,40.310001373291016,40.310001373291016,712.0
2026-08-05 10:18:00,NTAP,,191.27000427246094,191.30999755859375,191.14999389648438,191.14999389648438,1169.0
2026-08-05 10:18:00,NTCT,,41.7400016784668,41.7400016784668,41.709999084472656,41.720001220703125,2656.0
2026-08-05 10:18:00,NTGR,,24.100000381469727,24.100000381469727,24.100000381469727,24.100000381469727,216.0
2026-08-05 10:18:00,NTNX,,61.0099983215332,61.06999969482422,61.005001068115234,61.06999969482422,3567.0
2026-08-05 10:18:00,NTRS,,185.72000122070312,185.72000122070312,185.72000122070312,185.72000122070312,464.0
2026-08-05 10:18:00,NVAX,,7.739999771118164,7.749000072479248,7.735000133514404,7.739999771118164,7155.0
2026-08-05 10:18:00,NVCT,,20.450000762939453,20.450000762939453,20.450000762939453,20.450000762939453,324.0
2026-08-05 10:18:00,NVDA,,221.8560028076172,221.9499969482422,221.72000122070312,221.875,302389.0
2026-08-05 10:18:00,NVMI,,411.79998779296875,411.79998779296875,410.9549865722656,411.55999755859375,1028.0
2026-08-05 10:18:00,NVTS,,12.770000457763672,12.78499984741211,12.739999771118164,12.779899597167969,22056.0
2026-08-05 10:18:00,NWE,,69.08000183105469,69.08000183105469,69.08000183105469,69.08000183105469,1361.0
2026-08-05 10:18:00,NWL,,6.019999980926514,6.019999980926514,6.011000156402588,6.014999866485596,2967.0
2026-08-05 10:18:00,NWS,,32.44499969482422,32.47999954223633,32.44499969482422,32.47999954223633,6338.0
2026-08-05 10:18:00,NWSA,,28.30500030517578,28.350000381469727,28.30500030517578,28.325000762939453,11419.0
2026-08-05 10:18:00,NXPI,,233.06500244140625,233.09500122070312,232.82000732421875,233.09500122070312,7044.0
2026-08-05 10:18:00,NXST,,193.47500610351562,193.5399932861328,193.09500122070312,193.38999938964844,3577.0
2026-08-05 10:18:00,NXT,,99.58999633789062,99.6050033569336,99.5199966430664,99.57499694824219,1845.0
2026-08-05 10:18:00,OABI,,2.0250000953674316,2.0250000953674316,2.015000104904175,2.0179998874664307,3811.0
2026-08-05 10:18:00,OCFC,,19.84000015258789,19.84000015258789,19.84000015258789,19.84000015258789,498.0
2026-08-05 10:18:00,OCGN,,1.3200000524520874,1.3200000524520874,1.315000057220459,1.3200000524520874,2027.0
2026-08-05 10:18:00,OCSL,,12.255000114440918,12.255000114440918,12.255000114440918,12.255000114440918,1165.0
2026-08-05 10:18:00,OCUL,,8.71500015258789,8.71500015258789,8.71500015258789,8.71500015258789,1062.0
2026-08-05 10:18:00,ODD,,15.399999618530273,15.399999618530273,15.395000457763672,15.395000457763672,966.0
2026-08-05 10:18:00,ODFL,,218.38999938964844,218.38999938964844,218.13999938964844,218.13999938964844,1553.0
2026-08-05 10:18:00,OESX,,16.709999084472656,17.247499465942383,16.280000686645508,17.0,16399.0
2026-08-05 10:18:00,OFIX,,10.755000114440918,10.800000190734863,10.755000114440918,10.800000190734863,1516.0
2026-08-05 10:18:00,OGI,,0.9729999899864197,0.9729999899864197,0.9729999899864197,0.9729999899864197,113.0
2026-08-05 10:18:00,OKTA,,149.99000549316406,150.26499938964844,149.8800048828125,150.14999389648438,33544.0
2026-08-05 10:18:00,OLLI,,78.66000366210938,78.73999786376953,78.58000183105469,78.69999694824219,11040.0
2026-08-05 10:18:00,OLMA,,11.805100440979004,11.805100440979004,11.805100440979004,11.805100440979004,1636.0
2026-08-05 10:18:00,OM,,5.050000190734863,5.050000190734863,5.050000190734863,5.050000190734863,915.0
2026-08-05 10:18:00,OMCL,,36.810001373291016,36.810001373291016,36.810001373291016,36.810001373291016,423.0
2026-08-05 10:18:00,OMER,,13.085000038146973,13.085000038146973,13.085000038146973,13.085000038146973,885.0
2026-08-05 10:18:00,OMH,,0.1120000034570694,0.11209999769926071,0.11190000176429749,0.11190000176429749,2687.0
2026-08-05 10:18:00,ON,,79.16000366210938,79.19999694824219,78.97000122070312,79.05500030517578,27606.0
2026-08-05 10:18:00,ONB,,27.15999984741211,27.15999984741211,27.15999984741211,27.15999984741211,1213.0
2026-08-05 10:18:00,ONCY,,0.7928000092506409,0.7928000092506409,0.7925999760627747,0.7926999926567078,5000.0
2026-08-05 10:18:00,ONDS,,9.03499984741211,9.050000190734863,9.015000343322754,9.03499984741211,131698.0
2026-08-05 10:18:00,ONFO,,0.0729999989271164,0.07490000128746033,0.0729999989271164,0.0746999979019165,173156.0
2026-08-05 10:18:00,OPCH,,23.459999084472656,23.459999084472656,23.459999084472656,23.459999084472656,686.0
2026-08-05 10:18:00,OPEN,,3.819999933242798,3.8299999237060547,3.809999942779541,3.815000057220459,179687.0
2026-08-05 10:18:00,OPK,,1.315000057220459,1.3200000524520874,1.315000057220459,1.3200000524520874,1509.0
2026-08-05 10:18:00,OPRA,,20.270000457763672,20.270000457763672,20.260000228881836,20.260000228881836,842.0
2026-08-05 10:18:00,OPRT,,6.195000171661377,6.199999809265137,6.179999828338623,6.179999828338623,33120.0
2026-08-05 10:18:00,OPRX,,6.789999961853027,6.800000190734863,6.789999961853027,6.800000190734863,491.0
2026-08-05 10:18:00,ORIC,,13.654999732971191,13.654999732971191,13.654999732971191,13.654999732971191,331.0
2026-08-05 10:18:00,ORLY,,93.92500305175781,94.03500366210938,93.91500091552734,94.01000213623047,8941.0
2026-08-05 10:18:00,OSBC,,25.864999771118164,25.864999771118164,25.864999771118164,25.864999771118164,674.0
2026-08-05 10:18:00,OSIS,,234.75999450683594,234.75999450683594,234.4499969482422,234.4499969482422,490.0
2026-08-05 10:18:00,OSPN,,16.809999465942383,17.040000915527344,16.809999465942383,17.040000915527344,7803.0
2026-08-05 10:18:00,OSS,,13.869999885559082,13.869999885559082,13.869999885559082,13.869999885559082,1477.0
2026-08-05 10:18:00,OTEX,,26.05500030517578,26.079999923706055,26.05500030517578,26.079999923706055,1621.0
2026-08-05 10:18:00,OTLK,,1.034999966621399,1.0399999618530273,1.034999966621399,1.034999966621399,6941.0
2026-08-05 10:18:00,OTLY,,14.4399995803833,14.4399995803833,14.4399995803833,14.4399995803833,681.0
2026-08-05 10:18:00,OXLC,,9.085000038146973,9.085000038146973,9.085000038146973,9.085000038146973,1000.0
2026-08-05 10:18:00,PAA,,23.2549991607666,23.28499984741211,23.239999771118164,23.239999771118164,96436.0
2026-08-05 10:18:00,PAAS,,48.38999938964844,48.38999938964844,48.279998779296875,48.29349899291992,18169.0
2026-08-05 10:18:00,PACB,,1.4600000381469727,1.4600000381469727,1.4600000381469727,1.4600000381469727,13947.0
2026-08-05 10:18:00,PAGP,,25.209999084472656,25.209999084472656,25.18000030517578,25.18000030517578,5485.0
2026-08-05 10:18:00,PALI,,2.115000009536743,2.115000009536743,2.115000009536743,2.115000009536743,6191.0
2026-08-05 10:18:00,PANW,,372.989990234375,373.8550109863281,372.75,373.8078918457031,13083.0
2026-08-05 10:18:00,PAYO,,7.130000114440918,7.130000114440918,7.130000114440918,7.130000114440918,609.0
2026-08-05 10:18:00,PAYX,,117.9800033569336,118.19999694824219,117.9800033569336,118.19999694824219,2774.0
2026-08-05 10:18:00,PCAR,,136.15499877929688,136.2100067138672,136.15499877929688,136.2100067138672,582.0
2026-08-05 10:18:00,PCRX,,25.479999542236328,25.530000686645508,25.450000762939453,25.469999313354492,5724.0
2026-08-05 10:18:00,PCT,,6.989999771118164,6.992800235748291,6.989999771118164,6.989999771118164,3222.0
2026-08-05 10:18:00,PCTY,,148.38999938964844,148.60000610351562,147.89999389648438,148.5124969482422,9663.0
2026-08-05 10:18:00,PDD,,91.83999633789062,91.83999633789062,91.75,91.75,8162.0
2026-08-05 10:18:00,PDLB,,20.540000915527344,20.6200008392334,20.510000228881836,20.6200008392334,1628.0
2026-08-05 10:18:00,PDSB,,0.720300018787384,0.720300018787384,0.720300018787384,0.720300018787384,262.0
2026-08-05 10:18:00,PEGA,,31.760000228881836,31.774999618530273,31.760000228881836,31.774999618530273,6719.0
2026-08-05 10:18:00,PENN,,19.989999771118164,20.0,19.989999771118164,19.989999771118164,2350.0
2026-08-05 10:18:00,PEP,,138.17999267578125,138.22000122070312,138.13999938964844,138.22000122070312,18695.0
2026-08-05 10:18:00,PERI,,9.670000076293945,9.670000076293945,9.670000076293945,9.670000076293945,300.0
2026-08-05 10:18:00,PGEN,,7.164999961853027,7.184999942779541,7.159999847412109,7.159999847412109,36382.0
2026-08-05 10:18:00,PGNY,,31.579999923706055,31.579999923706055,31.579999923706055,31.579999923706055,539.0
2026-08-05 10:18:00,PGY,,21.799999237060547,21.850000381469727,21.799999237060547,21.844999313354492,9630.0
2026-08-05 10:18:00,PHAT,,8.625,8.625,8.614999771118164,8.614999771118164,4396.0
2026-08-05 10:18:00,PLAB,,32.34000015258789,32.34000015258789,32.34000015258789,32.34000015258789,645.0
2026-08-05 10:18:00,PLMR,,133.89999389648438,136.17999267578125,133.89999389648438,136.17999267578125,3631.0
2026-08-05 10:18:00,PLUG,,2.131999969482422,2.140000104904175,2.130000114440918,2.134999990463257,32061.0
2026-08-05 10:18:00,PMN,,13.399999618530273,13.399999618530273,13.399999618530273,13.399999618530273,2632.0
2026-08-05 10:18:00,PNBK,,1.125,1.125,1.125,1.125,156.0
2026-08-05 10:18:00,PNFP,,108.16999816894531,108.16999816894531,108.16999816894531,108.16999816894531,666.0
2026-08-05 10:18:00,PNRG,,185.10000610351562,185.10000610351562,185.10000610351562,185.10000610351562,1521.0
2026-08-05 10:18:00,POET,,8.445799827575684,8.445799827575684,8.40999984741211,8.40999984741211,13569.0
2026-08-05 10:18:00,POLA,,1.840000033378601,1.840000033378601,1.840000033378601,1.840000033378601,579.0
2026-08-05 10:18:00,POOL,,203.97999572753906,203.97999572753906,203.97999572753906,203.97999572753906,1236.0
2026-08-05 10:18:00,POWL,,213.38999938964844,213.38999938964844,213.38999938964844,213.38999938964844,655.0
2026-08-05 10:18:00,PPC,,26.770000457763672,26.770000457763672,26.760000228881836,26.760000228881836,1161.0
2026-08-05 10:18:00,PPTA,,22.829999923706055,22.829999923706055,22.790000915527344,22.799999237060547,3571.0
2026-08-05 10:18:00,PRAA,,17.639999389648438,17.639999389648438,17.639999389648438,17.639999389648438,344.0
2026-08-05 10:18:00,PRAX,,319.0,319.0199890136719,319.0,319.0199890136719,628.0
2026-08-05 10:18:00,PRCH,,16.25,16.260000228881836,16.25,16.260000228881836,1644.0
2026-08-05 10:18:00,PRCT,,18.5,18.579999923706055,18.5,18.55500030517578,6857.0
2026-08-05 10:18:00,PRDO,,33.31999969482422,33.34000015258789,33.31999969482422,33.34000015258789,1681.0
2026-08-05 10:18:00,PRGS,,41.79999923706055,41.83000183105469,41.79999923706055,41.79999923706055,1887.0
2026-08-05 10:18:00,PRME,,3.0299999713897705,3.0371999740600586,3.0299999713897705,3.0350000858306885,5233.0
2026-08-05 10:18:00,PRQR,,1.909999966621399,1.909999966621399,1.9049999713897705,1.9049999713897705,11617.0
2026-08-05 10:18:00,PRTA,,8.729999542236328,8.729999542236328,8.729999542236328,8.729999542236328,244.0
2026-08-05 10:18:00,PRTH,,6.695000171661377,6.695000171661377,6.695000171661377,6.695000171661377,576.0
2026-08-05 10:18:00,PSEC,,2.2049999237060547,2.2100000381469727,2.2049999237060547,2.20989990234375,6285.0
2026-08-05 10:18:00,PSNL,,13.680000305175781,13.680000305175781,13.680000305175781,13.680000305175781,1391.0
2026-08-05 10:18:00,PSNY,,14.380000114440918,14.380000114440918,14.380000114440918,14.380000114440918,229.0
2026-08-05 10:18:00,PTC,,142.1649932861328,142.3800048828125,142.1649932861328,142.27999877929688,2259.0
2026-08-05 10:18:00,PTCT,,69.97000122070312,69.97000122070312,69.9000015258789,69.9000015258789,2376.0
2026-08-05 10:18:00,PTEN,,9.9399995803833,9.954999923706055,9.930000305175781,9.949999809265137,12758.0
2026-08-05 10:18:00,PTLO,,4.590000152587891,4.605000019073486,4.585000038146973,4.605000019073486,3224.0
2026-08-05 10:18:00,PTON,,6.505000114440918,6.510000228881836,6.489999771118164,6.510000228881836,59279.0
2026-08-05 10:18:00,PUBM,,13.690899848937988,13.690899848937988,13.690899848937988,13.690899848937988,272.0
2026-08-05 10:18:00,PWP,,17.385000228881836,17.43000030517578,17.385000228881836,17.43000030517578,2944.0
2026-08-05 10:18:00,PYPL,,58.850101470947266,58.90010070800781,58.84000015258789,58.900001525878906,18473.0
2026-08-05 10:18:00,PYXS,,3.2750000953674316,3.2799999713897705,3.2750000953674316,3.2799999713897705,711.0
2026-08-05 10:18:00,PZZA,,30.860000610351562,30.860000610351562,30.84000015258789,30.84000015258789,3090.0
2026-08-05 10:18:00,QCOM,,161.16000366210938,161.16000366210938,160.9980010986328,161.1199951171875,12001.0
2026-08-05 10:18:00,QFIN,,13.390000343322754,13.390000343322754,13.390000343322754,13.390000343322754,949.0
2026-08-05 10:18:00,QQQX,,30.709999084472656,30.709999084472656,30.709999084472656,30.709999084472656,679.0
2026-08-05 10:18:00,QRVO,,95.0199966430664,95.05000305175781,95.0199966430664,95.05000305175781,527.0
2026-08-05 10:18:00,SEED,,0.9700000286102295,0.9700000286102295,0.9399999976158142,0.9599999785423279,5189.0
2026-08-05 10:18:00,STIM,,2.2850000858306885,2.2899999618530273,2.2850000858306885,2.2899999618530273,477.0
2026-08-05 10:19:00,ACDC,,4.275000095367432,4.289999961853027,4.275000095367432,4.289999961853027,2282.0
2026-08-05 10:19:00,BPOP,,177.49000549316406,177.49000549316406,177.47000122070312,177.47000122070312,992.0
2026-08-05 10:19:00,DTIL,,7.59499979019165,7.59499979019165,7.59499979019165,7.59499979019165,1336.0
2026-08-05 10:19:00,EYE,,23.628999710083008,23.700000762939453,23.610000610351562,23.649999618530273,7034.0
2026-08-05 10:19:00,GLUE,,16.280000686645508,16.295000076293945,16.25,16.295000076293945,573.0
2026-08-05 10:19:00,KIDS,,21.579999923706055,21.579999923706055,21.510000228881836,21.530000686645508,2703.0
2026-08-05 10:19:00,MBRX,,0.4002000093460083,0.40700000524520874,0.39660000801086426,0.4000999927520752,34288.0
2026-08-05 10:19:00,MDB,,379.3999938964844,379.8299865722656,378.82000732421875,379.30999755859375,1223.0
2026-08-05 10:19:00,MDLZ,,61.560001373291016,61.560001373291016,61.470001220703125,61.470001220703125,14071.0
2026-08-05 10:19:00,MLTX,,17.889999389648438,17.940000534057617,17.889999389648438,17.940000534057617,1637.0
2026-08-05 10:19:00,MNPR,,116.87000274658203,116.87000274658203,116.87000274658203,116.87000274658203,2274.0
2026-08-05 10:19:00,MNRO,,13.369999885559082,13.40999984741211,13.359999656677246,13.40999984741211,2573.0
2026-08-05 10:19:00,MNST,,95.04000091552734,95.04000091552734,94.94999694824219,94.94999694824219,7085.0
2026-08-05 10:19:00,MNTS,,4.414999961853027,4.419899940490723,4.409999847412109,4.419899940490723,12176.0
2026-08-05 10:19:00,MORN,,201.7550048828125,201.9499969482422,201.6199951171875,201.6199951171875,3318.0
2026-08-05 10:19:00,MPAA,,13.800000190734863,13.800000190734863,13.800000190734863,13.800000190734863,700.0
2026-08-05 10:19:00,MPWR,,1332.324951171875,1334.4000244140625,1331.1500244140625,1332.9150390625,1081.0
2026-08-05 10:19:00,MRNA,,59.0099983215332,59.26499938964844,58.92190170288086,59.255001068115234,8318.0
2026-08-05 10:19:00,MSGM,,4.460000038146973,4.460000038146973,4.449999809265137,4.449999809265137,3491.0
2026-08-05 10:19:00,MYGN,,3.130000114440918,3.130000114440918,3.125,3.125,1897.0
2026-08-05 10:19:00,NAMS,,27.190000534057617,27.200000762939453,27.190000534057617,27.200000762939453,1337.0
2026-08-05 10:19:00,NAUT,,0.9939000010490417,0.9939000010490417,0.9939000010490417,0.9939000010490417,894.0
2026-08-05 10:19:00,NAVI,,9.100000381469727,9.100000381469727,9.100000381469727,9.100000381469727,609.0
2026-08-05 10:19:00,NB,,5.144999980926514,5.144999980926514,5.135000228881836,5.139999866485596,4039.0
2026-08-05 10:19:00,NBIX,,165.43499755859375,165.43499755859375,165.43499755859375,165.43499755859375,411.0
2026-08-05 10:19:00,NCMI,,4.125,4.125,4.125,4.125,400.0
2026-08-05 10:19:00,NCRA,,1.7599999904632568,1.7599999904632568,1.75,1.75,1265.0
2026-08-05 10:19:00,NDAQ,,95.22000122070312,95.36000061035156,95.22000122070312,95.28500366210938,11166.0
2026-08-05 10:19:00,NDSN,,312.1499938964844,312.1499938964844,312.1499938964844,312.1499938964844,126.0
2026-08-05 10:19:00,NECB,,27.280000686645508,27.280000686645508,27.280000686645508,27.280000686645508,407.0
2026-08-05 10:19:00,NEGG,,16.875,16.875,16.875,16.875,394.0
2026-08-05 10:19:00,NEO,,16.18000030517578,16.18000030517578,16.155000686645508,16.15999984741211,5345.0
2026-08-05 10:19:00,NEOV,,2.9100000858306885,2.9100000858306885,2.9100000858306885,2.9100000858306885,1392.0
2026-08-05 10:19:00,NESR,,28.920000076293945,28.979999542236328,28.920000076293945,28.979999542236328,3149.0
2026-08-05 10:19:00,NEWT,,15.300000190734863,15.300000190734863,15.300000190734863,15.300000190734863,201.0
2026-08-05 10:19:00,NEXT,,6.414999961853027,6.420000076293945,6.414999961853027,6.414999961853027,10619.0
2026-08-05 10:19:00,NFE,,0.33309999108314514,0.33309999108314514,0.33309999108314514,0.33309999108314514,258.0
2026-08-05 10:19:00,NFLX,,74.02999877929688,74.03500366210938,73.92009735107422,73.92500305175781,70633.0
2026-08-05 10:19:00,NICE,,96.08999633789062,96.08999633789062,96.08999633789062,96.08999633789062,672.0
2026-08-05 10:19:00,NKSH,,40.654998779296875,40.654998779296875,40.654998779296875,40.654998779296875,408.0
2026-08-05 10:19:00,NKTR,,73.41000366210938,73.45999908447266,73.41000366210938,73.45999908447266,496.0
2026-08-05 10:19:00,NKTX,,2.2049999237060547,2.2049999237060547,2.2049999237060547,2.2049999237060547,226.0
2026-08-05 10:19:00,NMFC,,7.40500020980835,7.40500020980835,7.40500020980835,7.40500020980835,281.0
2026-08-05 10:19:00,NMIH,,44.470001220703125,44.470001220703125,44.40999984741211,44.40999984741211,1173.0
2026-08-05 10:19:00,NMRA,,1.5800000429153442,1.5800000429153442,1.5800000429153442,1.5800000429153442,400.0
2026-08-05 10:19:00,NMRK,,15.6899995803833,15.6899995803833,15.6899995803833,15.6899995803833,1413.0
2026-08-05 10:19:00,NN,,14.3100004196167,14.3100004196167,14.305000305175781,14.305000305175781,1006.0
2026-08-05 10:19:00,NNBR,,3.880000114440918,3.884999990463257,3.880000114440918,3.884999990463257,2663.0
2026-08-05 10:19:00,NNDM,,1.559999942779541,1.565000057220459,1.559999942779541,1.565000057220459,928.0
2026-08-05 10:19:00,NNOX,,1.0299999713897705,1.0299999713897705,1.0299999713897705,1.0299999713897705,158.0
2026-08-05 10:19:00,NOVT,,159.6649932861328,159.6750030517578,159.6300048828125,159.64500427246094,6992.0
2026-08-05 10:19:00,NRDS,,9.15999984741211,9.15999984741211,9.15999984741211,9.15999984741211,516.0
2026-08-05 10:19:00,NRIX,,25.20009994506836,25.270000457763672,25.19499969482422,25.270000457763672,4863.0
2026-08-05 10:19:00,NRSN,,0.5849999785423279,0.5849999785423279,0.5849999785423279,0.5849999785423279,670.0
2026-08-05 10:19:00,NTAP,,190.85499572753906,191.58990478515625,190.66000366210938,191.30999755859375,7947.0
2026-08-05 10:19:00,NTCT,,41.810001373291016,41.810001373291016,41.79999923706055,41.79999923706055,882.0
2026-08-05 10:19:00,NTES,,128.3350067138672,128.3350067138672,128.3350067138672,128.3350067138672,728.0
2026-08-05 10:19:00,NTGR,,24.030000686645508,24.030000686645508,24.030000686645508,24.030000686645508,104.0
2026-08-05 10:19:00,NTNX,,61.165000915527344,61.189998626708984,60.97999954223633,60.97999954223633,16499.0
2026-08-05 10:19:00,NTRA,,278.9549865722656,278.9599914550781,278.9425048828125,278.9599914550781,1697.0
2026-08-05 10:19:00,NTRB,,2.890000104904175,2.890000104904175,2.890000104904175,2.890000104904175,0.0
2026-08-05 10:19:00,NTRS,,185.3249969482422,185.6074981689453,185.3249969482422,185.59500122070312,4013.0
2026-08-05 10:19:00,NUWE,,1.7999999523162842,1.7999999523162842,1.7999999523162842,1.7999999523162842,5684.0
2026-08-05 10:19:00,NVAX,,7.71999979019165,7.739999771118164,7.71999979019165,7.739999771118164,3421.0
2026-08-05 10:19:00,NVCR,,16.0049991607666,16.0049991607666,16.0049991607666,16.0049991607666,434.0
2026-08-05 10:19:00,NVCT,,20.290000915527344,20.290000915527344,20.290000915527344,20.290000915527344,750.0
2026-08-05 10:19:00,NVDA,,221.56170654296875,221.99000549316406,221.5240020751953,221.83999633789062,336125.0
2026-08-05 10:19:00,NVMI,,410.94000244140625,412.3399963378906,410.5799865722656,412.0,3179.0
2026-08-05 10:19:00,NVTS,,12.699999809265137,12.774999618530273,12.699999809265137,12.770000457763672,31818.0
2026-08-05 10:19:00,NWBI,,15.994999885559082,15.994999885559082,15.989999771118164,15.989999771118164,1104.0
2026-08-05 10:19:00,NWL,,6.014999866485596,6.014999866485596,6.014599800109863,6.014999866485596,3171.0
2026-08-05 10:19:00,NWS,,32.470001220703125,32.470001220703125,32.470001220703125,32.470001220703125,547.0
2026-08-05 10:19:00,NWSA,,28.329999923706055,28.329999923706055,28.30500030517578,28.309999465942383,2933.0
2026-08-05 10:19:00,NXPI,,232.41000366210938,233.06500244140625,232.41000366210938,233.06500244140625,5080.0
2026-08-05 10:19:00,NXST,,193.61749267578125,193.61749267578125,193.61749267578125,193.61749267578125,838.0
2026-08-05 10:19:00,NXT,,99.2300033569336,99.68000030517578,99.2300033569336,99.68000030517578,4056.0
2026-08-05 10:19:00,OABI,,2.015000104904175,2.015000104904175,2.015000104904175,2.015000104904175,1163.0
2026-08-05 10:19:00,OCC,,15.8100004196167,15.8100004196167,15.8100004196167,15.8100004196167,1177.0
2026-08-05 10:19:00,OCFC,,19.829999923706055,19.829999923706055,19.829999923706055,19.829999923706055,426.0
2026-08-05 10:19:00,OCGN,,1.3200000524520874,1.3200000524520874,1.309999942779541,1.3200000524520874,2266.0
2026-08-05 10:19:00,OCSL,,12.225000381469727,12.225000381469727,12.225000381469727,12.225000381469727,665.0
2026-08-05 10:19:00,OCUL,,8.694999694824219,8.71500015258789,8.6850004196167,8.71500015258789,3072.0
2026-08-05 10:19:00,ODD,,15.354999542236328,15.380000114440918,15.350000381469727,15.380000114440918,1301.0
2026-08-05 10:19:00,ODFL,,218.4199981689453,218.52499389648438,218.4199981689453,218.52499389648438,1063.0
2026-08-05 10:19:00,OESX,,16.780000686645508,17.239900588989258,16.690000534057617,17.239900588989258,6475.0
2026-08-05 10:19:00,OFIX,,10.800000190734863,10.800000190734863,10.800000190734863,10.800000190734863,1046.0
2026-08-05 10:19:00,OGI,,0.9650999903678894,0.9664999842643738,0.9602000117301941,0.9664999842643738,9585.0
2026-08-05 10:19:00,OKTA,,149.74000549316406,149.97000122070312,149.74000549316406,149.97000122070312,7303.0
2026-08-05 10:19:00,OLLI,,78.66000366210938,78.7699966430664,78.6500015258789,78.7699966430664,2441.0
2026-08-05 10:19:00,OLMA,,11.800000190734863,11.8100004196167,11.789999961853027,11.8100004196167,1635.0
2026-08-05 10:19:00,OMH,,0.11209999769926071,0.11209999769926071,0.1120000034570694,0.1120000034570694,9770.0
2026-08-05 10:19:00,ON,,78.83999633789062,79.2300033569336,78.83999633789062,79.16000366210938,36445.0
2026-08-05 10:19:00,ONB,,27.165000915527344,27.165000915527344,27.165000915527344,27.165000915527344,305.0
2026-08-05 10:19:00,ONCY,,0.792900025844574,0.792900025844574,0.7925999760627747,0.7925999760627747,700.0
2026-08-05 10:19:00,ONDS,,9.028200149536133,9.039999961853027,9.010100364685059,9.03499984741211,92585.0
2026-08-05 10:19:00,ONFO,,0.07370000332593918,0.07479999959468842,0.0729999989271164,0.07370000332593918,160385.0
2026-08-05 10:19:00,ONMD,,0.6899999976158142,0.6899999976158142,0.6899999976158142,0.6899999976158142,110.0
2026-08-05 10:19:00,OPAL,,2.3399999141693115,2.3399999141693115,2.3399999141693115,2.3399999141693115,400.0
2026-08-05 10:19:00,OPCH,,23.489999771118164,23.489999771118164,23.469999313354492,23.489999771118164,1962.0
2026-08-05 10:19:00,OPEN,,3.8101000785827637,3.819999933242798,3.809999942779541,3.8113999366760254,76251.0
2026-08-05 10:19:00,OPK,,1.309999942779541,1.315000057220459,1.309999942779541,1.315000057220459,3724.0
2026-08-05 10:19:00,OPRX,,6.789999961853027,6.789999961853027,6.769999980926514,6.769999980926514,369.0
2026-08-05 10:19:00,OPXS,,11.899999618530273,11.899999618530273,11.899999618530273,11.899999618530273,140.0
2026-08-05 10:19:00,ORGO,,2.384999990463257,2.390000104904175,2.384999990463257,2.390000104904175,718.0
2026-08-05 10:19:00,ORIC,,13.550000190734863,13.609999656677246,13.550000190734863,13.609999656677246,4993.0
2026-08-05 10:19:00,ORLY,,93.92500305175781,94.0,93.91999816894531,93.91999816894531,9321.0
2026-08-05 10:19:00,ORMP,,4.489999771118164,4.5,4.465000152587891,4.472499847412109,26072.0
2026-08-05 10:19:00,OSIS,,234.9600067138672,235.6199951171875,234.63999938964844,235.47999572753906,3681.0
2026-08-05 10:19:00,OSPN,,16.774999618530273,16.774999618530273,16.725000381469727,16.725000381469727,2314.0
2026-08-05 10:19:00,OSS,,13.829999923706055,13.829999923706055,13.8100004196167,13.824999809265137,1870.0
2026-08-05 10:19:00,OSUR,,4.195000171661377,4.195000171661377,4.195000171661377,4.195000171661377,683.0
2026-08-05 10:19:00,OSW,,26.665000915527344,26.665000915527344,26.665000915527344,26.665000915527344,355.0
2026-08-05 10:19:00,OTEX,,26.049999237060547,26.049999237060547,26.024999618530273,26.030000686645508,2627.0
2026-08-05 10:19:00,OTLK,,1.034999966621399,1.0399999618530273,1.0299999713897705,1.034999966621399,51617.0
2026-08-05 10:19:00,OTLY,,14.420000076293945,14.420000076293945,14.40999984741211,14.40999984741211,2132.0
2026-08-05 10:19:00,OTTR,,91.94999694824219,91.94999694824219,91.94999694824219,91.94999694824219,1060.0
2026-08-05 10:19:00,OVID,,2.619999885559082,2.619999885559082,2.619999885559082,2.619999885559082,3548.0
2026-08-05 10:19:00,OXLC,,9.095000267028809,9.095000267028809,9.085000038146973,9.085000038146973,1399.0
2026-08-05 10:19:00,OXSQ,,1.4900000095367432,1.4900000095367432,1.48989999294281,1.4900000095367432,875.0
2026-08-05 10:19:00,PAA,,23.264999389648438,23.270000457763672,23.260000228881836,23.260000228881836,5687.0
2026-08-05 10:19:00,PAAS,,48.279998779296875,48.404998779296875,48.25,48.380001068115234,67998.0
2026-08-05 10:19:00,PACB,,1.4600000381469727,1.4600000381469727,1.4600000381469727,1.4600000381469727,2285.0
2026-08-05 10:19:00,PAGP,,25.209999084472656,25.209999084472656,25.209999084472656,25.209999084472656,500.0
2026-08-05 10:19:00,PALI,,2.1050000190734863,2.109999895095825,2.1050000190734863,2.109999895095825,5520.0
2026-08-05 10:19:00,PANL,,7.320000171661377,7.320000171661377,7.320000171661377,7.320000171661377,438.0
2026-08-05 10:19:00,PANW,,372.2900085449219,372.75,372.010009765625,372.75,17094.0
2026-08-05 10:19:00,PATK,,88.20999908447266,88.22000122070312,88.20999908447266,88.22000122070312,811.0
2026-08-05 10:19:00,PAX,,11.4399995803833,11.4399995803833,11.4399995803833,11.4399995803833,2094.0
2026-08-05 10:19:00,PAYO,,7.130000114440918,7.130000114440918,7.130000114440918,7.130000114440918,859.0
2026-08-05 10:19:00,PAYX,,118.0999984741211,118.0999984741211,118.04000091552734,118.0999984741211,2252.0
2026-08-05 10:19:00,PBYI,,8.015800476074219,8.015800476074219,8.015800476074219,8.015800476074219,627.0
2026-08-05 10:19:00,PCAR,,136.22000122070312,136.25999450683594,136.1999969482422,136.22999572753906,10127.0
2026-08-05 10:19:00,PCRX,,25.43000030517578,25.43000030517578,25.43000030517578,25.43000030517578,1609.0
2026-08-05 10:19:00,PCT,,6.989999771118164,7.0,6.989999771118164,7.0,3041.0
2026-08-05 10:19:00,PCTY,,147.9949951171875,148.2449951171875,147.00010681152344,147.77999877929688,2675.0
2026-08-05 10:19:00,PDD,,91.81999969482422,91.875,91.81999969482422,91.8499984741211,12887.0
2026-08-05 10:19:00,PDEX,,67.5,67.5,67.5,67.5,273.0
2026-08-05 10:19:00,PECO,,41.40999984741211,41.40999984741211,41.40999984741211,41.40999984741211,466.0
2026-08-05 10:19:00,PEGA,,31.739999771118164,31.764999389648438,31.709999084472656,31.760000228881836,33743.0
2026-08-05 10:19:00,PENN,,20.030000686645508,20.030000686645508,19.989999771118164,19.989999771118164,3751.0
2026-08-05 10:19:00,PEP,,138.38499450683594,138.38499450683594,138.1699981689453,138.1699981689453,28463.0
2026-08-05 10:19:00,PFG,,115.55999755859375,115.62999725341797,115.55999755859375,115.62999725341797,1006.0
2026-08-05 10:19:00,PGEN,,7.164999961853027,7.179999828338623,7.139999866485596,7.159999847412109,40561.0
2026-08-05 10:19:00,PGNY,,31.575000762939453,31.584999084472656,31.575000762939453,31.584999084472656,1029.0
2026-08-05 10:19:00,PGY,,21.729999542236328,21.809999465942383,21.729999542236328,21.790000915527344,13862.0
2026-08-05 10:19:00,PHAT,,8.630000114440918,8.640000343322754,8.630000114440918,8.640000343322754,2352.0
2026-08-05 10:19:00,PHVS,,33.57500076293945,33.57500076293945,33.57500076293945,33.57500076293945,589.0
2026-08-05 10:19:00,PLAB,,32.290000915527344,32.34000015258789,32.290000915527344,32.34000015258789,865.0
2026-08-05 10:19:00,PLBY,,1.2300000190734863,1.2300000190734863,1.2300000190734863,1.2300000190734863,1274.0
2026-08-05 10:19:00,PLMR,,133.88999938964844,133.88999938964844,133.88999938964844,133.88999938964844,814.0
2026-08-05 10:19:00,PLRX,,1.0579999685287476,1.0579999685287476,1.0579999685287476,1.0579999685287476,1900.0
2026-08-05 10:19:00,PLTK,,4.005000114440918,4.005000114440918,4.005000114440918,4.005000114440918,600.0
2026-08-05 10:19:00,PLUG,,2.130000114440918,2.1350998878479004,2.130000114440918,2.130000114440918,13624.0
2026-08-05 10:19:00,PMN,,13.390000343322754,13.390000343322754,13.390000343322754,13.390000343322754,149.0
2026-08-05 10:19:00,PNBK,,1.125,1.125,1.125,1.125,301.0
2026-08-05 10:19:00,PNFP,,108.12999725341797,108.12999725341797,108.12999725341797,108.12999725341797,573.0
2026-08-05 10:19:00,PNTG,,38.73500061035156,38.73500061035156,38.73500061035156,38.73500061035156,361.0
2026-08-05 10:19:00,POET,,8.418299674987793,8.454999923706055,8.40999984741211,8.449999809265137,19920.0
2026-08-05 10:19:00,POWL,,211.91000366210938,213.31500244140625,211.90499877929688,213.31500244140625,2992.0
2026-08-05 10:19:00,PPC,,26.774999618530273,26.790000915527344,26.774999618530273,26.780000686645508,796.0
2026-08-05 10:19:00,PPSI,,2.9200000762939453,2.930000066757202,2.9200000762939453,2.930000066757202,325.0
2026-08-05 10:19:00,PPTA,,22.75,22.885000228881836,22.739999771118164,22.850000381469727,42587.0
2026-08-05 10:19:00,PRAX,,318.6300048828125,318.6300048828125,318.6300048828125,318.6300048828125,80.0
2026-08-05 10:19:00,PRCT,,18.895000457763672,18.920000076293945,18.40999984741211,18.489999771118164,86945.0
2026-08-05 10:19:00,PRIM,,89.70999908447266,89.70999908447266,89.19499969482422,89.19499969482422,1419.0
2026-08-05 10:19:00,PRME,,3.0250000953674316,3.0350000858306885,3.0250000953674316,3.0350000858306885,4006.0
2026-08-05 10:19:00,PROF,,8.180800437927246,8.180800437927246,8.180800437927246,8.180800437927246,504.0
2026-08-05 10:19:00,PROK,,1.659999966621399,1.659999966621399,1.659999966621399,1.659999966621399,2591.0
2026-08-05 10:19:00,PRQR,,1.909999966621399,1.9199999570846558,1.9049999713897705,1.9049999713897705,8977.0
2026-08-05 10:19:00,PRTA,,8.699999809265137,8.720000267028809,8.699999809265137,8.720000267028809,1285.0
2026-08-05 10:19:00,PRZO,,0.5526999831199646,0.5526999831199646,0.5526999831199646,0.5526999831199646,1050.0
2026-08-05 10:19:00,PSEC,,2.2100000381469727,2.2100000381469727,2.202500104904175,2.2090001106262207,7485.0
2026-08-05 10:19:00,PSMT,,194.8000030517578,194.8000030517578,194.8000030517578,194.8000030517578,2091.0
2026-08-05 10:19:00,PSNL,,13.649999618530273,13.649999618530273,13.649999618530273,13.649999618530273,1111.0
2026-08-05 10:19:00,PTC,,142.08999633789062,142.27000427246094,142.01499938964844,142.05499267578125,2471.0
2026-08-05 10:19:00,PTCT,,69.84500122070312,69.94000244140625,69.84500122070312,69.94000244140625,1501.0
2026-08-05 10:19:00,PTEN,,9.930000305175781,9.944999694824219,9.925000190734863,9.944999694824219,5577.0
2026-08-05 10:19:00,PTGX,,137.6699981689453,137.6699981689453,137.6699981689453,137.6699981689453,400.0
2026-08-05 10:19:00,PTLO,,4.590000152587891,4.590000152587891,4.590000152587891,4.590000152587891,1218.0
2026-08-05 10:19:00,PTON,,6.489999771118164,6.510000228881836,6.489999771118164,6.505000114440918,15157.0
2026-08-05 10:19:00,PWP,,17.3700008392334,17.399999618530273,17.3700008392334,17.399999618530273,1172.0
2026-08-05 10:19:00,PYPD,,4.485000133514404,4.485000133514404,4.485000133514404,4.485000133514404,300.0
2026-08-05 10:19:00,PYPL,,58.83000183105469,58.875,58.83000183105469,58.845001220703125,7426.0
2026-08-05 10:19:00,QCOM,,160.36000061035156,161.22999572753906,160.36000061035156,161.07000732421875,161810.0
2026-08-05 10:19:00,QCRH,,105.0250015258789,105.0250015258789,105.0250015258789,105.0250015258789,1150.0
2026-08-05 10:19:00,QFIN,,13.399999618530273,13.399999618530273,13.390000343322754,13.390000343322754,1405.0
2026-08-05 10:19:00,QRVO,,95.11000061035156,95.11000061035156,95.0,95.0,2529.0
2026-08-05 10:19:00,SEED,,0.9553999900817871,0.9700000286102295,0.9553999900817871,0.9699000120162964,7501.0
2026-08-05 10:19:00,STIM,,2.2899999618530273,2.299999952316284,2.2850000858306885,2.2899999618530273,6621.0
2026-08-05 10:19:00,TARA,,4.09499979019165,4.09499979019165,4.09499979019165,4.09499979019165,215.0
2026-08-05 10:19:00,WOOF,,2.9700000286102295,2.9749999046325684,2.9700000286102295,2.9709999561309814,2621.0
2026-08-05 10:20:00,ACDC,,4.289999961853027,4.300000190734863,4.275000095367432,4.275000095367432,17067.0
2026-08-05 10:20:00,CASH,,89.75,89.75,89.75,89.75,487.0
2026-08-05 10:20:00,CNXN,,83.43499755859375,83.5199966430664,83.43499755859375,83.5199966430664,804.0
2026-08-05 10:20:00,EYE,,23.68000030517578,23.719999313354492,23.600000381469727,23.6299991607666,3772.0
2026-08-05 10:20:00,FIZZ,,31.739999771118164,31.739999771118164,31.700000762939453,31.719999313354492,1420.0
2026-08-05 10:20:00,GLUE,,16.290000915527344,16.290000915527344,16.25,16.25,454.0
2026-08-05 10:20:00,IPDN,,0.42010000348091125,0.42010000348091125,0.42010000348091125,0.42010000348091125,3463.0
2026-08-05 10:20:00,KIDS,,21.530000686645508,21.530000686645508,21.530000686645508,21.530000686645508,408.0
2026-08-05 10:20:00,KTTA,,0.4884999990463257,0.4884999990463257,0.48429998755455017,0.48429998755455017,20944.0
2026-08-05 10:20:00,LUNG,,1.9049999713897705,1.9049999713897705,1.9049999713897705,1.9049999713897705,346.0
2026-08-05 10:20:00,MBRX,,0.40380001068115234,0.4077000021934509,0.4002000093460083,0.400299996137619,5408.0
2026-08-05 10:20:00,MDB,,380.05999755859375,380.07000732421875,379.1199951171875,379.1199951171875,1489.0
2026-08-05 10:20:00,MDLZ,,61.63999938964844,61.665000915527344,61.59000015258789,61.619998931884766,54061.0
2026-08-05 10:20:00,MLTX,,17.84000015258789,17.875,17.84000015258789,17.875,1344.0
2026-08-05 10:20:00,MNPR,,116.3499984741211,116.3499984741211,116.3499984741211,116.3499984741211,1623.0
2026-08-05 10:20:00,MNRO,,13.359999656677246,13.399999618530273,13.34000015258789,13.399999618530273,2796.0
2026-08-05 10:20:00,MNST,,95.03389739990234,95.12000274658203,95.03389739990234,95.12000274658203,3379.0
2026-08-05 10:20:00,MNTS,,4.400000095367432,4.414999961853027,4.389999866485596,4.414999961853027,4880.0
2026-08-05 10:20:00,MPWR,,1331.6300048828125,1333.4849853515625,1330.0,1333.4849853515625,3732.0
2026-08-05 10:20:00,MRNA,,59.0,59.099998474121094,59.0,59.040000915527344,4779.0
2026-08-05 10:20:00,MSGM,,4.369999885559082,4.369999885559082,4.369999885559082,4.369999885559082,91.0
2026-08-05 10:20:00,MYGN,,3.200000047683716,3.200000047683716,3.130000114440918,3.200000047683716,71583.0
2026-08-05 10:20:00,NAUT,,0.9969000220298767,0.9969000220298767,0.9969000220298767,0.9969000220298767,349.0
2026-08-05 10:20:00,NAVI,,9.100000381469727,9.109999656677246,9.100000381469727,9.100000381469727,1851.0
2026-08-05 10:20:00,NB,,5.135000228881836,5.135000228881836,5.125,5.130000114440918,3185.0
2026-08-05 10:20:00,NBIX,,165.0399932861328,165.5050048828125,164.9600067138672,165.4949951171875,6223.0
2026-08-05 10:20:00,NBN,,134.985107421875,134.985107421875,134.985107421875,134.985107421875,416.0
2026-08-05 10:20:00,NBTB,,53.53499984741211,53.53499984741211,53.53499984741211,53.53499984741211,167.0
2026-08-05 10:20:00,NCMI,,4.130000114440918,4.130000114440918,4.130000114440918,4.130000114440918,397.0
2026-08-05 10:20:00,NDAQ,,95.36000061035156,95.47000122070312,95.32499694824219,95.3499984741211,5638.0
2026-08-05 10:20:00,NDLS,,17.850000381469727,17.850000381469727,17.850000381469727,17.850000381469727,2305.0
2026-08-05 10:20:00,NDSN,,311.7200012207031,312.05999755859375,311.7200012207031,312.05999755859375,206.0
2026-08-05 10:20:00,NEGG,,16.979999542236328,16.979999542236328,16.875,16.875,3776.0
2026-08-05 10:20:00,NEO,,16.18000030517578,16.18000030517578,16.170000076293945,16.18000030517578,1488.0
2026-08-05 10:20:00,NEOG,,11.699999809265137,11.734999656677246,11.699999809265137,11.734999656677246,5967.0
2026-08-05 10:20:00,NEOV,,2.9000000953674316,2.9000000953674316,2.9000000953674316,2.9000000953674316,1206.0
2026-08-05 10:20:00,NESR,,28.924999237060547,28.934999465942383,28.90999984741211,28.90999984741211,543.0
2026-08-05 10:20:00,NEWT,,15.359999656677246,15.359999656677246,15.359999656677246,15.359999656677246,311.0
2026-08-05 10:20:00,NEXT,,6.409999847412109,6.419899940490723,6.409999847412109,6.419899940490723,3191.0
2026-08-05 10:20:00,NFE,,0.33629998564720154,0.33629998564720154,0.33629998564720154,0.33629998564720154,356.0
2026-08-05 10:20:00,NFLX,,74.02999877929688,74.06500244140625,74.00499725341797,74.0250015258789,114966.0
2026-08-05 10:20:00,NGNE,,35.36000061035156,35.36000061035156,35.36000061035156,35.36000061035156,1402.0
2026-08-05 10:20:00,NHTC,,1.7899999618530273,1.7899999618530273,1.7799999713897705,1.7799999713897705,789.0
2026-08-05 10:20:00,NIU,,2.5199999809265137,2.5199999809265137,2.5199999809265137,2.5199999809265137,148.0
2026-08-05 10:20:00,NKTR,,73.41000366210938,73.41000366210938,73.41000366210938,73.41000366210938,779.0
2026-08-05 10:20:00,NKTX,,2.194999933242798,2.200000047683716,2.194999933242798,2.200000047683716,4354.0
2026-08-05 10:20:00,NMFC,,7.400000095367432,7.400000095367432,7.400000095367432,7.400000095367432,367.0
2026-08-05 10:20:00,NMRK,,15.6899995803833,15.699999809265137,15.6899995803833,15.699999809265137,1064.0
2026-08-05 10:20:00,NN,,14.289999961853027,14.289999961853027,14.260000228881836,14.289999961853027,5150.0
2026-08-05 10:20:00,NNBR,,3.869999885559082,3.869999885559082,3.869999885559082,3.869999885559082,900.0
2026-08-05 10:20:00,NNDM,,1.565000057220459,1.565000057220459,1.5600999593734741,1.565000057220459,2836.0
2026-08-05 10:20:00,NNOX,,1.034999966621399,1.0399999618530273,1.034999966621399,1.034999966621399,1146.0
2026-08-05 10:20:00,NRDS,,9.170000076293945,9.170000076293945,9.170000076293945,9.170000076293945,535.0
2026-08-05 10:20:00,NRIM,,27.1200008392334,27.1200008392334,27.1200008392334,27.1200008392334,400.0
2026-08-05 10:20:00,NRIX,,25.170000076293945,25.170000076293945,25.170000076293945,25.170000076293945,946.0
2026-08-05 10:20:00,NRSN,,0.6000000238418579,0.6000000238418579,0.5899999737739563,0.5899999737739563,19495.0
2026-08-05 10:20:00,NTAP,,190.59500122070312,190.6300048828125,190.3000946044922,190.52000427246094,6051.0
2026-08-05 10:20:00,NTES,,128.3249969482422,128.3249969482422,128.3249969482422,128.3249969482422,548.0
2026-08-05 10:20:00,NTGR,,24.030000686645508,24.030000686645508,24.030000686645508,24.030000686645508,1551.0
2026-08-05 10:20:00,NTNX,,61.165000915527344,61.18000030517578,61.157501220703125,61.165000915527344,2036.0
2026-08-05 10:20:00,NTRS,,185.3000030517578,185.3000030517578,185.3000030517578,185.3000030517578,450.0
2026-08-05 10:20:00,NUWE,,1.820099949836731,1.8300000429153442,1.8200000524520874,1.8200000524520874,2446.0
2026-08-05 10:20:00,NVAX,,7.710000038146973,7.715000152587891,7.704999923706055,7.710000038146973,5795.0
2026-08-05 10:20:00,NVCT,,20.290000915527344,20.290000915527344,20.290000915527344,20.290000915527344,0.0
2026-08-05 10:20:00,NVDA,,221.7050018310547,221.7198944091797,221.13999938964844,221.5749969482422,499075.0
2026-08-05 10:20:00,NVMI,,410.489990234375,410.489990234375,408.885009765625,409.864990234375,3805.0
2026-08-05 10:20:00,NVTS,,12.680000305175781,12.710000038146973,12.640000343322754,12.710000038146973,54061.0
2026-08-05 10:20:00,NWBI,,15.994999885559082,16.0,15.994999885559082,16.0,3007.0
2026-08-05 10:20:00,NWL,,6.025000095367432,6.025000095367432,6.014999866485596,6.014999866485596,24681.0
2026-08-05 10:20:00,NWS,,32.4900016784668,32.4900016784668,32.470001220703125,32.470001220703125,1249.0
2026-08-05 10:20:00,NWSA,,28.354999542236328,28.354999542236328,28.334999084472656,28.334999084472656,5014.0
2026-08-05 10:20:00,NXPI,,232.00999450683594,232.00999450683594,232.00999450683594,232.00999450683594,1610.0
2026-08-05 10:20:00,NXT,,99.12000274658203,99.2699966430664,99.08999633789062,99.2699966430664,1175.0
2026-08-05 10:20:00,OABI,,2.015000104904175,2.015000104904175,2.015000104904175,2.015000104904175,372.0
2026-08-05 10:20:00,OCFC,,19.850000381469727,19.854999542236328,19.84000015258789,19.84000015258789,1164.0
2026-08-05 10:20:00,OCG,,1.6749999523162842,1.6749999523162842,1.6749999523162842,1.6749999523162842,222.0
2026-08-05 10:20:00,OCGN,,1.3200000524520874,1.3200000524520874,1.309999942779541,1.315000057220459,3698.0
2026-08-05 10:20:00,OCS,,12.34000015258789,12.34000015258789,12.319999694824219,12.329999923706055,965.0
2026-08-05 10:20:00,OCSL,,12.220000267028809,12.229999542236328,12.220000267028809,12.229999542236328,1247.0
2026-08-05 10:20:00,OCUL,,8.6850004196167,8.6850004196167,8.6850004196167,8.6850004196167,291.0
2026-08-05 10:20:00,ODFL,,218.61000061035156,218.61000061035156,218.60000610351562,218.60000610351562,993.0
2026-08-05 10:20:00,OESX,,17.049999237060547,17.13990020751953,16.814800262451172,16.814800262451172,1886.0
2026-08-05 10:20:00,OFIX,,10.944999694824219,10.944999694824219,10.930000305175781,10.930000305175781,312.0
2026-08-05 10:20:00,OKTA,,150.10000610351562,150.11000061035156,149.89999389648438,149.89999389648438,7883.0
2026-08-05 10:20:00,OLLI,,78.66999816894531,78.7699966430664,78.66999816894531,78.7699966430664,2443.0
2026-08-05 10:20:00,OLMA,,11.779999732971191,11.779999732971191,11.779999732971191,11.779999732971191,1536.0
2026-08-05 10:20:00,OMCL,,36.889801025390625,36.889801025390625,36.889801025390625,36.889801025390625,311.0
2026-08-05 10:20:00,OMER,,13.065400123596191,13.119999885559082,13.065400123596191,13.09000015258789,9704.0
2026-08-05 10:20:00,OMH,,0.11209999769926071,0.11209999769926071,0.11209999769926071,0.11209999769926071,1169.0
2026-08-05 10:20:00,ON,,78.62999725341797,78.83999633789062,78.52999877929688,78.83999633789062,52657.0
2026-08-05 10:20:00,ONB,,27.170000076293945,27.174999237060547,27.170000076293945,27.170000076293945,2577.0
2026-08-05 10:20:00,ONCY,,0.792900025844574,0.792900025844574,0.7926999926567078,0.7926999926567078,712.0
2026-08-05 10:20:00,ONDS,,9.020000457763672,9.024999618530273,8.979999542236328,9.024999618530273,267707.0
2026-08-05 10:20:00,ONEW,,12.800000190734863,12.800000190734863,12.800000190734863,12.800000190734863,585.0
2026-08-05 10:20:00,ONFO,,0.0738999992609024,0.07460000365972519,0.07320000231266022,0.0738999992609024,141149.0
2026-08-05 10:20:00,ONMD,,0.6887999773025513,0.6887999773025513,0.6887999773025513,0.6887999773025513,224.0
2026-08-05 10:20:00,OPCH,,23.520000457763672,23.520000457763672,23.479999542236328,23.489999771118164,3266.0
2026-08-05 10:20:00,OPEN,,3.815000057220459,3.819999933242798,3.809999942779541,3.809999942779541,35700.0
2026-08-05 10:20:00,OPRA,,20.235000610351562,20.235000610351562,20.235000610351562,20.235000610351562,124.0
2026-08-05 10:20:00,ORGO,,2.384999990463257,2.384999990463257,2.384999990463257,2.384999990463257,558.0
2026-08-05 10:20:00,ORIC,,13.550000190734863,13.569999694824219,13.550000190734863,13.550000190734863,2338.0
2026-08-05 10:20:00,ORLY,,94.08999633789062,94.09989929199219,93.95999908447266,93.97000122070312,16157.0
2026-08-05 10:20:00,ORRF,,43.439998626708984,43.439998626708984,43.3849983215332,43.3849983215332,1153.0
2026-08-05 10:20:00,OSIS,,235.68499755859375,235.68499755859375,235.0500030517578,235.0500030517578,942.0
2026-08-05 10:20:00,OSS,,13.920599937438965,13.949999809265137,13.879899978637695,13.879899978637695,15700.0
2026-08-05 10:20:00,OSUR,,4.199999809265137,4.199999809265137,4.199999809265137,4.199999809265137,193.0
2026-08-05 10:20:00,OTEX,,26.09000015258789,26.100000381469727,26.045000076293945,26.045000076293945,4594.0
2026-08-05 10:20:00,OTLK,,1.0307999849319458,1.0399999618530273,1.0299999713897705,1.0299999713897705,25672.0
2026-08-05 10:20:00,OVID,,2.615000009536743,2.625,2.615000009536743,2.619999885559082,3631.0
2026-08-05 10:20:00,OXSQ,,1.4850000143051147,1.4850000143051147,1.4850000143051147,1.4850000143051147,235.0
2026-08-05 10:20:00,PAA,,23.264999389648438,23.280000686645508,23.2549991607666,23.270000457763672,12428.0
2026-08-05 10:20:00,PAAS,,48.165000915527344,48.26499938964844,48.09000015258789,48.2599983215332,42748.0
2026-08-05 10:20:00,PACB,,1.4500000476837158,1.4550000429153442,1.4500000476837158,1.4500000476837158,11714.0
2026-08-05 10:20:00,PAGP,,25.21500015258789,25.225000381469727,25.21500015258789,25.219999313354492,5860.0
2026-08-05 10:20:00,PANL,,7.329999923706055,7.329999923706055,7.329999923706055,7.329999923706055,119.0
2026-08-05 10:20:00,PANW,,372.3900146484375,372.6000061035156,372.01080322265625,372.5199890136719,11730.0
2026-08-05 10:20:00,PATK,,88.41000366210938,88.41000366210938,88.23999786376953,88.25,2923.0
2026-08-05 10:20:00,PAYO,,7.130000114440918,7.130000114440918,7.130000114440918,7.130000114440918,619.0
2026-08-05 10:20:00,PAYX,,118.1500015258789,118.15499877929688,118.12999725341797,118.12999725341797,4535.0
2026-08-05 10:20:00,PCAR,,136.12989807128906,136.25999450683594,136.08999633789062,136.15499877929688,6940.0
2026-08-05 10:20:00,PCT,,6.9710001945495605,6.994999885559082,6.9710001945495605,6.980000019073486,7638.0
2026-08-05 10:20:00,PCTY,,148.1199951171875,148.1199951171875,147.35000610351562,147.9949951171875,3973.0
2026-08-05 10:20:00,PDD,,91.88999938964844,91.9000015258789,91.81999969482422,91.81999969482422,13856.0
2026-08-05 10:20:00,PDEX,,67.5,67.66000366210938,67.5,67.5,1041.0
2026-08-05 10:20:00,PDFS,,50.65999984741211,50.904998779296875,50.619998931884766,50.71500015258789,6051.0
2026-08-05 10:20:00,PEBO,,41.779998779296875,41.779998779296875,41.779998779296875,41.779998779296875,384.0
2026-08-05 10:20:00,PECO,,41.404998779296875,41.43000030517578,41.404998779296875,41.43000030517578,1480.0
2026-08-05 10:20:00,PEGA,,31.780000686645508,31.799999237060547,31.739999771118164,31.739999771118164,3615.0
2026-08-05 10:20:00,PENN,,20.040000915527344,20.040000915527344,20.030000686645508,20.030000686645508,3026.0
2026-08-05 10:20:00,PEP,,138.5399932861328,138.60000610351562,138.41000366210938,138.41000366210938,22185.0
2026-08-05 10:20:00,PEPG,,1.9149999618530273,1.9149999618530273,1.9149999618530273,1.9149999618530273,622.0
2026-08-05 10:20:00,PERI,,9.673999786376953,9.675000190734863,9.670000076293945,9.670000076293945,2164.0
2026-08-05 10:20:00,PESI,,17.77989959716797,17.780000686645508,17.770000457763672,17.770000457763672,3459.0
2026-08-05 10:20:00,PFG,,115.58000183105469,115.6449966430664,115.56999969482422,115.6449966430664,883.0
2026-08-05 10:20:00,PGEN,,7.105000019073486,7.199999809265137,7.079999923706055,7.164999961853027,84199.0
2026-08-05 10:20:00,PGY,,21.774999618530273,21.780000686645508,21.719999313354492,21.739999771118164,4344.0
2026-08-05 10:20:00,PHAT,,8.625,8.625,8.625,8.625,1246.0
2026-08-05 10:20:00,PLAB,,32.28850173950195,32.290000915527344,32.25,32.25,1279.0
2026-08-05 10:20:00,PLMR,,135.07000732421875,135.07000732421875,134.46249389648438,134.7100067138672,1088.0
2026-08-05 10:20:00,PLPC,,457.8999938964844,457.8999938964844,457.8999938964844,457.8999938964844,1044.0
2026-08-05 10:20:00,PLTK,,4.0,4.0,4.0,4.0,2344.0
2026-08-05 10:20:00,PLUG,,2.130000114440918,2.134999990463257,2.119999885559082,2.134999990463257,102381.0
2026-08-05 10:20:00,PNBK,,1.125,1.125,1.125,1.125,14.0
2026-08-05 10:20:00,PNFP,,108.12999725341797,108.12999725341797,108.12999725341797,108.12999725341797,811.0
2026-08-05 10:20:00,POET,,8.399999618530273,8.420000076293945,8.39009952545166,8.404999732971191,13608.0
2026-08-05 10:20:00,POLA,,1.8350000381469727,1.8350000381469727,1.8350000381469727,1.8350000381469727,1810.0
2026-08-05 10:20:00,POOL,,204.13499450683594,204.13499450683594,204.12249755859375,204.12249755859375,511.0
2026-08-05 10:20:00,POWI,,62.57699966430664,62.709999084472656,62.54999923706055,62.709999084472656,1273.0
2026-08-05 10:20:00,POWL,,211.56500244140625,211.7100067138672,211.42999267578125,211.7100067138672,1739.0
2026-08-05 10:20:00,PPC,,26.790000915527344,26.799999237060547,26.790000915527344,26.799999237060547,1768.0
2026-08-05 10:20:00,PPTA,,22.766199111938477,22.80389976501465,22.689800262451172,22.739999771118164,13226.0
2026-08-05 10:20:00,PRAX,,319.4100036621094,319.4100036621094,317.760009765625,318.0400085449219,1704.0
2026-08-05 10:20:00,PRCH,,16.235000610351562,16.235000610351562,16.234699249267578,16.234699249267578,1689.0
2026-08-05 10:20:00,PRCT,,18.959999084472656,19.03499984741211,18.940000534057617,18.950000762939453,9369.0
2026-08-05 10:20:00,PRIM,,90.0,90.0,89.70999908447266,89.7300033569336,1912.0
2026-08-05 10:20:00,PRME,,3.0199999809265137,3.0199999809265137,3.015000104904175,3.0199999809265137,8864.0
2026-08-05 10:20:00,PRQR,,1.9149999618530273,1.9179999828338623,1.9149999618530273,1.9149999618530273,1124.0
2026-08-05 10:20:00,PRSO,,0.7059999704360962,0.7059999704360962,0.7059999704360962,0.7059999704360962,1019.0
2026-08-05 10:20:00,PRTA,,8.6899995803833,8.692000389099121,8.6899995803833,8.692000389099121,899.0
2026-08-05 10:20:00,PRVA,,24.0,24.0,23.93000030517578,23.950000762939453,4969.0
2026-08-05 10:20:00,PRZO,,0.5496000051498413,0.5504999756813049,0.5496000051498413,0.5504999756813049,0.0
2026-08-05 10:20:00,PSEC,,2.2049999237060547,2.2100000381469727,2.200000047683716,2.2100000381469727,8463.0
2026-08-05 10:20:00,PSNL,,13.670000076293945,13.680000305175781,13.65999984741211,13.65999984741211,1854.0
2026-08-05 10:20:00,PSNY,,14.520000457763672,14.520000457763672,14.520000457763672,14.520000457763672,462.0
2026-08-05 10:20:00,PTC,,142.0749969482422,142.08250427246094,142.0749969482422,142.08250427246094,414.0
2026-08-05 10:20:00,PTCT,,69.81999969482422,69.81999969482422,69.81999969482422,69.81999969482422,1183.0
2026-08-05 10:20:00,PTEN,,9.920000076293945,9.928999900817871,9.90999984741211,9.920000076293945,6973.0
2026-08-05 10:20:00,PTLO,,4.599999904632568,4.599999904632568,4.599999904632568,4.599999904632568,3940.0
2026-08-05 10:20:00,PTON,,6.489999771118164,6.494999885559082,6.489999771118164,6.489999771118164,8277.0
2026-08-05 10:20:00,PUBM,,13.720000267028809,13.720000267028809,13.699999809265137,13.699999809265137,3416.0
2026-08-05 10:20:00,PWP,,17.3799991607666,17.389999389648438,17.360000610351562,17.389999389648438,2839.0
2026-08-05 10:20:00,PYPD,,4.480000019073486,4.485000133514404,4.480000019073486,4.485000133514404,200.0
2026-08-05 10:20:00,PYPL,,58.810001373291016,58.84989929199219,58.810001373291016,58.814998626708984,8098.0
2026-08-05 10:20:00,PYXS,,3.259999990463257,3.259999990463257,3.259999990463257,3.259999990463257,844.0
2026-08-05 10:20:00,QCOM,,159.82000732421875,160.19000244140625,159.7899932861328,160.1405029296875,37861.0
2026-08-05 10:20:00,QFIN,,13.420000076293945,13.420000076293945,13.395000457763672,13.395000457763672,2737.0
2026-08-05 10:20:00,QQQX,,30.65999984741211,30.65999984741211,30.65999984741211,30.65999984741211,735.0
2026-08-05 10:20:00,QRVO,,94.80000305175781,94.80000305175781,94.69999694824219,94.78500366210938,1529.0
2026-08-05 10:20:00,SEED,,0.9700000286102295,0.9700000286102295,0.9700000286102295,0.9700000286102295,400.0
2026-08-05 10:20:00,STIM,,2.299999952316284,2.309999942779541,2.2899999618530273,2.2899999618530273,30055.0
2026-08-05 10:20:00,WOOF,,2.9600000381469727,2.9749999046325684,2.9600000381469727,2.9749999046325684,32046.0
2026-08-05 10:21:00,ACDC,,4.28000020980835,4.284999847412109,4.28000020980835,4.284999847412109,1683.0
2026-08-05 10:21:00,CNXN,,83.7699966430664,83.7699966430664,83.7699966430664,83.7699966430664,331.0
2026-08-05 10:21:00,EYE,,23.625,23.68000030517578,23.6200008392334,23.68000030517578,3558.0
2026-08-05 10:21:00,FIZZ,,31.864999771118164,31.864999771118164,31.864999771118164,31.864999771118164,497.0
2026-08-05 10:21:00,GLUE,,16.239999771118164,16.280000686645508,16.239999771118164,16.280000686645508,1888.0
2026-08-05 10:21:00,LUNG,,1.9049999713897705,1.9049999713897705,1.9049999713897705,1.9049999713897705,329.0
2026-08-05 10:21:00,MBRX,,0.4000999927520752,0.40049999952316284,0.4000999927520752,0.40049999952316284,1543.0
2026-08-05 10:21:00,MDB,,380.17999267578125,380.6499938964844,380.17999267578125,380.2049865722656,759.0
2026-08-05 10:21:00,MDLZ,,61.86000061035156,61.86000061035156,61.66999816894531,61.66999816894531,97666.0
2026-08-05 10:21:00,MLTX,,17.81999969482422,17.834999084472656,17.81999969482422,17.834999084472656,627.0
2026-08-05 10:21:00,MNRO,,13.329999923706055,13.369999885559082,13.329999923706055,13.350000381469727,4311.0
2026-08-05 10:21:00,MNST,,95.05999755859375,95.05999755859375,95.0199966430664,95.04499816894531,4931.0
2026-08-05 10:21:00,MNTS,,4.389999866485596,4.389999866485596,4.389999866485596,4.389999866485596,4547.0
2026-08-05 10:21:00,MOVE,,11.907500267028809,11.907500267028809,11.907500267028809,11.907500267028809,1904.0
2026-08-05 10:21:00,MPAA,,13.800000190734863,13.800000190734863,13.800000190734863,13.800000190734863,407.0
2026-08-05 10:21:00,MPWR,,1331.0400390625,1333.93994140625,1330.0,1330.2701416015625,4172.0
2026-08-05 10:21:00,MRNA,,58.880001068115234,59.060001373291016,58.880001068115234,58.9900016784668,7179.0
2026-08-05 10:21:00,MSGM,,4.449999809265137,4.449999809265137,4.449999809265137,4.449999809265137,638.0
2026-08-05 10:21:00,MYGN,,3.2100000381469727,3.2149999141693115,3.190000057220459,3.200000047683716,4293.0
2026-08-05 10:21:00,MYRG,,345.46759033203125,345.46759033203125,344.25,344.25,224.0
2026-08-05 10:21:00,NAMS,,27.165000915527344,27.325000762939453,27.165000915527344,27.18000030517578,2057.0
2026-08-05 10:21:00,NAUT,,0.9998999834060669,0.9998999834060669,0.9998999834060669,0.9998999834060669,318.0
2026-08-05 10:21:00,NAVI,,9.095000267028809,9.095000267028809,9.095000267028809,9.095000267028809,425.0
2026-08-05 10:21:00,NB,,5.130000114440918,5.150000095367432,5.130000114440918,5.139999866485596,5907.0
2026-08-05 10:21:00,NBIX,,164.89999389648438,165.17999267578125,164.89999389648438,165.17999267578125,1475.0
2026-08-05 10:21:00,NDAQ,,95.43499755859375,95.44999694824219,95.30000305175781,95.37999725341797,6657.0
2026-08-05 10:21:00,NDSN,,311.6549987792969,311.6549987792969,311.6499938964844,311.6499938964844,655.0
2026-08-05 10:21:00,NEGG,,16.875,16.875,16.875,16.875,1382.0
2026-08-05 10:21:00,NEO,,16.161399841308594,16.204999923706055,16.160400390625,16.190000534057617,20602.0
2026-08-05 10:21:00,NEOG,,11.710000038146973,11.71500015258789,11.704999923706055,11.704999923706055,6340.0
2026-08-05 10:21:00,NEOV,,2.9100000858306885,2.9100000858306885,2.9100000858306885,2.9100000858306885,1273.0
2026-08-05 10:21:00,NESR,,28.915000915527344,28.915000915527344,28.912500381469727,28.915000915527344,695.0
2026-08-05 10:21:00,NEXT,,6.394999980926514,6.394999980926514,6.394999980926514,6.394999980926514,1279.0
2026-08-05 10:21:00,NFE,,0.3391000032424927,0.3391000032424927,0.33869999647140503,0.33869999647140503,544.0
2026-08-05 10:21:00,NFLX,,74.04499816894531,74.05500030517578,73.99500274658203,74.03500366210938,60197.0
2026-08-05 10:21:00,NICE,,96.03500366210938,96.03500366210938,95.76000213623047,95.9800033569336,2663.0
2026-08-05 10:21:00,NKTX,,2.194999933242798,2.194999933242798,2.194999933242798,2.194999933242798,334.0
2026-08-05 10:21:00,NMFC,,7.394999980926514,7.394999980926514,7.394999980926514,7.394999980926514,147.0
2026-08-05 10:21:00,NMRA,,1.5750000476837158,1.5750000476837158,1.5750000476837158,1.5750000476837158,1900.0
2026-08-05 10:21:00,NMRK,,15.680000305175781,15.680000305175781,15.680000305175781,15.680000305175781,1129.0
2026-08-05 10:21:00,NN,,14.28030014038086,14.319999694824219,14.279999732971191,14.300000190734863,7480.0
2026-08-05 10:21:00,NNBR,,3.865000009536743,3.880000114440918,3.859999895095825,3.869999885559082,6607.0
2026-08-05 10:21:00,NNDM,,1.559999942779541,1.565000057220459,1.559999942779541,1.565000057220459,1191.0
2026-08-05 10:21:00,NRIM,,27.1299991607666,27.190000534057617,27.1299991607666,27.190000534057617,230.0
2026-08-05 10:21:00,NRIX,,25.149999618530273,25.18000030517578,25.149999618530273,25.18000030517578,1334.0
2026-08-05 10:21:00,NRSN,,0.6000000238418579,0.6000000238418579,0.5985999703407288,0.5999000072479248,0.0
2026-08-05 10:21:00,NRXP,,3.0799999237060547,3.0799999237060547,3.0799999237060547,3.0799999237060547,227.0
2026-08-05 10:21:00,NTAP,,190.86000061035156,190.86000061035156,190.8300018310547,190.8300018310547,3112.0
2026-08-05 10:21:00,NTCT,,41.744998931884766,41.744998931884766,41.744998931884766,41.744998931884766,234.0
2026-08-05 10:21:00,NTES,,128.33999633789062,128.3699951171875,128.30999755859375,128.3699951171875,692.0
2026-08-05 10:21:00,NTNX,,61.150001525878906,61.165000915527344,61.150001525878906,61.165000915527344,1856.0
2026-08-05 10:21:00,NTRA,,278.57000732421875,278.7349853515625,278.57000732421875,278.7349853515625,502.0
2026-08-05 10:21:00,NTRS,,185.26010131835938,185.26010131835938,185.26010131835938,185.26010131835938,803.0
2026-08-05 10:21:00,NUTX,,157.49000549316406,157.49000549316406,157.49000549316406,157.49000549316406,4632.0
2026-08-05 10:21:00,NUWE,,1.8350000381469727,1.850000023841858,1.8350000381469727,1.8391000032424927,5086.0
2026-08-05 10:21:00,NVAX,,7.710000038146973,7.720099925994873,7.710000038146973,7.71999979019165,5545.0
2026-08-05 10:21:00,NVCR,,16.0049991607666,16.0049991607666,16.0049991607666,16.0049991607666,262.0
2026-08-05 10:21:00,NVCT,,20.209999084472656,20.209999084472656,20.209999084472656,20.209999084472656,1825.0
2026-08-05 10:21:00,NVDA,,221.07000732421875,221.72000122070312,220.8603973388672,221.7198944091797,574102.0
2026-08-05 10:21:00,NVEC,,127.51000213623047,128.06500244140625,127.51000213623047,128.06500244140625,503.0
2026-08-05 10:21:00,NVMI,,410.6050109863281,412.25,410.6050109863281,410.70001220703125,6665.0
2026-08-05 10:21:00,NVTS,,12.639900207519531,12.729999542236328,12.635000228881836,12.680000305175781,30721.0
2026-08-05 10:21:00,NWBI,,15.994999885559082,15.994999885559082,15.994999885559082,15.994999885559082,427.0
2026-08-05 10:21:00,NWGL,,0.2800999879837036,0.2800999879837036,0.2800999879837036,0.2800999879837036,2222.0
2026-08-05 10:21:00,NWL,,6.014999866485596,6.039999961853027,6.010000228881836,6.03000020980835,48991.0
2026-08-05 10:21:00,NWS,,32.52000045776367,32.52000045776367,32.5099983215332,32.5099983215332,1076.0
2026-08-05 10:21:00,NWSA,,28.385000228881836,28.385000228881836,28.360000610351562,28.360000610351562,4476.0
2026-08-05 10:21:00,NXPI,,231.42999267578125,232.0800018310547,231.2899932861328,231.72000122070312,8274.0
2026-08-05 10:21:00,NXST,,193.61000061035156,193.7100067138672,193.61000061035156,193.7100067138672,549.0
2026-08-05 10:21:00,NXT,,99.04000091552734,99.25,99.01000213623047,99.25,9376.0
2026-08-05 10:21:00,OCGN,,1.315000057220459,1.315000057220459,1.315000057220459,1.315000057220459,3424.0
2026-08-05 10:21:00,OCS,,12.414999961853027,12.414999961853027,12.414999961853027,12.414999961853027,800.0
2026-08-05 10:21:00,OCUL,,8.699999809265137,8.704999923706055,8.6899995803833,8.6899995803833,4264.0
2026-08-05 10:21:00,ODFL,,218.5500030517578,218.86500549316406,218.5500030517578,218.77000427246094,2086.0
2026-08-05 10:21:00,OESX,,17.229999542236328,17.229999542236328,16.817100524902344,17.14240074157715,7598.0
2026-08-05 10:21:00,OGI,,0.9699000120162964,0.9699000120162964,0.9699000120162964,0.9699000120162964,229.0
2026-08-05 10:21:00,OKTA,,150.10000610351562,150.10000610351562,150.08999633789062,150.08999633789062,1276.0
2026-08-05 10:21:00,OLLI,,78.54000091552734,78.58999633789062,78.45099639892578,78.58999633789062,4563.0
2026-08-05 10:21:00,OLMA,,11.770000457763672,11.770000457763672,11.770000457763672,11.770000457763672,1636.0
2026-08-05 10:21:00,OMCL,,36.86000061035156,36.88999938964844,36.845001220703125,36.845001220703125,524.0
2026-08-05 10:21:00,OMER,,13.085000038146973,13.100000381469727,13.085000038146973,13.100000381469727,1760.0
2026-08-05 10:21:00,OMEX,,0.7444000244140625,0.7444000244140625,0.7444000244140625,0.7444000244140625,294.0
2026-08-05 10:21:00,OMH,,0.11190000176429749,0.11190000176429749,0.11190000176429749,0.11190000176429749,17187.0
2026-08-05 10:21:00,ON,,78.33000183105469,78.73999786376953,78.31939697265625,78.6500015258789,43216.0
2026-08-05 10:21:00,ONB,,27.135000228881836,27.15999984741211,27.135000228881836,27.15999984741211,8769.0
2026-08-05 10:21:00,ONBPO,,24.780000686645508,24.780000686645508,24.780000686645508,24.780000686645508,1400.0
2026-08-05 10:21:00,ONCY,,0.792900025844574,0.792900025844574,0.7928000092506409,0.7928000092506409,730.0
2026-08-05 10:21:00,ONDS,,9.0,9.0600004196167,8.984999656677246,9.024999618530273,424486.0
2026-08-05 10:21:00,ONFO,,0.07419999688863754,0.07460000365972519,0.07370000332593918,0.07419999688863754,90446.0
2026-08-05 10:21:00,OPCH,,23.5,23.5,23.5,23.5,525.0
2026-08-05 10:21:00,OPEN,,3.8101000785827637,3.819999933242798,3.805000066757202,3.815000057220459,118607.0
2026-08-05 10:21:00,OPK,,1.309999942779541,1.309999942779541,1.309999942779541,1.309999942779541,8798.0
2026-08-05 10:21:00,OPRT,,6.210000038146973,6.210000038146973,6.210000038146973,6.210000038146973,265.0
2026-08-05 10:21:00,OPRX,,6.78000020980835,6.78000020980835,6.78000020980835,6.78000020980835,162.0
2026-08-05 10:21:00,ORGO,,2.384999990463257,2.384999990463257,2.384999990463257,2.384999990463257,1439.0
2026-08-05 10:21:00,ORIC,,13.520000457763672,13.539999961853027,13.520000457763672,13.539999961853027,3785.0
2026-08-05 10:21:00,ORLY,,94.06500244140625,94.12000274658203,94.06500244140625,94.09989929199219,6444.0
2026-08-05 10:21:00,ORMP,,4.489999771118164,4.5,4.489999771118164,4.5,1055.0
2026-08-05 10:21:00,OSS,,13.954999923706055,14.0,13.954999923706055,13.979999542236328,3089.0
2026-08-05 10:21:00,OSUR,,4.204999923706055,4.204999923706055,4.204999923706055,4.204999923706055,600.0
2026-08-05 10:21:00,OSW,,26.670000076293945,26.670000076293945,26.670000076293945,26.670000076293945,985.0
2026-08-05 10:21:00,OTEX,,26.065000534057617,26.079999923706055,26.045000076293945,26.075000762939453,5495.0
2026-08-05 10:21:00,OTLK,,1.034999966621399,1.0399999618530273,1.0299999713897705,1.0399999618530273,15641.0
2026-08-05 10:21:00,OVID,,2.625,2.625,2.615000009536743,2.615000009536743,1516.0
2026-08-05 10:21:00,OXLC,,9.085000038146973,9.085000038146973,9.085000038146973,9.085000038146973,671.0
2026-08-05 10:21:00,OXSQ,,1.4867000579833984,1.4900000095367432,1.4867000579833984,1.4900000095367432,453.0
2026-08-05 10:21:00,PAA,,23.270000457763672,23.280000686645508,23.2549991607666,23.260000228881836,8562.0
2026-08-05 10:21:00,PAAS,,48.005001068115234,48.18000030517578,48.0,48.15999984741211,24462.0
2026-08-05 10:21:00,PACB,,1.4550000429153442,1.4600000381469727,1.4550000429153442,1.4600000381469727,4248.0
2026-08-05 10:21:00,PAGP,,25.209999084472656,25.209999084472656,25.209999084472656,25.209999084472656,2296.0
2026-08-05 10:21:00,PAHC,,37.08000183105469,37.13999938964844,37.08000183105469,37.13999938964844,2418.0
2026-08-05 10:21:00,PALI,,2.0999999046325684,2.0999999046325684,2.0999999046325684,2.0999999046325684,108.0
2026-08-05 10:21:00,PANL,,7.329999923706055,7.329999923706055,7.329999923706055,7.329999923706055,283.0
2026-08-05 10:21:00,PANW,,372.3999938964844,372.9700012207031,372.1099853515625,372.2052917480469,14381.0
2026-08-05 10:21:00,PAX,,11.4350004196167,11.4350004196167,11.4350004196167,11.4350004196167,475.0
2026-08-05 10:21:00,PAYO,,7.130000114440918,7.130000114440918,7.119999885559082,7.119999885559082,635.0
2026-08-05 10:21:00,PAYX,,118.27999877929688,118.27999877929688,118.12000274658203,118.16500091552734,3463.0
2026-08-05 10:21:00,PCAR,,136.17999267578125,136.17999267578125,136.1199951171875,136.14999389648438,3952.0
2026-08-05 10:21:00,PCRX,,25.424999237060547,25.424999237060547,25.424999237060547,25.424999237060547,271.0
2026-08-05 10:21:00,PCT,,6.949999809265137,6.985000133514404,6.949999809265137,6.980000019073486,9149.0
2026-08-05 10:21:00,PCTY,,148.10000610351562,148.27499389648438,148.10000610351562,148.10000610351562,1974.0
2026-08-05 10:21:00,PDD,,91.81500244140625,91.88999938964844,91.80999755859375,91.87999725341797,18686.0
2026-08-05 10:21:00,PDEX,,67.5,67.5,67.5,67.5,300.0
2026-08-05 10:21:00,PDFS,,50.869998931884766,50.88999938964844,50.65999984741211,50.65999984741211,1247.0
2026-08-05 10:21:00,PEBK,,43.349998474121094,43.36000061035156,43.349998474121094,43.36000061035156,207.0
2026-08-05 10:21:00,PEGA,,31.78499984741211,31.78499984741211,31.78499984741211,31.78499984741211,375.0
2026-08-05 10:21:00,PENN,,20.030000686645508,20.030000686645508,20.030000686645508,20.030000686645508,201.0
2026-08-05 10:21:00,PEP,,138.6699981689453,138.6699981689453,138.5399932861328,138.5500030517578,7219.0
2026-08-05 10:21:00,PERI,,9.664999961853027,9.670000076293945,9.664999961853027,9.670000076293945,848.0
2026-08-05 10:21:00,PFG,,115.68000030517578,115.68000030517578,115.5999984741211,115.5999984741211,1014.0
2026-08-05 10:21:00,PGEN,,7.108500003814697,7.144999980926514,7.099999904632568,7.105000019073486,41001.0
2026-08-05 10:21:00,PGNY,,31.594999313354492,31.594999313354492,31.594999313354492,31.594999313354492,2722.0
2026-08-05 10:21:00,PGY,,21.729999542236328,21.780000686645508,21.719999313354492,21.780000686645508,3313.0
2026-08-05 10:21:00,PHAT,,8.640000343322754,8.640000343322754,8.630000114440918,8.630000114440918,2144.0
2026-08-05 10:21:00,PHUN,,2.1700000762939453,2.1700000762939453,2.1700000762939453,2.1700000762939453,322.0
2026-08-05 10:21:00,PLAB,,32.220001220703125,32.220001220703125,32.220001220703125,32.220001220703125,781.0
2026-08-05 10:21:00,PLPC,,461.20001220703125,461.2099914550781,456.7300109863281,456.7300109863281,1454.0
2026-08-05 10:21:00,PLRX,,1.051900029182434,1.051900029182434,1.051900029182434,1.051900029182434,1010.0
2026-08-05 10:21:00,PLUG,,2.134999990463257,2.140000104904175,2.1215999126434326,2.125,123950.0
2026-08-05 10:21:00,PLUR,,1.8307000398635864,1.840000033378601,1.8307000398635864,1.840000033378601,6227.0
2026-08-05 10:21:00,PLXS,,274.125,274.125,274.1199951171875,274.1199951171875,379.0
2026-08-05 10:21:00,PNBK,,1.125,1.125,1.125,1.125,200.0
2026-08-05 10:21:00,PNFP,,108.05999755859375,108.10800170898438,108.0,108.0,1517.0
2026-08-05 10:21:00,PNTG,,38.76499938964844,38.76499938964844,38.76499938964844,38.76499938964844,1173.0
2026-08-05 10:21:00,POET,,8.372599601745605,8.40999984741211,8.359999656677246,8.399999618530273,27823.0
2026-08-05 10:21:00,POOL,,203.99000549316406,203.99000549316406,203.99000549316406,203.99000549316406,190.0
2026-08-05 10:21:00,POWI,,62.4900016784668,62.4900016784668,62.4900016784668,62.4900016784668,338.0
2026-08-05 10:21:00,POWL,,211.69740295410156,211.69740295410156,211.47000122070312,211.47000122070312,814.0
2026-08-05 10:21:00,PPC,,26.825000762939453,26.825000762939453,26.825000762939453,26.825000762939453,127.0
2026-08-05 10:21:00,PPSI,,2.950000047683716,2.950000047683716,2.950000047683716,2.950000047683716,4924.0
2026-08-05 10:21:00,PPTA,,22.760000228881836,22.850000381469727,22.735000610351562,22.799999237060547,29936.0
2026-08-05 10:21:00,PRAX,,318.1499938964844,318.1499938964844,318.1499938964844,318.1499938964844,311.0
2026-08-05 10:21:00,PRCH,,16.219999313354492,16.219999313354492,16.219999313354492,16.219999313354492,1059.0
2026-08-05 10:21:00,PRCT,,18.969999313354492,18.979999542236328,18.8700008392334,18.940000534057617,10540.0
2026-08-05 10:21:00,PRIM,,90.29000091552734,90.29000091552734,89.83999633789062,89.83999633789062,6964.0
2026-08-05 10:21:00,PRME,,3.015000104904175,3.0250000953674316,3.015000104904175,3.0199999809265137,7519.0
2026-08-05 10:21:00,PRQR,,1.9199999570846558,1.929900050163269,1.9149999618530273,1.9149999618530273,10575.0
2026-08-05 10:21:00,PSEC,,2.2100000381469727,2.2100000381469727,2.200000047683716,2.2049999237060547,3428.0
2026-08-05 10:21:00,PSNL,,13.645000457763672,13.670000076293945,13.640000343322754,13.670000076293945,1614.0
2026-08-05 10:21:00,PTC,,142.11000061035156,142.11000061035156,141.93499755859375,141.9550018310547,2721.0
2026-08-05 10:21:00,PTEN,,9.899999618530273,9.91100025177002,9.899999618530273,9.90999984741211,3127.0
2026-08-05 10:21:00,PTON,,6.489999771118164,6.5,6.480000019073486,6.489999771118164,45140.0
2026-08-05 10:21:00,PWP,,17.3700008392334,17.3700008392334,17.3700008392334,17.3700008392334,369.0
2026-08-05 10:21:00,PYPD,,4.489999771118164,4.489999771118164,4.485000133514404,4.485000133514404,500.0
2026-08-05 10:21:00,PYPL,,58.779998779296875,58.814998626708984,58.77000045776367,58.814998626708984,10365.0
2026-08-05 10:21:00,PYXS,,3.2599000930786133,3.2599000930786133,3.25,3.2599000930786133,3836.0
2026-08-05 10:21:00,PZZA,,30.90999984741211,30.920000076293945,30.90999984741211,30.920000076293945,397.0
2026-08-05 10:21:00,QCOM,,159.7572021484375,160.16000366210938,159.7572021484375,159.8300018310547,57587.0
2026-08-05 10:21:00,QFIN,,13.403499603271484,13.414999961853027,13.403499603271484,13.414999961853027,1280.0
2026-08-05 10:21:00,QRVO,,94.80000305175781,94.80000305175781,94.80000305175781,94.80000305175781,413.0
2026-08-05 10:21:00,SEED,,0.960099995136261,0.9700000286102295,0.949999988079071,0.9700000286102295,1470.0
2026-08-05 10:21:00,STIM,,2.299999952316284,2.299999952316284,2.299999952316284,2.299999952316284,1914.0
2026-08-05 10:22:00,ACDC,,4.275000095367432,4.275000095367432,4.275000095367432,4.275000095367432,2035.0
2026-08-05 10:22:00,CNXN,,83.69499969482422,83.88999938964844,83.69499969482422,83.69499969482422,548.0
2026-08-05 10:22:00,EYE,,23.6200008392334,23.6299991607666,23.610000610351562,23.6299991607666,2672.0
2026-08-05 10:22:00,GLUE,,16.15999984741211,16.25,16.15999984741211,16.219999313354492,12619.0
2026-08-05 10:22:00,LUNG,,1.9049999713897705,1.9049999713897705,1.9049999713897705,1.9049999713897705,193.0
2026-08-05 10:22:00,MBRX,,0.40130001306533813,0.40130001306533813,0.4000999927520752,0.4000999927520752,747.0
2026-08-05 10:22:00,MCRI,,124.91999816894531,124.91999816894531,124.91999816894531,124.91999816894531,414.0
2026-08-05 10:22:00,MDB,,380.1600036621094,380.19500732421875,380.1600036621094,380.19000244140625,1147.0
2026-08-05 10:22:00,MDLZ,,61.900001525878906,61.91999816894531,61.84000015258789,61.845001220703125,33223.0
2026-08-05 10:22:00,MLTX,,17.850000381469727,17.850000381469727,17.844999313354492,17.844999313354492,563.0
2026-08-05 10:22:00,MNRO,,13.3149995803833,13.34000015258789,13.300000190734863,13.34000015258789,4309.0
2026-08-05 10:22:00,MNST,,95.09500122070312,95.0999984741211,95.05999755859375,95.05999755859375,3114.0
2026-08-05 10:22:00,MNTK,,1.690000057220459,1.690000057220459,1.690000057220459,1.690000057220459,298.0
2026-08-05 10:22:00,MNTS,,4.369999885559082,4.400000095367432,4.369999885559082,4.400000095367432,7680.0
2026-08-05 10:22:00,MORN,,202.25,202.25,202.2100067138672,202.2100067138672,935.0
2026-08-05 10:22:00,MOVE,,11.8100004196167,11.868399620056152,11.8100004196167,11.868399620056152,2130.0
2026-08-05 10:22:00,MPWR,,1328.1500244140625,1331.0,1327.77001953125,1330.25,1847.0
2026-08-05 10:22:00,MRNA,,58.76900100708008,58.85499954223633,58.7400016784668,58.849998474121094,8632.0
2026-08-05 10:22:00,MSGM,,4.46999979019165,4.480000019073486,4.46999979019165,4.480000019073486,626.0
2026-08-05 10:22:00,MYGN,,3.2049999237060547,3.2049999237060547,3.194999933242798,3.2049999237060547,7715.0
2026-08-05 10:22:00,MYRG,,343.1300048828125,343.1300048828125,343.1300048828125,343.1300048828125,293.0
2026-08-05 10:22:00,NAMS,,27.030000686645508,27.149999618530273,27.030000686645508,27.149999618530273,577.0
2026-08-05 10:22:00,NAUT,,0.9969000220298767,0.9969000220298767,0.9969000220298767,0.9969000220298767,1122.0
2026-08-05 10:22:00,NB,,5.090000152587891,5.135000228881836,5.090000152587891,5.130000114440918,18401.0
2026-08-05 10:22:00,NBIX,,164.81500244140625,164.9600067138672,164.81500244140625,164.89999389648438,1472.0
2026-08-05 10:22:00,NCMI,,4.125,4.125,4.125,4.125,101.0
2026-08-05 10:22:00,NCRA,,1.7407000064849854,1.7407000064849854,1.7407000064849854,1.7407000064849854,480.0
2026-08-05 10:22:00,NDAQ,,95.55999755859375,95.55999755859375,95.41999816894531,95.48999786376953,9860.0
2026-08-05 10:22:00,NDLS,,18.1200008392334,18.1200008392334,18.1200008392334,18.1200008392334,300.0
2026-08-05 10:22:00,NDSN,,311.55999755859375,311.55999755859375,311.55999755859375,311.55999755859375,268.0
2026-08-05 10:22:00,NEGG,,16.897499084472656,16.897499084472656,16.897499084472656,16.897499084472656,547.0
2026-08-05 10:22:00,NEO,,16.190000534057617,16.190000534057617,16.190000534057617,16.190000534057617,1738.0
2026-08-05 10:22:00,NEOG,,11.71500015258789,11.71500015258789,11.71500015258789,11.71500015258789,443.0
2026-08-05 10:22:00,NEON,,0.9384999871253967,0.9384999871253967,0.9384999871253967,0.9384999871253967,750.0
2026-08-05 10:22:00,NEOV,,2.8949999809265137,2.910099983215332,2.8949999809265137,2.9100000858306885,4428.0
2026-08-05 10:22:00,NESR,,28.8700008392334,28.8700008392334,28.829999923706055,28.8700008392334,3241.0
2026-08-05 10:22:00,NEXT,,6.400000095367432,6.400000095367432,6.385000228881836,6.389999866485596,28424.0
2026-08-05 10:22:00,NFLX,,74.08999633789062,74.12999725341797,74.05000305175781,74.05000305175781,87043.0
2026-08-05 10:22:00,NICE,,96.0999984741211,96.11000061035156,95.83999633789062,95.91500091552734,9269.0
2026-08-05 10:22:00,NKTR,,73.37000274658203,73.41000366210938,73.33000183105469,73.33000183105469,1270.0
2026-08-05 10:22:00,NKTX,,2.190000057220459,2.190000057220459,2.190000057220459,2.190000057220459,490.0
2026-08-05 10:22:00,NMFC,,7.400000095367432,7.400000095367432,7.400000095367432,7.400000095367432,573.0
2026-08-05 10:22:00,NN,,14.255000114440918,14.289999961853027,14.255000114440918,14.289999961853027,2289.0
2026-08-05 10:22:00,NNBR,,3.869999885559082,3.869999885559082,3.865000009536743,3.865000009536743,686.0
2026-08-05 10:22:00,NNDM,,1.5549999475479126,1.565000057220459,1.5549999475479126,1.565000057220459,9321.0
2026-08-05 10:22:00,NNOX,,1.030400037765503,1.030400037765503,1.030400037765503,1.030400037765503,322.0
2026-08-05 10:22:00,NOVT,,159.25,159.25,159.25,159.25,646.0
2026-08-05 10:22:00,NRIM,,27.100000381469727,27.1299991607666,27.100000381469727,27.1299991607666,1086.0
2026-08-05 10:22:00,NRIX,,25.139999389648438,25.139999389648438,25.139999389648438,25.139999389648438,1154.0
2026-08-05 10:22:00,NRSN,,0.5950000286102295,0.5950000286102295,0.5950000286102295,0.5950000286102295,200.0
2026-08-05 10:22:00,NRXP,,3.069999933242798,3.069999933242798,3.069999933242798,3.069999933242798,716.0
2026-08-05 10:22:00,NTAP,,190.8699951171875,190.97999572753906,190.60499572753906,190.7899932861328,4470.0
2026-08-05 10:22:00,NTCT,,41.96500015258789,41.96500015258789,41.810001373291016,41.810001373291016,1848.0
2026-08-05 10:22:00,NTES,,128.30999755859375,128.30999755859375,128.30999755859375,128.30999755859375,951.0
2026-08-05 10:22:00,NTNX,,61.209999084472656,61.2599983215332,61.14500045776367,61.15999984741211,7108.0
2026-08-05 10:22:00,NTRA,,279.033203125,279.033203125,278.56500244140625,278.56500244140625,2330.0
2026-08-05 10:22:00,NTRS,,185.38999938964844,185.38999938964844,185.38999938964844,185.38999938964844,1394.0
2026-08-05 10:22:00,NUWE,,1.8200000524520874,1.8200000524520874,1.8200000524520874,1.8200000524520874,245.0
2026-08-05 10:22:00,NVAX,,7.715000152587891,7.715000152587891,7.70989990234375,7.70989990234375,5406.0
2026-08-05 10:22:00,NVCR,,16.040000915527344,16.040000915527344,16.0049991607666,16.0049991607666,324.0
2026-08-05 10:22:00,NVDA,,221.3695068359375,221.46580505371094,220.86000061035156,221.00999450683594,51469508.0
2026-08-05 10:22:00,NVEC,,127.5,127.93000030517578,127.5,127.93000030517578,432.0
2026-08-05 10:22:00,NVMI,,410.5,410.6000061035156,409.56500244140625,410.6000061035156,3720.0
2026-08-05 10:22:00,NVTS,,12.619999885559082,12.670000076293945,12.609999656677246,12.640000343322754,23585.0
2026-08-05 10:22:00,NWBI,,16.0049991607666,16.0049991607666,16.0,16.0,3550.0
2026-08-05 10:22:00,NWE,,69.16999816894531,69.16999816894531,69.16999816894531,69.16999816894531,353.0
2026-08-05 10:22:00,NWL,,6.025000095367432,6.025000095367432,6.014999866485596,6.014999866485596,7836.0
2026-08-05 10:22:00,NWS,,32.540000915527344,32.564998626708984,32.529998779296875,32.53499984741211,5048.0
2026-08-05 10:22:00,NWSA,,28.395000457763672,28.420499801635742,28.385000228881836,28.389999389648438,8479.0
2026-08-05 10:22:00,NXGL,,0.42010000348091125,0.4372999966144562,0.42010000348091125,0.4372999966144562,841.0
2026-08-05 10:22:00,NXPI,,231.1300048828125,231.4250030517578,231.1300048828125,231.4250030517578,8343.0
2026-08-05 10:22:00,NXST,,193.8300018310547,193.8300018310547,193.8300018310547,193.8300018310547,248.0
2026-08-05 10:22:00,NXT,,98.63999938964844,98.95500183105469,98.55999755859375,98.95500183105469,3049.0
2026-08-05 10:22:00,OCFC,,19.860000610351562,19.860000610351562,19.844999313354492,19.844999313354492,1230.0
2026-08-05 10:22:00,OCG,,1.6749999523162842,1.6749999523162842,1.6749999523162842,1.6749999523162842,511.0
2026-08-05 10:22:00,OCGN,,1.315000057220459,1.315000057220459,1.309999942779541,1.309999942779541,7273.0
2026-08-05 10:22:00,OCSL,,12.210000038146973,12.210000038146973,12.210000038146973,12.210000038146973,697.0
2026-08-05 10:22:00,OCUL,,8.6850004196167,8.694999694824219,8.680000305175781,8.6899995803833,1915.0
2026-08-05 10:22:00,ODD,,15.34000015258789,15.34000015258789,15.34000015258789,15.34000015258789,804.0
2026-08-05 10:22:00,OESX,,16.820499420166016,17.125,16.820499420166016,17.125,7150.0
2026-08-05 10:22:00,OKTA,,150.22999572753906,150.22999572753906,149.9600067138672,149.96690368652344,5063.0
2026-08-05 10:22:00,OLB,,0.32030001282691956,0.32030001282691956,0.32030001282691956,0.32030001282691956,156.0
2026-08-05 10:22:00,OLLI,,78.54000091552734,78.5999984741211,78.47000122070312,78.57050323486328,5581.0
2026-08-05 10:22:00,OM,,5.079999923706055,5.079999923706055,5.079999923706055,5.079999923706055,112.0
2026-08-05 10:22:00,OMCL,,36.880001068115234,36.88999938964844,36.880001068115234,36.880001068115234,414.0
2026-08-05 10:22:00,OMER,,13.050000190734863,13.099900245666504,13.050000190734863,13.099900245666504,570.0
2026-08-05 10:22:00,OMH,,0.10899999737739563,0.11209999769926071,0.10899999737739563,0.11209999769926071,159644.0
2026-08-05 10:22:00,ON,,78.18000030517578,78.4000015258789,78.1698989868164,78.33000183105469,51055.0
2026-08-05 10:22:00,ONB,,27.155000686645508,27.155000686645508,27.1299991607666,27.1299991607666,4038.0
2026-08-05 10:22:00,ONDS,,8.970000267028809,9.005000114440918,8.949999809265137,9.005000114440918,218342.0
2026-08-05 10:22:00,ONFO,,0.07339999824762344,0.07410000264644623,0.07339999824762344,0.07410000264644623,75246.0
2026-08-05 10:22:00,OPCH,,23.43000030517578,23.489999771118164,23.43000030517578,23.450000762939453,1126.0
2026-08-05 10:22:00,OPEN,,3.825000047683716,3.8499999046325684,3.815000057220459,3.815000057220459,304707.0
2026-08-05 10:22:00,OPRA,,20.214500427246094,20.235000610351562,20.214500427246094,20.235000610351562,1117.0
2026-08-05 10:22:00,OPRX,,6.795000076293945,6.795000076293945,6.789999961853027,6.789999961853027,635.0
2026-08-05 10:22:00,ORGO,,2.384999990463257,2.384999990463257,2.384999990463257,2.384999990463257,224.0
2026-08-05 10:22:00,ORIC,,13.5024995803833,13.529999732971191,13.5024995803833,13.520000457763672,3132.0
2026-08-05 10:22:00,ORLY,,93.92500305175781,94.08000183105469,93.92500305175781,94.08000183105469,16675.0
2026-08-05 10:22:00,ORMP,,4.480000019073486,4.510000228881836,4.480000019073486,4.494999885559082,2201.0
2026-08-05 10:22:00,OSBC,,25.895000457763672,25.895000457763672,25.8799991607666,25.8799991607666,3228.0
2026-08-05 10:22:00,OSPN,,16.790000915527344,16.790000915527344,16.790000915527344,16.790000915527344,381.0
2026-08-05 10:22:00,OSS,,13.880000114440918,13.979999542236328,13.880000114440918,13.979999542236328,3534.0
2026-08-05 10:22:00,OSW,,26.6200008392334,26.635000228881836,26.6200008392334,26.635000228881836,475.0
2026-08-05 10:22:00,OTEX,,26.094999313354492,26.100000381469727,26.06999969482422,26.06999969482422,2402.0
2026-08-05 10:22:00,OTLK,,1.034999966621399,1.0399999618530273,1.0299999713897705,1.0399999618530273,56180.0
2026-08-05 10:22:00,OTTR,,92.05999755859375,92.05999755859375,92.05999755859375,92.05999755859375,641.0
2026-08-05 10:22:00,OXLC,,9.089500427246094,9.089500427246094,9.089500427246094,9.089500427246094,248.0
2026-08-05 10:22:00,PAA,,23.28499984741211,23.28499984741211,23.25,23.264999389648438,16086.0
2026-08-05 10:22:00,PAAS,,47.935001373291016,48.0,47.869998931884766,48.0,19025.0
2026-08-05 10:22:00,PACB,,1.4550000429153442,1.4550000429153442,1.4550000429153442,1.4550000429153442,1410.0
2026-08-05 10:22:00,PAGP,,25.229999542236328,25.229999542236328,25.200000762939453,25.200000762939453,3088.0
2026-08-05 10:22:00,PALI,,2.0999999046325684,2.101799964904785,2.0999999046325684,2.101799964904785,11462.0
2026-08-05 10:22:00,PANL,,7.329999923706055,7.329999923706055,7.329999923706055,7.329999923706055,482.0
2026-08-05 10:22:00,PANW,,372.2699890136719,372.497802734375,372.1400146484375,372.4049987792969,12118.0
2026-08-05 10:22:00,PAX,,11.430000305175781,11.430000305175781,11.430000305175781,11.430000305175781,1245.0
2026-08-05 10:22:00,PAYO,,7.125,7.125,7.125,7.125,200.0
2026-08-05 10:22:00,PAYX,,118.43000030517578,118.43000030517578,118.27999877929688,118.33000183105469,3755.0
2026-08-05 10:22:00,PCAR,,136.25,136.25,136.11000061035156,136.1300048828125,5838.0
2026-08-05 10:22:00,PCRX,,25.489999771118164,25.489999771118164,25.350000381469727,25.424999237060547,867.0
2026-08-05 10:22:00,PCT,,6.949999809265137,6.949999809265137,6.949999809265137,6.949999809265137,2648.0
2026-08-05 10:22:00,PCTY,,149.0,149.0,148.3699951171875,148.3699951171875,1946.0
2026-08-05 10:22:00,PCYO,,10.529999732971191,10.529999732971191,10.529999732971191,10.529999732971191,781.0
2026-08-05 10:22:00,PDD,,91.83000183105469,91.83000183105469,91.80999755859375,91.81500244140625,9405.0
2026-08-05 10:22:00,PDEX,,67.7300033569336,67.7300033569336,67.5,67.5,256.0
2026-08-05 10:22:00,PDFS,,50.67499923706055,50.880001068115234,50.67499923706055,50.880001068115234,1698.0
2026-08-05 10:22:00,PEBK,,43.47999954223633,43.4900016784668,43.47999954223633,43.4900016784668,914.0
2026-08-05 10:22:00,PEBO,,41.810001373291016,41.810001373291016,41.79999923706055,41.79999923706055,699.0
2026-08-05 10:22:00,PEGA,,31.850000381469727,31.850000381469727,31.844999313354492,31.850000381469727,621.0
2026-08-05 10:22:00,PENN,,20.049999237060547,20.049999237060547,20.040000915527344,20.040000915527344,4857.0
2026-08-05 10:22:00,PEP,,138.7384033203125,138.7384033203125,138.6501007080078,138.6699981689453,11609.0
2026-08-05 10:22:00,PEPG,,1.899999976158142,1.909999966621399,1.899999976158142,1.909999966621399,10948.0
2026-08-05 10:22:00,PERI,,9.680000305175781,9.680000305175781,9.670000076293945,9.670000076293945,510.0
2026-08-05 10:22:00,PFG,,115.6500015258789,115.69000244140625,115.6500015258789,115.69000244140625,1669.0
2026-08-05 10:22:00,PGEN,,7.085000038146973,7.114999771118164,7.079999923706055,7.110000133514404,30093.0
2026-08-05 10:22:00,PGY,,21.75,21.760000228881836,21.739999771118164,21.75,2824.0
2026-08-05 10:22:00,PHVS,,33.31999969482422,33.459999084472656,33.31999969482422,33.43000030517578,2563.0
2026-08-05 10:22:00,PKOH,,41.43000030517578,41.43000030517578,41.43000030517578,41.43000030517578,422.0
2026-08-05 10:22:00,PLPC,,459.5199890136719,461.2099914550781,459.5199890136719,461.2099914550781,485.0
2026-08-05 10:22:00,PLRX,,1.0579999685287476,1.0579999685287476,1.0579999685287476,1.0579999685287476,1540.0
2026-08-05 10:22:00,PLUG,,2.1226000785827637,2.134999990463257,2.119999885559082,2.1308999061584473,77029.0
2026-08-05 10:22:00,PLXS,,274.7099914550781,274.7099914550781,273.9649963378906,274.0,10208.0
2026-08-05 10:22:00,PMN,,13.300000190734863,13.300000190734863,13.300000190734863,13.300000190734863,760.0
2026-08-05 10:22:00,PNFP,,107.91999816894531,108.0,107.90499877929688,108.0,2931.0
2026-08-05 10:22:00,POCI,,4.199999809265137,4.199999809265137,4.199999809265137,4.199999809265137,201.0
2026-08-05 10:22:00,POET,,8.359999656677246,8.390000343322754,8.340200424194336,8.375,27591.0
2026-08-05 10:22:00,POWI,,62.73699951171875,62.77000045776367,62.4900016784668,62.4900016784668,8204.0
2026-08-05 10:22:00,POWL,,211.4499969482422,211.82000732421875,211.0,211.0,2391.0
2026-08-05 10:22:00,PPC,,26.850000381469727,26.850000381469727,26.81999969482422,26.81999969482422,1330.0
2026-08-05 10:22:00,PPTA,,22.690000534057617,22.729999542236328,22.651399612426758,22.729999542236328,2770.0
2026-08-05 10:22:00,PRAA,,17.489999771118164,17.540000915527344,17.489999771118164,17.540000915527344,476.0
2026-08-05 10:22:00,PRAX,,319.239990234375,319.239990234375,317.4800109863281,318.17999267578125,1179.0
2026-08-05 10:22:00,PRCH,,16.28499984741211,16.28499984741211,16.229999542236328,16.229999542236328,4449.0
2026-08-05 10:22:00,PRCT,,19.06999969482422,19.110000610351562,18.96500015258789,18.96500015258789,22753.0
2026-08-05 10:22:00,PRIM,,90.04000091552734,90.70999908447266,90.0,90.31500244140625,13057.0
2026-08-05 10:22:00,PRME,,3.009999990463257,3.015000104904175,3.009999990463257,3.015000104904175,3217.0
2026-08-05 10:22:00,PRQR,,1.9249999523162842,1.9249999523162842,1.9249999523162842,1.9249999523162842,504.0
2026-08-05 10:22:00,PRTA,,8.680000305175781,8.687800407409668,8.670000076293945,8.680100440979004,7028.0
2026-08-05 10:22:00,PRTH,,6.670000076293945,6.670100212097168,6.670000076293945,6.670100212097168,1678.0
2026-08-05 10:22:00,PRVA,,24.079999923706055,24.079999923706055,24.049999237060547,24.049999237060547,959.0
2026-08-05 10:22:00,PSEC,,2.2100000381469727,2.2100000381469727,2.200000047683716,2.200000047683716,3352.0
2026-08-05 10:22:00,PSNL,,13.649999618530273,13.649999618530273,13.649999618530273,13.649999618530273,1049.0
2026-08-05 10:22:00,PSNY,,14.380000114440918,14.380000114440918,14.359999656677246,14.369999885559082,1171.0
2026-08-05 10:22:00,PTC,,142.33999633789062,142.33999633789062,142.33999633789062,142.33999633789062,746.0
2026-08-05 10:22:00,PTEN,,9.914999961853027,9.914999961853027,9.904999732971191,9.904999732971191,3248.0
2026-08-05 10:22:00,PTLO,,4.605000019073486,4.605000019073486,4.605000019073486,4.605000019073486,2439.0
2026-08-05 10:22:00,PTON,,6.5,6.505000114440918,6.485000133514404,6.489999771118164,10509.0
2026-08-05 10:22:00,PUBM,,13.739999771118164,13.739999771118164,13.729999542236328,13.729999542236328,891.0
2026-08-05 10:22:00,PWP,,17.360000610351562,17.3700008392334,17.360000610351562,17.3700008392334,1214.0
2026-08-05 10:22:00,PYPL,,58.814998626708984,58.84000015258789,58.79999923706055,58.79999923706055,16848.0
2026-08-05 10:22:00,PYXS,,3.2750000953674316,3.2899999618530273,3.25,3.25,17861.0
2026-08-05 10:22:00,PZZA,,30.954999923706055,30.954999923706055,30.90999984741211,30.93869972229004,1614.0
2026-08-05 10:22:00,QCOM,,159.52000427246094,159.75999450683594,159.49020385742188,159.67999267578125,29360.0
2026-08-05 10:22:00,QRVO,,94.68000030517578,94.72000122070312,94.5999984741211,94.6500015258789,1633.0
2026-08-05 10:22:00,SEED,,0.9538999795913696,0.960099995136261,0.9538999795913696,0.960099995136261,402.0
2026-08-05 10:22:00,STIM,,2.305000066757202,2.305000066757202,2.299999952316284,2.305000066757202,9578.0
2026-08-05 10:22:00,TARA,,4.085000038146973,4.090000152587891,4.079999923706055,4.090000152587891,3895.0
2026-08-05 10:22:00,WOOF,,2.9600000381469727,2.9600000381469727,2.9600000381469727,2.9600000381469727,1186.0
2026-08-05 10:23:00,ACDC,,4.28000020980835,4.284999847412109,4.28000020980835,4.28000020980835,3519.0
2026-08-05 10:23:00,DTIL,,7.554999828338623,7.579999923706055,7.534999847412109,7.579999923706055,1000.0
2026-08-05 10:23:00,EYE,,23.6200008392334,23.6200008392334,23.6200008392334,23.6200008392334,2240.0
2026-08-05 10:23:00,GLUE,,16.219999313354492,16.219999313354492,16.190000534057617,16.204999923706055,2742.0
2026-08-05 10:23:00,MBRX,,0.4000999927520752,0.40130001306533813,0.4000999927520752,0.40130001306533813,11728.0
2026-08-05 10:23:00,MDB,,380.3500061035156,380.3500061035156,380.05499267578125,380.07000732421875,1421.0
2026-08-05 10:23:00,MDLZ,,61.849998474121094,61.939998626708984,61.849998474121094,61.88999938964844,27303.0
2026-08-05 10:23:00,MLTX,,17.760000228881836,17.81999969482422,17.760000228881836,17.81999969482422,3230.0
2026-08-05 10:23:00,MNRO,,13.3149995803833,13.34000015258789,13.3149995803833,13.34000015258789,1847.0
2026-08-05 10:23:00,MNST,,95.04499816894531,95.11000061035156,95.0199966430664,95.0999984741211,7880.0
2026-08-05 10:23:00,MNTS,,4.369900226593018,4.369999885559082,4.340000152587891,4.369999885559082,20395.0
2026-08-05 10:23:00,MPWR,,1327.1800537109375,1328.14501953125,1324.300048828125,1328.14501953125,1333.0
2026-08-05 10:23:00,MRNA,,58.65999984741211,58.7400016784668,58.5,58.7400016784668,33315.0
2026-08-05 10:23:00,MYGN,,3.2049999237060547,3.2049999237060547,3.2049999237060547,3.2049999237060547,702.0
2026-08-05 10:23:00,MYRG,,342.95098876953125,343.29998779296875,342.0199890136719,342.0199890136719,624.0
2026-08-05 10:23:00,NAMS,,26.989999771118164,27.114999771118164,26.979999542236328,27.114999771118164,3750.0
2026-08-05 10:23:00,NAUT,,0.9939000010490417,0.9939000010490417,0.9939000010490417,0.9939000010490417,8038.0
2026-08-05 10:23:00,NAVI,,9.095000267028809,9.104999542236328,9.095000267028809,9.100000381469727,1854.0
2026-08-05 10:23:00,NB,,5.079999923706055,5.097400188446045,5.074999809265137,5.097400188446045,14339.0
2026-08-05 10:23:00,NBIX,,164.97000122070312,164.97000122070312,164.9656982421875,164.9656982421875,723.0
2026-08-05 10:23:00,NBTB,,53.540000915527344,53.540000915527344,53.540000915527344,53.540000915527344,313.0
2026-08-05 10:23:00,NDAQ,,95.5,95.61499786376953,95.5,95.55999755859375,10756.0
2026-08-05 10:23:00,NDSN,,311.7699890136719,311.7699890136719,311.7699890136719,311.7699890136719,158.0
2026-08-05 10:23:00,NEGG,,16.6299991607666,16.760000228881836,16.6299991607666,16.760000228881836,4024.0
2026-08-05 10:23:00,NEO,,16.219999313354492,16.219999313354492,16.209999084472656,16.209999084472656,4656.0
2026-08-05 10:23:00,NEOG,,11.71500015258789,11.71500015258789,11.710000038146973,11.710000038146973,3700.0
2026-08-05 10:23:00,NEON,,0.9405999779701233,0.9405999779701233,0.9387999773025513,0.9387999773025513,1854.0
2026-08-05 10:23:00,NEOV,,2.880000114440918,2.9000000953674316,2.880000114440918,2.9000000953674316,2442.0
2026-08-05 10:23:00,NESR,,28.8700008392334,28.8700008392334,28.8700008392334,28.8700008392334,475.0
2026-08-05 10:23:00,NEXT,,6.414999961853027,6.420000076293945,6.400000095367432,6.409999847412109,3462.0
2026-08-05 10:23:00,NFLX,,74.15499877929688,74.15499877929688,74.07499694824219,74.0999984741211,86550.0
2026-08-05 10:23:00,NICE,,96.37000274658203,96.44989776611328,96.25,96.33999633789062,5083.0
2026-08-05 10:23:00,NKTR,,73.11000061035156,73.11000061035156,73.11000061035156,73.11000061035156,556.0
2026-08-05 10:23:00,NKTX,,2.184999942779541,2.184999942779541,2.184999942779541,2.184999942779541,651.0
2026-08-05 10:23:00,NMRK,,15.699999809265137,15.699999809265137,15.699999809265137,15.699999809265137,1508.0
2026-08-05 10:23:00,NN,,14.279999732971191,14.279999732971191,14.229999542236328,14.239999771118164,6133.0
2026-08-05 10:23:00,NNBR,,3.8499999046325684,3.869999885559082,3.8399999141693115,3.859999895095825,4940.0
2026-08-05 10:23:00,NNDM,,1.559999942779541,1.559999942779541,1.5549999475479126,1.5549999475479126,3205.0
2026-08-05 10:23:00,NNOX,,1.0396000146865845,1.0396000146865845,1.0396000146865845,1.0396000146865845,0.0
2026-08-05 10:23:00,NOVT,,159.05999755859375,159.05999755859375,159.05999755859375,159.05999755859375,886.0
2026-08-05 10:23:00,NRDS,,9.210000038146973,9.210000038146973,9.204999923706055,9.210000038146973,1155.0
2026-08-05 10:23:00,NRIM,,27.100000381469727,27.110000610351562,27.100000381469727,27.110000610351562,462.0
2026-08-05 10:23:00,NRIX,,25.100000381469727,25.100000381469727,25.100000381469727,25.100000381469727,596.0
2026-08-05 10:23:00,NRSN,,0.5900999903678894,0.5950999855995178,0.5900999903678894,0.5950999855995178,10956.0
2026-08-05 10:23:00,NRXP,,3.0350000858306885,3.049999952316284,3.0350000858306885,3.049999952316284,8291.0
2026-08-05 10:23:00,NSSC,,40.290000915527344,40.310001373291016,40.290000915527344,40.310001373291016,614.0
2026-08-05 10:23:00,NSYS,,14.470000267028809,14.470000267028809,14.470000267028809,14.470000267028809,0.0
2026-08-05 10:23:00,NTAP,,190.92999267578125,190.92999267578125,190.47230529785156,190.83999633789062,8416.0
2026-08-05 10:23:00,NTCT,,41.869998931884766,41.974998474121094,41.81999969482422,41.974998474121094,2179.0
2026-08-05 10:23:00,NTES,,128.17999267578125,128.2100067138672,128.17999267578125,128.19000244140625,1264.0
2026-08-05 10:23:00,NTNX,,61.255001068115234,61.255001068115234,61.255001068115234,61.255001068115234,820.0
2026-08-05 10:23:00,NUWE,,1.8200000524520874,1.8200000524520874,1.8200000524520874,1.8200000524520874,310.0
2026-08-05 10:23:00,NVAX,,7.704999923706055,7.710000038146973,7.699999809265137,7.710000038146973,5950.0
2026-08-05 10:23:00,NVCR,,16.040000915527344,16.040000915527344,16.0,16.0,396.0
2026-08-05 10:23:00,NVCT,,20.170000076293945,20.20009994506836,20.170000076293945,20.200000762939453,1541.0
2026-08-05 10:23:00,NVDA,,221.22000122070312,221.43499755859375,220.8800048828125,221.375,307310.0
2026-08-05 10:23:00,NVEC,,127.94000244140625,127.94000244140625,127.94000244140625,127.94000244140625,354.0
2026-08-05 10:23:00,NVMI,,411.5400085449219,411.5400085449219,409.25,409.9599914550781,5706.0
2026-08-05 10:23:00,NVTS,,12.59000015258789,12.619999885559082,12.539999961853027,12.611700057983398,45470.0
2026-08-05 10:23:00,NVX,,0.4052000045776367,0.4052000045776367,0.4052000045776367,0.4052000045776367,200.0
2026-08-05 10:23:00,NWL,,6.039999961853027,6.045000076293945,6.025000095367432,6.025000095367432,40265.0
2026-08-05 10:23:00,NWS,,32.56999969482422,32.58000183105469,32.56999969482422,32.58000183105469,1943.0
2026-08-05 10:23:00,NWSA,,28.420000076293945,28.43000030517578,28.405000686645508,28.405000686645508,2908.0
2026-08-05 10:23:00,NXPI,,230.97000122070312,231.25999450683594,230.3000030517578,230.985107421875,8991.0
2026-08-05 10:23:00,NXST,,194.16000366210938,194.16000366210938,194.16000366210938,194.16000366210938,769.0
2026-08-05 10:23:00,NXT,,98.4800033569336,98.625,98.44000244140625,98.55999755859375,3206.0
2026-08-05 10:23:00,NYXH,,1.4299999475479126,1.4299999475479126,1.4299999475479126,1.4299999475479126,220.0
2026-08-05 10:23:00,OABI,,2.009999990463257,2.009999990463257,2.009999990463257,2.009999990463257,227.0
2026-08-05 10:23:00,OCC,,15.903300285339355,15.903300285339355,15.609999656677246,15.609999656677246,790.0
2026-08-05 10:23:00,OCFC,,19.8700008392334,19.875,19.8700008392334,19.875,1027.0
2026-08-05 10:23:00,OCGN,,1.3049999475479126,1.309999942779541,1.302299976348877,1.309999942779541,20973.0
2026-08-05 10:23:00,OCS,,12.319999694824219,12.319999694824219,12.300000190734863,12.319999694824219,840.0
2026-08-05 10:23:00,OCSL,,12.194999694824219,12.204999923706055,12.194999694824219,12.204999923706055,2826.0
2026-08-05 10:23:00,OCUL,,8.664999961853027,8.6850004196167,8.664999961853027,8.6850004196167,1747.0
2026-08-05 10:23:00,ODD,,15.324999809265137,15.324999809265137,15.324999809265137,15.324999809265137,10283.0
2026-08-05 10:23:00,ODFL,,218.39999389648438,218.47999572753906,218.39999389648438,218.47999572753906,1041.0
2026-08-05 10:23:00,OESX,,16.520700454711914,16.87380027770996,16.299999237060547,16.87380027770996,6409.0
2026-08-05 10:23:00,OFIX,,11.109999656677246,11.109999656677246,11.109999656677246,11.109999656677246,653.0
2026-08-05 10:23:00,OFS,,3.5999999046325684,3.5999999046325684,3.5999999046325684,3.5999999046325684,186.0
2026-08-05 10:23:00,OKTA,,149.94000244140625,150.3000030517578,149.94000244140625,150.3000030517578,4957.0
2026-08-05 10:23:00,OLLI,,78.5250015258789,78.62999725341797,78.5250015258789,78.62000274658203,3301.0
2026-08-05 10:23:00,OLMA,,11.720000267028809,11.720000267028809,11.720000267028809,11.720000267028809,683.0
2026-08-05 10:23:00,OM,,5.079999923706055,5.079999923706055,5.079999923706055,5.079999923706055,148.0
2026-08-05 10:23:00,OMER,,13.03499984741211,13.0600004196167,13.03499984741211,13.0600004196167,414.0
2026-08-05 10:23:00,OMH,,0.10939999669790268,0.10989999771118164,0.10899999737739563,0.10899999737739563,33749.0
2026-08-05 10:23:00,ON,,78.125,78.20500183105469,77.93000030517578,78.18000030517578,46166.0
2026-08-05 10:23:00,ONB,,27.149999618530273,27.149999618530273,27.145000457763672,27.149999618530273,4564.0
2026-08-05 10:23:00,ONDS,,8.9350004196167,8.970100402832031,8.920000076293945,8.970000267028809,203347.0
2026-08-05 10:23:00,ONFO,,0.07280000299215317,0.07370000332593918,0.0722000002861023,0.07349999994039536,261820.0
2026-08-05 10:23:00,OPCH,,23.479999542236328,23.479999542236328,23.440000534057617,23.440000534057617,1599.0
2026-08-05 10:23:00,OPEN,,3.815000057220459,3.8299999237060547,3.800100088119507,3.825000047683716,393650.0
2026-08-05 10:23:00,OPI,,18.81999969482422,19.040000915527344,18.704999923706055,18.704999923706055,10403.0
2026-08-05 10:23:00,OPK,,1.315000057220459,1.315000057220459,1.315000057220459,1.315000057220459,8664.0
2026-08-05 10:23:00,OPRA,,20.25,20.25,20.229999542236328,20.229999542236328,5210.0
2026-08-05 10:23:00,OPRT,,6.215000152587891,6.215000152587891,6.215000152587891,6.215000152587891,225.0
2026-08-05 10:23:00,ORGO,,2.384999990463257,2.384999990463257,2.384999990463257,2.384999990463257,527.0
2026-08-05 10:23:00,ORIC,,13.449999809265137,13.489999771118164,13.449999809265137,13.489999771118164,1020.0
2026-08-05 10:23:00,ORLY,,93.97000122070312,94.0199966430664,93.94999694824219,93.94999694824219,8212.0
2026-08-05 10:23:00,OSBC,,25.889999389648438,25.889999389648438,25.8799991607666,25.8799991607666,996.0
2026-08-05 10:23:00,OSS,,13.879899978637695,13.925000190734863,13.879899978637695,13.925000190734863,2203.0
2026-08-05 10:23:00,OSUR,,4.195000171661377,4.199999809265137,4.195000171661377,4.199999809265137,1051.0
2026-08-05 10:23:00,OTEX,,26.094999313354492,26.100000381469727,26.09000015258789,26.094999313354492,4686.0
2026-08-05 10:23:00,OTLK,,1.0399999618530273,1.0399999618530273,1.0300999879837036,1.031000018119812,10412.0
2026-08-05 10:23:00,OVID,,2.615000009536743,2.625,2.615000009536743,2.625,4112.0
2026-08-05 10:23:00,OXLC,,9.085000038146973,9.08899974822998,9.085000038146973,9.085000038146973,616.0
2026-08-05 10:23:00,PAA,,23.30500030517578,23.30500030517578,23.290000915527344,23.290000915527344,3622.0
2026-08-05 10:23:00,PAAS,,48.0099983215332,48.040000915527344,47.8849983215332,47.91999816894531,18755.0
2026-08-05 10:23:00,PACB,,1.4550000429153442,1.4550000429153442,1.4500000476837158,1.4500000476837158,5013.0
2026-08-05 10:23:00,PAGP,,25.239999771118164,25.25,25.239999771118164,25.25,2943.0
2026-08-05 10:23:00,PANW,,372.0849914550781,372.6600036621094,371.43499755859375,372.2699890136719,35501.0
2026-08-05 10:23:00,PATK,,88.41999816894531,88.52999877929688,88.20999908447266,88.41999816894531,4421.0
2026-08-05 10:23:00,PAX,,11.4350004196167,11.4350004196167,11.4350004196167,11.4350004196167,431.0
2026-08-05 10:23:00,PAYO,,7.130000114440918,7.130000114440918,7.130000114440918,7.130000114440918,862.0
2026-08-05 10:23:00,PAYS,,9.279999732971191,9.279999732971191,9.270000457763672,9.279999732971191,549.0
2026-08-05 10:23:00,PAYX,,118.44999694824219,118.55000305175781,118.43000030517578,118.43000030517578,4025.0
2026-08-05 10:23:00,PCAR,,136.1699981689453,136.1699981689453,136.1699981689453,136.1699981689453,389.0
2026-08-05 10:23:00,PCRX,,25.405000686645508,25.459999084472656,25.405000686645508,25.440000534057617,2998.0
2026-08-05 10:23:00,PCSA,,2.1700000762939453,2.1700000762939453,2.1700000762939453,2.1700000762939453,1057.0
2026-08-05 10:23:00,PCT,,6.93120002746582,6.949999809265137,6.9217000007629395,6.949999809265137,3576.0
2026-08-05 10:23:00,PCTY,,148.86500549316406,149.0,148.52000427246094,149.0,1854.0
2026-08-05 10:23:00,PDD,,91.87000274658203,91.87999725341797,91.82499694824219,91.83999633789062,17259.0
2026-08-05 10:23:00,PDFS,,50.400001525878906,50.67499923706055,50.400001525878906,50.67499923706055,4282.0
2026-08-05 10:23:00,PDSB,,0.7202000021934509,0.720300018787384,0.7202000021934509,0.720300018787384,2437.0
2026-08-05 10:23:00,PECO,,41.459999084472656,41.459999084472656,41.459999084472656,41.459999084472656,298.0
2026-08-05 10:23:00,PEGA,,31.8799991607666,31.943899154663086,31.8700008392334,31.889999389648438,4047.0
2026-08-05 10:23:00,PENN,,20.06999969482422,20.06999969482422,20.059999465942383,20.059999465942383,2328.0
2026-08-05 10:23:00,PEP,,138.72999572753906,138.8784942626953,138.72999572753906,138.72999572753906,14528.0
2026-08-05 10:23:00,PEPG,,1.899999976158142,1.9049999713897705,1.8949999809265137,1.899999976158142,25094.0
2026-08-05 10:23:00,PERI,,9.699999809265137,9.699999809265137,9.680000305175781,9.6850004196167,1277.0
2026-08-05 10:23:00,PFG,,115.70999908447266,115.70999908447266,115.6500015258789,115.69000244140625,2190.0
2026-08-05 10:23:00,PGEN,,7.0,7.088900089263916,6.974999904632568,7.079999923706055,188469.0
2026-08-05 10:23:00,PGNY,,31.6299991607666,31.6299991607666,31.6200008392334,31.6299991607666,1612.0
2026-08-05 10:23:00,PGY,,21.719999313354492,21.760000228881836,21.700000762939453,21.760000228881836,3178.0
2026-08-05 10:23:00,PHAT,,8.602999687194824,8.609999656677246,8.59000015258789,8.609999656677246,1940.0
2026-08-05 10:23:00,PHIO,,1.0700000524520874,1.0850000381469727,1.0700000524520874,1.0850000381469727,1468.0
2026-08-05 10:23:00,PLAB,,32.09000015258789,32.09000015258789,32.0,32.09000015258789,1024.0
2026-08-05 10:23:00,PLPC,,460.4100036621094,461.2099914550781,459.760009765625,459.760009765625,614.0
2026-08-05 10:23:00,PLRX,,1.0549999475479126,1.0549999475479126,1.051200032234192,1.051200032234192,0.0
2026-08-05 10:23:00,PLSE,,37.739898681640625,37.739898681640625,37.739898681640625,37.739898681640625,438.0
2026-08-05 10:23:00,PLTK,,4.014999866485596,4.014999866485596,4.005000114440918,4.005000114440918,3948.0
2026-08-05 10:23:00,PLUG,,2.125,2.130000114440918,2.119999885559082,2.125,35534.0
2026-08-05 10:23:00,PNBK,,1.1299999952316284,1.1299999952316284,1.125,1.125,922.0
2026-08-05 10:23:00,PNRG,,186.0,186.10000610351562,186.0,186.0399932861328,2525.0
2026-08-05 10:23:00,PNTG,,38.790000915527344,38.939998626708984,38.790000915527344,38.939998626708984,5867.0
2026-08-05 10:23:00,POET,,8.317999839782715,8.359999656677246,8.305000305175781,8.350199699401855,56922.0
2026-08-05 10:23:00,POLA,,1.751099944114685,1.840000033378601,1.6399999856948853,1.840000033378601,43217.0
2026-08-05 10:23:00,POOL,,204.11000061035156,204.14999389648438,204.0800018310547,204.14999389648438,901.0
2026-08-05 10:23:00,POWL,,211.72999572753906,211.74000549316406,210.92999267578125,211.4499969482422,1763.0
2026-08-05 10:23:00,PPC,,26.860000610351562,26.8700008392334,26.850000381469727,26.860000610351562,1791.0
2026-08-05 10:23:00,PPTA,,22.77989959716797,22.77989959716797,22.603700637817383,22.68000030517578,5501.0
2026-08-05 10:23:00,PRAX,,318.55999755859375,318.82000732421875,318.55999755859375,318.82000732421875,274.0
2026-08-05 10:23:00,PRCH,,16.2450008392334,16.280000686645508,16.219999313354492,16.270000457763672,5476.0
2026-08-05 10:23:00,PRCT,,19.079999923706055,19.15999984741211,19.040000915527344,19.040000915527344,9026.0
2026-08-05 10:23:00,PRFX,,1.149999976158142,1.149999976158142,1.149999976158142,1.149999976158142,490.0
2026-08-05 10:23:00,PRIM,,90.0250015258789,90.04000091552734,90.0250015258789,90.02999877929688,3396.0
2026-08-05 10:23:00,PRME,,3.0,3.009999990463257,3.0,3.009999990463257,8115.0
2026-08-05 10:23:00,PROK,,1.649999976158142,1.649999976158142,1.649999976158142,1.649999976158142,3127.0
2026-08-05 10:23:00,PRQR,,1.9249999523162842,1.9249999523162842,1.909999966621399,1.9199999570846558,8642.0
2026-08-05 10:23:00,PRTA,,8.630000114440918,8.65999984741211,8.630000114440918,8.65999984741211,2494.0
2026-08-05 10:23:00,PRTH,,6.664999961853027,6.664999961853027,6.664999961853027,6.664999961853027,411.0
2026-08-05 10:23:00,PRVA,,24.079999923706055,24.079999923706055,24.079999923706055,24.079999923706055,922.0
2026-08-05 10:23:00,PRZO,,0.5494999885559082,0.5496000051498413,0.5494999885559082,0.5494999885559082,2835.0
2026-08-05 10:23:00,PSEC,,2.2100000381469727,2.2100000381469727,2.200000047683716,2.2049999237060547,5524.0
2026-08-05 10:23:00,PSNL,,13.640000343322754,13.654999732971191,13.640000343322754,13.649999618530273,7904.0
2026-08-05 10:23:00,PTC,,142.49989318847656,142.5050048828125,142.38999938964844,142.5050048828125,1557.0
2026-08-05 10:23:00,PTCT,,69.72000122070312,69.7249984741211,69.72000122070312,69.7249984741211,1238.0
2026-08-05 10:23:00,PTEN,,9.925000190734863,9.925000190734863,9.90999984741211,9.90999984741211,11979.0
2026-08-05 10:23:00,PTGX,,137.00999450683594,137.02000427246094,137.00999450683594,137.02000427246094,1156.0
2026-08-05 10:23:00,PTLO,,4.614999771118164,4.630000114440918,4.610000133514404,4.610000133514404,26713.0
2026-08-05 10:23:00,PTON,,6.505000114440918,6.505000114440918,6.5,6.505000114440918,5900.0
2026-08-05 10:23:00,PUBM,,13.739999771118164,13.739999771118164,13.739999771118164,13.739999771118164,465.0
2026-08-05 10:23:00,PWP,,17.3799991607666,17.3799991607666,17.3799991607666,17.3799991607666,1103.0
2026-08-05 10:23:00,PYPD,,4.480000019073486,4.480000019073486,4.480000019073486,4.480000019073486,0.0
2026-08-05 10:23:00,PYPL,,58.81999969482422,58.845001220703125,58.810001373291016,58.83000183105469,7860.0
2026-08-05 10:23:00,PZZA,,30.920000076293945,30.920000076293945,30.90999984741211,30.90999984741211,1528.0
2026-08-05 10:23:00,QCOM,,159.42999267578125,159.5500030517578,159.19500732421875,159.5500030517578,37353.0
2026-08-05 10:23:00,QFIN,,13.430000305175781,13.430000305175781,13.399999618530273,13.399999618530273,1848.0
2026-08-05 10:23:00,QQQX,,30.49799919128418,30.49799919128418,30.49799919128418,30.49799919128418,231.0
2026-08-05 10:23:00,QRVO,,94.72000122070312,94.72000122070312,94.56999969482422,94.6500015258789,1872.0
2026-08-05 10:23:00,SEED,,0.9301000237464905,0.951200008392334,0.9301000237464905,0.951200008392334,1119.0
2026-08-05 10:23:00,STIM,,2.305000066757202,2.305000066757202,2.305000066757202,2.305000066757202,548.0
2026-08-05 10:23:00,TARA,,4.085000038146973,4.085000038146973,4.085000038146973,4.085000038146973,861.0
2026-08-05 10:23:00,WOOF,,2.9649999141693115,2.9649999141693115,2.9649999141693115,2.9649999141693115,2353.0
2026-08-05 10:24:00,ACDC,,4.28000020980835,4.28000020980835,4.28000020980835,4.28000020980835,954.0
2026-08-05 10:24:00,BPOP,,178.11500549316406,178.1300048828125,177.82000732421875,177.82000732421875,2398.0
2026-08-05 10:24:00,CNXN,,83.69499969482422,83.69499969482422,83.69499969482422,83.69499969482422,249.0
2026-08-05 10:24:00,DTIL,,7.559999942779541,7.559999942779541,7.559999942779541,7.559999942779541,968.0
2026-08-05 10:24:00,EYE,,23.6200008392334,23.645000457763672,23.610000610351562,23.610000610351562,2502.0
2026-08-05 10:24:00,GLUE,,16.219999313354492,16.219999313354492,16.219999313354492,16.219999313354492,533.0
2026-08-05 10:24:00,KIDS,,21.479999542236328,21.479999542236328,21.479999542236328,21.479999542236328,171.0
2026-08-05 10:24:00,LUNG,,1.8899999856948853,1.899999976158142,1.8899999856948853,1.899999976158142,2952.0
2026-08-05 10:24:00,MBRX,,0.4050000011920929,0.4050000011920929,0.4000999927520752,0.40070000290870667,5262.0
2026-08-05 10:24:00,MCRI,,124.86000061035156,124.87999725341797,124.86000061035156,124.87999725341797,1299.0
2026-08-05 10:24:00,MDB,,380.3900146484375,381.0,380.05999755859375,380.05999755859375,2317.0
2026-08-05 10:24:00,MDLZ,,61.84000015258789,61.849998474121094,61.810001373291016,61.83000183105469,27108.0
2026-08-05 10:24:00,MLTX,,17.829999923706055,17.829999923706055,17.790000915527344,17.790000915527344,794.0
2026-08-05 10:24:00,MNRO,,13.34000015258789,13.34000015258789,13.3149995803833,13.3149995803833,1918.0
2026-08-05 10:24:00,MNST,,95.13999938964844,95.13999938964844,95.04000091552734,95.04000091552734,4182.0
2026-08-05 10:24:00,MNTS,,4.375,4.375,4.349999904632568,4.349999904632568,15104.0
2026-08-05 10:24:00,MNTSW,,0.008500000461935997,0.008500000461935997,0.008500000461935997,0.008500000461935997,20000.0
2026-08-05 10:24:00,MORN,,202.4600067138672,202.4600067138672,202.4600067138672,202.4600067138672,376.0
2026-08-05 10:24:00,MOVE,,12.0,12.0,11.850000381469727,11.850000381469727,5317.0
2026-08-05 10:24:00,MPWR,,1332.2349853515625,1333.1500244140625,1328.02001953125,1328.02001953125,992.0
2026-08-05 10:24:00,MRNA,,58.88999938964844,59.0,58.665000915527344,58.665000915527344,14514.0
2026-08-05 10:24:00,MYGN,,3.2049999237060547,3.2049999237060547,3.200000047683716,3.2049999237060547,1630.0
2026-08-05 10:24:00,MYPS,,0.7470999956130981,0.7470999956130981,0.7470999956130981,0.7470999956130981,2000.0
2026-08-05 10:24:00,NAMS,,27.014999389648438,27.059999465942383,26.979999542236328,26.979999542236328,4083.0
2026-08-05 10:24:00,NB,,5.125,5.125,5.105000019073486,5.105000019073486,11070.0
2026-08-05 10:24:00,NBIX,,165.0699005126953,165.0699005126953,165.0699005126953,165.0699005126953,756.0
2026-08-05 10:24:00,NBTB,,53.61000061035156,53.61000061035156,53.61000061035156,53.61000061035156,158.0
2026-08-05 10:24:00,NBTX,,40.150001525878906,40.150001525878906,40.150001525878906,40.150001525878906,354.0
2026-08-05 10:24:00,NDAQ,,95.47000122070312,95.55000305175781,95.47000122070312,95.48999786376953,9322.0
2026-08-05 10:24:00,NDSN,,312.0299987792969,312.0299987792969,312.0299987792969,312.0299987792969,303.0
2026-08-05 10:24:00,NEGG,,16.6200008392334,16.68000030517578,16.6200008392334,16.68000030517578,535.0
2026-08-05 10:24:00,NEO,,16.229999542236328,16.229999542236328,16.219999313354492,16.219999313354492,925.0
2026-08-05 10:24:00,NEOG,,11.725000381469727,11.725000381469727,11.715999603271484,11.715999603271484,5362.0
2026-08-05 10:24:00,NEOV,,2.890000104904175,2.9000000953674316,2.880000114440918,2.890000104904175,37571.0
2026-08-05 10:24:00,NESR,,28.959999084472656,28.959999084472656,28.889999389648438,28.889999389648438,1829.0
2026-08-05 10:24:00,NEWT,,15.359999656677246,15.359999656677246,15.350000381469727,15.350000381469727,919.0
2026-08-05 10:24:00,NEXT,,6.414999961853027,6.414999961853027,6.414999961853027,6.414999961853027,2028.0
2026-08-05 10:24:00,NFE,,0.33809998631477356,0.33809998631477356,0.33809998631477356,0.33809998631477356,5010.0
2026-08-05 10:24:00,NFLX,,74.08000183105469,74.16500091552734,74.06999969482422,74.1449966430664,100983.0
2026-08-05 10:24:00,NICE,,95.9000015258789,96.36000061035156,95.9000015258789,96.36000061035156,9852.0
2026-08-05 10:24:00,NKTR,,73.20500183105469,73.20500183105469,73.05750274658203,73.05750274658203,1807.0
2026-08-05 10:24:00,NKTX,,2.190000057220459,2.190000057220459,2.184999942779541,2.190000057220459,5714.0
2026-08-05 10:24:00,NMIH,,44.54999923706055,44.54999923706055,44.54999923706055,44.54999923706055,779.0
2026-08-05 10:24:00,NMRA,,1.5750000476837158,1.5750000476837158,1.5700000524520874,1.5700000524520874,1364.0
2026-08-05 10:24:00,NMRK,,15.720000267028809,15.720000267028809,15.699999809265137,15.699999809265137,2149.0
2026-08-05 10:24:00,NN,,14.3149995803833,14.329999923706055,14.274999618530273,14.274999618530273,4995.0
2026-08-05 10:24:00,NNBR,,3.865000009536743,3.865000009536743,3.8499999046325684,3.8550000190734863,3417.0
2026-08-05 10:24:00,NNDM,,1.5549999475479126,1.559999942779541,1.5549999475479126,1.5549999475479126,5014.0
2026-08-05 10:24:00,NNOX,,1.034999966621399,1.034999966621399,1.034999966621399,1.034999966621399,1007.0
2026-08-05 10:24:00,NPCE,,13.569999694824219,13.569999694824219,13.569999694824219,13.569999694824219,107.0
2026-08-05 10:24:00,NRDS,,9.1899995803833,9.1899995803833,9.1899995803833,9.1899995803833,495.0
2026-08-05 10:24:00,NRIX,,25.149999618530273,25.149999618530273,25.08329963684082,25.08329963684082,1623.0
2026-08-05 10:24:00,NRXP,,3.0350000858306885,3.0350000858306885,3.0350000858306885,3.0350000858306885,1614.0
2026-08-05 10:24:00,NTAP,,191.25,191.2550048828125,191.0,191.0,12721.0
2026-08-05 10:24:00,NTCT,,42.040000915527344,42.05500030517578,41.91999816894531,41.91999816894531,1665.0
2026-08-05 10:24:00,NTES,,128.2899932861328,128.3300018310547,128.2899932861328,128.2899932861328,1766.0
2026-08-05 10:24:00,NTNX,,61.130001068115234,61.255001068115234,61.130001068115234,61.255001068115234,3265.0
2026-08-05 10:24:00,NTRS,,185.44500732421875,185.44500732421875,185.3800048828125,185.3800048828125,1557.0
2026-08-05 10:24:00,NUWE,,1.8350000381469727,1.8350000381469727,1.8350000381469727,1.8350000381469727,1667.0
2026-08-05 10:24:00,NVAX,,7.730000019073486,7.739999771118164,7.704999923706055,7.704999923706055,9613.0
2026-08-05 10:24:00,NVCR,,16.040000915527344,16.040000915527344,16.010000228881836,16.040000915527344,1101.0
2026-08-05 10:24:00,NVCT,,20.15999984741211,20.15999984741211,20.15999984741211,20.15999984741211,304.0
2026-08-05 10:24:00,NVDA,,221.67990112304688,221.71380615234375,221.2301025390625,221.25999450683594,402478.0
2026-08-05 10:24:00,NVMI,,411.9700012207031,413.239990234375,411.92498779296875,411.92999267578125,5375.0
2026-08-05 10:24:00,NVTS,,12.639800071716309,12.670000076293945,12.569999694824219,12.579999923706055,34120.0
2026-08-05 10:24:00,NWBI,,16.020000457763672,16.020000457763672,16.010000228881836,16.010000228881836,7381.0
2026-08-05 10:24:00,NWE,,69.28500366210938,69.28500366210938,69.2300033569336,69.2300033569336,1038.0
2026-08-05 10:24:00,NWL,,6.045000076293945,6.054999828338623,6.045000076293945,6.050000190734863,13008.0
2026-08-05 10:24:00,NWS,,32.599998474121094,32.6150016784668,32.59000015258789,32.59000015258789,4812.0
2026-08-05 10:24:00,NWSA,,28.469999313354492,28.469999313354492,28.43000030517578,28.440000534057617,12580.0
2026-08-05 10:24:00,NXPI,,231.89999389648438,231.89999389648438,231.1699981689453,231.2899932861328,5930.0
2026-08-05 10:24:00,NXST,,194.0500030517578,194.0500030517578,194.0500030517578,194.0500030517578,587.0
2026-08-05 10:24:00,NXT,,98.8499984741211,98.87999725341797,98.61499786376953,98.61499786376953,2927.0
2026-08-05 10:24:00,NYXH,,1.4249999523162842,1.4249999523162842,1.4249999523162842,1.4249999523162842,1138.0
2026-08-05 10:24:00,OCFC,,19.889999389648438,19.889999389648438,19.8799991607666,19.8799991607666,926.0
2026-08-05 10:24:00,OCGN,,1.3049999475479126,1.309999942779541,1.2999999523162842,1.2999999523162842,7158.0
2026-08-05 10:24:00,OCS,,12.319999694824219,12.329999923706055,12.319999694824219,12.329999923706055,1092.0
2026-08-05 10:24:00,OCSL,,12.194999694824219,12.194999694824219,12.194999694824219,12.194999694824219,377.0
2026-08-05 10:24:00,OCUL,,8.6850004196167,8.6850004196167,8.65999984741211,8.65999984741211,4100.0
2026-08-05 10:24:00,ODD,,15.260000228881836,15.3100004196167,15.260000228881836,15.3100004196167,2300.0
2026-08-05 10:24:00,ODFL,,218.62399291992188,218.62399291992188,218.51499938964844,218.51499938964844,1329.0
2026-08-05 10:24:00,OESX,,16.489999771118164,16.773000717163086,16.450000762939453,16.735000610351562,2749.0
2026-08-05 10:24:00,OGI,,0.9700000286102295,0.9700000286102295,0.9699000120162964,0.9699000120162964,772.0
2026-08-05 10:24:00,OKTA,,149.61000061035156,150.0,149.60000610351562,150.0,2494.0
2026-08-05 10:24:00,OLLI,,78.62000274658203,78.62000274658203,78.6050033569336,78.62000274658203,1508.0
2026-08-05 10:24:00,OLMA,,11.779899597167969,11.779899597167969,11.779899597167969,11.779899597167969,693.0
2026-08-05 10:24:00,OM,,5.050000190734863,5.070000171661377,5.050000190734863,5.070000171661377,808.0
2026-08-05 10:24:00,OMER,,13.0600004196167,13.0600004196167,13.03499984741211,13.03499984741211,1251.0
2026-08-05 10:24:00,OMH,,0.11089999973773956,0.11089999973773956,0.10899999737739563,0.10899999737739563,33068.0
2026-08-05 10:24:00,ON,,78.31999969482422,78.46499633789062,78.08999633789062,78.0999984741211,64738.0
2026-08-05 10:24:00,ONB,,27.18000030517578,27.18000030517578,27.15999984741211,27.15999984741211,5855.0
2026-08-05 10:24:00,ONDS,,8.960100173950195,8.975000381469727,8.920000076293945,8.939900398254395,92597.0
2026-08-05 10:24:00,ONFO,,0.07259999960660934,0.07289999723434448,0.07240000367164612,0.07280000299215317,259250.0
2026-08-05 10:24:00,OPCH,,23.459999084472656,23.459999084472656,23.459999084472656,23.459999084472656,2659.0
2026-08-05 10:24:00,OPEN,,3.8350000381469727,3.8399999141693115,3.815000057220459,3.815000057220459,204499.0
2026-08-05 10:24:00,OPI,,18.809999465942383,18.84000015258789,18.600000381469727,18.84000015258789,1785.0
2026-08-05 10:24:00,OPK,,1.3099000453948975,1.309999942779541,1.3049999475479126,1.309999942779541,20165.0
2026-08-05 10:24:00,OPRT,,6.21999979019165,6.21999979019165,6.210000038146973,6.210000038146973,8647.0
2026-08-05 10:24:00,ORIC,,13.5,13.546699523925781,13.5,13.546699523925781,969.0
2026-08-05 10:24:00,ORLY,,93.91000366210938,93.93000030517578,93.86000061035156,93.93000030517578,10280.0
2026-08-05 10:24:00,OSBC,,25.90999984741211,25.90999984741211,25.899999618530273,25.899999618530273,1187.0
2026-08-05 10:24:00,OSPN,,16.850000381469727,16.8799991607666,16.770700454711914,16.770700454711914,4034.0
2026-08-05 10:24:00,OSS,,13.970000267028809,13.970000267028809,13.770099639892578,13.880000114440918,19956.0
2026-08-05 10:24:00,OSUR,,4.195000171661377,4.195000171661377,4.195000171661377,4.195000171661377,605.0
2026-08-05 10:24:00,OTEX,,26.09000015258789,26.1299991607666,26.09000015258789,26.1299991607666,1909.0
2026-08-05 10:24:00,OTLK,,1.0322999954223633,1.0399999618530273,1.0299999713897705,1.034999966621399,22917.0
2026-08-05 10:24:00,OVID,,2.625,2.625,2.619999885559082,2.619999885559082,1429.0
2026-08-05 10:24:00,OXLC,,9.0802001953125,9.0802001953125,9.0802001953125,9.0802001953125,225.0
2026-08-05 10:24:00,OXSQ,,1.4900000095367432,1.4900000095367432,1.4850000143051147,1.4850000143051147,717.0
2026-08-05 10:24:00,PAA,,23.270000457763672,23.30500030517578,23.270000457763672,23.30500030517578,2884.0
2026-08-05 10:24:00,PAAS,,48.15999984741211,48.20000076293945,48.03068923950195,48.03068923950195,16070.0
2026-08-05 10:24:00,PACB,,1.4500000476837158,1.4550000429153442,1.4500000476837158,1.4500000476837158,5286.0
2026-08-05 10:24:00,PAGP,,25.190000534057617,25.229999542236328,25.190000534057617,25.229999542236328,2227.0
2026-08-05 10:24:00,PALI,,2.0950000286102295,2.0999999046325684,2.0910000801086426,2.0910000801086426,6685.0
2026-08-05 10:24:00,PANL,,7.340000152587891,7.340000152587891,7.340000152587891,7.340000152587891,523.0
2026-08-05 10:24:00,PANW,,371.0899963378906,372.739990234375,371.04998779296875,372.2699890136719,18817.0
2026-08-05 10:24:00,PATK,,88.38999938964844,88.38999938964844,88.38999938964844,88.38999938964844,539.0
2026-08-05 10:24:00,PAX,,11.430000305175781,11.430000305175781,11.430000305175781,11.430000305175781,480.0
2026-08-05 10:24:00,PAYO,,7.130000114440918,7.130000114440918,7.130000114440918,7.130000114440918,535.0
2026-08-05 10:24:00,PAYS,,9.329999923706055,9.329999923706055,9.289999961853027,9.289999961853027,2671.0
2026-08-05 10:24:00,PAYX,,118.375,118.44999694824219,118.3499984741211,118.41000366210938,2086.0
2026-08-05 10:24:00,PBYI,,8.020000457763672,8.020000457763672,8.020000457763672,8.020000457763672,215.0
2026-08-05 10:24:00,PCAR,,136.13499450683594,136.2100067138672,135.9199981689453,136.10499572753906,34502.0
2026-08-05 10:24:00,PCRX,,25.299999237060547,25.3799991607666,25.299999237060547,25.329999923706055,4521.0
2026-08-05 10:24:00,PCT,,6.940000057220459,6.949900150299072,6.925000190734863,6.934999942779541,12924.0
2026-08-05 10:24:00,PCTY,,148.5449981689453,148.89999389648438,148.52000427246094,148.52000427246094,1753.0
2026-08-05 10:24:00,PDD,,91.91999816894531,91.91999816894531,91.86000061035156,91.87000274658203,7633.0
2026-08-05 10:24:00,PDFS,,50.4900016784668,50.5,50.47999954223633,50.47999954223633,2263.0
2026-08-05 10:24:00,PEBO,,41.86000061035156,41.86000061035156,41.81999969482422,41.81999969482422,701.0
2026-08-05 10:24:00,PECO,,41.4900016784668,41.4900016784668,41.4900016784668,41.4900016784668,213.0
2026-08-05 10:24:00,PEGA,,31.774999618530273,31.920000076293945,31.774999618530273,31.920000076293945,3692.0
2026-08-05 10:24:00,PENN,,20.049999237060547,20.049999237060547,20.049999237060547,20.049999237060547,408.0
2026-08-05 10:24:00,PEP,,138.72999572753906,138.75999450683594,138.6300048828125,138.7100067138672,17037.0
2026-08-05 10:24:00,PEPG,,1.909999966621399,1.909999966621399,1.909999966621399,1.909999966621399,5709.0
2026-08-05 10:24:00,PERI,,9.670000076293945,9.699999809265137,9.649999618530273,9.699999809265137,3338.0
2026-08-05 10:24:00,PFG,,115.73999786376953,115.74500274658203,115.73999786376953,115.74500274658203,604.0
2026-08-05 10:24:00,PGC,,46.880001068115234,46.880001068115234,46.849998474121094,46.880001068115234,1275.0
2026-08-05 10:24:00,PGEN,,6.985000133514404,7.005000114440918,6.965000152587891,6.989999771118164,67936.0
2026-08-05 10:24:00,PGY,,21.739999771118164,21.760000228881836,21.704999923706055,21.704999923706055,6174.0
2026-08-05 10:24:00,PHIO,,1.0800000429153442,1.0800000429153442,1.0800000429153442,1.0800000429153442,102.0
2026-08-05 10:24:00,PLAB,,32.18000030517578,32.18000030517578,32.119998931884766,32.119998931884766,3551.0
2026-08-05 10:24:00,PLPC,,461.2200012207031,461.2200012207031,461.20001220703125,461.20001220703125,705.0
2026-08-05 10:24:00,PLUG,,2.1298000812530518,2.130000114440918,2.119999885559082,2.119999885559082,77131.0
2026-08-05 10:24:00,PMEC,,0.4205999970436096,0.4205999970436096,0.4205999970436096,0.4205999970436096,953.0
2026-08-05 10:24:00,PNFP,,108.2249984741211,108.2249984741211,107.875,107.87999725341797,6433.0
2026-08-05 10:24:00,PNTG,,38.90999984741211,38.90999984741211,38.880001068115234,38.880001068115234,870.0
2026-08-05 10:24:00,POET,,8.350000381469727,8.380000114440918,8.324999809265137,8.324999809265137,62317.0
2026-08-05 10:24:00,POOL,,204.0800018310547,204.0800018310547,204.0800018310547,204.0800018310547,558.0
2026-08-05 10:24:00,POWI,,62.79999923706055,62.869998931884766,62.79999923706055,62.869998931884766,1406.0
2026-08-05 10:24:00,POWL,,212.42999267578125,212.5449981689453,211.55499267578125,211.55499267578125,4160.0
2026-08-05 10:24:00,PPC,,26.93000030517578,26.93000030517578,26.875,26.920000076293945,6478.0
2026-08-05 10:24:00,PPTA,,22.829999923706055,22.84000015258789,22.739999771118164,22.739999771118164,6745.0
2026-08-05 10:24:00,PRCH,,16.239999771118164,16.239999771118164,16.239999771118164,16.239999771118164,427.0
2026-08-05 10:24:00,PRCT,,19.200000762939453,19.200000762939453,19.06999969482422,19.06999969482422,16305.0
2026-08-05 10:24:00,PRIM,,90.33000183105469,90.36000061035156,90.19999694824219,90.19999694824219,3309.0
2026-08-05 10:24:00,PRME,,3.009999990463257,3.009999990463257,3.009999990463257,3.009999990463257,7540.0
2026-08-05 10:24:00,PRQR,,1.9199999570846558,1.929800033569336,1.9199999570846558,1.929800033569336,1531.0
2026-08-05 10:24:00,PRSO,,0.7038999795913696,0.7038999795913696,0.7038999795913696,0.7038999795913696,2375.0
2026-08-05 10:24:00,PRTA,,8.630000114440918,8.630000114440918,8.630000114440918,8.630000114440918,577.0
2026-08-05 10:24:00,PRZO,,0.5494999885559082,0.5494999885559082,0.5494999885559082,0.5494999885559082,1012.0
2026-08-05 10:24:00,PSEC,,2.2100000381469727,2.2100000381469727,2.200000047683716,2.2049999237060547,7634.0
2026-08-05 10:24:00,PSNL,,13.65999984741211,13.65999984741211,13.640000343322754,13.65999984741211,5902.0
2026-08-05 10:24:00,PTC,,142.63999938964844,142.63999938964844,142.38999938964844,142.5,1617.0
2026-08-05 10:24:00,PTCT,,69.88999938964844,69.88999938964844,69.79000091552734,69.80000305175781,4665.0
2026-08-05 10:24:00,PTEN,,9.90999984741211,9.9350004196167,9.90999984741211,9.925000190734863,12786.0
2026-08-05 10:24:00,PTLO,,4.610000133514404,4.614999771118164,4.610000133514404,4.614999771118164,1651.0
2026-08-05 10:24:00,PTON,,6.5,6.510000228881836,6.5,6.510000228881836,4913.0
2026-08-05 10:24:00,PYPL,,58.790000915527344,58.82500076293945,58.775001525878906,58.81999969482422,10357.0
2026-08-05 10:24:00,PYXS,,3.2799999713897705,3.2899999618530273,3.2799999713897705,3.2899999618530273,2368.0
2026-08-05 10:24:00,PZZA,,30.950000762939453,30.950000762939453,30.940000534057617,30.940000534057617,505.0
2026-08-05 10:24:00,QCOM,,159.74000549316406,159.8699951171875,159.4199981689453,159.49000549316406,17503.0
2026-08-05 10:24:00,QFIN,,13.425000190734863,13.430000305175781,13.425000190734863,13.425000190734863,791.0
2026-08-05 10:24:00,QRVO,,94.88999938964844,94.9000015258789,94.80500030517578,94.80500030517578,1113.0
2026-08-05 10:24:00,SEED,,0.9452999830245972,0.9502000212669373,0.9452999830245972,0.9502000212669373,6005.0
2026-08-05 10:24:00,STIM,,2.309999942779541,2.309999942779541,2.3099000453948975,2.3099000453948975,538.0
2026-08-05 10:24:00,TARA,,4.090000152587891,4.090000152587891,4.090000152587891,4.090000152587891,645.0
2026-08-05 10:24:00,WOOF,,2.9509999752044678,2.9600000381469727,2.9509999752044678,2.9600000381469727,4171.0
2026-08-05 10:25:00,ACDC,,4.284999847412109,4.284999847412109,4.284999847412109,4.284999847412109,991.0
2026-08-05 10:25:00,BPOP,,177.90499877929688,177.99000549316406,177.86000061035156,177.99000549316406,2238.0
2026-08-05 10:25:00,CASH,,90.0895004272461,90.0895004272461,90.0895004272461,90.0895004272461,431.0
2026-08-05 10:25:00,CNXN,,84.45999908447266,84.45999908447266,83.69000244140625,83.69000244140625,2368.0
2026-08-05 10:25:00,EYE,,23.55500030517578,23.68000030517578,23.530000686645508,23.649999618530273,15707.0
2026-08-05 10:25:00,GLUE,,16.18000030517578,16.21500015258789,16.18000030517578,16.21500015258789,843.0
2026-08-05 10:25:00,KIDS,,21.774999618530273,21.774999618530273,21.774999618530273,21.774999618530273,396.0
2026-08-05 10:25:00,LUNG,,1.8799999952316284,1.8849999904632568,1.8799999952316284,1.8799999952316284,1353.0
2026-08-05 10:25:00,MBRX,,0.4099000096321106,0.4099000096321106,0.4023999869823456,0.4023999869823456,710.0
2026-08-05 10:25:00,MDB,,380.5299987792969,380.5675048828125,380.1199951171875,380.1199951171875,2283.0
2026-08-05 10:25:00,MDLZ,,61.81999969482422,61.880001068115234,61.79999923706055,61.880001068115234,10387.0
2026-08-05 10:25:00,MNPR,,116.7699966430664,116.7699966430664,116.7699966430664,116.7699966430664,191.0
2026-08-05 10:25:00,MNRO,,13.319999694824219,13.354999542236328,13.319999694824219,13.34000015258789,4345.0
2026-08-05 10:25:00,MNST,,95.0999984741211,95.13500213623047,95.0999984741211,95.12000274658203,2987.0
2026-08-05 10:25:00,MNTS,,4.380000114440918,4.380000114440918,4.360000133514404,4.375,3720.0
2026-08-05 10:25:00,MOVE,,12.024999618530273,12.024999618530273,12.024999618530273,12.024999618530273,1831.0
2026-08-05 10:25:00,MPWR,,1330.760009765625,1335.7900390625,1330.760009765625,1332.9000244140625,1509.0
2026-08-05 10:25:00,MRNA,,59.02000045776367,59.02000045776367,58.849998474121094,58.849998474121094,7077.0
2026-08-05 10:25:00,MYGN,,3.2049999237060547,3.2049999237060547,3.2049999237060547,3.2049999237060547,1671.0
2026-08-05 10:25:00,MYPS,,0.7470999956130981,0.7470999956130981,0.7470999956130981,0.7470999956130981,22.0
2026-08-05 10:25:00,MYRG,,343.4800109863281,343.4800109863281,343.4800109863281,343.4800109863281,56.0
2026-08-05 10:25:00,NAMS,,27.059999465942383,27.110000610351562,27.05500030517578,27.05500030517578,3127.0
2026-08-05 10:25:00,NAVI,,9.109999656677246,9.109999656677246,9.109999656677246,9.109999656677246,1280.0
2026-08-05 10:25:00,NB,,5.139999866485596,5.150000095367432,5.125,5.125,6755.0
2026-08-05 10:25:00,NBTB,,53.654998779296875,53.654998779296875,53.56800079345703,53.56800079345703,1230.0
2026-08-05 10:25:00,NCMI,,4.125,4.125,4.125,4.125,1639.0
2026-08-05 10:25:00,NDAQ,,95.41500091552734,95.48639678955078,95.38500213623047,95.48500061035156,7370.0
2026-08-05 10:25:00,NDLS,,18.354999542236328,18.3799991607666,18.1200008392334,18.1200008392334,2181.0
2026-08-05 10:25:00,NEO,,16.2450008392334,16.25,16.229999542236328,16.229999542236328,2784.0
2026-08-05 10:25:00,NEOG,,11.734999656677246,11.734999656677246,11.729999542236328,11.729999542236328,2330.0
2026-08-05 10:25:00,NEOV,,2.893899917602539,2.8951001167297363,2.890000104904175,2.890000104904175,7983.0
2026-08-05 10:25:00,NESR,,28.969999313354492,28.969999313354492,28.8700008392334,28.959999084472656,2182.0
2026-08-05 10:25:00,NEWT,,15.399999618530273,15.399999618530273,15.399999618530273,15.399999618530273,885.0
2026-08-05 10:25:00,NEXT,,6.420000076293945,6.425000190734863,6.420000076293945,6.420000076293945,2629.0
2026-08-05 10:25:00,NFE,,0.33809998631477356,0.3391999900341034,0.336899995803833,0.336899995803833,60577.0
2026-08-05 10:25:00,NFLX,,74.05010223388672,74.11499786376953,74.05000305175781,74.08000183105469,42286.0
2026-08-05 10:25:00,NKSH,,40.71500015258789,40.71500015258789,40.71500015258789,40.71500015258789,745.0
2026-08-05 10:25:00,NKTX,,2.190000057220459,2.190000057220459,2.190000057220459,2.190000057220459,3145.0
2026-08-05 10:25:00,NMFC,,7.394999980926514,7.394999980926514,7.394999980926514,7.394999980926514,167.0
2026-08-05 10:25:00,NMRK,,15.739999771118164,15.739999771118164,15.739999771118164,15.739999771118164,195.0
2026-08-05 10:25:00,NN,,14.350000381469727,14.364999771118164,14.3149995803833,14.329999923706055,6182.0
2026-08-05 10:25:00,NNBR,,3.865000009536743,3.865000009536743,3.860100030899048,3.860100030899048,727.0
2026-08-05 10:25:00,NNDM,,1.5549999475479126,1.558899998664856,1.5549999475479126,1.5549999475479126,7326.0
2026-08-05 10:25:00,NNOX,,1.0199999809265137,1.0299999713897705,1.0149999856948853,1.0299999713897705,13650.0
2026-08-05 10:25:00,NPCE,,13.645000457763672,13.645000457763672,13.645000457763672,13.645000457763672,102.0
2026-08-05 10:25:00,NRDS,,9.194999694824219,9.194999694824219,9.194999694824219,9.194999694824219,1030.0
2026-08-05 10:25:00,NRIX,,25.1299991607666,25.1299991607666,25.1299991607666,25.1299991607666,758.0
2026-08-05 10:25:00,NRSN,,0.6000000238418579,0.6000000238418579,0.5999000072479248,0.5999000072479248,1178.0
2026-08-05 10:25:00,NRXP,,3.0399999618530273,3.0399999618530273,3.0350000858306885,3.0350000858306885,1433.0
2026-08-05 10:25:00,NTAP,,191.83999633789062,192.00750732421875,191.24000549316406,191.3300018310547,16933.0
2026-08-05 10:25:00,NTES,,128.2899932861328,128.3699951171875,128.2899932861328,128.3699951171875,1957.0
2026-08-05 10:25:00,NTGR,,24.020000457763672,24.05500030517578,24.020000457763672,24.05500030517578,829.0
2026-08-05 10:25:00,NTNX,,61.20000076293945,61.23500061035156,61.130001068115234,61.130001068115234,4668.0
2026-08-05 10:25:00,NTRA,,279.57501220703125,279.6499938964844,279.2799987792969,279.2799987792969,2315.0
2026-08-05 10:25:00,NUWE,,1.8200000524520874,1.840000033378601,1.8200000524520874,1.840000033378601,6183.0
2026-08-05 10:25:00,NVAX,,7.730000019073486,7.735000133514404,7.730000019073486,7.730000019073486,2234.0
2026-08-05 10:25:00,NVCR,,16.059999465942383,16.059999465942383,16.045000076293945,16.045000076293945,2209.0
2026-08-05 10:25:00,NVCT,,20.050100326538086,20.09000015258789,20.050100326538086,20.09000015258789,824.0
2026-08-05 10:25:00,NVDA,,221.57000732421875,221.97999572753906,221.52000427246094,221.6699981689453,464835.0
2026-08-05 10:25:00,NVMI,,412.5249938964844,413.1400146484375,411.5400085449219,411.9750061035156,1863.0
2026-08-05 10:25:00,NVNI,,1.149999976158142,1.149999976158142,1.149999976158142,1.149999976158142,1056.0
2026-08-05 10:25:00,NVTS,,12.65999984741211,12.6899995803833,12.630000114440918,12.645000457763672,29159.0
2026-08-05 10:25:00,NWBI,,16.010099411010742,16.010099411010742,16.010099411010742,16.010099411010742,912.0
2026-08-05 10:25:00,NWE,,69.23999786376953,69.23999786376953,69.20999908447266,69.20999908447266,701.0
2026-08-05 10:25:00,NWL,,6.039999961853027,6.049900054931641,6.039999961853027,6.039999961853027,25282.0
2026-08-05 10:25:00,NWS,,32.599998474121094,32.619998931884766,32.599998474121094,32.61000061035156,1678.0
2026-08-05 10:25:00,NWSA,,28.450000762939453,28.469999313354492,28.450000762939453,28.46500015258789,6450.0
2026-08-05 10:25:00,NXPI,,231.7949981689453,232.22500610351562,231.55999755859375,231.57000732421875,6162.0
2026-08-05 10:25:00,NXT,,99.05000305175781,99.1449966430664,98.875,98.875,1920.0
2026-08-05 10:25:00,NXTC,,5.590000152587891,5.605000019073486,5.570000171661377,5.605000019073486,5865.0
2026-08-05 10:25:00,NYXH,,1.4199999570846558,1.4199999570846558,1.4199999570846558,1.4199999570846558,458.0
2026-08-05 10:25:00,OBIO,,4.159999847412109,4.170000076293945,4.159999847412109,4.170000076293945,1120.0
2026-08-05 10:25:00,OCC,,15.920100212097168,15.920100212097168,15.920100212097168,15.920100212097168,2649.0
2026-08-05 10:25:00,OCFC,,19.895000457763672,19.895000457763672,19.889999389648438,19.889999389648438,1393.0
2026-08-05 10:25:00,OCGN,,1.2999999523162842,1.309999942779541,1.2999999523162842,1.3049999475479126,3510.0
2026-08-05 10:25:00,OCS,,12.329999923706055,12.329999923706055,12.329999923706055,12.329999923706055,200.0
2026-08-05 10:25:00,OCUL,,8.6899995803833,8.6899995803833,8.6899995803833,8.6899995803833,323.0
2026-08-05 10:25:00,ODD,,15.260000228881836,15.260000228881836,15.260000228881836,15.260000228881836,622.0
2026-08-05 10:25:00,ODFL,,218.50999450683594,218.50999450683594,218.3699951171875,218.3699951171875,1604.0
2026-08-05 10:25:00,OESX,,16.492799758911133,16.625,16.459999084472656,16.459999084472656,1531.0
2026-08-05 10:25:00,OKTA,,149.55999755859375,149.61000061035156,149.55999755859375,149.61000061035156,479.0
2026-08-05 10:25:00,OLLI,,78.83000183105469,78.88999938964844,78.68000030517578,78.73999786376953,12994.0
2026-08-05 10:25:00,OMCL,,36.959999084472656,36.959999084472656,36.959999084472656,36.959999084472656,127.0
2026-08-05 10:25:00,OMER,,13.079999923706055,13.100000381469727,13.069999694824219,13.069999694824219,12189.0
2026-08-05 10:25:00,OMH,,0.10999999940395355,0.11050000041723251,0.10999999940395355,0.11050000041723251,5740.0
2026-08-05 10:25:00,ON,,78.23999786376953,78.55999755859375,78.23999786376953,78.23999786376953,27590.0
2026-08-05 10:25:00,ONB,,27.174999237060547,27.174999237060547,27.170000076293945,27.170000076293945,2420.0
2026-08-05 10:25:00,ONBPO,,24.760000228881836,24.760000228881836,24.760000228881836,24.760000228881836,0.0
2026-08-05 10:25:00,ONCY,,0.7907999753952026,0.792900025844574,0.7900000214576721,0.792900025844574,22822.0
2026-08-05 10:25:00,ONDS,,8.95989990234375,8.989999771118164,8.949999809265137,8.960100173950195,118132.0
2026-08-05 10:25:00,ONFO,,0.07329999655485153,0.07349999994039536,0.07270000129938126,0.07270000129938126,87054.0
2026-08-05 10:25:00,OPCH,,23.5,23.5,23.4950008392334,23.4950008392334,2686.0
2026-08-05 10:25:00,OPEN,,3.815000057220459,3.8450000286102295,3.815000057220459,3.8336000442504883,156536.0
2026-08-05 10:25:00,OPI,,18.899999618530273,18.899999618530273,18.829999923706055,18.829999923706055,1895.0
2026-08-05 10:25:00,OPK,,1.309999942779541,1.315000057220459,1.309999942779541,1.309999942779541,16915.0
2026-08-05 10:25:00,OPRA,,20.25,20.25,20.235000610351562,20.235000610351562,2254.0
2026-08-05 10:25:00,OPRX,,6.809599876403809,6.809599876403809,6.809599876403809,6.809599876403809,592.0
2026-08-05 10:25:00,ORGO,,2.384999990463257,2.384999990463257,2.384999990463257,2.384999990463257,562.0
2026-08-05 10:25:00,ORIC,,13.520000457763672,13.520000457763672,13.520000457763672,13.520000457763672,412.0
2026-08-05 10:25:00,ORLY,,93.94999694824219,93.94999694824219,93.91000366210938,93.91000366210938,9977.0
2026-08-05 10:25:00,ORMP,,4.496300220489502,4.496300220489502,4.496300220489502,4.496300220489502,547.0
2026-08-05 10:25:00,ORRF,,43.43000030517578,43.43000030517578,43.43000030517578,43.43000030517578,1482.0
2026-08-05 10:25:00,OSIS,,235.89999389648438,235.89999389648438,235.29249572753906,235.29249572753906,292.0
2026-08-05 10:25:00,OSPN,,16.84000015258789,16.850000381469727,16.84000015258789,16.850000381469727,1290.0
2026-08-05 10:25:00,OSS,,14.0,14.0,13.979900360107422,13.979900360107422,6805.0
2026-08-05 10:25:00,OSW,,26.700000762939453,26.700000762939453,26.670000076293945,26.670000076293945,733.0
2026-08-05 10:25:00,OTEX,,26.110000610351562,26.110000610351562,26.09000015258789,26.100000381469727,2127.0
2026-08-05 10:25:00,OTLK,,1.0399999618530273,1.0399999618530273,1.0299999713897705,1.031999945640564,5112.0
2026-08-05 10:25:00,OTLY,,14.356100082397461,14.385000228881836,14.356100082397461,14.385000228881836,673.0
2026-08-05 10:25:00,OVID,,2.619999885559082,2.625,2.619999885559082,2.625,838.0
2026-08-05 10:25:00,OXLC,,9.085000038146973,9.09000015258789,9.085000038146973,9.085000038146973,12067.0
2026-08-05 10:25:00,OXSQ,,1.4800000190734863,1.4850000143051147,1.4800000190734863,1.4850000143051147,7324.0
2026-08-05 10:25:00,PAA,,23.25,23.270000457763672,23.25,23.260000228881836,4840.0
2026-08-05 10:25:00,PAAS,,48.2400016784668,48.279998779296875,48.130001068115234,48.13999938964844,31220.0
2026-08-05 10:25:00,PACB,,1.4550000429153442,1.4600000381469727,1.4500000476837158,1.4500000476837158,27169.0
2026-08-05 10:25:00,PAGP,,25.15999984741211,25.189699172973633,25.15999984741211,25.18000030517578,3867.0
2026-08-05 10:25:00,PANL,,7.349899768829346,7.349899768829346,7.340000152587891,7.340000152587891,1614.0
2026-08-05 10:25:00,PANW,,371.1700134277344,371.5299072265625,370.6881103515625,371.0321960449219,13144.0
2026-08-05 10:25:00,PATK,,88.77999877929688,88.77999877929688,88.5,88.5,1928.0
2026-08-05 10:25:00,PAX,,11.4350004196167,11.4399995803833,11.425000190734863,11.425000190734863,2309.0
2026-08-05 10:25:00,PAYO,,7.119999885559082,7.130000114440918,7.119999885559082,7.130000114440918,3886.0
2026-08-05 10:25:00,PAYS,,9.350000381469727,9.350000381469727,9.335000038146973,9.335000038146973,1850.0
2026-08-05 10:25:00,PAYX,,118.2249984741211,118.37000274658203,118.2249984741211,118.37000274658203,2190.0
2026-08-05 10:25:00,PBYI,,8.039999961853027,8.039999961853027,8.029999732971191,8.029999732971191,2820.0
2026-08-05 10:25:00,PCAR,,135.9499969482422,136.32000732421875,135.9499969482422,136.32000732421875,27510.0
2026-08-05 10:25:00,PCRX,,25.46500015258789,25.46500015258789,25.2987003326416,25.2987003326416,14119.0
2026-08-05 10:25:00,PCT,,6.945000171661377,6.949999809265137,6.945000171661377,6.949999809265137,1854.0
2026-08-05 10:25:00,PCTY,,148.5,148.94000244140625,148.10000610351562,148.83999633789062,2420.0
2026-08-05 10:25:00,PDD,,91.91000366210938,91.9800033569336,91.91000366210938,91.93000030517578,12353.0
2026-08-05 10:25:00,PDEX,,68.0,68.0,67.9749984741211,67.9749984741211,1311.0
2026-08-05 10:25:00,PECO,,41.470001220703125,41.470001220703125,41.470001220703125,41.470001220703125,450.0
2026-08-05 10:25:00,PENN,,19.97010040283203,20.06999969482422,19.97010040283203,20.049999237060547,13017.0
2026-08-05 10:25:00,PEP,,138.5500030517578,138.72999572753906,138.5500030517578,138.72999572753906,8230.0
2026-08-05 10:25:00,PERI,,9.65999984741211,9.670000076293945,9.65999984741211,9.670000076293945,821.0
2026-08-05 10:25:00,PESI,,17.790000915527344,17.790000915527344,17.790000915527344,17.790000915527344,1715.0
2026-08-05 10:25:00,PFG,,115.70999908447266,115.70999908447266,115.70999908447266,115.70999908447266,679.0
2026-08-05 10:25:00,PGC,,46.849998474121094,46.849998474121094,46.849998474121094,46.849998474121094,1778.0
2026-08-05 10:25:00,PGEN,,6.985000133514404,6.994999885559082,6.929999828338623,6.985000133514404,44339.0
2026-08-05 10:25:00,PGY,,21.729999542236328,21.774999618530273,21.729999542236328,21.744300842285156,1217.0
2026-08-05 10:25:00,PHAT,,8.59000015258789,8.604999542236328,8.59000015258789,8.604999542236328,1809.0
2026-08-05 10:25:00,PHIO,,1.0800000429153442,1.0800000429153442,1.0800000429153442,1.0800000429153442,200.0
2026-08-05 10:25:00,PLBY,,1.2302000522613525,1.2350000143051147,1.2302000522613525,1.2350000143051147,1513.0
2026-08-05 10:25:00,PLRX,,1.0549999475479126,1.0549999475479126,1.0549999475479126,1.0549999475479126,822.0
2026-08-05 10:25:00,PLSE,,37.63999938964844,37.720001220703125,37.63999938964844,37.709999084472656,630.0
2026-08-05 10:25:00,PLTK,,4.019999980926514,4.019999980926514,4.014999866485596,4.014999866485596,4885.0
2026-08-05 10:25:00,PLUG,,2.125,2.130000114440918,2.119999885559082,2.1236000061035156,25165.0
2026-08-05 10:25:00,PMVP,,1.1749999523162842,1.1749999523162842,1.1749999523162842,1.1749999523162842,200.0
2026-08-05 10:25:00,PNFP,,108.19999694824219,108.19999694824219,108.19999694824219,108.19999694824219,280.0
2026-08-05 10:25:00,PNTG,,38.90999984741211,38.939998626708984,38.83000183105469,38.834999084472656,6705.0
2026-08-05 10:25:00,POET,,8.369999885559082,8.395000457763672,8.341400146484375,8.350000381469727,29041.0
2026-08-05 10:25:00,POOL,,204.19000244140625,204.19000244140625,204.19000244140625,204.19000244140625,553.0
2026-08-05 10:25:00,POWI,,62.95000076293945,62.95000076293945,62.88999938964844,62.88999938964844,2441.0
2026-08-05 10:25:00,POWL,,212.44500732421875,212.44500732421875,212.44500732421875,212.44500732421875,298.0
2026-08-05 10:25:00,PPC,,26.950000762939453,26.950000762939453,26.940000534057617,26.940000534057617,1036.0
2026-08-05 10:25:00,PPTA,,22.860000610351562,22.889999389648438,22.829999923706055,22.829999923706055,4203.0
2026-08-05 10:25:00,PRAA,,17.604999542236328,17.604999542236328,17.604999542236328,17.604999542236328,206.0
2026-08-05 10:25:00,PRAX,,318.69989013671875,318.69989013671875,318.69989013671875,318.69989013671875,171.0
2026-08-05 10:25:00,PRCH,,16.25,16.260000228881836,16.239999771118164,16.239999771118164,1844.0
2026-08-05 10:25:00,PRCT,,18.989999771118164,19.15999984741211,18.940000534057617,19.149999618530273,23374.0
2026-08-05 10:25:00,PRE,,19.049999237060547,19.049999237060547,19.049999237060547,19.049999237060547,103.0
2026-08-05 10:25:00,PRFX,,1.1398999691009521,1.1398999691009521,1.1398999691009521,1.1398999691009521,0.0
2026-08-05 10:25:00,PRME,,3.015000104904175,3.015000104904175,3.0060999393463135,3.009999990463257,4359.0
2026-08-05 10:25:00,PRQR,,1.929800033569336,1.929800033569336,1.929800033569336,1.929800033569336,227.0
2026-08-05 10:25:00,PRSO,,0.7052000164985657,0.7052000164985657,0.7052000164985657,0.7052000164985657,403.0
2026-08-05 10:25:00,PRTA,,8.630000114440918,8.630000114440918,8.630000114440918,8.630000114440918,124.0
2026-08-05 10:25:00,PRZO,,0.5496000051498413,0.5496000051498413,0.5496000051498413,0.5496000051498413,243.0
2026-08-05 10:25:00,PSEC,,2.2100000381469727,2.2100000381469727,2.200000047683716,2.2000999450683594,10883.0
2026-08-05 10:25:00,PSMT,,194.70989990234375,194.70989990234375,194.70989990234375,194.70989990234375,385.0
2026-08-05 10:25:00,PSNL,,13.670000076293945,13.699999809265137,13.65999984741211,13.680000305175781,16768.0
2026-08-05 10:25:00,PSNY,,14.220000267028809,14.220000267028809,14.220000267028809,14.220000267028809,102.0
2026-08-05 10:25:00,PTC,,142.49000549316406,142.49000549316406,142.1199951171875,142.1199951171875,690.0
2026-08-05 10:25:00,PTCT,,69.98999786376953,69.98999786376953,69.98999786376953,69.98999786376953,315.0
2026-08-05 10:25:00,PTEN,,9.920000076293945,9.925000190734863,9.90999984741211,9.914999961853027,7730.0
2026-08-05 10:25:00,PTLO,,4.610000133514404,4.625,4.610000133514404,4.625,2489.0
2026-08-05 10:25:00,PTON,,6.519999980926514,6.53000020980835,6.5,6.505000114440918,99852.0
2026-08-05 10:25:00,PUBM,,13.755000114440918,13.755000114440918,13.75,13.75,1289.0
2026-08-05 10:25:00,PWP,,17.3700008392334,17.3799991607666,17.350000381469727,17.3799991607666,1735.0
2026-08-05 10:25:00,PYPD,,4.485000133514404,4.485000133514404,4.485000133514404,4.485000133514404,400.0
2026-08-05 10:25:00,PYPL,,58.75,58.79999923706055,58.75,58.790000915527344,11701.0
2026-08-05 10:25:00,PYXS,,3.2950000762939453,3.2950000762939453,3.2950000762939453,3.2950000762939453,260.0
2026-08-05 10:25:00,PZZA,,30.940000534057617,30.950000762939453,30.920000076293945,30.950000762939453,6377.0
2026-08-05 10:25:00,QCOM,,159.63999938964844,160.0399932861328,159.6300048828125,159.72509765625,16456.0
2026-08-05 10:25:00,QFIN,,13.4350004196167,13.4350004196167,13.4350004196167,13.4350004196167,308.0
2026-08-05 10:25:00,QRVO,,94.77999877929688,94.83000183105469,94.77999877929688,94.83000183105469,665.0
2026-08-05 10:25:00,STIM,,2.315000057220459,2.315000057220459,2.309999942779541,2.309999942779541,2386.0
2026-08-05 10:25:00,TARA,,4.050000190734863,4.090000152587891,4.050000190734863,4.090000152587891,30265.0
2026-08-05 10:26:00,ACDC,,4.275000095367432,4.28000020980835,4.275000095367432,4.28000020980835,2845.0
2026-08-05 10:26:00,BPOP,,177.84500122070312,177.85499572753906,177.84500122070312,177.85499572753906,434.0
2026-08-05 10:26:00,CASH,,89.77999877929688,89.77999877929688,89.77999877929688,89.77999877929688,346.0
2026-08-05 10:26:00,CNXN,,84.44999694824219,84.44999694824219,84.44999694824219,84.44999694824219,632.0
2026-08-05 10:26:00,DTIL,,7.554999828338623,7.554999828338623,7.554999828338623,7.554999828338623,520.0
2026-08-05 10:26:00,EYE,,23.510000228881836,23.55500030517578,23.5,23.55500030517578,5695.0
2026-08-05 10:26:00,FIZZ,,32.0,32.0,32.0,32.0,773.0
2026-08-05 10:26:00,FRST,,16.443599700927734,16.443599700927734,16.443599700927734,16.443599700927734,269.0
2026-08-05 10:26:00,GLUE,,16.18000030517578,16.209999084472656,16.18000030517578,16.190000534057617,1841.0
2026-08-05 10:26:00,KIDS,,21.774999618530273,21.774999618530273,21.774999618530273,21.774999618530273,115.0
2026-08-05 10:26:00,KTTA,,0.48100000619888306,0.48100000619888306,0.48100000619888306,0.48100000619888306,400.0
2026-08-05 10:26:00,LUNG,,1.8799999952316284,1.8799999952316284,1.875,1.875,4266.0
2026-08-05 10:26:00,MBRX,,0.4000999927520752,0.4050000011920929,0.4000000059604645,0.4050000011920929,5178.0
2026-08-05 10:26:00,MCRI,,124.63999938964844,124.63999938964844,124.63999938964844,124.63999938964844,742.0
2026-08-05 10:26:00,MDB,,380.9800109863281,380.9800109863281,380.4200134277344,380.75,1964.0
2026-08-05 10:26:00,MDLZ,,61.83000183105469,61.84989929199219,61.79999923706055,61.81999969482422,20574.0
2026-08-05 10:26:00,MLTX,,17.799999237060547,17.799999237060547,17.799999237060547,17.799999237060547,535.0
2026-08-05 10:26:00,MNPR,,116.7698974609375,116.7698974609375,116.7698974609375,116.7698974609375,498.0
2026-08-05 10:26:00,MNRO,,13.3149995803833,13.329999923706055,13.3100004196167,13.3100004196167,1777.0
2026-08-05 10:26:00,MNST,,95.06500244140625,95.09500122070312,95.02999877929688,95.08999633789062,4991.0
2026-08-05 10:26:00,MNTS,,4.386499881744385,4.3933000564575195,4.380000114440918,4.389999866485596,1804.0
2026-08-05 10:26:00,MNTSW,,0.007699999958276749,0.008500000461935997,0.007699999958276749,0.008500000461935997,25500.0
2026-08-05 10:26:00,MODD,,2.0899999141693115,2.0899999141693115,2.0899999141693115,2.0899999141693115,118.0
2026-08-05 10:26:00,MORN,,202.4600067138672,202.4600067138672,202.4600067138672,202.4600067138672,662.0
2026-08-05 10:26:00,MOVE,,12.0,12.0,11.970000267028809,11.970000267028809,2474.0
2026-08-05 10:26:00,MPAA,,13.800000190734863,13.800000190734863,13.670000076293945,13.670000076293945,505.0
2026-08-05 10:26:00,MPWR,,1329.260009765625,1331.6500244140625,1328.91748046875,1329.6600341796875,1254.0
2026-08-05 10:26:00,MRNA,,59.0099983215332,59.08000183105469,58.939998626708984,58.959999084472656,8664.0
2026-08-05 10:26:00,MYGN,,3.2149999141693115,3.2149999141693115,3.2100000381469727,3.2100000381469727,5437.0
2026-08-05 10:26:00,MYRG,,344.2099914550781,344.2099914550781,342.0835876464844,343.6700134277344,650.0
2026-08-05 10:26:00,NAMS,,27.1200008392334,27.139999389648438,27.05500030517578,27.05500030517578,3764.0
2026-08-05 10:26:00,NAVI,,9.098999977111816,9.098999977111816,9.095000267028809,9.095000267028809,446.0
2026-08-05 10:26:00,NB,,5.131199836730957,5.139999866485596,5.130000114440918,5.135000228881836,4949.0
2026-08-05 10:26:00,NBIX,,164.82000732421875,164.82000732421875,164.82000732421875,164.82000732421875,1294.0
2026-08-05 10:26:00,NBTB,,53.630001068115234,53.630001068115234,53.560001373291016,53.56999969482422,1838.0
2026-08-05 10:26:00,NDAQ,,95.4800033569336,95.5,95.44999694824219,95.47000122070312,2696.0
2026-08-05 10:26:00,NDSN,,311.80859375,311.80859375,311.29998779296875,311.79998779296875,1529.0
2026-08-05 10:26:00,NECB,,27.290000915527344,27.290000915527344,27.290000915527344,27.290000915527344,113.0
2026-08-05 10:26:00,NEGG,,16.760000228881836,16.889999389648438,16.760000228881836,16.889999389648438,864.0
2026-08-05 10:26:00,NEO,,16.25,16.260000228881836,16.25,16.25,2470.0
2026-08-05 10:26:00,NEOG,,11.734999656677246,11.734999656677246,11.734999656677246,11.734999656677246,836.0
2026-08-05 10:26:00,NEOV,,2.890000104904175,2.890000104904175,2.890000104904175,2.890000104904175,1222.0
2026-08-05 10:26:00,NESR,,28.95989990234375,28.959999084472656,28.88010025024414,28.88010025024414,1373.0
2026-08-05 10:26:00,NEXT,,6.425000190734863,6.425000190734863,6.420000076293945,6.420000076293945,5981.0
2026-08-05 10:26:00,NFLX,,74.05000305175781,74.08999633789062,74.02999877929688,74.05000305175781,48770.0
2026-08-05 10:26:00,NICE,,96.05000305175781,96.05000305175781,96.05000305175781,96.05000305175781,1126.0
2026-08-05 10:26:00,NKTR,,73.26000213623047,73.26000213623047,73.26000213623047,73.26000213623047,487.0
2026-08-05 10:26:00,NKTX,,2.200000047683716,2.200000047683716,2.200000047683716,2.200000047683716,201.0
2026-08-05 10:26:00,NMFC,,7.394999980926514,7.394999980926514,7.394999980926514,7.394999980926514,559.0
2026-08-05 10:26:00,NMIH,,44.525001525878906,44.525001525878906,44.525001525878906,44.525001525878906,645.0
2026-08-05 10:26:00,NMRA,,1.5750000476837158,1.5750000476837158,1.5750000476837158,1.5750000476837158,776.0
2026-08-05 10:26:00,NMRK,,15.71500015258789,15.739999771118164,15.71500015258789,15.729999542236328,4831.0
2026-08-05 10:26:00,NN,,14.345000267028809,14.359999656677246,14.315099716186523,14.329999923706055,6409.0
2026-08-05 10:26:00,NNBR,,3.869999885559082,3.869999885559082,3.869999885559082,3.869999885559082,294.0
2026-08-05 10:26:00,NNDM,,1.5549999475479126,1.559999942779541,1.5499999523162842,1.558899998664856,7700.0
2026-08-05 10:26:00,NNOX,,1.024999976158142,1.0299999713897705,1.0126999616622925,1.0126999616622925,3932.0
2026-08-05 10:26:00,NPCE,,13.570099830627441,13.824999809265137,13.570099830627441,13.645000457763672,5918.0
2026-08-05 10:26:00,NRDS,,9.194999694824219,9.194999694824219,9.194999694824219,9.194999694824219,458.0
2026-08-05 10:26:00,NRIM,,27.075000762939453,27.149999618530273,27.075000762939453,27.149999618530273,1282.0
2026-08-05 10:26:00,NRIX,,25.209999084472656,25.209999084472656,25.209999084472656,25.209999084472656,272.0
2026-08-05 10:26:00,NSSC,,40.314998626708984,40.314998626708984,40.2599983215332,40.2599983215332,802.0
2026-08-05 10:26:00,NTAP,,191.6699981689453,191.6750030517578,191.6300048828125,191.6300048828125,3670.0
2026-08-05 10:26:00,NTCT,,41.91999816894531,41.91999816894531,41.91999816894531,41.91999816894531,401.0
2026-08-05 10:26:00,NTGR,,24.020000457763672,24.020000457763672,24.020000457763672,24.020000457763672,460.0
2026-08-05 10:26:00,NTNX,,61.22999954223633,61.2400016784668,61.17499923706055,61.17499923706055,1308.0
2026-08-05 10:26:00,NTRA,,279.5799865722656,279.5799865722656,279.5799865722656,279.5799865722656,1153.0
2026-08-05 10:26:00,NTRS,,185.38499450683594,185.38499450683594,185.1999969482422,185.25999450683594,2323.0
2026-08-05 10:26:00,NUWE,,1.820099949836731,1.820099949836731,1.820099949836731,1.820099949836731,2036.0
2026-08-05 10:26:00,NVAX,,7.739999771118164,7.739999771118164,7.730000019073486,7.730000019073486,5137.0
2026-08-05 10:26:00,NVCR,,16.135000228881836,16.139999389648438,16.1299991607666,16.1299991607666,1810.0
2026-08-05 10:26:00,NVDA,,221.40499877929688,221.89999389648438,221.27499389648438,221.58999633789062,316721.0
2026-08-05 10:26:00,NVEC,,128.13479614257812,128.19000244140625,128.13479614257812,128.19000244140625,241.0
2026-08-05 10:26:00,NVMI,,411.9849853515625,412.5299987792969,411.4700012207031,411.8949890136719,2608.0
2026-08-05 10:26:00,NVTS,,12.649999618530273,12.680000305175781,12.61359977722168,12.649999618530273,29283.0
2026-08-05 10:26:00,NWBI,,15.994999885559082,16.010000228881836,15.989999771118164,16.010000228881836,3775.0
2026-08-05 10:26:00,NWL,,6.045000076293945,6.049900054931641,6.039999961853027,6.039999961853027,5865.0
2026-08-05 10:26:00,NWPX,,128.375,128.375,128.375,128.375,389.0
2026-08-05 10:26:00,NWS,,32.61000061035156,32.619998931884766,32.599998474121094,32.619998931884766,2399.0
2026-08-05 10:26:00,NWSA,,28.454999923706055,28.459999084472656,28.440000534057617,28.450000762939453,6172.0
2026-08-05 10:26:00,NXPI,,231.66000366210938,231.74000549316406,231.39500427246094,231.39500427246094,4510.0
2026-08-05 10:26:00,NXST,,194.0,194.0,194.0,194.0,1082.0
2026-08-05 10:26:00,NXT,,98.8949966430664,98.91999816894531,98.78009796142578,98.9000015258789,4310.0
2026-08-05 10:26:00,NXTC,,5.519999980926514,5.53000020980835,5.519999980926514,5.53000020980835,1039.0
2026-08-05 10:26:00,OABI,,2.010999917984009,2.010999917984009,2.009999990463257,2.009999990463257,1020.0
2026-08-05 10:26:00,OBIO,,4.159999847412109,4.169899940490723,4.159999847412109,4.164999961853027,813.0
2026-08-05 10:26:00,OCFC,,19.864999771118164,19.869800567626953,19.864999771118164,19.869800567626953,464.0
2026-08-05 10:26:00,OCGN,,1.2999999523162842,1.309999942779541,1.2999999523162842,1.2999999523162842,2168.0
2026-08-05 10:26:00,OCUL,,8.675000190734863,8.6899995803833,8.675000190734863,8.6850004196167,2119.0
2026-08-05 10:26:00,ODD,,15.210000038146973,15.220000267028809,15.210000038146973,15.220000267028809,805.0
2026-08-05 10:26:00,ODFL,,218.32000732421875,218.5050048828125,218.13009643554688,218.5050048828125,5345.0
2026-08-05 10:26:00,OESX,,16.690000534057617,16.700000762939453,16.5,16.600000381469727,2086.0
2026-08-05 10:26:00,OFIX,,11.180000305175781,11.180000305175781,11.09000015258789,11.09000015258789,523.0
2026-08-05 10:26:00,OKTA,,149.77000427246094,149.80999755859375,149.4600067138672,149.60000610351562,2991.0
2026-08-05 10:26:00,OLLI,,78.71499633789062,78.84500122070312,78.67500305175781,78.83000183105469,2919.0
2026-08-05 10:26:00,OLMA,,11.763899803161621,11.763899803161621,11.763899803161621,11.763899803161621,525.0
2026-08-05 10:26:00,OMCL,,37.040000915527344,37.040000915527344,37.0348014831543,37.0348014831543,469.0
2026-08-05 10:26:00,OMER,,13.069999694824219,13.069999694824219,13.069999694824219,13.069999694824219,1031.0
2026-08-05 10:26:00,OMEX,,0.7540000081062317,0.7540000081062317,0.7354999780654907,0.7354999780654907,927.0
2026-08-05 10:26:00,OMH,,0.11050000041723251,0.11050000041723251,0.10999999940395355,0.10999999940395355,5061.0
2026-08-05 10:26:00,ON,,78.19000244140625,78.36000061035156,78.11000061035156,78.19000244140625,31279.0
2026-08-05 10:26:00,ONB,,27.1200008392334,27.15999984741211,27.1200008392334,27.15999984741211,10859.0
2026-08-05 10:26:00,ONCY,,0.7900999784469604,0.7907999753952026,0.7900999784469604,0.7907999753952026,1098.0
2026-08-05 10:26:00,ONDS,,8.979999542236328,8.984999656677246,8.9350004196167,8.954999923706055,122082.0
2026-08-05 10:26:00,ONFO,,0.07490000128746033,0.07500000298023224,0.07320000231266022,0.07329999655485153,179900.0
2026-08-05 10:26:00,ONTX,,17.510000228881836,17.510000228881836,17.510000228881836,17.510000228881836,9507.0
2026-08-05 10:26:00,OPAL,,2.3306000232696533,2.3306000232696533,2.3306000232696533,2.3306000232696533,325.0
2026-08-05 10:26:00,OPCH,,23.5,23.514999389648438,23.5,23.514999389648438,614.0
2026-08-05 10:26:00,OPEN,,3.8450000286102295,3.8450000286102295,3.8101000785827637,3.819999933242798,140045.0
2026-08-05 10:26:00,OPHC,,8.8100004196167,8.8100004196167,8.8100004196167,8.8100004196167,367.0
2026-08-05 10:26:00,OPI,,18.860000610351562,18.860000610351562,18.860000610351562,18.860000610351562,944.0
2026-08-05 10:26:00,OPK,,1.309999942779541,1.3200000524520874,1.309999942779541,1.3114999532699585,5291.0
2026-08-05 10:26:00,OPRA,,20.260000228881836,20.260000228881836,20.260000228881836,20.260000228881836,1508.0
2026-08-05 10:26:00,OPRT,,6.260000228881836,6.260000228881836,6.260000228881836,6.260000228881836,725.0
2026-08-05 10:26:00,OPRX,,6.78000020980835,6.78000020980835,6.78000020980835,6.78000020980835,409.0
2026-08-05 10:26:00,ORGO,,2.3949999809265137,2.3949999809265137,2.384999990463257,2.384999990463257,3149.0
2026-08-05 10:26:00,ORIC,,13.534000396728516,13.609999656677246,13.489999771118164,13.489999771118164,71758.0
2026-08-05 10:26:00,ORLY,,93.83499908447266,93.94999694824219,93.83000183105469,93.88999938964844,15710.0
2026-08-05 10:26:00,ORMP,,4.480000019073486,4.480000019073486,4.4720001220703125,4.4720001220703125,502.0
2026-08-05 10:26:00,ORRF,,43.53990173339844,43.53990173339844,43.53990173339844,43.53990173339844,431.0
2026-08-05 10:26:00,OSBC,,25.889999389648438,25.899999618530273,25.889999389648438,25.899999618530273,848.0
2026-08-05 10:26:00,OSIS,,234.7050018310547,235.2899932861328,234.27000427246094,234.27000427246094,2016.0
2026-08-05 10:26:00,OSPN,,16.844999313354492,16.8700008392334,16.799999237060547,16.829999923706055,8985.0
2026-08-05 10:26:00,OSS,,13.972599983215332,13.972599983215332,13.9399995803833,13.970000267028809,5298.0
2026-08-05 10:26:00,OSUR,,4.20359992980957,4.20359992980957,4.20359992980957,4.20359992980957,521.0
2026-08-05 10:26:00,OSW,,26.665000915527344,26.665000915527344,26.665000915527344,26.665000915527344,219.0
2026-08-05 10:26:00,OTEX,,26.110000610351562,26.110000610351562,26.094999313354492,26.094999313354492,1496.0
2026-08-05 10:26:00,OTLK,,1.034999966621399,1.0399999618530273,1.0300999879837036,1.0302000045776367,6512.0
2026-08-05 10:26:00,OTLY,,14.369999885559082,14.369999885559082,14.369999885559082,14.369999885559082,453.0
2026-08-05 10:26:00,OTTR,,92.08499908447266,92.09750366210938,92.08499908447266,92.09750366210938,418.0
2026-08-05 10:26:00,OVID,,2.625,2.625,2.625,2.625,781.0
2026-08-05 10:26:00,OXLC,,9.079899787902832,9.079999923706055,9.074999809265137,9.079999923706055,9885.0
2026-08-05 10:26:00,OXSQ,,1.4850000143051147,1.4850000143051147,1.4800000190734863,1.4850000143051147,4550.0
2026-08-05 10:26:00,PAA,,23.273799896240234,23.273799896240234,23.260000228881836,23.264999389648438,3549.0
2026-08-05 10:26:00,PAAS,,48.21500015258789,48.2599983215332,48.189998626708984,48.2400016784668,23210.0
2026-08-05 10:26:00,PACB,,1.4550000429153442,1.4600000381469727,1.4500000476837158,1.4500000476837158,6155.0
2026-08-05 10:26:00,PAGP,,25.18000030517578,25.18000030517578,25.170000076293945,25.170000076293945,1171.0
2026-08-05 10:26:00,PALI,,2.095099925994873,2.095400094985962,2.0950000286102295,2.0950000286102295,5222.0
2026-08-05 10:26:00,PANW,,371.68499755859375,371.69500732421875,371.3500061035156,371.4200134277344,6068.0
2026-08-05 10:26:00,PATK,,88.63999938964844,88.63999938964844,88.63999938964844,88.63999938964844,188.0
2026-08-05 10:26:00,PAVS,,4.860099792480469,4.860099792480469,4.860000133514404,4.860000133514404,1662.0
2026-08-05 10:26:00,PAX,,11.421099662780762,11.430000305175781,11.421099662780762,11.430000305175781,1830.0
2026-08-05 10:26:00,PAYO,,7.130000114440918,7.130000114440918,7.119999885559082,7.130000114440918,3018.0
2026-08-05 10:26:00,PAYX,,118.16500091552734,118.29000091552734,118.16000366210938,118.16500091552734,2555.0
2026-08-05 10:26:00,PBYI,,8.023799896240234,8.023799896240234,8.023799896240234,8.023799896240234,684.0
2026-08-05 10:26:00,PCAR,,135.89999389648438,136.00999450683594,135.88999938964844,136.00999450683594,2855.0
2026-08-05 10:26:00,PCRX,,25.450000762939453,25.459999084472656,25.420000076293945,25.420000076293945,1865.0
2026-08-05 10:26:00,PCT,,6.925000190734863,6.954999923706055,6.925000190734863,6.940000057220459,6818.0
2026-08-05 10:26:00,PCTY,,147.48500061035156,147.97000122070312,147.48500061035156,147.97000122070312,501.0
2026-08-05 10:26:00,PDD,,91.86000061035156,91.93000030517578,91.86000061035156,91.91000366210938,33271.0
2026-08-05 10:26:00,PDFS,,50.709999084472656,50.724998474121094,50.709999084472656,50.724998474121094,937.0
2026-08-05 10:26:00,PEBO,,41.7859992980957,41.83000183105469,41.7859992980957,41.83000183105469,550.0
2026-08-05 10:26:00,PECO,,41.5,41.5,41.5,41.5,840.0
2026-08-05 10:26:00,PEGA,,31.84000015258789,31.84000015258789,31.84000015258789,31.84000015258789,309.0
2026-08-05 10:26:00,PENN,,19.959999084472656,19.96500015258789,19.959999084472656,19.959999084472656,3743.0
2026-08-05 10:26:00,PEP,,138.55999755859375,138.61500549316406,138.4300994873047,138.5614013671875,13477.0
2026-08-05 10:26:00,PERI,,9.664999961853027,9.664999961853027,9.65999984741211,9.65999984741211,644.0
2026-08-05 10:26:00,PESI,,17.850000381469727,17.850000381469727,17.78499984741211,17.78499984741211,5407.0
2026-08-05 10:26:00,PFG,,115.84989929199219,115.84989929199219,115.66999816894531,115.66999816894531,1969.0
2026-08-05 10:26:00,PGEN,,6.914999961853027,6.985000133514404,6.909999847412109,6.980000019073486,64671.0
2026-08-05 10:26:00,PGNY,,31.649999618530273,31.649999618530273,31.649999618530273,31.649999618530273,418.0
2026-08-05 10:26:00,PGY,,21.770000457763672,21.790000915527344,21.709999084472656,21.719999313354492,10161.0
2026-08-05 10:26:00,PHAT,,8.619999885559082,8.619999885559082,8.609999656677246,8.609999656677246,2300.0
2026-08-05 10:26:00,PLAB,,32.20500183105469,32.20500183105469,32.20000076293945,32.20000076293945,864.0
2026-08-05 10:26:00,PLBY,,1.2350000143051147,1.2350000143051147,1.2350000143051147,1.2350000143051147,331.0
2026-08-05 10:26:00,PLMR,,135.00999450683594,135.00999450683594,134.08999633789062,134.08999633789062,349.0
2026-08-05 10:26:00,PLPC,,462.5199890136719,462.5199890136719,462.5199890136719,462.5199890136719,290.0
2026-08-05 10:26:00,PLSE,,37.584999084472656,37.59000015258789,37.529998779296875,37.59000015258789,5165.0
2026-08-05 10:26:00,PLTK,,4.03000020980835,4.03000020980835,4.014999866485596,4.014999866485596,3603.0
2026-08-05 10:26:00,PLUG,,2.125,2.130000114440918,2.119999885559082,2.1201000213623047,22562.0
2026-08-05 10:26:00,PNBK,,1.1318999528884888,1.1318999528884888,1.1318999528884888,1.1318999528884888,636.0
2026-08-05 10:26:00,PNFP,,107.79000091552734,108.11530303955078,107.79000091552734,108.01000213623047,3188.0
2026-08-05 10:26:00,PNTG,,38.849998474121094,38.880001068115234,38.83000183105469,38.880001068115234,2350.0
2026-08-05 10:26:00,POCI,,4.239999771118164,4.239999771118164,4.239999771118164,4.239999771118164,659.0
2026-08-05 10:26:00,POET,,8.359999656677246,8.390000343322754,8.349900245666504,8.359999656677246,13133.0
2026-08-05 10:26:00,POWI,,62.15999984741211,62.15999984741211,62.15999984741211,62.15999984741211,281.0
2026-08-05 10:26:00,POWL,,212.33999633789062,212.33999633789062,212.33999633789062,212.33999633789062,336.0
2026-08-05 10:26:00,PPC,,26.860000610351562,26.860000610351562,26.860000610351562,26.860000610351562,366.0
2026-08-05 10:26:00,PPSI,,2.984999895095825,2.984999895095825,2.984999895095825,2.984999895095825,0.0
2026-08-05 10:26:00,PPTA,,22.87190055847168,22.87190055847168,22.81999969482422,22.844999313354492,3430.0
2026-08-05 10:26:00,PRAA,,17.480100631713867,17.480100631713867,17.480100631713867,17.480100631713867,168.0
2026-08-05 10:26:00,PRAX,,317.8500061035156,318.07000732421875,317.8500061035156,318.07000732421875,464.0
2026-08-05 10:26:00,PRCH,,16.270000457763672,16.274999618530273,16.250099182128906,16.274999618530273,5259.0
2026-08-05 10:26:00,PRCT,,19.065000534057617,19.065000534057617,18.96500015258789,18.979999542236328,16104.0
2026-08-05 10:26:00,PRDO,,33.43000030517578,33.45000076293945,33.43000030517578,33.43000030517578,903.0
2026-08-05 10:26:00,PRE,,19.270000457763672,19.270000457763672,19.270000457763672,19.270000457763672,118.0
2026-08-05 10:26:00,PRGS,,42.0099983215332,42.0099983215332,42.0099983215332,42.0099983215332,1100.0
2026-08-05 10:26:00,PRIM,,90.13999938964844,90.5999984741211,90.13999938964844,90.41000366210938,20470.0
2026-08-05 10:26:00,PRME,,3.015000104904175,3.015000104904175,3.015000104904175,3.015000104904175,693.0
2026-08-05 10:26:00,PROF,,8.15999984741211,8.15999984741211,8.15999984741211,8.15999984741211,2336.0
2026-08-05 10:26:00,PROK,,1.649999976158142,1.659999966621399,1.649999976158142,1.659999966621399,1371.0
2026-08-05 10:26:00,PRTA,,8.630000114440918,8.630000114440918,8.620100021362305,8.620100021362305,386.0
2026-08-05 10:26:00,PRTH,,6.664999961853027,6.664999961853027,6.659999847412109,6.659999847412109,645.0
2026-08-05 10:26:00,PRVA,,24.079999923706055,24.1299991607666,24.079999923706055,24.1299991607666,857.0
2026-08-05 10:26:00,PSEC,,2.2000999450683594,2.2100000381469727,2.200000047683716,2.2049999237060547,3476.0
2026-08-05 10:26:00,PSMT,,194.0500030517578,194.4499969482422,194.0500030517578,194.2209930419922,2049.0
2026-08-05 10:26:00,PSNL,,13.65999984741211,13.65999984741211,13.654999732971191,13.65999984741211,3383.0
2026-08-05 10:26:00,PTCT,,69.95999908447266,70.0199966430664,69.95999908447266,70.0,3235.0
2026-08-05 10:26:00,PTEN,,9.925000190734863,9.930000305175781,9.90999984741211,9.920000076293945,10421.0
2026-08-05 10:26:00,PTGX,,137.10000610351562,137.10000610351562,136.83999633789062,136.83999633789062,637.0
2026-08-05 10:26:00,PTLO,,4.610000133514404,4.610000133514404,4.605000019073486,4.605000019073486,3286.0
2026-08-05 10:26:00,PTON,,6.510000228881836,6.525000095367432,6.510000228881836,6.525000095367432,14212.0
2026-08-05 10:26:00,PUBM,,13.770000457763672,13.770000457763672,13.770000457763672,13.770000457763672,783.0
2026-08-05 10:26:00,PWP,,17.3700008392334,17.3799991607666,17.3700008392334,17.3799991607666,3034.0
2026-08-05 10:26:00,PYPD,,4.485000133514404,4.485000133514404,4.485000133514404,4.485000133514404,0.0
2026-08-05 10:26:00,PYPL,,58.744998931884766,58.750099182128906,58.72999954223633,58.73720169067383,8743.0
2026-08-05 10:26:00,PYXS,,3.291300058364868,3.291300058364868,3.291300058364868,3.291300058364868,822.0
2026-08-05 10:26:00,PZZA,,30.959999084472656,30.959999084472656,30.959999084472656,30.959999084472656,751.0
2026-08-05 10:26:00,QCOM,,159.5500030517578,159.86000061035156,159.5500030517578,159.61000061035156,34177.0
2026-08-05 10:26:00,QFIN,,13.4350004196167,13.4350004196167,13.4350004196167,13.4350004196167,160.0
2026-08-05 10:26:00,QRVO,,94.58000183105469,94.62000274658203,94.58000183105469,94.62000274658203,541.0
2026-08-05 10:26:00,SEED,,0.9606000185012817,0.9700000286102295,0.9524999856948853,0.9700000286102295,3507.0
2026-08-05 10:26:00,STIM,,2.305000066757202,2.309999942779541,2.305000066757202,2.305000066757202,548.0
2026-08-05 10:26:00,TARA,,4.054999828338623,4.054999828338623,4.054999828338623,4.054999828338623,635.0
2026-08-05 10:26:00,WOOF,,2.9600000381469727,2.9600000381469727,2.9600000381469727,2.9600000381469727,1523.0
2026-08-05 10:27:00,BPOP,,177.84500122070312,177.84500122070312,177.21009826660156,177.21009826660156,740.0
2026-08-05 10:27:00,CNXN,,84.2300033569336,84.2300033569336,84.2300033569336,84.2300033569336,291.0
2026-08-05 10:27:00,DTIL,,7.536200046539307,7.554999828338623,7.536200046539307,7.554999828338623,698.0
2026-08-05 10:27:00,EYE,,23.4950008392334,23.530000686645508,23.4950008392334,23.530000686645508,2668.0
2026-08-05 10:27:00,GLUE,,16.209999084472656,16.209999084472656,16.209999084472656,16.209999084472656,164.0
2026-08-05 10:27:00,KIDS,,21.774999618530273,21.774999618530273,21.767499923706055,21.774999618530273,452.0
2026-08-05 10:27:00,MBRX,,0.4050000011920929,0.4050000011920929,0.4050000011920929,0.4050000011920929,415.0
2026-08-05 10:27:00,MDB,,381.7149963378906,381.7149963378906,381.1400146484375,381.1400146484375,1513.0
2026-08-05 10:27:00,MDLZ,,61.77000045776367,61.829898834228516,61.7599983215332,61.810001373291016,11236.0
2026-08-05 10:27:00,MLTX,,17.81999969482422,17.81999969482422,17.814599990844727,17.814599990844727,3318.0
2026-08-05 10:27:00,MNPR,,116.0,116.48999786376953,116.0,116.48999786376953,433.0
2026-08-05 10:27:00,MNRO,,13.260000228881836,13.3149995803833,13.260000228881836,13.3149995803833,4838.0
2026-08-05 10:27:00,MNST,,94.97000122070312,95.05000305175781,94.96009826660156,95.02999877929688,7673.0
2026-08-05 10:27:00,MNTS,,4.389999866485596,4.409999847412109,4.360000133514404,4.360000133514404,3796.0
2026-08-05 10:27:00,MORN,,202.77520751953125,202.77520751953125,202.77520751953125,202.77520751953125,1178.0
2026-08-05 10:27:00,MOVE,,11.970000267028809,11.970000267028809,11.970000267028809,11.970000267028809,287.0
2026-08-05 10:27:00,MPWR,,1331.9849853515625,1331.9849853515625,1328.4200439453125,1329.489990234375,983.0
2026-08-05 10:27:00,MRNA,,59.06999969482422,59.08000183105469,58.97999954223633,59.0099983215332,5459.0
2026-08-05 10:27:00,MYGN,,3.2149999141693115,3.2149999141693115,3.2149999141693115,3.2149999141693115,1227.0
2026-08-05 10:27:00,NAMS,,27.06999969482422,27.06999969482422,27.06999969482422,27.06999969482422,408.0
2026-08-05 10:27:00,NAVI,,9.109999656677246,9.114999771118164,9.100000381469727,9.100000381469727,4575.0
2026-08-05 10:27:00,NB,,5.125,5.139999866485596,5.120100021362305,5.139999866485596,4168.0
2026-08-05 10:27:00,NBIX,,164.88499450683594,165.07000732421875,164.88499450683594,165.07000732421875,1511.0
2026-08-05 10:27:00,NBN,,135.57769775390625,135.57769775390625,135.57769775390625,135.57769775390625,943.0
2026-08-05 10:27:00,NBTB,,53.64350128173828,53.67499923706055,53.64350128173828,53.66999816894531,1321.0
2026-08-05 10:27:00,NCMI,,4.139999866485596,4.139999866485596,4.139999866485596,4.139999866485596,536.0
2026-08-05 10:27:00,NCRA,,1.75,1.75,1.75,1.75,398.0
2026-08-05 10:27:00,NDAQ,,95.5250015258789,95.5999984741211,95.45999908447266,95.48999786376953,7545.0
2026-08-05 10:27:00,NDLS,,18.1200008392334,18.1200008392334,18.1200008392334,18.1200008392334,101.0
2026-08-05 10:27:00,NDSN,,311.29998779296875,311.55999755859375,311.29998779296875,311.55999755859375,143.0
2026-08-05 10:27:00,NEGG,,16.936100006103516,16.936100006103516,16.936100006103516,16.936100006103516,149.0
2026-08-05 10:27:00,NEO,,16.280000686645508,16.280000686645508,16.25,16.25,3130.0
2026-08-05 10:27:00,NEOG,,11.744999885559082,11.75,11.729999542236328,11.734999656677246,6879.0
2026-08-05 10:27:00,NEOV,,2.9000000953674316,2.9000000953674316,2.890000104904175,2.9000000953674316,5303.0
2026-08-05 10:27:00,NESR,,28.940000534057617,28.959999084472656,28.920000076293945,28.959999084472656,1626.0
2026-08-05 10:27:00,NEXT,,6.445000171661377,6.445000171661377,6.425000190734863,6.425000190734863,7166.0
2026-08-05 10:27:00,NFE,,0.33869999647140503,0.33869999647140503,0.33869999647140503,0.33869999647140503,410.0
2026-08-05 10:27:00,NFLX,,74.05999755859375,74.08509826660156,74.0199966430664,74.05500030517578,38582.0
2026-08-05 10:27:00,NGNE,,35.255001068115234,35.255001068115234,35.255001068115234,35.255001068115234,451.0
2026-08-05 10:27:00,NICE,,95.92500305175781,95.92500305175781,95.83000183105469,95.83000183105469,855.0
2026-08-05 10:27:00,NKTR,,73.31999969482422,73.31999969482422,73.25,73.25,831.0
2026-08-05 10:27:00,NKTX,,2.194999933242798,2.194999933242798,2.194999933242798,2.194999933242798,665.0
2026-08-05 10:27:00,NMRA,,1.5800000429153442,1.5800000429153442,1.5700000524520874,1.5700000524520874,3936.0
2026-08-05 10:27:00,NMRK,,15.6899995803833,15.710000038146973,15.68280029296875,15.710000038146973,2312.0
2026-08-05 10:27:00,NN,,14.350000381469727,14.350000381469727,14.329999923706055,14.34000015258789,6043.0
2026-08-05 10:27:00,NNBR,,3.865000009536743,3.865000009536743,3.865000009536743,3.865000009536743,756.0
2026-08-05 10:27:00,NNDM,,1.5599000453948975,1.5599000453948975,1.5499999523162842,1.5499999523162842,8324.0
2026-08-05 10:27:00,NNOX,,1.0299999713897705,1.0299999713897705,1.0299999713897705,1.0299999713897705,19419.0
2026-08-05 10:27:00,NOVT,,159.22999572753906,159.30999755859375,159.22999572753906,159.30999755859375,1285.0
2026-08-05 10:27:00,NRDS,,9.194999694824219,9.194999694824219,9.1850004196167,9.1850004196167,1150.0
2026-08-05 10:27:00,NRIX,,25.200000762939453,25.209999084472656,25.121000289916992,25.209999084472656,3478.0
2026-08-05 10:27:00,NRSN,,0.5999000072479248,0.5999000072479248,0.5702000260353088,0.5702000260353088,1251.0
2026-08-05 10:27:00,NRXP,,3.0299999713897705,3.0299999713897705,3.0199999809265137,3.0299999713897705,4603.0
2026-08-05 10:27:00,NSSC,,40.41999816894531,40.41999816894531,40.41999816894531,40.41999816894531,618.0
2026-08-05 10:27:00,NTAP,,191.92999267578125,191.92999267578125,191.92999267578125,191.92999267578125,1424.0
2026-08-05 10:27:00,NTCT,,41.994998931884766,41.994998931884766,41.994998931884766,41.994998931884766,300.0
2026-08-05 10:27:00,NTGR,,23.950000762939453,23.950000762939453,23.950000762939453,23.950000762939453,422.0
2026-08-05 10:27:00,NTNX,,61.21500015258789,61.27000045776367,61.20000076293945,61.220001220703125,8449.0
2026-08-05 10:27:00,NTRA,,279.5799865722656,279.5799865722656,279.54998779296875,279.54998779296875,1034.0
2026-08-05 10:27:00,NTRS,,185.43499755859375,185.43499755859375,185.3800048828125,185.3800048828125,400.0
2026-08-05 10:27:00,NVAX,,7.735000133514404,7.744999885559082,7.735000133514404,7.739999771118164,2267.0
2026-08-05 10:27:00,NVCR,,16.1299991607666,16.135000228881836,16.100000381469727,16.135000228881836,720.0
2026-08-05 10:27:00,NVDA,,221.13499450683594,221.52000427246094,221.0,221.4199981689453,379252.0
2026-08-05 10:27:00,NVEC,,128.6199951171875,128.8795928955078,128.6199951171875,128.8795928955078,635.0
2026-08-05 10:27:00,NVMI,,411.385009765625,411.385009765625,411.385009765625,411.385009765625,150.0
2026-08-05 10:27:00,NVNI,,1.1399999856948853,1.1399999856948853,1.1399999856948853,1.1399999856948853,300.0
2026-08-05 10:27:00,NVTS,,12.670000076293945,12.670000076293945,12.630000114440918,12.650099754333496,40563.0
2026-08-05 10:27:00,NWBI,,15.994999885559082,15.994999885559082,15.989999771118164,15.994999885559082,1825.0
2026-08-05 10:27:00,NWL,,6.039999961853027,6.050000190734863,6.034999847412109,6.045000076293945,35883.0
2026-08-05 10:27:00,NWPX,,128.38499450683594,128.38499450683594,128.38499450683594,128.38499450683594,343.0
2026-08-05 10:27:00,NWS,,32.619998931884766,32.650001525878906,32.6150016784668,32.6150016784668,5148.0
2026-08-05 10:27:00,NWSA,,28.469999313354492,28.485000610351562,28.459999084472656,28.459999084472656,8671.0
2026-08-05 10:27:00,NXPI,,231.98500061035156,231.98500061035156,231.46400451660156,231.46400451660156,10818.0
2026-08-05 10:27:00,NXT,,98.75,98.8949966430664,98.58000183105469,98.8949966430664,4464.0
2026-08-05 10:27:00,OBIO,,4.159999847412109,4.159999847412109,4.159999847412109,4.159999847412109,133.0
2026-08-05 10:27:00,OCCI,,2.470099925994873,2.470099925994873,2.470099925994873,2.470099925994873,3075.0
2026-08-05 10:27:00,OCFC,,19.864999771118164,19.8700008392334,19.854999542236328,19.854999542236328,3451.0
2026-08-05 10:27:00,OCG,,1.6649999618530273,1.6649999618530273,1.6649999618530273,1.6649999618530273,600.0
2026-08-05 10:27:00,OCGN,,1.3049999475479126,1.3049999475479126,1.2999999523162842,1.2999999523162842,1819.0
2026-08-05 10:27:00,OCS,,12.279999732971191,12.329999923706055,12.279999732971191,12.329999923706055,949.0
2026-08-05 10:27:00,OCSL,,12.175000190734863,12.180000305175781,12.175000190734863,12.180000305175781,624.0
2026-08-05 10:27:00,OCUL,,8.670000076293945,8.670000076293945,8.670000076293945,8.670000076293945,1530.0
2026-08-05 10:27:00,ODD,,15.225000381469727,15.225000381469727,15.199999809265137,15.199999809265137,366.0
2026-08-05 10:27:00,ODFL,,218.13999938964844,218.13999938964844,217.92999267578125,218.1300048828125,4275.0
2026-08-05 10:27:00,OESX,,17.082500457763672,17.179899215698242,16.770000457763672,16.770000457763672,6054.0
2026-08-05 10:27:00,OFIX,,11.180000305175781,11.1899995803833,11.180000305175781,11.1899995803833,715.0
2026-08-05 10:27:00,OGI,,0.9699000120162964,0.9699000120162964,0.9699000120162964,0.9699000120162964,223.0
2026-08-05 10:27:00,OKTA,,150.03500366210938,150.1300048828125,149.82000732421875,149.8249969482422,2525.0
2026-08-05 10:27:00,OLLI,,78.69999694824219,78.70500183105469,78.69000244140625,78.70500183105469,1700.0
2026-08-05 10:27:00,OLMA,,11.760000228881836,11.760000228881836,11.744999885559082,11.744999885559082,1298.0
2026-08-05 10:27:00,OM,,5.090000152587891,5.090000152587891,5.090000152587891,5.090000152587891,139.0
2026-08-05 10:27:00,OMCL,,36.90169906616211,36.90169906616211,36.90169906616211,36.90169906616211,758.0
2026-08-05 10:27:00,OMER,,13.055000305175781,13.069999694824219,13.050000190734863,13.0600004196167,1546.0
2026-08-05 10:27:00,OMH,,0.10999999940395355,0.11050000041723251,0.10999999940395355,0.11050000041723251,54806.0
2026-08-05 10:27:00,ON,,78.2300033569336,78.24659729003906,78.12999725341797,78.2249984741211,33104.0
2026-08-05 10:27:00,ONB,,27.149999618530273,27.149999618530273,27.110000610351562,27.110000610351562,5698.0
2026-08-05 10:27:00,ONCY,,0.792900025844574,0.792900025844574,0.7925000190734863,0.7925000190734863,3126.0
2026-08-05 10:27:00,ONDS,,8.994999885559082,9.0,8.96500015258789,8.978500366210938,102316.0
2026-08-05 10:27:00,ONFO,,0.07460000365972519,0.07500000298023224,0.07460000365972519,0.07479999959468842,107525.0
2026-08-05 10:27:00,ONTX,,17.600000381469727,17.600000381469727,17.540000915527344,17.540000915527344,15494.0
2026-08-05 10:27:00,OPAL,,2.3299999237060547,2.3299999237060547,2.3299999237060547,2.3299999237060547,532.0
2026-08-05 10:27:00,OPCH,,23.520000457763672,23.520000457763672,23.512300491333008,23.512300491333008,3140.0
2026-08-05 10:27:00,OPEN,,3.8801000118255615,3.890000104904175,3.8399999141693115,3.840100049972534,418079.0
2026-08-05 10:27:00,OPI,,18.93000030517578,18.93000030517578,18.8700008392334,18.8700008392334,892.0
2026-08-05 10:27:00,OPK,,1.3250000476837158,1.3250000476837158,1.3200000524520874,1.3200000524520874,10486.0
2026-08-05 10:27:00,OPRT,,6.260000228881836,6.260000228881836,6.260000228881836,6.260000228881836,1229.0
2026-08-05 10:27:00,ORGO,,2.3949999809265137,2.3949999809265137,2.3949999809265137,2.3949999809265137,1259.0
2026-08-05 10:27:00,ORIC,,13.545000076293945,13.550000190734863,13.5,13.53499984741211,9282.0
2026-08-05 10:27:00,ORLY,,93.7750015258789,93.85250091552734,93.75,93.83999633789062,38575.0
2026-08-05 10:27:00,ORMP,,4.46999979019165,4.46999979019165,4.46999979019165,4.46999979019165,1416.0
2026-08-05 10:27:00,OSBC,,25.889999389648438,25.889999389648438,25.889999389648438,25.889999389648438,280.0
2026-08-05 10:27:00,OSIS,,235.15499877929688,235.15499877929688,234.33999633789062,234.3800048828125,486.0
2026-08-05 10:27:00,OSPN,,16.899999618530273,16.899999618530273,16.854999542236328,16.854999542236328,3196.0
2026-08-05 10:27:00,OSS,,14.013400077819824,14.020000457763672,13.970000267028809,13.979999542236328,2487.0
2026-08-05 10:27:00,OSUR,,4.204999923706055,4.204999923706055,4.204999923706055,4.204999923706055,349.0
2026-08-05 10:27:00,OSW,,26.65999984741211,26.65999984741211,26.65999984741211,26.65999984741211,306.0
2026-08-05 10:27:00,OTEX,,26.100000381469727,26.135000228881836,26.100000381469727,26.110000610351562,7633.0
2026-08-05 10:27:00,OTLK,,1.034999966621399,1.0399999618530273,1.034999966621399,1.034999966621399,6521.0
2026-08-05 10:27:00,OTTR,,92.08499908447266,92.08499908447266,92.08499908447266,92.08499908447266,144.0
2026-08-05 10:27:00,OVID,,2.625,2.634999990463257,2.619999885559082,2.630000114440918,32487.0
2026-08-05 10:27:00,OXLC,,9.084199905395508,9.085000038146973,9.084199905395508,9.085000038146973,5325.0
2026-08-05 10:27:00,OXSQ,,1.482800006866455,1.4900000095367432,1.4800000190734863,1.4833999872207642,13100.0
2026-08-05 10:27:00,PAAS,,48.20500183105469,48.2400016784668,48.16999816894531,48.209999084472656,14817.0
2026-08-05 10:27:00,PACB,,1.4600000381469727,1.4600000381469727,1.4550000429153442,1.4550000429153442,1289.0
2026-08-05 10:27:00,PAGP,,25.190000534057617,25.190000534057617,25.190000534057617,25.190000534057617,862.0
2026-08-05 10:27:00,PAHC,,37.060001373291016,37.060001373291016,37.060001373291016,37.060001373291016,257.0
2026-08-05 10:27:00,PALI,,2.0950000286102295,2.0950000286102295,2.09089994430542,2.0950000286102295,8944.0
2026-08-05 10:27:00,PANW,,371.94000244140625,371.9700012207031,371.3349914550781,371.95001220703125,13294.0
2026-08-05 10:27:00,PATK,,88.63999938964844,88.63999938964844,88.5199966430664,88.63999938964844,1874.0
2026-08-05 10:27:00,PAX,,11.449999809265137,11.449999809265137,11.425000190734863,11.430000305175781,6471.0
2026-08-05 10:27:00,PAYO,,7.130000114440918,7.130000114440918,7.130000114440918,7.130000114440918,419.0
2026-08-05 10:27:00,PAYX,,118.19999694824219,118.37000274658203,118.16500091552734,118.22000122070312,4427.0
2026-08-05 10:27:00,PCAR,,135.6699981689453,135.83999633789062,135.6699981689453,135.83999633789062,2181.0
2026-08-05 10:27:00,PCRX,,25.309999465942383,25.450000762939453,25.299999237060547,25.40999984741211,6848.0
2026-08-05 10:27:00,PCT,,6.938199996948242,6.940000057220459,6.920000076293945,6.920000076293945,18885.0
2026-08-05 10:27:00,PCTY,,148.13999938964844,148.13999938964844,147.9199981689453,147.97000122070312,2160.0
2026-08-05 10:27:00,PDD,,91.8499984741211,91.87000274658203,91.8499984741211,91.8499984741211,2502.0
2026-08-05 10:27:00,PDFS,,50.71500015258789,50.71500015258789,50.71500015258789,50.71500015258789,365.0
2026-08-05 10:27:00,PECO,,41.540000915527344,41.595001220703125,41.4900016784668,41.5,14375.0
2026-08-05 10:27:00,PEGA,,31.790000915527344,31.8700008392334,31.71929931640625,31.774999618530273,7411.0
2026-08-05 10:27:00,PENN,,19.969999313354492,19.969999313354492,19.969999313354492,19.969999313354492,1962.0
2026-08-05 10:27:00,PEP,,138.33999633789062,138.53500366210938,138.3300018310547,138.49000549316406,12169.0
2026-08-05 10:27:00,PERI,,9.670000076293945,9.670000076293945,9.670000076293945,9.670000076293945,440.0
2026-08-05 10:27:00,PESI,,17.825000762939453,17.825000762939453,17.825000762939453,17.825000762939453,491.0
2026-08-05 10:27:00,PFBC,,107.33000183105469,107.33000183105469,107.33000183105469,107.33000183105469,494.0
2026-08-05 10:27:00,PGEN,,6.889999866485596,6.940000057220459,6.840000152587891,6.910900115966797,49502.0
2026-08-05 10:27:00,PGNY,,31.649999618530273,31.670000076293945,31.649999618530273,31.670000076293945,587.0
2026-08-05 10:27:00,PGY,,21.850000381469727,21.850000381469727,21.790000915527344,21.790000915527344,3475.0
2026-08-05 10:27:00,PHAR,,10.619999885559082,10.739999771118164,10.619999885559082,10.739999771118164,463.0
2026-08-05 10:27:00,PHAT,,8.635000228881836,8.649999618530273,8.630000114440918,8.630000114440918,11238.0
2026-08-05 10:27:00,PHIO,,1.0800000429153442,1.0800000429153442,1.0800000429153442,1.0800000429153442,950.0
2026-08-05 10:27:00,PHVS,,33.310001373291016,33.310001373291016,33.310001373291016,33.310001373291016,125.0
2026-08-05 10:27:00,PLAB,,32.20000076293945,32.20000076293945,32.20000076293945,32.20000076293945,1241.0
2026-08-05 10:27:00,PLMR,,134.66000366210938,134.66000366210938,134.66000366210938,134.66000366210938,400.0
2026-08-05 10:27:00,PLTK,,4.034999847412109,4.034999847412109,4.034999847412109,4.034999847412109,697.0
2026-08-05 10:27:00,PLUG,,2.130000114440918,2.130000114440918,2.119999885559082,2.125,21282.0
2026-08-05 10:27:00,PLUR,,1.7999999523162842,1.7999999523162842,1.7999999523162842,1.7999999523162842,284.0
2026-08-05 10:27:00,PNFP,,108.02999877929688,108.02999877929688,107.87000274658203,107.87000274658203,2053.0
2026-08-05 10:27:00,PNTG,,38.8849983215332,38.8849983215332,38.82709884643555,38.82709884643555,528.0
2026-08-05 10:27:00,POCI,,4.269999980926514,4.269999980926514,4.269999980926514,4.269999980926514,400.0
2026-08-05 10:27:00,POET,,8.364999771118164,8.380000114440918,8.350000381469727,8.369999885559082,8224.0
2026-08-05 10:27:00,POLA,,1.761299967765808,1.761299967765808,1.761299967765808,1.761299967765808,113.0
2026-08-05 10:27:00,POOL,,204.2100067138672,204.2100067138672,203.9499969482422,204.02000427246094,1598.0
2026-08-05 10:27:00,POWI,,62.90999984741211,62.90999984741211,62.90999984741211,62.90999984741211,191.0
2026-08-05 10:27:00,POWL,,212.4250030517578,212.4250030517578,212.4250030517578,212.4250030517578,596.0
2026-08-05 10:27:00,PPC,,26.860000610351562,26.860000610351562,26.860000610351562,26.860000610351562,1560.0
2026-08-05 10:27:00,PPTA,,22.81999969482422,22.889999389648438,22.81999969482422,22.829999923706055,4630.0
2026-08-05 10:27:00,PRAA,,17.549999237060547,17.600000381469727,17.549999237060547,17.600000381469727,513.0
2026-08-05 10:27:00,PRCH,,16.280000686645508,16.280000686645508,16.270000457763672,16.270000457763672,1228.0
2026-08-05 10:27:00,PRCT,,19.075000762939453,19.139999389648438,18.899999618530273,19.139999389648438,39340.0
2026-08-05 10:27:00,PRDO,,33.40999984741211,33.40999984741211,33.40999984741211,33.40999984741211,245.0
2026-08-05 10:27:00,PRE,,18.889999389648438,19.274999618530273,18.889999389648438,19.274999618530273,202.0
2026-08-05 10:27:00,PRIM,,90.2249984741211,90.32499694824219,90.05999755859375,90.30000305175781,19988.0
2026-08-05 10:27:00,PRME,,3.015000104904175,3.015000104904175,3.015000104904175,3.015000104904175,214.0
2026-08-05 10:27:00,PRPL,,9.454999923706055,9.470000267028809,9.454999923706055,9.470000267028809,1361.0
2026-08-05 10:27:00,PRQR,,1.9249999523162842,1.9299999475479126,1.9249999523162842,1.9299999475479126,712.0
2026-08-05 10:27:00,PRTA,,8.614100456237793,8.630000114440918,8.614100456237793,8.630000114440918,1875.0
2026-08-05 10:27:00,PRTH,,6.650100231170654,6.650100231170654,6.650100231170654,6.650100231170654,503.0
2026-08-05 10:27:00,PRZO,,0.5494999885559082,0.5494999885559082,0.5494999885559082,0.5494999885559082,2342.0
2026-08-05 10:27:00,PSEC,,2.2091000080108643,2.2100000381469727,2.200000047683716,2.2100000381469727,11101.0
2026-08-05 10:27:00,PSNL,,13.680000305175781,13.699999809265137,13.680000305175781,13.699999809265137,1279.0
2026-08-05 10:27:00,PSNY,,14.354999542236328,14.354999542236328,14.354999542236328,14.354999542236328,753.0
2026-08-05 10:27:00,PTC,,142.05499267578125,142.36000061035156,142.05499267578125,142.36000061035156,986.0
2026-08-05 10:27:00,PTCT,,69.8949966430664,69.93499755859375,69.8949966430664,69.93499755859375,1126.0
2026-08-05 10:27:00,PTEN,,9.9350004196167,9.944999694824219,9.925000190734863,9.925000190734863,4780.0
2026-08-05 10:27:00,PTGX,,137.27000427246094,137.27000427246094,137.27000427246094,137.27000427246094,256.0
2026-08-05 10:27:00,PTLO,,4.610000133514404,4.610000133514404,4.605000019073486,4.605000019073486,3476.0
2026-08-05 10:27:00,PTON,,6.510000228881836,6.514999866485596,6.510000228881836,6.514999866485596,12723.0
2026-08-05 10:27:00,PUBM,,13.760000228881836,13.760000228881836,13.760000228881836,13.760000228881836,229.0
2026-08-05 10:27:00,PWP,,17.329999923706055,17.350000381469727,17.320100784301758,17.350000381469727,4234.0
2026-08-05 10:27:00,PYPD,,4.489999771118164,4.489999771118164,4.480000019073486,4.480000019073486,310.0
2026-08-05 10:27:00,PYPL,,58.75,58.76499938964844,58.73099899291992,58.744998931884766,13751.0
2026-08-05 10:27:00,PYXS,,3.309999942779541,3.309999942779541,3.2990000247955322,3.299999952316284,4895.0
2026-08-05 10:27:00,PZZA,,30.950000762939453,30.950000762939453,30.93000030517578,30.940000534057617,4857.0
2026-08-05 10:27:00,QCOM,,159.58999633789062,159.59950256347656,159.27999877929688,159.5800018310547,18010.0
2026-08-05 10:27:00,QFIN,,13.430000305175781,13.4350004196167,13.430000305175781,13.4350004196167,2363.0
2026-08-05 10:27:00,QRVO,,94.58000183105469,94.58000183105469,94.48750305175781,94.48750305175781,1161.0
2026-08-05 10:27:00,SEED,,0.9656999707221985,0.9656999707221985,0.9613000154495239,0.9613000154495239,1900.0
2026-08-05 10:27:00,TARA,,4.054999828338623,4.054999828338623,4.054999828338623,4.054999828338623,1069.0
2026-08-05 10:27:00,WOOF,,2.950000047683716,2.9549999237060547,2.950000047683716,2.9549999237060547,1327.0
2026-08-05 10:28:00,ACDC,,4.264999866485596,4.28000020980835,4.264999866485596,4.275000095367432,8727.0
2026-08-05 10:28:00,BPOP,,177.21009826660156,177.21009826660156,177.21009826660156,177.21009826660156,292.0
2026-08-05 10:28:00,CASH,,89.76499938964844,89.76499938964844,89.5199966430664,89.5199966430664,410.0
2026-08-05 10:28:00,CNXN,,83.94999694824219,83.94999694824219,83.94999694824219,83.94999694824219,403.0
2026-08-05 10:28:00,CPOP,,0.36500000953674316,0.36500000953674316,0.36500000953674316,0.36500000953674316,390.0
2026-08-05 10:28:00,DTIL,,7.554999828338623,7.554999828338623,7.554999828338623,7.554999828338623,1006.0
2026-08-05 10:28:00,EYE,,23.530000686645508,23.530000686645508,23.489999771118164,23.489999771118164,1791.0
2026-08-05 10:28:00,FIZZ,,31.875099182128906,31.875099182128906,31.875099182128906,31.875099182128906,677.0
2026-08-05 10:28:00,FRST,,16.395000457763672,16.395000457763672,16.395000457763672,16.395000457763672,1063.0
2026-08-05 10:28:00,GLUE,,16.11720085144043,16.209999084472656,16.11720085144043,16.209999084472656,6602.0
2026-08-05 10:28:00,KIDS,,21.5,21.774999618530273,21.5,21.760000228881836,537.0
2026-08-05 10:28:00,KTTA,,0.48089998960494995,0.48089998960494995,0.48089998960494995,0.48089998960494995,24269.0
2026-08-05 10:28:00,LUNG,,1.8738000392913818,1.8738000392913818,1.8738000392913818,1.8738000392913818,502.0
2026-08-05 10:28:00,MBRX,,0.4099000096321106,0.4099000096321106,0.4000999927520752,0.4000999927520752,480.0
2026-08-05 10:28:00,MDB,,381.7774963378906,382.2699890136719,381.6700134277344,381.82000732421875,2956.0
2026-08-05 10:28:00,MDLZ,,61.79999923706055,61.79999923706055,61.7400016784668,61.7599983215332,12255.0
2026-08-05 10:28:00,MLTX,,17.809999465942383,17.84000015258789,17.809999465942383,17.84000015258789,1136.0
2026-08-05 10:28:00,MNPR,,115.91999816894531,116.99500274658203,115.91999816894531,116.99500274658203,1829.0
2026-08-05 10:28:00,MNRO,,13.199999809265137,13.255000114440918,13.199999809265137,13.255000114440918,4381.0
2026-08-05 10:28:00,MNST,,94.98999786376953,94.98999786376953,94.95500183105469,94.95999908447266,5638.0
2026-08-05 10:28:00,MNTK,,1.690000057220459,1.690000057220459,1.690000057220459,1.690000057220459,1360.0
2026-08-05 10:28:00,MNTS,,4.380000114440918,4.400000095367432,4.372000217437744,4.372000217437744,911.0
2026-08-05 10:28:00,MOVE,,12.024999618530273,12.130000114440918,11.989999771118164,12.089900016784668,3025.0
2026-08-05 10:28:00,MPAA,,13.75,13.75,13.75,13.75,230.0
2026-08-05 10:28:00,MPWR,,1331.489990234375,1332.8199462890625,1330.8699951171875,1332.1300048828125,1058.0
2026-08-05 10:28:00,MRNA,,58.935298919677734,59.06999969482422,58.93000030517578,59.06999969482422,4910.0
2026-08-05 10:28:00,MYGN,,3.2100000381469727,3.2149999141693115,3.2100000381469727,3.2149999141693115,5031.0
2026-08-05 10:28:00,MYRG,,343.20001220703125,343.20001220703125,343.20001220703125,343.20001220703125,46.0
2026-08-05 10:28:00,NAMS,,27.040000915527344,27.100000381469727,27.040000915527344,27.100000381469727,3295.0
2026-08-05 10:28:00,NB,,5.119999885559082,5.135000228881836,5.114999771118164,5.130000114440918,7895.0
2026-08-05 10:28:00,NBIX,,164.63999938964844,164.87249755859375,164.63999938964844,164.87249755859375,2026.0
2026-08-05 10:28:00,NBTB,,53.63999938964844,53.66999816894531,53.63999938964844,53.66999816894531,1184.0
2026-08-05 10:28:00,NCMI,,4.135000228881836,4.135000228881836,4.135000228881836,4.135000228881836,505.0
2026-08-05 10:28:00,NCRA,,1.75,1.75,1.75,1.75,256.0
2026-08-05 10:28:00,NDAQ,,95.48500061035156,95.5250015258789,95.43000030517578,95.5250015258789,3516.0
2026-08-05 10:28:00,NDSN,,311.3399963378906,311.3399963378906,311.28009033203125,311.28009033203125,155.0
2026-08-05 10:28:00,NECB,,27.290000915527344,27.290000915527344,27.290000915527344,27.290000915527344,295.0
2026-08-05 10:28:00,NEGG,,16.622299194335938,16.622299194335938,16.622299194335938,16.622299194335938,989.0
2026-08-05 10:28:00,NEO,,16.260000228881836,16.28499984741211,16.260000228881836,16.28499984741211,2136.0
2026-08-05 10:28:00,NEOG,,11.729999542236328,11.744999885559082,11.729999542236328,11.744999885559082,2852.0
2026-08-05 10:28:00,NEON,,0.9440000057220459,0.9440000057220459,0.9440000057220459,0.9440000057220459,2193.0
2026-08-05 10:28:00,NEOV,,2.9049999713897705,2.9100000858306885,2.891200065612793,2.891200065612793,3939.0
2026-08-05 10:28:00,NESR,,28.940000534057617,28.940000534057617,28.915000915527344,28.915000915527344,946.0
2026-08-05 10:28:00,NEWT,,15.300000190734863,15.300000190734863,15.300000190734863,15.300000190734863,280.0
2026-08-05 10:28:00,NEXT,,6.445000171661377,6.445000171661377,6.440000057220459,6.445000171661377,4293.0
2026-08-05 10:28:00,NFE,,0.3379000127315521,0.3379000127315521,0.3379000127315521,0.3379000127315521,1927.0
2026-08-05 10:28:00,NFLX,,74.06999969482422,74.12000274658203,74.02999877929688,74.05999755859375,50834.0
2026-08-05 10:28:00,NICE,,95.99970245361328,95.99970245361328,95.56500244140625,95.92500305175781,8145.0
2026-08-05 10:28:00,NKTR,,73.2699966430664,73.31999969482422,73.26000213623047,73.31999969482422,3645.0
2026-08-05 10:28:00,NMIH,,44.53499984741211,44.53499984741211,44.53499984741211,44.53499984741211,453.0
2026-08-05 10:28:00,NMRA,,1.6200000047683716,1.6200000047683716,1.5850000381469727,1.5850000381469727,23657.0
2026-08-05 10:28:00,NMRK,,15.680000305175781,15.680000305175781,15.680000305175781,15.680000305175781,1698.0
2026-08-05 10:28:00,NN,,14.414999961853027,14.414999961853027,14.350000381469727,14.350000381469727,6471.0
2026-08-05 10:28:00,NNBR,,3.865000009536743,3.865000009536743,3.859999895095825,3.859999895095825,573.0
2026-08-05 10:28:00,NNDM,,1.5549999475479126,1.5549999475479126,1.5499999523162842,1.5549999475479126,0.0
2026-08-05 10:28:00,NNOX,,1.027400016784668,1.0299999713897705,1.027400016784668,1.0299999713897705,633.0
2026-08-05 10:28:00,NOVT,,159.2100067138672,159.2100067138672,159.2100067138672,159.2100067138672,678.0
2026-08-05 10:28:00,NPCE,,13.729499816894531,13.729499816894531,13.729499816894531,13.729499816894531,353.0
2026-08-05 10:28:00,NRC,,19.548599243164062,19.548599243164062,19.548599243164062,19.548599243164062,380.0
2026-08-05 10:28:00,NRDS,,9.1850004196167,9.1899995803833,9.1850004196167,9.1899995803833,1910.0
2026-08-05 10:28:00,NRIX,,25.1200008392334,25.145000457763672,25.1200008392334,25.145000457763672,1001.0
2026-08-05 10:28:00,NRXP,,3.0299999713897705,3.0299999713897705,3.0299999713897705,3.0299999713897705,200.0
2026-08-05 10:28:00,NSSC,,40.31999969482422,40.38999938964844,40.31999969482422,40.38999938964844,386.0
2026-08-05 10:28:00,NTAP,,191.85000610351562,192.13999938964844,191.85000610351562,192.1199951171875,2763.0
2026-08-05 10:28:00,NTCT,,42.09989929199219,42.09989929199219,42.09989929199219,42.09989929199219,1445.0
2026-08-05 10:28:00,NTES,,128.11000061035156,128.22999572753906,128.11000061035156,128.22999572753906,810.0
2026-08-05 10:28:00,NTNX,,61.23500061035156,61.279998779296875,61.209999084472656,61.220001220703125,6868.0
2026-08-05 10:28:00,NTRA,,279.94000244140625,279.94000244140625,279.5799865722656,279.5799865722656,2361.0
2026-08-05 10:28:00,NTRS,,185.33999633789062,185.49989318847656,185.30999755859375,185.43499755859375,3693.0
2026-08-05 10:28:00,NVAX,,7.715000152587891,7.739999771118164,7.710000038146973,7.739999771118164,4366.0
2026-08-05 10:28:00,NVCR,,16.094999313354492,16.135000228881836,16.094999313354492,16.125,3069.0
2026-08-05 10:28:00,NVCT,,20.184999465942383,20.184999465942383,20.184999465942383,20.184999465942383,200.0
2026-08-05 10:28:00,NVDA,,220.94000244140625,221.1999969482422,220.8800048828125,221.14500427246094,419701.0
2026-08-05 10:28:00,NVEC,,127.87999725341797,127.87999725341797,127.87999725341797,127.87999725341797,978.0
2026-08-05 10:28:00,NVMI,,411.1300048828125,411.1300048828125,411.1300048828125,411.1300048828125,211.0
2026-08-05 10:28:00,NVTS,,12.630000114440918,12.670000076293945,12.630000114440918,12.670000076293945,24499.0
2026-08-05 10:28:00,NWBI,,15.994999885559082,15.994999885559082,15.994999885559082,15.994999885559082,1683.0
2026-08-05 10:28:00,NWE,,69.27999877929688,69.37000274658203,69.27999877929688,69.37000274658203,554.0
2026-08-05 10:28:00,NWL,,6.051000118255615,6.054999828338623,6.039999961853027,6.039999961853027,16459.0
2026-08-05 10:28:00,NWPX,,128.38499450683594,128.38499450683594,128.38499450683594,128.38499450683594,1970.0
2026-08-05 10:28:00,NWS,,32.6150016784668,32.6150016784668,32.6150016784668,32.6150016784668,1771.0
2026-08-05 10:28:00,NWSA,,28.459999084472656,28.472700119018555,28.452699661254883,28.469999313354492,3409.0
2026-08-05 10:28:00,NXGL,,0.42010000348091125,0.42010000348091125,0.42010000348091125,0.42010000348091125,641.0
2026-08-05 10:28:00,NXPI,,231.72000122070312,231.88040161132812,231.5800018310547,231.78500366210938,7420.0
2026-08-05 10:28:00,NXT,,98.69999694824219,98.87999725341797,98.48999786376953,98.87999725341797,13219.0
2026-08-05 10:28:00,NXTC,,5.53000020980835,5.590000152587891,5.53000020980835,5.590000152587891,888.0
2026-08-05 10:28:00,OBIO,,4.150000095367432,4.15500020980835,4.150000095367432,4.15500020980835,719.0
2026-08-05 10:28:00,OCGN,,1.3099000453948975,1.309999942779541,1.2999999523162842,1.3087999820709229,8150.0
2026-08-05 10:28:00,OCSL,,12.175000190734863,12.175000190734863,12.175000190734863,12.175000190734863,257.0
2026-08-05 10:28:00,OCUL,,8.65999984741211,8.65999984741211,8.65999984741211,8.65999984741211,1276.0
2026-08-05 10:28:00,ODD,,15.225000381469727,15.225000381469727,15.199999809265137,15.199999809265137,1802.0
2026-08-05 10:28:00,ODFL,,218.0,218.02000427246094,217.8300018310547,218.02000427246094,3078.0
2026-08-05 10:28:00,OESX,,17.026899337768555,17.200000762939453,16.950000762939453,16.961200714111328,10237.0
2026-08-05 10:28:00,OFIX,,11.199999809265137,11.199999809265137,10.98009967803955,11.199999809265137,1403.0
2026-08-05 10:28:00,OFS,,3.5899999141693115,3.5899999141693115,3.5899999141693115,3.5899999141693115,3353.0
2026-08-05 10:28:00,OGI,,0.9667999744415283,0.9684000015258789,0.9667999744415283,0.9667999744415283,2609.0
2026-08-05 10:28:00,OKTA,,150.11000061035156,150.36000061035156,150.11000061035156,150.34500122070312,3264.0
2026-08-05 10:28:00,OLLI,,78.58000183105469,78.61000061035156,78.51170349121094,78.61000061035156,2878.0
2026-08-05 10:28:00,OLMA,,11.739999771118164,11.760000228881836,11.720000267028809,11.75,2137.0
2026-08-05 10:28:00,OMCL,,37.02000045776367,37.02000045776367,37.02000045776367,37.02000045776367,764.0
2026-08-05 10:28:00,OMER,,13.050000190734863,13.0600004196167,13.050000190734863,13.0600004196167,669.0
2026-08-05 10:28:00,OMEX,,0.7598999738693237,0.7598999738693237,0.7598999738693237,0.7598999738693237,200.0
2026-08-05 10:28:00,OMH,,0.1103999987244606,0.11050000041723251,0.10980000346899033,0.10980000346899033,40682.0
2026-08-05 10:28:00,ON,,78.16239929199219,78.2699966430664,78.13289642333984,78.25,27581.0
2026-08-05 10:28:00,ONB,,27.149999618530273,27.149999618530273,27.139999389648438,27.139999389648438,4493.0
2026-08-05 10:28:00,ONCY,,0.7925999760627747,0.7929999828338623,0.7925999760627747,0.7928000092506409,23435.0
2026-08-05 10:28:00,ONDS,,8.989899635314941,9.0,8.975000381469727,9.0,139795.0
2026-08-05 10:28:00,ONEW,,12.5,12.5,12.5,12.5,195.0
2026-08-05 10:28:00,ONFO,,0.07419999688863754,0.07450000196695328,0.07410000264644623,0.07450000196695328,27371.0
2026-08-05 10:28:00,ONMD,,0.6808000206947327,0.6808000206947327,0.6808000206947327,0.6808000206947327,7321.0
2026-08-05 10:28:00,OPAL,,2.3227999210357666,2.3227999210357666,2.3227999210357666,2.3227999210357666,235.0
2026-08-05 10:28:00,OPCH,,23.540000915527344,23.549999237060547,23.520000457763672,23.520000457763672,5119.0
2026-08-05 10:28:00,OPEN,,3.879699945449829,3.890000104904175,3.859999895095825,3.884999990463257,384249.0
2026-08-05 10:28:00,OPK,,1.3250000476837158,1.3250000476837158,1.3250000476837158,1.3250000476837158,4806.0
2026-08-05 10:28:00,OPRT,,6.239999771118164,6.239999771118164,6.239999771118164,6.239999771118164,2649.0
2026-08-05 10:28:00,OPRX,,6.788599967956543,6.788599967956543,6.788599967956543,6.788599967956543,473.0
2026-08-05 10:28:00,ORGO,,2.3949999809265137,2.3949999809265137,2.3949999809265137,2.3949999809265137,602.0
2026-08-05 10:28:00,ORIC,,13.449999809265137,13.545000076293945,13.449999809265137,13.545000076293945,6164.0
2026-08-05 10:28:00,ORLY,,93.87999725341797,93.9000015258789,93.7300033569336,93.73999786376953,5540.0
2026-08-05 10:28:00,ORMP,,4.46999979019165,4.46999979019165,4.46999979019165,4.46999979019165,332.0
2026-08-05 10:28:00,OSIS,,234.24000549316406,234.24000549316406,234.24000549316406,234.24000549316406,219.0
2026-08-05 10:28:00,OSPN,,16.790000915527344,16.899999618530273,16.790000915527344,16.899999618530273,1292.0
2026-08-05 10:28:00,OSS,,14.010000228881836,14.050000190734863,14.0,14.024999618530273,10978.0
2026-08-05 10:28:00,OSUR,,4.204999923706055,4.218299865722656,4.204999923706055,4.210000038146973,2715.0
2026-08-05 10:28:00,OSW,,26.645000457763672,26.645000457763672,26.645000457763672,26.645000457763672,499.0
2026-08-05 10:28:00,OTEX,,26.09000015258789,26.110000610351562,26.084999084472656,26.100000381469727,2517.0
2026-08-05 10:28:00,OTLK,,1.0399999618530273,1.0399999618530273,1.034999966621399,1.034999966621399,6700.0
2026-08-05 10:28:00,OTTR,,92.08499908447266,92.08499908447266,92.08499908447266,92.08499908447266,766.0
2026-08-05 10:28:00,OVID,,2.619999885559082,2.630000114440918,2.619999885559082,2.630000114440918,6013.0
2026-08-05 10:28:00,OXLC,,9.085000038146973,9.085000038146973,9.079999923706055,9.079999923706055,407.0
2026-08-05 10:28:00,OXSQ,,1.4800000190734863,1.4850000143051147,1.4800000190734863,1.4850000143051147,4271.0
2026-08-05 10:28:00,PAA,,23.2450008392334,23.2450008392334,23.239999771118164,23.239999771118164,2193.0
2026-08-05 10:28:00,PAAS,,48.25,48.25,48.20500183105469,48.209999084472656,10072.0
2026-08-05 10:28:00,PACB,,1.4550000429153442,1.4550000429153442,1.4550000429153442,1.4550000429153442,2770.0
2026-08-05 10:28:00,PAGP,,25.154499053955078,25.184999465942383,25.154499053955078,25.180099487304688,4288.0
2026-08-05 10:28:00,PALI,,2.0899999141693115,2.0899999141693115,2.0899999141693115,2.0899999141693115,1226.0
2026-08-05 10:28:00,PANL,,7.34499979019165,7.34499979019165,7.34499979019165,7.34499979019165,677.0
2026-08-05 10:28:00,PANW,,371.7799987792969,371.96990966796875,371.6549987792969,371.6549987792969,8073.0
2026-08-05 10:28:00,PAX,,11.4350004196167,11.444999694824219,11.430000305175781,11.444999694824219,2804.0
2026-08-05 10:28:00,PAYO,,7.125,7.130000114440918,7.125,7.125,4292.0
2026-08-05 10:28:00,PAYS,,9.359999656677246,9.359999656677246,9.359999656677246,9.359999656677246,278.0
2026-08-05 10:28:00,PAYX,,118.2750015258789,118.32990264892578,118.2499008178711,118.29000091552734,3238.0
2026-08-05 10:28:00,PBYI,,8.039999961853027,8.039999961853027,8.039999961853027,8.039999961853027,899.0
2026-08-05 10:28:00,PCAR,,135.1199951171875,135.8000030517578,134.9199981689453,135.72000122070312,335608.0
2026-08-05 10:28:00,PCRX,,25.25749969482422,25.25749969482422,25.209999084472656,25.209999084472656,763.0
2026-08-05 10:28:00,PCT,,6.922999858856201,6.949999809265137,6.920000076293945,6.940000057220459,24365.0
2026-08-05 10:28:00,PCTY,,148.3000030517578,148.3000030517578,148.0,148.0,1134.0
2026-08-05 10:28:00,PDD,,91.86000061035156,91.87000274658203,91.83999633789062,91.83999633789062,10547.0
2026-08-05 10:28:00,PDFS,,50.86000061035156,50.86000061035156,50.86000061035156,50.86000061035156,502.0
2026-08-05 10:28:00,PDSB,,0.71670001745224,0.71670001745224,0.7085999846458435,0.7087000012397766,16396.0
2026-08-05 10:28:00,PEBO,,41.79999923706055,41.79999923706055,41.79999923706055,41.79999923706055,416.0
2026-08-05 10:28:00,PECO,,41.540000915527344,41.540000915527344,41.529998779296875,41.529998779296875,1370.0
2026-08-05 10:28:00,PEGA,,31.729999542236328,31.730100631713867,31.729999542236328,31.730100631713867,3731.0
2026-08-05 10:28:00,PENN,,19.950000762939453,19.954999923706055,19.950000762939453,19.954999923706055,1106.0
2026-08-05 10:28:00,PEP,,138.3300018310547,138.42999267578125,138.3300018310547,138.36000061035156,8992.0
2026-08-05 10:28:00,PERI,,9.640000343322754,9.654999732971191,9.640000343322754,9.654999732971191,768.0
2026-08-05 10:28:00,PESI,,17.899900436401367,17.899900436401367,17.884899139404297,17.884899139404297,5045.0
2026-08-05 10:28:00,PFG,,115.5999984741211,115.5999984741211,115.5999984741211,115.5999984741211,517.0
2026-08-05 10:28:00,PGEN,,6.862199783325195,6.919099807739258,6.849999904632568,6.885000228881836,58184.0
2026-08-05 10:28:00,PGNY,,31.649999618530273,31.649999618530273,31.6299991607666,31.649999618530273,2534.0
2026-08-05 10:28:00,PGY,,21.780000686645508,21.850000381469727,21.780000686645508,21.829999923706055,8443.0
2026-08-05 10:28:00,PHAT,,8.590999603271484,8.630000114440918,8.590999603271484,8.630000114440918,4189.0
2026-08-05 10:28:00,PKOH,,41.420101165771484,41.420101165771484,41.420101165771484,41.420101165771484,317.0
2026-08-05 10:28:00,PLBY,,1.2300000190734863,1.2300000190734863,1.2300000190734863,1.2300000190734863,813.0
2026-08-05 10:28:00,PLMR,,134.64500427246094,134.64500427246094,134.64500427246094,134.64500427246094,698.0
2026-08-05 10:28:00,PLPC,,462.0,462.0,462.0,462.0,531.0
2026-08-05 10:28:00,PLRX,,1.0595999956130981,1.0595999956130981,1.0595999956130981,1.0595999956130981,470.0
2026-08-05 10:28:00,PLTK,,4.039899826049805,4.039899826049805,4.039899826049805,4.039899826049805,288.0
2026-08-05 10:28:00,PLUG,,2.130000114440918,2.130000114440918,2.119999885559082,2.125,27879.0
2026-08-05 10:28:00,PLXS,,275.3999938964844,275.9849853515625,275.3999938964844,275.9849853515625,757.0
2026-08-05 10:28:00,PMVP,,1.1799999475479126,1.1799999475479126,1.1699999570846558,1.1749999523162842,22356.0
2026-08-05 10:28:00,PNFP,,107.94999694824219,107.94999694824219,107.69999694824219,107.8949966430664,2592.0
2026-08-05 10:28:00,POET,,8.350000381469727,8.369999885559082,8.34000015258789,8.364999771118164,32133.0
2026-08-05 10:28:00,POWI,,62.54499816894531,62.54499816894531,62.54499816894531,62.54499816894531,404.0
2026-08-05 10:28:00,POWL,,212.8699951171875,212.8699951171875,211.9300994873047,212.4250030517578,5701.0
2026-08-05 10:28:00,PPTA,,22.81999969482422,22.889999389648438,22.809900283813477,22.81999969482422,18393.0
2026-08-05 10:28:00,PRAX,,317.30499267578125,318.3999938964844,317.0,317.510009765625,3184.0
2026-08-05 10:28:00,PRCH,,16.25,16.254499435424805,16.25,16.254499435424805,1195.0
2026-08-05 10:28:00,PRCT,,19.059999465942383,19.104999542236328,19.030000686645508,19.094999313354492,5027.0
2026-08-05 10:28:00,PRDO,,33.41999816894531,33.45000076293945,33.41999816894531,33.439998626708984,2189.0
2026-08-05 10:28:00,PRIM,,89.0,90.22000122070312,89.0,90.17500305175781,41413.0
2026-08-05 10:28:00,PRLD,,4.590000152587891,4.590000152587891,4.590000152587891,4.590000152587891,865.0
2026-08-05 10:28:00,PRME,,2.994999885559082,3.0179998874664307,2.994999885559082,3.0179998874664307,13668.0
2026-08-05 10:28:00,PROK,,1.6449999809265137,1.659999966621399,1.6399999856948853,1.659999966621399,7455.0
2026-08-05 10:28:00,PRQR,,1.934999942779541,1.934999942779541,1.9299999475479126,1.9299999475479126,6561.0
2026-08-05 10:28:00,PRTH,,6.650000095367432,6.664999961853027,6.650000095367432,6.664999961853027,1429.0
2026-08-05 10:28:00,PRVA,,24.059999465942383,24.084999084472656,24.010000228881836,24.045000076293945,5348.0
2026-08-05 10:28:00,PSEC,,2.2000999450683594,2.2100000381469727,2.200000047683716,2.2049999237060547,9590.0
2026-08-05 10:28:00,PSMT,,193.8800048828125,194.0,193.83999633789062,193.889892578125,1998.0
2026-08-05 10:28:00,PSNL,,13.699899673461914,13.699999809265137,13.670000076293945,13.699999809265137,4395.0
2026-08-05 10:28:00,PTC,,142.44500732421875,142.44500732421875,142.35000610351562,142.35000610351562,1932.0
2026-08-05 10:28:00,PTCT,,69.77999877929688,69.77999877929688,69.77999877929688,69.77999877929688,1425.0
2026-08-05 10:28:00,PTEN,,9.930000305175781,9.930000305175781,9.925000190734863,9.930000305175781,7720.0
2026-08-05 10:28:00,PTGX,,136.9199981689453,136.9199981689453,136.9199981689453,136.9199981689453,445.0
2026-08-05 10:28:00,PTLO,,4.6072001457214355,4.6072001457214355,4.6072001457214355,4.6072001457214355,1060.0
2026-08-05 10:28:00,PTON,,6.510000228881836,6.514999866485596,6.510000228881836,6.510000228881836,4738.0
2026-08-05 10:28:00,PUBM,,13.750100135803223,13.76990032196045,13.750100135803223,13.76990032196045,1591.0
2026-08-05 10:28:00,PWP,,17.309999465942383,17.329999923706055,17.309999465942383,17.31999969482422,5778.0
2026-08-05 10:28:00,PYPL,,58.70500183105469,58.744998931884766,58.70000076293945,58.7400016784668,29399.0
2026-08-05 10:28:00,PYXS,,3.3183000087738037,3.3183000087738037,3.3099000453948975,3.3099000453948975,2862.0
2026-08-05 10:28:00,PZZA,,30.920000076293945,30.920000076293945,30.920000076293945,30.920000076293945,956.0
2026-08-05 10:28:00,QCOM,,159.36000061035156,159.5500030517578,159.36000061035156,159.5399932861328,13676.0
2026-08-05 10:28:00,QCRH,,105.25,105.25,105.25,105.25,449.0
2026-08-05 10:28:00,QRVO,,94.4800033569336,94.5,94.44999694824219,94.5,1916.0
2026-08-05 10:28:00,SEED,,0.9613000154495239,0.9684000015258789,0.9613000154495239,0.9613999724388123,2705.0
2026-08-05 10:28:00,STIM,,2.3046000003814697,2.305000066757202,2.3046000003814697,2.305000066757202,390.0
2026-08-05 10:28:00,TARA,,4.039999961853027,4.050000190734863,4.039999961853027,4.050000190734863,3016.0
2026-08-05 10:28:00,WOOF,,2.9549999237060547,2.9600000381469727,2.950000047683716,2.9549999237060547,18143.0
2026-08-05 10:29:00,ACDC,,4.269999980926514,4.275000095367432,4.264999866485596,4.264999866485596,3147.0
2026-08-05 10:29:00,BPOP,,177.83999633789062,177.83999633789062,177.83999633789062,177.83999633789062,472.0
2026-08-05 10:29:00,CASH,,89.5250015258789,89.5250015258789,89.5250015258789,89.5250015258789,567.0
2026-08-05 10:29:00,CNXN,,84.31999969482422,84.31999969482422,84.31999969482422,84.31999969482422,806.0
2026-08-05 10:29:00,DTIL,,7.539999961853027,7.539999961853027,7.519999980926514,7.519999980926514,801.0
2026-08-05 10:29:00,EYE,,23.469999313354492,23.559999465942383,23.469999313354492,23.549999237060547,2901.0
2026-08-05 10:29:00,GLUE,,16.1200008392334,16.15999984741211,16.100000381469727,16.13010025024414,11359.0
2026-08-05 10:29:00,KIDS,,21.774999618530273,21.774999618530273,21.774999618530273,21.774999618530273,726.0
2026-08-05 10:29:00,KTTA,,0.48100000619888306,0.48100000619888306,0.47999998927116394,0.48100000619888306,6791.0
2026-08-05 10:29:00,LUNG,,1.8700000047683716,1.875,1.8700000047683716,1.875,587.0
2026-08-05 10:29:00,MDB,,380.260009765625,381.1600036621094,380.260009765625,380.5201110839844,1940.0
2026-08-05 10:29:00,MDLZ,,61.810001373291016,61.810001373291016,61.79999923706055,61.79999923706055,6249.0
2026-08-05 10:29:00,MLTX,,17.760000228881836,17.760000228881836,17.760000228881836,17.760000228881836,808.0
2026-08-05 10:29:00,MNRO,,13.220000267028809,13.220000267028809,13.1899995803833,13.199999809265137,1786.0
2026-08-05 10:29:00,MNST,,94.9800033569336,95.01000213623047,94.9800033569336,95.01000213623047,4740.0
2026-08-05 10:29:00,MNTK,,1.684999942779541,1.684999942779541,1.684999942779541,1.684999942779541,695.0
2026-08-05 10:29:00,MNTS,,4.400000095367432,4.400000095367432,4.389999866485596,4.389999866485596,2407.0
2026-08-05 10:29:00,MPWR,,1331.989990234375,1333.125,1331.989990234375,1332.7099609375,498.0
2026-08-05 10:29:00,MRNA,,58.709999084472656,58.95000076293945,58.689998626708984,58.91999816894531,7012.0
2026-08-05 10:29:00,MYGN,,3.2049999237060547,3.2049999237060547,3.2049999237060547,3.2049999237060547,723.0
2026-08-05 10:29:00,MYRG,,343.239990234375,345.3655090332031,342.82000732421875,345.3655090332031,1115.0
2026-08-05 10:29:00,NAMS,,27.014999389648438,27.014999389648438,27.014999389648438,27.014999389648438,990.0
2026-08-05 10:29:00,NAVI,,9.100000381469727,9.100000381469727,9.095000267028809,9.095000267028809,1162.0
2026-08-05 10:29:00,NB,,5.125,5.139699935913086,5.119999885559082,5.119999885559082,4044.0
2026-08-05 10:29:00,NBIX,,165.07000732421875,165.07000732421875,164.55999755859375,164.55999755859375,2475.0
2026-08-05 10:29:00,NCPL,,0.42340001463890076,0.42340001463890076,0.42340001463890076,0.42340001463890076,501.0
2026-08-05 10:29:00,NCRA,,1.75,1.75,1.75,1.75,591.0
2026-08-05 10:29:00,NDAQ,,95.41999816894531,95.48500061035156,95.38500213623047,95.48500061035156,2462.0
2026-08-05 10:29:00,NDLS,,17.912500381469727,17.912500381469727,17.912500381469727,17.912500381469727,541.0
2026-08-05 10:29:00,NDSN,,311.29998779296875,311.95989990234375,311.2900085449219,311.32000732421875,258.0
2026-08-05 10:29:00,NECB,,27.170000076293945,27.170000076293945,27.170000076293945,27.170000076293945,1735.0
2026-08-05 10:29:00,NEGG,,16.979900360107422,16.979900360107422,16.979900360107422,16.979900360107422,101.0
2026-08-05 10:29:00,NEO,,16.200000762939453,16.25,16.200000762939453,16.25,3734.0
2026-08-05 10:29:00,NEOG,,11.725000381469727,11.725000381469727,11.725000381469727,11.725000381469727,1700.0
2026-08-05 10:29:00,NEOV,,2.9000000953674316,2.9000000953674316,2.9000000953674316,2.9000000953674316,4115.0
2026-08-05 10:29:00,NESR,,28.93000030517578,28.940000534057617,28.881000518798828,28.940000534057617,1207.0
2026-08-05 10:29:00,NEWT,,15.300000190734863,15.300000190734863,15.300000190734863,15.300000190734863,664.0
2026-08-05 10:29:00,NEXT,,6.429999828338623,6.440000057220459,6.429999828338623,6.434999942779541,7811.0
2026-08-05 10:29:00,NFE,,0.336899995803833,0.336899995803833,0.336899995803833,0.336899995803833,139.0
2026-08-05 10:29:00,NFLX,,74.09970092773438,74.09970092773438,74.05999755859375,74.05999755859375,37788.0
2026-08-05 10:29:00,NGNE,,35.33000183105469,35.33000183105469,35.33000183105469,35.33000183105469,537.0
2026-08-05 10:29:00,NICE,,96.20999908447266,96.25,95.9800033569336,95.9800033569336,7416.0
2026-08-05 10:29:00,NKTR,,73.41000366210938,73.44999694824219,73.2699966430664,73.27999877929688,5912.0
2026-08-05 10:29:00,NKTX,,2.184999942779541,2.190000057220459,2.184999942779541,2.190000057220459,1833.0
2026-08-05 10:29:00,NMFC,,7.399899959564209,7.399899959564209,7.389999866485596,7.389999866485596,873.0
2026-08-05 10:29:00,NMIH,,44.56999969482422,44.58000183105469,44.56999969482422,44.56999969482422,1275.0
2026-08-05 10:29:00,NMRA,,1.625,1.6349999904632568,1.625,1.6299999952316284,6886.0
2026-08-05 10:29:00,NMRK,,15.699999809265137,15.719900131225586,15.6899995803833,15.6899995803833,3830.0
2026-08-05 10:29:00,NN,,14.390000343322754,14.420000076293945,14.390000343322754,14.390000343322754,8671.0
2026-08-05 10:29:00,NNBR,,3.868799924850464,3.869999885559082,3.865000009536743,3.869999885559082,875.0
2026-08-05 10:29:00,NNDM,,1.559999942779541,1.559999942779541,1.5500999689102173,1.5500999689102173,11574.0
2026-08-05 10:29:00,NNOX,,1.0200999975204468,1.0200999975204468,1.0200999975204468,1.0200999975204468,1802.0
2026-08-05 10:29:00,NOVT,,159.17999267578125,159.17999267578125,159.17999267578125,159.17999267578125,569.0
2026-08-05 10:29:00,NPCE,,13.75,13.75,13.75,13.75,351.0
2026-08-05 10:29:00,NRIM,,27.079999923706055,27.079999923706055,27.079999923706055,27.079999923706055,187.0
2026-08-05 10:29:00,NRIX,,25.059999465942383,25.059999465942383,25.059999465942383,25.059999465942383,740.0
2026-08-05 10:29:00,NRSN,,0.5899999737739563,0.5899999737739563,0.5899999737739563,0.5899999737739563,2911.0
2026-08-05 10:29:00,NRXP,,3.0350000858306885,3.0399999618530273,3.030100107192993,3.030100107192993,2723.0
2026-08-05 10:29:00,NTAP,,191.9250030517578,192.16000366210938,191.80999755859375,192.03500366210938,3480.0
2026-08-05 10:29:00,NTES,,128.10000610351562,128.14999389648438,128.10000610351562,128.14999389648438,580.0
2026-08-05 10:29:00,NTGR,,24.003999710083008,24.003999710083008,23.950000762939453,23.950000762939453,944.0
2026-08-05 10:29:00,NTNX,,61.13999938964844,61.220001220703125,61.13999938964844,61.220001220703125,2308.0
2026-08-05 10:29:00,NTRS,,185.19200134277344,185.19200134277344,185.1199951171875,185.17999267578125,3327.0
2026-08-05 10:29:00,NUWE,,1.8200000524520874,1.8200000524520874,1.8036999702453613,1.809999942779541,2279.0
2026-08-05 10:29:00,NVAX,,7.704999923706055,7.715000152587891,7.699999809265137,7.715000152587891,3556.0
2026-08-05 10:29:00,NVCR,,16.06999969482422,16.079999923706055,16.06999969482422,16.079999923706055,868.0
2026-08-05 10:29:00,NVCT,,20.184999465942383,20.184999465942383,20.1200008392334,20.1200008392334,320.0
2026-08-05 10:29:00,NVDA,,220.72779846191406,221.0,220.7100067138672,220.72779846191406,421466.0
2026-08-05 10:29:00,NVMI,,410.9700012207031,410.9949951171875,410.9700012207031,410.9949951171875,1059.0
2026-08-05 10:29:00,NVTS,,12.609999656677246,12.670000076293945,12.604999542236328,12.630000114440918,22503.0
2026-08-05 10:29:00,NWBI,,15.994999885559082,15.994999885559082,15.994999885559082,15.994999885559082,679.0
2026-08-05 10:29:00,NWE,,69.16999816894531,69.2300033569336,69.16000366210938,69.20999908447266,2413.0
2026-08-05 10:29:00,NWGL,,0.2800000011920929,0.2800000011920929,0.2614000141620636,0.2614000141620636,1186.0
2026-08-05 10:29:00,NWL,,6.050000190734863,6.054999828338623,6.050000190734863,6.054999828338623,1706.0
2026-08-05 10:29:00,NWS,,32.619998931884766,32.619998931884766,32.619998931884766,32.619998931884766,1306.0
2026-08-05 10:29:00,NWSA,,28.469999313354492,28.469999313354492,28.460100173950195,28.469999313354492,2028.0
2026-08-05 10:29:00,NXPI,,231.4199981689453,231.8000030517578,230.97999572753906,231.8000030517578,10609.0
2026-08-05 10:29:00,NXST,,193.39999389648438,193.39999389648438,193.39999389648438,193.39999389648438,294.0
2026-08-05 10:29:00,NXT,,98.70999908447266,98.93000030517578,98.70999908447266,98.76000213623047,16718.0
2026-08-05 10:29:00,OABI,,2.015000104904175,2.015000104904175,2.015000104904175,2.015000104904175,406.0
2026-08-05 10:29:00,OCG,,1.6699999570846558,1.6699999570846558,1.6649999618530273,1.6699999570846558,338.0
2026-08-05 10:29:00,OCGN,,1.2999999523162842,1.309999942779541,1.2999999523162842,1.3099000453948975,6533.0
2026-08-05 10:29:00,OCS,,12.270000457763672,12.270000457763672,12.270000457763672,12.270000457763672,536.0
2026-08-05 10:29:00,OCSL,,12.210000038146973,12.220000267028809,12.180000305175781,12.210000038146973,25979.0
2026-08-05 10:29:00,OCUL,,8.604999542236328,8.645000457763672,8.604999542236328,8.64009952545166,4664.0
2026-08-05 10:29:00,ODD,,15.15999984741211,15.194999694824219,15.15999984741211,15.194999694824219,2093.0
2026-08-05 10:29:00,ODFL,,217.9949951171875,217.9949951171875,217.99000549316406,217.99000549316406,1335.0
2026-08-05 10:29:00,OESX,,17.219999313354492,17.420000076293945,17.0,17.04170036315918,11811.0
2026-08-05 10:29:00,OFIX,,11.210000038146973,11.210000038146973,11.130000114440918,11.130000114440918,1464.0
2026-08-05 10:29:00,OGI,,0.9668999910354614,0.9668999910354614,0.9668999910354614,0.9668999910354614,442.0
2026-08-05 10:29:00,OKTA,,149.75289916992188,149.75289916992188,149.75289916992188,149.75289916992188,2052.0
2026-08-05 10:29:00,OLLI,,78.80999755859375,78.80999755859375,78.6500015258789,78.6500015258789,2519.0
2026-08-05 10:29:00,OLMA,,11.729999542236328,11.729999542236328,11.720000267028809,11.720000267028809,595.0
2026-08-05 10:29:00,OM,,5.050000190734863,5.059999942779541,5.050000190734863,5.059999942779541,1270.0
2026-08-05 10:29:00,OMER,,13.079999923706055,13.079999923706055,13.050000190734863,13.050000190734863,2524.0
2026-08-05 10:29:00,OMEX,,0.7549999952316284,0.7574999928474426,0.7549999952316284,0.7574999928474426,1997.0
2026-08-05 10:29:00,OMH,,0.10999999940395355,0.11010000109672546,0.10999999940395355,0.11010000109672546,14606.0
2026-08-05 10:29:00,ON,,78.1449966430664,78.2300033569336,78.08100128173828,78.15499877929688,26734.0
2026-08-05 10:29:00,ONB,,27.155000686645508,27.155000686645508,27.155000686645508,27.155000686645508,882.0
2026-08-05 10:29:00,ONCY,,0.7928000092506409,0.7928000092506409,0.7928000092506409,0.7928000092506409,600.0
2026-08-05 10:29:00,ONDS,,8.984999656677246,9.020000457763672,8.979999542236328,8.981100082397461,92516.0
2026-08-05 10:29:00,ONFO,,0.07419999688863754,0.07429999858140945,0.0738999992609024,0.07429999858140945,46206.0
2026-08-05 10:29:00,OPCH,,23.540000915527344,23.540000915527344,23.540000915527344,23.540000915527344,912.0
2026-08-05 10:29:00,OPEN,,3.880000114440918,3.890000104904175,3.869999885559082,3.875,256453.0
2026-08-05 10:29:00,OPHC,,8.770000457763672,8.770000457763672,8.65999984741211,8.65999984741211,2206.0
2026-08-05 10:29:00,OPI,,18.889999389648438,18.889999389648438,18.799999237060547,18.799999237060547,642.0
2026-08-05 10:29:00,OPK,,1.3277000188827515,1.3277000188827515,1.3277000188827515,1.3277000188827515,895.0
2026-08-05 10:29:00,ORGO,,2.3949999809265137,2.399899959564209,2.3949999809265137,2.399899959564209,772.0
2026-08-05 10:29:00,ORIC,,13.475000381469727,13.479999542236328,13.470000267028809,13.470000267028809,1730.0
2026-08-05 10:29:00,ORLY,,93.91500091552734,93.91500091552734,93.86000061035156,93.875,5453.0
2026-08-05 10:29:00,OSBC,,25.899999618530273,25.899999618530273,25.899999618530273,25.899999618530273,3779.0
2026-08-05 10:29:00,OSIS,,234.8300018310547,234.8300018310547,234.8300018310547,234.8300018310547,230.0
2026-08-05 10:29:00,OSS,,13.944999694824219,14.009099960327148,13.944999694824219,13.960000038146973,2522.0
2026-08-05 10:29:00,OSUR,,4.199999809265137,4.201099872589111,4.199999809265137,4.201099872589111,1498.0
2026-08-05 10:29:00,OTEX,,26.049999237060547,26.06999969482422,26.049999237060547,26.049999237060547,3092.0
2026-08-05 10:29:00,OTLK,,1.0399999618530273,1.0399999618530273,1.0397000312805176,1.0399999618530273,3125.0
2026-08-05 10:29:00,OVID,,2.610100030899048,2.610100030899048,2.610100030899048,2.610100030899048,340.0
2026-08-05 10:29:00,OXLC,,9.085000038146973,9.085000038146973,9.085000038146973,9.085000038146973,732.0
2026-08-05 10:29:00,OXSQ,,1.4800000190734863,1.4900000095367432,1.4800000190734863,1.4900000095367432,2912.0
2026-08-05 10:29:00,PAA,,23.229999542236328,23.25,23.229999542236328,23.25,3241.0
2026-08-05 10:29:00,PAAS,,48.15999984741211,48.25,48.1349983215332,48.2400016784668,14788.0
2026-08-05 10:29:00,PACB,,1.4550000429153442,1.4550000429153442,1.4550000429153442,1.4550000429153442,712.0
2026-08-05 10:29:00,PAGP,,25.170000076293945,25.170000076293945,25.170000076293945,25.170000076293945,323.0
2026-08-05 10:29:00,PALI,,2.089900016784668,2.0899999141693115,2.0850000381469727,2.0899999141693115,5734.0
2026-08-05 10:29:00,PANL,,7.364999771118164,7.364999771118164,7.364999771118164,7.364999771118164,266.0
2026-08-05 10:29:00,PANW,,370.19000244140625,371.7200012207031,370.1000061035156,371.7200012207031,20986.0
2026-08-05 10:29:00,PAX,,11.430999755859375,11.4399995803833,11.430999755859375,11.4399995803833,1965.0
2026-08-05 10:29:00,PAYO,,7.130000114440918,7.130000114440918,7.130000114440918,7.130000114440918,291.0
2026-08-05 10:29:00,PAYS,,9.329999923706055,9.37720012664795,9.329999923706055,9.37720012664795,1819.0
2026-08-05 10:29:00,PAYX,,118.24500274658203,118.24500274658203,118.22000122070312,118.22000122070312,2831.0
2026-08-05 10:29:00,PBYI,,8.020000457763672,8.020000457763672,8.020000457763672,8.020000457763672,236.0
2026-08-05 10:29:00,PCAR,,135.0800018310547,135.25,135.0399932861328,135.1199951171875,30273.0
2026-08-05 10:29:00,PCRX,,25.209999084472656,25.209999084472656,25.110000610351562,25.15999984741211,4281.0
2026-08-05 10:29:00,PCT,,6.945000171661377,6.949999809265137,6.920000076293945,6.920000076293945,19249.0
2026-08-05 10:29:00,PCTY,,148.2899932861328,148.2899932861328,147.64500427246094,147.72000122070312,2050.0
2026-08-05 10:29:00,PDD,,91.83000183105469,91.83999633789062,91.80000305175781,91.83999633789062,7057.0
2026-08-05 10:29:00,PDEX,,68.31500244140625,68.31500244140625,68.31500244140625,68.31500244140625,491.0
2026-08-05 10:29:00,PDFS,,50.67499923706055,50.86000061035156,50.67499923706055,50.86000061035156,386.0
2026-08-05 10:29:00,PEBO,,41.84000015258789,41.84000015258789,41.83000183105469,41.84000015258789,1021.0
2026-08-05 10:29:00,PECO,,41.51499938964844,41.529998779296875,41.51499938964844,41.529998779296875,1317.0
2026-08-05 10:29:00,PEGA,,31.709999084472656,31.774999618530273,31.700000762939453,31.729999542236328,2624.0
2026-08-05 10:29:00,PENN,,19.989999771118164,19.989999771118164,19.940000534057617,19.940000534057617,9234.0
2026-08-05 10:29:00,PEP,,138.51499938964844,138.52000427246094,138.41000366210938,138.4250030517578,9494.0
2026-08-05 10:29:00,PEPG,,1.9149999618530273,1.9149999618530273,1.9149999618530273,1.9149999618530273,448.0
2026-08-05 10:29:00,PERI,,9.649999618530273,9.649999618530273,9.649999618530273,9.649999618530273,703.0
2026-08-05 10:29:00,PFG,,115.66999816894531,115.76439666748047,115.66999816894531,115.76439666748047,629.0
2026-08-05 10:29:00,PGEN,,6.869999885559082,6.887499809265137,6.84499979019165,6.860000133514404,31630.0
2026-08-05 10:29:00,PGNY,,31.6299991607666,31.6299991607666,31.6299991607666,31.6299991607666,431.0
2026-08-05 10:29:00,PGY,,21.799999237060547,21.809999465942383,21.760000228881836,21.760000228881836,9247.0
2026-08-05 10:29:00,PHAT,,8.579999923706055,8.579999923706055,8.579999923706055,8.579999923706055,1010.0
2026-08-05 10:29:00,PLAB,,32.18629837036133,32.20240020751953,32.18629837036133,32.20240020751953,1739.0
2026-08-05 10:29:00,PLBY,,1.2100000381469727,1.2300000190734863,1.2100000381469727,1.2300000190734863,22459.0
2026-08-05 10:29:00,PLMR,,136.0500030517578,136.97000122070312,135.64500427246094,135.64500427246094,7251.0
2026-08-05 10:29:00,PLRX,,1.0500999689102173,1.0500999689102173,1.0500999689102173,1.0500999689102173,3988.0
2026-08-05 10:29:00,PLTK,,4.014999866485596,4.034999847412109,4.010000228881836,4.03000020980835,21983.0
2026-08-05 10:29:00,PLUG,,2.130000114440918,2.130000114440918,2.119999885559082,2.119999885559082,61828.0
2026-08-05 10:29:00,PLUR,,1.7899999618530273,1.7899999618530273,1.7899999618530273,1.7899999618530273,429.0
2026-08-05 10:29:00,PLXS,,275.68499755859375,275.68499755859375,275.68499755859375,275.68499755859375,1349.0
2026-08-05 10:29:00,PMVP,,1.1699999570846558,1.1699999570846558,1.1699999570846558,1.1699999570846558,374.0
2026-08-05 10:29:00,PNFP,,107.95999908447266,107.95999908447266,107.87000274658203,107.94999694824219,578.0
2026-08-05 10:29:00,PNTG,,38.69499969482422,38.810001373291016,38.69499969482422,38.810001373291016,1314.0
2026-08-05 10:29:00,POCI,,4.315000057220459,4.315000057220459,4.260000228881836,4.269999980926514,6053.0
2026-08-05 10:29:00,POET,,8.3149995803833,8.352299690246582,8.3149995803833,8.340100288391113,20358.0
2026-08-05 10:29:00,POLA,,1.7599999904632568,1.7599999904632568,1.7599999904632568,1.7599999904632568,316.0
2026-08-05 10:29:00,POOL,,204.50999450683594,204.50999450683594,204.08999633789062,204.08999633789062,1860.0
2026-08-05 10:29:00,POWL,,211.58999633789062,212.63999938964844,211.58999633789062,212.2899932861328,7539.0
2026-08-05 10:29:00,PPC,,26.829999923706055,26.84000015258789,26.770000457763672,26.80500030517578,7080.0
2026-08-05 10:29:00,PPSI,,2.9700000286102295,2.9700000286102295,2.9600000381469727,2.9600000381469727,127.0
2026-08-05 10:29:00,PPTA,,22.809999465942383,22.860000610351562,22.799999237060547,22.850000381469727,3559.0
2026-08-05 10:29:00,PRAX,,316.1700134277344,318.4700012207031,316.1700134277344,317.260009765625,319.0
2026-08-05 10:29:00,PRCH,,16.270000457763672,16.270000457763672,16.2549991607666,16.2549991607666,1514.0
2026-08-05 10:29:00,PRCT,,18.959999084472656,19.079999923706055,18.920000076293945,19.079999923706055,4773.0
2026-08-05 10:29:00,PRE,,20.0,20.0,19.270000457763672,19.270000457763672,725.0
2026-08-05 10:29:00,PRGS,,41.849998474121094,41.849998474121094,41.744998931884766,41.744998931884766,602.0
2026-08-05 10:29:00,PRIM,,88.84500122070312,88.91000366210938,88.84500122070312,88.91000366210938,1574.0
2026-08-05 10:29:00,PRLD,,4.585599899291992,4.585599899291992,4.585599899291992,4.585599899291992,1034.0
2026-08-05 10:29:00,PRME,,2.990000009536743,2.994999885559082,2.990000009536743,2.994999885559082,4295.0
2026-08-05 10:29:00,PRQR,,1.9249999523162842,1.9299999475479126,1.9249999523162842,1.9299999475479126,2907.0
2026-08-05 10:29:00,PRTA,,8.597999572753906,8.597999572753906,8.579999923706055,8.579999923706055,2035.0
2026-08-05 10:29:00,PRTH,,6.650000095367432,6.650000095367432,6.650000095367432,6.650000095367432,236.0
2026-08-05 10:29:00,PRVA,,24.030000686645508,24.030000686645508,24.030000686645508,24.030000686645508,357.0
2026-08-05 10:29:00,PSEC,,2.2100000381469727,2.2100000381469727,2.201200008392334,2.2100000381469727,1678.0
2026-08-05 10:29:00,PSMT,,193.55999755859375,193.55999755859375,193.55999755859375,193.55999755859375,327.0
2026-08-05 10:29:00,PSNL,,13.640000343322754,13.675000190734863,13.5600004196167,13.664999961853027,57976.0
2026-08-05 10:29:00,PTC,,142.10000610351562,142.10000610351562,142.10000610351562,142.10000610351562,587.0
2026-08-05 10:29:00,PTCT,,69.52999877929688,69.625,69.52999877929688,69.625,486.0
2026-08-05 10:29:00,PTEN,,9.930000305175781,9.930000305175781,9.920100212097168,9.930000305175781,7349.0
2026-08-05 10:29:00,PTLO,,4.625,4.625,4.610000133514404,4.610000133514404,3690.0
2026-08-05 10:29:00,PTON,,6.510000228881836,6.514999866485596,6.5,6.510000228881836,19221.0
2026-08-05 10:29:00,PUBM,,13.75,13.760000228881836,13.75,13.760000228881836,1131.0
2026-08-05 10:29:00,PYPD,,4.480000019073486,4.485000133514404,4.480000019073486,4.485000133514404,538.0
2026-08-05 10:29:00,PYPL,,58.685001373291016,58.709999084472656,58.66080093383789,58.709999084472656,8777.0
2026-08-05 10:29:00,PYXS,,3.3099000453948975,3.3099000453948975,3.3099000453948975,3.3099000453948975,4269.0
2026-08-05 10:29:00,PZZA,,30.93000030517578,30.93000030517578,30.924999237060547,30.924999237060547,666.0
2026-08-05 10:29:00,QCOM,,159.3231964111328,159.41000366210938,159.24000549316406,159.36000061035156,13844.0
2026-08-05 10:29:00,QFIN,,13.425000190734863,13.425000190734863,13.425000190734863,13.425000190734863,344.0
2026-08-05 10:29:00,QRVO,,94.55000305175781,94.58000183105469,94.44999694824219,94.44999694824219,1653.0
2026-08-05 10:29:00,SEED,,0.9656999707221985,0.9656999707221985,0.9656999707221985,0.9656999707221985,2398.0
2026-08-05 10:29:00,STIM,,2.309999942779541,2.309999942779541,2.309999942779541,2.309999942779541,898.0
2026-08-05 10:29:00,TARA,,4.045000076293945,4.045000076293945,4.045000076293945,4.045000076293945,928.0
2026-08-05 10:29:00,WOOF,,2.950000047683716,2.9600000381469727,2.950000047683716,2.9549999237060547,6401.0
2026-08-05 10:30:00,ACDC,,4.269999980926514,4.269999980926514,4.264999866485596,4.269999980926514,3529.0
2026-08-05 10:30:00,DTIL,,7.5,7.510000228881836,7.5,7.510000228881836,557.0
2026-08-05 10:30:00,EYE,,23.549999237060547,23.559999465942383,23.530000686645508,23.530000686645508,2807.0
2026-08-05 10:30:00,GLUE,,16.1200008392334,16.1200008392334,16.06999969482422,16.06999969482422,2741.0
2026-08-05 10:30:00,MBRX,,0.4000999927520752,0.4000999927520752,0.4000999927520752,0.4000999927520752,402.0
2026-08-05 10:30:00,MDB,,380.2449951171875,380.6099853515625,379.885009765625,380.5150146484375,3385.0
2026-08-05 10:30:00,MDLZ,,61.849998474121094,61.875,61.810001373291016,61.810001373291016,20132.0
2026-08-05 10:30:00,MLTX,,17.75,17.75,17.75,17.75,1068.0
2026-08-05 10:30:00,MNRO,,13.220000267028809,13.220000267028809,13.1850004196167,13.1899995803833,3264.0
2026-08-05 10:30:00,MNST,,95.1050033569336,95.12000274658203,94.98500061035156,94.98500061035156,5301.0
2026-08-05 10:30:00,MNTK,,1.6749999523162842,1.6749999523162842,1.6749999523162842,1.6749999523162842,669.0
2026-08-05 10:30:00,MNTS,,4.3649001121521,4.399899959564209,4.3649001121521,4.397900104522705,6296.0
2026-08-05 10:30:00,MPWR,,1326.72998046875,1331.239990234375,1323.9300537109375,1331.239990234375,2724.0
2026-08-05 10:30:00,MRNA,,58.83000183105469,58.83000183105469,58.72999954223633,58.72999954223633,2810.0
2026-08-05 10:30:00,MSGM,,4.485000133514404,4.485000133514404,4.485000133514404,4.485000133514404,200.0
2026-08-05 10:30:00,MYGN,,3.2049999237060547,3.2049999237060547,3.200000047683716,3.2049999237060547,1877.0
2026-08-05 10:30:00,MYPS,,0.7422000169754028,0.7422000169754028,0.7422000169754028,0.7422000169754028,22281.0
2026-08-05 10:30:00,MYRG,,341.3900146484375,341.3900146484375,341.3900146484375,341.3900146484375,68.0
2026-08-05 10:30:00,NAMS,,27.020000457763672,27.020000457763672,26.959999084472656,27.014999389648438,1130.0
2026-08-05 10:30:00,NAVI,,9.09000015258789,9.095000267028809,9.09000015258789,9.095000267028809,1568.0
2026-08-05 10:30:00,NB,,5.099999904632568,5.1255998611450195,5.09499979019165,5.125,7590.0
2026-08-05 10:30:00,NBIX,,164.44500732421875,164.72000122070312,164.44500732421875,164.72000122070312,1441.0
2026-08-05 10:30:00,NBTB,,53.709999084472656,53.709999084472656,53.689998626708984,53.689998626708984,616.0
2026-08-05 10:30:00,NBTX,,39.940101623535156,40.15999984741211,39.940101623535156,40.15999984741211,3276.0
2026-08-05 10:30:00,NDAQ,,95.2699966430664,95.4000015258789,95.2699966430664,95.38500213623047,6676.0
2026-08-05 10:30:00,NDSN,,311.44000244140625,311.44000244140625,310.489990234375,311.2900085449219,1159.0
2026-08-05 10:30:00,NEGG,,16.940000534057617,17.164499282836914,16.940000534057617,16.969999313354492,1227.0
2026-08-05 10:30:00,NEO,,16.209999084472656,16.219999313354492,16.209999084472656,16.209999084472656,2553.0
2026-08-05 10:30:00,NEOG,,11.71500015258789,11.725000381469727,11.71500015258789,11.720000267028809,2809.0
2026-08-05 10:30:00,NEOV,,2.9100000858306885,2.9200000762939453,2.884999990463257,2.884999990463257,42081.0
2026-08-05 10:30:00,NESR,,28.84000015258789,28.93000030517578,28.84000015258789,28.90999984741211,3009.0
2026-08-05 10:30:00,NEXT,,6.449999809265137,6.449999809265137,6.440000057220459,6.440000057220459,2779.0
2026-08-05 10:30:00,NFE,,0.33799999952316284,0.33799999952316284,0.336899995803833,0.336899995803833,14251.0
2026-08-05 10:30:00,NFLX,,74.21499633789062,74.21990203857422,74.08499908447266,74.08499908447266,57631.0
2026-08-05 10:30:00,NIU,,2.5250000953674316,2.5250000953674316,2.5250000953674316,2.5250000953674316,314.0
2026-08-05 10:30:00,NKTR,,73.0999984741211,73.43000030517578,73.0999984741211,73.37000274658203,8947.0
2026-08-05 10:30:00,NKTX,,2.184999942779541,2.184999942779541,2.184999942779541,2.184999942779541,923.0
2026-08-05 10:30:00,NMIH,,44.61000061035156,44.61000061035156,44.61000061035156,44.61000061035156,184.0
2026-08-05 10:30:00,NMRA,,1.6200000047683716,1.6298999786376953,1.6150000095367432,1.6200000047683716,6568.0
2026-08-05 10:30:00,NMRK,,15.729999542236328,15.729999542236328,15.699999809265137,15.710000038146973,3093.0
2026-08-05 10:30:00,NN,,14.350000381469727,14.390000343322754,14.345000267028809,14.390000343322754,12089.0
2026-08-05 10:30:00,NNBR,,3.8550000190734863,3.859999895095825,3.8550000190734863,3.859999895095825,835.0
2026-08-05 10:30:00,NNDM,,1.5549999475479126,1.5549999475479126,1.5549999475479126,1.5549999475479126,6484.0
2026-08-05 10:30:00,NPCE,,13.75,13.75,13.75,13.75,644.0
2026-08-05 10:30:00,NRDS,,9.194999694824219,9.194999694824219,9.194999694824219,9.194999694824219,217.0
2026-08-05 10:30:00,NRIM,,27.079999923706055,27.079999923706055,27.079999923706055,27.079999923706055,295.0
2026-08-05 10:30:00,NRIX,,25.049999237060547,25.079999923706055,24.979999542236328,25.010000228881836,4607.0
2026-08-05 10:30:00,NRSN,,0.5806000232696533,0.5989999771118164,0.5806000232696533,0.5989999771118164,11050.0
2026-08-05 10:30:00,NRXP,,3.0250000953674316,3.0299999713897705,3.0250000953674316,3.0299999713897705,6466.0
2026-08-05 10:30:00,NTAP,,191.3699951171875,191.64999389648438,191.3699951171875,191.64999389648438,5202.0
2026-08-05 10:30:00,NTES,,128.27999877929688,128.27999877929688,128.10000610351562,128.1699981689453,1934.0
2026-08-05 10:30:00,NTGR,,23.860000610351562,23.93000030517578,23.860000610351562,23.93000030517578,1276.0
2026-08-05 10:30:00,NTNX,,61.17499923706055,61.17499923706055,61.10499954223633,61.10499954223633,1647.0
2026-08-05 10:30:00,NTRA,,279.5799865722656,279.96990966796875,279.260009765625,279.260009765625,1519.0
2026-08-05 10:30:00,NTRB,,2.899899959564209,2.899899959564209,2.899899959564209,2.899899959564209,692.0
2026-08-05 10:30:00,NVAX,,7.724999904632568,7.724999904632568,7.710000038146973,7.710000038146973,7490.0
2026-08-05 10:30:00,NVCR,,16.040000915527344,16.059999465942383,16.040000915527344,16.059999465942383,1842.0
2026-08-05 10:30:00,NVCT,,20.110000610351562,20.110000610351562,20.110000610351562,20.110000610351562,233.0
2026-08-05 10:30:00,NVDA,,220.35000610351562,220.72999572753906,220.0301971435547,220.6999969482422,635016.0
2026-08-05 10:30:00,NVMI,,407.2049865722656,410.2699890136719,407.2049865722656,410.2699890136719,3773.0
2026-08-05 10:30:00,NVTS,,12.529999732971191,12.609999656677246,12.5,12.609999656677246,60371.0
2026-08-05 10:30:00,NWBI,,16.0,16.0,15.994999885559082,16.0,1875.0
2026-08-05 10:30:00,NWL,,6.059899806976318,6.059899806976318,6.045000076293945,6.054999828338623,27559.0
2026-08-05 10:30:00,NWS,,32.650001525878906,32.65999984741211,32.6349983215332,32.6349983215332,3876.0
2026-08-05 10:30:00,NWSA,,28.4950008392334,28.5,28.469999313354492,28.479999542236328,9214.0
2026-08-05 10:30:00,NXL,,0.3601999878883362,0.3601999878883362,0.3601999878883362,0.3601999878883362,102.0
2026-08-05 10:30:00,NXPI,,231.02000427246094,231.3000030517578,230.6824951171875,231.25,28887.0
2026-08-05 10:30:00,NXST,,193.33999633789062,193.33999633789062,193.33999633789062,193.33999633789062,395.0
2026-08-05 10:30:00,NXT,,98.31999969482422,98.76499938964844,98.31999969482422,98.76499938964844,4749.0
2026-08-05 10:30:00,NXTC,,5.539999961853027,5.539999961853027,5.539999961853027,5.539999961853027,200.0
2026-08-05 10:30:00,OABI,,2.0199999809265137,2.0199999809265137,2.009999990463257,2.009999990463257,2131.0
2026-08-05 10:30:00,OBIO,,4.150000095367432,4.150000095367432,4.150000095367432,4.150000095367432,344.0
2026-08-05 10:30:00,OCGN,,1.2999999523162842,1.3099000453948975,1.2999999523162842,1.2999999523162842,3018.0
2026-08-05 10:30:00,OCSL,,12.194999694824219,12.25,12.194999694824219,12.210000038146973,34880.0
2026-08-05 10:30:00,OCUL,,8.635000228881836,8.635000228881836,8.609999656677246,8.609999656677246,2658.0
2026-08-05 10:30:00,ODFL,,218.8699951171875,218.8699951171875,218.0449981689453,218.13999938964844,9278.0
2026-08-05 10:30:00,OESX,,16.8700008392334,17.190000534057617,16.8700008392334,17.010000228881836,4187.0
2026-08-05 10:30:00,OFIX,,10.869999885559082,11.149999618530273,10.859999656677246,11.149999618530273,11750.0
2026-08-05 10:30:00,OKTA,,149.64500427246094,149.64500427246094,149.49000549316406,149.49000549316406,1333.0
2026-08-05 10:30:00,OLLI,,78.88500213623047,78.88500213623047,78.68000030517578,78.68000030517578,4298.0
2026-08-05 10:30:00,OLMA,,11.729999542236328,11.729999542236328,11.6899995803833,11.6899995803833,964.0
2026-08-05 10:30:00,OMCL,,36.970001220703125,36.970001220703125,36.970001220703125,36.970001220703125,201.0
2026-08-05 10:30:00,OMER,,13.079999923706055,13.079999923706055,13.079999923706055,13.079999923706055,495.0
2026-08-05 10:30:00,OMH,,0.10999999940395355,0.1103999987244606,0.10999999940395355,0.1103999987244606,40372.0
2026-08-05 10:30:00,ON,,77.8499984741211,78.11000061035156,77.6500015258789,78.11000061035156,87358.0
2026-08-05 10:30:00,ONB,,27.15999984741211,27.15999984741211,27.155000686645508,27.15999984741211,3115.0
2026-08-05 10:30:00,ONCY,,0.7928000092506409,0.7928000092506409,0.7928000092506409,0.7928000092506409,0.0
2026-08-05 10:30:00,ONDS,,8.944999694824219,8.979999542236328,8.920000076293945,8.979999542236328,146714.0
2026-08-05 10:30:00,ONEW,,12.505000114440918,12.505000114440918,12.505000114440918,12.505000114440918,808.0
2026-08-05 10:30:00,ONFO,,0.0738999992609024,0.07410000264644623,0.07320000231266022,0.07410000264644623,288255.0
2026-08-05 10:30:00,OPCH,,23.600000381469727,23.600000381469727,23.540000915527344,23.540000915527344,5987.0
2026-08-05 10:30:00,OPEN,,3.9049999713897705,3.9200000762939453,3.880000114440918,3.884999990463257,606587.0
2026-08-05 10:30:00,OPI,,18.829999923706055,18.829999923706055,18.829999923706055,18.829999923706055,301.0
2026-08-05 10:30:00,OPRT,,6.21999979019165,6.21999979019165,6.21999979019165,6.21999979019165,1155.0
2026-08-05 10:30:00,ORGO,,2.3949999809265137,2.3949999809265137,2.3949999809265137,2.3949999809265137,1038.0
2026-08-05 10:30:00,ORIC,,13.475000381469727,13.475000381469727,13.475000381469727,13.475000381469727,1119.0
2026-08-05 10:30:00,ORLY,,93.94499969482422,94.02999877929688,93.9000015258789,93.9000015258789,14613.0
2026-08-05 10:30:00,OSIS,,234.875,235.19000244140625,234.875,235.19000244140625,89.0
2026-08-05 10:30:00,OSS,,13.850000381469727,13.920000076293945,13.800000190734863,13.920000076293945,16193.0
2026-08-05 10:30:00,OSUR,,4.175000190734863,4.179999828338623,4.175000190734863,4.179999828338623,582.0
2026-08-05 10:30:00,OTEX,,26.049999237060547,26.049999237060547,26.049999237060547,26.049999237060547,904.0
2026-08-05 10:30:00,OTLK,,1.0399999618530273,1.0399999618530273,1.0299999713897705,1.0399999618530273,13044.0
2026-08-05 10:30:00,OTLY,,14.329999923706055,14.329999923706055,14.329999923706055,14.329999923706055,113.0
2026-08-05 10:30:00,OTTR,,92.08000183105469,92.08000183105469,92.08000183105469,92.08000183105469,353.0
2026-08-05 10:30:00,OVID,,2.615000009536743,2.615000009536743,2.5999999046325684,2.609999895095825,3582.0
2026-08-05 10:30:00,OXLC,,9.085000038146973,9.085000038146973,9.085000038146973,9.085000038146973,1280.0
2026-08-05 10:30:00,OXSQ,,1.4800000190734863,1.4852999448776245,1.4800000190734863,1.4800000190734863,562.0
2026-08-05 10:30:00,PAA,,23.2450008392334,23.25,23.229999542236328,23.229999542236328,6676.0
2026-08-05 10:30:00,PAAS,,48.150001525878906,48.19499969482422,48.119998931884766,48.13999938964844,10915.0
2026-08-05 10:30:00,PACB,,1.4450000524520874,1.4500000476837158,1.440000057220459,1.4500000476837158,86284.0
2026-08-05 10:30:00,PAGP,,25.170000076293945,25.170000076293945,25.15999984741211,25.15999984741211,3059.0
2026-08-05 10:30:00,PALI,,2.0850000381469727,2.0850000381469727,2.0850000381469727,2.0850000381469727,649.0
2026-08-05 10:30:00,PANL,,7.380000114440918,7.380000114440918,7.369999885559082,7.369999885559082,532.0
2026-08-05 10:30:00,PANW,,371.010009765625,371.010009765625,370.1300048828125,370.4100036621094,7616.0
2026-08-05 10:30:00,PAX,,11.430000305175781,11.430000305175781,11.425000190734863,11.430000305175781,1215.0
2026-08-05 10:30:00,PAYO,,7.130000114440918,7.130000114440918,7.125,7.125,3342.0
2026-08-05 10:30:00,PAYS,,9.354999542236328,9.354999542236328,9.354999542236328,9.354999542236328,400.0
2026-08-05 10:30:00,PAYX,,118.33999633789062,118.33999633789062,118.30000305175781,118.30000305175781,3611.0
2026-08-05 10:30:00,PCAR,,134.8800048828125,135.0500030517578,134.8800048828125,134.99000549316406,5846.0
2026-08-05 10:30:00,PCRX,,25.260000228881836,25.299999237060547,25.260000228881836,25.260000228881836,1772.0
2026-08-05 10:30:00,PCSA,,2.1700000762939453,2.1700000762939453,2.1500000953674316,2.1500000953674316,8068.0
2026-08-05 10:30:00,PCT,,6.929999828338623,6.960000038146973,6.920000076293945,6.949999809265137,21200.0
2026-08-05 10:30:00,PCTY,,148.2899932861328,148.2899932861328,147.72500610351562,147.72500610351562,497.0
2026-08-05 10:30:00,PDD,,91.94999694824219,91.94999694824219,91.84500122070312,91.86000061035156,9953.0
2026-08-05 10:30:00,PDFS,,50.380001068115234,50.67499923706055,50.380001068115234,50.67499923706055,3410.0
2026-08-05 10:30:00,PDLB,,20.56999969482422,20.729999542236328,20.56999969482422,20.729999542236328,316.0
2026-08-05 10:30:00,PEBO,,41.86000061035156,41.86000061035156,41.86000061035156,41.86000061035156,875.0
2026-08-05 10:30:00,PECO,,41.560001373291016,41.560001373291016,41.54999923706055,41.54999923706055,858.0
2026-08-05 10:30:00,PEGA,,31.770000457763672,31.829999923706055,31.770000457763672,31.770000457763672,1876.0
2026-08-05 10:30:00,PENN,,19.989999771118164,19.989999771118164,19.989999771118164,19.989999771118164,762.0
2026-08-05 10:30:00,PEP,,138.68499755859375,138.7449951171875,138.55999755859375,138.55999755859375,13592.0
2026-08-05 10:30:00,PERI,,9.649999618530273,9.649999618530273,9.640000343322754,9.649999618530273,1672.0
2026-08-05 10:30:00,PFBC,,107.26000213623047,107.26000213623047,107.26000213623047,107.26000213623047,1508.0
2026-08-05 10:30:00,PFG,,115.6146011352539,115.6146011352539,115.4800033569336,115.4800033569336,558.0
2026-08-05 10:30:00,PGEN,,6.84499979019165,6.869999885559082,6.84499979019165,6.869900226593018,27173.0
2026-08-05 10:30:00,PGNY,,31.65999984741211,31.65999984741211,31.65999984741211,31.65999984741211,950.0
2026-08-05 10:30:00,PGY,,21.780000686645508,21.809999465942383,21.719999313354492,21.799999237060547,10188.0
2026-08-05 10:30:00,PHAT,,8.579999923706055,8.579999923706055,8.579999923706055,8.579999923706055,960.0
2026-08-05 10:30:00,PLAB,,32.060001373291016,32.060001373291016,32.060001373291016,32.060001373291016,283.0
2026-08-05 10:30:00,PLMR,,136.0,136.0,136.0,136.0,107.0
2026-08-05 10:30:00,PLPC,,462.7749938964844,462.7749938964844,462.7749938964844,462.7749938964844,245.0
2026-08-05 10:30:00,PLSE,,37.42499923706055,37.42499923706055,37.42499923706055,37.42499923706055,186.0
2026-08-05 10:30:00,PLTK,,4.0395002365112305,4.0395002365112305,4.019999980926514,4.025000095367432,20644.0
2026-08-05 10:30:00,PLUG,,2.115000009536743,2.130000114440918,2.109999895095825,2.1298999786376953,384568.0
2026-08-05 10:30:00,PNFP,,107.87750244140625,108.02999877929688,107.86499786376953,108.02999877929688,1265.0
2026-08-05 10:30:00,PNRG,,185.3000030517578,185.3000030517578,185.3000030517578,185.3000030517578,806.0
2026-08-05 10:30:00,PNTG,,38.70000076293945,38.70000076293945,38.70000076293945,38.70000076293945,430.0
2026-08-05 10:30:00,POCI,,4.2600998878479,4.2600998878479,4.25,4.260000228881836,2065.0
2026-08-05 10:30:00,POET,,8.260000228881836,8.319999694824219,8.25,8.3100004196167,78484.0
2026-08-05 10:30:00,POOL,,204.72500610351562,204.72500610351562,204.72000122070312,204.72000122070312,640.0
2026-08-05 10:30:00,POWI,,62.52000045776367,62.52000045776367,62.52000045776367,62.52000045776367,635.0
2026-08-05 10:30:00,POWL,,210.00999450683594,211.63999938964844,210.00999450683594,211.63999938964844,3444.0
2026-08-05 10:30:00,PPC,,26.8799991607666,26.8799991607666,26.850000381469727,26.860000610351562,3673.0
2026-08-05 10:30:00,PPTA,,22.725000381469727,22.834999084472656,22.719999313354492,22.834999084472656,4754.0
2026-08-05 10:30:00,PRAA,,17.485000610351562,17.5,17.43000030517578,17.5,5625.0
2026-08-05 10:30:00,PRAX,,317.9898986816406,317.9898986816406,317.2550048828125,317.2550048828125,189.0
2026-08-05 10:30:00,PRCH,,16.260000228881836,16.260000228881836,16.260000228881836,16.260000228881836,1618.0
2026-08-05 10:30:00,PRCT,,19.049999237060547,19.06999969482422,18.959999084472656,18.959999084472656,7609.0
2026-08-05 10:30:00,PRDO,,33.470001220703125,33.470001220703125,33.45000076293945,33.45000076293945,1879.0
2026-08-05 10:30:00,PRE,,18.770000457763672,18.950000762939453,18.770000457763672,18.950000762939453,737.0
2026-08-05 10:30:00,PRIM,,88.87999725341797,88.9800033569336,88.87999725341797,88.9800033569336,1056.0
2026-08-05 10:30:00,PRME,,2.990000009536743,2.990000009536743,2.990000009536743,2.990000009536743,2959.0
2026-08-05 10:30:00,PROK,,1.6399999856948853,1.6399999856948853,1.6399999856948853,1.6399999856948853,451.0
2026-08-05 10:30:00,PRQR,,1.9199999570846558,1.9199999570846558,1.9199999570846558,1.9199999570846558,523.0
2026-08-05 10:30:00,PRVA,,24.06999969482422,24.09000015258789,24.06999969482422,24.09000015258789,811.0
2026-08-05 10:30:00,PRZO,,0.5526999831199646,0.5526999831199646,0.5526999831199646,0.5526999831199646,238.0
2026-08-05 10:30:00,PSEC,,2.2049999237060547,2.2100000381469727,2.200000047683716,2.200000047683716,5480.0
2026-08-05 10:30:00,PSMT,,194.05999755859375,194.05999755859375,194.05999755859375,194.05999755859375,1314.0
2026-08-05 10:30:00,PSNL,,13.600000381469727,13.614999771118164,13.600000381469727,13.614999771118164,442.0
2026-08-05 10:30:00,PTC,,142.3800048828125,142.72000122070312,142.3800048828125,142.60000610351562,3456.0
2026-08-05 10:30:00,PTCT,,69.625,69.625,69.625,69.625,901.0
2026-08-05 10:30:00,PTEN,,9.895000457763672,9.930000305175781,9.895000457763672,9.930000305175781,20966.0
2026-08-05 10:30:00,PTGX,,136.8000030517578,136.8000030517578,136.8000030517578,136.8000030517578,1747.0
2026-08-05 10:30:00,PTLO,,4.619999885559082,4.625,4.614999771118164,4.625,3454.0
2026-08-05 10:30:00,PTON,,6.510000228881836,6.519999980926514,6.510000228881836,6.510000228881836,9491.0
2026-08-05 10:30:00,PUBM,,13.739999771118164,13.739999771118164,13.739999771118164,13.739999771118164,858.0
2026-08-05 10:30:00,PWP,,17.350000381469727,17.3700008392334,17.260000228881836,17.299999237060547,6044.0
2026-08-05 10:30:00,PYPD,,4.485000133514404,4.485000133514404,4.485000133514404,4.485000133514404,200.0
2026-08-05 10:30:00,PYPL,,58.77000045776367,58.77000045776367,58.67499923706055,58.68000030517578,19519.0
2026-08-05 10:30:00,PYXS,,3.309999942779541,3.309999942779541,3.2899999618530273,3.2899999618530273,2328.0
2026-08-05 10:30:00,PZZA,,30.899999618530273,30.93000030517578,30.897199630737305,30.93000030517578,1274.0
2026-08-05 10:30:00,QCOM,,158.9600067138672,159.27000427246094,158.67930603027344,159.25999450683594,49451.0
2026-08-05 10:30:00,QCRH,,105.29000091552734,105.29000091552734,105.29000091552734,105.29000091552734,192.0
2026-08-05 10:30:00,QFIN,,13.430000305175781,13.430000305175781,13.430000305175781,13.430000305175781,396.0
2026-08-05 10:30:00,QQQX,,30.584999084472656,30.584999084472656,30.584999084472656,30.584999084472656,120.0
2026-08-05 10:30:00,QRVO,,94.2750015258789,94.44999694824219,94.2750015258789,94.44999694824219,3078.0
2026-08-05 10:30:00,SEED,,0.9656999707221985,0.9656999707221985,0.9635000228881836,0.9635000228881836,3815.0
2026-08-05 10:30:00,STIM,,2.299999952316284,2.315000057220459,2.299999952316284,2.309999942779541,7186.0
2026-08-05 10:30:00,TARA,,4.045000076293945,4.045000076293945,4.045000076293945,4.045000076293945,1788.0
2026-08-05 10:30:00,WOOF,,2.9500999450683594,2.9600000381469727,2.950000047683716,2.950000047683716,10161.0
2026-08-05 10:31:00,ACDC,,4.264999866485596,4.264999866485596,4.25,4.264999866485596,5167.0
2026-08-05 10:31:00,CPOP,,0.35519999265670776,0.35519999265670776,0.35519999265670776,0.35519999265670776,1603.0
2026-08-05 10:31:00,DTIL,,7.489999771118164,7.578999996185303,7.489999771118164,7.578999996185303,2843.0
2026-08-05 10:31:00,EYE,,23.510000228881836,23.549999237060547,23.510000228881836,23.549999237060547,4363.0
2026-08-05 10:31:00,FIZZ,,31.895000457763672,31.895000457763672,31.895000457763672,31.895000457763672,509.0
2026-08-05 10:31:00,GLUE,,16.049999237060547,16.1200008392334,16.049999237060547,16.1200008392334,4030.0
2026-08-05 10:31:00,LUNG,,1.8799999952316284,1.8799999952316284,1.8700000047683716,1.875,5456.0
2026-08-05 10:31:00,MBRX,,0.4050000011920929,0.4050000011920929,0.4050000011920929,0.4050000011920929,5750.0
2026-08-05 10:31:00,MDB,,379.55999755859375,380.2449951171875,379.489990234375,380.2449951171875,1489.0
2026-08-05 10:31:00,MDLZ,,61.880001068115234,61.900001525878906,61.84000015258789,61.84000015258789,16256.0
2026-08-05 10:31:00,MLTX,,17.780000686645508,17.780000686645508,17.7549991607666,17.7549991607666,3551.0
2026-08-05 10:31:00,MNPR,,115.2249984741211,115.2249984741211,115.2249984741211,115.2249984741211,103.0
2026-08-05 10:31:00,MNRO,,13.140000343322754,13.220000267028809,13.130000114440918,13.220000267028809,5621.0
2026-08-05 10:31:00,MNST,,95.07499694824219,95.16999816894531,95.07499694824219,95.11000061035156,8399.0
2026-08-05 10:31:00,MNTS,,4.360000133514404,4.360000133514404,4.34499979019165,4.360000133514404,13886.0
2026-08-05 10:31:00,MODD,,2.149899959564209,2.149899959564209,2.149899959564209,2.149899959564209,110.0
2026-08-05 10:31:00,MPWR,,1325.449951171875,1325.449951171875,1322.0,1322.5,1526.0
2026-08-05 10:31:00,MRNA,,58.689998626708984,58.75,58.68009948730469,58.70000076293945,3378.0
2026-08-05 10:31:00,MYGN,,3.2049999237060547,3.2049999237060547,3.2049999237060547,3.2049999237060547,1915.0
2026-08-05 10:31:00,MYPS,,0.7427999973297119,0.7427999973297119,0.7427999973297119,0.7427999973297119,543.0
2026-08-05 10:31:00,MYRG,,340.45001220703125,340.45001220703125,340.4200134277344,340.4200134277344,1027.0
2026-08-05 10:31:00,NAMS,,27.040000915527344,27.040000915527344,27.03499984741211,27.03499984741211,1468.0
2026-08-05 10:31:00,NATR,,20.1200008392334,20.1200008392334,20.1200008392334,20.1200008392334,411.0
2026-08-05 10:31:00,NAUT,,0.9969000220298767,0.9969000220298767,0.9969000220298767,0.9969000220298767,309.0
2026-08-05 10:31:00,NAVI,,9.100000381469727,9.100000381469727,9.095000267028809,9.095000267028809,1313.0
2026-08-05 10:31:00,NB,,5.078999996185303,5.099999904632568,5.070899963378906,5.099999904632568,26946.0
2026-08-05 10:31:00,NBIX,,164.6750030517578,164.69500732421875,164.6750030517578,164.69500732421875,754.0
2026-08-05 10:31:00,NCMI,,4.130000114440918,4.130000114440918,4.130000114440918,4.130000114440918,442.0
2026-08-05 10:31:00,NCNA,,1.3650000095367432,1.3650000095367432,1.3650000095367432,1.3650000095367432,596.0
2026-08-05 10:31:00,NDAQ,,95.32499694824219,95.3499984741211,95.32499694824219,95.3499984741211,495.0
2026-08-05 10:31:00,NDSN,,311.25,311.25,311.25,311.25,152.0
2026-08-05 10:31:00,NEGG,,16.8799991607666,16.8799991607666,16.8799991607666,16.8799991607666,156.0
2026-08-05 10:31:00,NEO,,16.209999084472656,16.209999084472656,16.209999084472656,16.209999084472656,427.0
2026-08-05 10:31:00,NEOG,,11.6899995803833,11.71500015258789,11.6899995803833,11.71500015258789,4270.0
2026-08-05 10:31:00,NEOV,,2.890000104904175,2.9100000858306885,2.890000104904175,2.900099992752075,14997.0
2026-08-05 10:31:00,NESR,,28.7549991607666,28.780000686645508,28.7549991607666,28.780000686645508,1833.0
2026-08-05 10:31:00,NEXT,,6.420100212097168,6.440000057220459,6.420100212097168,6.440000057220459,4378.0
2026-08-05 10:31:00,NFE,,0.3370000123977661,0.3370000123977661,0.3370000123977661,0.3370000123977661,426.0
2026-08-05 10:31:00,NFLX,,74.18499755859375,74.25,74.18000030517578,74.21499633789062,79698.0
2026-08-05 10:31:00,NGNE,,35.310001373291016,35.33000183105469,35.310001373291016,35.33000183105469,570.0
2026-08-05 10:31:00,NICE,,95.93000030517578,96.5199966430664,95.93000030517578,96.41000366210938,6261.0
2026-08-05 10:31:00,NKTR,,72.87999725341797,73.17500305175781,72.80000305175781,73.0999984741211,17930.0
2026-08-05 10:31:00,NMFC,,7.385000228881836,7.389999866485596,7.380000114440918,7.389999866485596,3941.0
2026-08-05 10:31:00,NMIH,,44.5,44.59000015258789,44.5,44.59000015258789,2432.0
2026-08-05 10:31:00,NMRA,,1.6299999952316284,1.6299999952316284,1.6299999952316284,1.6299999952316284,3591.0
2026-08-05 10:31:00,NMRK,,15.739999771118164,15.739999771118164,15.739999771118164,15.739999771118164,1018.0
2026-08-05 10:31:00,NN,,14.244999885559082,14.359999656677246,14.244999885559082,14.359999656677246,8246.0
2026-08-05 10:31:00,NNDM,,1.5549999475479126,1.5549999475479126,1.5499999523162842,1.5549999475479126,13803.0
2026-08-05 10:31:00,NOVT,,158.97999572753906,158.97999572753906,158.97999572753906,158.97999572753906,223.0
2026-08-05 10:31:00,NRDS,,9.194999694824219,9.194999694824219,9.194999694824219,9.194999694824219,1163.0
2026-08-05 10:31:00,NRIM,,27.079999923706055,27.079999923706055,27.079999923706055,27.079999923706055,285.0
2026-08-05 10:31:00,NRIX,,25.040000915527344,25.040000915527344,25.040000915527344,25.040000915527344,277.0
2026-08-05 10:31:00,NRSN,,0.550000011920929,0.5806000232696533,0.550000011920929,0.5806000232696533,8911.0
2026-08-05 10:31:00,NRXP,,3.0250000953674316,3.0250000953674316,3.0250000953674316,3.0250000953674316,254.0
2026-08-05 10:31:00,NSSC,,40.31999969482422,40.31999969482422,40.31999969482422,40.31999969482422,606.0
2026-08-05 10:31:00,NTCT,,41.560001373291016,41.560001373291016,41.560001373291016,41.560001373291016,504.0
2026-08-05 10:31:00,NTES,,128.4499969482422,128.4499969482422,128.3300018310547,128.3300018310547,1454.0
2026-08-05 10:31:00,NTNX,,61.04999923706055,61.22999954223633,61.01499938964844,61.22999954223633,3944.0
2026-08-05 10:31:00,NTRA,,279.6199951171875,279.6199951171875,279.6199951171875,279.6199951171875,879.0
2026-08-05 10:31:00,NTRS,,185.25,185.2550048828125,185.25,185.2550048828125,573.0
2026-08-05 10:31:00,NVAX,,7.71999979019165,7.71999979019165,7.710000038146973,7.71999979019165,6602.0
2026-08-05 10:31:00,NVCR,,16.040000915527344,16.059999465942383,16.040000915527344,16.059999465942383,2465.0
2026-08-05 10:31:00,NVCT,,20.100000381469727,20.100000381469727,20.100000381469727,20.100000381469727,106.0
2026-08-05 10:31:00,NVDA,,219.80999755859375,220.4199981689453,219.77000427246094,220.33700561523438,518669.0
2026-08-05 10:31:00,NVEC,,127.7699966430664,127.7699966430664,127.66999816894531,127.66999816894531,678.0
2026-08-05 10:31:00,NVMI,,407.5950012207031,407.75,407.2749938964844,407.2749938964844,896.0
2026-08-05 10:31:00,NVTS,,12.50510025024414,12.550000190734863,12.479999542236328,12.545000076293945,57932.0
2026-08-05 10:31:00,NVX,,0.40700000524520874,0.40700000524520874,0.40700000524520874,0.40700000524520874,750.0
2026-08-05 10:31:00,NWBI,,15.996999740600586,15.996999740600586,15.996999740600586,15.996999740600586,1135.0
2026-08-05 10:31:00,NWGL,,0.27079999446868896,0.27079999446868896,0.2614000141620636,0.2615000009536743,6630.0
2026-08-05 10:31:00,NWL,,6.045000076293945,6.059899806976318,6.03000020980835,6.059899806976318,23083.0
2026-08-05 10:31:00,NWS,,32.65999984741211,32.65999984741211,32.650001525878906,32.65999984741211,1302.0
2026-08-05 10:31:00,NWSA,,28.4950008392334,28.4950008392334,28.4950008392334,28.4950008392334,1356.0
2026-08-05 10:31:00,NXPI,,230.26499938964844,231.09500122070312,230.08999633789062,231.0,12455.0
2026-08-05 10:31:00,NXT,,98.12000274658203,98.2699966430664,98.12000274658203,98.20999908447266,8176.0
2026-08-05 10:31:00,NXTC,,5.460599899291992,5.460599899291992,5.460599899291992,5.460599899291992,700.0
2026-08-05 10:31:00,NYXH,,1.4199999570846558,1.4249999523162842,1.4199999570846558,1.4249999523162842,532.0
2026-08-05 10:31:00,OABI,,2.015000104904175,2.015000104904175,2.015000104904175,2.015000104904175,0.0
2026-08-05 10:31:00,OCGN,,1.3049999475479126,1.309999942779541,1.2999999523162842,1.2999999523162842,90267.0
2026-08-05 10:31:00,OCSL,,12.1850004196167,12.1899995803833,12.164999961853027,12.1899995803833,2442.0
2026-08-05 10:31:00,OCUL,,8.645000457763672,8.645000457763672,8.635000228881836,8.635000228881836,1671.0
2026-08-05 10:31:00,ODFL,,218.8249969482422,218.9499969482422,218.6699981689453,218.7899932861328,4513.0
2026-08-05 10:31:00,OESX,,16.5,16.799999237060547,16.5,16.799999237060547,2064.0
2026-08-05 10:31:00,OFIX,,10.760000228881836,10.850000381469727,10.760000228881836,10.850000381469727,1045.0
2026-08-05 10:31:00,OGI,,0.9670000076293945,0.9671000242233276,0.9670000076293945,0.9671000242233276,1019.0
2026-08-05 10:31:00,OKTA,,149.1999969482422,149.72000122070312,149.1999969482422,149.72000122070312,3065.0
2026-08-05 10:31:00,OLLI,,78.82599639892578,79.02999877929688,78.82599639892578,78.88999938964844,4620.0
2026-08-05 10:31:00,OLMA,,11.720000267028809,11.720000267028809,11.720000267028809,11.720000267028809,262.0
2026-08-05 10:31:00,OM,,5.010000228881836,5.03000020980835,5.003699779510498,5.03000020980835,1807.0
2026-08-05 10:31:00,OMCL,,37.32500076293945,37.32500076293945,36.90999984741211,36.90999984741211,28408.0
2026-08-05 10:31:00,OMER,,13.020000457763672,13.0600004196167,13.020000457763672,13.0600004196167,2729.0
2026-08-05 10:31:00,OMH,,0.10999999940395355,0.10999999940395355,0.10999999940395355,0.10999999940395355,11448.0
2026-08-05 10:31:00,ON,,77.72000122070312,77.97000122070312,77.58000183105469,77.91000366210938,49301.0
2026-08-05 10:31:00,ONB,,27.165000915527344,27.165000915527344,27.15999984741211,27.15999984741211,3830.0
2026-08-05 10:31:00,ONCY,,0.7925999760627747,0.792900025844574,0.7925999760627747,0.792900025844574,1838.0
2026-08-05 10:31:00,ONDS,,8.9350004196167,8.954999923706055,8.920000076293945,8.949999809265137,134810.0
2026-08-05 10:31:00,ONFO,,0.07370000332593918,0.07370000332593918,0.07320000231266022,0.07320000231266022,13661.0
2026-08-05 10:31:00,OPCH,,23.575000762939453,23.579999923706055,23.575000762939453,23.579999923706055,1544.0
2026-08-05 10:31:00,OPEN,,3.9049999713897705,3.9100000858306885,3.884999990463257,3.909899950027466,362196.0
2026-08-05 10:31:00,OPI,,18.90999984741211,18.90999984741211,18.829999923706055,18.829999923706055,799.0
2026-08-05 10:31:00,OPK,,1.3200000524520874,1.3250000476837158,1.3200000524520874,1.3200000524520874,28495.0
2026-08-05 10:31:00,OPRA,,20.239999771118164,20.239999771118164,20.239999771118164,20.239999771118164,172.0
2026-08-05 10:31:00,ORGO,,2.3949999809265137,2.3949999809265137,2.3910000324249268,2.3910000324249268,802.0
2026-08-05 10:31:00,ORIC,,13.5,13.5,13.5,13.5,787.0
2026-08-05 10:31:00,ORLY,,93.95500183105469,93.95999908447266,93.92500305175781,93.92500305175781,8810.0
2026-08-05 10:31:00,ORMP,,4.485599994659424,4.485599994659424,4.485599994659424,4.485599994659424,1506.0
2026-08-05 10:31:00,OSIS,,234.39999389648438,234.5500030517578,234.39999389648438,234.5500030517578,513.0
2026-08-05 10:31:00,OSPN,,16.674999237060547,16.799999237060547,16.6299991607666,16.799999237060547,5670.0
2026-08-05 10:31:00,OSS,,13.96500015258789,13.979999542236328,13.807000160217285,13.859999656677246,9016.0
2026-08-05 10:31:00,OSUR,,4.175000190734863,4.175000190734863,4.175000190734863,4.175000190734863,197.0
2026-08-05 10:31:00,OSW,,26.625,26.625,26.625,26.625,229.0
2026-08-05 10:31:00,OTEX,,26.059999465942383,26.059999465942383,26.045000076293945,26.059999465942383,2644.0
2026-08-05 10:31:00,OTLK,,1.034999966621399,1.0399999618530273,1.034999966621399,1.0389000177383423,7301.0
2026-08-05 10:31:00,OTLY,,14.320099830627441,14.320099830627441,14.320099830627441,14.320099830627441,705.0
2026-08-05 10:31:00,OVID,,2.615000009536743,2.615000009536743,2.615000009536743,2.615000009536743,1546.0
2026-08-05 10:31:00,OXLC,,9.069999694824219,9.079999923706055,9.069999694824219,9.079999923706055,4108.0
2026-08-05 10:31:00,OXSQ,,1.4800000190734863,1.4872000217437744,1.4800000190734863,1.4850000143051147,1511.0
2026-08-05 10:31:00,PAA,,23.235000610351562,23.239999771118164,23.229999542236328,23.239999771118164,9281.0
2026-08-05 10:31:00,PAAS,,48.275001525878906,48.33000183105469,48.154998779296875,48.154998779296875,92007.0
2026-08-05 10:31:00,PACB,,1.4500000476837158,1.4500000476837158,1.4450000524520874,1.4500000476837158,2011.0
2026-08-05 10:31:00,PAGP,,25.149999618530273,25.170000076293945,25.145000457763672,25.170000076293945,3780.0
2026-08-05 10:31:00,PALI,,2.0850000381469727,2.0850000381469727,2.0850000381469727,2.0850000381469727,165.0
2026-08-05 10:31:00,PANL,,7.375,7.375,7.375,7.375,713.0
2026-08-05 10:31:00,PANW,,368.510009765625,371.1929931640625,368.510009765625,371.1929931640625,30960.0
2026-08-05 10:31:00,PATK,,88.8949966430664,88.8949966430664,88.8949966430664,88.8949966430664,872.0
2026-08-05 10:31:00,PAX,,11.40999984741211,11.414999961853027,11.40999984741211,11.414999961853027,913.0
2026-08-05 10:31:00,PAYO,,7.125,7.130000114440918,7.119999885559082,7.125,2705.0
2026-08-05 10:31:00,PAYX,,118.30000305175781,118.41000366210938,118.30000305175781,118.375,3351.0
2026-08-05 10:31:00,PCAR,,134.4499969482422,134.94500732421875,134.44000244140625,134.94500732421875,12483.0
2026-08-05 10:31:00,PCRX,,25.260000228881836,25.260000228881836,25.260000228881836,25.260000228881836,319.0
2026-08-05 10:31:00,PCT,,6.949999809265137,6.949999809265137,6.921000003814697,6.940000057220459,3091.0
2026-08-05 10:31:00,PCTY,,148.77999877929688,148.9550018310547,148.2899932861328,148.2899932861328,3435.0
2026-08-05 10:31:00,PDD,,91.91500091552734,91.96499633789062,91.91500091552734,91.95999908447266,16632.0
2026-08-05 10:31:00,PDEX,,68.26000213623047,68.26000213623047,68.26000213623047,68.26000213623047,955.0
2026-08-05 10:31:00,PEGA,,31.780000686645508,31.780000686645508,31.780000686645508,31.780000686645508,692.0
2026-08-05 10:31:00,PENN,,19.969999313354492,19.969999313354492,19.969999313354492,19.969999313354492,2145.0
2026-08-05 10:31:00,PEP,,138.77999877929688,138.83999633789062,138.6699981689453,138.6699981689453,15895.0
2026-08-05 10:31:00,PEPG,,1.9149999618530273,1.9149999618530273,1.9149999618530273,1.9149999618530273,477.0
2026-08-05 10:31:00,PERI,,9.649999618530273,9.654999732971191,9.649999618530273,9.654999732971191,1388.0
2026-08-05 10:31:00,PFG,,115.54100036621094,115.61000061035156,115.54100036621094,115.61000061035156,612.0
2026-08-05 10:31:00,PGC,,46.82500076293945,46.82500076293945,46.82500076293945,46.82500076293945,574.0
2026-08-05 10:31:00,PGEN,,6.829999923706055,6.855000019073486,6.820000171661377,6.849999904632568,30496.0
2026-08-05 10:31:00,PGY,,21.729999542236328,21.790000915527344,21.709999084472656,21.780000686645508,4845.0
2026-08-05 10:31:00,PHAT,,8.580100059509277,8.59000015258789,8.579999923706055,8.579999923706055,6403.0
2026-08-05 10:31:00,PHVS,,33.255001068115234,33.279998779296875,33.255001068115234,33.279998779296875,677.0
2026-08-05 10:31:00,PLAB,,32.04499816894531,32.11000061035156,32.040000915527344,32.11000061035156,1546.0
2026-08-05 10:31:00,PLBY,,1.215000033378601,1.215000033378601,1.215000033378601,1.215000033378601,3003.0
2026-08-05 10:31:00,PLMR,,136.0,136.5399932861328,136.0,136.5399932861328,632.0
2026-08-05 10:31:00,PLPC,,460.8599853515625,460.8599853515625,460.8599853515625,460.8599853515625,413.0
2026-08-05 10:31:00,PLTK,,4.034999847412109,4.039999961853027,4.025000095367432,4.03000020980835,8646.0
2026-08-05 10:31:00,PLUG,,2.109999895095825,2.119999885559082,2.109999895095825,2.112600088119507,23927.0
2026-08-05 10:31:00,PNFP,,107.91000366210938,107.91000366210938,107.91000366210938,107.91000366210938,830.0
2026-08-05 10:31:00,POCI,,4.261000156402588,4.324999809265137,4.25,4.25,4765.0
2026-08-05 10:31:00,POET,,8.252300262451172,8.270000457763672,8.229999542236328,8.270000457763672,17847.0
2026-08-05 10:31:00,POOL,,204.7449951171875,205.0,204.7449951171875,205.0,512.0
2026-08-05 10:31:00,POWI,,62.279998779296875,62.33000183105469,62.279998779296875,62.33000183105469,963.0
2026-08-05 10:31:00,POWL,,209.26010131835938,210.00999450683594,209.1300048828125,210.00999450683594,2709.0
2026-08-05 10:31:00,PPC,,26.889999389648438,26.889999389648438,26.889999389648438,26.889999389648438,1239.0
2026-08-05 10:31:00,PPTA,,22.68000030517578,22.719999313354492,22.68000030517578,22.689800262451172,4081.0
2026-08-05 10:31:00,PRAX,,314.0199890136719,316.0400085449219,314.0199890136719,316.0400085449219,843.0
2026-08-05 10:31:00,PRCT,,19.100000381469727,19.125,19.059999465942383,19.069900512695312,4822.0
2026-08-05 10:31:00,PRDO,,33.45000076293945,33.45000076293945,33.439998626708984,33.45000076293945,960.0
2026-08-05 10:31:00,PRE,,18.827999114990234,18.827999114990234,18.827999114990234,18.827999114990234,1827.0
2026-08-05 10:31:00,PRGS,,41.86249923706055,41.95000076293945,41.85499954223633,41.900001525878906,2095.0
2026-08-05 10:31:00,PRIM,,88.40499877929688,88.95999908447266,88.23999786376953,88.95999908447266,10011.0
2026-08-05 10:31:00,PRLD,,4.574999809265137,4.574999809265137,4.574999809265137,4.574999809265137,151.0
2026-08-05 10:31:00,PRME,,2.9809999465942383,2.990000009536743,2.9800000190734863,2.990000009536743,3750.0
2026-08-05 10:31:00,PROF,,8.25,8.25,8.25,8.25,626.0
2026-08-05 10:31:00,PROK,,1.6399999856948853,1.6399999856948853,1.6399999856948853,1.6399999856948853,1691.0
2026-08-05 10:31:00,PRQR,,1.9199999570846558,1.9299999475479126,1.9199999570846558,1.9299999475479126,3155.0
2026-08-05 10:31:00,PRTA,,8.604999542236328,8.604999542236328,8.600000381469727,8.600000381469727,404.0
2026-08-05 10:31:00,PRTH,,6.639999866485596,6.659999847412109,6.639999866485596,6.659999847412109,1562.0
2026-08-05 10:31:00,PRVA,,24.048599243164062,24.075000762939453,24.048599243164062,24.075000762939453,706.0
2026-08-05 10:31:00,PSEC,,2.200000047683716,2.2100000381469727,2.200000047683716,2.202500104904175,11282.0
2026-08-05 10:31:00,PSNL,,13.614999771118164,13.614999771118164,13.614999771118164,13.614999771118164,378.0
2026-08-05 10:31:00,PTEN,,9.864999771118164,9.890000343322754,9.854999542236328,9.890000343322754,12797.0
2026-08-05 10:31:00,PTLO,,4.625,4.625,4.625,4.625,1740.0
2026-08-05 10:31:00,PTON,,6.489999771118164,6.514999866485596,6.489999771118164,6.514999866485596,103973.0
2026-08-05 10:31:00,PUBM,,13.71500015258789,13.729999542236328,13.71500015258789,13.729999542236328,906.0
2026-08-05 10:31:00,PWP,,17.395000457763672,17.40999984741211,17.389999389648438,17.389999389648438,1526.0
2026-08-05 10:31:00,PYPD,,4.480000019073486,4.480000019073486,4.480000019073486,4.480000019073486,100.0
2026-08-05 10:31:00,PYPL,,58.75,58.775001525878906,58.73500061035156,58.775001525878906,7835.0
2026-08-05 10:31:00,PYXS,,3.305000066757202,3.305000066757202,3.29010009765625,3.29010009765625,2558.0
2026-08-05 10:31:00,PZZA,,30.829999923706055,30.895000457763672,30.829999923706055,30.895000457763672,6479.0
2026-08-05 10:31:00,QCOM,,158.7454071044922,159.02000427246094,158.69760131835938,158.96499633789062,19236.0
2026-08-05 10:31:00,QCRH,,105.07499694824219,105.26499938964844,105.07499694824219,105.26499938964844,304.0
2026-08-05 10:31:00,QFIN,,13.420000076293945,13.420000076293945,13.420000076293945,13.420000076293945,740.0
2026-08-05 10:31:00,QRVO,,94.36000061035156,94.37999725341797,94.19249725341797,94.37000274658203,1153.0
2026-08-05 10:31:00,SEED,,0.9656999707221985,0.9656999707221985,0.9635000228881836,0.9635000228881836,323.0
2026-08-05 10:31:00,STIM,,2.2950000762939453,2.2950000762939453,2.2950000762939453,2.2950000762939453,165.0
2026-08-05 10:31:00,STKS,,1.75,1.75,1.75,1.75,398.0
2026-08-05 10:31:00,WOOF,,2.944999933242798,2.9549999237060547,2.944999933242798,2.9509999752044678,6097.0
2026-08-05 10:32:00,ACDC,,4.255000114440918,4.264999866485596,4.255000114440918,4.264999866485596,3322.0
2026-08-05 10:32:00,DTIL,,7.519899845123291,7.519899845123291,7.519899845123291,7.519899845123291,142.0
2026-08-05 10:32:00,EYE,,23.540000915527344,23.540000915527344,23.510000228881836,23.520000457763672,4505.0
2026-08-05 10:32:00,GLUE,,16.075000762939453,16.110000610351562,16.049999237060547,16.100000381469727,14132.0
2026-08-05 10:32:00,MBRX,,0.4099000096321106,0.4099000096321106,0.4099000096321106,0.4099000096321106,0.0
2026-08-05 10:32:00,MDLZ,,61.86000061035156,61.88999938964844,61.83000183105469,61.869998931884766,18185.0
2026-08-05 10:32:00,MNRO,,13.170000076293945,13.170000076293945,13.149999618530273,13.15999984741211,4113.0
2026-08-05 10:32:00,MNST,,95.03500366210938,95.08000183105469,95.0,95.08000183105469,5197.0
2026-08-05 10:32:00,MNTS,,4.369999885559082,4.380000114440918,4.369999885559082,4.369999885559082,1089.0
2026-08-05 10:32:00,MORN,,202.61000061035156,202.61000061035156,202.61000061035156,202.61000061035156,1344.0
2026-08-05 10:32:00,MPWR,,1324.5224609375,1325.97998046875,1322.6309814453125,1324.06494140625,1649.0
2026-08-05 10:32:00,MRNA,,58.459999084472656,58.73749923706055,58.439998626708984,58.68000030517578,22649.0
2026-08-05 10:32:00,MYGN,,3.2116000652313232,3.2149999141693115,3.2049999237060547,3.2100000381469727,17704.0
2026-08-05 10:32:00,NAMS,,26.950000762939453,27.010000228881836,26.950000762939453,27.010000228881836,1516.0
2026-08-05 10:32:00,NAVI,,9.104999542236328,9.104999542236328,9.104999542236328,9.104999542236328,1060.0
2026-08-05 10:32:00,NB,,5.050000190734863,5.074999809265137,5.050000190734863,5.074999809265137,37945.0
2026-08-05 10:32:00,NBIX,,164.46499633789062,164.49000549316406,164.25999450683594,164.39999389648438,3033.0
2026-08-05 10:32:00,NBTB,,53.7400016784668,53.7400016784668,53.7400016784668,53.7400016784668,126.0
2026-08-05 10:32:00,NDAQ,,95.2699966430664,95.35749816894531,95.2699966430664,95.35749816894531,2422.0
2026-08-05 10:32:00,NDSN,,311.3699951171875,311.3699951171875,311.2799987792969,311.2799987792969,194.0
2026-08-05 10:32:00,NEGG,,16.848400115966797,16.848400115966797,16.848400115966797,16.848400115966797,420.0
2026-08-05 10:32:00,NEO,,16.209999084472656,16.209999084472656,16.200000762939453,16.204999923706055,3288.0
2026-08-05 10:32:00,NEOG,,11.6850004196167,11.6850004196167,11.670000076293945,11.670000076293945,7777.0
2026-08-05 10:32:00,NEOV,,2.912600040435791,2.930000066757202,2.9000000953674316,2.9000000953674316,13543.0
2026-08-05 10:32:00,NESR,,28.719999313354492,28.719999313354492,28.719999313354492,28.719999313354492,953.0
2026-08-05 10:32:00,NEXT,,6.420000076293945,6.420000076293945,6.414999961853027,6.420000076293945,3663.0
2026-08-05 10:32:00,NFE,,0.3377000093460083,0.3377000093460083,0.3377000093460083,0.3377000093460083,5929.0
2026-08-05 10:32:00,NFLX,,74.18000030517578,74.21499633789062,74.1500015258789,74.19000244140625,65087.0
2026-08-05 10:32:00,NGNE,,35.099998474121094,35.099998474121094,35.099998474121094,35.099998474121094,1804.0
2026-08-05 10:32:00,NICE,,96.05999755859375,96.41999816894531,96.0199966430664,96.0199966430664,3821.0
2026-08-05 10:32:00,NIU,,2.5250000953674316,2.5250000953674316,2.5250000953674316,2.5250000953674316,2200.0
2026-08-05 10:32:00,NMFC,,7.385000228881836,7.385000228881836,7.385000228881836,7.385000228881836,105.0
2026-08-05 10:32:00,NMIH,,44.52000045776367,44.529998779296875,44.52000045776367,44.52000045776367,1588.0
2026-08-05 10:32:00,NMRK,,15.739999771118164,15.744999885559082,15.739999771118164,15.744999885559082,795.0
2026-08-05 10:32:00,NN,,14.279999732971191,14.279999732971191,14.229999542236328,14.253800392150879,4771.0
2026-08-05 10:32:00,NNBR,,3.8499999046325684,3.8499999046325684,3.8499999046325684,3.8499999046325684,1213.0
2026-08-05 10:32:00,NNDM,,1.5549999475479126,1.5549999475479126,1.5499999523162842,1.5549999475479126,7064.0
2026-08-05 10:32:00,NOVT,,159.13499450683594,159.13499450683594,159.13499450683594,159.13499450683594,639.0
2026-08-05 10:32:00,NRIX,,25.020000457763672,25.020000457763672,25.0,25.0,1587.0
2026-08-05 10:32:00,NRXP,,3.0299999713897705,3.0299999713897705,3.0199999809265137,3.0199999809265137,6983.0
2026-08-05 10:32:00,NTAP,,191.7100067138672,191.7100067138672,191.5500030517578,191.5500030517578,3320.0
2026-08-05 10:32:00,NTNX,,61.10499954223633,61.130001068115234,61.04999923706055,61.04999923706055,2623.0
2026-08-05 10:32:00,NTRA,,279.5899963378906,279.5899963378906,279.5899963378906,279.5899963378906,823.0
2026-08-05 10:32:00,NTRS,,185.1199951171875,185.1199951171875,185.1199951171875,185.1199951171875,1976.0
2026-08-05 10:32:00,NUWE,,1.815000057220459,1.8187999725341797,1.8136999607086182,1.8136999607086182,1498.0
2026-08-05 10:32:00,NVAX,,7.699999809265137,7.710000038146973,7.699999809265137,7.710000038146973,3924.0
2026-08-05 10:32:00,NVCT,,20.18000030517578,20.18000030517578,20.18000030517578,20.18000030517578,290.0
2026-08-05 10:32:00,NVDA,,220.16299438476562,220.22000122070312,219.6999969482422,219.8000030517578,465976.0
2026-08-05 10:32:00,NVMI,,407.489990234375,407.5899963378906,407.489990234375,407.5899963378906,192.0
2026-08-05 10:32:00,NVTS,,12.515000343322754,12.529999732971191,12.494999885559082,12.505000114440918,30251.0
2026-08-05 10:32:00,NWBI,,16.0049991607666,16.0049991607666,16.0,16.0,2563.0
2026-08-05 10:32:00,NWE,,69.08999633789062,69.13999938964844,69.08999633789062,69.13999938964844,677.0
2026-08-05 10:32:00,NWGL,,0.2700999975204468,0.2700999975204468,0.2700999975204468,0.2700999975204468,2800.0
2026-08-05 10:32:00,NWL,,6.045000076293945,6.045000076293945,6.045000076293945,6.045000076293945,333.0
2026-08-05 10:32:00,NWS,,32.630001068115234,32.65999984741211,32.630001068115234,32.650001525878906,5937.0
2026-08-05 10:32:00,NWSA,,28.479999542236328,28.4950008392334,28.475000381469727,28.479999542236328,5915.0
2026-08-05 10:32:00,NXPI,,230.05999755859375,230.3699951171875,230.05999755859375,230.10000610351562,8022.0
2026-08-05 10:32:00,NXT,,98.08000183105469,98.19000244140625,97.78500366210938,98.16999816894531,11159.0
2026-08-05 10:32:00,NXTC,,5.46999979019165,5.46999979019165,5.46999979019165,5.46999979019165,592.0
2026-08-05 10:32:00,NYXH,,1.4290000200271606,1.4290000200271606,1.4290000200271606,1.4290000200271606,240.0
2026-08-05 10:32:00,OABI,,2.015000104904175,2.015000104904175,2.015000104904175,2.015000104904175,102.0
2026-08-05 10:32:00,OCFC,,19.864999771118164,19.8700008392334,19.864999771118164,19.8700008392334,1981.0
2026-08-05 10:32:00,OCG,,1.7000000476837158,1.7000000476837158,1.7000000476837158,1.7000000476837158,739.0
2026-08-05 10:32:00,OCGN,,1.315000057220459,1.3200000524520874,1.3049999475479126,1.3049999475479126,32271.0
2026-08-05 10:32:00,OCSL,,12.170000076293945,12.180000305175781,12.170000076293945,12.180000305175781,1113.0
2026-08-05 10:32:00,OCUL,,8.639900207519531,8.645000457763672,8.635000228881836,8.645000457763672,1802.0
2026-08-05 10:32:00,ODD,,15.229999542236328,15.229999542236328,15.229999542236328,15.229999542236328,399.0
2026-08-05 10:32:00,ODFL,,218.55999755859375,218.8249969482422,218.55999755859375,218.8249969482422,3617.0
2026-08-05 10:32:00,OESX,,16.6299991607666,16.690000534057617,16.577899932861328,16.577899932861328,2969.0
2026-08-05 10:32:00,OFIX,,10.760000228881836,10.760000228881836,10.760000228881836,10.760000228881836,244.0
2026-08-05 10:32:00,OGI,,0.9671000242233276,0.9684000015258789,0.9671000242233276,0.9684000015258789,328.0
2026-08-05 10:32:00,OKTA,,149.0800018310547,149.22000122070312,148.9241943359375,149.22000122070312,2937.0
2026-08-05 10:32:00,OLLI,,78.81999969482422,78.91999816894531,78.81999969482422,78.91999816894531,1298.0
2026-08-05 10:32:00,OLMA,,11.710000038146973,11.710000038146973,11.710000038146973,11.710000038146973,919.0
2026-08-05 10:32:00,OM,,5.0,5.0,5.0,5.0,101.0
2026-08-05 10:32:00,OMCL,,37.22999954223633,37.22999954223633,37.22999954223633,37.22999954223633,404.0
2026-08-05 10:32:00,OMER,,13.050000190734863,13.050000190734863,13.020000457763672,13.020000457763672,3950.0
2026-08-05 10:32:00,OMEX,,0.75,0.7501000165939331,0.75,0.7501000165939331,325.0
2026-08-05 10:32:00,OMH,,0.10999999940395355,0.11010000109672546,0.10999999940395355,0.11010000109672546,8977.0
2026-08-05 10:32:00,ON,,77.82990264892578,77.82990264892578,77.5999984741211,77.71849822998047,36629.0
2026-08-05 10:32:00,ONB,,27.174999237060547,27.18000030517578,27.174999237060547,27.18000030517578,2747.0
2026-08-05 10:32:00,ONCY,,0.7928000092506409,0.7928000092506409,0.7928000092506409,0.7928000092506409,1345.0
2026-08-05 10:32:00,ONDS,,8.944999694824219,8.95989990234375,8.930000305175781,8.930000305175781,102654.0
2026-08-05 10:32:00,ONFO,,0.07240000367164612,0.07370000332593918,0.07240000367164612,0.07370000332593918,198599.0
2026-08-05 10:32:00,OPCH,,23.559999465942383,23.56999969482422,23.559999465942383,23.56999969482422,2029.0
2026-08-05 10:32:00,OPEN,,3.9049999713897705,3.9200000762939453,3.9000000953674316,3.9100000858306885,115283.0
2026-08-05 10:32:00,OPRA,,20.252599716186523,20.261999130249023,20.209999084472656,20.209999084472656,3696.0
2026-08-05 10:32:00,ORIC,,13.449999809265137,13.470000267028809,13.449999809265137,13.470000267028809,2057.0
2026-08-05 10:32:00,ORLY,,93.93499755859375,93.94999694824219,93.86000061035156,93.93499755859375,11148.0
2026-08-05 10:32:00,ORRF,,43.36000061035156,43.36000061035156,43.36000061035156,43.36000061035156,102.0
2026-08-05 10:32:00,OSBC,,25.920000076293945,25.920000076293945,25.920000076293945,25.920000076293945,833.0
2026-08-05 10:32:00,OSPN,,16.709999084472656,16.719999313354492,16.674999237060547,16.709999084472656,1019.0
2026-08-05 10:32:00,OSS,,14.024200439453125,14.024200439453125,13.96500015258789,14.024200439453125,2051.0
2026-08-05 10:32:00,OSUR,,4.175000190734863,4.175000190734863,4.175000190734863,4.175000190734863,172.0
2026-08-05 10:32:00,OSW,,26.6200008392334,26.6200008392334,26.6200008392334,26.6200008392334,962.0
2026-08-05 10:32:00,OTEX,,26.05500030517578,26.075000762939453,26.05500030517578,26.065000534057617,3515.0
2026-08-05 10:32:00,OTTR,,92.4800033569336,92.4800033569336,92.4800033569336,92.4800033569336,299.0
2026-08-05 10:32:00,OVID,,2.630000114440918,2.634999990463257,2.615000009536743,2.619999885559082,16888.0
2026-08-05 10:32:00,OXLC,,9.050200462341309,9.0600004196167,9.050200462341309,9.0600004196167,715.0
2026-08-05 10:32:00,OXSQ,,1.4850000143051147,1.4850000143051147,1.4800000190734863,1.4800000190734863,584.0
2026-08-05 10:32:00,PAA,,23.219999313354492,23.235000610351562,23.19499969482422,23.235000610351562,19949.0
2026-08-05 10:32:00,PAAS,,48.29999923706055,48.30500030517578,48.19499969482422,48.279998779296875,109513.0
2026-08-05 10:32:00,PACB,,1.4500000476837158,1.4500000476837158,1.4450000524520874,1.4450000524520874,46348.0
2026-08-05 10:32:00,PAGP,,25.1299991607666,25.149999618530273,25.110000610351562,25.149999618530273,2587.0
2026-08-05 10:32:00,PALI,,2.0850000381469727,2.0850000381469727,2.0850000381469727,2.0850000381469727,404.0
2026-08-05 10:32:00,PANL,,7.360000133514404,7.360000133514404,7.360000133514404,7.360000133514404,650.0
2026-08-05 10:32:00,PANW,,368.7300109863281,369.4525146484375,368.5,368.8399963378906,14763.0
2026-08-05 10:32:00,PATK,,88.5199966430664,88.80000305175781,88.5199966430664,88.80000305175781,3435.0
2026-08-05 10:32:00,PAX,,11.420000076293945,11.425000190734863,11.420000076293945,11.420000076293945,2253.0
2026-08-05 10:32:00,PAYO,,7.130000114440918,7.130000114440918,7.130000114440918,7.130000114440918,1177.0
2026-08-05 10:32:00,PAYX,,118.32499694824219,118.3499984741211,118.32499694824219,118.32499694824219,2781.0
2026-08-05 10:32:00,PCAR,,133.7050018310547,134.6199951171875,133.46499633789062,134.5850067138672,82427.0
2026-08-05 10:32:00,PCRX,,25.325000762939453,25.325000762939453,25.2450008392334,25.2450008392334,1621.0
2026-08-05 10:32:00,PCT,,6.949999809265137,6.949999809265137,6.940000057220459,6.945000171661377,2739.0
2026-08-05 10:32:00,PCTY,,148.8249969482422,148.8249969482422,148.11500549316406,148.64999389648438,697.0
2026-08-05 10:32:00,PDD,,91.91000366210938,91.94000244140625,91.9000015258789,91.91999816894531,9820.0
2026-08-05 10:32:00,PDFS,,50.16999816894531,50.290000915527344,50.13999938964844,50.290000915527344,2098.0
2026-08-05 10:32:00,PECO,,41.525001525878906,41.540000915527344,41.525001525878906,41.540000915527344,510.0
2026-08-05 10:32:00,PEGA,,31.780000686645508,31.780000686645508,31.780000686645508,31.780000686645508,613.0
2026-08-05 10:32:00,PENN,,19.899999618530273,19.90999984741211,19.889999389648438,19.905899047851562,4202.0
2026-08-05 10:32:00,PEP,,138.74000549316406,138.8000030517578,138.7100067138672,138.7899932861328,10951.0
2026-08-05 10:32:00,PEPG,,1.909999966621399,1.909999966621399,1.909999966621399,1.909999966621399,750.0
2026-08-05 10:32:00,PFG,,115.63500213623047,115.63500213623047,115.63500213623047,115.63500213623047,451.0
2026-08-05 10:32:00,PGC,,46.849998474121094,46.849998474121094,46.849998474121094,46.849998474121094,208.0
2026-08-05 10:32:00,PGEN,,6.815000057220459,6.855000019073486,6.809999942779541,6.829999923706055,29659.0
2026-08-05 10:32:00,PGY,,21.790000915527344,21.809999465942383,21.719999313354492,21.719999313354492,5201.0
2026-08-05 10:32:00,PHAT,,8.574999809265137,8.579999923706055,8.574999809265137,8.579999923706055,1142.0
2026-08-05 10:32:00,PHIO,,1.0703999996185303,1.0703999996185303,1.0703999996185303,1.0703999996185303,158.0
2026-08-05 10:32:00,PHVS,,33.060001373291016,33.2400016784668,33.060001373291016,33.22999954223633,1923.0
2026-08-05 10:32:00,PLAB,,32.04499816894531,32.04499816894531,32.04499816894531,32.04499816894531,1104.0
2026-08-05 10:32:00,PLBY,,1.215000033378601,1.215000033378601,1.215000033378601,1.215000033378601,182.0
2026-08-05 10:32:00,PLMR,,135.6999969482422,136.0,135.6999969482422,136.0,2311.0
2026-08-05 10:32:00,PLTK,,4.025000095367432,4.034999847412109,4.025000095367432,4.034999847412109,6238.0
2026-08-05 10:32:00,PLUG,,2.115000009536743,2.119999885559082,2.109999895095825,2.115000009536743,65353.0
2026-08-05 10:32:00,PNFP,,107.86000061035156,107.86000061035156,107.86000061035156,107.86000061035156,334.0
2026-08-05 10:32:00,POCI,,4.324999809265137,4.324999809265137,4.324999809265137,4.324999809265137,0.0
2026-08-05 10:32:00,POET,,8.255000114440918,8.260100364685059,8.239999771118164,8.260000228881836,26204.0
2026-08-05 10:32:00,POWI,,62.224998474121094,62.224998474121094,62.224998474121094,62.224998474121094,273.0
2026-08-05 10:32:00,POWL,,208.9600067138672,209.2949981689453,208.9600067138672,209.2949981689453,666.0
2026-08-05 10:32:00,PPC,,26.860000610351562,26.860000610351562,26.860000610351562,26.860000610351562,959.0
2026-08-05 10:32:00,PPTA,,22.666400909423828,22.670000076293945,22.639999389648438,22.670000076293945,4930.0
2026-08-05 10:32:00,PRCT,,19.1299991607666,19.135000228881836,18.940000534057617,19.1200008392334,26843.0
2026-08-05 10:32:00,PRFX,,1.149999976158142,1.149999976158142,1.149999976158142,1.149999976158142,2097.0
2026-08-05 10:32:00,PRIM,,88.84500122070312,88.8550033569336,88.31909942626953,88.31909942626953,23924.0
2026-08-05 10:32:00,PRME,,2.9800000190734863,2.984999895095825,2.9800000190734863,2.984999895095825,4360.0
2026-08-05 10:32:00,PROK,,1.6349999904632568,1.6349999904632568,1.6349999904632568,1.6349999904632568,317.0
2026-08-05 10:32:00,PRQR,,1.9149999618530273,1.9199999570846558,1.9149999618530273,1.9199999570846558,3544.0
2026-08-05 10:32:00,PRTA,,8.59000015258789,8.604999542236328,8.59000015258789,8.604999542236328,585.0
2026-08-05 10:32:00,PRVA,,24.059999465942383,24.079999923706055,24.049999237060547,24.049999237060547,1256.0
2026-08-05 10:32:00,PSEC,,2.200000047683716,2.2049999237060547,2.200000047683716,2.2049999237060547,1065.0
2026-08-05 10:32:00,PSNL,,13.579999923706055,13.614999771118164,13.579999923706055,13.614999771118164,2964.0
2026-08-05 10:32:00,PTCT,,69.62000274658203,69.66999816894531,69.62000274658203,69.625,1878.0
2026-08-05 10:32:00,PTEN,,9.84000015258789,9.859999656677246,9.829999923706055,9.859999656677246,8637.0
2026-08-05 10:32:00,PTLO,,4.625,4.625,4.619999885559082,4.625,4272.0
2026-08-05 10:32:00,PTON,,6.53000020980835,6.534999847412109,6.489999771118164,6.505000114440918,108884.0
2026-08-05 10:32:00,PTPI,,0.0024999999441206455,0.0024999999441206455,0.0024999999441206455,0.0024999999441206455,2.0
2026-08-05 10:32:00,PWP,,17.412500381469727,17.415000915527344,17.389999389648438,17.40999984741211,4739.0
2026-08-05 10:32:00,PYPD,,4.449999809265137,4.485000133514404,4.449999809265137,4.485000133514404,202.0
2026-08-05 10:32:00,PYPL,,58.71500015258789,58.75429916381836,58.709999084472656,58.75,10289.0
2026-08-05 10:32:00,PYXS,,3.27020001411438,3.2950000762939453,3.27020001411438,3.2950000762939453,7556.0
2026-08-05 10:32:00,PZZA,,30.844999313354492,30.844999313354492,30.81999969482422,30.81999969482422,2853.0
2026-08-05 10:32:00,QCOM,,158.87010192871094,159.08999633789062,158.69000244140625,158.8249969482422,26088.0
2026-08-05 10:32:00,QFIN,,13.425000190734863,13.430000305175781,13.425000190734863,13.430000305175781,1123.0
2026-08-05 10:32:00,QRVO,,94.5199966430664,94.5199966430664,94.33999633789062,94.33999633789062,829.0
2026-08-05 10:32:00,SEED,,0.9793999791145325,0.9793999791145325,0.9629999995231628,0.9629999995231628,4133.0
2026-08-05 10:32:00,WOOF,,2.950000047683716,2.950000047683716,2.950000047683716,2.950000047683716,204.0
2026-08-05 10:33:00,BPOP,,177.7899932861328,177.7899932861328,177.7899932861328,177.7899932861328,300.0
2026-08-05 10:33:00,BPRN,,41.849998474121094,41.849998474121094,41.51499938964844,41.51499938964844,1431.0
2026-08-05 10:33:00,CNXN,,84.33999633789062,84.6698989868164,84.33999633789062,84.6698989868164,618.0
2026-08-05 10:33:00,EYE,,23.510000228881836,23.540000915527344,23.510000228881836,23.530000686645508,1433.0
2026-08-05 10:33:00,FIZZ,,31.897499084472656,31.897499084472656,31.895000457763672,31.895000457763672,737.0
2026-08-05 10:33:00,GLUE,,16.075000762939453,16.075000762939453,16.075000762939453,16.075000762939453,512.0
2026-08-05 10:33:00,KIDS,,21.530000686645508,21.530000686645508,21.479999542236328,21.5,1526.0
2026-08-05 10:33:00,KITT,,1.090000033378601,1.090000033378601,1.090000033378601,1.090000033378601,4501.0
2026-08-05 10:33:00,MBRX,,0.4000999927520752,0.4099000096321106,0.4000999927520752,0.4099000096321106,1200.0
2026-08-05 10:33:00,MDB,,379.57501220703125,379.57501220703125,379.57501220703125,379.57501220703125,253.0
2026-08-05 10:33:00,MDLZ,,61.875,61.89500045776367,61.85029983520508,61.88999938964844,11478.0
2026-08-05 10:33:00,MLTX,,17.81999969482422,17.81999969482422,17.809999465942383,17.809999465942383,2939.0
2026-08-05 10:33:00,MNPR,,114.5,116.39990234375,114.5,115.43000030517578,744.0
2026-08-05 10:33:00,MNRO,,13.229999542236328,13.229999542236328,13.170000076293945,13.180000305175781,5886.0
2026-08-05 10:33:00,MNST,,95.04499816894531,95.05999755859375,95.02999877929688,95.02999877929688,5726.0
2026-08-05 10:33:00,MNTS,,4.385000228881836,4.389999866485596,4.349999904632568,4.369999885559082,5903.0
2026-08-05 10:33:00,MPWR,,1324.7674560546875,1326.800048828125,1322.6199951171875,1324.31494140625,2268.0
2026-08-05 10:33:00,MRNA,,58.53499984741211,58.53499984741211,58.459999084472656,58.459999084472656,3041.0
2026-08-05 10:33:00,MSGM,,4.440000057220459,4.46999979019165,4.440000057220459,4.46999979019165,675.0
2026-08-05 10:33:00,MYGN,,3.2149999141693115,3.2149999141693115,3.2049999237060547,3.2049999237060547,2860.0
2026-08-05 10:33:00,MYRG,,339.0,339.5050048828125,339.0,339.5050048828125,1129.0
2026-08-05 10:33:00,NAMS,,26.9950008392334,26.9950008392334,26.9950008392334,26.9950008392334,710.0
2026-08-05 10:33:00,NAUT,,0.9939000010490417,0.996999979019165,0.9939000010490417,0.996999979019165,1020.0
2026-08-05 10:33:00,NAVI,,9.109999656677246,9.109999656677246,9.104999542236328,9.104999542236328,2481.0
2026-08-05 10:33:00,NB,,5.059999942779541,5.059999942779541,5.039999961853027,5.051199913024902,36683.0
2026-08-05 10:33:00,NBTB,,53.7400016784668,53.7400016784668,53.7400016784668,53.7400016784668,324.0
2026-08-05 10:33:00,NDAQ,,95.2300033569336,95.28500366210938,95.2300033569336,95.28500366210938,1505.0
2026-08-05 10:33:00,NDSN,,311.1099853515625,311.239990234375,311.1099853515625,311.239990234375,569.0
2026-08-05 10:33:00,NEO,,16.219999313354492,16.219999313354492,16.219999313354492,16.219999313354492,715.0
2026-08-05 10:33:00,NEOG,,11.6899995803833,11.699999809265137,11.6850004196167,11.6899995803833,3543.0
2026-08-05 10:33:00,NEOV,,2.9189999103546143,2.9189999103546143,2.9189999103546143,2.9189999103546143,1476.0
2026-08-05 10:33:00,NESR,,28.71500015258789,28.71500015258789,28.690000534057617,28.690000534057617,1232.0
2026-08-05 10:33:00,NEXT,,6.409999847412109,6.429999828338623,6.409999847412109,6.414999961853027,6231.0
2026-08-05 10:33:00,NFE,,0.33340001106262207,0.33480000495910645,0.33340001106262207,0.33480000495910645,8953.0
2026-08-05 10:33:00,NFLX,,74.20999908447266,74.25,74.18000030517578,74.189697265625,76404.0
2026-08-05 10:33:00,NICE,,96.30999755859375,96.4800033569336,96.30999755859375,96.36499786376953,1903.0
2026-08-05 10:33:00,NIU,,2.5250000953674316,2.5250000953674316,2.5250000953674316,2.5250000953674316,2300.0
2026-08-05 10:33:00,NKTR,,72.70999908447266,72.70999908447266,72.5,72.5,2066.0
2026-08-05 10:33:00,NMFC,,7.385000228881836,7.385000228881836,7.385000228881836,7.385000228881836,458.0
2026-08-05 10:33:00,NMIH,,44.54499816894531,44.54499816894531,44.54499816894531,44.54499816894531,510.0
2026-08-05 10:33:00,NMRA,,1.649999976158142,1.649999976158142,1.649999976158142,1.649999976158142,844.0
2026-08-05 10:33:00,NN,,14.3149995803833,14.3149995803833,14.279999732971191,14.3149995803833,4097.0
2026-08-05 10:33:00,NNBR,,3.8550000190734863,3.859999895095825,3.8399999141693115,3.8450000286102295,3495.0
2026-08-05 10:33:00,NNDM,,1.5549999475479126,1.5549999475479126,1.5499999523162842,1.5549999475479126,1659.0
2026-08-05 10:33:00,NRC,,19.559999465942383,19.559999465942383,19.559999465942383,19.559999465942383,161.0
2026-08-05 10:33:00,NRDS,,9.199999809265137,9.210000038146973,9.199999809265137,9.210000038146973,911.0
2026-08-05 10:33:00,NRXP,,3.0299999713897705,3.039900064468384,3.0299999713897705,3.0299999713897705,1178.0
2026-08-05 10:33:00,NSSC,,40.31999969482422,40.31999969482422,40.31999969482422,40.31999969482422,377.0
2026-08-05 10:33:00,NTAP,,191.80999755859375,192.07000732421875,191.80999755859375,191.99000549316406,3181.0
2026-08-05 10:33:00,NTES,,128.4199981689453,128.4199981689453,128.4199981689453,128.4199981689453,1422.0
2026-08-05 10:33:00,NTNX,,61.14500045776367,61.22999954223633,61.1349983215332,61.150001525878906,4294.0
2026-08-05 10:33:00,NTRA,,279.010009765625,279.5899963378906,279.010009765625,279.5899963378906,3712.0
2026-08-05 10:33:00,NVAX,,7.704999923706055,7.710000038146973,7.699999809265137,7.699999809265137,3614.0
2026-08-05 10:33:00,NVCR,,16.03499984741211,16.05500030517578,16.024999618530273,16.05500030517578,3433.0
2026-08-05 10:33:00,NVDA,,220.3699951171875,220.50979614257812,219.92010498046875,220.15499877929688,398760.0
2026-08-05 10:33:00,NVEC,,127.68000030517578,127.68000030517578,127.68000030517578,127.68000030517578,260.0
2026-08-05 10:33:00,NVMI,,406.80999755859375,407.489990234375,406.6199951171875,407.489990234375,1337.0
2026-08-05 10:33:00,NVTS,,12.515999794006348,12.515999794006348,12.420000076293945,12.510000228881836,266945.0
2026-08-05 10:33:00,NWBI,,16.0,16.0049991607666,16.0,16.0049991607666,2095.0
2026-08-05 10:33:00,NWGL,,0.27390000224113464,0.2750999927520752,0.27000001072883606,0.27000001072883606,5425.0
2026-08-05 10:33:00,NWL,,6.079999923706055,6.079999923706055,6.045000076293945,6.045000076293945,298900.0
2026-08-05 10:33:00,NWS,,32.599998474121094,32.650001525878906,32.599998474121094,32.625,4401.0
2026-08-05 10:33:00,NWSA,,28.454999923706055,28.479999542236328,28.450000762939453,28.469999313354492,5888.0
2026-08-05 10:33:00,NXPI,,230.41000366210938,230.60499572753906,230.0,230.17999267578125,38960.0
2026-08-05 10:33:00,NXT,,98.05000305175781,98.08000183105469,97.98500061035156,98.05999755859375,6770.0
2026-08-05 10:33:00,OBIO,,4.144999980926514,4.156799793243408,4.144999980926514,4.156799793243408,1097.0
2026-08-05 10:33:00,OCCI,,2.4700000286102295,2.4700000286102295,2.4700000286102295,2.4700000286102295,2405.0
2026-08-05 10:33:00,OCFC,,19.864999771118164,19.864999771118164,19.864999771118164,19.864999771118164,300.0
2026-08-05 10:33:00,OCGN,,1.3200000524520874,1.3200000524520874,1.311400055885315,1.3200000524520874,2717.0
2026-08-05 10:33:00,OCS,,12.170000076293945,12.170000076293945,12.170000076293945,12.170000076293945,110.0
2026-08-05 10:33:00,OCUL,,8.640000343322754,8.640000343322754,8.640000343322754,8.640000343322754,1721.0
2026-08-05 10:33:00,ODD,,15.1899995803833,15.1899995803833,15.1899995803833,15.1899995803833,120.0
2026-08-05 10:33:00,ODFL,,218.36000061035156,218.63999938964844,218.36000061035156,218.63999938964844,2014.0
2026-08-05 10:33:00,OESX,,16.635000228881836,16.759899139404297,16.635000228881836,16.759899139404297,2384.0
2026-08-05 10:33:00,OFIX,,10.760000228881836,10.760000228881836,10.760000228881836,10.760000228881836,629.0
2026-08-05 10:33:00,OKTA,,149.0,149.08999633789062,149.0,149.08999633789062,1715.0
2026-08-05 10:33:00,OLLI,,79.1050033569336,79.1050033569336,78.86000061035156,78.86499786376953,4080.0
2026-08-05 10:33:00,OM,,5.019999980926514,5.019999980926514,4.994999885559082,4.994999885559082,1976.0
2026-08-05 10:33:00,OMCL,,37.27000045776367,37.34000015258789,37.27000045776367,37.34000015258789,3030.0
2026-08-05 10:33:00,OMER,,13.074999809265137,13.074999809265137,13.03380012512207,13.0600004196167,4239.0
2026-08-05 10:33:00,OMH,,0.11010000109672546,0.11010000109672546,0.10999999940395355,0.10999999940395355,6635.0
2026-08-05 10:33:00,ON,,77.86000061035156,77.91000366210938,77.66000366210938,77.86000061035156,37196.0
2026-08-05 10:33:00,ONB,,27.170000076293945,27.170000076293945,27.170000076293945,27.170000076293945,1589.0
2026-08-05 10:33:00,ONCY,,0.7925999760627747,0.7925999760627747,0.7925999760627747,0.7925999760627747,1926.0
2026-08-05 10:33:00,ONDS,,8.97819995880127,8.984999656677246,8.930000305175781,8.9399995803833,90656.0
2026-08-05 10:33:00,ONFO,,0.07249999791383743,0.07249999791383743,0.0722000002861023,0.07240000367164612,102963.0
2026-08-05 10:33:00,OPAL,,2.325000047683716,2.325000047683716,2.325000047683716,2.325000047683716,286.0
2026-08-05 10:33:00,OPCH,,23.575000762939453,23.579999923706055,23.559999465942383,23.575000762939453,2367.0
2026-08-05 10:33:00,OPEN,,3.9100000858306885,3.9200000762939453,3.9000000953674316,3.9100000858306885,280041.0
2026-08-05 10:33:00,OPHC,,8.609999656677246,8.630000114440918,8.520000457763672,8.630000114440918,1130.0
2026-08-05 10:33:00,OPI,,18.969999313354492,19.0,18.940000534057617,19.0,1933.0
2026-08-05 10:33:00,OPK,,1.3299000263214111,1.3299000263214111,1.3250000476837158,1.3250000476837158,4095.0
2026-08-05 10:33:00,OPRT,,6.239999771118164,6.239999771118164,6.238399982452393,6.238399982452393,1002.0
2026-08-05 10:33:00,OPRX,,6.800000190734863,6.800000190734863,6.800000190734863,6.800000190734863,902.0
2026-08-05 10:33:00,OPXS,,11.890000343322754,11.890000343322754,11.725000381469727,11.859999656677246,501.0
2026-08-05 10:33:00,ORGO,,2.384999990463257,2.3910000324249268,2.384999990463257,2.3910000324249268,9436.0
2026-08-05 10:33:00,ORIC,,13.475000381469727,13.475000381469727,13.4399995803833,13.475000381469727,6801.0
2026-08-05 10:33:00,ORLY,,93.94499969482422,93.95999908447266,93.94000244140625,93.94999694824219,10591.0
2026-08-05 10:33:00,ORMP,,4.465000152587891,4.465000152587891,4.465000152587891,4.465000152587891,124.0
2026-08-05 10:33:00,ORRF,,43.43000030517578,43.43000030517578,43.43000030517578,43.43000030517578,121.0
2026-08-05 10:33:00,OSBC,,25.920000076293945,25.920000076293945,25.920000076293945,25.920000076293945,218.0
2026-08-05 10:33:00,OSIS,,234.875,234.875,234.875,234.875,251.0
2026-08-05 10:33:00,OSS,,14.109999656677246,14.119999885559082,14.0600004196167,14.0600004196167,8280.0
2026-08-05 10:33:00,OSUR,,4.179999828338623,4.180099964141846,4.175000190734863,4.179999828338623,1481.0
2026-08-05 10:33:00,OTEX,,26.059999465942383,26.06999969482422,26.05500030517578,26.05500030517578,6835.0
2026-08-05 10:33:00,OTLK,,1.0399999618530273,1.0399999618530273,1.0299999713897705,1.034999966621399,3086.0
2026-08-05 10:33:00,OTLY,,14.350000381469727,14.350000381469727,14.350000381469727,14.350000381469727,173.0
2026-08-05 10:33:00,OTTR,,92.08999633789062,92.08999633789062,92.08999633789062,92.08999633789062,169.0
2026-08-05 10:33:00,OVID,,2.634999990463257,2.634999990463257,2.630000114440918,2.630000114440918,3533.0
2026-08-05 10:33:00,OXLC,,9.074999809265137,9.074999809265137,9.0600004196167,9.0600004196167,8752.0
2026-08-05 10:33:00,OXSQ,,1.4800000190734863,1.4900000095367432,1.4800000190734863,1.4850000143051147,4073.0
2026-08-05 10:33:00,PAA,,23.204999923706055,23.229999542236328,23.200000762939453,23.219999313354492,32813.0
2026-08-05 10:33:00,PAAS,,48.36000061035156,48.369998931884766,48.22999954223633,48.279998779296875,101398.0
2026-08-05 10:33:00,PACB,,1.4500999450683594,1.4550000429153442,1.440000057220459,1.4499000310897827,78693.0
2026-08-05 10:33:00,PAGP,,25.1200008392334,25.1299991607666,25.1200008392334,25.1299991607666,1968.0
2026-08-05 10:33:00,PALI,,2.0889999866485596,2.0889999866485596,2.0850000381469727,2.0850000381469727,2645.0
2026-08-05 10:33:00,PANW,,368.7550048828125,369.28399658203125,368.5,368.94000244140625,12215.0
2026-08-05 10:33:00,PAYO,,7.122200012207031,7.130000114440918,7.122200012207031,7.130000114440918,965.0
2026-08-05 10:33:00,PAYS,,9.342700004577637,9.342700004577637,9.342700004577637,9.342700004577637,810.0
2026-08-05 10:33:00,PAYX,,118.22000122070312,118.37999725341797,118.20999908447266,118.30999755859375,4740.0
2026-08-05 10:33:00,PBFS,,16.979999542236328,16.979999542236328,16.979999542236328,16.979999542236328,311.0
2026-08-05 10:33:00,PBYI,,8.020000457763672,8.020000457763672,8.020000457763672,8.020000457763672,415.0
2026-08-05 10:33:00,PCAR,,134.14999389648438,134.14999389648438,133.17999267578125,133.69000244140625,57895.0
2026-08-05 10:33:00,PCRX,,25.75,25.75,25.350000381469727,25.350000381469727,8346.0
2026-08-05 10:33:00,PCT,,6.960000038146973,6.960000038146973,6.949999809265137,6.954999923706055,5045.0
2026-08-05 10:33:00,PCTY,,148.64999389648438,149.35000610351562,148.59500122070312,148.66990661621094,7596.0
2026-08-05 10:33:00,PDD,,91.98999786376953,92.01000213623047,91.93000030517578,91.93000030517578,35459.0
2026-08-05 10:33:00,PDFS,,50.310001373291016,50.310001373291016,50.310001373291016,50.310001373291016,1167.0
2026-08-05 10:33:00,PDLB,,20.649999618530273,20.649999618530273,20.649999618530273,20.649999618530273,717.0
2026-08-05 10:33:00,PECO,,41.53499984741211,41.53499984741211,41.53499984741211,41.53499984741211,240.0
2026-08-05 10:33:00,PEGA,,31.783000946044922,31.850000381469727,31.780000686645508,31.780000686645508,13792.0
2026-08-05 10:33:00,PENN,,19.940000534057617,19.940000534057617,19.90999984741211,19.90999984741211,7377.0
2026-08-05 10:33:00,PEP,,138.72999572753906,138.77999877929688,138.72000122070312,138.77000427246094,7537.0
2026-08-05 10:33:00,PERI,,9.654999732971191,9.654999732971191,9.649999618530273,9.649999618530273,1069.0
2026-08-05 10:33:00,PFG,,115.46800231933594,115.54000091552734,115.46800231933594,115.54000091552734,1520.0
2026-08-05 10:33:00,PGEN,,6.815000057220459,6.824999809265137,6.800000190734863,6.810999870300293,31776.0
2026-08-05 10:33:00,PGNY,,31.68000030517578,31.700000762939453,31.68000030517578,31.68000030517578,1944.0
2026-08-05 10:33:00,PGY,,21.834999084472656,21.854999542236328,21.799999237060547,21.799999237060547,5726.0
2026-08-05 10:33:00,PHAT,,8.569999694824219,8.571999549865723,8.569999694824219,8.571999549865723,1033.0
2026-08-05 10:33:00,PHVS,,33.06999969482422,33.06999969482422,33.040000915527344,33.06999969482422,604.0
2026-08-05 10:33:00,PKOH,,41.685001373291016,41.685001373291016,41.685001373291016,41.685001373291016,833.0
2026-08-05 10:33:00,PLAB,,32.08000183105469,32.08000183105469,31.969999313354492,32.0099983215332,3669.0
2026-08-05 10:33:00,PLBY,,1.215000033378601,1.215000033378601,1.215000033378601,1.215000033378601,2918.0
2026-08-05 10:33:00,PLMR,,135.4138946533203,135.4138946533203,135.00999450683594,135.2100067138672,1574.0
2026-08-05 10:33:00,PLSE,,37.2599983215332,37.2599983215332,37.2599983215332,37.2599983215332,169.0
2026-08-05 10:33:00,PLTK,,4.025000095367432,4.03000020980835,4.025000095367432,4.03000020980835,8660.0
2026-08-05 10:33:00,PLUG,,2.115000009536743,2.119999885559082,2.109999895095825,2.119999885559082,20177.0
2026-08-05 10:33:00,PNFP,,107.86000061035156,107.86000061035156,107.86000061035156,107.86000061035156,164.0
2026-08-05 10:33:00,POET,,8.274999618530273,8.279999732971191,8.239999771118164,8.25,26905.0
2026-08-05 10:33:00,POLA,,1.774999976158142,1.774999976158142,1.774999976158142,1.774999976158142,187.0
2026-08-05 10:33:00,POOL,,204.75,204.75,204.75,204.75,1278.0
2026-08-05 10:33:00,POWI,,62.560001373291016,62.560001373291016,62.470001220703125,62.470001220703125,1716.0
2026-08-05 10:33:00,POWL,,208.5500030517578,208.5500030517578,208.25,208.5,1445.0
2026-08-05 10:33:00,PPC,,26.860000610351562,26.8799991607666,26.850000381469727,26.850000381469727,1508.0
2026-08-05 10:33:00,PPTA,,22.799999237060547,22.809999465942383,22.635000228881836,22.635000228881836,12077.0
2026-08-05 10:33:00,PRCH,,16.229999542236328,16.229999542236328,16.229999542236328,16.229999542236328,1861.0
2026-08-05 10:33:00,PRCT,,19.190000534057617,19.190000534057617,19.1299991607666,19.1299991607666,3577.0
2026-08-05 10:33:00,PRDO,,33.45500183105469,33.45500183105469,33.45500183105469,33.45500183105469,1637.0
2026-08-05 10:33:00,PRE,,18.770000457763672,18.815000534057617,18.770000457763672,18.815000534057617,308.0
2026-08-05 10:33:00,PRGS,,41.86000061035156,41.86000061035156,41.83150100708008,41.86000061035156,1165.0
2026-08-05 10:33:00,PRIM,,88.65499877929688,88.66999816894531,88.36000061035156,88.45999908447266,2765.0
2026-08-05 10:33:00,PRME,,2.984999895095825,2.984999895095825,2.9749999046325684,2.9749999046325684,5833.0
2026-08-05 10:33:00,PROF,,8.279999732971191,8.279999732971191,8.239999771118164,8.25,2222.0
2026-08-05 10:33:00,PROK,,1.6349999904632568,1.6349999904632568,1.6349999904632568,1.6349999904632568,131.0
2026-08-05 10:33:00,PRTA,,8.581999778747559,8.581999778747559,8.579999923706055,8.579999923706055,628.0
2026-08-05 10:33:00,PRTH,,6.625,6.625,6.625,6.625,808.0
2026-08-05 10:33:00,PRVA,,24.100000381469727,24.100000381469727,24.079999923706055,24.079999923706055,2978.0
2026-08-05 10:33:00,PRZO,,0.5526999831199646,0.5526999831199646,0.5526999831199646,0.5526999831199646,201.0
2026-08-05 10:33:00,PSEC,,2.2000999450683594,2.2100000381469727,2.200000047683716,2.2100000381469727,1554.0
2026-08-05 10:33:00,PSNL,,13.600000381469727,13.600000381469727,13.585000038146973,13.585000038146973,2384.0
2026-08-05 10:33:00,PTC,,142.60000610351562,142.7100067138672,142.60000610351562,142.7100067138672,1412.0
2026-08-05 10:33:00,PTCT,,69.86000061035156,69.86000061035156,69.62000274658203,69.62000274658203,7105.0
2026-08-05 10:33:00,PTEN,,9.835000038146973,9.84000015258789,9.829999923706055,9.84000015258789,12519.0
2026-08-05 10:33:00,PTON,,6.554999828338623,6.554999828338623,6.53000020980835,6.53000020980835,3901.0
2026-08-05 10:33:00,PUBM,,13.729999542236328,13.729999542236328,13.720000267028809,13.720000267028809,1909.0
2026-08-05 10:33:00,PWP,,17.40999984741211,17.40999984741211,17.40999984741211,17.40999984741211,471.0
2026-08-05 10:33:00,PYPL,,58.720001220703125,58.76499938964844,58.689998626708984,58.72999954223633,12759.0
2026-08-05 10:33:00,PYXS,,3.2850000858306885,3.2850000858306885,3.2799999713897705,3.2850000858306885,5165.0
2026-08-05 10:33:00,PZZA,,30.809999465942383,30.850000381469727,30.809999465942383,30.850000381469727,6499.0
2026-08-05 10:33:00,QCOM,,159.33990478515625,159.33990478515625,158.8000030517578,158.88999938964844,14495.0
2026-08-05 10:33:00,QCRH,,105.0199966430664,105.0199966430664,105.0199966430664,105.0199966430664,251.0
2026-08-05 10:33:00,QFIN,,13.4399995803833,13.4399995803833,13.4399995803833,13.4399995803833,667.0
2026-08-05 10:33:00,QRVO,,94.68000030517578,94.70999908447266,94.6500015258789,94.70999908447266,810.0
2026-08-05 10:33:00,SEED,,0.9677000045776367,0.9700000286102295,0.9677000045776367,0.9700000286102295,2772.0
2026-08-05 10:33:00,STIM,,2.2950000762939453,2.2950000762939453,2.2950000762939453,2.2950000762939453,316.0
2026-08-05 10:33:00,WOOF,,2.9549999237060547,2.9600000381469727,2.950000047683716,2.950000047683716,8138.0
2026-08-05 10:34:00,ACDC,,4.275000095367432,4.289999961853027,4.260000228881836,4.260000228881836,9895.0
2026-08-05 10:34:00,BPOP,,177.72999572753906,177.78500366210938,177.22000122070312,177.78500366210938,3777.0
2026-08-05 10:34:00,CASH,,89.90689849853516,89.90689849853516,89.90689849853516,89.90689849853516,468.0
2026-08-05 10:34:00,DTIL,,7.478600025177002,7.478600025177002,7.478600025177002,7.478600025177002,522.0
2026-08-05 10:34:00,EYE,,23.479999542236328,23.579999923706055,23.479999542236328,23.56999969482422,4885.0
2026-08-05 10:34:00,FIZZ,,31.79010009765625,31.79010009765625,31.79010009765625,31.79010009765625,584.0
2026-08-05 10:34:00,GLUE,,16.0,16.079999923706055,15.970000267028809,16.079999923706055,28000.0
2026-08-05 10:34:00,KIDS,,21.479999542236328,21.530000686645508,21.479999542236328,21.479999542236328,1233.0
2026-08-05 10:34:00,LUNG,,1.875,1.875,1.875,1.875,246.0
2026-08-05 10:34:00,MBRX,,0.4097999930381775,0.4099000096321106,0.4097999930381775,0.4099000096321106,943.0
2026-08-05 10:34:00,MCRI,,124.67289733886719,124.67289733886719,124.67289733886719,124.67289733886719,1085.0
2026-08-05 10:34:00,MDB,,379.3800048828125,379.57000732421875,379.1449890136719,379.57000732421875,2254.0
2026-08-05 10:34:00,MDLZ,,61.880001068115234,61.88999938964844,61.86000061035156,61.869998931884766,11088.0
2026-08-05 10:34:00,MLTX,,17.799999237060547,17.799999237060547,17.790000915527344,17.790000915527344,3567.0
2026-08-05 10:34:00,MNPR,,115.44999694824219,115.44999694824219,115.44999694824219,115.44999694824219,243.0
2026-08-05 10:34:00,MNRO,,13.210000038146973,13.239999771118164,13.170000076293945,13.229999542236328,4465.0
2026-08-05 10:34:00,MNST,,95.01000213623047,95.04000091552734,95.0,95.0199966430664,5685.0
2026-08-05 10:34:00,MNTS,,4.399600028991699,4.399600028991699,4.398200035095215,4.398200035095215,697.0
2026-08-05 10:34:00,MPWR,,1318.0,1326.2398681640625,1318.0,1324.7449951171875,7176.0
2026-08-05 10:34:00,MRNA,,58.2400016784668,58.52000045776367,58.18000030517578,58.4900016784668,27210.0
2026-08-05 10:34:00,MSGM,,4.454999923706055,4.454999923706055,4.454999923706055,4.454999923706055,113.0
2026-08-05 10:34:00,MYGN,,3.2049999237060547,3.2149999141693115,3.200000047683716,3.2149999141693115,8531.0
2026-08-05 10:34:00,MYRG,,340.1199951171875,340.1199951171875,340.1199951171875,340.1199951171875,296.0
2026-08-05 10:34:00,MYSZ,,0.39250001311302185,0.39250001311302185,0.39250001311302185,0.39250001311302185,1511.0
2026-08-05 10:34:00,NAMS,,26.899999618530273,26.90999984741211,26.899999618530273,26.90999984741211,1106.0
2026-08-05 10:34:00,NAVI,,9.100000381469727,9.104999542236328,9.100000381469727,9.104999542236328,1334.0
2026-08-05 10:34:00,NB,,5.045000076293945,5.069900035858154,5.045000076293945,5.065000057220459,9180.0
2026-08-05 10:34:00,NBIX,,164.46499633789062,164.46499633789062,164.46499633789062,164.46499633789062,635.0
2026-08-05 10:34:00,NBTB,,53.709999084472656,53.7400016784668,53.709999084472656,53.7400016784668,1795.0
2026-08-05 10:34:00,NCMI,,4.119999885559082,4.125,4.119999885559082,4.125,2790.0
2026-08-05 10:34:00,NDAQ,,95.18000030517578,95.25990295410156,95.16000366210938,95.25990295410156,4466.0
2026-08-05 10:34:00,NDSN,,310.69000244140625,310.69000244140625,310.69000244140625,310.69000244140625,81.0
2026-08-05 10:34:00,NECB,,27.28499984741211,27.28499984741211,27.28499984741211,27.28499984741211,587.0
2026-08-05 10:34:00,NEO,,16.229999542236328,16.229999542236328,16.219999313354492,16.219999313354492,4267.0
2026-08-05 10:34:00,NEOG,,11.704999923706055,11.71500015258789,11.690099716186523,11.694999694824219,6598.0
2026-08-05 10:34:00,NEOV,,2.9200000762939453,2.9200000762939453,2.9149999618530273,2.9200000762939453,2757.0
2026-08-05 10:34:00,NESR,,28.6200008392334,28.690000534057617,28.6200008392334,28.690000534057617,2789.0
2026-08-05 10:34:00,NEWT,,15.305000305175781,15.305000305175781,15.305000305175781,15.305000305175781,3260.0
2026-08-05 10:34:00,NEXT,,6.409999847412109,6.414999961853027,6.409999847412109,6.414999961853027,1355.0
2026-08-05 10:34:00,NFE,,0.33340001106262207,0.33469998836517334,0.33340001106262207,0.33469998836517334,3650.0
2026-08-05 10:34:00,NFLX,,74.2594985961914,74.30000305175781,74.22000122070312,74.22000122070312,99060.0
2026-08-05 10:34:00,NICE,,96.22000122070312,96.22000122070312,96.22000122070312,96.22000122070312,421.0
2026-08-05 10:34:00,NIU,,2.5250000953674316,2.5250000953674316,2.5250000953674316,2.5250000953674316,477.0
2026-08-05 10:34:00,NKSH,,40.955101013183594,40.955101013183594,40.955101013183594,40.955101013183594,216.0
2026-08-05 10:34:00,NKTR,,72.62999725341797,72.81500244140625,72.62999725341797,72.81500244140625,1696.0
2026-08-05 10:34:00,NKTX,,2.184999942779541,2.1888999938964844,2.184999942779541,2.1888999938964844,2210.0
2026-08-05 10:34:00,NMIH,,44.52000045776367,44.52000045776367,44.52000045776367,44.52000045776367,901.0
2026-08-05 10:34:00,NMRA,,1.6399999856948853,1.6549999713897705,1.6399999856948853,1.6549999713897705,4816.0
2026-08-05 10:34:00,NMRK,,15.75,15.76990032196045,15.75,15.760000228881836,3934.0
2026-08-05 10:34:00,NN,,14.300000190734863,14.329999923706055,14.300000190734863,14.319999694824219,3240.0
2026-08-05 10:34:00,NNBR,,3.8499999046325684,3.859999895095825,3.8399999141693115,3.850100040435791,10809.0
2026-08-05 10:34:00,NNDM,,1.5499999523162842,1.5549999475479126,1.5499999523162842,1.5499999523162842,818.0
2026-08-05 10:34:00,NNOX,,1.0199999809265137,1.0299999713897705,1.0199999809265137,1.0299999713897705,827.0
2026-08-05 10:34:00,NOVT,,159.0050048828125,159.4499969482422,159.0,159.39500427246094,2710.0
2026-08-05 10:34:00,NPCE,,13.62720012664795,13.62720012664795,13.62720012664795,13.62720012664795,447.0
2026-08-05 10:34:00,NRC,,19.709999084472656,19.840099334716797,19.709999084472656,19.840099334716797,915.0
2026-08-05 10:34:00,NRDS,,9.204999923706055,9.204999923706055,9.204999923706055,9.204999923706055,1035.0
2026-08-05 10:34:00,NRIM,,27.13990020751953,27.13990020751953,27.13990020751953,27.13990020751953,1127.0
2026-08-05 10:34:00,NRIX,,24.920499801635742,24.959999084472656,24.920499801635742,24.959999084472656,2554.0
2026-08-05 10:34:00,NRSN,,0.5600000023841858,0.5600000023841858,0.5548999905586243,0.5548999905586243,13111.0
2026-08-05 10:34:00,NSSC,,40.31999969482422,40.31999969482422,40.31999969482422,40.31999969482422,783.0
2026-08-05 10:34:00,NTAP,,191.69000244140625,191.69000244140625,191.69000244140625,191.69000244140625,656.0
2026-08-05 10:34:00,NTCT,,41.73500061035156,41.73500061035156,41.73500061035156,41.73500061035156,749.0
2026-08-05 10:34:00,NTES,,128.42999267578125,128.42999267578125,128.42999267578125,128.42999267578125,1177.0
2026-08-05 10:34:00,NTNX,,61.08000183105469,61.18000030517578,61.08000183105469,61.16999816894531,3311.0
2026-08-05 10:34:00,NTRA,,279.385009765625,279.5450134277344,279.1700134277344,279.25,2156.0
2026-08-05 10:34:00,NTRS,,185.1199951171875,185.1199951171875,185.08999633789062,185.1199951171875,1707.0
2026-08-05 10:34:00,NUWE,,1.7999999523162842,1.8200000524520874,1.7999999523162842,1.809999942779541,2613.0
2026-08-05 10:34:00,NVAX,,7.679999828338623,7.699999809265137,7.679999828338623,7.699999809265137,4263.0
2026-08-05 10:34:00,NVCR,,16.059999465942383,16.059999465942383,16.030000686645508,16.040000915527344,5300.0
2026-08-05 10:34:00,NVCT,,20.290000915527344,20.290000915527344,20.290000915527344,20.290000915527344,158.0
2026-08-05 10:34:00,NVDA,,220.33999633789062,220.5699005126953,220.1999969482422,220.3800048828125,322977.0
2026-08-05 10:34:00,NVEC,,127.7300033569336,128.24000549316406,127.31099700927734,127.31099700927734,1203.0
2026-08-05 10:34:00,NVMI,,406.7300109863281,406.7300109863281,406.7300109863281,406.7300109863281,285.0
2026-08-05 10:34:00,NVTS,,12.475000381469727,12.529999732971191,12.46030044555664,12.520000457763672,30139.0
2026-08-05 10:34:00,NVX,,0.40470001101493835,0.40470001101493835,0.40470001101493835,0.40470001101493835,1.0
2026-08-05 10:34:00,NWBI,,15.984999656677246,16.0,15.984999656677246,16.0,3758.0
2026-08-05 10:34:00,NWE,,69.02999877929688,69.02999877929688,69.02999877929688,69.02999877929688,425.0
2026-08-05 10:34:00,NWL,,6.085000038146973,6.089900016784668,6.074999809265137,6.079999923706055,14181.0
2026-08-05 10:34:00,NWS,,32.61000061035156,32.61000061035156,32.61000061035156,32.61000061035156,1880.0
2026-08-05 10:34:00,NWSA,,28.450000762939453,28.46500015258789,28.450000762939453,28.454999923706055,5188.0
2026-08-05 10:34:00,NXPI,,230.02740478515625,230.51499938964844,230.02740478515625,230.51499938964844,12582.0
2026-08-05 10:34:00,NXST,,193.3000030517578,193.3000030517578,193.3000030517578,193.3000030517578,794.0
2026-08-05 10:34:00,NXT,,97.76499938964844,98.04000091552734,97.76499938964844,98.04000091552734,2025.0
2026-08-05 10:34:00,NXTC,,5.545000076293945,5.545000076293945,5.545000076293945,5.545000076293945,1100.0
2026-08-05 10:34:00,OABI,,2.015000104904175,2.015000104904175,2.015000104904175,2.015000104904175,1069.0
2026-08-05 10:34:00,OBIO,,4.139999866485596,4.139999866485596,4.139999866485596,4.139999866485596,428.0
2026-08-05 10:34:00,OCCI,,2.461699962615967,2.461699962615967,2.461699962615967,2.461699962615967,1226.0
2026-08-05 10:34:00,OCFC,,19.844600677490234,19.860000610351562,19.844600677490234,19.860000610351562,2830.0
2026-08-05 10:34:00,OCGN,,1.3200000524520874,1.3200000524520874,1.315000057220459,1.3200000524520874,1763.0
2026-08-05 10:34:00,OCSL,,12.149999618530273,12.15999984741211,12.149999618530273,12.15999984741211,1571.0
2026-08-05 10:34:00,OCUL,,8.625,8.630000114440918,8.619999885559082,8.630000114440918,1104.0
2026-08-05 10:34:00,ODD,,15.225000381469727,15.225000381469727,15.225000381469727,15.225000381469727,408.0
2026-08-05 10:34:00,ODFL,,218.0399932861328,218.4149932861328,218.0399932861328,218.36000061035156,3706.0
2026-08-05 10:34:00,OESX,,16.405000686645508,16.700000762939453,16.405000686645508,16.63010025024414,8272.0
2026-08-05 10:34:00,OFIX,,10.760000228881836,10.760000228881836,10.760000228881836,10.760000228881836,929.0
2026-08-05 10:34:00,OKTA,,148.77999877929688,149.00999450683594,148.77999877929688,149.00999450683594,679.0
2026-08-05 10:34:00,OLLI,,78.94999694824219,79.09500122070312,78.94000244140625,78.99369812011719,5249.0
2026-08-05 10:34:00,OLMA,,11.65999984741211,11.696200370788574,11.65999984741211,11.6899995803833,2652.0
2026-08-05 10:34:00,OMCL,,37.349998474121094,37.36000061035156,37.27000045776367,37.27000045776367,1859.0
2026-08-05 10:34:00,OMER,,13.074999809265137,13.074999809265137,13.074999809265137,13.074999809265137,2127.0
2026-08-05 10:34:00,OMH,,0.11010000109672546,0.11010000109672546,0.11010000109672546,0.11010000109672546,795.0
2026-08-05 10:34:00,ON,,77.72000122070312,77.93000030517578,77.5999984741211,77.72000122070312,26952.0
2026-08-05 10:34:00,ONB,,27.149999618530273,27.170000076293945,27.149999618530273,27.170000076293945,5953.0
2026-08-05 10:34:00,ONBPP,,24.729900360107422,24.729999542236328,24.729900360107422,24.729999542236328,2509.0
2026-08-05 10:34:00,ONCY,,0.7925999760627747,0.7925999760627747,0.7925999760627747,0.7925999760627747,100.0
2026-08-05 10:34:00,ONDS,,8.960100173950195,8.984999656677246,8.943099975585938,8.975000381469727,110644.0
2026-08-05 10:34:00,ONFO,,0.07289999723434448,0.0729999989271164,0.0723000019788742,0.07249999791383743,292018.0
2026-08-05 10:34:00,OPCH,,23.59000015258789,23.59000015258789,23.579999923706055,23.58099937438965,4464.0
2026-08-05 10:34:00,OPEN,,3.9049999713897705,3.9149999618530273,3.9000000953674316,3.9100000858306885,163211.0
2026-08-05 10:34:00,OPHC,,8.59000015258789,8.59000015258789,8.59000015258789,8.59000015258789,251.0
2026-08-05 10:34:00,OPI,,18.920000076293945,18.950000762939453,18.799999237060547,18.850000381469727,9156.0
2026-08-05 10:34:00,OPK,,1.3250000476837158,1.3250000476837158,1.320099949836731,1.3250000476837158,4790.0
2026-08-05 10:34:00,OPRA,,20.334999084472656,20.334999084472656,20.278400421142578,20.278400421142578,1842.0
2026-08-05 10:34:00,OPRT,,6.190000057220459,6.230100154876709,6.190000057220459,6.230000019073486,18202.0
2026-08-05 10:34:00,OPRX,,6.795000076293945,6.795000076293945,6.795000076293945,6.795000076293945,58.0
2026-08-05 10:34:00,OPXS,,11.890000343322754,11.890000343322754,11.890000343322754,11.890000343322754,253.0
2026-08-05 10:34:00,ORGO,,2.384999990463257,2.389899969100952,2.384999990463257,2.389899969100952,388.0
2026-08-05 10:34:00,ORIC,,13.414999961853027,13.46500015258789,13.414999961853027,13.46500015258789,3464.0
2026-08-05 10:34:00,ORLY,,93.91999816894531,93.94999694824219,93.91999816894531,93.93000030517578,2551.0
2026-08-05 10:34:00,ORMP,,4.465000152587891,4.465000152587891,4.465000152587891,4.465000152587891,362.0
2026-08-05 10:34:00,OSBC,,25.8799991607666,25.90999984741211,25.8799991607666,25.90999984741211,1524.0
2026-08-05 10:34:00,OSPN,,16.719999313354492,16.753000259399414,16.719999313354492,16.753000259399414,2840.0
2026-08-05 10:34:00,OSS,,14.125399589538574,14.140000343322754,14.079099655151367,14.079099655151367,4104.0
2026-08-05 10:34:00,OSUR,,4.179999828338623,4.179999828338623,4.179999828338623,4.179999828338623,669.0
2026-08-05 10:34:00,OTEX,,26.059999465942383,26.059999465942383,26.05500030517578,26.05500030517578,725.0
2026-08-05 10:34:00,OTLK,,1.034999966621399,1.0399999618530273,1.034999966621399,1.034999966621399,7059.0
2026-08-05 10:34:00,OTTR,,92.11499786376953,92.72000122070312,92.11499786376953,92.72000122070312,1115.0
2026-08-05 10:34:00,OVID,,2.630000114440918,2.634999990463257,2.630000114440918,2.634999990463257,6477.0
2026-08-05 10:34:00,OXSQ,,1.4800000190734863,1.4850000143051147,1.4800000190734863,1.4850000143051147,1395.0
2026-08-05 10:34:00,PAA,,23.200000762939453,23.21500015258789,23.200000762939453,23.204999923706055,9391.0
2026-08-05 10:34:00,PAAS,,48.31919860839844,48.3650016784668,48.220001220703125,48.3650016784668,72394.0
2026-08-05 10:34:00,PACB,,1.4500000476837158,1.4508999586105347,1.4450000524520874,1.4500000476837158,46304.0
2026-08-05 10:34:00,PAGP,,25.1200008392334,25.1200008392334,25.1200008392334,25.1200008392334,1137.0
2026-08-05 10:34:00,PAHC,,37.04499816894531,37.04499816894531,37.040000915527344,37.040000915527344,440.0
2026-08-05 10:34:00,PALI,,2.0850000381469727,2.0850000381469727,2.0850000381469727,2.0850000381469727,1784.0
2026-08-05 10:34:00,PANL,,7.335000038146973,7.355000019073486,7.335000038146973,7.355000019073486,743.0
2026-08-05 10:34:00,PANW,,368.0400085449219,368.760009765625,367.8999938964844,368.760009765625,12347.0
2026-08-05 10:34:00,PATK,,88.62000274658203,88.62000274658203,88.5199966430664,88.5199966430664,1388.0
2026-08-05 10:34:00,PAX,,11.414999961853027,11.414999961853027,11.414999961853027,11.414999961853027,2377.0
2026-08-05 10:34:00,PAYO,,7.130000114440918,7.130000114440918,7.125,7.125,1415.0
2026-08-05 10:34:00,PAYS,,9.385000228881836,9.399900436401367,9.350000381469727,9.350000381469727,6843.0
2026-08-05 10:34:00,PAYX,,118.1500015258789,118.22000122070312,118.1500015258789,118.21499633789062,4396.0
2026-08-05 10:34:00,PBFS,,17.110000610351562,17.110000610351562,17.110000610351562,17.110000610351562,418.0
2026-08-05 10:34:00,PBYI,,8.010000228881836,8.020000457763672,8.010000228881836,8.020000457763672,1886.0
2026-08-05 10:34:00,PCAR,,133.80499267578125,134.0749969482422,133.78500366210938,134.0399932861328,12488.0
2026-08-05 10:34:00,PCRX,,25.68000030517578,25.68000030517578,25.68000030517578,25.68000030517578,738.0
2026-08-05 10:34:00,PCT,,6.949999809265137,6.96999979019165,6.945000171661377,6.960000038146973,3936.0
2026-08-05 10:34:00,PCTY,,149.10000610351562,149.10000610351562,147.8592987060547,149.0500030517578,2479.0
2026-08-05 10:34:00,PCYO,,10.595000267028809,10.595000267028809,10.524999618530273,10.524999618530273,2857.0
2026-08-05 10:34:00,PDD,,92.01000213623047,92.02999877929688,91.98500061035156,92.0,22889.0
2026-08-05 10:34:00,PDFS,,50.39500045776367,50.39500045776367,50.39500045776367,50.39500045776367,354.0
2026-08-05 10:34:00,PECO,,41.4900016784668,41.52000045776367,41.4900016784668,41.52000045776367,1512.0
2026-08-05 10:34:00,PEGA,,31.780000686645508,31.809999465942383,31.780000686645508,31.809999465942383,1201.0
2026-08-05 10:34:00,PENN,,19.950000762939453,19.959999084472656,19.933799743652344,19.950000762939453,3673.0
2026-08-05 10:34:00,PEP,,138.8000030517578,138.8300018310547,138.7100067138672,138.7100067138672,9546.0
2026-08-05 10:34:00,PEPG,,1.909999966621399,1.909999966621399,1.9049999713897705,1.9049999713897705,5418.0
2026-08-05 10:34:00,PESI,,17.825000762939453,17.825000762939453,17.815000534057617,17.815000534057617,429.0
2026-08-05 10:34:00,PFBC,,107.55000305175781,107.55000305175781,107.55000305175781,107.55000305175781,1560.0
2026-08-05 10:34:00,PFG,,115.36000061035156,115.36000061035156,115.36000061035156,115.36000061035156,970.0
2026-08-05 10:34:00,PGC,,46.790000915527344,46.790000915527344,46.790000915527344,46.790000915527344,294.0
2026-08-05 10:34:00,PGEN,,6.789999961853027,6.809999942779541,6.764999866485596,6.809999942779541,106077.0
2026-08-05 10:34:00,PGNY,,31.68000030517578,31.68000030517578,31.68000030517578,31.68000030517578,2164.0
2026-08-05 10:34:00,PGY,,21.780000686645508,21.8799991607666,21.780000686645508,21.8799991607666,10514.0
2026-08-05 10:34:00,PHAT,,8.555000305175781,8.5600004196167,8.555000305175781,8.5600004196167,1553.0
2026-08-05 10:34:00,PHVS,,33.06999969482422,33.06999969482422,33.06999969482422,33.06999969482422,160.0
2026-08-05 10:34:00,PLAB,,32.040000915527344,32.084999084472656,32.040000915527344,32.084999084472656,2132.0
2026-08-05 10:34:00,PLBC,,61.0,61.119998931884766,61.0,61.119998931884766,283.0
2026-08-05 10:34:00,PLBY,,1.2200000286102295,1.2200000286102295,1.215000033378601,1.215000033378601,27138.0
2026-08-05 10:34:00,PLTK,,4.0289998054504395,4.0289998054504395,4.0289998054504395,4.0289998054504395,388.0
2026-08-05 10:34:00,PLUG,,2.1184000968933105,2.119999885559082,2.109999895095825,2.119999885559082,10985.0
2026-08-05 10:34:00,PLXS,,273.43548583984375,273.43548583984375,272.6700134277344,272.6700134277344,418.0
2026-08-05 10:34:00,PNBK,,1.125,1.1299999952316284,1.125,1.1299999952316284,3456.0
2026-08-05 10:34:00,PNFP,,107.86000061035156,107.87999725341797,107.8550033569336,107.86000061035156,2588.0
2026-08-05 10:34:00,POET,,8.25,8.274999618530273,8.244999885559082,8.274999618530273,14081.0
2026-08-05 10:34:00,POOL,,204.57000732421875,204.77000427246094,204.5399932861328,204.77000427246094,1230.0
2026-08-05 10:34:00,PPC,,26.860000610351562,26.889999389648438,26.829999923706055,26.860000610351562,950.0
2026-08-05 10:34:00,PPIH,,25.59000015258789,25.59000015258789,25.59000015258789,25.59000015258789,440.0
2026-08-05 10:34:00,PPTA,,22.69499969482422,22.860000610351562,22.690000534057617,22.829999923706055,14580.0
2026-08-05 10:34:00,PRAX,,315.4599914550781,315.4649963378906,314.3800048828125,314.3800048828125,305.0
2026-08-05 10:34:00,PRCH,,16.219999313354492,16.219999313354492,16.197200775146484,16.197200775146484,4296.0
2026-08-05 10:34:00,PRCT,,19.11050033569336,19.299999237060547,19.11050033569336,19.274999618530273,7285.0
2026-08-05 10:34:00,PRDO,,33.439998626708984,33.439998626708984,33.439998626708984,33.439998626708984,987.0
2026-08-05 10:34:00,PRIM,,88.44999694824219,88.44999694824219,88.05000305175781,88.36000061035156,7862.0
2026-08-05 10:34:00,PRLD,,4.550000190734863,4.559999942779541,4.550000190734863,4.559999942779541,550.0
2026-08-05 10:34:00,PRME,,2.9749999046325684,2.9800000190734863,2.9749999046325684,2.9800000190734863,6808.0
2026-08-05 10:34:00,PROK,,1.6301000118255615,1.6301000118255615,1.6301000118255615,1.6301000118255615,440.0
2026-08-05 10:34:00,PRQR,,1.9049999713897705,1.9149999618530273,1.9049999713897705,1.9149999618530273,24151.0
2026-08-05 10:34:00,PRTA,,8.59000015258789,8.59749984741211,8.579999923706055,8.582099914550781,696.0
2026-08-05 10:34:00,PRZO,,0.550000011920929,0.550000011920929,0.5497999787330627,0.550000011920929,667.0
2026-08-05 10:34:00,PSEC,,2.2049999237060547,2.2049999237060547,2.2049999237060547,2.2049999237060547,1992.0
2026-08-05 10:34:00,PSMT,,193.38250732421875,193.38250732421875,193.38250732421875,193.38250732421875,146.0
2026-08-05 10:34:00,PSNL,,13.579999923706055,13.600000381469727,13.579999923706055,13.600000381469727,8050.0
2026-08-05 10:34:00,PTC,,142.53500366210938,142.53500366210938,142.53500366210938,142.53500366210938,387.0
2026-08-05 10:34:00,PTCT,,69.70999908447266,69.70999908447266,69.68499755859375,69.70999908447266,1639.0
2026-08-05 10:34:00,PTEN,,9.819999694824219,9.835000038146973,9.8149995803833,9.835000038146973,26766.0
2026-08-05 10:34:00,PTLO,,4.625,4.639999866485596,4.625,4.635000228881836,6594.0
2026-08-05 10:34:00,PTON,,6.565000057220459,6.565000057220459,6.550099849700928,6.550099849700928,10180.0
2026-08-05 10:34:00,PUBM,,13.71500015258789,13.722000122070312,13.71500015258789,13.722000122070312,2168.0
2026-08-05 10:34:00,PWP,,17.3799991607666,17.40999984741211,17.337400436401367,17.40999984741211,2856.0
2026-08-05 10:34:00,PYPD,,4.480000019073486,4.480000019073486,4.480000019073486,4.480000019073486,100.0
2026-08-05 10:34:00,PYPL,,58.65999984741211,58.720001220703125,58.654998779296875,58.720001220703125,9774.0
2026-08-05 10:34:00,PYXS,,3.2850000858306885,3.2850000858306885,3.2850000858306885,3.2850000858306885,116.0
2026-08-05 10:34:00,PZZA,,30.740100860595703,30.770000457763672,30.740100860595703,30.770000457763672,1310.0
2026-08-05 10:34:00,QCOM,,159.02999877929688,159.3699951171875,158.9600067138672,159.33999633789062,17193.0
2026-08-05 10:34:00,QFIN,,13.444999694824219,13.449999809265137,13.4399995803833,13.449999809265137,2987.0
2026-08-05 10:34:00,QRVO,,94.6500015258789,94.66999816894531,94.58000183105469,94.58000183105469,1562.0
2026-08-05 10:34:00,SEED,,0.9650999903678894,0.9650999903678894,0.9602000117301941,0.9602000117301941,412.0
2026-08-05 10:34:00,STIM,,2.3008999824523926,2.3008999824523926,2.2950000762939453,2.2988998889923096,2720.0
2026-08-05 10:34:00,TARA,,4.039999961853027,4.045000076293945,4.03000020980835,4.039999961853027,4291.0
2026-08-05 10:34:00,WOOF,,2.9600000381469727,2.9600000381469727,2.9600000381469727,2.9600000381469727,2620.0
2026-08-05 10:35:00,ACDC,,4.269999980926514,4.275000095367432,4.269999980926514,4.275000095367432,2196.0
2026-08-05 10:35:00,BPOP,,177.2100067138672,177.4600067138672,177.2100067138672,177.4600067138672,519.0
2026-08-05 10:35:00,CASH,,89.55000305175781,89.55000305175781,89.55000305175781,89.55000305175781,112.0
2026-08-05 10:35:00,EYE,,23.5,23.510000228881836,23.5,23.5,2519.0
2026-08-05 10:35:00,FIZZ,,31.899999618530273,31.899999618530273,31.899999618530273,31.899999618530273,148.0
2026-08-05 10:35:00,GLUE,,15.970000267028809,16.014999389648438,15.970000267028809,16.014999389648438,1400.0
2026-08-05 10:35:00,KIDS,,21.459999084472656,21.5,21.3799991607666,21.5,2184.0
2026-08-05 10:35:00,KITT,,1.090000033378601,1.090000033378601,1.090000033378601,1.090000033378601,780.0
2026-08-05 10:35:00,MBRX,,0.4097999930381775,0.4097999930381775,0.4097999930381775,0.4097999930381775,181.0
2026-08-05 10:35:00,MDB,,379.06500244140625,379.3599853515625,378.3599853515625,378.94000244140625,5728.0
2026-08-05 10:35:00,MDLZ,,61.869998931884766,61.90999984741211,61.869998931884766,61.88999938964844,10661.0
2026-08-05 10:35:00,MNPR,,115.44999694824219,115.44999694824219,115.44999694824219,115.44999694824219,1013.0
2026-08-05 10:35:00,MNRO,,13.119999885559082,13.140000343322754,13.119999885559082,13.140000343322754,521.0
2026-08-05 10:35:00,MNST,,94.98999786376953,94.98999786376953,94.95500183105469,94.9800033569336,5345.0
2026-08-05 10:35:00,MNTS,,4.380000114440918,4.385000228881836,4.380000114440918,4.385000228881836,5234.0
2026-08-05 10:35:00,MOVE,,12.0600004196167,12.0600004196167,12.0600004196167,12.0600004196167,257.0
2026-08-05 10:35:00,MPAA,,13.728300094604492,13.728300094604492,13.728300094604492,13.728300094604492,404.0
2026-08-05 10:35:00,MPWR,,1323.68994140625,1323.68994140625,1319.7449951171875,1319.7449951171875,1133.0
2026-08-05 10:35:00,MRNA,,58.34000015258789,58.369998931884766,58.15959930419922,58.21500015258789,6521.0
2026-08-05 10:35:00,MYGN,,3.2149999141693115,3.2149999141693115,3.2049999237060547,3.2049999237060547,5823.0
2026-08-05 10:35:00,MYRG,,338.5350036621094,338.7099914550781,337.64691162109375,338.7099914550781,1443.0
2026-08-05 10:35:00,NAMS,,26.760000228881836,26.850000381469727,26.760000228881836,26.850000381469727,774.0
2026-08-05 10:35:00,NATR,,20.190000534057617,20.190000534057617,20.190000534057617,20.190000534057617,300.0
2026-08-05 10:35:00,NB,,5.060200214385986,5.079999923706055,5.050000190734863,5.050000190734863,18378.0
2026-08-05 10:35:00,NBIX,,164.4167938232422,164.4167938232422,164.4167938232422,164.4167938232422,622.0
2026-08-05 10:35:00,NBTB,,53.650001525878906,53.68000030517578,53.650001525878906,53.68000030517578,1108.0
2026-08-05 10:35:00,NCMI,,4.119999885559082,4.119999885559082,4.1149001121521,4.1149001121521,2941.0
2026-08-05 10:35:00,NCRA,,1.774999976158142,1.774999976158142,1.774999976158142,1.774999976158142,708.0
2026-08-05 10:35:00,NDAQ,,95.1050033569336,95.17500305175781,95.1050033569336,95.17500305175781,4429.0
2026-08-05 10:35:00,NDSN,,310.7705993652344,311.125,310.69000244140625,311.125,513.0
2026-08-05 10:35:00,NEO,,16.25,16.25,16.239999771118164,16.239999771118164,2304.0
2026-08-05 10:35:00,NEOG,,11.704999923706055,11.706000328063965,11.704999923706055,11.706000328063965,760.0
2026-08-05 10:35:00,NEOV,,2.890000104904175,2.9100000858306885,2.883500099182129,2.9100000858306885,2807.0
2026-08-05 10:35:00,NEXT,,6.414999961853027,6.414999961853027,6.40500020980835,6.409999847412109,2915.0
2026-08-05 10:35:00,NFE,,0.33340001106262207,0.33340001106262207,0.33340001106262207,0.33340001106262207,722.0
2026-08-05 10:35:00,NFLX,,74.26000213623047,74.29000091552734,74.21050262451172,74.25,65227.0
2026-08-05 10:35:00,NICE,,96.14800262451172,96.16000366210938,96.14800262451172,96.16000366210938,1029.0
2026-08-05 10:35:00,NIU,,2.5250000953674316,2.5250000953674316,2.5250000953674316,2.5250000953674316,200.0
2026-08-05 10:35:00,NMFC,,7.355000019073486,7.375,7.355000019073486,7.375,1869.0
2026-08-05 10:35:00,NMIH,,44.470001220703125,44.470001220703125,44.459999084472656,44.470001220703125,711.0
2026-08-05 10:35:00,NMRA,,1.6449999809265137,1.6449999809265137,1.6449999809265137,1.6449999809265137,405.0
2026-08-05 10:35:00,NN,,14.319999694824219,14.324999809265137,14.305000305175781,14.3100004196167,5694.0
2026-08-05 10:35:00,NNBR,,3.8450000286102295,3.869999885559082,3.8450000286102295,3.859999895095825,4514.0
2026-08-05 10:35:00,NNDM,,1.5549999475479126,1.5549999475479126,1.5499999523162842,1.5499999523162842,1579.0
2026-08-05 10:35:00,NOVT,,159.10499572753906,159.10499572753906,159.10499572753906,159.10499572753906,280.0
2026-08-05 10:35:00,NRC,,19.709999084472656,19.709999084472656,19.709999084472656,19.709999084472656,372.0
2026-08-05 10:35:00,NRDS,,9.1899995803833,9.1899995803833,9.1899995803833,9.1899995803833,794.0
2026-08-05 10:35:00,NTAP,,192.1199951171875,192.1199951171875,191.44000244140625,191.6649932861328,9945.0
2026-08-05 10:35:00,NTCT,,41.720001220703125,41.720001220703125,41.720001220703125,41.720001220703125,475.0
2026-08-05 10:35:00,NTNX,,61.07500076293945,61.07500076293945,60.93040084838867,61.060001373291016,5938.0
2026-08-05 10:35:00,NTRA,,279.42999267578125,279.42999267578125,279.2900085449219,279.2900085449219,1338.0
2026-08-05 10:35:00,NTRS,,185.0399932861328,185.07000732421875,185.0399932861328,185.07000732421875,1239.0
2026-08-05 10:35:00,NUWE,,1.7949999570846558,1.7949999570846558,1.7899999618530273,1.7899999618530273,1500.0
2026-08-05 10:35:00,NVAX,,7.679999828338623,7.689899921417236,7.675000190734863,7.679999828338623,3802.0
2026-08-05 10:35:00,NVCR,,16.065000534057617,16.065000534057617,16.050100326538086,16.065000534057617,1333.0
2026-08-05 10:35:00,NVCT,,20.184999465942383,20.184999465942383,20.184999465942383,20.184999465942383,167.0
2026-08-05 10:35:00,NVDA,,220.3249969482422,220.6894073486328,220.26010131835938,220.3800048828125,350028.0
2026-08-05 10:35:00,NVEC,,127.59200286865234,127.59200286865234,127.59200286865234,127.59200286865234,277.0
2026-08-05 10:35:00,NVMI,,407.9599914550781,407.9599914550781,407.75,407.75,644.0
2026-08-05 10:35:00,NVTS,,12.520000457763672,12.539999961853027,12.475000381469727,12.479999542236328,12051.0
2026-08-05 10:35:00,NWBI,,15.984999656677246,15.984999656677246,15.984999656677246,15.984999656677246,595.0
2026-08-05 10:35:00,NWE,,68.9801025390625,69.0250015258789,68.9801025390625,69.0250015258789,709.0
2026-08-05 10:35:00,NWL,,6.079999923706055,6.090000152587891,6.074999809265137,6.079999923706055,20095.0
2026-08-05 10:35:00,NWPX,,127.38999938964844,127.38999938964844,127.36000061035156,127.36000061035156,929.0
2026-08-05 10:35:00,NWS,,32.529998779296875,32.59000015258789,32.529998779296875,32.59000015258789,2340.0
2026-08-05 10:35:00,NWSA,,28.399999618530273,28.440000534057617,28.399999618530273,28.440000534057617,5209.0
2026-08-05 10:35:00,NXL,,0.3781999945640564,0.3781999945640564,0.3781999945640564,0.3781999945640564,2001.0
2026-08-05 10:35:00,NXPI,,231.07000732421875,231.4600067138672,230.34500122070312,230.34500122070312,17983.0
2026-08-05 10:35:00,NXT,,97.94000244140625,97.94000244140625,97.7699966430664,97.77999877929688,2289.0
2026-08-05 10:35:00,NYXH,,1.4199999570846558,1.4199999570846558,1.4199999570846558,1.4199999570846558,186.0
2026-08-05 10:35:00,OABI,,2.009999990463257,2.009999990463257,2.009999990463257,2.009999990463257,938.0
2026-08-05 10:35:00,OCFC,,19.834999084472656,19.834999084472656,19.834999084472656,19.834999084472656,466.0
2026-08-05 10:35:00,OCGN,,1.3200000524520874,1.3200000524520874,1.315000057220459,1.315000057220459,2015.0
2026-08-05 10:35:00,OCSL,,12.149999618530273,12.149999618530273,12.140000343322754,12.140000343322754,1426.0
2026-08-05 10:35:00,OCUL,,8.619999885559082,8.635000228881836,8.619999885559082,8.625,5094.0
2026-08-05 10:35:00,ODD,,15.239999771118164,15.239999771118164,15.225000381469727,15.225000381469727,1342.0
2026-08-05 10:35:00,ODFL,,217.73500061035156,217.9600067138672,217.73500061035156,217.9600067138672,2184.0
2026-08-05 10:35:00,OESX,,16.765300750732422,16.765300750732422,16.5,16.577999114990234,5091.0
2026-08-05 10:35:00,OFIX,,10.930000305175781,10.930000305175781,10.779999732971191,10.779999732971191,2958.0
2026-08-05 10:35:00,OGI,,0.9671000242233276,0.9671000242233276,0.9671000242233276,0.9671000242233276,112.0
2026-08-05 10:35:00,OKTA,,148.68499755859375,148.85069274902344,148.68499755859375,148.79299926757812,1592.0
2026-08-05 10:35:00,OLLI,,78.7699966430664,78.7699966430664,78.7699966430664,78.7699966430664,377.0
2026-08-05 10:35:00,OLMA,,11.6628999710083,11.670000076293945,11.65999984741211,11.65999984741211,1582.0
2026-08-05 10:35:00,OMCL,,37.41999816894531,37.43000030517578,37.41999816894531,37.43000030517578,447.0
2026-08-05 10:35:00,OMER,,13.074999809265137,13.074999809265137,13.074999809265137,13.074999809265137,308.0
2026-08-05 10:35:00,OMEX,,0.7526000142097473,0.7526000142097473,0.7490000128746033,0.7490000128746033,1500.0
2026-08-05 10:35:00,OMH,,0.10999999940395355,0.11010000109672546,0.10999999940395355,0.11010000109672546,21833.0
2026-08-05 10:35:00,ON,,77.83000183105469,77.91999816894531,77.66000366210938,77.69999694824219,30190.0
2026-08-05 10:35:00,ONB,,27.125,27.1299991607666,27.1200008392334,27.1299991607666,1853.0
2026-08-05 10:35:00,ONDS,,8.975000381469727,9.0,8.960100173950195,8.96500015258789,138921.0
2026-08-05 10:35:00,ONFO,,0.07280000299215317,0.07289999723434448,0.07270000129938126,0.07289999723434448,104074.0
2026-08-05 10:35:00,OPAL,,2.3350000381469727,2.3350000381469727,2.3299999237060547,2.3299999237060547,2325.0
2026-08-05 10:35:00,OPCH,,23.559999465942383,23.579999923706055,23.549999237060547,23.579999923706055,3329.0
2026-08-05 10:35:00,OPEN,,3.9149999618530273,3.924999952316284,3.900099992752075,3.9100000858306885,129291.0
2026-08-05 10:35:00,OPI,,18.870500564575195,18.8799991607666,18.870500564575195,18.8799991607666,200.0
2026-08-05 10:35:00,OPRT,,6.210000038146973,6.210000038146973,6.179999828338623,6.195000171661377,1440.0
2026-08-05 10:35:00,OPRX,,6.809999942779541,6.824999809265137,6.800000190734863,6.800000190734863,1653.0
2026-08-05 10:35:00,ORIC,,13.40999984741211,13.40999984741211,13.40999984741211,13.40999984741211,431.0
2026-08-05 10:35:00,ORLY,,93.9000015258789,93.93000030517578,93.84449768066406,93.93000030517578,11850.0
2026-08-05 10:35:00,ORMP,,4.455999851226807,4.455999851226807,4.455999851226807,4.455999851226807,375.0
2026-08-05 10:35:00,ORRF,,43.43000030517578,43.43000030517578,43.43000030517578,43.43000030517578,850.0
2026-08-05 10:35:00,OSBC,,25.8700008392334,25.8700008392334,25.864999771118164,25.8700008392334,970.0
2026-08-05 10:35:00,OSIS,,234.38999938964844,234.42999267578125,234.3699951171875,234.3699951171875,596.0
2026-08-05 10:35:00,OSPN,,16.690000534057617,16.69499969482422,16.6299991607666,16.69499969482422,6671.0
2026-08-05 10:35:00,OSS,,14.289999961853027,14.329999923706055,14.130000114440918,14.130000114440918,13940.0
2026-08-05 10:35:00,OSUR,,4.175000190734863,4.175000190734863,4.175000190734863,4.175000190734863,1536.0
2026-08-05 10:35:00,OSW,,26.559999465942383,26.56999969482422,26.559999465942383,26.56999969482422,1095.0
2026-08-05 10:35:00,OTEX,,26.0049991607666,26.049999237060547,26.0,26.049999237060547,6198.0
2026-08-05 10:35:00,OTLK,,1.0399999618530273,1.0399999618530273,1.034999966621399,1.0397000312805176,1803.0
2026-08-05 10:35:00,OTLY,,14.354999542236328,14.354999542236328,14.354999542236328,14.354999542236328,884.0
2026-08-05 10:35:00,OVID,,2.6387999057769775,2.6387999057769775,2.638000011444092,2.638000011444092,451.0
2026-08-05 10:35:00,OXLC,,9.056900024414062,9.0600004196167,9.055000305175781,9.0600004196167,1349.0
2026-08-05 10:35:00,OXSQ,,1.4872000217437744,1.4872000217437744,1.4800000190734863,1.4872000217437744,1320.0
2026-08-05 10:35:00,PAA,,23.221200942993164,23.221200942993164,23.19499969482422,23.19499969482422,4190.0
2026-08-05 10:35:00,PAAS,,48.3849983215332,48.47999954223633,48.310001373291016,48.334999084472656,35785.0
2026-08-05 10:35:00,PACB,,1.4500000476837158,1.4500000476837158,1.4450000524520874,1.4500000476837158,10864.0
2026-08-05 10:35:00,PAGP,,25.1299991607666,25.1299991607666,25.1200008392334,25.1200008392334,1006.0
2026-08-05 10:35:00,PAHC,,37.04499816894531,37.04499816894531,37.04499816894531,37.04499816894531,608.0
2026-08-05 10:35:00,PALI,,2.0899999141693115,2.0899999141693115,2.0850000381469727,2.0850000381469727,1152.0
2026-08-05 10:35:00,PANW,,368.1300048828125,368.6499938964844,367.4599914550781,368.0400085449219,9696.0
2026-08-05 10:35:00,PAX,,11.39579963684082,11.399999618530273,11.39579963684082,11.399999618530273,2700.0
2026-08-05 10:35:00,PAYO,,7.119999885559082,7.130000114440918,7.119999885559082,7.130000114440918,1829.0
2026-08-05 10:35:00,PAYS,,9.385000228881836,9.385000228881836,9.385000228881836,9.385000228881836,1076.0
2026-08-05 10:35:00,PAYX,,118.05999755859375,118.05999755859375,118.05999755859375,118.05999755859375,613.0
2026-08-05 10:35:00,PCAR,,133.83999633789062,133.88999938964844,133.7100067138672,133.77999877929688,7226.0
2026-08-05 10:35:00,PCRX,,25.584999084472656,25.709999084472656,25.584999084472656,25.684999465942383,7826.0
2026-08-05 10:35:00,PCT,,6.960000038146973,6.96999979019165,6.949999809265137,6.949999809265137,16130.0
2026-08-05 10:35:00,PCTY,,149.07000732421875,149.07000732421875,148.5500030517578,148.5500030517578,1242.0
2026-08-05 10:35:00,PDD,,91.98999786376953,92.03500366210938,91.95999908447266,92.0,37776.0
2026-08-05 10:35:00,PEBO,,41.79999923706055,41.79999923706055,41.79999923706055,41.79999923706055,1085.0
2026-08-05 10:35:00,PECO,,41.5,41.5,41.47999954223633,41.5,4463.0
2026-08-05 10:35:00,PEGA,,31.649999618530273,31.780000686645508,31.649999618530273,31.780000686645508,4535.0
2026-08-05 10:35:00,PENN,,19.969999313354492,19.969999313354492,19.969999313354492,19.969999313354492,1760.0
2026-08-05 10:35:00,PEP,,138.6999969482422,138.81500244140625,138.6999969482422,138.81500244140625,12284.0
2026-08-05 10:35:00,PEPG,,1.909999966621399,1.909999966621399,1.899999976158142,1.899999976158142,900.0
2026-08-05 10:35:00,PERI,,9.640000343322754,9.640000343322754,9.640000343322754,9.640000343322754,366.0
2026-08-05 10:35:00,PESI,,17.825000762939453,17.825000762939453,17.825000762939453,17.825000762939453,811.0
2026-08-05 10:35:00,PFG,,115.30500030517578,115.30500030517578,115.30500030517578,115.30500030517578,544.0
2026-08-05 10:35:00,PGC,,46.939998626708984,46.95000076293945,46.75,46.75,986.0
2026-08-05 10:35:00,PGEN,,6.845699787139893,6.86899995803833,6.78000020980835,6.795000076293945,72678.0
2026-08-05 10:35:00,PGNY,,31.655000686645508,31.68000030517578,31.639999389648438,31.68000030517578,2952.0
2026-08-05 10:35:00,PGY,,21.815000534057617,21.81999969482422,21.770000457763672,21.770000457763672,2616.0
2026-08-05 10:35:00,PHAT,,8.5600004196167,8.5600004196167,8.555000305175781,8.555000305175781,1940.0
2026-08-05 10:35:00,PHIO,,1.065000057220459,1.0700000524520874,1.065000057220459,1.0700000524520874,617.0
2026-08-05 10:35:00,PHVS,,33.09000015258789,33.11000061035156,33.09000015258789,33.11000061035156,644.0
2026-08-05 10:35:00,PKOH,,41.415000915527344,41.77519989013672,41.415000915527344,41.77519989013672,1110.0
2026-08-05 10:35:00,PLAB,,32.130001068115234,32.130001068115234,32.09000015258789,32.099998474121094,1413.0
2026-08-05 10:35:00,PLBY,,1.215000033378601,1.215000033378601,1.215000033378601,1.215000033378601,5357.0
2026-08-05 10:35:00,PLMR,,134.32000732421875,134.32000732421875,134.32000732421875,134.32000732421875,510.0
2026-08-05 10:35:00,PLPC,,465.0,465.0,465.0,465.0,167.0
2026-08-05 10:35:00,PLTK,,4.025000095367432,4.025000095367432,4.025000095367432,4.025000095367432,869.0
2026-08-05 10:35:00,PLUG,,2.115000009536743,2.119999885559082,2.109999895095825,2.115000009536743,40525.0
2026-08-05 10:35:00,PNBK,,1.1260000467300415,1.1260000467300415,1.125,1.125,820.0
2026-08-05 10:35:00,PNFP,,107.70999908447266,107.72000122070312,107.70999908447266,107.72000122070312,350.0
2026-08-05 10:35:00,POCI,,4.248700141906738,4.248700141906738,4.248700141906738,4.248700141906738,717.0
2026-08-05 10:35:00,POET,,8.289999961853027,8.319899559020996,8.260000228881836,8.260000228881836,28757.0
2026-08-05 10:35:00,POOL,,204.30889892578125,204.47999572753906,204.30889892578125,204.47999572753906,987.0
2026-08-05 10:35:00,POWI,,62.334999084472656,62.334999084472656,62.334999084472656,62.334999084472656,417.0
2026-08-05 10:35:00,POWL,,208.6199951171875,208.6199951171875,208.58999633789062,208.58999633789062,717.0
2026-08-05 10:35:00,PPC,,26.889999389648438,26.889999389648438,26.889999389648438,26.889999389648438,456.0
2026-08-05 10:35:00,PPTA,,22.809999465942383,22.860000610351562,22.739999771118164,22.739999771118164,13293.0
2026-08-05 10:35:00,PRAX,,314.05999755859375,315.2200012207031,314.05999755859375,315.2200012207031,1187.0
2026-08-05 10:35:00,PRCH,,16.235000610351562,16.235000610351562,16.235000610351562,16.235000610351562,401.0
2026-08-05 10:35:00,PRCT,,19.075000762939453,19.149999618530273,19.075000762939453,19.139999389648438,8798.0
2026-08-05 10:35:00,PRE,,18.600000381469727,18.770000457763672,18.579999923706055,18.770000457763672,2167.0
2026-08-05 10:35:00,PRGS,,41.86000061035156,41.86000061035156,41.86000061035156,41.86000061035156,229.0
2026-08-05 10:35:00,PRIM,,88.2300033569336,88.31999969482422,88.22000122070312,88.31999969482422,368.0
2026-08-05 10:35:00,PRLD,,4.53000020980835,4.53000020980835,4.53000020980835,4.53000020980835,1127.0
2026-08-05 10:35:00,PROK,,1.6349999904632568,1.6349999904632568,1.6349999904632568,1.6349999904632568,5435.0
2026-08-05 10:35:00,PRQR,,1.9049999713897705,1.9049999713897705,1.9049999713897705,1.9049999713897705,225.0
2026-08-05 10:35:00,PRTA,,8.579999923706055,8.579999923706055,8.579999923706055,8.579999923706055,3060.0
2026-08-05 10:35:00,PRVA,,24.079999923706055,24.100000381469727,24.049999237060547,24.100000381469727,5100.0
2026-08-05 10:35:00,PRZO,,0.5496000051498413,0.5496000051498413,0.5496000051498413,0.5496000051498413,2742.0
2026-08-05 10:35:00,PSEC,,2.194999933242798,2.2049999237060547,2.194999933242798,2.2009999752044678,57875.0
2026-08-05 10:35:00,PSMT,,193.30999755859375,193.30999755859375,193.30999755859375,193.30999755859375,345.0
2026-08-05 10:35:00,PSNL,,13.568699836730957,13.568699836730957,13.568699836730957,13.568699836730957,790.0
2026-08-05 10:35:00,PTC,,142.2100067138672,142.2100067138672,142.2100067138672,142.2100067138672,2268.0
2026-08-05 10:35:00,PTCT,,69.59449768066406,69.59449768066406,69.59449768066406,69.59449768066406,682.0
2026-08-05 10:35:00,PTEN,,9.824999809265137,9.824999809265137,9.819899559020996,9.819999694824219,4531.0
2026-08-05 10:35:00,PTON,,6.560100078582764,6.574999809265137,6.559999942779541,6.559999942779541,91742.0
2026-08-05 10:35:00,PUBM,,13.71560001373291,13.71560001373291,13.71560001373291,13.71560001373291,562.0
2026-08-05 10:35:00,PWP,,17.325000762939453,17.360000610351562,17.325000762939453,17.350000381469727,2672.0
2026-08-05 10:35:00,PYPL,,58.56999969482422,58.650001525878906,58.56999969482422,58.650001525878906,19799.0
2026-08-05 10:35:00,PYXS,,3.2699999809265137,3.2727999687194824,3.2699999809265137,3.2727999687194824,1792.0
2026-08-05 10:35:00,PZZA,,30.690000534057617,30.789899826049805,30.68000030517578,30.789899826049805,5794.0
2026-08-05 10:35:00,QCOM,,159.25,159.4799041748047,158.99000549316406,159.0399932861328,10535.0
2026-08-05 10:35:00,QCRH,,105.11000061035156,105.11000061035156,105.11000061035156,105.11000061035156,1138.0
2026-08-05 10:35:00,QFIN,,13.4399995803833,13.4399995803833,13.4399995803833,13.4399995803833,939.0
2026-08-05 10:35:00,QRVO,,94.63999938964844,94.63999938964844,94.55999755859375,94.55999755859375,1352.0
2026-08-05 10:35:00,SEED,,0.960099995136261,0.960099995136261,0.9502000212669373,0.960099995136261,2600.0
2026-08-05 10:35:00,STIM,,2.299999952316284,2.309999942779541,2.299999952316284,2.3041999340057373,458.0
2026-08-05 10:35:00,STKS,,1.7588000297546387,1.7588000297546387,1.7588000297546387,1.7588000297546387,555.0
2026-08-05 10:35:00,TARA,,4.039999961853027,4.039999961853027,4.039899826049805,4.039899826049805,1702.0
2026-08-05 10:35:00,WOOF,,2.963900089263916,2.963900089263916,2.9600000381469727,2.9600000381469727,327.0
2026-08-05 10:36:00,ACDC,,4.264999866485596,4.264999866485596,4.264999866485596,4.264999866485596,501.0
2026-08-05 10:36:00,BPOP,,177.72000122070312,178.085205078125,177.27000427246094,178.085205078125,1378.0
2026-08-05 10:36:00,CASH,,89.52010345458984,89.52010345458984,89.52010345458984,89.52010345458984,1340.0
2026-08-05 10:36:00,CNXN,,84.01000213623047,84.01000213623047,84.01000213623047,84.01000213623047,226.0
2026-08-05 10:36:00,FIZZ,,31.989999771118164,31.989999771118164,31.915000915527344,31.915000915527344,824.0
2026-08-05 10:36:00,GLUE,,15.920000076293945,15.96500015258789,15.90999984741211,15.96500015258789,1482.0
2026-08-05 10:36:00,KIDS,,21.46500015258789,21.530000686645508,21.46500015258789,21.530000686645508,202.0
2026-08-05 10:36:00,LUNG,,1.8799999952316284,1.8799999952316284,1.8700000047683716,1.8710999488830566,6851.0
2026-08-05 10:36:00,MBRX,,0.4099000096321106,0.4099000096321106,0.4059999883174896,0.4059999883174896,3458.0
2026-08-05 10:36:00,MDB,,379.2699890136719,379.3599853515625,378.57501220703125,379.0799865722656,5206.0
2026-08-05 10:36:00,MDLZ,,61.959999084472656,62.04999923706055,61.91999816894531,61.939998626708984,23482.0
2026-08-05 10:36:00,MLTX,,17.789899826049805,17.789899826049805,17.729999542236328,17.729999542236328,1023.0
2026-08-05 10:36:00,MNPR,,116.0199966430664,116.0199966430664,115.44999694824219,115.83999633789062,3062.0
2026-08-05 10:36:00,MNRO,,13.119999885559082,13.119999885559082,13.103699684143066,13.103699684143066,1511.0
2026-08-05 10:36:00,MNST,,95.0199966430664,95.05000305175781,94.96749877929688,94.98999786376953,7119.0
2026-08-05 10:36:00,MNTS,,4.369999885559082,4.389900207519531,4.350100040435791,4.350100040435791,10443.0
2026-08-05 10:36:00,MORN,,201.80999755859375,201.80999755859375,201.80999755859375,201.80999755859375,1440.0
2026-08-05 10:36:00,MOVE,,12.15999984741211,12.15999984741211,12.085000038146973,12.085000038146973,735.0
2026-08-05 10:36:00,MPAA,,13.75,13.75,13.75,13.75,908.0
2026-08-05 10:36:00,MPWR,,1325.5899658203125,1325.5899658203125,1320.5699462890625,1321.219970703125,1333.0
2026-08-05 10:36:00,MRNA,,58.18000030517578,58.349998474121094,58.13999938964844,58.244998931884766,12640.0
2026-08-05 10:36:00,MYGN,,3.2200000286102295,3.2200000286102295,3.2200000286102295,3.2200000286102295,317.0
2026-08-05 10:36:00,MYRG,,336.8700866699219,338.1000061035156,336.8700866699219,338.1000061035156,1052.0
2026-08-05 10:36:00,NAMS,,26.719999313354492,26.729999542236328,26.684999465942383,26.729999542236328,4442.0
2026-08-05 10:36:00,NATR,,20.114999771118164,20.114999771118164,20.114999771118164,20.114999771118164,206.0
2026-08-05 10:36:00,NAVI,,9.104399681091309,9.104999542236328,9.095000267028809,9.095000267028809,2430.0
2026-08-05 10:36:00,NB,,5.039999961853027,5.059999942779541,5.039999961853027,5.059999942779541,6042.0
2026-08-05 10:36:00,NBIX,,163.86500549316406,164.41000366210938,163.85000610351562,164.41000366210938,7569.0
2026-08-05 10:36:00,NBTB,,53.64500045776367,53.650001525878906,53.61000061035156,53.64500045776367,1310.0
2026-08-05 10:36:00,NDAQ,,95.01499938964844,95.12000274658203,95.00499725341797,95.12000274658203,6469.0
2026-08-05 10:36:00,NDLS,,18.1200008392334,18.1200008392334,18.1200008392334,18.1200008392334,157.0
2026-08-05 10:36:00,NDSN,,310.51458740234375,310.9100036621094,310.51458740234375,310.67999267578125,491.0
2026-08-05 10:36:00,NEGG,,16.525999069213867,16.670000076293945,16.344999313354492,16.6299991607666,7017.0
2026-08-05 10:36:00,NEO,,16.200000762939453,16.239999771118164,16.200000762939453,16.239999771118164,3686.0
2026-08-05 10:36:00,NEOG,,11.699999809265137,11.705300331115723,11.694999694824219,11.705300331115723,3241.0
2026-08-05 10:36:00,NESR,,28.649999618530273,28.65999984741211,28.600000381469727,28.610000610351562,4837.0
2026-08-05 10:36:00,NEWT,,15.300000190734863,15.300000190734863,15.281999588012695,15.281999588012695,849.0
2026-08-05 10:36:00,NEXT,,6.419899940490723,6.419899940490723,6.40500020980835,6.414999961853027,8053.0
2026-08-05 10:36:00,NFE,,0.33469998836517334,0.33469998836517334,0.33340001106262207,0.33340001106262207,3082.0
2026-08-05 10:36:00,NFLX,,74.28209686279297,74.33000183105469,74.25499725341797,74.26000213623047,51502.0
2026-08-05 10:36:00,NICE,,96.02999877929688,96.02999877929688,95.86000061035156,95.87000274658203,1329.0
2026-08-05 10:36:00,NIU,,2.5199999809265137,2.5199999809265137,2.5199999809265137,2.5199999809265137,200.0
2026-08-05 10:36:00,NKSH,,40.95500183105469,40.95500183105469,40.95500183105469,40.95500183105469,1413.0
2026-08-05 10:36:00,NKTR,,72.52999877929688,72.58999633789062,72.5,72.58999633789062,1357.0
2026-08-05 10:36:00,NMFC,,7.355000019073486,7.355000019073486,7.34499979019165,7.349999904632568,2204.0
2026-08-05 10:36:00,NMIH,,44.45500183105469,44.4900016784668,44.45500183105469,44.4900016784668,1399.0
2026-08-05 10:36:00,NN,,14.319999694824219,14.319999694824219,14.279999732971191,14.300000190734863,6226.0
2026-08-05 10:36:00,NNBR,,3.819999933242798,3.825000047683716,3.809999942779541,3.825000047683716,3572.0
2026-08-05 10:36:00,NNDM,,1.5549999475479126,1.5549999475479126,1.5549999475479126,1.5549999475479126,1502.0
2026-08-05 10:36:00,NNOX,,1.0199999809265137,1.0199999809265137,1.0199999809265137,1.0199999809265137,708.0
2026-08-05 10:36:00,NOVT,,158.63999938964844,158.86500549316406,158.6199951171875,158.6199951171875,3584.0
2026-08-05 10:36:00,NRC,,19.665000915527344,19.665000915527344,19.665000915527344,19.665000915527344,504.0
2026-08-05 10:36:00,NRDS,,9.255000114440918,9.255000114440918,9.204999923706055,9.255000114440918,5467.0
2026-08-05 10:36:00,NRIX,,24.860000610351562,24.860000610351562,24.860000610351562,24.860000610351562,1306.0
2026-08-05 10:36:00,NRXP,,3.039900064468384,3.039900064468384,3.0299999713897705,3.0299999713897705,774.0
2026-08-05 10:36:00,NSSC,,40.2599983215332,40.2599983215332,40.2599983215332,40.2599983215332,614.0
2026-08-05 10:36:00,NTAP,,192.0,192.0,191.88999938964844,191.90460205078125,2174.0
2026-08-05 10:36:00,NTCT,,41.71500015258789,41.849998474121094,41.560001373291016,41.849998474121094,1059.0
2026-08-05 10:36:00,NTES,,128.47999572753906,128.47999572753906,128.47999572753906,128.47999572753906,784.0
2026-08-05 10:36:00,NTGR,,23.860000610351562,23.860000610351562,23.860000610351562,23.860000610351562,356.0
2026-08-05 10:36:00,NTNX,,61.11000061035156,61.130001068115234,61.08000183105469,61.08000183105469,4195.0
2026-08-05 10:36:00,NTRA,,278.19000244140625,279.0,278.19000244140625,279.0,3206.0
2026-08-05 10:36:00,NTRS,,184.9600067138672,185.0500030517578,184.9600067138672,185.0,3079.0
2026-08-05 10:36:00,NTWK,,4.41379976272583,4.41379976272583,4.41379976272583,4.41379976272583,200.0
2026-08-05 10:36:00,NUWE,,1.7999999523162842,1.7999999523162842,1.7999999523162842,1.7999999523162842,232.0
2026-08-05 10:36:00,NVAX,,7.664999961853027,7.671000003814697,7.664999961853027,7.671000003814697,4912.0
2026-08-05 10:36:00,NVCR,,16.040000915527344,16.06999969482422,16.040000915527344,16.065000534057617,3064.0
2026-08-05 10:36:00,NVCT,,20.1299991607666,20.1299991607666,20.1299991607666,20.1299991607666,359.0
2026-08-05 10:36:00,NVDA,,220.27000427246094,220.36199951171875,220.0,220.27000427246094,361188.0
2026-08-05 10:36:00,NVEC,,128.1199951171875,128.1199951171875,128.1199951171875,128.1199951171875,427.0
2026-08-05 10:36:00,NVMI,,407.2699890136719,407.9200134277344,407.2449951171875,407.2449951171875,2116.0
2026-08-05 10:36:00,NVTS,,12.470000267028809,12.494999885559082,12.430000305175781,12.494999885559082,44312.0
2026-08-05 10:36:00,NWBI,,15.970000267028809,15.98550033569336,15.970000267028809,15.98550033569336,3811.0
2026-08-05 10:36:00,NWE,,68.98999786376953,68.98999786376953,68.98999786376953,68.98999786376953,358.0
2026-08-05 10:36:00,NWL,,6.079999923706055,6.086400032043457,6.079999923706055,6.085000038146973,2709.0
2026-08-05 10:36:00,NWPX,,127.69000244140625,127.69000244140625,127.69000244140625,127.69000244140625,1387.0
2026-08-05 10:36:00,NWS,,32.560001373291016,32.560001373291016,32.560001373291016,32.560001373291016,1476.0
2026-08-05 10:36:00,NWSA,,28.405000686645508,28.415000915527344,28.399999618530273,28.399999618530273,6996.0
2026-08-05 10:36:00,NXPI,,230.78500366210938,230.9600067138672,230.25,230.9600067138672,6019.0
2026-08-05 10:36:00,NXT,,97.83499908447266,97.93000030517578,97.6500015258789,97.92500305175781,3379.0
2026-08-05 10:36:00,NXTC,,5.53000020980835,5.53000020980835,5.53000020980835,5.53000020980835,76.0
2026-08-05 10:36:00,NYXH,,1.4199999570846558,1.4199999570846558,1.4199999570846558,1.4199999570846558,722.0
2026-08-05 10:36:00,OABI,,2.005000114440918,2.005000114440918,2.005000114440918,2.005000114440918,272.0
2026-08-05 10:36:00,OBIO,,4.139999866485596,4.139999866485596,4.135000228881836,4.139999866485596,1446.0
2026-08-05 10:36:00,OCC,,15.6806001663208,15.6806001663208,15.680000305175781,15.680000305175781,595.0
2026-08-05 10:36:00,OCFC,,19.829999923706055,19.834999084472656,19.829999923706055,19.829999923706055,1502.0
2026-08-05 10:36:00,OCGN,,1.315000057220459,1.3200000524520874,1.315000057220459,1.3200000524520874,2090.0
2026-08-05 10:36:00,OCS,,12.09000015258789,12.09000015258789,12.09000015258789,12.09000015258789,316.0
2026-08-05 10:36:00,OCSL,,12.130000114440918,12.140000343322754,12.130000114440918,12.140000343322754,717.0
2026-08-05 10:36:00,OCUL,,8.641599655151367,8.641599655151367,8.61989974975586,8.61989974975586,5424.0
2026-08-05 10:36:00,ODD,,15.199999809265137,15.260000228881836,15.199999809265137,15.199999809265137,1320.0
2026-08-05 10:36:00,ODFL,,217.8699951171875,217.92999267578125,217.73500061035156,217.73500061035156,4115.0
2026-08-05 10:36:00,OESX,,16.809900283813477,16.809900283813477,16.5,16.69499969482422,3638.0
2026-08-05 10:36:00,OFIX,,10.819999694824219,10.930000305175781,10.819999694824219,10.890000343322754,6755.0
2026-08-05 10:36:00,OFLX,,29.920000076293945,29.920000076293945,29.920000076293945,29.920000076293945,1293.0
2026-08-05 10:36:00,OFS,,3.515000104904175,3.515000104904175,3.515000104904175,3.515000104904175,138.0
2026-08-05 10:36:00,OKTA,,148.83999633789062,148.91000366210938,148.83999633789062,148.91000366210938,1665.0
2026-08-05 10:36:00,OKYO,,1.656499981880188,1.656499981880188,1.656499981880188,1.656499981880188,585.0
2026-08-05 10:36:00,OLLI,,78.83000183105469,78.83999633789062,78.7699966430664,78.7699966430664,2104.0
2026-08-05 10:36:00,OLMA,,11.649999618530273,11.664999961853027,11.649999618530273,11.664999961853027,1238.0
2026-08-05 10:36:00,OM,,5.03000020980835,5.03000020980835,5.03000020980835,5.03000020980835,269.0
2026-08-05 10:36:00,OMCL,,37.41999816894531,37.41999816894531,37.38999938964844,37.38999938964844,709.0
2026-08-05 10:36:00,OMER,,13.109999656677246,13.119999885559082,13.09000015258789,13.09000015258789,6791.0
2026-08-05 10:36:00,OMH,,0.10999999940395355,0.10999999940395355,0.10999999940395355,0.10999999940395355,2882.0
2026-08-05 10:36:00,ON,,77.73870086669922,77.79000091552734,77.55000305175781,77.77999877929688,34241.0
2026-08-05 10:36:00,ONB,,27.100000381469727,27.1299991607666,27.100000381469727,27.1299991607666,3265.0
2026-08-05 10:36:00,ONCY,,0.7928000092506409,0.7928000092506409,0.7928000092506409,0.7928000092506409,600.0
2026-08-05 10:36:00,ONDS,,8.956899642944336,8.970000267028809,8.930000305175781,8.970000267028809,177832.0
2026-08-05 10:36:00,ONFO,,0.07280000299215317,0.07280000299215317,0.07270000129938126,0.07270000129938126,75329.0
2026-08-05 10:36:00,ONMD,,0.6808000206947327,0.6899999976158142,0.6808000206947327,0.6899999976158142,7233.0
2026-08-05 10:36:00,OPAL,,2.3350000381469727,2.3350000381469727,2.3350000381469727,2.3350000381469727,200.0
2026-08-05 10:36:00,OPCH,,23.559999465942383,23.56999969482422,23.559999465942383,23.56999969482422,2125.0
2026-08-05 10:36:00,OPEN,,3.9100000858306885,3.9200000762939453,3.9100000858306885,3.9149999618530273,40180.0
2026-08-05 10:36:00,OPI,,18.899999618530273,18.899999618530273,18.889999389648438,18.899999618530273,1040.0
2026-08-05 10:36:00,OPK,,1.3200000524520874,1.3250000476837158,1.3200000524520874,1.3200000524520874,7728.0
2026-08-05 10:36:00,OPRT,,6.199999809265137,6.199999809265137,6.199999809265137,6.199999809265137,294.0
2026-08-05 10:36:00,OPRX,,6.804999828338623,6.804999828338623,6.804999828338623,6.804999828338623,384.0
2026-08-05 10:36:00,ORGO,,2.384999990463257,2.384999990463257,2.384999990463257,2.384999990463257,2048.0
2026-08-05 10:36:00,ORIC,,13.300000190734863,13.4399995803833,13.300000190734863,13.40999984741211,3726.0
2026-08-05 10:36:00,ORLY,,93.94499969482422,94.02999877929688,93.93499755859375,93.94000244140625,22855.0
2026-08-05 10:36:00,ORMP,,4.440999984741211,4.440999984741211,4.440999984741211,4.440999984741211,344.0
2026-08-05 10:36:00,ORRF,,43.36000061035156,43.36000061035156,43.36000061035156,43.36000061035156,377.0
2026-08-05 10:36:00,OSBC,,25.860000610351562,25.860000610351562,25.860000610351562,25.860000610351562,361.0
2026-08-05 10:36:00,OSIS,,234.32000732421875,234.92999267578125,234.24000549316406,234.92999267578125,1229.0
2026-08-05 10:36:00,OSPN,,16.549999237060547,16.649999618530273,16.536500930786133,16.649999618530273,2061.0
2026-08-05 10:36:00,OSS,,14.289999961853027,14.329999923706055,14.289999961853027,14.32409954071045,7658.0
2026-08-05 10:36:00,OSUR,,4.175000190734863,4.175000190734863,4.175000190734863,4.175000190734863,246.0
2026-08-05 10:36:00,OSW,,26.559999465942383,26.559999465942383,26.530000686645508,26.530000686645508,358.0
2026-08-05 10:36:00,OTEX,,25.985000610351562,25.989999771118164,25.979999542236328,25.979999542236328,1755.0
2026-08-05 10:36:00,OTLK,,1.0299999713897705,1.0399999618530273,1.0299999713897705,1.0399999618530273,34277.0
2026-08-05 10:36:00,OTLY,,14.354999542236328,14.354999542236328,14.354999542236328,14.354999542236328,324.0
2026-08-05 10:36:00,OTTR,,92.11499786376953,92.11499786376953,91.68450164794922,91.68450164794922,571.0
2026-08-05 10:36:00,OVID,,2.63319993019104,2.63319993019104,2.63319993019104,2.63319993019104,5769.0
2026-08-05 10:36:00,OXLC,,9.055000305175781,9.0600004196167,9.050000190734863,9.05270004272461,2515.0
2026-08-05 10:36:00,OXSQ,,1.4800000190734863,1.4850000143051147,1.4800000190734863,1.4800000190734863,6806.0
2026-08-05 10:36:00,PAA,,23.260000228881836,23.260000228881836,23.219999313354492,23.219999313354492,16988.0
2026-08-05 10:36:00,PAAS,,48.34000015258789,48.38999938964844,48.290000915527344,48.36000061035156,43414.0
2026-08-05 10:36:00,PACB,,1.434999942779541,1.4500000476837158,1.434999942779541,1.4500000476837158,31879.0
2026-08-05 10:36:00,PAGP,,25.15999984741211,25.15999984741211,25.1299991607666,25.1299991607666,1207.0
2026-08-05 10:36:00,PALI,,2.0799999237060547,2.0850000381469727,2.075000047683716,2.0850000381469727,9486.0
2026-08-05 10:36:00,PANL,,7.339900016784668,7.339900016784668,7.329999923706055,7.329999923706055,882.0
2026-08-05 10:36:00,PANW,,368.19000244140625,368.5400085449219,368.0,368.45001220703125,9042.0
2026-08-05 10:36:00,PATK,,88.31999969482422,88.66999816894531,88.31999969482422,88.66999816894531,1132.0
2026-08-05 10:36:00,PAX,,11.390000343322754,11.399999618530273,11.390000343322754,11.395000457763672,4617.0
2026-08-05 10:36:00,PAYO,,7.130000114440918,7.130000114440918,7.124800205230713,7.124800205230713,908.0
2026-08-05 10:36:00,PAYS,,9.361000061035156,9.385000228881836,9.361000061035156,9.370100021362305,1329.0
2026-08-05 10:36:00,PAYX,,117.91000366210938,117.9800033569336,117.87000274658203,117.88999938964844,6260.0
2026-08-05 10:36:00,PBYI,,8.0,8.0,8.0,8.0,1121.0
2026-08-05 10:36:00,PCAR,,133.63499450683594,133.9199981689453,133.4250030517578,133.81500244140625,25251.0
2026-08-05 10:36:00,PCT,,6.954999923706055,6.960000038146973,6.945000171661377,6.960000038146973,8214.0
2026-08-05 10:36:00,PCTY,,148.13499450683594,148.52000427246094,147.4199981689453,148.52000427246094,2827.0
2026-08-05 10:36:00,PDD,,92.0999984741211,92.0999984741211,92.0,92.0,17271.0
2026-08-05 10:36:00,PDFS,,50.38999938964844,50.38999938964844,50.38999938964844,50.38999938964844,221.0
2026-08-05 10:36:00,PECO,,41.54999923706055,41.560001373291016,41.529998779296875,41.529998779296875,2645.0
2026-08-05 10:36:00,PENN,,19.979999542236328,19.9950008392334,19.979999542236328,19.979999542236328,4323.0
2026-08-05 10:36:00,PEP,,138.8000030517578,138.9499969482422,138.75999450683594,138.75999450683594,15541.0
2026-08-05 10:36:00,PERI,,9.635000228881836,9.638799667358398,9.635000228881836,9.638799667358398,643.0
2026-08-05 10:36:00,PETS,,1.983299970626831,1.983299970626831,1.983299970626831,1.983299970626831,1793.0
2026-08-05 10:36:00,PFG,,115.35990142822266,115.35990142822266,115.31500244140625,115.31500244140625,1474.0
2026-08-05 10:36:00,PGC,,46.974998474121094,46.974998474121094,46.83000183105469,46.83000183105469,653.0
2026-08-05 10:36:00,PGEN,,6.849999904632568,6.864999771118164,6.849999904632568,6.849999904632568,45578.0
2026-08-05 10:36:00,PGNY,,31.68000030517578,31.68000030517578,31.665000915527344,31.665000915527344,1378.0
2026-08-05 10:36:00,PGY,,21.729999542236328,21.80500030517578,21.729999542236328,21.799999237060547,4585.0
2026-08-05 10:36:00,PHAT,,8.569999694824219,8.575400352478027,8.550000190734863,8.550000190734863,3022.0
2026-08-05 10:36:00,PHIO,,1.0700000524520874,1.0700000524520874,1.0700000524520874,1.0700000524520874,217.0
2026-08-05 10:36:00,PHVS,,33.08000183105469,33.08000183105469,33.08000183105469,33.08000183105469,482.0
2026-08-05 10:36:00,PLAB,,32.13999938964844,32.13999938964844,32.13999938964844,32.13999938964844,1371.0
2026-08-05 10:36:00,PLBY,,1.1799999475479126,1.2100000381469727,1.1749999523162842,1.2100000381469727,125605.0
2026-08-05 10:36:00,PLMR,,135.02499389648438,135.02499389648438,135.02499389648438,135.02499389648438,608.0
2026-08-05 10:36:00,PLPC,,462.9549865722656,462.9549865722656,462.9549865722656,462.9549865722656,128.0
2026-08-05 10:36:00,PLRX,,1.0549999475479126,1.0549999475479126,1.0549999475479126,1.0549999475479126,1088.0
2026-08-05 10:36:00,PLSE,,37.42499923706055,37.42499923706055,37.42499923706055,37.42499923706055,550.0
2026-08-05 10:36:00,PLUG,,2.115000009536743,2.1198999881744385,2.109999895095825,2.115000009536743,32170.0
2026-08-05 10:36:00,PLXS,,273.8399963378906,273.8399963378906,273.8399963378906,273.8399963378906,340.0
2026-08-05 10:36:00,PMVP,,1.1749999523162842,1.1749999523162842,1.1749999523162842,1.1749999523162842,121.0
2026-08-05 10:36:00,PNBK,,1.125,1.125,1.125,1.125,616.0
2026-08-05 10:36:00,PNFP,,107.65499877929688,107.78500366210938,107.65499877929688,107.78500366210938,3268.0
2026-08-05 10:36:00,PNTG,,38.5099983215332,38.5099983215332,38.5099983215332,38.5099983215332,1203.0
2026-08-05 10:36:00,POET,,8.260000228881836,8.279999732971191,8.250300407409668,8.274999618530273,11318.0
2026-08-05 10:36:00,POOL,,203.964599609375,203.964599609375,203.7301025390625,203.7301025390625,2507.0
2026-08-05 10:36:00,POWI,,62.287498474121094,62.334999084472656,62.2400016784668,62.334999084472656,2238.0
2026-08-05 10:36:00,POWL,,208.5,208.5,208.5,208.5,768.0
2026-08-05 10:36:00,PPC,,26.829999923706055,26.889999389648438,26.829999923706055,26.860000610351562,3006.0
2026-08-05 10:36:00,PPIH,,25.450000762939453,25.450000762939453,25.450000762939453,25.450000762939453,195.0
2026-08-05 10:36:00,PPTA,,22.739999771118164,22.84000015258789,22.739999771118164,22.84000015258789,2506.0
2026-08-05 10:36:00,PRAA,,17.364999771118164,17.440000534057617,17.360000610351562,17.440000534057617,665.0
2026-08-05 10:36:00,PRAX,,314.2499084472656,314.3999938964844,313.8299865722656,314.17999267578125,1226.0
2026-08-05 10:36:00,PRCH,,16.229999542236328,16.229999542236328,16.20870018005371,16.20870018005371,884.0
2026-08-05 10:36:00,PRCT,,19.110000610351562,19.200000762939453,19.020000457763672,19.149999618530273,9881.0
2026-08-05 10:36:00,PRDO,,33.470001220703125,33.470001220703125,33.39500045776367,33.39500045776367,1391.0
2026-08-05 10:36:00,PRGS,,42.0,42.0,42.0,42.0,10530.0
2026-08-05 10:36:00,PRIM,,88.29000091552734,88.44000244140625,87.83999633789062,88.29000091552734,10569.0
2026-08-05 10:36:00,PRLD,,4.534999847412109,4.534999847412109,4.534999847412109,4.534999847412109,779.0
2026-08-05 10:36:00,PRME,,2.9749999046325684,2.9749999046325684,2.9700000286102295,2.970099925994873,5069.0
2026-08-05 10:36:00,PROK,,1.6341999769210815,1.6341999769210815,1.6341999769210815,1.6341999769210815,1137.0
2026-08-05 10:36:00,PRTA,,8.569999694824219,8.574999809265137,8.569999694824219,8.574999809265137,1193.0
2026-08-05 10:36:00,PRTH,,6.605000019073486,6.610000133514404,6.605000019073486,6.610000133514404,1763.0
2026-08-05 10:36:00,PRVA,,24.06999969482422,24.100000381469727,24.040000915527344,24.079999923706055,15091.0
2026-08-05 10:36:00,PRZO,,0.546999990940094,0.5471000075340271,0.546999990940094,0.546999990940094,10940.0
2026-08-05 10:36:00,PSEC,,2.1900999546051025,2.198899984359741,2.190000057220459,2.194999933242798,2817.0
2026-08-05 10:36:00,PSMT,,193.3000030517578,193.3000030517578,192.63009643554688,192.63009643554688,698.0
2026-08-05 10:36:00,PSNL,,13.5600004196167,13.5649995803833,13.539999961853027,13.5649995803833,4018.0
2026-08-05 10:36:00,PTC,,141.8874969482422,141.8874969482422,141.82000732421875,141.84500122070312,1407.0
2026-08-05 10:36:00,PTCT,,69.69499969482422,69.69499969482422,69.69499969482422,69.69499969482422,1023.0
2026-08-05 10:36:00,PTEN,,9.805000305175781,9.829999923706055,9.795000076293945,9.829999923706055,146069.0
2026-08-05 10:36:00,PTGX,,136.5800018310547,136.5800018310547,136.44500732421875,136.4600067138672,1665.0
2026-08-05 10:36:00,PTLO,,4.625,4.626699924468994,4.625,4.626699924468994,2760.0
2026-08-05 10:36:00,PTON,,6.554999828338623,6.565000057220459,6.550000190734863,6.565000057220459,5573.0
2026-08-05 10:36:00,PUBM,,13.729900360107422,13.729900360107422,13.699999809265137,13.699999809265137,1035.0
2026-08-05 10:36:00,PWP,,17.290000915527344,17.34000015258789,17.290000915527344,17.34000015258789,3229.0
2026-08-05 10:36:00,PYPD,,4.480000019073486,4.485000133514404,4.480000019073486,4.485000133514404,200.0
2026-08-05 10:36:00,PYPL,,58.584999084472656,58.584999084472656,58.54999923706055,58.56999969482422,27548.0
2026-08-05 10:36:00,PYXS,,3.265000104904175,3.265000104904175,3.265000104904175,3.265000104904175,314.0
2026-08-05 10:36:00,PZZA,,30.674999237060547,30.700000762939453,30.560100555419922,30.649999618530273,3396.0
2026-08-05 10:36:00,QCOM,,158.8300018310547,159.2100067138672,158.5850067138672,159.2100067138672,109514.0
2026-08-05 10:36:00,QQQX,,30.477500915527344,30.55500030517578,30.477500915527344,30.55500030517578,973.0
2026-08-05 10:36:00,QRVO,,94.55999755859375,94.66000366210938,94.51000213623047,94.66000366210938,1516.0
2026-08-05 10:36:00,SEED,,0.9502000212669373,0.960099995136261,0.9502000212669373,0.960099995136261,2257.0
2026-08-05 10:36:00,STIM,,2.299999952316284,2.305000066757202,2.299999952316284,2.305000066757202,984.0
2026-08-05 10:36:00,TARA,,4.045000076293945,4.045000076293945,4.045000076293945,4.045000076293945,678.0
2026-08-05 10:36:00,WOOF,,2.9649999141693115,2.9649999141693115,2.9600000381469727,2.9600000381469727,1890.0
2026-08-05 10:37:00,ACDC,,4.25,4.264999866485596,4.25,4.264999866485596,7982.0
2026-08-05 10:37:00,DTIL,,7.449999809265137,7.46999979019165,7.449999809265137,7.449999809265137,1458.0
2026-08-05 10:37:00,EYE,,23.479999542236328,23.479999542236328,23.479999542236328,23.479999542236328,1877.0
2026-08-05 10:37:00,GLUE,,15.960000038146973,15.970000267028809,15.899999618530273,15.899999618530273,7524.0
2026-08-05 10:37:00,KIDS,,21.530000686645508,21.530000686645508,21.46500015258789,21.46500015258789,325.0
2026-08-05 10:37:00,KITT,,1.0896999835968018,1.0896999835968018,1.0896999835968018,1.0896999835968018,313.0
2026-08-05 10:37:00,LUNG,,1.8949999809265137,1.8949999809265137,1.8808000087738037,1.8808000087738037,3751.0
2026-08-05 10:37:00,MBRX,,0.4090000092983246,0.4090000092983246,0.4090000092983246,0.4090000092983246,716.0
2026-08-05 10:37:00,MCRI,,125.23999786376953,125.23999786376953,125.23999786376953,125.23999786376953,1135.0
2026-08-05 10:37:00,MDB,,378.6050109863281,379.5400085449219,378.2090148925781,379.5400085449219,1511.0
2026-08-05 10:37:00,MDLZ,,62.10499954223633,62.119998931884766,61.959999084472656,61.959999084472656,52449.0
2026-08-05 10:37:00,MLTX,,17.610000610351562,17.670000076293945,17.600000381469727,17.670000076293945,5109.0
2026-08-05 10:37:00,MNRO,,13.09000015258789,13.130000114440918,13.09000015258789,13.100000381469727,3447.0
2026-08-05 10:37:00,MNST,,95.05999755859375,95.05999755859375,95.01499938964844,95.0250015258789,3807.0
2026-08-05 10:37:00,MNTS,,4.369999885559082,4.380000114440918,4.360000133514404,4.360000133514404,5868.0
2026-08-05 10:37:00,MODD,,2.0425000190734863,2.0425000190734863,2.0425000190734863,2.0425000190734863,381.0
2026-08-05 10:37:00,MORN,,201.92999267578125,201.92999267578125,201.92999267578125,201.92999267578125,611.0
2026-08-05 10:37:00,MPWR,,1318.6700439453125,1325.5899658203125,1317.8699951171875,1325.5899658203125,1181.0
2026-08-05 10:37:00,MRNA,,57.9900016784668,58.21929931640625,57.97999954223633,58.18000030517578,17262.0
2026-08-05 10:37:00,MYGN,,3.2149999141693115,3.2200000286102295,3.2149999141693115,3.2149999141693115,7339.0
2026-08-05 10:37:00,NAMS,,26.670000076293945,26.670000076293945,26.670000076293945,26.670000076293945,542.0
2026-08-05 10:37:00,NATR,,20.190000534057617,20.190000534057617,20.190000534057617,20.190000534057617,125.0
2026-08-05 10:37:00,NAUT,,0.9771000146865845,0.9850999712944031,0.9771000146865845,0.9850999712944031,5247.0
2026-08-05 10:37:00,NAVI,,9.100000381469727,9.100099563598633,9.100000381469727,9.100099563598633,1747.0
2026-08-05 10:37:00,NB,,5.03000020980835,5.039999961853027,5.010000228881836,5.039999961853027,30923.0
2026-08-05 10:37:00,NBIX,,163.30499267578125,163.8699951171875,163.25999450683594,163.7100067138672,4276.0
2026-08-05 10:37:00,NCMI,,4.119999885559082,4.125,4.114999771118164,4.125,2784.0
2026-08-05 10:37:00,NCPL,,0.42329999804496765,0.42329999804496765,0.42329999804496765,0.42329999804496765,3200.0
2026-08-05 10:37:00,NCRA,,1.7939000129699707,1.7939000129699707,1.7939000129699707,1.7939000129699707,188.0
2026-08-05 10:37:00,NDAQ,,95.0999984741211,95.0999984741211,95.05000305175781,95.05000305175781,2276.0
2026-08-05 10:37:00,NDSN,,310.7149963378906,310.7149963378906,310.7149963378906,310.7149963378906,374.0
2026-08-05 10:37:00,NEGG,,16.6299991607666,16.65999984741211,16.6299991607666,16.65999984741211,1071.0
2026-08-05 10:37:00,NEO,,16.190000534057617,16.209999084472656,16.18000030517578,16.209999084472656,3303.0
2026-08-05 10:37:00,NEOG,,11.704999923706055,11.704999923706055,11.704999923706055,11.704999923706055,1504.0
2026-08-05 10:37:00,NEOV,,2.86080002784729,2.890000104904175,2.86080002784729,2.8877999782562256,3470.0
2026-08-05 10:37:00,NESR,,28.524999618530273,28.579999923706055,28.520000457763672,28.579999923706055,1584.0
2026-08-05 10:37:00,NEXT,,6.385000228881836,6.409999847412109,6.385000228881836,6.409999847412109,8512.0
2026-08-05 10:37:00,NFE,,0.3345000147819519,0.33480000495910645,0.3336000144481659,0.33469998836517334,4744.0
2026-08-05 10:37:00,NFLX,,74.29499816894531,74.30000305175781,74.20999908447266,74.28500366210938,75203.0
2026-08-05 10:37:00,NGNE,,34.904998779296875,34.904998779296875,34.904998779296875,34.904998779296875,212.0
2026-08-05 10:37:00,NICE,,96.02999877929688,96.02999877929688,96.02999877929688,96.02999877929688,402.0
2026-08-05 10:37:00,NKTR,,72.54499816894531,72.54499816894531,72.54499816894531,72.54499816894531,126.0
2026-08-05 10:37:00,NKTX,,2.1700000762939453,2.180000066757202,2.1700000762939453,2.180000066757202,5332.0
2026-08-05 10:37:00,NMFC,,7.355000019073486,7.355000019073486,7.355000019073486,7.355000019073486,311.0
2026-08-05 10:37:00,NMRA,,1.649999976158142,1.649999976158142,1.649999976158142,1.649999976158142,757.0
2026-08-05 10:37:00,NMRK,,15.739999771118164,15.739999771118164,15.739999771118164,15.739999771118164,952.0
2026-08-05 10:37:00,NN,,14.28499984741211,14.329999923706055,14.28499984741211,14.319999694824219,9833.0
2026-08-05 10:37:00,NNBR,,3.8299999237060547,3.8399999141693115,3.8289999961853027,3.8350000381469727,4637.0
2026-08-05 10:37:00,NNDM,,1.5399999618530273,1.5549999475479126,1.5399999618530273,1.5549999475479126,24786.0
2026-08-05 10:37:00,NODK,,15.449999809265137,15.449999809265137,15.449999809265137,15.449999809265137,102.0
2026-08-05 10:37:00,NOVT,,158.98500061035156,158.98500061035156,158.9499969482422,158.9499969482422,2206.0
2026-08-05 10:37:00,NPCE,,13.872699737548828,13.872699737548828,13.872699737548828,13.872699737548828,298.0
2026-08-05 10:37:00,NRDS,,9.279999732971191,9.279999732971191,9.260000228881836,9.260000228881836,1647.0
2026-08-05 10:37:00,NRIX,,24.75,24.760000228881836,24.690200805664062,24.760000228881836,4660.0
2026-08-05 10:37:00,NTAP,,191.13999938964844,192.11000061035156,191.13999938964844,192.11000061035156,8032.0
2026-08-05 10:37:00,NTCT,,41.709999084472656,41.72999954223633,41.709999084472656,41.72999954223633,924.0
2026-08-05 10:37:00,NTES,,128.4949951171875,128.4949951171875,128.49249267578125,128.4949951171875,1375.0
2026-08-05 10:37:00,NTGR,,23.8700008392334,23.8700008392334,23.8700008392334,23.8700008392334,601.0
2026-08-05 10:37:00,NTNX,,61.11000061035156,61.11000061035156,61.04999923706055,61.06999969482422,6652.0
2026-08-05 10:37:00,NTRA,,277.5400085449219,278.3399963378906,277.5400085449219,278.32501220703125,4079.0
2026-08-05 10:37:00,NTRS,,184.9199981689453,185.1342010498047,184.9199981689453,185.1342010498047,547.0
2026-08-05 10:37:00,NTWK,,4.260200023651123,4.260200023651123,4.260200023651123,4.260200023651123,241.0
2026-08-05 10:37:00,NUWE,,1.7999999523162842,1.7999999523162842,1.7999999523162842,1.7999999523162842,6717.0
2026-08-05 10:37:00,NVAX,,7.659999847412109,7.664999961853027,7.659999847412109,7.659999847412109,2846.0
2026-08-05 10:37:00,NVCR,,16.020000457763672,16.045000076293945,16.020000457763672,16.040000915527344,1968.0
2026-08-05 10:37:00,NVCT,,20.184999465942383,20.184999465942383,20.184999465942383,20.184999465942383,291.0
2026-08-05 10:37:00,NVDA,,219.80999755859375,220.39999389648438,219.75,220.24000549316406,353343.0
2026-08-05 10:37:00,NVEC,,127.4000015258789,127.5999984741211,127.4000015258789,127.5999984741211,1266.0
2026-08-05 10:37:00,NVMI,,407.3999938964844,407.4949951171875,407.3275146484375,407.4949951171875,6420.0
2026-08-05 10:37:00,NVTS,,12.390000343322754,12.489999771118164,12.380000114440918,12.460000038146973,23437.0
2026-08-05 10:37:00,NWBI,,15.989999771118164,15.989999771118164,15.979999542236328,15.979999542236328,2883.0
2026-08-05 10:37:00,NWE,,68.9800033569336,68.9800033569336,68.9800033569336,68.9800033569336,353.0
2026-08-05 10:37:00,NWL,,6.099999904632568,6.099999904632568,6.079999923706055,6.099999904632568,14046.0
2026-08-05 10:37:00,NWS,,32.58000183105469,32.59000015258789,32.58000183105469,32.58000183105469,4650.0
2026-08-05 10:37:00,NWSA,,28.43000030517578,28.43000030517578,28.40999984741211,28.40999984741211,4169.0
2026-08-05 10:37:00,NXPI,,230.49000549316406,230.85809326171875,230.1999969482422,230.7550048828125,6369.0
2026-08-05 10:37:00,NXT,,97.5999984741211,97.91500091552734,97.44999694824219,97.91000366210938,6340.0
2026-08-05 10:37:00,OABI,,2.0,2.0,2.0,2.0,283.0
2026-08-05 10:37:00,OBIO,,4.139999866485596,4.139999866485596,4.139999866485596,4.139999866485596,655.0
2026-08-05 10:37:00,OCGN,,1.315000057220459,1.3199000358581543,1.315000057220459,1.315000057220459,79668.0
2026-08-05 10:37:00,OCS,,12.085000038146973,12.085000038146973,12.085000038146973,12.085000038146973,26.0
2026-08-05 10:37:00,OCUL,,8.604999542236328,8.614999771118164,8.604999542236328,8.614999771118164,2047.0
2026-08-05 10:37:00,ODD,,15.1899995803833,15.199999809265137,15.1899995803833,15.199999809265137,1449.0
2026-08-05 10:37:00,ODFL,,217.4499969482422,217.6699981689453,217.4499969482422,217.6699981689453,2074.0
2026-08-05 10:37:00,OESX,,16.52720069885254,16.52720069885254,16.5,16.5,1627.0
2026-08-05 10:37:00,OFIX,,10.84000015258789,10.869999885559082,10.720000267028809,10.869999885559082,4033.0
2026-08-05 10:37:00,OGI,,0.9684000015258789,0.9684000015258789,0.9684000015258789,0.9684000015258789,1005.0
2026-08-05 10:37:00,OKTA,,148.75,148.75,148.75,148.75,1674.0
2026-08-05 10:37:00,OLB,,0.3156999945640564,0.3156999945640564,0.3156999945640564,0.3156999945640564,4257.0
2026-08-05 10:37:00,OLLI,,78.97000122070312,78.97000122070312,78.83000183105469,78.83000183105469,1636.0
2026-08-05 10:37:00,OLMA,,11.579999923706055,11.609999656677246,11.579999923706055,11.609999656677246,8562.0
2026-08-05 10:37:00,OM,,5.0,5.010000228881836,5.0,5.010000228881836,457.0
2026-08-05 10:37:00,OMCL,,37.45000076293945,37.45000076293945,37.400001525878906,37.400001525878906,1379.0
2026-08-05 10:37:00,OMER,,13.09000015258789,13.09000015258789,13.09000015258789,13.09000015258789,1084.0
2026-08-05 10:37:00,OMEX,,0.7450000047683716,0.7450000047683716,0.7450000047683716,0.7450000047683716,495.0
2026-08-05 10:37:00,OMH,,0.10999999940395355,0.10999999940395355,0.10999999940395355,0.10999999940395355,326.0
2026-08-05 10:37:00,ON,,77.56999969482422,77.88999938964844,77.54000091552734,77.7300033569336,31893.0
2026-08-05 10:37:00,ONB,,27.1299991607666,27.1299991607666,27.110000610351562,27.110000610351562,926.0
2026-08-05 10:37:00,ONCY,,0.7850000262260437,0.7925999760627747,0.7850000262260437,0.7925999760627747,3142.0
2026-08-05 10:37:00,ONDS,,8.876899719238281,8.960000038146973,8.869999885559082,8.960000038146973,494999.0
2026-08-05 10:37:00,ONFO,,0.0729999989271164,0.07349999994039536,0.07280000299215317,0.07280000299215317,91739.0
2026-08-05 10:37:00,OPAL,,2.3350000381469727,2.3350000381469727,2.3350000381469727,2.3350000381469727,992.0
2026-08-05 10:37:00,OPCH,,23.540000915527344,23.559999465942383,23.540000915527344,23.559999465942383,4063.0
2026-08-05 10:37:00,OPEN,,3.890000104904175,3.9200000762939453,3.890000104904175,3.9200000762939453,301311.0
2026-08-05 10:37:00,OPI,,18.75,18.75,18.75,18.75,1115.0
2026-08-05 10:37:00,OPK,,1.320099949836731,1.3250000476837158,1.3200000524520874,1.3200000524520874,3725.0
2026-08-05 10:37:00,OPRT,,6.200300216674805,6.200300216674805,6.200300216674805,6.200300216674805,3558.0
2026-08-05 10:37:00,OPRX,,6.789999961853027,6.789999961853027,6.789999961853027,6.789999961853027,463.0
2026-08-05 10:37:00,ORIC,,13.319999694824219,13.329999923706055,13.3149995803833,13.3149995803833,2502.0
2026-08-05 10:37:00,ORLY,,94.05999755859375,94.05999755859375,93.91999816894531,93.91999816894531,10544.0
2026-08-05 10:37:00,ORMP,,4.460000038146973,4.460000038146973,4.460000038146973,4.460000038146973,1061.0
2026-08-05 10:37:00,OSPN,,16.559999465942383,16.559999465942383,16.559999465942383,16.559999465942383,768.0
2026-08-05 10:37:00,OSS,,14.069999694824219,14.250499725341797,14.0,14.250499725341797,4113.0
2026-08-05 10:37:00,OSUR,,4.170000076293945,4.175000190734863,4.170000076293945,4.175000190734863,1564.0
2026-08-05 10:37:00,OTEX,,26.014999389648438,26.014999389648438,26.0,26.0,2733.0
2026-08-05 10:37:00,OTLK,,1.0393999814987183,1.0399999618530273,1.0300999879837036,1.0300999879837036,23329.0
2026-08-05 10:37:00,OVID,,2.630000114440918,2.634999990463257,2.630000114440918,2.630000114440918,15885.0
2026-08-05 10:37:00,OXLC,,9.055000305175781,9.055000305175781,9.055000305175781,9.055000305175781,284.0
2026-08-05 10:37:00,OXSQ,,1.4800000190734863,1.4800000190734863,1.4800000190734863,1.4800000190734863,200.0
2026-08-05 10:37:00,PAA,,23.2450008392334,23.264999389648438,23.239999771118164,23.264999389648438,5328.0
2026-08-05 10:37:00,PAAS,,48.290000915527344,48.36989974975586,48.16999816894531,48.349998474121094,183000.0
2026-08-05 10:37:00,PACB,,1.434999942779541,1.434999942779541,1.430899977684021,1.430899977684021,8209.0
2026-08-05 10:37:00,PAGP,,25.155000686645508,25.15999984741211,25.149999618530273,25.15999984741211,5571.0
2026-08-05 10:37:00,PALI,,2.075000047683716,2.075000047683716,2.075000047683716,2.075000047683716,740.0
2026-08-05 10:37:00,PANW,,367.8974914550781,368.80499267578125,367.80999755859375,368.7799987792969,8758.0
2026-08-05 10:37:00,PATK,,88.41500091552734,88.41500091552734,88.41500091552734,88.41500091552734,761.0
2026-08-05 10:37:00,PAX,,11.399999618530273,11.40999984741211,11.399999618530273,11.399999618530273,4816.0
2026-08-05 10:37:00,PAYO,,7.130000114440918,7.130000114440918,7.125,7.125,479.0
2026-08-05 10:37:00,PAYX,,118.12999725341797,118.12999725341797,117.93000030517578,117.93000030517578,7428.0
2026-08-05 10:37:00,PCAR,,133.99000549316406,134.02000427246094,133.63499450683594,133.63499450683594,12074.0
2026-08-05 10:37:00,PCRX,,25.420000076293945,25.5,25.420000076293945,25.4950008392334,1426.0
2026-08-05 10:37:00,PCT,,6.929999828338623,6.960000038146973,6.929999828338623,6.960000038146973,7419.0
2026-08-05 10:37:00,PCTY,,148.61000061035156,148.61000061035156,147.75,147.75,8005.0
2026-08-05 10:37:00,PDD,,92.05999755859375,92.1500015258789,92.05999755859375,92.08999633789062,10822.0
2026-08-05 10:37:00,PDFS,,50.0,50.220001220703125,50.0,50.220001220703125,2534.0
2026-08-05 10:37:00,PDSB,,0.704800009727478,0.7088000178337097,0.704800009727478,0.7088000178337097,3778.0
2026-08-05 10:37:00,PECO,,41.51499938964844,41.51499938964844,41.51499938964844,41.51499938964844,1058.0
2026-08-05 10:37:00,PEGA,,31.764999389648438,31.764999389648438,31.735000610351562,31.75,2469.0
2026-08-05 10:37:00,PENN,,19.954999923706055,19.969999313354492,19.954999923706055,19.969999313354492,2175.0
2026-08-05 10:37:00,PEP,,139.00999450683594,139.02000427246094,138.82000732421875,138.82000732421875,14087.0
2026-08-05 10:37:00,PERI,,9.640000343322754,9.640000343322754,9.640000343322754,9.640000343322754,466.0
2026-08-05 10:37:00,PESI,,17.90999984741211,17.920000076293945,17.829999923706055,17.829999923706055,2302.0
2026-08-05 10:37:00,PFG,,115.21499633789062,115.21499633789062,115.16999816894531,115.16999816894531,2504.0
2026-08-05 10:37:00,PGEN,,6.840000152587891,6.875,6.840000152587891,6.855400085449219,63175.0
2026-08-05 10:37:00,PGNY,,31.645000457763672,31.649999618530273,31.639999389648438,31.649999618530273,1044.0
2026-08-05 10:37:00,PGY,,21.725000381469727,21.780000686645508,21.725000381469727,21.770000457763672,4815.0
2026-08-05 10:37:00,PHAT,,8.5649995803833,8.5649995803833,8.5649995803833,8.5649995803833,883.0
2026-08-05 10:37:00,PHUN,,2.159899950027466,2.1600000858306885,2.1549999713897705,2.1549999713897705,2528.0
2026-08-05 10:37:00,PHVS,,33.04499816894531,33.08000183105469,33.04499816894531,33.08000183105469,518.0
2026-08-05 10:37:00,PLAB,,32.040000915527344,32.06999969482422,32.0,32.06999969482422,2291.0
2026-08-05 10:37:00,PLBY,,1.190000057220459,1.190000057220459,1.184999942779541,1.184999942779541,262.0
2026-08-05 10:37:00,PLPC,,462.0,462.0,462.0,462.0,433.0
2026-08-05 10:37:00,PLRX,,1.0499999523162842,1.0499999523162842,1.0499999523162842,1.0499999523162842,513.0
2026-08-05 10:37:00,PLSE,,37.2599983215332,37.2599983215332,37.2599983215332,37.2599983215332,136.0
2026-08-05 10:37:00,PLTK,,4.045000076293945,4.045000076293945,4.03000020980835,4.03000020980835,4242.0
2026-08-05 10:37:00,PLUG,,2.111999988555908,2.119999885559082,2.109999895095825,2.115000009536743,66701.0
2026-08-05 10:37:00,PLXS,,273.81500244140625,273.81500244140625,273.81500244140625,273.81500244140625,1916.0
2026-08-05 10:37:00,PNBK,,1.1299999952316284,1.1299999952316284,1.125,1.125,3279.0
2026-08-05 10:37:00,PNFP,,107.72000122070312,107.75,107.65499877929688,107.65499877929688,2258.0
2026-08-05 10:37:00,POET,,8.21500015258789,8.274999618530273,8.210000038146973,8.269599914550781,36444.0
2026-08-05 10:37:00,POWI,,62.2599983215332,62.2599983215332,62.2599983215332,62.2599983215332,1814.0
2026-08-05 10:37:00,POWL,,207.41000366210938,208.02000427246094,207.41000366210938,208.02000427246094,675.0
2026-08-05 10:37:00,PPIH,,25.610000610351562,25.610000610351562,25.610000610351562,25.610000610351562,1078.0
2026-08-05 10:37:00,PPTA,,22.639999389648438,22.739999771118164,22.639999389648438,22.739999771118164,1393.0
2026-08-05 10:37:00,PRAX,,313.17999267578125,313.17999267578125,313.17999267578125,313.17999267578125,462.0
2026-08-05 10:37:00,PRCH,,16.229999542236328,16.229999542236328,16.229999542236328,16.229999542236328,1089.0
2026-08-05 10:37:00,PRCT,,19.170000076293945,19.170000076293945,19.049999237060547,19.110000610351562,17056.0
2026-08-05 10:37:00,PRDO,,33.375,33.375,33.375,33.375,398.0
2026-08-05 10:37:00,PRGS,,41.86000061035156,41.86000061035156,41.86000061035156,41.86000061035156,0.0
2026-08-05 10:37:00,PRIM,,88.11000061035156,88.38500213623047,88.06999969482422,88.38500213623047,1029.0
2026-08-05 10:37:00,PRME,,2.9700000286102295,2.9700000286102295,2.9700000286102295,2.9700000286102295,1365.0
2026-08-05 10:37:00,PROK,,1.6299999952316284,1.6299999952316284,1.6299999952316284,1.6299999952316284,24003.0
2026-08-05 10:37:00,PRQR,,1.9049999713897705,1.909999966621399,1.9049999713897705,1.9049999713897705,17925.0
2026-08-05 10:37:00,PRSO,,0.7005000114440918,0.7005000114440918,0.699999988079071,0.7003999948501587,300.0
2026-08-05 10:37:00,PRTA,,8.550000190734863,8.5600004196167,8.550000190734863,8.5600004196167,1208.0
2026-08-05 10:37:00,PRVA,,24.06999969482422,24.06999969482422,24.06999969482422,24.06999969482422,2557.0
2026-08-05 10:37:00,PSEC,,2.194999933242798,2.194999933242798,2.194999933242798,2.194999933242798,7418.0
2026-08-05 10:37:00,PSMT,,193.2550048828125,193.2550048828125,193.2550048828125,193.2550048828125,319.0
2026-08-05 10:37:00,PSNL,,13.510000228881836,13.539999961853027,13.510000228881836,13.539999961853027,2351.0
2026-08-05 10:37:00,PTCT,,69.66500091552734,69.66500091552734,69.66500091552734,69.66500091552734,2472.0
2026-08-05 10:37:00,PTEN,,9.765000343322754,9.8100004196167,9.765000343322754,9.8100004196167,5747.0
2026-08-05 10:37:00,PTLO,,4.625,4.625,4.625,4.625,1052.0
2026-08-05 10:37:00,PTON,,6.554999828338623,6.559999942779541,6.550000190734863,6.554999828338623,13715.0
2026-08-05 10:37:00,PWP,,17.28499984741211,17.28499984741211,17.28499984741211,17.28499984741211,1154.0
2026-08-05 10:37:00,PYPD,,4.485000133514404,4.485000133514404,4.485000133514404,4.485000133514404,3.0
2026-08-05 10:37:00,PYPL,,58.68479919433594,58.709999084472656,58.59000015258789,58.59000015258789,14970.0
2026-08-05 10:37:00,PYXS,,3.25,3.25,3.25,3.25,2056.0
2026-08-05 10:37:00,QCOM,,158.4199981689453,159.02999877929688,158.39999389648438,158.77000427246094,49883.0
2026-08-05 10:37:00,QFIN,,13.4399995803833,13.4399995803833,13.4399995803833,13.4399995803833,2462.0
2026-08-05 10:37:00,QRVO,,94.47000122070312,94.58999633789062,94.44999694824219,94.58000183105469,1971.0
2026-08-05 10:37:00,SEED,,0.9743000268936157,0.9785000085830688,0.9700000286102295,0.9700000286102295,1806.0
2026-08-05 10:37:00,TARA,,4.039999961853027,4.039999961853027,4.039999961853027,4.039999961853027,2075.0
2026-08-05 10:37:00,WOOF,,2.9500999450683594,2.960099935531616,2.950000047683716,2.9600000381469727,18576.0
2026-08-05 10:38:00,ACDC,,4.244999885559082,4.25,4.244999885559082,4.25,1610.0
2026-08-05 10:38:00,EYE,,23.4950008392334,23.4950008392334,23.469999313354492,23.469999313354492,795.0
2026-08-05 10:38:00,GLUE,,15.960000038146973,15.960000038146973,15.960000038146973,15.960000038146973,110.0
2026-08-05 10:38:00,KIDS,,21.450000762939453,21.545000076293945,21.450000762939453,21.540000915527344,5258.0
2026-08-05 10:38:00,KITT,,1.0850000381469727,1.0850000381469727,1.0800000429153442,1.0800000429153442,708.0
2026-08-05 10:38:00,KTTA,,0.4788999855518341,0.4788999855518341,0.4758000075817108,0.4758000075817108,11000.0
2026-08-05 10:38:00,MDB,,378.70001220703125,378.70001220703125,378.0299987792969,378.0299987792969,1375.0
2026-08-05 10:38:00,MDLZ,,62.150001525878906,62.16999816894531,62.119998931884766,62.150001525878906,14871.0
2026-08-05 10:38:00,MLTX,,17.6200008392334,17.6200008392334,17.559999465942383,17.610000610351562,19770.0
2026-08-05 10:38:00,MNRO,,13.119999885559082,13.119999885559082,13.119999885559082,13.119999885559082,362.0
2026-08-05 10:38:00,MNST,,95.05999755859375,95.06999969482422,95.02999877929688,95.05999755859375,8777.0
2026-08-05 10:38:00,MNTK,,1.6749999523162842,1.6799999475479126,1.6749999523162842,1.679900050163269,9983.0
2026-08-05 10:38:00,MNTSW,,0.007899999618530273,0.00800000037997961,0.007899999618530273,0.00800000037997961,42295.0
2026-08-05 10:38:00,MPWR,,1319.969970703125,1319.969970703125,1316.324951171875,1317.3800048828125,1339.0
2026-08-05 10:38:00,MRNA,,58.0099983215332,58.029998779296875,57.940101623535156,57.984500885009766,8589.0
2026-08-05 10:38:00,MYRG,,337.4649963378906,337.4649963378906,337.4649963378906,337.4649963378906,328.0
2026-08-05 10:38:00,NAMS,,26.65999984741211,26.65999984741211,26.65999984741211,26.65999984741211,164.0
2026-08-05 10:38:00,NAUT,,0.9714000225067139,0.9714000225067139,0.9714000225067139,0.9714000225067139,684.0
2026-08-05 10:38:00,NAVI,,9.079999923706055,9.085000038146973,9.079999923706055,9.085000038146973,760.0
2026-08-05 10:38:00,NB,,5.034999847412109,5.034999847412109,5.019999980926514,5.034999847412109,5405.0
2026-08-05 10:38:00,NBIX,,163.4149932861328,163.44000244140625,163.23500061035156,163.44000244140625,1147.0
2026-08-05 10:38:00,NBTB,,53.66999816894531,53.66999816894531,53.66999816894531,53.66999816894531,1171.0
2026-08-05 10:38:00,NCMI,,4.119999885559082,4.119999885559082,4.119999885559082,4.119999885559082,2692.0
2026-08-05 10:38:00,NDAQ,,95.22000122070312,95.22000122070312,95.13500213623047,95.13999938964844,6345.0
2026-08-05 10:38:00,NDSN,,310.54998779296875,310.54998779296875,310.54998779296875,310.54998779296875,178.0
2026-08-05 10:38:00,NEOG,,11.704999923706055,11.704999923706055,11.694999694824219,11.704999923706055,5349.0
2026-08-05 10:38:00,NEON,,0.9419999718666077,0.9419999718666077,0.9419999718666077,0.9419999718666077,528.0
2026-08-05 10:38:00,NEOV,,2.869999885559082,2.869999885559082,2.860100030899048,2.860100030899048,4863.0
2026-08-05 10:38:00,NESR,,28.44499969482422,28.5,28.409299850463867,28.5,5157.0
2026-08-05 10:38:00,NEWT,,15.3100004196167,15.3100004196167,15.3100004196167,15.3100004196167,686.0
2026-08-05 10:38:00,NEXT,,6.385000228881836,6.389999866485596,6.385000228881836,6.385000228881836,1820.0
2026-08-05 10:38:00,NFLX,,74.25,74.32499694824219,74.24500274658203,74.30899810791016,51402.0
2026-08-05 10:38:00,NICE,,96.10130310058594,96.10130310058594,96.0199966430664,96.0199966430664,508.0
2026-08-05 10:38:00,NKTR,,72.55149841308594,72.55149841308594,72.54000091552734,72.54499816894531,1807.0
2026-08-05 10:38:00,NKTX,,2.1700000762939453,2.1700000762939453,2.1700000762939453,2.1700000762939453,1716.0
2026-08-05 10:38:00,NMFC,,7.340000152587891,7.349999904632568,7.340000152587891,7.349999904632568,1852.0
2026-08-05 10:38:00,NMRA,,1.6449999809265137,1.6449999809265137,1.6449999809265137,1.6449999809265137,201.0
2026-08-05 10:38:00,NMRK,,15.760000228881836,15.760000228881836,15.75,15.75,3487.0
2026-08-05 10:38:00,NN,,14.34000015258789,14.34000015258789,14.300000190734863,14.300000190734863,5282.0
2026-08-05 10:38:00,NNBR,,3.8299999237060547,3.8299999237060547,3.8299999237060547,3.8299999237060547,102.0
2026-08-05 10:38:00,NNDM,,1.5399999618530273,1.5449999570846558,1.5399999618530273,1.5449999570846558,1045.0
2026-08-05 10:38:00,NNOX,,1.0211000442504883,1.0211000442504883,1.0211000442504883,1.0211000442504883,940.0
2026-08-05 10:38:00,NODK,,15.449999809265137,15.449999809265137,15.449999809265137,15.449999809265137,149.0
2026-08-05 10:38:00,NOVT,,158.97999572753906,158.98500061035156,158.60000610351562,158.98500061035156,1746.0
2026-08-05 10:38:00,NRDS,,9.265000343322754,9.265000343322754,9.265000343322754,9.265000343322754,1925.0
2026-08-05 10:38:00,NRIX,,24.709999084472656,24.739999771118164,24.65999984741211,24.709999084472656,13318.0
2026-08-05 10:38:00,NRSN,,0.5598000288009644,0.5598000288009644,0.5598000288009644,0.5598000288009644,0.0
2026-08-05 10:38:00,NRXP,,3.0299999713897705,3.0299999713897705,3.0299999713897705,3.0299999713897705,668.0
2026-08-05 10:38:00,NSSC,,40.279998779296875,40.279998779296875,40.279998779296875,40.279998779296875,816.0
2026-08-05 10:38:00,NTAP,,191.57000732421875,191.625,191.13999938964844,191.13999938964844,5570.0
2026-08-05 10:38:00,NTES,,128.39999389648438,128.39999389648438,128.39999389648438,128.39999389648438,132.0
2026-08-05 10:38:00,NTNX,,61.07500076293945,61.099998474121094,61.025001525878906,61.099998474121094,1398.0
2026-08-05 10:38:00,NTRA,,277.489990234375,277.94000244140625,277.489990234375,277.8299865722656,1374.0
2026-08-05 10:38:00,NTRS,,184.67999267578125,184.67999267578125,184.67999267578125,184.67999267578125,307.0
2026-08-05 10:38:00,NVAX,,7.65500020980835,7.659999847412109,7.65500020980835,7.659999847412109,18265.0
2026-08-05 10:38:00,NVCR,,16.05500030517578,16.05500030517578,16.024999618530273,16.030000686645508,2808.0
2026-08-05 10:38:00,NVCT,,20.184999465942383,20.184999465942383,20.184999465942383,20.184999465942383,166.0
2026-08-05 10:38:00,NVDA,,219.94000244140625,220.06500244140625,219.6300048828125,219.80999755859375,327039.0
2026-08-05 10:38:00,NVTS,,12.404999732971191,12.420000076293945,12.390000343322754,12.399900436401367,33275.0
2026-08-05 10:38:00,NWBI,,15.989999771118164,15.989999771118164,15.984999656677246,15.984999656677246,1557.0
2026-08-05 10:38:00,NWE,,68.9000015258789,68.91000366210938,68.9000015258789,68.91000366210938,634.0
2026-08-05 10:38:00,NWL,,6.09499979019165,6.099999904632568,6.09499979019165,6.099999904632568,12215.0
2026-08-05 10:38:00,NWPX,,126.3499984741211,126.56999969482422,126.3499984741211,126.56999969482422,941.0
2026-08-05 10:38:00,NWS,,32.5989990234375,32.605098724365234,32.59000015258789,32.599998474121094,2541.0
2026-08-05 10:38:00,NWSA,,28.440000534057617,28.44499969482422,28.43000030517578,28.434999465942383,3624.0
2026-08-05 10:38:00,NXPI,,230.64999389648438,230.72999572753906,230.02000427246094,230.07000732421875,6258.0
2026-08-05 10:38:00,NXST,,193.2100067138672,193.2100067138672,193.2100067138672,193.2100067138672,1175.0
2026-08-05 10:38:00,NXT,,97.62000274658203,97.75,97.55000305175781,97.68499755859375,2980.0
2026-08-05 10:38:00,OABI,,1.9950000047683716,1.9950000047683716,1.9900000095367432,1.9950000047683716,1192.0
2026-08-05 10:38:00,OBT,,38.810001373291016,38.810001373291016,38.810001373291016,38.810001373291016,750.0
2026-08-05 10:38:00,OCFC,,19.84000015258789,19.84000015258789,19.84000015258789,19.84000015258789,822.0
2026-08-05 10:38:00,OCGN,,1.315000057220459,1.3200000524520874,1.3100999593734741,1.315000057220459,2568.0
2026-08-05 10:38:00,OCUL,,8.590100288391113,8.590100288391113,8.590100288391113,8.590100288391113,1020.0
2026-08-05 10:38:00,ODFL,,217.61500549316406,217.72000122070312,217.30999755859375,217.30999755859375,2548.0
2026-08-05 10:38:00,OESX,,16.649999618530273,16.649999618530273,16.549999237060547,16.549999237060547,3376.0
2026-08-05 10:38:00,OFIX,,10.864999771118164,10.864999771118164,10.84000015258789,10.84000015258789,1720.0
2026-08-05 10:38:00,OGI,,0.9697999954223633,0.9697999954223633,0.9684000015258789,0.9684000015258789,1088.0
2026-08-05 10:38:00,OKTA,,148.69000244140625,148.69000244140625,148.69000244140625,148.69000244140625,837.0
2026-08-05 10:38:00,OLB,,0.3197999894618988,0.3197999894618988,0.31769999861717224,0.31779998540878296,1500.0
2026-08-05 10:38:00,OLLI,,79.02999877929688,79.02999877929688,78.97000122070312,78.97000122070312,1246.0
2026-08-05 10:38:00,OLMA,,11.5600004196167,11.5600004196167,11.5600004196167,11.5600004196167,398.0
2026-08-05 10:38:00,OMCL,,37.439300537109375,37.439300537109375,37.439300537109375,37.439300537109375,283.0
2026-08-05 10:38:00,OMER,,13.09000015258789,13.09000015258789,13.09000015258789,13.09000015258789,942.0
2026-08-05 10:38:00,OMH,,0.10999999940395355,0.10999999940395355,0.10999999940395355,0.10999999940395355,5718.0
2026-08-05 10:38:00,ON,,77.6500015258789,77.6500015258789,77.5,77.55999755859375,36022.0
2026-08-05 10:38:00,ONB,,27.139999389648438,27.139999389648438,27.1299991607666,27.1299991607666,3604.0
2026-08-05 10:38:00,ONCY,,0.785099983215332,0.7900000214576721,0.785099983215332,0.7900000214576721,300.0
2026-08-05 10:38:00,ONDS,,8.864999771118164,8.890000343322754,8.859999656677246,8.875,161549.0
2026-08-05 10:38:00,ONFO,,0.07320000231266022,0.07339999824762344,0.0731000006198883,0.07329999655485153,34359.0
2026-08-05 10:38:00,OPCH,,23.549999237060547,23.549999237060547,23.540000915527344,23.540000915527344,2791.0
2026-08-05 10:38:00,OPEN,,3.8949999809265137,3.9000000953674316,3.875,3.9000000953674316,246810.0
2026-08-05 10:38:00,OPK,,1.3200000524520874,1.3250000476837158,1.3200000524520874,1.3200000524520874,6384.0
2026-08-05 10:38:00,OPRA,,20.34000015258789,20.34000015258789,20.34000015258789,20.34000015258789,181.0
2026-08-05 10:38:00,ORIC,,13.319999694824219,13.319999694824219,13.3100004196167,13.3100004196167,1798.0
2026-08-05 10:38:00,ORLY,,93.94999694824219,94.04000091552734,93.94999694824219,94.04000091552734,10647.0
2026-08-05 10:38:00,OSBC,,25.885000228881836,25.885000228881836,25.885000228881836,25.885000228881836,1040.0
2026-08-05 10:38:00,OSS,,14.050000190734863,14.062800407409668,13.996199607849121,14.020000457763672,8201.0
2026-08-05 10:38:00,OSW,,26.610000610351562,26.610000610351562,26.549999237060547,26.549999237060547,2295.0
2026-08-05 10:38:00,OTEX,,26.0,26.030000686645508,26.0,26.024999618530273,4676.0
2026-08-05 10:38:00,OTLK,,1.0399999618530273,1.0399999618530273,1.0399999618530273,1.0399999618530273,6325.0
2026-08-05 10:38:00,OTTR,,92.1500015258789,92.1500015258789,92.1500015258789,92.1500015258789,160.0
2026-08-05 10:38:00,OVID,,2.619999885559082,2.619999885559082,2.619999885559082,2.619999885559082,2025.0
2026-08-05 10:38:00,OXLC,,9.056099891662598,9.0600004196167,9.055000305175781,9.0600004196167,2369.0
2026-08-05 10:38:00,OXSQ,,1.4800000190734863,1.4850000143051147,1.4800000190734863,1.4800000190734863,1162.0
2026-08-05 10:38:00,PAA,,23.2450008392334,23.2450008392334,23.239999771118164,23.2450008392334,2589.0
2026-08-05 10:38:00,PAAS,,48.20000076293945,48.279998779296875,48.165000915527344,48.279998779296875,44659.0
2026-08-05 10:38:00,PACB,,1.434999942779541,1.434999942779541,1.4299999475479126,1.4299999475479126,3099.0
2026-08-05 10:38:00,PAGP,,25.165000915527344,25.165000915527344,25.15999984741211,25.15999984741211,1467.0
2026-08-05 10:38:00,PALI,,2.075000047683716,2.075000047683716,2.069999933242798,2.069999933242798,955.0
2026-08-05 10:38:00,PANL,,7.335000038146973,7.335000038146973,7.335000038146973,7.335000038146973,209.0
2026-08-05 10:38:00,PANW,,367.7500915527344,368.4200134277344,367.7500915527344,367.9949951171875,9413.0
2026-08-05 10:38:00,PATK,,88.4800033569336,88.4800033569336,88.4800033569336,88.4800033569336,352.0
2026-08-05 10:38:00,PAX,,11.420000076293945,11.420000076293945,11.40999984741211,11.40999984741211,1399.0
2026-08-05 10:38:00,PAYO,,7.125,7.130000114440918,7.119999885559082,7.130000114440918,1226.0
2026-08-05 10:38:00,PAYS,,9.359999656677246,9.369999885559082,9.359999656677246,9.369999885559082,219.0
2026-08-05 10:38:00,PAYX,,118.12000274658203,118.2300033569336,118.12000274658203,118.2300033569336,7554.0
2026-08-05 10:38:00,PBYI,,7.989999771118164,8.010000228881836,7.989999771118164,8.0,693.0
2026-08-05 10:38:00,PCAR,,133.69000244140625,134.0500030517578,133.66000366210938,134.0500030517578,26140.0
2026-08-05 10:38:00,PCRX,,25.385000228881836,25.420000076293945,25.385000228881836,25.420000076293945,2352.0
2026-08-05 10:38:00,PCT,,6.929999828338623,6.929999828338623,6.929999828338623,6.929999828338623,1584.0
2026-08-05 10:38:00,PCTY,,148.5050048828125,148.66000366210938,148.13999938964844,148.66000366210938,2009.0
2026-08-05 10:38:00,PDD,,92.05000305175781,92.06999969482422,92.05000305175781,92.05999755859375,6811.0
2026-08-05 10:38:00,PEGA,,31.790000915527344,31.790000915527344,31.729999542236328,31.764999389648438,4347.0
2026-08-05 10:38:00,PENN,,19.950000762939453,19.951000213623047,19.950000762939453,19.950000762939453,3251.0
2026-08-05 10:38:00,PEP,,139.0399932861328,139.0399932861328,138.9810028076172,138.99000549316406,18510.0
2026-08-05 10:38:00,PERI,,9.640000343322754,9.640000343322754,9.640000343322754,9.640000343322754,171.0
2026-08-05 10:38:00,PESI,,17.8799991607666,17.8799991607666,17.8799991607666,17.8799991607666,1687.0
2026-08-05 10:38:00,PFG,,115.11000061035156,115.30000305175781,115.11000061035156,115.22000122070312,3953.0
2026-08-05 10:38:00,PGEN,,6.875,6.880000114440918,6.835000038146973,6.840000152587891,39838.0
2026-08-05 10:38:00,PGNY,,31.649999618530273,31.649999618530273,31.649999618530273,31.649999618530273,1444.0
2026-08-05 10:38:00,PGY,,21.760000228881836,21.760000228881836,21.709999084472656,21.7450008392334,7760.0
2026-08-05 10:38:00,PHAT,,8.555000305175781,8.5600004196167,8.555000305175781,8.5600004196167,1410.0
2026-08-05 10:38:00,PHUN,,2.159899950027466,2.1600000858306885,2.159899950027466,2.1600000858306885,2471.0
2026-08-05 10:38:00,PHVS,,32.939998626708984,33.095001220703125,32.939998626708984,33.095001220703125,2202.0
2026-08-05 10:38:00,PIII,,10.395000457763672,10.395000457763672,10.383000373840332,10.383000373840332,2830.0
2026-08-05 10:38:00,PLBY,,1.160099983215332,1.1865999698638916,1.160099983215332,1.1865999698638916,122790.0
2026-08-05 10:38:00,PLPC,,461.9700012207031,461.9700012207031,461.9700012207031,461.9700012207031,694.0
2026-08-05 10:38:00,PLSE,,37.43000030517578,37.43000030517578,37.31999969482422,37.31999969482422,1147.0
2026-08-05 10:38:00,PLUG,,2.0999999046325684,2.1191000938415527,2.0999999046325684,2.109999895095825,138401.0
2026-08-05 10:38:00,PNFP,,107.98999786376953,107.99500274658203,107.80000305175781,107.80000305175781,3621.0
2026-08-05 10:38:00,POET,,8.210200309753418,8.21500015258789,8.1899995803833,8.210000038146973,43098.0
2026-08-05 10:38:00,POWI,,62.06999969482422,62.06999969482422,62.06999969482422,62.06999969482422,342.0
2026-08-05 10:38:00,POWL,,207.50999450683594,207.50999450683594,207.5050048828125,207.5050048828125,622.0
2026-08-05 10:38:00,PPC,,26.885000228881836,26.885000228881836,26.885000228881836,26.885000228881836,1020.0
2026-08-05 10:38:00,PPSI,,2.950000047683716,2.9600000381469727,2.950000047683716,2.9600000381469727,300.0
2026-08-05 10:38:00,PPTA,,22.650299072265625,22.720699310302734,22.650299072265625,22.685100555419922,2546.0
2026-08-05 10:38:00,PRAX,,312.135009765625,312.1499938964844,312.135009765625,312.1499938964844,289.0
2026-08-05 10:38:00,PRCT,,19.290000915527344,19.315000534057617,19.229999542236328,19.2450008392334,7440.0
2026-08-05 10:38:00,PRGS,,41.85499954223633,41.85499954223633,41.85499954223633,41.85499954223633,258.0
2026-08-05 10:38:00,PRIM,,88.11499786376953,88.11499786376953,88.11499786376953,88.11499786376953,1025.0
2026-08-05 10:38:00,PRLD,,4.514999866485596,4.514999866485596,4.514999866485596,4.514999866485596,386.0
2026-08-05 10:38:00,PRME,,2.9649999141693115,2.9649999141693115,2.9600000381469727,2.9600000381469727,818.0
2026-08-05 10:38:00,PRQR,,1.909999966621399,1.909999966621399,1.909999966621399,1.909999966621399,2823.0
2026-08-05 10:38:00,PRSO,,0.6899999976158142,0.6899999976158142,0.6899999976158142,0.6899999976158142,11176.0
2026-08-05 10:38:00,PRTA,,8.545000076293945,8.545000076293945,8.53499984741211,8.539999961853027,2586.0
2026-08-05 10:38:00,PRTH,,6.616000175476074,6.616000175476074,6.610000133514404,6.610000133514404,1755.0
2026-08-05 10:38:00,PRVA,,24.06999969482422,24.06999969482422,24.045000076293945,24.06999969482422,1808.0
2026-08-05 10:38:00,PSEC,,2.194999933242798,2.197000026702881,2.190000057220459,2.197000026702881,3833.0
2026-08-05 10:38:00,PSMT,,192.75999450683594,192.75999450683594,192.75999450683594,192.75999450683594,489.0
2026-08-05 10:38:00,PTC,,142.0399932861328,142.0399932861328,142.0399932861328,142.0399932861328,654.0
2026-08-05 10:38:00,PTCT,,69.5199966430664,69.5199966430664,69.5199966430664,69.5199966430664,1341.0
2026-08-05 10:38:00,PTEN,,9.765000343322754,9.779999732971191,9.75,9.760000228881836,172633.0
2026-08-05 10:38:00,PTLO,,4.625,4.625,4.625,4.625,4301.0
2026-08-05 10:38:00,PTON,,6.550000190734863,6.550000190734863,6.539999961853027,6.550000190734863,5071.0
2026-08-05 10:38:00,PUBM,,13.670000076293945,13.670000076293945,13.670000076293945,13.670000076293945,544.0
2026-08-05 10:38:00,PWP,,17.329999923706055,17.329999923706055,17.31999969482422,17.31999969482422,1006.0
2026-08-05 10:38:00,PXLW,,6.315000057220459,6.315000057220459,6.315000057220459,6.315000057220459,525.0
2026-08-05 10:38:00,PYPL,,58.689998626708984,58.720001220703125,58.68000030517578,58.70000076293945,9959.0
2026-08-05 10:38:00,PYXS,,3.257999897003174,3.259999990463257,3.25,3.2588999271392822,3670.0
2026-08-05 10:38:00,PZZA,,30.660900115966797,30.674999237060547,30.660900115966797,30.674999237060547,1431.0
2026-08-05 10:38:00,QCOM,,158.72509765625,158.72509765625,158.3800048828125,158.47999572753906,13503.0
2026-08-05 10:38:00,QRVO,,94.55000305175781,94.55000305175781,94.40499877929688,94.40499877929688,1945.0
2026-08-05 10:38:00,SEED,,0.9800999760627747,0.9934999942779541,0.970300018787384,0.970300018787384,4538.0
2026-08-05 10:38:00,WOOF,,2.9549999237060547,2.9549999237060547,2.9509999752044678,2.9509999752044678,3400.0
2026-08-05 10:39:00,ACDC,,4.230000019073486,4.244999885559082,4.224999904632568,4.244999885559082,6557.0
2026-08-05 10:39:00,BPOP,,177.33999633789062,177.55999755859375,177.33999633789062,177.55999755859375,3198.0
2026-08-05 10:39:00,FIZZ,,32.029998779296875,32.029998779296875,31.8799991607666,31.8799991607666,3139.0
2026-08-05 10:39:00,GLUE,,15.960000038146973,16.010000228881836,15.954999923706055,15.960000038146973,6614.0
2026-08-05 10:39:00,KITT,,1.0700000524520874,1.0700000524520874,1.0700000524520874,1.0700000524520874,315.0
2026-08-05 10:39:00,KTTA,,0.47620001435279846,0.47620001435279846,0.47620001435279846,0.47620001435279846,0.0
2026-08-05 10:39:00,MBRX,,0.40709999203681946,0.4083000123500824,0.40709999203681946,0.4083000123500824,1631.0
2026-08-05 10:39:00,MDB,,378.7049865722656,378.7674865722656,378.68499755859375,378.68499755859375,524.0
2026-08-05 10:39:00,MDLZ,,62.22999954223633,62.2400016784668,62.119998931884766,62.150001525878906,8599.0
2026-08-05 10:39:00,MLTX,,17.579999923706055,17.639999389648438,17.579999923706055,17.6200008392334,1506.0
2026-08-05 10:39:00,MNRO,,13.149999618530273,13.149999618530273,13.140000343322754,13.140000343322754,1216.0
2026-08-05 10:39:00,MNST,,95.1050033569336,95.11000061035156,95.05999755859375,95.05999755859375,4177.0
2026-08-05 10:39:00,MNTK,,1.690000057220459,1.690000057220459,1.6790000200271606,1.6790000200271606,3231.0
2026-08-05 10:39:00,MNTS,,4.380000114440918,4.380000114440918,4.360000133514404,4.375,3291.0
2026-08-05 10:39:00,MOVE,,12.155900001525879,12.155900001525879,12.155900001525879,12.155900001525879,7643.0
2026-08-05 10:39:00,MPWR,,1314.7099609375,1321.3199462890625,1314.7099609375,1314.7099609375,847.0
2026-08-05 10:39:00,MRNA,,57.5,58.0099983215332,57.45000076293945,57.95500183105469,16911.0
2026-08-05 10:39:00,MYGN,,3.2149999141693115,3.2149999141693115,3.2149999141693115,3.2149999141693115,2652.0
2026-08-05 10:39:00,NAMS,,26.579999923706055,26.65999984741211,26.579999923706055,26.65999984741211,1469.0
2026-08-05 10:39:00,NATR,,20.139999389648438,20.139999389648438,20.104999542236328,20.104999542236328,1574.0
2026-08-05 10:39:00,NAVI,,9.104999542236328,9.104999542236328,9.074999809265137,9.074999809265137,4985.0
2026-08-05 10:39:00,NB,,5.019999980926514,5.039899826049805,5.019999980926514,5.03000020980835,4247.0
2026-08-05 10:39:00,NBIX,,163.2550048828125,163.6300048828125,163.2550048828125,163.4149932861328,6093.0
2026-08-05 10:39:00,NCNA,,1.3600000143051147,1.3600000143051147,1.3600000143051147,1.3600000143051147,275.0
2026-08-05 10:39:00,NCRA,,1.7999999523162842,1.7999999523162842,1.7999999523162842,1.7999999523162842,739.0
2026-08-05 10:39:00,NDAQ,,95.0999984741211,95.19000244140625,95.0999984741211,95.19000244140625,4207.0
2026-08-05 10:39:00,NDSN,,311.0400085449219,311.4599914550781,311.0400085449219,311.4599914550781,410.0
2026-08-05 10:39:00,NEO,,16.190000534057617,16.209999084472656,16.190000534057617,16.19930076599121,2439.0
2026-08-05 10:39:00,NEOG,,11.694999694824219,11.71500015258789,11.694999694824219,11.704999923706055,4991.0
2026-08-05 10:39:00,NEOV,,2.8499999046325684,2.880000114440918,2.8499999046325684,2.880000114440918,14648.0
2026-08-05 10:39:00,NESR,,28.3700008392334,28.440000534057617,28.3700008392334,28.440000534057617,2757.0
2026-08-05 10:39:00,NEWT,,15.34000015258789,15.34000015258789,15.34000015258789,15.34000015258789,112.0
2026-08-05 10:39:00,NEXT,,6.360000133514404,6.389800071716309,6.349999904632568,6.360000133514404,4611.0
2026-08-05 10:39:00,NFLX,,74.29499816894531,74.31500244140625,74.22000122070312,74.25,50587.0
2026-08-05 10:39:00,NGNE,,34.779998779296875,34.779998779296875,34.75,34.75,226.0
2026-08-05 10:39:00,NICE,,96.18000030517578,96.43499755859375,95.86000061035156,95.91000366210938,3126.0
2026-08-05 10:39:00,NIU,,2.509999990463257,2.509999990463257,2.509999990463257,2.509999990463257,536.0
2026-08-05 10:39:00,NKTR,,72.44000244140625,72.44999694824219,72.44000244140625,72.44999694824219,1028.0
2026-08-05 10:39:00,NKTX,,2.1649999618530273,2.1649999618530273,2.1649999618530273,2.1649999618530273,1113.0
2026-08-05 10:39:00,NMFCZ,,25.114999771118164,25.114999771118164,25.114999771118164,25.114999771118164,0.0
2026-08-05 10:39:00,NMRA,,1.6399999856948853,1.6449999809265137,1.6399999856948853,1.6449999809265137,4527.0
2026-08-05 10:39:00,NMRK,,15.800000190734863,15.8100004196167,15.800000190734863,15.800000190734863,3802.0
2026-08-05 10:39:00,NMTC,,1.649999976158142,1.649999976158142,1.649999976158142,1.649999976158142,1440.0
2026-08-05 10:39:00,NN,,14.369999885559082,14.390000343322754,14.335000038146973,14.335000038146973,22485.0
2026-08-05 10:39:00,NNBR,,3.819999933242798,3.8299999237060547,3.819999933242798,3.8299999237060547,4959.0
2026-08-05 10:39:00,NNDM,,1.5449999570846558,1.5449999570846558,1.5399999618530273,1.5449999570846558,1201.0
2026-08-05 10:39:00,NNOX,,1.024999976158142,1.024999976158142,1.024999976158142,1.024999976158142,347.0
2026-08-05 10:39:00,NOVT,,158.6750030517578,158.97999572753906,158.44000244140625,158.97999572753906,2289.0
2026-08-05 10:39:00,NRDS,,9.270000457763672,9.270000457763672,9.270000457763672,9.270000457763672,348.0
2026-08-05 10:39:00,NRIX,,24.720500946044922,24.75,24.720500946044922,24.75,1490.0
2026-08-05 10:39:00,NRSN,,0.550000011920929,0.550000011920929,0.550000011920929,0.550000011920929,4564.0
2026-08-05 10:39:00,NRXP,,3.0250000953674316,3.0250000953674316,3.0250000953674316,3.0250000953674316,139.0
2026-08-05 10:39:00,NTAP,,191.42999267578125,191.7550048828125,191.42999267578125,191.69000244140625,4718.0
2026-08-05 10:39:00,NTCT,,41.849998474121094,41.849998474121094,41.84000015258789,41.84000015258789,1226.0
2026-08-05 10:39:00,NTES,,128.45489501953125,128.45489501953125,128.4499969482422,128.4499969482422,1639.0
2026-08-05 10:39:00,NTNX,,61.125,61.13999938964844,61.07500076293945,61.099998474121094,2332.0
2026-08-05 10:39:00,NTRA,,277.9150085449219,277.9150085449219,277.9150085449219,277.9150085449219,1021.0
2026-08-05 10:39:00,NTRS,,184.9250030517578,184.94500732421875,184.9250030517578,184.94500732421875,1813.0
2026-08-05 10:39:00,NVAX,,7.639999866485596,7.659999847412109,7.639999866485596,7.659999847412109,8470.0
2026-08-05 10:39:00,NVCR,,16.010000228881836,16.030000686645508,16.010000228881836,16.030000686645508,1652.0
2026-08-05 10:39:00,NVCT,,20.09000015258789,20.09000015258789,20.09000015258789,20.09000015258789,403.0
2026-08-05 10:39:00,NVDA,,219.80499267578125,220.1199951171875,219.7205047607422,219.92999267578125,266221.0
2026-08-05 10:39:00,NVMI,,406.6050109863281,408.3399963378906,406.6050109863281,407.3699951171875,4581.0
2026-08-05 10:39:00,NVTS,,12.345000267028809,12.425399780273438,12.340100288391113,12.40999984741211,37186.0
2026-08-05 10:39:00,NWBI,,15.994999885559082,15.994999885559082,15.994999885559082,15.994999885559082,1667.0
2026-08-05 10:39:00,NWE,,69.04000091552734,69.04000091552734,68.98999786376953,68.98999786376953,1774.0
2026-08-05 10:39:00,NWGL,,0.27390000224113464,0.27390000224113464,0.26989999413490295,0.27000001072883606,1010.0
2026-08-05 10:39:00,NWL,,6.105000019073486,6.107699871063232,6.039999961853027,6.090000152587891,1129553.0
2026-08-05 10:39:00,NWPX,,126.69999694824219,127.11000061035156,126.69999694824219,126.72000122070312,3414.0
2026-08-05 10:39:00,NWS,,32.61000061035156,32.61000061035156,32.58000183105469,32.58000183105469,9453.0
2026-08-05 10:39:00,NWSA,,28.454999923706055,28.454999923706055,28.43000030517578,28.43000030517578,5956.0
2026-08-05 10:39:00,NXL,,0.3781999945640564,0.3781999945640564,0.36390000581741333,0.36390000581741333,5420.0
2026-08-05 10:39:00,NXPI,,229.9600067138672,230.7899932861328,229.9600067138672,230.7899932861328,14882.0
2026-08-05 10:39:00,NXT,,97.43000030517578,97.69999694824219,97.43000030517578,97.62000274658203,2851.0
2026-08-05 10:39:00,NYXH,,1.4199999570846558,1.4199999570846558,1.4199999570846558,1.4199999570846558,316.0
2026-08-05 10:39:00,OABI,,2.015000104904175,2.015000104904175,2.0,2.0,3185.0
2026-08-05 10:39:00,OCFC,,19.84000015258789,19.84000015258789,19.84000015258789,19.84000015258789,809.0
2026-08-05 10:39:00,OCGN,,1.316100001335144,1.316100001335144,1.316100001335144,1.316100001335144,810.0
2026-08-05 10:39:00,OCSL,,12.140000343322754,12.140000343322754,12.125,12.125,3012.0
2026-08-05 10:39:00,OCUL,,8.595000267028809,8.609999656677246,8.595000267028809,8.609999656677246,3156.0
2026-08-05 10:39:00,ODD,,15.130000114440918,15.130000114440918,15.130000114440918,15.130000114440918,746.0
2026-08-05 10:39:00,ODFL,,217.66000366210938,217.71499633789062,217.66000366210938,217.71499633789062,490.0
2026-08-05 10:39:00,OESX,,16.072099685668945,16.469999313354492,16.0,16.329999923706055,8640.0
2026-08-05 10:39:00,OFIX,,10.970000267028809,10.970000267028809,10.920000076293945,10.920000076293945,1370.0
2026-08-05 10:39:00,OKTA,,148.85000610351562,148.85000610351562,148.85000610351562,148.85000610351562,2087.0
2026-08-05 10:39:00,OLLI,,79.01599884033203,79.08999633789062,79.01000213623047,79.02999877929688,4636.0
2026-08-05 10:39:00,OMCL,,37.5,37.5,37.459999084472656,37.459999084472656,2976.0
2026-08-05 10:39:00,OMER,,13.050000190734863,13.079999923706055,13.050000190734863,13.079999923706055,2700.0
2026-08-05 10:39:00,OMH,,0.11029999703168869,0.11029999703168869,0.10999999940395355,0.10999999940395355,2946.0
2026-08-05 10:39:00,ON,,77.37640380859375,77.69999694824219,77.33999633789062,77.63999938964844,45444.0
2026-08-05 10:39:00,ONB,,27.1299991607666,27.139999389648438,27.1299991607666,27.139999389648438,2500.0
2026-08-05 10:39:00,ONCY,,0.785099983215332,0.785099983215332,0.785099983215332,0.785099983215332,425.0
2026-08-05 10:39:00,ONDS,,8.86870002746582,8.90999984741211,8.860199928283691,8.863800048828125,196464.0
2026-08-05 10:39:00,ONFO,,0.0729999989271164,0.07320000231266022,0.0729999989271164,0.0731000006198883,88102.0
2026-08-05 10:39:00,OPCH,,23.55500030517578,23.55500030517578,23.55500030517578,23.55500030517578,363.0
2026-08-05 10:39:00,OPEN,,3.900099992752075,3.9100000858306885,3.8949999809265137,3.8949999809265137,93499.0
2026-08-05 10:39:00,OPK,,1.3200000524520874,1.3209999799728394,1.3200000524520874,1.3200000524520874,4409.0
2026-08-05 10:39:00,OPRA,,20.260000228881836,20.260000228881836,20.239999771118164,20.25,2892.0
2026-08-05 10:39:00,OPRX,,6.789999961853027,6.789999961853027,6.789999961853027,6.789999961853027,217.0
2026-08-05 10:39:00,ORGO,,2.384999990463257,2.384999990463257,2.384999990463257,2.384999990463257,299.0
2026-08-05 10:39:00,ORIC,,13.364999771118164,13.369999885559082,13.359999656677246,13.369999885559082,4429.0
2026-08-05 10:39:00,ORLY,,94.06500244140625,94.06500244140625,93.91999816894531,93.91999816894531,7083.0
2026-08-05 10:39:00,OSBC,,25.899999618530273,25.899999618530273,25.889999389648438,25.889999389648438,371.0
2026-08-05 10:39:00,OSIS,,234.74000549316406,234.74000549316406,234.74000549316406,234.74000549316406,351.0
2026-08-05 10:39:00,OSPN,,16.579999923706055,16.579999923706055,16.579999923706055,16.579999923706055,402.0
2026-08-05 10:39:00,OSS,,13.920000076293945,14.059200286865234,13.859999656677246,14.059200286865234,16113.0
2026-08-05 10:39:00,OSUR,,4.164999961853027,4.164999961853027,4.164999961853027,4.164999961853027,212.0
2026-08-05 10:39:00,OSW,,26.610000610351562,26.610000610351562,26.610000610351562,26.610000610351562,1271.0
2026-08-05 10:39:00,OTEX,,26.049999237060547,26.049999237060547,25.9950008392334,25.9950008392334,2606.0
2026-08-05 10:39:00,OTLK,,1.024999976158142,1.0399999618530273,1.0199999809265137,1.0399999618530273,23782.0
2026-08-05 10:39:00,OTTR,,92.1500015258789,92.1500015258789,92.1500015258789,92.1500015258789,636.0
2026-08-05 10:39:00,OVID,,2.625,2.625,2.625,2.625,2384.0
2026-08-05 10:39:00,OXLC,,9.055000305175781,9.055000305175781,9.055000305175781,9.055000305175781,0.0
2026-08-05 10:39:00,OXSQ,,1.4864000082015991,1.4864000082015991,1.4800000190734863,1.4800000190734863,366.0
2026-08-05 10:39:00,PAA,,23.239999771118164,23.25,23.23699951171875,23.239999771118164,6751.0
2026-08-05 10:39:00,PAAS,,48.1349983215332,48.22999954223633,48.11000061035156,48.189998626708984,65841.0
2026-08-05 10:39:00,PACB,,1.434999942779541,1.434999942779541,1.4299999475479126,1.434999942779541,4361.0
2026-08-05 10:39:00,PAGP,,25.139999389648438,25.15999984741211,25.139999389648438,25.15999984741211,3391.0
2026-08-05 10:39:00,PALI,,2.069999933242798,2.075000047683716,2.069999933242798,2.075000047683716,1717.0
2026-08-05 10:39:00,PANW,,367.8301086425781,368.44000244140625,367.8301086425781,368.3599853515625,4113.0
2026-08-05 10:39:00,PATK,,88.38999938964844,88.4800033569336,88.38999938964844,88.4800033569336,1521.0
2026-08-05 10:39:00,PAX,,11.430000305175781,11.430000305175781,11.420000076293945,11.420000076293945,1534.0
2026-08-05 10:39:00,PAYO,,7.130000114440918,7.130000114440918,7.125,7.130000114440918,1251.0
2026-08-05 10:39:00,PAYS,,9.375,9.380000114440918,9.359999656677246,9.380000114440918,1102.0
2026-08-05 10:39:00,PAYX,,118.20999908447266,118.20999908447266,118.18000030517578,118.18000030517578,1987.0
2026-08-05 10:39:00,PBYI,,7.994999885559082,7.994999885559082,7.994999885559082,7.994999885559082,867.0
2026-08-05 10:39:00,PCAR,,133.9199981689453,133.9600067138672,133.7100067138672,133.8699951171875,26510.0
2026-08-05 10:39:00,PCRX,,25.3799991607666,25.3799991607666,25.3799991607666,25.3799991607666,289.0
2026-08-05 10:39:00,PCT,,6.914999961853027,6.934999942779541,6.909999847412109,6.934999942779541,3595.0
2026-08-05 10:39:00,PCTY,,148.61000061035156,148.61000061035156,148.1300048828125,148.51499938964844,3317.0
2026-08-05 10:39:00,PDD,,92.0199966430664,92.05000305175781,91.97000122070312,92.05000305175781,16066.0
2026-08-05 10:39:00,PDFS,,49.84000015258789,49.84000015258789,49.84000015258789,49.84000015258789,695.0
2026-08-05 10:39:00,PEBO,,41.83000183105469,41.83000183105469,41.83000183105469,41.83000183105469,230.0
2026-08-05 10:39:00,PECO,,41.540000915527344,41.54999923706055,41.540000915527344,41.54999923706055,1141.0
2026-08-05 10:39:00,PEGA,,31.889999389648438,31.889999389648438,31.790000915527344,31.81999969482422,1816.0
2026-08-05 10:39:00,PENN,,19.969999313354492,19.969999313354492,19.969999313354492,19.969999313354492,353.0
2026-08-05 10:39:00,PEP,,139.17999267578125,139.20989990234375,138.9499969482422,139.0,15297.0
2026-08-05 10:39:00,PEPG,,1.9049999713897705,1.9049999713897705,1.9049999713897705,1.9049999713897705,378.0
2026-08-05 10:39:00,PERI,,9.640000343322754,9.640000343322754,9.640000343322754,9.640000343322754,120.0
2026-08-05 10:39:00,PFG,,115.2750015258789,115.2750015258789,115.26000213623047,115.26000213623047,624.0
2026-08-05 10:39:00,PGEN,,6.864999771118164,6.889999866485596,6.855000019073486,6.880000114440918,48296.0
2026-08-05 10:39:00,PGNY,,31.65999984741211,31.674999237060547,31.65999984741211,31.674999237060547,1124.0
2026-08-05 10:39:00,PGY,,21.739999771118164,21.770000457763672,21.739999771118164,21.75,3223.0
2026-08-05 10:39:00,PHAT,,8.539999961853027,8.539999961853027,8.539999961853027,8.539999961853027,830.0
2026-08-05 10:39:00,PHVS,,32.939998626708984,32.95000076293945,32.91999816894531,32.95000076293945,948.0
2026-08-05 10:39:00,PKOH,,41.43000030517578,41.43000030517578,41.43000030517578,41.43000030517578,237.0
2026-08-05 10:39:00,PLAB,,32.005001068115234,32.005001068115234,32.005001068115234,32.005001068115234,1214.0
2026-08-05 10:39:00,PLBY,,1.149999976158142,1.1699999570846558,1.149999976158142,1.1699999570846558,127484.0
2026-08-05 10:39:00,PLMR,,136.0,136.0,135.6999969482422,135.6999969482422,4222.0
2026-08-05 10:39:00,PLRX,,1.0504000186920166,1.0504000186920166,1.0504000186920166,1.0504000186920166,690.0
2026-08-05 10:39:00,PLSE,,37.43000030517578,37.43000030517578,37.43000030517578,37.43000030517578,178.0
2026-08-05 10:39:00,PLTK,,4.045000076293945,4.045000076293945,4.045000076293945,4.045000076293945,354.0
2026-08-05 10:39:00,PLUG,,2.1098999977111816,2.109999895095825,2.0999999046325684,2.0999999046325684,14025.0
2026-08-05 10:39:00,PMN,,13.300000190734863,13.300000190734863,13.300000190734863,13.300000190734863,820.0
2026-08-05 10:39:00,PNFP,,108.0,108.0,108.0,108.0,259.0
2026-08-05 10:39:00,POET,,8.1899995803833,8.234999656677246,8.1850004196167,8.210399627685547,41862.0
2026-08-05 10:39:00,POWI,,61.95500183105469,62.08000183105469,61.95500183105469,62.08000183105469,881.0
2026-08-05 10:39:00,POWL,,206.50999450683594,207.9499969482422,206.50999450683594,207.92999267578125,4440.0
2026-08-05 10:39:00,PPC,,26.920000076293945,26.920000076293945,26.860000610351562,26.885000228881836,3233.0
2026-08-05 10:39:00,PPSI,,2.9632999897003174,2.9632999897003174,2.9632999897003174,2.9632999897003174,55.0
2026-08-05 10:39:00,PPTA,,22.614999771118164,22.65999984741211,22.600000381469727,22.649999618530273,12122.0
2026-08-05 10:39:00,PRAA,,17.43000030517578,17.43000030517578,17.43000030517578,17.43000030517578,215.0
2026-08-05 10:39:00,PRAX,,313.07000732421875,313.3399963378906,312.1199951171875,313.17999267578125,2697.0
2026-08-05 10:39:00,PRCH,,16.270000457763672,16.309999465942383,16.260000228881836,16.270000457763672,5914.0
2026-08-05 10:39:00,PRCT,,19.260000228881836,19.295000076293945,19.239999771118164,19.290000915527344,11553.0
2026-08-05 10:39:00,PRDO,,33.25,33.380001068115234,33.25,33.380001068115234,1468.0
2026-08-05 10:39:00,PRIM,,88.625,88.86000061035156,88.17250061035156,88.17250061035156,3322.0
2026-08-05 10:39:00,PRME,,2.9623000621795654,2.9649999141693115,2.9600000381469727,2.9619998931884766,1793.0
2026-08-05 10:39:00,PRQR,,1.9049999713897705,1.9049999713897705,1.9049999713897705,1.9049999713897705,1240.0
2026-08-05 10:39:00,PRTA,,8.545000076293945,8.545000076293945,8.539999961853027,8.539999961853027,1406.0
2026-08-05 10:39:00,PSEC,,2.194999933242798,2.194999933242798,2.194999933242798,2.194999933242798,3038.0
2026-08-05 10:39:00,PSNL,,13.520000457763672,13.550000190734863,13.520000457763672,13.529999732971191,3985.0
2026-08-05 10:39:00,PTC,,142.1699981689453,142.17999267578125,142.16000366210938,142.17999267578125,836.0
2026-08-05 10:39:00,PTCT,,69.58999633789062,69.58999633789062,69.58999633789062,69.58999633789062,572.0
2026-08-05 10:39:00,PTEN,,9.739999771118164,9.765000343322754,9.734999656677246,9.765000343322754,16766.0
2026-08-05 10:39:00,PTGX,,136.5500030517578,136.6300048828125,136.5500030517578,136.6300048828125,1576.0
2026-08-05 10:39:00,PTLO,,4.624499797821045,4.625,4.624499797821045,4.625,3669.0
2026-08-05 10:39:00,PTON,,6.554999828338623,6.560100078582764,6.545000076293945,6.545000076293945,16977.0
2026-08-05 10:39:00,PUBM,,13.680000305175781,13.680000305175781,13.670000076293945,13.670000076293945,1143.0
2026-08-05 10:39:00,PWP,,17.31999969482422,17.31999969482422,17.31999969482422,17.31999969482422,128.0
2026-08-05 10:39:00,PYPD,,4.480000019073486,4.480000019073486,4.480000019073486,4.480000019073486,200.0
2026-08-05 10:39:00,PYPL,,58.69499969482422,58.69499969482422,58.66999816894531,58.66999816894531,7432.0
2026-08-05 10:39:00,PYXS,,3.25,3.25,3.25,3.25,128.0
2026-08-05 10:39:00,QCOM,,158.39349365234375,158.8300018310547,158.33999633789062,158.8300018310547,9773.0
2026-08-05 10:39:00,QRVO,,94.52999877929688,94.52999877929688,94.52999877929688,94.52999877929688,572.0
2026-08-05 10:39:00,SEED,,0.9833999872207642,0.9918000102043152,0.9807000160217285,0.9868000149726868,4535.0
2026-08-05 10:39:00,STIM,,2.299999952316284,2.299999952316284,2.299999952316284,2.299999952316284,189.0
2026-08-05 10:39:00,WOOF,,2.9549999237060547,2.9549999237060547,2.950000047683716,2.950000047683716,2724.0
2026-08-05 10:40:00,ACDC,,4.230000019073486,4.230000019073486,4.215000152587891,4.224999904632568,14750.0
2026-08-05 10:40:00,BPOP,,177.34500122070312,177.5,177.34500122070312,177.5,1141.0
2026-08-05 10:40:00,CNXN,,84.52999877929688,84.52999877929688,84.52999877929688,84.52999877929688,330.0
2026-08-05 10:40:00,DTIL,,7.409999847412109,7.420000076293945,7.409999847412109,7.409999847412109,678.0
2026-08-05 10:40:00,EYE,,23.540000915527344,23.540000915527344,23.530000686645508,23.53499984741211,3356.0
2026-08-05 10:40:00,FIZZ,,31.959999084472656,32.029998779296875,31.959999084472656,32.029998779296875,1492.0
2026-08-05 10:40:00,GLUE,,15.925000190734863,15.954999923706055,15.925000190734863,15.949999809265137,3447.0
2026-08-05 10:40:00,MCRI,,125.44499969482422,125.44499969482422,125.44499969482422,125.44499969482422,279.0
2026-08-05 10:40:00,MDB,,378.364990234375,379.19000244140625,378.2900085449219,378.7099914550781,3319.0
2026-08-05 10:40:00,MDLZ,,62.209999084472656,62.22999954223633,62.150001525878906,62.220001220703125,29539.0
2026-08-05 10:40:00,MLTX,,17.579999923706055,17.597400665283203,17.579999923706055,17.597400665283203,2466.0
2026-08-05 10:40:00,MNRO,,13.149999618530273,13.149999618530273,13.140000343322754,13.140000343322754,3006.0
2026-08-05 10:40:00,MNST,,95.02999877929688,95.13500213623047,95.0,95.13500213623047,15033.0
2026-08-05 10:40:00,MNTK,,1.6950000524520874,1.7000000476837158,1.6950000524520874,1.7000000476837158,320.0
2026-08-05 10:40:00,MNTS,,4.378200054168701,4.378200054168701,4.350100040435791,4.375,2369.0
2026-08-05 10:40:00,MPWR,,1316.1600341796875,1316.530029296875,1312.8514404296875,1314.699951171875,1598.0
2026-08-05 10:40:00,MRNA,,57.404998779296875,57.560001373291016,57.400001525878906,57.52899932861328,11764.0
2026-08-05 10:40:00,MSGM,,4.46999979019165,4.46999979019165,4.46999979019165,4.46999979019165,790.0
2026-08-05 10:40:00,MYGN,,3.2149999141693115,3.2200000286102295,3.210099935531616,3.2149999141693115,2517.0
2026-08-05 10:40:00,MYRG,,336.32000732421875,336.32000732421875,336.32000732421875,336.32000732421875,143.0
2026-08-05 10:40:00,NAMS,,26.577499389648438,26.59000015258789,26.577499389648438,26.59000015258789,827.0
2026-08-05 10:40:00,NAVI,,9.100000381469727,9.100000381469727,9.100000381469727,9.100000381469727,1060.0
2026-08-05 10:40:00,NB,,5.039999961853027,5.039999961853027,5.025000095367432,5.025000095367432,12609.0
2026-08-05 10:40:00,NBIX,,163.1199951171875,163.22000122070312,163.1199951171875,163.22000122070312,1490.0
2026-08-05 10:40:00,NBN,,135.30499267578125,135.30499267578125,135.30499267578125,135.30499267578125,397.0
2026-08-05 10:40:00,NBTX,,39.630001068115234,39.630001068115234,39.630001068115234,39.630001068115234,1694.0
2026-08-05 10:40:00,NDAQ,,95.23999786376953,95.23999786376953,95.16999816894531,95.16999816894531,3083.0
2026-08-05 10:40:00,NDSN,,311.0799865722656,311.0799865722656,310.8699951171875,310.8900146484375,244.0
2026-08-05 10:40:00,NECB,,27.295000076293945,27.295000076293945,27.295000076293945,27.295000076293945,587.0
2026-08-05 10:40:00,NEO,,16.170000076293945,16.189300537109375,16.170000076293945,16.18000030517578,1318.0
2026-08-05 10:40:00,NEOG,,11.699999809265137,11.699999809265137,11.694999694824219,11.694999694824219,2123.0
2026-08-05 10:40:00,NEON,,0.9440000057220459,0.9440000057220459,0.9440000057220459,0.9440000057220459,3736.0
2026-08-05 10:40:00,NEOV,,2.875,2.875,2.859999895095825,2.859999895095825,2409.0
2026-08-05 10:40:00,NESR,,28.334999084472656,28.360000610351562,28.334999084472656,28.360000610351562,2444.0
2026-08-05 10:40:00,NEWT,,15.255000114440918,15.255000114440918,15.255000114440918,15.255000114440918,268.0
2026-08-05 10:40:00,NEXT,,6.360000133514404,6.360000133514404,6.349999904632568,6.349999904632568,4853.0
2026-08-05 10:40:00,NFLX,,74.2699966430664,74.31839752197266,74.2699966430664,74.30000305175781,38947.0
2026-08-05 10:40:00,NGNE,,34.66999816894531,34.86000061035156,34.66999816894531,34.75,1663.0
2026-08-05 10:40:00,NKTR,,72.30000305175781,72.30000305175781,72.30000305175781,72.30000305175781,754.0
2026-08-05 10:40:00,NKTX,,2.1549999713897705,2.1600000858306885,2.1549999713897705,2.1600000858306885,2573.0
2026-08-05 10:40:00,NMFC,,7.340000152587891,7.355000019073486,7.340000152587891,7.34499979019165,8283.0
2026-08-05 10:40:00,NMRA,,1.6349999904632568,1.6349999904632568,1.6349999904632568,1.6349999904632568,864.0
2026-08-05 10:40:00,NMTC,,1.6100000143051147,1.6330000162124634,1.6100000143051147,1.6330000162124634,1401.0
2026-08-05 10:40:00,NN,,14.430000305175781,14.489999771118164,14.390000343322754,14.399999618530273,16094.0
2026-08-05 10:40:00,NNBR,,3.819999933242798,3.8299999237060547,3.815000057220459,3.819999933242798,2775.0
2026-08-05 10:40:00,NNDM,,1.534999966621399,1.5399999618530273,1.534999966621399,1.5399999618530273,4041.0
2026-08-05 10:40:00,NNOX,,1.0099999904632568,1.0230000019073486,1.0,1.0230000019073486,11127.0
2026-08-05 10:40:00,NPCE,,13.720000267028809,13.720000267028809,13.720000267028809,13.720000267028809,105.0
2026-08-05 10:40:00,NRDS,,9.28499984741211,9.28499984741211,9.274999618530273,9.28499984741211,1769.0
2026-08-05 10:40:00,NRIX,,24.639999389648438,24.719999313354492,24.639999389648438,24.719999313354492,2345.0
2026-08-05 10:40:00,NRSN,,0.5199999809265137,0.550000011920929,0.5199999809265137,0.5450000166893005,1921.0
2026-08-05 10:40:00,NRXP,,3.0250000953674316,3.0250000953674316,3.0250000953674316,3.0250000953674316,3652.0
2026-08-05 10:40:00,NTAP,,191.44000244140625,191.5399932861328,191.44000244140625,191.5399932861328,1002.0
2026-08-05 10:40:00,NTES,,128.4499969482422,128.4499969482422,128.4499969482422,128.4499969482422,668.0
2026-08-05 10:40:00,NTGR,,23.989999771118164,23.9950008392334,23.860000610351562,23.989999771118164,6328.0
2026-08-05 10:40:00,NTNX,,61.15999984741211,61.18000030517578,61.099998474121094,61.125,5951.0
2026-08-05 10:40:00,NTRA,,277.5199890136719,278.33990478515625,277.4800109863281,277.8299865722656,2400.0
2026-08-05 10:40:00,NTRS,,184.9324951171875,184.94509887695312,184.76010131835938,184.76010131835938,1452.0
2026-08-05 10:40:00,NUWE,,1.7799999713897705,1.7799999713897705,1.7799999713897705,1.7799999713897705,372.0
2026-08-05 10:40:00,NVAX,,7.630000114440918,7.644999980926514,7.630000114440918,7.644999980926514,3090.0
2026-08-05 10:40:00,NVCR,,16.0,16.014999389648438,16.0,16.014999389648438,633.0
2026-08-05 10:40:00,NVCT,,20.079999923706055,20.079999923706055,20.079999923706055,20.079999923706055,1837.0
2026-08-05 10:40:00,NVDA,,219.7200927734375,219.97000122070312,219.57029724121094,219.7899932861328,367555.0
2026-08-05 10:40:00,NVMI,,404.70001220703125,405.2900085449219,403.44268798828125,405.2900085449219,2105.0
2026-08-05 10:40:00,NVTS,,12.369999885559082,12.385000228881836,12.335000038146973,12.345000267028809,42505.0
2026-08-05 10:40:00,NWBI,,15.975000381469727,15.989999771118164,15.975000381469727,15.989999771118164,1692.0
2026-08-05 10:40:00,NWE,,68.95999908447266,68.95999908447266,68.95999908447266,68.95999908447266,385.0
2026-08-05 10:40:00,NWL,,6.085000038146973,6.114999771118164,6.085000038146973,6.105000019073486,93394.0
2026-08-05 10:40:00,NWPX,,126.4800033569336,126.83000183105469,126.47750091552734,126.83000183105469,1802.0
2026-08-05 10:40:00,NWS,,32.58000183105469,32.58000183105469,32.58000183105469,32.58000183105469,1137.0
2026-08-05 10:40:00,NWSA,,28.440000534057617,28.450000762939453,28.434999465942383,28.450000762939453,7884.0
2026-08-05 10:40:00,NXL,,0.36000001430511475,0.36390000581741333,0.36000001430511475,0.36390000581741333,7548.0
2026-08-05 10:40:00,NXPI,,230.27000427246094,230.3300018310547,229.97500610351562,229.97500610351562,5746.0
2026-08-05 10:40:00,NXST,,192.80999755859375,193.2100067138672,192.80999755859375,193.08999633789062,1532.0
2026-08-05 10:40:00,NXT,,97.43000030517578,97.47000122070312,97.2699966430664,97.38999938964844,7752.0
2026-08-05 10:40:00,OABI,,2.015000104904175,2.015000104904175,2.015000104904175,2.015000104904175,106.0
2026-08-05 10:40:00,OCC,,15.920000076293945,15.920000076293945,15.920000076293945,15.920000076293945,935.0
2026-08-05 10:40:00,OCGN,,1.315000057220459,1.315000057220459,1.315000057220459,1.315000057220459,637.0
2026-08-05 10:40:00,OCS,,12.119999885559082,12.119999885559082,12.114999771118164,12.114999771118164,259.0
2026-08-05 10:40:00,OCSL,,12.145000457763672,12.149999618530273,12.14229965209961,12.149999618530273,1272.0
2026-08-05 10:40:00,OCUL,,8.59000015258789,8.595000267028809,8.574999809265137,8.59000015258789,7415.0
2026-08-05 10:40:00,ODFL,,217.63499450683594,217.65499877929688,217.63499450683594,217.63499450683594,989.0
2026-08-05 10:40:00,OESX,,16.12929916381836,16.329999923706055,16.040000915527344,16.04010009765625,3216.0
2026-08-05 10:40:00,OGI,,0.9603000283241272,0.9603000283241272,0.9603000283241272,0.9603000283241272,1155.0
2026-08-05 10:40:00,OKTA,,148.82000732421875,148.82000732421875,148.82000732421875,148.82000732421875,368.0
2026-08-05 10:40:00,OLLI,,79.0199966430664,79.08000183105469,78.97599792480469,79.08000183105469,2248.0
2026-08-05 10:40:00,OLMA,,11.555000305175781,11.579999923706055,11.555000305175781,11.579999923706055,1616.0
2026-08-05 10:40:00,OMCL,,37.48500061035156,37.48500061035156,37.470001220703125,37.470001220703125,750.0
2026-08-05 10:40:00,OMER,,12.994999885559082,13.0600004196167,12.994999885559082,13.0600004196167,5362.0
2026-08-05 10:40:00,OMH,,0.10909999907016754,0.11029999703168869,0.10909999907016754,0.11029999703168869,35071.0
2026-08-05 10:40:00,ON,,77.37000274658203,77.48999786376953,77.2699966430664,77.36000061035156,43251.0
2026-08-05 10:40:00,ONB,,27.1200008392334,27.1299991607666,27.114999771118164,27.1299991607666,5721.0
2026-08-05 10:40:00,ONBPP,,24.760000228881836,24.760000228881836,24.760000228881836,24.760000228881836,500.0
2026-08-05 10:40:00,ONCY,,0.7851999998092651,0.7851999998092651,0.785099983215332,0.785099983215332,2200.0
2026-08-05 10:40:00,ONDS,,8.888199806213379,8.899999618530273,8.850000381469727,8.888199806213379,173688.0
2026-08-05 10:40:00,ONFO,,0.0729999989271164,0.0729999989271164,0.0729999989271164,0.0729999989271164,16037.0
2026-08-05 10:40:00,OPBK,,15.765000343322754,15.765000343322754,15.765000343322754,15.765000343322754,200.0
2026-08-05 10:40:00,OPCH,,23.530000686645508,23.549999237060547,23.530000686645508,23.549999237060547,4331.0
2026-08-05 10:40:00,OPEN,,3.9049999713897705,3.9200000762939453,3.9049999713897705,3.9096999168395996,164797.0
2026-08-05 10:40:00,OPK,,1.3250000476837158,1.3250000476837158,1.3200000524520874,1.3200000524520874,1559.0
2026-08-05 10:40:00,OPRA,,20.19499969482422,20.25,20.19499969482422,20.25,2466.0
2026-08-05 10:40:00,OPRT,,6.190000057220459,6.202000141143799,6.190000057220459,6.202000141143799,1096.0
2026-08-05 10:40:00,ORGO,,2.384999990463257,2.384999990463257,2.384999990463257,2.384999990463257,530.0
2026-08-05 10:40:00,ORIC,,13.300000190734863,13.380000114440918,13.300000190734863,13.364999771118164,4587.0
2026-08-05 10:40:00,ORLY,,94.0165023803711,94.06999969482422,94.0,94.0165023803711,13011.0
2026-08-05 10:40:00,OSBC,,25.8799991607666,25.8799991607666,25.8799991607666,25.8799991607666,1310.0
2026-08-05 10:40:00,OSPN,,16.607999801635742,16.614999771118164,16.607999801635742,16.614999771118164,2287.0
2026-08-05 10:40:00,OSS,,13.979999542236328,13.979999542236328,13.921799659729004,13.949999809265137,8146.0
2026-08-05 10:40:00,OSUR,,4.170000076293945,4.170000076293945,4.164999961853027,4.164999961853027,947.0
2026-08-05 10:40:00,OTEX,,26.040000915527344,26.040000915527344,26.03499984741211,26.040000915527344,2090.0
2026-08-05 10:40:00,OTLK,,1.0099999904632568,1.0276999473571777,1.0099999904632568,1.024999976158142,54106.0
2026-08-05 10:40:00,OVID,,2.609999895095825,2.619999885559082,2.609999895095825,2.619999885559082,5173.0
2026-08-05 10:40:00,OXLC,,9.055000305175781,9.0600004196167,9.055000305175781,9.0600004196167,859.0
2026-08-05 10:40:00,OXSQ,,1.4800000190734863,1.4850000143051147,1.4800000190734863,1.4800000190734863,844.0
2026-08-05 10:40:00,PAA,,23.219999313354492,23.229999542236328,23.219999313354492,23.229999542236328,1596.0
2026-08-05 10:40:00,PAAS,,48.064998626708984,48.18000030517578,48.064998626708984,48.13999938964844,60314.0
2026-08-05 10:40:00,PACB,,1.4290000200271606,1.434999942779541,1.4249999523162842,1.4299999475479126,25167.0
2026-08-05 10:40:00,PAGP,,25.1299991607666,25.139999389648438,25.1299991607666,25.1299991607666,3073.0
2026-08-05 10:40:00,PALI,,2.065000057220459,2.075000047683716,2.065000057220459,2.069999933242798,6416.0
2026-08-05 10:40:00,PANL,,7.329999923706055,7.329999923706055,7.329999923706055,7.329999923706055,690.0
2026-08-05 10:40:00,PANW,,367.6600036621094,368.1000061035156,367.6050109863281,368.1000061035156,8401.0
2026-08-05 10:40:00,PASG,,4.600500106811523,4.610000133514404,4.600500106811523,4.610000133514404,951.0
2026-08-05 10:40:00,PATK,,88.34500122070312,88.3499984741211,88.34500122070312,88.3499984741211,452.0
2026-08-05 10:40:00,PAX,,11.449999809265137,11.449999809265137,11.430000305175781,11.4350004196167,8863.0
2026-08-05 10:40:00,PAYO,,7.130000114440918,7.130000114440918,7.130000114440918,7.130000114440918,548.0
2026-08-05 10:40:00,PAYS,,9.375,9.375,9.375,9.375,125.0
2026-08-05 10:40:00,PAYX,,118.2249984741211,118.2699966430664,118.22000122070312,118.2249984741211,4282.0
2026-08-05 10:40:00,PCAR,,134.09500122070312,134.10000610351562,133.8800048828125,133.9499969482422,17761.0
2026-08-05 10:40:00,PCT,,6.920000076293945,6.920000076293945,6.909999847412109,6.909999847412109,4899.0
2026-08-05 10:40:00,PCTY,,148.52000427246094,148.52000427246094,148.52000427246094,148.52000427246094,319.0
2026-08-05 10:40:00,PDD,,91.99500274658203,92.02999877929688,91.98999786376953,92.02999877929688,10055.0
2026-08-05 10:40:00,PEBK,,43.31999969482422,43.40999984741211,43.31999969482422,43.40999984741211,526.0
2026-08-05 10:40:00,PEBO,,41.810001373291016,41.810001373291016,41.810001373291016,41.810001373291016,401.0
2026-08-05 10:40:00,PECO,,41.5099983215332,41.5099983215332,41.5099983215332,41.5099983215332,229.0
2026-08-05 10:40:00,PEGA,,31.864999771118164,31.899999618530273,31.864999771118164,31.889999389648438,2320.0
2026-08-05 10:40:00,PENN,,19.979999542236328,19.979999542236328,19.979999542236328,19.979999542236328,3023.0
2026-08-05 10:40:00,PEP,,139.16000366210938,139.19000244140625,139.07000732421875,139.18499755859375,14326.0
2026-08-05 10:40:00,PEPG,,1.8849999904632568,1.899999976158142,1.8799999952316284,1.899999976158142,70250.0
2026-08-05 10:40:00,PERI,,9.630000114440918,9.630000114440918,9.630000114440918,9.630000114440918,539.0
2026-08-05 10:40:00,PFG,,115.33499908447266,115.33499908447266,115.33499908447266,115.33499908447266,1067.0
2026-08-05 10:40:00,PGEN,,6.90500020980835,6.920000076293945,6.869999885559082,6.869999885559082,29216.0
2026-08-05 10:40:00,PGNY,,31.639999389648438,31.649999618530273,31.639999389648438,31.649999618530273,1662.0
2026-08-05 10:40:00,PGY,,21.739999771118164,21.780000686645508,21.719999313354492,21.719999313354492,5872.0
2026-08-05 10:40:00,PHAT,,8.539999961853027,8.539999961853027,8.539999961853027,8.539999961853027,1879.0
2026-08-05 10:40:00,PHVS,,32.95000076293945,32.95000076293945,32.95000076293945,32.95000076293945,199.0
2026-08-05 10:40:00,PLRX,,1.0549999475479126,1.0549999475479126,1.0499999523162842,1.0549999475479126,727.0
2026-08-05 10:40:00,PLTK,,4.045000076293945,4.045000076293945,4.034999847412109,4.039999961853027,7787.0
2026-08-05 10:40:00,PLUG,,2.10260009765625,2.1098999977111816,2.0999999046325684,2.101599931716919,15902.0
2026-08-05 10:40:00,PLXS,,273.68499755859375,273.68499755859375,273.68499755859375,273.68499755859375,530.0
2026-08-05 10:40:00,PNFP,,107.94999694824219,107.98500061035156,107.94999694824219,107.98500061035156,828.0
2026-08-05 10:40:00,POET,,8.1899995803833,8.199999809265137,8.162599563598633,8.189900398254395,62751.0
2026-08-05 10:40:00,POOL,,204.88999938964844,204.88999938964844,204.88999938964844,204.88999938964844,768.0
2026-08-05 10:40:00,POWL,,207.1300048828125,207.25,206.9499969482422,206.9499969482422,1606.0
2026-08-05 10:40:00,PPTA,,22.610000610351562,22.614999771118164,22.549999237060547,22.614999771118164,4477.0
2026-08-05 10:40:00,PRCH,,16.260000228881836,16.260000228881836,16.260000228881836,16.260000228881836,683.0
2026-08-05 10:40:00,PRCT,,19.135000228881836,19.309999465942383,19.1200008392334,19.280000686645508,18512.0
2026-08-05 10:40:00,PRGS,,42.0,42.0,41.9900016784668,41.9900016784668,2198.0
2026-08-05 10:40:00,PRIM,,88.31999969482422,88.31999969482422,88.31999969482422,88.31999969482422,957.0
2026-08-05 10:40:00,PRME,,2.950000047683716,2.9649999141693115,2.950000047683716,2.9600000381469727,5946.0
2026-08-05 10:40:00,PROK,,1.6299999952316284,1.6299999952316284,1.6299999952316284,1.6299999952316284,6757.0
2026-08-05 10:40:00,PRQR,,1.9049999713897705,1.909999966621399,1.9049999713897705,1.909999966621399,737.0
2026-08-05 10:40:00,PRSO,,0.6904000043869019,0.6904000043869019,0.6904000043869019,0.6904000043869019,273.0
2026-08-05 10:40:00,PRTA,,8.53499984741211,8.539999961853027,8.53499984741211,8.539999961853027,2146.0
2026-08-05 10:40:00,PRVA,,24.020000457763672,24.06999969482422,24.020000457763672,24.049999237060547,3376.0
2026-08-05 10:40:00,PSEC,,2.1940999031066895,2.194999933242798,2.190000057220459,2.194999933242798,8775.0
2026-08-05 10:40:00,PTC,,142.2449951171875,142.2449951171875,142.2449951171875,142.2449951171875,632.0
2026-08-05 10:40:00,PTCT,,69.43499755859375,69.58999633789062,69.43499755859375,69.58999633789062,592.0
2026-08-05 10:40:00,PTEN,,9.729999542236328,9.75,9.729999542236328,9.75,6767.0
2026-08-05 10:40:00,PTGX,,136.2100067138672,136.2100067138672,136.2100067138672,136.2100067138672,364.0
2026-08-05 10:40:00,PTLO,,4.625,4.625,4.621099948883057,4.621099948883057,662.0
2026-08-05 10:40:00,PTON,,6.550000190734863,6.559999942779541,6.550000190734863,6.559999942779541,7098.0
2026-08-05 10:40:00,PWP,,17.260000228881836,17.31999969482422,17.260000228881836,17.309999465942383,1723.0
2026-08-05 10:40:00,PYPD,,4.485000133514404,4.485000133514404,4.485000133514404,4.485000133514404,448.0
2026-08-05 10:40:00,PYPL,,58.68000030517578,58.709999084472656,58.68000030517578,58.70000076293945,14609.0
2026-08-05 10:40:00,PYXS,,3.240000009536743,3.25,3.240000009536743,3.25,2641.0
2026-08-05 10:40:00,PZZA,,30.719999313354492,30.719999313354492,30.690000534057617,30.690000534057617,1911.0
2026-08-05 10:40:00,QCOM,,158.5399932861328,158.6699981689453,158.1999969482422,158.22000122070312,27910.0
2026-08-05 10:40:00,QFIN,,13.40999984741211,13.420000076293945,13.40999984741211,13.420000076293945,984.0
2026-08-05 10:40:00,QRVO,,94.55999755859375,94.55999755859375,94.4800033569336,94.4800033569336,1615.0
2026-08-05 10:40:00,SEED,,0.9858999848365784,0.9858999848365784,0.9807999730110168,0.9858999848365784,6054.0
2026-08-05 10:40:00,STIM,,2.299999952316284,2.299999952316284,2.299999952316284,2.299999952316284,225.0
2026-08-05 10:40:00,TARA,,4.03000020980835,4.03000020980835,4.03000020980835,4.03000020980835,2324.0
2026-08-05 10:40:00,WOOF,,2.9649999141693115,2.9649999141693115,2.9600000381469727,2.9600000381469727,6040.0
2026-08-05 10:41:00,ACDC,,4.260000228881836,4.260000228881836,4.239999771118164,4.239999771118164,8890.0
2026-08-05 10:41:00,EYE,,23.56999969482422,23.56999969482422,23.549999237060547,23.549999237060547,1581.0
2026-08-05 10:41:00,GLUE,,15.904999732971191,15.920000076293945,15.885000228881836,15.920000076293945,4611.0
2026-08-05 10:41:00,LUNG,,1.8849999904632568,1.8899999856948853,1.8849999904632568,1.8899999856948853,1380.0
2026-08-05 10:41:00,MDB,,378.4800109863281,379.0199890136719,378.3800048828125,378.3800048828125,6622.0
2026-08-05 10:41:00,MDLZ,,62.15999984741211,62.22999954223633,62.150001525878906,62.20000076293945,15062.0
2026-08-05 10:41:00,MLTX,,17.530000686645508,17.530000686645508,17.530000686645508,17.530000686645508,2805.0
2026-08-05 10:41:00,MNRO,,13.149999618530273,13.180000305175781,13.149999618530273,13.180000305175781,5630.0
2026-08-05 10:41:00,MNST,,95.0166015625,95.04000091552734,94.98500061035156,95.0,7451.0
2026-08-05 10:41:00,MNTK,,1.6950000524520874,1.6950000524520874,1.6950000524520874,1.6950000524520874,204.0
2026-08-05 10:41:00,MNTS,,4.340000152587891,4.349999904632568,4.320000171661377,4.340000152587891,17354.0
2026-08-05 10:41:00,MORN,,201.8800048828125,201.8800048828125,201.8800048828125,201.8800048828125,575.0
2026-08-05 10:41:00,MPWR,,1316.5799560546875,1317.1199951171875,1314.5999755859375,1316.52001953125,983.0
2026-08-05 10:41:00,MRNA,,57.58000183105469,57.599998474121094,57.334999084472656,57.36000061035156,12523.0
2026-08-05 10:41:00,MYGN,,3.2049999237060547,3.2149999141693115,3.2049999237060547,3.2149999141693115,2961.0
2026-08-05 10:41:00,NAMS,,26.6299991607666,26.6299991607666,26.55500030517578,26.584999084472656,3747.0
2026-08-05 10:41:00,NATR,,20.219999313354492,20.219999313354492,20.219999313354492,20.219999313354492,1212.0
2026-08-05 10:41:00,NAVI,,9.109999656677246,9.109999656677246,9.109999656677246,9.109999656677246,355.0
2026-08-05 10:41:00,NB,,5.029900074005127,5.034999847412109,5.019999980926514,5.03000020980835,5768.0
2026-08-05 10:41:00,NBIX,,163.27499389648438,163.27499389648438,163.25,163.27499389648438,805.0
2026-08-05 10:41:00,NBTB,,53.65999984741211,53.65999984741211,53.65999984741211,53.65999984741211,530.0
2026-08-05 10:41:00,NCPL,,0.42320001125335693,0.42320001125335693,0.42320001125335693,0.42320001125335693,0.0
2026-08-05 10:41:00,NDAQ,,95.1449966430664,95.2300033569336,95.11000061035156,95.17500305175781,7249.0
2026-08-05 10:41:00,NEO,,16.15999984741211,16.15999984741211,16.15999984741211,16.15999984741211,650.0
2026-08-05 10:41:00,NEOG,,11.704999923706055,11.704999923706055,11.694999694824219,11.694999694824219,3112.0
2026-08-05 10:41:00,NEON,,0.9440000057220459,0.9440000057220459,0.9440000057220459,0.9440000057220459,1475.0
2026-08-05 10:41:00,NEOV,,2.859999895095825,2.869999885559082,2.859999895095825,2.861799955368042,10748.0
2026-08-05 10:41:00,NESR,,28.360000610351562,28.5,28.31999969482422,28.364999771118164,61713.0
2026-08-05 10:41:00,NEWT,,15.255000114440918,15.255000114440918,15.255000114440918,15.255000114440918,407.0
2026-08-05 10:41:00,NEXT,,6.364999771118164,6.364999771118164,6.364999771118164,6.364999771118164,1663.0
2026-08-05 10:41:00,NFLX,,74.32499694824219,74.37000274658203,74.25,74.25499725341797,83552.0
2026-08-05 10:41:00,NGNE,,34.5,34.5,34.5,34.5,223.0
2026-08-05 10:41:00,NKTR,,72.37000274658203,72.4000015258789,72.36000061035156,72.36000061035156,2548.0
2026-08-05 10:41:00,NMFC,,7.34499979019165,7.34499979019165,7.34499979019165,7.34499979019165,418.0
2026-08-05 10:41:00,NMRK,,15.779999732971191,15.779999732971191,15.770000457763672,15.770000457763672,1908.0
2026-08-05 10:41:00,NN,,14.420000076293945,14.430000305175781,14.404999732971191,14.430000305175781,7542.0
2026-08-05 10:41:00,NNBR,,3.8299999237060547,3.8299999237060547,3.8299999237060547,3.8299999237060547,1467.0
2026-08-05 10:41:00,NNDM,,1.534999966621399,1.534999966621399,1.534999966621399,1.534999966621399,650.0
2026-08-05 10:41:00,NRDS,,9.274999618530273,9.274999618530273,9.274999618530273,9.274999618530273,684.0
2026-08-05 10:41:00,NRIX,,24.639999389648438,24.639999389648438,24.6200008392334,24.6200008392334,1796.0
2026-08-05 10:41:00,NRSN,,0.5493000149726868,0.5493000149726868,0.5493000149726868,0.5493000149726868,0.0
2026-08-05 10:41:00,NTAP,,191.60000610351562,191.60000610351562,191.4199981689453,191.4199981689453,2007.0
2026-08-05 10:41:00,NTCT,,41.790000915527344,41.849998474121094,41.790000915527344,41.849998474121094,606.0
2026-08-05 10:41:00,NTGR,,23.989999771118164,24.040000915527344,23.989999771118164,24.03499984741211,2868.0
2026-08-05 10:41:00,NTNX,,61.08000183105469,61.15999984741211,61.08000183105469,61.130001068115234,4215.0
2026-08-05 10:41:00,NTRB,,2.8989999294281006,2.8989999294281006,2.8989999294281006,2.8989999294281006,301.0
2026-08-05 10:41:00,NUWE,,1.7838000059127808,1.7838000059127808,1.7838000059127808,1.7838000059127808,785.0
2026-08-05 10:41:00,NVAX,,7.639999866485596,7.639999866485596,7.619999885559082,7.619999885559082,10760.0
2026-08-05 10:41:00,NVCR,,15.989999771118164,15.989999771118164,15.989999771118164,15.989999771118164,657.0
2026-08-05 10:41:00,NVCT,,19.920000076293945,19.920000076293945,19.920000076293945,19.920000076293945,400.0
2026-08-05 10:41:00,NVDA,,220.17010498046875,220.22999572753906,219.72000122070312,219.72000122070312,347537.0
2026-08-05 10:41:00,NVEC,,126.83999633789062,126.83999633789062,126.83999633789062,126.83999633789062,2457.0
2026-08-05 10:41:00,NVMI,,404.44000244140625,404.44000244140625,404.3599853515625,404.3599853515625,937.0
2026-08-05 10:41:00,NVTS,,12.399800300598145,12.404999732971191,12.359999656677246,12.380000114440918,44676.0
2026-08-05 10:41:00,NWBI,,15.979999542236328,15.979999542236328,15.979999542236328,15.979999542236328,384.0
2026-08-05 10:41:00,NWE,,68.87000274658203,68.87999725341797,68.87000274658203,68.87999725341797,972.0
2026-08-05 10:41:00,NWL,,6.074999809265137,6.079999923706055,6.070000171661377,6.079999923706055,6721.0
2026-08-05 10:41:00,NWPX,,126.75,126.75,126.66999816894531,126.66999816894531,3082.0
2026-08-05 10:41:00,NWS,,32.560001373291016,32.584999084472656,32.560001373291016,32.584999084472656,1576.0
2026-08-05 10:41:00,NWSA,,28.43000030517578,28.440000534057617,28.420000076293945,28.440000534057617,6459.0
2026-08-05 10:41:00,NXPI,,230.84500122070312,230.84500122070312,230.2050018310547,230.2050018310547,6829.0
2026-08-05 10:41:00,NXST,,192.50750732421875,192.7899932861328,192.50750732421875,192.7899932861328,1971.0
2026-08-05 10:41:00,NXT,,97.22000122070312,97.44000244140625,97.22000122070312,97.33000183105469,6251.0
2026-08-05 10:41:00,OCFC,,19.825000762939453,19.825000762939453,19.825000762939453,19.825000762939453,326.0
2026-08-05 10:41:00,OCGN,,1.315000057220459,1.315000057220459,1.309999942779541,1.309999942779541,741.0
2026-08-05 10:41:00,OCSL,,12.140000343322754,12.140000343322754,12.140000343322754,12.140000343322754,848.0
2026-08-05 10:41:00,OCUL,,8.585000038146973,8.59000015258789,8.585000038146973,8.59000015258789,3310.0
2026-08-05 10:41:00,ODD,,15.15999984741211,15.15999984741211,15.15999984741211,15.15999984741211,863.0
2026-08-05 10:41:00,ODFL,,217.57000732421875,217.64500427246094,217.57000732421875,217.63499450683594,2153.0
2026-08-05 10:41:00,OESX,,16.309999465942383,16.44219970703125,16.177600860595703,16.385000228881836,2262.0
2026-08-05 10:41:00,OFIX,,10.899999618530273,10.90999984741211,10.899999618530273,10.899999618530273,2196.0
2026-08-05 10:41:00,OKTA,,148.66000366210938,148.8300018310547,148.66000366210938,148.8199005126953,3333.0
2026-08-05 10:41:00,OLLI,,79.08000183105469,79.08000183105469,79.08000183105469,79.08000183105469,112.0
2026-08-05 10:41:00,OLMA,,11.5600004196167,11.5600004196167,11.539999961853027,11.539999961853027,1569.0
2026-08-05 10:41:00,OMCL,,37.564998626708984,37.564998626708984,37.564998626708984,37.564998626708984,1008.0
2026-08-05 10:41:00,OMER,,13.010000228881836,13.020000457763672,13.0,13.0,4981.0
2026-08-05 10:41:00,OMH,,0.10920000076293945,0.10920000076293945,0.10909999907016754,0.10909999907016754,1552.0
2026-08-05 10:41:00,ON,,77.48999786376953,77.5199966430664,77.2699966430664,77.37000274658203,44187.0
2026-08-05 10:41:00,ONB,,27.110000610351562,27.110000610351562,27.110000610351562,27.110000610351562,994.0
2026-08-05 10:41:00,ONBPP,,24.760000228881836,24.760000228881836,24.760000228881836,24.760000228881836,0.0
2026-08-05 10:41:00,ONCY,,0.7864999771118164,0.7864999771118164,0.785099983215332,0.785099983215332,1807.0
2026-08-05 10:41:00,ONDS,,8.859999656677246,8.880000114440918,8.859999656677246,8.880000114440918,89310.0
2026-08-05 10:41:00,ONFO,,0.0729999989271164,0.0729999989271164,0.0729999989271164,0.0729999989271164,37210.0
2026-08-05 10:41:00,OPBK,,15.765000343322754,15.765000343322754,15.765000343322754,15.765000343322754,100.0
2026-08-05 10:41:00,OPCH,,23.540000915527344,23.540000915527344,23.540000915527344,23.540000915527344,890.0
2026-08-05 10:41:00,OPEN,,3.884999990463257,3.9100000858306885,3.880000114440918,3.9000000953674316,144950.0
2026-08-05 10:41:00,OPK,,1.3200000524520874,1.3250000476837158,1.3200000524520874,1.3200000524520874,2977.0
2026-08-05 10:41:00,OPRA,,20.219999313354492,20.219999313354492,20.219999313354492,20.219999313354492,1985.0
2026-08-05 10:41:00,ORGO,,2.390000104904175,2.390000104904175,2.384999990463257,2.384999990463257,936.0
2026-08-05 10:41:00,ORIC,,13.300000190734863,13.300000190734863,13.295000076293945,13.295000076293945,1894.0
2026-08-05 10:41:00,ORLY,,94.01000213623047,94.04000091552734,93.9800033569336,93.9800033569336,14427.0
2026-08-05 10:41:00,ORRF,,43.369998931884766,43.369998931884766,43.369998931884766,43.369998931884766,374.0
2026-08-05 10:41:00,OSS,,14.029999732971191,14.050000190734863,13.960000038146973,13.960000038146973,14481.0
2026-08-05 10:41:00,OSUR,,4.170000076293945,4.170000076293945,4.170000076293945,4.170000076293945,285.0
2026-08-05 10:41:00,OTEX,,26.014999389648438,26.040000915527344,26.014999389648438,26.040000915527344,2356.0
2026-08-05 10:41:00,OTLK,,1.0099999904632568,1.0199999809265137,1.0099999904632568,1.0149999856948853,33938.0
2026-08-05 10:41:00,OVID,,2.6050000190734863,2.609999895095825,2.5999999046325684,2.609999895095825,9161.0
2026-08-05 10:41:00,OXLC,,9.050999641418457,9.050999641418457,9.050000190734863,9.050000190734863,1162.0
2026-08-05 10:41:00,OXSQ,,1.4800000190734863,1.4850000143051147,1.4800000190734863,1.4850000143051147,1274.0
2026-08-05 10:41:00,PAA,,23.200000762939453,23.219999313354492,23.200000762939453,23.219999313354492,4340.0
2026-08-05 10:41:00,PAAS,,48.07500076293945,48.099998474121094,48.040000915527344,48.060001373291016,12447.0
2026-08-05 10:41:00,PACB,,1.4299999475479126,1.4299999475479126,1.4249999523162842,1.4249999523162842,4455.0
2026-08-05 10:41:00,PAGP,,25.11720085144043,25.120100021362305,25.113399505615234,25.1200008392334,6010.0
2026-08-05 10:41:00,PAHC,,37.20000076293945,37.20000076293945,37.20000076293945,37.20000076293945,121.0
2026-08-05 10:41:00,PANW,,367.8999938964844,367.8999938964844,367.4288024902344,367.6050109863281,13677.0
2026-08-05 10:41:00,PATK,,87.88999938964844,88.3499984741211,87.76000213623047,88.33999633789062,9576.0
2026-08-05 10:41:00,PAYO,,7.130000114440918,7.130000114440918,7.130000114440918,7.130000114440918,104.0
2026-08-05 10:41:00,PAYS,,9.369999885559082,9.369999885559082,9.359999656677246,9.369999885559082,855.0
2026-08-05 10:41:00,PAYX,,118.1050033569336,118.20999908447266,118.1050033569336,118.19000244140625,4359.0
2026-08-05 10:41:00,PCAR,,133.8249969482422,134.11000061035156,133.77000427246094,134.10000610351562,10832.0
2026-08-05 10:41:00,PCRX,,25.329999923706055,25.329999923706055,25.329999923706055,25.329999923706055,1486.0
2026-08-05 10:41:00,PCT,,6.929999828338623,6.929999828338623,6.909999847412109,6.914999961853027,3515.0
2026-08-05 10:41:00,PCTY,,148.51499938964844,148.5399932861328,148.51499938964844,148.5399932861328,924.0
2026-08-05 10:41:00,PDD,,91.91500091552734,91.99500274658203,91.88999938964844,91.99500274658203,17646.0
2026-08-05 10:41:00,PDFS,,49.7400016784668,49.7400016784668,49.7400016784668,49.7400016784668,667.0
2026-08-05 10:41:00,PECO,,41.46500015258789,41.5,41.46500015258789,41.4900016784668,1697.0
2026-08-05 10:41:00,PEGA,,31.780000686645508,31.860000610351562,31.780000686645508,31.860000610351562,9457.0
2026-08-05 10:41:00,PENN,,19.959999084472656,19.959999084472656,19.954999923706055,19.959999084472656,2170.0
2026-08-05 10:41:00,PEP,,139.2100067138672,139.22500610351562,139.1300048828125,139.14999389648438,22828.0
2026-08-05 10:41:00,PEPG,,1.8849999904632568,1.8849999904632568,1.8849999904632568,1.8849999904632568,1406.0
2026-08-05 10:41:00,PERI,,9.619999885559082,9.619999885559082,9.619999885559082,9.619999885559082,466.0
2026-08-05 10:41:00,PESI,,17.899999618530273,17.899999618530273,17.899999618530273,17.899999618530273,167.0
2026-08-05 10:41:00,PGEN,,6.869999885559082,6.900000095367432,6.855000019073486,6.900000095367432,61697.0
2026-08-05 10:41:00,PGY,,21.7549991607666,21.799999237060547,21.720500946044922,21.729999542236328,10081.0
2026-08-05 10:41:00,PHAT,,8.510000228881836,8.529999732971191,8.510000228881836,8.529999732971191,2095.0
2026-08-05 10:41:00,PHUN,,2.1600000858306885,2.1600000858306885,2.1549999713897705,2.1549999713897705,4701.0
2026-08-05 10:41:00,PHVS,,32.86000061035156,32.95000076293945,32.86000061035156,32.95000076293945,467.0
2026-08-05 10:41:00,PKOH,,41.404998779296875,41.404998779296875,41.404998779296875,41.404998779296875,336.0
2026-08-05 10:41:00,PLAB,,31.979999542236328,31.979999542236328,31.979999542236328,31.979999542236328,2803.0
2026-08-05 10:41:00,PLBY,,1.1549999713897705,1.159999966621399,1.1549999713897705,1.1549999713897705,3089.0
2026-08-05 10:41:00,PLPC,,461.4100036621094,461.4100036621094,461.20001220703125,461.20001220703125,905.0
2026-08-05 10:41:00,PLRX,,1.0499999523162842,1.0499999523162842,1.0499999523162842,1.0499999523162842,507.0
2026-08-05 10:41:00,PLTK,,4.045000076293945,4.045000076293945,4.045000076293945,4.045000076293945,559.0
2026-08-05 10:41:00,PLUG,,2.1050000190734863,2.109999895095825,2.0999999046325684,2.1098999977111816,30235.0
2026-08-05 10:41:00,PLXS,,273.45001220703125,273.489990234375,273.45001220703125,273.489990234375,690.0
2026-08-05 10:41:00,PMVP,,1.1699999570846558,1.1699999570846558,1.1699999570846558,1.1699999570846558,141.0
2026-08-05 10:41:00,PNBK,,1.125,1.125,1.125,1.125,579.0
2026-08-05 10:41:00,PNFP,,107.93499755859375,107.94499969482422,107.93499755859375,107.94499969482422,278.0
2026-08-05 10:41:00,PNTG,,38.84000015258789,39.0,38.55500030517578,38.91999816894531,7494.0
2026-08-05 10:41:00,POET,,8.210000038146973,8.21500015258789,8.180000305175781,8.199899673461914,37365.0
2026-08-05 10:41:00,POWI,,62.150001525878906,62.150001525878906,62.150001525878906,62.150001525878906,162.0
2026-08-05 10:41:00,POWL,,206.92999267578125,207.1300048828125,206.67999267578125,207.0,1014.0
2026-08-05 10:41:00,PPIH,,25.68000030517578,25.68000030517578,25.68000030517578,25.68000030517578,762.0
2026-08-05 10:41:00,PPTA,,22.65999984741211,22.65999984741211,22.6299991607666,22.639999389648438,1668.0
2026-08-05 10:41:00,PRCH,,16.260000228881836,16.260000228881836,16.260000228881836,16.260000228881836,765.0
2026-08-05 10:41:00,PRCT,,18.940000534057617,19.135000228881836,18.940000534057617,19.100000381469727,12746.0
2026-08-05 10:41:00,PRIM,,88.23500061035156,88.36000061035156,88.23500061035156,88.3550033569336,2186.0
2026-08-05 10:41:00,PROK,,1.625,1.625,1.625,1.625,534.0
2026-08-05 10:41:00,PRQR,,1.899999976158142,1.9049999713897705,1.899999976158142,1.9049999713897705,416.0
2026-08-05 10:41:00,PRTA,,8.53499984741211,8.539999961853027,8.529999732971191,8.529999732971191,3647.0
2026-08-05 10:41:00,PRTH,,6.610000133514404,6.610099792480469,6.610000133514404,6.610000133514404,2121.0
2026-08-05 10:41:00,PRVA,,24.020000457763672,24.020000457763672,24.020000457763672,24.020000457763672,1770.0
2026-08-05 10:41:00,PSEC,,2.194999933242798,2.194999933242798,2.194999933242798,2.194999933242798,1746.0
2026-08-05 10:41:00,PSNL,,13.520000457763672,13.520000457763672,13.520000457763672,13.520000457763672,979.0
2026-08-05 10:41:00,PSNY,,14.359999656677246,14.359999656677246,14.359999656677246,14.359999656677246,142.0
2026-08-05 10:41:00,PTC,,141.90499877929688,142.22000122070312,141.90499877929688,141.97000122070312,1823.0
2026-08-05 10:41:00,PTCT,,69.25,69.37000274658203,69.25,69.37000274658203,2736.0
2026-08-05 10:41:00,PTEN,,9.734999656677246,9.739999771118164,9.720000267028809,9.730899810791016,25715.0
2026-08-05 10:41:00,PTLO,,4.625,4.625,4.621099948883057,4.621099948883057,1487.0
2026-08-05 10:41:00,PTON,,6.550000190734863,6.559999942779541,6.550000190734863,6.554999828338623,2279.0
2026-08-05 10:41:00,PUBM,,13.680000305175781,13.680000305175781,13.680000305175781,13.680000305175781,770.0
2026-08-05 10:41:00,PWP,,17.3799991607666,17.3799991607666,17.34000015258789,17.350000381469727,3289.0
2026-08-05 10:41:00,PYPD,,4.449999809265137,4.449999809265137,4.449999809265137,4.449999809265137,335.0
2026-08-05 10:41:00,PYPL,,58.665000915527344,58.689998626708984,58.665000915527344,58.689998626708984,10218.0
2026-08-05 10:41:00,PYXS,,3.2300000190734863,3.2300000190734863,3.2300000190734863,3.2300000190734863,2436.0
2026-08-05 10:41:00,PZZA,,30.700000762939453,30.700000762939453,30.700000762939453,30.700000762939453,287.0
2026-08-05 10:41:00,QCOM,,158.63499450683594,158.67999267578125,158.375,158.5,27201.0
2026-08-05 10:41:00,QFIN,,13.40999984741211,13.40999984741211,13.40999984741211,13.40999984741211,265.0
2026-08-05 10:41:00,QRVO,,94.41999816894531,94.52999877929688,94.41999816894531,94.52999877929688,889.0
2026-08-05 10:41:00,SEED,,0.9807999730110168,0.986299991607666,0.9807999730110168,0.9858999848365784,1450.0
2026-08-05 10:41:00,STIM,,2.2950000762939453,2.2950000762939453,2.2950000762939453,2.2950000762939453,864.0
2026-08-05 10:41:00,STKS,,1.75,1.75,1.75,1.75,103.0
2026-08-05 10:41:00,WOOF,,2.9600000381469727,2.9600000381469727,2.9600000381469727,2.9600000381469727,430.0
2026-08-05 10:42:00,ACDC,,4.264999866485596,4.275000095367432,4.264999866485596,4.269999980926514,3137.0
2026-08-05 10:42:00,CPOP,,0.35530000925064087,0.35530000925064087,0.35530000925064087,0.35530000925064087,444.0
2026-08-05 10:42:00,EYE,,23.459999084472656,23.549999237060547,23.459999084472656,23.549999237060547,8186.0
2026-08-05 10:42:00,FIZZ,,31.969999313354492,31.969999313354492,31.959999084472656,31.959999084472656,1086.0
2026-08-05 10:42:00,GLUE,,15.890000343322754,15.899999618530273,15.890000343322754,15.899999618530273,644.0
2026-08-05 10:42:00,MBRX,,0.4059000015258789,0.4059000015258789,0.4059000015258789,0.4059000015258789,1116.0
2026-08-05 10:42:00,MCRI,,125.41999816894531,125.41999816894531,125.41999816894531,125.41999816894531,138.0
2026-08-05 10:42:00,MDB,,379.5450134277344,379.5450134277344,378.3599853515625,378.9100036621094,6335.0
2026-08-05 10:42:00,MDLZ,,62.18000030517578,62.220001220703125,62.15999984741211,62.15999984741211,11664.0
2026-08-05 10:42:00,MNST,,95.04000091552734,95.04000091552734,94.97000122070312,94.97000122070312,6366.0
2026-08-05 10:42:00,MNTK,,1.6950000524520874,1.6950000524520874,1.6950000524520874,1.6950000524520874,1867.0
2026-08-05 10:42:00,MNTS,,4.360000133514404,4.360000133514404,4.329999923706055,4.329999923706055,5957.0
2026-08-05 10:42:00,MODD,,2.0399999618530273,2.0399999618530273,2.038100004196167,2.038100004196167,1026.0
2026-08-05 10:42:00,MOVE,,12.095000267028809,12.095000267028809,12.095000267028809,12.095000267028809,515.0
2026-08-05 10:42:00,MPWR,,1317.43994140625,1318.97998046875,1315.5450439453125,1317.699951171875,1535.0
2026-08-05 10:42:00,MRNA,,57.66120147705078,57.70000076293945,57.5,57.58000183105469,20284.0
2026-08-05 10:42:00,MYGN,,3.2100000381469727,3.2100000381469727,3.2100000381469727,3.2100000381469727,1903.0
2026-08-05 10:42:00,MYRG,,338.3500061035156,338.3500061035156,338.3500061035156,338.3500061035156,125.0
2026-08-05 10:42:00,NAMS,,26.65999984741211,26.65999984741211,26.600000381469727,26.600000381469727,1314.0
2026-08-05 10:42:00,NAUT,,0.9769999980926514,0.9769999980926514,0.9769999980926514,0.9769999980926514,1215.0
2026-08-05 10:42:00,NAVI,,9.119999885559082,9.119999885559082,9.109999656677246,9.109999656677246,1825.0
2026-08-05 10:42:00,NB,,5.019999980926514,5.03000020980835,5.010000228881836,5.03000020980835,14631.0
2026-08-05 10:42:00,NBIX,,163.27499389648438,163.4199981689453,163.125,163.27499389648438,2197.0
2026-08-05 10:42:00,NCMI,,4.119999885559082,4.119999885559082,4.119999885559082,4.119999885559082,127.0
2026-08-05 10:42:00,NCNA,,1.3559999465942383,1.3600000143051147,1.3559999465942383,1.3600000143051147,3067.0
2026-08-05 10:42:00,NDAQ,,95.12000274658203,95.18000030517578,95.0801010131836,95.08149719238281,2870.0
2026-08-05 10:42:00,NDSN,,310.7699890136719,310.7699890136719,310.7699890136719,310.7699890136719,238.0
2026-08-05 10:42:00,NEGG,,16.689899444580078,16.689899444580078,16.689899444580078,16.689899444580078,293.0
2026-08-05 10:42:00,NEO,,16.170000076293945,16.170000076293945,16.149999618530273,16.15999984741211,3463.0
2026-08-05 10:42:00,NEOG,,11.699999809265137,11.704999923706055,11.694999694824219,11.704999923706055,2478.0
2026-08-05 10:42:00,NEOV,,2.8784000873565674,2.8784000873565674,2.859999895095825,2.859999895095825,1680.0
2026-08-05 10:42:00,NESR,,28.375,28.420000076293945,28.33009910583496,28.420000076293945,2418.0
2026-08-05 10:42:00,NEXT,,6.369800090789795,6.369999885559082,6.364999771118164,6.369999885559082,1705.0
2026-08-05 10:42:00,NFE,,0.3336000144481659,0.3336000144481659,0.3336000144481659,0.3336000144481659,174.0
2026-08-05 10:42:00,NFLX,,74.38999938964844,74.41999816894531,74.33999633789062,74.3499984741211,83864.0
2026-08-05 10:42:00,NICE,,96.02999877929688,96.3499984741211,96.02999877929688,96.3499984741211,1322.0
2026-08-05 10:42:00,NKTX,,2.1549999713897705,2.1549999713897705,2.1549999713897705,2.1549999713897705,1350.0
2026-08-05 10:42:00,NMFC,,7.34499979019165,7.349999904632568,7.34499979019165,7.34499979019165,4836.0
2026-08-05 10:42:00,NMRK,,15.755000114440918,15.755000114440918,15.755000114440918,15.755000114440918,204.0
2026-08-05 10:42:00,NN,,14.430000305175781,14.430000305175781,14.399999618530273,14.40999984741211,6721.0
2026-08-05 10:42:00,NNDM,,1.5299999713897705,1.534999966621399,1.5299999713897705,1.534999966621399,3100.0
2026-08-05 10:42:00,NNOX,,1.0199999809265137,1.0199999809265137,1.0099999904632568,1.0099999904632568,3865.0
2026-08-05 10:42:00,NOVT,,158.91000366210938,158.91000366210938,158.91000366210938,158.91000366210938,704.0
2026-08-05 10:42:00,NRIX,,24.6200008392334,24.6299991607666,24.59000015258789,24.59000015258789,1537.0
2026-08-05 10:42:00,NRXP,,3.0199999809265137,3.0199999809265137,3.0199999809265137,3.0199999809265137,428.0
2026-08-05 10:42:00,NTAP,,191.60000610351562,191.75,191.5500030517578,191.72999572753906,2195.0
2026-08-05 10:42:00,NTCT,,41.790000915527344,41.849998474121094,41.790000915527344,41.849998474121094,864.0
2026-08-05 10:42:00,NTES,,128.39999389648438,128.39999389648438,128.3699951171875,128.39999389648438,638.0
2026-08-05 10:42:00,NTNX,,61.130001068115234,61.15999984741211,61.09000015258789,61.119998931884766,5124.0
2026-08-05 10:42:00,NTRS,,184.6999969482422,184.72000122070312,184.6999969482422,184.72000122070312,3299.0
2026-08-05 10:42:00,NVAX,,7.644999980926514,7.644999980926514,7.635000228881836,7.644999980926514,5532.0
2026-08-05 10:42:00,NVCR,,16.010000228881836,16.010000228881836,16.010000228881836,16.010000228881836,453.0
2026-08-05 10:42:00,NVCT,,20.024999618530273,20.024999618530273,19.920000076293945,19.920000076293945,683.0
2026-08-05 10:42:00,NVDA,,220.05999755859375,220.3000030517578,219.92999267578125,220.05999755859375,261700.0
2026-08-05 10:42:00,NVMI,,406.0,406.0,406.0,406.0,80.0
2026-08-05 10:42:00,NVTS,,12.395000457763672,12.420000076293945,12.364999771118164,12.40999984741211,56596.0
2026-08-05 10:42:00,NVX,,0.4065999984741211,0.4065999984741211,0.4059000015258789,0.4059000015258789,3389.0
2026-08-05 10:42:00,NWBI,,15.979999542236328,15.984999656677246,15.975000381469727,15.979999542236328,3258.0
2026-08-05 10:42:00,NWE,,68.83000183105469,68.83000183105469,68.83000183105469,68.83000183105469,1702.0
2026-08-05 10:42:00,NWL,,6.039999961853027,6.070000171661377,6.039999961853027,6.070000171661377,20623.0
2026-08-05 10:42:00,NWS,,32.560001373291016,32.56999969482422,32.54999923706055,32.56999969482422,1660.0
2026-08-05 10:42:00,NWSA,,28.415000915527344,28.424999237060547,28.40999984741211,28.424999237060547,3345.0
2026-08-05 10:42:00,NXPI,,230.73500061035156,230.84500122070312,230.73500061035156,230.84500122070312,2658.0
2026-08-05 10:42:00,NXT,,97.3499984741211,97.3499984741211,97.3499984741211,97.3499984741211,266.0
2026-08-05 10:42:00,NXTC,,5.467400074005127,5.467400074005127,5.467400074005127,5.467400074005127,906.0
2026-08-05 10:42:00,OBIO,,4.150000095367432,4.150000095367432,4.139999866485596,4.150000095367432,1657.0
2026-08-05 10:42:00,OCFC,,19.829999923706055,19.829999923706055,19.825000762939453,19.825000762939453,925.0
2026-08-05 10:42:00,OCGN,,1.309999942779541,1.315000057220459,1.309999942779541,1.315000057220459,12877.0
2026-08-05 10:42:00,OCS,,12.114999771118164,12.114999771118164,12.114999771118164,12.114999771118164,192.0
2026-08-05 10:42:00,OCSL,,12.130000114440918,12.130000114440918,12.130000114440918,12.130000114440918,536.0
2026-08-05 10:42:00,OCUL,,8.584199905395508,8.584199905395508,8.584199905395508,8.584199905395508,795.0
2026-08-05 10:42:00,OESX,,16.100000381469727,16.309999465942383,16.036800384521484,16.309999465942383,3729.0
2026-08-05 10:42:00,OFIX,,10.890000343322754,10.90999984741211,10.859999656677246,10.859999656677246,2877.0
2026-08-05 10:42:00,OLLI,,79.06999969482422,79.06999969482422,78.99500274658203,79.06999969482422,1972.0
2026-08-05 10:42:00,OLMA,,11.579999923706055,11.579999923706055,11.579999923706055,11.579999923706055,578.0
2026-08-05 10:42:00,OMER,,12.989999771118164,13.029999732971191,12.960000038146973,13.029999732971191,12219.0
2026-08-05 10:42:00,OMH,,0.10980000346899033,0.11029999703168869,0.10920000076293945,0.10920000076293945,5391.0
2026-08-05 10:42:00,ON,,77.6500015258789,77.6500015258789,77.3550033569336,77.5,32966.0
2026-08-05 10:42:00,ONB,,27.110000610351562,27.110000610351562,27.110000610351562,27.110000610351562,4310.0
2026-08-05 10:42:00,ONDS,,8.850000381469727,8.879899978637695,8.84000015258789,8.86989974975586,204181.0
2026-08-05 10:42:00,ONFO,,0.07289999723434448,0.0729999989271164,0.07289999723434448,0.0729999989271164,143119.0
2026-08-05 10:42:00,OPBK,,15.765000343322754,15.766400337219238,15.765000343322754,15.766400337219238,202.0
2026-08-05 10:42:00,OPCH,,23.549999237060547,23.549999237060547,23.549999237060547,23.549999237060547,1215.0
2026-08-05 10:42:00,OPEN,,3.8949999809265137,3.9000000953674316,3.880000114440918,3.880000114440918,57784.0
2026-08-05 10:42:00,OPK,,1.3250000476837158,1.3250000476837158,1.3200000524520874,1.3209999799728394,15594.0
2026-08-05 10:42:00,OPRX,,6.769999980926514,6.769999980926514,6.769999980926514,6.769999980926514,496.0
2026-08-05 10:42:00,ORLY,,93.9800033569336,94.0199966430664,93.94000244140625,94.01000213623047,8352.0
2026-08-05 10:42:00,OSIS,,234.38999938964844,234.72999572753906,234.38999938964844,234.72999572753906,251.0
2026-08-05 10:42:00,OSPN,,16.610000610351562,16.610000610351562,16.610000610351562,16.610000610351562,322.0
2026-08-05 10:42:00,OSS,,14.0600004196167,14.0600004196167,14.010000228881836,14.020000457763672,5474.0
2026-08-05 10:42:00,OTEX,,26.010000228881836,26.020000457763672,26.0049991607666,26.020000457763672,2409.0
2026-08-05 10:42:00,OTLK,,1.0099999904632568,1.0199999809265137,1.0099999904632568,1.0199999809265137,45344.0
2026-08-05 10:42:00,OTLY,,14.320300102233887,14.320300102233887,14.320300102233887,14.320300102233887,613.0
2026-08-05 10:42:00,OXLC,,9.050000190734863,9.058799743652344,9.050000190734863,9.050000190734863,832.0
2026-08-05 10:42:00,OXSQ,,1.4800000190734863,1.4800000190734863,1.4800000190734863,1.4800000190734863,466.0
2026-08-05 10:42:00,PAA,,23.19499969482422,23.19499969482422,23.190000534057617,23.190000534057617,4473.0
2026-08-05 10:42:00,PAAS,,48.233001708984375,48.233001708984375,48.09000015258789,48.11000061035156,8578.0
2026-08-05 10:42:00,PACB,,1.4249999523162842,1.429900050163269,1.4249999523162842,1.4249999523162842,2311.0
2026-08-05 10:42:00,PAGP,,25.110000610351562,25.110000610351562,25.110000610351562,25.110000610351562,1529.0
2026-08-05 10:42:00,PAHC,,37.25,37.25,37.25,37.25,363.0
2026-08-05 10:42:00,PANL,,7.324999809265137,7.324999809265137,7.324999809265137,7.324999809265137,914.0
2026-08-05 10:42:00,PANW,,368.0,368.010009765625,366.9180908203125,367.95001220703125,10001.0
2026-08-05 10:42:00,PATK,,87.95999908447266,87.95999908447266,87.95999908447266,87.95999908447266,565.0
2026-08-05 10:42:00,PAX,,11.46500015258789,11.46500015258789,11.46500015258789,11.46500015258789,815.0
2026-08-05 10:42:00,PAYO,,7.130000114440918,7.130000114440918,7.119999885559082,7.119999885559082,2278.0
2026-08-05 10:42:00,PAYS,,9.369999885559082,9.369999885559082,9.369999885559082,9.369999885559082,495.0
2026-08-05 10:42:00,PAYX,,118.08000183105469,118.13999938964844,118.05000305175781,118.125,2685.0
2026-08-05 10:42:00,PCAR,,133.9499969482422,133.99000549316406,133.69000244140625,133.8249969482422,33037.0
2026-08-05 10:42:00,PCT,,6.925000190734863,6.940000057220459,6.914899826049805,6.929999828338623,19163.0
2026-08-05 10:42:00,PCTY,,148.9600067138672,148.9600067138672,148.9600067138672,148.9600067138672,672.0
2026-08-05 10:42:00,PDD,,91.91000366210938,91.93499755859375,91.87999725341797,91.91500091552734,10128.0
2026-08-05 10:42:00,PDLB,,20.649999618530273,20.649999618530273,20.649999618530273,20.649999618530273,107.0
2026-08-05 10:42:00,PEBK,,43.43000030517578,43.439998626708984,43.43000030517578,43.43000030517578,884.0
2026-08-05 10:42:00,PEBO,,41.79999923706055,41.79999923706055,41.79999923706055,41.79999923706055,337.0
2026-08-05 10:42:00,PECO,,41.44499969482422,41.46500015258789,41.44499969482422,41.46500015258789,9358.0
2026-08-05 10:42:00,PEGA,,31.829999923706055,31.864999771118164,31.790000915527344,31.80500030517578,7551.0
2026-08-05 10:42:00,PENN,,19.969999313354492,19.969999313354492,19.950000762939453,19.950000762939453,2221.0
2026-08-05 10:42:00,PEP,,139.22000122070312,139.22000122070312,139.110107421875,139.125,9408.0
2026-08-05 10:42:00,PEPG,,1.8849999904632568,1.8849999904632568,1.8849999904632568,1.8849999904632568,325.0
2026-08-05 10:42:00,PERI,,9.619999885559082,9.630000114440918,9.619999885559082,9.630000114440918,797.0
2026-08-05 10:42:00,PFG,,115.33000183105469,115.33000183105469,115.31999969482422,115.31999969482422,1092.0
2026-08-05 10:42:00,PGC,,46.779998779296875,46.779998779296875,46.779998779296875,46.779998779296875,812.0
2026-08-05 10:42:00,PGEN,,6.855000019073486,6.875,6.84499979019165,6.875,25334.0
2026-08-05 10:42:00,PGY,,21.739999771118164,21.760000228881836,21.719999313354492,21.7549991607666,4592.0
2026-08-05 10:42:00,PHAT,,8.510000228881836,8.510000228881836,8.510000228881836,8.510000228881836,2654.0
2026-08-05 10:42:00,PHVS,,32.90999984741211,32.90999984741211,32.90999984741211,32.90999984741211,475.0
2026-08-05 10:42:00,PLBY,,1.1561000347137451,1.1567000150680542,1.1561000347137451,1.1567000150680542,884.0
2026-08-05 10:42:00,PLTK,,4.050000190734863,4.050000190734863,4.039999961853027,4.039999961853027,2150.0
2026-08-05 10:42:00,PLUG,,2.1050000190734863,2.1050000190734863,2.0999999046325684,2.0999999046325684,12355.0
2026-08-05 10:42:00,PLXS,,272.6600036621094,273.4200134277344,272.6499938964844,273.4100036621094,6448.0
2026-08-05 10:42:00,PNFP,,107.93499755859375,107.94000244140625,107.93499755859375,107.94000244140625,826.0
2026-08-05 10:42:00,POET,,8.204999923706055,8.220000267028809,8.1899995803833,8.21500015258789,31349.0
2026-08-05 10:42:00,POWI,,62.290000915527344,62.290000915527344,61.9900016784668,61.9900016784668,2414.0
2026-08-05 10:42:00,POWL,,207.33999633789062,207.6999969482422,207.3350067138672,207.6999969482422,781.0
2026-08-05 10:42:00,PPC,,26.899999618530273,26.899999618530273,26.8799991607666,26.8799991607666,442.0
2026-08-05 10:42:00,PPSI,,2.9600000381469727,2.9600000381469727,2.950000047683716,2.950000047683716,1569.0
2026-08-05 10:42:00,PPTA,,22.690000534057617,22.690000534057617,22.639999389648438,22.639999389648438,3168.0
2026-08-05 10:42:00,PRAA,,17.389999389648438,17.389999389648438,17.389999389648438,17.389999389648438,112.0
2026-08-05 10:42:00,PRAX,,312.0,312.0,311.2349853515625,311.2349853515625,214.0
2026-08-05 10:42:00,PRCH,,16.2450008392334,16.2450008392334,16.2450008392334,16.2450008392334,1145.0
2026-08-05 10:42:00,PRCT,,19.290000915527344,19.290000915527344,18.850000381469727,18.8799991607666,42166.0
2026-08-05 10:42:00,PRIM,,88.05999755859375,88.23999786376953,88.04000091552734,88.2300033569336,3159.0
2026-08-05 10:42:00,PRME,,2.950000047683716,2.950000047683716,2.944999933242798,2.944999933242798,5842.0
2026-08-05 10:42:00,PRTA,,8.529999732971191,8.539999961853027,8.529999732971191,8.539999961853027,414.0
2026-08-05 10:42:00,PRVA,,24.020000457763672,24.020000457763672,24.014999389648438,24.020000457763672,425.0
2026-08-05 10:42:00,PSEC,,2.194999933242798,2.200000047683716,2.190000057220459,2.1989998817443848,19718.0
2026-08-05 10:42:00,PSMT,,193.23500061035156,193.23500061035156,193.22999572753906,193.23500061035156,1603.0
2026-08-05 10:42:00,PTC,,141.81500244140625,141.81500244140625,141.81500244140625,141.81500244140625,470.0
2026-08-05 10:42:00,PTCT,,69.33000183105469,69.33000183105469,69.33000183105469,69.33000183105469,1597.0
2026-08-05 10:42:00,PTEN,,9.744999885559082,9.770000457763672,9.729999542236328,9.729999542236328,33118.0
2026-08-05 10:42:00,PTLO,,4.625,4.625,4.625,4.625,103.0
2026-08-05 10:42:00,PTON,,6.554999828338623,6.554999828338623,6.550000190734863,6.550000190734863,2655.0
2026-08-05 10:42:00,PYPL,,58.685001373291016,58.685001373291016,58.65999984741211,58.66999816894531,8094.0
2026-08-05 10:42:00,PYXS,,3.2300000190734863,3.2300000190734863,3.2300000190734863,3.2300000190734863,1102.0
2026-08-05 10:42:00,PZZA,,30.780000686645508,30.790000915527344,30.739999771118164,30.739999771118164,5402.0
2026-08-05 10:42:00,QCOM,,158.625,158.75,158.25,158.67999267578125,20679.0
2026-08-05 10:42:00,QFIN,,13.40999984741211,13.40999984741211,13.40999984741211,13.40999984741211,1689.0
2026-08-05 10:42:00,QRVO,,94.54000091552734,94.54000091552734,94.49500274658203,94.54000091552734,1343.0
2026-08-05 10:42:00,SEED,,0.9805999994277954,0.986299991607666,0.9800000190734863,0.986299991607666,6047.0
2026-08-05 10:42:00,TARA,,4.025000095367432,4.029099941253662,4.025000095367432,4.029099941253662,3207.0
2026-08-05 10:42:00,WOOF,,2.9649999141693115,2.9649999141693115,2.960099935531616,2.960099935531616,4135.0
2026-08-05 10:43:00,ACDC,,4.304999828338623,4.309999942779541,4.260000228881836,4.264999866485596,23285.0
2026-08-05 10:43:00,CPOP,,0.35519999265670776,0.35519999265670776,0.35519999265670776,0.35519999265670776,1225.0
2026-08-05 10:43:00,FIZZ,,32.029998779296875,32.029998779296875,32.029998779296875,32.029998779296875,309.0
2026-08-05 10:43:00,GLUE,,15.84000015258789,15.890000343322754,15.829999923706055,15.869999885559082,5263.0
2026-08-05 10:43:00,KIDS,,21.43000030517578,21.43000030517578,21.43000030517578,21.43000030517578,120.0
2026-08-05 10:43:00,LUNG,,1.8799999952316284,1.8799999952316284,1.8799999952316284,1.8799999952316284,893.0
2026-08-05 10:43:00,MBRX,,0.4099000096321106,0.4099000096321106,0.4052000045776367,0.4052000045776367,0.0
2026-08-05 10:43:00,MCRI,,125.13009643554688,125.13009643554688,125.13009643554688,125.13009643554688,2307.0
2026-08-05 10:43:00,MDB,,378.239990234375,379.57000732421875,378.239990234375,379.55499267578125,2657.0
2026-08-05 10:43:00,MDLZ,,62.16999816894531,62.220001220703125,62.16999816894531,62.185001373291016,6424.0
2026-08-05 10:43:00,MLTX,,17.549999237060547,17.549999237060547,17.549999237060547,17.549999237060547,335.0
2026-08-05 10:43:00,MNPR,,115.0,115.0,115.0,115.0,464.0
2026-08-05 10:43:00,MNRO,,13.154999732971191,13.154999732971191,13.154999732971191,13.154999732971191,191.0
2026-08-05 10:43:00,MNST,,95.0250015258789,95.06500244140625,95.0199966430664,95.04000091552734,5864.0
2026-08-05 10:43:00,MNTS,,4.330599784851074,4.349999904632568,4.330599784851074,4.349999904632568,2477.0
2026-08-05 10:43:00,MORN,,202.9199981689453,202.9199981689453,202.9199981689453,202.9199981689453,114.0
2026-08-05 10:43:00,MPWR,,1317.219970703125,1317.469970703125,1315.64501953125,1316.02001953125,742.0
2026-08-05 10:43:00,MRNA,,57.59000015258789,57.65999984741211,57.435001373291016,57.650001525878906,14211.0
2026-08-05 10:43:00,MSGM,,4.46999979019165,4.46999979019165,4.46999979019165,4.46999979019165,405.0
2026-08-05 10:43:00,MYGN,,3.2100000381469727,3.2149999141693115,3.2100000381469727,3.2149999141693115,1680.0
2026-08-05 10:43:00,MYRG,,336.0,337.385009765625,336.0,336.07000732421875,274.0
2026-08-05 10:43:00,NAMS,,26.670000076293945,26.709999084472656,26.639999389648438,26.649999618530273,10095.0
2026-08-05 10:43:00,NAVI,,9.125,9.125,9.125,9.125,583.0
2026-08-05 10:43:00,NB,,5.010000228881836,5.019999980926514,5.010000228881836,5.019999980926514,2851.0
2026-08-05 10:43:00,NBIX,,163.28750610351562,163.30999755859375,163.15499877929688,163.28500366210938,3206.0
2026-08-05 10:43:00,NBTB,,53.619998931884766,53.63999938964844,53.619998931884766,53.63999938964844,2252.0
2026-08-05 10:43:00,NDAQ,,95.08000183105469,95.15499877929688,95.08000183105469,95.08000183105469,6077.0
2026-08-05 10:43:00,NEGG,,16.600000381469727,16.600000381469727,16.510000228881836,16.510000228881836,1471.0
2026-08-05 10:43:00,NEO,,16.18000030517578,16.18000030517578,16.170000076293945,16.18000030517578,1909.0
2026-08-05 10:43:00,NEOG,,11.704999923706055,11.710000038146973,11.694999694824219,11.699999809265137,6478.0
2026-08-05 10:43:00,NEOV,,2.861599922180176,2.874500036239624,2.861599922180176,2.874500036239624,1450.0
2026-08-05 10:43:00,NESR,,28.239999771118164,28.3700008392334,28.239999771118164,28.3700008392334,4087.0
2026-08-05 10:43:00,NEXT,,6.359899997711182,6.369999885559082,6.359899997711182,6.364999771118164,8639.0
2026-08-05 10:43:00,NFLX,,74.37000274658203,74.44000244140625,74.36000061035156,74.38999938964844,84664.0
2026-08-05 10:43:00,NICE,,96.0,96.0,96.0,96.0,965.0
2026-08-05 10:43:00,NKTR,,72.29000091552734,72.29000091552734,72.19999694824219,72.23999786376953,1503.0
2026-08-05 10:43:00,NMFC,,7.340000152587891,7.34499979019165,7.335000038146973,7.34499979019165,2838.0
2026-08-05 10:43:00,NMRK,,15.755000114440918,15.755000114440918,15.755000114440918,15.755000114440918,1323.0
2026-08-05 10:43:00,NN,,14.385000228881836,14.40999984741211,14.385000228881836,14.40999984741211,15517.0
2026-08-05 10:43:00,NNBR,,3.8299999237060547,3.8399999141693115,3.8299999237060547,3.8399999141693115,1680.0
2026-08-05 10:43:00,NNDM,,1.5299999713897705,1.534999966621399,1.5299999713897705,1.534999966621399,1800.0
2026-08-05 10:43:00,NRC,,19.665000915527344,19.665000915527344,19.665000915527344,19.665000915527344,2549.0
2026-08-05 10:43:00,NRIX,,24.594999313354492,24.594999313354492,24.594999313354492,24.594999313354492,200.0
2026-08-05 10:43:00,NRXP,,3.0199999809265137,3.0199999809265137,3.0199999809265137,3.0199999809265137,112.0
2026-08-05 10:43:00,NTAP,,191.75,191.7899932861328,191.5749969482422,191.75999450683594,6071.0
2026-08-05 10:43:00,NTES,,128.36000061035156,128.3699951171875,128.36000061035156,128.36000061035156,1271.0
2026-08-05 10:43:00,NTNX,,61.095001220703125,61.099998474121094,61.095001220703125,61.099998474121094,933.0
2026-08-05 10:43:00,NTRA,,277.2349853515625,277.55499267578125,277.2349853515625,277.55499267578125,745.0
2026-08-05 10:43:00,NTRS,,184.89500427246094,184.89500427246094,184.89500427246094,184.89500427246094,502.0
2026-08-05 10:43:00,NTRSO,,18.399999618530273,18.399999618530273,18.399999618530273,18.399999618530273,187.0
2026-08-05 10:43:00,NUWE,,1.781999945640564,1.781999945640564,1.7800999879837036,1.7800999879837036,630.0
2026-08-05 10:43:00,NVAX,,7.650000095367432,7.650000095367432,7.644999980926514,7.650000095367432,4195.0
2026-08-05 10:43:00,NVCR,,16.009199142456055,16.009199142456055,16.0,16.0,657.0
2026-08-05 10:43:00,NVDA,,220.0,220.13999938964844,219.82000732421875,220.07369995117188,211904.0
2026-08-05 10:43:00,NVMI,,405.2900085449219,406.2799987792969,405.2900085449219,405.9849853515625,1201.0
2026-08-05 10:43:00,NVTS,,12.420000076293945,12.420000076293945,12.380000114440918,12.395000457763672,23599.0
2026-08-05 10:43:00,NWBI,,15.975000381469727,15.975000381469727,15.975000381469727,15.975000381469727,1001.0
2026-08-05 10:43:00,NWE,,68.80000305175781,68.80000305175781,68.80000305175781,68.80000305175781,508.0
2026-08-05 10:43:00,NWL,,6.045000076293945,6.050000190734863,6.034999847412109,6.045000076293945,10007.0
2026-08-05 10:43:00,NWPX,,125.95999908447266,125.95999908447266,125.95999908447266,125.95999908447266,2109.0
2026-08-05 10:43:00,NWS,,32.55500030517578,32.560001373291016,32.55500030517578,32.560001373291016,2401.0
2026-08-05 10:43:00,NWSA,,28.415000915527344,28.424999237060547,28.415000915527344,28.420000076293945,4399.0
2026-08-05 10:43:00,NXPI,,231.1199951171875,231.19000244140625,230.61000061035156,230.89500427246094,4383.0
2026-08-05 10:43:00,NXST,,192.33999633789062,192.38999938964844,192.28250122070312,192.38999938964844,2037.0
2026-08-05 10:43:00,NXT,,96.94999694824219,97.29000091552734,96.70439910888672,97.29000091552734,5694.0
2026-08-05 10:43:00,OBIO,,4.144999980926514,4.144999980926514,4.144999980926514,4.144999980926514,696.0
2026-08-05 10:43:00,OCFC,,19.850000381469727,19.850000381469727,19.84000015258789,19.84000015258789,4616.0
2026-08-05 10:43:00,OCG,,1.7000000476837158,1.7000000476837158,1.7000000476837158,1.7000000476837158,376.0
2026-08-05 10:43:00,OCGN,,1.309999942779541,1.3200000524520874,1.309999942779541,1.309999942779541,21403.0
2026-08-05 10:43:00,OCSL,,12.119999885559082,12.119999885559082,12.119999885559082,12.119999885559082,128.0
2026-08-05 10:43:00,OCUL,,8.569999694824219,8.579999923706055,8.5600004196167,8.579999923706055,10021.0
2026-08-05 10:43:00,ODD,,15.204999923706055,15.204999923706055,15.149999618530273,15.204999923706055,381.0
2026-08-05 10:43:00,ODFL,,217.25,217.38999938964844,217.25,217.3800048828125,5952.0
2026-08-05 10:43:00,OESX,,16.174999237060547,16.174999237060547,16.03619956970215,16.03619956970215,2424.0
2026-08-05 10:43:00,OFIX,,10.854999542236328,10.854999542236328,10.854999542236328,10.854999542236328,177.0
2026-08-05 10:43:00,OKTA,,148.5800018310547,148.60000610351562,148.25999450683594,148.60000610351562,4085.0
2026-08-05 10:43:00,OLLI,,79.12000274658203,79.12999725341797,79.03500366210938,79.12999725341797,1028.0
2026-08-05 10:43:00,OLMA,,11.550000190734863,11.550000190734863,11.539999961853027,11.539999961853027,426.0
2026-08-05 10:43:00,OMER,,12.979999542236328,12.989999771118164,12.949999809265137,12.970000267028809,3257.0
2026-08-05 10:43:00,OMH,,0.10899999737739563,0.10930000245571136,0.1088000014424324,0.10920000076293945,75211.0
2026-08-05 10:43:00,ON,,77.87999725341797,77.8949966430664,77.62999725341797,77.68499755859375,27604.0
2026-08-05 10:43:00,ONB,,27.1200008392334,27.1200008392334,27.104999542236328,27.110000610351562,8819.0
2026-08-05 10:43:00,ONCY,,0.7888000011444092,0.7888000011444092,0.7888000011444092,0.7888000011444092,785.0
2026-08-05 10:43:00,ONDS,,8.859999656677246,8.859999656677246,8.829999923706055,8.854999542236328,173810.0
2026-08-05 10:43:00,ONFO,,0.07280000299215317,0.07289999723434448,0.07280000299215317,0.07280000299215317,43565.0
2026-08-05 10:43:00,ONTX,,16.514999389648438,16.514999389648438,16.514999389648438,16.514999389648438,110.0
2026-08-05 10:43:00,OPBK,,15.765000343322754,15.765000343322754,15.765000343322754,15.765000343322754,380.0
2026-08-05 10:43:00,OPCH,,23.540000915527344,23.579999923706055,23.530000686645508,23.540000915527344,5309.0
2026-08-05 10:43:00,OPEN,,3.8949999809265137,3.9000000953674316,3.890000104904175,3.8949999809265137,21665.0
2026-08-05 10:43:00,OPK,,1.320099949836731,1.320099949836731,1.3200000524520874,1.3200000524520874,2114.0
2026-08-05 10:43:00,ORGO,,2.390000104904175,2.390000104904175,2.390000104904175,2.390000104904175,1082.0
2026-08-05 10:43:00,ORIC,,13.399999618530273,13.399999618530273,13.28499984741211,13.28499984741211,5770.0
2026-08-05 10:43:00,ORLY,,93.99800109863281,94.01499938964844,93.97000122070312,93.97000122070312,3481.0
2026-08-05 10:43:00,OSBC,,25.8700008392334,25.8700008392334,25.8700008392334,25.8700008392334,594.0
2026-08-05 10:43:00,OSIS,,234.35000610351562,234.35000610351562,234.35000610351562,234.35000610351562,102.0
2026-08-05 10:43:00,OSPN,,16.559999465942383,16.56999969482422,16.559999465942383,16.56999969482422,4976.0
2026-08-05 10:43:00,OSS,,14.116399765014648,14.116399765014648,14.050000190734863,14.085000038146973,11730.0
2026-08-05 10:43:00,OSW,,26.600000381469727,26.600000381469727,26.600000381469727,26.600000381469727,1167.0
2026-08-05 10:43:00,OTEX,,25.989999771118164,26.010000228881836,25.989999771118164,26.0049991607666,4546.0
2026-08-05 10:43:00,OTLK,,1.0199999809265137,1.0199999809265137,1.0099999904632568,1.0199999809265137,6879.0
2026-08-05 10:43:00,OVID,,2.6050000190734863,2.6050000190734863,2.6050000190734863,2.6050000190734863,594.0
2026-08-05 10:43:00,OXSQ,,1.4800000190734863,1.4900000095367432,1.4800000190734863,1.4850000143051147,5860.0
2026-08-05 10:43:00,PAA,,23.184999465942383,23.19499969482422,23.18000030517578,23.19499969482422,22243.0
2026-08-05 10:43:00,PAAS,,48.27000045776367,48.279998779296875,48.19499969482422,48.21500015258789,14725.0
2026-08-05 10:43:00,PACB,,1.4249999523162842,1.4249999523162842,1.4249999523162842,1.4249999523162842,1143.0
2026-08-05 10:43:00,PAGP,,25.100000381469727,25.100000381469727,25.100000381469727,25.100000381469727,850.0
2026-08-05 10:43:00,PALI,,2.069999933242798,2.069999933242798,2.069999933242798,2.069999933242798,1035.0
2026-08-05 10:43:00,PANL,,7.309999942779541,7.315000057220459,7.300000190734863,7.315000057220459,1129.0
2026-08-05 10:43:00,PANW,,367.04998779296875,367.79998779296875,366.7900085449219,367.79998779296875,8913.0
2026-08-05 10:43:00,PATK,,88.19999694824219,88.19999694824219,88.12000274658203,88.12999725341797,3158.0
2026-08-05 10:43:00,PAX,,11.454999923706055,11.454999923706055,11.454999923706055,11.454999923706055,577.0
2026-08-05 10:43:00,PAYX,,118.05999755859375,118.12000274658203,118.05000305175781,118.08499908447266,4979.0
2026-08-05 10:43:00,PCAR,,133.97999572753906,134.0,133.8699951171875,133.8699951171875,6005.0
2026-08-05 10:43:00,PCT,,6.940000057220459,6.945000171661377,6.929999828338623,6.929999828338623,8797.0
2026-08-05 10:43:00,PCTY,,148.48500061035156,148.82000732421875,148.02000427246094,148.51499938964844,5033.0
2026-08-05 10:43:00,PDD,,91.99500274658203,92.0,91.87999725341797,91.9198989868164,16232.0
2026-08-05 10:43:00,PEBK,,43.41999816894531,43.439998626708984,43.41999816894531,43.439998626708984,328.0
2026-08-05 10:43:00,PECO,,41.44499969482422,41.44499969482422,41.44499969482422,41.44499969482422,788.0
2026-08-05 10:43:00,PEGA,,31.80500030517578,31.850000381469727,31.790000915527344,31.829999923706055,3444.0
2026-08-05 10:43:00,PENN,,19.959999084472656,19.989999771118164,19.959999084472656,19.979999542236328,3412.0
2026-08-05 10:43:00,PEP,,139.10000610351562,139.2100067138672,139.10000610351562,139.19000244140625,6924.0
2026-08-05 10:43:00,PEPG,,1.8849999904632568,1.8849999904632568,1.8849999904632568,1.8849999904632568,649.0
2026-08-05 10:43:00,PERI,,9.625,9.625,9.625,9.625,1013.0
2026-08-05 10:43:00,PFG,,115.2300033569336,115.26000213623047,115.2300033569336,115.23999786376953,1654.0
2026-08-05 10:43:00,PGEN,,6.800000190734863,6.869999885559082,6.800000190734863,6.855000019073486,79553.0
2026-08-05 10:43:00,PGY,,21.735000610351562,21.75,21.690000534057617,21.75,7516.0
2026-08-05 10:43:00,PHAT,,8.505000114440918,8.505000114440918,8.505000114440918,8.505000114440918,917.0
2026-08-05 10:43:00,PHVS,,32.91999816894531,32.91999816894531,32.8849983215332,32.91999816894531,690.0
2026-08-05 10:43:00,PLAB,,32.040000915527344,32.040000915527344,32.040000915527344,32.040000915527344,527.0
2026-08-05 10:43:00,PLMR,,135.52000427246094,135.52000427246094,135.52000427246094,135.52000427246094,384.0
2026-08-05 10:43:00,PLPC,,458.8399963378906,458.8399963378906,458.8399963378906,458.8399963378906,918.0
2026-08-05 10:43:00,PLSE,,37.43000030517578,37.43000030517578,37.43000030517578,37.43000030517578,490.0
2026-08-05 10:43:00,PLTK,,4.050000190734863,4.065000057220459,4.050000190734863,4.059999942779541,6886.0
2026-08-05 10:43:00,PLUG,,2.0999999046325684,2.109999895095825,2.0999999046325684,2.1050000190734863,31190.0
2026-08-05 10:43:00,PMN,,13.300000190734863,13.300000190734863,13.300000190734863,13.300000190734863,8000.0
2026-08-05 10:43:00,PNFP,,107.94750213623047,107.94750213623047,107.93499755859375,107.93499755859375,238.0
2026-08-05 10:43:00,POET,,8.210000038146973,8.210000038146973,8.1899995803833,8.199999809265137,19735.0
2026-08-05 10:43:00,POOL,,204.5500030517578,204.5500030517578,204.5500030517578,204.5500030517578,1107.0
2026-08-05 10:43:00,POWL,,207.22999572753906,207.35000610351562,206.72000122070312,207.35000610351562,1054.0
2026-08-05 10:43:00,PPC,,26.889999389648438,26.940000534057617,26.889999389648438,26.90999984741211,4520.0
2026-08-05 10:43:00,PPSI,,2.9800000190734863,2.9800000190734863,2.9600000381469727,2.9600000381469727,723.0
2026-08-05 10:43:00,PPTA,,22.649999618530273,22.68000030517578,22.649999618530273,22.68000030517578,2405.0
2026-08-05 10:43:00,PRAX,,309.7699890136719,309.7699890136719,309.7699890136719,309.7699890136719,211.0
2026-08-05 10:43:00,PRCH,,16.239999771118164,16.239999771118164,16.239999771118164,16.239999771118164,549.0
2026-08-05 10:43:00,PRCT,,19.25,19.290000915527344,19.15999984741211,19.28499984741211,9921.0
2026-08-05 10:43:00,PRDO,,33.29499816894531,33.310001373291016,33.29499816894531,33.310001373291016,578.0
2026-08-05 10:43:00,PRIM,,88.08999633789062,88.08999633789062,88.08999633789062,88.08999633789062,239.0
2026-08-05 10:43:00,PRME,,2.9600000381469727,2.9600000381469727,2.944999933242798,2.950000047683716,9189.0
2026-08-05 10:43:00,PRSO,,0.6899999976158142,0.6899999976158142,0.6899999976158142,0.6899999976158142,6186.0
2026-08-05 10:43:00,PRTA,,8.529999732971191,8.529999732971191,8.520000457763672,8.529999732971191,2093.0
2026-08-05 10:43:00,PRVA,,23.969999313354492,24.020000457763672,23.940000534057617,24.014999389648438,1619.0
2026-08-05 10:43:00,PSEC,,2.194999933242798,2.194999933242798,2.194999933242798,2.194999933242798,1297.0
2026-08-05 10:43:00,PSNL,,13.550000190734863,13.550000190734863,13.529999732971191,13.529999732971191,3359.0
2026-08-05 10:43:00,PTC,,142.0800018310547,142.0800018310547,141.60000610351562,141.81500244140625,954.0
2026-08-05 10:43:00,PTCT,,69.27999877929688,69.27999877929688,69.27999877929688,69.27999877929688,690.0
2026-08-05 10:43:00,PTEN,,9.710100173950195,9.760000228881836,9.710100173950195,9.744999885559082,11560.0
2026-08-05 10:43:00,PTGX,,135.86000061035156,135.8699951171875,135.86000061035156,135.8699951171875,1092.0
2026-08-05 10:43:00,PTLO,,4.639999866485596,4.644999980926514,4.630000114440918,4.630000114440918,6623.0
2026-08-05 10:43:00,PTON,,6.550000190734863,6.559999942779541,6.550000190734863,6.559999942779541,5513.0
2026-08-05 10:43:00,PUBM,,13.680000305175781,13.680000305175781,13.670000076293945,13.670000076293945,662.0
2026-08-05 10:43:00,PWP,,17.364999771118164,17.37700080871582,17.364999771118164,17.37700080871582,3756.0
2026-08-05 10:43:00,PYPL,,58.709999084472656,58.72999954223633,58.689998626708984,58.689998626708984,9322.0
2026-08-05 10:43:00,PYXS,,3.2149999141693115,3.2300000190734863,3.2149999141693115,3.2300000190734863,1562.0
2026-08-05 10:43:00,PZZA,,30.7549991607666,30.760000228881836,30.7549991607666,30.760000228881836,710.0
2026-08-05 10:43:00,QCOM,,158.72999572753906,158.8000030517578,158.49400329589844,158.55999755859375,15755.0
2026-08-05 10:43:00,QFIN,,13.420000076293945,13.420000076293945,13.420000076293945,13.420000076293945,930.0
2026-08-05 10:43:00,QRVO,,94.5999984741211,94.5999984741211,94.52999877929688,94.52999877929688,1892.0
2026-08-05 10:43:00,SEED,,0.9828000068664551,0.9854000210762024,0.9800000190734863,0.9800999760627747,11004.0
2026-08-05 10:43:00,TARA,,4.025000095367432,4.025000095367432,4.025000095367432,4.025000095367432,1268.0
2026-08-05 10:44:00,ACDC,,4.315000057220459,4.315000057220459,4.300000190734863,4.304999828338623,7077.0
2026-08-05 10:44:00,BPOP,,177.5970001220703,177.5970001220703,177.5970001220703,177.5970001220703,316.0
2026-08-05 10:44:00,EYE,,23.420000076293945,23.459999084472656,23.420000076293945,23.440000534057617,2125.0
2026-08-05 10:44:00,FIZZ,,31.969999313354492,31.979999542236328,31.969999313354492,31.969999313354492,1417.0
2026-08-05 10:44:00,GLUE,,15.829999923706055,15.84000015258789,15.829999923706055,15.829999923706055,1256.0
2026-08-05 10:44:00,KIDS,,21.5,21.5,21.5,21.5,118.0
2026-08-05 10:44:00,MCRI,,125.1500015258789,125.1500015258789,125.1500015258789,125.1500015258789,439.0
2026-08-05 10:44:00,MDB,,378.6449890136719,378.94000244140625,378.3900146484375,378.7099914550781,1334.0
2026-08-05 10:44:00,MDLZ,,62.11000061035156,62.19499969482422,62.08000183105469,62.18989944458008,123736.0
2026-08-05 10:44:00,MLTX,,17.579999923706055,17.579999923706055,17.565000534057617,17.56999969482422,1386.0
2026-08-05 10:44:00,MNRO,,13.154999732971191,13.154999732971191,13.154999732971191,13.154999732971191,476.0
2026-08-05 10:44:00,MNST,,95.02999877929688,95.02999877929688,95.00499725341797,95.0250015258789,2876.0
2026-08-05 10:44:00,MNTS,,4.329999923706055,4.341400146484375,4.320000171661377,4.341400146484375,3624.0
2026-08-05 10:44:00,MORN,,201.97500610351562,201.97500610351562,201.97500610351562,201.97500610351562,2384.0
2026-08-05 10:44:00,MPWR,,1316.9949951171875,1318.7900390625,1314.4200439453125,1317.219970703125,1324.0
2026-08-05 10:44:00,MRNA,,57.494998931884766,57.630001068115234,57.45000076293945,57.59000015258789,16994.0
2026-08-05 10:44:00,MYGN,,3.20989990234375,3.20989990234375,3.2049999237060547,3.2049999237060547,2854.0
2026-08-05 10:44:00,MYRG,,336.0,336.0,336.0,336.0,426.0
2026-08-05 10:44:00,NAMS,,26.6299991607666,26.670000076293945,26.6299991607666,26.670000076293945,729.0
2026-08-05 10:44:00,NAUT,,0.9769999980926514,0.9769999980926514,0.9769999980926514,0.9769999980926514,101.0
2026-08-05 10:44:00,NAVI,,9.12909984588623,9.12909984588623,9.12909984588623,9.12909984588623,2801.0
2026-08-05 10:44:00,NB,,5.010000228881836,5.014999866485596,5.005000114440918,5.010000228881836,10793.0
2026-08-05 10:44:00,NBIX,,163.36000061035156,163.47999572753906,163.22999572753906,163.3300018310547,4667.0
2026-08-05 10:44:00,NDAQ,,95.30000305175781,95.33999633789062,95.05999755859375,95.0801010131836,16169.0
2026-08-05 10:44:00,NEGG,,16.600000381469727,16.600000381469727,16.51180076599121,16.51180076599121,2053.0
2026-08-05 10:44:00,NEOG,,11.694999694824219,11.704999923706055,11.675000190734863,11.704999923706055,40537.0
2026-08-05 10:44:00,NEON,,0.9455999732017517,0.9455999732017517,0.9455999732017517,0.9455999732017517,377.0
2026-08-05 10:44:00,NEOV,,2.890000104904175,2.890000104904175,2.859999895095825,2.869999885559082,8712.0
2026-08-05 10:44:00,NESR,,28.31999969482422,28.31999969482422,28.25,28.270000457763672,2083.0
2026-08-05 10:44:00,NEXT,,6.355000019073486,6.355000019073486,6.355000019073486,6.355000019073486,1931.0
2026-08-05 10:44:00,NFLX,,74.37000274658203,74.4000015258789,74.29000091552734,74.36000061035156,51365.0
2026-08-05 10:44:00,NGNE,,34.36000061035156,34.36000061035156,34.36000061035156,34.36000061035156,320.0
2026-08-05 10:44:00,NICE,,96.04499816894531,96.04499816894531,96.0,96.0,2136.0
2026-08-05 10:44:00,NKTX,,2.1549999713897705,2.1549999713897705,2.1549999713897705,2.1549999713897705,385.0
2026-08-05 10:44:00,NMRA,,1.6299999952316284,1.6299999952316284,1.6299999952316284,1.6299999952316284,4123.0
2026-08-05 10:44:00,NN,,14.350000381469727,14.420000076293945,14.319999694824219,14.404999732971191,12639.0
2026-08-05 10:44:00,NNDM,,1.534999966621399,1.534999966621399,1.534999966621399,1.534999966621399,749.0
2026-08-05 10:44:00,NOVT,,158.38999938964844,158.38999938964844,158.38999938964844,158.38999938964844,1128.0
2026-08-05 10:44:00,NRDS,,9.270000457763672,9.270000457763672,9.270000457763672,9.270000457763672,1911.0
2026-08-05 10:44:00,NRIX,,24.56999969482422,24.579999923706055,24.56999969482422,24.579999923706055,717.0
2026-08-05 10:44:00,NRSN,,0.5299999713897705,0.5300999879837036,0.5299999713897705,0.5299999713897705,10943.0
2026-08-05 10:44:00,NRXP,,3.009999990463257,3.0250000953674316,3.009999990463257,3.0199999809265137,12042.0
2026-08-05 10:44:00,NTAP,,191.5800018310547,191.7449951171875,191.32000732421875,191.7449951171875,19519.0
2026-08-05 10:44:00,NTES,,128.2100067138672,128.2100067138672,128.2100067138672,128.2100067138672,841.0
2026-08-05 10:44:00,NTGR,,24.020000457763672,24.020000457763672,24.020000457763672,24.020000457763672,878.0
2026-08-05 10:44:00,NTNX,,61.09000015258789,61.10499954223633,61.0,61.09000015258789,3145.0
2026-08-05 10:44:00,NTRA,,276.5,276.8599853515625,276.5,276.8500061035156,2760.0
2026-08-05 10:44:00,NTRS,,184.88499450683594,184.88499450683594,184.69000244140625,184.6999969482422,1804.0
2026-08-05 10:44:00,NUWE,,1.7616000175476074,1.784999966621399,1.76010000705719,1.784999966621399,3014.0
2026-08-05 10:44:00,NVAX,,7.650000095367432,7.659999847412109,7.650000095367432,7.650000095367432,1382.0
2026-08-05 10:44:00,NVCR,,15.979999542236328,15.989999771118164,15.96500015258789,15.989999771118164,1891.0
2026-08-05 10:44:00,NVDA,,219.9001007080078,220.00979614257812,219.55999755859375,219.9001007080078,59655591.0
2026-08-05 10:44:00,NVMI,,406.30499267578125,406.30499267578125,406.30499267578125,406.30499267578125,1311.0
2026-08-05 10:44:00,NVTS,,12.404999732971191,12.4399995803833,12.369999885559082,12.429900169372559,43240.0
2026-08-05 10:44:00,NVX,,0.40059998631477356,0.40059998631477356,0.40059998631477356,0.40059998631477356,0.0
2026-08-05 10:44:00,NWBI,,15.979999542236328,15.984999656677246,15.979999542236328,15.979999542236328,2618.0
2026-08-05 10:44:00,NWL,,6.029900074005127,6.043399810791016,6.025000095367432,6.043399810791016,13304.0
2026-08-05 10:44:00,NWS,,32.5099983215332,32.52000045776367,32.5099983215332,32.52000045776367,2249.0
2026-08-05 10:44:00,NWSA,,28.385000228881836,28.399999618530273,28.3799991607666,28.399999618530273,5510.0
2026-08-05 10:44:00,NXL,,0.35499998927116394,0.35499998927116394,0.35499998927116394,0.35499998927116394,14577.0
2026-08-05 10:44:00,NXPI,,230.74000549316406,231.2238006591797,230.74000549316406,231.11000061035156,2786.0
2026-08-05 10:44:00,NXT,,96.9000015258789,96.94999694824219,96.81999969482422,96.87999725341797,4458.0
2026-08-05 10:44:00,NYXH,,1.4199999570846558,1.4199999570846558,1.4199999570846558,1.4199999570846558,1064.0
2026-08-05 10:44:00,OABI,,2.009999990463257,2.009999990463257,2.009999990463257,2.009999990463257,549.0
2026-08-05 10:44:00,OCGN,,1.309999942779541,1.309999942779541,1.309999942779541,1.309999942779541,1407.0
2026-08-05 10:44:00,OCSL,,12.119999885559082,12.119999885559082,12.114999771118164,12.119999885559082,1596.0
2026-08-05 10:44:00,OCUL,,8.562000274658203,8.569999694824219,8.562000274658203,8.569999694824219,1658.0
2026-08-05 10:44:00,ODD,,15.210000038146973,15.210000038146973,15.210000038146973,15.210000038146973,369.0
2026-08-05 10:44:00,ODFL,,217.16000366210938,217.25,217.0500030517578,217.25,2634.0
2026-08-05 10:44:00,OESX,,16.469999313354492,16.469999313354492,16.174999237060547,16.200000762939453,6583.0
2026-08-05 10:44:00,OFIX,,10.854999542236328,10.854999542236328,10.854999542236328,10.854999542236328,445.0
2026-08-05 10:44:00,OLLI,,78.91999816894531,79.12000274658203,78.91999816894531,79.08000183105469,1920.0
2026-08-05 10:44:00,OLMA,,11.569999694824219,11.569999694824219,11.550000190734863,11.550000190734863,1474.0
2026-08-05 10:44:00,OMER,,12.989999771118164,12.989999771118164,12.989999771118164,12.989999771118164,313.0
2026-08-05 10:44:00,OMH,,0.10949999839067459,0.10949999839067459,0.10949999839067459,0.10949999839067459,534.0
2026-08-05 10:44:00,ON,,77.83999633789062,77.98989868164062,77.58999633789062,77.8949966430664,54949.0
2026-08-05 10:44:00,ONB,,27.110000610351562,27.1200008392334,27.110000610351562,27.1200008392334,1699.0
2026-08-05 10:44:00,ONDS,,8.857000350952148,8.869999885559082,8.829999923706055,8.850000381469727,196878.0
2026-08-05 10:44:00,ONEW,,12.710000038146973,12.710000038146973,12.710000038146973,12.710000038146973,667.0
2026-08-05 10:44:00,ONFO,,0.07280000299215317,0.07280000299215317,0.07270000129938126,0.07280000299215317,92598.0
2026-08-05 10:44:00,OPCH,,23.469999313354492,23.540000915527344,23.469999313354492,23.540000915527344,2902.0
2026-08-05 10:44:00,OPEN,,3.8901000022888184,3.9000000953674316,3.8801000118255615,3.890000104904175,71231.0
2026-08-05 10:44:00,OPK,,1.3200000524520874,1.3200000524520874,1.3200000524520874,1.3200000524520874,2730.0
2026-08-05 10:44:00,OPRA,,20.125,20.1427001953125,20.125,20.1427001953125,1521.0
2026-08-05 10:44:00,OPRT,,6.179999828338623,6.179999828338623,6.179999828338623,6.179999828338623,586.0
2026-08-05 10:44:00,ORIC,,13.350000381469727,13.404999732971191,13.350000381469727,13.404999732971191,2275.0
2026-08-05 10:44:00,ORLY,,94.0250015258789,94.05999755859375,94.0,94.0,8745.0
2026-08-05 10:44:00,OSPN,,16.559999465942383,16.559999465942383,16.559999465942383,16.559999465942383,183.0
2026-08-05 10:44:00,OSS,,14.0,14.0600004196167,14.0,14.0600004196167,2709.0
2026-08-05 10:44:00,OSUR,,4.175000190734863,4.175000190734863,4.175000190734863,4.175000190734863,485.0
2026-08-05 10:44:00,OSW,,26.614999771118164,26.6200008392334,26.614999771118164,26.6200008392334,542.0
2026-08-05 10:44:00,OTEX,,26.0,26.0,25.975000381469727,25.989999771118164,2295.0
2026-08-05 10:44:00,OTLK,,1.0299999713897705,1.0299999713897705,1.0199999809265137,1.024999976158142,14951.0
2026-08-05 10:44:00,OXLC,,9.050999641418457,9.050999641418457,9.050999641418457,9.050999641418457,978.0
2026-08-05 10:44:00,OXSQ,,1.4800000190734863,1.4800000190734863,1.4800000190734863,1.4800000190734863,1613.0
2026-08-05 10:44:00,PAA,,23.174999237060547,23.184999465942383,23.170000076293945,23.18000030517578,4643.0
2026-08-05 10:44:00,PAAS,,48.349998474121094,48.36000061035156,48.209999084472656,48.255001068115234,77906.0
2026-08-05 10:44:00,PACB,,1.4249999523162842,1.4299999475479126,1.4249999523162842,1.4249999523162842,6097.0
2026-08-05 10:44:00,PAGP,,25.094999313354492,25.094999313354492,25.079999923706055,25.079999923706055,2807.0
2026-08-05 10:44:00,PANL,,7.315000057220459,7.315000057220459,7.315000057220459,7.315000057220459,1380.0
2026-08-05 10:44:00,PANW,,367.57000732421875,367.57000732421875,366.6300048828125,366.6300048828125,5713.0
2026-08-05 10:44:00,PATK,,88.2750015258789,88.3550033569336,88.19999694824219,88.20999908447266,9987.0
2026-08-05 10:44:00,PAX,,11.460000038146973,11.460000038146973,11.446399688720703,11.446399688720703,3710.0
2026-08-05 10:44:00,PAYO,,7.130000114440918,7.130000114440918,7.130000114440918,7.130000114440918,1449.0
2026-08-05 10:44:00,PAYX,,118.0199966430664,118.06999969482422,117.98999786376953,118.0,5735.0
2026-08-05 10:44:00,PCAR,,134.1199951171875,134.14500427246094,133.99000549316406,133.99000549316406,6045.0
2026-08-05 10:44:00,PCRX,,25.315000534057617,25.325000762939453,25.315000534057617,25.325000762939453,2180.0
2026-08-05 10:44:00,PCT,,6.9253997802734375,6.940000057220459,6.9253997802734375,6.934999942779541,2979.0
2026-08-05 10:44:00,PCTY,,147.58250427246094,148.02000427246094,147.3249969482422,148.02000427246094,3123.0
2026-08-05 10:44:00,PDD,,91.94000244140625,91.99500274658203,91.93000030517578,91.99500274658203,16950.0
2026-08-05 10:44:00,PEGA,,31.81999969482422,31.81999969482422,31.770000457763672,31.809999465942383,7732.0
2026-08-05 10:44:00,PENN,,19.950000762939453,19.950000762939453,19.94499969482422,19.94499969482422,1854.0
2026-08-05 10:44:00,PEP,,139.0500030517578,139.1199951171875,139.0,139.0800018310547,11914.0
2026-08-05 10:44:00,PEPG,,1.9149999618530273,1.9149999618530273,1.8849999904632568,1.8849999904632568,12247.0
2026-08-05 10:44:00,PESI,,17.81999969482422,17.81999969482422,17.81999969482422,17.81999969482422,1933.0
2026-08-05 10:44:00,PGEN,,6.824999809265137,6.855000019073486,6.795000076293945,6.804999828338623,47818.0
2026-08-05 10:44:00,PGY,,21.735000610351562,21.739999771118164,21.729999542236328,21.735000610351562,6248.0
2026-08-05 10:44:00,PHAR,,10.68809986114502,10.68809986114502,10.68809986114502,10.68809986114502,2721.0
2026-08-05 10:44:00,PHUN,,2.1800999641418457,2.190000057220459,2.1700000762939453,2.1700000762939453,10461.0
2026-08-05 10:44:00,PHVS,,32.8650016784668,32.93000030517578,32.8650016784668,32.93000030517578,541.0
2026-08-05 10:44:00,PKOH,,41.404998779296875,41.404998779296875,41.404998779296875,41.404998779296875,206.0
2026-08-05 10:44:00,PLAB,,32.00590133666992,32.00590133666992,32.00590133666992,32.00590133666992,2020.0
2026-08-05 10:44:00,PLBC,,61.119998931884766,61.119998931884766,61.119998931884766,61.119998931884766,2143.0
2026-08-05 10:44:00,PLBY,,1.1549999713897705,1.1549999713897705,1.1549999713897705,1.1549999713897705,0.0
2026-08-05 10:44:00,PLTK,,4.050000190734863,4.050000190734863,4.045000076293945,4.045000076293945,2201.0
2026-08-05 10:44:00,PLUG,,2.0999999046325684,2.1098999977111816,2.0999999046325684,2.0999999046325684,30984.0
2026-08-05 10:44:00,PMN,,13.399999618530273,13.399999618530273,13.300000190734863,13.39799976348877,0.0
2026-08-05 10:44:00,PNFP,,108.2300033569336,108.23999786376953,108.02999877929688,108.02999877929688,4922.0
2026-08-05 10:44:00,PNTG,,38.900001525878906,38.900001525878906,38.86000061035156,38.900001525878906,3066.0
2026-08-05 10:44:00,POET,,8.220000267028809,8.225000381469727,8.199999809265137,8.21500015258789,18246.0
2026-08-05 10:44:00,POOL,,204.27999877929688,204.27999877929688,204.27999877929688,204.27999877929688,282.0
2026-08-05 10:44:00,POWI,,62.029998779296875,62.25,62.029998779296875,62.25,1612.0
2026-08-05 10:44:00,POWL,,207.2301025390625,207.2301025390625,206.70010375976562,207.22999572753906,951.0
2026-08-05 10:44:00,PPC,,26.860000610351562,26.860000610351562,26.860000610351562,26.860000610351562,1047.0
2026-08-05 10:44:00,PPTA,,22.690000534057617,22.709999084472656,22.649999618530273,22.709999084472656,2066.0
2026-08-05 10:44:00,PRAA,,17.360000610351562,17.43000030517578,17.360000610351562,17.43000030517578,524.0
2026-08-05 10:44:00,PRAX,,310.8900146484375,310.8900146484375,310.8900146484375,310.8900146484375,220.0
2026-08-05 10:44:00,PRCH,,16.21500015258789,16.21500015258789,16.21500015258789,16.21500015258789,534.0
2026-08-05 10:44:00,PRCT,,19.075000762939453,19.25,19.075000762939453,19.25,8576.0
2026-08-05 10:44:00,PRIM,,87.80500030517578,88.08999633789062,87.41000366210938,88.08999633789062,17094.0
2026-08-05 10:44:00,PRLD,,4.489999771118164,4.489999771118164,4.489999771118164,4.489999771118164,1619.0
2026-08-05 10:44:00,PRME,,2.9549999237060547,2.9591000080108643,2.9549999237060547,2.9591000080108643,4394.0
2026-08-05 10:44:00,PROK,,1.6299999952316284,1.6299999952316284,1.6299999952316284,1.6299999952316284,1815.0
2026-08-05 10:44:00,PRQR,,1.9049999713897705,1.9049999713897705,1.9049999713897705,1.9049999713897705,1279.0
2026-08-05 10:44:00,PRTA,,8.53499984741211,8.539999961853027,8.53499984741211,8.53499984741211,1853.0
2026-08-05 10:44:00,PRVA,,23.979999542236328,23.989999771118164,23.94499969482422,23.94499969482422,3225.0
2026-08-05 10:44:00,PSEC,,2.198499917984009,2.200000047683716,2.194999933242798,2.194999933242798,6208.0
2026-08-05 10:44:00,PSNL,,13.510000228881836,13.510000228881836,13.510000228881836,13.510000228881836,1829.0
2026-08-05 10:44:00,PSNY,,14.364999771118164,14.364999771118164,14.364999771118164,14.364999771118164,229.0
2026-08-05 10:44:00,PTCT,,69.24500274658203,69.30999755859375,69.24500274658203,69.25,1752.0
2026-08-05 10:44:00,PTEN,,9.720000267028809,9.729999542236328,9.699999809265137,9.710000038146973,12336.0
2026-08-05 10:44:00,PTLO,,4.635000228881836,4.635000228881836,4.630000114440918,4.630000114440918,1622.0
2026-08-05 10:44:00,PTON,,6.550000190734863,6.554999828338623,6.550000190734863,6.554999828338623,4964.0
2026-08-05 10:44:00,PUBM,,13.670000076293945,13.670000076293945,13.670000076293945,13.670000076293945,156.0
2026-08-05 10:44:00,PYPL,,58.685001373291016,58.71500015258789,58.665000915527344,58.709999084472656,11755.0
2026-08-05 10:44:00,PZZA,,30.75,30.75,30.75,30.75,328.0
2026-08-05 10:44:00,QCOM,,158.58999633789062,158.82960510253906,158.4199981689453,158.7949981689453,17835.0
2026-08-05 10:44:00,QFIN,,13.420000076293945,13.420000076293945,13.420000076293945,13.420000076293945,165.0
2026-08-05 10:44:00,QRVO,,94.41999816894531,94.41999816894531,94.34500122070312,94.4000015258789,485.0
2026-08-05 10:44:00,SEED,,0.9830999970436096,0.9842000007629395,0.982699990272522,0.9839000105857849,11817.0
2026-08-05 10:44:00,WOOF,,2.9700000286102295,2.9700000286102295,2.9700000286102295,2.9700000286102295,575.0
2026-08-05 10:45:00,ACDC,,4.329999923706055,4.335000038146973,4.315000057220459,4.315000057220459,20840.0
2026-08-05 10:45:00,BPOP,,177.27499389648438,177.27499389648438,177.27499389648438,177.27499389648438,349.0
2026-08-05 10:45:00,EYE,,23.440000534057617,23.450000762939453,23.440000534057617,23.450000762939453,904.0
2026-08-05 10:45:00,FIZZ,,31.9950008392334,31.9950008392334,31.9950008392334,31.9950008392334,1049.0
2026-08-05 10:45:00,GLUE,,15.899999618530273,15.90999984741211,15.899999618530273,15.90999984741211,1904.0
2026-08-05 10:45:00,KITT,,1.070099949836731,1.070099949836731,1.070099949836731,1.070099949836731,400.0
2026-08-05 10:45:00,KTTA,,0.47369998693466187,0.47369998693466187,0.47369998693466187,0.47369998693466187,3949.0
2026-08-05 10:45:00,MDB,,378.9599914550781,379.1600036621094,378.75,379.1099853515625,1889.0
2026-08-05 10:45:00,MDLZ,,62.119998931884766,62.119998931884766,62.08000183105469,62.099998474121094,22757.0
2026-08-05 10:45:00,MLTX,,17.579999923706055,17.579999923706055,17.56999969482422,17.56999969482422,2116.0
2026-08-05 10:45:00,MNST,,95.03500366210938,95.03500366210938,95.0250015258789,95.0250015258789,3832.0
2026-08-05 10:45:00,MNTS,,4.329999923706055,4.329999923706055,4.329999923706055,4.329999923706055,11793.0
2026-08-05 10:45:00,MPWR,,1315.969970703125,1318.18994140625,1315.02001953125,1316.9949951171875,718.0
2026-08-05 10:45:00,MRNA,,57.579498291015625,57.579498291015625,57.459999084472656,57.48749923706055,3531.0
2026-08-05 10:45:00,MSGM,,4.489999771118164,4.489999771118164,4.434999942779541,4.434999942779541,100.0
2026-08-05 10:45:00,MYGN,,3.2049999237060547,3.2049999237060547,3.2049999237060547,3.2049999237060547,1212.0
2026-08-05 10:45:00,NAAS,,3.259999990463257,3.2699999809265137,3.259999990463257,3.2699999809265137,420.0
2026-08-05 10:45:00,NAMS,,26.725000381469727,26.729999542236328,26.68000030517578,26.68000030517578,1104.0
2026-08-05 10:45:00,NAUT,,0.9703999757766724,0.9714999794960022,0.9703999757766724,0.9714999794960022,7868.0
2026-08-05 10:45:00,NAVI,,9.145000457763672,9.149999618530273,9.140000343322754,9.140000343322754,1198.0
2026-08-05 10:45:00,NB,,5.0,5.005000114440918,5.0,5.005000114440918,28096.0
2026-08-05 10:45:00,NBIX,,163.2449951171875,163.36000061035156,163.22500610351562,163.22500610351562,785.0
2026-08-05 10:45:00,NCMI,,4.119999885559082,4.119999885559082,4.114999771118164,4.119999885559082,2747.0
2026-08-05 10:45:00,NDAQ,,95.4896011352539,95.5,95.29499816894531,95.29499816894531,4801.0
2026-08-05 10:45:00,NDSN,,310.8299865722656,310.8299865722656,310.8299865722656,310.8299865722656,273.0
2026-08-05 10:45:00,NEGG,,16.630599975585938,16.630599975585938,16.630599975585938,16.630599975585938,152.0
2026-08-05 10:45:00,NEO,,16.174999237060547,16.174999237060547,16.174999237060547,16.174999237060547,386.0
2026-08-05 10:45:00,NEOG,,11.699999809265137,11.704999923706055,11.694999694824219,11.694999694824219,6062.0
2026-08-05 10:45:00,NEOV,,2.9049999713897705,2.9049999713897705,2.8949999809265137,2.8949999809265137,15870.0
2026-08-05 10:45:00,NESR,,28.40999984741211,28.40999984741211,28.325000762939453,28.325000762939453,3141.0
2026-08-05 10:45:00,NEXT,,6.364999771118164,6.364999771118164,6.355000019073486,6.360000133514404,6562.0
2026-08-05 10:45:00,NFE,,0.3336000144481659,0.3336000144481659,0.3325999975204468,0.3325999975204468,270.0
2026-08-05 10:45:00,NFLX,,74.3550033569336,74.3949966430664,74.3499984741211,74.38500213623047,35429.0
2026-08-05 10:45:00,NHTC,,1.7699999809265137,1.7699999809265137,1.7699999809265137,1.7699999809265137,707.0
2026-08-05 10:45:00,NKTR,,72.34500122070312,72.34500122070312,72.34500122070312,72.34500122070312,986.0
2026-08-05 10:45:00,NKTX,,2.1500000953674316,2.1549999713897705,2.1500000953674316,2.1549999713897705,3981.0
2026-08-05 10:45:00,NMFC,,7.329999923706055,7.329999923706055,7.329999923706055,7.329999923706055,457.0
2026-08-05 10:45:00,NMIH,,44.525001525878906,44.525001525878906,44.525001525878906,44.525001525878906,411.0
2026-08-05 10:45:00,NN,,14.34000015258789,14.380000114440918,14.34000015258789,14.380000114440918,3658.0
2026-08-05 10:45:00,NNBR,,3.8350000381469727,3.8350000381469727,3.8350000381469727,3.8350000381469727,896.0
2026-08-05 10:45:00,NNDM,,1.534999966621399,1.5398999452590942,1.5299999713897705,1.534999966621399,1203.0
2026-08-05 10:45:00,NNOX,,1.0149999856948853,1.0149999856948853,1.0149999856948853,1.0149999856948853,600.0
2026-08-05 10:45:00,NPCE,,13.720000267028809,13.720000267028809,13.720000267028809,13.720000267028809,180.0
2026-08-05 10:45:00,NRIX,,24.59000015258789,24.59000015258789,24.545000076293945,24.545000076293945,4709.0
2026-08-05 10:45:00,NRXP,,3.015000104904175,3.015000104904175,3.009999990463257,3.009999990463257,933.0
2026-08-05 10:45:00,NSSC,,40.279998779296875,40.279998779296875,40.279998779296875,40.279998779296875,429.0
2026-08-05 10:45:00,NTAP,,191.61000061035156,191.72500610351562,191.5500030517578,191.5500030517578,6333.0
2026-08-05 10:45:00,NTCT,,41.790000915527344,41.86000061035156,41.790000915527344,41.849998474121094,2014.0
2026-08-05 10:45:00,NTGR,,24.09000015258789,24.09000015258789,24.09000015258789,24.09000015258789,829.0
2026-08-05 10:45:00,NTNX,,61.03499984741211,61.20000076293945,61.03499984741211,61.119998931884766,3603.0
2026-08-05 10:45:00,NTRA,,277.08160400390625,277.08160400390625,276.875,276.875,2050.0
2026-08-05 10:45:00,NTRS,,184.73500061035156,184.73500061035156,184.73500061035156,184.73500061035156,633.0
2026-08-05 10:45:00,NUWE,,1.7599999904632568,1.76010000705719,1.7599999904632568,1.76010000705719,304.0
2026-08-05 10:45:00,NVAX,,7.650000095367432,7.650000095367432,7.650000095367432,7.650000095367432,2658.0
2026-08-05 10:45:00,NVCR,,15.979999542236328,15.979999542236328,15.979999542236328,15.979999542236328,765.0
2026-08-05 10:45:00,NVDA,,219.66000366210938,219.9149932861328,219.59500122070312,219.89500427246094,207637.0
2026-08-05 10:45:00,NVMI,,405.510009765625,405.510009765625,405.510009765625,405.510009765625,245.0
2026-08-05 10:45:00,NVTS,,12.359999656677246,12.404999732971191,12.335000038146973,12.399999618530273,26874.0
2026-08-05 10:45:00,NWBI,,15.975000381469727,15.975000381469727,15.975000381469727,15.975000381469727,2057.0
2026-08-05 10:45:00,NWE,,68.78510284423828,68.80000305175781,68.78510284423828,68.80000305175781,887.0
2026-08-05 10:45:00,NWL,,6.050000190734863,6.059999942779541,6.019999980926514,6.027200222015381,31717.0
2026-08-05 10:45:00,NWS,,32.540000915527344,32.540000915527344,32.53499984741211,32.540000915527344,3333.0
2026-08-05 10:45:00,NWSA,,28.405000686645508,28.415000915527344,28.393699645996094,28.393699645996094,5129.0
2026-08-05 10:45:00,NXPI,,230.5850067138672,230.61749267578125,230.21499633789062,230.61500549316406,7028.0
2026-08-05 10:45:00,NXT,,97.27999877929688,97.27999877929688,96.95999908447266,96.95999908447266,2149.0
2026-08-05 10:45:00,NYXH,,1.4199999570846558,1.4199999570846558,1.4199999570846558,1.4199999570846558,35.0
2026-08-05 10:45:00,OBIO,,4.139999866485596,4.139999866485596,4.139999866485596,4.139999866485596,661.0
2026-08-05 10:45:00,OCC,,15.609999656677246,15.694999694824219,15.609999656677246,15.694999694824219,300.0
2026-08-05 10:45:00,OCG,,1.687399983406067,1.687399983406067,1.687399983406067,1.687399983406067,410.0
2026-08-05 10:45:00,OCGN,,1.309999942779541,1.315000057220459,1.309999942779541,1.309999942779541,2745.0
2026-08-05 10:45:00,OCSL,,12.114999771118164,12.114999771118164,12.114999771118164,12.114999771118164,425.0
2026-08-05 10:45:00,OCUL,,8.555000305175781,8.56029987335205,8.539999961853027,8.56029987335205,14029.0
2026-08-05 10:45:00,ODD,,15.210000038146973,15.210000038146973,15.210000038146973,15.210000038146973,1447.0
2026-08-05 10:45:00,ODFL,,217.16000366210938,217.17999267578125,217.11500549316406,217.11500549316406,2272.0
2026-08-05 10:45:00,OESX,,16.280000686645508,16.34000015258789,16.04199981689453,16.34000015258789,1524.0
2026-08-05 10:45:00,OFIX,,10.854999542236328,10.854999542236328,10.854999542236328,10.854999542236328,170.0
2026-08-05 10:45:00,OKTA,,148.76499938964844,148.76499938964844,148.76499938964844,148.76499938964844,981.0
2026-08-05 10:45:00,OLLI,,79.01000213623047,79.01000213623047,78.97000122070312,78.97000122070312,1373.0
2026-08-05 10:45:00,OMER,,12.944999694824219,12.970000267028809,12.9399995803833,12.970000267028809,24142.0
2026-08-05 10:45:00,OMH,,0.10989999771118164,0.10989999771118164,0.10989999771118164,0.10989999771118164,11294.0
2026-08-05 10:45:00,ON,,77.78500366210938,77.91000366210938,77.68499755859375,77.8550033569336,23679.0
2026-08-05 10:45:00,ONB,,27.104999542236328,27.110000610351562,27.094999313354492,27.110000610351562,7225.0
2026-08-05 10:45:00,ONDS,,8.8100004196167,8.859999656677246,8.8100004196167,8.859999656677246,260479.0
2026-08-05 10:45:00,ONFO,,0.07039999961853027,0.07280000299215317,0.07029999792575836,0.07280000299215317,701082.0
2026-08-05 10:45:00,OPCH,,23.420000076293945,23.450000762939453,23.420000076293945,23.450000762939453,2364.0
2026-08-05 10:45:00,OPEN,,3.890000104904175,3.9000000953674316,3.880000114440918,3.8949999809265137,104791.0
2026-08-05 10:45:00,OPK,,1.3200000524520874,1.3250000476837158,1.3200000524520874,1.320099949836731,10432.0
2026-08-05 10:45:00,OPRA,,20.125,20.125,20.125,20.125,591.0
2026-08-05 10:45:00,OPRT,,6.170000076293945,6.179999828338623,6.170000076293945,6.179999828338623,1194.0
2026-08-05 10:45:00,ORGO,,2.390000104904175,2.390000104904175,2.381999969482422,2.3822999000549316,3696.0
2026-08-05 10:45:00,ORIC,,13.425000190734863,13.425000190734863,13.364999771118164,13.364999771118164,1322.0
2026-08-05 10:45:00,ORLY,,94.04000091552734,94.08999633789062,94.01000213623047,94.08000183105469,18239.0
2026-08-05 10:45:00,OSBC,,25.8700008392334,25.8700008392334,25.8700008392334,25.8700008392334,224.0
2026-08-05 10:45:00,OSIS,,234.67999267578125,234.67999267578125,234.67999267578125,234.67999267578125,1266.0
2026-08-05 10:45:00,OSPN,,16.59000015258789,16.59000015258789,16.59000015258789,16.59000015258789,1156.0
2026-08-05 10:45:00,OSS,,13.988100051879883,14.015000343322754,13.979999542236328,13.996399879455566,4117.0
2026-08-05 10:45:00,OSW,,26.6299991607666,26.6299991607666,26.6200008392334,26.6200008392334,1524.0
2026-08-05 10:45:00,OTEX,,26.014999389648438,26.020000457763672,26.010000228881836,26.020000457763672,1302.0
2026-08-05 10:45:00,OTLK,,1.024999976158142,1.0299999713897705,1.024999976158142,1.024999976158142,14044.0
2026-08-05 10:45:00,OVID,,2.6050000190734863,2.6050000190734863,2.6050000190734863,2.6050000190734863,1338.0
2026-08-05 10:45:00,OXLC,,9.0600004196167,9.0600004196167,9.055000305175781,9.055000305175781,1447.0
2026-08-05 10:45:00,OXSQ,,1.4800000190734863,1.4850000143051147,1.4800000190734863,1.4800000190734863,3849.0
2026-08-05 10:45:00,PAA,,23.200000762939453,23.200000762939453,23.18000030517578,23.18000030517578,3480.0
2026-08-05 10:45:00,PAAS,,48.27000045776367,48.345001220703125,48.27000045776367,48.33000183105469,9313.0
2026-08-05 10:45:00,PACB,,1.4290000200271606,1.4290000200271606,1.4199999570846558,1.4199999570846558,36137.0
2026-08-05 10:45:00,PAGP,,25.110000610351562,25.110000610351562,25.104999542236328,25.104999542236328,634.0
2026-08-05 10:45:00,PAHC,,37.099998474121094,37.099998474121094,37.099998474121094,37.099998474121094,2118.0
2026-08-05 10:45:00,PALI,,2.075000047683716,2.075000047683716,2.065000057220459,2.065000057220459,2844.0
2026-08-05 10:45:00,PANW,,367.70001220703125,367.70001220703125,367.20001220703125,367.239990234375,4842.0
2026-08-05 10:45:00,PATK,,88.27999877929688,88.27999877929688,88.27999877929688,88.27999877929688,359.0
2026-08-05 10:45:00,PAYO,,7.125,7.130000114440918,7.125,7.125,988.0
2026-08-05 10:45:00,PAYS,,9.350000381469727,9.350000381469727,9.350000381469727,9.350000381469727,1264.0
2026-08-05 10:45:00,PAYX,,118.08999633789062,118.08999633789062,118.00499725341797,118.00499725341797,5389.0
2026-08-05 10:45:00,PBYI,,7.929999828338623,7.929999828338623,7.920000076293945,7.929999828338623,2234.0
2026-08-05 10:45:00,PCAR,,134.05999755859375,134.22999572753906,134.05999755859375,134.22999572753906,1682.0
2026-08-05 10:45:00,PCB,,28.299999237060547,28.299999237060547,28.299999237060547,28.299999237060547,1000.0
2026-08-05 10:45:00,PCRX,,25.399900436401367,25.399900436401367,25.399900436401367,25.399900436401367,596.0
2026-08-05 10:45:00,PCT,,6.929999828338623,6.940000057220459,6.929999828338623,6.934999942779541,7145.0
2026-08-05 10:45:00,PCTY,,147.97000122070312,148.1750030517578,147.94000244140625,147.94000244140625,3061.0
2026-08-05 10:45:00,PDD,,91.91000366210938,91.98999786376953,91.91000366210938,91.94999694824219,25789.0
2026-08-05 10:45:00,PEBK,,43.5099983215332,43.5099983215332,43.505001068115234,43.505001068115234,502.0
2026-08-05 10:45:00,PEBO,,41.790000915527344,41.790000915527344,41.790000915527344,41.790000915527344,141.0
2026-08-05 10:45:00,PECO,,41.40999984741211,41.439998626708984,41.400001525878906,41.41999816894531,5788.0
2026-08-05 10:45:00,PEGA,,31.84000015258789,31.90999984741211,31.84000015258789,31.850000381469727,3971.0
2026-08-05 10:45:00,PENN,,19.950000762939453,19.959999084472656,19.950000762939453,19.959999084472656,2008.0
2026-08-05 10:45:00,PEP,,139.11000061035156,139.13999938964844,139.02000427246094,139.02999877929688,14499.0
2026-08-05 10:45:00,PFBC,,107.16999816894531,107.16999816894531,107.13999938964844,107.13999938964844,1753.0
2026-08-05 10:45:00,PFG,,115.21499633789062,115.21499633789062,115.21499633789062,115.21499633789062,958.0
2026-08-05 10:45:00,PGEN,,6.835000038146973,6.869999885559082,6.824999809265137,6.829999923706055,44254.0
2026-08-05 10:45:00,PGNY,,31.690000534057617,31.690000534057617,31.690000534057617,31.690000534057617,929.0
2026-08-05 10:45:00,PGY,,21.719999313354492,21.729999542236328,21.690099716186523,21.719999313354492,5406.0
2026-08-05 10:45:00,PHAT,,8.505000114440918,8.505000114440918,8.505000114440918,8.505000114440918,599.0
2026-08-05 10:45:00,PHVS,,32.90999984741211,32.90999984741211,32.90999984741211,32.90999984741211,708.0
2026-08-05 10:45:00,PKOH,,41.564998626708984,41.619998931884766,41.564998626708984,41.619998931884766,243.0
2026-08-05 10:45:00,PLTK,,4.034999847412109,4.045000076293945,4.034999847412109,4.045000076293945,1691.0
2026-08-05 10:45:00,PLUG,,2.1050000190734863,2.109999895095825,2.100100040435791,2.1050000190734863,20798.0
2026-08-05 10:45:00,PNFP,,108.11499786376953,108.13999938964844,108.11499786376953,108.13999938964844,1858.0
2026-08-05 10:45:00,POET,,8.1899995803833,8.220000267028809,8.1850004196167,8.220000267028809,23940.0
2026-08-05 10:45:00,POWL,,207.22500610351562,207.22500610351562,207.22500610351562,207.22500610351562,645.0
2026-08-05 10:45:00,PPC,,26.8799991607666,26.8799991607666,26.8799991607666,26.8799991607666,626.0
2026-08-05 10:45:00,PPSI,,2.930000066757202,2.950000047683716,2.9100000858306885,2.9100000858306885,1124.0
2026-08-05 10:45:00,PPTA,,22.704700469970703,22.704700469970703,22.69499969482422,22.69499969482422,771.0
2026-08-05 10:45:00,PRAX,,310.7699890136719,310.7699890136719,310.7650146484375,310.7650146484375,204.0
2026-08-05 10:45:00,PRCH,,16.239999771118164,16.239999771118164,16.229999542236328,16.229999542236328,1483.0
2026-08-05 10:45:00,PRCT,,19.079999923706055,19.15999984741211,19.05500030517578,19.139999389648438,16426.0
2026-08-05 10:45:00,PRDO,,33.290000915527344,33.29999923706055,33.290000915527344,33.29999923706055,1253.0
2026-08-05 10:45:00,PRIM,,87.57499694824219,87.70999908447266,87.57499694824219,87.70999908447266,1758.0
2026-08-05 10:45:00,PRME,,2.9549999237060547,2.9549999237060547,2.9549999237060547,2.9549999237060547,1156.0
2026-08-05 10:45:00,PROF,,8.239999771118164,8.239999771118164,8.239999771118164,8.239999771118164,1653.0
2026-08-05 10:45:00,PROV,,17.905000686645508,18.0,17.905000686645508,18.0,738.0
2026-08-05 10:45:00,PRVA,,24.059999465942383,24.059999465942383,23.989999771118164,23.989999771118164,7400.0
2026-08-05 10:45:00,PRZO,,0.5446000099182129,0.5446000099182129,0.5446000099182129,0.5446000099182129,3886.0
2026-08-05 10:45:00,PSEC,,2.194999933242798,2.200000047683716,2.194999933242798,2.1989998817443848,2117.0
2026-08-05 10:45:00,PSNY,,14.210000038146973,14.210000038146973,14.210000038146973,14.210000038146973,1042.0
2026-08-05 10:45:00,PTC,,141.6699981689453,141.6699981689453,141.6699981689453,141.6699981689453,1061.0
2026-08-05 10:45:00,PTCT,,69.36000061035156,69.36000061035156,69.3499984741211,69.3499984741211,1501.0
2026-08-05 10:45:00,PTEN,,9.734999656677246,9.734999656677246,9.71500015258789,9.71500015258789,9687.0
2026-08-05 10:45:00,PTGX,,136.10499572753906,136.10499572753906,136.10499572753906,136.10499572753906,1052.0
2026-08-05 10:45:00,PTON,,6.550000190734863,6.554999828338623,6.545000076293945,6.554999828338623,17133.0
2026-08-05 10:45:00,PUBM,,13.725000381469727,13.725000381469727,13.670000076293945,13.670000076293945,5515.0
2026-08-05 10:45:00,PYPL,,58.70000076293945,58.71889877319336,58.68000030517578,58.689998626708984,5782.0
2026-08-05 10:45:00,PYXS,,3.2049999237060547,3.2102999687194824,3.2049999237060547,3.2102999687194824,4224.0
2026-08-05 10:45:00,PZZA,,30.729999542236328,30.7549991607666,30.709999084472656,30.7549991607666,2128.0
2026-08-05 10:45:00,QCOM,,158.4499969482422,158.6999969482422,158.2200927734375,158.52499389648438,13437.0
2026-08-05 10:45:00,QFIN,,13.420000076293945,13.420000076293945,13.420000076293945,13.420000076293945,172.0
2026-08-05 10:45:00,QRVO,,94.4800033569336,94.4800033569336,94.45999908447266,94.45999908447266,549.0
2026-08-05 10:45:00,SEED,,0.9836000204086304,0.9840999841690063,0.9830999970436096,0.9840999841690063,7938.0
2026-08-05 10:45:00,TARA,,4.03000020980835,4.03000020980835,4.03000020980835,4.03000020980835,1759.0
2026-08-05 10:46:00,ACDC,,4.335000038146973,4.335000038146973,4.315000057220459,4.324999809265137,5080.0
2026-08-05 10:46:00,BPOP,,177.2550048828125,177.2550048828125,177.2550048828125,177.2550048828125,757.0
2026-08-05 10:46:00,CNXN,,84.61499786376953,84.61499786376953,84.61499786376953,84.61499786376953,606.0
2026-08-05 10:46:00,DTIL,,7.409999847412109,7.409999847412109,7.409999847412109,7.409999847412109,136.0
2026-08-05 10:46:00,EYE,,23.389999389648438,23.459999084472656,23.389999389648438,23.459999084472656,3472.0
2026-08-05 10:46:00,FRST,,16.420000076293945,16.420000076293945,16.420000076293945,16.420000076293945,803.0
2026-08-05 10:46:00,GLUE,,15.899999618530273,15.899999618530273,15.869999885559082,15.880000114440918,878.0
2026-08-05 10:46:00,KIDS,,21.485000610351562,21.5,21.485000610351562,21.5,568.0
2026-08-05 10:46:00,KITT,,1.0799000263214111,1.0799000263214111,1.0799000263214111,1.0799000263214111,200.0
2026-08-05 10:46:00,MDB,,379.0,379.0,378.9700012207031,378.9750061035156,622.0
2026-08-05 10:46:00,MDLZ,,61.974998474121094,62.11000061035156,61.974998474121094,62.11000061035156,10031.0
2026-08-05 10:46:00,MNRO,,13.104999542236328,13.170000076293945,13.104999542236328,13.170000076293945,1428.0
2026-08-05 10:46:00,MNST,,95.0199966430664,95.04509735107422,94.99009704589844,95.04000091552734,5470.0
2026-08-05 10:46:00,MNTS,,4.335000038146973,4.335000038146973,4.329999923706055,4.329999923706055,1937.0
2026-08-05 10:46:00,MODD,,2.0399999618530273,2.1298999786376953,2.0399999618530273,2.1298999786376953,2485.0
2026-08-05 10:46:00,MPWR,,1319.030029296875,1319.030029296875,1316.0699462890625,1316.0699462890625,1443.0
2026-08-05 10:46:00,MRNA,,57.400001525878906,57.5099983215332,57.400001525878906,57.47999954223633,9763.0
2026-08-05 10:46:00,MYGN,,3.2100000381469727,3.2100000381469727,3.200000047683716,3.2049999237060547,2455.0
2026-08-05 10:46:00,MYPS,,0.7272999882698059,0.7325999736785889,0.7272999882698059,0.7325999736785889,4671.0
2026-08-05 10:46:00,MYRG,,336.9949951171875,337.0199890136719,336.9949951171875,336.9949951171875,266.0
2026-08-05 10:46:00,NAMS,,26.79990005493164,26.79990005493164,26.79990005493164,26.79990005493164,581.0
2026-08-05 10:46:00,NAUT,,0.9704999923706055,0.9704999923706055,0.9703999757766724,0.9704999923706055,1775.0
2026-08-05 10:46:00,NB,,5.019999980926514,5.019999980926514,5.001200199127197,5.005000114440918,11498.0
2026-08-05 10:46:00,NBIX,,163.5,163.5,163.36000061035156,163.36000061035156,2130.0
2026-08-05 10:46:00,NCMI,,4.119999885559082,4.119999885559082,4.119999885559082,4.119999885559082,2579.0
2026-08-05 10:46:00,NCRA,,1.784999966621399,1.784999966621399,1.7649999856948853,1.7649999856948853,2156.0
2026-08-05 10:46:00,NDAQ,,95.56999969482422,95.58999633789062,95.5199966430664,95.58999633789062,5578.0
2026-08-05 10:46:00,NDLS,,18.149999618530273,18.149999618530273,18.149999618530273,18.149999618530273,131.0
2026-08-05 10:46:00,NDSN,,311.135009765625,311.135009765625,311.135009765625,311.135009765625,85.0
2026-08-05 10:46:00,NEO,,16.1299991607666,16.174999237060547,16.1299991607666,16.149999618530273,4918.0
2026-08-05 10:46:00,NEOG,,11.680000305175781,11.680000305175781,11.675000190734863,11.680000305175781,6798.0
2026-08-05 10:46:00,NEON,,0.9434999823570251,0.9434999823570251,0.9434999823570251,0.9434999823570251,2320.0
2026-08-05 10:46:00,NEOV,,2.9100000858306885,2.9100000858306885,2.9100000858306885,2.9100000858306885,2658.0
2026-08-05 10:46:00,NESR,,28.520000457763672,28.520000457763672,28.389999389648438,28.389999389648438,2566.0
2026-08-05 10:46:00,NEWT,,15.298399925231934,15.298399925231934,15.298399925231934,15.298399925231934,308.0
2026-08-05 10:46:00,NEXT,,6.364999771118164,6.369999885559082,6.364999771118164,6.364999771118164,4105.0
2026-08-05 10:46:00,NFE,,0.3337000012397766,0.3337000012397766,0.3325999975204468,0.3325999975204468,6035.0
2026-08-05 10:46:00,NFLX,,74.30500030517578,74.38999938964844,74.30000305175781,74.3499984741211,47682.0
2026-08-05 10:46:00,NHTC,,1.7401000261306763,1.7401000261306763,1.7401000261306763,1.7401000261306763,5637.0
2026-08-05 10:46:00,NICE,,96.04000091552734,96.04000091552734,95.97000122070312,95.97000122070312,1044.0
2026-08-05 10:46:00,NMFC,,7.335000038146973,7.335000038146973,7.335000038146973,7.335000038146973,375.0
2026-08-05 10:46:00,NMRA,,1.6349999904632568,1.6349999904632568,1.6299999952316284,1.6299999952316284,1378.0
2026-08-05 10:46:00,NMRK,,15.760000228881836,15.760000228881836,15.760000228881836,15.760000228881836,838.0
2026-08-05 10:46:00,NN,,14.350000381469727,14.350000381469727,14.345000267028809,14.350000381469727,1838.0
2026-08-05 10:46:00,NNBR,,3.8399999141693115,3.8399999141693115,3.8350000381469727,3.8350000381469727,3133.0
2026-08-05 10:46:00,NNDM,,1.5299999713897705,1.5399999618530273,1.5299999713897705,1.534999966621399,1383.0
2026-08-05 10:46:00,NNOX,,1.0119999647140503,1.0196000337600708,1.0119999647140503,1.0196000337600708,2188.0
2026-08-05 10:46:00,NPCE,,13.720000267028809,13.720000267028809,13.65999984741211,13.65999984741211,315.0
2026-08-05 10:46:00,NRDS,,9.244999885559082,9.295000076293945,9.244999885559082,9.274999618530273,18117.0
2026-08-05 10:46:00,NRIM,,27.1299991607666,27.139999389648438,27.100000381469727,27.139999389648438,1340.0
2026-08-05 10:46:00,NRIX,,24.610000610351562,24.610000610351562,24.565000534057617,24.565000534057617,2970.0
2026-08-05 10:46:00,NRXP,,3.0179998874664307,3.0179998874664307,3.015000104904175,3.015000104904175,1546.0
2026-08-05 10:46:00,NTAP,,191.57000732421875,191.60499572753906,191.3699951171875,191.58999633789062,7973.0
2026-08-05 10:46:00,NTES,,128.2100067138672,128.2100067138672,128.2100067138672,128.2100067138672,313.0
2026-08-05 10:46:00,NTGR,,24.09000015258789,24.09000015258789,24.09000015258789,24.09000015258789,139.0
2026-08-05 10:46:00,NTNX,,61.01250076293945,61.040000915527344,61.0,61.0,5043.0
2026-08-05 10:46:00,NTRA,,276.5299987792969,277.239990234375,276.2300109863281,277.239990234375,6293.0
2026-08-05 10:46:00,NTRS,,185.0500030517578,185.0500030517578,184.7949981689453,184.7949981689453,1554.0
2026-08-05 10:46:00,NUWE,,1.784999966621399,1.7963000535964966,1.774999976158142,1.774999976158142,2717.0
2026-08-05 10:46:00,NVCR,,15.984999656677246,16.0,15.984999656677246,16.0,1172.0
2026-08-05 10:46:00,NVDA,,220.1649932861328,220.25790405273438,219.6699981689453,219.6898956298828,313187.0
2026-08-05 10:46:00,NVMI,,406.989990234375,406.989990234375,406.989990234375,406.989990234375,308.0
2026-08-05 10:46:00,NVTS,,12.444999694824219,12.460000038146973,12.354999542236328,12.354999542236328,24517.0
2026-08-05 10:46:00,NWBI,,15.979999542236328,15.979999542236328,15.979999542236328,15.979999542236328,590.0
2026-08-05 10:46:00,NWFL,,33.970001220703125,33.970001220703125,33.970001220703125,33.970001220703125,259.0
2026-08-05 10:46:00,NWL,,6.054999828338623,6.059999942779541,6.050000190734863,6.050000190734863,9261.0
2026-08-05 10:46:00,NWS,,32.52000045776367,32.529998779296875,32.52000045776367,32.529998779296875,837.0
2026-08-05 10:46:00,NWSA,,28.389999389648438,28.405000686645508,28.389999389648438,28.405000686645508,5426.0
2026-08-05 10:46:00,NXGL,,0.42100000381469727,0.42100000381469727,0.42100000381469727,0.42100000381469727,181.0
2026-08-05 10:46:00,NXL,,0.3756999969482422,0.3756999969482422,0.3756999969482422,0.3756999969482422,0.0
2026-08-05 10:46:00,NXPI,,231.05499267578125,231.05499267578125,230.47000122070312,230.47000122070312,2941.0
2026-08-05 10:46:00,NXT,,97.54499816894531,97.54499816894531,97.30999755859375,97.33999633789062,3092.0
2026-08-05 10:46:00,OCCI,,2.450000047683716,2.4700000286102295,2.450000047683716,2.4700000286102295,3301.0
2026-08-05 10:46:00,OCGN,,1.309999942779541,1.309999942779541,1.309999942779541,1.309999942779541,11748.0
2026-08-05 10:46:00,OCSL,,12.104999542236328,12.114999771118164,12.104999542236328,12.114999771118164,3363.0
2026-08-05 10:46:00,ODD,,15.15999984741211,15.15999984741211,15.15999984741211,15.15999984741211,774.0
2026-08-05 10:46:00,ODFL,,217.0050048828125,217.05999755859375,216.96499633789062,217.0500030517578,3359.0
2026-08-05 10:46:00,OESX,,16.05739974975586,16.469999313354492,15.880000114440918,16.44499969482422,13551.0
2026-08-05 10:46:00,OFIX,,10.859999656677246,10.859999656677246,10.859999656677246,10.859999656677246,991.0
2026-08-05 10:46:00,OGI,,0.960099995136261,0.960099995136261,0.960099995136261,0.960099995136261,627.0
2026-08-05 10:46:00,OKTA,,148.82000732421875,148.8300018310547,148.7100067138672,148.7100067138672,2153.0
2026-08-05 10:46:00,OLB,,0.3197999894618988,0.3197999894618988,0.3197999894618988,0.3197999894618988,459.0
2026-08-05 10:46:00,OLLI,,78.7699966430664,78.91999816894531,78.7699966430664,78.91999816894531,7924.0
2026-08-05 10:46:00,OLMA,,11.600000381469727,11.600000381469727,11.600000381469727,11.600000381469727,478.0
2026-08-05 10:46:00,OMCL,,37.599998474121094,37.599998474121094,37.40999984741211,37.40999984741211,383.0
2026-08-05 10:46:00,OMER,,12.920000076293945,12.949999809265137,12.90999984741211,12.9399995803833,9469.0
2026-08-05 10:46:00,ON,,77.83999633789062,77.9000015258789,77.75,77.76000213623047,19554.0
2026-08-05 10:46:00,ONB,,27.110000610351562,27.114999771118164,27.099899291992188,27.106599807739258,19163.0
2026-08-05 10:46:00,ONDS,,8.845000267028809,8.859999656677246,8.8149995803833,8.8149995803833,130340.0
2026-08-05 10:46:00,ONFO,,0.07150000333786011,0.07209999859333038,0.07050000131130219,0.07209999859333038,110809.0
2026-08-05 10:46:00,OPCH,,23.440000534057617,23.440000534057617,23.440000534057617,23.440000534057617,1301.0
2026-08-05 10:46:00,OPEN,,3.9049999713897705,3.909899950027466,3.890000104904175,3.9000000953674316,59202.0
2026-08-05 10:46:00,OPHC,,8.59000015258789,8.59000015258789,8.59000015258789,8.59000015258789,3401.0
2026-08-05 10:46:00,OPK,,1.320099949836731,1.3250000476837158,1.3200000524520874,1.3200000524520874,9658.0
2026-08-05 10:46:00,OPRA,,20.149999618530273,20.15999984741211,20.114999771118164,20.114999771118164,7913.0
2026-08-05 10:46:00,ORGO,,2.375,2.384999990463257,2.369999885559082,2.384999990463257,18452.0
2026-08-05 10:46:00,ORIC,,13.4399995803833,13.479900360107422,13.390000343322754,13.390000343322754,2002.0
2026-08-05 10:46:00,ORLY,,93.77999877929688,94.0250015258789,93.77999877929688,94.0250015258789,6611.0
2026-08-05 10:46:00,ORRF,,43.5099983215332,43.52000045776367,43.5099983215332,43.52000045776367,2140.0
2026-08-05 10:46:00,OSBC,,25.864999771118164,25.864999771118164,25.864999771118164,25.864999771118164,351.0
2026-08-05 10:46:00,OSPN,,16.584999084472656,16.584999084472656,16.584999084472656,16.584999084472656,305.0
2026-08-05 10:46:00,OSS,,13.960000038146973,13.979999542236328,13.920100212097168,13.930000305175781,6454.0
2026-08-05 10:46:00,OTEX,,25.989999771118164,26.020000457763672,25.989999771118164,26.020000457763672,5099.0
2026-08-05 10:46:00,OTLK,,1.024999976158142,1.0299999713897705,1.024999976158142,1.0299999713897705,14122.0
2026-08-05 10:46:00,OVID,,2.609999895095825,2.609999895095825,2.609999895095825,2.609999895095825,2583.0
2026-08-05 10:46:00,OXLC,,9.060999870300293,9.060999870300293,9.0600004196167,9.0600004196167,1177.0
2026-08-05 10:46:00,OXSQ,,1.4800000190734863,1.4800000190734863,1.4800000190734863,1.4800000190734863,550.0
2026-08-05 10:46:00,PAA,,23.18000030517578,23.200000762939453,23.18000030517578,23.200000762939453,3855.0
2026-08-05 10:46:00,PAAS,,48.33000183105469,48.345001220703125,48.27000045776367,48.279998779296875,8896.0
2026-08-05 10:46:00,PACB,,1.4250999689102173,1.4290000200271606,1.4249999523162842,1.4290000200271606,2306.0
2026-08-05 10:46:00,PAGP,,25.110000610351562,25.110000610351562,25.100000381469727,25.110000610351562,1778.0
2026-08-05 10:46:00,PALI,,2.075000047683716,2.0787999629974365,2.075000047683716,2.075000047683716,1437.0
2026-08-05 10:46:00,PANW,,368.3699951171875,368.3699951171875,367.70001220703125,367.70001220703125,8643.0
2026-08-05 10:46:00,PATK,,88.22000122070312,88.43000030517578,88.22000122070312,88.29000091552734,10048.0
2026-08-05 10:46:00,PAX,,11.475000381469727,11.475000381469727,11.475000381469727,11.475000381469727,1814.0
2026-08-05 10:46:00,PAYO,,7.130000114440918,7.130000114440918,7.130000114440918,7.130000114440918,459.0
2026-08-05 10:46:00,PAYX,,117.7699966430664,117.8499984741211,117.7699966430664,117.83999633789062,2208.0
2026-08-05 10:46:00,PBFS,,17.209999084472656,17.209999084472656,17.209999084472656,17.209999084472656,1258.0
2026-08-05 10:46:00,PBYI,,7.989999771118164,7.989999771118164,7.989999771118164,7.989999771118164,489.0
2026-08-05 10:46:00,PCAR,,133.91000366210938,134.06500244140625,133.86000061035156,134.0574951171875,3106.0
2026-08-05 10:46:00,PCT,,6.949999809265137,6.949999809265137,6.93120002746582,6.93120002746582,3231.0
2026-08-05 10:46:00,PCTY,,147.97000122070312,147.97000122070312,147.97000122070312,147.97000122070312,929.0
2026-08-05 10:46:00,PDD,,91.83999633789062,91.8949966430664,91.83999633789062,91.87999725341797,7757.0
2026-08-05 10:46:00,PDFS,,49.81999969482422,49.81999969482422,49.81999969482422,49.81999969482422,220.0
2026-08-05 10:46:00,PEBO,,41.81999969482422,41.81999969482422,41.81999969482422,41.81999969482422,399.0
2026-08-05 10:46:00,PECO,,41.36000061035156,41.404998779296875,41.36000061035156,41.36000061035156,1552.0
2026-08-05 10:46:00,PEGA,,31.809999465942383,31.809999465942383,31.809999465942383,31.809999465942383,619.0
2026-08-05 10:46:00,PENN,,19.940000534057617,19.94499969482422,19.940000534057617,19.94499969482422,1430.0
2026-08-05 10:46:00,PEP,,138.89999389648438,139.11500549316406,138.89999389648438,139.11500549316406,8459.0
2026-08-05 10:46:00,PEPG,,1.9149999618530273,1.9149999618530273,1.9149999618530273,1.9149999618530273,680.0
2026-08-05 10:46:00,PERI,,9.619999885559082,9.619999885559082,9.619999885559082,9.619999885559082,133.0
2026-08-05 10:46:00,PFG,,115.23500061035156,115.30000305175781,115.21499633789062,115.21499633789062,1796.0
2026-08-05 10:46:00,PGEN,,6.860000133514404,6.864999771118164,6.809999942779541,6.835000038146973,37655.0
2026-08-05 10:46:00,PGY,,21.770000457763672,21.780000686645508,21.735000610351562,21.735000610351562,6626.0
2026-08-05 10:46:00,PHAT,,8.505000114440918,8.505000114440918,8.505000114440918,8.505000114440918,1040.0
2026-08-05 10:46:00,PHUN,,2.174999952316284,2.180000066757202,2.1700000762939453,2.180000066757202,581.0
2026-08-05 10:46:00,PHVS,,33.11000061035156,33.11000061035156,32.97999954223633,32.97999954223633,3000.0
2026-08-05 10:46:00,PLSE,,37.43000030517578,37.619998931884766,37.43000030517578,37.619998931884766,252.0
2026-08-05 10:46:00,PLUG,,2.109100103378296,2.109999895095825,2.0999999046325684,2.1050000190734863,20189.0
2026-08-05 10:46:00,PLUR,,1.809999942779541,1.809999942779541,1.809999942779541,1.809999942779541,1270.0
2026-08-05 10:46:00,PMN,,13.300000190734863,13.300000190734863,13.300000190734863,13.300000190734863,776.0
2026-08-05 10:46:00,PNBK,,1.1299999952316284,1.1299999952316284,1.1299999952316284,1.1299999952316284,535.0
2026-08-05 10:46:00,PNTG,,38.900001525878906,38.900001525878906,38.900001525878906,38.900001525878906,215.0
2026-08-05 10:46:00,POCI,,4.25,4.25,4.239999771118164,4.25,2695.0
2026-08-05 10:46:00,POET,,8.220000267028809,8.229999542236328,8.1850004196167,8.189900398254395,43415.0
2026-08-05 10:46:00,POOL,,204.0500030517578,204.25,204.0500030517578,204.24000549316406,1383.0
2026-08-05 10:46:00,POWI,,62.13999938964844,62.25,62.13999938964844,62.25,2616.0
2026-08-05 10:46:00,POWL,,207.75999450683594,207.75999450683594,206.85000610351562,207.22500610351562,1980.0
2026-08-05 10:46:00,PPC,,26.850000381469727,26.850000381469727,26.850000381469727,26.850000381469727,786.0
2026-08-05 10:46:00,PPTA,,22.739999771118164,22.739999771118164,22.65999984741211,22.684999465942383,4082.0
2026-08-05 10:46:00,PRCH,,16.239999771118164,16.239999771118164,16.239999771118164,16.239999771118164,1181.0
2026-08-05 10:46:00,PRCT,,19.030000686645508,19.1200008392334,19.030000686645508,19.100000381469727,16561.0
2026-08-05 10:46:00,PRDO,,33.2599983215332,33.290000915527344,33.2599983215332,33.290000915527344,2212.0
2026-08-05 10:46:00,PRFX,,1.1200000047683716,1.1200000047683716,1.1200000047683716,1.1200000047683716,701.0
2026-08-05 10:46:00,PRME,,2.950000047683716,2.9549999237060547,2.950000047683716,2.9549999237060547,11211.0
2026-08-05 10:46:00,PRQR,,1.9049999713897705,1.9049999713897705,1.9049999713897705,1.9049999713897705,693.0
2026-08-05 10:46:00,PRSO,,0.6904000043869019,0.6904000043869019,0.6904000043869019,0.6904000043869019,200.0
2026-08-05 10:46:00,PRZO,,0.5446000099182129,0.5446000099182129,0.5446000099182129,0.5446000099182129,0.0
2026-08-05 10:46:00,PSEC,,2.190000057220459,2.200000047683716,2.190000057220459,2.194999933242798,3634.0
2026-08-05 10:46:00,PSNL,,13.515000343322754,13.515000343322754,13.515000343322754,13.515000343322754,1869.0
2026-08-05 10:46:00,PTCT,,69.29499816894531,69.29499816894531,69.29499816894531,69.29499816894531,220.0
2026-08-05 10:46:00,PTEN,,9.75,9.75,9.729999542236328,9.729999542236328,12845.0
2026-08-05 10:46:00,PTGX,,136.61000061035156,136.61000061035156,136.61000061035156,136.61000061035156,1427.0
2026-08-05 10:46:00,PTLO,,4.635000228881836,4.635000228881836,4.635000228881836,4.635000228881836,414.0
2026-08-05 10:46:00,PTON,,6.550000190734863,6.559999942779541,6.550000190734863,6.550000190734863,6015.0
2026-08-05 10:46:00,PYPL,,58.654998779296875,58.709999084472656,58.654998779296875,58.689998626708984,8163.0
2026-08-05 10:46:00,PYXS,,3.2200000286102295,3.2200000286102295,3.2100000381469727,3.2100000381469727,1316.0
2026-08-05 10:46:00,PZZA,,30.760000228881836,30.760000228881836,30.729999542236328,30.729999542236328,803.0
2026-08-05 10:46:00,QCOM,,158.5,158.58999633789062,158.3300018310547,158.35000610351562,14021.0
2026-08-05 10:46:00,QFIN,,13.40999984741211,13.40999984741211,13.40999984741211,13.40999984741211,1552.0
2026-08-05 10:46:00,QRVO,,94.5,94.5,94.48999786376953,94.48999786376953,861.0
2026-08-05 10:46:00,SEED,,0.9836000204086304,0.9840999841690063,0.9836000204086304,0.9840999841690063,0.0
2026-08-05 10:46:00,STIM,,2.2950000762939453,2.2950000762939453,2.2950000762939453,2.2950000762939453,1055.0
2026-08-05 10:46:00,WOOF,,2.9649999141693115,2.9649999141693115,2.960900068283081,2.960900068283081,4683.0
2026-08-05 10:47:00,ACDC,,4.360000133514404,4.360000133514404,4.34499979019165,4.34499979019165,26002.0
2026-08-05 10:47:00,CPOP,,0.3529999852180481,0.35510000586509705,0.3529999852180481,0.35510000586509705,2858.0
2026-08-05 10:47:00,DTIL,,7.409999847412109,7.409999847412109,7.409999847412109,7.409999847412109,229.0
2026-08-05 10:47:00,EYE,,23.375,23.375,23.375,23.375,1048.0
2026-08-05 10:47:00,FIZZ,,31.93000030517578,31.93000030517578,31.93000030517578,31.93000030517578,853.0
2026-08-05 10:47:00,GLUE,,15.920000076293945,15.920000076293945,15.875,15.875,3323.0
2026-08-05 10:47:00,MDB,,379.05999755859375,379.45001220703125,379.05999755859375,379.0799865722656,1985.0
2026-08-05 10:47:00,MDLZ,,61.900001525878906,61.959999084472656,61.900001525878906,61.959999084472656,10462.0
2026-08-05 10:47:00,MNRO,,13.100000381469727,13.100000381469727,13.09000015258789,13.09000015258789,3946.0
2026-08-05 10:47:00,MNST,,94.93000030517578,95.00499725341797,94.93000030517578,94.98999786376953,5105.0
2026-08-05 10:47:00,MNTS,,4.3506999015808105,4.3506999015808105,4.3506999015808105,4.3506999015808105,2015.0
2026-08-05 10:47:00,MOVE,,12.039999961853027,12.039999961853027,12.0,12.0,734.0
2026-08-05 10:47:00,MPWR,,1320.3900146484375,1320.3900146484375,1317.97998046875,1318.7550048828125,616.0
2026-08-05 10:47:00,MRNA,,57.380001068115234,57.45989990234375,57.349998474121094,57.349998474121094,9861.0
2026-08-05 10:47:00,MSGM,,4.46999979019165,4.46999979019165,4.46999979019165,4.46999979019165,302.0
2026-08-05 10:47:00,MYGN,,3.2049999237060547,3.2049999237060547,3.2049999237060547,3.2049999237060547,1115.0
2026-08-05 10:47:00,MYRG,,337.25,337.9700012207031,337.04998779296875,337.9700012207031,884.0
2026-08-05 10:47:00,NAMS,,26.729999542236328,26.732500076293945,26.719999313354492,26.719999313354492,1329.0
2026-08-05 10:47:00,NAUT,,0.9703999757766724,0.9704999923706055,0.9703999757766724,0.9704999923706055,3411.0
2026-08-05 10:47:00,NAVI,,9.135000228881836,9.135000228881836,9.135000228881836,9.135000228881836,244.0
2026-08-05 10:47:00,NB,,5.03000020980835,5.039999961853027,5.025000095367432,5.025000095367432,5120.0
2026-08-05 10:47:00,NBIX,,163.39999389648438,163.47500610351562,163.39999389648438,163.47500610351562,1246.0
2026-08-05 10:47:00,NCMI,,4.119999885559082,4.119999885559082,4.119999885559082,4.119999885559082,232.0
2026-08-05 10:47:00,NDAQ,,95.48999786376953,95.5199966430664,95.44999694824219,95.5199966430664,4262.0
2026-08-05 10:47:00,NDLS,,17.940000534057617,17.940000534057617,17.940000534057617,17.940000534057617,159.0
2026-08-05 10:47:00,NDSN,,310.8500061035156,310.8500061035156,310.8500061035156,310.8500061035156,76.0
2026-08-05 10:47:00,NEGG,,16.559999465942383,16.559999465942383,16.559999465942383,16.559999465942383,202.0
2026-08-05 10:47:00,NEO,,16.170000076293945,16.170000076293945,16.139999389648438,16.139999389648438,2531.0
2026-08-05 10:47:00,NEOG,,11.649999618530273,11.664999961853027,11.649999618530273,11.664999961853027,3646.0
2026-08-05 10:47:00,NEOV,,2.9000000953674316,2.9100000858306885,2.9000000953674316,2.9000000953674316,13910.0
2026-08-05 10:47:00,NESR,,28.5,28.530000686645508,28.5,28.524999618530273,2337.0
2026-08-05 10:47:00,NEXT,,6.380000114440918,6.380000114440918,6.366499900817871,6.366499900817871,4623.0
2026-08-05 10:47:00,NFLX,,74.26499938964844,74.30000305175781,74.25499725341797,74.30000305175781,58405.0
2026-08-05 10:47:00,NGNE,,34.755001068115234,34.755001068115234,34.755001068115234,34.755001068115234,423.0
2026-08-05 10:47:00,NICE,,96.5,96.5999984741211,96.04000091552734,96.16999816894531,7047.0
2026-08-05 10:47:00,NIU,,2.505000114440918,2.505000114440918,2.505000114440918,2.505000114440918,105.0
2026-08-05 10:47:00,NKTX,,2.1549999713897705,2.1549999713897705,2.1549999713897705,2.1549999713897705,1361.0
2026-08-05 10:47:00,NMFC,,7.329999923706055,7.329999923706055,7.324999809265137,7.329999923706055,9468.0
2026-08-05 10:47:00,NMIH,,44.529998779296875,44.529998779296875,44.529998779296875,44.529998779296875,933.0
2026-08-05 10:47:00,NMRA,,1.625,1.6399999856948853,1.625,1.6399999856948853,13381.0
2026-08-05 10:47:00,NMRK,,15.760000228881836,15.760000228881836,15.760000228881836,15.760000228881836,747.0
2026-08-05 10:47:00,NN,,14.380000114440918,14.380000114440918,14.350000381469727,14.359999656677246,2297.0
2026-08-05 10:47:00,NNDM,,1.534999966621399,1.534999966621399,1.534999966621399,1.534999966621399,706.0
2026-08-05 10:47:00,NNOX,,1.0149999856948853,1.019700050354004,1.0149999856948853,1.019700050354004,2148.0
2026-08-05 10:47:00,NPCE,,13.59749984741211,13.720000267028809,13.59000015258789,13.640000343322754,24671.0
2026-08-05 10:47:00,NRC,,19.665000915527344,19.665000915527344,19.665000915527344,19.665000915527344,494.0
2026-08-05 10:47:00,NRDS,,9.244999885559082,9.244999885559082,9.244999885559082,9.244999885559082,1137.0
2026-08-05 10:47:00,NRIM,,27.1200008392334,27.1200008392334,27.09000015258789,27.09000015258789,1085.0
2026-08-05 10:47:00,NRIX,,24.625,24.625,24.625,24.625,793.0
2026-08-05 10:47:00,NTAP,,191.26499938964844,191.60000610351562,191.25999450683594,191.3800048828125,13636.0
2026-08-05 10:47:00,NTCT,,41.915000915527344,41.915000915527344,41.85499954223633,41.869998931884766,1456.0
2026-08-05 10:47:00,NTES,,128.2899932861328,128.2899932861328,128.27999877929688,128.27999877929688,1153.0
2026-08-05 10:47:00,NTGR,,24.170000076293945,24.170000076293945,24.139999389648438,24.139999389648438,970.0
2026-08-05 10:47:00,NTNX,,61.029998779296875,61.06999969482422,61.01250076293945,61.01250076293945,4145.0
2026-08-05 10:47:00,NTRA,,276.5299987792969,276.5350036621094,276.5299987792969,276.5350036621094,2041.0
2026-08-05 10:47:00,NTRS,,185.11000061035156,185.11000061035156,185.11000061035156,185.11000061035156,1060.0
2026-08-05 10:47:00,NVAX,,7.650000095367432,7.65500020980835,7.650000095367432,7.650000095367432,5559.0
2026-08-05 10:47:00,NVCR,,15.979999542236328,15.979999542236328,15.979999542236328,15.979999542236328,185.0
2026-08-05 10:47:00,NVDA,,220.0800018310547,220.22999572753906,220.0,220.14999389648438,292666.0
2026-08-05 10:47:00,NVMI,,406.7200012207031,407.2300109863281,406.7200012207031,407.2300109863281,361.0
2026-08-05 10:47:00,NVTS,,12.460000038146973,12.460000038146973,12.420000076293945,12.444999694824219,9014.0
2026-08-05 10:47:00,NWBI,,15.975000381469727,15.975000381469727,15.975000381469727,15.975000381469727,484.0
2026-08-05 10:47:00,NWL,,6.074999809265137,6.090000152587891,6.039999961853027,6.050000190734863,1002120.0
2026-08-05 10:47:00,NWS,,32.5,32.529998779296875,32.5,32.529998779296875,3435.0
2026-08-05 10:47:00,NWSA,,28.344999313354492,28.395000457763672,28.344999313354492,28.395000457763672,3764.0
2026-08-05 10:47:00,NXPI,,231.0,231.3614044189453,230.7949981689453,231.3614044189453,2629.0
2026-08-05 10:47:00,NXT,,97.625,97.625,97.43000030517578,97.54000091552734,5217.0
2026-08-05 10:47:00,OCC,,15.609999656677246,15.609999656677246,15.609999656677246,15.609999656677246,121.0
2026-08-05 10:47:00,OCGN,,1.3113000392913818,1.315000057220459,1.309999942779541,1.315000057220459,1851.0
2026-08-05 10:47:00,OCSL,,12.109999656677246,12.109999656677246,12.109999656677246,12.109999656677246,1613.0
2026-08-05 10:47:00,OCUL,,8.574999809265137,8.574999809265137,8.574999809265137,8.574999809265137,2544.0
2026-08-05 10:47:00,ODD,,15.194999694824219,15.194999694824219,15.194999694824219,15.194999694824219,618.0
2026-08-05 10:47:00,ODFL,,216.63499450683594,217.0,216.63499450683594,217.0,2875.0
2026-08-05 10:47:00,OFIX,,10.789999961853027,10.819999694824219,10.789999961853027,10.8100004196167,1464.0
2026-08-05 10:47:00,OKTA,,148.8350067138672,148.97999572753906,148.69740295410156,148.9600067138672,1452.0
2026-08-05 10:47:00,OLLI,,78.7300033569336,78.73999786376953,78.62999725341797,78.62999725341797,4257.0
2026-08-05 10:47:00,OLMA,,11.609999656677246,11.609999656677246,11.609999656677246,11.609999656677246,327.0
2026-08-05 10:47:00,OMCL,,37.599998474121094,37.599998474121094,37.505001068115234,37.505001068115234,2021.0
2026-08-05 10:47:00,OMER,,12.930000305175781,12.930000305175781,12.914999961853027,12.920000076293945,1332.0
2026-08-05 10:47:00,OMH,,0.10949999839067459,0.10989999771118164,0.10949999839067459,0.10989999771118164,31250.0
2026-08-05 10:47:00,ON,,77.8949966430664,77.93000030517578,77.81999969482422,77.87000274658203,19172.0
2026-08-05 10:47:00,ONB,,27.099899291992188,27.110000610351562,27.099899291992188,27.110000610351562,6297.0
2026-08-05 10:47:00,ONCY,,0.7865999937057495,0.7871000170707703,0.7865999937057495,0.7865999937057495,1400.0
2026-08-05 10:47:00,ONDS,,8.867899894714355,8.869999885559082,8.84000015258789,8.845000267028809,146752.0
2026-08-05 10:47:00,ONFO,,0.07100000232458115,0.07159999758005142,0.07100000232458115,0.0714000016450882,159725.0
2026-08-05 10:47:00,ONMD,,0.678600013256073,0.678600013256073,0.678600013256073,0.678600013256073,526.0
2026-08-05 10:47:00,OPCH,,23.420000076293945,23.450000762939453,23.420000076293945,23.450000762939453,332.0
2026-08-05 10:47:00,OPEN,,3.911600112915039,3.9200000762939453,3.90910005569458,3.90910005569458,105651.0
2026-08-05 10:47:00,OPHC,,8.779999732971191,8.779999732971191,8.649999618530273,8.649999618530273,653.0
2026-08-05 10:47:00,OPK,,1.3200000524520874,1.3250000476837158,1.3200000524520874,1.3250000476837158,7052.0
2026-08-05 10:47:00,OPRA,,20.15999984741211,20.174999237060547,20.1200008392334,20.170000076293945,5576.0
2026-08-05 10:47:00,ORGO,,2.375,2.375,2.375,2.375,1401.0
2026-08-05 10:47:00,ORIC,,13.4399995803833,13.4399995803833,13.420000076293945,13.420000076293945,1710.0
2026-08-05 10:47:00,ORLY,,93.7750015258789,93.83000183105469,93.7750015258789,93.80999755859375,6210.0
2026-08-05 10:47:00,OSPN,,16.600000381469727,16.600000381469727,16.600000381469727,16.600000381469727,2849.0
2026-08-05 10:47:00,OSS,,14.0,14.0,13.930100440979004,13.930100440979004,1247.0
2026-08-05 10:47:00,OSUR,,4.164999961853027,4.170000076293945,4.164999961853027,4.170000076293945,1741.0
2026-08-05 10:47:00,OTEX,,25.954999923706055,25.959999084472656,25.950000762939453,25.959999084472656,1686.0
2026-08-05 10:47:00,OTLK,,1.0261000394821167,1.0298999547958374,1.020400047302246,1.024999976158142,11130.0
2026-08-05 10:47:00,OTTR,,92.05000305175781,92.05000305175781,92.05000305175781,92.05000305175781,600.0
2026-08-05 10:47:00,OVID,,2.619999885559082,2.625,2.619999885559082,2.619999885559082,4861.0
2026-08-05 10:47:00,OXSQ,,1.4800000190734863,1.4829000234603882,1.4800000190734863,1.4829000234603882,1066.0
2026-08-05 10:47:00,PAA,,23.165000915527344,23.184999465942383,23.165000915527344,23.184999465942383,15054.0
2026-08-05 10:47:00,PAAS,,48.439998626708984,48.439998626708984,48.31999969482422,48.439998626708984,8560.0
2026-08-05 10:47:00,PACB,,1.4249999523162842,1.4299999475479126,1.4249999523162842,1.4249999523162842,4355.0
2026-08-05 10:47:00,PAGP,,25.079999923706055,25.110000610351562,25.079999923706055,25.110000610351562,9213.0
2026-08-05 10:47:00,PALI,,2.0799999237060547,2.0799999237060547,2.075000047683716,2.0799999237060547,8069.0
2026-08-05 10:47:00,PANL,,7.304999828338623,7.304999828338623,7.302000045776367,7.302000045776367,1803.0
2026-08-05 10:47:00,PANW,,368.4599914550781,368.75,368.17999267578125,368.17999267578125,6442.0
2026-08-05 10:47:00,PATK,,88.32499694824219,88.32499694824219,88.32499694824219,88.32499694824219,414.0
2026-08-05 10:47:00,PAX,,11.479900360107422,11.479900360107422,11.479900360107422,11.479900360107422,480.0
2026-08-05 10:47:00,PAYO,,7.130000114440918,7.130000114440918,7.119999885559082,7.119999885559082,429.0
2026-08-05 10:47:00,PAYS,,9.343700408935547,9.343999862670898,9.343700408935547,9.343999862670898,1311.0
2026-08-05 10:47:00,PAYX,,117.69000244140625,117.75,117.68000030517578,117.7300033569336,2713.0
2026-08-05 10:47:00,PBYI,,7.989999771118164,7.989999771118164,7.989999771118164,7.989999771118164,808.0
2026-08-05 10:47:00,PCAR,,133.77499389648438,133.92999267578125,133.72000122070312,133.89999389648438,2589.0
2026-08-05 10:47:00,PCB,,28.299999237060547,28.299999237060547,28.299999237060547,28.299999237060547,41.0
2026-08-05 10:47:00,PCRX,,25.299999237060547,25.299999237060547,25.299999237060547,25.299999237060547,502.0
2026-08-05 10:47:00,PCT,,6.945000171661377,6.949999809265137,6.945000171661377,6.949999809265137,828.0
2026-08-05 10:47:00,PCTY,,147.4949951171875,147.8249969482422,147.4949951171875,147.72000122070312,1600.0
2026-08-05 10:47:00,PDD,,91.80000305175781,91.83000183105469,91.77999877929688,91.82499694824219,9297.0
2026-08-05 10:47:00,PDFS,,50.029998779296875,50.029998779296875,49.83000183105469,49.83000183105469,1416.0
2026-08-05 10:47:00,PEGA,,31.729999542236328,31.774999618530273,31.729999542236328,31.774999618530273,1061.0
2026-08-05 10:47:00,PENN,,19.920000076293945,19.93000030517578,19.920000076293945,19.93000030517578,1487.0
2026-08-05 10:47:00,PEP,,138.74000549316406,138.89500427246094,138.72000122070312,138.88999938964844,13459.0
2026-08-05 10:47:00,PERI,,9.619999885559082,9.619999885559082,9.614999771118164,9.614999771118164,291.0
2026-08-05 10:47:00,PFG,,115.19000244140625,115.2750015258789,115.19000244140625,115.24500274658203,947.0
2026-08-05 10:47:00,PFIS,,71.86499786376953,71.86499786376953,71.86499786376953,71.86499786376953,424.0
2026-08-05 10:47:00,PGEN,,6.864999771118164,6.889999866485596,6.840000152587891,6.869999885559082,38632.0
2026-08-05 10:47:00,PGY,,21.790000915527344,21.790000915527344,21.739999771118164,21.760000228881836,3642.0
2026-08-05 10:47:00,PHAT,,8.479999542236328,8.5,8.479999542236328,8.5,4117.0
2026-08-05 10:47:00,PHVS,,33.06999969482422,33.06999969482422,33.0,33.0,793.0
2026-08-05 10:47:00,PLMR,,135.8000030517578,136.0,135.69000244140625,135.9199981689453,9025.0
2026-08-05 10:47:00,PLPC,,460.6600036621094,460.6600036621094,460.4700012207031,460.4700012207031,394.0
2026-08-05 10:47:00,PLSE,,37.290000915527344,37.290000915527344,37.290000915527344,37.290000915527344,416.0
2026-08-05 10:47:00,PLTK,,4.025000095367432,4.03000020980835,4.025000095367432,4.03000020980835,1214.0
2026-08-05 10:47:00,PLUG,,2.1050000190734863,2.109999895095825,2.0999999046325684,2.1050000190734863,38297.0
2026-08-05 10:47:00,PLXS,,272.8900146484375,273.0199890136719,272.8900146484375,273.0199890136719,679.0
2026-08-05 10:47:00,PNFP,,108.31999969482422,108.31999969482422,108.22000122070312,108.22000122070312,2825.0
2026-08-05 10:47:00,PNRG,,184.1999969482422,184.38999938964844,184.13999938964844,184.25,1720.0
2026-08-05 10:47:00,POET,,8.25,8.255000114440918,8.220000267028809,8.220000267028809,28219.0
2026-08-05 10:47:00,POOL,,203.82000732421875,203.82000732421875,203.82000732421875,203.82000732421875,625.0
2026-08-05 10:47:00,POWI,,62.13999938964844,62.13999938964844,62.13999938964844,62.13999938964844,269.0
2026-08-05 10:47:00,POWL,,208.0,208.32000732421875,208.0,208.0,984.0
2026-08-05 10:47:00,PPC,,26.81999969482422,26.829999923706055,26.799999237060547,26.799999237060547,3435.0
2026-08-05 10:47:00,PPTA,,22.75,22.75,22.719999313354492,22.739999771118164,1547.0
2026-08-05 10:47:00,PRAA,,17.3700008392334,17.420000076293945,17.360000610351562,17.360000610351562,3957.0
2026-08-05 10:47:00,PRAX,,311.6700134277344,311.6700134277344,311.6700134277344,311.6700134277344,517.0
2026-08-05 10:47:00,PRCT,,18.9950008392334,19.135000228881836,18.989999771118164,19.059999465942383,8640.0
2026-08-05 10:47:00,PRDO,,33.220001220703125,33.290000915527344,33.220001220703125,33.290000915527344,2240.0
2026-08-05 10:47:00,PRFX,,1.1100000143051147,1.1100000143051147,1.1100000143051147,1.1100000143051147,466.0
2026-08-05 10:47:00,PRGS,,41.91999816894531,41.91999816894531,41.91999816894531,41.91999816894531,173.0
2026-08-05 10:47:00,PRIM,,88.05000305175781,88.05000305175781,87.87999725341797,87.88999938964844,2956.0
2026-08-05 10:47:00,PRME,,2.9600000381469727,2.9600000381469727,2.9600000381469727,2.9600000381469727,1044.0
2026-08-05 10:47:00,PROF,,8.109999656677246,8.119999885559082,8.109999656677246,8.119999885559082,642.0
2026-08-05 10:47:00,PRTA,,8.550000190734863,8.550000190734863,8.539999961853027,8.539999961853027,1060.0
2026-08-05 10:47:00,PRVA,,24.06999969482422,24.06999969482422,23.969999313354492,24.06999969482422,33299.0
2026-08-05 10:47:00,PSEC,,2.194999933242798,2.200000047683716,2.1900999546051025,2.1900999546051025,3747.0
2026-08-05 10:47:00,PSNY,,14.130000114440918,14.130000114440918,14.130000114440918,14.130000114440918,200.0
2026-08-05 10:47:00,PTC,,141.27999877929688,141.27999877929688,141.27999877929688,141.27999877929688,883.0
2026-08-05 10:47:00,PTCT,,69.38999938964844,69.38999938964844,69.36990356445312,69.37000274658203,3755.0
2026-08-05 10:47:00,PTEN,,9.800000190734863,9.8100004196167,9.774999618530273,9.774999618530273,10252.0
2026-08-05 10:47:00,PTLO,,4.614999771118164,4.635000228881836,4.614999771118164,4.635000228881836,4367.0
2026-08-05 10:47:00,PTON,,6.539999961853027,6.550000190734863,6.539999961853027,6.550000190734863,5939.0
2026-08-05 10:47:00,PUBM,,13.699999809265137,13.710000038146973,13.699999809265137,13.710000038146973,1468.0
2026-08-05 10:47:00,PWP,,17.37700080871582,17.37700080871582,17.350000381469727,17.350000381469727,918.0
2026-08-05 10:47:00,PYPD,,4.449999809265137,4.449999809265137,4.449999809265137,4.449999809265137,111.0
2026-08-05 10:47:00,PYPL,,58.61009979248047,58.65999984741211,58.61000061035156,58.65999984741211,12409.0
2026-08-05 10:47:00,PYXS,,3.240000009536743,3.240000009536743,3.240000009536743,3.240000009536743,436.0
2026-08-05 10:47:00,PZZA,,30.510000228881836,30.709999084472656,30.510000228881836,30.709999084472656,5057.0
2026-08-05 10:47:00,QCOM,,158.6699981689453,158.69000244140625,158.47999572753906,158.5399932861328,17717.0
2026-08-05 10:47:00,QRVO,,94.43000030517578,94.48999786376953,94.42500305175781,94.48999786376953,1153.0
2026-08-05 10:47:00,SEED,,0.9646999835968018,0.9836000204086304,0.9502000212669373,0.9836000204086304,6038.0
2026-08-05 10:47:00,STIM,,2.299999952316284,2.299999952316284,2.299999952316284,2.299999952316284,204.0
2026-08-05 10:48:00,ACDC,,4.355000019073486,4.364999771118164,4.34499979019165,4.364999771118164,19148.0
2026-08-05 10:48:00,BPOP,,177.27999877929688,177.27999877929688,177.27000427246094,177.27999877929688,482.0
2026-08-05 10:48:00,CNXN,,84.48999786376953,84.48999786376953,84.48999786376953,84.48999786376953,1132.0
2026-08-05 10:48:00,DTIL,,7.409999847412109,7.409999847412109,7.409999847412109,7.409999847412109,371.0
2026-08-05 10:48:00,EYE,,23.329999923706055,23.360000610351562,23.329999923706055,23.360000610351562,2548.0
2026-08-05 10:48:00,GLUE,,15.930000305175781,15.949999809265137,15.930000305175781,15.9399995803833,1447.0
2026-08-05 10:48:00,MBRX,,0.4075999855995178,0.4075999855995178,0.40630000829696655,0.40630000829696655,643.0
2026-08-05 10:48:00,MCRI,,125.05000305175781,125.05000305175781,125.03009796142578,125.03009796142578,3269.0
2026-08-05 10:48:00,MDB,,378.739990234375,379.3399963378906,378.739990234375,378.7550048828125,2159.0
2026-08-05 10:48:00,MDLZ,,61.900001525878906,61.967899322509766,61.900001525878906,61.91999816894531,6607.0
2026-08-05 10:48:00,MNRO,,13.100000381469727,13.100000381469727,13.100000381469727,13.100000381469727,1157.0
2026-08-05 10:48:00,MNST,,94.82499694824219,94.88999938964844,94.82499694824219,94.86000061035156,5957.0
2026-08-05 10:48:00,MNTS,,4.360000133514404,4.360000133514404,4.360000133514404,4.360000133514404,560.0
2026-08-05 10:48:00,MOVE,,12.140000343322754,12.140000343322754,12.067700386047363,12.067700386047363,642.0
2026-08-05 10:48:00,MPWR,,1320.9100341796875,1322.9300537109375,1319.800048828125,1320.1700439453125,2012.0
2026-08-05 10:48:00,MRNA,,57.5,57.52000045776367,57.36000061035156,57.380001068115234,19513.0
2026-08-05 10:48:00,MYGN,,3.2100000381469727,3.2100000381469727,3.2100000381469727,3.2100000381469727,795.0
2026-08-05 10:48:00,MYRG,,337.92999267578125,337.92999267578125,337.2300109863281,337.2300109863281,874.0
2026-08-05 10:48:00,NAMS,,26.725000381469727,26.725000381469727,26.65999984741211,26.65999984741211,879.0
2026-08-05 10:48:00,NAUT,,0.9703999757766724,0.9703999757766724,0.9703999757766724,0.9703999757766724,2090.0
2026-08-05 10:48:00,NAVI,,9.125,9.130000114440918,9.125,9.130000114440918,1307.0
2026-08-05 10:48:00,NB,,5.019999980926514,5.03000020980835,5.019999980926514,5.03000020980835,14806.0
2026-08-05 10:48:00,NBIX,,163.52000427246094,163.55499267578125,163.4499969482422,163.5449981689453,2410.0
2026-08-05 10:48:00,NCMI,,4.110000133514404,4.110000133514404,4.110000133514404,4.110000133514404,548.0
2026-08-05 10:48:00,NDAQ,,95.29499816894531,95.48999786376953,95.29499816894531,95.48999786376953,6859.0
2026-08-05 10:48:00,NDSN,,310.9071960449219,310.9071960449219,310.7900085449219,310.85009765625,804.0
2026-08-05 10:48:00,NEGG,,16.559999465942383,16.559999465942383,16.559999465942383,16.559999465942383,270.0
2026-08-05 10:48:00,NEO,,16.155000686645508,16.18630027770996,16.155000686645508,16.18630027770996,2928.0
2026-08-05 10:48:00,NEOG,,11.649999618530273,11.654999732971191,11.649999618530273,11.654999732971191,1472.0
2026-08-05 10:48:00,NEOV,,2.9000000953674316,2.9100000858306885,2.9000000953674316,2.9100000858306885,6590.0
2026-08-05 10:48:00,NESR,,28.520000457763672,28.53499984741211,28.520000457763672,28.520000457763672,2105.0
2026-08-05 10:48:00,NEWT,,15.3100004196167,15.3100004196167,15.3100004196167,15.3100004196167,113.0
2026-08-05 10:48:00,NEXT,,6.400000095367432,6.400000095367432,6.38640022277832,6.38640022277832,4813.0
2026-08-05 10:48:00,NFE,,0.33329999446868896,0.33329999446868896,0.33329999446868896,0.33329999446868896,138.0
2026-08-05 10:48:00,NFLX,,74.22000122070312,74.26499938964844,74.12999725341797,74.26499938964844,69510.0
2026-08-05 10:48:00,NGNE,,35.02000045776367,35.040000915527344,34.755001068115234,34.755001068115234,3329.0
2026-08-05 10:48:00,NICE,,96.19000244140625,96.2300033569336,96.19000244140625,96.2300033569336,1520.0
2026-08-05 10:48:00,NKTR,,72.9000015258789,72.91000366210938,72.75,72.75,2255.0
2026-08-05 10:48:00,NKTX,,2.1600000858306885,2.1600000858306885,2.1500000953674316,2.1500000953674316,11168.0
2026-08-05 10:48:00,NMFC,,7.324999809265137,7.324999809265137,7.324999809265137,7.324999809265137,384.0
2026-08-05 10:48:00,NMIH,,44.53499984741211,44.53499984741211,44.53499984741211,44.53499984741211,3128.0
2026-08-05 10:48:00,NMRK,,15.75,15.75,15.75,15.75,628.0
2026-08-05 10:48:00,NN,,14.359999656677246,14.399999618530273,14.354999542236328,14.385000228881836,8698.0
2026-08-05 10:48:00,NNDM,,1.535099983215332,1.5399999618530273,1.534999966621399,1.534999966621399,1213.0
2026-08-05 10:48:00,NRDS,,9.242500305175781,9.244999885559082,9.242500305175781,9.244999885559082,1574.0
2026-08-05 10:48:00,NRXP,,3.0250000953674316,3.0250000953674316,3.0250000953674316,3.0250000953674316,105.0
2026-08-05 10:48:00,NTAP,,191.02999877929688,191.60000610351562,191.02999877929688,191.27000427246094,22620.0
2026-08-05 10:48:00,NTCT,,41.880001068115234,41.880001068115234,41.880001068115234,41.880001068115234,267.0
2026-08-05 10:48:00,NTES,,128.2449951171875,128.2449951171875,128.17999267578125,128.17999267578125,1080.0
2026-08-05 10:48:00,NTNX,,61.0099983215332,61.0099983215332,61.0099983215332,61.0099983215332,1017.0
2026-08-05 10:48:00,NTRA,,276.54998779296875,276.54998779296875,276.5400085449219,276.5400085449219,877.0
2026-08-05 10:48:00,NUWE,,1.7899999618530273,1.7899999618530273,1.7899999618530273,1.7899999618530273,181.0
2026-08-05 10:48:00,NVAX,,7.659999847412109,7.664999961853027,7.65500020980835,7.659900188446045,3203.0
2026-08-05 10:48:00,NVCR,,15.954999923706055,15.960000038146973,15.954999923706055,15.960000038146973,1448.0
2026-08-05 10:48:00,NVDA,,220.13999938964844,220.1999969482422,219.9376983642578,220.06089782714844,180321.0
2026-08-05 10:48:00,NVTS,,12.469799995422363,12.475000381469727,12.449999809265137,12.454999923706055,15503.0
2026-08-05 10:48:00,NWBI,,15.975000381469727,15.975000381469727,15.975000381469727,15.975000381469727,687.0
2026-08-05 10:48:00,NWL,,6.054999828338623,6.070000171661377,6.045000076293945,6.070000171661377,20075.0
2026-08-05 10:48:00,NWS,,32.459999084472656,32.46500015258789,32.459999084472656,32.46500015258789,879.0
2026-08-05 10:48:00,NWSA,,28.329999923706055,28.34000015258789,28.329999923706055,28.34000015258789,3847.0
2026-08-05 10:48:00,NXPI,,231.50869750976562,231.50869750976562,231.125,231.125,3977.0
2026-08-05 10:48:00,NXST,,191.91000366210938,191.91000366210938,191.8000030517578,191.8000030517578,1214.0
2026-08-05 10:48:00,NXT,,97.76000213623047,97.76000213623047,97.66000366210938,97.75,1047.0
2026-08-05 10:48:00,OCFC,,19.829999923706055,19.829999923706055,19.825000762939453,19.825000762939453,500.0
2026-08-05 10:48:00,OCGN,,1.315000057220459,1.315000057220459,1.309999942779541,1.309999942779541,1541.0
2026-08-05 10:48:00,OCS,,12.114999771118164,12.114999771118164,12.114999771118164,12.114999771118164,414.0
2026-08-05 10:48:00,OCSL,,12.135000228881836,12.149999618530273,12.114999771118164,12.119999885559082,13743.0
2026-08-05 10:48:00,OCUL,,8.585000038146973,8.600000381469727,8.585000038146973,8.600000381469727,1402.0
2026-08-05 10:48:00,ODD,,15.15999984741211,15.15999984741211,15.15999984741211,15.15999984741211,423.0
2026-08-05 10:48:00,ODFL,,216.47000122070312,216.72999572753906,216.4149932861328,216.47000122070312,4288.0
2026-08-05 10:48:00,OESX,,16.1200008392334,16.1200008392334,16.1200008392334,16.1200008392334,2926.0
2026-08-05 10:48:00,OFIX,,10.779999732971191,10.779999732971191,10.729999542236328,10.75,7158.0
2026-08-05 10:48:00,OGI,,0.960099995136261,0.960099995136261,0.960099995136261,0.960099995136261,317.0
2026-08-05 10:48:00,OKTA,,148.6699981689453,148.8350067138672,148.64999389648438,148.8300018310547,1372.0
2026-08-05 10:48:00,OLLI,,78.5,78.68499755859375,78.36109924316406,78.68499755859375,11639.0
2026-08-05 10:48:00,OLMA,,11.619999885559082,11.619999885559082,11.619999885559082,11.619999885559082,1141.0
2026-08-05 10:48:00,OM,,4.940000057220459,4.980000019073486,4.940000057220459,4.980000019073486,3144.0
2026-08-05 10:48:00,OMCL,,37.410099029541016,37.410099029541016,37.40999984741211,37.40999984741211,1183.0
2026-08-05 10:48:00,OMER,,12.960000038146973,12.960000038146973,12.9399995803833,12.9399995803833,782.0
2026-08-05 10:48:00,OMH,,0.10909999907016754,0.11029999703168869,0.10909999907016754,0.10999999940395355,6390.0
2026-08-05 10:48:00,ON,,77.91999816894531,78.05500030517578,77.88999938964844,77.88999938964844,32756.0
2026-08-05 10:48:00,ONB,,27.094999313354492,27.100000381469727,27.090200424194336,27.099899291992188,4163.0
2026-08-05 10:48:00,ONCY,,0.7867000102996826,0.7867000102996826,0.7865999937057495,0.7865999937057495,400.0
2026-08-05 10:48:00,ONDS,,8.864999771118164,8.880000114440918,8.859999656677246,8.86989974975586,122811.0
2026-08-05 10:48:00,ONFO,,0.07159999758005142,0.07159999758005142,0.07100000232458115,0.07129999995231628,192580.0
2026-08-05 10:48:00,OPCH,,23.40999984741211,23.43000030517578,23.40999984741211,23.420000076293945,1089.0
2026-08-05 10:48:00,OPEN,,3.9049999713897705,3.9200000762939453,3.9000000953674316,3.9100000858306885,73444.0
2026-08-05 10:48:00,OPK,,1.3200000524520874,1.3200000524520874,1.3200000524520874,1.3200000524520874,1265.0
2026-08-05 10:48:00,OPRA,,20.15999984741211,20.15999984741211,20.15999984741211,20.15999984741211,2484.0
2026-08-05 10:48:00,OPRX,,6.760000228881836,6.760000228881836,6.760000228881836,6.760000228881836,205.0
2026-08-05 10:48:00,ORGO,,2.375,2.375,2.375,2.375,6128.0
2026-08-05 10:48:00,ORIC,,13.380000114440918,13.420000076293945,13.369999885559082,13.40999984741211,3721.0
2026-08-05 10:48:00,ORLY,,93.6500015258789,93.73500061035156,93.61000061035156,93.70999908447266,8608.0
2026-08-05 10:48:00,ORMP,,4.449999809265137,4.449999809265137,4.449999809265137,4.449999809265137,325.0
2026-08-05 10:48:00,OSBC,,25.8700008392334,25.8700008392334,25.8700008392334,25.8700008392334,1181.0
2026-08-05 10:48:00,OSIS,,234.1300048828125,234.6649932861328,234.1300048828125,234.3000030517578,456.0
2026-08-05 10:48:00,OSS,,13.885000228881836,13.970000267028809,13.859999656677246,13.970000267028809,2858.0
2026-08-05 10:48:00,OSUR,,4.164999961853027,4.164999961853027,4.164999961853027,4.164999961853027,308.0
2026-08-05 10:48:00,OTEX,,25.93000030517578,25.950000762939453,25.93000030517578,25.94499969482422,1373.0
2026-08-05 10:48:00,OTLK,,1.0295000076293945,1.0295000076293945,1.024999976158142,1.024999976158142,57855.0
2026-08-05 10:48:00,OVID,,2.619999885559082,2.619999885559082,2.619999885559082,2.619999885559082,2748.0
2026-08-05 10:48:00,OXLC,,9.0649995803833,9.0649995803833,9.0649995803833,9.0649995803833,1179.0
2026-08-05 10:48:00,OXSQ,,1.4800000190734863,1.4800000190734863,1.4800000190734863,1.4800000190734863,343.0
2026-08-05 10:48:00,PAA,,23.149999618530273,23.174999237060547,23.135000228881836,23.170000076293945,31921.0
2026-08-05 10:48:00,PAAS,,48.38999938964844,48.47999954223633,48.375,48.38999938964844,15418.0
2026-08-05 10:48:00,PACB,,1.4249999523162842,1.4291000366210938,1.4249999523162842,1.4249999523162842,17173.0
2026-08-05 10:48:00,PAGP,,25.06999969482422,25.084999084472656,25.05500030517578,25.075000762939453,6269.0
2026-08-05 10:48:00,PALI,,2.075000047683716,2.075000047683716,2.075000047683716,2.075000047683716,2743.0
2026-08-05 10:48:00,PANW,,367.6449890136719,368.50830078125,367.5400085449219,368.50830078125,9129.0
2026-08-05 10:48:00,PATK,,88.12999725341797,88.22000122070312,88.12999725341797,88.22000122070312,1902.0
2026-08-05 10:48:00,PAX,,11.46500015258789,11.479999542236328,11.46500015258789,11.475000381469727,3134.0
2026-08-05 10:48:00,PAYO,,7.130000114440918,7.130000114440918,7.119999885559082,7.125,2558.0
2026-08-05 10:48:00,PAYX,,117.51000213623047,117.63999938964844,117.51000213623047,117.63500213623047,3800.0
2026-08-05 10:48:00,PCAR,,133.97999572753906,134.0050048828125,133.72999572753906,133.7949981689453,7096.0
2026-08-05 10:48:00,PCB,,28.209999084472656,28.209999084472656,28.209999084472656,28.209999084472656,409.0
2026-08-05 10:48:00,PCRX,,25.375,25.43000030517578,25.375,25.3799991607666,4843.0
2026-08-05 10:48:00,PCT,,6.928800106048584,6.945000171661377,6.928800106048584,6.940000057220459,7007.0
2026-08-05 10:48:00,PCTY,,148.11000061035156,148.11000061035156,147.3426971435547,147.47500610351562,2587.0
2026-08-05 10:48:00,PDD,,91.7699966430664,91.81999969482422,91.7699966430664,91.80000305175781,18952.0
2026-08-05 10:48:00,PEBO,,41.84000015258789,41.84000015258789,41.84000015258789,41.84000015258789,1079.0
2026-08-05 10:48:00,PECO,,41.349998474121094,41.349998474121094,41.31999969482422,41.31999969482422,5056.0
2026-08-05 10:48:00,PEGA,,31.68000030517578,31.719999313354492,31.68000030517578,31.719999313354492,1536.0
2026-08-05 10:48:00,PENN,,19.90999984741211,19.924999237060547,19.90999984741211,19.90999984741211,3563.0
2026-08-05 10:48:00,PEP,,138.61000061035156,138.75,138.60000610351562,138.72000122070312,15738.0
2026-08-05 10:48:00,PERI,,9.600000381469727,9.609999656677246,9.600000381469727,9.609999656677246,1280.0
2026-08-05 10:48:00,PFG,,115.20999908447266,115.20999908447266,115.19999694824219,115.19999694824219,693.0
2026-08-05 10:48:00,PFIS,,71.7750015258789,71.7750015258789,71.76000213623047,71.76000213623047,1597.0
2026-08-05 10:48:00,PGEN,,6.864999771118164,6.89900016784668,6.864999771118164,6.864999771118164,24128.0
2026-08-05 10:48:00,PGNY,,31.6299991607666,31.68000030517578,31.6299991607666,31.68000030517578,2702.0
2026-08-05 10:48:00,PGY,,21.770000457763672,21.799999237060547,21.770000457763672,21.790000915527344,10995.0
2026-08-05 10:48:00,PHAT,,8.484999656677246,8.484999656677246,8.484999656677246,8.484999656677246,5082.0
2026-08-05 10:48:00,PHVS,,33.04999923706055,33.04999923706055,33.04999923706055,33.04999923706055,202.0
2026-08-05 10:48:00,PLAB,,32.130001068115234,32.130001068115234,32.11000061035156,32.11000061035156,515.0
2026-08-05 10:48:00,PLBY,,1.1549999713897705,1.1549999713897705,1.1549999713897705,1.1549999713897705,1007.0
2026-08-05 10:48:00,PLMR,,135.5050048828125,135.5050048828125,135.5050048828125,135.5050048828125,1167.0
2026-08-05 10:48:00,PLPC,,461.6199951171875,461.6199951171875,461.57000732421875,461.57000732421875,478.0
2026-08-05 10:48:00,PLTK,,4.025000095367432,4.025000095367432,4.025000095367432,4.025000095367432,766.0
2026-08-05 10:48:00,PLUG,,2.109999895095825,2.109999895095825,2.0999999046325684,2.1050000190734863,24820.0
2026-08-05 10:48:00,PLXS,,273.2099914550781,273.2099914550781,273.2099914550781,273.2099914550781,744.0
2026-08-05 10:48:00,PNRG,,184.4499969482422,184.4499969482422,184.4499969482422,184.4499969482422,2238.0
2026-08-05 10:48:00,PNTG,,38.79999923706055,38.880001068115234,38.79999923706055,38.880001068115234,1737.0
2026-08-05 10:48:00,POET,,8.25,8.255999565124512,8.244999885559082,8.255000114440918,9545.0
2026-08-05 10:48:00,POOL,,203.52000427246094,203.52000427246094,203.52000427246094,203.52000427246094,383.0
2026-08-05 10:48:00,POWI,,62.27000045776367,62.27000045776367,62.25,62.25,1418.0
2026-08-05 10:48:00,POWL,,208.47999572753906,208.47999572753906,208.07000732421875,208.07000732421875,2084.0
2026-08-05 10:48:00,PPC,,26.760000228881836,26.809999465942383,26.760000228881836,26.809999465942383,1699.0
2026-08-05 10:48:00,PPIH,,25.777299880981445,25.777299880981445,25.777299880981445,25.777299880981445,190.0
2026-08-05 10:48:00,PPSI,,3.0999999046325684,3.0999999046325684,3.0,3.0,10004.0
2026-08-05 10:48:00,PPTA,,22.780000686645508,22.84000015258789,22.7450008392334,22.7450008392334,31758.0
2026-08-05 10:48:00,PRAA,,17.399999618530273,17.399999618530273,17.399999618530273,17.399999618530273,193.0
2026-08-05 10:48:00,PRAX,,312.2799987792969,312.2799987792969,312.07000732421875,312.07000732421875,539.0
2026-08-05 10:48:00,PRCH,,16.229999542236328,16.229999542236328,16.209999084472656,16.229999542236328,2501.0
2026-08-05 10:48:00,PRCT,,19.040000915527344,19.059999465942383,19.0,19.0,5065.0
2026-08-05 10:48:00,PRGS,,41.779998779296875,41.779998779296875,41.77000045776367,41.77000045776367,1109.0
2026-08-05 10:48:00,PRIM,,87.7750015258789,88.22000122070312,87.7750015258789,87.7750015258789,9439.0
2026-08-05 10:48:00,PRLD,,4.519999980926514,4.519999980926514,4.5,4.5,2223.0
2026-08-05 10:48:00,PRME,,2.9700000286102295,2.9700000286102295,2.9600000381469727,2.9600000381469727,14045.0
2026-08-05 10:48:00,PROK,,1.6349999904632568,1.6349999904632568,1.6299999952316284,1.6299999952316284,1672.0
2026-08-05 10:48:00,PRQR,,1.9049999713897705,1.9049999713897705,1.9049999713897705,1.9049999713897705,313.0
2026-08-05 10:48:00,PRTA,,8.569999694824219,8.579999923706055,8.569999694824219,8.569999694824219,1464.0
2026-08-05 10:48:00,PRTH,,6.590000152587891,6.590000152587891,6.590000152587891,6.590000152587891,967.0
2026-08-05 10:48:00,PRVA,,24.024999618530273,24.05500030517578,24.024999618530273,24.040000915527344,5395.0
2026-08-05 10:48:00,PRZO,,0.5422999858856201,0.5422999858856201,0.5422999858856201,0.5422999858856201,3629.0
2026-08-05 10:48:00,PSEC,,2.1989998817443848,2.200000047683716,2.190000057220459,2.200000047683716,13195.0
2026-08-05 10:48:00,PSNY,,14.130000114440918,14.130000114440918,14.130000114440918,14.130000114440918,377.0
2026-08-05 10:48:00,PTC,,141.10000610351562,141.10000610351562,141.10000610351562,141.10000610351562,492.0
2026-08-05 10:48:00,PTCT,,69.47000122070312,69.47000122070312,69.47000122070312,69.47000122070312,2690.0
2026-08-05 10:48:00,PTEN,,9.805000305175781,9.819999694824219,9.800000190734863,9.800000190734863,11816.0
2026-08-05 10:48:00,PTGX,,136.50999450683594,136.50999450683594,136.50999450683594,136.50999450683594,1080.0
2026-08-05 10:48:00,PTLO,,4.605000019073486,4.614999771118164,4.605000019073486,4.614999771118164,3361.0
2026-08-05 10:48:00,PTON,,6.534999847412109,6.550000190734863,6.53000020980835,6.539999961853027,7829.0
2026-08-05 10:48:00,PUBM,,13.6899995803833,13.6899995803833,13.6899995803833,13.6899995803833,254.0
2026-08-05 10:48:00,PWP,,17.364999771118164,17.364999771118164,17.364999771118164,17.364999771118164,493.0
2026-08-05 10:48:00,PYPL,,58.560001373291016,58.599998474121094,58.540000915527344,58.599998474121094,7280.0
2026-08-05 10:48:00,PZZA,,30.510000228881836,30.549999237060547,30.489999771118164,30.489999771118164,3098.0
2026-08-05 10:48:00,QCOM,,158.83999633789062,158.92990112304688,158.64999389648438,158.7100067138672,19353.0
2026-08-05 10:48:00,QFIN,,13.40999984741211,13.40999984741211,13.40999984741211,13.40999984741211,1191.0
2026-08-05 10:48:00,QRVO,,94.55999755859375,94.55999755859375,94.5199966430664,94.5199966430664,440.0
2026-08-05 10:48:00,SEED,,0.9782000184059143,0.9830999970436096,0.9782000184059143,0.9830999970436096,1543.0
2026-08-05 10:48:00,STIM,,2.299999952316284,2.299999952316284,2.299999952316284,2.299999952316284,2158.0
2026-08-05 10:48:00,WOOF,,2.9600000381469727,2.9600000381469727,2.9600000381469727,2.9600000381469727,742.0
2026-08-05 10:49:00,BPOP,,177.64999389648438,177.64999389648438,177.47999572753906,177.47999572753906,1672.0
2026-08-05 10:49:00,CNXN,,84.66999816894531,84.74500274658203,84.66999816894531,84.74500274658203,772.0
2026-08-05 10:49:00,EYE,,23.344999313354492,23.360000610351562,23.34000015258789,23.34000015258789,3834.0
2026-08-05 10:49:00,GLUE,,15.942000389099121,15.942000389099121,15.920000076293945,15.920000076293945,2717.0
2026-08-05 10:49:00,KITT,,1.0750000476837158,1.0750000476837158,1.0750000476837158,1.0750000476837158,1800.0
2026-08-05 10:49:00,MCRI,,125.16999816894531,125.2300033569336,124.92500305175781,124.92500305175781,1189.0
2026-08-05 10:49:00,MDB,,378.7749938964844,379.239990234375,378.760009765625,379.239990234375,716.0
2026-08-05 10:49:00,MDLZ,,61.89820098876953,61.900001525878906,61.880001068115234,61.900001525878906,8115.0
2026-08-05 10:49:00,MLTX,,17.565000534057617,17.56999969482422,17.565000534057617,17.56999969482422,2456.0
2026-08-05 10:49:00,MNPR,,116.0,116.0,116.0,116.0,1239.0
2026-08-05 10:49:00,MNST,,94.81999969482422,94.81999969482422,94.79000091552734,94.79000091552734,1666.0
2026-08-05 10:49:00,MOVE,,12.09000015258789,12.130000114440918,12.09000015258789,12.130000114440918,355.0
2026-08-05 10:49:00,MPWR,,1323.219970703125,1324.3299560546875,1320.94775390625,1320.94775390625,843.0
2026-08-05 10:49:00,MRNA,,57.39500045776367,57.435001373291016,57.33000183105469,57.43000030517578,13805.0
2026-08-05 10:49:00,MYGN,,3.2049999237060547,3.2100000381469727,3.2049999237060547,3.2100000381469727,932.0
2026-08-05 10:49:00,MYRG,,339.2300109863281,339.2300109863281,337.7699890136719,337.9599914550781,1129.0
2026-08-05 10:49:00,NAMS,,26.700000762939453,26.700000762939453,26.700000762939453,26.700000762939453,591.0
2026-08-05 10:49:00,NAVI,,9.125,9.125,9.125,9.125,895.0
2026-08-05 10:49:00,NB,,5.034999847412109,5.034999847412109,5.025000095367432,5.025000095367432,5266.0
2026-08-05 10:49:00,NBIX,,163.35499572753906,163.44009399414062,163.35499572753906,163.44009399414062,1392.0
2026-08-05 10:49:00,NBTB,,53.66999816894531,53.66999816894531,53.66999816894531,53.66999816894531,460.0
2026-08-05 10:49:00,NBTX,,39.470001220703125,39.470001220703125,39.470001220703125,39.470001220703125,603.0
2026-08-05 10:49:00,NDAQ,,95.37000274658203,95.375,95.37000274658203,95.375,1751.0
2026-08-05 10:49:00,NDLS,,18.155000686645508,18.155000686645508,18.149999618530273,18.149999618530273,2436.0
2026-08-05 10:49:00,NDSN,,310.7200012207031,310.94000244140625,310.6000061035156,310.760009765625,1453.0
2026-08-05 10:49:00,NEO,,16.149999618530273,16.155000686645508,16.139999389648438,16.155000686645508,2049.0
2026-08-05 10:49:00,NEOG,,11.640000343322754,11.649999618530273,11.640000343322754,11.649999618530273,1888.0
2026-08-05 10:49:00,NEOV,,2.9000000953674316,2.9049999713897705,2.9000000953674316,2.9049999713897705,12835.0
2026-08-05 10:49:00,NESR,,28.555099487304688,28.59000015258789,28.555099487304688,28.559999465942383,2466.0
2026-08-05 10:49:00,NEWT,,15.260000228881836,15.260000228881836,15.260000228881836,15.260000228881836,711.0
2026-08-05 10:49:00,NEXT,,6.394999980926514,6.394999980926514,6.394999980926514,6.394999980926514,880.0
2026-08-05 10:49:00,NFE,,0.33329999446868896,0.33329999446868896,0.33329999446868896,0.33329999446868896,288.0
2026-08-05 10:49:00,NFLX,,74.23500061035156,74.24500274658203,74.18499755859375,74.21499633789062,44299.0
2026-08-05 10:49:00,NKTX,,2.1700000762939453,2.1700000762939453,2.1700000762939453,2.1700000762939453,1088.0
2026-08-05 10:49:00,NMFC,,7.320000171661377,7.320000171661377,7.320000171661377,7.320000171661377,419.0
2026-08-05 10:49:00,NMIH,,44.47999954223633,44.5,44.47999954223633,44.5,996.0
2026-08-05 10:49:00,NMRA,,1.6297999620437622,1.6297999620437622,1.6297999620437622,1.6297999620437622,442.0
2026-08-05 10:49:00,NMRK,,15.729999542236328,15.739999771118164,15.729999542236328,15.739999771118164,570.0
2026-08-05 10:49:00,NN,,14.350000381469727,14.369999885559082,14.350000381469727,14.369999885559082,3672.0
2026-08-05 10:49:00,NNBR,,3.8450000286102295,3.8499999046325684,3.8450000286102295,3.8499999046325684,521.0
2026-08-05 10:49:00,NNDM,,1.534999966621399,1.534999966621399,1.534999966621399,1.534999966621399,1963.0
2026-08-05 10:49:00,NNOX,,1.0149999856948853,1.0149999856948853,1.0149999856948853,1.0149999856948853,529.0
2026-08-05 10:49:00,NPCE,,13.649999618530273,13.649999618530273,13.649999618530273,13.649999618530273,363.0
2026-08-05 10:49:00,NRIM,,27.125,27.125,27.125,27.125,216.0
2026-08-05 10:49:00,NRIX,,24.600000381469727,24.655000686645508,24.600000381469727,24.655000686645508,2548.0
2026-08-05 10:49:00,NRXP,,3.0199999809265137,3.0199999809265137,3.0199999809265137,3.0199999809265137,1103.0
2026-08-05 10:49:00,NSSC,,40.220001220703125,40.220001220703125,40.220001220703125,40.220001220703125,1158.0
2026-08-05 10:49:00,NTAP,,191.47000122070312,191.4949951171875,191.02999877929688,191.02999877929688,20670.0
2026-08-05 10:49:00,NTCT,,41.939998626708984,41.939998626708984,41.8849983215332,41.8849983215332,720.0
2026-08-05 10:49:00,NTES,,128.2899932861328,128.32000732421875,128.25,128.25,1404.0
2026-08-05 10:49:00,NTNX,,60.939998626708984,60.974998474121094,60.93000030517578,60.959999084472656,4960.0
2026-08-05 10:49:00,NTRA,,276.2449951171875,276.54998779296875,276.1400146484375,276.54998779296875,1900.0
2026-08-05 10:49:00,NTRS,,185.01499938964844,185.11000061035156,184.98500061035156,185.11000061035156,1592.0
2026-08-05 10:49:00,NUWE,,1.781999945640564,1.781999945640564,1.781999945640564,1.781999945640564,423.0
2026-08-05 10:49:00,NVAX,,7.650000095367432,7.650000095367432,7.650000095367432,7.650000095367432,1798.0
2026-08-05 10:49:00,NVDA,,219.94500732421875,220.19000244140625,219.91000366210938,220.1300048828125,211516.0
2026-08-05 10:49:00,NVMI,,407.68499755859375,407.92999267578125,407.42498779296875,407.6400146484375,1137.0
2026-08-05 10:49:00,NVTS,,12.460000038146973,12.510000228881836,12.45989990234375,12.469900131225586,81835.0
2026-08-05 10:49:00,NWBI,,15.975000381469727,15.979999542236328,15.975000381469727,15.979999542236328,655.0
2026-08-05 10:49:00,NWE,,68.69999694824219,68.69999694824219,68.69999694824219,68.69999694824219,361.0
2026-08-05 10:49:00,NWL,,6.055099964141846,6.055099964141846,6.055099964141846,6.055099964141846,1483.0
2026-08-05 10:49:00,NWS,,32.45500183105469,32.459999084472656,32.45500183105469,32.459999084472656,1723.0
2026-08-05 10:49:00,NWSA,,28.31999969482422,28.344999313354492,28.309999465942383,28.34000015258789,7429.0
2026-08-05 10:49:00,NXGL,,0.4578000009059906,0.4578000009059906,0.4578000009059906,0.4578000009059906,218.0
2026-08-05 10:49:00,NXPI,,231.69500732421875,231.74879455566406,231.36500549316406,231.36500549316406,3447.0
2026-08-05 10:49:00,NXST,,191.3656005859375,191.3656005859375,191.3656005859375,191.3656005859375,201.0
2026-08-05 10:49:00,NXT,,97.6449966430664,97.7249984741211,97.61000061035156,97.7249984741211,4718.0
2026-08-05 10:49:00,NYXH,,1.4249999523162842,1.4249999523162842,1.4249999523162842,1.4249999523162842,939.0
2026-08-05 10:49:00,OCFC,,19.829999923706055,19.829999923706055,19.825000762939453,19.825000762939453,1800.0
2026-08-05 10:49:00,OCGN,,1.309999942779541,1.309999942779541,1.309999942779541,1.309999942779541,1258.0
2026-08-05 10:49:00,OCSL,,12.140000343322754,12.140000343322754,12.140000343322754,12.140000343322754,550.0
2026-08-05 10:49:00,OCUL,,8.59000015258789,8.59000015258789,8.579999923706055,8.579999923706055,3559.0
2026-08-05 10:49:00,ODD,,15.127099990844727,15.127099990844727,15.109999656677246,15.109999656677246,1240.0
2026-08-05 10:49:00,ODFL,,216.3699951171875,216.4886932373047,216.3699951171875,216.44500732421875,2215.0
2026-08-05 10:49:00,OFIX,,10.850000381469727,10.899999618530273,10.750100135803223,10.78499984741211,5871.0
2026-08-05 10:49:00,OFS,,3.5199999809265137,3.5199999809265137,3.5199999809265137,3.5199999809265137,1325.0
2026-08-05 10:49:00,OKTA,,148.6300048828125,148.7899932861328,148.6300048828125,148.6300048828125,1307.0
2026-08-05 10:49:00,OLLI,,78.51499938964844,78.55000305175781,78.44999694824219,78.44999694824219,2720.0
2026-08-05 10:49:00,OM,,4.940000057220459,4.940000057220459,4.940000057220459,4.940000057220459,100.0
2026-08-05 10:49:00,OMER,,12.914999961853027,12.9399995803833,12.914999961853027,12.9399995803833,1825.0
2026-08-05 10:49:00,OMEX,,0.7495999932289124,0.7495999932289124,0.7495999932289124,0.7495999932289124,278.0
2026-08-05 10:49:00,OMH,,0.11029999703168869,0.11029999703168869,0.10989999771118164,0.10989999771118164,9946.0
2026-08-05 10:49:00,ON,,77.9749984741211,78.08000183105469,77.91000366210938,77.91999816894531,14925.0
2026-08-05 10:49:00,ONB,,27.114999771118164,27.114999771118164,27.094999313354492,27.094999313354492,13370.0
2026-08-05 10:49:00,ONBPP,,24.764999389648438,24.764999389648438,24.764999389648438,24.764999389648438,500.0
2026-08-05 10:49:00,ONCY,,0.7865999937057495,0.7865999937057495,0.7865999937057495,0.7865999937057495,724.0
2026-08-05 10:49:00,ONDS,,8.864999771118164,8.880000114440918,8.859999656677246,8.864999771118164,88089.0
2026-08-05 10:49:00,ONFO,,0.07190000265836716,0.0731000006198883,0.07190000265836716,0.07209999859333038,118172.0
2026-08-05 10:49:00,ONTX,,16.670000076293945,16.670000076293945,16.670000076293945,16.670000076293945,235.0
2026-08-05 10:49:00,OPCH,,23.420000076293945,23.424999237060547,23.40999984741211,23.40999984741211,1878.0
2026-08-05 10:49:00,OPEN,,3.908900022506714,3.9100000858306885,3.8949999809265137,3.9000000953674316,54628.0
2026-08-05 10:49:00,OPK,,1.3200000524520874,1.3277000188827515,1.3200000524520874,1.3200000524520874,2990.0
2026-08-05 10:49:00,OPRA,,20.139999389648438,20.139999389648438,20.139999389648438,20.139999389648438,427.0
2026-08-05 10:49:00,OPRT,,6.170000076293945,6.170000076293945,6.170000076293945,6.170000076293945,888.0
2026-08-05 10:49:00,OPRX,,6.789999961853027,6.789999961853027,6.75,6.760000228881836,2582.0
2026-08-05 10:49:00,ORGO,,2.375,2.375,2.375,2.375,1860.0
2026-08-05 10:49:00,ORIC,,13.3149995803833,13.354999542236328,13.260000228881836,13.350000381469727,4388.0
2026-08-05 10:49:00,ORLY,,93.625,93.63500213623047,93.61499786376953,93.63089752197266,5213.0
2026-08-05 10:49:00,ORRF,,43.54999923706055,43.54999923706055,43.5,43.5,750.0
2026-08-05 10:49:00,OSBC,,25.8700008392334,25.8700008392334,25.8700008392334,25.8700008392334,237.0
2026-08-05 10:49:00,OSPN,,16.479999542236328,16.549999237060547,16.479999542236328,16.530000686645508,5292.0
2026-08-05 10:49:00,OSS,,13.954999923706055,13.954999923706055,13.85319995880127,13.920000076293945,6250.0
2026-08-05 10:49:00,OTEX,,25.940000534057617,25.950000762939453,25.924999237060547,25.93000030517578,2641.0
2026-08-05 10:49:00,OTLK,,1.024999976158142,1.0299999713897705,1.0199999809265137,1.0299999713897705,24920.0
2026-08-05 10:49:00,OVID,,2.615000009536743,2.625,2.609999895095825,2.619999885559082,17539.0
2026-08-05 10:49:00,OXSQ,,1.4872000217437744,1.489400029182434,1.4800000190734863,1.489400029182434,7200.0
2026-08-05 10:49:00,PAA,,23.145000457763672,23.149999618530273,23.13800048828125,23.145000457763672,5715.0
2026-08-05 10:49:00,PAAS,,48.470001220703125,48.470001220703125,48.40999984741211,48.439998626708984,24182.0
2026-08-05 10:49:00,PACB,,1.4239000082015991,1.4239000082015991,1.4199999570846558,1.4199999570846558,13842.0
2026-08-05 10:49:00,PAGP,,25.06999969482422,25.06999969482422,25.059999465942383,25.059999465942383,1535.0
2026-08-05 10:49:00,PAHC,,36.67499923706055,36.67499923706055,36.67499923706055,36.67499923706055,121.0
2026-08-05 10:49:00,PANW,,367.8999938964844,368.0400085449219,367.6449890136719,367.6499938964844,4962.0
2026-08-05 10:49:00,PATK,,87.97000122070312,88.11000061035156,87.97000122070312,88.11000061035156,1948.0
2026-08-05 10:49:00,PAX,,11.489999771118164,11.5,11.479999542236328,11.479999542236328,20024.0
2026-08-05 10:49:00,PAYO,,7.125,7.125,7.119999885559082,7.119999885559082,425.0
2026-08-05 10:49:00,PAYS,,9.345000267028809,9.345000267028809,9.345000267028809,9.345000267028809,412.0
2026-08-05 10:49:00,PAYX,,117.375,117.54000091552734,117.375,117.50499725341797,3870.0
2026-08-05 10:49:00,PBYI,,8.010000228881836,8.010000228881836,8.0,8.0,770.0
2026-08-05 10:49:00,PCAR,,134.0749969482422,134.0749969482422,133.91000366210938,133.94500732421875,5298.0
2026-08-05 10:49:00,PCT,,6.929999828338623,6.929999828338623,6.920100212097168,6.920100212097168,3059.0
2026-08-05 10:49:00,PCTY,,147.18499755859375,147.8000030517578,147.18499755859375,147.72000122070312,5937.0
2026-08-05 10:49:00,PDD,,91.79000091552734,91.80000305175781,91.7499008178711,91.75,9693.0
2026-08-05 10:49:00,PDFS,,50.02000045776367,50.02000045776367,50.0,50.0,501.0
2026-08-05 10:49:00,PDLB,,20.649999618530273,20.649999618530273,20.649999618530273,20.649999618530273,221.0
2026-08-05 10:49:00,PEBK,,43.40999984741211,43.40999984741211,43.40999984741211,43.40999984741211,455.0
2026-08-05 10:49:00,PEGA,,31.68000030517578,31.68000030517578,31.68000030517578,31.68000030517578,809.0
2026-08-05 10:49:00,PENN,,19.90999984741211,19.920000076293945,19.899999618530273,19.920000076293945,2480.0
2026-08-05 10:49:00,PEP,,138.6300048828125,138.64990234375,138.56500244140625,138.6300048828125,9878.0
2026-08-05 10:49:00,PESI,,17.825000762939453,17.825000762939453,17.825000762939453,17.825000762939453,1065.0
2026-08-05 10:49:00,PFG,,115.22000122070312,115.25,115.19010162353516,115.19010162353516,3303.0
2026-08-05 10:49:00,PGEN,,6.894999980926514,6.900000095367432,6.860000133514404,6.860000133514404,45584.0
2026-08-05 10:49:00,PGY,,21.790000915527344,21.790000915527344,21.770000457763672,21.780000686645508,1846.0
2026-08-05 10:49:00,PHAT,,8.489899635314941,8.489899635314941,8.489899635314941,8.489899635314941,178.0
2026-08-05 10:49:00,PHVS,,32.93000030517578,33.06999969482422,32.93000030517578,33.06999969482422,1249.0
2026-08-05 10:49:00,PLAB,,32.150001525878906,32.150001525878906,32.150001525878906,32.150001525878906,1319.0
2026-08-05 10:49:00,PLMR,,135.63999938964844,135.67999267578125,135.44000244140625,135.5,2540.0
2026-08-05 10:49:00,PLPC,,461.989990234375,461.989990234375,461.989990234375,461.989990234375,193.0
2026-08-05 10:49:00,PLTK,,4.025000095367432,4.025000095367432,4.025000095367432,4.025000095367432,774.0
2026-08-05 10:49:00,PLUG,,2.1050000190734863,2.109999895095825,2.1050000190734863,2.1050000190734863,38713.0
2026-08-05 10:49:00,PLXS,,274.9800109863281,274.9800109863281,273.19500732421875,273.6700134277344,3710.0
2026-08-05 10:49:00,PMVP,,1.1749999523162842,1.1749999523162842,1.1749999523162842,1.1749999523162842,200.0
2026-08-05 10:49:00,PNFP,,108.2300033569336,108.2300033569336,108.2300033569336,108.2300033569336,339.0
2026-08-05 10:49:00,POCI,,4.25,4.25,4.25,4.25,610.0
2026-08-05 10:49:00,POET,,8.265000343322754,8.279999732971191,8.25,8.250100135803223,13728.0
2026-08-05 10:49:00,POOL,,203.38999938964844,203.38999938964844,203.38999938964844,203.38999938964844,917.0
2026-08-05 10:49:00,POWI,,62.33000183105469,62.33000183105469,62.33000183105469,62.33000183105469,581.0
2026-08-05 10:49:00,POWL,,208.8000030517578,208.8000030517578,208.4199981689453,208.4199981689453,494.0
2026-08-05 10:49:00,PPC,,26.79990005493164,26.79990005493164,26.79990005493164,26.79990005493164,1504.0
2026-08-05 10:49:00,PPSI,,2.9200000762939453,2.990000009536743,2.9200000762939453,2.9749999046325684,1703.0
2026-08-05 10:49:00,PPTA,,22.739999771118164,22.739999771118164,22.71500015258789,22.71500015258789,1525.0
2026-08-05 10:49:00,PRCT,,19.059999465942383,19.059999465942383,19.0,19.040000915527344,26589.0
2026-08-05 10:49:00,PRDO,,33.165000915527344,33.21799850463867,33.165000915527344,33.21799850463867,1333.0
2026-08-05 10:49:00,PRIM,,87.0,87.76000213623047,87.0,87.69000244140625,5910.0
2026-08-05 10:49:00,PRME,,2.960099935531616,2.960099935531616,2.960099935531616,2.960099935531616,593.0
2026-08-05 10:49:00,PROK,,1.6299999952316284,1.6319999694824219,1.6299999952316284,1.6319999694824219,2725.0
2026-08-05 10:49:00,PRTA,,8.5600004196167,8.5600004196167,8.5600004196167,8.5600004196167,1801.0
2026-08-05 10:49:00,PRVA,,24.049999237060547,24.049999237060547,24.020000457763672,24.049999237060547,4835.0
2026-08-05 10:49:00,PRZO,,0.5422000288963318,0.5422000288963318,0.5422000288963318,0.5422000288963318,1138.0
2026-08-05 10:49:00,PSEC,,2.2000999450683594,2.2049999237060547,2.200000047683716,2.200000047683716,41535.0
2026-08-05 10:49:00,PSNL,,13.529999732971191,13.529999732971191,13.515000343322754,13.515000343322754,1477.0
2026-08-05 10:49:00,PTC,,140.94000244140625,140.94000244140625,140.94000244140625,140.94000244140625,727.0
2026-08-05 10:49:00,PTEN,,9.8100004196167,9.8149995803833,9.8100004196167,9.8149995803833,2592.0
2026-08-05 10:49:00,PTON,,6.53000020980835,6.545000076293945,6.53000020980835,6.539999961853027,12985.0
2026-08-05 10:49:00,PUBM,,13.6899995803833,13.6899995803833,13.6899995803833,13.6899995803833,264.0
2026-08-05 10:49:00,PWP,,17.350000381469727,17.3799991607666,17.350000381469727,17.3799991607666,1957.0
2026-08-05 10:49:00,PYPL,,58.54499816894531,58.59000015258789,58.5099983215332,58.580101013183594,26681.0
2026-08-05 10:49:00,PYXS,,3.239000082015991,3.239000082015991,3.239000082015991,3.239000082015991,383.0
2026-08-05 10:49:00,QCOM,,159.10870361328125,159.11000061035156,158.82269287109375,158.89999389648438,21846.0
2026-08-05 10:49:00,QFIN,,13.420000076293945,13.430000305175781,13.40999984741211,13.40999984741211,1900.0
2026-08-05 10:49:00,QQQX,,30.480100631713867,30.549999237060547,30.480100631713867,30.549999237060547,2699.0
2026-08-05 10:49:00,QRVO,,94.61000061035156,94.61000061035156,94.56999969482422,94.56999969482422,1014.0
2026-08-05 10:49:00,SEED,,0.9782000184059143,0.9782000184059143,0.9782000184059143,0.9782000184059143,1729.0
2026-08-05 10:49:00,STIM,,2.2950000762939453,2.299999952316284,2.2950000762939453,2.299999952316284,830.0
2026-08-05 10:49:00,TARA,,4.034999847412109,4.034999847412109,4.034999847412109,4.034999847412109,1178.0
2026-08-05 10:49:00,WOOF,,2.9511001110076904,2.9600000381469727,2.9511001110076904,2.9600000381469727,7106.0
2026-08-05 10:50:00,ACDC,,4.34499979019165,4.34499979019165,4.34499979019165,4.34499979019165,3630.0
2026-08-05 10:50:00,BPOP,,177.48500061035156,177.6199951171875,177.48500061035156,177.58999633789062,1631.0
2026-08-05 10:50:00,EYE,,23.3799991607666,23.3799991607666,23.360000610351562,23.360000610351562,3059.0
2026-08-05 10:50:00,FIZZ,,31.959999084472656,31.959999084472656,31.959999084472656,31.959999084472656,1215.0
2026-08-05 10:50:00,FRST,,16.440000534057617,16.440000534057617,16.440000534057617,16.440000534057617,200.0
2026-08-05 10:50:00,GLUE,,15.9350004196167,15.9350004196167,15.9350004196167,15.9350004196167,278.0
2026-08-05 10:50:00,LUNG,,1.8801000118255615,1.8801000118255615,1.8801000118255615,1.8801000118255615,606.0
2026-08-05 10:50:00,MBRX,,0.4074999988079071,0.4074999988079071,0.4074999988079071,0.4074999988079071,500.0
2026-08-05 10:50:00,MDB,,378.2799987792969,378.81500244140625,378.2799987792969,378.81500244140625,1308.0
2026-08-05 10:50:00,MDLZ,,61.90999984741211,61.93000030517578,61.900001525878906,61.91999816894531,33495.0
2026-08-05 10:50:00,MLTX,,17.559999465942383,17.559999465942383,17.559999465942383,17.559999465942383,3721.0
2026-08-05 10:50:00,MNRO,,13.119999885559082,13.119999885559082,13.109999656677246,13.109999656677246,1892.0
2026-08-05 10:50:00,MNST,,94.8550033569336,94.87999725341797,94.8499984741211,94.8499984741211,7056.0
2026-08-05 10:50:00,MNTS,,4.35699987411499,4.359899997711182,4.349999904632568,4.359899997711182,1847.0
2026-08-05 10:50:00,MOVE,,12.09000015258789,12.09000015258789,12.09000015258789,12.09000015258789,1080.0
2026-08-05 10:50:00,MPWR,,1318.7049560546875,1322.18505859375,1318.7049560546875,1321.780029296875,1135.0
2026-08-05 10:50:00,MRNA,,57.404998779296875,57.470001220703125,57.380001068115234,57.39500045776367,10184.0
2026-08-05 10:50:00,MYGN,,3.2149999141693115,3.2149999141693115,3.2049999237060547,3.2049999237060547,8867.0
2026-08-05 10:50:00,MYRG,,338.8299865722656,338.8299865722656,338.7449951171875,338.7449951171875,215.0
2026-08-05 10:50:00,NAMS,,26.704999923706055,26.704999923706055,26.704999923706055,26.704999923706055,1049.0
2026-08-05 10:50:00,NB,,5.048500061035156,5.050000190734863,5.03000020980835,5.03000020980835,9897.0
2026-08-05 10:50:00,NBIX,,163.38999938964844,163.5,163.33999633789062,163.5,1444.0
2026-08-05 10:50:00,NBTB,,53.63999938964844,53.63999938964844,53.63999938964844,53.63999938964844,1438.0
2026-08-05 10:50:00,NCRA,,1.8167999982833862,1.8167999982833862,1.8167999982833862,1.8167999982833862,4502.0
2026-08-05 10:50:00,NDAQ,,95.4000015258789,95.4000015258789,95.33999633789062,95.33999633789062,1834.0
2026-08-05 10:50:00,NDSN,,310.6600036621094,310.875,310.6600036621094,310.875,587.0
2026-08-05 10:50:00,NEO,,16.15999984741211,16.170000076293945,16.15999984741211,16.15999984741211,2607.0
2026-08-05 10:50:00,NEOG,,11.664999961853027,11.664999961853027,11.640000343322754,11.645000457763672,6136.0
2026-08-05 10:50:00,NESR,,28.5,28.59000015258789,28.5,28.59000015258789,1108.0
2026-08-05 10:50:00,NEXT,,6.389999866485596,6.394999980926514,6.380000114440918,6.394999980926514,3058.0
2026-08-05 10:50:00,NFE,,0.33320000767707825,0.33320000767707825,0.33320000767707825,0.33320000767707825,402.0
2026-08-05 10:50:00,NFLX,,74.30999755859375,74.31999969482422,74.2301025390625,74.23500061035156,49407.0
2026-08-05 10:50:00,NICE,,96.20999908447266,96.20999908447266,96.20999908447266,96.20999908447266,433.0
2026-08-05 10:50:00,NKTX,,2.174999952316284,2.174999952316284,2.1700000762939453,2.1700000762939453,4375.0
2026-08-05 10:50:00,NMFC,,7.335000038146973,7.335000038146973,7.329999923706055,7.329999923706055,5153.0
2026-08-05 10:50:00,NMIH,,44.5099983215332,44.5099983215332,44.5099983215332,44.5099983215332,556.0
2026-08-05 10:50:00,NMRK,,15.729999542236328,15.734999656677246,15.729999542236328,15.734999656677246,719.0
2026-08-05 10:50:00,NN,,14.329999923706055,14.329999923706055,14.28499984741211,14.329999923706055,13166.0
2026-08-05 10:50:00,NNBR,,3.8299999237060547,3.8399999141693115,3.8299999237060547,3.8399999141693115,1407.0
2026-08-05 10:50:00,NNDM,,1.534999966621399,1.534999966621399,1.534999966621399,1.534999966621399,585.0
2026-08-05 10:50:00,NNOX,,1.0104000568389893,1.0104000568389893,1.0104000568389893,1.0104000568389893,2000.0
2026-08-05 10:50:00,NRC,,19.540000915527344,19.540000915527344,19.540000915527344,19.540000915527344,1417.0
2026-08-05 10:50:00,NRDS,,9.234999656677246,9.234999656677246,9.234999656677246,9.234999656677246,432.0
2026-08-05 10:50:00,NRIM,,27.09000015258789,27.100000381469727,27.09000015258789,27.100000381469727,542.0
2026-08-05 10:50:00,NRSN,,0.5299999713897705,0.5299999713897705,0.5299999713897705,0.5299999713897705,1000.0
2026-08-05 10:50:00,NRXP,,3.015000104904175,3.0199999809265137,3.015000104904175,3.0199999809265137,1169.0
2026-08-05 10:50:00,NTAP,,190.9600067138672,191.46499633789062,190.9600067138672,191.34010314941406,6640.0
2026-08-05 10:50:00,NTCT,,41.90999984741211,41.91999816894531,41.8849983215332,41.8849983215332,1135.0
2026-08-05 10:50:00,NTES,,128.24000549316406,128.3300018310547,128.24000549316406,128.3300018310547,2140.0
2026-08-05 10:50:00,NTGR,,24.15999984741211,24.15999984741211,24.15999984741211,24.15999984741211,412.0
2026-08-05 10:50:00,NTNX,,60.880001068115234,60.880001068115234,60.880001068115234,60.880001068115234,773.0
2026-08-05 10:50:00,NTRA,,276.42999267578125,276.8299865722656,276.42999267578125,276.42999267578125,2211.0
2026-08-05 10:50:00,NTRS,,184.83999633789062,185.01499938964844,184.83999633789062,185.01499938964844,1983.0
2026-08-05 10:50:00,NTRSO,,18.400100708007812,18.400100708007812,18.400100708007812,18.400100708007812,555.0
2026-08-05 10:50:00,NUWE,,1.7899999618530273,1.7899999618530273,1.7802000045776367,1.7802000045776367,762.0
2026-08-05 10:50:00,NVAX,,7.65500020980835,7.659999847412109,7.65500020980835,7.65500020980835,4488.0
2026-08-05 10:50:00,NVCR,,15.994999885559082,15.994999885559082,15.979999542236328,15.979999542236328,1144.0
2026-08-05 10:50:00,NVDA,,219.72500610351562,220.11900329589844,219.66000366210938,219.92999267578125,212833.0
2026-08-05 10:50:00,NVEC,,128.72000122070312,128.72000122070312,128.3000030517578,128.6750030517578,3247.0
2026-08-05 10:50:00,NVMI,,407.7799987792969,408.1199951171875,407.635009765625,407.6499938964844,2870.0
2026-08-05 10:50:00,NVTS,,12.40999984741211,12.470000267028809,12.395000457763672,12.449999809265137,72627.0
2026-08-05 10:50:00,NWL,,6.079999923706055,6.09499979019165,6.054999828338623,6.059999942779541,106937.0
2026-08-05 10:50:00,NWS,,32.43000030517578,32.45500183105469,32.43000030517578,32.45500183105469,2239.0
2026-08-05 10:50:00,NWSA,,28.315000534057617,28.329999923706055,28.309999465942383,28.315000534057617,6575.0
2026-08-05 10:50:00,NXPI,,230.92999267578125,231.17999267578125,230.89999389648438,231.17999267578125,4145.0
2026-08-05 10:50:00,NXST,,191.7899932861328,191.7899932861328,191.7899932861328,191.7899932861328,277.0
2026-08-05 10:50:00,NXT,,97.44000244140625,97.5999984741211,97.44000244140625,97.55999755859375,4793.0
2026-08-05 10:50:00,OABI,,2.0250000953674316,2.0250000953674316,2.0199999809265137,2.0199999809265137,1027.0
2026-08-05 10:50:00,OBIO,,4.170000076293945,4.175000190734863,4.150000095367432,4.150000095367432,2935.0
2026-08-05 10:50:00,OCC,,16.086999893188477,16.086999893188477,16.086999893188477,16.086999893188477,433.0
2026-08-05 10:50:00,OCCI,,2.450000047683716,2.450000047683716,2.450000047683716,2.450000047683716,179.0
2026-08-05 10:50:00,OCFC,,19.84000015258789,19.84000015258789,19.84000015258789,19.84000015258789,629.0
2026-08-05 10:50:00,OCGN,,1.309999942779541,1.309999942779541,1.309999942779541,1.309999942779541,464.0
2026-08-05 10:50:00,OCUL,,8.604999542236328,8.604999542236328,8.604999542236328,8.604999542236328,464.0
2026-08-05 10:50:00,ODFL,,216.55499267578125,216.6199951171875,216.5,216.6199951171875,3185.0
2026-08-05 10:50:00,OESX,,16.110000610351562,16.110000610351562,16.110000610351562,16.110000610351562,1136.0
2026-08-05 10:50:00,OFIX,,10.800000190734863,10.862500190734863,10.800000190734863,10.862500190734863,3340.0
2026-08-05 10:50:00,OKTA,,148.66250610351562,148.66250610351562,148.6300048828125,148.6300048828125,1271.0
2026-08-05 10:50:00,OLLI,,78.62000274658203,78.62000274658203,78.61000061035156,78.62000274658203,1667.0
2026-08-05 10:50:00,OMCL,,37.41999816894531,37.41999816894531,37.41999816894531,37.41999816894531,502.0
2026-08-05 10:50:00,OMER,,12.899999618530273,12.899999618530273,12.899999618530273,12.899999618530273,2310.0
2026-08-05 10:50:00,OMH,,0.11029999703168869,0.11029999703168869,0.11029999703168869,0.11029999703168869,4534.0
2026-08-05 10:50:00,ON,,77.79000091552734,78.05999755859375,77.76000213623047,77.94000244140625,45984.0
2026-08-05 10:50:00,ONB,,27.100000381469727,27.110000610351562,27.100000381469727,27.110000610351562,8156.0
2026-08-05 10:50:00,ONCY,,0.785099983215332,0.7871000170707703,0.785099983215332,0.7871000170707703,202.0
2026-08-05 10:50:00,ONDS,,8.854999542236328,8.869999885559082,8.830100059509277,8.859999656677246,166618.0
2026-08-05 10:50:00,ONFO,,0.0738999992609024,0.0738999992609024,0.0722000002861023,0.07249999791383743,116793.0
2026-08-05 10:50:00,ONMD,,0.6740000247955322,0.6740000247955322,0.6740000247955322,0.6740000247955322,745.0
2026-08-05 10:50:00,OPCH,,23.469999313354492,23.469999313354492,23.440000534057617,23.440000534057617,1605.0
2026-08-05 10:50:00,OPEN,,3.9049999713897705,3.9200000762939453,3.9000000953674316,3.9100000858306885,158959.0
2026-08-05 10:50:00,OPRA,,20.139999389648438,20.139999389648438,20.139999389648438,20.139999389648438,1068.0
2026-08-05 10:50:00,OPRT,,6.169099807739258,6.169099807739258,6.169099807739258,6.169099807739258,678.0
2026-08-05 10:50:00,ORGO,,2.375,2.375,2.375,2.375,469.0
2026-08-05 10:50:00,ORIC,,13.34000015258789,13.34000015258789,13.34000015258789,13.34000015258789,412.0
2026-08-05 10:50:00,ORLY,,93.69999694824219,93.72000122070312,93.62999725341797,93.63999938964844,10265.0
2026-08-05 10:50:00,ORMP,,4.449999809265137,4.449999809265137,4.449999809265137,4.449999809265137,301.0
2026-08-05 10:50:00,OSBC,,25.860000610351562,25.860000610351562,25.860000610351562,25.860000610351562,376.0
2026-08-05 10:50:00,OSIS,,234.4949951171875,234.4949951171875,234.4949951171875,234.4949951171875,91.0
2026-08-05 10:50:00,OSPN,,16.670000076293945,16.670000076293945,16.454999923706055,16.454999923706055,11821.0
2026-08-05 10:50:00,OSS,,13.920000076293945,13.965999603271484,13.880000114440918,13.965999603271484,2579.0
2026-08-05 10:50:00,OSUR,,4.164999961853027,4.164999961853027,4.164999961853027,4.164999961853027,215.0
2026-08-05 10:50:00,OTEX,,25.920000076293945,25.950000762939453,25.920000076293945,25.950000762939453,4260.0
2026-08-05 10:50:00,OTLK,,1.0199999809265137,1.0299999713897705,1.0199999809265137,1.024999976158142,23105.0
2026-08-05 10:50:00,OTLY,,14.425000190734863,14.425000190734863,14.369999885559082,14.369999885559082,809.0
2026-08-05 10:50:00,OVID,,2.615000009536743,2.615000009536743,2.615000009536743,2.615000009536743,365.0
2026-08-05 10:50:00,OXLC,,9.069999694824219,9.074999809265137,9.069999694824219,9.069999694824219,3750.0
2026-08-05 10:50:00,OXSQ,,1.4800000190734863,1.4850000143051147,1.4800000190734863,1.4850000143051147,1407.0
2026-08-05 10:50:00,PAA,,23.145000457763672,23.149999618530273,23.139999389648438,23.149999618530273,7303.0
2026-08-05 10:50:00,PAAS,,48.43000030517578,48.51499938964844,48.400001525878906,48.459999084472656,35521.0
2026-08-05 10:50:00,PACB,,1.4249999523162842,1.4299999475479126,1.4249999523162842,1.4249999523162842,21801.0
2026-08-05 10:50:00,PAGP,,25.040000915527344,25.059999465942383,25.040000915527344,25.059999465942383,3662.0
2026-08-05 10:50:00,PAHC,,36.540000915527344,36.540000915527344,36.540000915527344,36.540000915527344,225.0
2026-08-05 10:50:00,PALI,,2.0899999141693115,2.0899999141693115,2.0799999237060547,2.0799999237060547,4832.0
2026-08-05 10:50:00,PANW,,366.9750061035156,367.80499267578125,366.9200134277344,367.80499267578125,5797.0
2026-08-05 10:50:00,PAX,,11.489999771118164,11.489999771118164,11.479999542236328,11.484999656677246,10720.0
2026-08-05 10:50:00,PAYO,,7.125,7.130000114440918,7.119999885559082,7.119999885559082,2072.0
2026-08-05 10:50:00,PAYS,,9.345000267028809,9.356200218200684,9.329999923706055,9.356200218200684,962.0
2026-08-05 10:50:00,PAYX,,117.36000061035156,117.43000030517578,117.33999633789062,117.43000030517578,6104.0
2026-08-05 10:50:00,PCAR,,134.14999389648438,134.16000366210938,134.14999389648438,134.16000366210938,2795.0
2026-08-05 10:50:00,PCRX,,25.360000610351562,25.360000610351562,25.299999237060547,25.309999465942383,2590.0
2026-08-05 10:50:00,PCT,,6.929999828338623,6.945000171661377,6.929999828338623,6.940000057220459,3045.0
2026-08-05 10:50:00,PCTY,,147.18499755859375,147.18499755859375,147.18499755859375,147.18499755859375,605.0
2026-08-05 10:50:00,PDD,,91.83000183105469,91.86499786376953,91.80000305175781,91.80000305175781,5932.0
2026-08-05 10:50:00,PEGA,,31.674999237060547,31.674999237060547,31.674999237060547,31.674999237060547,787.0
2026-08-05 10:50:00,PENN,,19.93000030517578,19.93000030517578,19.920000076293945,19.920000076293945,3642.0
2026-08-05 10:50:00,PEP,,138.72999572753906,138.7899932861328,138.6300048828125,138.64500427246094,11426.0
2026-08-05 10:50:00,PEPG,,1.9149999618530273,1.9149999618530273,1.9149999618530273,1.9149999618530273,1476.0
2026-08-05 10:50:00,PERI,,9.590100288391113,9.600000381469727,9.590100288391113,9.600000381469727,1446.0
2026-08-05 10:50:00,PFG,,115.22989654541016,115.22989654541016,115.19000244140625,115.19000244140625,2058.0
2026-08-05 10:50:00,PGEN,,6.914999961853027,6.920000076293945,6.889999866485596,6.889999866485596,33013.0
2026-08-05 10:50:00,PGNY,,31.610000610351562,31.610000610351562,31.610000610351562,31.610000610351562,1230.0
2026-08-05 10:50:00,PGY,,21.770200729370117,21.81999969482422,21.760000228881836,21.81999969482422,3545.0
2026-08-05 10:50:00,PHAT,,8.489999771118164,8.489999771118164,8.479999542236328,8.489999771118164,4109.0
2026-08-05 10:50:00,PHUN,,2.1600000858306885,2.174999952316284,2.1600000858306885,2.174999952316284,12391.0
2026-08-05 10:50:00,PHVS,,32.939998626708984,32.939998626708984,32.939998626708984,32.939998626708984,288.0
2026-08-05 10:50:00,PLBY,,1.1449999809265137,1.1549999713897705,1.1449999809265137,1.1549999713897705,4767.0
2026-08-05 10:50:00,PLRX,,1.0499999523162842,1.0499999523162842,1.0499999523162842,1.0499999523162842,300.0
2026-08-05 10:50:00,PLTK,,4.025000095367432,4.025000095367432,4.025000095367432,4.025000095367432,1254.0
2026-08-05 10:50:00,PLUG,,2.1050000190734863,2.109999895095825,2.0999999046325684,2.1050000190734863,28730.0
2026-08-05 10:50:00,PMVP,,1.1699999570846558,1.1699999570846558,1.1699999570846558,1.1699999570846558,2166.0
2026-08-05 10:50:00,PNBK,,1.1299999952316284,1.1299999952316284,1.1299999952316284,1.1299999952316284,135.0
2026-08-05 10:50:00,PNFP,,108.2750015258789,108.2750015258789,108.2750015258789,108.2750015258789,138.0
2026-08-05 10:50:00,PNRG,,183.8000030517578,183.8000030517578,183.8000030517578,183.8000030517578,1457.0
2026-08-05 10:50:00,POET,,8.229999542236328,8.266400337219238,8.225000381469727,8.260000228881836,22357.0
2026-08-05 10:50:00,POOL,,203.61000061035156,203.61000061035156,203.61000061035156,203.61000061035156,1781.0
2026-08-05 10:50:00,POWI,,62.275001525878906,62.34749984741211,62.275001525878906,62.34000015258789,1420.0
2026-08-05 10:50:00,POWL,,208.6999969482422,208.6999969482422,208.6999969482422,208.6999969482422,386.0
2026-08-05 10:50:00,PPC,,26.80500030517578,26.80500030517578,26.799999237060547,26.799999237060547,879.0
2026-08-05 10:50:00,PPIH,,25.700000762939453,25.700000762939453,25.700000762939453,25.700000762939453,106.0
2026-08-05 10:50:00,PPTA,,22.77989959716797,22.77989959716797,22.7450008392334,22.7450008392334,784.0
2026-08-05 10:50:00,PRAA,,17.399999618530273,17.440000534057617,17.399999618530273,17.399999618530273,723.0
2026-08-05 10:50:00,PRAX,,311.3599853515625,311.3599853515625,311.32000732421875,311.32000732421875,792.0
2026-08-05 10:50:00,PRCH,,16.225000381469727,16.25,16.225000381469727,16.25,514.0
2026-08-05 10:50:00,PRCT,,19.079999923706055,19.079999923706055,19.030000686645508,19.059999465942383,9758.0
2026-08-05 10:50:00,PRIM,,87.44000244140625,87.44000244140625,87.02999877929688,87.1500015258789,10697.0
2026-08-05 10:50:00,PRLD,,4.514999866485596,4.514999866485596,4.514999866485596,4.514999866485596,355.0
2026-08-05 10:50:00,PRME,,2.9649999141693115,2.9700000286102295,2.9649999141693115,2.9700000286102295,1205.0
2026-08-05 10:50:00,PROK,,1.6299999952316284,1.6299999952316284,1.6299999952316284,1.6299999952316284,5807.0
2026-08-05 10:50:00,PRVA,,24.030000686645508,24.030000686645508,24.020000457763672,24.030000686645508,1267.0
2026-08-05 10:50:00,PSEC,,2.194999933242798,2.2049999237060547,2.190000057220459,2.2049999237060547,27155.0
2026-08-05 10:50:00,PSNL,,13.510000228881836,13.520000457763672,13.510000228881836,13.520000457763672,5381.0
2026-08-05 10:50:00,PTC,,141.2899932861328,141.2899932861328,141.2899932861328,141.2899932861328,541.0
2026-08-05 10:50:00,PTEN,,9.795000076293945,9.8100004196167,9.789999961853027,9.8100004196167,9090.0
2026-08-05 10:50:00,PTLO,,4.610000133514404,4.610000133514404,4.605100154876709,4.605100154876709,2334.0
2026-08-05 10:50:00,PTON,,6.545000076293945,6.547500133514404,6.534999847412109,6.539999961853027,18398.0
2026-08-05 10:50:00,PWP,,17.395000457763672,17.406999588012695,17.389999389648438,17.389999389648438,1675.0
2026-08-05 10:50:00,PYPD,,4.485000133514404,4.485000133514404,4.485000133514404,4.485000133514404,206.0
2026-08-05 10:50:00,PYPL,,58.55009841918945,58.560001373291016,58.54999923706055,58.54999923706055,10069.0
2026-08-05 10:50:00,PYXS,,3.240000009536743,3.240000009536743,3.240000009536743,3.240000009536743,1483.0
2026-08-05 10:50:00,PZZA,,30.59000015258789,30.594999313354492,30.59000015258789,30.594999313354492,1133.0
2026-08-05 10:50:00,QCOM,,158.69500732421875,159.10000610351562,158.6199951171875,159.02000427246094,18748.0
2026-08-05 10:50:00,QFIN,,13.4350004196167,13.4399995803833,13.4350004196167,13.4399995803833,1296.0
2026-08-05 10:50:00,QQQX,,30.4950008392334,30.4950008392334,30.4950008392334,30.4950008392334,181.0
2026-08-05 10:50:00,QRVO,,94.47000122070312,94.63999938964844,94.44999694824219,94.63999938964844,1581.0
2026-08-05 10:50:00,SEED,,0.9775000214576721,0.9775000214576721,0.95169997215271,0.9775000214576721,1315.0
2026-08-05 10:50:00,STIM,,2.299999952316284,2.299999952316284,2.2741000652313232,2.299999952316284,9312.0
2026-08-05 10:51:00,ACDC,,4.34499979019165,4.34499979019165,4.34499979019165,4.34499979019165,2498.0
2026-08-05 10:51:00,BPRN,,42.06999969482422,42.06999969482422,42.06999969482422,42.06999969482422,703.0
2026-08-05 10:51:00,EYE,,23.329999923706055,23.3700008392334,23.31999969482422,23.3700008392334,2796.0
2026-08-05 10:51:00,FRST,,16.440000534057617,16.440000534057617,16.440000534057617,16.440000534057617,546.0
2026-08-05 10:51:00,GLUE,,15.9350004196167,15.9350004196167,15.9350004196167,15.9350004196167,590.0
2026-08-05 10:51:00,KIDS,,21.420000076293945,21.420000076293945,21.420000076293945,21.420000076293945,116.0
2026-08-05 10:51:00,MBRX,,0.4050999879837036,0.4074999988079071,0.4050999879837036,0.4074999988079071,1016.0
2026-08-05 10:51:00,MDB,,378.739990234375,378.80999755859375,378.2799987792969,378.7699890136719,2373.0
2026-08-05 10:51:00,MDLZ,,61.86000061035156,61.90999984741211,61.849998474121094,61.90999984741211,11783.0
2026-08-05 10:51:00,MNRO,,13.109999656677246,13.109999656677246,13.109999656677246,13.109999656677246,509.0
2026-08-05 10:51:00,MNST,,94.80500030517578,94.82499694824219,94.7699966430664,94.82499694824219,4959.0
2026-08-05 10:51:00,MNTK,,1.690000057220459,1.690000057220459,1.690000057220459,1.690000057220459,2013.0
2026-08-05 10:51:00,MNTS,,4.352700233459473,4.352700233459473,4.352700233459473,4.352700233459473,3690.0
2026-08-05 10:51:00,MOVE,,12.010000228881836,12.010000228881836,12.010000228881836,12.010000228881836,7529.0
2026-08-05 10:51:00,MPAA,,13.75,13.75,13.75,13.75,2310.0
2026-08-05 10:51:00,MPWR,,1321.050048828125,1322.3399658203125,1318.7049560546875,1318.7049560546875,3307.0
2026-08-05 10:51:00,MRNA,,57.3849983215332,57.400001525878906,57.380001068115234,57.400001525878906,3993.0
2026-08-05 10:51:00,MYGN,,3.2200000286102295,3.2200000286102295,3.2200000286102295,3.2200000286102295,378.0
2026-08-05 10:51:00,MYRG,,338.82000732421875,338.82000732421875,338.0899963378906,338.82000732421875,1403.0
2026-08-05 10:51:00,NAMS,,26.739999771118164,26.739999771118164,26.704999923706055,26.704999923706055,2011.0
2026-08-05 10:51:00,NATR,,20.264999389648438,20.280000686645508,20.264999389648438,20.280000686645508,557.0
2026-08-05 10:51:00,NAUT,,0.9703999757766724,0.9703999757766724,0.9703999757766724,0.9703999757766724,6612.0
2026-08-05 10:51:00,NB,,5.039999961853027,5.048799991607666,5.03000020980835,5.048799991607666,9548.0
2026-08-05 10:51:00,NBIX,,163.5050048828125,163.5050048828125,163.3350067138672,163.42999267578125,2079.0
2026-08-05 10:51:00,NBN,,135.0850067138672,135.0850067138672,135.0850067138672,135.0850067138672,1684.0
2026-08-05 10:51:00,NCRA,,1.8177000284194946,1.8177000284194946,1.8177000284194946,1.8177000284194946,1000.0
2026-08-05 10:51:00,NDAQ,,95.3550033569336,95.4000015258789,95.30999755859375,95.37999725341797,5146.0
2026-08-05 10:51:00,NDSN,,310.42999267578125,310.6199951171875,310.42999267578125,310.6199951171875,557.0
2026-08-05 10:51:00,NEO,,16.165000915527344,16.165000915527344,16.149999618530273,16.149999618530273,3365.0
2026-08-05 10:51:00,NEOG,,11.649999618530273,11.65999984741211,11.649999618530273,11.65999984741211,9967.0
2026-08-05 10:51:00,NEOV,,2.926100015640259,2.926100015640259,2.8989999294281006,2.8989999294281006,42900.0
2026-08-05 10:51:00,NESR,,28.485000610351562,28.485000610351562,28.485000610351562,28.485000610351562,1103.0
2026-08-05 10:51:00,NEXT,,6.389999866485596,6.389999866485596,6.389999866485596,6.389999866485596,1979.0
2026-08-05 10:51:00,NFLX,,74.2699966430664,74.33000183105469,74.2699966430664,74.30500030517578,29796.0
2026-08-05 10:51:00,NICE,,96.16999816894531,96.16999816894531,96.12940216064453,96.12940216064453,1303.0
2026-08-05 10:51:00,NIU,,2.5,2.5,2.5,2.5,327.0
2026-08-05 10:51:00,NKTX,,2.1700000762939453,2.1700000762939453,2.1700000762939453,2.1700000762939453,704.0
2026-08-05 10:51:00,NMRA,,1.625,1.625,1.625,1.625,1795.0
2026-08-05 10:51:00,NMRK,,15.720000267028809,15.729999542236328,15.71500015258789,15.729999542236328,2883.0
2026-08-05 10:51:00,NMTC,,1.6299999952316284,1.6299999952316284,1.6299999952316284,1.6299999952316284,154.0
2026-08-05 10:51:00,NN,,14.34000015258789,14.350000381469727,14.3100004196167,14.34000015258789,16445.0
2026-08-05 10:51:00,NNBR,,3.809999942779541,3.8350000381469727,3.809999942779541,3.8299999237060547,7925.0
2026-08-05 10:51:00,NNDM,,1.534999966621399,1.534999966621399,1.5299999713897705,1.534999966621399,1896.0
2026-08-05 10:51:00,NNOX,,1.0099999904632568,1.0149999856948853,1.0099999904632568,1.0149999856948853,618.0
2026-08-05 10:51:00,NOVT,,157.8699951171875,157.8699951171875,157.8699951171875,157.8699951171875,1254.0
2026-08-05 10:51:00,NPCE,,13.664999961853027,13.664999961853027,13.664999961853027,13.664999961853027,395.0
2026-08-05 10:51:00,NRC,,19.665000915527344,19.665000915527344,19.665000915527344,19.665000915527344,333.0
2026-08-05 10:51:00,NRDS,,9.239999771118164,9.239999771118164,9.239999771118164,9.239999771118164,221.0
2026-08-05 10:51:00,NRXP,,3.005000114440918,3.009999990463257,3.005000114440918,3.009999990463257,2229.0
2026-08-05 10:51:00,NTAP,,190.88999938964844,190.97999572753906,190.88999938964844,190.97999572753906,2733.0
2026-08-05 10:51:00,NTCT,,41.9900016784668,41.9900016784668,41.95500183105469,41.959999084472656,2225.0
2026-08-05 10:51:00,NTGR,,24.15999984741211,24.170000076293945,24.15999984741211,24.15999984741211,1349.0
2026-08-05 10:51:00,NTNX,,60.88999938964844,60.91999816894531,60.88999938964844,60.88999938964844,1248.0
2026-08-05 10:51:00,NTRA,,276.69000244140625,276.69000244140625,276.3699951171875,276.3699951171875,1191.0
2026-08-05 10:51:00,NTRB,,2.890000104904175,2.890000104904175,2.890000104904175,2.890000104904175,242.0
2026-08-05 10:51:00,NTRS,,184.8699951171875,184.8800048828125,184.8300018310547,184.8800048828125,908.0
2026-08-05 10:51:00,NVAX,,7.650000095367432,7.65500020980835,7.650000095367432,7.65500020980835,2490.0
2026-08-05 10:51:00,NVCR,,15.979999542236328,15.979999542236328,15.979999542236328,15.979999542236328,899.0
2026-08-05 10:51:00,NVDA,,219.30499267578125,219.76499938964844,219.1199951171875,219.72000122070312,433065.0
2026-08-05 10:51:00,NVEC,,128.1999969482422,128.1999969482422,128.1999969482422,128.1999969482422,1012.0
2026-08-05 10:51:00,NVMI,,407.2300109863281,407.7799987792969,407.2300109863281,407.7799987792969,2125.0
2026-08-05 10:51:00,NVTS,,12.390000343322754,12.429900169372559,12.369999885559082,12.40999984741211,21459.0
2026-08-05 10:51:00,NWBI,,15.96500015258789,15.970000267028809,15.96500015258789,15.970000267028809,1187.0
2026-08-05 10:51:00,NWE,,68.7300033569336,68.7300033569336,68.7300033569336,68.7300033569336,685.0
2026-08-05 10:51:00,NWL,,6.085000038146973,6.085000038146973,6.079100131988525,6.079999923706055,14261.0
2026-08-05 10:51:00,NWS,,32.459999084472656,32.459999084472656,32.45000076293945,32.459999084472656,1942.0
2026-08-05 10:51:00,NWSA,,28.34000015258789,28.34000015258789,28.315000534057617,28.31999969482422,5331.0
2026-08-05 10:51:00,NXPI,,230.52000427246094,230.92999267578125,230.52000427246094,230.92999267578125,5890.0
2026-08-05 10:51:00,NXST,,191.85000610351562,191.85000610351562,191.67999267578125,191.85000610351562,3463.0
2026-08-05 10:51:00,NXT,,97.41000366210938,97.48999786376953,97.30000305175781,97.46499633789062,1687.0
2026-08-05 10:51:00,NYXH,,1.4249999523162842,1.4249999523162842,1.4199999570846558,1.4199999570846558,771.0
2026-08-05 10:51:00,OABI,,2.0250000953674316,2.0250000953674316,2.0250000953674316,2.0250000953674316,200.0
2026-08-05 10:51:00,OBIO,,4.175000190734863,4.175000190734863,4.175000190734863,4.175000190734863,742.0
2026-08-05 10:51:00,OCC,,15.850000381469727,15.850000381469727,15.850000381469727,15.850000381469727,200.0
2026-08-05 10:51:00,OCCI,,2.450000047683716,2.450000047683716,2.450000047683716,2.450000047683716,300.0
2026-08-05 10:51:00,OCFC,,19.844999313354492,19.844999313354492,19.844999313354492,19.844999313354492,134.0
2026-08-05 10:51:00,OCGN,,1.309999942779541,1.315000057220459,1.309999942779541,1.309999942779541,4485.0
2026-08-05 10:51:00,OCSL,,12.154999732971191,12.154999732971191,12.154999732971191,12.154999732971191,308.0
2026-08-05 10:51:00,OCUL,,8.609999656677246,8.609999656677246,8.600000381469727,8.600000381469727,3331.0
2026-08-05 10:51:00,ODFL,,216.19000244140625,216.3800048828125,216.0800018310547,216.3800048828125,3748.0
2026-08-05 10:51:00,OESX,,16.125,16.125,15.812000274658203,15.920000076293945,1607.0
2026-08-05 10:51:00,OFIX,,10.8149995803833,10.8149995803833,10.774999618530273,10.789999961853027,1125.0
2026-08-05 10:51:00,OKTA,,148.58999633789062,148.625,148.5399932861328,148.5399932861328,1452.0
2026-08-05 10:51:00,OLLI,,78.4800033569336,78.55500030517578,78.4800033569336,78.55500030517578,3956.0
2026-08-05 10:51:00,OLMA,,11.630000114440918,11.630000114440918,11.619999885559082,11.619999885559082,734.0
2026-08-05 10:51:00,OMCL,,37.5099983215332,37.5099983215332,37.5099983215332,37.5099983215332,200.0
2026-08-05 10:51:00,OMER,,12.850000381469727,12.859999656677246,12.850000381469727,12.859999656677246,655.0
2026-08-05 10:51:00,OMEX,,0.7495999932289124,0.7495999932289124,0.7495999932289124,0.7495999932289124,573.0
2026-08-05 10:51:00,OMH,,0.1111999973654747,0.1111999973654747,0.1111999973654747,0.1111999973654747,1336.0
2026-08-05 10:51:00,ON,,77.70999908447266,77.79499816894531,77.66000366210938,77.79000091552734,14451.0
2026-08-05 10:51:00,ONB,,27.094999313354492,27.094999313354492,27.084999084472656,27.090200424194336,8174.0
2026-08-05 10:51:00,ONCY,,0.7835000157356262,0.785099983215332,0.7820000052452087,0.785099983215332,5039.0
2026-08-05 10:51:00,ONDS,,8.835000038146973,8.850000381469727,8.8100004196167,8.845000267028809,184805.0
2026-08-05 10:51:00,ONFO,,0.07360000163316727,0.07400000095367432,0.07360000163316727,0.07370000332593918,143167.0
2026-08-05 10:51:00,ONMD,,0.6740999817848206,0.6740999817848206,0.6740999817848206,0.6740999817848206,224.0
2026-08-05 10:51:00,OPCH,,23.44499969482422,23.459999084472656,23.44499969482422,23.459999084472656,1505.0
2026-08-05 10:51:00,OPEN,,3.8949999809265137,3.9100000858306885,3.8901000022888184,3.9100000858306885,76466.0
2026-08-05 10:51:00,OPK,,1.3250000476837158,1.3250000476837158,1.3200000524520874,1.3200000524520874,362.0
2026-08-05 10:51:00,OPXS,,11.88659954071045,11.88659954071045,11.88659954071045,11.88659954071045,1160.0
2026-08-05 10:51:00,ORGO,,2.384999990463257,2.384999990463257,2.380000114440918,2.380000114440918,3832.0
2026-08-05 10:51:00,ORIC,,13.359999656677246,13.375,13.319999694824219,13.319999694824219,2850.0
2026-08-05 10:51:00,ORLY,,93.58999633789062,93.68000030517578,93.58999633789062,93.68000030517578,8533.0
2026-08-05 10:51:00,OSBC,,25.850000381469727,25.850000381469727,25.850000381469727,25.850000381469727,334.0
2026-08-05 10:51:00,OSIS,,234.3000030517578,234.3000030517578,234.3000030517578,234.3000030517578,129.0
2026-08-05 10:51:00,OSPN,,16.709999084472656,16.709999084472656,16.709999084472656,16.709999084472656,307.0
2026-08-05 10:51:00,OSS,,13.9399995803833,13.960000038146973,13.920000076293945,13.920000076293945,9261.0
2026-08-05 10:51:00,OSW,,26.6200008392334,26.6299991607666,26.6200008392334,26.6200008392334,1162.0
2026-08-05 10:51:00,OTEX,,25.93000030517578,25.93000030517578,25.905000686645508,25.920000076293945,2409.0
2026-08-05 10:51:00,OTLK,,1.0099999904632568,1.024999976158142,1.0099999904632568,1.024999976158142,12898.0
2026-08-05 10:51:00,OVID,,2.6050000190734863,2.609999895095825,2.6050000190734863,2.609999895095825,5134.0
2026-08-05 10:51:00,OXLC,,9.09000015258789,9.09000015258789,9.074999809265137,9.078900337219238,5493.0
2026-08-05 10:51:00,OXSQ,,1.4800000190734863,1.4850000143051147,1.4800000190734863,1.4850000143051147,1082.0
2026-08-05 10:51:00,PAA,,23.155000686645508,23.155000686645508,23.100000381469727,23.110000610351562,11306.0
2026-08-05 10:51:00,PAAS,,48.34000015258789,48.43000030517578,48.31999969482422,48.43000030517578,9942.0
2026-08-05 10:51:00,PACB,,1.4249999523162842,1.4249999523162842,1.4199999570846558,1.4249999523162842,5465.0
2026-08-05 10:51:00,PAGP,,25.059999465942383,25.059999465942383,25.03499984741211,25.03499984741211,4837.0
2026-08-05 10:51:00,PALI,,2.0850000381469727,2.0899999141693115,2.0850000381469727,2.0899999141693115,1470.0
2026-08-05 10:51:00,PANW,,366.8900146484375,367.2149963378906,366.8900146484375,366.9750061035156,7497.0
2026-08-05 10:51:00,PAX,,11.489999771118164,11.5,11.479999542236328,11.479999542236328,8574.0
2026-08-05 10:51:00,PAYO,,7.119999885559082,7.130000114440918,7.119999885559082,7.119999885559082,1206.0
2026-08-05 10:51:00,PAYX,,117.51000213623047,117.55000305175781,117.36000061035156,117.36000061035156,5100.0
2026-08-05 10:51:00,PBYI,,8.020000457763672,8.020000457763672,8.020000457763672,8.020000457763672,1356.0
2026-08-05 10:51:00,PCAR,,133.88499450683594,133.96499633789062,133.8800048828125,133.96499633789062,3493.0
2026-08-05 10:51:00,PCRX,,25.344999313354492,25.3799991607666,25.344999313354492,25.360000610351562,3910.0
2026-08-05 10:51:00,PCT,,6.925000190734863,6.934999942779541,6.920000076293945,6.925000190734863,1494.0
2026-08-05 10:51:00,PCTY,,147.47000122070312,147.47000122070312,147.47000122070312,147.47000122070312,250.0
2026-08-05 10:51:00,PDD,,91.80999755859375,91.86000061035156,91.80999755859375,91.8550033569336,17981.0
2026-08-05 10:51:00,PDFS,,49.810001373291016,50.025001525878906,49.810001373291016,50.025001525878906,2417.0
2026-08-05 10:51:00,PECO,,41.38999938964844,41.38999938964844,41.38999938964844,41.38999938964844,396.0
2026-08-05 10:51:00,PEGA,,31.700000762939453,31.700000762939453,31.700000762939453,31.700000762939453,1192.0
2026-08-05 10:51:00,PENN,,19.940000534057617,19.96500015258789,19.940000534057617,19.940000534057617,5478.0
2026-08-05 10:51:00,PEP,,138.61000061035156,138.72000122070312,138.5850067138672,138.7050018310547,10859.0
2026-08-05 10:51:00,PERI,,9.59000015258789,9.59000015258789,9.59000015258789,9.59000015258789,531.0
2026-08-05 10:51:00,PGEN,,6.954999923706055,6.954999923706055,6.920000076293945,6.920000076293945,50794.0
2026-08-05 10:51:00,PGY,,21.709999084472656,21.760000228881836,21.700000762939453,21.760000228881836,3875.0
2026-08-05 10:51:00,PHVS,,32.9900016784668,32.9900016784668,32.9900016784668,32.9900016784668,213.0
2026-08-05 10:51:00,PLAB,,31.989999771118164,32.040000915527344,31.989999771118164,32.040000915527344,892.0
2026-08-05 10:51:00,PLBY,,1.149899959564209,1.149899959564209,1.1449999809265137,1.1449999809265137,3486.0
2026-08-05 10:51:00,PLTK,,4.025000095367432,4.025000095367432,4.025000095367432,4.025000095367432,573.0
2026-08-05 10:51:00,PLUG,,2.1050000190734863,2.1098999977111816,2.0999999046325684,2.1050000190734863,33320.0
2026-08-05 10:51:00,PNBK,,1.125,1.125,1.125,1.125,200.0
2026-08-05 10:51:00,PNFP,,108.2750015258789,108.2750015258789,108.2750015258789,108.2750015258789,1847.0
2026-08-05 10:51:00,POCI,,4.25,4.25,4.25,4.25,896.0
2026-08-05 10:51:00,POET,,8.220000267028809,8.239999771118164,8.210000038146973,8.229999542236328,10956.0
2026-08-05 10:51:00,POWI,,62.189998626708984,62.189998626708984,62.11000061035156,62.189998626708984,2581.0
2026-08-05 10:51:00,POWL,,207.93499755859375,208.60000610351562,207.93499755859375,208.60000610351562,1314.0
2026-08-05 10:51:00,PPC,,26.80500030517578,26.80500030517578,26.80500030517578,26.80500030517578,435.0
2026-08-05 10:51:00,PPTA,,22.65999984741211,22.709999084472656,22.65999984741211,22.709999084472656,2136.0
2026-08-05 10:51:00,PRAX,,311.29998779296875,311.5899963378906,311.1099853515625,311.3500061035156,1440.0
2026-08-05 10:51:00,PRCH,,16.225000381469727,16.225000381469727,16.225000381469727,16.225000381469727,1738.0
2026-08-05 10:51:00,PRCT,,19.084999084472656,19.125,19.079999923706055,19.125,4428.0
2026-08-05 10:51:00,PRIM,,87.41500091552734,87.41500091552734,87.40750122070312,87.41500091552734,1748.0
2026-08-05 10:51:00,PRLD,,4.514999866485596,4.514999866485596,4.514999866485596,4.514999866485596,239.0
2026-08-05 10:51:00,PRME,,2.950000047683716,2.9600000381469727,2.950000047683716,2.9600000381469727,8344.0
2026-08-05 10:51:00,PRQR,,1.909000039100647,1.909000039100647,1.909000039100647,1.909000039100647,698.0
2026-08-05 10:51:00,PRVA,,23.989999771118164,24.010000228881836,23.989999771118164,24.010000228881836,1956.0
2026-08-05 10:51:00,PSEC,,2.190000057220459,2.190000057220459,2.190000057220459,2.190000057220459,319.0
2026-08-05 10:51:00,PSNY,,14.148900032043457,14.148900032043457,14.148900032043457,14.148900032043457,378.0
2026-08-05 10:51:00,PTC,,141.10000610351562,141.11000061035156,140.83999633789062,140.83999633789062,1761.0
2026-08-05 10:51:00,PTEN,,9.800000190734863,9.800000190734863,9.789999961853027,9.795000076293945,16803.0
2026-08-05 10:51:00,PTON,,6.550000190734863,6.550000190734863,6.534999847412109,6.545000076293945,8055.0
2026-08-05 10:51:00,PUBM,,13.720000267028809,13.720000267028809,13.720000267028809,13.720000267028809,530.0
2026-08-05 10:51:00,PWP,,17.395000457763672,17.40999984741211,17.395000457763672,17.40999984741211,2997.0
2026-08-05 10:51:00,PYPD,,4.449999809265137,4.449999809265137,4.449999809265137,4.449999809265137,400.0
2026-08-05 10:51:00,PYPL,,58.540000915527344,58.560001373291016,58.53499984741211,58.560001373291016,8688.0
2026-08-05 10:51:00,QCOM,,158.47999572753906,158.6300048828125,158.36000061035156,158.6199951171875,23635.0
2026-08-05 10:51:00,QFIN,,13.430000305175781,13.430000305175781,13.430000305175781,13.430000305175781,1234.0
2026-08-05 10:51:00,QRVO,,94.3550033569336,94.3949966430664,94.3550033569336,94.3949966430664,843.0
2026-08-05 10:51:00,SEED,,0.9775000214576721,0.9775000214576721,0.9757999777793884,0.9775000214576721,1113.0
2026-08-05 10:51:00,TARA,,4.039999961853027,4.039999961853027,4.039999961853027,4.039999961853027,265.0
2026-08-05 10:51:00,WOOF,,2.950000047683716,2.950000047683716,2.950000047683716,2.950000047683716,1248.0
2026-08-05 10:52:00,BPOP,,177.38999938964844,177.38999938964844,177.38999938964844,177.38999938964844,366.0
2026-08-05 10:52:00,EYE,,23.299999237060547,23.329999923706055,23.299999237060547,23.315000534057617,13565.0
2026-08-05 10:52:00,GLUE,,15.9399995803833,15.970000267028809,15.9350004196167,15.9350004196167,1034.0
2026-08-05 10:52:00,KIDS,,21.420000076293945,21.420000076293945,21.420000076293945,21.420000076293945,263.0
2026-08-05 10:52:00,MBRX,,0.4050000011920929,0.40540000796318054,0.4050000011920929,0.40540000796318054,3714.0
2026-08-05 10:52:00,MDB,,378.1400146484375,378.8699951171875,378.1400146484375,378.45001220703125,2762.0
2026-08-05 10:52:00,MDLZ,,61.91999816894531,61.93000030517578,61.84000015258789,61.85499954223633,8498.0
2026-08-05 10:52:00,MLTX,,17.575000762939453,17.579999923706055,17.575000762939453,17.579999923706055,1929.0
2026-08-05 10:52:00,MNRO,,13.09000015258789,13.100000381469727,13.09000015258789,13.100000381469727,1075.0
2026-08-05 10:52:00,MNST,,94.81500244140625,94.82499694824219,94.76499938964844,94.7750015258789,3996.0
2026-08-05 10:52:00,MPWR,,1318.5,1322.8299560546875,1318.5,1322.8299560546875,428.0
2026-08-05 10:52:00,MRNA,,57.349998474121094,57.53839874267578,57.349998474121094,57.380001068115234,15427.0
2026-08-05 10:52:00,MYGN,,3.2249999046325684,3.2249999046325684,3.2200000286102295,3.2200000286102295,3243.0
2026-08-05 10:52:00,MYRG,,337.67999267578125,338.0899963378906,337.67999267578125,338.0899963378906,626.0
2026-08-05 10:52:00,NAVI,,9.114999771118164,9.119999885559082,9.114999771118164,9.119999885559082,2151.0
2026-08-05 10:52:00,NB,,5.019999980926514,5.049900054931641,5.019999980926514,5.039999961853027,5063.0
2026-08-05 10:52:00,NBTX,,39.599998474121094,39.599998474121094,39.599998474121094,39.599998474121094,253.0
2026-08-05 10:52:00,NCMI,,4.099999904632568,4.099999904632568,4.099999904632568,4.099999904632568,315.0
2026-08-05 10:52:00,NCRA,,1.784999966621399,1.784999966621399,1.784999966621399,1.784999966621399,1.0
2026-08-05 10:52:00,NDAQ,,95.36000061035156,95.4000015258789,95.30000305175781,95.33999633789062,2182.0
2026-08-05 10:52:00,NEGG,,16.68000030517578,16.68000030517578,16.68000030517578,16.68000030517578,279.0
2026-08-05 10:52:00,NEO,,16.15999984741211,16.15999984741211,16.149999618530273,16.149999618530273,687.0
2026-08-05 10:52:00,NEOG,,11.640000343322754,11.649999618530273,11.640000343322754,11.649999618530273,9425.0
2026-08-05 10:52:00,NEOV,,2.9200000762939453,2.940000057220459,2.9149999618530273,2.9149999618530273,21845.0
2026-08-05 10:52:00,NESR,,28.55500030517578,28.55500030517578,28.5,28.5,6227.0
2026-08-05 10:52:00,NEXT,,6.389999866485596,6.389999866485596,6.389999866485596,6.389999866485596,1381.0
2026-08-05 10:52:00,NFE,,0.33379998803138733,0.33379998803138733,0.33379998803138733,0.33379998803138733,805.0
2026-08-05 10:52:00,NFLX,,74.37799835205078,74.37799835205078,74.22000122070312,74.28500366210938,105277.0
2026-08-05 10:52:00,NICE,,96.20950317382812,96.20950317382812,96.01000213623047,96.04000091552734,1132.0
2026-08-05 10:52:00,NMFC,,7.335000038146973,7.335000038146973,7.335000038146973,7.335000038146973,673.0
2026-08-05 10:52:00,NMIH,,44.529998779296875,44.529998779296875,44.529998779296875,44.529998779296875,380.0
2026-08-05 10:52:00,NMRK,,15.720000267028809,15.720000267028809,15.720000267028809,15.720000267028809,630.0
2026-08-05 10:52:00,NN,,14.279999732971191,14.335000038146973,14.279999732971191,14.335000038146973,6643.0
2026-08-05 10:52:00,NNBR,,3.799999952316284,3.8101000785827637,3.792799949645996,3.8101000785827637,12076.0
2026-08-05 10:52:00,NNDM,,1.534999966621399,1.534999966621399,1.5299999713897705,1.5299999713897705,500.0
2026-08-05 10:52:00,NNOX,,1.0104000568389893,1.0104000568389893,1.0104000568389893,1.0104000568389893,282.0
2026-08-05 10:52:00,NRDS,,9.239999771118164,9.239999771118164,9.239999771118164,9.239999771118164,1119.0
2026-08-05 10:52:00,NRIX,,24.645000457763672,24.700000762939453,24.645000457763672,24.700000762939453,395.0
2026-08-05 10:52:00,NSSC,,40.130001068115234,40.15999984741211,40.130001068115234,40.15999984741211,1427.0
2026-08-05 10:52:00,NTAP,,190.49000549316406,190.77000427246094,190.19000244140625,190.77000427246094,4665.0
2026-08-05 10:52:00,NTCT,,41.93000030517578,41.9900016784668,41.93000030517578,41.9900016784668,1928.0
2026-08-05 10:52:00,NTES,,128.14999389648438,128.19000244140625,128.1300048828125,128.1300048828125,747.0
2026-08-05 10:52:00,NTNX,,60.93000030517578,60.939998626708984,60.890098571777344,60.93000030517578,1984.0
2026-08-05 10:52:00,NTRS,,184.67999267578125,184.6999969482422,184.67999267578125,184.6999969482422,1464.0
2026-08-05 10:52:00,NUWE,,1.7899999618530273,1.7999999523162842,1.7799999713897705,1.7799999713897705,7021.0
2026-08-05 10:52:00,NVAX,,7.650000095367432,7.659999847412109,7.650000095367432,7.659999847412109,3110.0
2026-08-05 10:52:00,NVCR,,15.989999771118164,15.989999771118164,15.989999771118164,15.989999771118164,530.0
2026-08-05 10:52:00,NVCT,,20.020000457763672,20.020000457763672,20.020000457763672,20.020000457763672,176.0
2026-08-05 10:52:00,NVDA,,218.92999267578125,219.34930419921875,218.75999450683594,219.30499267578125,460912.0
2026-08-05 10:52:00,NVTS,,12.359999656677246,12.404999732971191,12.34000015258789,12.390000343322754,29770.0
2026-08-05 10:52:00,NVX,,0.40059998631477356,0.40059998631477356,0.40059998631477356,0.40059998631477356,272.0
2026-08-05 10:52:00,NWBI,,15.970000267028809,15.970000267028809,15.970000267028809,15.970000267028809,406.0
2026-08-05 10:52:00,NWL,,6.089900016784668,6.089900016784668,6.079899787902832,6.079999923706055,6809.0
2026-08-05 10:52:00,NWSA,,28.354999542236328,28.354999542236328,28.344999313354492,28.344999313354492,2041.0
2026-08-05 10:52:00,NXL,,0.35510000586509705,0.37560001015663147,0.35510000586509705,0.37560001015663147,606.0
2026-08-05 10:52:00,NXPI,,230.47000122070312,230.5,230.26499938964844,230.38999938964844,5386.0
2026-08-05 10:52:00,NXST,,191.83999633789062,191.8800048828125,191.83999633789062,191.85000610351562,5337.0
2026-08-05 10:52:00,NXT,,97.21499633789062,97.33000183105469,97.16000366210938,97.33000183105469,6248.0
2026-08-05 10:52:00,OABI,,2.0250000953674316,2.0250000953674316,2.0250000953674316,2.0250000953674316,531.0
2026-08-05 10:52:00,OCCI,,2.450000047683716,2.450000047683716,2.450000047683716,2.450000047683716,283.0
2026-08-05 10:52:00,OCFC,,19.844999313354492,19.844999313354492,19.84000015258789,19.84000015258789,2144.0
2026-08-05 10:52:00,OCGN,,1.309999942779541,1.309999942779541,1.309999942779541,1.309999942779541,545.0
2026-08-05 10:52:00,OCSL,,12.135000228881836,12.149999618530273,12.135000228881836,12.149999618530273,1710.0
2026-08-05 10:52:00,OCUL,,8.604999542236328,8.619999885559082,8.604999542236328,8.604999542236328,2230.0
2026-08-05 10:52:00,OESX,,15.619999885559082,16.149999618530273,15.350099563598633,16.100000381469727,12390.0
2026-08-05 10:52:00,OKTA,,148.75,148.75,148.58999633789062,148.58999633789062,789.0
2026-08-05 10:52:00,OLLI,,78.48500061035156,78.55999755859375,78.48500061035156,78.55999755859375,2484.0
2026-08-05 10:52:00,OLMA,,11.640000343322754,11.640000343322754,11.640000343322754,11.640000343322754,984.0
2026-08-05 10:52:00,OMCL,,37.40999984741211,37.44499969482422,37.40999984741211,37.44499969482422,2122.0
2026-08-05 10:52:00,OMER,,12.869999885559082,12.880000114440918,12.869999885559082,12.869999885559082,1127.0
2026-08-05 10:52:00,OMH,,0.11100000143051147,0.1111999973654747,0.11100000143051147,0.1111999973654747,4128.0
2026-08-05 10:52:00,ON,,77.47000122070312,77.77999877929688,77.43000030517578,77.70500183105469,23280.0
2026-08-05 10:52:00,ONB,,27.09000015258789,27.09000015258789,27.09000015258789,27.09000015258789,192.0
2026-08-05 10:52:00,ONBPP,,24.730100631713867,24.764999389648438,24.730100631713867,24.764999389648438,400.0
2026-08-05 10:52:00,ONCO,,0.7915999889373779,0.7915999889373779,0.7915999889373779,0.7915999889373779,301.0
2026-08-05 10:52:00,ONCY,,0.7850000262260437,0.7850000262260437,0.784500002861023,0.784500002861023,1485.0
2026-08-05 10:52:00,ONDS,,8.8149995803833,8.849900245666504,8.800000190734863,8.835000038146973,228293.0
2026-08-05 10:52:00,ONFO,,0.0738999992609024,0.07400000095367432,0.07370000332593918,0.07370000332593918,90591.0
2026-08-05 10:52:00,OPCH,,23.459999084472656,23.459999084472656,23.459999084472656,23.459999084472656,1958.0
2026-08-05 10:52:00,OPEN,,3.884999990463257,3.9000000953674316,3.880000114440918,3.8949999809265137,197997.0
2026-08-05 10:52:00,OPK,,1.3250000476837158,1.3250000476837158,1.3200000524520874,1.3200000524520874,1694.0
2026-08-05 10:52:00,OPRA,,20.149999618530273,20.149999618530273,20.149999618530273,20.149999618530273,367.0
2026-08-05 10:52:00,OPRT,,6.164999961853027,6.164999961853027,6.164999961853027,6.164999961853027,866.0
2026-08-05 10:52:00,OPXS,,11.876700401306152,11.876700401306152,11.71500015258789,11.71500015258789,610.0
2026-08-05 10:52:00,ORGO,,2.384999990463257,2.384999990463257,2.384999990463257,2.384999990463257,808.0
2026-08-05 10:52:00,ORIC,,13.359999656677246,13.359999656677246,13.359999656677246,13.359999656677246,1403.0
2026-08-05 10:52:00,ORLY,,93.61000061035156,93.61000061035156,93.51000213623047,93.55999755859375,9612.0
2026-08-05 10:52:00,ORRF,,43.52000045776367,43.52000045776367,43.52000045776367,43.52000045776367,1189.0
2026-08-05 10:52:00,OSBC,,25.84000015258789,25.84000015258789,25.84000015258789,25.84000015258789,750.0
2026-08-05 10:52:00,OSIS,,234.07000732421875,234.07000732421875,234.07000732421875,234.07000732421875,194.0
2026-08-05 10:52:00,OSS,,13.989999771118164,14.0,13.989999771118164,14.0,3264.0
2026-08-05 10:52:00,OSUR,,4.164999961853027,4.164999961853027,4.164999961853027,4.164999961853027,215.0
2026-08-05 10:52:00,OSW,,26.600000381469727,26.600000381469727,26.600000381469727,26.600000381469727,658.0
2026-08-05 10:52:00,OTEX,,25.940000534057617,25.940000534057617,25.90999984741211,25.920000076293945,1788.0
2026-08-05 10:52:00,OTLK,,1.001099944114685,1.0127999782562256,1.0003999471664429,1.0127999782562256,9675.0
2026-08-05 10:52:00,OTTR,,92.55000305175781,92.55000305175781,92.11499786376953,92.11499786376953,481.0
2026-08-05 10:52:00,OXSQ,,1.4800000190734863,1.4800000190734863,1.4800000190734863,1.4800000190734863,3393.0
2026-08-05 10:52:00,PAA,,23.1299991607666,23.15999984741211,23.1299991607666,23.155000686645508,2303.0
2026-08-05 10:52:00,PAAS,,48.154998779296875,48.34000015258789,48.119998931884766,48.31999969482422,10616.0
2026-08-05 10:52:00,PACB,,1.4249999523162842,1.4249999523162842,1.4199999570846558,1.4249999523162842,10900.0
2026-08-05 10:52:00,PAGP,,25.059999465942383,25.065000534057617,25.059999465942383,25.065000534057617,1865.0
2026-08-05 10:52:00,PALI,,2.0899999141693115,2.0899999141693115,2.0850000381469727,2.0850000381469727,1160.0
2026-08-05 10:52:00,PANW,,367.1700134277344,367.1700134277344,367.1700134277344,367.1700134277344,708.0
2026-08-05 10:52:00,PATK,,87.94000244140625,87.94000244140625,87.94000244140625,87.94000244140625,219.0
2026-08-05 10:52:00,PAX,,11.489999771118164,11.489999771118164,11.489999771118164,11.489999771118164,2421.0
2026-08-05 10:52:00,PAYO,,7.130000114440918,7.130000114440918,7.119999885559082,7.119999885559082,859.0
2026-08-05 10:52:00,PAYS,,9.3100004196167,9.359999656677246,9.3100004196167,9.359999656677246,2002.0
2026-08-05 10:52:00,PAYX,,117.7300033569336,117.7300033569336,117.51499938964844,117.5199966430664,4658.0
2026-08-05 10:52:00,PCAR,,133.8000030517578,133.9199981689453,133.8000030517578,133.85499572753906,5323.0
2026-08-05 10:52:00,PCRX,,25.43000030517578,25.43000030517578,25.389999389648438,25.389999389648438,1539.0
2026-08-05 10:52:00,PCT,,6.914999961853027,6.925000190734863,6.914999961853027,6.925000190734863,1973.0
2026-08-05 10:52:00,PCTY,,147.86000061035156,147.86000061035156,147.47000122070312,147.47000122070312,2150.0
2026-08-05 10:52:00,PDD,,91.7699966430664,91.81999969482422,91.75,91.78500366210938,12954.0
2026-08-05 10:52:00,PDFS,,49.58000183105469,49.58000183105469,49.58000183105469,49.58000183105469,441.0
2026-08-05 10:52:00,PECO,,41.34000015258789,41.3849983215332,41.34000015258789,41.3849983215332,3432.0
2026-08-05 10:52:00,PENN,,19.950000762939453,19.950000762939453,19.950000762939453,19.950000762939453,970.0
2026-08-05 10:52:00,PEP,,138.63999938964844,138.63999938964844,138.48399353027344,138.52000427246094,18266.0
2026-08-05 10:52:00,PEPG,,1.9149999618530273,1.9149999618530273,1.9149999618530273,1.9149999618530273,126.0
2026-08-05 10:52:00,PESI,,17.829999923706055,17.829999923706055,17.829999923706055,17.829999923706055,1721.0
2026-08-05 10:52:00,PFG,,115.2300033569336,115.24500274658203,115.17500305175781,115.19000244140625,4245.0
2026-08-05 10:52:00,PGC,,46.900001525878906,46.900001525878906,46.900001525878906,46.900001525878906,701.0
2026-08-05 10:52:00,PGEN,,6.949999809265137,6.954999923706055,6.929999828338623,6.954999923706055,21920.0
2026-08-05 10:52:00,PGY,,21.68000030517578,21.719999313354492,21.68000030517578,21.709999084472656,3501.0
2026-08-05 10:52:00,PHAT,,8.489999771118164,8.489999771118164,8.489999771118164,8.489999771118164,432.0
2026-08-05 10:52:00,PHIO,,1.059999942779541,1.059999942779541,1.059999942779541,1.059999942779541,1153.0
2026-08-05 10:52:00,PHVS,,32.97999954223633,32.97999954223633,32.97999954223633,32.97999954223633,412.0
2026-08-05 10:52:00,PLAB,,31.93000030517578,31.940000534057617,31.93000030517578,31.940000534057617,725.0
2026-08-05 10:52:00,PLBY,,1.1449999809265137,1.149899959564209,1.1439000368118286,1.1449999809265137,9295.0
2026-08-05 10:52:00,PLPC,,463.010009765625,463.010009765625,463.010009765625,463.010009765625,134.0
2026-08-05 10:52:00,PLSE,,36.81999969482422,37.435001373291016,36.81999969482422,37.435001373291016,11478.0
2026-08-05 10:52:00,PLTK,,4.025000095367432,4.025000095367432,4.025000095367432,4.025000095367432,540.0
2026-08-05 10:52:00,PLUG,,2.0950000286102295,2.109100103378296,2.0899999141693115,2.100100040435791,280663.0
2026-08-05 10:52:00,PNFP,,108.18000030517578,108.24500274658203,108.18000030517578,108.24500274658203,889.0
2026-08-05 10:52:00,POET,,8.210000038146973,8.234999656677246,8.196000099182129,8.234999656677246,12074.0
2026-08-05 10:52:00,POOL,,203.64840698242188,203.64840698242188,203.64840698242188,203.64840698242188,512.0
2026-08-05 10:52:00,POWI,,62.025001525878906,62.029998779296875,62.025001525878906,62.029998779296875,392.0
2026-08-05 10:52:00,PPC,,26.799999237060547,26.799999237060547,26.799999237060547,26.799999237060547,1828.0
2026-08-05 10:52:00,PPSI,,3.0,3.0,3.0,3.0,609.0
2026-08-05 10:52:00,PPTA,,22.59000015258789,22.6200008392334,22.584999084472656,22.6200008392334,4031.0
2026-08-05 10:52:00,PRAA,,17.395000457763672,17.395000457763672,17.395000457763672,17.395000457763672,840.0
2026-08-05 10:52:00,PRCH,,16.200000762939453,16.25,16.200000762939453,16.25,1509.0
2026-08-05 10:52:00,PRCT,,19.299999237060547,19.299999237060547,19.114999771118164,19.1200008392334,7455.0
2026-08-05 10:52:00,PRDO,,33.20000076293945,33.20000076293945,33.19499969482422,33.19499969482422,407.0
2026-08-05 10:52:00,PRIM,,87.1500015258789,87.41500091552734,87.1500015258789,87.41500091552734,2402.0
2026-08-05 10:52:00,PRLD,,4.53000020980835,4.53000020980835,4.53000020980835,4.53000020980835,241.0
2026-08-05 10:52:00,PRME,,2.950000047683716,2.9549999237060547,2.950000047683716,2.9549999237060547,1445.0
2026-08-05 10:52:00,PRQR,,1.9049999713897705,1.9049999713897705,1.9049999713897705,1.9049999713897705,210.0
2026-08-05 10:52:00,PRSO,,0.699999988079071,0.699999988079071,0.6919999718666077,0.6937999725341797,10798.0
2026-08-05 10:52:00,PRVA,,23.950000762939453,23.959999084472656,23.950000762939453,23.959999084472656,1520.0
2026-08-05 10:52:00,PSEC,,2.190000057220459,2.194999933242798,2.190000057220459,2.190000057220459,1348.0
2026-08-05 10:52:00,PSMT,,193.36000061035156,193.36000061035156,193.36000061035156,193.36000061035156,603.0
2026-08-05 10:52:00,PSNL,,13.479999542236328,13.494999885559082,13.479999542236328,13.494999885559082,1081.0
2026-08-05 10:52:00,PSNY,,14.125,14.125,14.125,14.125,1686.0
2026-08-05 10:52:00,PTC,,141.13999938964844,141.13999938964844,141.1300048828125,141.1300048828125,1276.0
2026-08-05 10:52:00,PTCT,,69.45999908447266,69.45999908447266,69.45999908447266,69.45999908447266,346.0
2026-08-05 10:52:00,PTEN,,9.8149995803833,9.8149995803833,9.805000305175781,9.805000305175781,5028.0
2026-08-05 10:52:00,PTGX,,136.8000030517578,136.91000366210938,136.8000030517578,136.80999755859375,1859.0
2026-08-05 10:52:00,PTLO,,4.610000133514404,4.610000133514404,4.610000133514404,4.610000133514404,3598.0
2026-08-05 10:52:00,PTON,,6.539999961853027,6.5416998863220215,6.539999961853027,6.539999961853027,5184.0
2026-08-05 10:52:00,PYPL,,58.53499984741211,58.540000915527344,58.4900016784668,58.529998779296875,33473.0
2026-08-05 10:52:00,PZZA,,30.549999237060547,30.549999237060547,30.530000686645508,30.540000915527344,1042.0
2026-08-05 10:52:00,QCOM,,158.17999267578125,158.52000427246094,158.08999633789062,158.49000549316406,20173.0
2026-08-05 10:52:00,QRVO,,94.38999938964844,94.38999938964844,94.2750015258789,94.38999938964844,1264.0
2026-08-05 10:52:00,SEED,,0.9670000076293945,0.9775000214576721,0.9670000076293945,0.9775000214576721,3804.0
2026-08-05 10:53:00,ACDC,,4.335000038146973,4.360000133514404,4.335000038146973,4.34499979019165,13080.0
2026-08-05 10:53:00,EYE,,23.34000015258789,23.34000015258789,23.334999084472656,23.334999084472656,928.0
2026-08-05 10:53:00,GLUE,,15.914999961853027,15.9399995803833,15.90999984741211,15.9399995803833,2277.0
2026-08-05 10:53:00,KITT,,1.0700000524520874,1.0700000524520874,1.0700000524520874,1.0700000524520874,0.0
2026-08-05 10:53:00,LUNG,,1.886299967765808,1.886299967765808,1.886299967765808,1.886299967765808,231.0
2026-08-05 10:53:00,MBRX,,0.4000000059604645,0.4099000096321106,0.4000000059604645,0.40369999408721924,14032.0
2026-08-05 10:53:00,MDB,,377.6499938964844,378.7200012207031,377.6499938964844,378.7200012207031,1722.0
2026-08-05 10:53:00,MDLZ,,61.95000076293945,61.9900016784668,61.915000915527344,61.915000915527344,25963.0
2026-08-05 10:53:00,MLTX,,17.56999969482422,17.579999923706055,17.56999969482422,17.579999923706055,1701.0
2026-08-05 10:53:00,MNRO,,13.104999542236328,13.104999542236328,13.104999542236328,13.104999542236328,883.0
2026-08-05 10:53:00,MNST,,94.87999725341797,94.88999938964844,94.81500244140625,94.81500244140625,6857.0
2026-08-05 10:53:00,MNTS,,4.329999923706055,4.335000038146973,4.329999923706055,4.335000038146973,1016.0
2026-08-05 10:53:00,MNY,,0.925000011920929,0.925000011920929,0.925000011920929,0.925000011920929,0.0
2026-08-05 10:53:00,MPWR,,1318.56005859375,1319.0799560546875,1315.0,1317.800048828125,1706.0
2026-08-05 10:53:00,MRNA,,57.182498931884766,57.34000015258789,57.14099884033203,57.34000015258789,9613.0
2026-08-05 10:53:00,MYGN,,3.2200000286102295,3.2249999046325684,3.2149999141693115,3.2249999046325684,3160.0
2026-08-05 10:53:00,MYPS,,0.7257000207901001,0.7257000207901001,0.7257000207901001,0.7257000207901001,137.0
2026-08-05 10:53:00,MYRG,,337.5799865722656,337.69000244140625,336.80999755859375,337.5899963378906,699.0
2026-08-05 10:53:00,NAMS,,26.690000534057617,26.690000534057617,26.68000030517578,26.68000030517578,1194.0
2026-08-05 10:53:00,NAUT,,0.960099995136261,0.960099995136261,0.960099995136261,0.960099995136261,213.0
2026-08-05 10:53:00,NB,,5.005000114440918,5.03000020980835,5.005000114440918,5.03000020980835,8885.0
2026-08-05 10:53:00,NBIX,,163.6699981689453,163.75999450683594,163.47000122070312,163.47000122070312,4571.0
2026-08-05 10:53:00,NBTX,,39.77830123901367,39.77830123901367,39.77830123901367,39.77830123901367,3461.0
2026-08-05 10:53:00,NDAQ,,95.30000305175781,95.4000015258789,95.30000305175781,95.38300323486328,5120.0
2026-08-05 10:53:00,NDSN,,309.8599853515625,310.04998779296875,309.8500061035156,310.04998779296875,1857.0
2026-08-05 10:53:00,NEO,,16.155000686645508,16.170000076293945,16.155000686645508,16.15999984741211,3281.0
2026-08-05 10:53:00,NEOG,,11.625,11.645000457763672,11.585000038146973,11.635000228881836,39232.0
2026-08-05 10:53:00,NEOV,,2.9100000858306885,2.9140000343322754,2.9100000858306885,2.9100000858306885,2821.0
2026-08-05 10:53:00,NESR,,28.530000686645508,28.530000686645508,28.530000686645508,28.530000686645508,1986.0
2026-08-05 10:53:00,NEXT,,6.389999866485596,6.389999866485596,6.380099773406982,6.385000228881836,1803.0
2026-08-05 10:53:00,NFE,,0.3337000012397766,0.3343000113964081,0.3337000012397766,0.3343000113964081,8845.0
2026-08-05 10:53:00,NFLX,,74.30000305175781,74.38500213623047,74.30000305175781,74.37999725341797,82542.0
2026-08-05 10:53:00,NICE,,96.11000061035156,96.11000061035156,96.11000061035156,96.11000061035156,940.0
2026-08-05 10:53:00,NKTX,,2.1649999618530273,2.1649999618530273,2.1649999618530273,2.1649999618530273,869.0
2026-08-05 10:53:00,NMFC,,7.329999923706055,7.330100059509277,7.324999809265137,7.324999809265137,3556.0
2026-08-05 10:53:00,NMRK,,15.720000267028809,15.720000267028809,15.720000267028809,15.720000267028809,1606.0
2026-08-05 10:53:00,NN,,14.239999771118164,14.300000190734863,14.239999771118164,14.300000190734863,6590.0
2026-08-05 10:53:00,NNBR,,3.799999952316284,3.809999942779541,3.7899999618530273,3.7899999618530273,4027.0
2026-08-05 10:53:00,NNDM,,1.534999966621399,1.534999966621399,1.5299999713897705,1.534999966621399,1595.0
2026-08-05 10:53:00,NRIX,,24.610000610351562,24.670000076293945,24.610000610351562,24.649999618530273,1841.0
2026-08-05 10:53:00,NRXP,,3.005000114440918,3.005000114440918,3.005000114440918,3.005000114440918,507.0
2026-08-05 10:53:00,NTAP,,189.6750030517578,190.19000244140625,189.33999633789062,190.19000244140625,9779.0
2026-08-05 10:53:00,NTCT,,41.8849983215332,41.8849983215332,41.8849983215332,41.8849983215332,199.0
2026-08-05 10:53:00,NTES,,128.1199951171875,128.19000244140625,128.11000061035156,128.19000244140625,1219.0
2026-08-05 10:53:00,NTNX,,60.84000015258789,60.84000015258789,60.84000015258789,60.84000015258789,2499.0
2026-08-05 10:53:00,NTRA,,276.4800109863281,276.4800109863281,276.4800109863281,276.4800109863281,445.0
2026-08-05 10:53:00,NTRS,,184.5399932861328,184.5800018310547,184.5399932861328,184.5800018310547,2051.0
2026-08-05 10:53:00,NUWE,,1.7799999713897705,1.7799999713897705,1.7799999713897705,1.7799999713897705,500.0
2026-08-05 10:53:00,NVAX,,7.6504998207092285,7.65500020980835,7.639999866485596,7.65500020980835,3991.0
2026-08-05 10:53:00,NVCR,,16.030000686645508,16.049999237060547,16.030000686645508,16.049999237060547,346.0
2026-08-05 10:53:00,NVDA,,218.43499755859375,219.0,218.35000610351562,218.91920471191406,479461.0
2026-08-05 10:53:00,NVEC,,127.55000305175781,127.55000305175781,127.5,127.5,1214.0
2026-08-05 10:53:00,NVMI,,405.2300109863281,405.6499938964844,405.2300109863281,405.6499938964844,921.0
2026-08-05 10:53:00,NVTS,,12.300000190734863,12.380000114440918,12.289999961853027,12.380000114440918,100798.0
2026-08-05 10:53:00,NWBI,,15.970000267028809,15.970000267028809,15.960000038146973,15.960000038146973,1200.0
2026-08-05 10:53:00,NWE,,68.70999908447266,68.70999908447266,68.70999908447266,68.70999908447266,593.0
2026-08-05 10:53:00,NWL,,6.085000038146973,6.090000152587891,6.085000038146973,6.090000152587891,6517.0
2026-08-05 10:53:00,NWS,,32.470001220703125,32.474998474121094,32.470001220703125,32.474998474121094,3114.0
2026-08-05 10:53:00,NWSA,,28.364999771118164,28.364999771118164,28.344999313354492,28.354999542236328,4453.0
2026-08-05 10:53:00,NXPI,,230.25210571289062,230.76510620117188,230.0,230.52000427246094,12630.0
2026-08-05 10:53:00,NXT,,97.2750015258789,97.45999908447266,97.26000213623047,97.26000213623047,9809.0
2026-08-05 10:53:00,OCC,,15.890000343322754,15.890000343322754,15.890000343322754,15.890000343322754,111.0
2026-08-05 10:53:00,OCFC,,19.84000015258789,19.84000015258789,19.84000015258789,19.84000015258789,1962.0
2026-08-05 10:53:00,OCGN,,1.308899998664856,1.3200000524520874,1.3049999475479126,1.309999942779541,87821.0
2026-08-05 10:53:00,OCUL,,8.600000381469727,8.619999885559082,8.59000015258789,8.619999885559082,4170.0
2026-08-05 10:53:00,ODD,,15.175000190734863,15.175000190734863,15.175000190734863,15.175000190734863,202.0
2026-08-05 10:53:00,ODFL,,215.47999572753906,216.1199951171875,215.47999572753906,215.9199981689453,13282.0
2026-08-05 10:53:00,OESX,,15.670000076293945,15.710000038146973,15.301300048828125,15.654999732971191,4471.0
2026-08-05 10:53:00,OFIX,,10.800000190734863,10.800000190734863,10.800000190734863,10.800000190734863,200.0
2026-08-05 10:53:00,OFLX,,30.190000534057617,30.190000534057617,30.190000534057617,30.190000534057617,302.0
2026-08-05 10:53:00,OKTA,,148.22000122070312,148.5,148.22000122070312,148.5,2142.0
2026-08-05 10:53:00,OLLI,,78.48999786376953,78.52999877929688,78.48999786376953,78.52999877929688,1921.0
2026-08-05 10:53:00,OLMA,,11.619999885559082,11.619999885559082,11.619999885559082,11.619999885559082,488.0
2026-08-05 10:53:00,OMCL,,37.375,37.41999816894531,37.349998474121094,37.349998474121094,1577.0
2026-08-05 10:53:00,OMER,,12.859999656677246,12.875,12.859999656677246,12.875,365.0
2026-08-05 10:53:00,OMH,,0.11079999804496765,0.11100000143051147,0.11079999804496765,0.11100000143051147,8552.0
2026-08-05 10:53:00,ON,,77.20500183105469,77.5199966430664,77.13999938964844,77.4000015258789,44295.0
2026-08-05 10:53:00,ONB,,27.099899291992188,27.099899291992188,27.079999923706055,27.09000015258789,8816.0
2026-08-05 10:53:00,ONCO,,0.8007000088691711,0.8007000088691711,0.8007000088691711,0.8007000088691711,1585.0
2026-08-05 10:53:00,ONCY,,0.784600019454956,0.7850000262260437,0.784500002861023,0.784600019454956,18292.0
2026-08-05 10:53:00,ONDS,,8.755000114440918,8.819999694824219,8.740099906921387,8.8149995803833,361936.0
2026-08-05 10:53:00,ONFO,,0.0737999975681305,0.0737999975681305,0.07370000332593918,0.0737999975681305,12108.0
2026-08-05 10:53:00,OPCH,,23.469999313354492,23.469999313354492,23.469999313354492,23.469999313354492,791.0
2026-08-05 10:53:00,OPEN,,3.869999885559082,3.890000104904175,3.869999885559082,3.890000104904175,82769.0
2026-08-05 10:53:00,OPK,,1.3200000524520874,1.3250000476837158,1.3200000524520874,1.3200000524520874,1377.0
2026-08-05 10:53:00,OPRA,,20.079999923706055,20.110000610351562,20.075000762939453,20.110000610351562,3855.0
2026-08-05 10:53:00,ORIC,,13.329999923706055,13.354999542236328,13.3100004196167,13.354999542236328,3726.0
2026-08-05 10:53:00,ORLY,,93.66000366210938,93.66500091552734,93.51499938964844,93.61100006103516,18212.0
2026-08-05 10:53:00,ORMP,,4.449999809265137,4.449999809265137,4.449999809265137,4.449999809265137,258.0
2026-08-05 10:53:00,OSBC,,25.834999084472656,25.834999084472656,25.829999923706055,25.829999923706055,936.0
2026-08-05 10:53:00,OSIS,,233.52000427246094,234.07000732421875,233.5175018310547,234.07000732421875,1425.0
2026-08-05 10:53:00,OSPN,,16.780000686645508,16.780000686645508,16.770000457763672,16.770000457763672,1228.0
2026-08-05 10:53:00,OSS,,13.899999618530273,14.024999618530273,13.899999618530273,14.024999618530273,5742.0
2026-08-05 10:53:00,OSUR,,4.164999961853027,4.164999961853027,4.164999961853027,4.164999961853027,489.0
2026-08-05 10:53:00,OTEX,,25.93000030517578,25.940000534057617,25.93000030517578,25.940000534057617,1818.0
2026-08-05 10:53:00,OTLK,,1.0008000135421753,1.0049999952316284,1.0008000135421753,1.0049999952316284,1144.0
2026-08-05 10:53:00,OTLY,,14.374899864196777,14.374899864196777,14.374899864196777,14.374899864196777,1000.0
2026-08-05 10:53:00,OVID,,2.6010000705718994,2.6010000705718994,2.6010000705718994,2.6010000705718994,1562.0
2026-08-05 10:53:00,OXLC,,9.079999923706055,9.079999923706055,9.079999923706055,9.079999923706055,505.0
2026-08-05 10:53:00,OXSQ,,1.4800000190734863,1.4800000190734863,1.4800000190734863,1.4800000190734863,345.0
2026-08-05 10:53:00,PAA,,23.135000228881836,23.135000228881836,23.135000228881836,23.135000228881836,2857.0
2026-08-05 10:53:00,PAAS,,48.029998779296875,48.04999923706055,47.96500015258789,48.04999923706055,19561.0
2026-08-05 10:53:00,PACB,,1.4249999523162842,1.4249999523162842,1.4199999570846558,1.4249999523162842,1624.0
2026-08-05 10:53:00,PAGP,,25.059999465942383,25.059999465942383,25.05500030517578,25.05500030517578,1014.0
2026-08-05 10:53:00,PALI,,2.0850000381469727,2.0899999141693115,2.0850000381469727,2.0899999141693115,2005.0
2026-08-05 10:53:00,PANW,,366.92999267578125,367.1050109863281,366.4200134277344,367.07000732421875,10881.0
2026-08-05 10:53:00,PATK,,87.9000015258789,88.0199966430664,87.9000015258789,88.0199966430664,645.0
2026-08-05 10:53:00,PAX,,11.510000228881836,11.510000228881836,11.479999542236328,11.479999542236328,10942.0
2026-08-05 10:53:00,PAYO,,7.130000114440918,7.130000114440918,7.125,7.130000114440918,974.0
2026-08-05 10:53:00,PAYS,,9.289999961853027,9.305000305175781,9.289999961853027,9.305000305175781,1453.0
2026-08-05 10:53:00,PAYX,,117.7300033569336,117.75,117.68000030517578,117.68000030517578,4752.0
2026-08-05 10:53:00,PCAR,,133.5800018310547,133.77999877929688,133.5800018310547,133.77000427246094,10261.0
2026-08-05 10:53:00,PCRX,,25.420000076293945,25.420000076293945,25.420000076293945,25.420000076293945,777.0
2026-08-05 10:53:00,PCT,,6.885000228881836,6.914999961853027,6.885000228881836,6.914999961853027,7020.0
2026-08-05 10:53:00,PCTY,,147.9550018310547,147.99000549316406,147.85499572753906,147.8800048828125,2065.0
2026-08-05 10:53:00,PDD,,91.72000122070312,91.79000091552734,91.69999694824219,91.79000091552734,14160.0
2026-08-05 10:53:00,PDEX,,67.5,67.5,67.5,67.5,263.0
2026-08-05 10:53:00,PDFS,,49.61000061035156,49.61000061035156,49.61000061035156,49.61000061035156,1281.0
2026-08-05 10:53:00,PEGA,,31.760000228881836,31.760000228881836,31.760000228881836,31.760000228881836,1289.0
2026-08-05 10:53:00,PENN,,19.940000534057617,19.954999923706055,19.940000534057617,19.954999923706055,3740.0
2026-08-05 10:53:00,PEP,,138.6699981689453,138.67999267578125,138.5800018310547,138.64500427246094,31960.0
2026-08-05 10:53:00,PEPG,,1.9149999618530273,1.9149999618530273,1.9149999618530273,1.9149999618530273,506.0
2026-08-05 10:53:00,PERI,,9.59000015258789,9.59000015258789,9.59000015258789,9.59000015258789,1022.0
2026-08-05 10:53:00,PFG,,115.08999633789062,115.1500015258789,115.04000091552734,115.1500015258789,4270.0
2026-08-05 10:53:00,PGC,,46.900001525878906,46.900001525878906,46.900001525878906,46.900001525878906,403.0
2026-08-05 10:53:00,PGEN,,6.949999809265137,6.974999904632568,6.934999942779541,6.960000038146973,36333.0
2026-08-05 10:53:00,PGNY,,31.59000015258789,31.59000015258789,31.59000015258789,31.59000015258789,479.0
2026-08-05 10:53:00,PGY,,21.655000686645508,21.700000762939453,21.6200008392334,21.684999465942383,12702.0
2026-08-05 10:53:00,PHAT,,8.479999542236328,8.479999542236328,8.479999542236328,8.479999542236328,2135.0
2026-08-05 10:53:00,PHUN,,2.1700000762939453,2.1700000762939453,2.1649999618530273,2.1649999618530273,0.0
2026-08-05 10:53:00,PHVS,,32.97999954223633,32.97999954223633,32.97999954223633,32.97999954223633,231.0
2026-08-05 10:53:00,PKOH,,41.40999984741211,41.40999984741211,41.40999984741211,41.40999984741211,260.0
2026-08-05 10:53:00,PLAB,,31.799999237060547,31.8799991607666,31.799999237060547,31.8799991607666,4725.0
2026-08-05 10:53:00,PLBY,,1.1449999809265137,1.1449999809265137,1.1449999809265137,1.1449999809265137,1187.0
2026-08-05 10:53:00,PLPC,,460.56500244140625,460.56500244140625,460.56500244140625,460.56500244140625,314.0
2026-08-05 10:53:00,PLSE,,36.689998626708984,36.79999923706055,36.689998626708984,36.79999923706055,368.0
2026-08-05 10:53:00,PLUG,,2.0950000286102295,2.0999999046325684,2.0899999141693115,2.0950000286102295,132511.0
2026-08-05 10:53:00,PLXS,,274.5199890136719,274.5274963378906,274.5199890136719,274.5199890136719,1936.0
2026-08-05 10:53:00,PNBK,,1.1200000047683716,1.125,1.1200000047683716,1.125,1070.0
2026-08-05 10:53:00,PNFP,,108.05999755859375,108.05999755859375,108.05999755859375,108.05999755859375,1380.0
2026-08-05 10:53:00,POCI,,4.25,4.25,4.25,4.25,90.0
2026-08-05 10:53:00,POET,,8.15999984741211,8.21500015258789,8.149999618530273,8.210000038146973,59893.0
2026-08-05 10:53:00,POLA,,1.7799999713897705,1.7799999713897705,1.7799999713897705,1.7799999713897705,904.0
2026-08-05 10:53:00,POOL,,203.6649932861328,203.9499969482422,203.6649932861328,203.9499969482422,2263.0
2026-08-05 10:53:00,POWI,,62.060001373291016,62.060001373291016,62.060001373291016,62.060001373291016,1010.0
2026-08-05 10:53:00,POWL,,206.8300018310547,207.8699951171875,206.82000732421875,207.8699951171875,1517.0
2026-08-05 10:53:00,PPIH,,25.760000228881836,25.770000457763672,25.709999084472656,25.709999084472656,871.0
2026-08-05 10:53:00,PPTA,,22.520000457763672,22.59000015258789,22.459999084472656,22.579999923706055,23618.0
2026-08-05 10:53:00,PRCH,,16.190000534057617,16.200000762939453,16.190000534057617,16.200000762939453,2023.0
2026-08-05 10:53:00,PRCT,,19.270000457763672,19.299999237060547,19.239999771118164,19.299999237060547,5396.0
2026-08-05 10:53:00,PRDO,,33.279998779296875,33.279998779296875,33.22999954223633,33.22999954223633,1691.0
2026-08-05 10:53:00,PRGS,,41.777000427246094,41.777000427246094,41.777000427246094,41.777000427246094,396.0
2026-08-05 10:53:00,PRIM,,87.13999938964844,87.1500015258789,87.13999938964844,87.1500015258789,1217.0
2026-08-05 10:53:00,PRME,,2.9549999237060547,2.9549999237060547,2.9549999237060547,2.9549999237060547,2092.0
2026-08-05 10:53:00,PROK,,1.623900055885315,1.623900055885315,1.623900055885315,1.623900055885315,491.0
2026-08-05 10:53:00,PRQR,,1.9049999713897705,1.9049999713897705,1.9049999713897705,1.9049999713897705,120.0
2026-08-05 10:53:00,PRSO,,0.7035999894142151,0.7035999894142151,0.7031000256538391,0.703499972820282,9929.0
2026-08-05 10:53:00,PRVA,,23.969999313354492,23.979999542236328,23.969999313354492,23.979999542236328,2367.0
2026-08-05 10:53:00,PSEC,,2.190200090408325,2.200000047683716,2.190000057220459,2.194999933242798,7465.0
2026-08-05 10:53:00,PSNL,,13.470000267028809,13.474499702453613,13.470000267028809,13.474499702453613,1688.0
2026-08-05 10:53:00,PTC,,141.06500244140625,141.06500244140625,141.0,141.02000427246094,2477.0
2026-08-05 10:53:00,PTCT,,69.42500305175781,69.51000213623047,69.4000015258789,69.51000213623047,1562.0
2026-08-05 10:53:00,PTEN,,9.789999961853027,9.805000305175781,9.789999961853027,9.800000190734863,10662.0
2026-08-05 10:53:00,PTLO,,4.61899995803833,4.61899995803833,4.61899995803833,4.61899995803833,1014.0
2026-08-05 10:53:00,PTON,,6.53000020980835,6.539999961853027,6.53000020980835,6.539999961853027,5538.0
2026-08-05 10:53:00,PWP,,17.389999389648438,17.389999389648438,17.360000610351562,17.389999389648438,1553.0
2026-08-05 10:53:00,PYPD,,4.409999847412109,4.409999847412109,4.409999847412109,4.409999847412109,702.0
2026-08-05 10:53:00,PYPL,,58.4900016784668,58.52000045776367,58.4900016784668,58.52000045776367,18265.0
2026-08-05 10:53:00,PYXS,,3.2300000190734863,3.2300000190734863,3.2300000190734863,3.2300000190734863,3593.0
2026-08-05 10:53:00,PZZA,,30.589599609375,30.589599609375,30.579999923706055,30.579999923706055,1742.0
2026-08-05 10:53:00,QCOM,,157.85499572753906,158.27999877929688,157.75010681152344,158.11000061035156,49323.0
2026-08-05 10:53:00,QFIN,,13.399999618530273,13.399999618530273,13.399999618530273,13.399999618530273,1549.0
2026-08-05 10:53:00,QRVO,,94.12999725341797,94.37999725341797,94.11000061035156,94.29000091552734,2178.0
2026-08-05 10:53:00,SEED,,0.9799000024795532,0.9800000190734863,0.9750000238418579,0.9799000024795532,4994.0
2026-08-05 10:53:00,STIM,,2.2750000953674316,2.2939000129699707,2.2750000953674316,2.2899999618530273,5448.0
2026-08-05 10:53:00,STKS,,1.75,1.7599999904632568,1.75,1.7589999437332153,624.0
2026-08-05 10:53:00,TARA,,4.039999961853027,4.039999961853027,4.039999961853027,4.039999961853027,201.0
2026-08-05 10:54:00,ACDC,,4.34499979019165,4.34499979019165,4.340000152587891,4.340000152587891,4570.0
2026-08-05 10:54:00,BPOP,,177.43499755859375,177.43499755859375,177.23880004882812,177.23880004882812,1033.0
2026-08-05 10:54:00,DTIL,,7.40500020980835,7.40500020980835,7.40500020980835,7.40500020980835,106.0
2026-08-05 10:54:00,EYE,,23.280000686645508,23.34000015258789,23.280000686645508,23.34000015258789,3735.0
2026-08-05 10:54:00,FRST,,16.420000076293945,16.420000076293945,16.420000076293945,16.420000076293945,1399.0
2026-08-05 10:54:00,GLUE,,15.9399995803833,15.949999809265137,15.914999961853027,15.9399995803833,5215.0
2026-08-05 10:54:00,KITT,,1.0700000524520874,1.0750000476837158,1.0700000524520874,1.0700000524520874,9409.0
2026-08-05 10:54:00,KTTA,,0.4756999909877777,0.4756999909877777,0.4756999909877777,0.4756999909877777,407.0
2026-08-05 10:54:00,MBRX,,0.4097999930381775,0.4097999930381775,0.4049000144004822,0.4097999930381775,1899.0
2026-08-05 10:54:00,MDB,,378.375,378.375,377.6499938964844,377.6499938964844,2063.0
2026-08-05 10:54:00,MDLZ,,61.880001068115234,61.95000076293945,61.869998931884766,61.95000076293945,10924.0
2026-08-05 10:54:00,MLTX,,17.56999969482422,17.56999969482422,17.565799713134766,17.565799713134766,348.0
2026-08-05 10:54:00,MNST,,94.8499984741211,94.8499984741211,94.8499984741211,94.8499984741211,3380.0
2026-08-05 10:54:00,MNTK,,1.7000000476837158,1.7000000476837158,1.7000000476837158,1.7000000476837158,357.0
2026-08-05 10:54:00,MORN,,201.15499877929688,201.15499877929688,201.15499877929688,201.15499877929688,380.0
2026-08-05 10:54:00,MOVE,,11.880000114440918,11.890000343322754,11.880000114440918,11.890000343322754,608.0
2026-08-05 10:54:00,MPWR,,1320.7099609375,1321.280029296875,1317.6099853515625,1319.1949462890625,793.0
2026-08-05 10:54:00,MRNA,,57.2400016784668,57.3125,57.224998474121094,57.27989959716797,8737.0
2026-08-05 10:54:00,MSGM,,4.46999979019165,4.46999979019165,4.46999979019165,4.46999979019165,613.0
2026-08-05 10:54:00,MYGN,,3.2249999046325684,3.2249999046325684,3.2200000286102295,3.2200000286102295,3428.0
2026-08-05 10:54:00,MYRG,,338.489990234375,338.489990234375,337.7699890136719,337.7749938964844,230.0
2026-08-05 10:54:00,NAMS,,26.68000030517578,26.68000030517578,26.68000030517578,26.68000030517578,287.0
2026-08-05 10:54:00,NAUT,,0.9641000032424927,0.9641000032424927,0.9641000032424927,0.9641000032424927,982.0
2026-08-05 10:54:00,NB,,5.03000020980835,5.03000020980835,5.010499954223633,5.014999866485596,5499.0
2026-08-05 10:54:00,NBIX,,164.0449981689453,164.0449981689453,163.8300018310547,163.8300018310547,1922.0
2026-08-05 10:54:00,NCPL,,0.41999998688697815,0.41999998688697815,0.41999998688697815,0.41999998688697815,602.0
2026-08-05 10:54:00,NCSM,,47.31999969482422,47.31999969482422,47.31999969482422,47.31999969482422,1074.0
2026-08-05 10:54:00,NDAQ,,95.30500030517578,95.38999938964844,95.30500030517578,95.38999938964844,2278.0
2026-08-05 10:54:00,NDLS,,17.988100051879883,17.988100051879883,17.988100051879883,17.988100051879883,601.0
2026-08-05 10:54:00,NDSN,,310.0299987792969,310.0299987792969,309.9700012207031,309.9700012207031,536.0
2026-08-05 10:54:00,NEGG,,16.90999984741211,16.90999984741211,16.90999984741211,16.90999984741211,253.0
2026-08-05 10:54:00,NEO,,16.170000076293945,16.170000076293945,16.155000686645508,16.155000686645508,2158.0
2026-08-05 10:54:00,NEOG,,11.604999542236328,11.625,11.600000381469727,11.625,3692.0
2026-08-05 10:54:00,NEOV,,2.9000000953674316,2.9000000953674316,2.8993000984191895,2.9000000953674316,4998.0
2026-08-05 10:54:00,NESR,,28.489999771118164,28.489999771118164,28.489999771118164,28.489999771118164,867.0
2026-08-05 10:54:00,NEXT,,6.389999866485596,6.389999866485596,6.389999866485596,6.389999866485596,1638.0
2026-08-05 10:54:00,NFE,,0.33309999108314514,0.33329999446868896,0.33309999108314514,0.33329999446868896,1748.0
2026-08-05 10:54:00,NFLX,,74.2699966430664,74.30999755859375,74.25869750976562,74.29499816894531,44659.0
2026-08-05 10:54:00,NICE,,96.22000122070312,96.22000122070312,96.08999633789062,96.08999633789062,3483.0
2026-08-05 10:54:00,NMFC,,7.329999923706055,7.335000038146973,7.329999923706055,7.329999923706055,2214.0
2026-08-05 10:54:00,NMIH,,44.54499816894531,44.54499816894531,44.54499816894531,44.54499816894531,1214.0
2026-08-05 10:54:00,NMRK,,15.720000267028809,15.720000267028809,15.720000267028809,15.720000267028809,624.0
2026-08-05 10:54:00,NN,,14.260000228881836,14.260000228881836,14.220600128173828,14.234999656677246,4428.0
2026-08-05 10:54:00,NNBR,,3.805000066757202,3.809999942779541,3.7899999618530273,3.7987000942230225,4783.0
2026-08-05 10:54:00,NNDM,,1.534999966621399,1.534999966621399,1.534999966621399,1.534999966621399,983.0
2026-08-05 10:54:00,NOVT,,156.89999389648438,156.89999389648438,156.89999389648438,156.89999389648438,531.0
2026-08-05 10:54:00,NRC,,19.540000915527344,19.540000915527344,19.540000915527344,19.540000915527344,204.0
2026-08-05 10:54:00,NRIM,,27.0,27.049999237060547,27.0,27.049999237060547,1061.0
2026-08-05 10:54:00,NRXP,,3.015000104904175,3.015000104904175,3.005000114440918,3.005000114440918,1193.0
2026-08-05 10:54:00,NSTS,,13.805000305175781,13.805000305175781,13.805000305175781,13.805000305175781,2000.0
2026-08-05 10:54:00,NSYS,,13.93649959564209,13.93649959564209,13.93649959564209,13.93649959564209,1145.0
2026-08-05 10:54:00,NTAP,,189.8300018310547,189.8300018310547,189.44000244140625,189.60000610351562,10318.0
2026-08-05 10:54:00,NTCT,,41.8849983215332,41.8849983215332,41.8849983215332,41.8849983215332,725.0
2026-08-05 10:54:00,NTES,,128.09849548339844,128.09849548339844,128.02000427246094,128.07000732421875,2836.0
2026-08-05 10:54:00,NTGR,,24.18000030517578,24.18000030517578,24.18000030517578,24.18000030517578,442.0
2026-08-05 10:54:00,NTNX,,60.93000030517578,60.93000030517578,60.869998931884766,60.93000030517578,1571.0
2026-08-05 10:54:00,NVAX,,7.659999847412109,7.659999847412109,7.650000095367432,7.650000095367432,892.0
2026-08-05 10:54:00,NVCR,,15.989999771118164,16.010000228881836,15.989999771118164,16.0,1499.0
2026-08-05 10:54:00,NVDA,,218.89999389648438,218.89999389648438,218.36000061035156,218.44500732421875,362927.0
2026-08-05 10:54:00,NVEC,,127.58499908447266,127.58499908447266,127.58499908447266,127.58499908447266,903.0
2026-08-05 10:54:00,NVMI,,403.1570129394531,403.1570129394531,403.1570129394531,403.1570129394531,204.0
2026-08-05 10:54:00,NVTS,,12.364999771118164,12.364999771118164,12.305000305175781,12.319999694824219,37821.0
2026-08-05 10:54:00,NWBI,,15.970000267028809,15.975000381469727,15.970000267028809,15.970000267028809,2235.0
2026-08-05 10:54:00,NWL,,6.111000061035156,6.119900226593018,6.074999809265137,6.085000038146973,92044.0
2026-08-05 10:54:00,NWS,,32.470001220703125,32.47999954223633,32.470001220703125,32.47999954223633,2218.0
2026-08-05 10:54:00,NWSA,,28.354999542236328,28.360000610351562,28.344999313354492,28.360000610351562,7682.0
2026-08-05 10:54:00,NXPI,,230.32000732421875,230.36000061035156,229.8000030517578,230.16000366210938,9062.0
2026-08-05 10:54:00,NXT,,97.62000274658203,97.6500015258789,97.28500366210938,97.28500366210938,2372.0
2026-08-05 10:54:00,NYXH,,1.4199999570846558,1.4199999570846558,1.4199999570846558,1.4199999570846558,1510.0
2026-08-05 10:54:00,OCFC,,19.84000015258789,19.84000015258789,19.84000015258789,19.84000015258789,581.0
2026-08-05 10:54:00,OCGN,,1.3049999475479126,1.3049999475479126,1.3049999475479126,1.3049999475479126,537.0
2026-08-05 10:54:00,OCS,,12.161399841308594,12.161399841308594,12.100000381469727,12.145000457763672,563.0
2026-08-05 10:54:00,OCUL,,8.600000381469727,8.600000381469727,8.595000267028809,8.595000267028809,1211.0
2026-08-05 10:54:00,ODD,,15.21500015258789,15.239999771118164,15.130000114440918,15.130000114440918,5372.0
2026-08-05 10:54:00,ODFL,,215.38999938964844,215.52999877929688,215.1999969482422,215.1999969482422,4018.0
2026-08-05 10:54:00,OESX,,15.640000343322754,15.670000076293945,15.533100128173828,15.533100128173828,2198.0
2026-08-05 10:54:00,OFIX,,10.854999542236328,10.880000114440918,10.829999923706055,10.829999923706055,2168.0
2026-08-05 10:54:00,OKTA,,148.6199951171875,148.6199951171875,148.3975067138672,148.3975067138672,1600.0
2026-08-05 10:54:00,OLLI,,78.61000061035156,78.62000274658203,78.36000061035156,78.36000061035156,8281.0
2026-08-05 10:54:00,OMCL,,37.369998931884766,37.369998931884766,37.369998931884766,37.369998931884766,400.0
2026-08-05 10:54:00,OMER,,12.880000114440918,12.880000114440918,12.859999656677246,12.859999656677246,2973.0
2026-08-05 10:54:00,OMH,,0.11100000143051147,0.11100000143051147,0.11089999973773956,0.11089999973773956,5607.0
2026-08-05 10:54:00,ON,,77.37000274658203,77.37000274658203,77.21289825439453,77.23999786376953,27199.0
2026-08-05 10:54:00,ONB,,27.084999084472656,27.100000381469727,27.084999084472656,27.093599319458008,15784.0
2026-08-05 10:54:00,ONDS,,8.795000076293945,8.800000190734863,8.755000114440918,8.755000114440918,227774.0
2026-08-05 10:54:00,ONFO,,0.07400000095367432,0.07400000095367432,0.0729999989271164,0.0737999975681305,50587.0
2026-08-05 10:54:00,OPCH,,23.46500015258789,23.469999313354492,23.46500015258789,23.469999313354492,1007.0
2026-08-05 10:54:00,OPEN,,3.875,3.880000114440918,3.859999895095825,3.869999885559082,166899.0
2026-08-05 10:54:00,OPHC,,8.699999809265137,8.699999809265137,8.699999809265137,8.699999809265137,205.0
2026-08-05 10:54:00,OPK,,1.3200000524520874,1.3250000476837158,1.3200000524520874,1.3250000476837158,1152.0
2026-08-05 10:54:00,OPRA,,20.040000915527344,20.040000915527344,20.040000915527344,20.040000915527344,431.0
2026-08-05 10:54:00,OPRT,,6.139999866485596,6.15500020980835,6.139999866485596,6.15500020980835,6016.0
2026-08-05 10:54:00,OPXS,,11.71500015258789,11.71500015258789,11.71500015258789,11.71500015258789,1404.0
2026-08-05 10:54:00,ORGO,,2.384999990463257,2.384999990463257,2.384999990463257,2.384999990463257,400.0
2026-08-05 10:54:00,ORIC,,13.369999885559082,13.369999885559082,13.335000038146973,13.335000038146973,1741.0
2026-08-05 10:54:00,ORLY,,93.54000091552734,93.66000366210938,93.54000091552734,93.66000366210938,15222.0
2026-08-05 10:54:00,OSBC,,25.850000381469727,25.850000381469727,25.829999923706055,25.829999923706055,2160.0
2026-08-05 10:54:00,OSIS,,233.66000366210938,233.66000366210938,233.66000366210938,233.66000366210938,334.0
2026-08-05 10:54:00,OSS,,13.960000038146973,13.984999656677246,13.899999618530273,13.920000076293945,3281.0
2026-08-05 10:54:00,OSW,,26.6200008392334,26.6200008392334,26.610000610351562,26.610000610351562,911.0
2026-08-05 10:54:00,OTEX,,25.979999542236328,25.979999542236328,25.959999084472656,25.959999084472656,2530.0
2026-08-05 10:54:00,OTLK,,1.0049999952316284,1.0099999904632568,1.0,1.0,1616.0
2026-08-05 10:54:00,OTLY,,14.430000305175781,14.430000305175781,14.430000305175781,14.430000305175781,179.0
2026-08-05 10:54:00,OTTR,,91.72000122070312,91.83000183105469,91.72000122070312,91.83000183105469,1142.0
2026-08-05 10:54:00,OVID,,2.6050000190734863,2.6050000190734863,2.6050000190734863,2.6050000190734863,948.0
2026-08-05 10:54:00,OXLC,,9.079999923706055,9.0802001953125,9.079999923706055,9.0802001953125,400.0
2026-08-05 10:54:00,OXSQ,,1.4800000190734863,1.4800000190734863,1.4800000190734863,1.4800000190734863,3240.0
2026-08-05 10:54:00,PAA,,23.139999389648438,23.155000686645508,23.135000228881836,23.135000228881836,3890.0
2026-08-05 10:54:00,PAAS,,48.25,48.25,48.0,48.040000915527344,44811.0
2026-08-05 10:54:00,PACB,,1.4249999523162842,1.4249999523162842,1.4199999570846558,1.4199999570846558,2649.0
2026-08-05 10:54:00,PAGP,,25.06999969482422,25.06999969482422,25.065000534057617,25.065000534057617,1401.0
2026-08-05 10:54:00,PALI,,2.0899999141693115,2.0899999141693115,2.0799999237060547,2.0899999141693115,1347.0
2026-08-05 10:54:00,PANL,,7.324999809265137,7.324999809265137,7.320000171661377,7.320000171661377,1223.0
2026-08-05 10:54:00,PANW,,367.29998779296875,367.5400085449219,366.635009765625,366.9200134277344,10310.0
2026-08-05 10:54:00,PATK,,87.69999694824219,87.79000091552734,87.69999694824219,87.79000091552734,467.0
2026-08-05 10:54:00,PAVM,,5.182700157165527,5.182700157165527,5.182700157165527,5.182700157165527,290.0
2026-08-05 10:54:00,PAX,,11.510000228881836,11.515000343322754,11.510000228881836,11.515000343322754,8022.0
2026-08-05 10:54:00,PAYO,,7.119999885559082,7.130000114440918,7.119999885559082,7.119999885559082,1476.0
2026-08-05 10:54:00,PAYS,,9.295000076293945,9.295000076293945,9.295000076293945,9.295000076293945,561.0
2026-08-05 10:54:00,PAYX,,117.69000244140625,117.75,117.66500091552734,117.68000030517578,4565.0
2026-08-05 10:54:00,PCAR,,133.77999877929688,133.80499267578125,133.55999755859375,133.64999389648438,7227.0
2026-08-05 10:54:00,PCRX,,25.40999984741211,25.40999984741211,25.40999984741211,25.40999984741211,702.0
2026-08-05 10:54:00,PCT,,6.889999866485596,6.889999866485596,6.885000228881836,6.885000228881836,10786.0
2026-08-05 10:54:00,PCTY,,148.14500427246094,148.1999969482422,147.9550018310547,147.9550018310547,1829.0
2026-08-05 10:54:00,PDD,,91.77999877929688,91.77999877929688,91.71499633789062,91.71499633789062,10421.0
2026-08-05 10:54:00,PDEX,,67.5,67.5,67.41999816894531,67.41999816894531,4249.0
2026-08-05 10:54:00,PDFS,,49.689998626708984,49.689998626708984,49.68000030517578,49.68000030517578,2101.0
2026-08-05 10:54:00,PECO,,41.279998779296875,41.35499954223633,41.279998779296875,41.35499954223633,3348.0
2026-08-05 10:54:00,PEGA,,31.799999237060547,31.799999237060547,31.760000228881836,31.760000228881836,1282.0
2026-08-05 10:54:00,PENN,,19.93000030517578,19.940000534057617,19.93000030517578,19.940000534057617,1347.0
2026-08-05 10:54:00,PEP,,138.4600067138672,138.6199951171875,138.4600067138672,138.6199951171875,6997.0
2026-08-05 10:54:00,PERI,,9.585000038146973,9.595000267028809,9.585000038146973,9.595000267028809,1576.0
2026-08-05 10:54:00,PFG,,115.01010131835938,115.125,115.01010131835938,115.125,2227.0
2026-08-05 10:54:00,PGEN,,6.954999923706055,6.954999923706055,6.934999942779541,6.954999923706055,35956.0
2026-08-05 10:54:00,PGY,,21.704999923706055,21.704999923706055,21.690000534057617,21.690000534057617,844.0
2026-08-05 10:54:00,PHVS,,32.97999954223633,32.97999954223633,32.97999954223633,32.97999954223633,237.0
2026-08-05 10:54:00,PIII,,9.925000190734863,10.140000343322754,9.920000076293945,10.140000343322754,2481.0
2026-08-05 10:54:00,PLAB,,31.860000610351562,31.860000610351562,31.860000610351562,31.860000610351562,1350.0
2026-08-05 10:54:00,PLSE,,36.775001525878906,36.775001525878906,36.775001525878906,36.775001525878906,323.0
2026-08-05 10:54:00,PLTK,,4.025000095367432,4.025000095367432,4.025000095367432,4.025000095367432,519.0
2026-08-05 10:54:00,PLUG,,2.0999999046325684,2.0999999046325684,2.0899999141693115,2.0899999141693115,39614.0
2026-08-05 10:54:00,PNBK,,1.1200000047683716,1.1200000047683716,1.1150000095367432,1.1150000095367432,1082.0
2026-08-05 10:54:00,PNRG,,184.0,184.0,183.8000030517578,183.8000030517578,4514.0
2026-08-05 10:54:00,PNTG,,38.70000076293945,38.82500076293945,38.70000076293945,38.709999084472656,1064.0
2026-08-05 10:54:00,POCI,,4.25,4.25,4.25,4.25,1825.0
2026-08-05 10:54:00,POET,,8.199999809265137,8.199999809265137,8.154999732971191,8.154999732971191,26287.0
2026-08-05 10:54:00,POOL,,203.6649932861328,203.6750030517578,203.5,203.5,884.0
2026-08-05 10:54:00,POWI,,61.97999954223633,61.97999954223633,61.97999954223633,61.97999954223633,664.0
2026-08-05 10:54:00,POWL,,208.33999633789062,208.33999633789062,206.33009338378906,206.33009338378906,2128.0
2026-08-05 10:54:00,PPC,,26.81999969482422,26.81999969482422,26.809999465942383,26.809999465942383,1395.0
2026-08-05 10:54:00,PPTA,,22.649999618530273,22.649999618530273,22.545000076293945,22.545000076293945,2051.0
2026-08-05 10:54:00,PRAA,,17.3700008392334,17.3700008392334,17.3700008392334,17.3700008392334,904.0
2026-08-05 10:54:00,PRCH,,16.174999237060547,16.174999237060547,16.170000076293945,16.170000076293945,1274.0
2026-08-05 10:54:00,PRCT,,19.155000686645508,19.2549991607666,19.155000686645508,19.239999771118164,23243.0
2026-08-05 10:54:00,PRDO,,33.25,33.282501220703125,33.25,33.279998779296875,2734.0
2026-08-05 10:54:00,PRIM,,86.88999938964844,87.125,86.87999725341797,87.125,777.0
2026-08-05 10:54:00,PRME,,2.9600000381469727,2.9600000381469727,2.9549999237060547,2.9549999237060547,1265.0
2026-08-05 10:54:00,PROV,,18.0,18.0,18.0,18.0,260.0
2026-08-05 10:54:00,PRQR,,1.9049999713897705,1.9049999713897705,1.9049999713897705,1.9049999713897705,644.0
2026-08-05 10:54:00,PRTA,,8.5600004196167,8.5600004196167,8.555000305175781,8.555000305175781,571.0
2026-08-05 10:54:00,PSEC,,2.194999933242798,2.194999933242798,2.194999933242798,2.194999933242798,1489.0
2026-08-05 10:54:00,PSNL,,13.505000114440918,13.505000114440918,13.489999771118164,13.489999771118164,1052.0
2026-08-05 10:54:00,PTC,,141.1999969482422,141.1999969482422,140.89999389648438,141.07000732421875,4059.0
2026-08-05 10:54:00,PTEN,,9.800999641418457,9.8100004196167,9.789999961853027,9.789999961853027,6030.0
2026-08-05 10:54:00,PTON,,6.534999847412109,6.534999847412109,6.53000020980835,6.53000020980835,5694.0
2026-08-05 10:54:00,PUBM,,13.710000038146973,13.710000038146973,13.710000038146973,13.710000038146973,446.0
2026-08-05 10:54:00,PWP,,17.3799991607666,17.40999984741211,17.3799991607666,17.40999984741211,702.0
2026-08-05 10:54:00,PYPL,,58.52000045776367,58.529998779296875,58.51499938964844,58.51499938964844,6022.0
2026-08-05 10:54:00,PYXS,,3.2300000190734863,3.2300000190734863,3.222100019454956,3.2300000190734863,2444.0
2026-08-05 10:54:00,PZZA,,30.59000015258789,30.59000015258789,30.59000015258789,30.59000015258789,536.0
2026-08-05 10:54:00,QCOM,,158.01499938964844,158.01499938964844,157.77000427246094,157.9199981689453,21290.0
2026-08-05 10:54:00,QFIN,,13.407999992370605,13.407999992370605,13.390000343322754,13.390000343322754,1718.0
2026-08-05 10:54:00,QRVO,,94.19000244140625,94.19000244140625,94.16000366210938,94.16000366210938,773.0
2026-08-05 10:54:00,SEED,,0.9750000238418579,0.9750000238418579,0.9609000086784363,0.9750000238418579,1134.0
2026-08-05 10:54:00,STIM,,2.2750000953674316,2.2750000953674316,2.2750000953674316,2.2750000953674316,746.0
2026-08-05 10:54:00,STKS,,1.7580000162124634,1.7580000162124634,1.7580000162124634,1.7580000162124634,930.0
2026-08-05 10:54:00,TARA,,4.039999961853027,4.039999961853027,4.039999961853027,4.039999961853027,111.0
2026-08-05 10:54:00,WOOF,,2.944999933242798,2.9500999450683594,2.940000057220459,2.950000047683716,18871.0
2026-08-05 10:55:00,CNXN,,84.69000244140625,84.69000244140625,84.69000244140625,84.69000244140625,374.0
2026-08-05 10:55:00,DTIL,,7.440000057220459,7.440000057220459,7.429999828338623,7.429999828338623,296.0
2026-08-05 10:55:00,EYE,,23.280000686645508,23.280000686645508,23.270000457763672,23.270000457763672,1675.0
2026-08-05 10:55:00,GLUE,,15.9350004196167,15.9350004196167,15.930000305175781,15.930000305175781,1133.0
2026-08-05 10:55:00,KIDS,,21.420000076293945,21.469999313354492,21.420000076293945,21.469999313354492,405.0
2026-08-05 10:55:00,LUNG,,1.8799999952316284,1.8799999952316284,1.8799999952316284,1.8799999952316284,326.0
2026-08-05 10:55:00,MBRX,,0.4068000018596649,0.4097999930381775,0.4049000144004822,0.4049000144004822,730.0
2026-08-05 10:55:00,MCRI,,125.48500061035156,125.48500061035156,125.48500061035156,125.48500061035156,188.0
2026-08-05 10:55:00,MDB,,378.3800048828125,378.3800048828125,378.1499938964844,378.375,567.0
2026-08-05 10:55:00,MDLZ,,61.85900115966797,61.88999938964844,61.849998474121094,61.880001068115234,14142.0
2026-08-05 10:55:00,MLTX,,17.559999465942383,17.579999923706055,17.559999465942383,17.579999923706055,619.0
2026-08-05 10:55:00,MNST,,94.70999908447266,94.77999877929688,94.70999908447266,94.77999877929688,1972.0
2026-08-05 10:55:00,MNTS,,4.34499979019165,4.34499979019165,4.34499979019165,4.34499979019165,612.0
2026-08-05 10:55:00,MORN,,200.94000244140625,200.94000244140625,200.94000244140625,200.94000244140625,888.0
2026-08-05 10:55:00,MOVE,,11.8149995803833,11.8149995803833,11.75,11.75,774.0
2026-08-05 10:55:00,MPWR,,1320.6700439453125,1320.969970703125,1318.010009765625,1320.969970703125,540.0
2026-08-05 10:55:00,MRNA,,57.185001373291016,57.27000045776367,57.119998931884766,57.27000045776367,9894.0
2026-08-05 10:55:00,MYGN,,3.2300000190734863,3.2300000190734863,3.2249999046325684,3.2249999046325684,504.0
2026-08-05 10:55:00,MYRG,,338.489990234375,338.489990234375,336.5899963378906,336.5899963378906,244.0
2026-08-05 10:55:00,NAMS,,26.649999618530273,26.649999618530273,26.649999618530273,26.649999618530273,581.0
2026-08-05 10:55:00,NAUT,,0.9602000117301941,0.9621999859809875,0.9602000117301941,0.9621999859809875,6640.0
2026-08-05 10:55:00,NAVI,,9.104999542236328,9.109999656677246,9.104999542236328,9.109999656677246,750.0
2026-08-05 10:55:00,NB,,5.034999847412109,5.034999847412109,5.020899772644043,5.03000020980835,12715.0
2026-08-05 10:55:00,NBIX,,164.05999755859375,164.05999755859375,164.05999755859375,164.05999755859375,161.0
2026-08-05 10:55:00,NCMI,,4.119999885559082,4.119999885559082,4.110000133514404,4.119999885559082,2744.0
2026-08-05 10:55:00,NDAQ,,95.37000274658203,95.37000274658203,95.37000274658203,95.37000274658203,1017.0
2026-08-05 10:55:00,NDSN,,310.1742858886719,310.1742858886719,310.1742858886719,310.1742858886719,112.0
2026-08-05 10:55:00,NEGG,,16.969999313354492,16.969999313354492,16.950000762939453,16.950000762939453,300.0
2026-08-05 10:55:00,NEO,,16.15999984741211,16.15999984741211,16.15999984741211,16.15999984741211,1963.0
2026-08-05 10:55:00,NEOG,,11.585000038146973,11.595000267028809,11.574999809265137,11.59000015258789,13770.0
2026-08-05 10:55:00,NEOV,,2.9100000858306885,2.9100000858306885,2.890000104904175,2.890000104904175,3292.0
2026-08-05 10:55:00,NESR,,28.514999389648438,28.520000457763672,28.510000228881836,28.510000228881836,1148.0
2026-08-05 10:55:00,NEXT,,6.409999847412109,6.409999847412109,6.394999980926514,6.400000095367432,5556.0
2026-08-05 10:55:00,NFE,,0.33320000767707825,0.33320000767707825,0.33320000767707825,0.33320000767707825,5041.0
2026-08-05 10:55:00,NFLX,,74.30999755859375,74.30999755859375,74.25499725341797,74.2699966430664,33960.0
2026-08-05 10:55:00,NIU,,2.505000114440918,2.505000114440918,2.5,2.5,412.0
2026-08-05 10:55:00,NKTR,,72.93499755859375,72.93499755859375,72.93499755859375,72.93499755859375,124.0
2026-08-05 10:55:00,NMFC,,7.324999809265137,7.324999809265137,7.320000171661377,7.320000171661377,3366.0
2026-08-05 10:55:00,NMRK,,15.710000038146973,15.710000038146973,15.710000038146973,15.710000038146973,1439.0
2026-08-05 10:55:00,NMTC,,1.6101000308990479,1.6200000047683716,1.6101000308990479,1.6200000047683716,832.0
2026-08-05 10:55:00,NN,,14.260000228881836,14.28499984741211,14.260000228881836,14.279999732971191,7819.0
2026-08-05 10:55:00,NNBR,,3.809999942779541,3.809999942779541,3.799999952316284,3.799999952316284,894.0
2026-08-05 10:55:00,NNDM,,1.534999966621399,1.534999966621399,1.534999966621399,1.534999966621399,1957.0
2026-08-05 10:55:00,NNOX,,1.0104000568389893,1.0104000568389893,1.0104000568389893,1.0104000568389893,1146.0
2026-08-05 10:55:00,NODK,,15.5,15.5,15.5,15.5,600.0
2026-08-05 10:55:00,NOVT,,157.27000427246094,157.27000427246094,157.26499938964844,157.26499938964844,839.0
2026-08-05 10:55:00,NRDS,,9.239999771118164,9.239999771118164,9.239999771118164,9.239999771118164,576.0
2026-08-05 10:55:00,NRIX,,24.719999313354492,24.719999313354492,24.649999618530273,24.649999618530273,1768.0
2026-08-05 10:55:00,NRSN,,0.534500002861023,0.534500002861023,0.534500002861023,0.534500002861023,1801.0
2026-08-05 10:55:00,NRXP,,3.029900074005127,3.029900074005127,3.0199999809265137,3.0199999809265137,1044.0
2026-08-05 10:55:00,NSTS,,13.805000305175781,13.805000305175781,13.800000190734863,13.800000190734863,1530.0
2026-08-05 10:55:00,NTAP,,189.81500244140625,189.875,189.77999877929688,189.875,2619.0
2026-08-05 10:55:00,NTCT,,41.93000030517578,41.939998626708984,41.93000030517578,41.939998626708984,989.0
2026-08-05 10:55:00,NTES,,128.2100067138672,128.2100067138672,128.03500366210938,128.10000610351562,5250.0
2026-08-05 10:55:00,NTGR,,24.264999389648438,24.264999389648438,24.219999313354492,24.219999313354492,896.0
2026-08-05 10:55:00,NTNX,,61.040000915527344,61.040000915527344,60.95000076293945,60.959999084472656,6242.0
2026-08-05 10:55:00,NTRA,,276.3500061035156,276.3500061035156,276.3500061035156,276.3500061035156,302.0
2026-08-05 10:55:00,NUWE,,1.781999945640564,1.781999945640564,1.781999945640564,1.781999945640564,2928.0
2026-08-05 10:55:00,NVAX,,7.670000076293945,7.670000076293945,7.659999847412109,7.659999847412109,2671.0
2026-08-05 10:55:00,NVCT,,20.104999542236328,20.104999542236328,20.104999542236328,20.104999542236328,600.0
2026-08-05 10:55:00,NVDA,,218.6199951171875,218.95399475097656,218.5500030517578,218.88499450683594,331919.0
2026-08-05 10:55:00,NVTS,,12.364999771118164,12.380000114440918,12.34000015258789,12.380000114440918,23218.0
2026-08-05 10:55:00,NWBI,,15.960000038146973,15.970000267028809,15.960000038146973,15.970000267028809,5057.0
2026-08-05 10:55:00,NWE,,68.65989685058594,68.65989685058594,68.65989685058594,68.65989685058594,201.0
2026-08-05 10:55:00,NWL,,6.119999885559082,6.119999885559082,6.119999885559082,6.119999885559082,1963.0
2026-08-05 10:55:00,NWS,,32.4900016784668,32.4900016784668,32.4900016784668,32.4900016784668,1096.0
2026-08-05 10:55:00,NWSA,,28.3700008392334,28.375,28.360000610351562,28.360000610351562,3447.0
2026-08-05 10:55:00,NXPI,,230.3300018310547,230.63999938964844,229.9499969482422,230.3249969482422,3213.0
2026-08-05 10:55:00,NXST,,192.1300048828125,192.1300048828125,192.0800018310547,192.0800018310547,1280.0
2026-08-05 10:55:00,NXT,,97.63999938964844,97.7699966430664,97.55000305175781,97.76000213623047,2310.0
2026-08-05 10:55:00,NXTC,,5.289999961853027,5.374300003051758,5.289999961853027,5.374300003051758,1635.0
2026-08-05 10:55:00,OCFC,,19.834999084472656,19.834999084472656,19.834999084472656,19.834999084472656,919.0
2026-08-05 10:55:00,OCGN,,1.3049999475479126,1.309999942779541,1.3049999475479126,1.309999942779541,1737.0
2026-08-05 10:55:00,OCUL,,8.595000267028809,8.595000267028809,8.595000267028809,8.595000267028809,273.0
2026-08-05 10:55:00,ODD,,15.1899995803833,15.1899995803833,15.1899995803833,15.1899995803833,952.0
2026-08-05 10:55:00,ODFL,,215.60000610351562,215.60000610351562,215.38999938964844,215.38999938964844,3135.0
2026-08-05 10:55:00,OESX,,15.899999618530273,15.899999618530273,15.550000190734863,15.899999618530273,4243.0
2026-08-05 10:55:00,OKTA,,148.64500427246094,148.64500427246094,148.52499389648438,148.52499389648438,855.0
2026-08-05 10:55:00,OLLI,,78.69999694824219,78.69999694824219,78.66999816894531,78.66999816894531,2098.0
2026-08-05 10:55:00,OLMA,,11.636300086975098,11.636300086975098,11.619999885559082,11.619999885559082,2299.0
2026-08-05 10:55:00,OMEX,,0.7400000095367432,0.7436000108718872,0.7400000095367432,0.7436000108718872,1189.0
2026-08-05 10:55:00,OMH,,0.11079999804496765,0.11079999804496765,0.11079999804496765,0.11079999804496765,26430.0
2026-08-05 10:55:00,ON,,77.45999908447266,77.45999908447266,77.29000091552734,77.41999816894531,21937.0
2026-08-05 10:55:00,ONB,,27.104999542236328,27.104999542236328,27.084999084472656,27.084999084472656,5748.0
2026-08-05 10:55:00,ONDS,,8.78499984741211,8.800000190734863,8.770099639892578,8.795000076293945,134962.0
2026-08-05 10:55:00,ONFO,,0.07370000332593918,0.07400000095367432,0.07349999994039536,0.0738999992609024,25556.0
2026-08-05 10:55:00,OPCH,,23.469999313354492,23.469999313354492,23.459999084472656,23.459999084472656,1952.0
2026-08-05 10:55:00,OPEN,,3.875,3.880000114440918,3.869999885559082,3.8761000633239746,69673.0
2026-08-05 10:55:00,OPRA,,20.1200008392334,20.1200008392334,20.059999465942383,20.059999465942383,2274.0
2026-08-05 10:55:00,OPRT,,6.119999885559082,6.130000114440918,6.119999885559082,6.130000114440918,415.0
2026-08-05 10:55:00,OPXS,,11.869999885559082,11.880000114440918,11.856800079345703,11.880000114440918,2678.0
2026-08-05 10:55:00,ORIC,,13.369999885559082,13.369999885559082,13.369999885559082,13.369999885559082,416.0
2026-08-05 10:55:00,ORLY,,93.54000091552734,93.5999984741211,93.51000213623047,93.54000091552734,12619.0
2026-08-05 10:55:00,ORMP,,4.449999809265137,4.449999809265137,4.449999809265137,4.449999809265137,188.0
2026-08-05 10:55:00,ORRF,,43.470001220703125,43.470001220703125,43.470001220703125,43.470001220703125,862.0
2026-08-05 10:55:00,OSIS,,233.7100067138672,233.7100067138672,233.7100067138672,233.7100067138672,893.0
2026-08-05 10:55:00,OSS,,13.970000267028809,13.979999542236328,13.920000076293945,13.979999542236328,11273.0
2026-08-05 10:55:00,OSUR,,4.164999961853027,4.164999961853027,4.164999961853027,4.164999961853027,813.0
2026-08-05 10:55:00,OTEX,,26.0,26.0,25.975000381469727,25.979999542236328,1270.0
2026-08-05 10:55:00,OTLK,,1.000100016593933,1.0099999904632568,1.000100016593933,1.0051000118255615,11318.0
2026-08-05 10:55:00,OTTR,,91.58499908447266,91.58499908447266,91.58499908447266,91.58499908447266,3772.0
2026-08-05 10:55:00,OXLC,,9.079999923706055,9.079999923706055,9.079999923706055,9.079999923706055,1389.0
2026-08-05 10:55:00,OXSQ,,1.4800000190734863,1.48989999294281,1.4800000190734863,1.4800000190734863,2216.0
2026-08-05 10:55:00,PAA,,23.125,23.145000457763672,23.1200008392334,23.139999389648438,6548.0
2026-08-05 10:55:00,PAAS,,48.20000076293945,48.255001068115234,48.15999984741211,48.255001068115234,14391.0
2026-08-05 10:55:00,PACB,,1.4249999523162842,1.4249999523162842,1.4199999570846558,1.4249999523162842,29607.0
2026-08-05 10:55:00,PAGP,,25.065000534057617,25.06999969482422,25.065000534057617,25.06999969482422,1872.0
2026-08-05 10:55:00,PALI,,2.075000047683716,2.0850000381469727,2.075000047683716,2.0850000381469727,9184.0
2026-08-05 10:55:00,PANW,,366.614990234375,367.29998779296875,366.5899963378906,367.29998779296875,6370.0
2026-08-05 10:55:00,PATK,,87.76000213623047,87.76000213623047,87.76000213623047,87.76000213623047,494.0
2026-08-05 10:55:00,PAX,,11.5,11.5,11.494999885559082,11.5,3111.0
2026-08-05 10:55:00,PAYO,,7.125,7.130000114440918,7.119999885559082,7.119999885559082,14846.0
2026-08-05 10:55:00,PAYS,,9.295000076293945,9.295000076293945,9.295000076293945,9.295000076293945,251.0
2026-08-05 10:55:00,PAYX,,117.75,117.75,117.75,117.75,2123.0
2026-08-05 10:55:00,PCAR,,133.86000061035156,133.86000061035156,133.74000549316406,133.80999755859375,4382.0
2026-08-05 10:55:00,PCB,,28.219999313354492,28.270000457763672,28.200000762939453,28.270000457763672,1064.0
2026-08-05 10:55:00,PCRX,,25.3799991607666,25.3799991607666,25.3799991607666,25.3799991607666,338.0
2026-08-05 10:55:00,PCT,,6.909999847412109,6.909999847412109,6.900000095367432,6.900000095367432,3972.0
2026-08-05 10:55:00,PCTY,,148.14500427246094,148.19000244140625,148.14500427246094,148.14500427246094,607.0
2026-08-05 10:55:00,PDD,,91.83999633789062,91.83999633789062,91.7699966430664,91.7699966430664,15331.0
2026-08-05 10:55:00,PECO,,41.27000045776367,41.28499984741211,41.27000045776367,41.28499984741211,564.0
2026-08-05 10:55:00,PEGA,,31.760000228881836,31.80500030517578,31.729999542236328,31.799999237060547,11423.0
2026-08-05 10:55:00,PENN,,19.94499969482422,19.94499969482422,19.93000030517578,19.93000030517578,1904.0
2026-08-05 10:55:00,PEP,,138.3699951171875,138.4199981689453,138.30999755859375,138.4199981689453,16944.0
2026-08-05 10:55:00,PEPG,,1.909999966621399,1.9149999618530273,1.909999966621399,1.9149999618530273,2505.0
2026-08-05 10:55:00,PERI,,9.59000015258789,9.59000015258789,9.579999923706055,9.579999923706055,1131.0
2026-08-05 10:55:00,PESI,,17.8700008392334,17.8700008392334,17.8700008392334,17.8700008392334,544.0
2026-08-05 10:55:00,PFG,,114.83000183105469,114.93000030517578,114.83000183105469,114.93000030517578,1628.0
2026-08-05 10:55:00,PGEN,,6.919899940490723,6.954999923706055,6.900000095367432,6.954999923706055,37621.0
2026-08-05 10:55:00,PGNY,,31.600000381469727,31.600000381469727,31.600000381469727,31.600000381469727,667.0
2026-08-05 10:55:00,PGY,,21.68000030517578,21.71500015258789,21.68000030517578,21.71500015258789,4143.0
2026-08-05 10:55:00,PHAT,,8.484999656677246,8.484999656677246,8.484999656677246,8.484999656677246,175.0
2026-08-05 10:55:00,PHVS,,32.880001068115234,32.880001068115234,32.880001068115234,32.880001068115234,107.0
2026-08-05 10:55:00,PLAB,,31.899999618530273,31.899999618530273,31.899999618530273,31.899999618530273,667.0
2026-08-05 10:55:00,PLBY,,1.1497999429702759,1.1497999429702759,1.1497999429702759,1.1497999429702759,152.0
2026-08-05 10:55:00,PLTK,,4.025000095367432,4.025000095367432,4.025000095367432,4.025000095367432,555.0
2026-08-05 10:55:00,PLUG,,2.1050000190734863,2.109999895095825,2.0950000286102295,2.0999999046325684,344888.0
2026-08-05 10:55:00,PMN,,13.199999809265137,13.199999809265137,13.199999809265137,13.199999809265137,195.0
2026-08-05 10:55:00,PNFP,,108.22000122070312,108.22000122070312,108.19000244140625,108.19000244140625,2048.0
2026-08-05 10:55:00,PNTG,,38.79499816894531,38.79499816894531,38.79499816894531,38.79499816894531,434.0
2026-08-05 10:55:00,POET,,8.1899995803833,8.204999923706055,8.1850004196167,8.204999923706055,11655.0
2026-08-05 10:55:00,PPTA,,22.579999923706055,22.639999389648438,22.579999923706055,22.639999389648438,4245.0
2026-08-05 10:55:00,PRAX,,311.7749938964844,311.7900085449219,311.7749938964844,311.7749938964844,302.0
2026-08-05 10:55:00,PRCH,,16.15999984741211,16.174999237060547,16.15999984741211,16.15999984741211,730.0
2026-08-05 10:55:00,PRCT,,19.149999618530273,19.155000686645508,19.149999618530273,19.155000686645508,3114.0
2026-08-05 10:55:00,PRDO,,33.22999954223633,33.23500061035156,33.22999954223633,33.23500061035156,338.0
2026-08-05 10:55:00,PRIM,,86.74500274658203,87.18000030517578,86.74500274658203,87.18000030517578,5027.0
2026-08-05 10:55:00,PRME,,2.9549999237060547,2.9549999237060547,2.9549999237060547,2.9549999237060547,2296.0
2026-08-05 10:55:00,PROF,,8.119999885559082,8.119999885559082,8.119999885559082,8.119999885559082,252.0
2026-08-05 10:55:00,PRQR,,1.9049999713897705,1.9049999713897705,1.9049999713897705,1.9049999713897705,253.0
2026-08-05 10:55:00,PRTA,,8.5649995803833,8.5649995803833,8.5649995803833,8.5649995803833,1279.0
2026-08-05 10:55:00,PSEC,,2.194999933242798,2.194999933242798,2.1900999546051025,2.1900999546051025,859.0
2026-08-05 10:55:00,PSNL,,13.5,13.5,13.5,13.5,1058.0
2026-08-05 10:55:00,PSNY,,14.010000228881836,14.010000228881836,14.010000228881836,14.010000228881836,239.0
2026-08-05 10:55:00,PTC,,141.27000427246094,141.32000732421875,141.10000610351562,141.32000732421875,1157.0
2026-08-05 10:55:00,PTCT,,69.5199966430664,69.5199966430664,69.5199966430664,69.5199966430664,474.0
2026-08-05 10:55:00,PTEN,,9.805000305175781,9.8100004196167,9.795000076293945,9.8100004196167,3217.0
2026-08-05 10:55:00,PTLO,,4.607800006866455,4.607800006866455,4.607800006866455,4.607800006866455,458.0
2026-08-05 10:55:00,PTON,,6.545000076293945,6.545000076293945,6.53000020980835,6.534999847412109,18181.0
2026-08-05 10:55:00,PWP,,17.43000030517578,17.43000030517578,17.420000076293945,17.420000076293945,1860.0
2026-08-05 10:55:00,PYPL,,58.52000045776367,58.52000045776367,58.5,58.52000045776367,9914.0
2026-08-05 10:55:00,PYXS,,3.2300000190734863,3.2300000190734863,3.2300000190734863,3.2300000190734863,179.0
2026-08-05 10:55:00,PZZA,,30.579999923706055,30.579999923706055,30.55500030517578,30.56999969482422,1194.0
2026-08-05 10:55:00,QCOM,,158.0800018310547,158.14500427246094,157.91000366210938,158.0500030517578,17887.0
2026-08-05 10:55:00,QFIN,,13.399999618530273,13.399999618530273,13.390000343322754,13.399999618530273,461.0
2026-08-05 10:55:00,QRVO,,94.18499755859375,94.22000122070312,94.18000030517578,94.18000030517578,592.0
2026-08-05 10:55:00,SEED,,0.9750000238418579,0.9750000238418579,0.9703999757766724,0.9703999757766724,357.0
2026-08-05 10:55:00,STIM,,2.2799999713897705,2.2799999713897705,2.2799999713897705,2.2799999713897705,1438.0
2026-08-05 10:55:00,TARA,,4.039999961853027,4.039999961853027,4.039999961853027,4.039999961853027,112.0
2026-08-05 10:56:00,ACDC,,4.335000038146973,4.340000152587891,4.335000038146973,4.340000152587891,1814.0
2026-08-05 10:56:00,DTIL,,7.449999809265137,7.460000038146973,7.434999942779541,7.460000038146973,1253.0
2026-08-05 10:56:00,EYE,,23.309999465942383,23.309999465942383,23.299999237060547,23.299999237060547,1402.0
2026-08-05 10:56:00,GLUE,,15.949999809265137,15.949999809265137,15.949999809265137,15.949999809265137,2031.0
2026-08-05 10:56:00,KIDS,,21.295000076293945,21.40999984741211,21.03499984741211,21.40999984741211,2237.0
2026-08-05 10:56:00,MDB,,378.8399963378906,378.8500061035156,378.4049987792969,378.8399963378906,2718.0
2026-08-05 10:56:00,MDLZ,,61.875,61.880001068115234,61.845001220703125,61.86000061035156,18000.0
2026-08-05 10:56:00,MLTX,,17.56999969482422,17.56999969482422,17.56999969482422,17.56999969482422,323.0
2026-08-05 10:56:00,MNRO,,13.119999885559082,13.119999885559082,13.119999885559082,13.119999885559082,857.0
2026-08-05 10:56:00,MNST,,94.7300033569336,94.73999786376953,94.70999908447266,94.7300033569336,4881.0
2026-08-05 10:56:00,MNTS,,4.329999923706055,4.329999923706055,4.324999809265137,4.329999923706055,2548.0
2026-08-05 10:56:00,MOVE,,11.760000228881836,11.875,11.760000228881836,11.875,1491.0
2026-08-05 10:56:00,MPWR,,1322.5400390625,1322.5400390625,1319.9649658203125,1321.9200439453125,324.0
2026-08-05 10:56:00,MRNA,,57.310001373291016,57.310001373291016,57.24169921875,57.2599983215332,14611.0
2026-08-05 10:56:00,MYGN,,3.221299886703491,3.2249999046325684,3.221299886703491,3.2249999046325684,1094.0
2026-08-05 10:56:00,MYPS,,0.7214999794960022,0.7214999794960022,0.7214999794960022,0.7214999794960022,525.0
2026-08-05 10:56:00,NAMS,,26.649999618530273,26.700000762939453,26.610000610351562,26.645000457763672,6973.0
2026-08-05 10:56:00,NATH,,98.27999877929688,98.27999877929688,98.27999877929688,98.27999877929688,1130.0
2026-08-05 10:56:00,NAUT,,0.9641000032424927,0.9641000032424927,0.9603000283241272,0.9603000283241272,7723.0
2026-08-05 10:56:00,NB,,5.03000020980835,5.03000020980835,5.025000095367432,5.03000020980835,3702.0
2026-08-05 10:56:00,NBIX,,164.07000732421875,164.27999877929688,164.0500030517578,164.0500030517578,2821.0
2026-08-05 10:56:00,NDAQ,,95.40499877929688,95.43000030517578,95.37999725341797,95.37999725341797,4142.0
2026-08-05 10:56:00,NDSN,,310.3800048828125,310.3800048828125,310.2950134277344,310.2950134277344,292.0
2026-08-05 10:56:00,NEGG,,16.969999313354492,16.969999313354492,16.959999084472656,16.959999084472656,316.0
2026-08-05 10:56:00,NEO,,16.149999618530273,16.149999618530273,16.139999389648438,16.139999389648438,2335.0
2026-08-05 10:56:00,NEOG,,11.614999771118164,11.614999771118164,11.574999809265137,11.585000038146973,25597.0
2026-08-05 10:56:00,NEOV,,2.9000000953674316,2.9000000953674316,2.9000000953674316,2.9000000953674316,191.0
2026-08-05 10:56:00,NESR,,28.489999771118164,28.489999771118164,28.489999771118164,28.489999771118164,975.0
2026-08-05 10:56:00,NEWT,,15.270000457763672,15.270000457763672,15.270000457763672,15.270000457763672,960.0
2026-08-05 10:56:00,NEXT,,6.414999961853027,6.414999961853027,6.400000095367432,6.400000095367432,4558.0
2026-08-05 10:56:00,NFE,,0.33320000767707825,0.33320000767707825,0.33320000767707825,0.33320000767707825,114.0
2026-08-05 10:56:00,NFLX,,74.30500030517578,74.33999633789062,74.27999877929688,74.30000305175781,53919.0
2026-08-05 10:56:00,NGNE,,35.25,35.25,35.25,35.25,110.0
2026-08-05 10:56:00,NICE,,96.2699966430664,96.2699966430664,96.2699966430664,96.2699966430664,707.0
2026-08-05 10:56:00,NKTX,,2.1700000762939453,2.1700000762939453,2.1700000762939453,2.1700000762939453,7498.0
2026-08-05 10:56:00,NMRK,,15.729999542236328,15.729999542236328,15.720000267028809,15.720000267028809,2256.0
2026-08-05 10:56:00,NN,,14.220000267028809,14.25,14.210000038146973,14.25,8056.0
2026-08-05 10:56:00,NNBR,,3.799999952316284,3.799999952316284,3.799999952316284,3.799999952316284,736.0
2026-08-05 10:56:00,NNDM,,1.5299999713897705,1.534999966621399,1.5299999713897705,1.534999966621399,582.0
2026-08-05 10:56:00,NRXP,,3.0250000953674316,3.0250000953674316,3.0250000953674316,3.0250000953674316,409.0
2026-08-05 10:56:00,NSSC,,40.04999923706055,40.060001373291016,40.04999923706055,40.04999923706055,1397.0
2026-08-05 10:56:00,NSTS,,13.805000305175781,13.805000305175781,13.800000190734863,13.800000190734863,2698.0
2026-08-05 10:56:00,NTAP,,190.2899932861328,190.2899932861328,189.9499969482422,189.9499969482422,6214.0
2026-08-05 10:56:00,NTES,,128.24000549316406,128.24000549316406,128.24000549316406,128.24000549316406,1461.0
2026-08-05 10:56:00,NTNX,,61.040000915527344,61.05500030517578,61.0,61.04999923706055,3870.0
2026-08-05 10:56:00,NTRA,,276.8699951171875,276.8699951171875,276.4775085449219,276.4949951171875,1184.0
2026-08-05 10:56:00,NTRS,,184.5500030517578,184.5500030517578,184.5500030517578,184.5500030517578,569.0
2026-08-05 10:56:00,NTRSO,,18.399999618530273,18.399999618530273,18.399999618530273,18.399999618530273,224.0
2026-08-05 10:56:00,NUWE,,1.7800999879837036,1.7800999879837036,1.7800999879837036,1.7800999879837036,186.0
2026-08-05 10:56:00,NVAX,,7.664999961853027,7.664999961853027,7.659999847412109,7.659999847412109,2853.0
2026-08-05 10:56:00,NVCR,,15.989999771118164,15.989999771118164,15.989999771118164,15.989999771118164,650.0
2026-08-05 10:56:00,NVDA,,218.77000427246094,218.8699951171875,218.40589904785156,218.6199951171875,374826.0
2026-08-05 10:56:00,NVMI,,406.1199951171875,406.1199951171875,404.44000244140625,404.44000244140625,760.0
2026-08-05 10:56:00,NVTS,,12.369999885559082,12.369999885559082,12.329999923706055,12.345000267028809,12533.0
2026-08-05 10:56:00,NWBI,,15.970000267028809,15.970000267028809,15.970000267028809,15.970000267028809,234.0
2026-08-05 10:56:00,NWE,,68.55000305175781,68.55000305175781,68.52999877929688,68.52999877929688,1211.0
2026-08-05 10:56:00,NWL,,6.159900188446045,6.159900188446045,6.114999771118164,6.119999885559082,82348.0
2026-08-05 10:56:00,NWS,,32.52000045776367,32.52000045776367,32.5,32.5,2332.0
2026-08-05 10:56:00,NWSA,,28.395000457763672,28.395000457763672,28.3700008392334,28.3700008392334,3154.0
2026-08-05 10:56:00,NXPI,,230.7949981689453,230.8000030517578,230.33999633789062,230.5,6184.0
2026-08-05 10:56:00,NXT,,97.77999877929688,97.77999877929688,97.55000305175781,97.62999725341797,5863.0
2026-08-05 10:56:00,OABI,,2.0399999618530273,2.0399999618530273,2.0250000953674316,2.0292999744415283,4147.0
2026-08-05 10:56:00,OCC,,15.890000343322754,15.890000343322754,15.890000343322754,15.890000343322754,101.0
2026-08-05 10:56:00,OCGN,,1.308899998664856,1.309999942779541,1.3049999475479126,1.309999942779541,2825.0
2026-08-05 10:56:00,OCSL,,12.135000228881836,12.135000228881836,12.135000228881836,12.135000228881836,155.0
2026-08-05 10:56:00,OCUL,,8.619999885559082,8.619999885559082,8.600000381469727,8.600000381469727,1630.0
2026-08-05 10:56:00,ODFL,,215.2899932861328,215.64999389648438,215.25,215.6300048828125,4328.0
2026-08-05 10:56:00,OESX,,15.9399995803833,15.949999809265137,15.710000038146973,15.949999809265137,3378.0
2026-08-05 10:56:00,OFIX,,10.845000267028809,10.845000267028809,10.845000267028809,10.845000267028809,11512.0
2026-08-05 10:56:00,OGI,,0.9599999785423279,0.9599999785423279,0.9599999785423279,0.9599999785423279,401.0
2026-08-05 10:56:00,OKTA,,148.89999389648438,148.89999389648438,148.6300048828125,148.64500427246094,1783.0
2026-08-05 10:56:00,OMCL,,37.36000061035156,37.36000061035156,37.36000061035156,37.36000061035156,508.0
2026-08-05 10:56:00,OMER,,12.850000381469727,12.850000381469727,12.819999694824219,12.850000381469727,2991.0
2026-08-05 10:56:00,OMEX,,0.7400000095367432,0.7451000213623047,0.7400000095367432,0.7451000213623047,1609.0
2026-08-05 10:56:00,OMH,,0.11069999635219574,0.11069999635219574,0.11069999635219574,0.11069999635219574,5411.0
2026-08-05 10:56:00,ON,,77.54499816894531,77.55999755859375,77.37999725341797,77.4800033569336,9013.0
2026-08-05 10:56:00,ONB,,27.114999771118164,27.114999771118164,27.104999542236328,27.104999542236328,4943.0
2026-08-05 10:56:00,ONCY,,0.7840999960899353,0.784600019454956,0.7840999960899353,0.784600019454956,1835.0
2026-08-05 10:56:00,ONDS,,8.772000312805176,8.78499984741211,8.75,8.78499984741211,195100.0
2026-08-05 10:56:00,ONFO,,0.0737999975681305,0.07400000095367432,0.07360000163316727,0.07370000332593918,46346.0
2026-08-05 10:56:00,OPCH,,23.469999313354492,23.469999313354492,23.469999313354492,23.469999313354492,888.0
2026-08-05 10:56:00,OPEN,,3.869999885559082,3.880000114440918,3.869999885559082,3.872999906539917,43367.0
2026-08-05 10:56:00,OPRA,,20.094999313354492,20.094999313354492,20.094999313354492,20.094999313354492,2143.0
2026-08-05 10:56:00,OPRX,,6.760000228881836,6.769999980926514,6.760000228881836,6.769999980926514,2526.0
2026-08-05 10:56:00,OPXS,,12.0,12.0,12.0,12.0,382.0
2026-08-05 10:56:00,ORGO,,2.384999990463257,2.384999990463257,2.384999990463257,2.384999990463257,939.0
2026-08-05 10:56:00,ORIC,,13.420000076293945,13.420000076293945,13.390000343322754,13.390000343322754,3503.0
2026-08-05 10:56:00,ORLY,,93.55609893798828,93.58000183105469,93.54000091552734,93.58000183105469,6623.0
2026-08-05 10:56:00,OSBC,,25.860000610351562,25.860000610351562,25.860000610351562,25.860000610351562,802.0
2026-08-05 10:56:00,OSIS,,233.71499633789062,233.71499633789062,233.71499633789062,233.71499633789062,1361.0
2026-08-05 10:56:00,OSPN,,16.770000457763672,16.81999969482422,16.739999771118164,16.81999969482422,4858.0
2026-08-05 10:56:00,OSS,,13.9399995803833,13.960000038146973,13.9399995803833,13.960000038146973,1390.0
2026-08-05 10:56:00,OTEX,,25.989999771118164,25.989999771118164,25.989999771118164,25.989999771118164,211.0
2026-08-05 10:56:00,OTLK,,1.0199999809265137,1.0199999809265137,1.0099999904632568,1.0099999904632568,75722.0
2026-08-05 10:56:00,OXLC,,9.085000038146973,9.089799880981445,9.085000038146973,9.089799880981445,1308.0
2026-08-05 10:56:00,OXSQ,,1.4800000190734863,1.4800000190734863,1.4800000190734863,1.4800000190734863,1086.0
2026-08-05 10:56:00,PAA,,23.104999542236328,23.1200008392334,23.104999542236328,23.1200008392334,9624.0
2026-08-05 10:56:00,PAAS,,48.310001373291016,48.310001373291016,48.16999816894531,48.18000030517578,18280.0
2026-08-05 10:56:00,PACB,,1.4249999523162842,1.4249999523162842,1.4199999570846558,1.4199999570846558,44017.0
2026-08-05 10:56:00,PAGP,,25.040000915527344,25.059999465942383,25.040000915527344,25.059999465942383,4337.0
2026-08-05 10:56:00,PAHC,,36.58000183105469,36.58000183105469,36.58000183105469,36.58000183105469,1464.0
2026-08-05 10:56:00,PALI,,2.075000047683716,2.075000047683716,2.075000047683716,2.075000047683716,1248.0
2026-08-05 10:56:00,PANW,,366.9549865722656,367.2799987792969,366.9100036621094,367.0,6137.0
2026-08-05 10:56:00,PATK,,87.8499984741211,87.8499984741211,87.7300033569336,87.7300033569336,1605.0
2026-08-05 10:56:00,PAYO,,7.125,7.130000114440918,7.119999885559082,7.125,3293.0
2026-08-05 10:56:00,PAYS,,9.300000190734863,9.300000190734863,9.300000190734863,9.300000190734863,347.0
2026-08-05 10:56:00,PAYX,,117.67500305175781,117.7750015258789,117.67500305175781,117.73999786376953,13243.0
2026-08-05 10:56:00,PCAR,,133.7949981689453,133.8300018310547,133.77000427246094,133.8249969482422,4046.0
2026-08-05 10:56:00,PCRX,,25.334999084472656,25.3799991607666,25.334999084472656,25.3799991607666,3184.0
2026-08-05 10:56:00,PCT,,6.90500020980835,6.909900188446045,6.90500020980835,6.909900188446045,3968.0
2026-08-05 10:56:00,PCTY,,148.1999969482422,148.1999969482422,148.0,148.0,390.0
2026-08-05 10:56:00,PDD,,91.79499816894531,91.86499786376953,91.79499816894531,91.8550033569336,25855.0
2026-08-05 10:56:00,PEBO,,41.83000183105469,41.83000183105469,41.83000183105469,41.83000183105469,401.0
2026-08-05 10:56:00,PECO,,41.25,41.250099182128906,41.20000076293945,41.25,3558.0
2026-08-05 10:56:00,PEGA,,31.75,31.7549991607666,31.75,31.75,1774.0
2026-08-05 10:56:00,PENN,,19.940000534057617,19.950000762939453,19.940000534057617,19.941099166870117,4414.0
2026-08-05 10:56:00,PEP,,138.3800048828125,138.40499877929688,138.32000732421875,138.36500549316406,14497.0
2026-08-05 10:56:00,PEPG,,1.9149999618530273,1.9149999618530273,1.9149999618530273,1.9149999618530273,252.0
2026-08-05 10:56:00,PERI,,9.600000381469727,9.600000381469727,9.600000381469727,9.600000381469727,897.0
2026-08-05 10:56:00,PESI,,17.84000015258789,17.84000015258789,17.84000015258789,17.84000015258789,910.0
2026-08-05 10:56:00,PFG,,114.55000305175781,114.76000213623047,114.52999877929688,114.76000213623047,2781.0
2026-08-05 10:56:00,PGEN,,6.909999847412109,6.949999809265137,6.90500020980835,6.920000076293945,78713.0
2026-08-05 10:56:00,PGY,,21.6299991607666,21.65999984741211,21.6299991607666,21.65999984741211,8797.0
2026-08-05 10:56:00,PHAT,,8.479999542236328,8.484999656677246,8.479999542236328,8.484999656677246,1325.0
2026-08-05 10:56:00,PHVS,,32.880001068115234,32.880001068115234,32.880001068115234,32.880001068115234,203.0
2026-08-05 10:56:00,PLAB,,31.934999465942383,31.934999465942383,31.934999465942383,31.934999465942383,305.0
2026-08-05 10:56:00,PLBY,,1.1549999713897705,1.1549999713897705,1.1497999429702759,1.149899959564209,12534.0
2026-08-05 10:56:00,PLSE,,36.779998779296875,36.779998779296875,36.779998779296875,36.779998779296875,755.0
2026-08-05 10:56:00,PLTK,,4.025000095367432,4.025000095367432,4.025000095367432,4.025000095367432,470.0
2026-08-05 10:56:00,PLUG,,2.1050000190734863,2.109999895095825,2.0999999046325684,2.1050000190734863,75766.0
2026-08-05 10:56:00,PNFP,,108.22000122070312,108.23999786376953,108.18000030517578,108.23999786376953,2575.0
2026-08-05 10:56:00,POET,,8.1899995803833,8.194999694824219,8.173999786376953,8.1899995803833,31790.0
2026-08-05 10:56:00,POWI,,62.150001525878906,62.150001525878906,62.130001068115234,62.130001068115234,651.0
2026-08-05 10:56:00,POWL,,208.91000366210938,208.91000366210938,208.27999877929688,208.27999877929688,2077.0
2026-08-05 10:56:00,PPTA,,22.59000015258789,22.6072998046875,22.579999923706055,22.59000015258789,2439.0
2026-08-05 10:56:00,PRAX,,310.69000244140625,311.739990234375,310.6300048828125,310.6300048828125,701.0
2026-08-05 10:56:00,PRCH,,16.174999237060547,16.174999237060547,16.174999237060547,16.174999237060547,216.0
2026-08-05 10:56:00,PRCT,,19.139999389648438,19.15999984741211,19.082700729370117,19.15999984741211,9525.0
2026-08-05 10:56:00,PRDO,,33.23500061035156,33.23500061035156,33.23500061035156,33.23500061035156,1179.0
2026-08-05 10:56:00,PRGS,,41.900001525878906,41.900001525878906,41.900001525878906,41.900001525878906,379.0
2026-08-05 10:56:00,PRIM,,86.84500122070312,86.9800033569336,86.83000183105469,86.97000122070312,6510.0
2026-08-05 10:56:00,PRME,,2.9590001106262207,2.9590001106262207,2.9549999237060547,2.9590001106262207,1568.0
2026-08-05 10:56:00,PRTH,,6.590000152587891,6.590000152587891,6.590000152587891,6.590000152587891,559.0
2026-08-05 10:56:00,PSEC,,2.194999933242798,2.200000047683716,2.1900999546051025,2.194999933242798,3398.0
2026-08-05 10:56:00,PSMT,,193.6999969482422,193.6999969482422,193.6999969482422,193.6999969482422,1949.0
2026-08-05 10:56:00,PSNL,,13.515000343322754,13.520000457763672,13.489999771118164,13.489999771118164,2217.0
2026-08-05 10:56:00,PTC,,141.05499267578125,141.05499267578125,141.05499267578125,141.05499267578125,527.0
2026-08-05 10:56:00,PTCT,,69.52999877929688,69.52999877929688,69.5199966430664,69.5199966430664,1277.0
2026-08-05 10:56:00,PTEN,,9.774999618530273,9.800000190734863,9.770000457763672,9.800000190734863,10232.0
2026-08-05 10:56:00,PTLO,,4.6016998291015625,4.6016998291015625,4.6016998291015625,4.6016998291015625,637.0
2026-08-05 10:56:00,PTON,,6.554999828338623,6.554999828338623,6.539999961853027,6.554999828338623,7704.0
2026-08-05 10:56:00,PUBM,,13.71500015258789,13.71500015258789,13.71500015258789,13.71500015258789,1105.0
2026-08-05 10:56:00,PYPL,,58.474998474121094,58.525001525878906,58.474998474121094,58.52000045776367,7886.0
2026-08-05 10:56:00,PYXS,,3.2300000190734863,3.2300000190734863,3.2300000190734863,3.2300000190734863,427.0
2026-08-05 10:56:00,PZZA,,30.55500030517578,30.55500030517578,30.55500030517578,30.55500030517578,874.0
2026-08-05 10:56:00,QCOM,,158.3000030517578,158.3000030517578,158.0,158.06500244140625,118284.0
2026-08-05 10:56:00,QFIN,,13.399999618530273,13.399999618530273,13.399999618530273,13.399999618530273,938.0
2026-08-05 10:56:00,QRVO,,94.25,94.25,94.25,94.25,492.0
2026-08-05 10:56:00,STIM,,2.2850000858306885,2.2899999618530273,2.2850000858306885,2.2899999618530273,300.0
2026-08-05 10:56:00,TARA,,4.034999847412109,4.039999961853027,4.034999847412109,4.039999961853027,789.0
2026-08-05 10:57:00,ACDC,,4.355000019073486,4.355000019073486,4.34499979019165,4.34499979019165,6953.0
2026-08-05 10:57:00,DTIL,,7.480000019073486,7.480000019073486,7.440000057220459,7.440000057220459,3864.0
2026-08-05 10:57:00,EYE,,23.299999237060547,23.299999237060547,23.280000686645508,23.299999237060547,2074.0
2026-08-05 10:57:00,GLUE,,16.075000762939453,16.075000762939453,15.949999809265137,15.949999809265137,21394.0
2026-08-05 10:57:00,KIDS,,21.09000015258789,21.270000457763672,21.09000015258789,21.270000457763672,757.0
2026-08-05 10:57:00,LUNG,,1.8799999952316284,1.8799999952316284,1.8799999952316284,1.8799999952316284,481.0
2026-08-05 10:57:00,MBRX,,0.4066999852657318,0.4068000018596649,0.4066999852657318,0.4068000018596649,4773.0
2026-08-05 10:57:00,MDB,,378.5799865722656,378.7950134277344,378.3700866699219,378.6700134277344,2271.0
2026-08-05 10:57:00,MDLZ,,61.900001525878906,61.900001525878906,61.869998931884766,61.869998931884766,5982.0
2026-08-05 10:57:00,MLTX,,17.575000762939453,17.575000762939453,17.575000762939453,17.575000762939453,1801.0
2026-08-05 10:57:00,MNRO,,13.119999885559082,13.119999885559082,13.119999885559082,13.119999885559082,1625.0
2026-08-05 10:57:00,MNST,,94.76000213623047,94.76000213623047,94.73999786376953,94.73999786376953,7118.0
2026-08-05 10:57:00,MNTS,,4.329999923706055,4.3592000007629395,4.309999942779541,4.3592000007629395,4457.0
2026-08-05 10:57:00,MNTSW,,0.00559999980032444,0.00800000037997961,0.00559999980032444,0.00800000037997961,145034.0
2026-08-05 10:57:00,MPWR,,1324.6199951171875,1326.5250244140625,1321.60498046875,1321.60498046875,1368.0
2026-08-05 10:57:00,MRNA,,57.65999984741211,57.68000030517578,57.345001220703125,57.345001220703125,12532.0
2026-08-05 10:57:00,MSGM,,4.370100021362305,4.46999979019165,4.370100021362305,4.46999979019165,500.0
2026-08-05 10:57:00,MYGN,,3.2300000190734863,3.2300000190734863,3.2200000286102295,3.2300000190734863,9124.0
2026-08-05 10:57:00,MYRG,,338.489990234375,338.8900146484375,337.4800109863281,337.7449951171875,1081.0
2026-08-05 10:57:00,NAMS,,26.739999771118164,26.760000228881836,26.725000381469727,26.729999542236328,1611.0
2026-08-05 10:57:00,NAUT,,0.9677000045776367,0.9696000218391418,0.9677000045776367,0.9696000218391418,2095.0
2026-08-05 10:57:00,NAVI,,9.095000267028809,9.100000381469727,9.095000267028809,9.100000381469727,1608.0
2026-08-05 10:57:00,NB,,5.039999961853027,5.039999961853027,5.034999847412109,5.034999847412109,1635.0
2026-08-05 10:57:00,NBIX,,164.36500549316406,164.36500549316406,164.1699981689453,164.1699981689453,2607.0
2026-08-05 10:57:00,NDAQ,,95.30000305175781,95.36499786376953,95.2699966430664,95.36499786376953,5983.0
2026-08-05 10:57:00,NEGG,,16.905000686645508,17.084999084472656,16.719999313354492,16.8700008392334,1959.0
2026-08-05 10:57:00,NEO,,16.149999618530273,16.149999618530273,16.149999618530273,16.149999618530273,3373.0
2026-08-05 10:57:00,NEOG,,11.600000381469727,11.614999771118164,11.595000267028809,11.609999656677246,7362.0
2026-08-05 10:57:00,NEOV,,2.8901000022888184,2.9000000953674316,2.890000104904175,2.8901000022888184,20148.0
2026-08-05 10:57:00,NESR,,28.59000015258789,28.600000381469727,28.4950008392334,28.5,28641.0
2026-08-05 10:57:00,NEXT,,6.414999961853027,6.420000076293945,6.414999961853027,6.414999961853027,2969.0
2026-08-05 10:57:00,NFE,,0.33340001106262207,0.33340001106262207,0.33320000767707825,0.33320000767707825,2505.0
2026-08-05 10:57:00,NFLX,,74.33000183105469,74.34500122070312,74.25,74.30989837646484,44584.0
2026-08-05 10:57:00,NGNE,,35.060001373291016,35.3650016784668,35.060001373291016,35.2599983215332,2921.0
2026-08-05 10:57:00,NICE,,96.26499938964844,96.26499938964844,96.26499938964844,96.26499938964844,826.0
2026-08-05 10:57:00,NKTR,,73.0,73.0,72.96499633789062,73.0,997.0
2026-08-05 10:57:00,NMFC,,7.320000171661377,7.324999809265137,7.315000057220459,7.324999809265137,5595.0
2026-08-05 10:57:00,NMRK,,15.739999771118164,15.739999771118164,15.720000267028809,15.720000267028809,2467.0
2026-08-05 10:57:00,NN,,14.234999656677246,14.239999771118164,14.220000267028809,14.220000267028809,6481.0
2026-08-05 10:57:00,NNBR,,3.809999942779541,3.809999942779541,3.799999952316284,3.799999952316284,2357.0
2026-08-05 10:57:00,NNDM,,1.534999966621399,1.534999966621399,1.534999966621399,1.534999966621399,1512.0
2026-08-05 10:57:00,NNOX,,1.0149999856948853,1.0149999856948853,1.0149999856948853,1.0149999856948853,512.0
2026-08-05 10:57:00,NRDS,,9.239999771118164,9.239999771118164,9.239999771118164,9.239999771118164,785.0
2026-08-05 10:57:00,NRXP,,3.0399999618530273,3.0399999618530273,3.0399999618530273,3.0399999618530273,1665.0
2026-08-05 10:57:00,NSSC,,40.099998474121094,40.099998474121094,40.099998474121094,40.099998474121094,841.0
2026-08-05 10:57:00,NTAP,,190.64999389648438,190.66000366210938,190.41000366210938,190.64999389648438,3778.0
2026-08-05 10:57:00,NTNX,,60.974998474121094,61.029998779296875,60.95000076293945,61.02000045776367,6999.0
2026-08-05 10:57:00,NTRA,,276.9150085449219,277.239990234375,276.9150085449219,277.0899963378906,1255.0
2026-08-05 10:57:00,NTRS,,184.6699981689453,184.6699981689453,184.60000610351562,184.60000610351562,843.0
2026-08-05 10:57:00,NTRSO,,18.399999618530273,18.399999618530273,18.399999618530273,18.399999618530273,583.0
2026-08-05 10:57:00,NUWE,,1.7699999809265137,1.7800999879837036,1.7699999809265137,1.7799999713897705,7730.0
2026-08-05 10:57:00,NVAX,,7.695000171661377,7.695000171661377,7.664999961853027,7.664999961853027,11593.0
2026-08-05 10:57:00,NVCR,,16.014999389648438,16.014999389648438,15.984999656677246,15.984999656677246,1817.0
2026-08-05 10:57:00,NVCT,,20.110000610351562,20.110000610351562,20.110000610351562,20.110000610351562,0.0
2026-08-05 10:57:00,NVDA,,219.2949981689453,219.4600067138672,218.7357940673828,218.77000427246094,395690.0
2026-08-05 10:57:00,NVMI,,407.1099853515625,407.260009765625,407.1099853515625,407.260009765625,725.0
2026-08-05 10:57:00,NVTS,,12.385000228881836,12.419599533081055,12.364999771118164,12.364999771118164,26027.0
2026-08-05 10:57:00,NWBI,,15.970000267028809,15.970000267028809,15.970000267028809,15.970000267028809,2541.0
2026-08-05 10:57:00,NWL,,6.150000095367432,6.15500020980835,6.144999980926514,6.150000095367432,13116.0
2026-08-05 10:57:00,NWS,,32.505001068115234,32.5099983215332,32.4900016784668,32.505001068115234,2566.0
2026-08-05 10:57:00,NWSA,,28.389999389648438,28.395000457763672,28.375,28.395000457763672,10684.0
2026-08-05 10:57:00,NXPI,,231.27999877929688,231.49000549316406,231.27999877929688,231.49000549316406,1425.0
2026-08-05 10:57:00,NXT,,97.88999938964844,97.88999938964844,97.7699966430664,97.83000183105469,3232.0
2026-08-05 10:57:00,NXTC,,5.364999771118164,5.369999885559082,5.364999771118164,5.369999885559082,4456.0
2026-08-05 10:57:00,OCFC,,19.850000381469727,19.850000381469727,19.844999313354492,19.844999313354492,2944.0
2026-08-05 10:57:00,OCGN,,1.3200000524520874,1.3200000524520874,1.309999942779541,1.309999942779541,27596.0
2026-08-05 10:57:00,OCS,,12.15999984741211,12.15999984741211,12.135000228881836,12.135000228881836,1267.0
2026-08-05 10:57:00,OCSL,,12.130000114440918,12.130000114440918,12.125,12.130000114440918,2505.0
2026-08-05 10:57:00,OCUL,,8.635000228881836,8.635000228881836,8.625,8.625,2929.0
2026-08-05 10:57:00,ODD,,15.260000228881836,15.260000228881836,15.260000228881836,15.260000228881836,2018.0
2026-08-05 10:57:00,ODFL,,215.43499755859375,215.47000122070312,215.27000427246094,215.47000122070312,6842.0
2026-08-05 10:57:00,OESX,,15.270099639892578,16.0039005279541,15.270099639892578,15.835000038146973,4268.0
2026-08-05 10:57:00,OKTA,,148.72999572753906,148.72999572753906,148.60499572753906,148.72999572753906,2190.0
2026-08-05 10:57:00,OLLI,,78.70999908447266,78.77999877929688,78.70999908447266,78.71499633789062,1818.0
2026-08-05 10:57:00,OLMA,,11.65999984741211,11.670000076293945,11.640000343322754,11.640000343322754,3096.0
2026-08-05 10:57:00,OMER,,12.869999885559082,12.869999885559082,12.859999656677246,12.859999656677246,1205.0
2026-08-05 10:57:00,OMH,,0.10899999737739563,0.10999999940395355,0.10899999737739563,0.10999999940395355,256539.0
2026-08-05 10:57:00,ON,,77.7699966430664,77.83999633789062,77.55000305175781,77.55000305175781,16885.0
2026-08-05 10:57:00,ONB,,27.110000610351562,27.110000610351562,27.110000610351562,27.110000610351562,4218.0
2026-08-05 10:57:00,ONCY,,0.784600019454956,0.784600019454956,0.784600019454956,0.784600019454956,1007.0
2026-08-05 10:57:00,ONDS,,8.765000343322754,8.779999732971191,8.760000228881836,8.774999618530273,261875.0
2026-08-05 10:57:00,ONFO,,0.07249999791383743,0.07370000332593918,0.07150000333786011,0.07360000163316727,206217.0
2026-08-05 10:57:00,OPCH,,23.469999313354492,23.479999542236328,23.46500015258789,23.469999313354492,1765.0
2026-08-05 10:57:00,OPEN,,3.8613998889923096,3.869999885559082,3.859999895095825,3.865000009536743,93721.0
2026-08-05 10:57:00,OPK,,1.3200000524520874,1.3200000524520874,1.3200000524520874,1.3200000524520874,784.0
2026-08-05 10:57:00,ORIC,,13.444999694824219,13.460000038146973,13.390000343322754,13.420000076293945,27951.0
2026-08-05 10:57:00,ORLY,,93.58499908447266,93.61000061035156,93.56500244140625,93.56999969482422,5698.0
2026-08-05 10:57:00,ORMP,,4.474999904632568,4.474999904632568,4.460000038146973,4.460000038146973,1419.0
2026-08-05 10:57:00,ORRF,,43.564998626708984,43.564998626708984,43.564998626708984,43.564998626708984,345.0
2026-08-05 10:57:00,OSBC,,25.8799991607666,25.8799991607666,25.8799991607666,25.8799991607666,363.0
2026-08-05 10:57:00,OSIS,,234.19000244140625,234.19000244140625,234.1199951171875,234.1199951171875,819.0
2026-08-05 10:57:00,OSPN,,16.72010040283203,16.72010040283203,16.72010040283203,16.72010040283203,356.0
2026-08-05 10:57:00,OSS,,14.010000228881836,14.020000457763672,14.0,14.010000228881836,2345.0
2026-08-05 10:57:00,OTEX,,25.950000762939453,25.979999542236328,25.934999465942383,25.979999542236328,3742.0
2026-08-05 10:57:00,OTLK,,1.0199999809265137,1.0199999809265137,1.0149999856948853,1.0149999856948853,3749.0
2026-08-05 10:57:00,OVID,,2.609999895095825,2.609999895095825,2.6050000190734863,2.6050000190734863,2091.0
2026-08-05 10:57:00,OXSQ,,1.4800000190734863,1.4850000143051147,1.4800000190734863,1.4850000143051147,9472.0
2026-08-05 10:57:00,PAA,,23.114999771118164,23.125,23.109800338745117,23.110000610351562,11021.0
2026-08-05 10:57:00,PAAS,,48.41999816894531,48.47999954223633,48.29999923706055,48.29999923706055,33322.0
2026-08-05 10:57:00,PACB,,1.4299999475479126,1.4299999475479126,1.4199999570846558,1.4249999523162842,26782.0
2026-08-05 10:57:00,PAGP,,25.04010009765625,25.049999237060547,25.04010009765625,25.049999237060547,6508.0
2026-08-05 10:57:00,PALI,,2.0799999237060547,2.0799999237060547,2.075000047683716,2.0799999237060547,3702.0
2026-08-05 10:57:00,PANL,,7.329999923706055,7.329999923706055,7.320099830627441,7.320099830627441,3680.0
2026-08-05 10:57:00,PANW,,366.75,366.9649963378906,366.7200012207031,366.7799987792969,2771.0
2026-08-05 10:57:00,PATK,,87.90499877929688,87.90499877929688,87.90499877929688,87.90499877929688,1968.0
2026-08-05 10:57:00,PAX,,11.490099906921387,11.490099906921387,11.490099906921387,11.490099906921387,1427.0
2026-08-05 10:57:00,PAYO,,7.130000114440918,7.130000114440918,7.119999885559082,7.119999885559082,436.0
2026-08-05 10:57:00,PAYS,,9.3100004196167,9.3100004196167,9.3100004196167,9.3100004196167,1811.0
2026-08-05 10:57:00,PAYX,,117.58000183105469,117.63999938964844,117.58000183105469,117.63500213623047,1875.0
2026-08-05 10:57:00,PBYI,,8.017999649047852,8.017999649047852,7.989999771118164,7.989999771118164,3332.0
2026-08-05 10:57:00,PCAR,,133.85499572753906,133.91000366210938,133.78500366210938,133.7949981689453,5520.0
2026-08-05 10:57:00,PCRX,,25.299999237060547,25.299999237060547,25.299999237060547,25.299999237060547,630.0
2026-08-05 10:57:00,PCSA,,2.1991000175476074,2.1991000175476074,2.1991000175476074,2.1991000175476074,307.0
2026-08-05 10:57:00,PCT,,6.909999847412109,6.920000076293945,6.909999847412109,6.909999847412109,5648.0
2026-08-05 10:57:00,PCTY,,147.89999389648438,147.90499877929688,147.75999450683594,147.75999450683594,1540.0
2026-08-05 10:57:00,PDD,,91.86000061035156,91.86000061035156,91.81690216064453,91.81999969482422,8234.0
2026-08-05 10:57:00,PDFS,,49.83000183105469,49.83000183105469,49.83000183105469,49.83000183105469,1606.0
2026-08-05 10:57:00,PDLB,,20.719900131225586,20.719900131225586,20.719900131225586,20.719900131225586,1770.0
2026-08-05 10:57:00,PECO,,41.25,41.2599983215332,41.25,41.2599983215332,993.0
2026-08-05 10:57:00,PEGA,,31.66010093688965,31.729999542236328,31.600000381469727,31.729999542236328,7071.0
2026-08-05 10:57:00,PENN,,19.94499969482422,19.94499969482422,19.940000534057617,19.940000534057617,1562.0
2026-08-05 10:57:00,PEP,,138.3699951171875,138.39990234375,138.32000732421875,138.39990234375,9066.0
2026-08-05 10:57:00,PEPG,,1.909999966621399,1.909999966621399,1.909999966621399,1.909999966621399,147.0
2026-08-05 10:57:00,PESI,,17.84000015258789,17.84000015258789,17.83880043029785,17.83880043029785,311.0
2026-08-05 10:57:00,PFG,,114.55000305175781,114.55999755859375,114.33999633789062,114.4800033569336,5966.0
2026-08-05 10:57:00,PGEN,,6.960000038146973,6.960000038146973,6.929999828338623,6.929999828338623,17527.0
2026-08-05 10:57:00,PGY,,21.63010025024414,21.639999389648438,21.610000610351562,21.639999389648438,4159.0
2026-08-05 10:57:00,PHAT,,8.5,8.5,8.484999656677246,8.484999656677246,2735.0
2026-08-05 10:57:00,PHIO,,1.059999942779541,1.059999942779541,1.059999942779541,1.059999942779541,1814.0
2026-08-05 10:57:00,PHVS,,32.880001068115234,32.9900016784668,32.880001068115234,32.91999816894531,456.0
2026-08-05 10:57:00,PLAB,,31.979999542236328,31.979999542236328,31.979999542236328,31.979999542236328,4659.0
2026-08-05 10:57:00,PLPC,,464.9999084472656,464.9999084472656,464.9999084472656,464.9999084472656,281.0
2026-08-05 10:57:00,PLRX,,1.0599000453948975,1.0599000453948975,1.0599000453948975,1.0599000453948975,1100.0
2026-08-05 10:57:00,PLSE,,36.84000015258789,36.84000015258789,36.84000015258789,36.84000015258789,127.0
2026-08-05 10:57:00,PLTK,,4.025000095367432,4.025000095367432,4.025000095367432,4.025000095367432,432.0
2026-08-05 10:57:00,PLUG,,2.0899999141693115,2.0999999046325684,2.0899999141693115,2.0999999046325684,310349.0
2026-08-05 10:57:00,POET,,8.21500015258789,8.229999542236328,8.190400123596191,8.199999809265137,40317.0
2026-08-05 10:57:00,POOL,,204.11000061035156,204.5500030517578,203.99000549316406,204.00999450683594,2850.0
2026-08-05 10:57:00,POWI,,62.3650016784668,62.3650016784668,62.3650016784668,62.3650016784668,1636.0
2026-08-05 10:57:00,POWL,,209.52000427246094,209.52000427246094,209.0800018310547,209.0800018310547,947.0
2026-08-05 10:57:00,PPC,,26.815000534057617,26.815000534057617,26.815000534057617,26.815000534057617,550.0
2026-08-05 10:57:00,PPTA,,22.670000076293945,22.690000534057617,22.635000228881836,22.635000228881836,1376.0
2026-08-05 10:57:00,PRAA,,17.389999389648438,17.420000076293945,17.350000381469727,17.360000610351562,8174.0
2026-08-05 10:57:00,PRAX,,311.427490234375,311.427490234375,311.427490234375,311.427490234375,675.0
2026-08-05 10:57:00,PRCH,,16.139999389648438,16.15999984741211,16.139999389648438,16.15999984741211,1173.0
2026-08-05 10:57:00,PRCT,,19.100000381469727,19.139999389648438,19.06999969482422,19.100000381469727,6627.0
2026-08-05 10:57:00,PRIM,,86.8499984741211,86.87000274658203,86.84500122070312,86.84500122070312,4333.0
2026-08-05 10:57:00,PRLD,,4.539999961853027,4.539999961853027,4.53000020980835,4.53000020980835,1128.0
2026-08-05 10:57:00,PRME,,3.0,3.0,2.9600000381469727,2.9600000381469727,63255.0
2026-08-05 10:57:00,PROK,,1.6299999952316284,1.6299999952316284,1.6299999952316284,1.6299999952316284,2873.0
2026-08-05 10:57:00,PRQR,,1.909999966621399,1.909999966621399,1.9049999713897705,1.9049999713897705,1293.0
2026-08-05 10:57:00,PRSO,,0.6930000185966492,0.6930000185966492,0.6930000185966492,0.6930000185966492,2414.0
2026-08-05 10:57:00,PRTA,,8.579999923706055,8.579999923706055,8.579999923706055,8.579999923706055,447.0
2026-08-05 10:57:00,PRTH,,6.590000152587891,6.590000152587891,6.590000152587891,6.590000152587891,627.0
2026-08-05 10:57:00,PRVA,,23.985000610351562,23.985000610351562,23.969999313354492,23.969999313354492,1570.0
2026-08-05 10:57:00,PSEC,,2.194999933242798,2.194999933242798,2.194999933242798,2.194999933242798,2206.0
2026-08-05 10:57:00,PSNL,,13.529999732971191,13.529999732971191,13.529999732971191,13.529999732971191,1015.0
2026-08-05 10:57:00,PSNY,,14.017000198364258,14.017000198364258,14.017000198364258,14.017000198364258,290.0
2026-08-05 10:57:00,PTC,,141.0800018310547,141.0800018310547,141.03500366210938,141.03500366210938,1402.0
2026-08-05 10:57:00,PTCT,,69.56999969482422,69.56999969482422,69.52999877929688,69.52999877929688,1584.0
2026-08-05 10:57:00,PTEN,,9.774999618530273,9.78499984741211,9.770000457763672,9.779899597167969,6700.0
2026-08-05 10:57:00,PTGX,,137.27499389648438,137.27499389648438,137.02999877929688,137.02999877929688,3757.0
2026-08-05 10:57:00,PTLO,,4.605000019073486,4.605000019073486,4.605000019073486,4.605000019073486,1100.0
2026-08-05 10:57:00,PTON,,6.545000076293945,6.550000190734863,6.545000076293945,6.550000190734863,4362.0
2026-08-05 10:57:00,PWP,,17.420000076293945,17.450000762939453,17.420000076293945,17.450000762939453,1547.0
2026-08-05 10:57:00,PYPD,,4.449999809265137,4.449999809265137,4.449999809265137,4.449999809265137,200.0
2026-08-05 10:57:00,PYPL,,58.47999954223633,58.494998931884766,58.46049880981445,58.47999954223633,9042.0
2026-08-05 10:57:00,PYXS,,3.2300000190734863,3.2300000190734863,3.2300000190734863,3.2300000190734863,137.0
2026-08-05 10:57:00,PZZA,,30.56999969482422,30.56999969482422,30.56999969482422,30.56999969482422,400.0
2026-08-05 10:57:00,QCOM,,158.52000427246094,158.6699981689453,158.30999755859375,158.32000732421875,13890.0
2026-08-05 10:57:00,QFIN,,13.420000076293945,13.420000076293945,13.40999984741211,13.40999984741211,961.0
2026-08-05 10:57:00,QRVO,,94.31999969482422,94.3499984741211,94.23999786376953,94.23999786376953,2517.0
2026-08-05 10:57:00,SEED,,0.9750000238418579,0.9750000238418579,0.9750000238418579,0.9750000238418579,1942.0
2026-08-05 10:57:00,STIM,,2.2850000858306885,2.2850000858306885,2.2850000858306885,2.2850000858306885,109.0
2026-08-05 10:57:00,STKS,,1.7580000162124634,1.7580000162124634,1.7580000162124634,1.7580000162124634,600.0
2026-08-05 10:57:00,TARA,,4.050000190734863,4.050000190734863,4.039999961853027,4.039999961853027,1776.0
2026-08-05 10:57:00,WOOF,,2.944999933242798,2.944999933242798,2.944999933242798,2.944999933242798,2789.0
2026-08-05 10:58:00,ACDC,,4.34499979019165,4.355000019073486,4.34499979019165,4.355000019073486,3488.0
2026-08-05 10:58:00,DTIL,,7.480000019073486,7.480000019073486,7.480000019073486,7.480000019073486,2082.0
2026-08-05 10:58:00,EYE,,23.30500030517578,23.30500030517578,23.299999237060547,23.299999237060547,590.0
2026-08-05 10:58:00,GLUE,,16.06999969482422,16.079999923706055,16.040000915527344,16.040000915527344,1784.0
2026-08-05 10:58:00,KIDS,,21.135000228881836,21.25,21.135000228881836,21.25,292.0
2026-08-05 10:58:00,MBRX,,0.4066999852657318,0.4066999852657318,0.4066999852657318,0.4066999852657318,0.0
2026-08-05 10:58:00,MDB,,377.69000244140625,377.9700012207031,377.69000244140625,377.9700012207031,350.0
2026-08-05 10:58:00,MDLZ,,61.93000030517578,61.93000030517578,61.88999938964844,61.88999938964844,7498.0
2026-08-05 10:58:00,MNST,,94.78250122070312,94.79000091552734,94.76499938964844,94.76499938964844,3746.0
2026-08-05 10:58:00,MNTS,,4.329999923706055,4.329999923706055,4.320000171661377,4.324999809265137,4237.0
2026-08-05 10:58:00,MNTSW,,0.0015999999595806003,0.004000000189989805,0.0015999999595806003,0.004000000189989805,49201.0
2026-08-05 10:58:00,MOVE,,11.710000038146973,11.710000038146973,11.710000038146973,11.710000038146973,1619.0
2026-08-05 10:58:00,MPAA,,13.805000305175781,13.850000381469727,13.805000305175781,13.850000381469727,439.0
2026-08-05 10:58:00,MPWR,,1322.6700439453125,1324.9998779296875,1321.6199951171875,1323.9100341796875,950.0
2026-08-05 10:58:00,MRNA,,57.57500076293945,57.619998931884766,57.529998779296875,57.59000015258789,7326.0
2026-08-05 10:58:00,MYGN,,3.2249999046325684,3.2300000190734863,3.2249999046325684,3.2300000190734863,1209.0
2026-08-05 10:58:00,NAMS,,26.780000686645508,26.780000686645508,26.780000686645508,26.780000686645508,768.0
2026-08-05 10:58:00,NB,,5.019999980926514,5.039999961853027,5.019999980926514,5.039999961853027,4412.0
2026-08-05 10:58:00,NBIX,,164.32000732421875,164.4149932861328,164.32000732421875,164.4149932861328,722.0
2026-08-05 10:58:00,NBTB,,53.66999816894531,53.66999816894531,53.66999816894531,53.66999816894531,233.0
2026-08-05 10:58:00,NDAQ,,95.23999786376953,95.2750015258789,95.23999786376953,95.2750015258789,2115.0
2026-08-05 10:58:00,NDSN,,310.2799987792969,310.2799987792969,310.2799987792969,310.2799987792969,50.0
2026-08-05 10:58:00,NEO,,16.145000457763672,16.15999984741211,16.145000457763672,16.15999984741211,2129.0
2026-08-05 10:58:00,NEOG,,11.579999923706055,11.600000381469727,11.574999809265137,11.600000381469727,33644.0
2026-08-05 10:58:00,NEOV,,2.881999969482422,2.9000000953674316,2.880000114440918,2.9000000953674316,16593.0
2026-08-05 10:58:00,NESR,,28.549999237060547,28.59000015258789,28.540000915527344,28.59000015258789,5565.0
2026-08-05 10:58:00,NEXT,,6.425000190734863,6.425000190734863,6.414999961853027,6.414999961853027,4584.0
2026-08-05 10:58:00,NFE,,0.33309999108314514,0.33329999446868896,0.33309999108314514,0.33329999446868896,1074.0
2026-08-05 10:58:00,NFLX,,74.3302993774414,74.3550033569336,74.30000305175781,74.32499694824219,44326.0
2026-08-05 10:58:00,NICE,,96.02999877929688,96.2699966430664,96.0199966430664,96.2699966430664,11316.0
2026-08-05 10:58:00,NKTX,,2.184999942779541,2.184999942779541,2.180000066757202,2.180000066757202,2484.0
2026-08-05 10:58:00,NMFC,,7.329999923706055,7.329999923706055,7.320000171661377,7.320000171661377,3329.0
2026-08-05 10:58:00,NN,,14.180000305175781,14.232600212097168,14.180000305175781,14.232600212097168,8898.0
2026-08-05 10:58:00,NNBR,,3.809999942779541,3.809999942779541,3.809999942779541,3.809999942779541,839.0
2026-08-05 10:58:00,NNDM,,1.534999966621399,1.5398999452590942,1.5299999713897705,1.534999966621399,1622.0
2026-08-05 10:58:00,NNOX,,1.0099999904632568,1.0149999856948853,1.0099999904632568,1.0149999856948853,1512.0
2026-08-05 10:58:00,NOVT,,157.3800048828125,157.3800048828125,157.3800048828125,157.3800048828125,372.0
2026-08-05 10:58:00,NPCE,,13.59000015258789,13.59000015258789,13.59000015258789,13.59000015258789,1157.0
2026-08-05 10:58:00,NRIX,,24.765600204467773,24.809999465942383,24.75,24.75,3913.0
2026-08-05 10:58:00,NSSC,,40.119998931884766,40.119998931884766,40.119998931884766,40.119998931884766,921.0
2026-08-05 10:58:00,NSYS,,14.088199615478516,14.088199615478516,14.088199615478516,14.088199615478516,173.0
2026-08-05 10:58:00,NTAP,,190.48500061035156,190.53500366210938,190.3699951171875,190.52999877929688,2657.0
2026-08-05 10:58:00,NTES,,128.22999572753906,128.22999572753906,128.22000122070312,128.22000122070312,1863.0
2026-08-05 10:58:00,NTNX,,60.95500183105469,60.970001220703125,60.95500183105469,60.970001220703125,4234.0
2026-08-05 10:58:00,NTRA,,277.0350036621094,277.0350036621094,277.0350036621094,277.0350036621094,1259.0
2026-08-05 10:58:00,NTRS,,184.3000030517578,184.3000030517578,184.3000030517578,184.3000030517578,276.0
2026-08-05 10:58:00,NUWE,,1.7611000537872314,1.7799999713897705,1.7599999904632568,1.7799999713897705,3220.0
2026-08-05 10:58:00,NVCR,,16.010000228881836,16.010000228881836,16.010000228881836,16.010000228881836,1284.0
2026-08-05 10:58:00,NVCT,,20.030000686645508,20.100000381469727,20.030000686645508,20.100000381469727,1457.0
2026-08-05 10:58:00,NVDA,,218.6999969482422,219.48680114746094,218.63600158691406,219.27999877929688,415746.0
2026-08-05 10:58:00,NVMI,,406.80999755859375,408.2200012207031,406.4599914550781,407.5350036621094,5318.0
2026-08-05 10:58:00,NVNI,,1.1399999856948853,1.1399999856948853,1.1399999856948853,1.1399999856948853,1511.0
2026-08-05 10:58:00,NVTS,,12.355500221252441,12.404999732971191,12.354999542236328,12.390000343322754,14207.0
2026-08-05 10:58:00,NWBI,,15.979999542236328,15.979999542236328,15.970100402832031,15.970100402832031,1616.0
2026-08-05 10:58:00,NWE,,68.5999984741211,68.5999984741211,68.5999984741211,68.5999984741211,1075.0
2026-08-05 10:58:00,NWGL,,0.2800000011920929,0.2800000011920929,0.2800000011920929,0.2800000011920929,4823.0
2026-08-05 10:58:00,NWL,,6.164999961853027,6.175000190734863,6.150000095367432,6.15500020980835,17514.0
2026-08-05 10:58:00,NWS,,32.47999954223633,32.4900016784668,32.47999954223633,32.4900016784668,1899.0
2026-08-05 10:58:00,NWSA,,28.364999771118164,28.3799991607666,28.364999771118164,28.375,5066.0
2026-08-05 10:58:00,NXPI,,231.22000122070312,231.30999755859375,231.1199951171875,231.30999755859375,7077.0
2026-08-05 10:58:00,NXT,,97.9800033569336,98.05000305175781,97.91999816894531,98.0,7513.0
2026-08-05 10:58:00,OABI,,2.065000057220459,2.065000057220459,2.0450000762939453,2.0450000762939453,2239.0
2026-08-05 10:58:00,OCC,,16.094999313354492,16.094999313354492,16.094999313354492,16.094999313354492,131.0
2026-08-05 10:58:00,OCGN,,1.315000057220459,1.315000057220459,1.315000057220459,1.315000057220459,801.0
2026-08-05 10:58:00,OCSL,,12.119999885559082,12.119999885559082,12.114999771118164,12.119999885559082,2832.0
2026-08-05 10:58:00,OCUL,,8.640000343322754,8.640000343322754,8.640000343322754,8.640000343322754,2034.0
2026-08-05 10:58:00,ODFL,,215.19000244140625,215.27000427246094,215.19000244140625,215.27000427246094,1628.0
2026-08-05 10:58:00,OESX,,15.630000114440918,15.899999618530273,15.563899993896484,15.563899993896484,1749.0
2026-08-05 10:58:00,OFIX,,10.930000305175781,10.949999809265137,10.880000114440918,10.880000114440918,8707.0
2026-08-05 10:58:00,OKTA,,148.52999877929688,148.74000549316406,148.52999877929688,148.74000549316406,1387.0
2026-08-05 10:58:00,OLLI,,78.75,78.7699966430664,78.75,78.7699966430664,1474.0
2026-08-05 10:58:00,OM,,4.940000057220459,4.940000057220459,4.940000057220459,4.940000057220459,262.0
2026-08-05 10:58:00,OMEX,,0.75,0.75,0.7487999796867371,0.7497000098228455,1002.0
2026-08-05 10:58:00,OMH,,0.10939999669790268,0.11110000312328339,0.10909999907016754,0.10909999907016754,0.0
2026-08-05 10:58:00,ON,,77.66999816894531,77.79989624023438,77.62000274658203,77.7300033569336,14176.0
2026-08-05 10:58:00,ONB,,27.109600067138672,27.110000610351562,27.104999542236328,27.110000610351562,5494.0
2026-08-05 10:58:00,ONCY,,0.7840999960899353,0.784600019454956,0.7840999960899353,0.784600019454956,6021.0
2026-08-05 10:58:00,ONDS,,8.760000228881836,8.779999732971191,8.760000228881836,8.765000343322754,169859.0
2026-08-05 10:58:00,ONFO,,0.07199999690055847,0.07360000163316727,0.0706000030040741,0.07360000163316727,225138.0
2026-08-05 10:58:00,OPCH,,23.479999542236328,23.479999542236328,23.479999542236328,23.479999542236328,882.0
2026-08-05 10:58:00,OPEN,,3.8596999645233154,3.865000009536743,3.850100040435791,3.859999895095825,130944.0
2026-08-05 10:58:00,OPK,,1.3264000415802002,1.3300000429153442,1.3250000476837158,1.3300000429153442,8478.0
2026-08-05 10:58:00,OPRA,,20.020000457763672,20.020000457763672,20.020000457763672,20.020000457763672,1341.0
2026-08-05 10:58:00,OPRT,,6.119999885559082,6.119999885559082,6.119999885559082,6.119999885559082,397.0
2026-08-05 10:58:00,OPXS,,12.220999717712402,12.220999717712402,12.000100135803223,12.000100135803223,1500.0
2026-08-05 10:58:00,ORIC,,13.430000305175781,13.449999809265137,13.430000305175781,13.444999694824219,5254.0
2026-08-05 10:58:00,ORLY,,93.44000244140625,93.56749725341797,93.41000366210938,93.56500244140625,23394.0
2026-08-05 10:58:00,OSBC,,25.885000228881836,25.885000228881836,25.885000228881836,25.885000228881836,282.0
2026-08-05 10:58:00,OSIS,,234.49989318847656,234.49989318847656,234.49000549316406,234.49000549316406,190.0
2026-08-05 10:58:00,OSPN,,16.709999084472656,16.709999084472656,16.709999084472656,16.709999084472656,916.0
2026-08-05 10:58:00,OSS,,13.899999618530273,14.0,13.899999618530273,14.0,3713.0
2026-08-05 10:58:00,OTEX,,25.924999237060547,25.940000534057617,25.920000076293945,25.940000534057617,1707.0
2026-08-05 10:58:00,OTLK,,1.0149999856948853,1.0199999809265137,1.0149999856948853,1.0199999809265137,7824.0
2026-08-05 10:58:00,OVID,,2.619999885559082,2.619999885559082,2.619999885559082,2.619999885559082,673.0
2026-08-05 10:58:00,OXSQ,,1.4800000190734863,1.4800000190734863,1.4800000190734863,1.4800000190734863,462.0
2026-08-05 10:58:00,PAA,,23.110000610351562,23.114999771118164,23.110000610351562,23.110000610351562,1920.0
2026-08-05 10:58:00,PAAS,,48.27000045776367,48.400001525878906,48.257598876953125,48.400001525878906,12200.0
2026-08-05 10:58:00,PACB,,1.4249999523162842,1.4249999523162842,1.4199999570846558,1.4211000204086304,9318.0
2026-08-05 10:58:00,PAGP,,25.049999237060547,25.049999237060547,25.049999237060547,25.049999237060547,1151.0
2026-08-05 10:58:00,PANW,,365.5,366.3999938964844,365.3599853515625,366.3999938964844,17723.0
2026-08-05 10:58:00,PAX,,11.475000381469727,11.479999542236328,11.475000381469727,11.479999542236328,3085.0
2026-08-05 10:58:00,PAYO,,7.119999885559082,7.125,7.119999885559082,7.120999813079834,1398.0
2026-08-05 10:58:00,PAYX,,117.58000183105469,117.58000183105469,117.5,117.52999877929688,1825.0
2026-08-05 10:58:00,PBYI,,8.020000457763672,8.020000457763672,8.020000457763672,8.020000457763672,554.0
2026-08-05 10:58:00,PCAR,,133.85499572753906,133.8699951171875,133.83999633789062,133.8574981689453,3223.0
2026-08-05 10:58:00,PCRX,,25.270000457763672,25.299999237060547,25.2549991607666,25.270000457763672,10677.0
2026-08-05 10:58:00,PCT,,6.917300224304199,6.920000076293945,6.908999919891357,6.909999847412109,9575.0
2026-08-05 10:58:00,PCTY,,147.90499877929688,147.90499877929688,147.6300048828125,147.6300048828125,1356.0
2026-08-05 10:58:00,PCYO,,10.581999778747559,10.581999778747559,10.581999778747559,10.581999778747559,1017.0
2026-08-05 10:58:00,PDD,,91.80999755859375,91.86000061035156,91.80000305175781,91.86000061035156,11050.0
2026-08-05 10:58:00,PECO,,41.27000045776367,41.27000045776367,41.27000045776367,41.27000045776367,410.0
2026-08-05 10:58:00,PEGA,,31.649999618530273,31.684999465942383,31.649999618530273,31.684999465942383,1856.0
2026-08-05 10:58:00,PENN,,19.94499969482422,19.94499969482422,19.94499969482422,19.94499969482422,1009.0
2026-08-05 10:58:00,PEP,,138.39999389648438,138.4499969482422,138.38499450683594,138.41000366210938,8851.0
2026-08-05 10:58:00,PEPG,,1.909999966621399,1.9149999618530273,1.909999966621399,1.909999966621399,630.0
2026-08-05 10:58:00,PERI,,9.5649995803833,9.5649995803833,9.5649995803833,9.5649995803833,699.0
2026-08-05 10:58:00,PESI,,17.84000015258789,17.84000015258789,17.84000015258789,17.84000015258789,230.0
2026-08-05 10:58:00,PFG,,114.2300033569336,114.38999938964844,114.08999633789062,114.38999938964844,10461.0
2026-08-05 10:58:00,PGEN,,6.940999984741211,6.96999979019165,6.940999984741211,6.960000038146973,20511.0
2026-08-05 10:58:00,PGNY,,31.600000381469727,31.600000381469727,31.600000381469727,31.600000381469727,367.0
2026-08-05 10:58:00,PGY,,21.600000381469727,21.6299991607666,21.600000381469727,21.6299991607666,2789.0
2026-08-05 10:58:00,PHVS,,33.22990036010742,33.22990036010742,33.029998779296875,33.029998779296875,2602.0
2026-08-05 10:58:00,PLAB,,31.979999542236328,32.02000045776367,31.979999542236328,32.02000045776367,2515.0
2026-08-05 10:58:00,PLMR,,135.21499633789062,135.5,134.9499969482422,134.9499969482422,3888.0
2026-08-05 10:58:00,PLPC,,463.5,463.5,462.04150390625,462.04150390625,272.0
2026-08-05 10:58:00,PLRX,,1.0549999475479126,1.0549999475479126,1.0499999523162842,1.0499999523162842,11501.0
2026-08-05 10:58:00,PLSE,,36.9900016784668,36.9900016784668,36.9900016784668,36.9900016784668,557.0
2026-08-05 10:58:00,PLTK,,4.025000095367432,4.025000095367432,4.025000095367432,4.025000095367432,1043.0
2026-08-05 10:58:00,PLUG,,2.0950000286102295,2.0999999046325684,2.0899999141693115,2.0936999320983887,83505.0
2026-08-05 10:58:00,PMN,,13.300000190734863,13.300000190734863,13.300000190734863,13.300000190734863,433.0
2026-08-05 10:58:00,POET,,8.204999923706055,8.220000267028809,8.199999809265137,8.220000267028809,7169.0
2026-08-05 10:58:00,POWI,,62.209999084472656,62.209999084472656,62.209999084472656,62.209999084472656,607.0
2026-08-05 10:58:00,POWL,,209.5399932861328,209.5449981689453,209.5225067138672,209.52999877929688,435.0
2026-08-05 10:58:00,PPC,,26.829999923706055,26.84000015258789,26.809999465942383,26.809999465942383,1621.0
2026-08-05 10:58:00,PPIH,,25.790000915527344,25.790000915527344,25.790000915527344,25.790000915527344,324.0
2026-08-05 10:58:00,PPTA,,22.579999923706055,22.639999389648438,22.579999923706055,22.639999389648438,4980.0
2026-08-05 10:58:00,PRAA,,17.389999389648438,17.399999618530273,17.389999389648438,17.389999389648438,1347.0
2026-08-05 10:58:00,PRCH,,16.024999618530273,16.139999389648438,16.024999618530273,16.139999389648438,9472.0
2026-08-05 10:58:00,PRCT,,19.1200008392334,19.190000534057617,19.100000381469727,19.100000381469727,6711.0
2026-08-05 10:58:00,PRGS,,41.784698486328125,41.784698486328125,41.784698486328125,41.784698486328125,554.0
2026-08-05 10:58:00,PRIM,,86.83999633789062,86.95999908447266,86.69999694824219,86.85749816894531,2762.0
2026-08-05 10:58:00,PRME,,2.984999895095825,2.990000009536743,2.984999895095825,2.990000009536743,3679.0
2026-08-05 10:58:00,PRPH,,0.044199999421834946,0.044199999421834946,0.044199999421834946,0.044199999421834946,10000.0
2026-08-05 10:58:00,PRQR,,1.909999966621399,1.909999966621399,1.909999966621399,1.909999966621399,3547.0
2026-08-05 10:58:00,PRTA,,8.59160041809082,8.59160041809082,8.59160041809082,8.59160041809082,134.0
2026-08-05 10:58:00,PRVA,,23.989999771118164,24.0,23.989999771118164,24.0,645.0
2026-08-05 10:58:00,PRZO,,0.5543000102043152,0.5543000102043152,0.5543000102043152,0.5543000102043152,1598.0
2026-08-05 10:58:00,PSEC,,2.194999933242798,2.194999933242798,2.190000057220459,2.194999933242798,11842.0
2026-08-05 10:58:00,PSNL,,13.545000076293945,13.550000190734863,13.545000076293945,13.545000076293945,1333.0
2026-08-05 10:58:00,PTC,,141.0850067138672,141.0850067138672,141.05999755859375,141.05999755859375,742.0
2026-08-05 10:58:00,PTCT,,69.56999969482422,69.62000274658203,69.56999969482422,69.62000274658203,2929.0
2026-08-05 10:58:00,PTEN,,9.765000343322754,9.779999732971191,9.765000343322754,9.774999618530273,11151.0
2026-08-05 10:58:00,PTON,,6.545000076293945,6.545000076293945,6.539999961853027,6.545000076293945,2530.0
2026-08-05 10:58:00,PWP,,17.469999313354492,17.469999313354492,17.469999313354492,17.469999313354492,1035.0
2026-08-05 10:58:00,PYPD,,4.449999809265137,4.449999809265137,4.449999809265137,4.449999809265137,100.0
2026-08-05 10:58:00,PYPL,,58.45500183105469,58.4900016784668,58.45500183105469,58.4900016784668,7656.0
2026-08-05 10:58:00,PYXS,,3.234999895095825,3.234999895095825,3.234999895095825,3.234999895095825,460.0
2026-08-05 10:58:00,PZZA,,30.56999969482422,30.56999969482422,30.56999969482422,30.56999969482422,577.0
2026-08-05 10:58:00,QCOM,,158.52000427246094,158.75250244140625,158.49000549316406,158.55999755859375,22686.0
2026-08-05 10:58:00,QFIN,,13.420000076293945,13.420000076293945,13.420000076293945,13.420000076293945,332.0
2026-08-05 10:58:00,QQQX,,30.399999618530273,30.450000762939453,30.399999618530273,30.450000762939453,4056.0
2026-08-05 10:58:00,QRVO,,94.30500030517578,94.37000274658203,94.30500030517578,94.37000274658203,510.0
2026-08-05 10:58:00,TARA,,4.045000076293945,4.045000076293945,4.045000076293945,4.045000076293945,225.0
2026-08-05 10:58:00,WOOF,,2.940000057220459,2.940000057220459,2.940000057220459,2.940000057220459,613.0
2026-08-05 10:59:00,ACDC,,4.369999885559082,4.375,4.349999904632568,4.349999904632568,17087.0
2026-08-05 10:59:00,BPOP,,177.66000366210938,177.66000366210938,177.57000732421875,177.6199951171875,2959.0
2026-08-05 10:59:00,CPOP,,0.3531999886035919,0.3531999886035919,0.3531999886035919,0.3531999886035919,0.0
2026-08-05 10:59:00,EYE,,23.299999237060547,23.299999237060547,23.299999237060547,23.299999237060547,583.0
2026-08-05 10:59:00,GLUE,,16.010000228881836,16.100000381469727,16.010000228881836,16.100000381469727,2047.0
2026-08-05 10:59:00,KIDS,,21.149999618530273,21.149999618530273,21.149999618530273,21.149999618530273,226.0
2026-08-05 10:59:00,LUNG,,1.8849999904632568,1.8849999904632568,1.8849999904632568,1.8849999904632568,161.0
2026-08-05 10:59:00,MBRX,,0.4066999852657318,0.4066999852657318,0.4066999852657318,0.4066999852657318,1272.0
2026-08-05 10:59:00,MDB,,377.5799865722656,377.67999267578125,377.5799865722656,377.67999267578125,447.0
2026-08-05 10:59:00,MDLZ,,61.95500183105469,61.959999084472656,61.900001525878906,61.939998626708984,28389.0
2026-08-05 10:59:00,MNST,,94.7750015258789,94.77999877929688,94.73999786376953,94.76499938964844,4867.0
2026-08-05 10:59:00,MNTS,,4.34499979019165,4.34499979019165,4.324999809265137,4.324999809265137,6694.0
2026-08-05 10:59:00,MODD,,2.0950000286102295,2.0950000286102295,2.0950000286102295,2.0950000286102295,275.0
2026-08-05 10:59:00,MPAA,,13.859999656677246,13.859999656677246,13.859999656677246,13.859999656677246,549.0
2026-08-05 10:59:00,MPWR,,1323.155029296875,1323.155029296875,1320.8199462890625,1320.8299560546875,437.0
2026-08-05 10:59:00,MRNA,,57.5099983215332,57.619998931884766,57.5099983215332,57.57500076293945,6708.0
2026-08-05 10:59:00,MYGN,,3.2249999046325684,3.2300000190734863,3.2249999046325684,3.2300000190734863,2080.0
2026-08-05 10:59:00,NAVI,,9.095000267028809,9.095000267028809,9.095000267028809,9.095000267028809,1511.0
2026-08-05 10:59:00,NB,,5.025000095367432,5.034999847412109,5.014999866485596,5.014999866485596,5161.0
2026-08-05 10:59:00,NBIX,,164.4600067138672,164.4600067138672,164.30050659179688,164.30050659179688,713.0
2026-08-05 10:59:00,NBTB,,53.689998626708984,53.689998626708984,53.689998626708984,53.689998626708984,312.0
2026-08-05 10:59:00,NCPL,,0.41510000824928284,0.41510000824928284,0.41510000824928284,0.41510000824928284,3794.0
2026-08-05 10:59:00,NDAQ,,95.1500015258789,95.19000244140625,95.1500015258789,95.19000244140625,2279.0
2026-08-05 10:59:00,NDSN,,310.43499755859375,310.43499755859375,310.43499755859375,310.43499755859375,154.0
2026-08-05 10:59:00,NEGG,,17.079999923706055,17.079999923706055,17.079999923706055,17.079999923706055,256.0
2026-08-05 10:59:00,NEOG,,11.569999694824219,11.585000038146973,11.5649995803833,11.579999923706055,7910.0
2026-08-05 10:59:00,NEOV,,2.890000104904175,2.890000104904175,2.878999948501587,2.878999948501587,5076.0
2026-08-05 10:59:00,NEXT,,6.429999828338623,6.429999828338623,6.425000190734863,6.425000190734863,3987.0
2026-08-05 10:59:00,NFE,,0.33320000767707825,0.33320000767707825,0.33320000767707825,0.33320000767707825,211.0
2026-08-05 10:59:00,NFLX,,74.32499694824219,74.34989929199219,74.27999877929688,74.33000183105469,41433.0
2026-08-05 10:59:00,NGNE,,35.185001373291016,35.185001373291016,35.185001373291016,35.185001373291016,968.0
2026-08-05 10:59:00,NICE,,95.94999694824219,96.0199966430664,95.94999694824219,96.01000213623047,1710.0
2026-08-05 10:59:00,NKTR,,73.0999984741211,73.0999984741211,73.0999984741211,73.0999984741211,386.0
2026-08-05 10:59:00,NMFC,,7.324999809265137,7.324999809265137,7.324999809265137,7.324999809265137,558.0
2026-08-05 10:59:00,NMIH,,44.5099983215332,44.5099983215332,44.5099983215332,44.5099983215332,831.0
2026-08-05 10:59:00,NMRK,,15.729999542236328,15.729999542236328,15.729999542236328,15.729999542236328,848.0
2026-08-05 10:59:00,NN,,14.15999984741211,14.204999923706055,14.15999984741211,14.1899995803833,5218.0
2026-08-05 10:59:00,NNBR,,3.815000057220459,3.819999933242798,3.809999942779541,3.809999942779541,1155.0
2026-08-05 10:59:00,NNDM,,1.534999966621399,1.534999966621399,1.534999966621399,1.534999966621399,865.0
2026-08-05 10:59:00,NNOX,,1.0190000534057617,1.0199999809265137,1.0099999904632568,1.0099999904632568,2301.0
2026-08-05 10:59:00,NOVT,,157.47999572753906,157.47999572753906,157.47999572753906,157.47999572753906,759.0
2026-08-05 10:59:00,NRDS,,9.228799819946289,9.228799819946289,9.220000267028809,9.220000267028809,1432.0
2026-08-05 10:59:00,NRIM,,27.059999465942383,27.059999465942383,27.059999465942383,27.059999465942383,1037.0
2026-08-05 10:59:00,NRIX,,24.790000915527344,24.799999237060547,24.770000457763672,24.790000915527344,6766.0
2026-08-05 10:59:00,NRXP,,3.0399999618530273,3.0399999618530273,3.0399999618530273,3.0399999618530273,1582.0
2026-08-05 10:59:00,NTAP,,190.5,190.82000732421875,190.4949951171875,190.4949951171875,4559.0
2026-08-05 10:59:00,NTCT,,41.904998779296875,41.904998779296875,41.904998779296875,41.904998779296875,240.0
2026-08-05 10:59:00,NTES,,128.25999450683594,128.25999450683594,128.25999450683594,128.25999450683594,1282.0
2026-08-05 10:59:00,NTGR,,24.295000076293945,24.295000076293945,24.295000076293945,24.295000076293945,191.0
2026-08-05 10:59:00,NTNX,,60.85499954223633,60.91999816894531,60.849998474121094,60.91999816894531,2110.0
2026-08-05 10:59:00,NTRS,,184.50999450683594,184.50999450683594,184.375,184.375,1041.0
2026-08-05 10:59:00,NUWE,,1.7698999643325806,1.7698999643325806,1.7698999643325806,1.7698999643325806,430.0
2026-08-05 10:59:00,NVAX,,7.690000057220459,7.699999809265137,7.690000057220459,7.690000057220459,2557.0
2026-08-05 10:59:00,NVCT,,19.969999313354492,19.969999313354492,19.969999313354492,19.969999313354492,330.0
2026-08-05 10:59:00,NVDA,,218.8000030517578,219.125,218.6199951171875,218.6999969482422,234096.0
2026-08-05 10:59:00,NVEC,,128.0399932861328,128.0399932861328,128.0399932861328,128.0399932861328,359.0
2026-08-05 10:59:00,NVMI,,406.5950012207031,406.5950012207031,406.5950012207031,406.5950012207031,296.0
2026-08-05 10:59:00,NVTS,,12.404999732971191,12.420000076293945,12.35990047454834,12.359999656677246,19329.0
2026-08-05 10:59:00,NWL,,6.175000190734863,6.175000190734863,6.161099910736084,6.169000148773193,14917.0
2026-08-05 10:59:00,NWS,,32.44499969482422,32.46500015258789,32.44499969482422,32.46500015258789,1212.0
2026-08-05 10:59:00,NWSA,,28.329999923706055,28.360000610351562,28.329999923706055,28.360000610351562,6067.0
2026-08-05 10:59:00,NXPI,,231.10000610351562,231.47999572753906,231.05999755859375,231.19000244140625,5170.0
2026-08-05 10:59:00,NXT,,97.9800033569336,98.05500030517578,97.94000244140625,97.9800033569336,4238.0
2026-08-05 10:59:00,OABI,,2.059999942779541,2.065000057220459,2.059999942779541,2.065000057220459,2330.0
2026-08-05 10:59:00,OCS,,12.180000305175781,12.180000305175781,12.180000305175781,12.180000305175781,219.0
2026-08-05 10:59:00,OCUL,,8.630000114440918,8.630000114440918,8.630000114440918,8.630000114440918,873.0
2026-08-05 10:59:00,ODFL,,214.97000122070312,215.3300018310547,214.97000122070312,215.03500366210938,17628.0
2026-08-05 10:59:00,OESX,,15.524999618530273,15.880000114440918,15.524999618530273,15.880000114440918,1113.0
2026-08-05 10:59:00,OFIX,,10.90999984741211,10.90999984741211,10.890000343322754,10.899999618530273,2234.0
2026-08-05 10:59:00,OKTA,,148.30999755859375,148.52000427246094,148.25,148.4199981689453,1217.0
2026-08-05 10:59:00,OLLI,,78.75,78.75,78.75,78.75,2304.0
2026-08-05 10:59:00,OLMA,,11.670000076293945,11.670000076293945,11.670000076293945,11.670000076293945,441.0
2026-08-05 10:59:00,OMCL,,37.33000183105469,37.3650016784668,37.33000183105469,37.3650016784668,457.0
2026-08-05 10:59:00,OMER,,12.880000114440918,12.880000114440918,12.880000114440918,12.880000114440918,353.0
2026-08-05 10:59:00,OMH,,0.11100000143051147,0.11100000143051147,0.11100000143051147,0.11100000143051147,229.0
2026-08-05 10:59:00,ON,,77.75499725341797,77.95500183105469,77.67500305175781,77.69000244140625,19365.0
2026-08-05 10:59:00,ONB,,27.114999771118164,27.114999771118164,27.110000610351562,27.110000610351562,2912.0
2026-08-05 10:59:00,ONCY,,0.784600019454956,0.784600019454956,0.784600019454956,0.784600019454956,463.0
2026-08-05 10:59:00,ONDS,,8.789999961853027,8.800000190734863,8.760100364685059,8.76140022277832,167663.0
2026-08-05 10:59:00,ONFO,,0.07199999690055847,0.07240000367164612,0.07190000265836716,0.07190000265836716,41297.0
2026-08-05 10:59:00,OPCH,,23.459999084472656,23.479999542236328,23.459999084472656,23.479999542236328,3289.0
2026-08-05 10:59:00,OPEN,,3.8701000213623047,3.880000114440918,3.8499999046325684,3.859999895095825,128082.0
2026-08-05 10:59:00,OPRA,,20.0674991607666,20.0674991607666,20.0674991607666,20.0674991607666,748.0
2026-08-05 10:59:00,OPRX,,6.75,6.75,6.75,6.75,889.0
2026-08-05 10:59:00,ORGO,,2.384999990463257,2.390000104904175,2.384999990463257,2.384999990463257,1718.0
2026-08-05 10:59:00,ORIC,,13.430000305175781,13.430000305175781,13.380000114440918,13.430000305175781,23047.0
2026-08-05 10:59:00,ORLY,,93.40499877929688,93.44000244140625,93.40499877929688,93.44000244140625,2670.0
2026-08-05 10:59:00,ORRF,,43.529998779296875,43.529998779296875,43.529998779296875,43.529998779296875,129.0
2026-08-05 10:59:00,OSS,,13.920100212097168,13.920100212097168,13.920000076293945,13.920000076293945,5437.0
2026-08-05 10:59:00,OSW,,26.649999618530273,26.649999618530273,26.639999389648438,26.649999618530273,3501.0
2026-08-05 10:59:00,OTEX,,25.90999984741211,25.920000076293945,25.895000457763672,25.920000076293945,2404.0
2026-08-05 10:59:00,OTLK,,1.0199999809265137,1.0199999809265137,1.0104999542236328,1.0104999542236328,2898.0
2026-08-05 10:59:00,OTLY,,14.489999771118164,14.489999771118164,14.489999771118164,14.489999771118164,1327.0
2026-08-05 10:59:00,OVID,,2.615000009536743,2.6198999881744385,2.615000009536743,2.6198999881744385,2468.0
2026-08-05 10:59:00,OXLC,,9.095000267028809,9.095000267028809,9.089900016784668,9.089900016784668,3109.0
2026-08-05 10:59:00,OXSQ,,1.4800000190734863,1.4800000190734863,1.4800000190734863,1.4800000190734863,736.0
2026-08-05 10:59:00,PAA,,23.125,23.125,23.1200008392334,23.1200008392334,3247.0
2026-08-05 10:59:00,PAAS,,48.17499923706055,48.275001525878906,48.165000915527344,48.275001525878906,9730.0
2026-08-05 10:59:00,PAGP,,25.065000534057617,25.065000534057617,25.065000534057617,25.065000534057617,2483.0
2026-08-05 10:59:00,PALI,,2.0850000381469727,2.0850000381469727,2.0850000381469727,2.0850000381469727,597.0
2026-08-05 10:59:00,PANW,,364.9849853515625,365.3739929199219,364.739990234375,365.3200988769531,17363.0
2026-08-05 10:59:00,PAYO,,7.125,7.130000114440918,7.119999885559082,7.130000114440918,17064.0
2026-08-05 10:59:00,PAYX,,117.51499938964844,117.55500030517578,117.4749984741211,117.55500030517578,3789.0
2026-08-05 10:59:00,PBYI,,8.010000228881836,8.010000228881836,8.010000228881836,8.010000228881836,200.0
2026-08-05 10:59:00,PCAR,,133.8800048828125,133.91000366210938,133.8300018310547,133.8300018310547,4161.0
2026-08-05 10:59:00,PCRX,,25.239999771118164,25.270000457763672,25.239999771118164,25.270000457763672,833.0
2026-08-05 10:59:00,PCT,,6.925000190734863,6.934999942779541,6.914999961853027,6.914999961853027,8954.0
2026-08-05 10:59:00,PCTY,,147.8000030517578,147.8000030517578,147.61000061035156,147.74000549316406,1855.0
2026-08-05 10:59:00,PDD,,91.80500030517578,91.8499984741211,91.76499938964844,91.7750015258789,13128.0
2026-08-05 10:59:00,PDSB,,0.7134000062942505,0.7134000062942505,0.7134000062942505,0.7134000062942505,600.0
2026-08-05 10:59:00,PECO,,41.29999923706055,41.29999923706055,41.29999923706055,41.29999923706055,2088.0
2026-08-05 10:59:00,PEGA,,31.6200008392334,31.6200008392334,31.6200008392334,31.6200008392334,544.0
2026-08-05 10:59:00,PENN,,19.93000030517578,19.959999084472656,19.93000030517578,19.94499969482422,3792.0
2026-08-05 10:59:00,PEP,,138.4499969482422,138.4499969482422,138.35000610351562,138.42999267578125,8963.0
2026-08-05 10:59:00,PEPG,,1.9149999618530273,1.9149999618530273,1.909999966621399,1.909999966621399,330.0
2026-08-05 10:59:00,PERI,,9.5600004196167,9.5600004196167,9.5600004196167,9.5600004196167,501.0
2026-08-05 10:59:00,PESI,,17.844999313354492,17.844999313354492,17.844999313354492,17.844999313354492,1281.0
2026-08-05 10:59:00,PFG,,114.41699981689453,114.56999969482422,114.2300033569336,114.2300033569336,3763.0
2026-08-05 10:59:00,PGEN,,6.914999961853027,6.959799766540527,6.914999961853027,6.949999809265137,14258.0
2026-08-05 10:59:00,PGNY,,31.530000686645508,31.59000015258789,31.530000686645508,31.59000015258789,1320.0
2026-08-05 10:59:00,PGY,,21.604999542236328,21.614999771118164,21.59000015258789,21.59000015258789,2893.0
2026-08-05 10:59:00,PHAT,,8.484999656677246,8.494999885559082,8.484999656677246,8.494999885559082,2856.0
2026-08-05 10:59:00,PHVS,,33.10499954223633,33.10499954223633,33.029998779296875,33.029998779296875,593.0
2026-08-05 10:59:00,PLAB,,32.04499816894531,32.04499816894531,32.04499816894531,32.04499816894531,925.0
2026-08-05 10:59:00,PLPC,,463.54998779296875,463.54998779296875,463.54998779296875,463.54998779296875,606.0
2026-08-05 10:59:00,PLRX,,1.0549999475479126,1.0549999475479126,1.0549999475479126,1.0549999475479126,364.0
2026-08-05 10:59:00,PLSE,,36.83000183105469,36.83000183105469,36.83000183105469,36.83000183105469,126.0
2026-08-05 10:59:00,PLTK,,4.0289998054504395,4.0289998054504395,4.0289998054504395,4.0289998054504395,457.0
2026-08-05 10:59:00,PLUG,,2.0899999141693115,2.0999999046325684,2.0899999141693115,2.0950000286102295,28168.0
2026-08-05 10:59:00,PMEC,,0.41600000858306885,0.41600000858306885,0.41600000858306885,0.41600000858306885,837.0
2026-08-05 10:59:00,PNFP,,108.28500366210938,108.36000061035156,108.28500366210938,108.36000061035156,1119.0
2026-08-05 10:59:00,POET,,8.220100402832031,8.239999771118164,8.204999923706055,8.204999923706055,18020.0
2026-08-05 10:59:00,POOL,,204.52999877929688,204.52999877929688,204.52999877929688,204.52999877929688,2167.0
2026-08-05 10:59:00,POWL,,209.5500030517578,209.82000732421875,209.46800231933594,209.5449981689453,920.0
2026-08-05 10:59:00,PPC,,26.809999465942383,26.809999465942383,26.809999465942383,26.809999465942383,1104.0
2026-08-05 10:59:00,PPTA,,22.579999923706055,22.59000015258789,22.56999969482422,22.56999969482422,2617.0
2026-08-05 10:59:00,PRAA,,17.389999389648438,17.389999389648438,17.389999389648438,17.389999389648438,1327.0
2026-08-05 10:59:00,PRAX,,312.9200134277344,312.9200134277344,312.7200012207031,312.7200012207031,135.0
2026-08-05 10:59:00,PRCH,,16.020000457763672,16.020000457763672,16.020000457763672,16.020000457763672,361.0
2026-08-05 10:59:00,PRCT,,18.9950008392334,19.135000228881836,18.989999771118164,19.135000228881836,7300.0
2026-08-05 10:59:00,PRDO,,33.16999816894531,33.16999816894531,33.15999984741211,33.15999984741211,360.0
2026-08-05 10:59:00,PRGS,,41.75,41.83250045776367,41.75,41.83250045776367,1337.0
2026-08-05 10:59:00,PRIM,,86.68000030517578,86.87000274658203,86.66000366210938,86.87000274658203,2847.0
2026-08-05 10:59:00,PRLD,,4.564700126647949,4.564700126647949,4.564700126647949,4.564700126647949,458.0
2026-08-05 10:59:00,PRME,,2.990000009536743,2.990000009536743,2.990000009536743,2.990000009536743,557.0
2026-08-05 10:59:00,PRPH,,0.04430000111460686,0.04430000111460686,0.04430000111460686,0.04430000111460686,2500.0
2026-08-05 10:59:00,PRQR,,1.909999966621399,1.909999966621399,1.9079999923706055,1.909999966621399,1130.0
2026-08-05 10:59:00,PRTA,,8.595000267028809,8.595000267028809,8.595000267028809,8.595000267028809,473.0
2026-08-05 10:59:00,PRVA,,23.985000610351562,23.985000610351562,23.985000610351562,23.985000610351562,2061.0
2026-08-05 10:59:00,PRZO,,0.5586000084877014,0.5597000122070312,0.5586000084877014,0.5597000122070312,320.0
2026-08-05 10:59:00,PSEC,,2.194999933242798,2.194999933242798,2.194999933242798,2.194999933242798,2156.0
2026-08-05 10:59:00,PSNL,,13.5600004196167,13.569999694824219,13.545000076293945,13.545000076293945,4214.0
2026-08-05 10:59:00,PTC,,140.86000061035156,140.86000061035156,140.85000610351562,140.85000610351562,1483.0
2026-08-05 10:59:00,PTEN,,9.765000343322754,9.769700050354004,9.765000343322754,9.769700050354004,1879.0
2026-08-05 10:59:00,PTLO,,4.585000038146973,4.614999771118164,4.579999923706055,4.599999904632568,19496.0
2026-08-05 10:59:00,PTON,,6.539999961853027,6.550000190734863,6.539999961853027,6.539999961853027,3297.0
2026-08-05 10:59:00,PUBM,,13.699999809265137,13.699999809265137,13.699999809265137,13.699999809265137,1341.0
2026-08-05 10:59:00,PWP,,17.459999084472656,17.469999313354492,17.459999084472656,17.469999313354492,2045.0
2026-08-05 10:59:00,PYPD,,4.454999923706055,4.480000019073486,4.449999809265137,4.449999809265137,4102.0
2026-08-05 10:59:00,PYPL,,58.47999954223633,58.47999954223633,58.45000076293945,58.45500183105469,10945.0
2026-08-05 10:59:00,PYXS,,3.234999895095825,3.234999895095825,3.2300000190734863,3.2300000190734863,1315.0
2026-08-05 10:59:00,PZZA,,30.549999237060547,30.549999237060547,30.549999237060547,30.549999237060547,782.0
2026-08-05 10:59:00,QCOM,,158.64500427246094,158.89500427246094,158.47999572753906,158.55999755859375,17060.0
2026-08-05 10:59:00,QFIN,,13.4350004196167,13.4350004196167,13.420000076293945,13.425000190734863,1594.0
2026-08-05 10:59:00,QRVO,,94.36000061035156,94.37000274658203,94.33999633789062,94.33999633789062,449.0
2026-08-05 10:59:00,SEED,,0.9750000238418579,0.9750000238418579,0.9750000238418579,0.9750000238418579,2272.0
2026-08-05 10:59:00,STIM,,2.2899999618530273,2.2899999618530273,2.2850000858306885,2.2850000858306885,570.0
2026-08-05 10:59:00,TARA,,4.045000076293945,4.045000076293945,4.045000076293945,4.045000076293945,593.0
2026-08-05 11:00:00,ACDC,,4.364999771118164,4.375,4.364999771118164,4.375,2563.0
2026-08-05 11:00:00,CASH,,89.63999938964844,89.63999938964844,89.63999938964844,89.63999938964844,688.0
2026-08-05 11:00:00,CNXN,,84.78500366210938,84.78500366210938,84.78500366210938,84.78500366210938,576.0
2026-08-05 11:00:00,DTIL,,7.474999904632568,7.474999904632568,7.474999904632568,7.474999904632568,733.0
2026-08-05 11:00:00,EYE,,23.31999969482422,23.31999969482422,23.270000457763672,23.31999969482422,1810.0
2026-08-05 11:00:00,GLUE,,16.010000228881836,16.03499984741211,15.989999771118164,16.03499984741211,3638.0
2026-08-05 11:00:00,KIDS,,21.190000534057617,21.190000534057617,21.190000534057617,21.190000534057617,121.0
2026-08-05 11:00:00,KITT,,1.0700000524520874,1.0700000524520874,1.0700000524520874,1.0700000524520874,306.0
2026-08-05 11:00:00,MCRI,,125.44999694824219,125.44999694824219,125.44999694824219,125.44999694824219,1146.0
2026-08-05 11:00:00,MDB,,377.29998779296875,377.29998779296875,377.2950134277344,377.2950134277344,565.0
2026-08-05 11:00:00,MDLZ,,62.0,62.02000045776367,61.97999954223633,61.97999954223633,18158.0
2026-08-05 11:00:00,MLTX,,17.600000381469727,17.600000381469727,17.600000381469727,17.600000381469727,1883.0
2026-08-05 11:00:00,MNRO,,13.130000114440918,13.130000114440918,13.114999771118164,13.114999771118164,2273.0
2026-08-05 11:00:00,MNST,,94.79000091552734,94.80000305175781,94.77010345458984,94.80000305175781,4166.0
2026-08-05 11:00:00,MNTSW,,0.0017999999690800905,0.0017999999690800905,0.0017999999690800905,0.0017999999690800905,1000.0
2026-08-05 11:00:00,MPAA,,13.994999885559082,13.994999885559082,13.989999771118164,13.989999771118164,748.0
2026-08-05 11:00:00,MPWR,,1322.3299560546875,1324.800048828125,1322.3299560546875,1322.5159912109375,604.0
2026-08-05 11:00:00,MRNA,,57.369998931884766,57.47999954223633,57.369998931884766,57.47999954223633,5551.0
2026-08-05 11:00:00,MSGM,,4.46999979019165,4.46999979019165,4.46999979019165,4.46999979019165,202.0
2026-08-05 11:00:00,MYGN,,3.2249999046325684,3.2249999046325684,3.2249999046325684,3.2249999046325684,1548.0
2026-08-05 11:00:00,MYRG,,337.6600036621094,337.6600036621094,337.6600036621094,337.6600036621094,328.0
2026-08-05 11:00:00,NAMS,,26.7549991607666,26.7549991607666,26.7549991607666,26.7549991607666,587.0
2026-08-05 11:00:00,NAUT,,0.9742000102996826,0.9763000011444092,0.9742000102996826,0.9763000011444092,862.0
2026-08-05 11:00:00,NAVI,,9.100000381469727,9.100000381469727,9.100000381469727,9.100000381469727,2336.0
2026-08-05 11:00:00,NB,,5.03000020980835,5.03000020980835,5.019999980926514,5.025000095367432,1903.0
2026-08-05 11:00:00,NBIX,,164.36000061035156,164.36000061035156,164.24000549316406,164.25999450683594,2525.0
2026-08-05 11:00:00,NBTB,,53.68000030517578,53.689998626708984,53.68000030517578,53.68000030517578,978.0
2026-08-05 11:00:00,NDAQ,,95.26000213623047,95.26000213623047,95.18910217285156,95.19999694824219,3800.0
2026-08-05 11:00:00,NEGG,,17.079999923706055,17.079999923706055,17.079999923706055,17.079999923706055,348.0
2026-08-05 11:00:00,NEO,,16.149999618530273,16.149999618530273,16.110000610351562,16.110000610351562,5706.0
2026-08-05 11:00:00,NEOG,,11.545000076293945,11.569999694824219,11.529999732971191,11.569999694824219,14597.0
2026-08-05 11:00:00,NEOV,,2.890000104904175,2.890000104904175,2.890000104904175,2.890000104904175,1048.0
2026-08-05 11:00:00,NESR,,28.5,28.5,28.5,28.5,433.0
2026-08-05 11:00:00,NEXT,,6.420000076293945,6.429999828338623,6.414999961853027,6.429999828338623,4255.0
2026-08-05 11:00:00,NFLX,,74.38500213623047,74.43000030517578,74.33000183105469,74.33000183105469,42646.0
2026-08-05 11:00:00,NGNE,,35.185001373291016,35.185001373291016,35.185001373291016,35.185001373291016,119.0
2026-08-05 11:00:00,NICE,,95.68000030517578,96.0,95.62000274658203,96.0,6946.0
2026-08-05 11:00:00,NKTR,,73.08000183105469,73.08000183105469,73.08000183105469,73.08000183105469,107.0
2026-08-05 11:00:00,NKTX,,2.174999952316284,2.174999952316284,2.174999952316284,2.174999952316284,878.0
2026-08-05 11:00:00,NMRK,,15.75,15.75,15.739999771118164,15.739999771118164,1464.0
2026-08-05 11:00:00,NN,,14.21500015258789,14.21500015258789,14.149999618530273,14.15999984741211,11975.0
2026-08-05 11:00:00,NNBR,,3.819999933242798,3.819999933242798,3.809999942779541,3.809999942779541,2295.0
2026-08-05 11:00:00,NNDM,,1.5449999570846558,1.5449999570846558,1.534999966621399,1.534999966621399,36019.0
2026-08-05 11:00:00,NNOX,,1.0099999904632568,1.0099999904632568,1.0099999904632568,1.0099999904632568,273.0
2026-08-05 11:00:00,NOVT,,157.75999450683594,157.75999450683594,157.50999450683594,157.75999450683594,1557.0
2026-08-05 11:00:00,NRDS,,9.234999656677246,9.234999656677246,9.234999656677246,9.234999656677246,131.0
2026-08-05 11:00:00,NSSC,,40.15999984741211,40.15999984741211,40.15999984741211,40.15999984741211,590.0
2026-08-05 11:00:00,NTAP,,190.57000732421875,190.57000732421875,190.57000732421875,190.57000732421875,409.0
2026-08-05 11:00:00,NTCT,,41.95000076293945,41.95000076293945,41.95000076293945,41.95000076293945,168.0
2026-08-05 11:00:00,NTGR,,24.2549991607666,24.2549991607666,24.2549991607666,24.2549991607666,524.0
2026-08-05 11:00:00,NTNX,,60.845001220703125,60.88999938964844,60.845001220703125,60.88999938964844,4247.0
2026-08-05 11:00:00,NTRA,,276.45001220703125,276.45001220703125,276.1700134277344,276.17999267578125,1606.0
2026-08-05 11:00:00,NUWE,,1.7949999570846558,1.7949999570846558,1.7949999570846558,1.7949999570846558,1600.0
2026-08-05 11:00:00,NVAX,,7.678999900817871,7.679999828338623,7.678999900817871,7.679999828338623,3415.0
2026-08-05 11:00:00,NVCR,,16.079999923706055,16.100000381469727,16.049999237060547,16.049999237060547,8485.0
2026-08-05 11:00:00,NVCT,,20.020000457763672,20.079999923706055,19.96500015258789,19.96500015258789,3400.0
2026-08-05 11:00:00,NVDA,,219.13999938964844,219.1699981689453,218.7449951171875,218.80999755859375,283791.0
2026-08-05 11:00:00,NVTS,,12.40999984741211,12.430000305175781,12.380000114440918,12.399999618530273,23386.0
2026-08-05 11:00:00,NWL,,6.1809000968933105,6.184999942779541,6.164999961853027,6.170000076293945,22281.0
2026-08-05 11:00:00,NWS,,32.47999954223633,32.47999954223633,32.44499969482422,32.47999954223633,3063.0
2026-08-05 11:00:00,NWSA,,28.360000610351562,28.360000610351562,28.334999084472656,28.334999084472656,7562.0
2026-08-05 11:00:00,NXPI,,231.0399932861328,231.10000610351562,230.92999267578125,231.10000610351562,2557.0
2026-08-05 11:00:00,NXST,,192.50999450683594,192.50999450683594,192.5,192.5,1653.0
2026-08-05 11:00:00,NXT,,97.9749984741211,97.9800033569336,97.88999938964844,97.88999938964844,2774.0
2026-08-05 11:00:00,NXTC,,5.289999961853027,5.306700229644775,5.275000095367432,5.300000190734863,1714.0
2026-08-05 11:00:00,OABI,,2.059999942779541,2.059999942779541,2.049999952316284,2.055000066757202,24328.0
2026-08-05 11:00:00,OCGN,,1.315000057220459,1.315000057220459,1.315000057220459,1.315000057220459,3381.0
2026-08-05 11:00:00,OCSL,,12.130000114440918,12.130000114440918,12.119999885559082,12.119999885559082,791.0
2026-08-05 11:00:00,OCUL,,8.635000228881836,8.638999938964844,8.630000114440918,8.630000114440918,1205.0
2026-08-05 11:00:00,ODD,,15.25,15.25,15.25,15.25,513.0
2026-08-05 11:00:00,ODFL,,215.1300048828125,215.13999938964844,214.91000366210938,214.91000366210938,3144.0
2026-08-05 11:00:00,OESX,,15.770000457763672,15.779999732971191,15.729999542236328,15.729999542236328,1416.0
2026-08-05 11:00:00,OFIX,,10.930000305175781,10.930000305175781,10.930000305175781,10.930000305175781,1392.0
2026-08-05 11:00:00,OKTA,,148.1199951171875,148.24000549316406,148.1199951171875,148.24000549316406,1525.0
2026-08-05 11:00:00,OLLI,,78.8949966430664,78.8949966430664,78.87000274658203,78.87000274658203,2197.0
2026-08-05 11:00:00,OMCL,,37.3650016784668,37.3650016784668,37.3650016784668,37.3650016784668,318.0
2026-08-05 11:00:00,OMER,,12.859999656677246,12.869999885559082,12.859999656677246,12.869999885559082,631.0
2026-08-05 11:00:00,OMH,,0.11100000143051147,0.11100000143051147,0.11089999973773956,0.11100000143051147,7543.0
2026-08-05 11:00:00,ON,,77.73760223388672,77.80000305175781,77.68000030517578,77.7300033569336,15110.0
2026-08-05 11:00:00,ONB,,27.125,27.125,27.110000610351562,27.110000610351562,4184.0
2026-08-05 11:00:00,ONCO,,0.796999990940094,0.796999990940094,0.796999990940094,0.796999990940094,1000.0
2026-08-05 11:00:00,ONDS,,8.789999961853027,8.800000190734863,8.779999732971191,8.78499984741211,130293.0
2026-08-05 11:00:00,ONFO,,0.0722000002861023,0.0723000019788742,0.07150000333786011,0.07150000333786011,57837.0
2026-08-05 11:00:00,OPCH,,23.459999084472656,23.459999084472656,23.450000762939453,23.450000762939453,1290.0
2026-08-05 11:00:00,OPEN,,3.884999990463257,3.884999990463257,3.869999885559082,3.880000114440918,62063.0
2026-08-05 11:00:00,OPRT,,6.119999885559082,6.119999885559082,6.119999885559082,6.119999885559082,453.0
2026-08-05 11:00:00,ORIC,,13.350000381469727,13.380000114440918,13.350000381469727,13.36989974975586,5083.0
2026-08-05 11:00:00,ORLY,,93.41999816894531,93.44999694824219,93.38999938964844,93.41999816894531,8288.0
2026-08-05 11:00:00,ORRF,,43.560001373291016,43.560001373291016,43.560001373291016,43.560001373291016,609.0
2026-08-05 11:00:00,OSBC,,25.885000228881836,25.885000228881836,25.885000228881836,25.885000228881836,428.0
2026-08-05 11:00:00,OSIS,,234.3000030517578,234.3000030517578,234.3000030517578,234.3000030517578,402.0
2026-08-05 11:00:00,OSS,,13.899999618530273,13.920000076293945,13.899999618530273,13.920000076293945,1570.0
2026-08-05 11:00:00,OSW,,26.68000030517578,26.68000030517578,26.68000030517578,26.68000030517578,386.0
2026-08-05 11:00:00,OTEX,,25.915000915527344,25.940000534057617,25.90999984741211,25.920000076293945,3572.0
2026-08-05 11:00:00,OTLK,,1.0190000534057617,1.0199999809265137,1.0149999856948853,1.0199999809265137,6485.0
2026-08-05 11:00:00,OTTR,,91.94999694824219,91.94999694824219,91.91999816894531,91.94999694824219,2050.0
2026-08-05 11:00:00,OVID,,2.615000009536743,2.615000009536743,2.615000009536743,2.615000009536743,1138.0
2026-08-05 11:00:00,OXLC,,9.100000381469727,9.100000381469727,9.100000381469727,9.100000381469727,1477.0
2026-08-05 11:00:00,OXSQ,,1.4800000190734863,1.4900000095367432,1.4800000190734863,1.4800000190734863,292.0
2026-08-05 11:00:00,PAA,,23.1299991607666,23.145000457763672,23.125,23.125,16542.0
2026-08-05 11:00:00,PAAS,,48.279998779296875,48.279998779296875,48.189998626708984,48.20000076293945,7480.0
2026-08-05 11:00:00,PACB,,1.4249999523162842,1.4251999855041504,1.4199999570846558,1.4251999855041504,17952.0
2026-08-05 11:00:00,PAGP,,25.059999465942383,25.09000015258789,25.059999465942383,25.079999923706055,6737.0
2026-08-05 11:00:00,PALI,,2.0850000381469727,2.0850000381469727,2.0850000381469727,2.0850000381469727,1690.0
2026-08-05 11:00:00,PANW,,365.1400146484375,365.1400146484375,364.6400146484375,364.6400146484375,7501.0
2026-08-05 11:00:00,PATK,,88.11000061035156,88.11000061035156,88.11000061035156,88.11000061035156,893.0
2026-08-05 11:00:00,PAX,,11.484999656677246,11.484999656677246,11.479999542236328,11.479999542236328,3136.0
2026-08-05 11:00:00,PAYO,,7.130000114440918,7.130000114440918,7.125,7.125,806.0
2026-08-05 11:00:00,PAYX,,117.52999877929688,117.5999984741211,117.52999877929688,117.54499816894531,4182.0
2026-08-05 11:00:00,PBYI,,8.0,8.0,8.0,8.0,568.0
2026-08-05 11:00:00,PCAR,,133.8800048828125,133.9499969482422,133.80999755859375,133.8699951171875,5816.0
2026-08-05 11:00:00,PCRX,,25.165000915527344,25.239999771118164,25.09000015258789,25.229999542236328,16242.0
2026-08-05 11:00:00,PCSA,,2.170099973678589,2.170099973678589,2.170099973678589,2.170099973678589,261.0
2026-08-05 11:00:00,PCT,,6.929999828338623,6.929999828338623,6.925000190734863,6.929100036621094,4485.0
2026-08-05 11:00:00,PCTY,,147.9149932861328,147.9149932861328,147.38499450683594,147.38499450683594,1058.0
2026-08-05 11:00:00,PDD,,91.8499984741211,91.88999938964844,91.80999755859375,91.80999755859375,16203.0
2026-08-05 11:00:00,PEBO,,41.849998474121094,41.849998474121094,41.849998474121094,41.849998474121094,128.0
2026-08-05 11:00:00,PEGA,,31.690000534057617,31.690000534057617,31.610000610351562,31.610000610351562,1222.0
2026-08-05 11:00:00,PENN,,19.940000534057617,19.940000534057617,19.924999237060547,19.924999237060547,4073.0
2026-08-05 11:00:00,PEP,,138.52999877929688,138.56500244140625,138.50990295410156,138.50990295410156,14570.0
2026-08-05 11:00:00,PEPG,,1.909999966621399,1.909999966621399,1.909999966621399,1.909999966621399,222.0
2026-08-05 11:00:00,PERI,,9.574999809265137,9.574999809265137,9.574999809265137,9.574999809265137,492.0
2026-08-05 11:00:00,PFG,,114.43499755859375,114.43499755859375,114.43000030517578,114.43000030517578,1482.0
2026-08-05 11:00:00,PGEN,,6.885000228881836,6.920000076293945,6.829999923706055,6.920000076293945,114431.0
2026-08-05 11:00:00,PGNY,,31.530000686645508,31.540000915527344,31.530000686645508,31.540000915527344,552.0
2026-08-05 11:00:00,PGY,,21.68000030517578,21.68000030517578,21.6200008392334,21.6200008392334,4699.0
2026-08-05 11:00:00,PHAT,,8.484999656677246,8.484999656677246,8.484999656677246,8.484999656677246,1751.0
2026-08-05 11:00:00,PHVS,,33.04999923706055,33.06999969482422,33.04999923706055,33.06999969482422,502.0
2026-08-05 11:00:00,PKOH,,41.060001373291016,41.40999984741211,41.060001373291016,41.40999984741211,1819.0
2026-08-05 11:00:00,PLSE,,36.70000076293945,36.70000076293945,36.70000076293945,36.70000076293945,430.0
2026-08-05 11:00:00,PLTK,,4.034999847412109,4.034999847412109,4.025000095367432,4.025000095367432,2932.0
2026-08-05 11:00:00,PLUG,,2.0999999046325684,2.0999999046325684,2.090100049972534,2.099900007247925,79025.0
2026-08-05 11:00:00,PMN,,13.210000038146973,13.210000038146973,13.210000038146973,13.210000038146973,697.0
2026-08-05 11:00:00,PNFP,,108.1500015258789,108.31500244140625,108.1500015258789,108.19000244140625,14435.0
2026-08-05 11:00:00,POET,,8.23009967803955,8.239800453186035,8.210000038146973,8.220000267028809,23980.0
2026-08-05 11:00:00,PPC,,26.850000381469727,26.850000381469727,26.84000015258789,26.84000015258789,2137.0
2026-08-05 11:00:00,PPTA,,22.6200008392334,22.6200008392334,22.56999969482422,22.56999969482422,6585.0
2026-08-05 11:00:00,PRAA,,17.440000534057617,17.459999084472656,17.389999389648438,17.40999984741211,6634.0
2026-08-05 11:00:00,PRAX,,312.3900146484375,312.3900146484375,311.7799987792969,311.7799987792969,303.0
2026-08-05 11:00:00,PRCH,,16.059999465942383,16.06999969482422,16.030000686645508,16.030000686645508,14858.0
2026-08-05 11:00:00,PRCT,,19.079999923706055,19.1200008392334,18.989999771118164,19.024999618530273,8968.0
2026-08-05 11:00:00,PRDO,,33.17499923706055,33.17499923706055,33.17499923706055,33.17499923706055,277.0
2026-08-05 11:00:00,PRGS,,41.790000915527344,41.79999923706055,41.790000915527344,41.79999923706055,679.0
2026-08-05 11:00:00,PRIM,,86.26000213623047,86.69000244140625,86.23500061035156,86.66000366210938,9943.0
2026-08-05 11:00:00,PRME,,2.9700000286102295,2.9800000190734863,2.9700000286102295,2.9800000190734863,10063.0
2026-08-05 11:00:00,PRTH,,6.599999904632568,6.599999904632568,6.596499919891357,6.596499919891357,1710.0
2026-08-05 11:00:00,PRZO,,0.5644000172615051,0.5644000172615051,0.5620999932289124,0.5620999932289124,1301.0
2026-08-05 11:00:00,PSEC,,2.200000047683716,2.200000047683716,2.190000057220459,2.190000057220459,3043.0
2026-08-05 11:00:00,PSNL,,13.630000114440918,13.645000457763672,13.59000015258789,13.59000015258789,12408.0
2026-08-05 11:00:00,PTC,,141.0,141.08999633789062,140.86500549316406,140.86500549316406,2667.0
2026-08-05 11:00:00,PTCT,,69.51000213623047,69.51000213623047,69.41000366210938,69.41000366210938,971.0
2026-08-05 11:00:00,PTEN,,9.755000114440918,9.774999618530273,9.75,9.770000457763672,8185.0
2026-08-05 11:00:00,PTLO,,4.605000019073486,4.605000019073486,4.590000152587891,4.590000152587891,3743.0
2026-08-05 11:00:00,PTON,,6.539999961853027,6.554999828338623,6.539999961853027,6.545000076293945,13973.0
2026-08-05 11:00:00,PWP,,17.450000762939453,17.489999771118164,17.450000762939453,17.469999313354492,6240.0
2026-08-05 11:00:00,PYPL,,58.54499816894531,58.564998626708984,58.4900016784668,58.494998931884766,13306.0
2026-08-05 11:00:00,PYXS,,3.2200000286102295,3.2300000190734863,3.2200000286102295,3.2300000190734863,1473.0
2026-08-05 11:00:00,PZZA,,30.59000015258789,30.610000610351562,30.56999969482422,30.610000610351562,2749.0
2026-08-05 11:00:00,QCOM,,158.52000427246094,158.67999267578125,158.5050048828125,158.60000610351562,21291.0
2026-08-05 11:00:00,QFIN,,13.4399995803833,13.4399995803833,13.4399995803833,13.4399995803833,472.0
2026-08-05 11:00:00,QQQX,,30.415000915527344,30.415000915527344,30.415000915527344,30.415000915527344,133.0
2026-08-05 11:00:00,QRVO,,94.25,94.36000061035156,94.2300033569336,94.36000061035156,1968.0
2026-08-05 11:00:00,SEED,,0.9624000191688538,0.9710999727249146,0.9613999724388123,0.9710999727249146,1187.0
2026-08-05 11:00:00,STIM,,2.2850000858306885,2.2850000858306885,2.2850000858306885,2.2850000858306885,3301.0
2026-08-05 11:00:00,TARA,,4.045000076293945,4.045000076293945,4.045000076293945,4.045000076293945,300.0
2026-08-05 11:00:00,WOOF,,2.949899911880493,2.950000047683716,2.944999933242798,2.944999933242798,6214.0
2026-08-05 11:01:00,ACDC,,4.360000133514404,4.375,4.360000133514404,4.369999885559082,9844.0
2026-08-05 11:01:00,BPOP,,177.66000366210938,177.66000366210938,177.66000366210938,177.66000366210938,310.0
2026-08-05 11:01:00,CNXN,,84.48999786376953,84.54000091552734,84.48999786376953,84.5,883.0
2026-08-05 11:01:00,CPOP,,0.35910001397132874,0.35910001397132874,0.35910001397132874,0.35910001397132874,355.0
2026-08-05 11:01:00,EYE,,23.309999465942383,23.34000015258789,23.309999465942383,23.314699172973633,2204.0
2026-08-05 11:01:00,FIZZ,,31.999900817871094,31.999900817871094,31.999900817871094,31.999900817871094,3246.0
2026-08-05 11:01:00,MBRX,,0.4113999903202057,0.4113999903202057,0.4050000011920929,0.4050999879837036,54561.0
2026-08-05 11:01:00,MDB,,377.5398864746094,377.5899963378906,376.5400085449219,377.29998779296875,3993.0
2026-08-05 11:01:00,MDLZ,,61.9900016784668,62.02000045776367,61.9900016784668,62.0,10447.0
2026-08-05 11:01:00,MLTX,,17.56999969482422,17.56999969482422,17.56999969482422,17.56999969482422,2434.0
2026-08-05 11:01:00,MNRO,,13.149999618530273,13.149999618530273,13.119999885559082,13.119999885559082,1696.0
2026-08-05 11:01:00,MNST,,94.81500244140625,94.81999969482422,94.81500244140625,94.81999969482422,2656.0
2026-08-05 11:01:00,MNTS,,4.345799922943115,4.345799922943115,4.320499897003174,4.320499897003174,723.0
2026-08-05 11:01:00,MORN,,200.7550048828125,200.7550048828125,200.7550048828125,200.7550048828125,1885.0
2026-08-05 11:01:00,MPAA,,14.0,14.0,14.0,14.0,134.0
2026-08-05 11:01:00,MPWR,,1319.2650146484375,1321.175048828125,1318.0400390625,1321.175048828125,1733.0
2026-08-05 11:01:00,MRNA,,57.38999938964844,57.40999984741211,57.310001373291016,57.400001525878906,11679.0
2026-08-05 11:01:00,MYGN,,3.234999895095825,3.240000009536743,3.2249999046325684,3.2249999046325684,19166.0
2026-08-05 11:01:00,MYPS,,0.72079998254776,0.72079998254776,0.72079998254776,0.72079998254776,4314.0
2026-08-05 11:01:00,NAMS,,26.69499969482422,26.69499969482422,26.690000534057617,26.690000534057617,541.0
2026-08-05 11:01:00,NAUT,,0.9750999808311462,0.9750999808311462,0.9750999808311462,0.9750999808311462,1055.0
2026-08-05 11:01:00,NAVI,,9.104999542236328,9.109999656677246,9.100000381469727,9.100000381469727,1719.0
2026-08-05 11:01:00,NB,,5.03000020980835,5.034999847412109,5.010000228881836,5.019999980926514,4356.0
2026-08-05 11:01:00,NBIX,,164.60499572753906,164.60499572753906,164.47999572753906,164.47999572753906,9397.0
2026-08-05 11:01:00,NBTB,,53.665000915527344,53.689998626708984,53.665000915527344,53.685001373291016,1678.0
2026-08-05 11:01:00,NDAQ,,95.19999694824219,95.24500274658203,95.15499877929688,95.2300033569336,2755.0
2026-08-05 11:01:00,NDLS,,17.739999771118164,17.739999771118164,17.739999771118164,17.739999771118164,863.0
2026-08-05 11:01:00,NDSN,,310.45001220703125,310.45001220703125,310.2799987792969,310.2799987792969,340.0
2026-08-05 11:01:00,NEO,,16.18000030517578,16.18000030517578,16.18000030517578,16.18000030517578,1007.0
2026-08-05 11:01:00,NEOG,,11.550000190734863,11.550000190734863,11.529999732971191,11.545000076293945,15655.0
2026-08-05 11:01:00,NEON,,0.9487000107765198,0.9487000107765198,0.9487000107765198,0.9487000107765198,551.0
2026-08-05 11:01:00,NEOV,,2.890000104904175,2.890000104904175,2.890000104904175,2.890000104904175,164.0
2026-08-05 11:01:00,NESR,,28.4950008392334,28.510000228881836,28.489999771118164,28.5,1814.0
2026-08-05 11:01:00,NEXT,,6.389999866485596,6.409999847412109,6.389999866485596,6.409999847412109,3661.0
2026-08-05 11:01:00,NFE,,0.33340001106262207,0.33340001106262207,0.33329999446868896,0.33329999446868896,2206.0
2026-08-05 11:01:00,NFLX,,74.27999877929688,74.40499877929688,74.26000213623047,74.3949966430664,35056.0
2026-08-05 11:01:00,NICE,,95.7699966430664,95.7699966430664,95.62000274658203,95.7699966430664,1039.0
2026-08-05 11:01:00,NKTR,,72.97000122070312,72.97000122070312,72.97000122070312,72.97000122070312,228.0
2026-08-05 11:01:00,NMFC,,7.320000171661377,7.320000171661377,7.320000171661377,7.320000171661377,267.0
2026-08-05 11:01:00,NMIH,,44.540000915527344,44.540000915527344,44.540000915527344,44.540000915527344,106.0
2026-08-05 11:01:00,NMRK,,15.755000114440918,15.755000114440918,15.739999771118164,15.744999885559082,1984.0
2026-08-05 11:01:00,NN,,14.239999771118164,14.239999771118164,14.199999809265137,14.220000267028809,5356.0
2026-08-05 11:01:00,NNBR,,3.819999933242798,3.819999933242798,3.809999942779541,3.8199000358581543,3424.0
2026-08-05 11:01:00,NNDM,,1.5449999570846558,1.5499999523162842,1.5399999618530273,1.5449999570846558,5756.0
2026-08-05 11:01:00,NNOX,,1.0099999904632568,1.0099999904632568,1.0099999904632568,1.0099999904632568,171.0
2026-08-05 11:01:00,NOVT,,157.97999572753906,157.97999572753906,157.64999389648438,157.64999389648438,1981.0
2026-08-05 11:01:00,NRDS,,9.225000381469727,9.225000381469727,9.225000381469727,9.225000381469727,410.0
2026-08-05 11:01:00,NRIX,,24.700000762939453,24.700000762939453,24.700000762939453,24.700000762939453,1092.0
2026-08-05 11:01:00,NRXP,,3.0450000762939453,3.049999952316284,3.0450000762939453,3.049999952316284,2238.0
2026-08-05 11:01:00,NTAP,,189.8800048828125,190.49000549316406,189.8800048828125,190.49000549316406,4237.0
2026-08-05 11:01:00,NTCT,,41.88999938964844,41.939998626708984,41.880001068115234,41.939998626708984,1978.0
2026-08-05 11:01:00,NTES,,128.1999969482422,128.1999969482422,128.16000366210938,128.16000366210938,892.0
2026-08-05 11:01:00,NTNX,,60.775001525878906,60.875,60.75,60.81999969482422,17005.0
2026-08-05 11:01:00,NTRA,,276.9800109863281,276.9800109863281,276.4949951171875,276.4949951171875,1506.0
2026-08-05 11:01:00,NTRS,,184.49000549316406,184.49000549316406,184.4499969482422,184.4499969482422,1204.0
2026-08-05 11:01:00,NUWE,,1.7699999809265137,1.7699999809265137,1.7699999809265137,1.7699999809265137,351.0
2026-08-05 11:01:00,NVAX,,7.679999828338623,7.690000057220459,7.679999828338623,7.690000057220459,3206.0
2026-08-05 11:01:00,NVCR,,16.100000381469727,16.170000076293945,16.100000381469727,16.170000076293945,331.0
2026-08-05 11:01:00,NVCT,,20.010000228881836,20.020000457763672,20.010000228881836,20.020000457763672,944.0
2026-08-05 11:01:00,NVDA,,219.16090393066406,219.22500610351562,219.00999450683594,219.1300048828125,226837.0
2026-08-05 11:01:00,NVEC,,126.84010314941406,126.84010314941406,126.84010314941406,126.84010314941406,118.0
2026-08-05 11:01:00,NVMI,,406.7049865722656,406.7049865722656,406.7049865722656,406.7049865722656,563.0
2026-08-05 11:01:00,NVTS,,12.4350004196167,12.4350004196167,12.387700080871582,12.404999732971191,20888.0
2026-08-05 11:01:00,NWBI,,15.975000381469727,15.975000381469727,15.975000381469727,15.975000381469727,278.0
2026-08-05 11:01:00,NWGL,,0.2750999927520752,0.2750999927520752,0.2750999927520752,0.2750999927520752,0.0
2026-08-05 11:01:00,NWL,,6.184999942779541,6.190000057220459,6.179999828338623,6.179999828338623,14915.0
2026-08-05 11:01:00,NWS,,32.439998626708984,32.470001220703125,32.439998626708984,32.470001220703125,4580.0
2026-08-05 11:01:00,NWSA,,28.329999923706055,28.34000015258789,28.31999969482422,28.34000015258789,4541.0
2026-08-05 11:01:00,NXPI,,230.58999633789062,231.0399932861328,230.58999633789062,231.0399932861328,3902.0
2026-08-05 11:01:00,NXT,,97.95999908447266,98.02999877929688,97.87999725341797,98.0199966430664,3574.0
2026-08-05 11:01:00,OABI,,2.059999942779541,2.065000057220459,2.055000066757202,2.065000057220459,2702.0
2026-08-05 11:01:00,OCC,,15.769000053405762,15.769000053405762,15.769000053405762,15.769000053405762,313.0
2026-08-05 11:01:00,OCFC,,19.854999542236328,19.854999542236328,19.854999542236328,19.854999542236328,2631.0
2026-08-05 11:01:00,OCGN,,1.315000057220459,1.315000057220459,1.315000057220459,1.315000057220459,2061.0
2026-08-05 11:01:00,OCUL,,8.640000343322754,8.640000343322754,8.635000228881836,8.635000228881836,2682.0
2026-08-05 11:01:00,ODD,,15.21500015258789,15.21500015258789,15.21500015258789,15.21500015258789,627.0
2026-08-05 11:01:00,ODFL,,215.27999877929688,215.42999267578125,215.08999633789062,215.22500610351562,2998.0
2026-08-05 11:01:00,OESX,,15.75,15.75,15.75,15.75,2380.0
2026-08-05 11:01:00,OFIX,,10.970000267028809,10.970000267028809,10.949999809265137,10.96500015258789,7716.0
2026-08-05 11:01:00,OFLX,,30.260000228881836,30.270000457763672,30.260000228881836,30.270000457763672,1874.0
2026-08-05 11:01:00,OKTA,,147.86000061035156,148.1300048828125,147.86000061035156,148.08999633789062,3691.0
2026-08-05 11:01:00,OLB,,0.3197000026702881,0.3197000026702881,0.3197000026702881,0.3197000026702881,200.0
2026-08-05 11:01:00,OLLI,,78.80999755859375,78.90989685058594,78.71499633789062,78.90989685058594,1622.0
2026-08-05 11:01:00,OLMA,,11.654999732971191,11.654999732971191,11.654999732971191,11.654999732971191,1302.0
2026-08-05 11:01:00,OMCL,,37.380001068115234,37.40999984741211,37.380001068115234,37.40999984741211,962.0
2026-08-05 11:01:00,OMER,,12.869999885559082,12.869999885559082,12.869999885559082,12.869999885559082,514.0
2026-08-05 11:01:00,ON,,77.625,77.70999908447266,77.51010131835938,77.70999908447266,28277.0
2026-08-05 11:01:00,ONB,,27.1200008392334,27.125,27.110000610351562,27.1200008392334,11576.0
2026-08-05 11:01:00,ONBPO,,24.780000686645508,24.780000686645508,24.780000686645508,24.780000686645508,956.0
2026-08-05 11:01:00,ONCY,,0.7849000096321106,0.7849000096321106,0.7840999960899353,0.7840999960899353,488.0
2026-08-05 11:01:00,ONDS,,8.774999618530273,8.800000190734863,8.760000228881836,8.800000190734863,166620.0
2026-08-05 11:01:00,ONEW,,12.739999771118164,12.739999771118164,12.529999732971191,12.529999732971191,1010.0
2026-08-05 11:01:00,ONFO,,0.07209999859333038,0.0722000002861023,0.07209999859333038,0.07209999859333038,61776.0
2026-08-05 11:01:00,ONMD,,0.678600013256073,0.678600013256073,0.6740999817848206,0.6740999817848206,761.0
2026-08-05 11:01:00,OPCH,,23.489999771118164,23.489999771118164,23.469999313354492,23.469999313354492,2331.0
2026-08-05 11:01:00,OPEN,,3.8949999809265137,3.8949999809265137,3.880000114440918,3.884999990463257,67488.0
2026-08-05 11:01:00,OPI,,18.8700008392334,18.8700008392334,18.8700008392334,18.8700008392334,225.0
2026-08-05 11:01:00,OPK,,1.3250000476837158,1.3250000476837158,1.3250000476837158,1.3250000476837158,2119.0
2026-08-05 11:01:00,OPRA,,20.079999923706055,20.079999923706055,20.065000534057617,20.065000534057617,1357.0
2026-08-05 11:01:00,OPXS,,12.25,12.25,12.25,12.25,28.0
2026-08-05 11:01:00,ORIC,,13.369999885559082,13.369999885559082,13.350000381469727,13.350000381469727,1814.0
2026-08-05 11:01:00,ORLY,,93.43000030517578,93.44000244140625,93.38500213623047,93.44000244140625,9466.0
2026-08-05 11:01:00,ORMP,,4.480000019073486,4.480000019073486,4.480000019073486,4.480000019073486,837.0
2026-08-05 11:01:00,OSBC,,25.860000610351562,25.8799991607666,25.860000610351562,25.8799991607666,2053.0
2026-08-05 11:01:00,OSPN,,16.709999084472656,16.709999084472656,16.709999084472656,16.709999084472656,406.0
2026-08-05 11:01:00,OSS,,13.869999885559082,13.869999885559082,13.819999694824219,13.869999885559082,3351.0
2026-08-05 11:01:00,OSUR,,4.164999961853027,4.164999961853027,4.164999961853027,4.164999961853027,324.0
2026-08-05 11:01:00,OSW,,26.690000534057617,26.690000534057617,26.690000534057617,26.690000534057617,966.0
2026-08-05 11:01:00,OTEX,,25.8700008392334,25.905000686645508,25.864999771118164,25.905000686645508,4679.0
2026-08-05 11:01:00,OTLK,,1.0198999643325806,1.0199999809265137,1.019700050354004,1.019700050354004,6238.0
2026-08-05 11:01:00,OVID,,2.609999895095825,2.619999885559082,2.609999895095825,2.619999885559082,9045.0
2026-08-05 11:01:00,OXSQ,,1.4800000190734863,1.4850000143051147,1.4800000190734863,1.4800000190734863,611.0
2026-08-05 11:01:00,PAA,,23.100000381469727,23.127700805664062,23.094999313354492,23.127700805664062,6732.0
2026-08-05 11:01:00,PAAS,,48.35200119018555,48.35200119018555,48.255001068115234,48.279998779296875,15218.0
2026-08-05 11:01:00,PACB,,1.4249999523162842,1.4297000169754028,1.4199999570846558,1.4199999570846558,4182.0
2026-08-05 11:01:00,PANW,,364.5101013183594,365.5929870605469,364.510009765625,365.2799987792969,13648.0
2026-08-05 11:01:00,PATK,,88.11000061035156,88.11000061035156,88.01000213623047,88.01000213623047,1192.0
2026-08-05 11:01:00,PAX,,11.479999542236328,11.479999542236328,11.479999542236328,11.479999542236328,1334.0
2026-08-05 11:01:00,PAYO,,7.130000114440918,7.130000114440918,7.119999885559082,7.119999885559082,562.0
2026-08-05 11:01:00,PAYS,,9.289999961853027,9.289999961853027,9.289999961853027,9.289999961853027,725.0
2026-08-05 11:01:00,PAYX,,117.38500213623047,117.55000305175781,117.38500213623047,117.5250015258789,6649.0
2026-08-05 11:01:00,PCAR,,133.84500122070312,133.85000610351562,133.6199951171875,133.83250427246094,13129.0
2026-08-05 11:01:00,PCRX,,25.15999984741211,25.15999984741211,25.15999984741211,25.15999984741211,1010.0
2026-08-05 11:01:00,PCT,,6.940100193023682,6.949100017547607,6.934999942779541,6.934999942779541,7754.0
2026-08-05 11:01:00,PCTY,,147.50999450683594,147.85499572753906,147.50999450683594,147.51499938964844,2535.0
2026-08-05 11:01:00,PDD,,91.81999969482422,91.84500122070312,91.7300033569336,91.84500122070312,9623.0
2026-08-05 11:01:00,PDFS,,50.02000045776367,50.02000045776367,50.02000045776367,50.02000045776367,1931.0
2026-08-05 11:01:00,PEBO,,41.79999923706055,41.84000015258789,41.79999923706055,41.84000015258789,5223.0
2026-08-05 11:01:00,PEGA,,31.6200008392334,31.670000076293945,31.610000610351562,31.65999984741211,11455.0
2026-08-05 11:01:00,PENN,,19.954999923706055,19.954999923706055,19.940000534057617,19.940000534057617,3420.0
2026-08-05 11:01:00,PEP,,138.4949951171875,138.57000732421875,138.47999572753906,138.5399932861328,7347.0
2026-08-05 11:01:00,PEPG,,1.909999966621399,1.9149999618530273,1.909999966621399,1.909999966621399,1441.0
2026-08-05 11:01:00,PERI,,9.574999809265137,9.585000038146973,9.574999809265137,9.585000038146973,404.0
2026-08-05 11:01:00,PFG,,114.44000244140625,114.44000244140625,114.44000244140625,114.44000244140625,1460.0
2026-08-05 11:01:00,PGEN,,6.880000114440918,6.900000095367432,6.880000114440918,6.889999866485596,15796.0
2026-08-05 11:01:00,PGNY,,31.579999923706055,31.579999923706055,31.559999465942383,31.559999465942383,2209.0
2026-08-05 11:01:00,PGY,,21.65999984741211,21.68000030517578,21.6299991607666,21.674999237060547,5450.0
2026-08-05 11:01:00,PHAT,,8.489999771118164,8.489999771118164,8.489999771118164,8.489999771118164,593.0
2026-08-05 11:01:00,PHIO,,1.0587999820709229,1.0587999820709229,1.0587999820709229,1.0587999820709229,130.0
2026-08-05 11:01:00,PHVS,,33.099998474121094,33.099998474121094,33.099998474121094,33.099998474121094,671.0
2026-08-05 11:01:00,PLAB,,31.979999542236328,31.979999542236328,31.979999542236328,31.979999542236328,409.0
2026-08-05 11:01:00,PLMR,,135.27999877929688,135.27999877929688,135.27999877929688,135.27999877929688,736.0
2026-08-05 11:01:00,PLUG,,2.0999999046325684,2.0999999046325684,2.0899999141693115,2.0950000286102295,38219.0
2026-08-05 11:01:00,PLXS,,274.44000244140625,274.44000244140625,274.44000244140625,274.44000244140625,250.0
2026-08-05 11:01:00,PNFP,,108.01000213623047,108.01000213623047,107.87999725341797,107.9749984741211,3456.0
2026-08-05 11:01:00,PNRG,,183.50999450683594,183.50999450683594,183.50999450683594,183.50999450683594,149.0
2026-08-05 11:01:00,POET,,8.238100051879883,8.238100051879883,8.217300415039062,8.234999656677246,17793.0
2026-08-05 11:01:00,POOL,,204.6300048828125,204.6300048828125,204.6300048828125,204.6300048828125,766.0
2026-08-05 11:01:00,POWI,,62.08000183105469,62.150001525878906,62.08000183105469,62.150001525878906,679.0
2026-08-05 11:01:00,POWL,,209.37010192871094,209.6999969482422,209.1800994873047,209.6999969482422,1098.0
2026-08-05 11:01:00,PPTA,,22.649999618530273,22.649999618530273,22.559999465942383,22.610000610351562,26236.0
2026-08-05 11:01:00,PRAX,,312.3900146484375,312.3900146484375,312.3900146484375,312.3900146484375,308.0
2026-08-05 11:01:00,PRCH,,16.020000457763672,16.020000457763672,16.020000457763672,16.020000457763672,865.0
2026-08-05 11:01:00,PRCT,,19.09000015258789,19.100000381469727,19.09000015258789,19.100000381469727,4421.0
2026-08-05 11:01:00,PRDO,,33.16999816894531,33.16999816894531,33.16999816894531,33.16999816894531,417.0
2026-08-05 11:01:00,PRGS,,41.790000915527344,41.790000915527344,41.790000915527344,41.790000915527344,641.0
2026-08-05 11:01:00,PRIM,,85.95999908447266,86.36499786376953,85.44509887695312,86.04000091552734,22814.0
2026-08-05 11:01:00,PRME,,2.9800000190734863,2.9800000190734863,2.9749999046325684,2.9749999046325684,10577.0
2026-08-05 11:01:00,PRQR,,1.909999966621399,1.909999966621399,1.909999966621399,1.909999966621399,298.0
2026-08-05 11:01:00,PRTA,,8.579999923706055,8.59000015258789,8.579999923706055,8.59000015258789,691.0
2026-08-05 11:01:00,PRTH,,6.605000019073486,6.605000019073486,6.605000019073486,6.605000019073486,4966.0
2026-08-05 11:01:00,PRVA,,24.0049991607666,24.0049991607666,24.0049991607666,24.0049991607666,1034.0
2026-08-05 11:01:00,PRZO,,0.5644999742507935,0.5644999742507935,0.5620999932289124,0.5620999932289124,2054.0
2026-08-05 11:01:00,PSEC,,2.199899911880493,2.199899911880493,2.190000057220459,2.194999933242798,11549.0
2026-08-05 11:01:00,PSMT,,194.0,194.0,194.0,194.0,996.0
2026-08-05 11:01:00,PSNL,,13.664999961853027,13.664999961853027,13.65999984741211,13.65999984741211,474.0
2026-08-05 11:01:00,PTCT,,69.51000213623047,69.51000213623047,69.51000213623047,69.51000213623047,863.0
2026-08-05 11:01:00,PTEN,,9.729999542236328,9.75,9.725000381469727,9.75,7966.0
2026-08-05 11:01:00,PTLO,,4.600100040435791,4.600100040435791,4.600100040435791,4.600100040435791,689.0
2026-08-05 11:01:00,PTON,,6.545000076293945,6.550000190734863,6.539999961853027,6.545000076293945,7543.0
2026-08-05 11:01:00,PUBM,,13.694999694824219,13.699999809265137,13.694999694824219,13.699999809265137,1539.0
2026-08-05 11:01:00,PYPD,,4.474999904632568,4.474999904632568,4.474999904632568,4.474999904632568,306.0
2026-08-05 11:01:00,PYPL,,58.5078010559082,58.54999923706055,58.48500061035156,58.54999923706055,12677.0
2026-08-05 11:01:00,PYXS,,3.2100000381469727,3.2100000381469727,3.2100000381469727,3.2100000381469727,773.0
2026-08-05 11:01:00,PZZA,,30.600000381469727,30.600000381469727,30.56999969482422,30.579999923706055,1759.0
2026-08-05 11:01:00,QCOM,,158.52999877929688,158.6300048828125,158.24000549316406,158.49000549316406,60436.0
2026-08-05 11:01:00,QFIN,,13.420000076293945,13.4399995803833,13.420000076293945,13.4399995803833,1858.0
2026-08-05 11:01:00,QRVO,,94.18000030517578,94.18000030517578,94.12000274658203,94.1500015258789,593.0
2026-08-05 11:01:00,SEED,,0.9745000004768372,0.9745000004768372,0.9677000045776367,0.9677000045776367,558.0
2026-08-05 11:01:00,STIM,,2.2799999713897705,2.2850000858306885,2.2750000953674316,2.2850000858306885,6551.0
2026-08-05 11:01:00,TARA,,4.045000076293945,4.045000076293945,4.045000076293945,4.045000076293945,337.0
2026-08-05 11:01:00,WOOF,,2.950000047683716,2.953900098800659,2.944999933242798,2.9491000175476074,25439.0
2026-08-05 11:02:00,ACDC,,4.364999771118164,4.364999771118164,4.34499979019165,4.349999904632568,4686.0
2026-08-05 11:02:00,BPOP,,177.77000427246094,177.77000427246094,177.625,177.625,865.0
2026-08-05 11:02:00,CASH,,89.62999725341797,89.62999725341797,89.62999725341797,89.62999725341797,443.0
2026-08-05 11:02:00,EYE,,23.3700008392334,23.3700008392334,23.3700008392334,23.3700008392334,941.0
2026-08-05 11:02:00,GLUE,,16.065000534057617,16.065000534057617,16.065000534057617,16.065000534057617,739.0
2026-08-05 11:02:00,KIDS,,21.25,21.25,21.25,21.25,302.0
2026-08-05 11:02:00,KITT,,1.07260000705719,1.07260000705719,1.07260000705719,1.07260000705719,5000.0
2026-08-05 11:02:00,LUNG,,1.8890999555587769,1.8890999555587769,1.8890999555587769,1.8890999555587769,1057.0
2026-08-05 11:02:00,MBRX,,0.4122999906539917,0.4156000018119812,0.40869998931884766,0.4156000018119812,10985.0
2026-08-05 11:02:00,MDB,,376.9700012207031,377.5299987792969,376.3550109863281,376.3550109863281,1789.0
2026-08-05 11:02:00,MDLZ,,61.935001373291016,61.974998474121094,61.935001373291016,61.974998474121094,5764.0
2026-08-05 11:02:00,MNPR,,116.51000213623047,116.51000213623047,116.51000213623047,116.51000213623047,1147.0
2026-08-05 11:02:00,MNST,,94.77999877929688,94.80999755859375,94.77999877929688,94.80999755859375,4846.0
2026-08-05 11:02:00,MNTSW,,0.0020000000949949026,0.0020000000949949026,0.0020000000949949026,0.0020000000949949026,1000.0
2026-08-05 11:02:00,MPAA,,13.954999923706055,13.954999923706055,13.954999923706055,13.954999923706055,5448.0
2026-08-05 11:02:00,MPWR,,1323.4000244140625,1324.1300048828125,1320.4300537109375,1320.4300537109375,761.0
2026-08-05 11:02:00,MRNA,,57.699501037597656,57.71500015258789,57.45000076293945,57.45000076293945,25439.0
2026-08-05 11:02:00,MVBF,,30.69499969482422,30.69499969482422,30.69499969482422,30.69499969482422,522.0
2026-08-05 11:02:00,MYGN,,3.234999895095825,3.234999895095825,3.234999895095825,3.234999895095825,802.0
2026-08-05 11:02:00,MYPS,,0.7107999920845032,0.7160999774932861,0.7106999754905701,0.7160999774932861,1232.0
2026-08-05 11:02:00,MYRG,,338.9100036621094,339.1199951171875,338.9100036621094,339.1099853515625,742.0
2026-08-05 11:02:00,NAMS,,26.700000762939453,26.700000762939453,26.700000762939453,26.700000762939453,674.0
2026-08-05 11:02:00,NB,,5.065000057220459,5.065000057220459,5.039999961853027,5.039999961853027,10557.0
2026-08-05 11:02:00,NBIX,,164.3000030517578,164.60499572753906,164.25999450683594,164.60499572753906,10230.0
2026-08-05 11:02:00,NBTB,,53.689998626708984,53.689998626708984,53.66999816894531,53.66999816894531,1166.0
2026-08-05 11:02:00,NCPL,,0.41670000553131104,0.41670000553131104,0.41670000553131104,0.41670000553131104,0.0
2026-08-05 11:02:00,NCRA,,1.7999000549316406,1.7999000549316406,1.7999000549316406,1.7999000549316406,1546.0
2026-08-05 11:02:00,NDAQ,,95.16999816894531,95.16999816894531,95.16500091552734,95.16500091552734,1133.0
2026-08-05 11:02:00,NDLS,,17.7450008392334,17.7450008392334,17.579999923706055,17.579999923706055,352.0
2026-08-05 11:02:00,NDSN,,310.9649963378906,310.9649963378906,310.7099914550781,310.7099914550781,1580.0
2026-08-05 11:02:00,NECB,,27.354999542236328,27.354999542236328,27.354999542236328,27.354999542236328,205.0
2026-08-05 11:02:00,NEGG,,17.079999923706055,17.079999923706055,17.079999923706055,17.079999923706055,260.0
2026-08-05 11:02:00,NEO,,16.19499969482422,16.19499969482422,16.19499969482422,16.19499969482422,661.0
2026-08-05 11:02:00,NEOG,,11.579999923706055,11.600000381469727,11.53499984741211,11.550000190734863,18914.0
2026-08-05 11:02:00,NEON,,0.949999988079071,0.951200008392334,0.949999988079071,0.949999988079071,2801.0
2026-08-05 11:02:00,NEOV,,2.8987998962402344,2.9000000953674316,2.890000104904175,2.890000104904175,8458.0
2026-08-05 11:02:00,NESR,,28.510000228881836,28.510000228881836,28.510000228881836,28.510000228881836,1697.0
2026-08-05 11:02:00,NEWT,,15.319999694824219,15.319999694824219,15.270000457763672,15.270000457763672,3841.0
2026-08-05 11:02:00,NEXT,,6.400000095367432,6.400000095367432,6.394999980926514,6.394999980926514,2310.0
2026-08-05 11:02:00,NFE,,0.3343999981880188,0.3343999981880188,0.3343999981880188,0.3343999981880188,530.0
2026-08-05 11:02:00,NFLX,,74.25,74.30000305175781,74.18250274658203,74.29000091552734,89677.0
2026-08-05 11:02:00,NGNE,,35.185001373291016,35.185001373291016,35.185001373291016,35.185001373291016,163.0
2026-08-05 11:02:00,NICE,,95.80999755859375,95.80999755859375,95.80999755859375,95.80999755859375,752.0
2026-08-05 11:02:00,NKTR,,73.2300033569336,73.2300033569336,73.0,73.11000061035156,1262.0
2026-08-05 11:02:00,NMFC,,7.335000038146973,7.335000038146973,7.329999923706055,7.329999923706055,2998.0
2026-08-05 11:02:00,NMIH,,44.540000915527344,44.540000915527344,44.540000915527344,44.540000915527344,410.0
2026-08-05 11:02:00,NMRK,,15.760000228881836,15.760000228881836,15.760000228881836,15.760000228881836,1365.0
2026-08-05 11:02:00,NN,,14.279999732971191,14.300000190734863,14.239999771118164,14.239999771118164,6666.0
2026-08-05 11:02:00,NNBR,,3.8299999237060547,3.8299999237060547,3.8299999237060547,3.8299999237060547,1411.0
2026-08-05 11:02:00,NNDM,,1.5449999570846558,1.5449999570846558,1.5405999422073364,1.5405999422073364,0.0
2026-08-05 11:02:00,NNOX,,1.0099999904632568,1.0199999809265137,1.0099999904632568,1.0199999809265137,5583.0
2026-08-05 11:02:00,NOVT,,158.22000122070312,158.22000122070312,158.22000122070312,158.22000122070312,328.0
2026-08-05 11:02:00,NRDS,,9.225000381469727,9.225000381469727,9.225000381469727,9.225000381469727,367.0
2026-08-05 11:02:00,NRSN,,0.5489000082015991,0.5489000082015991,0.5489000082015991,0.5489000082015991,157.0
2026-08-05 11:02:00,NSTS,,13.789999961853027,13.789999961853027,13.789999961853027,13.789999961853027,1356.0
2026-08-05 11:02:00,NTAP,,190.14500427246094,190.14500427246094,190.14500427246094,190.14500427246094,411.0
2026-08-05 11:02:00,NTCT,,41.939998626708984,41.939998626708984,41.91999816894531,41.91999816894531,831.0
2026-08-05 11:02:00,NTES,,128.24000549316406,128.24000549316406,128.24000549316406,128.24000549316406,1451.0
2026-08-05 11:02:00,NTNX,,60.790000915527344,60.834999084472656,60.755001068115234,60.755001068115234,3381.0
2026-08-05 11:02:00,NTRA,,276.80999755859375,276.9700012207031,276.1700134277344,276.81500244140625,22962.0
2026-08-05 11:02:00,NTRS,,184.64999389648438,184.64999389648438,184.49000549316406,184.5,3947.0
2026-08-05 11:02:00,NUWE,,1.7640999555587769,1.7640999555587769,1.7640999555587769,1.7640999555587769,1050.0
2026-08-05 11:02:00,NVAX,,7.699999809265137,7.699999809265137,7.690000057220459,7.690000057220459,3527.0
2026-08-05 11:02:00,NVCR,,16.170000076293945,16.170000076293945,16.170000076293945,16.170000076293945,747.0
2026-08-05 11:02:00,NVDA,,219.32000732421875,219.44000244140625,219.17999267578125,219.24940490722656,259014.0
2026-08-05 11:02:00,NVTS,,12.484999656677246,12.505000114440918,12.4350004196167,12.484999656677246,33004.0
2026-08-05 11:02:00,NWBI,,15.979999542236328,15.979999542236328,15.979999542236328,15.979999542236328,4238.0
2026-08-05 11:02:00,NWL,,6.184999942779541,6.195000171661377,6.184999942779541,6.184999942779541,21005.0
2026-08-05 11:02:00,NWS,,32.44499969482422,32.44499969482422,32.439998626708984,32.439998626708984,2526.0
2026-08-05 11:02:00,NWSA,,28.33099937438965,28.334999084472656,28.33099937438965,28.334999084472656,908.0
2026-08-05 11:02:00,NXPI,,231.125,231.21499633789062,230.97999572753906,230.97999572753906,3000.0
2026-08-05 11:02:00,NXST,,192.47999572753906,192.47999572753906,192.47999572753906,192.47999572753906,992.0
2026-08-05 11:02:00,NXT,,98.33999633789062,98.33999633789062,98.16000366210938,98.16000366210938,1470.0
2026-08-05 11:02:00,NYXH,,1.4299999475479126,1.434999942779541,1.4249999523162842,1.4249999523162842,2943.0
2026-08-05 11:02:00,OCS,,12.225000381469727,12.225000381469727,12.163599967956543,12.163599967956543,2538.0
2026-08-05 11:02:00,OCSL,,12.140000343322754,12.140000343322754,12.140000343322754,12.140000343322754,1307.0
2026-08-05 11:02:00,ODFL,,215.19000244140625,215.19000244140625,215.19000244140625,215.19000244140625,1401.0
2026-08-05 11:02:00,OESX,,15.755000114440918,15.979999542236328,15.529999732971191,15.529999732971191,2764.0
2026-08-05 11:02:00,OFIX,,10.970000267028809,10.970000267028809,10.970000267028809,10.970000267028809,395.0
2026-08-05 11:02:00,OGI,,0.9621000289916992,0.9621000289916992,0.9621000289916992,0.9621000289916992,675.0
2026-08-05 11:02:00,OKTA,,147.94000244140625,147.94000244140625,147.8699951171875,147.8699951171875,1031.0
2026-08-05 11:02:00,OLLI,,78.8499984741211,78.86000061035156,78.8499984741211,78.86000061035156,1132.0
2026-08-05 11:02:00,OLMA,,11.675000190734863,11.680000305175781,11.675000190734863,11.680000305175781,950.0
2026-08-05 11:02:00,OMER,,12.899999618530273,12.899999618530273,12.880000114440918,12.880000114440918,2570.0
2026-08-05 11:02:00,OMH,,0.11100000143051147,0.11100000143051147,0.11100000143051147,0.11100000143051147,4227.0
2026-08-05 11:02:00,ON,,77.69499969482422,77.81999969482422,77.6500015258789,77.66999816894531,50955.0
2026-08-05 11:02:00,ONB,,27.139999389648438,27.139999389648438,27.1299991607666,27.1299991607666,1964.0
2026-08-05 11:02:00,ONBPO,,24.770000457763672,24.770000457763672,24.770000457763672,24.770000457763672,4522.0
2026-08-05 11:02:00,ONCY,,0.784600019454956,0.784600019454956,0.784600019454956,0.784600019454956,4249.0
2026-08-05 11:02:00,ONDS,,8.795000076293945,8.8100004196167,8.774999618530273,8.774999618530273,198301.0
2026-08-05 11:02:00,ONFO,,0.0729999989271164,0.0737999975681305,0.07209999859333038,0.07209999859333038,57716.0
2026-08-05 11:02:00,ONMD,,0.6740000247955322,0.6740000247955322,0.6740000247955322,0.6740000247955322,1772.0
2026-08-05 11:02:00,OPCH,,23.459999084472656,23.489999771118164,23.459999084472656,23.489999771118164,14468.0
2026-08-05 11:02:00,OPEN,,3.909899950027466,3.909899950027466,3.890000104904175,3.8949999809265137,95224.0
2026-08-05 11:02:00,OPK,,1.3250000476837158,1.3250000476837158,1.3250000476837158,1.3250000476837158,852.0
2026-08-05 11:02:00,OPRA,,20.149999618530273,20.155000686645508,20.06999969482422,20.100000381469727,4773.0
2026-08-05 11:02:00,OPRT,,6.119999885559082,6.119999885559082,6.114999771118164,6.114999771118164,532.0
2026-08-05 11:02:00,ORGO,,2.3949999809265137,2.4000000953674316,2.390000104904175,2.390000104904175,6272.0
2026-08-05 11:02:00,ORIC,,13.40999984741211,13.40999984741211,13.390000343322754,13.390000343322754,743.0
2026-08-05 11:02:00,ORLY,,93.4000015258789,93.41999816894531,93.38999938964844,93.4000015258789,5651.0
2026-08-05 11:02:00,OSBC,,25.8799991607666,25.8799991607666,25.8700008392334,25.8700008392334,954.0
2026-08-05 11:02:00,OSS,,14.09000015258789,14.09000015258789,13.949999809265137,13.960000038146973,9980.0
2026-08-05 11:02:00,OTEX,,25.8799991607666,25.889999389648438,25.864999771118164,25.875,3801.0
2026-08-05 11:02:00,OTLK,,1.0199999809265137,1.0199999809265137,1.0099999904632568,1.0199999809265137,2793.0
2026-08-05 11:02:00,OTLY,,14.510000228881836,14.5625,14.5,14.5,16725.0
2026-08-05 11:02:00,OXSQ,,1.4800000190734863,1.4800000190734863,1.4800000190734863,1.4800000190734863,203.0
2026-08-05 11:02:00,PAA,,23.1200008392334,23.1200008392334,23.094999313354492,23.100000381469727,9771.0
2026-08-05 11:02:00,PAAS,,48.404998779296875,48.47999954223633,48.33000183105469,48.34000015258789,16009.0
2026-08-05 11:02:00,PACB,,1.4249999523162842,1.4249999523162842,1.4199999570846558,1.4249999523162842,31699.0
2026-08-05 11:02:00,PAGP,,25.040000915527344,25.040000915527344,25.030000686645508,25.030000686645508,2188.0
2026-08-05 11:02:00,PALI,,2.0899999141693115,2.0899999141693115,2.0850000381469727,2.0850000381469727,1956.0
2026-08-05 11:02:00,PANW,,364.18548583984375,364.82501220703125,364.18548583984375,364.510009765625,8608.0
2026-08-05 11:02:00,PATK,,88.11000061035156,88.11000061035156,88.11000061035156,88.11000061035156,315.0
2026-08-05 11:02:00,PAX,,11.494999885559082,11.494999885559082,11.494999885559082,11.494999885559082,542.0
2026-08-05 11:02:00,PAYO,,7.130000114440918,7.130000114440918,7.125,7.125,21746.0
2026-08-05 11:02:00,PAYX,,117.3550033569336,117.3550033569336,117.30999755859375,117.30999755859375,845.0
2026-08-05 11:02:00,PBYI,,7.989999771118164,7.989999771118164,7.989999771118164,7.989999771118164,331.0
2026-08-05 11:02:00,PCAR,,133.9600067138672,134.0399932861328,133.84500122070312,133.84500122070312,6952.0
2026-08-05 11:02:00,PCRX,,25.155000686645508,25.170000076293945,25.155000686645508,25.170000076293945,1267.0
2026-08-05 11:02:00,PCT,,6.960100173950195,6.980000019073486,6.949999809265137,6.949999809265137,12355.0
2026-08-05 11:02:00,PCTY,,147.4149932861328,147.4199981689453,147.08999633789062,147.13999938964844,2131.0
2026-08-05 11:02:00,PDD,,91.81999969482422,91.8499984741211,91.81999969482422,91.8499984741211,5617.0
2026-08-05 11:02:00,PDFS,,50.150001525878906,50.150001525878906,50.150001525878906,50.150001525878906,880.0
2026-08-05 11:02:00,PEGA,,31.635000228881836,31.635000228881836,31.6299991607666,31.6299991607666,5738.0
2026-08-05 11:02:00,PENN,,19.969999313354492,19.979999542236328,19.959999084472656,19.959999084472656,2202.0
2026-08-05 11:02:00,PEP,,138.4199981689453,138.5,138.4199981689453,138.49000549316406,9974.0
2026-08-05 11:02:00,PEPG,,1.9199999570846558,1.9199999570846558,1.9149999618530273,1.9149999618530273,6709.0
2026-08-05 11:02:00,PERI,,9.569999694824219,9.569999694824219,9.569999694824219,9.569999694824219,135.0
2026-08-05 11:02:00,PESI,,17.920000076293945,17.920000076293945,17.899999618530273,17.899999618530273,3523.0
2026-08-05 11:02:00,PFG,,114.58999633789062,114.58999633789062,114.44000244140625,114.48999786376953,2668.0
2026-08-05 11:02:00,PGEN,,6.900000095367432,6.920000076293945,6.880000114440918,6.889999866485596,18346.0
2026-08-05 11:02:00,PGY,,21.709299087524414,21.709299087524414,21.670000076293945,21.670000076293945,1929.0
2026-08-05 11:02:00,PHAT,,8.489999771118164,8.489999771118164,8.489999771118164,8.489999771118164,5104.0
2026-08-05 11:02:00,PHVS,,33.189998626708984,33.20000076293945,33.04999923706055,33.04999923706055,1700.0
2026-08-05 11:02:00,PLAB,,32.08000183105469,32.08000183105469,32.08000183105469,32.08000183105469,780.0
2026-08-05 11:02:00,PLBY,,1.1549999713897705,1.1549999713897705,1.1549999713897705,1.1549999713897705,6473.0
2026-08-05 11:02:00,PLPC,,464.9100036621094,464.9100036621094,464.9100036621094,464.9100036621094,45.0
2026-08-05 11:02:00,PLUG,,2.109999895095825,2.109999895095825,2.0899999141693115,2.0999999046325684,213993.0
2026-08-05 11:02:00,PLXS,,274.5050048828125,274.5050048828125,274.5050048828125,274.5050048828125,819.0
2026-08-05 11:02:00,PNFP,,108.16000366210938,108.16999816894531,108.01000213623047,108.01000213623047,4493.0
2026-08-05 11:02:00,PNTG,,38.88999938964844,38.88999938964844,38.88999938964844,38.88999938964844,799.0
2026-08-05 11:02:00,POET,,8.270000457763672,8.274999618530273,8.239999771118164,8.239999771118164,16727.0
2026-08-05 11:02:00,POOL,,204.63499450683594,204.63499450683594,204.63499450683594,204.63499450683594,664.0
2026-08-05 11:02:00,POWI,,62.18000030517578,62.18000030517578,62.11000061035156,62.11000061035156,1020.0
2026-08-05 11:02:00,POWL,,210.69500732421875,210.7100067138672,209.76499938964844,209.9499969482422,1626.0
2026-08-05 11:02:00,PPBT,,1.4500000476837158,1.4500000476837158,1.4500000476837158,1.4500000476837158,200.0
2026-08-05 11:02:00,PPC,,26.850000381469727,26.850000381469727,26.850000381469727,26.850000381469727,716.0
2026-08-05 11:02:00,PPTA,,22.75,22.799999237060547,22.684999465942383,22.684999465942383,5617.0
2026-08-05 11:02:00,PRCH,,16.059999465942383,16.059999465942383,16.049999237060547,16.049999237060547,1981.0
2026-08-05 11:02:00,PRGS,,41.790000915527344,41.790000915527344,41.77000045776367,41.790000915527344,11435.0
2026-08-05 11:02:00,PRIM,,86.33000183105469,86.43000030517578,85.8895034790039,86.30000305175781,5070.0
2026-08-05 11:02:00,PRLD,,4.550000190734863,4.550000190734863,4.550000190734863,4.550000190734863,298.0
2026-08-05 11:02:00,PRSO,,0.697700023651123,0.697700023651123,0.697700023651123,0.697700023651123,8961.0
2026-08-05 11:02:00,PRVA,,24.03499984741211,24.03499984741211,24.030000686645508,24.030000686645508,494.0
2026-08-05 11:02:00,PRZO,,0.5644999742507935,0.5644999742507935,0.5644999742507935,0.5644999742507935,2000.0
2026-08-05 11:02:00,PSEC,,2.194999933242798,2.194999933242798,2.194999933242798,2.194999933242798,3220.0
2026-08-05 11:02:00,PSNL,,13.65999984741211,13.65999984741211,13.65999984741211,13.65999984741211,1131.0
2026-08-05 11:02:00,PSNY,,14.010000228881836,14.010000228881836,14.010000228881836,14.010000228881836,206.0
2026-08-05 11:02:00,PTC,,140.8000030517578,140.8000030517578,140.8000030517578,140.8000030517578,347.0
2026-08-05 11:02:00,PTEN,,9.725000381469727,9.725000381469727,9.71049976348877,9.720000267028809,5894.0
2026-08-05 11:02:00,PTLO,,4.605000019073486,4.605000019073486,4.600900173187256,4.600900173187256,2933.0
2026-08-05 11:02:00,PTON,,6.539999961853027,6.550000190734863,6.539999961853027,6.539999961853027,3064.0
2026-08-05 11:02:00,PUBM,,13.640000343322754,13.649999618530273,13.640000343322754,13.649999618530273,1000.0
2026-08-05 11:02:00,PWP,,17.510000228881836,17.510000228881836,17.450000762939453,17.489999771118164,8741.0
2026-08-05 11:02:00,PYPD,,4.46999979019165,4.46999979019165,4.46999979019165,4.46999979019165,47.0
2026-08-05 11:02:00,PYPL,,58.5,58.525001525878906,58.480098724365234,58.5099983215332,14835.0
2026-08-05 11:02:00,PYXS,,3.2200000286102295,3.2200000286102295,3.2100000381469727,3.2100000381469727,3089.0
2026-08-05 11:02:00,QCOM,,158.6199951171875,158.75999450683594,158.5,158.60000610351562,20581.0
2026-08-05 11:02:00,QFIN,,13.414999961853027,13.420000076293945,13.414999961853027,13.420000076293945,2705.0
2026-08-05 11:02:00,QRVO,,94.30000305175781,94.30000305175781,94.1624984741211,94.19000244140625,1400.0
2026-08-05 11:02:00,SEED,,0.9613000154495239,0.9745000004768372,0.9613000154495239,0.9745000004768372,5450.0
2026-08-05 11:02:00,STIM,,2.2850000858306885,2.2850000858306885,2.280100107192993,2.2808001041412354,7023.0
2026-08-05 11:02:00,TARA,,4.045000076293945,4.045000076293945,4.045000076293945,4.045000076293945,359.0
2026-08-05 11:03:00,ACDC,,4.355000019073486,4.360000133514404,4.340000152587891,4.360000133514404,16315.0
2026-08-05 11:03:00,EYE,,23.34000015258789,23.350000381469727,23.34000015258789,23.350000381469727,986.0
2026-08-05 11:03:00,GLUE,,16.075000762939453,16.075000762939453,16.020000457763672,16.020000457763672,2680.0
2026-08-05 11:03:00,KIDS,,21.209999084472656,21.209999084472656,21.209999084472656,21.209999084472656,10.0
2026-08-05 11:03:00,KITT,,1.0800000429153442,1.0800000429153442,1.0750000476837158,1.0800000429153442,5029.0
2026-08-05 11:03:00,LUNG,,1.8849999904632568,1.8849999904632568,1.8799999952316284,1.8799999952316284,671.0
2026-08-05 11:03:00,MBRX,,0.4120999872684479,0.412200003862381,0.4120999872684479,0.412200003862381,1001.0
2026-08-05 11:03:00,MDB,,376.3349914550781,376.9375,376.3349914550781,376.9375,882.0
2026-08-05 11:03:00,MDLZ,,61.974998474121094,61.9900016784668,61.94219970703125,61.95000076293945,10803.0
2026-08-05 11:03:00,MLTX,,17.6299991607666,17.6299991607666,17.6299991607666,17.6299991607666,190.0
2026-08-05 11:03:00,MNST,,94.80000305175781,94.80000305175781,94.7699966430664,94.77999877929688,3632.0
2026-08-05 11:03:00,MNTS,,4.349999904632568,4.349999904632568,4.349999904632568,4.349999904632568,245.0
2026-08-05 11:03:00,MPWR,,1320.6700439453125,1322.5250244140625,1320.6700439453125,1322.449951171875,440.0
2026-08-05 11:03:00,MRNA,,57.619998931884766,57.63999938964844,57.584999084472656,57.584999084472656,1396.0
2026-08-05 11:03:00,MSGM,,4.369999885559082,4.369999885559082,4.369999885559082,4.369999885559082,200.0
2026-08-05 11:03:00,MYGN,,3.2249999046325684,3.234999895095825,3.2249999046325684,3.234999895095825,3337.0
2026-08-05 11:03:00,NAAS,,3.3299999237060547,3.3299999237060547,3.3299999237060547,3.3299999237060547,1804.0
2026-08-05 11:03:00,NAMS,,26.844999313354492,26.844999313354492,26.739999771118164,26.739999771118164,2388.0
2026-08-05 11:03:00,NAVI,,9.104999542236328,9.104999542236328,9.104999542236328,9.104999542236328,655.0
2026-08-05 11:03:00,NB,,5.048999786376953,5.060999870300293,5.045000076293945,5.060999870300293,6386.0
2026-08-05 11:03:00,NBIX,,164.26499938964844,164.26499938964844,164.16000366210938,164.16000366210938,2401.0
2026-08-05 11:03:00,NCMI,,4.119999885559082,4.119999885559082,4.119999885559082,4.119999885559082,493.0
2026-08-05 11:03:00,NDAQ,,95.11499786376953,95.16999816894531,95.05000305175781,95.16000366210938,5123.0
2026-08-05 11:03:00,NEGG,,16.920000076293945,16.920000076293945,16.920000076293945,16.920000076293945,2210.0
2026-08-05 11:03:00,NEO,,16.190000534057617,16.190000534057617,16.18000030517578,16.18000030517578,1917.0
2026-08-05 11:03:00,NEOG,,11.59000015258789,11.59000015258789,11.579999923706055,11.579999923706055,5514.0
2026-08-05 11:03:00,NESR,,28.6200008392334,28.6200008392334,28.549999237060547,28.549999237060547,2351.0
2026-08-05 11:03:00,NEXT,,6.414999961853027,6.414999961853027,6.40500020980835,6.40500020980835,3656.0
2026-08-05 11:03:00,NFE,,0.3343999981880188,0.3343999981880188,0.3343999981880188,0.3343999981880188,315.0
2026-08-05 11:03:00,NFLX,,74.2406997680664,74.26499938964844,74.2300033569336,74.25,31864.0
2026-08-05 11:03:00,NKTR,,73.38999938964844,73.4000015258789,73.20999908447266,73.20999908447266,3889.0
2026-08-05 11:03:00,NMFC,,7.324999809265137,7.329999923706055,7.324999809265137,7.329999923706055,1224.0
2026-08-05 11:03:00,NMRA,,1.625,1.625,1.6200000047683716,1.6201000213623047,8714.0
2026-08-05 11:03:00,NMRK,,15.770000457763672,15.779999732971191,15.770000457763672,15.779999732971191,1547.0
2026-08-05 11:03:00,NN,,14.260000228881836,14.279999732971191,14.255000114440918,14.279999732971191,8629.0
2026-08-05 11:03:00,NNBR,,3.8399999141693115,3.8399999141693115,3.8399999141693115,3.8399999141693115,408.0
2026-08-05 11:03:00,NNDM,,1.5449999570846558,1.5449999570846558,1.5449999570846558,1.5449999570846558,1055.0
2026-08-05 11:03:00,NNOX,,1.0099999904632568,1.0199999809265137,1.0099999904632568,1.0099999904632568,3959.0
2026-08-05 11:03:00,NOVT,,158.24000549316406,158.27000427246094,158.17999267578125,158.17999267578125,2815.0
2026-08-05 11:03:00,NRDS,,9.21500015258789,9.21500015258789,9.21500015258789,9.21500015258789,1067.0
2026-08-05 11:03:00,NRIX,,24.75,24.75,24.75,24.75,1723.0
2026-08-05 11:03:00,NTAP,,189.81500244140625,190.02999877929688,189.8000030517578,190.0,4263.0
2026-08-05 11:03:00,NTCT,,41.959999084472656,41.959999084472656,41.959999084472656,41.959999084472656,631.0
2026-08-05 11:03:00,NTNX,,60.720001220703125,60.77000045776367,60.70000076293945,60.77000045776367,5501.0
2026-08-05 11:03:00,NTRA,,276.57000732421875,276.57000732421875,276.57000732421875,276.57000732421875,677.0
2026-08-05 11:03:00,NTRS,,184.6875,184.6875,184.6875,184.6875,123.0
2026-08-05 11:03:00,NVAX,,7.699999809265137,7.699999809265137,7.699999809265137,7.699999809265137,1324.0
2026-08-05 11:03:00,NVCR,,16.170000076293945,16.170000076293945,16.170000076293945,16.170000076293945,529.0
2026-08-05 11:03:00,NVDA,,219.08999633789062,219.30999755859375,219.07009887695312,219.3000030517578,185251.0
2026-08-05 11:03:00,NVMI,,407.0199890136719,407.6000061035156,407.0199890136719,407.6000061035156,640.0
2026-08-05 11:03:00,NVTS,,12.444999694824219,12.479999542236328,12.4399995803833,12.479999542236328,13535.0
2026-08-05 11:03:00,NWBI,,15.979999542236328,15.979999542236328,15.975000381469727,15.975000381469727,3353.0
2026-08-05 11:03:00,NWE,,68.68000030517578,68.68000030517578,68.68000030517578,68.68000030517578,588.0
2026-08-05 11:03:00,NWL,,6.175000190734863,6.179999828338623,6.160299777984619,6.179999828338623,23246.0
2026-08-05 11:03:00,NWS,,32.369998931884766,32.400001525878906,32.369998931884766,32.400001525878906,2446.0
2026-08-05 11:03:00,NWSA,,28.299999237060547,28.334999084472656,28.299999237060547,28.334999084472656,5787.0
2026-08-05 11:03:00,NXPI,,231.09500122070312,231.18499755859375,230.9199981689453,230.9199981689453,5650.0
2026-08-05 11:03:00,NXT,,98.31999969482422,98.33000183105469,98.23999786376953,98.2699966430664,1685.0
2026-08-05 11:03:00,NXTC,,5.300000190734863,5.300000190734863,5.291999816894531,5.291999816894531,3664.0
2026-08-05 11:03:00,OCFC,,19.8700008392334,19.8700008392334,19.8700008392334,19.8700008392334,526.0
2026-08-05 11:03:00,OCSL,,12.125,12.135000228881836,12.125,12.135000228881836,3668.0
2026-08-05 11:03:00,OCUL,,8.65999984741211,8.65999984741211,8.649999618530273,8.65999984741211,4066.0
2026-08-05 11:03:00,ODD,,15.220000267028809,15.220000267028809,15.220000267028809,15.220000267028809,344.0
2026-08-05 11:03:00,ODFL,,215.1199951171875,215.25999450683594,215.08999633789062,215.08999633789062,3844.0
2026-08-05 11:03:00,OFIX,,10.970000267028809,10.970000267028809,10.970000267028809,10.970000267028809,200.0
2026-08-05 11:03:00,OKTA,,147.7899932861328,147.83999633789062,147.75,147.83999633789062,1278.0
2026-08-05 11:03:00,OLLI,,78.7699966430664,78.77999877929688,78.7699966430664,78.77999877929688,1192.0
2026-08-05 11:03:00,OLMA,,11.694999694824219,11.694999694824219,11.6899995803833,11.6899995803833,612.0
2026-08-05 11:03:00,OMCL,,37.369998931884766,37.369998931884766,37.34000015258789,37.349998474121094,602.0
2026-08-05 11:03:00,OMH,,0.10999999940395355,0.10999999940395355,0.10999999940395355,0.10999999940395355,3424.0
2026-08-05 11:03:00,ON,,77.5999984741211,77.71990203857422,77.58000183105469,77.68000030517578,30565.0
2026-08-05 11:03:00,ONB,,27.149900436401367,27.149900436401367,27.145000457763672,27.145000457763672,2851.0
2026-08-05 11:03:00,ONCO,,0.7886999845504761,0.7886999845504761,0.7886999845504761,0.7886999845504761,3500.0
2026-08-05 11:03:00,ONDS,,8.765000343322754,8.800000190734863,8.760199546813965,8.795000076293945,221312.0
2026-08-05 11:03:00,ONFO,,0.07360000163316727,0.07370000332593918,0.07320000231266022,0.07329999655485153,13526.0
2026-08-05 11:03:00,OPCH,,23.450000762939453,23.459999084472656,23.450000762939453,23.459999084472656,1767.0
2026-08-05 11:03:00,OPEN,,3.8949999809265137,3.9100000858306885,3.8949999809265137,3.900099992752075,62242.0
2026-08-05 11:03:00,OPK,,1.3300000429153442,1.3300000429153442,1.3300000429153442,1.3300000429153442,163.0
2026-08-05 11:03:00,OPXS,,12.100000381469727,12.100000381469727,12.100000381469727,12.100000381469727,1100.0
2026-08-05 11:03:00,ORIC,,13.420000076293945,13.420000076293945,13.40999984741211,13.40999984741211,2644.0
2026-08-05 11:03:00,ORLY,,93.36000061035156,93.4000015258789,93.3499984741211,93.375,3417.0
2026-08-05 11:03:00,OSPN,,16.649999618530273,16.65999984741211,16.649999618530273,16.65999984741211,813.0
2026-08-05 11:03:00,OSS,,14.020000457763672,14.09570026397705,14.020000457763672,14.09570026397705,2794.0
2026-08-05 11:03:00,OSUR,,4.175000190734863,4.175000190734863,4.170000076293945,4.170000076293945,1080.0
2026-08-05 11:03:00,OSW,,26.739999771118164,26.739999771118164,26.739999771118164,26.739999771118164,321.0
2026-08-05 11:03:00,OTEX,,25.860000610351562,25.8700008392334,25.854999542236328,25.8700008392334,2710.0
2026-08-05 11:03:00,OTLK,,1.0099999904632568,1.0199999809265137,1.0099999904632568,1.0199999809265137,19167.0
2026-08-05 11:03:00,OVID,,2.615000009536743,2.615000009536743,2.615000009536743,2.615000009536743,961.0
2026-08-05 11:03:00,OXLC,,9.104999542236328,9.104999542236328,9.104999542236328,9.104999542236328,747.0
2026-08-05 11:03:00,OXSQ,,1.4800000190734863,1.4800000190734863,1.4800000190734863,1.4800000190734863,705.0
2026-08-05 11:03:00,PAA,,23.135000228881836,23.135000228881836,23.1200008392334,23.1200008392334,1834.0
2026-08-05 11:03:00,PAAS,,48.349998474121094,48.459999084472656,48.345001220703125,48.40999984741211,6886.0
2026-08-05 11:03:00,PACB,,1.4249999523162842,1.4249999523162842,1.4249999523162842,1.4249999523162842,6552.0
2026-08-05 11:03:00,PAGP,,25.059999465942383,25.059999465942383,25.059999465942383,25.059999465942383,724.0
2026-08-05 11:03:00,PALI,,2.0950000286102295,2.0950000286102295,2.0850000381469727,2.0899999141693115,4719.0
2026-08-05 11:03:00,PANW,,363.5799865722656,364.260009765625,363.4599914550781,364.260009765625,20989.0
2026-08-05 11:03:00,PAX,,11.481599807739258,11.489999771118164,11.481599807739258,11.489999771118164,4621.0
2026-08-05 11:03:00,PAYO,,7.125,7.125,7.119999885559082,7.125,2836.0
2026-08-05 11:03:00,PAYS,,9.279999732971191,9.28499984741211,9.279999732971191,9.28499984741211,2594.0
2026-08-05 11:03:00,PAYX,,117.29499816894531,117.30999755859375,117.27999877929688,117.30999755859375,2058.0
2026-08-05 11:03:00,PBYI,,8.010000228881836,8.010000228881836,7.989999771118164,7.989999771118164,2029.0
2026-08-05 11:03:00,PCAR,,134.02000427246094,134.0399932861328,134.0,134.0399932861328,1185.0
2026-08-05 11:03:00,PCRX,,25.155000686645508,25.155000686645508,25.155000686645508,25.155000686645508,485.0
2026-08-05 11:03:00,PCT,,6.958799839019775,6.960000038146973,6.954999923706055,6.960000038146973,1783.0
2026-08-05 11:03:00,PCTY,,146.7550048828125,147.41000366210938,146.7550048828125,147.39999389648438,4754.0
2026-08-05 11:03:00,PCYO,,10.579999923706055,10.579999923706055,10.550000190734863,10.5600004196167,3689.0
2026-08-05 11:03:00,PDD,,91.82499694824219,91.83000183105469,91.80999755859375,91.81999969482422,7310.0
2026-08-05 11:03:00,PECO,,41.349998474121094,41.349998474121094,41.349998474121094,41.349998474121094,231.0
2026-08-05 11:03:00,PEGA,,31.565000534057617,31.625,31.540000915527344,31.625,15309.0
2026-08-05 11:03:00,PENN,,19.950000762939453,19.959999084472656,19.950000762939453,19.959999084472656,2308.0
2026-08-05 11:03:00,PEP,,138.47000122070312,138.50999450683594,138.4199981689453,138.4199981689453,8218.0
2026-08-05 11:03:00,PERI,,9.574999809265137,9.574999809265137,9.574999809265137,9.574999809265137,471.0
2026-08-05 11:03:00,PFG,,114.5,114.5,114.5,114.5,1358.0
2026-08-05 11:03:00,PGEN,,6.949999809265137,6.949999809265137,6.900199890136719,6.90500020980835,14366.0
2026-08-05 11:03:00,PGY,,21.65999984741211,21.690000534057617,21.65999984741211,21.670000076293945,4877.0
2026-08-05 11:03:00,PHAT,,8.489999771118164,8.489999771118164,8.489999771118164,8.489999771118164,2912.0
2026-08-05 11:03:00,PHVS,,33.22999954223633,33.22999954223633,33.130001068115234,33.130001068115234,1207.0
2026-08-05 11:03:00,PLAB,,32.02000045776367,32.040000915527344,32.02000045776367,32.040000915527344,2109.0
2026-08-05 11:03:00,PLBY,,1.1649999618530273,1.1649999618530273,1.159999966621399,1.159999966621399,7890.0
2026-08-05 11:03:00,PLPC,,464.8999938964844,464.8999938964844,464.8999938964844,464.8999938964844,184.0
2026-08-05 11:03:00,PLTK,,4.025000095367432,4.03000020980835,4.025000095367432,4.03000020980835,4513.0
2026-08-05 11:03:00,PLUG,,2.1029999256134033,2.109999895095825,2.0999999046325684,2.0999999046325684,21983.0
2026-08-05 11:03:00,PNFP,,108.0999984741211,108.19999694824219,108.0999984741211,108.0999984741211,4105.0
2026-08-05 11:03:00,POET,,8.234999656677246,8.260000228881836,8.234999656677246,8.260000228881836,13802.0
2026-08-05 11:03:00,POWL,,210.41000366210938,210.69500732421875,210.41000366210938,210.69500732421875,248.0
2026-08-05 11:03:00,PPC,,26.844999313354492,26.850000381469727,26.844999313354492,26.850000381469727,606.0
2026-08-05 11:03:00,PPSI,,3.009999990463257,3.009999990463257,3.0,3.0,612.0
2026-08-05 11:03:00,PPTA,,22.71500015258789,22.75,22.71500015258789,22.75,2625.0
2026-08-05 11:03:00,PRAX,,312.2699890136719,312.7200012207031,312.2699890136719,312.7200012207031,326.0
2026-08-05 11:03:00,PRCH,,16.020000457763672,16.059999465942383,16.020000457763672,16.059999465942383,2205.0
2026-08-05 11:03:00,PRCT,,19.190000534057617,19.200000762939453,19.1299991607666,19.1299991607666,4083.0
2026-08-05 11:03:00,PRLD,,4.559999942779541,4.559999942779541,4.559999942779541,4.559999942779541,1048.0
2026-08-05 11:03:00,PRME,,2.990000009536743,2.990000009536743,2.9749999046325684,2.9800000190734863,7764.0
2026-08-05 11:03:00,PROK,,1.6449999809265137,1.649999976158142,1.6399999856948853,1.6399999856948853,13581.0
2026-08-05 11:03:00,PRTA,,8.614999771118164,8.614999771118164,8.59000015258789,8.59000015258789,1076.0
2026-08-05 11:03:00,PRVA,,24.020000457763672,24.020000457763672,24.020000457763672,24.020000457763672,989.0
2026-08-05 11:03:00,PRZO,,0.5600000023841858,0.564300000667572,0.5600000023841858,0.564300000667572,390.0
2026-08-05 11:03:00,PSEC,,2.198499917984009,2.200000047683716,2.1926000118255615,2.200000047683716,5628.0
2026-08-05 11:03:00,PSNL,,13.65999984741211,13.65999984741211,13.65999984741211,13.65999984741211,1655.0
2026-08-05 11:03:00,PTC,,140.8000030517578,140.80999755859375,140.8000030517578,140.80999755859375,618.0
2026-08-05 11:03:00,PTCT,,69.58000183105469,69.58999633789062,69.54000091552734,69.54000091552734,1348.0
2026-08-05 11:03:00,PTEN,,9.729999542236328,9.729999542236328,9.71500015258789,9.720000267028809,10509.0
2026-08-05 11:03:00,PTLO,,4.59499979019165,4.605000019073486,4.59499979019165,4.605000019073486,2636.0
2026-08-05 11:03:00,PTON,,6.53000020980835,6.539999961853027,6.53000020980835,6.539999961853027,8465.0
2026-08-05 11:03:00,PWP,,17.5049991607666,17.510000228881836,17.5,17.510000228881836,1292.0
2026-08-05 11:03:00,PYPD,,4.474999904632568,4.474999904632568,4.474999904632568,4.474999904632568,200.0
2026-08-05 11:03:00,PYPL,,58.459999084472656,58.52000045776367,58.45000076293945,58.4900016784668,14469.0
2026-08-05 11:03:00,PYXS,,3.2200000286102295,3.2200000286102295,3.2200000286102295,3.2200000286102295,480.0
2026-08-05 11:03:00,PZZA,,30.610000610351562,30.610000610351562,30.610000610351562,30.610000610351562,1168.0
2026-08-05 11:03:00,QCOM,,158.3699951171875,158.65989685058594,158.3699951171875,158.5800018310547,21851.0
2026-08-05 11:03:00,QCRH,,105.33999633789062,105.33999633789062,105.33000183105469,105.33000183105469,628.0
2026-08-05 11:03:00,QRVO,,94.2300033569336,94.29000091552734,94.2300033569336,94.2300033569336,644.0
2026-08-05 11:03:00,TARA,,4.050000190734863,4.050000190734863,4.045000076293945,4.045000076293945,1786.0
2026-08-05 11:04:00,ACDC,,4.34499979019165,4.355000019073486,4.34499979019165,4.355000019073486,8850.0
2026-08-05 11:04:00,BPOP,,177.85000610351562,177.85000610351562,177.85000610351562,177.85000610351562,149.0
2026-08-05 11:04:00,EYE,,23.299999237060547,23.329999923706055,23.299999237060547,23.329999923706055,4043.0
2026-08-05 11:04:00,GLUE,,16.075000762939453,16.09000015258789,16.065000534057617,16.065000534057617,1654.0
2026-08-05 11:04:00,KIDS,,21.34000015258789,21.34000015258789,21.299999237060547,21.299999237060547,1118.0
2026-08-05 11:04:00,LUNG,,1.8949999809265137,1.8949999809265137,1.8899999856948853,1.8899999856948853,1713.0
2026-08-05 11:04:00,MBRX,,0.41200000047683716,0.4120999872684479,0.40860000252723694,0.4120999872684479,1600.0
2026-08-05 11:04:00,MDB,,378.44000244140625,378.44000244140625,376.6050109863281,376.95001220703125,1622.0
2026-08-05 11:04:00,MDLZ,,61.959999084472656,61.97999954223633,61.959999084472656,61.962799072265625,10782.0
2026-08-05 11:04:00,MLTX,,17.6299991607666,17.6299991607666,17.6299991607666,17.6299991607666,1864.0
2026-08-05 11:04:00,MNST,,94.7699966430664,94.80919647216797,94.7699966430664,94.80919647216797,3749.0
2026-08-05 11:04:00,MNTS,,4.34089994430542,4.349999904632568,4.34089994430542,4.349999904632568,3643.0
2026-08-05 11:04:00,MPWR,,1318.8499755859375,1320.56005859375,1317.52001953125,1320.56005859375,1326.0
2026-08-05 11:04:00,MRNA,,57.61000061035156,57.65999984741211,57.560001373291016,57.560001373291016,6633.0
2026-08-05 11:04:00,MYGN,,3.240000009536743,3.240000009536743,3.2300000190734863,3.2300000190734863,5118.0
2026-08-05 11:04:00,MYPS,,0.71670001745224,0.71670001745224,0.715399980545044,0.715399980545044,672.0
2026-08-05 11:04:00,MYRG,,338.30999755859375,339.3500061035156,338.30999755859375,339.3500061035156,765.0
2026-08-05 11:04:00,NAMS,,26.834999084472656,26.834999084472656,26.834999084472656,26.834999084472656,493.0
2026-08-05 11:04:00,NB,,5.045000076293945,5.045000076293945,5.045000076293945,5.045000076293945,3172.0
2026-08-05 11:04:00,NBIX,,164.2949981689453,164.4199981689453,164.26499938964844,164.36000061035156,2504.0
2026-08-05 11:04:00,NBTB,,53.66999816894531,53.66999816894531,53.66999816894531,53.66999816894531,1440.0
2026-08-05 11:04:00,NCRA,,1.7799999713897705,1.7799999713897705,1.7799999713897705,1.7799999713897705,482.0
2026-08-05 11:04:00,NDAQ,,95.05999755859375,95.11000061035156,95.05999755859375,95.11000061035156,1750.0
2026-08-05 11:04:00,NEO,,16.190000534057617,16.190000534057617,16.190000534057617,16.190000534057617,1154.0
2026-08-05 11:04:00,NEOG,,11.555000305175781,11.579999923706055,11.555000305175781,11.579999923706055,17069.0
2026-08-05 11:04:00,NEOV,,2.9000000953674316,2.9000000953674316,2.895900011062622,2.9000000953674316,2704.0
2026-08-05 11:04:00,NESR,,28.579999923706055,28.6299991607666,28.579999923706055,28.6299991607666,951.0
2026-08-05 11:04:00,NEXT,,6.394999980926514,6.409999847412109,6.394999980926514,6.409999847412109,3616.0
2026-08-05 11:04:00,NFLX,,74.29499816894531,74.29499816894531,74.26000213623047,74.26000213623047,44247.0
2026-08-05 11:04:00,NGNE,,35.2400016784668,35.2400016784668,35.2400016784668,35.2400016784668,200.0
2026-08-05 11:04:00,NHTC,,1.7874000072479248,1.7874000072479248,1.7874000072479248,1.7874000072479248,265.0
2026-08-05 11:04:00,NICE,,95.98989868164062,95.98989868164062,95.77999877929688,95.77999877929688,2386.0
2026-08-05 11:04:00,NKTX,,2.180000066757202,2.180000066757202,2.180000066757202,2.180000066757202,5596.0
2026-08-05 11:04:00,NMRK,,15.765000343322754,15.765000343322754,15.765000343322754,15.765000343322754,253.0
2026-08-05 11:04:00,NN,,14.270000457763672,14.289999961853027,14.25,14.260000228881836,14336.0
2026-08-05 11:04:00,NNBR,,3.819999933242798,3.8320000171661377,3.819999933242798,3.8320000171661377,14894.0
2026-08-05 11:04:00,NNDM,,1.5449999570846558,1.5449999570846558,1.5449999570846558,1.5449999570846558,805.0
2026-08-05 11:04:00,NRC,,19.549999237060547,19.549999237060547,19.549999237060547,19.549999237060547,698.0
2026-08-05 11:04:00,NRDS,,9.225000381469727,9.225000381469727,9.225000381469727,9.225000381469727,402.0
2026-08-05 11:04:00,NTAP,,189.77769470214844,190.02999877929688,189.66000366210938,189.85000610351562,5961.0
2026-08-05 11:04:00,NTCT,,41.92499923706055,41.939998626708984,41.92499923706055,41.939998626708984,1221.0
2026-08-05 11:04:00,NTGR,,24.209999084472656,24.219999313354492,24.209999084472656,24.219999313354492,1554.0
2026-08-05 11:04:00,NTNX,,60.79999923706055,60.834999084472656,60.71500015258789,60.71500015258789,5684.0
2026-08-05 11:04:00,NTRA,,277.05999755859375,277.05999755859375,276.5199890136719,276.5199890136719,3339.0
2026-08-05 11:04:00,NTRS,,184.6999969482422,184.6999969482422,184.59500122070312,184.6699981689453,1589.0
2026-08-05 11:04:00,NVAX,,7.704999923706055,7.704999923706055,7.704999923706055,7.704999923706055,2650.0
2026-08-05 11:04:00,NVCR,,16.110000610351562,16.110000610351562,16.110000610351562,16.110000610351562,430.0
2026-08-05 11:04:00,NVDA,,219.1479034423828,219.1649932861328,218.91119384765625,219.10499572753906,280409.0
2026-08-05 11:04:00,NVEC,,127.91000366210938,127.91000366210938,127.91000366210938,127.91000366210938,410.0
2026-08-05 11:04:00,NVMI,,406.3299865722656,406.4599914550781,406.3299865722656,406.4599914550781,620.0
2026-08-05 11:04:00,NVTS,,12.420000076293945,12.454999923706055,12.420000076293945,12.444999694824219,21540.0
2026-08-05 11:04:00,NWBI,,15.979999542236328,15.979999542236328,15.979999542236328,15.979999542236328,209.0
2026-08-05 11:04:00,NWL,,6.18120002746582,6.184999942779541,6.170000076293945,6.175000190734863,19699.0
2026-08-05 11:04:00,NWPX,,127.80000305175781,127.8499984741211,127.80000305175781,127.8499984741211,965.0
2026-08-05 11:04:00,NWS,,32.404998779296875,32.40999984741211,32.38999938964844,32.38999938964844,2600.0
2026-08-05 11:04:00,NWSA,,28.315000534057617,28.31999969482422,28.30500030517578,28.30500030517578,3179.0
2026-08-05 11:04:00,NXPI,,230.50999450683594,230.69000244140625,230.50999450683594,230.64999389648438,8448.0
2026-08-05 11:04:00,NXT,,98.09290313720703,98.27999877929688,98.06999969482422,98.23999786376953,6418.0
2026-08-05 11:04:00,NXTC,,5.260000228881836,5.289999961853027,5.260000228881836,5.289999961853027,1944.0
2026-08-05 11:04:00,OCCIN,,24.969999313354492,24.979900360107422,24.969999313354492,24.969999313354492,727.0
2026-08-05 11:04:00,OCFC,,19.8700008392334,19.8700008392334,19.8700008392334,19.8700008392334,835.0
2026-08-05 11:04:00,OCGN,,1.309999942779541,1.309999942779541,1.309999942779541,1.309999942779541,8507.0
2026-08-05 11:04:00,OCS,,12.145000457763672,12.145000457763672,12.145000457763672,12.145000457763672,200.0
2026-08-05 11:04:00,OCSL,,12.130000114440918,12.130000114440918,12.130000114440918,12.130000114440918,263.0
2026-08-05 11:04:00,ODD,,15.170000076293945,15.180000305175781,15.170000076293945,15.180000305175781,1719.0
2026-08-05 11:04:00,ODFL,,215.2949981689453,215.2949981689453,215.2449951171875,215.2449951171875,1319.0
2026-08-05 11:04:00,OESX,,16.099899291992188,16.100000381469727,15.770000457763672,15.770000457763672,1373.0
2026-08-05 11:04:00,OFIX,,10.920000076293945,10.970000267028809,10.899999618530273,10.970000267028809,12826.0
2026-08-05 11:04:00,OGI,,0.963100016117096,0.963100016117096,0.963100016117096,0.963100016117096,140.0
2026-08-05 11:04:00,OKTA,,148.0850067138672,148.10000610351562,147.91000366210938,147.95750427246094,2372.0
2026-08-05 11:04:00,OLLI,,78.65499877929688,78.69999694824219,78.63500213623047,78.69999694824219,2746.0
2026-08-05 11:04:00,OLMA,,11.720000267028809,11.720000267028809,11.720000267028809,11.720000267028809,2158.0
2026-08-05 11:04:00,OMCL,,37.27000045776367,37.33000183105469,37.27000045776367,37.33000183105469,9274.0
2026-08-05 11:04:00,OMER,,12.920000076293945,12.920000076293945,12.914999961853027,12.914999961853027,1676.0
2026-08-05 11:04:00,OMEX,,0.7501000165939331,0.7501000165939331,0.7501000165939331,0.7501000165939331,290.0
2026-08-05 11:04:00,OMH,,0.11050000041723251,0.11050000041723251,0.10999999940395355,0.10999999940395355,6691.0
2026-08-05 11:04:00,ON,,77.51000213623047,77.5999984741211,77.45999908447266,77.59500122070312,23918.0
2026-08-05 11:04:00,ONB,,27.145000457763672,27.155000686645508,27.145000457763672,27.149999618530273,6584.0
2026-08-05 11:04:00,ONBPP,,24.735000610351562,24.735000610351562,24.735000610351562,24.735000610351562,15.0
2026-08-05 11:04:00,ONDS,,8.750100135803223,8.776399612426758,8.75,8.770000457763672,253162.0
2026-08-05 11:04:00,ONFO,,0.07280000299215317,0.07329999655485153,0.07280000299215317,0.0729999989271164,140262.0
2026-08-05 11:04:00,ONMD,,0.6761999726295471,0.6761999726295471,0.6761999726295471,0.6761999726295471,0.0
2026-08-05 11:04:00,OPAL,,2.3350000381469727,2.3350000381469727,2.3350000381469727,2.3350000381469727,264.0
2026-08-05 11:04:00,OPCH,,23.43000030517578,23.450000762939453,23.43000030517578,23.450000762939453,2823.0
2026-08-05 11:04:00,OPEN,,3.897700071334839,3.9000000953674316,3.890000104904175,3.890000104904175,79373.0
2026-08-05 11:04:00,OPK,,1.3213000297546387,1.3213000297546387,1.3200000524520874,1.3200000524520874,1036.0
2026-08-05 11:04:00,OPRT,,6.119999885559082,6.119999885559082,6.119999885559082,6.119999885559082,1840.0
2026-08-05 11:04:00,OPXS,,12.0,12.100000381469727,12.0,12.020000457763672,1058.0
2026-08-05 11:04:00,ORGO,,2.4000000953674316,2.4000000953674316,2.3949999809265137,2.3949999809265137,395.0
2026-08-05 11:04:00,ORIC,,13.420000076293945,13.420000076293945,13.404999732971191,13.404999732971191,2313.0
2026-08-05 11:04:00,ORLY,,93.32499694824219,93.36000061035156,93.31999969482422,93.36000061035156,3171.0
2026-08-05 11:04:00,OSIS,,234.8800048828125,234.9199981689453,234.8800048828125,234.9199981689453,367.0
2026-08-05 11:04:00,OSPN,,16.700000762939453,16.700000762939453,16.700000762939453,16.700000762939453,821.0
2026-08-05 11:04:00,OSS,,13.989999771118164,14.020000457763672,13.989999771118164,14.010000228881836,909.0
2026-08-05 11:04:00,OSW,,26.729999542236328,26.729999542236328,26.729999542236328,26.729999542236328,339.0
2026-08-05 11:04:00,OTEX,,25.924999237060547,25.93000030517578,25.860000610351562,25.860000610351562,3829.0
2026-08-05 11:04:00,OTLK,,1.0099999904632568,1.0199999809265137,1.0099999904632568,1.0149999856948853,2613.0
2026-08-05 11:04:00,OXLC,,9.100000381469727,9.100000381469727,9.100000381469727,9.100000381469727,317.0
2026-08-05 11:04:00,OXSQ,,1.4800000190734863,1.4900000095367432,1.4800000190734863,1.4800000190734863,1239.0
2026-08-05 11:04:00,PAA,,23.165000915527344,23.16510009765625,23.135000228881836,23.135000228881836,3814.0
2026-08-05 11:04:00,PAAS,,48.399898529052734,48.400001525878906,48.34000015258789,48.35499954223633,3837.0
2026-08-05 11:04:00,PACB,,1.4249999523162842,1.4249999523162842,1.4249999523162842,1.4249999523162842,13104.0
2026-08-05 11:04:00,PAGP,,25.06999969482422,25.06999969482422,25.06999969482422,25.06999969482422,2053.0
2026-08-05 11:04:00,PALI,,2.0952999591827393,2.0999999046325684,2.0950000286102295,2.0950000286102295,2640.0
2026-08-05 11:04:00,PANW,,364.3399963378906,364.3399963378906,363.95001220703125,363.95001220703125,21076.0
2026-08-05 11:04:00,PATK,,88.12000274658203,88.12000274658203,88.12000274658203,88.12000274658203,278.0
2026-08-05 11:04:00,PAYO,,7.125,7.125,7.119999885559082,7.125,2522.0
2026-08-05 11:04:00,PAYS,,9.25,9.270000457763672,9.25,9.270000457763672,2171.0
2026-08-05 11:04:00,PAYX,,117.38999938964844,117.38999938964844,117.25,117.31999969482422,5661.0
2026-08-05 11:04:00,PBYI,,8.020000457763672,8.020000457763672,8.020000457763672,8.020000457763672,484.0
2026-08-05 11:04:00,PCAR,,133.78500366210938,134.02999877929688,133.78500366210938,134.02000427246094,7637.0
2026-08-05 11:04:00,PCRX,,25.155000686645508,25.155000686645508,25.155000686645508,25.155000686645508,676.0
2026-08-05 11:04:00,PCT,,6.949999809265137,6.965000152587891,6.949999809265137,6.95989990234375,5537.0
2026-08-05 11:04:00,PDD,,91.8499984741211,91.8499984741211,91.81500244140625,91.81500244140625,6016.0
2026-08-05 11:04:00,PECO,,41.34000015258789,41.349998474121094,41.34000015258789,41.349998474121094,1494.0
2026-08-05 11:04:00,PEGA,,31.655000686645508,31.655000686645508,31.655000686645508,31.655000686645508,648.0
2026-08-05 11:04:00,PENN,,19.959999084472656,19.959999084472656,19.959999084472656,19.959999084472656,3338.0
2026-08-05 11:04:00,PEP,,138.35499572753906,138.47000122070312,138.33999633789062,138.47000122070312,9873.0
2026-08-05 11:04:00,PERI,,9.579999923706055,9.579999923706055,9.579999923706055,9.579999923706055,446.0
2026-08-05 11:04:00,PFG,,114.5999984741211,114.73999786376953,114.5999984741211,114.73999786376953,2538.0
2026-08-05 11:04:00,PGC,,46.959999084472656,46.959999084472656,46.959999084472656,46.959999084472656,132.0
2026-08-05 11:04:00,PGEN,,6.945000171661377,6.954999923706055,6.940000057220459,6.950200080871582,10294.0
2026-08-05 11:04:00,PGY,,21.729999542236328,21.75,21.670000076293945,21.670000076293945,9528.0
2026-08-05 11:04:00,PHAT,,8.515000343322754,8.520000457763672,8.5,8.5,10204.0
2026-08-05 11:04:00,PHVS,,33.33000183105469,33.33000183105469,33.16999816894531,33.16999816894531,458.0
2026-08-05 11:04:00,PLUG,,2.100100040435791,2.109999895095825,2.0999999046325684,2.1050000190734863,133402.0
2026-08-05 11:04:00,PMEC,,0.41530001163482666,0.41530001163482666,0.41530001163482666,0.41530001163482666,934.0
2026-08-05 11:04:00,PNFP,,108.0999984741211,108.25,108.0999984741211,108.21499633789062,2955.0
2026-08-05 11:04:00,PNRG,,183.50999450683594,183.50999450683594,183.50999450683594,183.50999450683594,826.0
2026-08-05 11:04:00,POET,,8.222299575805664,8.239999771118164,8.222299575805664,8.239899635314941,8920.0
2026-08-05 11:04:00,POWI,,62.0099983215332,62.060001373291016,62.0099983215332,62.060001373291016,1403.0
2026-08-05 11:04:00,POWL,,210.1300048828125,210.3000030517578,209.94000244140625,210.3000030517578,1602.0
2026-08-05 11:04:00,PPC,,26.853200912475586,26.853200912475586,26.853200912475586,26.853200912475586,401.0
2026-08-05 11:04:00,PPTA,,22.739999771118164,22.739999771118164,22.729999542236328,22.729999542236328,2146.0
2026-08-05 11:04:00,PRAX,,313.3599853515625,313.3599853515625,313.3599853515625,313.3599853515625,352.0
2026-08-05 11:04:00,PRCH,,16.020000457763672,16.03499984741211,16.020000457763672,16.03499984741211,1022.0
2026-08-05 11:04:00,PRCT,,19.239999771118164,19.239999771118164,19.18000030517578,19.200000762939453,8150.0
2026-08-05 11:04:00,PRDO,,33.15999984741211,33.15999984741211,33.11009979248047,33.11009979248047,660.0
2026-08-05 11:04:00,PRGS,,41.84000015258789,41.84000015258789,41.834999084472656,41.834999084472656,340.0
2026-08-05 11:04:00,PRIM,,86.23999786376953,86.30000305175781,86.06999969482422,86.12999725341797,1992.0
2026-08-05 11:04:00,PRLD,,4.570000171661377,4.570000171661377,4.570000171661377,4.570000171661377,863.0
2026-08-05 11:04:00,PRME,,2.984999895095825,2.984999895095825,2.984999895095825,2.984999895095825,1635.0
2026-08-05 11:04:00,PRTA,,8.614999771118164,8.614999771118164,8.614999771118164,8.614999771118164,959.0
2026-08-05 11:04:00,PRZO,,0.5533999800682068,0.5600000023841858,0.5533999800682068,0.5600000023841858,1699.0
2026-08-05 11:04:00,PSEC,,2.2009999752044678,2.2049999237060547,2.194999933242798,2.200000047683716,36448.0
2026-08-05 11:04:00,PSMT,,193.9499969482422,194.08999633789062,193.9499969482422,194.08999633789062,1527.0
2026-08-05 11:04:00,PSNL,,13.640000343322754,13.640000343322754,13.640000343322754,13.640000343322754,1153.0
2026-08-05 11:04:00,PSNY,,14.020000457763672,14.020000457763672,14.020000457763672,14.020000457763672,350.0
2026-08-05 11:04:00,PTC,,140.94000244140625,140.94000244140625,140.80999755859375,140.80999755859375,2019.0
2026-08-05 11:04:00,PTCT,,69.58499908447266,69.58499908447266,69.58499908447266,69.58499908447266,494.0
2026-08-05 11:04:00,PTEN,,9.710000038146973,9.739999771118164,9.710000038146973,9.739999771118164,11993.0
2026-08-05 11:04:00,PTLO,,4.59499979019165,4.59499979019165,4.59499979019165,4.59499979019165,1081.0
2026-08-05 11:04:00,PTON,,6.545000076293945,6.545000076293945,6.53000020980835,6.534999847412109,17306.0
2026-08-05 11:04:00,PUBM,,13.630000114440918,13.630000114440918,13.630000114440918,13.630000114440918,811.0
2026-08-05 11:04:00,PWP,,17.510000228881836,17.510000228881836,17.5,17.5,1530.0
2026-08-05 11:04:00,PYPD,,4.474999904632568,4.474999904632568,4.46999979019165,4.46999979019165,200.0
2026-08-05 11:04:00,PYPL,,58.525001525878906,58.525001525878906,58.459999084472656,58.470001220703125,11727.0
2026-08-05 11:04:00,PYXS,,3.2200000286102295,3.220099925994873,3.2200000286102295,3.2200000286102295,2205.0
2026-08-05 11:04:00,PZZA,,30.6200008392334,30.6200008392334,30.6200008392334,30.6200008392334,512.0
2026-08-05 11:04:00,QCOM,,158.2449951171875,158.49000549316406,158.17999267578125,158.4199981689453,26451.0
2026-08-05 11:04:00,QCRH,,105.41000366210938,105.41000366210938,105.41000366210938,105.41000366210938,188.0
2026-08-05 11:04:00,QFIN,,13.40999984741211,13.420000076293945,13.40999984741211,13.420000076293945,399.0
2026-08-05 11:04:00,QRVO,,94.13500213623047,94.22000122070312,94.13500213623047,94.22000122070312,1029.0
2026-08-05 11:04:00,SEED,,0.9678999781608582,0.9745000004768372,0.965399980545044,0.9745000004768372,3223.0
2026-08-05 11:04:00,STIM,,2.2850000858306885,2.2867000102996826,2.2846999168395996,2.2867000102996826,6084.0
2026-08-05 11:04:00,TARA,,4.045000076293945,4.045000076293945,4.039999961853027,4.045000076293945,12052.0
2026-08-05 11:04:00,WOOF,,2.951200008392334,2.951200008392334,2.950000047683716,2.950000047683716,301.0
2026-08-05 11:05:00,ACDC,,4.349999904632568,4.364999771118164,4.34499979019165,4.34499979019165,13612.0
2026-08-05 11:05:00,BPOP,,177.88999938964844,177.88999938964844,177.72999572753906,177.7949981689453,2529.0
2026-08-05 11:05:00,CASH,,89.63999938964844,89.63999938964844,89.63999938964844,89.63999938964844,774.0
2026-08-05 11:05:00,EYE,,23.290000915527344,23.290000915527344,23.290000915527344,23.290000915527344,1265.0
2026-08-05 11:05:00,GLUE,,15.960000038146973,16.030000686645508,15.960000038146973,16.020000457763672,6109.0
2026-08-05 11:05:00,MBRX,,0.41200000047683716,0.41200000047683716,0.41200000047683716,0.41200000047683716,500.0
2026-08-05 11:05:00,MDLZ,,61.98500061035156,62.02000045776367,61.95000076293945,61.959999084472656,23018.0
2026-08-05 11:05:00,MNRO,,13.205599784851074,13.205599784851074,13.170000076293945,13.205599784851074,3930.0
2026-08-05 11:05:00,MNST,,94.75,94.75,94.70999908447266,94.75,3816.0
2026-08-05 11:05:00,MNTS,,4.3491997718811035,4.3491997718811035,4.3491997718811035,4.3491997718811035,834.0
2026-08-05 11:05:00,MNTSW,,0.002899999963119626,0.002899999963119626,0.002899999963119626,0.002899999963119626,1000.0
2026-08-05 11:05:00,MPWR,,1321.0350341796875,1323.1099853515625,1320.81005859375,1322.0,1048.0
2026-08-05 11:05:00,MRNA,,57.55500030517578,57.6349983215332,57.55500030517578,57.630001068115234,5456.0
2026-08-05 11:05:00,MSGM,,4.440000057220459,4.440000057220459,4.440000057220459,4.440000057220459,700.0
2026-08-05 11:05:00,MYGN,,3.240000009536743,3.240000009536743,3.240000009536743,3.240000009536743,3750.0
2026-08-05 11:05:00,MYRG,,340.0950012207031,340.0950012207031,339.32501220703125,339.32501220703125,2189.0
2026-08-05 11:05:00,NAMS,,26.829999923706055,26.84000015258789,26.829999923706055,26.84000015258789,892.0
2026-08-05 11:05:00,NAVI,,9.109999656677246,9.109999656677246,9.109999656677246,9.109999656677246,1402.0
2026-08-05 11:05:00,NB,,5.059999942779541,5.059999942779541,5.050000190734863,5.050000190734863,15487.0
2026-08-05 11:05:00,NBTB,,53.654998779296875,53.654998779296875,53.654998779296875,53.654998779296875,290.0
2026-08-05 11:05:00,NCMI,,4.110000133514404,4.119999885559082,4.110000133514404,4.119999885559082,1085.0
2026-08-05 11:05:00,NCNA,,1.3000999689102173,1.340000033378601,1.3000999689102173,1.340000033378601,3667.0
2026-08-05 11:05:00,NCRA,,1.8049999475479126,1.8049999475479126,1.8049999475479126,1.8049999475479126,1147.0
2026-08-05 11:05:00,NDAQ,,95.11000061035156,95.11000061035156,95.03500366210938,95.03500366210938,4374.0
2026-08-05 11:05:00,NDSN,,311.0050048828125,311.0050048828125,310.92999267578125,310.9599914550781,507.0
2026-08-05 11:05:00,NEO,,16.18000030517578,16.18000030517578,16.18000030517578,16.18000030517578,106.0
2026-08-05 11:05:00,NEOG,,11.574999809265137,11.574999809265137,11.555000305175781,11.555000305175781,7491.0
2026-08-05 11:05:00,NEOV,,2.9049999713897705,2.9049999713897705,2.890000104904175,2.890000104904175,212.0
2026-08-05 11:05:00,NESR,,28.56999969482422,28.56999969482422,28.56999969482422,28.56999969482422,1319.0
2026-08-05 11:05:00,NEWT,,15.300000190734863,15.300000190734863,15.300000190734863,15.300000190734863,670.0
2026-08-05 11:05:00,NEXT,,6.409999847412109,6.420000076293945,6.400000095367432,6.400000095367432,4809.0
2026-08-05 11:05:00,NFE,,0.3343999981880188,0.3343999981880188,0.3343999981880188,0.3343999981880188,200.0
2026-08-05 11:05:00,NFLX,,74.26000213623047,74.29000091552734,74.22000122070312,74.29000091552734,43738.0
2026-08-05 11:05:00,NGNE,,35.279998779296875,35.279998779296875,35.279998779296875,35.279998779296875,25.0
2026-08-05 11:05:00,NICE,,95.75499725341797,95.83000183105469,95.62000274658203,95.7300033569336,13544.0
2026-08-05 11:05:00,NKTX,,2.190000057220459,2.190000057220459,2.190000057220459,2.190000057220459,2255.0
2026-08-05 11:05:00,NMFC,,7.320000171661377,7.320000171661377,7.320000171661377,7.320000171661377,267.0
2026-08-05 11:05:00,NMIH,,44.5099983215332,44.54999923706055,44.5099983215332,44.53499984741211,1905.0
2026-08-05 11:05:00,NMRK,,15.779999732971191,15.779999732971191,15.770000457763672,15.770000457763672,1515.0
2026-08-05 11:05:00,NN,,14.260000228881836,14.296299934387207,14.260000228881836,14.279999732971191,3899.0
2026-08-05 11:05:00,NNBR,,3.8299999237060547,3.8350000381469727,3.8213999271392822,3.8213999271392822,14222.0
2026-08-05 11:05:00,NNDM,,1.5449999570846558,1.5449999570846558,1.5399999618530273,1.5449999570846558,2491.0
2026-08-05 11:05:00,NNOX,,1.0103000402450562,1.0103000402450562,1.0103000402450562,1.0103000402450562,132.0
2026-08-05 11:05:00,NRXP,,3.055000066757202,3.055000066757202,3.055000066757202,3.055000066757202,332.0
2026-08-05 11:05:00,NTAP,,189.4600067138672,189.58999633789062,189.4600067138672,189.55999755859375,1894.0
2026-08-05 11:05:00,NTCT,,41.96500015258789,42.04499816894531,41.92499923706055,41.92499923706055,4694.0
2026-08-05 11:05:00,NTES,,128.19000244140625,128.2100067138672,128.19000244140625,128.2100067138672,745.0
2026-08-05 11:05:00,NTGR,,24.229999542236328,24.229999542236328,24.229999542236328,24.229999542236328,258.0
2026-08-05 11:05:00,NTNX,,60.77000045776367,60.810001373291016,60.77000045776367,60.79999923706055,7473.0
2026-08-05 11:05:00,NTRA,,277.0950012207031,277.0950012207031,277.04998779296875,277.04998779296875,658.0
2026-08-05 11:05:00,NTRS,,184.77499389648438,184.77499389648438,184.77499389648438,184.77499389648438,1712.0
2026-08-05 11:05:00,NUWE,,1.764799952507019,1.7898999452590942,1.763800024986267,1.763800024986267,3967.0
2026-08-05 11:05:00,NVAX,,7.684999942779541,7.690000057220459,7.684999942779541,7.690000057220459,2716.0
2026-08-05 11:05:00,NVCR,,16.114999771118164,16.114999771118164,16.114999771118164,16.114999771118164,888.0
2026-08-05 11:05:00,NVDA,,219.02000427246094,219.26499938964844,218.9199981689453,219.16000366210938,231370.0
2026-08-05 11:05:00,NVTS,,12.4399995803833,12.449999809265137,12.425000190734863,12.430000305175781,9387.0
2026-08-05 11:05:00,NVX,,0.40230000019073486,0.40230000019073486,0.40230000019073486,0.40230000019073486,2000.0
2026-08-05 11:05:00,NWBI,,15.970000267028809,15.975000381469727,15.970000267028809,15.975000381469727,1951.0
2026-08-05 11:05:00,NWL,,6.170000076293945,6.190000057220459,6.170000076293945,6.179999828338623,15070.0
2026-08-05 11:05:00,NWPX,,127.75,127.75,127.75,127.75,340.0
2026-08-05 11:05:00,NWS,,32.40999984741211,32.415000915527344,32.40999984741211,32.415000915527344,381.0
2026-08-05 11:05:00,NWSA,,28.315000534057617,28.315000534057617,28.315000534057617,28.315000534057617,955.0
2026-08-05 11:05:00,NXPI,,230.48500061035156,230.57000732421875,230.48500061035156,230.49000549316406,1880.0
2026-08-05 11:05:00,NXT,,98.16999816894531,98.16999816894531,98.16999816894531,98.16999816894531,761.0
2026-08-05 11:05:00,NXTC,,5.180200099945068,5.304999828338623,5.180200099945068,5.260000228881836,21709.0
2026-08-05 11:05:00,OBIO,,4.199999809265137,4.199999809265137,4.199999809265137,4.199999809265137,198.0
2026-08-05 11:05:00,OCFC,,19.8700008392334,19.8700008392334,19.8700008392334,19.8700008392334,1331.0
2026-08-05 11:05:00,OCGN,,1.315000057220459,1.315000057220459,1.315000057220459,1.315000057220459,6954.0
2026-08-05 11:05:00,OCS,,12.21500015258789,12.21500015258789,12.21500015258789,12.21500015258789,961.0
2026-08-05 11:05:00,OCSL,,12.135000228881836,12.135000228881836,12.135000228881836,12.135000228881836,392.0
2026-08-05 11:05:00,OCUL,,8.645000457763672,8.649999618530273,8.645000457763672,8.649999618530273,1318.0
2026-08-05 11:05:00,ODFL,,215.07000732421875,215.0800018310547,215.0,215.0749969482422,4642.0
2026-08-05 11:05:00,OESX,,16.0,16.099899291992188,16.0,16.099899291992188,1417.0
2026-08-05 11:05:00,OGI,,0.9621000289916992,0.9621000289916992,0.9621000289916992,0.9621000289916992,620.0
2026-08-05 11:05:00,OKTA,,148.1074981689453,148.29949951171875,148.10000610351562,148.10000610351562,1596.0
2026-08-05 11:05:00,OMCL,,37.33000183105469,37.3650016784668,37.29999923706055,37.29999923706055,1956.0
2026-08-05 11:05:00,OMER,,12.899999618530273,12.90999984741211,12.899999618530273,12.90999984741211,859.0
2026-08-05 11:05:00,OMH,,0.11010000109672546,0.11010000109672546,0.11010000109672546,0.11010000109672546,64.0
2026-08-05 11:05:00,ON,,77.29499816894531,77.63999938964844,77.25,77.54000091552734,49665.0
2026-08-05 11:05:00,ONB,,27.139999389648438,27.155000686645508,27.139999389648438,27.149999618530273,7664.0
2026-08-05 11:05:00,ONCY,,0.7847999930381775,0.785099983215332,0.784600019454956,0.7846999764442444,25470.0
2026-08-05 11:05:00,ONDS,,8.79010009765625,8.8100004196167,8.75,8.759900093078613,363684.0
2026-08-05 11:05:00,ONFO,,0.07280000299215317,0.07280000299215317,0.07209999859333038,0.07209999859333038,15795.0
2026-08-05 11:05:00,ONMD,,0.6783999800682068,0.6783999800682068,0.6783999800682068,0.6783999800682068,1824.0
2026-08-05 11:05:00,OPCH,,23.389999389648438,23.43000030517578,23.389999389648438,23.43000030517578,2192.0
2026-08-05 11:05:00,OPEN,,3.8949999809265137,3.9100000858306885,3.8949999809265137,3.9000000953674316,122860.0
2026-08-05 11:05:00,OPK,,1.3250000476837158,1.3250000476837158,1.3250000476837158,1.3250000476837158,154.0
2026-08-05 11:05:00,OPRA,,20.25,20.25,20.209999084472656,20.209999084472656,1044.0
2026-08-05 11:05:00,OPRT,,6.130000114440918,6.130000114440918,6.130000114440918,6.130000114440918,1326.0
2026-08-05 11:05:00,ORGO,,2.3949999809265137,2.4000000953674316,2.3949999809265137,2.4000000953674316,1075.0
2026-08-05 11:05:00,ORIC,,13.380000114440918,13.390000343322754,13.375,13.390000343322754,2557.0
2026-08-05 11:05:00,ORLY,,93.30999755859375,93.32499694824219,93.28500366210938,93.30999755859375,8560.0
2026-08-05 11:05:00,ORRF,,43.560001373291016,43.560001373291016,43.560001373291016,43.560001373291016,1006.0
2026-08-05 11:05:00,OSBC,,25.8700008392334,25.8799991607666,25.8700008392334,25.8799991607666,717.0
2026-08-05 11:05:00,OSIS,,235.1649932861328,235.1649932861328,235.1649932861328,235.1649932861328,421.0
2026-08-05 11:05:00,OSS,,14.0,14.069999694824219,14.0,14.020000457763672,679.0
2026-08-05 11:05:00,OSW,,26.700000762939453,26.700000762939453,26.700000762939453,26.700000762939453,293.0
2026-08-05 11:05:00,OTEX,,25.93000030517578,25.950000762939453,25.920000076293945,25.950000762939453,4711.0
2026-08-05 11:05:00,OTLK,,1.0149999856948853,1.0149999856948853,1.01010000705719,1.01010000705719,5654.0
2026-08-05 11:05:00,OVID,,2.619999885559082,2.619999885559082,2.619999885559082,2.619999885559082,2586.0
2026-08-05 11:05:00,OXSQ,,1.4800000190734863,1.4800000190734863,1.4800000190734863,1.4800000190734863,252.0
2026-08-05 11:05:00,PAA,,23.165000915527344,23.165000915527344,23.149999618530273,23.15999984741211,3034.0
2026-08-05 11:05:00,PAAS,,48.474998474121094,48.5099983215332,48.41999816894531,48.41999816894531,8967.0
2026-08-05 11:05:00,PACB,,1.4249999523162842,1.4249999523162842,1.4249999523162842,1.4249999523162842,11564.0
2026-08-05 11:05:00,PAGP,,25.079999923706055,25.079999923706055,25.079999923706055,25.079999923706055,528.0
2026-08-05 11:05:00,PAHC,,36.35499954223633,36.35499954223633,36.35499954223633,36.35499954223633,1201.0
2026-08-05 11:05:00,PANW,,364.6300048828125,365.0,364.3399963378906,364.5,10459.0
2026-08-05 11:05:00,PATK,,88.16000366210938,88.19999694824219,88.1050033569336,88.1050033569336,1549.0
2026-08-05 11:05:00,PAYO,,7.125,7.125,7.125,7.125,627.0
2026-08-05 11:05:00,PAYS,,9.25,9.25,9.25,9.25,639.0
2026-08-05 11:05:00,PAYX,,117.36000061035156,117.36000061035156,117.36000061035156,117.36000061035156,394.0
2026-08-05 11:05:00,PCAR,,133.77000427246094,133.83999633789062,133.77000427246094,133.83999633789062,1560.0
2026-08-05 11:05:00,PCSA,,2.1700000762939453,2.184999942779541,2.1700000762939453,2.184999942779541,501.0
2026-08-05 11:05:00,PCT,,6.95989990234375,6.960000038146973,6.949999809265137,6.949999809265137,4727.0
2026-08-05 11:05:00,PCTY,,147.33999633789062,147.35000610351562,146.64999389648438,146.7550048828125,4833.0
2026-08-05 11:05:00,PDD,,91.83000183105469,91.85099792480469,91.83000183105469,91.8499984741211,9930.0
2026-08-05 11:05:00,PECO,,41.33000183105469,41.33000183105469,41.33000183105469,41.33000183105469,169.0
2026-08-05 11:05:00,PEGA,,31.68000030517578,31.68000030517578,31.68000030517578,31.68000030517578,164.0
2026-08-05 11:05:00,PENN,,19.93000030517578,19.93000030517578,19.93000030517578,19.93000030517578,3574.0
2026-08-05 11:05:00,PEP,,138.3820037841797,138.3820037841797,138.3000030517578,138.3000030517578,8203.0
2026-08-05 11:05:00,PERI,,9.579999923706055,9.579999923706055,9.579999923706055,9.579999923706055,281.0
2026-08-05 11:05:00,PESI,,17.829999923706055,17.84000015258789,17.829999923706055,17.84000015258789,1059.0
2026-08-05 11:05:00,PFG,,114.55000305175781,114.55000305175781,114.4800033569336,114.51000213623047,1388.0
2026-08-05 11:05:00,PGEN,,6.945000171661377,6.954999923706055,6.940000057220459,6.945000171661377,12747.0
2026-08-05 11:05:00,PGNY,,31.59000015258789,31.59000015258789,31.59000015258789,31.59000015258789,732.0
2026-08-05 11:05:00,PGY,,21.739999771118164,21.770000457763672,21.730199813842773,21.770000457763672,2163.0
2026-08-05 11:05:00,PHAT,,8.539999961853027,8.539999961853027,8.539999961853027,8.539999961853027,485.0
2026-08-05 11:05:00,PHIO,,1.059999942779541,1.059999942779541,1.0549999475479126,1.0549999475479126,8768.0
2026-08-05 11:05:00,PHVS,,33.29999923706055,33.3385009765625,33.25,33.25,950.0
2026-08-05 11:05:00,PLBY,,1.1649999618530273,1.1649999618530273,1.1649999618530273,1.1649999618530273,669.0
2026-08-05 11:05:00,PLMR,,135.24000549316406,135.24000549316406,135.24000549316406,135.24000549316406,148.0
2026-08-05 11:05:00,PLTK,,4.025000095367432,4.025000095367432,4.025000095367432,4.025000095367432,871.0
2026-08-05 11:05:00,PLUG,,2.1050000190734863,2.1050000190734863,2.1050000190734863,2.1050000190734863,17077.0
2026-08-05 11:05:00,PLUR,,1.8310999870300293,1.8310999870300293,1.8310999870300293,1.8310999870300293,5193.0
2026-08-05 11:05:00,PNFP,,108.0999984741211,108.25,108.0999984741211,108.0999984741211,8086.0
2026-08-05 11:05:00,POET,,8.244999885559082,8.244999885559082,8.225000381469727,8.229999542236328,11391.0
2026-08-05 11:05:00,POOL,,204.63999938964844,204.8300018310547,204.63999938964844,204.8300018310547,674.0
2026-08-05 11:05:00,POWI,,62.060001373291016,62.060001373291016,61.97999954223633,61.97999954223633,784.0
2026-08-05 11:05:00,POWL,,210.8699951171875,210.8699951171875,210.35499572753906,210.35499572753906,2050.0
2026-08-05 11:05:00,PPBT,,1.4118000268936157,1.4118000268936157,1.4118000268936157,1.4118000268936157,222.0
2026-08-05 11:05:00,PPC,,26.829999923706055,26.860000610351562,26.829999923706055,26.829999923706055,1288.0
2026-08-05 11:05:00,PPTA,,22.739999771118164,22.739999771118164,22.709299087524414,22.709299087524414,506.0
2026-08-05 11:05:00,PRAA,,17.469999313354492,17.469999313354492,17.469999313354492,17.469999313354492,368.0
2026-08-05 11:05:00,PRCH,,16.020000457763672,16.020000457763672,16.010000228881836,16.010000228881836,2752.0
2026-08-05 11:05:00,PRCT,,19.260000228881836,19.260000228881836,19.170000076293945,19.170000076293945,7593.0
2026-08-05 11:05:00,PRGS,,41.8650016784668,41.8650016784668,41.8650016784668,41.8650016784668,312.0
2026-08-05 11:05:00,PRIM,,86.19999694824219,86.37000274658203,86.19999694824219,86.19999694824219,1305.0
2026-08-05 11:05:00,PROK,,1.6399999856948853,1.6399999856948853,1.6399999856948853,1.6399999856948853,7109.0
2026-08-05 11:05:00,PRTH,,6.644999980926514,6.644999980926514,6.644999980926514,6.644999980926514,761.0
2026-08-05 11:05:00,PRVA,,24.06999969482422,24.06999969482422,24.020000457763672,24.020000457763672,3237.0
2026-08-05 11:05:00,PRZO,,0.5533999800682068,0.5583999752998352,0.5533999800682068,0.5533999800682068,318.0
2026-08-05 11:05:00,PSEC,,2.1910998821258545,2.2049999237060547,2.1910998821258545,2.2000999450683594,67317.0
2026-08-05 11:05:00,PSNL,,13.619999885559082,13.630000114440918,13.619999885559082,13.630000114440918,1319.0
2026-08-05 11:05:00,PTEN,,9.725000381469727,9.729999542236328,9.701000213623047,9.701000213623047,5565.0
2026-08-05 11:05:00,PTON,,6.539999961853027,6.545000076293945,6.539999961853027,6.545000076293945,19220.0
2026-08-05 11:05:00,PUBM,,13.635000228881836,13.635000228881836,13.635000228881836,13.635000228881836,375.0
2026-08-05 11:05:00,PWP,,17.53499984741211,17.53499984741211,17.530000686645508,17.530000686645508,1859.0
2026-08-05 11:05:00,PYPD,,4.46999979019165,4.46999979019165,4.46999979019165,4.46999979019165,200.0
2026-08-05 11:05:00,PYPL,,58.54119873046875,58.54999923706055,58.529998779296875,58.529998779296875,11411.0
2026-08-05 11:05:00,PYXS,,3.2018001079559326,3.2018001079559326,3.2018001079559326,3.2018001079559326,1135.0
2026-08-05 11:05:00,PZZA,,30.610000610351562,30.610000610351562,30.610000610351562,30.610000610351562,308.0
2026-08-05 11:05:00,QCOM,,158.44000244140625,158.49989318847656,158.3000030517578,158.3000030517578,14616.0
2026-08-05 11:05:00,QFIN,,13.40999984741211,13.40999984741211,13.40999984741211,13.40999984741211,1788.0
2026-08-05 11:05:00,QRVO,,94.25,94.25,94.12000274658203,94.12000274658203,2125.0
2026-08-05 11:05:00,SEED,,0.9745000004768372,0.9745000004768372,0.9613000154495239,0.9745000004768372,1576.0
2026-08-05 11:05:00,TARA,,4.050000190734863,4.050000190734863,4.050000190734863,4.050000190734863,118.0
2026-08-05 11:05:00,WOOF,,2.9549999237060547,2.9549999237060547,2.9549999237060547,2.9549999237060547,784.0
2026-08-05 11:06:00,ACDC,,4.364999771118164,4.375,4.349999904632568,4.349999904632568,17137.0
2026-08-05 11:06:00,BPOP,,177.9199981689453,177.9199981689453,177.9199981689453,177.9199981689453,1226.0
2026-08-05 11:06:00,CNXN,,84.4000015258789,84.41999816894531,84.38999938964844,84.41999816894531,1763.0
2026-08-05 11:06:00,DTIL,,7.474999904632568,7.474999904632568,7.474999904632568,7.474999904632568,229.0
2026-08-05 11:06:00,EYE,,23.239999771118164,23.25,23.239999771118164,23.25,2066.0
2026-08-05 11:06:00,GLUE,,15.960000038146973,15.960000038146973,15.960000038146973,15.960000038146973,620.0
2026-08-05 11:06:00,KIDS,,21.200000762939453,21.200000762939453,21.200000762939453,21.200000762939453,454.0
2026-08-05 11:06:00,KTTA,,0.47780001163482666,0.47780001163482666,0.47780001163482666,0.47780001163482666,1156.0
2026-08-05 11:06:00,LUNG,,1.8849999904632568,1.8899999856948853,1.8849999904632568,1.8899999856948853,1091.0
2026-08-05 11:06:00,MBRX,,0.412200003862381,0.412200003862381,0.40860000252723694,0.412200003862381,2500.0
2026-08-05 11:06:00,MDB,,377.30999755859375,377.6449890136719,376.8299865722656,377.6449890136719,2534.0
2026-08-05 11:06:00,MDLZ,,61.939998626708984,62.005001068115234,61.939998626708984,61.9900016784668,26833.0
2026-08-05 11:06:00,MLTX,,17.614999771118164,17.614999771118164,17.614999771118164,17.614999771118164,437.0
2026-08-05 11:06:00,MNST,,94.67500305175781,94.7300033569336,94.67500305175781,94.7300033569336,2830.0
2026-08-05 11:06:00,MNTS,,4.349400043487549,4.359899997711182,4.349400043487549,4.349999904632568,7714.0
2026-08-05 11:06:00,MPWR,,1325.800048828125,1325.800048828125,1320.9200439453125,1320.9200439453125,594.0
2026-08-05 11:06:00,MRNA,,57.67499923706055,57.67499923706055,57.5099983215332,57.52000045776367,10903.0
2026-08-05 11:06:00,MYGN,,3.234999895095825,3.240000009536743,3.234999895095825,3.240000009536743,1407.0
2026-08-05 11:06:00,MYPS,,0.71670001745224,0.71670001745224,0.7111999988555908,0.7111999988555908,2171.0
2026-08-05 11:06:00,MYRG,,340.70001220703125,340.70001220703125,340.1099853515625,340.3900146484375,3660.0
2026-08-05 11:06:00,NATR,,20.190000534057617,20.190000534057617,20.190000534057617,20.190000534057617,584.0
2026-08-05 11:06:00,NAUT,,0.9739000201225281,0.9739000201225281,0.9739000201225281,0.9739000201225281,1212.0
2026-08-05 11:06:00,NAVI,,9.114999771118164,9.114999771118164,9.114999771118164,9.114999771118164,382.0
2026-08-05 11:06:00,NB,,5.065000057220459,5.065000057220459,5.050000190734863,5.054999828338623,5820.0
2026-08-05 11:06:00,NBIX,,164.2949981689453,164.2949981689453,164.2949981689453,164.2949981689453,1281.0
2026-08-05 11:06:00,NBTB,,53.595001220703125,53.630001068115234,53.595001220703125,53.630001068115234,3014.0
2026-08-05 11:06:00,NCMI,,4.110000133514404,4.110000133514404,4.110000133514404,4.110000133514404,945.0
2026-08-05 11:06:00,NDAQ,,95.06999969482422,95.13500213623047,95.05000305175781,95.13500213623047,2730.0
2026-08-05 11:06:00,NDSN,,311.0400085449219,311.0400085449219,311.0400085449219,311.0400085449219,385.0
2026-08-05 11:06:00,NEO,,16.1825008392334,16.190000534057617,16.170000076293945,16.184999465942383,5088.0
2026-08-05 11:06:00,NEOG,,11.5649995803833,11.569999694824219,11.5600004196167,11.569999694824219,2283.0
2026-08-05 11:06:00,NEOV,,2.9000000953674316,2.9049999713897705,2.9000000953674316,2.9049999713897705,6655.0
2026-08-05 11:06:00,NEPH,,3.569999933242798,3.569999933242798,3.569999933242798,3.569999933242798,1242.0
2026-08-05 11:06:00,NESR,,28.639999389648438,28.639999389648438,28.600000381469727,28.600000381469727,1798.0
2026-08-05 11:06:00,NEXT,,6.414999961853027,6.420000076293945,6.409999847412109,6.409999847412109,3998.0
2026-08-05 11:06:00,NFE,,0.3343999981880188,0.3343999981880188,0.3343999981880188,0.3343999981880188,1415.0
2026-08-05 11:06:00,NFLX,,74.12999725341797,74.2699966430664,74.12999725341797,74.26499938964844,39254.0
2026-08-05 11:06:00,NICE,,95.83999633789062,96.01000213623047,95.83999633789062,95.9800033569336,3345.0
2026-08-05 11:06:00,NKTR,,73.2300033569336,73.260498046875,73.2300033569336,73.260498046875,1339.0
2026-08-05 11:06:00,NKTX,,2.174999952316284,2.174999952316284,2.174999952316284,2.174999952316284,258.0
2026-08-05 11:06:00,NMFC,,7.315000057220459,7.320000171661377,7.315000057220459,7.320000171661377,1559.0
2026-08-05 11:06:00,NMRK,,15.770000457763672,15.770000457763672,15.770000457763672,15.770000457763672,499.0
2026-08-05 11:06:00,NN,,14.270000457763672,14.270000457763672,14.229999542236328,14.239999771118164,5087.0
2026-08-05 11:06:00,NNBR,,3.809999942779541,3.8399999141693115,3.809999942779541,3.8350000381469727,11937.0
2026-08-05 11:06:00,NNDM,,1.5449999570846558,1.5449999570846558,1.5399999618530273,1.5449999570846558,5836.0
2026-08-05 11:06:00,NNOX,,1.0,1.0099999904632568,1.0,1.0099999904632568,12678.0
2026-08-05 11:06:00,NOVT,,158.3800048828125,158.3800048828125,158.3800048828125,158.3800048828125,409.0
2026-08-05 11:06:00,NRDS,,9.204999923706055,9.210000038146973,9.199999809265137,9.210000038146973,2169.0
2026-08-05 11:06:00,NRIM,,27.06999969482422,27.06999969482422,27.06999969482422,27.06999969482422,565.0
2026-08-05 11:06:00,NRIX,,24.725000381469727,24.725000381469727,24.725000381469727,24.725000381469727,472.0
2026-08-05 11:06:00,NSSC,,40.25,40.25,40.25,40.25,321.0
2026-08-05 11:06:00,NTAP,,190.02999877929688,190.0800018310547,189.4600067138672,189.5850067138672,7582.0
2026-08-05 11:06:00,NTCT,,41.935001373291016,41.96500015258789,41.935001373291016,41.96500015258789,4258.0
2026-08-05 11:06:00,NTES,,128.17999267578125,128.26339721679688,128.17999267578125,128.26339721679688,1636.0
2026-08-05 11:06:00,NTGR,,24.149999618530273,24.190000534057617,24.1200008392334,24.190000534057617,3546.0
2026-08-05 11:06:00,NTNX,,60.72999954223633,60.7599983215332,60.709999084472656,60.7599983215332,2413.0
2026-08-05 11:06:00,NTRA,,276.81500244140625,276.8900146484375,276.81500244140625,276.8900146484375,2178.0
2026-08-05 11:06:00,NUWE,,1.7599999904632568,1.7599999904632568,1.7400000095367432,1.75,19436.0
2026-08-05 11:06:00,NVAX,,7.690000057220459,7.690000057220459,7.679999828338623,7.679999828338623,4720.0
2026-08-05 11:06:00,NVCR,,16.1200008392334,16.1200008392334,16.079999923706055,16.114999771118164,4333.0
2026-08-05 11:06:00,NVDA,,219.4250030517578,219.5,218.9499969482422,219.00999450683594,280849.0
2026-08-05 11:06:00,NVMI,,407.05999755859375,407.05999755859375,406.32501220703125,406.32501220703125,913.0
2026-08-05 11:06:00,NVTS,,12.470000267028809,12.479999542236328,12.420000076293945,12.430000305175781,16441.0
2026-08-05 11:06:00,NVX,,0.4034000039100647,0.4034000039100647,0.4034000039100647,0.4034000039100647,0.0
2026-08-05 11:06:00,NWL,,6.170000076293945,6.177800178527832,6.170000076293945,6.170100212097168,14188.0
2026-08-05 11:06:00,NWPX,,127.80999755859375,127.80999755859375,127.80999755859375,127.80999755859375,705.0
2026-08-05 11:06:00,NWS,,32.400001525878906,32.400001525878906,32.400001525878906,32.400001525878906,1777.0
2026-08-05 11:06:00,NWSA,,28.30500030517578,28.31999969482422,28.30500030517578,28.31999969482422,4064.0
2026-08-05 11:06:00,NXPI,,230.7100067138672,230.7100067138672,230.2675018310547,230.49000549316406,3030.0
2026-08-05 11:06:00,NXT,,98.19000244140625,98.19000244140625,98.04000091552734,98.05999755859375,2778.0
2026-08-05 11:06:00,NXTC,,5.25,5.25,5.25,5.25,409.0
2026-08-05 11:06:00,OABI,,2.059999942779541,2.059999942779541,2.059999942779541,2.059999942779541,1493.0
2026-08-05 11:06:00,OBIO,,4.199999809265137,4.199999809265137,4.199999809265137,4.199999809265137,761.0
2026-08-05 11:06:00,OCGN,,1.315000057220459,1.315000057220459,1.315000057220459,1.315000057220459,1419.0
2026-08-05 11:06:00,OCS,,12.100000381469727,12.100000381469727,12.100000381469727,12.100000381469727,623.0
2026-08-05 11:06:00,OCUL,,8.640000343322754,8.645000457763672,8.635000228881836,8.645000457763672,2640.0
2026-08-05 11:06:00,ODFL,,215.11000061035156,215.11000061035156,215.11000061035156,215.11000061035156,788.0
2026-08-05 11:06:00,OESX,,15.899999618530273,15.899999618530273,15.869999885559082,15.869999885559082,1427.0
2026-08-05 11:06:00,OFIX,,10.854999542236328,10.869999885559082,10.854999542236328,10.869999885559082,1545.0
2026-08-05 11:06:00,OKTA,,147.9600067138672,147.97999572753906,147.9600067138672,147.97999572753906,1423.0
2026-08-05 11:06:00,OLLI,,78.8499984741211,78.8499984741211,78.5999984741211,78.68000030517578,11298.0
2026-08-05 11:06:00,OLMA,,11.680000305175781,11.680000305175781,11.670000076293945,11.680000305175781,2004.0
2026-08-05 11:06:00,OMCL,,37.31999969482422,37.31999969482422,37.31999969482422,37.31999969482422,807.0
2026-08-05 11:06:00,OMER,,12.859999656677246,12.880000114440918,12.859999656677246,12.880000114440918,907.0
2026-08-05 11:06:00,OMH,,0.11010000109672546,0.11010000109672546,0.11010000109672546,0.11010000109672546,1345.0
2026-08-05 11:06:00,ON,,77.59500122070312,77.63999938964844,77.25,77.28500366210938,48888.0
2026-08-05 11:06:00,ONCY,,0.785099983215332,0.785099983215332,0.7849000096321106,0.7849000096321106,388.0
2026-08-05 11:06:00,ONDS,,8.798700332641602,8.8100004196167,8.774999618530273,8.797699928283691,167375.0
2026-08-05 11:06:00,ONFO,,0.07249999791383743,0.07339999824762344,0.0722000002861023,0.07270000129938126,22620.0
2026-08-05 11:06:00,ONMD,,0.6761999726295471,0.6761999726295471,0.6761999726295471,0.6761999726295471,7351.0
2026-08-05 11:06:00,OPCH,,23.385000228881836,23.385000228881836,23.3799991607666,23.3799991607666,2852.0
2026-08-05 11:06:00,OPEN,,3.884999990463257,3.9000000953674316,3.884999990463257,3.890199899673462,62224.0
2026-08-05 11:06:00,OPK,,1.3200000524520874,1.3250000476837158,1.3200000524520874,1.3250000476837158,1368.0
2026-08-05 11:06:00,OPRA,,20.200000762939453,20.264999389648438,20.200000762939453,20.264999389648438,880.0
2026-08-05 11:06:00,ORIC,,13.350000381469727,13.369999885559082,13.350000381469727,13.359999656677246,3143.0
2026-08-05 11:06:00,ORLY,,93.2750015258789,93.36000061035156,93.2750015258789,93.30999755859375,14990.0
2026-08-05 11:06:00,OSBC,,25.8700008392334,25.8700008392334,25.864999771118164,25.864999771118164,575.0
2026-08-05 11:06:00,OSPN,,16.71500015258789,16.71500015258789,16.71500015258789,16.71500015258789,688.0
2026-08-05 11:06:00,OSS,,14.0600004196167,14.0600004196167,14.0,14.010000228881836,1005.0
2026-08-05 11:06:00,OSW,,26.674999237060547,26.700000762939453,26.65999984741211,26.700000762939453,1836.0
2026-08-05 11:06:00,OTEX,,25.915000915527344,25.93000030517578,25.915000915527344,25.93000030517578,2561.0
2026-08-05 11:06:00,OTLK,,1.0199999809265137,1.0199999809265137,1.0149999856948853,1.0149999856948853,11502.0
2026-08-05 11:06:00,OTTR,,92.38999938964844,92.38999938964844,92.38999938964844,92.38999938964844,375.0
2026-08-05 11:06:00,OXSQ,,1.4800000190734863,1.4800000190734863,1.4800000190734863,1.4800000190734863,500.0
2026-08-05 11:06:00,PAA,,23.18000030517578,23.18000030517578,23.170000076293945,23.170000076293945,2417.0
2026-08-05 11:06:00,PAAS,,48.459999084472656,48.459999084472656,48.459999084472656,48.459999084472656,5399.0
2026-08-05 11:06:00,PACB,,1.4299999475479126,1.4299999475479126,1.4249999523162842,1.4249999523162842,3508.0
2026-08-05 11:06:00,PAGP,,25.1200008392334,25.1200008392334,25.104999542236328,25.104999542236328,3456.0
2026-08-05 11:06:00,PAHC,,36.400001525878906,36.400001525878906,36.38999938964844,36.38999938964844,549.0
2026-08-05 11:06:00,PALI,,2.0999999046325684,2.0999999046325684,2.0999999046325684,2.0999999046325684,1929.0
2026-08-05 11:06:00,PANW,,364.2650146484375,364.8074035644531,364.010009765625,364.8074035644531,4033.0
2026-08-05 11:06:00,PATK,,88.17500305175781,88.17500305175781,88.17500305175781,88.17500305175781,210.0
2026-08-05 11:06:00,PAX,,11.479999542236328,11.484999656677246,11.479999542236328,11.484999656677246,3906.0
2026-08-05 11:06:00,PAYO,,7.130000114440918,7.130000114440918,7.130000114440918,7.130000114440918,189.0
2026-08-05 11:06:00,PAYS,,9.255000114440918,9.255000114440918,9.255000114440918,9.255000114440918,446.0
2026-08-05 11:06:00,PAYX,,117.28500366210938,117.34500122070312,117.28500366210938,117.34500122070312,2349.0
2026-08-05 11:06:00,PBYI,,8.010000228881836,8.010000228881836,8.010000228881836,8.010000228881836,693.0
2026-08-05 11:06:00,PCAR,,133.74000549316406,133.75999450683594,133.69000244140625,133.75999450683594,3473.0
2026-08-05 11:06:00,PCRX,,25.065000534057617,25.149999618530273,25.065000534057617,25.1200008392334,1975.0
2026-08-05 11:06:00,PCT,,6.9558000564575195,6.960000038146973,6.949999809265137,6.960000038146973,8548.0
2026-08-05 11:06:00,PCTY,,147.0850067138672,147.0850067138672,147.0850067138672,147.0850067138672,1333.0
2026-08-05 11:06:00,PDD,,91.73999786376953,91.83000183105469,91.73999786376953,91.83000183105469,9526.0
2026-08-05 11:06:00,PDFS,,50.18000030517578,50.18000030517578,50.18000030517578,50.18000030517578,480.0
2026-08-05 11:06:00,PECO,,41.33000183105469,41.33000183105469,41.33000183105469,41.33000183105469,1727.0
2026-08-05 11:06:00,PEGA,,31.6200008392334,31.645000457763672,31.56999969482422,31.645000457763672,6568.0
2026-08-05 11:06:00,PENN,,19.915000915527344,19.915000915527344,19.915000915527344,19.915000915527344,1381.0
2026-08-05 11:06:00,PEP,,138.3000030517578,138.40989685058594,138.27000427246094,138.38499450683594,12885.0
2026-08-05 11:06:00,PERI,,9.574999809265137,9.574999809265137,9.574999809265137,9.574999809265137,395.0
2026-08-05 11:06:00,PFG,,114.33000183105469,114.45999908447266,114.33000183105469,114.45999908447266,1996.0
2026-08-05 11:06:00,PGEN,,6.949999809265137,6.949999809265137,6.929999828338623,6.940000057220459,7790.0
2026-08-05 11:06:00,PGNY,,31.56999969482422,31.579999923706055,31.559999465942383,31.579999923706055,1597.0
2026-08-05 11:06:00,PGY,,21.739999771118164,21.739999771118164,21.70009994506836,21.729999542236328,2123.0
2026-08-05 11:06:00,PHAT,,8.510000228881836,8.520000457763672,8.510000228881836,8.520000457763672,1748.0
2026-08-05 11:06:00,PHVS,,33.27000045776367,33.27000045776367,33.27000045776367,33.27000045776367,728.0
2026-08-05 11:06:00,PLAB,,32.09000015258789,32.09000015258789,32.09000015258789,32.09000015258789,580.0
2026-08-05 11:06:00,PLPC,,462.8500061035156,462.8500061035156,462.75,462.80999755859375,496.0
2026-08-05 11:06:00,PLSE,,36.79999923706055,36.79999923706055,36.79999923706055,36.79999923706055,259.0
2026-08-05 11:06:00,PLUG,,2.1050000190734863,2.109999895095825,2.1050000190734863,2.1050000190734863,17391.0
2026-08-05 11:06:00,PMN,,13.199999809265137,13.199999809265137,13.199999809265137,13.199999809265137,380.0
2026-08-05 11:06:00,PNBK,,1.125,1.125,1.1200000047683716,1.1200000047683716,10482.0
2026-08-05 11:06:00,PNFP,,108.0999984741211,108.19999694824219,108.0999984741211,108.0999984741211,2630.0
2026-08-05 11:06:00,PNRG,,183.49000549316406,183.5,183.49000549316406,183.5,903.0
2026-08-05 11:06:00,PNTG,,38.689998626708984,38.720001220703125,38.689998626708984,38.720001220703125,1539.0
2026-08-05 11:06:00,POET,,8.25,8.255000114440918,8.229999542236328,8.234999656677246,11963.0
2026-08-05 11:06:00,POLA,,1.809999942779541,1.809999942779541,1.809999942779541,1.809999942779541,449.0
2026-08-05 11:06:00,POWI,,62.060001373291016,62.06999969482422,62.060001373291016,62.06999969482422,886.0
2026-08-05 11:06:00,POWL,,210.56500244140625,210.91000366210938,210.56500244140625,210.91000366210938,402.0
2026-08-05 11:06:00,PPC,,26.795000076293945,26.844999313354492,26.795000076293945,26.844999313354492,1728.0
2026-08-05 11:06:00,PPTA,,22.760000228881836,22.760000228881836,22.709999084472656,22.709999084472656,6195.0
2026-08-05 11:06:00,PRAX,,312.3450012207031,312.3450012207031,312.3450012207031,312.3450012207031,271.0
2026-08-05 11:06:00,PRCH,,16.020000457763672,16.020000457763672,16.020000457763672,16.020000457763672,1382.0
2026-08-05 11:06:00,PRCT,,19.25,19.260000228881836,19.209999084472656,19.229999542236328,3360.0
2026-08-05 11:06:00,PRDO,,33.099998474121094,33.11000061035156,33.099998474121094,33.11000061035156,748.0
2026-08-05 11:06:00,PRGS,,41.86199951171875,41.86199951171875,41.86199951171875,41.86199951171875,336.0
2026-08-05 11:06:00,PRIM,,85.78500366210938,86.19000244140625,85.77999877929688,86.08000183105469,6617.0
2026-08-05 11:06:00,PRME,,2.9800000190734863,2.98009991645813,2.9800000190734863,2.98009991645813,5576.0
2026-08-05 11:06:00,PROK,,1.6349999904632568,1.6349999904632568,1.6349999904632568,1.6349999904632568,2241.0
2026-08-05 11:06:00,PRVA,,24.03499984741211,24.06999969482422,24.03499984741211,24.06999969482422,4931.0
2026-08-05 11:06:00,PRZO,,0.5533999800682068,0.5533999800682068,0.5533999800682068,0.5533999800682068,100.0
2026-08-05 11:06:00,PSEC,,2.1909000873565674,2.1909000873565674,2.1909000873565674,2.1909000873565674,2205.0
2026-08-05 11:06:00,PSNL,,13.619999885559082,13.619999885559082,13.619999885559082,13.619999885559082,1277.0
2026-08-05 11:06:00,PTCT,,69.59500122070312,69.59500122070312,69.54000091552734,69.56999969482422,2540.0
2026-08-05 11:06:00,PTEN,,9.760000228881836,9.760000228881836,9.725000381469727,9.725000381469727,4105.0
2026-08-05 11:06:00,PTON,,6.539999961853027,6.539999961853027,6.53000020980835,6.539999961853027,5633.0
2026-08-05 11:06:00,PUBM,,13.580100059509277,13.600000381469727,13.580100059509277,13.600000381469727,1395.0
2026-08-05 11:06:00,PWP,,17.524999618530273,17.549999237060547,17.520000457763672,17.53499984741211,4631.0
2026-08-05 11:06:00,PYPD,,4.46999979019165,4.46999979019165,4.46999979019165,4.46999979019165,203.0
2026-08-05 11:06:00,PYPL,,58.505001068115234,58.54710006713867,58.505001068115234,58.505001068115234,8342.0
2026-08-05 11:06:00,PZZA,,30.610000610351562,30.639999389648438,30.610000610351562,30.610000610351562,2114.0
2026-08-05 11:06:00,QCOM,,158.5399932861328,158.64999389648438,158.3000030517578,158.39999389648438,21418.0
2026-08-05 11:06:00,QFIN,,13.40999984741211,13.40999984741211,13.40999984741211,13.40999984741211,429.0
2026-08-05 11:06:00,QRVO,,94.33000183105469,94.33000183105469,94.18000030517578,94.25,1290.0
2026-08-05 11:06:00,SEED,,0.9745000004768372,0.9745000004768372,0.9745000004768372,0.9745000004768372,3751.0
2026-08-05 11:06:00,STIM,,2.2850000858306885,2.285599946975708,2.2850000858306885,2.2850000858306885,6223.0
2026-08-05 11:06:00,TARA,,4.039999961853027,4.039999961853027,4.039999961853027,4.039999961853027,4090.0
2026-08-05 11:06:00,WOOF,,2.9549999237060547,2.9549999237060547,2.9549999237060547,2.9549999237060547,2115.0
2026-08-05 11:07:00,ACDC,,4.349999904632568,4.37060022354126,4.349999904632568,4.364999771118164,38363.0
2026-08-05 11:07:00,DTIL,,7.519999980926514,7.519999980926514,7.499599933624268,7.5,5030.0
2026-08-05 11:07:00,EYE,,23.239999771118164,23.239999771118164,23.239999771118164,23.239999771118164,286.0
2026-08-05 11:07:00,FIZZ,,31.979999542236328,31.979999542236328,31.979999542236328,31.979999542236328,1816.0
2026-08-05 11:07:00,GLUE,,15.949999809265137,15.949999809265137,15.9399995803833,15.9399995803833,1499.0
2026-08-05 11:07:00,LUNG,,1.8849999904632568,1.8849999904632568,1.8849999904632568,1.8849999904632568,101.0
2026-08-05 11:07:00,MBRX,,0.412200003862381,0.412200003862381,0.40860000252723694,0.412200003862381,2540.0
2026-08-05 11:07:00,MDB,,377.4934997558594,377.8699951171875,377.2674865722656,377.2674865722656,1372.0
2026-08-05 11:07:00,MDLZ,,61.96500015258789,61.96500015258789,61.92660140991211,61.94499969482422,6001.0
2026-08-05 11:07:00,MLTX,,17.65999984741211,17.68000030517578,17.627099990844727,17.627099990844727,13911.0
2026-08-05 11:07:00,MNST,,94.70999908447266,94.70999908447266,94.66999816894531,94.66999816894531,4201.0
2026-08-05 11:07:00,MNTS,,4.34499979019165,4.369999885559082,4.340000152587891,4.360000133514404,7967.0
2026-08-05 11:07:00,MNTSW,,0.0020000000949949026,0.0020000000949949026,0.0020000000949949026,0.0020000000949949026,5000.0
2026-08-05 11:07:00,MPWR,,1326.2650146484375,1327.25,1324.1500244140625,1325.18505859375,899.0
2026-08-05 11:07:00,MRNA,,57.80500030517578,57.810001373291016,57.689998626708984,57.689998626708984,8552.0
2026-08-05 11:07:00,MYGN,,3.234999895095825,3.234999895095825,3.234999895095825,3.234999895095825,728.0
2026-08-05 11:07:00,MYPS,,0.7132999897003174,0.7132999897003174,0.7132999897003174,0.7132999897003174,1214.0
2026-08-05 11:07:00,MYRG,,340.20001220703125,340.20001220703125,340.0,340.0,503.0
2026-08-05 11:07:00,NAMS,,26.790000915527344,26.790000915527344,26.790000915527344,26.790000915527344,1441.0
2026-08-05 11:07:00,NAVI,,9.109999656677246,9.109999656677246,9.100000381469727,9.109999656677246,3459.0
2026-08-05 11:07:00,NB,,5.070000171661377,5.070000171661377,5.065000057220459,5.065000057220459,4199.0
2026-08-05 11:07:00,NDAQ,,95.01000213623047,95.03500366210938,95.01000213623047,95.02999877929688,2596.0
2026-08-05 11:07:00,NEO,,16.190000534057617,16.19499969482422,16.184999465942383,16.184999465942383,3806.0
2026-08-05 11:07:00,NEOG,,11.574999809265137,11.574999809265137,11.5600004196167,11.5600004196167,4116.0
2026-08-05 11:07:00,NEOV,,2.9000000953674316,2.9000000953674316,2.9000000953674316,2.9000000953674316,337.0
2026-08-05 11:07:00,NESR,,28.690000534057617,28.690000534057617,28.65999984741211,28.65999984741211,729.0
2026-08-05 11:07:00,NEXT,,6.414999961853027,6.419000148773193,6.409999847412109,6.414999961853027,3681.0
2026-08-05 11:07:00,NFLX,,74.03500366210938,74.1500015258789,74.03500366210938,74.12000274658203,74991.0
2026-08-05 11:07:00,NGNE,,35.17499923706055,35.17499923706055,35.17499923706055,35.17499923706055,316.0
2026-08-05 11:07:00,NKTX,,2.190000057220459,2.190000057220459,2.180000066757202,2.180000066757202,3313.0
2026-08-05 11:07:00,NMIH,,44.459999084472656,44.459999084472656,44.459999084472656,44.459999084472656,593.0
2026-08-05 11:07:00,NMRK,,15.779999732971191,15.779999732971191,15.770000457763672,15.770000457763672,1300.0
2026-08-05 11:07:00,NN,,14.25,14.279999732971191,14.25,14.279999732971191,4310.0
2026-08-05 11:07:00,NNBR,,3.809999942779541,3.815000057220459,3.805000066757202,3.805000066757202,7491.0
2026-08-05 11:07:00,NNDM,,1.5449999570846558,1.5449999570846558,1.5399999618530273,1.5399999618530273,717.0
2026-08-05 11:07:00,NNOX,,1.0103000402450562,1.0103000402450562,1.0049999952316284,1.0049999952316284,10167.0
2026-08-05 11:07:00,NRIX,,24.829999923706055,24.829999923706055,24.829999923706055,24.829999923706055,248.0
2026-08-05 11:07:00,NRSN,,0.5343999862670898,0.5343999862670898,0.5343999862670898,0.5343999862670898,600.0
2026-08-05 11:07:00,NRXP,,3.049999952316284,3.049999952316284,3.049999952316284,3.049999952316284,778.0
2026-08-05 11:07:00,NTAP,,190.1699981689453,190.1699981689453,189.8300018310547,190.10000610351562,5261.0
2026-08-05 11:07:00,NTCT,,41.98360061645508,41.9900016784668,41.97999954223633,41.97999954223633,590.0
2026-08-05 11:07:00,NTES,,128.2050018310547,128.2050018310547,128.17999267578125,128.17999267578125,675.0
2026-08-05 11:07:00,NTNX,,60.64500045776367,60.71500015258789,60.64500045776367,60.709999084472656,3873.0
2026-08-05 11:07:00,NUWE,,1.7402000427246094,1.7410000562667847,1.7401000261306763,1.7410000562667847,2998.0
2026-08-05 11:07:00,NVDA,,219.19500732421875,219.44900512695312,219.16000366210938,219.4199981689453,196432.0
2026-08-05 11:07:00,NVEC,,127.76000213623047,127.76000213623047,127.76000213623047,127.76000213623047,200.0
2026-08-05 11:07:00,NVTS,,12.489999771118164,12.5,12.460000038146973,12.489999771118164,20773.0
2026-08-05 11:07:00,NWBI,,15.970000267028809,15.970000267028809,15.954999923706055,15.960000038146973,4322.0
2026-08-05 11:07:00,NWE,,68.68000030517578,68.69000244140625,68.68000030517578,68.68000030517578,1127.0
2026-08-05 11:07:00,NWL,,6.175000190734863,6.175000190734863,6.170000076293945,6.170000076293945,8944.0
2026-08-05 11:07:00,NWS,,32.369998931884766,32.380001068115234,32.369998931884766,32.380001068115234,497.0
2026-08-05 11:07:00,NWSA,,28.299999237060547,28.299999237060547,28.299999237060547,28.299999237060547,1999.0
2026-08-05 11:07:00,NXPI,,230.90499877929688,230.90499877929688,230.5500030517578,230.5500030517578,3403.0
2026-08-05 11:07:00,NXT,,98.55999755859375,98.55999755859375,98.45999908447266,98.45999908447266,2208.0
2026-08-05 11:07:00,OABI,,2.065000057220459,2.065000057220459,2.059999942779541,2.059999942779541,349.0
2026-08-05 11:07:00,OCFC,,19.84000015258789,19.850000381469727,19.84000015258789,19.84000015258789,1410.0
2026-08-05 11:07:00,OCSL,,12.119999885559082,12.119999885559082,12.114999771118164,12.119999885559082,1033.0
2026-08-05 11:07:00,ODD,,15.140000343322754,15.140000343322754,15.140000343322754,15.140000343322754,135.0
2026-08-05 11:07:00,ODFL,,215.16000366210938,215.1699981689453,215.00999450683594,215.1699981689453,2675.0
2026-08-05 11:07:00,OESX,,15.619999885559082,15.819999694824219,15.619999885559082,15.819999694824219,1615.0
2026-08-05 11:07:00,OLLI,,78.8499984741211,78.8499984741211,78.8499984741211,78.8499984741211,945.0
2026-08-05 11:07:00,OLMA,,11.6899995803833,11.6899995803833,11.6899995803833,11.6899995803833,845.0
2026-08-05 11:07:00,OMCL,,37.27000045776367,37.27000045776367,37.27000045776367,37.27000045776367,249.0
2026-08-05 11:07:00,OMER,,12.859999656677246,12.859999656677246,12.859999656677246,12.859999656677246,147.0
2026-08-05 11:07:00,OMEX,,0.7434999942779541,0.7466999888420105,0.7434999942779541,0.7466999888420105,2676.0
2026-08-05 11:07:00,OMH,,0.11010000109672546,0.11010000109672546,0.11010000109672546,0.11010000109672546,628.0
2026-08-05 11:07:00,ON,,77.6050033569336,77.68000030517578,77.5250015258789,77.62000274658203,40064.0
2026-08-05 11:07:00,ONB,,27.139999389648438,27.149999618530273,27.1299991607666,27.1299991607666,9865.0
2026-08-05 11:07:00,ONBPO,,24.760000228881836,24.760000228881836,24.760000228881836,24.760000228881836,0.0
2026-08-05 11:07:00,ONCY,,0.784600019454956,0.784600019454956,0.784600019454956,0.784600019454956,203.0
2026-08-05 11:07:00,ONDS,,8.809900283813477,8.8100004196167,8.79010009765625,8.79990005493164,155283.0
2026-08-05 11:07:00,ONFO,,0.07400000095367432,0.07429999858140945,0.07249999791383743,0.07349999994039536,83412.0
2026-08-05 11:07:00,OPCH,,23.389999389648438,23.389999389648438,23.385000228881836,23.385000228881836,2123.0
2026-08-05 11:07:00,OPEN,,3.884999990463257,3.890000104904175,3.875,3.8801000118255615,81517.0
2026-08-05 11:07:00,OPK,,1.315000057220459,1.3250000476837158,1.315000057220459,1.3200000524520874,13691.0
2026-08-05 11:07:00,OPRT,,6.135499954223633,6.139999866485596,6.135000228881836,6.135000228881836,2962.0
2026-08-05 11:07:00,OPRX,,6.730000019073486,6.730000019073486,6.730000019073486,6.730000019073486,146.0
2026-08-05 11:07:00,ORIC,,13.359999656677246,13.369999885559082,13.359999656677246,13.359999656677246,3519.0
2026-08-05 11:07:00,ORLY,,93.2249984741211,93.26390075683594,93.2249984741211,93.23999786376953,4351.0
2026-08-05 11:07:00,ORRF,,43.54499816894531,43.54499816894531,43.54499816894531,43.54499816894531,419.0
2026-08-05 11:07:00,OSBC,,25.8700008392334,25.8700008392334,25.8700008392334,25.8700008392334,762.0
2026-08-05 11:07:00,OSPN,,16.610000610351562,16.68000030517578,16.59000015258789,16.68000030517578,1763.0
2026-08-05 11:07:00,OSS,,14.035499572753906,14.0600004196167,14.035499572753906,14.0600004196167,1860.0
2026-08-05 11:07:00,OSW,,26.684999465942383,26.684999465942383,26.684999465942383,26.684999465942383,318.0
2026-08-05 11:07:00,OTEX,,25.915000915527344,25.915000915527344,25.90999984741211,25.915000915527344,1601.0
2026-08-05 11:07:00,OTLK,,1.0184999704360962,1.0199999809265137,1.01010000705719,1.01010000705719,15922.0
2026-08-05 11:07:00,OTLY,,14.520000457763672,14.520000457763672,14.520000457763672,14.520000457763672,790.0
2026-08-05 11:07:00,OXLC,,9.098999977111816,9.098999977111816,9.098999977111816,9.098999977111816,656.0
2026-08-05 11:07:00,OXSQ,,1.4800000190734863,1.4800000190734863,1.4800000190734863,1.4800000190734863,1304.0
2026-08-05 11:07:00,PAA,,23.170000076293945,23.190000534057617,23.170000076293945,23.184999465942383,17181.0
2026-08-05 11:07:00,PAAS,,48.459999084472656,48.51499938964844,48.439998626708984,48.459999084472656,9929.0
2026-08-05 11:07:00,PACB,,1.4199999570846558,1.4299999475479126,1.4199999570846558,1.4205000400543213,34990.0
2026-08-05 11:07:00,PAHC,,36.29999923706055,36.29999923706055,36.29999923706055,36.29999923706055,1912.0
2026-08-05 11:07:00,PANL,,7.289999961853027,7.289999961853027,7.289700031280518,7.289700031280518,1324.0
2026-08-05 11:07:00,PANW,,364.70001220703125,364.7663879394531,364.2253112792969,364.2253112792969,10913.0
2026-08-05 11:07:00,PATK,,88.20999908447266,88.23999786376953,88.17500305175781,88.17500305175781,10739.0
2026-08-05 11:07:00,PAX,,11.449999809265137,11.449999809265137,11.449999809265137,11.449999809265137,105.0
2026-08-05 11:07:00,PAYO,,7.119999885559082,7.130000114440918,7.119999885559082,7.119999885559082,684.0
2026-08-05 11:07:00,PAYX,,117.19499969482422,117.23500061035156,117.19499969482422,117.2249984741211,2608.0
2026-08-05 11:07:00,PCAR,,133.74000549316406,133.75,133.6199951171875,133.6999969482422,14919.0
2026-08-05 11:07:00,PCRX,,24.954999923706055,25.049999237060547,24.950000762939453,25.049999237060547,5025.0
2026-08-05 11:07:00,PCT,,6.956399917602539,6.956399917602539,6.956399917602539,6.956399917602539,1320.0
2026-08-05 11:07:00,PCTY,,147.07000732421875,147.0749969482422,146.82000732421875,146.82000732421875,1198.0
2026-08-05 11:07:00,PDD,,91.69999694824219,91.75,91.69999694824219,91.73999786376953,5433.0
2026-08-05 11:07:00,PEGA,,31.59000015258789,31.594999313354492,31.59000015258789,31.594999313354492,1826.0
2026-08-05 11:07:00,PENN,,19.920000076293945,19.920000076293945,19.920000076293945,19.920000076293945,1481.0
2026-08-05 11:07:00,PEP,,138.2949981689453,138.31500244140625,138.25,138.27499389648438,8535.0
2026-08-05 11:07:00,PEPG,,1.9249999523162842,1.9249999523162842,1.9249999523162842,1.9249999523162842,941.0
2026-08-05 11:07:00,PERI,,9.5649995803833,9.5649995803833,9.5649995803833,9.5649995803833,114.0
2026-08-05 11:07:00,PESI,,17.809999465942383,17.809999465942383,17.809999465942383,17.809999465942383,202.0
2026-08-05 11:07:00,PFG,,114.08999633789062,114.30000305175781,114.02999877929688,114.30000305175781,5053.0
2026-08-05 11:07:00,PGC,,46.88999938964844,46.88999938964844,46.88999938964844,46.88999938964844,262.0
2026-08-05 11:07:00,PGEN,,6.954999923706055,6.965000152587891,6.940000057220459,6.945000171661377,18556.0
2026-08-05 11:07:00,PGY,,21.75,21.75,21.75,21.75,973.0
2026-08-05 11:07:00,PHAT,,8.510000228881836,8.529999732971191,8.510000228881836,8.510000228881836,1149.0
2026-08-05 11:07:00,PHVS,,33.209999084472656,33.22999954223633,33.20000076293945,33.20000076293945,671.0
2026-08-05 11:07:00,PLAB,,32.150001525878906,32.150001525878906,32.150001525878906,32.150001525878906,163.0
2026-08-05 11:07:00,PLMR,,134.8300018310547,134.8300018310547,134.8300018310547,134.8300018310547,540.0
2026-08-05 11:07:00,PLPC,,462.70001220703125,462.70001220703125,462.70001220703125,462.70001220703125,247.0
2026-08-05 11:07:00,PLUG,,2.1077001094818115,2.1098999977111816,2.0999999046325684,2.1098999977111816,14053.0
2026-08-05 11:07:00,PLXS,,274.2099914550781,275.1549987792969,273.82000732421875,275.1549987792969,19069.0
2026-08-05 11:07:00,PMCB,,0.590499997138977,0.590499997138977,0.590499997138977,0.590499997138977,298.0
2026-08-05 11:07:00,PNBK,,1.1399999856948853,1.1399999856948853,1.125,1.125,16583.0
2026-08-05 11:07:00,PNFP,,108.25,108.25,108.25,108.25,309.0
2026-08-05 11:07:00,PNRG,,183.32000732421875,183.32000732421875,183.32000732421875,183.32000732421875,1957.0
2026-08-05 11:07:00,PNTG,,38.720001220703125,38.720001220703125,38.67499923706055,38.720001220703125,2118.0
2026-08-05 11:07:00,POET,,8.279999732971191,8.279999732971191,8.25,8.260000228881836,9816.0
2026-08-05 11:07:00,POOL,,204.625,204.625,204.625,204.625,1952.0
2026-08-05 11:07:00,POWI,,62.05500030517578,62.05500030517578,62.05500030517578,62.05500030517578,599.0
2026-08-05 11:07:00,POWL,,210.69000244140625,211.08999633789062,210.66000366210938,210.66000366210938,1073.0
2026-08-05 11:07:00,PPC,,26.780000686645508,26.790000915527344,26.780000686645508,26.790000915527344,1115.0
2026-08-05 11:07:00,PPSI,,3.009999990463257,3.009999990463257,2.940000057220459,2.940000057220459,537.0
2026-08-05 11:07:00,PPTA,,22.760000228881836,22.799999237060547,22.739999771118164,22.739999771118164,5175.0
2026-08-05 11:07:00,PRAA,,17.459999084472656,17.469999313354492,17.420000076293945,17.459999084472656,1570.0
2026-08-05 11:07:00,PRAX,,311.7799987792969,311.7799987792969,311.7799987792969,311.7799987792969,386.0
2026-08-05 11:07:00,PRCH,,16.040000915527344,16.040000915527344,16.030000686645508,16.030000686645508,3733.0
2026-08-05 11:07:00,PRCT,,19.344999313354492,19.354999542236328,19.190000534057617,19.2450008392334,13002.0
2026-08-05 11:07:00,PRGS,,41.834999084472656,41.834999084472656,41.834999084472656,41.834999084472656,353.0
2026-08-05 11:07:00,PRIM,,85.68000030517578,85.79000091552734,85.63500213623047,85.78500366210938,4989.0
2026-08-05 11:07:00,PRME,,2.98799991607666,2.9881999492645264,2.981100082397461,2.984999895095825,6280.0
2026-08-05 11:07:00,PRQR,,1.9049999713897705,1.9049999713897705,1.9049999713897705,1.9049999713897705,1457.0
2026-08-05 11:07:00,PRSO,,0.692799985408783,0.692799985408783,0.692799985408783,0.692799985408783,284.0
2026-08-05 11:07:00,PRTA,,8.59000015258789,8.59000015258789,8.59000015258789,8.59000015258789,700.0
2026-08-05 11:07:00,PRVA,,24.06999969482422,24.06999969482422,24.059999465942383,24.06999969482422,5512.0
2026-08-05 11:07:00,PRZO,,0.5533999800682068,0.5533999800682068,0.5533999800682068,0.5533999800682068,300.0
2026-08-05 11:07:00,PSEC,,2.194999933242798,2.200000047683716,2.194999933242798,2.200000047683716,915.0
2026-08-05 11:07:00,PSNL,,13.649999618530273,13.649999618530273,13.649999618530273,13.649999618530273,308.0
2026-08-05 11:07:00,PTC,,140.7324981689453,140.7324981689453,140.7324981689453,140.7324981689453,232.0
2026-08-05 11:07:00,PTCT,,69.6050033569336,69.6050033569336,69.6050033569336,69.6050033569336,472.0
2026-08-05 11:07:00,PTEN,,9.764599800109863,9.779999732971191,9.764599800109863,9.770000457763672,36620.0
2026-08-05 11:07:00,PTON,,6.534999847412109,6.534999847412109,6.534999847412109,6.534999847412109,3043.0
2026-08-05 11:07:00,PUBM,,13.59000015258789,13.59000015258789,13.59000015258789,13.59000015258789,852.0
2026-08-05 11:07:00,PWP,,17.524999618530273,17.530000686645508,17.524999618530273,17.530000686645508,1246.0
2026-08-05 11:07:00,PYPL,,58.5,58.51499938964844,58.4900016784668,58.5,5782.0
2026-08-05 11:07:00,PYXS,,3.2100000381469727,3.2200000286102295,3.2018001079559326,3.2018001079559326,4099.0
2026-08-05 11:07:00,PZZA,,30.6200008392334,30.6200008392334,30.6200008392334,30.6200008392334,1382.0
2026-08-05 11:07:00,QCOM,,158.61000061035156,158.69000244140625,158.44000244140625,158.53500366210938,9155.0
2026-08-05 11:07:00,QFIN,,13.375,13.399999618530273,13.375,13.399999618530273,1753.0
2026-08-05 11:07:00,QRVO,,94.33999633789062,94.33999633789062,94.33999633789062,94.33999633789062,240.0
2026-08-05 11:07:00,SEED,,0.9800000190734863,0.9800000190734863,0.9800000190734863,0.9800000190734863,1985.0
2026-08-05 11:07:00,STIM,,2.2750000953674316,2.2850000858306885,2.2750000953674316,2.2850000858306885,8243.0
2026-08-05 11:08:00,ACDC,,4.335000038146973,4.340000152587891,4.335000038146973,4.340000152587891,5605.0
2026-08-05 11:08:00,CASH,,89.51000213623047,89.51000213623047,89.51000213623047,89.51000213623047,906.0
2026-08-05 11:08:00,CNXN,,84.13999938964844,84.4000015258789,84.13999938964844,84.4000015258789,1803.0
2026-08-05 11:08:00,DTIL,,7.5,7.5,7.5,7.5,2351.0
2026-08-05 11:08:00,EYE,,23.209999084472656,23.229999542236328,23.209999084472656,23.229999542236328,2882.0
2026-08-05 11:08:00,GLUE,,15.949999809265137,15.960000038146973,15.944999694824219,15.954999923706055,3107.0
2026-08-05 11:08:00,LUNG,,1.899999976158142,1.899999976158142,1.8899999856948853,1.8899999856948853,2858.0
2026-08-05 11:08:00,MBRX,,0.412200003862381,0.4122999906539917,0.412200003862381,0.412200003862381,3600.0
2026-08-05 11:08:00,MDLZ,,61.98400115966797,62.0,61.959999084472656,61.970001220703125,10208.0
2026-08-05 11:08:00,MLTX,,17.68000030517578,17.68000030517578,17.68000030517578,17.68000030517578,1700.0
2026-08-05 11:08:00,MNST,,94.69999694824219,94.72000122070312,94.69999694824219,94.72000122070312,5086.0
2026-08-05 11:08:00,MNTK,,1.690000057220459,1.690000057220459,1.690000057220459,1.690000057220459,2637.0
2026-08-05 11:08:00,MNTS,,4.360000133514404,4.360000133514404,4.340000152587891,4.340000152587891,292.0
2026-08-05 11:08:00,MPWR,,1326.2950439453125,1326.2950439453125,1326.1949462890625,1326.1949462890625,373.0
2026-08-05 11:08:00,MRNA,,57.79999923706055,57.79999923706055,57.77000045776367,57.790000915527344,3906.0
2026-08-05 11:08:00,MYGN,,3.244999885559082,3.244999885559082,3.240000009536743,3.240000009536743,7761.0
2026-08-05 11:08:00,NB,,5.065000057220459,5.065000057220459,5.054999828338623,5.059999942779541,3661.0
2026-08-05 11:08:00,NBIX,,164.2899932861328,164.5,164.2899932861328,164.42999267578125,3891.0
2026-08-05 11:08:00,NBTB,,53.599998474121094,53.599998474121094,53.59000015258789,53.59000015258789,1487.0
2026-08-05 11:08:00,NDAQ,,94.98999786376953,94.98999786376953,94.97000122070312,94.97000122070312,1128.0
2026-08-05 11:08:00,NDSN,,311.57000732421875,311.57000732421875,311.0299987792969,311.0299987792969,308.0
2026-08-05 11:08:00,NEGG,,16.915000915527344,16.915000915527344,16.915000915527344,16.915000915527344,245.0
2026-08-05 11:08:00,NEO,,16.200000762939453,16.200000762939453,16.200000762939453,16.200000762939453,2826.0
2026-08-05 11:08:00,NEOG,,11.579999923706055,11.579999923706055,11.579999923706055,11.579999923706055,2265.0
2026-08-05 11:08:00,NEOV,,2.9000000953674316,2.9000000953674316,2.8949999809265137,2.8949999809265137,1757.0
2026-08-05 11:08:00,NESR,,28.639999389648438,28.639999389648438,28.639999389648438,28.639999389648438,1081.0
2026-08-05 11:08:00,NEXT,,6.40500020980835,6.420000076293945,6.400000095367432,6.409999847412109,56008.0
2026-08-05 11:08:00,NFLX,,74.07499694824219,74.11499786376953,74.02999877929688,74.03500366210938,111141.0
2026-08-05 11:08:00,NGNE,,35.25,35.25,35.25,35.25,389.0
2026-08-05 11:08:00,NICE,,95.7699966430664,95.7699966430664,95.7699966430664,95.7699966430664,982.0
2026-08-05 11:08:00,NIU,,2.505000114440918,2.505000114440918,2.505000114440918,2.505000114440918,300.0
2026-08-05 11:08:00,NKTR,,73.41999816894531,73.43000030517578,73.4000015258789,73.43000030517578,814.0
2026-08-05 11:08:00,NMRK,,15.760000228881836,15.760000228881836,15.760000228881836,15.760000228881836,1429.0
2026-08-05 11:08:00,NN,,14.260000228881836,14.279999732971191,14.244999885559082,14.270000457763672,4190.0
2026-08-05 11:08:00,NNBR,,3.809999942779541,3.809999942779541,3.805000066757202,3.809999942779541,8336.0
2026-08-05 11:08:00,NNDM,,1.5449999570846558,1.5449999570846558,1.5399999618530273,1.5399999618530273,1122.0
2026-08-05 11:08:00,NNOX,,1.0199999809265137,1.0199999809265137,1.0149999856948853,1.0149999856948853,5314.0
2026-08-05 11:08:00,NRDS,,9.199999809265137,9.199999809265137,9.199999809265137,9.199999809265137,236.0
2026-08-05 11:08:00,NRIX,,24.860000610351562,24.860000610351562,24.799999237060547,24.799999237060547,580.0
2026-08-05 11:08:00,NRXP,,3.065000057220459,3.065000057220459,3.0599000453948975,3.0599000453948975,4420.0
2026-08-05 11:08:00,NSSC,,40.2400016784668,40.2400016784668,40.2400016784668,40.2400016784668,238.0
2026-08-05 11:08:00,NTAP,,189.9199981689453,190.08999633789062,189.91000366210938,190.08999633789062,2598.0
2026-08-05 11:08:00,NTCT,,41.9900016784668,41.9900016784668,41.9900016784668,41.9900016784668,1128.0
2026-08-05 11:08:00,NTNX,,60.64500045776367,60.64500045776367,60.57500076293945,60.64500045776367,6668.0
2026-08-05 11:08:00,NTRA,,277.5899963378906,277.5899963378906,277.54998779296875,277.54998779296875,870.0
2026-08-05 11:08:00,NTRS,,184.67999267578125,184.67999267578125,184.67999267578125,184.67999267578125,531.0
2026-08-05 11:08:00,NUTX,,157.8621063232422,157.8621063232422,157.8621063232422,157.8621063232422,1443.0
2026-08-05 11:08:00,NVAX,,7.699999809265137,7.704999923706055,7.695000171661377,7.699999809265137,10693.0
2026-08-05 11:08:00,NVCR,,16.190000534057617,16.190000534057617,16.190000534057617,16.190000534057617,345.0
2026-08-05 11:08:00,NVCT,,19.954999923706055,19.954999923706055,19.954999923706055,19.954999923706055,654.0
2026-08-05 11:08:00,NVDA,,219.14999389648438,219.27999877929688,218.9600067138672,219.17999267578125,196962.0
2026-08-05 11:08:00,NVEC,,128.1999969482422,128.1999969482422,128.1999969482422,128.1999969482422,914.0
2026-08-05 11:08:00,NVMI,,408.1300048828125,408.1300048828125,408.1300048828125,408.1300048828125,151.0
2026-08-05 11:08:00,NVTS,,12.475000381469727,12.494999885559082,12.460000038146973,12.494999885559082,13547.0
2026-08-05 11:08:00,NWL,,6.170000076293945,6.179999828338623,6.170000076293945,6.170000076293945,8010.0
2026-08-05 11:08:00,NWS,,32.34000015258789,32.369998931884766,32.34000015258789,32.369998931884766,4817.0
2026-08-05 11:08:00,NWSA,,28.25,28.274999618530273,28.25,28.274999618530273,8154.0
2026-08-05 11:08:00,NXPI,,231.05499267578125,231.13499450683594,230.9499969482422,231.08999633789062,3953.0
2026-08-05 11:08:00,NXT,,98.37999725341797,98.58000183105469,98.36499786376953,98.55999755859375,8115.0
2026-08-05 11:08:00,OCFC,,19.834999084472656,19.834999084472656,19.834999084472656,19.834999084472656,583.0
2026-08-05 11:08:00,OCGN,,1.315000057220459,1.315000057220459,1.309999942779541,1.309999942779541,1130.0
2026-08-05 11:08:00,OCSL,,12.109999656677246,12.114999771118164,12.109999656677246,12.114999771118164,2209.0
2026-08-05 11:08:00,OCUL,,8.649999618530273,8.649999618530273,8.649999618530273,8.649999618530273,546.0
2026-08-05 11:08:00,ODD,,15.15999984741211,15.15999984741211,15.15999984741211,15.15999984741211,476.0
2026-08-05 11:08:00,OFIX,,10.854999542236328,10.854999542236328,10.854999542236328,10.854999542236328,105.0
2026-08-05 11:08:00,OKTA,,148.25,148.25,148.1300048828125,148.1300048828125,2044.0
2026-08-05 11:08:00,OLLI,,78.5863037109375,78.8499984741211,78.5863037109375,78.8499984741211,2392.0
2026-08-05 11:08:00,OLMA,,11.6899995803833,11.6899995803833,11.6899995803833,11.6899995803833,1331.0
2026-08-05 11:08:00,OM,,4.965000152587891,4.96999979019165,4.960000038146973,4.960000038146973,2712.0
2026-08-05 11:08:00,OMCL,,37.27000045776367,37.27000045776367,37.27000045776367,37.27000045776367,360.0
2026-08-05 11:08:00,OMER,,12.859999656677246,12.859999656677246,12.859999656677246,12.859999656677246,673.0
2026-08-05 11:08:00,OMH,,0.11060000211000443,0.11060000211000443,0.11020000278949738,0.11020000278949738,15633.0
2026-08-05 11:08:00,ON,,77.45999908447266,77.5999984741211,77.45999908447266,77.5999984741211,17645.0
2026-08-05 11:08:00,ONB,,27.145000457763672,27.145000457763672,27.135000228881836,27.135000228881836,5074.0
2026-08-05 11:08:00,ONCY,,0.7926999926567078,0.7926999926567078,0.784600019454956,0.7849000096321106,11134.0
2026-08-05 11:08:00,ONDS,,8.805000305175781,8.8100004196167,8.789999961853027,8.805000305175781,129355.0
2026-08-05 11:08:00,ONFO,,0.07400000095367432,0.07419999688863754,0.0738999992609024,0.07419999688863754,27588.0
2026-08-05 11:08:00,OPCH,,23.3700008392334,23.40999984741211,23.3700008392334,23.399999618530273,15012.0
2026-08-05 11:08:00,OPEN,,3.884999990463257,3.890000104904175,3.880000114440918,3.884999990463257,51138.0
2026-08-05 11:08:00,OPHC,,8.539999961853027,8.614999771118164,8.529999732971191,8.614999771118164,8296.0
2026-08-05 11:08:00,OPRA,,20.104999542236328,20.149999618530273,20.09000015258789,20.149999618530273,2823.0
2026-08-05 11:08:00,OPRX,,6.735000133514404,6.735000133514404,6.735000133514404,6.735000133514404,102.0
2026-08-05 11:08:00,ORGO,,2.4000000953674316,2.4000000953674316,2.3949999809265137,2.3949999809265137,1313.0
2026-08-05 11:08:00,ORIC,,13.359999656677246,13.359999656677246,13.359999656677246,13.359999656677246,765.0
2026-08-05 11:08:00,ORLY,,93.22000122070312,93.2699966430664,93.22000122070312,93.25,12614.0
2026-08-05 11:08:00,OSIS,,235.2050018310547,235.2050018310547,235.2050018310547,235.2050018310547,110.0
2026-08-05 11:08:00,OSPN,,16.594999313354492,16.594999313354492,16.594999313354492,16.594999313354492,274.0
2026-08-05 11:08:00,OSS,,14.05150032043457,14.0649995803833,14.039999961853027,14.0600004196167,1539.0
2026-08-05 11:08:00,OSUR,,4.175000190734863,4.175000190734863,4.175000190734863,4.175000190734863,771.0
2026-08-05 11:08:00,OSW,,26.65999984741211,26.65999984741211,26.65999984741211,26.65999984741211,2235.0
2026-08-05 11:08:00,OTEX,,25.899999618530273,25.899999618530273,25.885000228881836,25.899999618530273,2816.0
2026-08-05 11:08:00,OTLK,,1.0149999856948853,1.0199999809265137,1.0149999856948853,1.0199999809265137,4707.0
2026-08-05 11:08:00,OVID,,2.625,2.625,2.625,2.625,1496.0
2026-08-05 11:08:00,OXLC,,9.09000015258789,9.098199844360352,9.09000015258789,9.098199844360352,2232.0
2026-08-05 11:08:00,OXSQ,,1.4800000190734863,1.4800000190734863,1.4800000190734863,1.4800000190734863,400.0
2026-08-05 11:08:00,PAA,,23.149999618530273,23.15999984741211,23.149999618530273,23.15999984741211,1122.0
2026-08-05 11:08:00,PAAS,,48.470001220703125,48.470001220703125,48.400001525878906,48.43000030517578,10766.0
2026-08-05 11:08:00,PACB,,1.4249999523162842,1.4249999523162842,1.4249999523162842,1.4249999523162842,1457.0
2026-08-05 11:08:00,PAGP,,25.100000381469727,25.100000381469727,25.100000381469727,25.100000381469727,581.0
2026-08-05 11:08:00,PALI,,2.0950000286102295,2.0999999046325684,2.0950000286102295,2.0999999046325684,2637.0
2026-08-05 11:08:00,PANW,,365.1899108886719,365.5899963378906,364.2799987792969,364.2900085449219,5308.0
2026-08-05 11:08:00,PATK,,88.16000366210938,88.22250366210938,88.16000366210938,88.20999908447266,2995.0
2026-08-05 11:08:00,PAX,,11.444999694824219,11.444999694824219,11.444999694824219,11.444999694824219,979.0
2026-08-05 11:08:00,PAYO,,7.125,7.130000114440918,7.125,7.130000114440918,1093.0
2026-08-05 11:08:00,PAYX,,117.19000244140625,117.19000244140625,117.13999938964844,117.19000244140625,1418.0
2026-08-05 11:08:00,PCAR,,133.63999938964844,133.77999877929688,133.63999938964844,133.77999877929688,2782.0
2026-08-05 11:08:00,PCT,,6.949999809265137,6.954999923706055,6.949999809265137,6.954999923706055,1981.0
2026-08-05 11:08:00,PCTY,,146.99000549316406,146.99000549316406,146.5,146.5,539.0
2026-08-05 11:08:00,PDD,,91.66000366210938,91.68000030517578,91.61000061035156,91.68000030517578,8893.0
2026-08-05 11:08:00,PEGA,,31.559999465942383,31.559999465942383,31.520000457763672,31.520000457763672,1926.0
2026-08-05 11:08:00,PENN,,19.93000030517578,19.93000030517578,19.920000076293945,19.920000076293945,1693.0
2026-08-05 11:08:00,PEP,,138.30999755859375,138.33999633789062,138.3000030517578,138.3076934814453,8807.0
2026-08-05 11:08:00,PERI,,9.550000190734863,9.550000190734863,9.550000190734863,9.550000190734863,1149.0
2026-08-05 11:08:00,PFG,,114.1500015258789,114.27999877929688,114.1500015258789,114.2300033569336,4456.0
2026-08-05 11:08:00,PGEN,,7.025000095367432,7.065000057220459,6.949999809265137,6.954999923706055,72958.0
2026-08-05 11:08:00,PGY,,21.75,21.75,21.719999313354492,21.729999542236328,2340.0
2026-08-05 11:08:00,PHAT,,8.524999618530273,8.539999961853027,8.524999618530273,8.539999961853027,527.0
2026-08-05 11:08:00,PHVS,,33.30500030517578,33.31999969482422,33.30500030517578,33.31999969482422,1075.0
2026-08-05 11:08:00,PKOH,,41.3849983215332,41.3849983215332,41.3849983215332,41.3849983215332,1616.0
2026-08-05 11:08:00,PLAB,,32.130001068115234,32.130001068115234,32.130001068115234,32.130001068115234,417.0
2026-08-05 11:08:00,PLTK,,4.025000095367432,4.025000095367432,4.025000095367432,4.025000095367432,1945.0
2026-08-05 11:08:00,PLUG,,2.1026999950408936,2.109999895095825,2.1001999378204346,2.1050000190734863,11890.0
2026-08-05 11:08:00,PLXS,,273.8999938964844,274.0,273.79998779296875,274.0,3334.0
2026-08-05 11:08:00,PNFP,,108.23500061035156,108.25,108.23500061035156,108.25,635.0
2026-08-05 11:08:00,PNTG,,38.709999084472656,38.709999084472656,38.709999084472656,38.709999084472656,499.0
2026-08-05 11:08:00,POET,,8.270000457763672,8.279899597167969,8.265000343322754,8.274999618530273,10331.0
2026-08-05 11:08:00,POWI,,62.05500030517578,62.05500030517578,62.05500030517578,62.05500030517578,270.0
2026-08-05 11:08:00,POWL,,210.6999969482422,210.6999969482422,210.6999969482422,210.6999969482422,135.0
2026-08-05 11:08:00,PPTA,,22.799999237060547,22.799999237060547,22.760000228881836,22.7731990814209,12823.0
2026-08-05 11:08:00,PRAA,,17.40999984741211,17.40999984741211,17.389999389648438,17.40999984741211,4273.0
2026-08-05 11:08:00,PRIM,,85.73999786376953,85.73999786376953,85.68000030517578,85.68000030517578,2089.0
2026-08-05 11:08:00,PRME,,2.990000009536743,2.990000009536743,2.990000009536743,2.990000009536743,894.0
2026-08-05 11:08:00,PRSO,,0.692799985408783,0.6929000020027161,0.692799985408783,0.6929000020027161,8041.0
2026-08-05 11:08:00,PRZO,,0.5583999752998352,0.5583999752998352,0.5533999800682068,0.5533999800682068,215.0
2026-08-05 11:08:00,PSEC,,2.194999933242798,2.194999933242798,2.190000057220459,2.194999933242798,4250.0
2026-08-05 11:08:00,PSMT,,193.85499572753906,193.85499572753906,193.85499572753906,193.85499572753906,731.0
2026-08-05 11:08:00,PTC,,140.68499755859375,140.73500061035156,140.68499755859375,140.73500061035156,959.0
2026-08-05 11:08:00,PTCT,,69.66999816894531,69.66999816894531,69.66999816894531,69.66999816894531,847.0
2026-08-05 11:08:00,PTEN,,9.760000228881836,9.770000457763672,9.760000228881836,9.765000343322754,7173.0
2026-08-05 11:08:00,PTLO,,4.59499979019165,4.59499979019165,4.59499979019165,4.59499979019165,203.0
2026-08-05 11:08:00,PTON,,6.525000095367432,6.53000020980835,6.519999980926514,6.53000020980835,8870.0
2026-08-05 11:08:00,PWP,,17.5,17.524999618530273,17.5,17.524999618530273,1879.0
2026-08-05 11:08:00,PYPD,,4.445000171661377,4.474999904632568,4.445000171661377,4.474999904632568,200.0
2026-08-05 11:08:00,PYPL,,58.4900016784668,58.505001068115234,58.4900016784668,58.5,4587.0
2026-08-05 11:08:00,PYXS,,3.2065000534057617,3.2065000534057617,3.2018001079559326,3.2018001079559326,2249.0
2026-08-05 11:08:00,QCOM,,158.36000061035156,158.67999267578125,158.33999633789062,158.61000061035156,29885.0
2026-08-05 11:08:00,QFIN,,13.380000114440918,13.380000114440918,13.380000114440918,13.380000114440918,115.0
2026-08-05 11:08:00,QRVO,,94.31999969482422,94.33999633789062,94.31999969482422,94.31999969482422,426.0
2026-08-05 11:08:00,SEED,,0.9745000004768372,0.9789000153541565,0.9728999733924866,0.9789000153541565,2912.0
2026-08-05 11:08:00,STIM,,2.2750000953674316,2.2799999713897705,2.2699999809265137,2.2799999713897705,4589.0
2026-08-05 11:08:00,WOOF,,2.950000047683716,2.950000047683716,2.950000047683716,2.950000047683716,222.0
2026-08-05 11:09:00,ACDC,,4.34499979019165,4.349999904632568,4.335000038146973,4.335000038146973,14109.0
2026-08-05 11:09:00,BPOP,,177.9199981689453,177.9199981689453,177.9199981689453,177.9199981689453,242.0
2026-08-05 11:09:00,CNXN,,84.23999786376953,84.23999786376953,84.23999786376953,84.23999786376953,592.0
2026-08-05 11:09:00,CPOP,,0.3610000014305115,0.3610000014305115,0.3610000014305115,0.3610000014305115,2719.0
2026-08-05 11:09:00,DTIL,,7.519999980926514,7.519999980926514,7.519999980926514,7.519999980926514,846.0
2026-08-05 11:09:00,EYE,,23.209999084472656,23.219999313354492,23.209999084472656,23.219999313354492,686.0
2026-08-05 11:09:00,MBRX,,0.41190001368522644,0.412200003862381,0.4059000015258789,0.412200003862381,3766.0
2026-08-05 11:09:00,MDB,,378.7900085449219,379.1698913574219,377.5799865722656,378.0,2190.0
2026-08-05 11:09:00,MDLZ,,61.93000030517578,61.98500061035156,61.93000030517578,61.98500061035156,21216.0
2026-08-05 11:09:00,MNST,,94.65499877929688,94.69999694824219,94.6449966430664,94.69000244140625,5771.0
2026-08-05 11:09:00,MNTS,,4.360000133514404,4.360000133514404,4.3317999839782715,4.3317999839782715,562.0
2026-08-05 11:09:00,MOVE,,11.899999618530273,11.899999618530273,11.710100173950195,11.710100173950195,2046.0
2026-08-05 11:09:00,MPWR,,1327.3599853515625,1329.199951171875,1326.60498046875,1326.739990234375,1709.0
2026-08-05 11:09:00,MRNA,,57.779998779296875,57.869998931884766,57.779998779296875,57.83000183105469,9909.0
2026-08-05 11:09:00,MYGN,,3.244999885559082,3.244999885559082,3.2411000728607178,3.2411000728607178,1443.0
2026-08-05 11:09:00,MYRG,,340.67999267578125,340.67999267578125,340.67999267578125,340.67999267578125,204.0
2026-08-05 11:09:00,NB,,5.065000057220459,5.069799900054932,5.065000057220459,5.069799900054932,2401.0
2026-08-05 11:09:00,NBIX,,164.39010620117188,164.39999389648438,164.38999938964844,164.38999938964844,1830.0
2026-08-05 11:09:00,NDAQ,,94.91999816894531,94.94999694824219,94.90499877929688,94.94999694824219,2301.0
2026-08-05 11:09:00,NDSN,,311.260009765625,311.260009765625,311.260009765625,311.260009765625,105.0
2026-08-05 11:09:00,NEGG,,16.979999542236328,16.979999542236328,16.979999542236328,16.979999542236328,190.0
2026-08-05 11:09:00,NEO,,16.204999923706055,16.204999923706055,16.204999923706055,16.204999923706055,707.0
2026-08-05 11:09:00,NEOG,,11.574999809265137,11.579999923706055,11.5649995803833,11.579999923706055,5945.0
2026-08-05 11:09:00,NEOV,,2.8949999809265137,2.8949999809265137,2.8910000324249268,2.8910000324249268,1278.0
2026-08-05 11:09:00,NESR,,28.655000686645508,28.65999984741211,28.649999618530273,28.649999618530273,1059.0
2026-08-05 11:09:00,NEXT,,6.389999866485596,6.409999847412109,6.389999866485596,6.40500020980835,7891.0
2026-08-05 11:09:00,NFLX,,74.04000091552734,74.0999984741211,74.0199966430664,74.08000183105469,42232.0
2026-08-05 11:09:00,NICE,,95.6500015258789,95.77999877929688,95.6500015258789,95.7699966430664,4185.0
2026-08-05 11:09:00,NMFC,,7.304999828338623,7.309999942779541,7.304999828338623,7.309999942779541,878.0
2026-08-05 11:09:00,NMIH,,44.40999984741211,44.40999984741211,44.40999984741211,44.40999984741211,521.0
2026-08-05 11:09:00,NN,,14.25,14.255000114440918,14.25,14.255000114440918,2612.0
2026-08-05 11:09:00,NNBR,,3.809999942779541,3.815000057220459,3.809999942779541,3.815000057220459,609.0
2026-08-05 11:09:00,NNDM,,1.5399999618530273,1.5449999570846558,1.5399999618530273,1.5449999570846558,502.0
2026-08-05 11:09:00,NNOX,,1.01010000705719,1.01010000705719,1.01010000705719,1.01010000705719,1000.0
2026-08-05 11:09:00,NOVT,,158.38999938964844,158.38999938964844,158.38999938964844,158.38999938964844,639.0
2026-08-05 11:09:00,NRDS,,9.199999809265137,9.199999809265137,9.199999809265137,9.199999809265137,436.0
2026-08-05 11:09:00,NRIX,,24.860000610351562,24.860000610351562,24.860000610351562,24.860000610351562,599.0
2026-08-05 11:09:00,NRXP,,3.069999933242798,3.069999933242798,3.065000057220459,3.065000057220459,851.0
2026-08-05 11:09:00,NSSC,,40.18000030517578,40.18000030517578,40.18000030517578,40.18000030517578,339.0
2026-08-05 11:09:00,NTAP,,190.10000610351562,190.22000122070312,189.9499969482422,189.9499969482422,4447.0
2026-08-05 11:09:00,NTCT,,41.994998931884766,41.994998931884766,41.994998931884766,41.994998931884766,351.0
2026-08-05 11:09:00,NTES,,128.1699981689453,128.19500732421875,128.1699981689453,128.19500732421875,1250.0
2026-08-05 11:09:00,NTGR,,24.184999465942383,24.184999465942383,24.18000030517578,24.18000030517578,1099.0
2026-08-05 11:09:00,NTNX,,60.689998626708984,60.7400016784668,60.65999984741211,60.65999984741211,7849.0
2026-08-05 11:09:00,NTRS,,184.92999267578125,184.92999267578125,184.8000030517578,184.8000030517578,957.0
2026-08-05 11:09:00,NUWE,,1.7200000286102295,1.7400000095367432,1.7200000286102295,1.7400000095367432,2584.0
2026-08-05 11:09:00,NVAX,,7.704999923706055,7.704999923706055,7.699999809265137,7.699999809265137,2483.0
2026-08-05 11:09:00,NVCR,,16.139999389648438,16.170000076293945,16.139999389648438,16.170000076293945,1662.0
2026-08-05 11:09:00,NVDA,,219.33990478515625,219.49000549316406,219.13999938964844,219.16000366210938,231543.0
2026-08-05 11:09:00,NVMI,,409.94000244140625,410.2049865722656,408.5400085449219,408.5400085449219,785.0
2026-08-05 11:09:00,NVTS,,12.484999656677246,12.5,12.46500015258789,12.470000267028809,10402.0
2026-08-05 11:09:00,NWBI,,15.96500015258789,15.96500015258789,15.960000038146973,15.960000038146973,502.0
2026-08-05 11:09:00,NWL,,6.179999828338623,6.195000171661377,6.170000076293945,6.175000190734863,35923.0
2026-08-05 11:09:00,NWS,,32.31999969482422,32.32500076293945,32.31999969482422,32.31999969482422,1158.0
2026-08-05 11:09:00,NWSA,,28.235000610351562,28.2450008392334,28.235000610351562,28.2450008392334,2411.0
2026-08-05 11:09:00,NXPI,,231.27999877929688,231.33999633789062,231.06500244140625,231.06500244140625,7249.0
2026-08-05 11:09:00,NXT,,98.49500274658203,98.55500030517578,98.49500274658203,98.55500030517578,1531.0
2026-08-05 11:09:00,NXTC,,5.180099964141846,5.180099964141846,5.180099964141846,5.180099964141846,171.0
2026-08-05 11:09:00,NYXH,,1.4299999475479126,1.4299999475479126,1.4299999475479126,1.4299999475479126,1161.0
2026-08-05 11:09:00,OCGN,,1.309999942779541,1.315000057220459,1.309999942779541,1.315000057220459,1737.0
2026-08-05 11:09:00,OCSL,,12.109999656677246,12.119999885559082,12.109999656677246,12.109999656677246,950.0
2026-08-05 11:09:00,OCUL,,8.654999732971191,8.654999732971191,8.649999618530273,8.649999618530273,4117.0
2026-08-05 11:09:00,ODD,,15.20989990234375,15.20989990234375,15.20989990234375,15.20989990234375,576.0
2026-08-05 11:09:00,ODFL,,215.16000366210938,215.2100067138672,215.14999389648438,215.16000366210938,2648.0
2026-08-05 11:09:00,OESX,,15.817399978637695,15.817399978637695,15.817399978637695,15.817399978637695,159.0
2026-08-05 11:09:00,OFIX,,10.8149995803833,10.854999542236328,10.8149995803833,10.854999542236328,1615.0
2026-08-05 11:09:00,OGI,,0.9621000289916992,0.9621000289916992,0.9621000289916992,0.9621000289916992,201.0
2026-08-05 11:09:00,OKTA,,148.31500244140625,148.42999267578125,148.31500244140625,148.36000061035156,3197.0
2026-08-05 11:09:00,OKYO,,1.649999976158142,1.649999976158142,1.649999976158142,1.649999976158142,5991.0
2026-08-05 11:09:00,OLLI,,78.58999633789062,78.69000244140625,78.58999633789062,78.69000244140625,3119.0
2026-08-05 11:09:00,OMCL,,37.255001068115234,37.2599983215332,37.2400016784668,37.2400016784668,1308.0
2026-08-05 11:09:00,OMER,,12.869999885559082,12.880000114440918,12.869999885559082,12.880000114440918,1709.0
2026-08-05 11:09:00,OMEX,,0.7491999864578247,0.7491999864578247,0.7491999864578247,0.7491999864578247,4472.0
2026-08-05 11:09:00,OMH,,0.11100000143051147,0.11100000143051147,0.11100000143051147,0.11100000143051147,53751.0
2026-08-05 11:09:00,ON,,77.62999725341797,77.70999908447266,77.45500183105469,77.45500183105469,30347.0
2026-08-05 11:09:00,ONB,,27.15999984741211,27.15999984741211,27.149999618530273,27.149999618530273,3715.0
2026-08-05 11:09:00,ONBPP,,24.730100631713867,24.730100631713867,24.730100631713867,24.730100631713867,1393.0
2026-08-05 11:09:00,ONCY,,0.7853000164031982,0.7853000164031982,0.7853000164031982,0.7853000164031982,187.0
2026-08-05 11:09:00,ONDS,,8.82129955291748,8.835100173950195,8.800000190734863,8.800000190734863,139392.0
2026-08-05 11:09:00,ONFO,,0.07400000095367432,0.07410000264644623,0.0737999975681305,0.07400000095367432,107730.0
2026-08-05 11:09:00,OPCH,,23.34000015258789,23.34000015258789,23.34000015258789,23.34000015258789,1461.0
2026-08-05 11:09:00,OPEN,,3.9149999618530273,3.930000066757202,3.890000104904175,3.890000104904175,234720.0
2026-08-05 11:09:00,OPHC,,8.550000190734863,8.586400032043457,8.550000190734863,8.550000190734863,3972.0
2026-08-05 11:09:00,OPK,,1.315000057220459,1.315000057220459,1.315000057220459,1.315000057220459,1101.0
2026-08-05 11:09:00,OPRA,,20.170000076293945,20.170000076293945,20.139999389648438,20.139999389648438,974.0
2026-08-05 11:09:00,ORIC,,13.359999656677246,13.359999656677246,13.359999656677246,13.359999656677246,574.0
2026-08-05 11:09:00,ORLY,,93.15499877929688,93.25,93.13999938964844,93.21499633789062,28445.0
2026-08-05 11:09:00,OSIS,,235.4199981689453,235.4199981689453,235.4199981689453,235.4199981689453,275.0
2026-08-05 11:09:00,OSPN,,16.639999389648438,16.639999389648438,16.56999969482422,16.56999969482422,1059.0
2026-08-05 11:09:00,OSS,,14.020000457763672,14.055000305175781,14.020000457763672,14.055000305175781,2393.0
2026-08-05 11:09:00,OTEX,,25.895000457763672,25.920000076293945,25.895000457763672,25.90999984741211,2632.0
2026-08-05 11:09:00,OTLK,,1.0199999809265137,1.0199999809265137,1.0199999809265137,1.0199999809265137,1381.0
2026-08-05 11:09:00,OVID,,2.630000114440918,2.630000114440918,2.630000114440918,2.630000114440918,1206.0
2026-08-05 11:09:00,OXLC,,9.100000381469727,9.100000381469727,9.095000267028809,9.095000267028809,621.0
2026-08-05 11:09:00,OXSQ,,1.4800000190734863,1.4800000190734863,1.4800000190734863,1.4800000190734863,400.0
2026-08-05 11:09:00,PAA,,23.155000686645508,23.15999984741211,23.155000686645508,23.15999984741211,1375.0
2026-08-05 11:09:00,PAAS,,48.47999954223633,48.529998779296875,48.400001525878906,48.45000076293945,41091.0
2026-08-05 11:09:00,PACB,,1.4249999523162842,1.4276000261306763,1.4213999509811401,1.4276000261306763,4779.0
2026-08-05 11:09:00,PAGP,,25.09000015258789,25.09000015258789,25.09000015258789,25.09000015258789,536.0
2026-08-05 11:09:00,PANW,,364.6600036621094,365.3900146484375,364.41009521484375,364.7049865722656,6409.0
2026-08-05 11:09:00,PATK,,87.9800033569336,87.9800033569336,87.9800033569336,87.9800033569336,432.0
2026-08-05 11:09:00,PAX,,11.444999694824219,11.444999694824219,11.444999694824219,11.444999694824219,278.0
2026-08-05 11:09:00,PAYO,,7.130000114440918,7.130000114440918,7.130000114440918,7.130000114440918,2348.0
2026-08-05 11:09:00,PAYS,,9.25,9.25,9.25,9.25,769.0
2026-08-05 11:09:00,PAYX,,117.03500366210938,117.19999694824219,117.03500366210938,117.19000244140625,3850.0
2026-08-05 11:09:00,PCAR,,133.60499572753906,133.64500427246094,133.60499572753906,133.6199951171875,2743.0
2026-08-05 11:09:00,PCRX,,24.959999084472656,24.959999084472656,24.959999084472656,24.959999084472656,1033.0
2026-08-05 11:09:00,PCT,,6.9527997970581055,6.954999923706055,6.945000171661377,6.945000171661377,2096.0
2026-08-05 11:09:00,PCTY,,146.69000244140625,146.75,146.27499389648438,146.27499389648438,4264.0
2026-08-05 11:09:00,PCYO,,10.497300148010254,10.497300148010254,10.497300148010254,10.497300148010254,1250.0
2026-08-05 11:09:00,PDD,,91.5999984741211,91.66500091552734,91.5999984741211,91.66000366210938,9632.0
2026-08-05 11:09:00,PDFS,,50.345001220703125,50.345001220703125,50.29999923706055,50.29999923706055,1122.0
2026-08-05 11:09:00,PDLB,,20.59000015258789,20.59000015258789,20.59000015258789,20.59000015258789,275.0
2026-08-05 11:09:00,PECO,,41.310001373291016,41.31999969482422,41.310001373291016,41.31999969482422,1084.0
2026-08-05 11:09:00,PEGA,,31.549999237060547,31.575000762939453,31.549999237060547,31.56999969482422,1487.0
2026-08-05 11:09:00,PENN,,19.920000076293945,19.920000076293945,19.920000076293945,19.920000076293945,1939.0
2026-08-05 11:09:00,PEP,,138.22999572753906,138.32000732421875,138.2100067138672,138.27000427246094,13134.0
2026-08-05 11:09:00,PERI,,9.550000190734863,9.550000190734863,9.550000190734863,9.550000190734863,689.0
2026-08-05 11:09:00,PESI,,17.799999237060547,17.799999237060547,17.790000915527344,17.790000915527344,992.0
2026-08-05 11:09:00,PFG,,114.33499908447266,114.58999633789062,114.22000122070312,114.22000122070312,4468.0
2026-08-05 11:09:00,PGEN,,7.034999847412109,7.045000076293945,7.028200149536133,7.03000020980835,44777.0
2026-08-05 11:09:00,PGNY,,31.56999969482422,31.59000015258789,31.56999969482422,31.59000015258789,2783.0
2026-08-05 11:09:00,PGY,,21.770000457763672,21.815000534057617,21.760000228881836,21.760000228881836,18112.0
2026-08-05 11:09:00,PHAT,,8.550000190734863,8.550000190734863,8.529999732971191,8.529999732971191,26158.0
2026-08-05 11:09:00,PHVS,,33.3849983215332,33.3849983215332,33.380001068115234,33.380001068115234,266.0
2026-08-05 11:09:00,PLAB,,32.19499969482422,32.20000076293945,32.11000061035156,32.11000061035156,1288.0
2026-08-05 11:09:00,PLSE,,36.81999969482422,36.81999969482422,36.81999969482422,36.81999969482422,973.0
2026-08-05 11:09:00,PLTK,,4.03000020980835,4.03000020980835,4.03000020980835,4.03000020980835,291.0
2026-08-05 11:09:00,PLUG,,2.100800037384033,2.109999895095825,2.0999999046325684,2.1050000190734863,18138.0
2026-08-05 11:09:00,PLXS,,274.32501220703125,274.32501220703125,274.32501220703125,274.32501220703125,1356.0
2026-08-05 11:09:00,PMCB,,0.5900999903678894,0.5900999903678894,0.5900999903678894,0.5900999903678894,113.0
2026-08-05 11:09:00,PNFP,,108.25,108.25,108.25,108.25,1100.0
2026-08-05 11:09:00,PNTG,,38.75,38.75,38.75,38.75,199.0
2026-08-05 11:09:00,POET,,8.289899826049805,8.289999961853027,8.26990032196045,8.270000457763672,12059.0
2026-08-05 11:09:00,POOL,,204.14010620117188,204.27999877929688,204.14010620117188,204.27000427246094,1081.0
2026-08-05 11:09:00,POWI,,62.150001525878906,62.150001525878906,62.025001525878906,62.025001525878906,2558.0
2026-08-05 11:09:00,POWL,,211.2200927734375,211.5,210.72000122070312,210.72000122070312,2086.0
2026-08-05 11:09:00,PPC,,26.760000228881836,26.770000457763672,26.760000228881836,26.770000457763672,2440.0
2026-08-05 11:09:00,PPTA,,22.829999923706055,22.829999923706055,22.799999237060547,22.799999237060547,1448.0
2026-08-05 11:09:00,PRAA,,17.3700008392334,17.389999389648438,17.3700008392334,17.389999389648438,2490.0
2026-08-05 11:09:00,PRAX,,313.8399963378906,313.8399963378906,313.1575012207031,313.1575012207031,340.0
2026-08-05 11:09:00,PRCT,,19.200000762939453,19.30500030517578,19.190000534057617,19.290000915527344,8663.0
2026-08-05 11:09:00,PRGS,,41.7859001159668,41.810001373291016,41.7859001159668,41.810001373291016,2217.0
2026-08-05 11:09:00,PRIM,,86.30999755859375,86.30999755859375,85.53500366210938,85.61000061035156,10978.0
2026-08-05 11:09:00,PRLD,,4.579999923706055,4.579999923706055,4.579999923706055,4.579999923706055,684.0
2026-08-05 11:09:00,PRME,,2.984999895095825,2.990000009536743,2.984999895095825,2.990000009536743,718.0
2026-08-05 11:09:00,PRTA,,8.59000015258789,8.59000015258789,8.59000015258789,8.59000015258789,680.0
2026-08-05 11:09:00,PRVA,,24.05500030517578,24.05500030517578,24.05500030517578,24.05500030517578,928.0
2026-08-05 11:09:00,PSEC,,2.194999933242798,2.200000047683716,2.190000057220459,2.190000057220459,4824.0
2026-08-05 11:09:00,PSNL,,13.630000114440918,13.630000114440918,13.630000114440918,13.630000114440918,619.0
2026-08-05 11:09:00,PTC,,140.55999755859375,140.6750030517578,140.55999755859375,140.6750030517578,2255.0
2026-08-05 11:09:00,PTEN,,9.770000457763672,9.770000457763672,9.765000343322754,9.765000343322754,7011.0
2026-08-05 11:09:00,PTLO,,4.59499979019165,4.59499979019165,4.59499979019165,4.59499979019165,1869.0
2026-08-05 11:09:00,PTON,,6.519999980926514,6.53000020980835,6.519999980926514,6.525000095367432,12485.0
2026-08-05 11:09:00,PWP,,17.520000457763672,17.520000457763672,17.520000457763672,17.520000457763672,116.0
2026-08-05 11:09:00,PYPD,,4.474999904632568,4.474999904632568,4.474999904632568,4.474999904632568,200.0
2026-08-05 11:09:00,PYPL,,58.4900016784668,58.505001068115234,58.47999954223633,58.4900016784668,8378.0
2026-08-05 11:09:00,PYXS,,3.2100000381469727,3.2100000381469727,3.2100000381469727,3.2100000381469727,1800.0
2026-08-05 11:09:00,PZZA,,30.612300872802734,30.6200008392334,30.612300872802734,30.6200008392334,361.0
2026-08-05 11:09:00,QCOM,,158.58999633789062,158.6374969482422,158.39999389648438,158.40499877929688,10965.0
2026-08-05 11:09:00,QFIN,,13.390000343322754,13.390000343322754,13.385000228881836,13.385000228881836,1372.0
2026-08-05 11:09:00,QQQX,,30.399999618530273,30.510000228881836,30.399999618530273,30.510000228881836,1003.0
2026-08-05 11:09:00,QRVO,,94.30999755859375,94.33000183105469,94.27999877929688,94.33000183105469,748.0
2026-08-05 11:09:00,SEED,,0.9745000004768372,0.9789000153541565,0.9745000004768372,0.9789000153541565,511.0
2026-08-05 11:09:00,STIM,,2.289799928665161,2.2899999618530273,2.2780001163482666,2.2780001163482666,6534.0
2026-08-05 11:09:00,TARA,,4.039999961853027,4.039999961853027,4.034999847412109,4.034999847412109,1337.0
2026-08-05 11:09:00,WOOF,,2.950000047683716,2.950000047683716,2.944999933242798,2.950000047683716,7902.0
2026-08-05 11:10:00,ACDC,,4.380000114440918,4.385000228881836,4.3480000495910645,4.3480000495910645,18618.0
2026-08-05 11:10:00,BPOP,,177.8350067138672,177.89999389648438,177.8350067138672,177.89999389648438,1785.0
2026-08-05 11:10:00,CPOP,,0.3646000027656555,0.3700000047683716,0.3646000027656555,0.3646000027656555,12608.0
2026-08-05 11:10:00,EYE,,23.229999542236328,23.229999542236328,23.229999542236328,23.229999542236328,2505.0
2026-08-05 11:10:00,GLUE,,15.9399995803833,15.949999809265137,15.930000305175781,15.949999809265137,1738.0
2026-08-05 11:10:00,KITT,,1.0850000381469727,1.0850000381469727,1.0850000381469727,1.0850000381469727,804.0
2026-08-05 11:10:00,LUNG,,1.9052000045776367,1.9052000045776367,1.9052000045776367,1.9052000045776367,699.0
2026-08-05 11:10:00,MBRX,,0.4146000146865845,0.4146000146865845,0.41190001368522644,0.41190001368522644,12424.0
2026-08-05 11:10:00,MDB,,378.6400146484375,378.6499938964844,378.6400146484375,378.6499938964844,810.0
2026-08-05 11:10:00,MDLZ,,61.96500015258789,61.97999954223633,61.93000030517578,61.95000076293945,9135.0
2026-08-05 11:10:00,MLTX,,17.700000762939453,17.700000762939453,17.700000762939453,17.700000762939453,1683.0
2026-08-05 11:10:00,MNRO,,13.149999618530273,13.149999618530273,13.149999618530273,13.149999618530273,683.0
2026-08-05 11:10:00,MNST,,94.66999816894531,94.69499969482422,94.63999938964844,94.63999938964844,6279.0
2026-08-05 11:10:00,MNTS,,4.369999885559082,4.369999885559082,4.360000133514404,4.360000133514404,2041.0
2026-08-05 11:10:00,MOVE,,11.819999694824219,11.850000381469727,11.819999694824219,11.850000381469727,746.0
2026-08-05 11:10:00,MPWR,,1327.8699951171875,1328.22998046875,1326.5699462890625,1326.5699462890625,1198.0
2026-08-05 11:10:00,MRNA,,57.8650016784668,57.93000030517578,57.78499984741211,57.78499984741211,6180.0
2026-08-05 11:10:00,MYGN,,3.234999895095825,3.244999885559082,3.234999895095825,3.244999885559082,8482.0
2026-08-05 11:10:00,MYPS,,0.7190999984741211,0.7210999727249146,0.7190999984741211,0.7210999727249146,1177.0
2026-08-05 11:10:00,MYRG,,340.95001220703125,341.1199951171875,340.7099914550781,340.7099914550781,577.0
2026-08-05 11:10:00,NAMS,,26.860000610351562,26.860000610351562,26.78499984741211,26.78499984741211,2766.0
2026-08-05 11:10:00,NAVI,,9.104999542236328,9.109999656677246,9.104999542236328,9.109999656677246,1481.0
2026-08-05 11:10:00,NB,,5.074999809265137,5.074999809265137,5.070000171661377,5.070000171661377,4700.0
2026-08-05 11:10:00,NBIX,,164.38999938964844,164.38999938964844,164.38999938964844,164.38999938964844,718.0
2026-08-05 11:10:00,NDAQ,,94.87000274658203,94.875,94.80999755859375,94.875,3087.0
2026-08-05 11:10:00,NDSN,,311.07000732421875,311.07000732421875,311.07000732421875,311.07000732421875,199.0
2026-08-05 11:10:00,NEO,,16.18000030517578,16.200000762939453,16.18000030517578,16.200000762939453,1883.0
2026-08-05 11:10:00,NEOG,,11.585000038146973,11.585000038146973,11.579999923706055,11.579999923706055,1531.0
2026-08-05 11:10:00,NEOV,,2.880000114440918,2.8949999809265137,2.880000114440918,2.8949999809265137,5140.0
2026-08-05 11:10:00,NESR,,28.700000762939453,28.700000762939453,28.670000076293945,28.670000076293945,1871.0
2026-08-05 11:10:00,NEXT,,6.40500020980835,6.40500020980835,6.385000228881836,6.385000228881836,56102.0
2026-08-05 11:10:00,NFLX,,74.01000213623047,74.05999755859375,73.97000122070312,74.05000305175781,75943.0
2026-08-05 11:10:00,NGNE,,35.25,35.25,35.25,35.25,114.0
2026-08-05 11:10:00,NICE,,95.69999694824219,95.69999694824219,95.63999938964844,95.63999938964844,937.0
2026-08-05 11:10:00,NMFC,,7.304999828338623,7.304999828338623,7.304999828338623,7.304999828338623,338.0
2026-08-05 11:10:00,NMRK,,15.739999771118164,15.760000228881836,15.739999771118164,15.760000228881836,2006.0
2026-08-05 11:10:00,NN,,14.270000457763672,14.270000457763672,14.25,14.25,3748.0
2026-08-05 11:10:00,NNBR,,3.799999952316284,3.805000066757202,3.799999952316284,3.799999952316284,1269.0
2026-08-05 11:10:00,NNDM,,1.5399999618530273,1.5449999570846558,1.5399999618530273,1.5449999570846558,1400.0
2026-08-05 11:10:00,NNOX,,1.0199999809265137,1.0199999809265137,1.0199999809265137,1.0199999809265137,1010.0
2026-08-05 11:10:00,NRIX,,24.790000915527344,24.81999969482422,24.790000915527344,24.81999969482422,3792.0
2026-08-05 11:10:00,NRXP,,3.0799999237060547,3.0799999237060547,3.065000057220459,3.069999933242798,1040.0
2026-08-05 11:10:00,NSSC,,40.189998626708984,40.189998626708984,40.189998626708984,40.189998626708984,553.0
2026-08-05 11:10:00,NTAP,,190.19000244140625,190.24000549316406,189.92999267578125,189.92999267578125,3825.0
2026-08-05 11:10:00,NTCT,,42.02000045776367,42.02000045776367,42.02000045776367,42.02000045776367,549.0
2026-08-05 11:10:00,NTES,,128.1999969482422,128.1999969482422,128.1999969482422,128.1999969482422,851.0
2026-08-05 11:10:00,NTNX,,60.625,60.66999816894531,60.625,60.625,2617.0
2026-08-05 11:10:00,NTRA,,277.7300109863281,277.7300109863281,277.7300109863281,277.7300109863281,754.0
2026-08-05 11:10:00,NTRS,,184.76499938964844,184.76499938964844,184.76499938964844,184.76499938964844,353.0
2026-08-05 11:10:00,NUWE,,1.7100000381469727,1.722000002861023,1.7100000381469727,1.722000002861023,3204.0
2026-08-05 11:10:00,NVAX,,7.699999809265137,7.699999809265137,7.699999809265137,7.699999809265137,850.0
2026-08-05 11:10:00,NVCR,,16.145000457763672,16.145000457763672,16.145000457763672,16.145000457763672,709.0
2026-08-05 11:10:00,NVCT,,20.030000686645508,20.049999237060547,20.030000686645508,20.049999237060547,7673.0
2026-08-05 11:10:00,NVDA,,219.35000610351562,219.40499877929688,219.2449951171875,219.30999755859375,171025.0
2026-08-05 11:10:00,NVMI,,411.2449951171875,411.2449951171875,409.8999938964844,410.2049865722656,1363.0
2026-08-05 11:10:00,NVTS,,12.53499984741211,12.539899826049805,12.475000381469727,12.479999542236328,18409.0
2026-08-05 11:10:00,NVVE,,0.9900000095367432,0.9900000095367432,0.9900000095367432,0.9900000095367432,2009.0
2026-08-05 11:10:00,NWBI,,15.960000038146973,15.960000038146973,15.960000038146973,15.960000038146973,2728.0
2026-08-05 11:10:00,NWE,,68.61000061035156,68.62000274658203,68.61000061035156,68.61000061035156,1791.0
2026-08-05 11:10:00,NWL,,6.195000171661377,6.195000171661377,6.179999828338623,6.184999942779541,16384.0
2026-08-05 11:10:00,NWS,,32.29499816894531,32.310001373291016,32.290000915527344,32.310001373291016,2169.0
2026-08-05 11:10:00,NWSA,,28.21500015258789,28.229999542236328,28.21500015258789,28.225000381469727,13933.0
2026-08-05 11:10:00,NXPI,,231.5399932861328,231.5399932861328,231.10000610351562,231.2100067138672,8674.0
2026-08-05 11:10:00,NXST,,192.07000732421875,192.1699981689453,192.07000732421875,192.10000610351562,1858.0
2026-08-05 11:10:00,NXT,,98.73819732666016,98.73819732666016,98.49500274658203,98.49500274658203,2021.0
2026-08-05 11:10:00,NXTC,,5.169600009918213,5.199999809265137,5.169600009918213,5.199999809265137,1113.0
2026-08-05 11:10:00,OABI,,2.065000057220459,2.065000057220459,2.065000057220459,2.065000057220459,295.0
2026-08-05 11:10:00,OCFC,,19.825000762939453,19.829999923706055,19.825000762939453,19.829999923706055,1080.0
2026-08-05 11:10:00,OCGN,,1.2999999523162842,1.309999942779541,1.2999999523162842,1.309999942779541,72182.0
2026-08-05 11:10:00,ODD,,15.140000343322754,15.140000343322754,15.140000343322754,15.140000343322754,445.0
2026-08-05 11:10:00,ODFL,,214.7100067138672,214.97999572753906,214.7100067138672,214.97999572753906,4624.0
2026-08-05 11:10:00,OESX,,15.563300132751465,15.563300132751465,15.563300132751465,15.563300132751465,1936.0
2026-08-05 11:10:00,OGI,,0.9621000289916992,0.9621000289916992,0.9620000123977661,0.9620000123977661,327.0
2026-08-05 11:10:00,OKTA,,148.14999389648438,148.25,148.14999389648438,148.2449951171875,686.0
2026-08-05 11:10:00,OLLI,,78.48410034179688,78.48410034179688,78.41999816894531,78.41999816894531,2108.0
2026-08-05 11:10:00,OMH,,0.11069999635219574,0.1111999973654747,0.11069999635219574,0.11100000143051147,414.0
2026-08-05 11:10:00,ON,,77.78500366210938,77.78500366210938,77.54010009765625,77.57499694824219,21523.0
2026-08-05 11:10:00,ONB,,27.149999618530273,27.15999984741211,27.149999618530273,27.15999984741211,3075.0
2026-08-05 11:10:00,ONCO,,0.7968999743461609,0.7968999743461609,0.7968999743461609,0.7968999743461609,0.0
2026-08-05 11:10:00,ONDS,,8.829999923706055,8.845000267028809,8.8149995803833,8.8233003616333,217657.0
2026-08-05 11:10:00,ONFO,,0.07259999960660934,0.07400000095367432,0.07249999791383743,0.0738999992609024,146851.0
2026-08-05 11:10:00,ONMD,,0.6761999726295471,0.6761999726295471,0.6761000156402588,0.6761000156402588,925.0
2026-08-05 11:10:00,OPEN,,3.9198999404907227,3.930000066757202,3.9100000858306885,3.9149999618530273,141383.0
2026-08-05 11:10:00,OPHC,,8.550000190734863,8.550000190734863,8.550000190734863,8.550000190734863,530.0
2026-08-05 11:10:00,OPRT,,6.135000228881836,6.135000228881836,6.135000228881836,6.135000228881836,1047.0
2026-08-05 11:10:00,ORIC,,13.354999542236328,13.369999885559082,13.349900245666504,13.369999885559082,2185.0
2026-08-05 11:10:00,ORLY,,93.07499694824219,93.16999816894531,93.05509948730469,93.1500015258789,41060.0
2026-08-05 11:10:00,ORRF,,43.54999923706055,43.54999923706055,43.54999923706055,43.54999923706055,1755.0
2026-08-05 11:10:00,OSBC,,25.850000381469727,25.850000381469727,25.850000381469727,25.850000381469727,606.0
2026-08-05 11:10:00,OSPN,,16.649999618530273,16.649999618530273,16.59320068359375,16.59320068359375,853.0
2026-08-05 11:10:00,OSS,,14.079999923706055,14.079999923706055,14.047200202941895,14.047200202941895,2243.0
2026-08-05 11:10:00,OTEX,,25.864999771118164,25.889999389648438,25.864999771118164,25.889999389648438,2560.0
2026-08-05 11:10:00,OTLK,,1.0149999856948853,1.0149999856948853,1.0149999856948853,1.0149999856948853,870.0
2026-08-05 11:10:00,OTTR,,92.5999984741211,92.7699966430664,92.5999984741211,92.7699966430664,802.0
2026-08-05 11:10:00,OXSQ,,1.4850000143051147,1.4850000143051147,1.4800000190734863,1.4800000190734863,1401.0
2026-08-05 11:10:00,PAA,,23.174999237060547,23.174999237060547,23.150100708007812,23.150100708007812,4290.0
2026-08-05 11:10:00,PAAS,,48.52000045776367,48.52000045776367,48.45000076293945,48.470001220703125,9106.0
2026-08-05 11:10:00,PACB,,1.4199999570846558,1.4199999570846558,1.4199999570846558,1.4199999570846558,8972.0
2026-08-05 11:10:00,PAGP,,25.104999542236328,25.104999542236328,25.100000381469727,25.100000381469727,4801.0
2026-08-05 11:10:00,PAHC,,36.3650016784668,36.380001068115234,36.21500015258789,36.21500015258789,3586.0
2026-08-05 11:10:00,PALI,,2.0950000286102295,2.0999999046325684,2.0899999141693115,2.0999999046325684,29370.0
2026-08-05 11:10:00,PANW,,364.635009765625,364.635009765625,364.6300048828125,364.6300048828125,3233.0
2026-08-05 11:10:00,PATK,,88.02950286865234,88.05500030517578,87.95999908447266,88.05500030517578,1059.0
2026-08-05 11:10:00,PAX,,11.444999694824219,11.444999694824219,11.4399995803833,11.444999694824219,1880.0
2026-08-05 11:10:00,PAYO,,7.125,7.130000114440918,7.125,7.130000114440918,912.0
2026-08-05 11:10:00,PAYS,,9.229999542236328,9.229999542236328,9.229999542236328,9.229999542236328,404.0
2026-08-05 11:10:00,PAYX,,117.01499938964844,117.06749725341797,117.01499938964844,117.06749725341797,2887.0
2026-08-05 11:10:00,PCAR,,133.7449951171875,133.75,133.67999267578125,133.67999267578125,7813.0
2026-08-05 11:10:00,PCT,,6.960000038146973,6.960000038146973,6.949999809265137,6.949999809265137,1766.0
2026-08-05 11:10:00,PCTY,,146.77999877929688,146.86000061035156,146.52499389648438,146.52999877929688,6552.0
2026-08-05 11:10:00,PDD,,91.4749984741211,91.5999984741211,91.4749984741211,91.5999984741211,10842.0
2026-08-05 11:10:00,PECO,,41.33000183105469,41.33000183105469,41.29999923706055,41.29999923706055,3100.0
2026-08-05 11:10:00,PEGA,,31.540000915527344,31.540000915527344,31.540000915527344,31.540000915527344,640.0
2026-08-05 11:10:00,PENN,,19.899999618530273,19.90999984741211,19.889999389648438,19.90999984741211,3214.0
2026-08-05 11:10:00,PEP,,138.30990600585938,138.32000732421875,138.22500610351562,138.22500610351562,5937.0
2026-08-05 11:10:00,PESI,,17.850000381469727,17.899999618530273,17.770000457763672,17.829999923706055,4059.0
2026-08-05 11:10:00,PFG,,114.2699966430664,114.42500305175781,114.2699966430664,114.42500305175781,1733.0
2026-08-05 11:10:00,PGC,,46.880001068115234,46.880001068115234,46.880001068115234,46.880001068115234,309.0
2026-08-05 11:10:00,PGEN,,6.985000133514404,7.034999847412109,6.985000133514404,7.03000020980835,26251.0
2026-08-05 11:10:00,PGNY,,31.549999237060547,31.549999237060547,31.549999237060547,31.549999237060547,2014.0
2026-08-05 11:10:00,PGY,,21.770000457763672,21.770000457763672,21.75,21.764999389648438,4626.0
2026-08-05 11:10:00,PHAT,,8.550000190734863,8.550000190734863,8.550000190734863,8.550000190734863,1653.0
2026-08-05 11:10:00,PHVS,,33.244998931884766,33.31999969482422,33.23500061035156,33.23500061035156,2074.0
2026-08-05 11:10:00,PLAB,,32.189998626708984,32.189998626708984,32.189998626708984,32.189998626708984,1816.0
2026-08-05 11:10:00,PLPC,,462.9100036621094,462.9100036621094,462.9100036621094,462.9100036621094,426.0
2026-08-05 11:10:00,PLUG,,2.109999895095825,2.109999895095825,2.1003000736236572,2.1050000190734863,15997.0
2026-08-05 11:10:00,PNFP,,108.12000274658203,108.12000274658203,108.12000274658203,108.12000274658203,554.0
2026-08-05 11:10:00,POET,,8.300000190734863,8.300000190734863,8.28499984741211,8.289600372314453,17456.0
2026-08-05 11:10:00,POOL,,203.92100524902344,204.13999938964844,203.92100524902344,204.13999938964844,1173.0
2026-08-05 11:10:00,POWI,,62.106998443603516,62.150001525878906,62.099998474121094,62.099998474121094,1535.0
2026-08-05 11:10:00,PPC,,26.760000228881836,26.760000228881836,26.760000228881836,26.760000228881836,547.0
2026-08-05 11:10:00,PPTA,,22.829999923706055,22.84000015258789,22.825000762939453,22.84000015258789,9309.0
2026-08-05 11:10:00,PRCH,,16.079999923706055,16.104999542236328,16.079999923706055,16.079999923706055,3426.0
2026-08-05 11:10:00,PRCT,,19.219900131225586,19.219999313354492,19.155000686645508,19.19499969482422,6054.0
2026-08-05 11:10:00,PRDO,,33.150001525878906,33.150001525878906,33.099998474121094,33.099998474121094,1242.0
2026-08-05 11:10:00,PRIM,,86.63999938964844,86.63999938964844,86.32250213623047,86.32499694824219,4828.0
2026-08-05 11:10:00,PRME,,2.984999895095825,2.984999895095825,2.984999895095825,2.984999895095825,333.0
2026-08-05 11:10:00,PRSO,,0.6998999714851379,0.6998999714851379,0.6898999810218811,0.6898999810218811,7761.0
2026-08-05 11:10:00,PRTH,,6.630000114440918,6.630000114440918,6.625,6.630000114440918,2188.0
2026-08-05 11:10:00,PRVA,,24.06999969482422,24.079999923706055,24.059999465942383,24.079999923706055,5188.0
2026-08-05 11:10:00,PSEC,,2.190000057220459,2.194999933242798,2.190000057220459,2.1935999393463135,3868.0
2026-08-05 11:10:00,PSNL,,13.640000343322754,13.640000343322754,13.640000343322754,13.640000343322754,498.0
2026-08-05 11:10:00,PSNY,,14.029999732971191,14.029999732971191,14.029999732971191,14.029999732971191,198.0
2026-08-05 11:10:00,PTC,,140.33999633789062,140.35499572753906,140.33999633789062,140.35499572753906,1230.0
2026-08-05 11:10:00,PTCT,,69.66999816894531,69.66999816894531,69.66999816894531,69.66999816894531,2355.0
2026-08-05 11:10:00,PTEN,,9.795000076293945,9.800000190734863,9.774999618530273,9.774999618530273,3306.0
2026-08-05 11:10:00,PTLO,,4.589000225067139,4.590000152587891,4.589000225067139,4.590000152587891,5487.0
2026-08-05 11:10:00,PTON,,6.519999980926514,6.525000095367432,6.519999980926514,6.525000095367432,2229.0
2026-08-05 11:10:00,PUBM,,13.585000038146973,13.585000038146973,13.569999694824219,13.569999694824219,2504.0
2026-08-05 11:10:00,PWP,,17.5,17.5049991607666,17.489999771118164,17.5049991607666,2435.0
2026-08-05 11:10:00,PYPL,,58.41999816894531,58.47999954223633,58.41999816894531,58.47999954223633,7354.0
2026-08-05 11:10:00,PYXS,,3.2100000381469727,3.2100000381469727,3.2100000381469727,3.2100000381469727,765.0
2026-08-05 11:10:00,PZZA,,30.600000381469727,30.600000381469727,30.59000015258789,30.600000381469727,3673.0
2026-08-05 11:10:00,QCOM,,158.67999267578125,158.7050018310547,158.3300018310547,158.52000427246094,13568.0
2026-08-05 11:10:00,QCRH,,105.19000244140625,105.19000244140625,105.19000244140625,105.19000244140625,566.0
2026-08-05 11:10:00,QFIN,,13.380000114440918,13.380000114440918,13.380000114440918,13.380000114440918,919.0
2026-08-05 11:10:00,QRVO,,94.33000183105469,94.33999633789062,94.28500366210938,94.33000183105469,1548.0
2026-08-05 11:10:00,SEED,,0.9750000238418579,0.9750000238418579,0.9739000201225281,0.9739000201225281,1404.0
2026-08-05 11:11:00,ACDC,,4.369999885559082,4.385000228881836,4.369999885559082,4.380000114440918,4731.0
2026-08-05 11:11:00,CPOP,,0.3646000027656555,0.3700000047683716,0.3646000027656555,0.3700000047683716,2267.0
2026-08-05 11:11:00,DTIL,,7.510000228881836,7.510000228881836,7.510000228881836,7.510000228881836,1139.0
2026-08-05 11:11:00,EYE,,23.219999313354492,23.219999313354492,23.190000534057617,23.190000534057617,1457.0
2026-08-05 11:11:00,FRST,,16.43000030517578,16.43000030517578,16.412799835205078,16.412799835205078,227.0
2026-08-05 11:11:00,GLUE,,15.90999984741211,15.9350004196167,15.90999984741211,15.9350004196167,2467.0
2026-08-05 11:11:00,KIDS,,21.079999923706055,21.079999923706055,21.079999923706055,21.079999923706055,200.0
2026-08-05 11:11:00,KITT,,1.0850000381469727,1.0850000381469727,1.0850000381469727,1.0850000381469727,4295.0
2026-08-05 11:11:00,MBRX,,0.414000004529953,0.41449999809265137,0.414000004529953,0.41449999809265137,895.0
2026-08-05 11:11:00,MCRI,,125.15499877929688,125.33000183105469,125.15499877929688,125.33000183105469,1248.0
2026-08-05 11:11:00,MDB,,378.1925048828125,378.5249938964844,378.1400146484375,378.3500061035156,1001.0
2026-08-05 11:11:00,MDLZ,,62.01499938964844,62.04499816894531,61.96500015258789,61.970001220703125,15043.0
2026-08-05 11:11:00,MNST,,94.7300033569336,94.7300033569336,94.68000030517578,94.68000030517578,2938.0
2026-08-05 11:11:00,MNTS,,4.349999904632568,4.369999885559082,4.349999904632568,4.369999885559082,2410.0
2026-08-05 11:11:00,MOVE,,11.904999732971191,11.904999732971191,11.904999732971191,11.904999732971191,541.0
2026-08-05 11:11:00,MPWR,,1325.1700439453125,1328.75,1325.1700439453125,1328.4100341796875,1307.0
2026-08-05 11:11:00,MRNA,,57.75,57.81999969482422,57.73500061035156,57.81999969482422,7693.0
2026-08-05 11:11:00,MYRG,,340.5799865722656,340.5799865722656,340.5799865722656,340.5799865722656,100.0
2026-08-05 11:11:00,NAUT,,0.9763000011444092,0.9763000011444092,0.9763000011444092,0.9763000011444092,252.0
2026-08-05 11:11:00,NAVI,,9.104999542236328,9.104999542236328,9.104999542236328,9.104999542236328,278.0
2026-08-05 11:11:00,NB,,5.059999942779541,5.074999809265137,5.059999942779541,5.074999809265137,3202.0
2026-08-05 11:11:00,NBIX,,164.2899932861328,164.2899932861328,164.2899932861328,164.2899932861328,991.0
2026-08-05 11:11:00,NBTB,,53.56010055541992,53.56010055541992,53.56010055541992,53.56010055541992,1045.0
2026-08-05 11:11:00,NCMI,,4.081099987030029,4.110099792480469,4.081099987030029,4.110000133514404,5863.0
2026-08-05 11:11:00,NDAQ,,94.86000061035156,94.88999938964844,94.86000061035156,94.88999938964844,1567.0
2026-08-05 11:11:00,NDSN,,311.29998779296875,311.29998779296875,311.29998779296875,311.29998779296875,147.0
2026-08-05 11:11:00,NEGG,,16.979999542236328,16.979999542236328,16.969999313354492,16.969999313354492,1051.0
2026-08-05 11:11:00,NEO,,16.139999389648438,16.170000076293945,16.139999389648438,16.170000076293945,3750.0
2026-08-05 11:11:00,NEOG,,11.585000038146973,11.59000015258789,11.585000038146973,11.59000015258789,3960.0
2026-08-05 11:11:00,NEOV,,2.869999885559082,2.869999885559082,2.869999885559082,2.869999885559082,674.0
2026-08-05 11:11:00,NESR,,28.690000534057617,28.704999923706055,28.690000534057617,28.690000534057617,3255.0
2026-08-05 11:11:00,NEXT,,6.400000095367432,6.40500020980835,6.400000095367432,6.40500020980835,7377.0
2026-08-05 11:11:00,NFLX,,74.0,74.05000305175781,73.98999786376953,74.02999877929688,45176.0
2026-08-05 11:11:00,NICE,,95.41999816894531,95.70999908447266,95.29000091552734,95.69999694824219,12217.0
2026-08-05 11:11:00,NKTR,,73.4000015258789,73.41000366210938,73.4000015258789,73.41000366210938,833.0
2026-08-05 11:11:00,NMFC,,7.304999828338623,7.304999828338623,7.304999828338623,7.304999828338623,600.0
2026-08-05 11:11:00,NMRK,,15.739999771118164,15.739999771118164,15.739999771118164,15.739999771118164,468.0
2026-08-05 11:11:00,NN,,14.229999542236328,14.279999732971191,14.229999542236328,14.270000457763672,6927.0
2026-08-05 11:11:00,NNBR,,3.799999952316284,3.805000066757202,3.799999952316284,3.805000066757202,1695.0
2026-08-05 11:11:00,NNDM,,1.534999966621399,1.541200041770935,1.534999966621399,1.5399999618530273,11508.0
2026-08-05 11:11:00,NNOX,,1.0099999904632568,1.0099999904632568,1.0099999904632568,1.0099999904632568,216.0
2026-08-05 11:11:00,NOVT,,158.05999755859375,158.05999755859375,158.05999755859375,158.05999755859375,285.0
2026-08-05 11:11:00,NRDS,,9.194999694824219,9.194999694824219,9.194999694824219,9.194999694824219,283.0
2026-08-05 11:11:00,NRSN,,0.5476999878883362,0.5476999878883362,0.5476999878883362,0.5476999878883362,0.0
2026-08-05 11:11:00,NRXP,,3.059999942779541,3.0799999237060547,3.059999942779541,3.0799999237060547,3459.0
2026-08-05 11:11:00,NTAP,,190.2899932861328,190.42999267578125,190.11000061035156,190.2899932861328,5256.0
2026-08-05 11:11:00,NTCT,,42.04999923706055,42.04999923706055,42.04999923706055,42.04999923706055,125.0
2026-08-05 11:11:00,NTES,,128.1300048828125,128.1300048828125,128.125,128.125,568.0
2026-08-05 11:11:00,NTNX,,60.70500183105469,60.70500183105469,60.650001525878906,60.650001525878906,7963.0
2026-08-05 11:11:00,NTRA,,277.44500732421875,277.67999267578125,277.44500732421875,277.67999267578125,1448.0
2026-08-05 11:11:00,NTRS,,184.76499938964844,184.83999633789062,184.76499938964844,184.83999633789062,280.0
2026-08-05 11:11:00,NUWE,,1.7300000190734863,1.7300000190734863,1.7196999788284302,1.7196999788284302,1813.0
2026-08-05 11:11:00,NVAX,,7.684999942779541,7.690000057220459,7.679999828338623,7.690000057220459,1215.0
2026-08-05 11:11:00,NVDA,,219.22500610351562,219.42999267578125,219.1300048828125,219.3300018310547,172666.0
2026-08-05 11:11:00,NVMI,,410.2449951171875,411.7149963378906,410.0,411.19500732421875,4412.0
2026-08-05 11:11:00,NVTS,,12.489999771118164,12.545000076293945,12.479999542236328,12.53499984741211,29755.0
2026-08-05 11:11:00,NWBI,,15.954999923706055,15.959400177001953,15.954999923706055,15.959400177001953,12821.0
2026-08-05 11:11:00,NWFL,,34.25,34.25,34.25,34.25,408.0
2026-08-05 11:11:00,NWL,,6.195000171661377,6.195000171661377,6.190000057220459,6.190000057220459,8648.0
2026-08-05 11:11:00,NWS,,32.27000045776367,32.290000915527344,32.27000045776367,32.290000915527344,4701.0
2026-08-05 11:11:00,NWSA,,28.19499969482422,28.21500015258789,28.190000534057617,28.21500015258789,5263.0
2026-08-05 11:11:00,NXL,,0.39629998803138733,0.39629998803138733,0.39629998803138733,0.39629998803138733,1292.0
2026-08-05 11:11:00,NXPI,,231.19000244140625,231.47999572753906,231.13999938964844,231.47000122070312,2623.0
2026-08-05 11:11:00,NXT,,98.79000091552734,98.94999694824219,98.72000122070312,98.80999755859375,4309.0
2026-08-05 11:11:00,OCFC,,19.81999969482422,19.81999969482422,19.81999969482422,19.81999969482422,506.0
2026-08-05 11:11:00,OCG,,1.6971999406814575,1.6971999406814575,1.6971999406814575,1.6971999406814575,1988.0
2026-08-05 11:11:00,OCGN,,1.2999999523162842,1.2999999523162842,1.2900999784469604,1.2900999784469604,3306.0
2026-08-05 11:11:00,OCSL,,12.100000381469727,12.104999542236328,12.091099739074707,12.100000381469727,3514.0
2026-08-05 11:11:00,OCUL,,8.609999656677246,8.649999618530273,8.609999656677246,8.649999618530273,5827.0
2026-08-05 11:11:00,ODFL,,215.14999389648438,215.36000061035156,215.14999389648438,215.36000061035156,2099.0
2026-08-05 11:11:00,OESX,,15.654999732971191,15.654999732971191,15.654999732971191,15.654999732971191,1551.0
2026-08-05 11:11:00,OFIX,,10.835000038146973,10.835000038146973,10.835000038146973,10.835000038146973,155.0
2026-08-05 11:11:00,OKTA,,148.19000244140625,148.19000244140625,148.19000244140625,148.19000244140625,245.0
2026-08-05 11:11:00,OLB,,0.3158000111579895,0.3158000111579895,0.3158000111579895,0.3158000111579895,1724.0
2026-08-05 11:11:00,OMER,,12.819999694824219,12.84000015258789,12.819999694824219,12.84000015258789,1269.0
2026-08-05 11:11:00,ON,,77.65859985351562,77.83999633789062,77.62000274658203,77.65859985351562,35209.0
2026-08-05 11:11:00,ONB,,27.138200759887695,27.145000457763672,27.138200759887695,27.145000457763672,2496.0
2026-08-05 11:11:00,ONDS,,8.824999809265137,8.850000381469727,8.819999694824219,8.84000015258789,165195.0
2026-08-05 11:11:00,ONFO,,0.0729999989271164,0.0731000006198883,0.07270000129938126,0.07280000299215317,62325.0
2026-08-05 11:11:00,OPCH,,23.40999984741211,23.40999984741211,23.360000610351562,23.360000610351562,3817.0
2026-08-05 11:11:00,OPEN,,3.8949999809265137,3.924999952316284,3.8901000022888184,3.9198999404907227,163867.0
2026-08-05 11:11:00,OPK,,1.309999942779541,1.3122999668121338,1.309999942779541,1.3122999668121338,879.0
2026-08-05 11:11:00,ORIC,,13.34000015258789,13.359999656677246,13.34000015258789,13.359999656677246,1910.0
2026-08-05 11:11:00,ORLY,,93.16000366210938,93.17500305175781,93.06999969482422,93.0999984741211,27471.0
2026-08-05 11:11:00,OSPN,,16.760000228881836,16.760000228881836,16.649999618530273,16.649999618530273,2123.0
2026-08-05 11:11:00,OSS,,14.130000114440918,14.159899711608887,14.100000381469727,14.130000114440918,4375.0
2026-08-05 11:11:00,OTEX,,25.860000610351562,25.885000228881836,25.860000610351562,25.8799991607666,3172.0
2026-08-05 11:11:00,OTLK,,1.0149999856948853,1.0199999809265137,1.0149999856948853,1.0149999856948853,6150.0
2026-08-05 11:11:00,OVID,,2.625,2.630000114440918,2.625,2.630000114440918,851.0
2026-08-05 11:11:00,OXLC,,9.100000381469727,9.100000381469727,9.095000267028809,9.095000267028809,1501.0
2026-08-05 11:11:00,OXSQ,,1.4800000190734863,1.4800000190734863,1.4800000190734863,1.4800000190734863,100.0
2026-08-05 11:11:00,PAA,,23.174999237060547,23.174999237060547,23.174999237060547,23.174999237060547,331.0
2026-08-05 11:11:00,PAAS,,48.47999954223633,48.56999969482422,48.459999084472656,48.540000915527344,12314.0
2026-08-05 11:11:00,PACB,,1.4299999475479126,1.4299999475479126,1.4299999475479126,1.4299999475479126,1459.0
2026-08-05 11:11:00,PALI,,2.0950000286102295,2.0999999046325684,2.0899999141693115,2.0950000286102295,6701.0
2026-08-05 11:11:00,PANL,,7.300000190734863,7.300000190734863,7.300000190734863,7.300000190734863,1443.0
2026-08-05 11:11:00,PANW,,364.69000244140625,364.69000244140625,364.6499938964844,364.6499938964844,3535.0
2026-08-05 11:11:00,PAX,,11.4399995803833,11.4399995803833,11.4399995803833,11.4399995803833,1254.0
2026-08-05 11:11:00,PAYO,,7.130000114440918,7.130000114440918,7.125,7.130000114440918,1141.0
2026-08-05 11:11:00,PAYS,,9.2298002243042,9.229999542236328,9.199999809265137,9.229999542236328,4811.0
2026-08-05 11:11:00,PAYX,,116.9800033569336,117.0,116.9800033569336,116.98999786376953,3821.0
2026-08-05 11:11:00,PCAR,,133.74000549316406,133.75999450683594,133.72999572753906,133.75999450683594,3141.0
2026-08-05 11:11:00,PCT,,6.960000038146973,6.965000152587891,6.960000038146973,6.960000038146973,2704.0
2026-08-05 11:11:00,PCTY,,146.51499938964844,146.51499938964844,146.51499938964844,146.51499938964844,105.0
2026-08-05 11:11:00,PDD,,91.51000213623047,91.52999877929688,91.4749984741211,91.4749984741211,18103.0
2026-08-05 11:11:00,PDSB,,0.7052000164985657,0.7052000164985657,0.7052000164985657,0.7052000164985657,201.0
2026-08-05 11:11:00,PEBO,,41.7599983215332,41.7599983215332,41.7599983215332,41.7599983215332,645.0
2026-08-05 11:11:00,PEGA,,31.540000915527344,31.540000915527344,31.540000915527344,31.540000915527344,644.0
2026-08-05 11:11:00,PENN,,19.920000076293945,19.920000076293945,19.920000076293945,19.920000076293945,1894.0
2026-08-05 11:11:00,PEP,,138.39010620117188,138.40499877929688,138.30499267578125,138.30499267578125,10191.0
2026-08-05 11:11:00,PERI,,9.555000305175781,9.555000305175781,9.550000190734863,9.550000190734863,408.0
2026-08-05 11:11:00,PFG,,114.4000015258789,114.40499877929688,114.33999633789062,114.33999633789062,1376.0
2026-08-05 11:11:00,PGC,,46.83000183105469,46.83000183105469,46.83000183105469,46.83000183105469,485.0
2026-08-05 11:11:00,PGEN,,6.974999904632568,6.9959001541137695,6.954999923706055,6.980000019073486,22949.0
2026-08-05 11:11:00,PGY,,21.729999542236328,21.770000457763672,21.719999313354492,21.760000228881836,7535.0
2026-08-05 11:11:00,PHAT,,8.545000076293945,8.545000076293945,8.539999961853027,8.539999961853027,2088.0
2026-08-05 11:11:00,PHVS,,33.220001220703125,33.380001068115234,33.220001220703125,33.31999969482422,1138.0
2026-08-05 11:11:00,PLAB,,32.15999984741211,32.15999984741211,32.15999984741211,32.15999984741211,648.0
2026-08-05 11:11:00,PLMR,,135.24000549316406,135.24000549316406,135.24000549316406,135.24000549316406,1173.0
2026-08-05 11:11:00,PLTK,,4.025000095367432,4.025000095367432,4.025000095367432,4.025000095367432,555.0
2026-08-05 11:11:00,PLUG,,2.109800100326538,2.109999895095825,2.1015000343322754,2.1098999977111816,100093.0
2026-08-05 11:11:00,PLUR,,1.8589999675750732,1.8589999675750732,1.8589999675750732,1.8589999675750732,453.0
2026-08-05 11:11:00,PNBK,,1.1449999809265137,1.1449999809265137,1.1449999809265137,1.1449999809265137,457.0
2026-08-05 11:11:00,PNFP,,108.12000274658203,108.12000274658203,108.12000274658203,108.12000274658203,182.0
2026-08-05 11:11:00,PNTG,,38.77000045776367,38.77000045776367,38.77000045776367,38.77000045776367,168.0
2026-08-05 11:11:00,PODC,,3.460099935531616,3.460099935531616,3.460099935531616,3.460099935531616,1102.0
2026-08-05 11:11:00,POET,,8.26990032196045,8.319999694824219,8.265000343322754,8.3100004196167,38328.0
2026-08-05 11:11:00,POWL,,211.16000366210938,211.47000122070312,211.16000366210938,211.41000366210938,1437.0
2026-08-05 11:11:00,PPC,,26.739999771118164,26.769899368286133,26.739999771118164,26.769899368286133,2206.0
2026-08-05 11:11:00,PPTA,,22.81999969482422,22.8700008392334,22.81999969482422,22.850000381469727,7660.0
2026-08-05 11:11:00,PRAA,,17.350000381469727,17.360000610351562,17.350000381469727,17.360000610351562,950.0
2026-08-05 11:11:00,PRAX,,313.2900085449219,313.2900085449219,313.2900085449219,313.2900085449219,142.0
2026-08-05 11:11:00,PRCT,,19.174999237060547,19.184999465942383,19.149999618530273,19.184999465942383,3940.0
2026-08-05 11:11:00,PRIM,,86.5374984741211,86.63999938964844,86.5374984741211,86.63999938964844,2404.0
2026-08-05 11:11:00,PRME,,2.9800000190734863,2.984999895095825,2.9800000190734863,2.984999895095825,3763.0
2026-08-05 11:11:00,PRVA,,24.059999465942383,24.059999465942383,24.03499984741211,24.040000915527344,1567.0
2026-08-05 11:11:00,PRZO,,0.5450000166893005,0.5533999800682068,0.5450000166893005,0.5533999800682068,202.0
2026-08-05 11:11:00,PSEC,,2.194999933242798,2.194999933242798,2.190200090408325,2.190200090408325,12980.0
2026-08-05 11:11:00,PSNL,,13.630000114440918,13.635000228881836,13.630000114440918,13.635000228881836,3268.0
2026-08-05 11:11:00,PTC,,140.16000366210938,140.24000549316406,140.16000366210938,140.22000122070312,1808.0
2026-08-05 11:11:00,PTCT,,69.55000305175781,69.55000305175781,69.55000305175781,69.55000305175781,647.0
2026-08-05 11:11:00,PTEN,,9.795000076293945,9.805000305175781,9.795000076293945,9.805000305175781,6910.0
2026-08-05 11:11:00,PTLO,,4.581999778747559,4.581999778747559,4.581999778747559,4.581999778747559,1261.0
2026-08-05 11:11:00,PTON,,6.525000095367432,6.539999961853027,6.519999980926514,6.53000020980835,15598.0
2026-08-05 11:11:00,PWP,,17.5,17.5,17.489999771118164,17.5,4059.0
2026-08-05 11:11:00,PYPL,,58.43000030517578,58.45000076293945,58.43000030517578,58.45000076293945,10090.0
2026-08-05 11:11:00,PZZA,,30.594999313354492,30.594999313354492,30.594999313354492,30.594999313354492,256.0
2026-08-05 11:11:00,QCOM,,158.42999267578125,158.68499755859375,158.42999267578125,158.61000061035156,13109.0
2026-08-05 11:11:00,QFIN,,13.380000114440918,13.380000114440918,13.380000114440918,13.380000114440918,764.0
2026-08-05 11:11:00,QQQX,,30.6200008392334,30.6200008392334,30.6200008392334,30.6200008392334,101.0
2026-08-05 11:11:00,QRVO,,94.29000091552734,94.3718032836914,94.2699966430664,94.3718032836914,1011.0
2026-08-05 11:11:00,SEED,,0.9750000238418579,0.9757999777793884,0.9700999855995178,0.9757999777793884,1819.0
2026-08-05 11:12:00,ACDC,,4.355000019073486,4.369999885559082,4.355000019073486,4.360000133514404,10070.0
2026-08-05 11:12:00,CPOP,,0.3646000027656555,0.3646000027656555,0.3646000027656555,0.3646000027656555,3111.0
2026-08-05 11:12:00,DTIL,,7.5,7.5,7.5,7.5,647.0
2026-08-05 11:12:00,EYE,,23.229999542236328,23.229999542236328,23.229999542236328,23.229999542236328,963.0
2026-08-05 11:12:00,FRST,,16.430599212646484,16.439899444580078,16.415000915527344,16.415000915527344,997.0
2026-08-05 11:12:00,GLUE,,15.909799575805664,15.909799575805664,15.899999618530273,15.899999618530273,2491.0
2026-08-05 11:12:00,KIDS,,20.94499969482422,21.114999771118164,20.94499969482422,21.040000915527344,1044.0
2026-08-05 11:12:00,MBIO,,0.5939000248908997,0.597000002861023,0.5939000248908997,0.597000002861023,1715.0
2026-08-05 11:12:00,MBRX,,0.4146000146865845,0.4146000146865845,0.414000004529953,0.414000004529953,1103.0
2026-08-05 11:12:00,MDB,,378.4750061035156,378.4750061035156,378.25,378.29998779296875,644.0
2026-08-05 11:12:00,MDLZ,,61.96500015258789,62.029998779296875,61.96500015258789,62.02000045776367,6767.0
2026-08-05 11:12:00,MNRO,,13.130000114440918,13.130000114440918,13.130000114440918,13.130000114440918,669.0
2026-08-05 11:12:00,MNST,,94.77999877929688,94.78990173339844,94.72000122070312,94.72000122070312,8177.0
2026-08-05 11:12:00,MNTS,,4.360000133514404,4.360000133514404,4.340000152587891,4.340000152587891,3245.0
2026-08-05 11:12:00,MPWR,,1326.25,1326.2874755859375,1325.3800048828125,1325.3800048828125,275.0
2026-08-05 11:12:00,MRNA,,57.77000045776367,57.779998779296875,57.7599983215332,57.779998779296875,5458.0
2026-08-05 11:12:00,MSGM,,4.449999809265137,4.449999809265137,4.449999809265137,4.449999809265137,500.0
2026-08-05 11:12:00,MYGN,,3.234999895095825,3.234999895095825,3.234999895095825,3.234999895095825,564.0
2026-08-05 11:12:00,MYRG,,341.0899963378906,341.0950012207031,341.0899963378906,341.0950012207031,446.0
2026-08-05 11:12:00,NAMS,,26.795000076293945,26.795000076293945,26.75,26.770000457763672,4346.0
2026-08-05 11:12:00,NAUT,,0.9763000011444092,0.9763000011444092,0.9763000011444092,0.9763000011444092,185.0
2026-08-05 11:12:00,NAVI,,9.100000381469727,9.104999542236328,9.100000381469727,9.104999542236328,914.0
2026-08-05 11:12:00,NB,,5.074999809265137,5.074999809265137,5.065000057220459,5.070000171661377,4602.0
2026-08-05 11:12:00,NCMI,,4.085000038146973,4.085000038146973,4.085000038146973,4.085000038146973,122.0
2026-08-05 11:12:00,NCRA,,1.7899999618530273,1.7899999618530273,1.7899999618530273,1.7899999618530273,313.0
2026-08-05 11:12:00,NDAQ,,94.80999755859375,94.87999725341797,94.75499725341797,94.87999725341797,3734.0
2026-08-05 11:12:00,NDSN,,310.9700012207031,310.9700012207031,310.9700012207031,310.9700012207031,172.0
2026-08-05 11:12:00,NEGG,,16.8799991607666,17.014999389648438,16.8799991607666,17.014999389648438,699.0
2026-08-05 11:12:00,NEO,,16.155000686645508,16.155000686645508,16.149999618530273,16.149999618530273,932.0
2026-08-05 11:12:00,NEOG,,11.579999923706055,11.585000038146973,11.579999923706055,11.585000038146973,2730.0
2026-08-05 11:12:00,NEOV,,2.8450000286102295,2.869999885559082,2.8450000286102295,2.869999885559082,10199.0
2026-08-05 11:12:00,NEXT,,6.40500020980835,6.40500020980835,6.400000095367432,6.400000095367432,3967.0
2026-08-05 11:12:00,NFE,,0.3343999981880188,0.3343999981880188,0.3343999981880188,0.3343999981880188,901.0
2026-08-05 11:12:00,NFLX,,73.92500305175781,74.01000213623047,73.91999816894531,74.01000213623047,41945.0
2026-08-05 11:12:00,NGNE,,35.25,35.25,35.25,35.25,116.0
2026-08-05 11:12:00,NKTX,,2.180000066757202,2.180000066757202,2.180000066757202,2.180000066757202,321.0
2026-08-05 11:12:00,NMFC,,7.300000190734863,7.300000190734863,7.300000190734863,7.300000190734863,0.0
2026-08-05 11:12:00,NMIH,,44.42499923706055,44.42499923706055,44.42499923706055,44.42499923706055,237.0
2026-08-05 11:12:00,NMRK,,15.744999885559082,15.744999885559082,15.739999771118164,15.739999771118164,1176.0
2026-08-05 11:12:00,NN,,14.239999771118164,14.239999771118164,14.234999656677246,14.234999656677246,2690.0
2026-08-05 11:12:00,NNBR,,3.819999933242798,3.819999933242798,3.809999942779541,3.809999942779541,1777.0
2026-08-05 11:12:00,NODK,,15.440099716186523,15.440099716186523,15.4399995803833,15.4399995803833,683.0
2026-08-05 11:12:00,NOVT,,158.0,158.0,157.72999572753906,157.97000122070312,1485.0
2026-08-05 11:12:00,NRDS,,9.21500015258789,9.21500015258789,9.1899995803833,9.1899995803833,7406.0
2026-08-05 11:12:00,NRIM,,27.045000076293945,27.045000076293945,27.045000076293945,27.045000076293945,161.0
2026-08-05 11:12:00,NRIX,,24.81999969482422,24.81999969482422,24.81999969482422,24.81999969482422,1548.0
2026-08-05 11:12:00,NRXP,,3.059999942779541,3.059999942779541,3.059999942779541,3.059999942779541,295.0
2026-08-05 11:12:00,NTAP,,190.4199981689453,190.5800018310547,190.375,190.4199981689453,4095.0
2026-08-05 11:12:00,NTCT,,42.04499816894531,42.04499816894531,42.04499816894531,42.04499816894531,1413.0
2026-08-05 11:12:00,NTES,,128.0399932861328,128.125,128.0399932861328,128.125,982.0
2026-08-05 11:12:00,NTNX,,60.665000915527344,60.720001220703125,60.665000915527344,60.709999084472656,2629.0
2026-08-05 11:12:00,NTRA,,277.1449890136719,277.4150085449219,277.1199951171875,277.4100036621094,1978.0
2026-08-05 11:12:00,NTRB,,2.884999990463257,2.884999990463257,2.884999990463257,2.884999990463257,141.0
2026-08-05 11:12:00,NTRS,,184.61000061035156,184.72500610351562,184.61000061035156,184.69000244140625,1334.0
2026-08-05 11:12:00,NUWE,,1.7100000381469727,1.7200000286102295,1.7100000381469727,1.7200000286102295,3455.0
2026-08-05 11:12:00,NVAX,,7.679999828338623,7.684999942779541,7.679999828338623,7.684999942779541,601.0
2026-08-05 11:12:00,NVCR,,16.139999389648438,16.139999389648438,16.139999389648438,16.139999389648438,252.0
2026-08-05 11:12:00,NVDA,,219.6020050048828,219.7899932861328,219.2100067138672,219.22999572753906,381347.0
2026-08-05 11:12:00,NVMI,,408.6900939941406,409.45001220703125,408.6900939941406,409.45001220703125,125.0
2026-08-05 11:12:00,NVTS,,12.50979995727539,12.520000457763672,12.479499816894531,12.489999771118164,9589.0
2026-08-05 11:12:00,NWBI,,15.96500015258789,15.96500015258789,15.954999923706055,15.954999923706055,6558.0
2026-08-05 11:12:00,NWL,,6.204999923706055,6.210000038146973,6.190000057220459,6.190000057220459,23152.0
2026-08-05 11:12:00,NWS,,32.22999954223633,32.275001525878906,32.22999954223633,32.275001525878906,3285.0
2026-08-05 11:12:00,NWSA,,28.165000915527344,28.204999923706055,28.165000915527344,28.200000762939453,4165.0
2026-08-05 11:12:00,NXGL,,0.41179999709129333,0.421099990606308,0.41179999709129333,0.421099990606308,9910.0
2026-08-05 11:12:00,NXPI,,231.1999969482422,231.42999267578125,231.09500122070312,231.09500122070312,4355.0
2026-08-05 11:12:00,NXT,,98.75,98.75,98.73500061035156,98.73999786376953,830.0
2026-08-05 11:12:00,NXTC,,5.150000095367432,5.150000095367432,5.150000095367432,5.150000095367432,286.0
2026-08-05 11:12:00,OCC,,15.574399948120117,15.904999732971191,15.574399948120117,15.904999732971191,921.0
2026-08-05 11:12:00,OCFC,,19.81999969482422,19.81999969482422,19.815000534057617,19.815000534057617,1771.0
2026-08-05 11:12:00,OCGN,,1.2899999618530273,1.2999999523162842,1.2899999618530273,1.2999999523162842,655.0
2026-08-05 11:12:00,OCSL,,12.109999656677246,12.114999771118164,12.104999542236328,12.104999542236328,877.0
2026-08-05 11:12:00,OCUL,,8.595000267028809,8.600000381469727,8.595000267028809,8.600000381469727,7408.0
2026-08-05 11:12:00,ODD,,15.130000114440918,15.152799606323242,15.130000114440918,15.152799606323242,1397.0
2026-08-05 11:12:00,OESX,,15.425000190734863,15.646400451660156,15.425000190734863,15.646400451660156,3138.0
2026-08-05 11:12:00,OFIX,,10.84000015258789,10.84000015258789,10.84000015258789,10.84000015258789,442.0
2026-08-05 11:12:00,OKTA,,148.32000732421875,148.32000732421875,148.2050018310547,148.2050018310547,1009.0
2026-08-05 11:12:00,OLLI,,78.30000305175781,78.45999908447266,78.30000305175781,78.45999908447266,2837.0
2026-08-05 11:12:00,OMER,,12.84630012512207,12.84630012512207,12.84630012512207,12.84630012512207,1046.0
2026-08-05 11:12:00,OMH,,0.11010000109672546,0.11069999635219574,0.10999999940395355,0.11069999635219574,17516.0
2026-08-05 11:12:00,ON,,77.79000091552734,77.87950134277344,77.62999725341797,77.63999938964844,40007.0
2026-08-05 11:12:00,ONB,,27.1299991607666,27.139999389648438,27.1299991607666,27.13360023498535,7200.0
2026-08-05 11:12:00,ONCY,,0.7893000245094299,0.7893000245094299,0.7860000133514404,0.7860000133514404,1201.0
2026-08-05 11:12:00,ONDS,,8.829899787902832,8.84000015258789,8.819999694824219,8.824999809265137,148543.0
2026-08-05 11:12:00,ONFO,,0.07349999994039536,0.07410000264644623,0.0729999989271164,0.0731000006198883,267081.0
2026-08-05 11:12:00,ONMD,,0.670799970626831,0.6761999726295471,0.670799970626831,0.6761999726295471,903.0
2026-08-05 11:12:00,OPCH,,23.399999618530273,23.40999984741211,23.399999618530273,23.399999618530273,2633.0
2026-08-05 11:12:00,OPEN,,3.9000000953674316,3.9100000858306885,3.8949999809265137,3.8949999809265137,73134.0
2026-08-05 11:12:00,OPK,,1.315000057220459,1.3200000524520874,1.3100999593734741,1.3100999593734741,3695.0
2026-08-05 11:12:00,OPRX,,6.75,6.75,6.75,6.75,359.0
2026-08-05 11:12:00,OPXS,,11.90999984741211,11.90999984741211,11.90999984741211,11.90999984741211,509.0
2026-08-05 11:12:00,ORIC,,13.34000015258789,13.34000015258789,13.329999923706055,13.329999923706055,2274.0
2026-08-05 11:12:00,ORLY,,93.0199966430664,93.16000366210938,93.0199966430664,93.13999938964844,35538.0
2026-08-05 11:12:00,OSIS,,235.24000549316406,235.4199981689453,235.24000549316406,235.4199981689453,186.0
2026-08-05 11:12:00,OSPN,,16.774999618530273,16.774999618530273,16.774999618530273,16.774999618530273,988.0
2026-08-05 11:12:00,OSS,,14.085000038146973,14.152600288391113,14.085000038146973,14.149999618530273,10161.0
2026-08-05 11:12:00,OTEX,,25.81999969482422,25.860000610351562,25.815000534057617,25.860000610351562,4154.0
2026-08-05 11:12:00,OTLK,,1.0099999904632568,1.010599970817566,1.0099999904632568,1.010599970817566,1514.0
2026-08-05 11:12:00,OVID,,2.630000114440918,2.630000114440918,2.630000114440918,2.630000114440918,2349.0
2026-08-05 11:12:00,OXLC,,9.100000381469727,9.100000381469727,9.099900245666504,9.099900245666504,590.0
2026-08-05 11:12:00,OXSQ,,1.4800000190734863,1.4800000190734863,1.4800000190734863,1.4800000190734863,392.0
2026-08-05 11:12:00,PAA,,23.200000762939453,23.200000762939453,23.18000030517578,23.18000030517578,8724.0
2026-08-05 11:12:00,PAAS,,48.51499938964844,48.560001373291016,48.45000076293945,48.47999954223633,14965.0
2026-08-05 11:12:00,PACB,,1.4249999523162842,1.4299999475479126,1.4199999570846558,1.4199999570846558,8785.0
2026-08-05 11:12:00,PAGP,,25.135000228881836,25.135000228881836,25.125,25.125,1491.0
2026-08-05 11:12:00,PALI,,2.0950000286102295,2.0950000286102295,2.0899999141693115,2.0950000286102295,1629.0
2026-08-05 11:12:00,PANW,,365.1300048828125,365.30999755859375,364.2900085449219,364.69000244140625,13722.0
2026-08-05 11:12:00,PATK,,88.06999969482422,88.06999969482422,88.06999969482422,88.06999969482422,1577.0
2026-08-05 11:12:00,PAX,,11.4399995803833,11.4399995803833,11.4399995803833,11.4399995803833,658.0
2026-08-05 11:12:00,PAYO,,7.130000114440918,7.130000114440918,7.130000114440918,7.130000114440918,702.0
2026-08-05 11:12:00,PAYX,,116.72000122070312,116.91999816894531,116.70999908447266,116.80000305175781,12816.0
2026-08-05 11:12:00,PCAR,,133.72500610351562,133.7899932861328,133.6999969482422,133.75999450683594,3481.0
2026-08-05 11:12:00,PCRX,,24.959999084472656,24.959999084472656,24.959999084472656,24.959999084472656,1145.0
2026-08-05 11:12:00,PCT,,6.954999923706055,6.954999923706055,6.954999923706055,6.954999923706055,279.0
2026-08-05 11:12:00,PCTY,,146.14500427246094,146.52499389648438,146.14500427246094,146.52499389648438,1212.0
2026-08-05 11:12:00,PDD,,91.5199966430664,91.59500122070312,91.48999786376953,91.50499725341797,22134.0
2026-08-05 11:12:00,PDLB,,20.549999237060547,20.549999237060547,20.549999237060547,20.549999237060547,865.0
2026-08-05 11:12:00,PECO,,41.36000061035156,41.36000061035156,41.36000061035156,41.36000061035156,462.0
2026-08-05 11:12:00,PEGA,,31.5,31.540000915527344,31.5,31.540000915527344,3649.0
2026-08-05 11:12:00,PENN,,19.899999618530273,19.920000076293945,19.899999618530273,19.915000915527344,3177.0
2026-08-05 11:12:00,PEP,,138.3000030517578,138.36000061035156,138.28500366210938,138.33999633789062,6249.0
2026-08-05 11:12:00,PERI,,9.550000190734863,9.550000190734863,9.550000190734863,9.550000190734863,483.0
2026-08-05 11:12:00,PETS,,1.9850000143051147,1.9850000143051147,1.9850000143051147,1.9850000143051147,327.0
2026-08-05 11:12:00,PFG,,114.3499984741211,114.4000015258789,114.3499984741211,114.4000015258789,693.0
2026-08-05 11:12:00,PGEN,,6.985000133514404,6.988800048828125,6.980000019073486,6.980000019073486,4624.0
2026-08-05 11:12:00,PGY,,21.739999771118164,21.760000228881836,21.739999771118164,21.760000228881836,2284.0
2026-08-05 11:12:00,PHAT,,8.550100326538086,8.5600004196167,8.539999961853027,8.539999961853027,3022.0
2026-08-05 11:12:00,PHVS,,33.22999954223633,33.22999954223633,33.22999954223633,33.22999954223633,223.0
2026-08-05 11:12:00,PLMR,,135.47000122070312,135.47000122070312,135.24000549316406,135.24000549316406,384.0
2026-08-05 11:12:00,PLSE,,36.95000076293945,36.95000076293945,36.95000076293945,36.95000076293945,147.0
2026-08-05 11:12:00,PLTK,,4.014999866485596,4.019999980926514,4.005000114440918,4.019999980926514,14018.0
2026-08-05 11:12:00,PLUG,,2.1050000190734863,2.109999895095825,2.0999999046325684,2.1098999977111816,62633.0
2026-08-05 11:12:00,PNFP,,108.11000061035156,108.11000061035156,108.11000061035156,108.11000061035156,597.0
2026-08-05 11:12:00,PNTG,,38.790000915527344,38.790000915527344,38.790000915527344,38.790000915527344,793.0
2026-08-05 11:12:00,PODC,,3.5,3.5,3.5,3.5,1061.0
2026-08-05 11:12:00,POET,,8.289999961853027,8.305000305175781,8.270000457763672,8.270000457763672,24221.0
2026-08-05 11:12:00,POOL,,204.35000610351562,204.35000610351562,204.01499938964844,204.01499938964844,4298.0
2026-08-05 11:12:00,POWI,,62.08000183105469,62.08000183105469,62.08000183105469,62.08000183105469,330.0
2026-08-05 11:12:00,POWL,,211.7899932861328,212.35000610351562,211.41000366210938,211.47000122070312,5809.0
2026-08-05 11:12:00,PPC,,26.71500015258789,26.725000381469727,26.71500015258789,26.725000381469727,1288.0
2026-08-05 11:12:00,PPTA,,22.8700008392334,22.8700008392334,22.84000015258789,22.84000015258789,1195.0
2026-08-05 11:12:00,PRAA,,17.309999465942383,17.350000381469727,17.309999465942383,17.350000381469727,1443.0
2026-08-05 11:12:00,PRCH,,16.05500030517578,16.094999313354492,16.049999237060547,16.094999313354492,1862.0
2026-08-05 11:12:00,PRCT,,19.170000076293945,19.204999923706055,19.149999618530273,19.190000534057617,2446.0
2026-08-05 11:12:00,PRDO,,33.119998931884766,33.130001068115234,33.119998931884766,33.130001068115234,816.0
2026-08-05 11:12:00,PRIM,,86.46499633789062,86.55000305175781,86.37000274658203,86.52249908447266,2681.0
2026-08-05 11:12:00,PRME,,2.9800000190734863,2.9800000190734863,2.9800000190734863,2.9800000190734863,1318.0
2026-08-05 11:12:00,PRTA,,8.59000015258789,8.600000381469727,8.59000015258789,8.600000381469727,643.0
2026-08-05 11:12:00,PRTH,,6.619999885559082,6.619999885559082,6.619999885559082,6.619999885559082,801.0
2026-08-05 11:12:00,PRVA,,24.040000915527344,24.059999465942383,24.020000457763672,24.059999465942383,4476.0
2026-08-05 11:12:00,PRZO,,0.5533999800682068,0.5533999800682068,0.5533999800682068,0.5533999800682068,1772.0
2026-08-05 11:12:00,PSNL,,13.600000381469727,13.600000381469727,13.600000381469727,13.600000381469727,1536.0
2026-08-05 11:12:00,PSNY,,14.036999702453613,14.179699897766113,14.036999702453613,14.179699897766113,990.0
2026-08-05 11:12:00,PTCT,,69.55999755859375,69.55999755859375,69.55999755859375,69.55999755859375,1459.0
2026-08-05 11:12:00,PTEN,,9.800000190734863,9.800000190734863,9.795000076293945,9.800000190734863,2936.0
2026-08-05 11:12:00,PTLO,,4.585000038146973,4.585000038146973,4.585000038146973,4.585000038146973,249.0
2026-08-05 11:12:00,PTON,,6.519999980926514,6.539999961853027,6.519999980926514,6.525000095367432,12459.0
2026-08-05 11:12:00,PWP,,17.440000534057617,17.489999771118164,17.440000534057617,17.489999771118164,2157.0
2026-08-05 11:12:00,PYPD,,4.480000019073486,4.480000019073486,4.474999904632568,4.474999904632568,200.0
2026-08-05 11:12:00,PYPL,,58.39860153198242,58.43000030517578,58.39500045776367,58.43000030517578,15627.0
2026-08-05 11:12:00,PZZA,,30.604999542236328,30.604999542236328,30.579999923706055,30.579999923706055,1445.0
2026-08-05 11:12:00,QCOM,,158.49000549316406,158.63499450683594,158.3800048828125,158.4375,13797.0
2026-08-05 11:12:00,QFIN,,13.380000114440918,13.385000228881836,13.380000114440918,13.385000228881836,365.0
2026-08-05 11:12:00,QRVO,,94.3499984741211,94.36000061035156,94.3499984741211,94.36000061035156,451.0
2026-08-05 11:12:00,SEED,,0.9765999913215637,0.9765999913215637,0.9765999913215637,0.9765999913215637,803.0
2026-08-05 11:12:00,STIM,,2.280100107192993,2.289900064468384,2.2750000953674316,2.289900064468384,11544.0
2026-08-05 11:12:00,STKS,,1.75,1.75,1.75,1.75,2.0
2026-08-05 11:12:00,WOOF,,2.944999933242798,2.944999933242798,2.944999933242798,2.944999933242798,1717.0
2026-08-05 11:13:00,ACDC,,4.355000019073486,4.355000019073486,4.34499979019165,4.355000019073486,5079.0
2026-08-05 11:13:00,BPOP,,177.67999267578125,177.7100067138672,177.67999267578125,177.7100067138672,1476.0
2026-08-05 11:13:00,EYE,,23.229999542236328,23.25,23.209999084472656,23.239999771118164,2125.0
2026-08-05 11:13:00,GLUE,,15.880000114440918,15.890000343322754,15.869999885559082,15.890000343322754,2660.0
2026-08-05 11:13:00,KIDS,,20.94499969482422,20.94499969482422,20.94499969482422,20.94499969482422,667.0
2026-08-05 11:13:00,LUNG,,1.9049999713897705,1.9049999713897705,1.9049999713897705,1.9049999713897705,794.0
2026-08-05 11:13:00,MBRX,,0.41999998688697815,0.41999998688697815,0.4146000146865845,0.4146000146865845,10298.0
2026-08-05 11:13:00,MDB,,378.44500732421875,378.44500732421875,378.44500732421875,378.44500732421875,247.0
2026-08-05 11:13:00,MDLZ,,62.01499938964844,62.01499938964844,61.959999084472656,61.970001220703125,7388.0
2026-08-05 11:13:00,MLTX,,17.65999984741211,17.670000076293945,17.65999984741211,17.670000076293945,967.0
2026-08-05 11:13:00,MNST,,94.80999755859375,94.80999755859375,94.7699966430664,94.79000091552734,4927.0
2026-08-05 11:13:00,MOVE,,11.84000015258789,11.84000015258789,11.84000015258789,11.84000015258789,927.0
2026-08-05 11:13:00,MPWR,,1323.800048828125,1326.2349853515625,1323.800048828125,1326.219970703125,784.0
2026-08-05 11:13:00,MRNA,,57.70000076293945,57.744998931884766,57.657501220703125,57.744998931884766,9988.0
2026-08-05 11:13:00,MYGN,,3.234999895095825,3.240000009536743,3.234999895095825,3.240000009536743,1917.0
2026-08-05 11:13:00,MYRG,,341.0849914550781,341.0899963378906,341.0849914550781,341.0899963378906,1229.0
2026-08-05 11:13:00,NAVI,,9.100000381469727,9.100000381469727,9.100000381469727,9.100000381469727,937.0
2026-08-05 11:13:00,NB,,5.070000171661377,5.079999923706055,5.054999828338623,5.074999809265137,45124.0
2026-08-05 11:13:00,NCMI,,4.090000152587891,4.090000152587891,4.085000038146973,4.085000038146973,1997.0
2026-08-05 11:13:00,NDAQ,,94.77999877929688,94.77999877929688,94.77999877929688,94.77999877929688,255.0
2026-08-05 11:13:00,NDSN,,310.8900146484375,310.9700012207031,310.8900146484375,310.9700012207031,686.0
2026-08-05 11:13:00,NEGG,,17.014999389648438,17.014999389648438,17.014999389648438,17.014999389648438,100.0
2026-08-05 11:13:00,NEO,,16.170000076293945,16.170000076293945,16.15999984741211,16.15999984741211,1002.0
2026-08-05 11:13:00,NEOG,,11.585000038146973,11.585000038146973,11.585000038146973,11.585000038146973,4128.0
2026-08-05 11:13:00,NEOV,,2.821199893951416,2.8499999046325684,2.821199893951416,2.8499999046325684,1757.0
2026-08-05 11:13:00,NEOVW,,1.1999000310897827,1.1999000310897827,1.1999000310897827,1.1999000310897827,101.0
2026-08-05 11:13:00,NESR,,28.65999984741211,28.709999084472656,28.65999984741211,28.709999084472656,1522.0
2026-08-05 11:13:00,NEXT,,6.414999961853027,6.414999961853027,6.40500020980835,6.4079999923706055,22427.0
2026-08-05 11:13:00,NFE,,0.3352999985218048,0.3352999985218048,0.3352999985218048,0.3352999985218048,293.0
2026-08-05 11:13:00,NFLX,,73.9800033569336,73.98999786376953,73.91999816894531,73.93000030517578,53211.0
2026-08-05 11:13:00,NGNE,,35.27000045776367,35.27000045776367,35.029998779296875,35.029998779296875,216.0
2026-08-05 11:13:00,NICE,,95.26000213623047,95.69000244140625,95.26000213623047,95.69000244140625,663.0
2026-08-05 11:13:00,NKTR,,73.4000015258789,73.4000015258789,73.4000015258789,73.4000015258789,1131.0
2026-08-05 11:13:00,NMFC,,7.315000057220459,7.320000171661377,7.304999828338623,7.304999828338623,8916.0
2026-08-05 11:13:00,NMRK,,15.729999542236328,15.729999542236328,15.729999542236328,15.729999542236328,980.0
2026-08-05 11:13:00,NN,,14.199999809265137,14.229999542236328,14.199999809265137,14.229999542236328,8139.0
2026-08-05 11:13:00,NNBR,,3.819999933242798,3.819999933242798,3.809999942779541,3.809999942779541,3130.0
2026-08-05 11:13:00,NNDM,,1.534999966621399,1.5384999513626099,1.5312999486923218,1.5312999486923218,4280.0
2026-08-05 11:13:00,NOVT,,157.58999633789062,157.58999633789062,157.58999633789062,157.58999633789062,506.0
2026-08-05 11:13:00,NRDS,,9.229999542236328,9.229999542236328,9.21500015258789,9.21500015258789,580.0
2026-08-05 11:13:00,NSSC,,40.19499969482422,40.19499969482422,40.19499969482422,40.19499969482422,883.0
2026-08-05 11:13:00,NTAP,,189.9250030517578,190.4199981689453,189.9250030517578,190.4199981689453,10234.0
2026-08-05 11:13:00,NTES,,128.02000427246094,128.02000427246094,128.01019287109375,128.01019287109375,1185.0
2026-08-05 11:13:00,NTNX,,60.689998626708984,60.71500015258789,60.67959976196289,60.67959976196289,7329.0
2026-08-05 11:13:00,NTRA,,277.260009765625,277.260009765625,277.260009765625,277.260009765625,1043.0
2026-08-05 11:13:00,NTRS,,184.4499969482422,184.5449981689453,184.4499969482422,184.52000427246094,3088.0
2026-08-05 11:13:00,NUWE,,1.7000000476837158,1.725000023841858,1.7000000476837158,1.7200000286102295,20328.0
2026-08-05 11:13:00,NVAX,,7.675000190734863,7.679999828338623,7.675000190734863,7.679999828338623,1594.0
2026-08-05 11:13:00,NVCR,,16.110000610351562,16.139999389648438,16.110000610351562,16.139999389648438,5722.0
2026-08-05 11:13:00,NVDA,,219.33999633789062,219.65159606933594,219.2899932861328,219.33999633789062,206745.0
2026-08-05 11:13:00,NVMI,,409.5150146484375,410.19989013671875,409.5150146484375,409.8399963378906,1210.0
2026-08-05 11:13:00,NVTS,,12.4399995803833,12.5,12.430000305175781,12.494999885559082,53651.0
2026-08-05 11:13:00,NWBI,,15.970000267028809,15.970000267028809,15.970000267028809,15.970000267028809,1410.0
2026-08-05 11:13:00,NWL,,6.201099872589111,6.210000038146973,6.199999809265137,6.210000038146973,6653.0
2026-08-05 11:13:00,NWS,,32.2400016784668,32.2400016784668,32.220001220703125,32.220001220703125,3129.0
2026-08-05 11:13:00,NWSA,,28.18000030517578,28.18000030517578,28.15999984741211,28.15999984741211,5868.0
2026-08-05 11:13:00,NXPI,,230.86000061035156,231.14500427246094,230.86000061035156,231.14500427246094,5200.0
2026-08-05 11:13:00,NXT,,98.38500213623047,98.73500061035156,98.37999725341797,98.63099670410156,3230.0
2026-08-05 11:13:00,NXTC,,5.150000095367432,5.150000095367432,5.150000095367432,5.150000095367432,200.0
2026-08-05 11:13:00,OABI,,2.075000047683716,2.075000047683716,2.065000057220459,2.068000078201294,12463.0
2026-08-05 11:13:00,OCFC,,19.80500030517578,19.80500030517578,19.80500030517578,19.80500030517578,975.0
2026-08-05 11:13:00,OCGN,,1.2949999570846558,1.2999999523162842,1.2899999618530273,1.2999999523162842,45181.0
2026-08-05 11:13:00,OCS,,12.130000114440918,12.130000114440918,12.130000114440918,12.130000114440918,506.0
2026-08-05 11:13:00,OCSL,,12.095000267028809,12.104999542236328,12.074999809265137,12.104999542236328,8026.0
2026-08-05 11:13:00,OCUL,,8.59000015258789,8.59000015258789,8.59000015258789,8.59000015258789,1343.0
2026-08-05 11:13:00,ODD,,15.109999656677246,15.130000114440918,15.09000015258789,15.130000114440918,2209.0
2026-08-05 11:13:00,ODFL,,215.1925048828125,215.2899932861328,215.1925048828125,215.2899932861328,2109.0
2026-08-05 11:13:00,OESX,,15.649900436401367,15.649900436401367,15.3100004196167,15.425000190734863,1036.0
2026-08-05 11:13:00,OFIX,,10.84000015258789,10.84000015258789,10.84000015258789,10.84000015258789,203.0
2026-08-05 11:13:00,OGI,,0.9631999731063843,0.9631999731063843,0.9631999731063843,0.9631999731063843,1041.0
2026-08-05 11:13:00,OKTA,,148.17999267578125,148.17999267578125,148.17999267578125,148.17999267578125,250.0
2026-08-05 11:13:00,OLLI,,78.4000015258789,78.4000015258789,78.30000305175781,78.37000274658203,3140.0
2026-08-05 11:13:00,OMCL,,37.310001373291016,37.310001373291016,37.27000045776367,37.290000915527344,618.0
2026-08-05 11:13:00,OMER,,12.829999923706055,12.849900245666504,12.829999923706055,12.849900245666504,2071.0
2026-08-05 11:13:00,OMH,,0.10999999940395355,0.10999999940395355,0.10999999940395355,0.10999999940395355,200.0
2026-08-05 11:13:00,ON,,77.58999633789062,77.80000305175781,77.55000305175781,77.76499938964844,62780.0
2026-08-05 11:13:00,ONB,,27.1200008392334,27.125,27.1200008392334,27.125,2096.0
2026-08-05 11:13:00,ONDS,,8.805000305175781,8.829999923706055,8.800000190734863,8.824999809265137,154590.0
2026-08-05 11:13:00,ONFO,,0.07609999924898148,0.07620000094175339,0.07410000264644623,0.07410000264644623,149263.0
2026-08-05 11:13:00,ONMD,,0.6746000051498413,0.6746000051498413,0.6746000051498413,0.6746000051498413,114.0
2026-08-05 11:13:00,OPCH,,23.399999618530273,23.399999618530273,23.399999618530273,23.399999618530273,399.0
2026-08-05 11:13:00,OPEN,,3.8949999809265137,3.9049999713897705,3.890000104904175,3.900099992752075,77282.0
2026-08-05 11:13:00,OPRT,,6.119999885559082,6.125,6.119999885559082,6.125,6115.0
2026-08-05 11:13:00,ORGO,,2.375,2.3949999809265137,2.375,2.3949999809265137,14705.0
2026-08-05 11:13:00,ORIC,,13.345000267028809,13.345000267028809,13.345000267028809,13.345000267028809,498.0
2026-08-05 11:13:00,ORLY,,93.05999755859375,93.05999755859375,92.96499633789062,93.0199966430664,32760.0
2026-08-05 11:13:00,OSBC,,25.844999313354492,25.844999313354492,25.829999923706055,25.829999923706055,4635.0
2026-08-05 11:13:00,OSIS,,235.09500122070312,235.24000549316406,235.09500122070312,235.24000549316406,584.0
2026-08-05 11:13:00,OSS,,14.0,14.085000038146973,14.0,14.085000038146973,6143.0
2026-08-05 11:13:00,OTEX,,25.844999313354492,25.844999313354492,25.825000762939453,25.825000762939453,3026.0
2026-08-05 11:13:00,OTLK,,1.0099999904632568,1.0149999856948853,1.0099999904632568,1.0149999856948853,2794.0
2026-08-05 11:13:00,OTTR,,92.6500015258789,92.6500015258789,92.6500015258789,92.6500015258789,229.0
2026-08-05 11:13:00,OXLC,,9.100000381469727,9.100000381469727,9.100000381469727,9.100000381469727,1734.0
2026-08-05 11:13:00,OXSQ,,1.4823999404907227,1.4850000143051147,1.4823999404907227,1.4850000143051147,2639.0
2026-08-05 11:13:00,PAA,,23.204999923706055,23.260000228881836,23.204999923706055,23.209999084472656,12656.0
2026-08-05 11:13:00,PAAS,,48.470001220703125,48.5,48.439998626708984,48.470001220703125,13034.0
2026-08-05 11:13:00,PACB,,1.4249999523162842,1.4249999523162842,1.4249999523162842,1.4249999523162842,976.0
2026-08-05 11:13:00,PAGP,,25.15999984741211,25.18000030517578,25.139999389648438,25.139999389648438,6197.0
2026-08-05 11:13:00,PALI,,2.0950000286102295,2.0950000286102295,2.0899999141693115,2.0950000286102295,748.0
2026-08-05 11:13:00,PANL,,7.289999961853027,7.289999961853027,7.289999961853027,7.289999961853027,666.0
2026-08-05 11:13:00,PANW,,365.5450134277344,365.75,365.20001220703125,365.20001220703125,8598.0
2026-08-05 11:13:00,PAX,,11.414999961853027,11.430000305175781,11.414999961853027,11.430000305175781,2402.0
2026-08-05 11:13:00,PAYO,,7.125,7.125,7.119999885559082,7.119999885559082,3573.0
2026-08-05 11:13:00,PAYX,,116.88500213623047,116.9000015258789,116.70999908447266,116.70999908447266,6653.0
2026-08-05 11:13:00,PCAR,,133.56500244140625,133.7100067138672,133.56500244140625,133.7100067138672,2388.0
2026-08-05 11:13:00,PCT,,6.940000057220459,6.949999809265137,6.940000057220459,6.949999809265137,3098.0
2026-08-05 11:13:00,PCTY,,146.38250732421875,146.38250732421875,146.38250732421875,146.38250732421875,883.0
2026-08-05 11:13:00,PDD,,91.52999877929688,91.54000091552734,91.47000122070312,91.5199966430664,28647.0
2026-08-05 11:13:00,PDFS,,50.380001068115234,50.380001068115234,50.380001068115234,50.380001068115234,3705.0
2026-08-05 11:13:00,PECO,,41.34000015258789,41.34000015258789,41.34000015258789,41.34000015258789,763.0
2026-08-05 11:13:00,PENN,,19.8700008392334,19.8799991607666,19.8700008392334,19.8799991607666,2313.0
2026-08-05 11:13:00,PEP,,138.35000610351562,138.3699951171875,138.27000427246094,138.30499267578125,8085.0
2026-08-05 11:13:00,PEPG,,1.9199999570846558,1.9199999570846558,1.9199999570846558,1.9199999570846558,447.0
2026-08-05 11:13:00,PERI,,9.5649995803833,9.5649995803833,9.550000190734863,9.550000190734863,1283.0
2026-08-05 11:13:00,PFG,,114.18499755859375,114.2699966430664,114.16000366210938,114.19999694824219,3078.0
2026-08-05 11:13:00,PGEN,,6.974999904632568,6.985000133514404,6.96999979019165,6.985000133514404,8869.0
2026-08-05 11:13:00,PGY,,21.760000228881836,21.780000686645508,21.729999542236328,21.729999542236328,9033.0
2026-08-05 11:13:00,PHIO,,1.059999942779541,1.059999942779541,1.059999942779541,1.059999942779541,200.0
2026-08-05 11:13:00,PHVS,,33.09000015258789,33.2400016784668,33.09000015258789,33.2400016784668,1921.0
2026-08-05 11:13:00,PLAB,,32.150001525878906,32.18000030517578,32.150001525878906,32.18000030517578,2532.0
2026-08-05 11:13:00,PLRX,,1.051200032234192,1.051200032234192,1.051200032234192,1.051200032234192,398.0
2026-08-05 11:13:00,PLTK,,4.025000095367432,4.03000020980835,4.014999866485596,4.019999980926514,4593.0
2026-08-05 11:13:00,PLUG,,2.100100040435791,2.1098999977111816,2.0999999046325684,2.1080000400543213,16872.0
2026-08-05 11:13:00,PLXS,,273.5899963378906,274.1199951171875,273.5899963378906,273.5899963378906,13176.0
2026-08-05 11:13:00,PNFP,,108.05999755859375,108.08000183105469,108.05999755859375,108.08000183105469,693.0
2026-08-05 11:13:00,POET,,8.265000343322754,8.289999961853027,8.260299682617188,8.289999961853027,6560.0
2026-08-05 11:13:00,POOL,,204.50999450683594,204.50999450683594,204.50999450683594,204.50999450683594,528.0
2026-08-05 11:13:00,POWI,,62.119998931884766,62.1349983215332,62.119998931884766,62.1349983215332,1988.0
2026-08-05 11:13:00,POWL,,210.78199768066406,211.24000549316406,210.78199768066406,211.24000549316406,1444.0
2026-08-05 11:13:00,PPC,,26.71500015258789,26.71500015258789,26.700000762939453,26.71500015258789,748.0
2026-08-05 11:13:00,PPTA,,22.739999771118164,22.83769989013672,22.739999771118164,22.799999237060547,5153.0
2026-08-05 11:13:00,PRAA,,17.329999923706055,17.34000015258789,17.299999237060547,17.299999237060547,1111.0
2026-08-05 11:13:00,PRAX,,313.2900085449219,313.2900085449219,313.2900085449219,313.2900085449219,255.0
2026-08-05 11:13:00,PRCH,,16.079999923706055,16.079999923706055,16.06999969482422,16.06999969482422,2811.0
2026-08-05 11:13:00,PRCT,,19.190000534057617,19.190000534057617,19.165000915527344,19.190000534057617,2714.0
2026-08-05 11:13:00,PRDO,,33.02000045776367,33.04999923706055,33.02000045776367,33.04999923706055,1653.0
2026-08-05 11:13:00,PRIM,,86.28500366210938,86.47000122070312,86.28500366210938,86.47000122070312,2027.0
2026-08-05 11:13:00,PRME,,2.9749999046325684,2.9749999046325684,2.9700000286102295,2.9700000286102295,771.0
2026-08-05 11:13:00,PROF,,8.119999885559082,8.119999885559082,8.119999885559082,8.119999885559082,2512.0
2026-08-05 11:13:00,PRQR,,1.9049999713897705,1.9049999713897705,1.9049999713897705,1.9049999713897705,392.0
2026-08-05 11:13:00,PRTA,,8.59000015258789,8.59000015258789,8.585000038146973,8.585000038146973,1533.0
2026-08-05 11:13:00,PRVA,,24.059999465942383,24.059999465942383,24.040000915527344,24.049999237060547,4964.0
2026-08-05 11:13:00,PSEC,,2.194999933242798,2.200000047683716,2.190000057220459,2.194999933242798,3774.0
2026-08-05 11:13:00,PSNL,,13.600000381469727,13.600000381469727,13.600000381469727,13.600000381469727,835.0
2026-08-05 11:13:00,PSNY,,14.010000228881836,14.029999732971191,14.010000228881836,14.029999732971191,824.0
2026-08-05 11:13:00,PTC,,140.22000122070312,140.22000122070312,140.22000122070312,140.22000122070312,1148.0
2026-08-05 11:13:00,PTCT,,69.55999755859375,69.55999755859375,69.55999755859375,69.55999755859375,567.0
2026-08-05 11:13:00,PTEN,,9.789999961853027,9.805000305175781,9.789999961853027,9.805000305175781,8772.0
2026-08-05 11:13:00,PTLO,,4.579999923706055,4.579999923706055,4.579999923706055,4.579999923706055,1009.0
2026-08-05 11:13:00,PTON,,6.519999980926514,6.53000020980835,6.519999980926514,6.53000020980835,8423.0
2026-08-05 11:13:00,PWP,,17.424999237060547,17.44499969482422,17.424999237060547,17.43000030517578,2812.0
2026-08-05 11:13:00,PYPD,,4.474999904632568,4.474999904632568,4.474999904632568,4.474999904632568,84.0
2026-08-05 11:13:00,PYPL,,58.41999816894531,58.42499923706055,58.380001068115234,58.38999938964844,13307.0
2026-08-05 11:13:00,PZZA,,30.600000381469727,30.600000381469727,30.584999084472656,30.584999084472656,2379.0
2026-08-05 11:13:00,QCOM,,158.10000610351562,158.4976043701172,158.00999450683594,158.49000549316406,16111.0
2026-08-05 11:13:00,QFIN,,13.359999656677246,13.380000114440918,13.359999656677246,13.380000114440918,1117.0
2026-08-05 11:13:00,QQQX,,30.42569923400879,30.42569923400879,30.42569923400879,30.42569923400879,494.0
2026-08-05 11:13:00,QRVO,,94.33999633789062,94.37999725341797,94.28500366210938,94.28500366210938,1084.0
2026-08-05 11:13:00,SEED,,0.9750000238418579,0.9800000190734863,0.9715999960899353,0.9715999960899353,1900.0
2026-08-05 11:13:00,STIM,,2.2750000953674316,2.2799999713897705,2.2699999809265137,2.2699999809265137,13238.0
2026-08-05 11:13:00,WOOF,,2.9460999965667725,2.9460999965667725,2.9460999965667725,2.9460999965667725,2987.0
2026-08-05 11:14:00,ACDC,,4.375,4.375,4.320000171661377,4.349999904632568,54185.0
2026-08-05 11:14:00,CASH,,89.45999908447266,89.45999908447266,89.45999908447266,89.45999908447266,369.0
2026-08-05 11:14:00,EYE,,23.225000381469727,23.229999542236328,23.225000381469727,23.229999542236328,1295.0
2026-08-05 11:14:00,GLUE,,15.880000114440918,15.880000114440918,15.880000114440918,15.880000114440918,1247.0
2026-08-05 11:14:00,MBRX,,0.41990000009536743,0.41990000009536743,0.41600000858306885,0.41990000009536743,1585.0
2026-08-05 11:14:00,MDB,,378.4775085449219,378.739990234375,378.1300048828125,378.4150085449219,4214.0
2026-08-05 11:14:00,MDLZ,,62.0,62.029998779296875,61.974998474121094,62.02000045776367,21033.0
2026-08-05 11:14:00,MLTX,,17.6299991607666,17.6299991607666,17.6299991607666,17.6299991607666,953.0
2026-08-05 11:14:00,MNPR,,117.70500183105469,117.70500183105469,116.0,116.0,4423.0
2026-08-05 11:14:00,MNST,,94.8499984741211,94.87999725341797,94.83000183105469,94.83000183105469,7767.0
2026-08-05 11:14:00,MNTS,,4.388199806213379,4.388199806213379,4.369999885559082,4.369999885559082,1064.0
2026-08-05 11:14:00,MORN,,199.9774932861328,199.9774932861328,199.9774932861328,199.9774932861328,199.0
2026-08-05 11:14:00,MPWR,,1320.510009765625,1322.25,1319.135009765625,1321.2099609375,833.0
2026-08-05 11:14:00,MRNA,,57.6349983215332,57.709999084472656,57.6349983215332,57.685001373291016,7467.0
2026-08-05 11:14:00,MYGN,,3.234999895095825,3.239000082015991,3.234999895095825,3.234999895095825,3826.0
2026-08-05 11:14:00,MYRG,,340.9700012207031,340.9700012207031,340.9700012207031,340.9700012207031,142.0
2026-08-05 11:14:00,NAUT,,0.9732999801635742,0.9732999801635742,0.9732999801635742,0.9732999801635742,795.0
2026-08-05 11:14:00,NB,,5.074999809265137,5.075200080871582,5.074999809265137,5.074999809265137,4626.0
2026-08-05 11:14:00,NBIX,,164.39999389648438,164.39999389648438,164.27000427246094,164.27000427246094,2352.0
2026-08-05 11:14:00,NDAQ,,94.68000030517578,94.7750015258789,94.68000030517578,94.76499938964844,2948.0
2026-08-05 11:14:00,NDLS,,17.520000457763672,18.06999969482422,17.520000457763672,17.799999237060547,3234.0
2026-08-05 11:14:00,NDSN,,310.94500732421875,310.94500732421875,310.94500732421875,310.94500732421875,150.0
2026-08-05 11:14:00,NEGG,,16.559999465942383,16.790000915527344,16.559999465942383,16.770000457763672,2634.0
2026-08-05 11:14:00,NEO,,16.149999618530273,16.170000076293945,16.149999618530273,16.170000076293945,1890.0
2026-08-05 11:14:00,NEOG,,11.585000038146973,11.585000038146973,11.574999809265137,11.579999923706055,9438.0
2026-08-05 11:14:00,NEOV,,2.8399999141693115,2.8399999141693115,2.8299999237060547,2.8299999237060547,2641.0
2026-08-05 11:14:00,NESR,,28.584999084472656,28.625,28.584999084472656,28.59000015258789,1565.0
2026-08-05 11:14:00,NEXT,,6.420000076293945,6.420000076293945,6.414999961853027,6.414999961853027,5363.0
2026-08-05 11:14:00,NFLX,,74.04499816894531,74.04499816894531,73.94000244140625,73.97000122070312,62867.0
2026-08-05 11:14:00,NGNE,,35.18000030517578,35.18000030517578,35.18000030517578,35.18000030517578,107.0
2026-08-05 11:14:00,NICE,,95.80000305175781,95.80000305175781,95.68000030517578,95.68000030517578,1932.0
2026-08-05 11:14:00,NKTR,,73.29000091552734,73.29000091552734,73.26000213623047,73.26000213623047,334.0
2026-08-05 11:14:00,NKTX,,2.174999952316284,2.180000066757202,2.174999952316284,2.180000066757202,1466.0
2026-08-05 11:14:00,NMFC,,7.315000057220459,7.315000057220459,7.315000057220459,7.315000057220459,4347.0
2026-08-05 11:14:00,NMIH,,44.459999084472656,44.459999084472656,44.42499923706055,44.42499923706055,1867.0
2026-08-05 11:14:00,NMRK,,15.720000267028809,15.725000381469727,15.71500015258789,15.725000381469727,2316.0
2026-08-05 11:14:00,NN,,14.220000267028809,14.220000267028809,14.1899995803833,14.1899995803833,5142.0
2026-08-05 11:14:00,NNBR,,3.809999942779541,3.815000057220459,3.809999942779541,3.815000057220459,532.0
2026-08-05 11:14:00,NNDM,,1.534999966621399,1.534999966621399,1.5312999486923218,1.534999966621399,4907.0
2026-08-05 11:14:00,NNOX,,1.0099999904632568,1.0099999904632568,1.0099999904632568,1.0099999904632568,517.0
2026-08-05 11:14:00,NOVT,,157.58999633789062,157.58999633789062,157.57000732421875,157.57000732421875,1355.0
2026-08-05 11:14:00,NTAP,,189.63499450683594,189.94500732421875,189.60000610351562,189.94500732421875,13584.0
2026-08-05 11:14:00,NTCT,,42.0099983215332,42.02000045776367,42.0099983215332,42.0099983215332,1586.0
2026-08-05 11:14:00,NTES,,127.93000030517578,127.94000244140625,127.92009735107422,127.92009735107422,1031.0
2026-08-05 11:14:00,NTGR,,24.149999618530273,24.15999984741211,24.149999618530273,24.149999618530273,917.0
2026-08-05 11:14:00,NTNX,,60.70000076293945,60.709999084472656,60.68000030517578,60.70000076293945,3602.0
2026-08-05 11:14:00,NTRA,,277.07501220703125,277.07501220703125,277.07501220703125,277.07501220703125,519.0
2026-08-05 11:14:00,NUWE,,1.7300000190734863,1.7300000190734863,1.7045999765396118,1.7045999765396118,2154.0
2026-08-05 11:14:00,NVAX,,7.679999828338623,7.679999828338623,7.675000190734863,7.675000190734863,851.0
2026-08-05 11:14:00,NVDA,,219.33999633789062,219.52999877929688,219.2700958251953,219.35000610351562,265130.0
2026-08-05 11:14:00,NVMI,,408.3599853515625,408.8299865722656,408.3599853515625,408.8299865722656,1300.0
2026-08-05 11:14:00,NVTS,,12.430000305175781,12.4399995803833,12.40999984741211,12.430000305175781,24301.0
2026-08-05 11:14:00,NWBI,,15.96500015258789,15.96500015258789,15.96500015258789,15.96500015258789,251.0
2026-08-05 11:14:00,NWL,,6.204999923706055,6.210000038146973,6.199999809265137,6.210000038146973,8148.0
2026-08-05 11:14:00,NWS,,32.25,32.25,32.25,32.25,2891.0
2026-08-05 11:14:00,NWSA,,28.19499969482422,28.200000762939453,28.19499969482422,28.200000762939453,2444.0
2026-08-05 11:14:00,NXPI,,230.6699981689453,230.6699981689453,230.51499938964844,230.5800018310547,3993.0
2026-08-05 11:14:00,NXT,,98.3499984741211,98.38999938964844,98.27999877929688,98.38999938964844,6309.0
2026-08-05 11:14:00,NXTC,,5.150000095367432,5.150000095367432,5.150000095367432,5.150000095367432,100.0
2026-08-05 11:14:00,NYXH,,1.4299999475479126,1.4299999475479126,1.4299999475479126,1.4299999475479126,276.0
2026-08-05 11:14:00,OABI,,2.0799999237060547,2.0799999237060547,2.075000047683716,2.075000047683716,283.0
2026-08-05 11:14:00,OCC,,15.760000228881836,15.760000228881836,15.630000114440918,15.720000267028809,1243.0
2026-08-05 11:14:00,OCG,,1.690000057220459,1.690000057220459,1.6799999475479126,1.684999942779541,308.0
2026-08-05 11:14:00,OCGN,,1.309499979019165,1.3099000453948975,1.2899999618530273,1.2999999523162842,21186.0
2026-08-05 11:14:00,OCUL,,8.579999923706055,8.579999923706055,8.574999809265137,8.579999923706055,4930.0
2026-08-05 11:14:00,ODFL,,214.99000549316406,214.99000549316406,214.99000549316406,214.99000549316406,810.0
2026-08-05 11:14:00,OESX,,15.349599838256836,15.349599838256836,15.3100004196167,15.3100004196167,502.0
2026-08-05 11:14:00,OFIX,,10.84000015258789,10.856300354003906,10.84000015258789,10.856300354003906,1133.0
2026-08-05 11:14:00,OGI,,0.9621000289916992,0.9621000289916992,0.9621000289916992,0.9621000289916992,110.0
2026-08-05 11:14:00,OKTA,,148.35000610351562,148.38999938964844,148.35000610351562,148.38999938964844,1405.0
2026-08-05 11:14:00,OLB,,0.31139999628067017,0.3149999976158142,0.31139999628067017,0.3149999976158142,7375.0
2026-08-05 11:14:00,OLLI,,78.37000274658203,78.37999725341797,78.29499816894531,78.37999725341797,1939.0
2026-08-05 11:14:00,OLMA,,11.675000190734863,11.675000190734863,11.649999618530273,11.649999618530273,2830.0
2026-08-05 11:14:00,OMCL,,37.27000045776367,37.310001373291016,37.27000045776367,37.310001373291016,400.0
2026-08-05 11:14:00,OMER,,12.8149995803833,12.8149995803833,12.800000190734863,12.8100004196167,4109.0
2026-08-05 11:14:00,OMH,,0.11010000109672546,0.11010000109672546,0.11010000109672546,0.11010000109672546,11520.0
2026-08-05 11:14:00,ON,,77.5999984741211,77.6500015258789,77.5,77.58999633789062,24750.0
2026-08-05 11:14:00,ONB,,27.114999771118164,27.114999771118164,27.114999771118164,27.114999771118164,2066.0
2026-08-05 11:14:00,ONCO,,0.7900000214576721,0.7900999784469604,0.7900000214576721,0.7900999784469604,55.0
2026-08-05 11:14:00,ONDS,,8.789999961853027,8.800000190734863,8.789999961853027,8.800000190734863,94429.0
2026-08-05 11:14:00,ONFO,,0.07580000162124634,0.07649999856948853,0.0754999965429306,0.07620000094175339,152068.0
2026-08-05 11:14:00,OPCH,,23.399999618530273,23.420000076293945,23.399999618530273,23.420000076293945,1673.0
2026-08-05 11:14:00,OPEN,,3.9149999618530273,3.915600061416626,3.8949999809265137,3.8949999809265137,133741.0
2026-08-05 11:14:00,OPI,,18.93000030517578,18.940000534057617,18.899999618530273,18.899999618530273,2037.0
2026-08-05 11:14:00,OPRT,,6.114999771118164,6.114999771118164,6.114999771118164,6.114999771118164,141.0
2026-08-05 11:14:00,ORGO,,2.375,2.375,2.375,2.375,487.0
2026-08-05 11:14:00,ORIC,,13.369999885559082,13.369999885559082,13.329999923706055,13.329999923706055,2753.0
2026-08-05 11:14:00,ORLY,,93.03500366210938,93.09500122070312,92.9800033569336,93.04499816894531,31519.0
2026-08-05 11:14:00,OSBC,,25.84000015258789,25.844999313354492,25.81999969482422,25.84000015258789,12961.0
2026-08-05 11:14:00,OSS,,13.970000267028809,13.979999542236328,13.949999809265137,13.979999542236328,2082.0
2026-08-05 11:14:00,OSUR,,4.175000190734863,4.175000190734863,4.175000190734863,4.175000190734863,197.0
2026-08-05 11:14:00,OTEX,,25.850000381469727,25.850000381469727,25.84000015258789,25.850000381469727,2029.0
2026-08-05 11:14:00,OTLK,,1.0149999856948853,1.0199999809265137,1.0149999856948853,1.0199999809265137,1522.0
2026-08-05 11:14:00,OTTR,,92.72000122070312,92.72000122070312,92.66999816894531,92.72000122070312,740.0
2026-08-05 11:14:00,OVID,,2.630000114440918,2.630000114440918,2.625,2.625,869.0
2026-08-05 11:14:00,OXSQ,,1.4850000143051147,1.4900000095367432,1.4800000190734863,1.4800000190734863,7474.0
2026-08-05 11:14:00,PAA,,23.21500015258789,23.21500015258789,23.209999084472656,23.209999084472656,2613.0
2026-08-05 11:14:00,PAAS,,48.46500015258789,48.5,48.45000076293945,48.474853515625,11839.0
2026-08-05 11:14:00,PACB,,1.4249999523162842,1.4249999523162842,1.4199999570846558,1.4199999570846558,2328.0
2026-08-05 11:14:00,PAGP,,25.139999389648438,25.139999389648438,25.13010025024414,25.139999389648438,1099.0
2026-08-05 11:14:00,PALI,,2.0899999141693115,2.0999999046325684,2.0899999141693115,2.0999999046325684,3815.0
2026-08-05 11:14:00,PANW,,366.26251220703125,366.26251220703125,365.7550048828125,365.7550048828125,10331.0
2026-08-05 11:14:00,PATK,,87.81500244140625,87.81500244140625,87.81500244140625,87.81500244140625,817.0
2026-08-05 11:14:00,PAX,,11.414999961853027,11.414999961853027,11.414999961853027,11.414999961853027,523.0
2026-08-05 11:14:00,PAYO,,7.130000114440918,7.130000114440918,7.125,7.125,1870.0
2026-08-05 11:14:00,PAYX,,116.81999969482422,117.0,116.79000091552734,116.91000366210938,3423.0
2026-08-05 11:14:00,PCAR,,133.57000732421875,133.6199951171875,133.55999755859375,133.55999755859375,2840.0
2026-08-05 11:14:00,PCRX,,24.93000030517578,24.989999771118164,24.889999389648438,24.989999771118164,6282.0
2026-08-05 11:14:00,PCT,,6.909999847412109,6.920000076293945,6.909999847412109,6.920000076293945,1590.0
2026-08-05 11:14:00,PCTY,,146.42750549316406,146.77999877929688,146.42750549316406,146.69000244140625,1029.0
2026-08-05 11:14:00,PDD,,91.47000122070312,91.57499694824219,91.41000366210938,91.51020050048828,19658.0
2026-08-05 11:14:00,PDSB,,0.7050999999046326,0.7050999999046326,0.7050999999046326,0.7050999999046326,416.0
2026-08-05 11:14:00,PEGA,,31.565000534057617,31.575000762939453,31.530000686645508,31.530000686645508,1486.0
2026-08-05 11:14:00,PENN,,19.860000610351562,19.860000610351562,19.854999542236328,19.854999542236328,1364.0
2026-08-05 11:14:00,PEP,,138.38999938964844,138.4199981689453,138.3300018310547,138.3800048828125,12365.0
2026-08-05 11:14:00,PERI,,9.5600004196167,9.5649995803833,9.5600004196167,9.5649995803833,586.0
2026-08-05 11:14:00,PESI,,17.6200008392334,17.809999465942383,17.6200008392334,17.809999465942383,1931.0
2026-08-05 11:14:00,PFG,,114.21499633789062,114.21499633789062,114.21499633789062,114.21499633789062,880.0
2026-08-05 11:14:00,PGEN,,6.965000152587891,6.980000019073486,6.960000038146973,6.96999979019165,33079.0
2026-08-05 11:14:00,PGNY,,31.600000381469727,31.600000381469727,31.59000015258789,31.59000015258789,1192.0
2026-08-05 11:14:00,PGY,,21.825000762939453,21.850000381469727,21.790000915527344,21.790000915527344,4464.0
2026-08-05 11:14:00,PHAT,,8.55840015411377,8.55840015411377,8.55840015411377,8.55840015411377,985.0
2026-08-05 11:14:00,PHVS,,33.119998931884766,33.119998931884766,33.119998931884766,33.119998931884766,298.0
2026-08-05 11:14:00,PLMR,,136.13999938964844,136.1999969482422,135.625,135.6699981689453,1603.0
2026-08-05 11:14:00,PLSE,,36.86000061035156,36.95000076293945,36.86000061035156,36.95000076293945,308.0
2026-08-05 11:14:00,PLTK,,4.034999847412109,4.034999847412109,4.03000020980835,4.03000020980835,864.0
2026-08-05 11:14:00,PLUG,,2.0899999141693115,2.1050000190734863,2.0899999141693115,2.0999999046325684,192769.0
2026-08-05 11:14:00,PNFP,,107.9749984741211,107.9800033569336,107.95999908447266,107.95999908447266,774.0
2026-08-05 11:14:00,PODC,,3.5250000953674316,3.5250000953674316,3.5250000953674316,3.5250000953674316,473.0
2026-08-05 11:14:00,POET,,8.260000228881836,8.265000343322754,8.250399589538574,8.265000343322754,5753.0
2026-08-05 11:14:00,POOL,,204.4499969482422,204.4499969482422,204.4499969482422,204.4499969482422,1027.0
2026-08-05 11:14:00,POWL,,210.34010314941406,210.8800048828125,210.34010314941406,210.8800048828125,3397.0
2026-08-05 11:14:00,PPC,,26.738000869750977,26.738000869750977,26.738000869750977,26.738000869750977,210.0
2026-08-05 11:14:00,PPTA,,22.75,22.790000915527344,22.75,22.760000228881836,1607.0
2026-08-05 11:14:00,PRAA,,17.3700008392334,17.3799991607666,17.329999923706055,17.34000015258789,6011.0
2026-08-05 11:14:00,PRCH,,16.110000610351562,16.110000610351562,16.094999313354492,16.094999313354492,1638.0
2026-08-05 11:14:00,PRCT,,19.114999771118164,19.209999084472656,19.114999771118164,19.174999237060547,8772.0
2026-08-05 11:14:00,PRIM,,86.62999725341797,86.70500183105469,86.12999725341797,86.13999938964844,8533.0
2026-08-05 11:14:00,PRME,,2.9700000286102295,2.9700000286102295,2.9649999141693115,2.9700000286102295,8281.0
2026-08-05 11:14:00,PROK,,1.6299999952316284,1.6299999952316284,1.6299999952316284,1.6299999952316284,4413.0
2026-08-05 11:14:00,PRQR,,1.909999966621399,1.909999966621399,1.9049999713897705,1.90910005569458,5897.0
2026-08-05 11:14:00,PRVA,,24.059999465942383,24.059999465942383,24.059999465942383,24.059999465942383,409.0
2026-08-05 11:14:00,PSEC,,2.198899984359741,2.199899911880493,2.198899984359741,2.199899911880493,1659.0
2026-08-05 11:14:00,PSMT,,193.9600067138672,193.9600067138672,193.9600067138672,193.9600067138672,293.0
2026-08-05 11:14:00,PSNL,,13.59000015258789,13.59000015258789,13.59000015258789,13.59000015258789,2946.0
2026-08-05 11:14:00,PTC,,140.38999938964844,140.38999938964844,140.3800048828125,140.3800048828125,1828.0
2026-08-05 11:14:00,PTCT,,69.44499969482422,69.61000061035156,69.44000244140625,69.61000061035156,4781.0
2026-08-05 11:14:00,PTEN,,9.779999732971191,9.779999732971191,9.774999618530273,9.779999732971191,4413.0
2026-08-05 11:14:00,PTGX,,137.19000244140625,137.19000244140625,137.19000244140625,137.19000244140625,362.0
2026-08-05 11:14:00,PTLO,,4.585000038146973,4.590000152587891,4.585000038146973,4.590000152587891,1276.0
2026-08-05 11:14:00,PTON,,6.519999980926514,6.53000020980835,6.519999980926514,6.525000095367432,2866.0
2026-08-05 11:14:00,PWP,,17.420000076293945,17.420000076293945,17.420000076293945,17.420000076293945,883.0
2026-08-05 11:14:00,PYPL,,58.44139862060547,58.44139862060547,58.41999816894531,58.41999816894531,4847.0
2026-08-05 11:14:00,PYXS,,3.2021000385284424,3.2100000381469727,3.2021000385284424,3.2100000381469727,590.0
2026-08-05 11:14:00,QCOM,,158.07000732421875,158.16000366210938,157.9949951171875,158.10000610351562,22723.0
2026-08-05 11:14:00,QCRH,,105.11000061035156,105.11000061035156,105.05999755859375,105.08000183105469,847.0
2026-08-05 11:14:00,QRVO,,94.36000061035156,94.36000061035156,94.36000061035156,94.36000061035156,620.0
2026-08-05 11:14:00,SEED,,0.9707000255584717,0.9715999960899353,0.9707000255584717,0.9715999960899353,921.0
2026-08-05 11:14:00,STIM,,2.2799999713897705,2.2799999713897705,2.2699999809265137,2.2699999809265137,4913.0
2026-08-05 11:15:00,ACDC,,4.380000114440918,4.385000228881836,4.375,4.380000114440918,8407.0
2026-08-05 11:15:00,BPOP,,177.6999969482422,177.7100067138672,177.67999267578125,177.67999267578125,4908.0
2026-08-05 11:15:00,CASH,,89.47250366210938,89.47250366210938,89.47250366210938,89.47250366210938,819.0
2026-08-05 11:15:00,CPOP,,0.3644999861717224,0.3644999861717224,0.3644999861717224,0.3644999861717224,181.0
2026-08-05 11:15:00,EYE,,23.18000030517578,23.204999923706055,23.18000030517578,23.204999923706055,2324.0
2026-08-05 11:15:00,GLUE,,15.845000267028809,15.845000267028809,15.829999923706055,15.829999923706055,3120.0
2026-08-05 11:15:00,MBIO,,0.5997999906539917,0.5997999906539917,0.5997999906539917,0.5997999906539917,1790.0
2026-08-05 11:15:00,MBRX,,0.4189000129699707,0.41999998688697815,0.4154999852180481,0.41999998688697815,2700.0
2026-08-05 11:15:00,MDB,,378.375,378.75,378.375,378.57501220703125,3245.0
2026-08-05 11:15:00,MDLZ,,61.939998626708984,61.9900016784668,61.939998626708984,61.9900016784668,39439.0
2026-08-05 11:15:00,MNPR,,118.0999984741211,118.0999984741211,118.0999984741211,118.0999984741211,1123.0
2026-08-05 11:15:00,MNRO,,13.109999656677246,13.135000228881836,13.09000015258789,13.135000228881836,8318.0
2026-08-05 11:15:00,MNST,,94.7750015258789,94.80999755859375,94.76000213623047,94.79499816894531,5199.0
2026-08-05 11:15:00,MORN,,199.72999572753906,199.72999572753906,199.72999572753906,199.72999572753906,920.0
2026-08-05 11:15:00,MPWR,,1319.7900390625,1322.22998046875,1319.7900390625,1320.9849853515625,1041.0
2026-08-05 11:15:00,MRNA,,57.55500030517578,57.6349983215332,57.550498962402344,57.6349983215332,6480.0
2026-08-05 11:15:00,MYGN,,3.234999895095825,3.234999895095825,3.234999895095825,3.234999895095825,3476.0
2026-08-05 11:15:00,MYRG,,340.9599914550781,340.9649963378906,340.3900146484375,340.9649963378906,5858.0
2026-08-05 11:15:00,NAMS,,26.8799991607666,26.90999984741211,26.764999389648438,26.764999389648438,192293.0
2026-08-05 11:15:00,NAUT,,0.9764999747276306,0.9764999747276306,0.9764999747276306,0.9764999747276306,2461.0
2026-08-05 11:15:00,NAVI,,9.095000267028809,9.100000381469727,9.095000267028809,9.095000267028809,3959.0
2026-08-05 11:15:00,NB,,5.070000171661377,5.078999996185303,5.065000057220459,5.078999996185303,9889.0
2026-08-05 11:15:00,NBIX,,164.4600067138672,164.4600067138672,164.3000030517578,164.32000732421875,1549.0
2026-08-05 11:15:00,NBTB,,53.529998779296875,53.540000915527344,53.529998779296875,53.529998779296875,2881.0
2026-08-05 11:15:00,NCNA,,1.3481999635696411,1.3481999635696411,1.3481999635696411,1.3481999635696411,101.0
2026-08-05 11:15:00,NCRA,,1.7599999904632568,1.7599999904632568,1.7599999904632568,1.7599999904632568,293.0
2026-08-05 11:15:00,NDAQ,,94.73500061035156,94.73500061035156,94.69499969482422,94.69499969482422,3231.0
2026-08-05 11:15:00,NDSN,,310.7200012207031,310.75,310.7200012207031,310.75,312.0
2026-08-05 11:15:00,NEO,,16.1200008392334,16.139999389648438,16.1200008392334,16.139999389648438,2637.0
2026-08-05 11:15:00,NEOG,,11.574999809265137,11.586000442504883,11.574999809265137,11.586000442504883,2978.0
2026-08-05 11:15:00,NEOV,,2.83240008354187,2.8399999141693115,2.83240008354187,2.8399999141693115,3060.0
2026-08-05 11:15:00,NEWT,,15.270000457763672,15.270000457763672,15.270000457763672,15.270000457763672,633.0
2026-08-05 11:15:00,NEXT,,6.414999961853027,6.414999961853027,6.414999961853027,6.414999961853027,5829.0
2026-08-05 11:15:00,NFE,,0.3353999853134155,0.3353999853134155,0.3352999985218048,0.3352999985218048,951.0
2026-08-05 11:15:00,NFLX,,74.09500122070312,74.11509704589844,73.99349975585938,74.05000305175781,62169.0
2026-08-05 11:15:00,NGNE,,35.18000030517578,35.18000030517578,35.18000030517578,35.18000030517578,1305.0
2026-08-05 11:15:00,NICE,,95.80000305175781,95.80000305175781,95.80000305175781,95.80000305175781,709.0
2026-08-05 11:15:00,NIU,,2.5,2.5,2.5,2.5,2785.0
2026-08-05 11:15:00,NKTR,,73.41000366210938,73.41000366210938,73.27999877929688,73.27999877929688,469.0
2026-08-05 11:15:00,NMFC,,7.320000171661377,7.320000171661377,7.315000057220459,7.320000171661377,3047.0
2026-08-05 11:15:00,NMRA,,1.625,1.625,1.6200000047683716,1.625,1954.0
2026-08-05 11:15:00,NN,,14.225000381469727,14.229999542236328,14.210000038146973,14.220000267028809,4039.0
2026-08-05 11:15:00,NNBR,,3.809999942779541,3.809999942779541,3.809999942779541,3.809999942779541,3717.0
2026-08-05 11:15:00,NOVT,,157.59500122070312,157.59500122070312,157.59500122070312,157.59500122070312,561.0
2026-08-05 11:15:00,NRDS,,9.225000381469727,9.225000381469727,9.225000381469727,9.225000381469727,392.0
2026-08-05 11:15:00,NRIM,,27.0,27.0,27.0,27.0,336.0
2026-08-05 11:15:00,NRIX,,24.760000228881836,24.780000686645508,24.760000228881836,24.780000686645508,791.0
2026-08-05 11:15:00,NTAP,,189.7550048828125,189.7550048828125,189.67030334472656,189.72999572753906,2420.0
2026-08-05 11:15:00,NTCT,,42.060001373291016,42.060001373291016,41.97999954223633,41.97999954223633,730.0
2026-08-05 11:15:00,NTES,,127.91000366210938,127.9800033569336,127.91000366210938,127.9800033569336,755.0
2026-08-05 11:15:00,NTGR,,24.149999618530273,24.149999618530273,24.149999618530273,24.149999618530273,564.0
2026-08-05 11:15:00,NTNX,,60.69499969482422,60.69499969482422,60.670501708984375,60.670501708984375,1111.0
2026-08-05 11:15:00,NTRA,,277.19000244140625,277.19000244140625,277.07501220703125,277.07501220703125,847.0
2026-08-05 11:15:00,NTRS,,184.4499969482422,184.4499969482422,184.4499969482422,184.4499969482422,2080.0
2026-08-05 11:15:00,NUWE,,1.7101000547409058,1.7101000547409058,1.7101000547409058,1.7101000547409058,639.0
2026-08-05 11:15:00,NVAX,,7.664999961853027,7.670000076293945,7.659999847412109,7.670000076293945,2240.0
2026-08-05 11:15:00,NVCT,,20.045000076293945,20.045000076293945,20.045000076293945,20.045000076293945,270.0
2026-08-05 11:15:00,NVDA,,219.1699981689453,219.47999572753906,219.16000366210938,219.1699981689453,178444.0
2026-08-05 11:15:00,NVMI,,408.8699951171875,408.8699951171875,408.8699951171875,408.8699951171875,205.0
2026-08-05 11:15:00,NVTS,,12.4399995803833,12.460000038146973,12.4350004196167,12.449999809265137,21165.0
2026-08-05 11:15:00,NVX,,0.40049999952316284,0.40049999952316284,0.40049999952316284,0.40049999952316284,496.0
2026-08-05 11:15:00,NWBI,,15.944999694824219,15.960000038146973,15.944999694824219,15.960000038146973,3654.0
2026-08-05 11:15:00,NWL,,6.211100101470947,6.21999979019165,6.190000057220459,6.199999809265137,39684.0
2026-08-05 11:15:00,NWPX,,127.66999816894531,127.66999816894531,127.66999816894531,127.66999816894531,256.0
2026-08-05 11:15:00,NWS,,32.27000045776367,32.290000915527344,32.2599983215332,32.2599983215332,2416.0
2026-08-05 11:15:00,NWSA,,28.209999084472656,28.219999313354492,28.190000534057617,28.200000762939453,10691.0
2026-08-05 11:15:00,NXPI,,230.61000061035156,230.9600067138672,230.61000061035156,230.7100067138672,7225.0
2026-08-05 11:15:00,NXST,,192.07000732421875,192.07000732421875,192.0,192.0,292.0
2026-08-05 11:15:00,NXT,,98.33999633789062,98.48500061035156,98.33999633789062,98.44000244140625,4022.0
2026-08-05 11:15:00,NXTC,,5.150000095367432,5.150000095367432,5.150000095367432,5.150000095367432,7920.0
2026-08-05 11:15:00,OABI,,2.075000047683716,2.075000047683716,2.075000047683716,2.075000047683716,1033.0
2026-08-05 11:15:00,OCCI,,2.490000009536743,2.490000009536743,2.490000009536743,2.490000009536743,1847.0
2026-08-05 11:15:00,OCFC,,19.799999237060547,19.799999237060547,19.799999237060547,19.799999237060547,14660.0
2026-08-05 11:15:00,OCGN,,1.2999999523162842,1.3055000305175781,1.2899999618530273,1.3049999475479126,48402.0
2026-08-05 11:15:00,OCSL,,12.095000267028809,12.095000267028809,12.095000267028809,12.095000267028809,247.0
2026-08-05 11:15:00,OCUL,,8.555000305175781,8.5600004196167,8.545000076293945,8.5600004196167,11578.0
2026-08-05 11:15:00,ODD,,15.100000381469727,15.100000381469727,15.100000381469727,15.100000381469727,987.0
2026-08-05 11:15:00,ODFL,,214.71499633789062,214.97999572753906,214.59500122070312,214.97999572753906,4867.0
2026-08-05 11:15:00,OESX,,15.5,15.5,15.499500274658203,15.499500274658203,1337.0
2026-08-05 11:15:00,OFIX,,10.930000305175781,10.930000305175781,10.84000015258789,10.84000015258789,3136.0
2026-08-05 11:15:00,OFS,,3.5399999618530273,3.5399999618530273,3.5399999618530273,3.5399999618530273,104.0
2026-08-05 11:15:00,OGI,,0.9620000123977661,0.9620000123977661,0.9620000123977661,0.9620000123977661,3802.0
2026-08-05 11:15:00,OKTA,,148.5050048828125,148.58709716796875,148.5,148.52999877929688,2872.0
2026-08-05 11:15:00,OLLI,,78.36000061035156,78.37000274658203,78.3499984741211,78.3499984741211,4318.0
2026-08-05 11:15:00,OLMA,,11.675000190734863,11.675000190734863,11.675000190734863,11.675000190734863,564.0
2026-08-05 11:15:00,OM,,4.940000057220459,4.940000057220459,4.929999828338623,4.940000057220459,3948.0
2026-08-05 11:15:00,OMCL,,37.310001373291016,37.31999969482422,37.290000915527344,37.290000915527344,967.0
2026-08-05 11:15:00,OMER,,12.8149995803833,12.8149995803833,12.8149995803833,12.8149995803833,1167.0
2026-08-05 11:15:00,OMH,,0.11010000109672546,0.11010000109672546,0.11010000109672546,0.11010000109672546,2082.0
2026-08-05 11:15:00,ON,,77.46499633789062,77.69000244140625,77.44499969482422,77.62999725341797,25870.0
2026-08-05 11:15:00,ONB,,27.100000381469727,27.114999771118164,27.100000381469727,27.114999771118164,9008.0
2026-08-05 11:15:00,ONCY,,0.7921000123023987,0.7921000123023987,0.7921000123023987,0.7921000123023987,917.0
2026-08-05 11:15:00,ONDS,,8.78499984741211,8.808199882507324,8.78499984741211,8.800000190734863,135766.0
2026-08-05 11:15:00,ONFO,,0.07509999722242355,0.07569999992847443,0.07500000298023224,0.07569999992847443,65617.0
2026-08-05 11:15:00,ONMD,,0.6783000230789185,0.6783000230789185,0.6783000230789185,0.6783000230789185,2001.0
2026-08-05 11:15:00,OPCH,,23.43000030517578,23.43000030517578,23.395000457763672,23.395000457763672,3478.0
2026-08-05 11:15:00,OPEN,,3.9100000858306885,3.9200000762939453,3.9100000858306885,3.9100000858306885,76687.0
2026-08-05 11:15:00,OPI,,18.940000534057617,18.940000534057617,18.940000534057617,18.940000534057617,240.0
2026-08-05 11:15:00,OPRA,,20.1299991607666,20.1299991607666,20.1299991607666,20.1299991607666,2634.0
2026-08-05 11:15:00,OPXS,,11.774999618530273,11.774999618530273,11.774999618530273,11.774999618530273,545.0
2026-08-05 11:15:00,ORIC,,13.291000366210938,13.369999885559082,13.291000366210938,13.369999885559082,7178.0
2026-08-05 11:15:00,ORLY,,92.95999908447266,93.02999877929688,92.88500213623047,93.0199966430664,21126.0
2026-08-05 11:15:00,ORRF,,43.5,43.5,43.5,43.5,578.0
2026-08-05 11:15:00,OSBC,,25.81999969482422,25.829999923706055,25.81999969482422,25.829999923706055,2810.0
2026-08-05 11:15:00,OSPN,,16.56999969482422,16.68000030517578,16.56999969482422,16.6299991607666,4100.0
2026-08-05 11:15:00,OSS,,13.930000305175781,13.96500015258789,13.90999984741211,13.96500015258789,3809.0
2026-08-05 11:15:00,OSUR,,4.170000076293945,4.170000076293945,4.170000076293945,4.170000076293945,279.0
2026-08-05 11:15:00,OTEX,,25.850000381469727,25.850000381469727,25.84000015258789,25.84000015258789,2610.0
2026-08-05 11:15:00,OTLK,,1.0149999856948853,1.0149999856948853,1.0149999856948853,1.0149999856948853,2044.0
2026-08-05 11:15:00,OVID,,2.625,2.630000114440918,2.625,2.630000114440918,1607.0
2026-08-05 11:15:00,OXSQ,,1.4800000190734863,1.4850000143051147,1.4800000190734863,1.4850000143051147,3786.0
2026-08-05 11:15:00,PAA,,23.219999313354492,23.225000381469727,23.219999313354492,23.219999313354492,4409.0
2026-08-05 11:15:00,PAAS,,48.41999816894531,48.52000045776367,48.38999938964844,48.47999954223633,11655.0
2026-08-05 11:15:00,PACB,,1.4249999523162842,1.4249999523162842,1.4199999570846558,1.4249999523162842,4542.0
2026-08-05 11:15:00,PALI,,2.0950000286102295,2.0999999046325684,2.0899999141693115,2.0950000286102295,12408.0
2026-08-05 11:15:00,PANW,,366.4049987792969,366.40509033203125,366.3999938964844,366.3999938964844,6528.0
2026-08-05 11:15:00,PASG,,4.699999809265137,4.699999809265137,4.699999809265137,4.699999809265137,456.0
2026-08-05 11:15:00,PATK,,87.69000244140625,87.69000244140625,87.69000244140625,87.69000244140625,253.0
2026-08-05 11:15:00,PAX,,11.420000076293945,11.420000076293945,11.420000076293945,11.420000076293945,589.0
2026-08-05 11:15:00,PAYO,,7.130000114440918,7.130000114440918,7.125,7.125,2044.0
2026-08-05 11:15:00,PAYS,,9.199999809265137,9.199999809265137,9.199999809265137,9.199999809265137,767.0
2026-08-05 11:15:00,PAYX,,116.84249877929688,116.9000015258789,116.79499816894531,116.79499816894531,6093.0
2026-08-05 11:15:00,PCAR,,133.4199981689453,133.58999633789062,133.4199981689453,133.5800018310547,3377.0
2026-08-05 11:15:00,PCB,,28.03499984741211,28.110000610351562,28.03499984741211,28.110000610351562,631.0
2026-08-05 11:15:00,PCT,,6.920000076293945,6.934999942779541,6.920000076293945,6.929999828338623,4268.0
2026-08-05 11:15:00,PCTY,,146.6999969482422,146.76499938964844,146.6999969482422,146.75,1317.0
2026-08-05 11:15:00,PDD,,91.5,91.55999755859375,91.41999816894531,91.46189880371094,21649.0
2026-08-05 11:15:00,PEBO,,41.70000076293945,41.70500183105469,41.70000076293945,41.70500183105469,1361.0
2026-08-05 11:15:00,PECO,,41.369998931884766,41.369998931884766,41.369998931884766,41.369998931884766,2130.0
2026-08-05 11:15:00,PEGA,,31.579999923706055,31.579999923706055,31.559999465942383,31.565000534057617,6736.0
2026-08-05 11:15:00,PENN,,19.850000381469727,19.860000610351562,19.850000381469727,19.860000610351562,2647.0
2026-08-05 11:15:00,PEP,,138.30999755859375,138.39990234375,138.3000030517578,138.38499450683594,14049.0
2026-08-05 11:15:00,PEPG,,1.9249999523162842,1.9249999523162842,1.9249999523162842,1.9249999523162842,241.0
2026-08-05 11:15:00,PFG,,114.16999816894531,114.29000091552734,114.16000366210938,114.16000366210938,1357.0
2026-08-05 11:15:00,PGEN,,6.96999979019165,6.980000019073486,6.960000038146973,6.96999979019165,17653.0
2026-08-05 11:15:00,PGY,,21.819900512695312,21.83009910583496,21.790000915527344,21.825000762939453,10623.0
2026-08-05 11:15:00,PHAT,,8.529999732971191,8.539999961853027,8.529999732971191,8.539999961853027,4403.0
2026-08-05 11:15:00,PHVS,,33.130001068115234,33.130001068115234,33.08000183105469,33.08000183105469,2029.0
2026-08-05 11:15:00,PLAB,,32.130001068115234,32.18000030517578,32.125,32.125,2958.0
2026-08-05 11:15:00,PLBY,,1.1649999618530273,1.1649999618530273,1.159999966621399,1.1649999618530273,6777.0
2026-08-05 11:15:00,PLMR,,136.32000732421875,136.32000732421875,136.32000732421875,136.32000732421875,134.0
2026-08-05 11:15:00,PLRX,,1.0549999475479126,1.059999942779541,1.0549999475479126,1.059999942779541,2100.0
2026-08-05 11:15:00,PLSE,,36.69649887084961,36.69649887084961,36.69649887084961,36.69649887084961,1620.0
2026-08-05 11:15:00,PLUG,,2.0950000286102295,2.0999999046325684,2.0899999141693115,2.0950000286102295,67095.0
2026-08-05 11:15:00,PNFP,,107.79000091552734,107.9749984741211,107.79000091552734,107.9749984741211,995.0
2026-08-05 11:15:00,POET,,8.260000228881836,8.274999618530273,8.255000114440918,8.255000114440918,15037.0
2026-08-05 11:15:00,POWI,,62.125,62.130001068115234,62.0099983215332,62.0099983215332,3030.0
2026-08-05 11:15:00,POWL,,211.45989990234375,211.45989990234375,210.72500610351562,210.72500610351562,803.0
2026-08-05 11:15:00,PPC,,26.709999084472656,26.725000381469727,26.709999084472656,26.725000381469727,1866.0
2026-08-05 11:15:00,PPTA,,22.719999313354492,22.75,22.700000762939453,22.75,2175.0
2026-08-05 11:15:00,PRAX,,312.0199890136719,312.7900085449219,312.010009765625,312.7900085449219,1740.0
2026-08-05 11:15:00,PRCH,,16.100000381469727,16.100000381469727,16.100000381469727,16.100000381469727,1341.0
2026-08-05 11:15:00,PRCT,,19.125,19.1299991607666,19.100000381469727,19.110000610351562,5756.0
2026-08-05 11:15:00,PRDO,,33.0099983215332,33.040000915527344,32.9900016784668,33.040000915527344,6638.0
2026-08-05 11:15:00,PRIM,,86.61499786376953,86.62999725341797,86.61499786376953,86.62999725341797,1139.0
2026-08-05 11:15:00,PRLD,,4.559999942779541,4.559999942779541,4.559999942779541,4.559999942779541,527.0
2026-08-05 11:15:00,PRME,,2.9600000381469727,2.9700000286102295,2.9600000381469727,2.9700000286102295,4992.0
2026-08-05 11:15:00,PRQR,,1.9049999713897705,1.9049999713897705,1.9049999713897705,1.9049999713897705,253.0
2026-08-05 11:15:00,PRTA,,8.59000015258789,8.59000015258789,8.59000015258789,8.59000015258789,238.0
2026-08-05 11:15:00,PRVA,,24.06999969482422,24.06999969482422,24.059999465942383,24.059999465942383,726.0
2026-08-05 11:15:00,PSEC,,2.194999933242798,2.194999933242798,2.194999933242798,2.194999933242798,2069.0
2026-08-05 11:15:00,PSNL,,13.550000190734863,13.5649995803833,13.550000190734863,13.5649995803833,805.0
2026-08-05 11:15:00,PSNY,,14.020000457763672,14.079999923706055,14.020000457763672,14.079999923706055,1087.0
2026-08-05 11:15:00,PTCT,,69.23999786376953,69.44499969482422,69.23999786376953,69.44499969482422,3837.0
2026-08-05 11:15:00,PTEN,,9.789999961853027,9.795000076293945,9.789999961853027,9.795000076293945,5097.0
2026-08-05 11:15:00,PTGX,,136.9499969482422,136.9499969482422,136.94000244140625,136.9499969482422,740.0
2026-08-05 11:15:00,PTLO,,4.579999923706055,4.579999923706055,4.579999923706055,4.579999923706055,350.0
2026-08-05 11:15:00,PTON,,6.534999847412109,6.539999961853027,6.525000095367432,6.525000095367432,21973.0
2026-08-05 11:15:00,PWP,,17.40999984741211,17.420000076293945,17.40999984741211,17.420000076293945,5058.0
2026-08-05 11:15:00,PYPD,,4.474999904632568,4.474999904632568,4.474999904632568,4.474999904632568,156.0
2026-08-05 11:15:00,PYPL,,58.40999984741211,58.46500015258789,58.40999984741211,58.45000076293945,9401.0
2026-08-05 11:15:00,PYXS,,3.20989990234375,3.20989990234375,3.20989990234375,3.20989990234375,1662.0
2026-08-05 11:15:00,PZZA,,30.59000015258789,30.608800888061523,30.579999923706055,30.579999923706055,1485.0
2026-08-05 11:15:00,QCOM,,158.0,158.39999389648438,157.9600067138672,158.1199951171875,16734.0
2026-08-05 11:15:00,QFIN,,13.329999923706055,13.350000381469727,13.329999923706055,13.34000015258789,1978.0
2026-08-05 11:15:00,QRVO,,94.23999786376953,94.3499984741211,94.23999786376953,94.3499984741211,1173.0
2026-08-05 11:15:00,SEED,,0.9704999923706055,0.9707000255584717,0.970300018787384,0.9707000255584717,2744.0
2026-08-05 11:15:00,STIM,,2.2799999713897705,2.2799999713897705,2.2799999713897705,2.2799999713897705,228.0
2026-08-05 11:15:00,TARA,,4.034999847412109,4.039999961853027,4.034999847412109,4.039999961853027,2249.0
2026-08-05 11:16:00,ACDC,,4.369999885559082,4.385000228881836,4.369999885559082,4.380000114440918,7139.0
2026-08-05 11:16:00,DTIL,,7.510000228881836,7.510000228881836,7.489999771118164,7.489999771118164,3377.0
2026-08-05 11:16:00,EYE,,23.200000762939453,23.200000762939453,23.15999984741211,23.18000030517578,2224.0
2026-08-05 11:16:00,GLUE,,15.800000190734863,15.819999694824219,15.78499984741211,15.8100004196167,10946.0
2026-08-05 11:16:00,KITT,,1.0801000595092773,1.0850000381469727,1.0800000429153442,1.0850000381469727,9946.0
2026-08-05 11:16:00,MBRX,,0.41990000009536743,0.41990000009536743,0.4154999852180481,0.4189000129699707,3203.0
2026-08-05 11:16:00,MDB,,378.2200012207031,378.3500061035156,378.0199890136719,378.3500061035156,1899.0
2026-08-05 11:16:00,MDLZ,,62.0,62.0099983215332,61.93000030517578,61.93000030517578,16569.0
2026-08-05 11:16:00,MLTX,,17.59000015258789,17.59000015258789,17.59000015258789,17.59000015258789,329.0
2026-08-05 11:16:00,MNPR,,118.30000305175781,118.30000305175781,118.25,118.25,3563.0
2026-08-05 11:16:00,MNRO,,13.09000015258789,13.09000015258789,13.09000015258789,13.09000015258789,275.0
2026-08-05 11:16:00,MNST,,94.68000030517578,94.76499938964844,94.61000061035156,94.76000213623047,14384.0
2026-08-05 11:16:00,MNTK,,1.690000057220459,1.690000057220459,1.690000057220459,1.690000057220459,721.0
2026-08-05 11:16:00,MNTS,,4.349999904632568,4.349999904632568,4.349999904632568,4.349999904632568,2307.0
2026-08-05 11:16:00,MPWR,,1319.739990234375,1319.739990234375,1316.89501953125,1318.0,771.0
2026-08-05 11:16:00,MRNA,,57.54499816894531,57.58000183105469,57.5,57.560001373291016,10901.0
2026-08-05 11:16:00,MYGN,,3.234999895095825,3.234999895095825,3.234999895095825,3.234999895095825,2312.0
2026-08-05 11:16:00,MYPS,,0.7221999764442444,0.7221999764442444,0.72079998254776,0.7221999764442444,2058.0
2026-08-05 11:16:00,MYRG,,339.57000732421875,339.57000732421875,339.2049865722656,339.54998779296875,987.0
2026-08-05 11:16:00,NAMS,,26.75,26.75,26.75,26.75,890.0
2026-08-05 11:16:00,NATR,,20.270000457763672,20.270000457763672,20.270000457763672,20.270000457763672,580.0
2026-08-05 11:16:00,NAUT,,0.9697999954223633,0.9700999855995178,0.9697999954223633,0.9700999855995178,2757.0
2026-08-05 11:16:00,NB,,5.0671000480651855,5.0671000480651855,5.065000057220459,5.065000057220459,1639.0
2026-08-05 11:16:00,NBIX,,164.32000732421875,164.32000732421875,164.3000030517578,164.30999755859375,2845.0
2026-08-05 11:16:00,NCMI,,4.099999904632568,4.099999904632568,4.099999904632568,4.099999904632568,1192.0
2026-08-05 11:16:00,NDAQ,,94.73999786376953,94.7750015258789,94.69999694824219,94.7750015258789,1107.0
2026-08-05 11:16:00,NDSN,,310.5299987792969,310.5299987792969,310.5299987792969,310.5299987792969,488.0
2026-08-05 11:16:00,NEGG,,17.010000228881836,17.010000228881836,17.010000228881836,17.010000228881836,1400.0
2026-08-05 11:16:00,NEO,,16.104999542236328,16.104999542236328,16.100000381469727,16.104999542236328,2526.0
2026-08-05 11:16:00,NEOG,,11.574999809265137,11.609999656677246,11.569999694824219,11.579999923706055,13392.0
2026-08-05 11:16:00,NEOV,,2.819999933242798,2.8299999237060547,2.815000057220459,2.8299999237060547,10350.0
2026-08-05 11:16:00,NESR,,28.56999969482422,28.6299991607666,28.56999969482422,28.6299991607666,1101.0
2026-08-05 11:16:00,NEXT,,6.440000057220459,6.440000057220459,6.414999961853027,6.420000076293945,11090.0
2026-08-05 11:16:00,NFLX,,74.11000061035156,74.12000274658203,74.05000305175781,74.08999633789062,132310.0
2026-08-05 11:16:00,NGNE,,34.91999816894531,34.91999816894531,34.88999938964844,34.900001525878906,1379.0
2026-08-05 11:16:00,NKTX,,2.1649999618530273,2.1649999618530273,2.1600000858306885,2.1600000858306885,671.0
2026-08-05 11:16:00,NMFC,,7.324999809265137,7.324999809265137,7.324999809265137,7.324999809265137,776.0
2026-08-05 11:16:00,NMRA,,1.6200000047683716,1.625,1.6200000047683716,1.625,787.0
2026-08-05 11:16:00,NMRK,,15.729999542236328,15.739999771118164,15.729999542236328,15.729999542236328,3706.0
2026-08-05 11:16:00,NN,,14.1899995803833,14.199999809265137,14.1899995803833,14.199999809265137,3935.0
2026-08-05 11:16:00,NNBR,,3.7899999618530273,3.799999952316284,3.7899999618530273,3.799999952316284,7635.0
2026-08-05 11:16:00,NNDM,,1.534999966621399,1.534999966621399,1.534999966621399,1.534999966621399,4379.0
2026-08-05 11:16:00,NOVT,,157.08999633789062,157.59500122070312,157.08999633789062,157.59500122070312,3430.0
2026-08-05 11:16:00,NRIM,,27.0,27.0,27.0,27.0,953.0
2026-08-05 11:16:00,NRIX,,24.71500015258789,24.719999313354492,24.709999084472656,24.719999313354492,2285.0
2026-08-05 11:16:00,NRXP,,3.049999952316284,3.049999952316284,3.049999952316284,3.049999952316284,2884.0
2026-08-05 11:16:00,NTAP,,189.60000610351562,189.6699981689453,189.5399932861328,189.64999389648438,2573.0
2026-08-05 11:16:00,NTES,,127.91000366210938,127.9749984741211,127.91000366210938,127.9749984741211,1330.0
2026-08-05 11:16:00,NTNX,,60.584999084472656,60.66999816894531,60.56999969482422,60.66999816894531,11088.0
2026-08-05 11:16:00,NTRA,,276.9549865722656,276.9549865722656,276.6600036621094,276.6600036621094,660.0
2026-08-05 11:16:00,NTRS,,184.5399932861328,184.5399932861328,184.49000549316406,184.49000549316406,620.0
2026-08-05 11:16:00,NUWE,,1.725000023841858,1.725000023841858,1.7000000476837158,1.7100000381469727,19418.0
2026-08-05 11:16:00,NVAX,,7.675000190734863,7.690000057220459,7.65500020980835,7.659999847412109,14141.0
2026-08-05 11:16:00,NVCR,,16.030000686645508,16.06999969482422,16.030000686645508,16.06999969482422,2049.0
2026-08-05 11:16:00,NVCT,,20.049999237060547,20.049999237060547,20.049999237060547,20.049999237060547,262.0
2026-08-05 11:16:00,NVDA,,219.24000549316406,219.3000030517578,218.88499450683594,219.17999267578125,282403.0
2026-08-05 11:16:00,NVMI,,407.6300048828125,407.6300048828125,407.6300048828125,407.6300048828125,149.0
2026-08-05 11:16:00,NVTS,,12.4399995803833,12.444999694824219,12.40999984741211,12.425000190734863,24174.0
2026-08-05 11:16:00,NWBI,,15.949999809265137,15.954999923706055,15.949999809265137,15.949999809265137,4440.0
2026-08-05 11:16:00,NWE,,68.7300033569336,68.73999786376953,68.69999694824219,68.69999694824219,787.0
2026-08-05 11:16:00,NWL,,6.210299968719482,6.225200176239014,6.210000038146973,6.210000038146973,91816.0
2026-08-05 11:16:00,NWS,,32.279998779296875,32.279998779296875,32.279998779296875,32.279998779296875,549.0
2026-08-05 11:16:00,NWSA,,28.225000381469727,28.225000381469727,28.204999923706055,28.209999084472656,2485.0
2026-08-05 11:16:00,NXL,,0.3804999887943268,0.3804999887943268,0.3804999887943268,0.3804999887943268,401.0
2026-08-05 11:16:00,NXPI,,230.5050048828125,230.5050048828125,230.27499389648438,230.47000122070312,2650.0
2026-08-05 11:16:00,NXT,,98.25,98.25,98.16999816894531,98.16999816894531,1757.0
2026-08-05 11:16:00,NXTC,,5.149099826812744,5.149099826812744,5.149099826812744,5.149099826812744,273.0
2026-08-05 11:16:00,OABI,,2.075000047683716,2.075000047683716,2.075000047683716,2.075000047683716,298.0
2026-08-05 11:16:00,OCGN,,1.2899999618530273,1.2899999618530273,1.2899999618530273,1.2899999618530273,2127.0
2026-08-05 11:16:00,OCS,,12.050000190734863,12.0600004196167,12.050000190734863,12.050000190734863,695.0
2026-08-05 11:16:00,OCSL,,12.095000267028809,12.100000381469727,12.09000015258789,12.095000267028809,8535.0
2026-08-05 11:16:00,OCUL,,8.545000076293945,8.5600004196167,8.53499984741211,8.5600004196167,6618.0
2026-08-05 11:16:00,ODFL,,214.89999389648438,214.89999389648438,214.55999755859375,214.61000061035156,5353.0
2026-08-05 11:16:00,OFIX,,10.875,10.925000190734863,10.875,10.925000190734863,6436.0
2026-08-05 11:16:00,OKTA,,148.39999389648438,148.58999633789062,148.39999389648438,148.58999633789062,1091.0
2026-08-05 11:16:00,OLLI,,78.36000061035156,78.36000061035156,78.36000061035156,78.36000061035156,1549.0
2026-08-05 11:16:00,OLMA,,11.600000381469727,11.649999618530273,11.600000381469727,11.649999618530273,1225.0
2026-08-05 11:16:00,OMER,,12.8100004196167,12.8100004196167,12.8100004196167,12.8100004196167,2501.0
2026-08-05 11:16:00,OMH,,0.11010000109672546,0.11060000211000443,0.10999999940395355,0.10999999940395355,13130.0
2026-08-05 11:16:00,ON,,77.38999938964844,77.45870208740234,77.2699966430664,77.44999694824219,46003.0
2026-08-05 11:16:00,ONB,,27.09239959716797,27.099899291992188,27.09000015258789,27.09980010986328,6337.0
2026-08-05 11:16:00,ONDS,,8.774999618530273,8.789999961853027,8.760199546813965,8.78499984741211,172136.0
2026-08-05 11:16:00,ONFO,,0.07599999755620956,0.07599999755620956,0.07509999722242355,0.07509999722242355,91930.0
2026-08-05 11:16:00,ONMD,,0.6746000051498413,0.6746000051498413,0.6746000051498413,0.6746000051498413,0.0
2026-08-05 11:16:00,OPCH,,23.420000076293945,23.43000030517578,23.420000076293945,23.43000030517578,1021.0
2026-08-05 11:16:00,OPEN,,3.9149999618530273,3.9200000762939453,3.9049999713897705,3.9100000858306885,102710.0
2026-08-05 11:16:00,OPRT,,6.119999885559082,6.119999885559082,6.119999885559082,6.119999885559082,1032.0
2026-08-05 11:16:00,ORIC,,13.305000305175781,13.305000305175781,13.274999618530273,13.279999732971191,3530.0
2026-08-05 11:16:00,ORLY,,92.99240112304688,93.00499725341797,92.94999694824219,92.9800033569336,6242.0
2026-08-05 11:16:00,OSBC,,25.829999923706055,25.829999923706055,25.829999923706055,25.829999923706055,818.0
2026-08-05 11:16:00,OSS,,13.90999984741211,13.930000305175781,13.899999618530273,13.930000305175781,4629.0
2026-08-05 11:16:00,OSUR,,4.170000076293945,4.170000076293945,4.170000076293945,4.170000076293945,478.0
2026-08-05 11:16:00,OTEX,,25.844999313354492,25.844999313354492,25.844999313354492,25.844999313354492,1664.0
2026-08-05 11:16:00,OTLK,,1.0149999856948853,1.0149999856948853,1.0099999904632568,1.0099999904632568,2287.0
2026-08-05 11:16:00,OTTR,,92.68000030517578,92.68000030517578,92.68000030517578,92.68000030517578,236.0
2026-08-05 11:16:00,OVID,,2.619999885559082,2.619999885559082,2.619999885559082,2.619999885559082,6757.0
2026-08-05 11:16:00,OXLC,,9.085000038146973,9.089500427246094,9.085000038146973,9.089500427246094,654.0
2026-08-05 11:16:00,OXSQ,,1.4800000190734863,1.4800000190734863,1.4800000190734863,1.4800000190734863,626.0
2026-08-05 11:16:00,PAA,,23.190000534057617,23.209999084472656,23.190000534057617,23.209999084472656,2230.0
2026-08-05 11:16:00,PAAS,,48.470699310302734,48.470699310302734,48.36000061035156,48.39500045776367,26149.0
2026-08-05 11:16:00,PACB,,1.4149999618530273,1.4249999523162842,1.4149999618530273,1.4249999523162842,86469.0
2026-08-05 11:16:00,PAGP,,25.139999389648438,25.149999618530273,25.139999389648438,25.149999618530273,1806.0
2026-08-05 11:16:00,PALI,,2.0850000381469727,2.0899999141693115,2.0850000381469727,2.0899999141693115,13227.0
2026-08-05 11:16:00,PANL,,7.269999980926514,7.28000020980835,7.269999980926514,7.28000020980835,1422.0
2026-08-05 11:16:00,PANW,,366.4200134277344,366.5,366.1199951171875,366.5,4850.0
2026-08-05 11:16:00,PAX,,11.414999961853027,11.414999961853027,11.414999961853027,11.414999961853027,959.0
2026-08-05 11:16:00,PAYO,,7.130000114440918,7.130000114440918,7.130000114440918,7.130000114440918,480.0
2026-08-05 11:16:00,PAYS,,9.180000305175781,9.180000305175781,9.180000305175781,9.180000305175781,402.0
2026-08-05 11:16:00,PAYX,,116.87750244140625,116.87750244140625,116.83000183105469,116.83000183105469,1967.0
2026-08-05 11:16:00,PCAR,,133.42999267578125,133.42999267578125,133.30999755859375,133.39999389648438,6331.0
2026-08-05 11:16:00,PCRX,,24.829999923706055,24.989999771118164,24.81999969482422,24.934999465942383,10100.0
2026-08-05 11:16:00,PCT,,6.914999961853027,6.920000076293945,6.914999961853027,6.914999961853027,812.0
2026-08-05 11:16:00,PCTY,,146.38999938964844,146.38999938964844,146.38999938964844,146.38999938964844,454.0
2026-08-05 11:16:00,PCYO,,10.550000190734863,10.550000190734863,10.550000190734863,10.550000190734863,232.0
2026-08-05 11:16:00,PDD,,91.48999786376953,91.5,91.44999694824219,91.4800033569336,7330.0
2026-08-05 11:16:00,PECO,,41.375,41.3849983215332,41.375,41.3849983215332,1316.0
2026-08-05 11:16:00,PEGA,,31.575000762939453,31.575000762939453,31.575000762939453,31.575000762939453,1003.0
2026-08-05 11:16:00,PENN,,19.860000610351562,19.860000610351562,19.829999923706055,19.84000015258789,4136.0
2026-08-05 11:16:00,PEP,,138.1999969482422,138.32000732421875,138.1999969482422,138.30999755859375,13230.0
2026-08-05 11:16:00,PEPG,,1.9199999570846558,1.9199999570846558,1.9199999570846558,1.9199999570846558,1132.0
2026-08-05 11:16:00,PERI,,9.550000190734863,9.555000305175781,9.550000190734863,9.555000305175781,698.0
2026-08-05 11:16:00,PFG,,114.25,114.25,114.24500274658203,114.24500274658203,913.0
2026-08-05 11:16:00,PGEN,,6.985000133514404,6.994999885559082,6.96999979019165,6.96999979019165,12111.0
2026-08-05 11:16:00,PGNY,,31.59000015258789,31.59000015258789,31.59000015258789,31.59000015258789,825.0
2026-08-05 11:16:00,PGY,,21.829999923706055,21.829999923706055,21.809999465942383,21.81999969482422,3320.0
2026-08-05 11:16:00,PHAT,,8.51990032196045,8.51990032196045,8.51990032196045,8.51990032196045,640.0
2026-08-05 11:16:00,PHUN,,2.1600000858306885,2.1600000858306885,2.1600000858306885,2.1600000858306885,196.0
2026-08-05 11:16:00,PLAB,,32.025001525878906,32.119998931884766,32.025001525878906,32.119998931884766,3251.0
2026-08-05 11:16:00,PLMR,,136.19000244140625,136.32000732421875,136.19000244140625,136.32000732421875,394.0
2026-08-05 11:16:00,PLPC,,460.9200134277344,460.9200134277344,460.9200134277344,460.9200134277344,347.0
2026-08-05 11:16:00,PLSE,,36.814998626708984,36.814998626708984,36.814998626708984,36.814998626708984,208.0
2026-08-05 11:16:00,PLTK,,4.03000020980835,4.03000020980835,4.025000095367432,4.03000020980835,3417.0
2026-08-05 11:16:00,PLUG,,2.0950000286102295,2.099900007247925,2.0899999141693115,2.0950000286102295,25383.0
2026-08-05 11:16:00,PMN,,13.199999809265137,13.199999809265137,13.199999809265137,13.199999809265137,1039.0
2026-08-05 11:16:00,PNFP,,107.88999938964844,107.90249633789062,107.88999938964844,107.90249633789062,549.0
2026-08-05 11:16:00,POET,,8.239999771118164,8.260000228881836,8.229999542236328,8.260000228881836,8600.0
2026-08-05 11:16:00,POOL,,204.22000122070312,204.22000122070312,204.05999755859375,204.05999755859375,409.0
2026-08-05 11:16:00,POWI,,61.9900016784668,62.0,61.9900016784668,62.0,1802.0
2026-08-05 11:16:00,POWL,,210.81500244140625,210.81500244140625,210.72000122070312,210.72000122070312,293.0
2026-08-05 11:16:00,PPC,,26.690000534057617,26.700000762939453,26.690000534057617,26.700000762939453,1017.0
2026-08-05 11:16:00,PPTA,,22.700000762939453,22.700000762939453,22.67840003967285,22.68000030517578,2669.0
2026-08-05 11:16:00,PRAA,,17.34000015258789,17.350000381469727,17.34000015258789,17.350000381469727,770.0
2026-08-05 11:16:00,PRCH,,16.065000534057617,16.065000534057617,16.049999237060547,16.049999237060547,1142.0
2026-08-05 11:16:00,PRCT,,19.1299991607666,19.2549991607666,19.1299991607666,19.149999618530273,16592.0
2026-08-05 11:16:00,PRDO,,33.0099983215332,33.0099983215332,33.0099983215332,33.0099983215332,2052.0
2026-08-05 11:16:00,PRGS,,41.86000061035156,41.86000061035156,41.84000015258789,41.84000015258789,855.0
2026-08-05 11:16:00,PRIM,,86.02999877929688,86.61000061035156,85.87000274658203,86.61000061035156,6677.0
2026-08-05 11:16:00,PRME,,2.9600000381469727,2.9649999141693115,2.9600000381469727,2.963599920272827,8015.0
2026-08-05 11:16:00,PRQR,,1.8949999809265137,1.899999976158142,1.8949999809265137,1.899999976158142,6276.0
2026-08-05 11:16:00,PRTA,,8.569999694824219,8.569999694824219,8.569999694824219,8.569999694824219,458.0
2026-08-05 11:16:00,PRVA,,24.079999923706055,24.100000381469727,24.06999969482422,24.06999969482422,25303.0
2026-08-05 11:16:00,PSEC,,2.198499917984009,2.199399948120117,2.198499917984009,2.199399948120117,30036.0
2026-08-05 11:16:00,PSNL,,13.531700134277344,13.539999961853027,13.520000457763672,13.539999961853027,1874.0
2026-08-05 11:16:00,PTCT,,69.21499633789062,69.21499633789062,69.21499633789062,69.21499633789062,592.0
2026-08-05 11:16:00,PTEN,,9.774999618530273,9.800000190734863,9.774999618530273,9.795000076293945,8182.0
2026-08-05 11:16:00,PTLO,,4.585000038146973,4.585000038146973,4.585000038146973,4.585000038146973,8563.0
2026-08-05 11:16:00,PTON,,6.519999980926514,6.534999847412109,6.519999980926514,6.53000020980835,7846.0
2026-08-05 11:16:00,PWP,,17.34000015258789,17.395000457763672,17.34000015258789,17.395000457763672,2816.0
2026-08-05 11:16:00,PYPD,,4.46999979019165,4.474999904632568,4.46999979019165,4.474999904632568,1000.0
2026-08-05 11:16:00,PYPL,,58.40999984741211,58.40999984741211,58.39500045776367,58.40999984741211,6877.0
2026-08-05 11:16:00,PYXS,,3.200000047683716,3.200000047683716,3.190000057220459,3.200000047683716,19503.0
2026-08-05 11:16:00,PZZA,,30.479999542236328,30.559999465942383,30.479999542236328,30.559999465942383,3216.0
2026-08-05 11:16:00,QCOM,,157.90499877929688,157.9600067138672,157.67999267578125,157.9600067138672,26177.0
2026-08-05 11:16:00,QFIN,,13.319999694824219,13.319999694824219,13.319999694824219,13.319999694824219,372.0
2026-08-05 11:16:00,QQQX,,30.510000228881836,30.510000228881836,30.426000595092773,30.426000595092773,1012.0
2026-08-05 11:16:00,QRVO,,94.3499984741211,94.37000274658203,94.29989624023438,94.30000305175781,1616.0
2026-08-05 11:16:00,SEED,,0.9800000190734863,0.9800000190734863,0.9793999791145325,0.9800000190734863,1370.0
2026-08-05 11:16:00,STIM,,2.265000104904175,2.2799999713897705,2.265000104904175,2.2750000953674316,9797.0
2026-08-05 11:16:00,STKS,,1.7400000095367432,1.7400000095367432,1.7400000095367432,1.7400000095367432,600.0
2026-08-05 11:16:00,WOOF,,2.944999933242798,2.944999933242798,2.9400999546051025,2.9400999546051025,3963.0
2026-08-05 11:17:00,ACDC,,4.385000228881836,4.40500020980835,4.375,4.375,72841.0
2026-08-05 11:17:00,BPOP,,177.55499267578125,177.55499267578125,177.55499267578125,177.55499267578125,629.0
2026-08-05 11:17:00,CNXN,,84.5,84.5,84.5,84.5,698.0
2026-08-05 11:17:00,CPOP,,0.3637999892234802,0.3637999892234802,0.3637999892234802,0.3637999892234802,2745.0
2026-08-05 11:17:00,EYE,,23.190000534057617,23.190000534057617,23.190000534057617,23.190000534057617,414.0
2026-08-05 11:17:00,FIZZ,,31.940000534057617,31.940000534057617,31.940000534057617,31.940000534057617,791.0
2026-08-05 11:17:00,LUNG,,1.899999976158142,1.899999976158142,1.899999976158142,1.899999976158142,433.0
2026-08-05 11:17:00,MBRX,,0.41600000858306885,0.41600000858306885,0.41600000858306885,0.41600000858306885,0.0
2026-08-05 11:17:00,MDB,,378.2300109863281,378.625,378.0899963378906,378.2200012207031,2356.0
2026-08-05 11:17:00,MDLZ,,62.0,62.040000915527344,61.9900016784668,62.0099983215332,36990.0
2026-08-05 11:17:00,MLTX,,17.565000534057617,17.56999969482422,17.565000534057617,17.56999969482422,1515.0
2026-08-05 11:17:00,MNPR,,118.26000213623047,118.26000213623047,117.7300033569336,118.0999984741211,3912.0
2026-08-05 11:17:00,MNRO,,13.09000015258789,13.09000015258789,13.09000015258789,13.09000015258789,118.0
2026-08-05 11:17:00,MNST,,94.57499694824219,94.68000030517578,94.57499694824219,94.68000030517578,4813.0
2026-08-05 11:17:00,MNTK,,1.6950000524520874,1.6950000524520874,1.6899000406265259,1.690000057220459,12648.0
2026-08-05 11:17:00,MNTS,,4.364999771118164,4.364999771118164,4.364999771118164,4.364999771118164,354.0
2026-08-05 11:17:00,MPWR,,1315.93994140625,1318.85498046875,1315.93994140625,1318.85498046875,926.0
2026-08-05 11:17:00,MRNA,,57.43000030517578,57.529998779296875,57.41999816894531,57.51499938964844,8051.0
2026-08-05 11:17:00,MSGM,,4.460000038146973,4.460000038146973,4.460000038146973,4.460000038146973,110.0
2026-08-05 11:17:00,MYGN,,3.234999895095825,3.240000009536743,3.234999895095825,3.234999895095825,1605.0
2026-08-05 11:17:00,NAMS,,26.774999618530273,26.774999618530273,26.774999618530273,26.774999618530273,591.0
2026-08-05 11:17:00,NAVI,,9.069999694824219,9.09000015258789,9.069999694824219,9.09000015258789,4238.0
2026-08-05 11:17:00,NB,,5.069900035858154,5.074999809265137,5.061299800872803,5.061299800872803,3710.0
2026-08-05 11:17:00,NBIX,,164.05999755859375,164.14999389648438,164.05999755859375,164.14999389648438,1819.0
2026-08-05 11:17:00,NDAQ,,94.62000274658203,94.71990203857422,94.62000274658203,94.69999694824219,3342.0
2026-08-05 11:17:00,NDSN,,310.2300109863281,310.3500061035156,310.2300109863281,310.3500061035156,423.0
2026-08-05 11:17:00,NECB,,27.30900001525879,27.30900001525879,27.219999313354492,27.229999542236328,836.0
2026-08-05 11:17:00,NEO,,16.100000381469727,16.110000610351562,16.06999969482422,16.084999084472656,3798.0
2026-08-05 11:17:00,NEOG,,11.555000305175781,11.5600004196167,11.555000305175781,11.5600004196167,2654.0
2026-08-05 11:17:00,NESR,,28.53499984741211,28.53499984741211,28.53499984741211,28.53499984741211,2442.0
2026-08-05 11:17:00,NEXT,,6.434999942779541,6.439000129699707,6.434999942779541,6.434999942779541,4694.0
2026-08-05 11:17:00,NFLX,,74.1050033569336,74.11499786376953,74.07499694824219,74.11019897460938,33832.0
2026-08-05 11:17:00,NGNE,,34.7599983215332,34.7599983215332,34.7400016784668,34.7400016784668,1031.0
2026-08-05 11:17:00,NICE,,96.06999969482422,96.12000274658203,96.06999969482422,96.0999984741211,2805.0
2026-08-05 11:17:00,NKTR,,73.04000091552734,73.1500015258789,73.02999877929688,73.1500015258789,2013.0
2026-08-05 11:17:00,NKTX,,2.1600000858306885,2.1649999618530273,2.1600000858306885,2.1649999618530273,1591.0
2026-08-05 11:17:00,NMFC,,7.324999809265137,7.329999923706055,7.324999809265137,7.329999923706055,319.0
2026-08-05 11:17:00,NMIH,,44.474998474121094,44.474998474121094,44.474998474121094,44.474998474121094,944.0
2026-08-05 11:17:00,NMRA,,1.6200000047683716,1.6200000047683716,1.6200000047683716,1.6200000047683716,3734.0
2026-08-05 11:17:00,NMRK,,15.720000267028809,15.720000267028809,15.720000267028809,15.720000267028809,2138.0
2026-08-05 11:17:00,NN,,14.199999809265137,14.225000381469727,14.1899995803833,14.1899995803833,4186.0
2026-08-05 11:17:00,NNBR,,3.7799999713897705,3.7899999618530273,3.7699999809265137,3.7899999618530273,7908.0
2026-08-05 11:17:00,NNDM,,1.534999966621399,1.534999966621399,1.534999966621399,1.534999966621399,1309.0
2026-08-05 11:17:00,NOVT,,157.05999755859375,157.05999755859375,157.05499267578125,157.05499267578125,929.0
2026-08-05 11:17:00,NRDS,,9.220000267028809,9.229999542236328,9.21500015258789,9.220000267028809,4156.0
2026-08-05 11:17:00,NRIX,,24.59000015258789,24.639999389648438,24.59000015258789,24.639999389648438,2075.0
2026-08-05 11:17:00,NRXP,,3.0299999713897705,3.0299999713897705,3.0299999713897705,3.0299999713897705,150.0
2026-08-05 11:17:00,NSSC,,40.150001525878906,40.150001525878906,40.150001525878906,40.150001525878906,898.0
2026-08-05 11:17:00,NTAP,,188.9199981689453,189.60000610351562,188.77999877929688,189.5399932861328,15614.0
2026-08-05 11:17:00,NTCT,,42.040000915527344,42.040000915527344,42.040000915527344,42.040000915527344,907.0
2026-08-05 11:17:00,NTGR,,24.149999618530273,24.149999618530273,24.149999618530273,24.149999618530273,652.0
2026-08-05 11:17:00,NTNX,,60.52000045776367,60.560001373291016,60.52000045776367,60.560001373291016,1414.0
2026-08-05 11:17:00,NTRA,,277.19000244140625,277.19000244140625,277.19000244140625,277.19000244140625,710.0
2026-08-05 11:17:00,NTRS,,184.27000427246094,184.41000366210938,184.19500732421875,184.35000610351562,4893.0
2026-08-05 11:17:00,NUWE,,1.7200000286102295,1.7200000286102295,1.7200000286102295,1.7200000286102295,343.0
2026-08-05 11:17:00,NVAX,,7.652599811553955,7.659999847412109,7.650000095367432,7.659999847412109,4681.0
2026-08-05 11:17:00,NVCT,,20.0,20.049999237060547,20.0,20.049999237060547,874.0
2026-08-05 11:17:00,NVDA,,219.03140258789062,219.25999450683594,219.0,219.24319458007812,183130.0
2026-08-05 11:17:00,NVMI,,408.7799987792969,408.7799987792969,408.7799987792969,408.7799987792969,108.0
2026-08-05 11:17:00,NVTS,,12.449999809265137,12.454999923706055,12.430000305175781,12.430000305175781,6980.0
2026-08-05 11:17:00,NWBI,,15.944999694824219,15.944999694824219,15.9350004196167,15.944999694824219,3274.0
2026-08-05 11:17:00,NWL,,6.215000152587891,6.215000152587891,6.210000038146973,6.215000152587891,7509.0
2026-08-05 11:17:00,NWS,,32.28499984741211,32.290000915527344,32.28499984741211,32.290000915527344,2654.0
2026-08-05 11:17:00,NWSA,,28.225000381469727,28.229999542236328,28.21500015258789,28.229999542236328,4972.0
2026-08-05 11:17:00,NXPI,,230.44000244140625,230.55999755859375,230.44000244140625,230.5,1218.0
2026-08-05 11:17:00,NXT,,98.31999969482422,98.37999725341797,98.31999969482422,98.37999725341797,2056.0
2026-08-05 11:17:00,NYXH,,1.4299999475479126,1.4299999475479126,1.4299999475479126,1.4299999475479126,521.0
2026-08-05 11:17:00,OBIO,,4.199999809265137,4.204999923706055,4.199999809265137,4.204999923706055,1503.0
2026-08-05 11:17:00,OCGN,,1.2999999523162842,1.2999999523162842,1.2999999523162842,1.2999999523162842,5410.0
2026-08-05 11:17:00,OCUL,,8.524999618530273,8.539999961853027,8.515000343322754,8.524999618530273,26789.0
2026-08-05 11:17:00,OFIX,,10.859999656677246,10.869999885559082,10.859999656677246,10.869999885559082,1956.0
2026-08-05 11:17:00,OFS,,3.490000009536743,3.490000009536743,3.490000009536743,3.490000009536743,600.0
2026-08-05 11:17:00,OGI,,0.9605000019073486,0.9605000019073486,0.9524999856948853,0.9524999856948853,320.0
2026-08-05 11:17:00,OKTA,,148.08999633789062,148.4499969482422,148.08999633789062,148.4499969482422,2112.0
2026-08-05 11:17:00,OKYO,,1.6299999952316284,1.659999966621399,1.6299999952316284,1.659999966621399,6338.0
2026-08-05 11:17:00,OLB,,0.31139999628067017,0.31139999628067017,0.31139999628067017,0.31139999628067017,2280.0
2026-08-05 11:17:00,OLLI,,78.41999816894531,78.41999816894531,78.36000061035156,78.36000061035156,1437.0
2026-08-05 11:17:00,OLMA,,11.60990047454834,11.60990047454834,11.60990047454834,11.60990047454834,1908.0
2026-08-05 11:17:00,OM,,4.929999828338623,4.929999828338623,4.929999828338623,4.929999828338623,420.0
2026-08-05 11:17:00,OMCL,,37.31999969482422,37.31999969482422,37.290000915527344,37.290000915527344,1570.0
2026-08-05 11:17:00,OMER,,12.78499984741211,12.78499984741211,12.78499984741211,12.78499984741211,1590.0
2026-08-05 11:17:00,OMEX,,0.7434999942779541,0.7434999942779541,0.7434999942779541,0.7434999942779541,6151.0
2026-08-05 11:17:00,OMH,,0.10999999940395355,0.10999999940395355,0.10999999940395355,0.10999999940395355,26477.0
2026-08-05 11:17:00,ON,,77.44999694824219,77.44999694824219,77.36129760742188,77.37000274658203,29526.0
2026-08-05 11:17:00,ONB,,27.05500030517578,27.090099334716797,27.05500030517578,27.090099334716797,11347.0
2026-08-05 11:17:00,ONBPO,,24.764999389648438,24.764999389648438,24.764999389648438,24.764999389648438,105.0
2026-08-05 11:17:00,ONDS,,8.752599716186523,8.776000022888184,8.739999771118164,8.774999618530273,286889.0
2026-08-05 11:17:00,ONEW,,12.649999618530273,12.649999618530273,12.649999618530273,12.649999618530273,911.0
2026-08-05 11:17:00,ONFO,,0.07639999687671661,0.07689999788999557,0.07599999755620956,0.07599999755620956,92520.0
2026-08-05 11:17:00,OPAL,,2.325000047683716,2.3299999237060547,2.325000047683716,2.3299999237060547,994.0
2026-08-05 11:17:00,OPBK,,15.729999542236328,15.729999542236328,15.729999542236328,15.729999542236328,282.0
2026-08-05 11:17:00,OPCH,,23.389999389648438,23.399999618530273,23.389999389648438,23.399999618530273,2179.0
2026-08-05 11:17:00,OPEN,,3.9100000858306885,3.9198999404907227,3.9000000953674316,3.9198999404907227,44189.0
2026-08-05 11:17:00,OPHC,,8.5600004196167,8.5600004196167,8.550000190734863,8.550000190734863,752.0
2026-08-05 11:17:00,OPI,,18.860000610351562,18.860000610351562,18.850000381469727,18.850000381469727,6297.0
2026-08-05 11:17:00,OPK,,1.3113000392913818,1.3113000392913818,1.309999942779541,1.309999942779541,1404.0
2026-08-05 11:17:00,OPRX,,6.71999979019165,6.71999979019165,6.71999979019165,6.71999979019165,463.0
2026-08-05 11:17:00,ORLY,,92.80000305175781,92.96499633789062,92.80000305175781,92.96499633789062,26454.0
2026-08-05 11:17:00,ORMP,,4.460000038146973,4.485000133514404,4.460000038146973,4.485000133514404,3970.0
2026-08-05 11:17:00,OSBC,,25.815000534057617,25.829999923706055,25.815000534057617,25.829999923706055,1770.0
2026-08-05 11:17:00,OSIS,,235.1829071044922,235.1829071044922,235.1829071044922,235.1829071044922,94.0
2026-08-05 11:17:00,OSS,,13.84000015258789,13.90999984741211,13.84000015258789,13.90999984741211,6780.0
2026-08-05 11:17:00,OTEX,,25.834999084472656,25.834999084472656,25.834999084472656,25.834999084472656,608.0
2026-08-05 11:17:00,OTLK,,1.009600043296814,1.0199999809265137,1.009600043296814,1.0149999856948853,21296.0
2026-08-05 11:17:00,OTTR,,92.3499984741211,92.3499984741211,92.3499984741211,92.3499984741211,342.0
2026-08-05 11:17:00,OXLC,,9.088800430297852,9.089099884033203,9.088800430297852,9.089099884033203,984.0
2026-08-05 11:17:00,OXSQ,,1.4800000190734863,1.4850000143051147,1.4800000190734863,1.4850000143051147,584.0
2026-08-05 11:17:00,PAA,,23.21500015258789,23.21500015258789,23.19499969482422,23.19499969482422,4904.0
2026-08-05 11:17:00,PAAS,,48.41999816894531,48.494998931884766,48.41999816894531,48.459999084472656,25315.0
2026-08-05 11:17:00,PACB,,1.4199999570846558,1.4199999570846558,1.4149999618530273,1.4149999618530273,20858.0
2026-08-05 11:17:00,PAGP,,25.139999389648438,25.139999389648438,25.1299991607666,25.1299991607666,659.0
2026-08-05 11:17:00,PANL,,7.255000114440918,7.255000114440918,7.25,7.25,613.0
2026-08-05 11:17:00,PANW,,365.4599914550781,366.6099853515625,365.2300109863281,366.3299865722656,22777.0
2026-08-05 11:17:00,PATK,,87.54000091552734,87.62999725341797,87.54000091552734,87.62999725341797,725.0
2026-08-05 11:17:00,PAX,,11.40999984741211,11.40999984741211,11.40999984741211,11.40999984741211,3327.0
2026-08-05 11:17:00,PAYO,,7.125,7.130000114440918,7.119999885559082,7.119999885559082,3784.0
2026-08-05 11:17:00,PAYS,,9.15999984741211,9.170000076293945,9.149999618530273,9.170000076293945,3781.0
2026-08-05 11:17:00,PAYX,,116.82990264892578,116.83000183105469,116.76000213623047,116.81999969482422,3916.0
2026-08-05 11:17:00,PBYI,,8.0,8.0,8.0,8.0,399.0
2026-08-05 11:17:00,PCAR,,133.26499938964844,133.41000366210938,133.25,133.36000061035156,6181.0
2026-08-05 11:17:00,PCRX,,24.799999237060547,24.799999237060547,24.799999237060547,24.799999237060547,854.0
2026-08-05 11:17:00,PCT,,6.914999961853027,6.914999961853027,6.909999847412109,6.914999961853027,2175.0
2026-08-05 11:17:00,PCTY,,146.47000122070312,146.47000122070312,146.47000122070312,146.47000122070312,125.0
2026-08-05 11:17:00,PDD,,91.48500061035156,91.48500061035156,91.4749984741211,91.48500061035156,3527.0
2026-08-05 11:17:00,PEBK,,43.40999984741211,43.40999984741211,43.40999984741211,43.40999984741211,995.0
2026-08-05 11:17:00,PECO,,41.35499954223633,41.400001525878906,41.35499954223633,41.38999938964844,20614.0
2026-08-05 11:17:00,PEGA,,31.59000015258789,31.59000015258789,31.520000457763672,31.56999969482422,3550.0
2026-08-05 11:17:00,PENN,,19.8700008392334,19.8799991607666,19.86989974975586,19.86989974975586,3292.0
2026-08-05 11:17:00,PEP,,138.22999572753906,138.25,138.1999969482422,138.25,8305.0
2026-08-05 11:17:00,PEPG,,1.9049999713897705,1.909999966621399,1.9049999713897705,1.909999966621399,2589.0
2026-08-05 11:17:00,PERI,,9.550000190734863,9.550000190734863,9.550000190734863,9.550000190734863,356.0
2026-08-05 11:17:00,PESI,,17.674999237060547,17.674999237060547,17.600000381469727,17.600000381469727,593.0
2026-08-05 11:17:00,PFG,,114.08000183105469,114.19499969482422,114.08000183105469,114.19000244140625,1516.0
2026-08-05 11:17:00,PGC,,46.7400016784668,46.7400016784668,46.7400016784668,46.7400016784668,244.0
2026-08-05 11:17:00,PGEN,,6.965000152587891,6.994999885559082,6.960000038146973,6.985000133514404,14477.0
2026-08-05 11:17:00,PGY,,21.81999969482422,21.81999969482422,21.80500030517578,21.809999465942383,1613.0
2026-08-05 11:17:00,PHAT,,8.5,8.5,8.5,8.5,1892.0
2026-08-05 11:17:00,PHVS,,32.97999954223633,32.97999954223633,32.97999954223633,32.97999954223633,200.0
2026-08-05 11:17:00,PLAB,,32.12419891357422,32.12419891357422,32.12419891357422,32.12419891357422,254.0
2026-08-05 11:17:00,PLBY,,1.159999966621399,1.159999966621399,1.159999966621399,1.159999966621399,290.0
2026-08-05 11:17:00,PLPC,,460.1099853515625,460.1099853515625,460.1099853515625,460.1099853515625,162.0
2026-08-05 11:17:00,PLRX,,1.0499999523162842,1.0499999523162842,1.0499999523162842,1.0499999523162842,104.0
2026-08-05 11:17:00,PLSE,,36.814998626708984,36.814998626708984,36.814998626708984,36.814998626708984,352.0
2026-08-05 11:17:00,PLTK,,4.025000095367432,4.025000095367432,4.025000095367432,4.025000095367432,965.0
2026-08-05 11:17:00,PLUG,,2.090100049972534,2.0999999046325684,2.0899999141693115,2.090100049972534,10712.0
2026-08-05 11:17:00,PNFP,,107.66999816894531,107.77999877929688,107.66999816894531,107.77999877929688,1634.0
2026-08-05 11:17:00,PNTG,,38.790000915527344,38.79999923706055,38.790000915527344,38.790000915527344,2012.0
2026-08-05 11:17:00,POET,,8.24209976196289,8.255000114440918,8.239999771118164,8.239999771118164,9162.0
2026-08-05 11:17:00,POOL,,204.0,204.0800018310547,204.0,204.0800018310547,1416.0
2026-08-05 11:17:00,POWI,,62.060001373291016,62.060001373291016,62.060001373291016,62.060001373291016,1036.0
2026-08-05 11:17:00,POWL,,210.66000366210938,210.72000122070312,210.38009643554688,210.38009643554688,448.0
2026-08-05 11:17:00,PPC,,26.690000534057617,26.690000534057617,26.670000076293945,26.68000030517578,4259.0
2026-08-05 11:17:00,PPTA,,22.649999618530273,22.709999084472656,22.649999618530273,22.709999084472656,2403.0
2026-08-05 11:17:00,PRAA,,17.34000015258789,17.34000015258789,17.34000015258789,17.34000015258789,769.0
2026-08-05 11:17:00,PRCH,,16.040000915527344,16.040000915527344,16.040000915527344,16.040000915527344,302.0
2026-08-05 11:17:00,PRCT,,19.139999389648438,19.165000915527344,19.139999389648438,19.15999984741211,4123.0
2026-08-05 11:17:00,PRFX,,1.1165000200271606,1.1165000200271606,1.1165000200271606,1.1165000200271606,820.0
2026-08-05 11:17:00,PRGS,,41.880001068115234,41.95000076293945,41.880001068115234,41.90999984741211,2325.0
2026-08-05 11:17:00,PRIM,,85.66999816894531,85.87999725341797,85.54000091552734,85.76000213623047,6324.0
2026-08-05 11:17:00,PRME,,2.9700000286102295,2.9700000286102295,2.9549999237060547,2.9609999656677246,39665.0
2026-08-05 11:17:00,PRTA,,8.5600004196167,8.5600004196167,8.5600004196167,8.5600004196167,1714.0
2026-08-05 11:17:00,PRVA,,24.06999969482422,24.100000381469727,24.06999969482422,24.09000015258789,2392.0
2026-08-05 11:17:00,PSEC,,2.190000057220459,2.194999933242798,2.190000057220459,2.194999933242798,1480.0
2026-08-05 11:17:00,PSMT,,193.9199981689453,193.9250030517578,193.9199981689453,193.9199981689453,592.0
2026-08-05 11:17:00,PSNL,,13.520000457763672,13.529999732971191,13.510000228881836,13.529999732971191,3384.0
2026-08-05 11:17:00,PTCT,,69.02999877929688,69.12000274658203,69.02999877929688,69.12000274658203,1734.0
2026-08-05 11:17:00,PTEN,,9.795000076293945,9.795000076293945,9.78499984741211,9.78499984741211,2733.0
2026-08-05 11:17:00,PTGX,,136.22500610351562,136.42999267578125,136.22500610351562,136.42999267578125,1302.0
2026-08-05 11:17:00,PTON,,6.525000095367432,6.525000095367432,6.519999980926514,6.525000095367432,3266.0
2026-08-05 11:17:00,PUBM,,13.539999961853027,13.539999961853027,13.539999961853027,13.539999961853027,798.0
2026-08-05 11:17:00,PWP,,17.280000686645508,17.299999237060547,17.280000686645508,17.299999237060547,2146.0
2026-08-05 11:17:00,PYPD,,4.46999979019165,4.46999979019165,4.46999979019165,4.46999979019165,0.0
2026-08-05 11:17:00,PYPL,,58.369998931884766,58.400001525878906,58.349998474121094,58.400001525878906,12750.0
2026-08-05 11:17:00,PYXS,,3.1649999618530273,3.190000057220459,3.1600000858306885,3.184999942779541,7645.0
2026-08-05 11:17:00,PZZA,,30.510000228881836,30.520000457763672,30.469999313354492,30.489500045776367,5232.0
2026-08-05 11:17:00,QCOM,,158.0,158.11000061035156,157.88999938964844,157.94000244140625,16574.0
2026-08-05 11:17:00,QFIN,,13.335000038146973,13.335000038146973,13.335000038146973,13.335000038146973,1140.0
2026-08-05 11:17:00,QRVO,,94.41000366210938,94.41000366210938,94.38999938964844,94.38999938964844,1070.0
2026-08-05 11:17:00,SEED,,0.9800000190734863,0.9800000190734863,0.9800000190734863,0.9800000190734863,6955.0
2026-08-05 11:17:00,STIM,,2.255000114440918,2.265399932861328,2.255000114440918,2.265399932861328,15759.0
2026-08-05 11:17:00,STKS,,1.7400000095367432,1.7400000095367432,1.7400000095367432,1.7400000095367432,6.0
2026-08-05 11:17:00,TARA,,4.03000020980835,4.03000020980835,4.03000020980835,4.03000020980835,922.0
2026-08-05 11:18:00,ACDC,,4.380000114440918,4.389999866485596,4.375,4.380000114440918,25119.0
2026-08-05 11:18:00,EYE,,23.149999618530273,23.190000534057617,23.149999618530273,23.190000534057617,2468.0
2026-08-05 11:18:00,FIZZ,,31.920000076293945,31.920000076293945,31.920000076293945,31.920000076293945,1686.0
2026-08-05 11:18:00,GLUE,,15.8100004196167,15.8100004196167,15.760000228881836,15.779999732971191,7455.0
2026-08-05 11:18:00,KITT,,1.0860999822616577,1.0860999822616577,1.0860999822616577,1.0860999822616577,0.0
2026-08-05 11:18:00,KTTA,,0.47369998693466187,0.47369998693466187,0.47369998693466187,0.47369998693466187,200.0
2026-08-05 11:18:00,MDB,,378.5899963378906,378.80999755859375,377.135009765625,377.9800109863281,5859.0
2026-08-05 11:18:00,MDLZ,,62.060001373291016,62.060001373291016,61.97999954223633,61.9900016784668,37122.0
2026-08-05 11:18:00,MLTX,,17.53499984741211,17.53499984741211,17.53499984741211,17.53499984741211,942.0
2026-08-05 11:18:00,MNRO,,13.109999656677246,13.109999656677246,13.09000015258789,13.09000015258789,10914.0
2026-08-05 11:18:00,MNST,,94.6050033569336,94.60749816894531,94.52999877929688,94.57749938964844,12378.0
2026-08-05 11:18:00,MNTS,,4.340000152587891,4.360000133514404,4.340000152587891,4.349999904632568,3751.0
2026-08-05 11:18:00,MNTSW,,0.002099999925121665,0.002099999925121665,0.002099999925121665,0.002099999925121665,2000.0
2026-08-05 11:18:00,MOVE,,11.891799926757812,11.891799926757812,11.891799926757812,11.891799926757812,361.0
2026-08-05 11:18:00,MPWR,,1315.9599609375,1316.3399658203125,1313.010009765625,1316.3399658203125,1455.0
2026-08-05 11:18:00,MRNA,,57.45000076293945,57.45000076293945,57.349998474121094,57.404998779296875,12690.0
2026-08-05 11:18:00,MYGN,,3.234999895095825,3.234999895095825,3.234999895095825,3.234999895095825,1323.0
2026-08-05 11:18:00,MYPS,,0.7204999923706055,0.7204999923706055,0.7204999923706055,0.7204999923706055,3027.0
2026-08-05 11:18:00,MYRG,,338.19000244140625,338.19000244140625,338.19000244140625,338.19000244140625,141.0
2026-08-05 11:18:00,NAMS,,26.639999389648438,26.700000762939453,26.639999389648438,26.690000534057617,1327.0
2026-08-05 11:18:00,NATR,,20.219999313354492,20.25819969177246,20.219999313354492,20.25819969177246,908.0
2026-08-05 11:18:00,NAUT,,0.9625999927520752,0.9627000093460083,0.9625999927520752,0.9627000093460083,1759.0
2026-08-05 11:18:00,NB,,5.065000057220459,5.065000057220459,5.050000190734863,5.065000057220459,37252.0
2026-08-05 11:18:00,NBIX,,164.08999633789062,164.08999633789062,163.9600067138672,163.9600067138672,1541.0
2026-08-05 11:18:00,NCRA,,1.760200023651123,1.7699999809265137,1.760200023651123,1.7699999809265137,204.0
2026-08-05 11:18:00,NDAQ,,94.66500091552734,94.69000244140625,94.60820007324219,94.66999816894531,3604.0
2026-08-05 11:18:00,NDSN,,310.0775146484375,310.33990478515625,310.07501220703125,310.1000061035156,1070.0
2026-08-05 11:18:00,NEO,,16.1299991607666,16.1299991607666,16.059999465942383,16.079999923706055,5091.0
2026-08-05 11:18:00,NEOG,,11.5649995803833,11.574999809265137,11.550000190734863,11.550000190734863,22259.0
2026-08-05 11:18:00,NEOV,,2.8499999046325684,2.8499999046325684,2.815000057220459,2.815000057220459,10559.0
2026-08-05 11:18:00,NEXT,,6.425000190734863,6.429999828338623,6.425000190734863,6.429999828338623,3413.0
2026-08-05 11:18:00,NFE,,0.3353999853134155,0.3353999853134155,0.3353999853134155,0.3353999853134155,2255.0
2026-08-05 11:18:00,NFLX,,74.097900390625,74.11499786376953,74.05000305175781,74.1050033569336,59143.0
2026-08-05 11:18:00,NICE,,96.41999816894531,96.41999816894531,95.88999938964844,95.88999938964844,3453.0
2026-08-05 11:18:00,NMFC,,7.324999809265137,7.324999809265137,7.324999809265137,7.324999809265137,505.0
2026-08-05 11:18:00,NMRK,,15.699999809265137,15.699999809265137,15.6899995803833,15.699999809265137,1105.0
2026-08-05 11:18:00,NN,,14.210000038146973,14.210000038146973,14.180000305175781,14.199999809265137,9490.0
2026-08-05 11:18:00,NNBR,,3.7799999713897705,3.7799999713897705,3.7799999713897705,3.7799999713897705,830.0
2026-08-05 11:18:00,NNDM,,1.534999966621399,1.534999966621399,1.534999966621399,1.534999966621399,1545.0
2026-08-05 11:18:00,NPCE,,13.59000015258789,13.625,13.579999923706055,13.600000381469727,3344.0
2026-08-05 11:18:00,NRIX,,24.559999465942383,24.559999465942383,24.549999237060547,24.549999237060547,1872.0
2026-08-05 11:18:00,NRXP,,3.0399999618530273,3.0399999618530273,3.0399999618530273,3.0399999618530273,190.0
2026-08-05 11:18:00,NSSC,,40.13999938964844,40.13999938964844,40.13999938964844,40.13999938964844,305.0
2026-08-05 11:18:00,NSTS,,13.78499984741211,13.78499984741211,13.78499984741211,13.78499984741211,310.0
2026-08-05 11:18:00,NTAP,,189.17999267578125,189.22999572753906,188.63999938964844,188.8300018310547,23693.0
2026-08-05 11:18:00,NTES,,127.9000015258789,127.9000015258789,127.7699966430664,127.81999969482422,2572.0
2026-08-05 11:18:00,NTGR,,24.125,24.125,24.110000610351562,24.110000610351562,704.0
2026-08-05 11:18:00,NTNX,,60.54999923706055,60.58000183105469,60.470001220703125,60.52000045776367,9027.0
2026-08-05 11:18:00,NTRA,,276.6099853515625,276.6099853515625,276.6099853515625,276.6099853515625,1238.0
2026-08-05 11:18:00,NTRS,,183.93499755859375,184.14999389648438,183.1300048828125,184.14999389648438,4010.0
2026-08-05 11:18:00,NUWE,,1.7201999425888062,1.7201999425888062,1.7201999425888062,1.7201999425888062,592.0
2026-08-05 11:18:00,NVAX,,7.639999866485596,7.639999866485596,7.639999866485596,7.639999866485596,4123.0
2026-08-05 11:18:00,NVCR,,16.010000228881836,16.010000228881836,15.979999542236328,16.0,2638.0
2026-08-05 11:18:00,NVCT,,20.0,20.0,20.0,20.0,436.0
2026-08-05 11:18:00,NVDA,,218.6699981689453,219.02499389648438,218.5500030517578,219.01060485839844,412193.0
2026-08-05 11:18:00,NVMI,,407.67498779296875,408.8299865722656,407.67498779296875,408.8299865722656,1689.0
2026-08-05 11:18:00,NVTS,,12.454999923706055,12.460000038146973,12.430000305175781,12.449999809265137,17174.0
2026-08-05 11:18:00,NWBI,,15.949999809265137,15.949999809265137,15.944999694824219,15.944999694824219,2622.0
2026-08-05 11:18:00,NWE,,68.68000030517578,68.68000030517578,68.68000030517578,68.68000030517578,448.0
2026-08-05 11:18:00,NWL,,6.21999979019165,6.225100040435791,6.199999809265137,6.210000038146973,45060.0
2026-08-05 11:18:00,NWPX,,127.30000305175781,127.3499984741211,127.30000305175781,127.3499984741211,556.0
2026-08-05 11:18:00,NWS,,32.28499984741211,32.28499984741211,32.27000045776367,32.27000045776367,1396.0
2026-08-05 11:18:00,NWSA,,28.21500015258789,28.219999313354492,28.190000534057617,28.219999313354492,10242.0
2026-08-05 11:18:00,NXPI,,230.05999755859375,230.5500030517578,229.89999389648438,230.5500030517578,12424.0
2026-08-05 11:18:00,NXST,,191.99000549316406,191.99000549316406,191.99000549316406,191.99000549316406,1972.0
2026-08-05 11:18:00,NXT,,98.25,98.2699966430664,98.23999786376953,98.25,4070.0
2026-08-05 11:18:00,OBIO,,4.199999809265137,4.199999809265137,4.199999809265137,4.199999809265137,1588.0
2026-08-05 11:18:00,OCCI,,2.450000047683716,2.450000047683716,2.450000047683716,2.450000047683716,275.0
2026-08-05 11:18:00,OCFC,,19.774999618530273,19.774999618530273,19.774999618530273,19.774999618530273,161.0
2026-08-05 11:18:00,OCGN,,1.2949999570846558,1.2949999570846558,1.2949999570846558,1.2949999570846558,2320.0
2026-08-05 11:18:00,OCS,,11.984999656677246,11.984999656677246,11.984999656677246,11.984999656677246,226.0
2026-08-05 11:18:00,OCSL,,12.114999771118164,12.114999771118164,12.09000015258789,12.095000267028809,3358.0
2026-08-05 11:18:00,OCUL,,8.524999618530273,8.53499984741211,8.524999618530273,8.524999618530273,21224.0
2026-08-05 11:18:00,ODD,,15.0600004196167,15.079999923706055,15.0600004196167,15.079999923706055,1207.0
2026-08-05 11:18:00,ODFL,,214.91000366210938,214.91000366210938,214.58999633789062,214.58999633789062,3767.0
2026-08-05 11:18:00,OESX,,15.999899864196777,15.999899864196777,15.623299598693848,15.623299598693848,7240.0
2026-08-05 11:18:00,OFIX,,10.720000267028809,10.859999656677246,10.720000267028809,10.859999656677246,4839.0
2026-08-05 11:18:00,OFS,,3.549999952316284,3.549999952316284,3.549999952316284,3.549999952316284,0.0
2026-08-05 11:18:00,OKTA,,148.10000610351562,148.10000610351562,148.00999450683594,148.00999450683594,1748.0
2026-08-05 11:18:00,OLLI,,78.41000366210938,78.44000244140625,78.2249984741211,78.4000015258789,2885.0
2026-08-05 11:18:00,OM,,4.920000076293945,4.920000076293945,4.920000076293945,4.920000076293945,200.0
2026-08-05 11:18:00,OMCL,,37.20500183105469,37.27000045776367,37.189998626708984,37.2400016784668,4173.0
2026-08-05 11:18:00,OMER,,12.760000228881836,12.760000228881836,12.760000228881836,12.760000228881836,888.0
2026-08-05 11:18:00,OMEX,,0.7491999864578247,0.7491999864578247,0.7476999759674072,0.7487000226974487,0.0
2026-08-05 11:18:00,OMH,,0.10939999669790268,0.10999999940395355,0.10939999669790268,0.10989999771118164,10517.0
2026-08-05 11:18:00,ON,,77.44000244140625,77.45999908447266,77.2699966430664,77.43499755859375,46477.0
2026-08-05 11:18:00,ONB,,27.045000076293945,27.049999237060547,27.045000076293945,27.049999237060547,5118.0
2026-08-05 11:18:00,ONDS,,8.755000114440918,8.760000228881836,8.729999542236328,8.755000114440918,146009.0
2026-08-05 11:18:00,ONFO,,0.0754999965429306,0.07639999687671661,0.0754999965429306,0.07639999687671661,43706.0
2026-08-05 11:18:00,ONMD,,0.6746000051498413,0.6746000051498413,0.6746000051498413,0.6746000051498413,940.0
2026-08-05 11:18:00,OPBK,,15.739999771118164,15.739999771118164,15.739999771118164,15.739999771118164,369.0
2026-08-05 11:18:00,OPCH,,23.3799991607666,23.3799991607666,23.3799991607666,23.3799991607666,1046.0
2026-08-05 11:18:00,OPEN,,3.884999990463257,3.9100000858306885,3.884999990463257,3.9100000858306885,110832.0
2026-08-05 11:18:00,OPK,,1.3113000392913818,1.3113000392913818,1.309999942779541,1.309999942779541,816.0
2026-08-05 11:18:00,OPRT,,6.110000133514404,6.110000133514404,6.110000133514404,6.110000133514404,778.0
2026-08-05 11:18:00,OPRX,,6.710000038146973,6.71999979019165,6.699999809265137,6.699999809265137,1392.0
2026-08-05 11:18:00,OPXS,,11.989999771118164,11.989999771118164,11.989999771118164,11.989999771118164,831.0
2026-08-05 11:18:00,ORLY,,92.76499938964844,92.83999633789062,92.75,92.77999877929688,18775.0
2026-08-05 11:18:00,ORMP,,4.449999809265137,4.449999809265137,4.449999809265137,4.449999809265137,634.0
2026-08-05 11:18:00,OSBC,,25.809999465942383,25.809999465942383,25.809999465942383,25.809999465942383,1392.0
2026-08-05 11:18:00,OSIS,,234.5500030517578,234.5500030517578,234.5500030517578,234.5500030517578,347.0
2026-08-05 11:18:00,OSPN,,16.68000030517578,16.68000030517578,16.6299991607666,16.6299991607666,2009.0
2026-08-05 11:18:00,OSS,,13.837699890136719,13.854100227355957,13.830100059509277,13.837699890136719,3911.0
2026-08-05 11:18:00,OSUR,,4.175000190734863,4.175000190734863,4.170000076293945,4.170000076293945,674.0
2026-08-05 11:18:00,OTEX,,25.844999313354492,25.844999313354492,25.80500030517578,25.829999923706055,5812.0
2026-08-05 11:18:00,OTLK,,1.0099999904632568,1.0099999904632568,1.0099999904632568,1.0099999904632568,35558.0
2026-08-05 11:18:00,OTLY,,14.460000038146973,14.470100402832031,14.460000038146973,14.470100402832031,1050.0
2026-08-05 11:18:00,OVID,,2.615000009536743,2.615000009536743,2.615000009536743,2.615000009536743,1015.0
2026-08-05 11:18:00,OXLC,,9.09000015258789,9.09000015258789,9.088800430297852,9.088800430297852,2322.0
2026-08-05 11:18:00,OXSQ,,1.4800000190734863,1.48989999294281,1.4800000190734863,1.4800000190734863,3570.0
2026-08-05 11:18:00,PAA,,23.209999084472656,23.21500015258789,23.209999084472656,23.21500015258789,5995.0
2026-08-05 11:18:00,PAAS,,48.43000030517578,48.43000030517578,48.31999969482422,48.400001525878906,26679.0
2026-08-05 11:18:00,PACB,,1.4149999618530273,1.4149999618530273,1.409999966621399,1.4149999618530273,8283.0
2026-08-05 11:18:00,PAGP,,25.1299991607666,25.139999389648438,25.1299991607666,25.139999389648438,3660.0
2026-08-05 11:18:00,PALI,,2.0850000381469727,2.0850000381469727,2.0850000381469727,2.0850000381469727,835.0
2026-08-05 11:18:00,PANL,,7.260000228881836,7.260000228881836,7.260000228881836,7.260000228881836,465.0
2026-08-05 11:18:00,PANW,,365.3500061035156,365.6050109863281,365.0199890136719,365.4649963378906,13714.0
2026-08-05 11:18:00,PATK,,87.37999725341797,87.44999694824219,87.375,87.38999938964844,2133.0
2026-08-05 11:18:00,PAX,,11.380000114440918,11.390000343322754,11.380000114440918,11.390000343322754,788.0
2026-08-05 11:18:00,PAYO,,7.125,7.130000114440918,7.125,7.130000114440918,768.0
2026-08-05 11:18:00,PAYS,,9.149999618530273,9.149999618530273,9.135000228881836,9.135000228881836,1372.0
2026-08-05 11:18:00,PAYX,,116.86000061035156,116.86000061035156,116.76000213623047,116.79000091552734,11296.0
2026-08-05 11:18:00,PBYI,,7.989999771118164,7.989999771118164,7.980000019073486,7.980000019073486,631.0
2026-08-05 11:18:00,PCAR,,133.1649932861328,133.27999877929688,133.08999633789062,133.19000244140625,14058.0
2026-08-05 11:18:00,PCRX,,24.729999542236328,24.774999618530273,24.729999542236328,24.774999618530273,2566.0
2026-08-05 11:18:00,PCSA,,2.180000066757202,2.180000066757202,2.180000066757202,2.180000066757202,106.0
2026-08-05 11:18:00,PCT,,6.909999847412109,6.909999847412109,6.880000114440918,6.900000095367432,21273.0
2026-08-05 11:18:00,PCTY,,146.85499572753906,146.8800048828125,146.6199951171875,146.66000366210938,3652.0
2026-08-05 11:18:00,PDD,,91.4800033569336,91.48999786376953,91.4000015258789,91.4800033569336,25224.0
2026-08-05 11:18:00,PEGA,,31.610000610351562,31.610000610351562,31.559999465942383,31.56999969482422,1079.0
2026-08-05 11:18:00,PENN,,19.8700008392334,19.8700008392334,19.829999923706055,19.8700008392334,16273.0
2026-08-05 11:18:00,PEP,,138.32000732421875,138.32000732421875,138.14999389648438,138.22999572753906,23817.0
2026-08-05 11:18:00,PEPG,,1.899999976158142,1.9049999713897705,1.899999976158142,1.899999976158142,4155.0
2026-08-05 11:18:00,PERI,,9.545000076293945,9.545000076293945,9.539999961853027,9.539999961853027,661.0
2026-08-05 11:18:00,PESI,,17.6825008392334,17.6825008392334,17.6825008392334,17.6825008392334,1883.0
2026-08-05 11:18:00,PETS,,1.975000023841858,1.9800000190734863,1.975000023841858,1.9800000190734863,1120.0
2026-08-05 11:18:00,PFG,,113.99500274658203,114.05000305175781,113.97000122070312,114.0199966430664,5805.0
2026-08-05 11:18:00,PGEN,,6.954999923706055,6.965000152587891,6.929999828338623,6.965000152587891,33253.0
2026-08-05 11:18:00,PGNY,,31.59000015258789,31.59000015258789,31.56999969482422,31.579999923706055,1392.0
2026-08-05 11:18:00,PGY,,21.815000534057617,21.815000534057617,21.75,21.790000915527344,8359.0
2026-08-05 11:18:00,PHVS,,32.91999816894531,32.97999954223633,32.91999816894531,32.970001220703125,1795.0
2026-08-05 11:18:00,PLAB,,32.05500030517578,32.10499954223633,32.02000045776367,32.10499954223633,3536.0
2026-08-05 11:18:00,PLBY,,1.159999966621399,1.159999966621399,1.159999966621399,1.159999966621399,651.0
2026-08-05 11:18:00,PLMR,,136.33999633789062,136.33999633789062,135.86000061035156,136.17999267578125,2021.0
2026-08-05 11:18:00,PLSE,,36.7400016784668,36.7400016784668,36.650001525878906,36.66999816894531,2881.0
2026-08-05 11:18:00,PLUG,,2.0999999046325684,2.0999999046325684,2.0899999141693115,2.0950000286102295,49759.0
2026-08-05 11:18:00,PLXS,,273.83990478515625,273.83990478515625,272.8500061035156,272.95001220703125,3768.0
2026-08-05 11:18:00,PNFP,,107.66500091552734,107.66500091552734,107.66500091552734,107.66500091552734,668.0
2026-08-05 11:18:00,PNRG,,182.75,182.75,182.75,182.75,1016.0
2026-08-05 11:18:00,PNTG,,38.790000915527344,38.79999923706055,38.790000915527344,38.790000915527344,1750.0
2026-08-05 11:18:00,POET,,8.25,8.255000114440918,8.220000267028809,8.239999771118164,25651.0
2026-08-05 11:18:00,POOL,,203.8300018310547,204.0,203.8300018310547,204.0,1392.0
2026-08-05 11:18:00,POWI,,62.04499816894531,62.04499816894531,61.970001220703125,61.97999954223633,1461.0
2026-08-05 11:18:00,POWL,,209.7200927734375,210.6300048828125,209.7200927734375,210.5500030517578,2449.0
2026-08-05 11:18:00,PPC,,26.69499969482422,26.69499969482422,26.68000030517578,26.69499969482422,1504.0
2026-08-05 11:18:00,PPSI,,2.9600000381469727,2.9600000381469727,2.9600000381469727,2.9600000381469727,388.0
2026-08-05 11:18:00,PPTA,,22.625,22.639999389648438,22.600000381469727,22.600000381469727,3662.0
2026-08-05 11:18:00,PRCH,,16.020000457763672,16.024999618530273,16.020000457763672,16.024999618530273,1012.0
2026-08-05 11:18:00,PRCT,,19.125,19.18000030517578,19.114999771118164,19.15999984741211,6320.0
2026-08-05 11:18:00,PRGS,,41.95000076293945,41.95000076293945,41.89500045776367,41.89500045776367,941.0
2026-08-05 11:18:00,PRIM,,85.48500061035156,85.57499694824219,85.17500305175781,85.47000122070312,8329.0
2026-08-05 11:18:00,PRTH,,6.610000133514404,6.627600193023682,6.610000133514404,6.627600193023682,1491.0
2026-08-05 11:18:00,PRVA,,24.055099487304688,24.055099487304688,24.055099487304688,24.055099487304688,217.0
2026-08-05 11:18:00,PSEC,,2.1953001022338867,2.1958999633789062,2.190000057220459,2.1958999633789062,2714.0
2026-08-05 11:18:00,PSMT,,193.97000122070312,193.97000122070312,193.9499969482422,193.9499969482422,2701.0
2026-08-05 11:18:00,PSNL,,13.510000228881836,13.520000457763672,13.5,13.520000457763672,2092.0
2026-08-05 11:18:00,PTC,,140.5,140.5,140.3300018310547,140.3300018310547,2214.0
2026-08-05 11:18:00,PTCT,,69.01499938964844,69.01499938964844,69.01499938964844,69.01499938964844,488.0
2026-08-05 11:18:00,PTEN,,9.795000076293945,9.8100004196167,9.78499984741211,9.789999961853027,62828.0
2026-08-05 11:18:00,PTLO,,4.590000152587891,4.590000152587891,4.579999923706055,4.585000038146973,9322.0
2026-08-05 11:18:00,PTON,,6.53000020980835,6.53000020980835,6.519999980926514,6.519999980926514,24541.0
2026-08-05 11:18:00,PUBM,,13.550000190734863,13.550000190734863,13.539999961853027,13.539999961853027,2592.0
2026-08-05 11:18:00,PWP,,17.290000915527344,17.290000915527344,17.290000915527344,17.290000915527344,314.0
2026-08-05 11:18:00,PYPL,,58.40140151977539,58.435001373291016,58.34000015258789,58.369998931884766,28576.0
2026-08-05 11:18:00,PYXS,,3.1549999713897705,3.1600000858306885,3.1549999713897705,3.1600000858306885,3936.0
2026-08-05 11:18:00,PZZA,,30.510000228881836,30.510000228881836,30.5,30.5,1784.0
2026-08-05 11:18:00,QCOM,,157.97999572753906,158.07000732421875,157.7949981689453,158.02499389648438,22808.0
2026-08-05 11:18:00,QCRH,,105.0,105.01000213623047,105.0,105.01000213623047,527.0
2026-08-05 11:18:00,QFIN,,13.329999923706055,13.329999923706055,13.3149995803833,13.3149995803833,2445.0
2026-08-05 11:18:00,QQQX,,30.51580047607422,30.51580047607422,30.479999542236328,30.479999542236328,0.0
2026-08-05 11:18:00,QRVO,,94.4800033569336,94.4800033569336,94.36000061035156,94.45999908447266,2905.0
2026-08-05 11:18:00,SEED,,0.9840999841690063,0.9900000095367432,0.9840999841690063,0.9900000095367432,300.0
2026-08-05 11:18:00,TARA,,4.014999866485596,4.019999980926514,4.014999866485596,4.019999980926514,905.0
2026-08-05 11:18:00,WOOF,,2.930000066757202,2.940000057220459,2.930000066757202,2.940000057220459,8984.0
2026-08-05 11:19:00,ACDC,,4.385000228881836,4.385000228881836,4.380000114440918,4.385000228881836,2182.0
2026-08-05 11:19:00,EYE,,23.18000030517578,23.18000030517578,23.18000030517578,23.18000030517578,854.0
2026-08-05 11:19:00,GLUE,,15.84000015258789,15.84000015258789,15.84000015258789,15.84000015258789,1183.0
2026-08-05 11:19:00,KIDS,,20.950000762939453,20.950000762939453,20.950000762939453,20.950000762939453,332.0
2026-08-05 11:19:00,KTTA,,0.4742000102996826,0.4742000102996826,0.47380000352859497,0.47380000352859497,4615.0
2026-08-05 11:19:00,LUNG,,1.899999976158142,1.899999976158142,1.899999976158142,1.899999976158142,772.0
2026-08-05 11:19:00,MBRX,,0.41990000009536743,0.41990000009536743,0.41990000009536743,0.41990000009536743,12268.0
2026-08-05 11:19:00,MDB,,378.4200134277344,378.69000244140625,378.4200134277344,378.42498779296875,1114.0
2026-08-05 11:19:00,MDLZ,,62.04999923706055,62.09000015258789,62.0099983215332,62.08000183105469,12663.0
2026-08-05 11:19:00,MLTX,,17.545000076293945,17.545000076293945,17.545000076293945,17.545000076293945,825.0
2026-08-05 11:19:00,MNRO,,13.119999885559082,13.119999885559082,13.114999771118164,13.114999771118164,1264.0
2026-08-05 11:19:00,MNST,,94.625,94.63999938964844,94.625,94.63999938964844,2784.0
2026-08-05 11:19:00,MODD,,2.075000047683716,2.075000047683716,2.075000047683716,2.075000047683716,640.0
2026-08-05 11:19:00,MORN,,198.86000061035156,198.86000061035156,198.86000061035156,198.86000061035156,1480.0
2026-08-05 11:19:00,MOVE,,11.744999885559082,11.819999694824219,11.744999885559082,11.819999694824219,636.0
2026-08-05 11:19:00,MPWR,,1319.5,1319.5,1313.719970703125,1315.3599853515625,845.0
2026-08-05 11:19:00,MRNA,,57.54499816894531,57.56999969482422,57.470001220703125,57.470001220703125,6809.0
2026-08-05 11:19:00,MYGN,,3.234999895095825,3.234999895095825,3.234999895095825,3.234999895095825,1885.0
2026-08-05 11:19:00,NAMS,,26.68000030517578,26.75,26.68000030517578,26.719999313354492,4944.0
2026-08-05 11:19:00,NAUT,,0.9635000228881836,0.9659000039100647,0.9625999927520752,0.9642999768257141,2702.0
2026-08-05 11:19:00,NAVI,,9.085000038146973,9.085000038146973,9.069999694824219,9.069999694824219,3559.0
2026-08-05 11:19:00,NB,,5.085000038146973,5.085000038146973,5.070000171661377,5.070000171661377,4665.0
2026-08-05 11:19:00,NBIX,,163.86709594726562,163.86709594726562,163.86709594726562,163.86709594726562,235.0
2026-08-05 11:19:00,NBTB,,53.45000076293945,53.45000076293945,53.45000076293945,53.45000076293945,1049.0
2026-08-05 11:19:00,NCPL,,0.41600000858306885,0.41600000858306885,0.41600000858306885,0.41600000858306885,759.0
2026-08-05 11:19:00,NDAQ,,94.71499633789062,94.73999786376953,94.69499969482422,94.69999694824219,3762.0
2026-08-05 11:19:00,NDLS,,17.8700008392334,17.8700008392334,17.8700008392334,17.8700008392334,437.0
2026-08-05 11:19:00,NDSN,,309.9346923828125,310.3500061035156,309.9346923828125,310.3399963378906,837.0
2026-08-05 11:19:00,NECB,,27.34000015258789,27.34000015258789,27.34000015258789,27.34000015258789,155.0
2026-08-05 11:19:00,NEO,,16.165000915527344,16.165000915527344,16.139999389648438,16.139999389648438,2301.0
2026-08-05 11:19:00,NEOG,,11.574999809265137,11.574999809265137,11.5649995803833,11.569999694824219,7174.0
2026-08-05 11:19:00,NESR,,28.56999969482422,28.579999923706055,28.524999618530273,28.524999618530273,3997.0
2026-08-05 11:19:00,NEXT,,6.420000076293945,6.425000190734863,6.420000076293945,6.425000190734863,3946.0
2026-08-05 11:19:00,NFLX,,74.05999755859375,74.09500122070312,74.04000091552734,74.08999633789062,43157.0
2026-08-05 11:19:00,NGNE,,34.7400016784668,34.7400016784668,34.7400016784668,34.7400016784668,856.0
2026-08-05 11:19:00,NICE,,96.27999877929688,96.41000366210938,96.27999877929688,96.41000366210938,885.0
2026-08-05 11:19:00,NMFC,,7.324999809265137,7.340000152587891,7.324999809265137,7.329999923706055,2427.0
2026-08-05 11:19:00,NMIH,,44.46500015258789,44.46500015258789,44.46500015258789,44.46500015258789,1439.0
2026-08-05 11:19:00,NMRK,,15.65999984741211,15.704999923706055,15.65999984741211,15.704999923706055,4394.0
2026-08-05 11:19:00,NN,,14.229999542236328,14.239999771118164,14.199999809265137,14.199999809265137,3782.0
2026-08-05 11:19:00,NNBR,,3.7899999618530273,3.7899999618530273,3.7899999618530273,3.7899999618530273,1122.0
2026-08-05 11:19:00,NNDM,,1.534999966621399,1.534999966621399,1.534999966621399,1.534999966621399,2117.0
2026-08-05 11:19:00,NOVT,,157.1999969482422,157.1999969482422,157.1699981689453,157.1699981689453,2173.0
2026-08-05 11:19:00,NRDS,,9.204999923706055,9.210000038146973,9.204999923706055,9.210000038146973,1061.0
2026-08-05 11:19:00,NRIM,,26.950000762939453,26.950000762939453,26.950000762939453,26.950000762939453,122.0
2026-08-05 11:19:00,NRIX,,24.579999923706055,24.579999923706055,24.579999923706055,24.579999923706055,744.0
2026-08-05 11:19:00,NRSN,,0.5478000044822693,0.5478000044822693,0.5478000044822693,0.5478000044822693,754.0
2026-08-05 11:19:00,NSSC,,40.20000076293945,40.20000076293945,40.20000076293945,40.20000076293945,284.0
2026-08-05 11:19:00,NTAP,,189.40499877929688,189.52999877929688,189.02000427246094,189.11500549316406,14963.0
2026-08-05 11:19:00,NTES,,127.8489990234375,127.8499984741211,127.75,127.80000305175781,2533.0
2026-08-05 11:19:00,NTGR,,24.155000686645508,24.155000686645508,24.155000686645508,24.155000686645508,1023.0
2026-08-05 11:19:00,NTNX,,60.530399322509766,60.560001373291016,60.525001525878906,60.529998779296875,3230.0
2026-08-05 11:19:00,NTRA,,276.3299865722656,276.6400146484375,276.3299865722656,276.6400146484375,870.0
2026-08-05 11:19:00,NTRS,,184.1750030517578,184.22999572753906,184.02000427246094,184.1199951171875,3849.0
2026-08-05 11:19:00,NTRSO,,18.415000915527344,18.415000915527344,18.415000915527344,18.415000915527344,285.0
2026-08-05 11:19:00,NUTX,,157.6999969482422,157.6999969482422,157.6999969482422,157.6999969482422,626.0
2026-08-05 11:19:00,NVAX,,7.659999847412109,7.659999847412109,7.650000095367432,7.650000095367432,7090.0
2026-08-05 11:19:00,NVCR,,15.989999771118164,16.010000228881836,15.989999771118164,16.010000228881836,2009.0
2026-08-05 11:19:00,NVDA,,219.20989990234375,219.2100067138672,218.64500427246094,218.67010498046875,319687.0
2026-08-05 11:19:00,NVMI,,409.57000732421875,409.57000732421875,409.57000732421875,409.57000732421875,459.0
2026-08-05 11:19:00,NVTS,,12.494999885559082,12.494999885559082,12.449999809265137,12.454999923706055,14265.0
2026-08-05 11:19:00,NWBI,,15.944999694824219,15.949999809265137,15.9399995803833,15.949999809265137,5048.0
2026-08-05 11:19:00,NWE,,68.64859771728516,68.66999816894531,68.64859771728516,68.66999816894531,1733.0
2026-08-05 11:19:00,NWL,,6.235000133514404,6.236000061035156,6.21999979019165,6.220099925994873,16614.0
2026-08-05 11:19:00,NWPX,,128.09719848632812,128.09719848632812,128.09719848632812,128.09719848632812,327.0
2026-08-05 11:19:00,NWS,,32.290000915527344,32.290000915527344,32.2599983215332,32.27000045776367,3359.0
2026-08-05 11:19:00,NWSA,,28.204999923706055,28.219999313354492,28.19499969482422,28.219999313354492,6697.0
2026-08-05 11:19:00,NXPI,,230.55499267578125,230.55499267578125,230.3699951171875,230.3699951171875,4149.0
2026-08-05 11:19:00,NXST,,192.35499572753906,192.35499572753906,192.35499572753906,192.35499572753906,204.0
2026-08-05 11:19:00,NXT,,98.41999816894531,98.43000030517578,98.41999816894531,98.43000030517578,1635.0
2026-08-05 11:19:00,OABI,,2.059999942779541,2.079200029373169,2.059999942779541,2.079200029373169,5961.0
2026-08-05 11:19:00,OCFC,,19.760000228881836,19.774999618530273,19.760000228881836,19.774999618530273,994.0
2026-08-05 11:19:00,OCGN,,1.2999000549316406,1.2999000549316406,1.2999000549316406,1.2999000549316406,310.0
2026-08-05 11:19:00,OCSL,,12.104999542236328,12.109999656677246,12.104999542236328,12.109999656677246,639.0
2026-08-05 11:19:00,OCUL,,8.505000114440918,8.520000457763672,8.5,8.520000457763672,6757.0
2026-08-05 11:19:00,OESX,,15.744999885559082,15.933099746704102,15.744999885559082,15.933099746704102,606.0
2026-08-05 11:19:00,OFIX,,10.680000305175781,10.710000038146973,10.65999984741211,10.710000038146973,981.0
2026-08-05 11:19:00,OFS,,3.490000009536743,3.490000009536743,3.490000009536743,3.490000009536743,1349.0
2026-08-05 11:19:00,OGI,,0.9520000219345093,0.9545999765396118,0.9520000219345093,0.9545999765396118,2000.0
2026-08-05 11:19:00,OKTA,,148.3699951171875,148.3699951171875,147.9001007080078,147.9001007080078,3856.0
2026-08-05 11:19:00,OLLI,,78.37999725341797,78.44000244140625,78.2300033569336,78.2300033569336,3843.0
2026-08-05 11:19:00,OLMA,,11.619999885559082,11.619999885559082,11.619999885559082,11.619999885559082,1336.0
2026-08-05 11:19:00,OMCL,,37.20000076293945,37.20000076293945,37.20000076293945,37.20000076293945,614.0
2026-08-05 11:19:00,OMER,,12.763899803161621,12.763899803161621,12.7475004196167,12.7475004196167,1650.0
2026-08-05 11:19:00,OMH,,0.10989999771118164,0.10999999940395355,0.10970000177621841,0.10970000177621841,6001.0
2026-08-05 11:19:00,ON,,77.63999938964844,77.63999938964844,77.41600036621094,77.44999694824219,28494.0
2026-08-05 11:19:00,ONB,,27.049999237060547,27.059999465942383,27.049999237060547,27.049999237060547,4195.0
2026-08-05 11:19:00,ONCY,,0.7914000153541565,0.7914000153541565,0.7900999784469604,0.7900999784469604,800.0
2026-08-05 11:19:00,ONDS,,8.789999961853027,8.789999961853027,8.750100135803223,8.760000228881836,317542.0
2026-08-05 11:19:00,ONFO,,0.07400000095367432,0.0754999965429306,0.07400000095367432,0.07509999722242355,106988.0
2026-08-05 11:19:00,ONMD,,0.6783999800682068,0.6783999800682068,0.6783999800682068,0.6783999800682068,0.0
2026-08-05 11:19:00,OPCH,,23.389999389648438,23.389999389648438,23.3799991607666,23.389999389648438,1607.0
2026-08-05 11:19:00,OPEN,,3.9000000953674316,3.9000000953674316,3.8801000118255615,3.884999990463257,79288.0
2026-08-05 11:19:00,OPRA,,20.06999969482422,20.06999969482422,20.06999969482422,20.06999969482422,1734.0
2026-08-05 11:19:00,OPRX,,6.7083001136779785,6.7083001136779785,6.7083001136779785,6.7083001136779785,238.0
2026-08-05 11:19:00,ORIC,,13.289999961853027,13.289999961853027,13.279999732971191,13.289999961853027,963.0
2026-08-05 11:19:00,ORLY,,92.78500366210938,92.80000305175781,92.7300033569336,92.73500061035156,9664.0
2026-08-05 11:19:00,ORMP,,4.46999979019165,4.46999979019165,4.460000038146973,4.460000038146973,2852.0
2026-08-05 11:19:00,OSBC,,25.799999237060547,25.815000534057617,25.799999237060547,25.815000534057617,1672.0
2026-08-05 11:19:00,OSPN,,16.594999313354492,16.6200008392334,16.594999313354492,16.6200008392334,1859.0
2026-08-05 11:19:00,OSS,,13.920000076293945,13.920000076293945,13.869999885559082,13.869999885559082,6093.0
2026-08-05 11:19:00,OTEX,,25.81999969482422,25.84000015258789,25.81100082397461,25.84000015258789,3059.0
2026-08-05 11:19:00,OTLK,,1.0199999809265137,1.0199999809265137,1.0099999904632568,1.0099999904632568,2640.0
2026-08-05 11:19:00,OTTR,,92.61000061035156,92.61000061035156,92.61000061035156,92.61000061035156,385.0
2026-08-05 11:19:00,OXLC,,9.095000267028809,9.095000267028809,9.095000267028809,9.095000267028809,238.0
2026-08-05 11:19:00,OXSQ,,1.4800000190734863,1.4800000190734863,1.4800000190734863,1.4800000190734863,824.0
2026-08-05 11:19:00,PAA,,23.200000762939453,23.204999923706055,23.200000762939453,23.204999923706055,2201.0
2026-08-05 11:19:00,PAAS,,48.59000015258789,48.599998474121094,48.45000076293945,48.470001220703125,14393.0
2026-08-05 11:19:00,PACB,,1.4149999618530273,1.419100046157837,1.409999966621399,1.419100046157837,15282.0
2026-08-05 11:19:00,PAGP,,25.1299991607666,25.1299991607666,25.1299991607666,25.1299991607666,3349.0
2026-08-05 11:19:00,PALI,,2.0899999141693115,2.0899999141693115,2.0899999141693115,2.0899999141693115,1134.0
2026-08-05 11:19:00,PANL,,7.269999980926514,7.269999980926514,7.269999980926514,7.269999980926514,1068.0
2026-08-05 11:19:00,PANW,,365.3999938964844,365.70001220703125,365.19000244140625,365.2250061035156,5940.0
2026-08-05 11:19:00,PAX,,11.399999618530273,11.399999618530273,11.390000343322754,11.390000343322754,2371.0
2026-08-05 11:19:00,PAYO,,7.125,7.130000114440918,7.125,7.130000114440918,3113.0
2026-08-05 11:19:00,PAYS,,9.180000305175781,9.180000305175781,9.15250015258789,9.15250015258789,3507.0
2026-08-05 11:19:00,PAYX,,116.80000305175781,116.86000061035156,116.79000091552734,116.86000061035156,4022.0
2026-08-05 11:19:00,PBYI,,7.989999771118164,7.989999771118164,7.980000019073486,7.980000019073486,452.0
2026-08-05 11:19:00,PCAR,,133.33999633789062,133.36000061035156,133.24749755859375,133.36000061035156,4831.0
2026-08-05 11:19:00,PCRX,,24.790000915527344,24.81999969482422,24.790000915527344,24.790000915527344,4387.0
2026-08-05 11:19:00,PCT,,6.925000190734863,6.925000190734863,6.909999847412109,6.909999847412109,8195.0
2026-08-05 11:19:00,PCTY,,146.72999572753906,146.72999572753906,146.72999572753906,146.72999572753906,752.0
2026-08-05 11:19:00,PDD,,91.51000213623047,91.51000213623047,91.48500061035156,91.48999786376953,3391.0
2026-08-05 11:19:00,PDSB,,0.7092999815940857,0.7092999815940857,0.7092999815940857,0.7092999815940857,200.0
2026-08-05 11:19:00,PECO,,41.3650016784668,41.38999938964844,41.3650016784668,41.38999938964844,5496.0
2026-08-05 11:19:00,PEGA,,31.600000381469727,31.610000610351562,31.59000015258789,31.610000610351562,1985.0
2026-08-05 11:19:00,PENN,,19.860000610351562,19.864999771118164,19.860000610351562,19.860000610351562,5177.0
2026-08-05 11:19:00,PEP,,138.2899932861328,138.30499267578125,138.26010131835938,138.27999877929688,7146.0
2026-08-05 11:19:00,PERI,,9.550000190734863,9.555000305175781,9.545000076293945,9.555000305175781,710.0
2026-08-05 11:19:00,PFG,,114.16000366210938,114.26499938964844,114.06999969482422,114.08000183105469,7041.0
2026-08-05 11:19:00,PGEN,,6.945000171661377,6.954999923706055,6.940000057220459,6.954999923706055,14330.0
2026-08-05 11:19:00,PGNY,,31.59000015258789,31.59000015258789,31.59000015258789,31.59000015258789,987.0
2026-08-05 11:19:00,PGY,,21.8799991607666,21.8799991607666,21.809999465942383,21.809999465942383,2258.0
2026-08-05 11:19:00,PHVS,,32.875,33.029998779296875,32.869998931884766,32.95000076293945,1451.0
2026-08-05 11:19:00,PLAB,,32.14500045776367,32.14500045776367,32.11000061035156,32.130001068115234,1414.0
2026-08-05 11:19:00,PLBC,,61.099998474121094,61.099998474121094,61.099998474121094,61.099998474121094,119.0
2026-08-05 11:19:00,PLUG,,2.100100040435791,2.1050000190734863,2.0950000286102295,2.0999999046325684,260349.0
2026-08-05 11:19:00,PNFP,,107.68000030517578,107.68000030517578,107.65499877929688,107.65499877929688,370.0
2026-08-05 11:19:00,PNTG,,38.7400016784668,38.7400016784668,38.7400016784668,38.7400016784668,608.0
2026-08-05 11:19:00,POET,,8.289999961853027,8.289999961853027,8.270000457763672,8.270000457763672,8185.0
2026-08-05 11:19:00,POOL,,204.27000427246094,204.27000427246094,204.27000427246094,204.27000427246094,361.0
2026-08-05 11:19:00,POWI,,61.941001892089844,62.084999084472656,61.941001892089844,62.04499816894531,1611.0
2026-08-05 11:19:00,POWL,,210.48500061035156,210.50999450683594,210.3708038330078,210.3708038330078,1205.0
2026-08-05 11:19:00,PPTA,,22.709999084472656,22.709999084472656,22.6200008392334,22.6200008392334,3226.0
2026-08-05 11:19:00,PRCH,,16.049999237060547,16.049999237060547,16.020000457763672,16.020000457763672,2667.0
2026-08-05 11:19:00,PRCT,,19.104999542236328,19.125,19.100000381469727,19.125,4712.0
2026-08-05 11:19:00,PRDO,,32.95000076293945,32.95000076293945,32.95000076293945,32.95000076293945,376.0
2026-08-05 11:19:00,PRE,,18.559999465942383,18.559999465942383,18.559999465942383,18.559999465942383,183.0
2026-08-05 11:19:00,PRGS,,41.95500183105469,41.95500183105469,41.95500183105469,41.95500183105469,361.0
2026-08-05 11:19:00,PRIM,,85.66999816894531,85.70999908447266,85.18000030517578,85.48249816894531,12471.0
2026-08-05 11:19:00,PRME,,2.9600000381469727,2.9600000381469727,2.9600000381469727,2.9600000381469727,907.0
2026-08-05 11:19:00,PRQR,,1.8899999856948853,1.8949999809265137,1.8899999856948853,1.8949999809265137,5791.0
2026-08-05 11:19:00,PRTA,,8.539999961853027,8.539999961853027,8.529999732971191,8.529999732971191,950.0
2026-08-05 11:19:00,PRTH,,6.599999904632568,6.599999904632568,6.599999904632568,6.599999904632568,1287.0
2026-08-05 11:19:00,PRVA,,24.024999618530273,24.059999465942383,24.024999618530273,24.049999237060547,2960.0
2026-08-05 11:19:00,PRZO,,0.5501000285148621,0.5501000285148621,0.5501000285148621,0.5501000285148621,1245.0
2026-08-05 11:19:00,PSEC,,2.200000047683716,2.200000047683716,2.1910998821258545,2.194999933242798,4577.0
2026-08-05 11:19:00,PSNL,,13.5108003616333,13.5108003616333,13.5108003616333,13.5108003616333,1048.0
2026-08-05 11:19:00,PSNY,,14.039999961853027,14.039999961853027,14.039999961853027,14.039999961853027,1611.0
2026-08-05 11:19:00,PTC,,140.74000549316406,140.74000549316406,140.4499969482422,140.4499969482422,8260.0
2026-08-05 11:19:00,PTCT,,69.06749725341797,69.11000061035156,69.06749725341797,69.0999984741211,3405.0
2026-08-05 11:19:00,PTEN,,9.765000343322754,9.800000190734863,9.765000343322754,9.795000076293945,59654.0
2026-08-05 11:19:00,PTLO,,4.585000038146973,4.590000152587891,4.585000038146973,4.590000152587891,1163.0
2026-08-05 11:19:00,PTON,,6.539999961853027,6.539999961853027,6.53000020980835,6.53000020980835,12431.0
2026-08-05 11:19:00,PUBM,,13.569999694824219,13.574999809265137,13.569999694824219,13.574999809265137,723.0
2026-08-05 11:19:00,PWP,,17.315000534057617,17.315000534057617,17.309999465942383,17.309999465942383,1346.0
2026-08-05 11:19:00,PXLW,,6.458099842071533,6.458099842071533,6.458099842071533,6.458099842071533,567.0
2026-08-05 11:19:00,PXS,,4.75,4.75,4.75,4.75,651.0
2026-08-05 11:19:00,PYPD,,4.474999904632568,4.474999904632568,4.474999904632568,4.474999904632568,100.0
2026-08-05 11:19:00,PYPL,,58.380001068115234,58.39500045776367,58.36000061035156,58.38999938964844,13234.0
2026-08-05 11:19:00,PYXS,,3.1549999713897705,3.1549999713897705,3.1549999713897705,3.1549999713897705,264.0
2026-08-05 11:19:00,PZZA,,30.549999237060547,30.549999237060547,30.549999237060547,30.549999237060547,182.0
2026-08-05 11:19:00,QCOM,,158.26499938964844,158.35000610351562,158.00799560546875,158.00799560546875,11111.0
2026-08-05 11:19:00,QFIN,,13.329999923706055,13.329999923706055,13.329999923706055,13.329999923706055,440.0
2026-08-05 11:19:00,QRVO,,94.59500122070312,94.63279724121094,94.54000091552734,94.54000091552734,929.0
2026-08-05 11:19:00,SEED,,0.9872000217437744,0.9872000217437744,0.9872000217437744,0.9872000217437744,756.0
2026-08-05 11:19:00,STIM,,2.265000104904175,2.265000104904175,2.259999990463257,2.259999990463257,1137.0
2026-08-05 11:19:00,TARA,,4.014999866485596,4.014999866485596,4.014999866485596,4.014999866485596,1686.0
2026-08-05 11:19:00,WOOF,,2.924999952316284,2.930000066757202,2.924999952316284,2.930000066757202,9549.0
2026-08-05 11:20:00,ACDC,,4.425000190734863,4.425000190734863,4.385000228881836,4.385000228881836,8881.0
2026-08-05 11:20:00,CPOP,,0.364300012588501,0.364300012588501,0.364300012588501,0.364300012588501,1500.0
2026-08-05 11:20:00,EYE,,23.200000762939453,23.200000762939453,23.200000762939453,23.200000762939453,1243.0
2026-08-05 11:20:00,FIZZ,,31.96500015258789,31.96500015258789,31.950000762939453,31.950000762939453,816.0
2026-08-05 11:20:00,GLUE,,15.829999923706055,15.829999923706055,15.829999923706055,15.829999923706055,541.0
2026-08-05 11:20:00,KIDS,,21.040000915527344,21.040000915527344,20.94499969482422,20.94499969482422,1180.0
2026-08-05 11:20:00,KITT,,1.100000023841858,1.100000023841858,1.0860999822616577,1.0860999822616577,5133.0
2026-08-05 11:20:00,MBRX,,0.41990000009536743,0.41990000009536743,0.41990000009536743,0.41990000009536743,917.0
2026-08-05 11:20:00,MDB,,379.17999267578125,379.17999267578125,378.5849914550781,378.6675109863281,1253.0
2026-08-05 11:20:00,MDLZ,,62.02000045776367,62.040000915527344,62.0,62.040000915527344,6287.0
2026-08-05 11:20:00,MNST,,94.58000183105469,94.62999725341797,94.58000183105469,94.62999725341797,4342.0
2026-08-05 11:20:00,MOVE,,11.800000190734863,11.800000190734863,11.800000190734863,11.800000190734863,1058.0
2026-08-05 11:20:00,MPWR,,1318.4300537109375,1321.0799560546875,1316.72998046875,1320.550048828125,1187.0
2026-08-05 11:20:00,MRNA,,57.51499938964844,57.54999923706055,57.5,57.54999923706055,5842.0
2026-08-05 11:20:00,MVBF,,30.600000381469727,30.600000381469727,30.59000015258789,30.59000015258789,438.0
2026-08-05 11:20:00,MYGN,,3.234999895095825,3.234999895095825,3.234999895095825,3.234999895095825,1965.0
2026-08-05 11:20:00,MYRG,,339.614990234375,339.614990234375,337.75531005859375,337.75531005859375,780.0
2026-08-05 11:20:00,NAMS,,26.625,26.625,26.625,26.625,476.0
2026-08-05 11:20:00,NAUT,,0.9607999920845032,0.9642999768257141,0.9560999870300293,0.9642999768257141,12124.0
2026-08-05 11:20:00,NB,,5.090000152587891,5.099899768829346,5.090000152587891,5.090000152587891,3545.0
2026-08-05 11:20:00,NBIX,,163.5832061767578,163.95509338378906,163.5832061767578,163.95509338378906,8851.0
2026-08-05 11:20:00,NDAQ,,94.62000274658203,94.72000122070312,94.62000274658203,94.72000122070312,2897.0
2026-08-05 11:20:00,NDSN,,310.239990234375,310.3900146484375,310.239990234375,310.3500061035156,513.0
2026-08-05 11:20:00,NEOG,,11.585000038146973,11.585000038146973,11.574999809265137,11.574999809265137,2093.0
2026-08-05 11:20:00,NEOV,,2.8399999141693115,2.8499999046325684,2.8399999141693115,2.8499999046325684,10491.0
2026-08-05 11:20:00,NESR,,28.610000610351562,28.610000610351562,28.575000762939453,28.579999923706055,2161.0
2026-08-05 11:20:00,NEXT,,6.420000076293945,6.420000076293945,6.40500020980835,6.409999847412109,5052.0
2026-08-05 11:20:00,NFLX,,74.04499816894531,74.07990264892578,74.0250015258789,74.05999755859375,45172.0
2026-08-05 11:20:00,NICE,,96.61000061035156,96.61000061035156,96.41999816894531,96.41999816894531,3725.0
2026-08-05 11:20:00,NIU,,2.484999895095825,2.490000009536743,2.484999895095825,2.490000009536743,1110.0
2026-08-05 11:20:00,NKTX,,2.1600000858306885,2.1600000858306885,2.1600000858306885,2.1600000858306885,210.0
2026-08-05 11:20:00,NMFC,,7.329999923706055,7.329999923706055,7.328999996185303,7.329999923706055,1015.0
2026-08-05 11:20:00,NMRK,,15.649999618530273,15.65999984741211,15.649999618530273,15.65999984741211,1001.0
2026-08-05 11:20:00,NN,,14.239999771118164,14.239999771118164,14.220000267028809,14.229999542236328,2586.0
2026-08-05 11:20:00,NNBR,,3.805000066757202,3.809999942779541,3.7950000762939453,3.7950000762939453,10084.0
2026-08-05 11:20:00,NNDM,,1.5388000011444092,1.5388000011444092,1.534999966621399,1.534999966621399,3042.0
2026-08-05 11:20:00,NRIM,,26.985000610351562,26.985000610351562,26.985000610351562,26.985000610351562,301.0
2026-08-05 11:20:00,NRSN,,0.5339000225067139,0.5339000225067139,0.5339000225067139,0.5339000225067139,0.0
2026-08-05 11:20:00,NRXP,,3.0399999618530273,3.0399999618530273,3.0399999618530273,3.0399999618530273,1044.0
2026-08-05 11:20:00,NTAP,,189.61000061035156,189.69000244140625,189.375,189.40499877929688,11561.0
2026-08-05 11:20:00,NTCT,,42.040000915527344,42.040000915527344,42.040000915527344,42.040000915527344,1658.0
2026-08-05 11:20:00,NTES,,127.75499725341797,127.75499725341797,127.75499725341797,127.75499725341797,514.0
2026-08-05 11:20:00,NTNX,,60.59000015258789,60.59000015258789,60.56999969482422,60.56999969482422,1355.0
2026-08-05 11:20:00,NTRA,,276.32000732421875,276.32501220703125,276.2149963378906,276.2149963378906,891.0
2026-08-05 11:20:00,NUWE,,1.7103999853134155,1.7300000190734863,1.7103999853134155,1.7300000190734863,2310.0
2026-08-05 11:20:00,NVAX,,7.659999847412109,7.664999961853027,7.659999847412109,7.659999847412109,3625.0
2026-08-05 11:20:00,NVCR,,16.0,16.0,16.0,16.0,1726.0
2026-08-05 11:20:00,NVDA,,219.17999267578125,219.22000122070312,218.91000366210938,219.22000122070312,237563.0
2026-08-05 11:20:00,NVEC,,128.71499633789062,129.07000732421875,128.71499633789062,129.07000732421875,813.0
2026-08-05 11:20:00,NVTS,,12.484999656677246,12.5,12.470000267028809,12.5,52513.0
2026-08-05 11:20:00,NWBI,,15.949999809265137,15.949999809265137,15.949999809265137,15.949999809265137,1415.0
2026-08-05 11:20:00,NWL,,6.220300197601318,6.235000133514404,6.21999979019165,6.230000019073486,23546.0
2026-08-05 11:20:00,NWS,,32.29999923706055,32.29999923706055,32.27000045776367,32.27000045776367,2347.0
2026-08-05 11:20:00,NWSA,,28.239999771118164,28.239999771118164,28.204999923706055,28.204999923706055,9963.0
2026-08-05 11:20:00,NXPI,,230.61000061035156,230.6199951171875,230.47000122070312,230.47000122070312,1778.0
2026-08-05 11:20:00,NXST,,192.36000061035156,192.36000061035156,192.36000061035156,192.36000061035156,2650.0
2026-08-05 11:20:00,NXT,,98.66500091552734,98.66500091552734,98.66500091552734,98.66500091552734,707.0
2026-08-05 11:20:00,NXTC,,5.150000095367432,5.150000095367432,5.150000095367432,5.150000095367432,101.0
2026-08-05 11:20:00,NYXH,,1.4249999523162842,1.4299999475479126,1.4249999523162842,1.4299999475479126,3964.0
2026-08-05 11:20:00,OABI,,2.055000066757202,2.059999942779541,2.055000066757202,2.059999942779541,4037.0
2026-08-05 11:20:00,OCFC,,19.774999618530273,19.774999618530273,19.764999389648438,19.764999389648438,1457.0
2026-08-05 11:20:00,OCGN,,1.2949999570846558,1.2949999570846558,1.2949999570846558,1.2949999570846558,1665.0
2026-08-05 11:20:00,OCSL,,12.110099792480469,12.110099792480469,12.109999656677246,12.109999656677246,410.0
2026-08-05 11:20:00,OCUL,,8.479999542236328,8.505000114440918,8.479999542236328,8.505000114440918,5639.0
2026-08-05 11:20:00,ODFL,,214.8300018310547,214.8800048828125,214.6699981689453,214.8800048828125,2812.0
2026-08-05 11:20:00,OESX,,15.744999885559082,15.744999885559082,15.744999885559082,15.744999885559082,374.0
2026-08-05 11:20:00,OFIX,,10.694999694824219,10.694999694824219,10.680000305175781,10.680000305175781,1150.0
2026-08-05 11:20:00,OGI,,0.9545999765396118,0.9545999765396118,0.9545999765396118,0.9545999765396118,372.0
2026-08-05 11:20:00,OKTA,,148.39999389648438,148.39999389648438,148.39999389648438,148.39999389648438,413.0
2026-08-05 11:20:00,OLB,,0.31139999628067017,0.31139999628067017,0.31139999628067017,0.31139999628067017,224.0
2026-08-05 11:20:00,OLLI,,78.41999816894531,78.41999816894531,78.34500122070312,78.41999816894531,908.0
2026-08-05 11:20:00,OLMA,,11.619999885559082,11.619999885559082,11.619999885559082,11.619999885559082,707.0
2026-08-05 11:20:00,OMER,,12.779999732971191,12.794500350952148,12.770000457763672,12.770000457763672,3512.0
2026-08-05 11:20:00,OMEX,,0.7472000122070312,0.7472000122070312,0.7472000122070312,0.7472000122070312,221.0
2026-08-05 11:20:00,OMH,,0.10989999771118164,0.10999999940395355,0.10989999771118164,0.10999999940395355,7797.0
2026-08-05 11:20:00,ON,,77.55999755859375,77.66999816894531,77.55999755859375,77.6500015258789,16581.0
2026-08-05 11:20:00,ONB,,27.049999237060547,27.049999237060547,27.040000915527344,27.045000076293945,2148.0
2026-08-05 11:20:00,ONCY,,0.7914000153541565,0.7914000153541565,0.791100025177002,0.791100025177002,900.0
2026-08-05 11:20:00,ONDS,,8.795000076293945,8.800000190734863,8.78499984741211,8.800000190734863,85448.0
2026-08-05 11:20:00,ONFO,,0.07400000095367432,0.07540000230073929,0.07400000095367432,0.07540000230073929,27540.0
2026-08-05 11:20:00,ONMD,,0.6783999800682068,0.6783999800682068,0.6783999800682068,0.6783999800682068,105.0
2026-08-05 11:20:00,OPCH,,23.3700008392334,23.389999389648438,23.3700008392334,23.3700008392334,1720.0
2026-08-05 11:20:00,OPEN,,3.9000000953674316,3.9000000953674316,3.890000104904175,3.8949999809265137,23058.0
2026-08-05 11:20:00,OPHC,,8.510000228881836,8.510000228881836,8.510000228881836,8.510000228881836,110.0
2026-08-05 11:20:00,OPRT,,6.139999866485596,6.139999866485596,6.114999771118164,6.114999771118164,6533.0
2026-08-05 11:20:00,ORGO,,2.375,2.375,2.375,2.375,217.0
2026-08-05 11:20:00,ORIC,,13.260000228881836,13.279999732971191,13.260000228881836,13.279999732971191,10225.0
2026-08-05 11:20:00,ORLY,,92.76499938964844,92.86000061035156,92.74500274658203,92.81999969482422,23319.0
2026-08-05 11:20:00,OSBC,,25.790000915527344,25.790000915527344,25.790000915527344,25.790000915527344,464.0
2026-08-05 11:20:00,OSIS,,234.52000427246094,234.57000732421875,234.4949951171875,234.4949951171875,266.0
2026-08-05 11:20:00,OSPN,,16.6299991607666,16.6299991607666,16.6299991607666,16.6299991607666,643.0
2026-08-05 11:20:00,OSS,,14.010000228881836,14.024999618530273,13.970000267028809,13.970000267028809,8511.0
2026-08-05 11:20:00,OSUR,,4.171999931335449,4.171999931335449,4.171999931335449,4.171999931335449,245.0
2026-08-05 11:20:00,OTEX,,25.809999465942383,25.809999465942383,25.80500030517578,25.80500030517578,1373.0
2026-08-05 11:20:00,OTLK,,1.01010000705719,1.0149999856948853,1.0099999904632568,1.0149999856948853,2474.0
2026-08-05 11:20:00,OTLY,,14.449999809265137,14.449999809265137,14.449999809265137,14.449999809265137,202.0
2026-08-05 11:20:00,OTTR,,92.33999633789062,92.33999633789062,92.33999633789062,92.33999633789062,168.0
2026-08-05 11:20:00,OXLC,,9.095000267028809,9.095000267028809,9.095000267028809,9.095000267028809,1682.0
2026-08-05 11:20:00,OXSQ,,1.4800000190734863,1.4900000095367432,1.4800000190734863,1.4850000143051147,1704.0
2026-08-05 11:20:00,PAA,,23.200000762939453,23.200000762939453,23.184999465942383,23.184999465942383,3593.0
2026-08-05 11:20:00,PAAS,,48.54999923706055,48.58000183105469,48.4900016784668,48.58000183105469,16721.0
2026-08-05 11:20:00,PACB,,1.4149999618530273,1.4149999618530273,1.4149999618530273,1.4149999618530273,2136.0
2026-08-05 11:20:00,PANW,,365.7099914550781,365.7099914550781,365.3900146484375,365.55999755859375,13696.0
2026-08-05 11:20:00,PATK,,87.43000030517578,87.43000030517578,87.43000030517578,87.43000030517578,276.0
2026-08-05 11:20:00,PAX,,11.399999618530273,11.399999618530273,11.399999618530273,11.399999618530273,1400.0
2026-08-05 11:20:00,PAYO,,7.125,7.130000114440918,7.125,7.125,1827.0
2026-08-05 11:20:00,PAYS,,9.197999954223633,9.199999809265137,9.197999954223633,9.199999809265137,512.0
2026-08-05 11:20:00,PAYX,,116.80999755859375,116.80999755859375,116.77999877929688,116.77999877929688,2904.0
2026-08-05 11:20:00,PCAR,,133.33999633789062,133.36000061035156,133.32000732421875,133.35000610351562,3422.0
2026-08-05 11:20:00,PCRX,,24.850000381469727,24.860000610351562,24.850000381469727,24.850000381469727,1906.0
2026-08-05 11:20:00,PCT,,6.920000076293945,6.920000076293945,6.920000076293945,6.920000076293945,637.0
2026-08-05 11:20:00,PCTY,,146.38999938964844,146.7949981689453,146.38999938964844,146.63499450683594,5720.0
2026-08-05 11:20:00,PDD,,91.51000213623047,91.51000213623047,91.44999694824219,91.48999786376953,12559.0
2026-08-05 11:20:00,PECO,,41.334999084472656,41.36000061035156,41.334999084472656,41.349998474121094,2939.0
2026-08-05 11:20:00,PEGA,,31.600000381469727,31.600000381469727,31.600000381469727,31.600000381469727,1433.0
2026-08-05 11:20:00,PENN,,19.875,19.875,19.8700008392334,19.875,2117.0
2026-08-05 11:20:00,PEP,,138.25999450683594,138.2949981689453,138.22999572753906,138.28500366210938,9814.0
2026-08-05 11:20:00,PFG,,114.1449966430664,114.1449966430664,114.12999725341797,114.12999725341797,717.0
2026-08-05 11:20:00,PFIS,,71.4000015258789,71.4000015258789,71.4000015258789,71.4000015258789,481.0
2026-08-05 11:20:00,PGC,,46.72999954223633,46.72999954223633,46.72999954223633,46.72999954223633,546.0
2026-08-05 11:20:00,PGEN,,6.954999923706055,6.96999979019165,6.949999809265137,6.949999809265137,10563.0
2026-08-05 11:20:00,PGNY,,31.600000381469727,31.600000381469727,31.600000381469727,31.600000381469727,590.0
2026-08-05 11:20:00,PGY,,21.8700008392334,21.90999984741211,21.860000610351562,21.90999984741211,3282.0
2026-08-05 11:20:00,PHVS,,32.900001525878906,32.939998626708984,32.81999969482422,32.88999938964844,4341.0
2026-08-05 11:20:00,PLAB,,32.119998931884766,32.119998931884766,32.119998931884766,32.119998931884766,498.0
2026-08-05 11:20:00,PLBC,,61.22999954223633,61.22999954223633,61.22999954223633,61.22999954223633,590.0
2026-08-05 11:20:00,PLMR,,135.13999938964844,135.78500366210938,135.13999938964844,135.7100067138672,524.0
2026-08-05 11:20:00,PLTK,,4.025000095367432,4.025000095367432,4.025000095367432,4.025000095367432,745.0
2026-08-05 11:20:00,PLUG,,2.1050000190734863,2.109999895095825,2.0999999046325684,2.1098999977111816,33756.0
2026-08-05 11:20:00,PLXS,,273.7300109863281,273.9825134277344,273.7300109863281,273.9825134277344,353.0
2026-08-05 11:20:00,PNBK,,1.1449999809265137,1.1449999809265137,1.1449999809265137,1.1449999809265137,229.0
2026-08-05 11:20:00,PNFP,,107.65499877929688,107.65499877929688,107.65499877929688,107.65499877929688,612.0
2026-08-05 11:20:00,PNTG,,38.72999954223633,38.72999954223633,38.72999954223633,38.72999954223633,192.0
2026-08-05 11:20:00,POET,,8.28499984741211,8.300000190734863,8.28499984741211,8.291399955749512,11862.0
2026-08-05 11:20:00,POOL,,204.27499389648438,204.27499389648438,204.27000427246094,204.27000427246094,444.0
2026-08-05 11:20:00,POWI,,62.11000061035156,62.11000061035156,62.11000061035156,62.11000061035156,591.0
2026-08-05 11:20:00,POWL,,210.5050048828125,210.5050048828125,210.5050048828125,210.5050048828125,290.0
2026-08-05 11:20:00,PPC,,26.6299991607666,26.670000076293945,26.6299991607666,26.670000076293945,4174.0
2026-08-05 11:20:00,PPTA,,22.729999542236328,22.729999542236328,22.709999084472656,22.719999313354492,1680.0
2026-08-05 11:20:00,PRCT,,19.135000228881836,19.15999984741211,19.110000610351562,19.110000610351562,5676.0
2026-08-05 11:20:00,PRE,,18.559999465942383,18.559999465942383,18.559999465942383,18.559999465942383,122.0
2026-08-05 11:20:00,PRGS,,42.0,42.0,41.96500015258789,41.96500015258789,874.0
2026-08-05 11:20:00,PRIM,,85.69499969482422,85.75,85.69499969482422,85.74500274658203,1367.0
2026-08-05 11:20:00,PRME,,2.9649999141693115,2.9649999141693115,2.9649999141693115,2.9649999141693115,828.0
2026-08-05 11:20:00,PRVA,,24.030000686645508,24.030000686645508,24.030000686645508,24.030000686645508,349.0
2026-08-05 11:20:00,PSEC,,2.200000047683716,2.200000047683716,2.190000057220459,2.200000047683716,1800.0
2026-08-05 11:20:00,PSNL,,13.510000228881836,13.510000228881836,13.510000228881836,13.510000228881836,476.0
2026-08-05 11:20:00,PTC,,140.74000549316406,140.74000549316406,140.60499572753906,140.60499572753906,2403.0
2026-08-05 11:20:00,PTCT,,69.05000305175781,69.05000305175781,69.05000305175781,69.05000305175781,1335.0
2026-08-05 11:20:00,PTEN,,9.779999732971191,9.779999732971191,9.744999885559082,9.760000228881836,55486.0
2026-08-05 11:20:00,PTON,,6.539999961853027,6.545000076293945,6.534999847412109,6.540299892425537,12428.0
2026-08-05 11:20:00,PUBM,,13.5600004196167,13.5600004196167,13.5600004196167,13.5600004196167,351.0
2026-08-05 11:20:00,PWP,,17.31999969482422,17.31999969482422,17.309999465942383,17.309999465942383,1289.0
2026-08-05 11:20:00,PYPD,,4.474999904632568,4.474999904632568,4.474999904632568,4.474999904632568,100.0
2026-08-05 11:20:00,PYPL,,58.404998779296875,58.404998779296875,58.369998931884766,58.375,15104.0
2026-08-05 11:20:00,PYXS,,3.1600000858306885,3.1600000858306885,3.1600000858306885,3.1600000858306885,4531.0
2026-08-05 11:20:00,PZZA,,30.520000457763672,30.520000457763672,30.520000457763672,30.520000457763672,503.0
2026-08-05 11:20:00,QCOM,,158.1750030517578,158.35499572753906,158.1750030517578,158.30999755859375,15628.0
2026-08-05 11:20:00,QCRH,,104.88999938964844,105.0,104.88999938964844,105.0,1571.0
2026-08-05 11:20:00,QFIN,,13.359999656677246,13.359999656677246,13.350000381469727,13.350000381469727,1485.0
2026-08-05 11:20:00,QQQX,,30.479999542236328,30.479999542236328,30.479999542236328,30.479999542236328,443.0
2026-08-05 11:20:00,QRVO,,94.61000061035156,94.68000030517578,94.6050033569336,94.68000030517578,1126.0
2026-08-05 11:20:00,SEED,,0.9872000217437744,0.9872000217437744,0.9872000217437744,0.9872000217437744,353.0
2026-08-05 11:20:00,STIM,,2.2600998878479004,2.2600998878479004,2.2600998878479004,2.2600998878479004,1552.0
2026-08-05 11:20:00,WOOF,,2.924999952316284,2.924999952316284,2.924999952316284,2.924999952316284,2726.0
2026-08-05 11:21:00,ACDC,,4.414999961853027,4.425000190734863,4.414999961853027,4.420000076293945,8076.0
2026-08-05 11:21:00,BPOP,,177.47500610351562,177.47500610351562,177.47500610351562,177.47500610351562,373.0
2026-08-05 11:21:00,CNXN,,84.3949966430664,84.3949966430664,84.3949966430664,84.3949966430664,214.0
2026-08-05 11:21:00,EYE,,23.15999984741211,23.170000076293945,23.15999984741211,23.170000076293945,569.0
2026-08-05 11:21:00,GLUE,,15.850000381469727,15.850000381469727,15.835000038146973,15.835000038146973,4075.0
2026-08-05 11:21:00,KIDS,,21.020000457763672,21.020000457763672,21.020000457763672,21.020000457763672,263.0
2026-08-05 11:21:00,KITT,,1.0850000381469727,1.100100040435791,1.0850000381469727,1.100000023841858,698.0
2026-08-05 11:21:00,MDB,,378.54998779296875,379.239990234375,378.54998779296875,379.17999267578125,2147.0
2026-08-05 11:21:00,MDLZ,,62.01499938964844,62.040000915527344,62.01499938964844,62.029998779296875,6595.0
2026-08-05 11:21:00,MNRO,,13.109999656677246,13.109999656677246,13.109999656677246,13.109999656677246,1200.0
2026-08-05 11:21:00,MNST,,94.5999984741211,94.5999984741211,94.58000183105469,94.5999984741211,4178.0
2026-08-05 11:21:00,MODD,,2.075000047683716,2.075000047683716,2.075000047683716,2.075000047683716,301.0
2026-08-05 11:21:00,MPWR,,1316.5050048828125,1320.0,1316.18994140625,1320.0,721.0
2026-08-05 11:21:00,MRNA,,57.46500015258789,57.55500030517578,57.46500015258789,57.53499984741211,8725.0
2026-08-05 11:21:00,MYGN,,3.234999895095825,3.240000009536743,3.234999895095825,3.240000009536743,1157.0
2026-08-05 11:21:00,NAMS,,26.635000228881836,26.690000534057617,26.635000228881836,26.690000534057617,1517.0
2026-08-05 11:21:00,NAVI,,9.085000038146973,9.085000038146973,9.085000038146973,9.085000038146973,587.0
2026-08-05 11:21:00,NB,,5.09499979019165,5.09499979019165,5.08459997177124,5.08459997177124,3799.0
2026-08-05 11:21:00,NBIX,,163.74009704589844,163.7899932861328,163.74009704589844,163.7899932861328,606.0
2026-08-05 11:21:00,NBN,,134.4499969482422,134.6999969482422,134.4499969482422,134.6999969482422,2556.0
2026-08-05 11:21:00,NDAQ,,94.6500015258789,94.70999908447266,94.62999725341797,94.69770050048828,2097.0
2026-08-05 11:21:00,NDSN,,310.19500732421875,310.20001220703125,310.19000244140625,310.20001220703125,531.0
2026-08-05 11:21:00,NEO,,16.15999984741211,16.18000030517578,16.15999984741211,16.170000076293945,2494.0
2026-08-05 11:21:00,NEOG,,11.59000015258789,11.59000015258789,11.59000015258789,11.59000015258789,2390.0
2026-08-05 11:21:00,NEOV,,2.8399999141693115,2.8399999141693115,2.8299999237060547,2.8399999141693115,2395.0
2026-08-05 11:21:00,NESR,,28.59000015258789,28.610000610351562,28.59000015258789,28.610000610351562,2064.0
2026-08-05 11:21:00,NEXT,,6.434999942779541,6.434999942779541,6.420000076293945,6.420000076293945,9826.0
2026-08-05 11:21:00,NFE,,0.3353999853134155,0.3353999853134155,0.3353999853134155,0.3353999853134155,4400.0
2026-08-05 11:21:00,NFLX,,74.06500244140625,74.06950378417969,74.0250015258789,74.04499816894531,33303.0
2026-08-05 11:21:00,NICE,,96.54840087890625,96.80999755859375,96.51010131835938,96.51010131835938,1120.0
2026-08-05 11:21:00,NKTX,,2.1600000858306885,2.1600000858306885,2.1600000858306885,2.1600000858306885,237.0
2026-08-05 11:21:00,NMRK,,15.609999656677246,15.640000343322754,15.609999656677246,15.640000343322754,2619.0
2026-08-05 11:21:00,NN,,14.270000457763672,14.279999732971191,14.239999771118164,14.239999771118164,9454.0
2026-08-05 11:21:00,NNBR,,3.805000066757202,3.805000066757202,3.805000066757202,3.805000066757202,706.0
2026-08-05 11:21:00,NNDM,,1.534999966621399,1.534999966621399,1.534999966621399,1.534999966621399,5083.0
2026-08-05 11:21:00,NNOX,,1.0149999856948853,1.0149999856948853,1.0149999856948853,1.0149999856948853,574.0
2026-08-05 11:21:00,NODK,,15.545000076293945,15.545000076293945,15.545000076293945,15.545000076293945,129.0
2026-08-05 11:21:00,NRDS,,9.210000038146973,9.210000038146973,9.210000038146973,9.210000038146973,932.0
2026-08-05 11:21:00,NRIM,,27.029699325561523,27.029699325561523,27.029699325561523,27.029699325561523,752.0
2026-08-05 11:21:00,NRIX,,24.6299991607666,24.6299991607666,24.6299991607666,24.6299991607666,700.0
2026-08-05 11:21:00,NRSN,,0.5478000044822693,0.5478000044822693,0.5339000225067139,0.5339000225067139,10000.0
2026-08-05 11:21:00,NTAP,,189.5050048828125,189.57000732421875,189.4499969482422,189.5050048828125,9820.0
2026-08-05 11:21:00,NTES,,127.86000061035156,127.87000274658203,127.76000213623047,127.76750183105469,4044.0
2026-08-05 11:21:00,NTNX,,60.61000061035156,60.630001068115234,60.61000061035156,60.625,1976.0
2026-08-05 11:21:00,NTRA,,276.3599853515625,276.6099853515625,276.3599853515625,276.6099853515625,1693.0
2026-08-05 11:21:00,NUWE,,1.7448999881744385,1.7448999881744385,1.7446000576019287,1.7446000576019287,508.0
2026-08-05 11:21:00,NVAX,,7.659999847412109,7.669899940490723,7.659999847412109,7.669899940490723,1833.0
2026-08-05 11:21:00,NVDA,,219.5399932861328,219.5800018310547,219.10000610351562,219.17999267578125,361262.0
2026-08-05 11:21:00,NVEC,,128.75,128.85000610351562,128.75,128.85000610351562,1934.0
2026-08-05 11:21:00,NVMI,,409.4800109863281,409.4800109863281,409.4800109863281,409.4800109863281,338.0
2026-08-05 11:21:00,NVTS,,12.529999732971191,12.529999732971191,12.487299919128418,12.488699913024902,12993.0
2026-08-05 11:21:00,NWBI,,15.944999694824219,15.944999694824219,15.944999694824219,15.944999694824219,2133.0
2026-08-05 11:21:00,NWL,,6.221099853515625,6.224999904632568,6.21999979019165,6.21999979019165,5744.0
2026-08-05 11:21:00,NWS,,32.290000915527344,32.310001373291016,32.290000915527344,32.30500030517578,990.0
2026-08-05 11:21:00,NWSA,,28.229999542236328,28.2450008392334,28.229999542236328,28.2450008392334,3153.0
2026-08-05 11:21:00,NXPI,,230.75999450683594,230.75999450683594,230.52000427246094,230.71249389648438,6604.0
2026-08-05 11:21:00,NXT,,98.75,98.75,98.58000183105469,98.5999984741211,1379.0
2026-08-05 11:21:00,NXTC,,5.179999828338623,5.179999828338623,5.179999828338623,5.179999828338623,657.0
2026-08-05 11:21:00,OABI,,2.059999942779541,2.059999942779541,2.059999942779541,2.059999942779541,3654.0
2026-08-05 11:21:00,OCFC,,19.770000457763672,19.774999618530273,19.770000457763672,19.774999618530273,1131.0
2026-08-05 11:21:00,OCGN,,1.2949999570846558,1.2949999570846558,1.2899999618530273,1.2949999570846558,434.0
2026-08-05 11:21:00,OCSL,,12.125,12.125,12.119999885559082,12.119999885559082,6001.0
2026-08-05 11:21:00,OCUL,,8.484999656677246,8.484999656677246,8.484999656677246,8.484999656677246,649.0
2026-08-05 11:21:00,ODD,,15.069999694824219,15.069999694824219,15.069999694824219,15.069999694824219,291.0
2026-08-05 11:21:00,OESX,,15.539999961853027,15.539999961853027,15.539999961853027,15.539999961853027,2082.0
2026-08-05 11:21:00,OGI,,0.9520000219345093,0.9520000219345093,0.9520000219345093,0.9520000219345093,1300.0
2026-08-05 11:21:00,OKTA,,148.41000366210938,148.5800018310547,148.3800048828125,148.5800018310547,978.0
2026-08-05 11:21:00,OLLI,,78.23999786376953,78.4000015258789,78.23999786376953,78.4000015258789,2655.0
2026-08-05 11:21:00,OLMA,,11.600000381469727,11.609999656677246,11.600000381469727,11.609999656677246,375.0
2026-08-05 11:21:00,OMCL,,37.209999084472656,37.209999084472656,37.209999084472656,37.209999084472656,3902.0
2026-08-05 11:21:00,OMER,,12.765000343322754,12.779999732971191,12.765000343322754,12.779999732971191,1638.0
2026-08-05 11:21:00,OMH,,0.10999999940395355,0.10999999940395355,0.10989999771118164,0.10989999771118164,5561.0
2026-08-05 11:21:00,ON,,77.5999984741211,77.6500015258789,77.48500061035156,77.58000183105469,17305.0
2026-08-05 11:21:00,ONB,,27.040000915527344,27.05500030517578,27.040000915527344,27.05500030517578,5724.0
2026-08-05 11:21:00,ONCY,,0.791100025177002,0.7921000123023987,0.791100025177002,0.7921000123023987,1175.0
2026-08-05 11:21:00,ONDS,,8.8149995803833,8.8149995803833,8.779999732971191,8.799799919128418,184168.0
2026-08-05 11:21:00,ONFO,,0.0746999979019165,0.07530000060796738,0.07400000095367432,0.07530000060796738,2992.0
2026-08-05 11:21:00,OPAL,,2.3299999237060547,2.3299999237060547,2.3299999237060547,2.3299999237060547,209.0
2026-08-05 11:21:00,OPCH,,23.389999389648438,23.389999389648438,23.360000610351562,23.360000610351562,2900.0
2026-08-05 11:21:00,OPEN,,3.9049999713897705,3.909899950027466,3.890000104904175,3.890000104904175,32140.0
2026-08-05 11:21:00,OPHC,,8.510000228881836,8.520000457763672,8.510000228881836,8.520000457763672,412.0
2026-08-05 11:21:00,OPK,,1.315000057220459,1.315000057220459,1.315000057220459,1.315000057220459,3264.0
2026-08-05 11:21:00,ORIC,,13.255000114440918,13.279999732971191,13.255000114440918,13.279999732971191,3263.0
2026-08-05 11:21:00,ORLY,,92.76499938964844,92.81500244140625,92.70999908447266,92.79000091552734,49542.0
2026-08-05 11:21:00,OSBC,,25.774999618530273,25.774999618530273,25.774999618530273,25.774999618530273,635.0
2026-08-05 11:21:00,OSIS,,234.13999938964844,234.13999938964844,234.13999938964844,234.13999938964844,696.0
2026-08-05 11:21:00,OSPN,,16.6200008392334,16.6200008392334,16.6200008392334,16.6200008392334,116.0
2026-08-05 11:21:00,OSS,,13.994999885559082,14.04990005493164,13.994999885559082,14.024999618530273,3233.0
2026-08-05 11:21:00,OTEX,,25.844999313354492,25.850000381469727,25.844999313354492,25.844999313354492,2116.0
2026-08-05 11:21:00,OTLK,,1.0099999904632568,1.0149999856948853,1.0099999904632568,1.0149999856948853,4363.0
2026-08-05 11:21:00,OVID,,2.615000009536743,2.619999885559082,2.615000009536743,2.619999885559082,1590.0
2026-08-05 11:21:00,OXSQ,,1.4800000190734863,1.4850000143051147,1.4800000190734863,1.4850000143051147,413.0
2026-08-05 11:21:00,PAA,,23.235000610351562,23.235000610351562,23.21500015258789,23.21500015258789,13367.0
2026-08-05 11:21:00,PAAS,,48.58000183105469,48.580101013183594,48.529998779296875,48.56999969482422,8979.0
2026-08-05 11:21:00,PACB,,1.4199999570846558,1.4199999570846558,1.4149999618530273,1.4149999618530273,3611.0
2026-08-05 11:21:00,PAGP,,25.145000457763672,25.145000457763672,25.139999389648438,25.139999389648438,714.0
2026-08-05 11:21:00,PAHC,,35.775001525878906,35.775001525878906,35.775001525878906,35.775001525878906,653.0
2026-08-05 11:21:00,PALI,,2.0899999141693115,2.0899999141693115,2.0899999141693115,2.0899999141693115,913.0
2026-08-05 11:21:00,PANW,,365.7950134277344,365.7950134277344,365.4800109863281,365.4800109863281,1635.0
2026-08-05 11:21:00,PATK,,87.48999786376953,87.48999786376953,87.48999786376953,87.48999786376953,1592.0
2026-08-05 11:21:00,PAX,,11.399999618530273,11.399999618530273,11.399999618530273,11.399999618530273,2769.0
2026-08-05 11:21:00,PAYO,,7.130000114440918,7.130000114440918,7.125,7.125,1271.0
2026-08-05 11:21:00,PAYS,,9.194999694824219,9.194999694824219,9.194999694824219,9.194999694824219,246.0
2026-08-05 11:21:00,PAYX,,116.76000213623047,116.8499984741211,116.76000213623047,116.80999755859375,7280.0
2026-08-05 11:21:00,PBYI,,7.989999771118164,7.989999771118164,7.989999771118164,7.989999771118164,597.0
2026-08-05 11:21:00,PCAR,,133.32000732421875,133.41000366210938,133.25999450683594,133.41000366210938,5023.0
2026-08-05 11:21:00,PCT,,6.929999828338623,6.929999828338623,6.920000076293945,6.920000076293945,3362.0
2026-08-05 11:21:00,PCTY,,146.47250366210938,146.58999633789062,146.3800048828125,146.55499267578125,1397.0
2026-08-05 11:21:00,PCYO,,10.524999618530273,10.524999618530273,10.524999618530273,10.524999618530273,1050.0
2026-08-05 11:21:00,PDD,,91.5199966430664,91.52519989013672,91.5,91.5199966430664,7402.0
2026-08-05 11:21:00,PEBO,,41.63949966430664,41.64500045776367,41.619998931884766,41.64500045776367,1664.0
2026-08-05 11:21:00,PECO,,41.349998474121094,41.349998474121094,41.349998474121094,41.349998474121094,2241.0
2026-08-05 11:21:00,PENN,,19.8799991607666,19.889999389648438,19.8700008392334,19.8700008392334,4244.0
2026-08-05 11:21:00,PEP,,138.25999450683594,138.32000732421875,138.23789978027344,138.23789978027344,7733.0
2026-08-05 11:21:00,PFG,,114.16999816894531,114.19999694824219,114.16999816894531,114.16999816894531,1352.0
2026-08-05 11:21:00,PGEN,,6.954999923706055,6.96999979019165,6.949999809265137,6.954999923706055,11299.0
2026-08-05 11:21:00,PGY,,21.889999389648438,21.895000457763672,21.857900619506836,21.8799991607666,4039.0
2026-08-05 11:21:00,PHAT,,8.510000228881836,8.520000457763672,8.510000228881836,8.510000228881836,2543.0
2026-08-05 11:21:00,PHIO,,1.0499999523162842,1.0499999523162842,1.0499999523162842,1.0499999523162842,1606.0
2026-08-05 11:21:00,PHVS,,32.9900016784668,32.9900016784668,32.9900016784668,32.9900016784668,173.0
2026-08-05 11:21:00,PLAB,,32.185001373291016,32.185001373291016,32.13010025024414,32.13010025024414,1569.0
2026-08-05 11:21:00,PLBC,,61.099998474121094,61.099998474121094,61.099998474121094,61.099998474121094,600.0
2026-08-05 11:21:00,PLMR,,135.72999572753906,135.8350067138672,135.72999572753906,135.8350067138672,892.0
2026-08-05 11:21:00,PLTK,,4.03000020980835,4.03000020980835,4.025000095367432,4.025000095367432,7240.0
2026-08-05 11:21:00,PLUG,,2.1098999977111816,2.109999895095825,2.0999999046325684,2.109999895095825,121393.0
2026-08-05 11:21:00,PLXS,,273.94000244140625,273.94000244140625,273.94000244140625,273.94000244140625,202.0
2026-08-05 11:21:00,PNTG,,38.775001525878906,38.775001525878906,38.775001525878906,38.775001525878906,300.0
2026-08-05 11:21:00,POET,,8.295000076293945,8.300000190734863,8.28499984741211,8.28499984741211,20368.0
2026-08-05 11:21:00,POOL,,204.2550048828125,204.2550048828125,204.2550048828125,204.2550048828125,104.0
2026-08-05 11:21:00,POWI,,62.154998779296875,62.154998779296875,62.154998779296875,62.154998779296875,176.0
2026-08-05 11:21:00,POWL,,210.5399932861328,210.5399932861328,210.5399932861328,210.5399932861328,82.0
2026-08-05 11:21:00,PPC,,26.635000228881836,26.64900016784668,26.635000228881836,26.64189910888672,2906.0
2026-08-05 11:21:00,PPTA,,22.75,22.760000228881836,22.700000762939453,22.739999771118164,8822.0
2026-08-05 11:21:00,PRAA,,17.34000015258789,17.34000015258789,17.309999465942383,17.31999969482422,2069.0
2026-08-05 11:21:00,PRAX,,310.06500244140625,310.8299865722656,309.67999267578125,310.8299865722656,1007.0
2026-08-05 11:21:00,PRCH,,16.06999969482422,16.06999969482422,16.06999969482422,16.06999969482422,402.0
2026-08-05 11:21:00,PRCT,,19.139999389648438,19.149999618530273,19.1299991607666,19.1299991607666,2933.0
2026-08-05 11:21:00,PRDO,,32.97999954223633,32.97999954223633,32.97999954223633,32.97999954223633,1532.0
2026-08-05 11:21:00,PRIM,,85.63500213623047,85.6875,85.52999877929688,85.52999877929688,2971.0
2026-08-05 11:21:00,PRME,,2.9649999141693115,2.9649999141693115,2.9649999141693115,2.9649999141693115,416.0
2026-08-05 11:21:00,PRQR,,1.8949999809265137,1.899999976158142,1.8949999809265137,1.8949999809265137,25070.0
2026-08-05 11:21:00,PRTA,,8.539999961853027,8.539999961853027,8.539999961853027,8.539999961853027,1647.0
2026-08-05 11:21:00,PRTH,,6.59499979019165,6.59499979019165,6.59499979019165,6.59499979019165,1327.0
2026-08-05 11:21:00,PRVA,,24.040000915527344,24.040000915527344,24.00950050354004,24.00950050354004,1044.0
2026-08-05 11:21:00,PSEC,,2.200000047683716,2.200000047683716,2.1909000873565674,2.199899911880493,4461.0
2026-08-05 11:21:00,PSNL,,13.539999961853027,13.550000190734863,13.539999961853027,13.550000190734863,1180.0
2026-08-05 11:21:00,PSNY,,14.074999809265137,14.074999809265137,14.074999809265137,14.074999809265137,500.0
2026-08-05 11:21:00,PTCT,,68.99500274658203,68.99500274658203,68.91999816894531,68.93000030517578,959.0
2026-08-05 11:21:00,PTEN,,9.78499984741211,9.78499984741211,9.779999732971191,9.779999732971191,4889.0
2026-08-05 11:21:00,PTLO,,4.585000038146973,4.585000038146973,4.585000038146973,4.585000038146973,790.0
2026-08-05 11:21:00,PTON,,6.539999961853027,6.550000190734863,6.534999847412109,6.534999847412109,10499.0
2026-08-05 11:21:00,PUBM,,13.5649995803833,13.5649995803833,13.5649995803833,13.5649995803833,635.0
2026-08-05 11:21:00,PWP,,17.34000015258789,17.34000015258789,17.34000015258789,17.34000015258789,617.0
2026-08-05 11:21:00,PYPL,,58.40999984741211,58.43000030517578,58.404998779296875,58.407501220703125,5462.0
2026-08-05 11:21:00,PYXS,,3.1700000762939453,3.1700000762939453,3.1700000762939453,3.1700000762939453,247.0
2026-08-05 11:21:00,PZZA,,30.545000076293945,30.545000076293945,30.545000076293945,30.545000076293945,339.0
2026-08-05 11:21:00,QCOM,,158.10000610351562,158.21499633789062,157.89999389648438,158.11000061035156,18568.0
2026-08-05 11:21:00,QRVO,,94.56500244140625,94.66000366210938,94.56500244140625,94.66000366210938,545.0
2026-08-05 11:21:00,STIM,,2.255000114440918,2.260999917984009,2.240000009536743,2.259999990463257,38216.0
2026-08-05 11:21:00,STKS,,1.7599999904632568,1.7599999904632568,1.7549999952316284,1.7549999952316284,2491.0
2026-08-05 11:22:00,ACDC,,4.40500020980835,4.409999847412109,4.400000095367432,4.409999847412109,4712.0
2026-08-05 11:22:00,BPOP,,177.47500610351562,177.47500610351562,177.47500610351562,177.47500610351562,682.0
2026-08-05 11:22:00,CPOP,,0.364300012588501,0.364300012588501,0.364300012588501,0.364300012588501,7.0
2026-08-05 11:22:00,DTIL,,7.449999809265137,7.480000019073486,7.449999809265137,7.46999979019165,2607.0
2026-08-05 11:22:00,EYE,,23.15999984741211,23.15999984741211,23.15999984741211,23.15999984741211,564.0
2026-08-05 11:22:00,FIZZ,,31.93000030517578,31.940000534057617,31.93000030517578,31.940000534057617,3706.0
2026-08-05 11:22:00,GLUE,,15.819999694824219,15.835000038146973,15.8100004196167,15.819999694824219,2096.0
2026-08-05 11:22:00,LUNG,,1.8949999809265137,1.8949999809265137,1.8949999809265137,1.8949999809265137,340.0
2026-08-05 11:22:00,MBRX,,0.4189000129699707,0.41999998688697815,0.4189000129699707,0.41990000009536743,1635.0
2026-08-05 11:22:00,MDB,,379.06500244140625,379.06500244140625,378.989990234375,378.989990234375,548.0
2026-08-05 11:22:00,MDLZ,,61.9901008605957,62.005001068115234,61.9901008605957,62.005001068115234,2769.0
2026-08-05 11:22:00,MLTX,,17.520000457763672,17.520000457763672,17.520000457763672,17.520000457763672,983.0
2026-08-05 11:22:00,MNPR,,119.19499969482422,119.19499969482422,119.19499969482422,119.19499969482422,3550.0
2026-08-05 11:22:00,MNRO,,13.104999542236328,13.104999542236328,13.104999542236328,13.104999542236328,1493.0
2026-08-05 11:22:00,MNST,,94.52999877929688,94.56999969482422,94.52999877929688,94.56999969482422,3764.0
2026-08-05 11:22:00,MODD,,2.049999952316284,2.049999952316284,2.049999952316284,2.049999952316284,692.0
2026-08-05 11:22:00,MOVE,,11.82349967956543,11.82349967956543,11.82349967956543,11.82349967956543,823.0
2026-08-05 11:22:00,MPWR,,1318.219970703125,1318.5150146484375,1317.0400390625,1318.14501953125,564.0
2026-08-05 11:22:00,MRNA,,57.400001525878906,57.40999984741211,57.35499954223633,57.36000061035156,3421.0
2026-08-05 11:22:00,MYGN,,3.2249999046325684,3.234999895095825,3.2249999046325684,3.234999895095825,6807.0
2026-08-05 11:22:00,NAMS,,26.600000381469727,26.600000381469727,26.600000381469727,26.600000381469727,1485.0
2026-08-05 11:22:00,NAUT,,0.9603999853134155,0.9653000235557556,0.9603999853134155,0.9653000235557556,676.0
2026-08-05 11:22:00,NB,,5.085000038146973,5.099999904632568,5.085000038146973,5.099999904632568,12347.0
2026-08-05 11:22:00,NBIX,,163.69000244140625,163.72999572753906,163.69000244140625,163.72999572753906,2861.0
2026-08-05 11:22:00,NDAQ,,94.6500015258789,94.65499877929688,94.6500015258789,94.65499877929688,1609.0
2026-08-05 11:22:00,NDSN,,309.95001220703125,309.95001220703125,309.95001220703125,309.95001220703125,177.0
2026-08-05 11:22:00,NEGG,,17.0,17.0,17.0,17.0,132.0
2026-08-05 11:22:00,NEO,,16.1299991607666,16.139999389648438,16.1299991607666,16.139999389648438,1874.0
2026-08-05 11:22:00,NEOG,,11.579999923706055,11.59000015258789,11.579999923706055,11.59000015258789,5467.0
2026-08-05 11:22:00,NESR,,28.559999465942383,28.579999923706055,28.559999465942383,28.579999923706055,639.0
2026-08-05 11:22:00,NEXT,,6.434999942779541,6.434999942779541,6.425000190734863,6.434999942779541,4159.0
2026-08-05 11:22:00,NFE,,0.33649998903274536,0.33649998903274536,0.3353999853134155,0.3353999853134155,0.0
2026-08-05 11:22:00,NFLX,,74.01000213623047,74.05999755859375,73.9800033569336,74.05999755859375,38459.0
2026-08-05 11:22:00,NICE,,96.6500015258789,96.67500305175781,96.6500015258789,96.67500305175781,846.0
2026-08-05 11:22:00,NKTR,,72.86000061035156,72.97000122070312,72.8499984741211,72.97000122070312,1377.0
2026-08-05 11:22:00,NKTX,,2.1600000858306885,2.1600000858306885,2.1600000858306885,2.1600000858306885,411.0
2026-08-05 11:22:00,NMIH,,44.45000076293945,44.45000076293945,44.45000076293945,44.45000076293945,935.0
2026-08-05 11:22:00,NMRA,,1.6200000047683716,1.6200000047683716,1.6100000143051147,1.6150000095367432,485.0
2026-08-05 11:22:00,NMRK,,15.600000381469727,15.600000381469727,15.59000015258789,15.600000381469727,1924.0
2026-08-05 11:22:00,NN,,14.289999961853027,14.305000305175781,14.28499984741211,14.289999961853027,13088.0
2026-08-05 11:22:00,NNDM,,1.534999966621399,1.5388000011444092,1.534999966621399,1.5388000011444092,4853.0
2026-08-05 11:22:00,NOVT,,157.24000549316406,157.24000549316406,157.24000549316406,157.24000549316406,1968.0
2026-08-05 11:22:00,NPCE,,13.515000343322754,13.595000267028809,13.515000343322754,13.579999923706055,3015.0
2026-08-05 11:22:00,NRIX,,24.540000915527344,24.56999969482422,24.540000915527344,24.56999969482422,2796.0
2026-08-05 11:22:00,NRSN,,0.5339000225067139,0.5339000225067139,0.5339000225067139,0.5339000225067139,0.0
2026-08-05 11:22:00,NTAP,,189.06500244140625,189.39999389648438,188.9199981689453,189.39999389648438,17398.0
2026-08-05 11:22:00,NTES,,127.86000061035156,127.86000061035156,127.86000061035156,127.86000061035156,545.0
2026-08-05 11:22:00,NTNX,,60.599998474121094,60.654998779296875,60.599998474121094,60.599998474121094,6866.0
2026-08-05 11:22:00,NTRA,,275.8999938964844,276.07000732421875,275.8999938964844,276.07000732421875,2711.0
2026-08-05 11:22:00,NUWE,,1.7300000190734863,1.7300000190734863,1.7000000476837158,1.7100000381469727,6960.0
2026-08-05 11:22:00,NVAX,,7.650000095367432,7.659999847412109,7.650000095367432,7.659900188446045,14201.0
2026-08-05 11:22:00,NVCR,,15.970000267028809,15.989999771118164,15.970000267028809,15.989999771118164,1199.0
2026-08-05 11:22:00,NVDA,,219.24000549316406,219.69419860839844,219.1999969482422,219.5399932861328,227005.0
2026-08-05 11:22:00,NVTS,,12.529999732971191,12.539999961853027,12.520000457763672,12.53499984741211,8350.0
2026-08-05 11:22:00,NWBI,,15.9399995803833,15.9399995803833,15.9399995803833,15.9399995803833,308.0
2026-08-05 11:22:00,NWE,,68.62999725341797,68.62999725341797,68.62000274658203,68.62999725341797,3272.0
2026-08-05 11:22:00,NWL,,6.21999979019165,6.224999904632568,6.21999979019165,6.21999979019165,6925.0
2026-08-05 11:22:00,NWS,,32.2400016784668,32.279998779296875,32.2400016784668,32.279998779296875,4020.0
2026-08-05 11:22:00,NWSA,,28.190000534057617,28.219999313354492,28.190000534057617,28.219999313354492,5705.0
2026-08-05 11:22:00,NXL,,0.3781000077724457,0.3781000077724457,0.3781000077724457,0.3781000077724457,630.0
2026-08-05 11:22:00,NXPI,,231.0449981689453,231.08999633789062,230.75750732421875,230.75750732421875,3978.0
2026-08-05 11:22:00,NXT,,98.83999633789062,98.84500122070312,98.68000030517578,98.72000122070312,3455.0
2026-08-05 11:22:00,OCGN,,1.2899999618530273,1.2899999618530273,1.2899999618530273,1.2899999618530273,10620.0
2026-08-05 11:22:00,OCS,,11.979999542236328,11.979999542236328,11.979999542236328,11.979999542236328,158.0
2026-08-05 11:22:00,OCUL,,8.475000381469727,8.48169994354248,8.475000381469727,8.48169994354248,2932.0
2026-08-05 11:22:00,ODD,,15.09000015258789,15.09000015258789,15.09000015258789,15.09000015258789,521.0
2026-08-05 11:22:00,ODFL,,215.0800018310547,215.11000061035156,215.0800018310547,215.10000610351562,2094.0
2026-08-05 11:22:00,OFS,,3.490000009536743,3.490000009536743,3.490000009536743,3.490000009536743,204.0
2026-08-05 11:22:00,OGI,,0.9520999789237976,0.9520999789237976,0.9520000219345093,0.9520000219345093,2540.0
2026-08-05 11:22:00,OKTA,,148.49000549316406,148.50999450683594,148.4499969482422,148.50999450683594,2895.0
2026-08-05 11:22:00,OLLI,,78.20500183105469,78.38999938964844,78.20500183105469,78.38999938964844,1004.0
2026-08-05 11:22:00,OLMA,,11.600000381469727,11.600000381469727,11.600000381469727,11.600000381469727,562.0
2026-08-05 11:22:00,OMH,,0.10999999940395355,0.10999999940395355,0.10999999940395355,0.10999999940395355,2031.0
2026-08-05 11:22:00,ON,,77.56500244140625,77.61000061035156,77.55000305175781,77.59500122070312,14867.0
2026-08-05 11:22:00,ONB,,27.030000686645508,27.030000686645508,27.030000686645508,27.030000686645508,411.0
2026-08-05 11:22:00,ONDS,,8.812299728393555,8.819999694824219,8.800000190734863,8.812299728393555,101592.0
2026-08-05 11:22:00,ONFO,,0.07559999823570251,0.07569999992847443,0.07400000095367432,0.07400000095367432,19502.0
2026-08-05 11:22:00,OPCH,,23.3700008392334,23.3799991607666,23.3700008392334,23.3799991607666,1179.0
2026-08-05 11:22:00,OPEN,,3.8949999809265137,3.9049999713897705,3.890000104904175,3.9049999713897705,49646.0
2026-08-05 11:22:00,OPHC,,8.510000228881836,8.510000228881836,8.510000228881836,8.510000228881836,110.0
2026-08-05 11:22:00,ORIC,,13.270000457763672,13.270000457763672,13.255000114440918,13.255000114440918,4989.0
2026-08-05 11:22:00,ORLY,,92.75,92.79000091552734,92.75,92.79000091552734,2653.0
2026-08-05 11:22:00,ORRF,,43.439998626708984,43.439998626708984,43.439998626708984,43.439998626708984,744.0
2026-08-05 11:22:00,OSPN,,16.6200008392334,16.639999389648438,16.59000015258789,16.59000015258789,5928.0
2026-08-05 11:22:00,OSS,,14.012999534606934,14.012999534606934,14.012999534606934,14.012999534606934,1858.0
2026-08-05 11:22:00,OSUR,,4.164999961853027,4.170000076293945,4.164999961853027,4.170000076293945,2867.0
2026-08-05 11:22:00,OSW,,26.59000015258789,26.59000015258789,26.59000015258789,26.59000015258789,959.0
2026-08-05 11:22:00,OTEX,,25.825000762939453,25.829999923706055,25.825000762939453,25.829999923706055,1338.0
2026-08-05 11:22:00,OTLK,,1.0149999856948853,1.0149999856948853,1.0099999904632568,1.0149999856948853,57509.0
2026-08-05 11:22:00,OTTR,,92.20999908447266,92.20999908447266,92.16999816894531,92.16999816894531,383.0
2026-08-05 11:22:00,OVID,,2.619999885559082,2.619999885559082,2.619999885559082,2.619999885559082,403.0
2026-08-05 11:22:00,OXLC,,9.09000015258789,9.095000267028809,9.09000015258789,9.095000267028809,503.0
2026-08-05 11:22:00,OXSQ,,1.4800000190734863,1.4800000190734863,1.4800000190734863,1.4800000190734863,626.0
2026-08-05 11:22:00,PAA,,23.235000610351562,23.2450008392334,23.225000381469727,23.235000610351562,11885.0
2026-08-05 11:22:00,PAAS,,48.560001373291016,48.59000015258789,48.525001525878906,48.56999969482422,5059.0
2026-08-05 11:22:00,PACB,,1.4199999570846558,1.4199999570846558,1.4149999618530273,1.4149999618530273,5182.0
2026-08-05 11:22:00,PAGP,,25.139999389648438,25.149999618530273,25.139999389648438,25.149999618530273,1361.0
2026-08-05 11:22:00,PALI,,2.0850000381469727,2.0850000381469727,2.0850000381469727,2.0850000381469727,1040.0
2026-08-05 11:22:00,PANW,,365.739990234375,365.8424987792969,365.70001220703125,365.70001220703125,3315.0
2026-08-05 11:22:00,PAYO,,7.119999885559082,7.130000114440918,7.119999885559082,7.130000114440918,1267.0
2026-08-05 11:22:00,PAYS,,9.1850004196167,9.1899995803833,9.180000305175781,9.1899995803833,1156.0
2026-08-05 11:22:00,PAYX,,116.71499633789062,116.71499633789062,116.66000366210938,116.66000366210938,851.0
2026-08-05 11:22:00,PBYI,,8.0,8.0,8.0,8.0,1341.0
2026-08-05 11:22:00,PCAR,,133.35000610351562,133.35000610351562,133.2899932861328,133.2899932861328,1184.0
2026-08-05 11:22:00,PCRX,,24.860000610351562,24.889999389648438,24.860000610351562,24.8700008392334,2278.0
2026-08-05 11:22:00,PCTY,,145.59500122070312,146.22000122070312,145.59500122070312,146.22000122070312,3047.0
2026-08-05 11:22:00,PDD,,91.4800033569336,91.5199966430664,91.4800033569336,91.51000213623047,10457.0
2026-08-05 11:22:00,PDSB,,0.710099995136261,0.710099995136261,0.710099995136261,0.710099995136261,12.0
2026-08-05 11:22:00,PECO,,41.33000183105469,41.33000183105469,41.31999969482422,41.31999969482422,5844.0
2026-08-05 11:22:00,PEGA,,31.6200008392334,31.639999389648438,31.610000610351562,31.6299991607666,1786.0
2026-08-05 11:22:00,PENN,,19.8799991607666,19.8799991607666,19.8799991607666,19.8799991607666,1339.0
2026-08-05 11:22:00,PEP,,138.20010375976562,138.25,138.20010375976562,138.25,6768.0
2026-08-05 11:22:00,PEPG,,1.909999966621399,1.909999966621399,1.909999966621399,1.909999966621399,643.0
2026-08-05 11:22:00,PERI,,9.539999961853027,9.539999961853027,9.539999961853027,9.539999961853027,556.0
2026-08-05 11:22:00,PFG,,114.11000061035156,114.16000366210938,114.11000061035156,114.16000366210938,1021.0
2026-08-05 11:22:00,PGEN,,6.96999979019165,6.96999979019165,6.960000038146973,6.965000152587891,1628.0
2026-08-05 11:22:00,PGNY,,31.614999771118164,31.614999771118164,31.610000610351562,31.610000610351562,1104.0
2026-08-05 11:22:00,PGY,,21.860000610351562,21.899999618530273,21.860000610351562,21.899999618530273,1270.0
2026-08-05 11:22:00,PHVS,,32.849998474121094,32.849998474121094,32.849998474121094,32.849998474121094,322.0
2026-08-05 11:22:00,PLMR,,135.05999755859375,135.22999572753906,135.05999755859375,135.22999572753906,913.0
2026-08-05 11:22:00,PLPC,,458.8699951171875,461.9100036621094,458.8699951171875,461.9100036621094,2296.0
2026-08-05 11:22:00,PLTK,,4.034999847412109,4.0395002365112305,4.034999847412109,4.0395002365112305,1608.0
2026-08-05 11:22:00,PLUG,,2.1157000064849854,2.119999885559082,2.0999999046325684,2.0999999046325684,204650.0
2026-08-05 11:22:00,PNFP,,107.65499877929688,107.65499877929688,107.65499877929688,107.65499877929688,1119.0
2026-08-05 11:22:00,PNRG,,182.75,183.11000061035156,182.75,183.11000061035156,1251.0
2026-08-05 11:22:00,POET,,8.29990005493164,8.305000305175781,8.295000076293945,8.300000190734863,7677.0
2026-08-05 11:22:00,POOL,,204.2550048828125,204.2550048828125,204.2550048828125,204.2550048828125,737.0
2026-08-05 11:22:00,POWI,,62.154998779296875,62.154998779296875,62.154998779296875,62.154998779296875,581.0
2026-08-05 11:22:00,POWL,,211.03250122070312,211.1300048828125,210.08009338378906,210.50999450683594,3148.0
2026-08-05 11:22:00,PPC,,26.6200008392334,26.6200008392334,26.600000381469727,26.610000610351562,2169.0
2026-08-05 11:22:00,PPTA,,22.739999771118164,22.739999771118164,22.739999771118164,22.739999771118164,2806.0
2026-08-05 11:22:00,PRAX,,310.0400085449219,310.0400085449219,310.0400085449219,310.0400085449219,253.0
2026-08-05 11:22:00,PRCT,,19.03499984741211,19.135000228881836,19.03499984741211,19.1299991607666,11260.0
2026-08-05 11:22:00,PRIM,,85.63999938964844,85.63999938964844,85.55000305175781,85.63999938964844,726.0
2026-08-05 11:22:00,PRME,,2.9600000381469727,2.9623000621795654,2.9549999237060547,2.9623000621795654,20516.0
2026-08-05 11:22:00,PRTA,,8.529999732971191,8.529999732971191,8.529999732971191,8.529999732971191,419.0
2026-08-05 11:22:00,PRVA,,24.010000228881836,24.010000228881836,24.010000228881836,24.010000228881836,586.0
2026-08-05 11:22:00,PSEC,,2.194999933242798,2.194999933242798,2.1923000812530518,2.194999933242798,3460.0
2026-08-05 11:22:00,PSHG,,1.7699999809265137,1.7699999809265137,1.7699999809265137,1.7699999809265137,550.0
2026-08-05 11:22:00,PSNL,,13.529999732971191,13.550000190734863,13.529999732971191,13.550000190734863,5473.0
2026-08-05 11:22:00,PTCT,,68.87999725341797,68.99500274658203,68.87999725341797,68.99500274658203,1746.0
2026-08-05 11:22:00,PTEN,,9.765000343322754,9.78499984741211,9.755000114440918,9.78499984741211,10453.0
2026-08-05 11:22:00,PTGX,,135.8000030517578,135.80999755859375,135.8000030517578,135.80999755859375,1427.0
2026-08-05 11:22:00,PTLO,,4.574999809265137,4.579999923706055,4.574999809265137,4.579999923706055,2025.0
2026-08-05 11:22:00,PTON,,6.534999847412109,6.539999961853027,6.534999847412109,6.539999961853027,3795.0
2026-08-05 11:22:00,PWP,,17.329999923706055,17.34000015258789,17.31999969482422,17.34000015258789,676.0
2026-08-05 11:22:00,PYPD,,4.46999979019165,4.46999979019165,4.46999979019165,4.46999979019165,100.0
2026-08-05 11:22:00,PYPL,,58.404998779296875,58.415000915527344,58.380001068115234,58.38999938964844,15323.0
2026-08-05 11:22:00,PYXS,,3.1600000858306885,3.1700000762939453,3.1549999713897705,3.1700000762939453,4041.0
2026-08-05 11:22:00,PZZA,,30.520000457763672,30.520000457763672,30.520000457763672,30.520000457763672,267.0
2026-08-05 11:22:00,QCOM,,158.02000427246094,158.14010620117188,158.02000427246094,158.1199951171875,13745.0
2026-08-05 11:22:00,QFIN,,13.364999771118164,13.364999771118164,13.364999771118164,13.364999771118164,208.0
2026-08-05 11:22:00,QRVO,,94.6500015258789,94.6500015258789,94.48919677734375,94.6500015258789,953.0
2026-08-05 11:22:00,SEED,,0.9800000190734863,0.9812999963760376,0.9800000190734863,0.9812999963760376,2695.0
2026-08-05 11:22:00,STIM,,2.240000009536743,2.259999990463257,2.240000009536743,2.259999990463257,16199.0
2026-08-05 11:22:00,TARA,,4.019100189208984,4.019100189208984,4.019100189208984,4.019100189208984,1075.0
2026-08-05 11:23:00,ACDC,,4.400000095367432,4.409900188446045,4.394999980926514,4.40500020980835,7416.0
2026-08-05 11:23:00,CNXN,,84.41999816894531,84.41999816894531,84.36499786376953,84.36499786376953,651.0
2026-08-05 11:23:00,EYE,,23.149999618530273,23.149999618530273,23.149999618530273,23.149999618530273,859.0
2026-08-05 11:23:00,GLUE,,15.8149995803833,15.819999694824219,15.8149995803833,15.819999694824219,1582.0
2026-08-05 11:23:00,KIDS,,20.94499969482422,20.94499969482422,20.94499969482422,20.94499969482422,387.0
2026-08-05 11:23:00,KITT,,1.0700000524520874,1.0700000524520874,1.0700000524520874,1.0700000524520874,5322.0
2026-08-05 11:23:00,MBRX,,0.4180999994277954,0.41990000009536743,0.4171999990940094,0.4171999990940094,1314.0
2026-08-05 11:23:00,MDB,,378.9599914550781,378.9599914550781,378.9599914550781,378.9599914550781,235.0
2026-08-05 11:23:00,MDLZ,,61.95000076293945,62.0099983215332,61.92499923706055,61.9900016784668,44080.0
2026-08-05 11:23:00,MNST,,94.4800033569336,94.5199966430664,94.44499969482422,94.5199966430664,6857.0
2026-08-05 11:23:00,MNTS,,4.379899978637695,4.380000114440918,4.349999904632568,4.349999904632568,4061.0
2026-08-05 11:23:00,MPWR,,1317.260009765625,1318.699951171875,1317.030029296875,1317.4749755859375,913.0
2026-08-05 11:23:00,MRNA,,57.404998779296875,57.439998626708984,57.369998931884766,57.380001068115234,5462.0
2026-08-05 11:23:00,MYGN,,3.2149999141693115,3.2249999046325684,3.2149999141693115,3.2249999046325684,1453.0
2026-08-05 11:23:00,MYPS,,0.7254999876022339,0.7254999876022339,0.7254999876022339,0.7254999876022339,1515.0
2026-08-05 11:23:00,NAMS,,26.579999923706055,26.579999923706055,26.575000762939453,26.575000762939453,799.0
2026-08-05 11:23:00,NAVI,,9.095000267028809,9.095000267028809,9.081100463867188,9.081100463867188,3019.0
2026-08-05 11:23:00,NB,,5.090000152587891,5.09499979019165,5.085000038146973,5.085000038146973,2820.0
2026-08-05 11:23:00,NBIX,,163.52999877929688,163.52999877929688,163.52999877929688,163.52999877929688,718.0
2026-08-05 11:23:00,NDAQ,,94.63500213623047,94.66000366210938,94.59010314941406,94.63999938964844,4758.0
2026-08-05 11:23:00,NEO,,16.139999389648438,16.139999389648438,16.1299991607666,16.1299991607666,1247.0
2026-08-05 11:23:00,NEOG,,11.574999809265137,11.574999809265137,11.572199821472168,11.572199821472168,2447.0
2026-08-05 11:23:00,NEON,,0.9599000215530396,0.9599999785423279,0.9595000147819519,0.9599999785423279,1105.0
2026-08-05 11:23:00,NEOV,,2.8399999141693115,2.8399999141693115,2.8350000381469727,2.8399999141693115,8000.0
2026-08-05 11:23:00,NESR,,28.579999923706055,28.579999923706055,28.579999923706055,28.579999923706055,495.0
2026-08-05 11:23:00,NEXT,,6.429999828338623,6.445000171661377,6.420000076293945,6.445000171661377,10541.0
2026-08-05 11:23:00,NFLX,,74.0250015258789,74.05000305175781,74.00499725341797,74.01000213623047,28372.0
2026-08-05 11:23:00,NICE,,96.58000183105469,96.6500015258789,96.45760345458984,96.61499786376953,2179.0
2026-08-05 11:23:00,NKTR,,72.80999755859375,72.86000061035156,72.80000305175781,72.86000061035156,2253.0
2026-08-05 11:23:00,NKTX,,2.1600000858306885,2.1600000858306885,2.1600000858306885,2.1600000858306885,251.0
2026-08-05 11:23:00,NMIH,,44.474998474121094,44.4900016784668,44.470001220703125,44.47999954223633,971.0
2026-08-05 11:23:00,NMRK,,15.609999656677246,15.609999656677246,15.59000015258789,15.600000381469727,8440.0
2026-08-05 11:23:00,NN,,14.3100004196167,14.324999809265137,14.274999618530273,14.279999732971191,10503.0
2026-08-05 11:23:00,NNBR,,3.809999942779541,3.809999942779541,3.799999952316284,3.799999952316284,721.0
2026-08-05 11:23:00,NNDM,,1.534999966621399,1.5399999618530273,1.534999966621399,1.534999966621399,4372.0
2026-08-05 11:23:00,NOVT,,156.99000549316406,157.1300048828125,156.99000549316406,157.1300048828125,1841.0
2026-08-05 11:23:00,NPCE,,13.529999732971191,13.529999732971191,13.5,13.5,572.0
2026-08-05 11:23:00,NRDS,,9.204999923706055,9.204999923706055,9.199999809265137,9.204999923706055,1201.0
2026-08-05 11:23:00,NRSN,,0.5299999713897705,0.5299999713897705,0.5299999713897705,0.5299999713897705,200.0
2026-08-05 11:23:00,NSSC,,40.209999084472656,40.209999084472656,40.209999084472656,40.209999084472656,431.0
2026-08-05 11:23:00,NTAP,,189.0449981689453,189.0449981689453,189.0449981689453,189.0449981689453,935.0
2026-08-05 11:23:00,NTCT,,42.07500076293945,42.07500076293945,42.04999923706055,42.04999923706055,884.0
2026-08-05 11:23:00,NTES,,127.98999786376953,127.98999786376953,127.95999908447266,127.95999908447266,971.0
2026-08-05 11:23:00,NTNX,,60.599998474121094,60.619998931884766,60.57500076293945,60.57500076293945,4236.0
2026-08-05 11:23:00,NTRS,,184.18499755859375,184.18499755859375,184.18499755859375,184.18499755859375,716.0
2026-08-05 11:23:00,NUWE,,1.7375999689102173,1.749899983406067,1.7000000476837158,1.749899983406067,2968.0
2026-08-05 11:23:00,NVAX,,7.65500020980835,7.65500020980835,7.650000095367432,7.650000095367432,2819.0
2026-08-05 11:23:00,NVCR,,15.930000305175781,15.960000038146973,15.930000305175781,15.960000038146973,895.0
2026-08-05 11:23:00,NVCT,,19.969999313354492,19.969999313354492,19.969999313354492,19.969999313354492,386.0
2026-08-05 11:23:00,NVDA,,218.85000610351562,219.27000427246094,218.85000610351562,219.27000427246094,253974.0
2026-08-05 11:23:00,NVMI,,409.1000061035156,409.4100036621094,409.1000061035156,409.4100036621094,805.0
2026-08-05 11:23:00,NVTS,,12.5,12.550000190734863,12.5,12.5,16570.0
2026-08-05 11:23:00,NWL,,6.224999904632568,6.230000019073486,6.21999979019165,6.21999979019165,12402.0
2026-08-05 11:23:00,NWS,,32.275001525878906,32.275001525878906,32.2599983215332,32.2599983215332,2027.0
2026-08-05 11:23:00,NWSA,,28.204999923706055,28.204999923706055,28.19499969482422,28.19499969482422,4256.0
2026-08-05 11:23:00,NXPI,,230.52000427246094,231.0800018310547,230.52000427246094,230.99000549316406,9175.0
2026-08-05 11:23:00,NXT,,99.05000305175781,99.23500061035156,98.84500122070312,98.84500122070312,10329.0
2026-08-05 11:23:00,NYXH,,1.4249999523162842,1.4249999523162842,1.4199999570846558,1.4249999523162842,2146.0
2026-08-05 11:23:00,OCCI,,2.4649999141693115,2.4649999141693115,2.4649999141693115,2.4649999141693115,303.0
2026-08-05 11:23:00,OCFC,,19.774999618530273,19.774999618530273,19.770000457763672,19.770000457763672,4287.0
2026-08-05 11:23:00,OCGN,,1.2899999618530273,1.2999000549316406,1.2899999618530273,1.2999000549316406,735.0
2026-08-05 11:23:00,OCS,,12.0,12.0,12.0,12.0,714.0
2026-08-05 11:23:00,OCSL,,12.130000114440918,12.130000114440918,12.130000114440918,12.130000114440918,229.0
2026-08-05 11:23:00,OCUL,,8.475000381469727,8.484999656677246,8.470000267028809,8.475000381469727,4463.0
2026-08-05 11:23:00,ODFL,,215.1750030517578,215.27000427246094,215.1750030517578,215.22999572753906,1916.0
2026-08-05 11:23:00,OESX,,15.385000228881836,15.385000228881836,15.199999809265137,15.199999809265137,407.0
2026-08-05 11:23:00,OLLI,,78.1875,78.1875,78.1875,78.1875,851.0
2026-08-05 11:23:00,OLMA,,11.569999694824219,11.569999694824219,11.569999694824219,11.569999694824219,316.0
2026-08-05 11:23:00,OM,,4.920000076293945,4.920000076293945,4.920000076293945,4.920000076293945,243.0
2026-08-05 11:23:00,OMER,,12.739999771118164,12.739999771118164,12.739999771118164,12.739999771118164,1228.0
2026-08-05 11:23:00,OMH,,0.10930000245571136,0.10989999771118164,0.10930000245571136,0.10989999771118164,3895.0
2026-08-05 11:23:00,ON,,77.25,77.55000305175781,77.19999694824219,77.55000305175781,52356.0
2026-08-05 11:23:00,ONB,,27.024999618530273,27.026599884033203,27.024999618530273,27.026599884033203,2177.0
2026-08-05 11:23:00,ONBPP,,24.712499618530273,24.712499618530273,24.712499618530273,24.712499618530273,601.0
2026-08-05 11:23:00,ONCY,,0.791700005531311,0.791700005531311,0.7911999821662903,0.7911999821662903,900.0
2026-08-05 11:23:00,ONDS,,8.80270004272461,8.829999923706055,8.80270004272461,8.810199737548828,90774.0
2026-08-05 11:23:00,ONFO,,0.07500000298023224,0.07559999823570251,0.0746999979019165,0.07559999823570251,61308.0
2026-08-05 11:23:00,ONMD,,0.6782000064849854,0.6782000064849854,0.6782000064849854,0.6782000064849854,610.0
2026-08-05 11:23:00,OPCH,,23.389999389648438,23.395000457763672,23.3799991607666,23.3799991607666,3678.0
2026-08-05 11:23:00,OPEN,,3.8949999809265137,3.9000000953674316,3.890000104904175,3.8949999809265137,73123.0
2026-08-05 11:23:00,OPHC,,8.550000190734863,8.550000190734863,8.510000228881836,8.550000190734863,1207.0
2026-08-05 11:23:00,ORGO,,2.365000009536743,2.375,2.365000009536743,2.375,13665.0
2026-08-05 11:23:00,ORIC,,13.260000228881836,13.270000457763672,13.260000228881836,13.270000457763672,1928.0
2026-08-05 11:23:00,ORLY,,92.76000213623047,92.76000213623047,92.76000213623047,92.76000213623047,3045.0
2026-08-05 11:23:00,OSIS,,234.50250244140625,234.50250244140625,234.50250244140625,234.50250244140625,140.0
2026-08-05 11:23:00,OSPN,,16.6299991607666,16.670000076293945,16.6299991607666,16.6299991607666,4889.0
2026-08-05 11:23:00,OSS,,14.077400207519531,14.109999656677246,14.029999732971191,14.039999961853027,8759.0
2026-08-05 11:23:00,OSUR,,4.164999961853027,4.164999961853027,4.164999961853027,4.164999961853027,1948.0
2026-08-05 11:23:00,OTEX,,25.860000610351562,25.8700008392334,25.850000381469727,25.850000381469727,1244.0
2026-08-05 11:23:00,OTLK,,1.0099999904632568,1.0198999643325806,1.0099999904632568,1.0149999856948853,2536.0
2026-08-05 11:23:00,OTTR,,92.41000366210938,92.41000366210938,92.41000366210938,92.41000366210938,396.0
2026-08-05 11:23:00,OVID,,2.619999885559082,2.619999885559082,2.619999885559082,2.619999885559082,1337.0
2026-08-05 11:23:00,OXLC,,9.09000015258789,9.095000267028809,9.09000015258789,9.095000267028809,655.0
2026-08-05 11:23:00,OXSQ,,1.4800000190734863,1.4872000217437744,1.4800000190734863,1.4800000190734863,985.0
2026-08-05 11:23:00,PAA,,23.239999771118164,23.264999389648438,23.239999771118164,23.264999389648438,21785.0
2026-08-05 11:23:00,PAAS,,48.560001373291016,48.619998931884766,48.53499984741211,48.54999923706055,9318.0
2026-08-05 11:23:00,PACB,,1.409999966621399,1.4149999618530273,1.409999966621399,1.409999966621399,3614.0
2026-08-05 11:23:00,PAGP,,25.149999618530273,25.165000915527344,25.149999618530273,25.165000915527344,1848.0
2026-08-05 11:23:00,PANW,,366.1000061035156,366.1199951171875,365.6300048828125,365.80999755859375,12311.0
2026-08-05 11:23:00,PAYO,,7.130000114440918,7.130000114440918,7.119999885559082,7.119999885559082,1268.0
2026-08-05 11:23:00,PAYS,,9.182600021362305,9.182600021362305,9.182600021362305,9.182600021362305,1367.0
2026-08-05 11:23:00,PAYX,,116.62999725341797,116.68000030517578,116.62999725341797,116.68000030517578,4307.0
2026-08-05 11:23:00,PBYI,,8.020000457763672,8.020000457763672,8.020000457763672,8.020000457763672,248.0
2026-08-05 11:23:00,PCAR,,133.2050018310547,133.3300018310547,133.2050018310547,133.32000732421875,6548.0
2026-08-05 11:23:00,PCSA,,2.1700000762939453,2.184999942779541,2.1700000762939453,2.184999942779541,1259.0
2026-08-05 11:23:00,PCT,,6.940000057220459,6.945000171661377,6.934999942779541,6.934999942779541,2200.0
2026-08-05 11:23:00,PCTY,,145.85000610351562,145.91000366210938,145.57000732421875,145.57000732421875,437.0
2026-08-05 11:23:00,PDD,,91.51000213623047,91.54000091552734,91.4800033569336,91.4800033569336,9273.0
2026-08-05 11:23:00,PDSB,,0.710099995136261,0.710099995136261,0.710099995136261,0.710099995136261,1104.0
2026-08-05 11:23:00,PEGA,,31.639999389648438,31.639999389648438,31.639999389648438,31.639999389648438,1235.0
2026-08-05 11:23:00,PENN,,19.915000915527344,19.93000030517578,19.889999389648438,19.889999389648438,4122.0
2026-08-05 11:23:00,PEP,,138.10000610351562,138.25999450683594,138.10000610351562,138.22000122070312,18805.0
2026-08-05 11:23:00,PEPG,,1.899999976158142,1.899999976158142,1.899999976158142,1.899999976158142,1961.0
2026-08-05 11:23:00,PERI,,9.539999961853027,9.539999961853027,9.539999961853027,9.539999961853027,325.0
2026-08-05 11:23:00,PFG,,114.1449966430664,114.1449966430664,114.1449966430664,114.1449966430664,450.0
2026-08-05 11:23:00,PGEN,,6.96999979019165,6.980000019073486,6.965000152587891,6.965000152587891,11570.0
2026-08-05 11:23:00,PGNY,,31.614999771118164,31.614999771118164,31.614999771118164,31.614999771118164,748.0
2026-08-05 11:23:00,PGY,,21.854999542236328,21.854999542236328,21.81999969482422,21.850000381469727,3410.0
2026-08-05 11:23:00,PHAT,,8.489999771118164,8.489999771118164,8.475000381469727,8.489999771118164,3724.0
2026-08-05 11:23:00,PHIO,,1.0499999523162842,1.0499999523162842,1.0499999523162842,1.0499999523162842,620.0
2026-08-05 11:23:00,PHVS,,32.779998779296875,32.779998779296875,32.779998779296875,32.779998779296875,205.0
2026-08-05 11:23:00,PLSE,,36.65999984741211,36.65999984741211,36.65999984741211,36.65999984741211,147.0
2026-08-05 11:23:00,PLTK,,4.034999847412109,4.034999847412109,4.034999847412109,4.034999847412109,1875.0
2026-08-05 11:23:00,PLUG,,2.115000009536743,2.1198999881744385,2.1108999252319336,2.1198999881744385,13988.0
2026-08-05 11:23:00,PLXS,,273.94000244140625,273.94000244140625,273.94000244140625,273.94000244140625,640.0
2026-08-05 11:23:00,PNFP,,107.65499877929688,107.65499877929688,107.65499877929688,107.65499877929688,302.0
2026-08-05 11:23:00,POET,,8.279999732971191,8.305000305175781,8.279999732971191,8.295000076293945,33833.0
2026-08-05 11:23:00,POWL,,212.28500366210938,212.8699951171875,211.5399932861328,211.5399932861328,2497.0
2026-08-05 11:23:00,PPC,,26.6200008392334,26.6200008392334,26.600000381469727,26.6200008392334,3114.0
2026-08-05 11:23:00,PPTA,,22.739999771118164,22.780000686645508,22.739999771118164,22.7450008392334,3889.0
2026-08-05 11:23:00,PRAX,,308.75,309.3900146484375,308.75,309.0199890136719,1585.0
2026-08-05 11:23:00,PRCH,,16.079999923706055,16.079999923706055,16.059999465942383,16.059999465942383,1193.0
2026-08-05 11:23:00,PRCT,,19.051000595092773,19.09000015258789,19.040000915527344,19.040000915527344,9247.0
2026-08-05 11:23:00,PRFX,,1.1200000047683716,1.1200000047683716,1.1200000047683716,1.1200000047683716,927.0
2026-08-05 11:23:00,PRGS,,41.97010040283203,41.97010040283203,41.97010040283203,41.97010040283203,426.0
2026-08-05 11:23:00,PRIM,,85.4000015258789,85.63999938964844,85.19999694824219,85.63500213623047,22744.0
2026-08-05 11:23:00,PRME,,2.950000047683716,2.9549999237060547,2.950000047683716,2.9549999237060547,887.0
2026-08-05 11:23:00,PRQR,,1.8949999809265137,1.8949999809265137,1.8899999856948853,1.8899999856948853,402.0
2026-08-05 11:23:00,PRVA,,24.040000915527344,24.049999237060547,24.040000915527344,24.049999237060547,1315.0
2026-08-05 11:23:00,PRZO,,0.5457000136375427,0.5457000136375427,0.5457000136375427,0.5457000136375427,1120.0
2026-08-05 11:23:00,PSEC,,2.184999942779541,2.194999933242798,2.180000066757202,2.194999933242798,209749.0
2026-08-05 11:23:00,PSNY,,14.125,14.125,14.125,14.125,556.0
2026-08-05 11:23:00,PTCT,,68.75,68.91000366210938,68.75,68.80000305175781,2082.0
2026-08-05 11:23:00,PTEN,,9.755000114440918,9.765000343322754,9.755000114440918,9.765000343322754,3217.0
2026-08-05 11:23:00,PTLO,,4.574999809265137,4.574999809265137,4.574999809265137,4.574999809265137,479.0
2026-08-05 11:23:00,PTON,,6.545000076293945,6.545000076293945,6.534999847412109,6.534999847412109,8300.0
2026-08-05 11:23:00,PWP,,17.375,17.375,17.299999237060547,17.31999969482422,4186.0
2026-08-05 11:23:00,PYPL,,58.40570068359375,58.42499923706055,58.400001525878906,58.400001525878906,9118.0
2026-08-05 11:23:00,PZZA,,30.520000457763672,30.524999618530273,30.510000228881836,30.520000457763672,3038.0
2026-08-05 11:23:00,QCOM,,157.69000244140625,158.02720642089844,157.69000244140625,157.97999572753906,18711.0
2026-08-05 11:23:00,QCRH,,104.8949966430664,104.8949966430664,104.8949966430664,104.8949966430664,319.0
2026-08-05 11:23:00,QFIN,,13.369999885559082,13.369999885559082,13.369999885559082,13.369999885559082,1161.0
2026-08-05 11:23:00,QRVO,,94.54000091552734,94.6500015258789,94.54000091552734,94.56999969482422,1077.0
2026-08-05 11:23:00,SEED,,0.9760000109672546,0.9760000109672546,0.9760000109672546,0.9760000109672546,527.0
2026-08-05 11:23:00,STIM,,2.244999885559082,2.244999885559082,2.244999885559082,2.244999885559082,389.0
2026-08-05 11:23:00,TARA,,4.013199806213379,4.013199806213379,4.0131001472473145,4.0131001472473145,1114.0
2026-08-05 11:24:00,ACDC,,4.40500020980835,4.40500020980835,4.40500020980835,4.40500020980835,1774.0
2026-08-05 11:24:00,CNXN,,84.44750213623047,84.44750213623047,84.44750213623047,84.44750213623047,1241.0
2026-08-05 11:24:00,CPOP,,0.364300012588501,0.364300012588501,0.364300012588501,0.364300012588501,502.0
2026-08-05 11:24:00,DTIL,,7.449999809265137,7.449999809265137,7.449999809265137,7.449999809265137,1616.0
2026-08-05 11:24:00,EYE,,23.1200008392334,23.139999389648438,23.1200008392334,23.139999389648438,4655.0
2026-08-05 11:24:00,FRST,,16.34000015258789,16.34000015258789,16.34000015258789,16.34000015258789,585.0
2026-08-05 11:24:00,GLUE,,15.84000015258789,15.84000015258789,15.8149995803833,15.8149995803833,1731.0
2026-08-05 11:24:00,LUNG,,1.9098999500274658,1.9098999500274658,1.899999976158142,1.899999976158142,1598.0
2026-08-05 11:24:00,MBRX,,0.41990000009536743,0.41990000009536743,0.4180999994277954,0.4180999994277954,700.0
2026-08-05 11:24:00,MCRI,,124.83000183105469,124.875,124.83000183105469,124.875,2427.0
2026-08-05 11:24:00,MDB,,379.3175048828125,379.5,379.2850036621094,379.489990234375,2009.0
2026-08-05 11:24:00,MDLZ,,61.959999084472656,61.989898681640625,61.93000030517578,61.970001220703125,9911.0
2026-08-05 11:24:00,MLTX,,17.514999389648438,17.514999389648438,17.510000228881836,17.510000228881836,1514.0
2026-08-05 11:24:00,MNST,,94.46499633789062,94.5,94.45999908447266,94.5,2927.0
2026-08-05 11:24:00,MNTS,,4.375,4.375,4.371500015258789,4.371500015258789,2216.0
2026-08-05 11:24:00,MODD,,2.0620999336242676,2.0620999336242676,2.0620999336242676,2.0620999336242676,231.0
2026-08-05 11:24:00,MORN,,199.35000610351562,199.35000610351562,199.35000610351562,199.35000610351562,724.0
2026-08-05 11:24:00,MPWR,,1313.7099609375,1317.199951171875,1313.7099609375,1317.199951171875,700.0
2026-08-05 11:24:00,MRNA,,57.3849983215332,57.44499969482422,57.3849983215332,57.38999938964844,7685.0
2026-08-05 11:24:00,MSGM,,4.46999979019165,4.46999979019165,4.46999979019165,4.46999979019165,800.0
2026-08-05 11:24:00,MYGN,,3.2149999141693115,3.2149999141693115,3.2100000381469727,3.2100000381469727,2054.0
2026-08-05 11:24:00,MYPS,,0.7265999913215637,0.7265999913215637,0.7265999913215637,0.7265999913215637,443.0
2026-08-05 11:24:00,MYRG,,339.260009765625,339.260009765625,339.260009765625,339.260009765625,923.0
2026-08-05 11:24:00,NAMS,,26.6200008392334,26.6200008392334,26.575000762939453,26.575000762939453,1526.0
2026-08-05 11:24:00,NAVI,,9.100000381469727,9.100000381469727,9.095000267028809,9.095000267028809,1297.0
2026-08-05 11:24:00,NB,,5.090000152587891,5.099400043487549,5.085000038146973,5.090000152587891,37518.0
2026-08-05 11:24:00,NBIX,,163.77999877929688,163.77999877929688,163.6699981689453,163.6699981689453,4227.0
2026-08-05 11:24:00,NBTB,,53.42499923706055,53.42499923706055,53.42499923706055,53.42499923706055,205.0
2026-08-05 11:24:00,NCRA,,1.7799999713897705,1.7799999713897705,1.7799999713897705,1.7799999713897705,293.0
2026-08-05 11:24:00,NDAQ,,94.62000274658203,94.6500015258789,94.62000274658203,94.6500015258789,1164.0
2026-08-05 11:24:00,NDSN,,310.2099914550781,310.2099914550781,309.94000244140625,309.9800109863281,599.0
2026-08-05 11:24:00,NEGG,,16.63010025024414,16.63010025024414,16.63010025024414,16.63010025024414,385.0
2026-08-05 11:24:00,NEO,,16.139999389648438,16.139999389648438,16.1299991607666,16.139999389648438,1179.0
2026-08-05 11:24:00,NEOG,,11.585000038146973,11.585000038146973,11.579999923706055,11.579999923706055,3614.0
2026-08-05 11:24:00,NEOV,,2.819999933242798,2.8399999141693115,2.819999933242798,2.8399999141693115,20876.0
2026-08-05 11:24:00,NESR,,28.579999923706055,28.600000381469727,28.579999923706055,28.579999923706055,1174.0
2026-08-05 11:24:00,NEXT,,6.425000190734863,6.429999828338623,6.425000190734863,6.425000190734863,3704.0
2026-08-05 11:24:00,NFE,,0.33709999918937683,0.33709999918937683,0.33709999918937683,0.33709999918937683,106.0
2026-08-05 11:24:00,NFLX,,74.01499938964844,74.02999877929688,73.97000122070312,74.02100372314453,67287.0
2026-08-05 11:24:00,NICE,,96.5999984741211,96.5999984741211,96.5999984741211,96.5999984741211,775.0
2026-08-05 11:24:00,NKTX,,2.174999952316284,2.174999952316284,2.1549999713897705,2.1600000858306885,10828.0
2026-08-05 11:24:00,NMFC,,7.320000171661377,7.320000171661377,7.320000171661377,7.320000171661377,850.0
2026-08-05 11:24:00,NMRA,,1.6100000143051147,1.6100000143051147,1.6100000143051147,1.6100000143051147,1556.0
2026-08-05 11:24:00,NN,,14.3100004196167,14.319999694824219,14.295000076293945,14.3100004196167,6496.0
2026-08-05 11:24:00,NNBR,,3.805000066757202,3.805000066757202,3.799999952316284,3.799999952316284,1211.0
2026-08-05 11:24:00,NNDM,,1.534999966621399,1.534999966621399,1.534999966621399,1.534999966621399,116.0
2026-08-05 11:24:00,NNOX,,1.0149999856948853,1.0149999856948853,1.0149999856948853,1.0149999856948853,117.0
2026-08-05 11:24:00,NOVT,,156.875,156.875,156.86000061035156,156.86000061035156,1550.0
2026-08-05 11:24:00,NRDS,,9.212200164794922,9.212200164794922,9.212200164794922,9.212200164794922,599.0
2026-08-05 11:24:00,NRSN,,0.5200999975204468,0.5200999975204468,0.5200999975204468,0.5200999975204468,244.0
2026-08-05 11:24:00,NRXP,,3.0450000762939453,3.0450000762939453,3.0450000762939453,3.0450000762939453,111.0
2026-08-05 11:24:00,NSSC,,40.29999923706055,40.29999923706055,40.28499984741211,40.28499984741211,326.0
2026-08-05 11:24:00,NTAP,,188.7899932861328,189.02999877929688,188.71499633789062,188.85000610351562,9881.0
2026-08-05 11:24:00,NTCT,,42.06999969482422,42.06999969482422,42.06999969482422,42.06999969482422,138.0
2026-08-05 11:24:00,NTNX,,60.63999938964844,60.63999938964844,60.584999084472656,60.584999084472656,4930.0
2026-08-05 11:24:00,NTRS,,184.05999755859375,184.07000732421875,183.8699951171875,183.9499969482422,5288.0
2026-08-05 11:24:00,NUWE,,1.725000023841858,1.725000023841858,1.725000023841858,1.725000023841858,10310.0
2026-08-05 11:24:00,NVAX,,7.650000095367432,7.65500020980835,7.650000095367432,7.65500020980835,2071.0
2026-08-05 11:24:00,NVCR,,15.9399995803833,15.9399995803833,15.930000305175781,15.930000305175781,1570.0
2026-08-05 11:24:00,NVCT,,20.110000610351562,20.110000610351562,19.969999313354492,19.969999313354492,617.0
2026-08-05 11:24:00,NVDA,,219.0800018310547,219.44400024414062,218.76010131835938,218.85000610351562,322347.0
2026-08-05 11:24:00,NVMI,,409.1650085449219,409.1650085449219,409.1600036621094,409.1600036621094,293.0
2026-08-05 11:24:00,NVTS,,12.489999771118164,12.539999961853027,12.479999542236328,12.5,31778.0
2026-08-05 11:24:00,NWBI,,15.9399995803833,15.944999694824219,15.9399995803833,15.9399995803833,4395.0
2026-08-05 11:24:00,NWL,,6.235000133514404,6.235000133514404,6.21999979019165,6.21999979019165,10407.0
2026-08-05 11:24:00,NWPX,,127.73999786376953,127.73999786376953,127.73999786376953,127.73999786376953,778.0
2026-08-05 11:24:00,NWSA,,28.19499969482422,28.19499969482422,28.19499969482422,28.19499969482422,1388.0
2026-08-05 11:24:00,NXPI,,229.8800048828125,230.50999450683594,229.83999633789062,230.27999877929688,9789.0
2026-08-05 11:24:00,NXST,,191.80999755859375,191.82000732421875,191.6999969482422,191.82000732421875,989.0
2026-08-05 11:24:00,NXT,,98.97000122070312,99.04000091552734,98.93000030517578,99.0,3451.0
2026-08-05 11:24:00,NXTC,,5.150000095367432,5.151800155639648,5.140100002288818,5.140100002288818,872.0
2026-08-05 11:24:00,OBT,,38.599998474121094,38.599998474121094,38.599998474121094,38.599998474121094,532.0
2026-08-05 11:24:00,OCGN,,1.2899999618530273,1.2949999570846558,1.2899999618530273,1.2899999618530273,2007.0
2026-08-05 11:24:00,OCUL,,8.479399681091309,8.479399681091309,8.475000381469727,8.475000381469727,1912.0
2026-08-05 11:24:00,ODD,,15.0600004196167,15.069999694824219,15.0600004196167,15.069999694824219,1139.0
2026-08-05 11:24:00,OESX,,15.410099983215332,15.5,15.399999618530273,15.5,1079.0
2026-08-05 11:24:00,OFIX,,10.640000343322754,10.704999923706055,10.630000114440918,10.704999923706055,4168.0
2026-08-05 11:24:00,OKTA,,148.77499389648438,148.82000732421875,148.67999267578125,148.72000122070312,3146.0
2026-08-05 11:24:00,OLMA,,11.595000267028809,11.595000267028809,11.579999923706055,11.579999923706055,5312.0
2026-08-05 11:24:00,OMH,,0.10939999669790268,0.10939999669790268,0.10939999669790268,0.10939999669790268,11888.0
2026-08-05 11:24:00,ON,,76.96499633789062,77.26000213623047,76.96499633789062,77.18000030517578,112176.0
2026-08-05 11:24:00,ONB,,27.014999389648438,27.024999618530273,27.014999389648438,27.020099639892578,12109.0
2026-08-05 11:24:00,ONDS,,8.79010009765625,8.819999694824219,8.78499984741211,8.800000190734863,88178.0
2026-08-05 11:24:00,ONFO,,0.07410000264644623,0.07500000298023224,0.0731000006198883,0.07500000298023224,132351.0
2026-08-05 11:24:00,OPCH,,23.3799991607666,23.40999984741211,23.3799991607666,23.40999984741211,1442.0
2026-08-05 11:24:00,OPEN,,3.8901000022888184,3.9049999713897705,3.890000104904175,3.9000000953674316,94441.0
2026-08-05 11:24:00,OPXS,,11.967499732971191,11.967499732971191,11.967499732971191,11.967499732971191,639.0
2026-08-05 11:24:00,ORIC,,13.265000343322754,13.279999732971191,13.25,13.254300117492676,23276.0
2026-08-05 11:24:00,ORLY,,92.70999908447266,92.73500061035156,92.69999694824219,92.69999694824219,5614.0
2026-08-05 11:24:00,OSBC,,25.770000457763672,25.774999618530273,25.764999389648438,25.774999618530273,1254.0
2026-08-05 11:24:00,OSPN,,16.6200008392334,16.6200008392334,16.6200008392334,16.6200008392334,1098.0
2026-08-05 11:24:00,OSS,,14.104999542236328,14.119999885559082,14.079999923706055,14.079999923706055,560.0
2026-08-05 11:24:00,OSW,,26.649999618530273,26.649999618530273,26.649999618530273,26.649999618530273,990.0
2026-08-05 11:24:00,OTEX,,25.864999771118164,25.8700008392334,25.854999542236328,25.860000610351562,1493.0
2026-08-05 11:24:00,OTLK,,1.0149999856948853,1.0149999856948853,1.0149999856948853,1.0149999856948853,1484.0
2026-08-05 11:24:00,OVID,,2.615000009536743,2.615000009536743,2.615000009536743,2.615000009536743,505.0
2026-08-05 11:24:00,OXSQ,,1.4900000095367432,1.4900000095367432,1.4850000143051147,1.4850000143051147,395.0
2026-08-05 11:24:00,PAA,,23.2450008392334,23.2450008392334,23.2450008392334,23.2450008392334,435.0
2026-08-05 11:24:00,PAAS,,48.599998474121094,48.625,48.54999923706055,48.54999923706055,16010.0
2026-08-05 11:24:00,PACB,,1.4149999618530273,1.4149999618530273,1.4149999618530273,1.4149999618530273,736.0
2026-08-05 11:24:00,PAGP,,25.145000457763672,25.145000457763672,25.140100479125977,25.140100479125977,544.0
2026-08-05 11:24:00,PALI,,2.0889999866485596,2.0899999141693115,2.0850000381469727,2.0899999141693115,2136.0
2026-08-05 11:24:00,PANW,,366.07501220703125,366.1600036621094,365.9700012207031,365.9800109863281,10350.0
2026-08-05 11:24:00,PATK,,87.42500305175781,87.42500305175781,87.42500305175781,87.42500305175781,1471.0
2026-08-05 11:24:00,PAX,,11.40999984741211,11.40999984741211,11.404999732971191,11.404999732971191,1549.0
2026-08-05 11:24:00,PAYO,,7.130000114440918,7.130000114440918,7.125,7.130000114440918,5011.0
2026-08-05 11:24:00,PAYX,,116.62000274658203,116.66000366210938,116.62000274658203,116.66000366210938,3920.0
2026-08-05 11:24:00,PBYI,,8.0,8.0,7.994999885559082,7.994999885559082,4012.0
2026-08-05 11:24:00,PCAR,,133.32000732421875,133.32000732421875,133.19000244140625,133.19000244140625,1487.0
2026-08-05 11:24:00,PCRX,,24.899999618530273,24.940000534057617,24.889999389648438,24.940000534057617,838.0
2026-08-05 11:24:00,PCT,,6.949999809265137,6.949999809265137,6.934999942779541,6.934999942779541,3269.0
2026-08-05 11:24:00,PCTY,,145.91000366210938,145.91000366210938,145.91000366210938,145.91000366210938,715.0
2026-08-05 11:24:00,PCYO,,10.524999618530273,10.524999618530273,10.524999618530273,10.524999618530273,339.0
2026-08-05 11:24:00,PDD,,91.4800033569336,91.5,91.4800033569336,91.5,5707.0
2026-08-05 11:24:00,PECO,,41.33000183105469,41.33000183105469,41.33000183105469,41.33000183105469,1186.0
2026-08-05 11:24:00,PEGA,,31.65999984741211,31.674999237060547,31.649999618530273,31.649999618530273,2423.0
2026-08-05 11:24:00,PENN,,19.90999984741211,19.920000076293945,19.899999618530273,19.915000915527344,6768.0
2026-08-05 11:24:00,PEP,,138.0399932861328,138.17999267578125,138.0399932861328,138.1699981689453,20241.0
2026-08-05 11:24:00,PEPG,,1.9049999713897705,1.9049999713897705,1.9049999713897705,1.9049999713897705,910.0
2026-08-05 11:24:00,PERI,,9.595000267028809,9.600000381469727,9.550000190734863,9.550000190734863,4928.0
2026-08-05 11:24:00,PESI,,17.750499725341797,17.750499725341797,17.750499725341797,17.750499725341797,278.0
2026-08-05 11:24:00,PFG,,114.1500015258789,114.18000030517578,114.1500015258789,114.18000030517578,743.0
2026-08-05 11:24:00,PGEN,,6.985000133514404,6.9899001121521,6.96999979019165,6.974999904632568,12290.0
2026-08-05 11:24:00,PGY,,21.829999923706055,21.8700008392334,21.829999923706055,21.84000015258789,12147.0
2026-08-05 11:24:00,PHVS,,32.959999084472656,32.959999084472656,32.959999084472656,32.959999084472656,259.0
2026-08-05 11:24:00,PLAB,,32.14500045776367,32.150001525878906,32.130001068115234,32.150001525878906,1970.0
2026-08-05 11:24:00,PLBY,,1.1449999809265137,1.1649999618530273,1.1449999809265137,1.1649999618530273,73306.0
2026-08-05 11:24:00,PLPC,,457.94500732421875,457.94500732421875,457.67999267578125,457.67999267578125,898.0
2026-08-05 11:24:00,PLSE,,36.939998626708984,36.939998626708984,36.755001068115234,36.755001068115234,1166.0
2026-08-05 11:24:00,PLTK,,4.034999847412109,4.034999847412109,4.034999847412109,4.034999847412109,283.0
2026-08-05 11:24:00,PLUG,,2.115000009536743,2.119999885559082,2.109999895095825,2.115000009536743,43654.0
2026-08-05 11:24:00,PMCB,,0.6003999710083008,0.6003999710083008,0.6003999710083008,0.6003999710083008,1305.0
2026-08-05 11:24:00,PNFP,,107.5199966430664,107.54000091552734,107.5199966430664,107.54000091552734,524.0
2026-08-05 11:24:00,PNTG,,38.7599983215332,38.81999969482422,38.72999954223633,38.810001373291016,3143.0
2026-08-05 11:24:00,POET,,8.274999618530273,8.289999961853027,8.270000457763672,8.270000457763672,11433.0
2026-08-05 11:24:00,POWI,,62.0099983215332,62.0099983215332,61.95000076293945,61.9900016784668,1589.0
2026-08-05 11:24:00,POWL,,212.28500366210938,212.68679809570312,212.25,212.28500366210938,918.0
2026-08-05 11:24:00,PPC,,26.6299991607666,26.6299991607666,26.6299991607666,26.6299991607666,497.0
2026-08-05 11:24:00,PPTA,,22.764999389648438,22.77989959716797,22.709999084472656,22.709999084472656,3239.0
2026-08-05 11:24:00,PRAX,,308.760009765625,308.760009765625,308.760009765625,308.760009765625,3125.0
2026-08-05 11:24:00,PRCH,,16.079999923706055,16.079999923706055,16.059999465942383,16.06999969482422,3285.0
2026-08-05 11:24:00,PRCT,,19.079999923706055,19.079999923706055,19.059999465942383,19.059999465942383,2829.0
2026-08-05 11:24:00,PRIM,,85.69499969482422,85.69499969482422,85.44999694824219,85.45999908447266,3745.0
2026-08-05 11:24:00,PROF,,8.09000015258789,8.130000114440918,8.09000015258789,8.130000114440918,1365.0
2026-08-05 11:24:00,PRQR,,1.8899999856948853,1.8899999856948853,1.8899999856948853,1.8899999856948853,931.0
2026-08-05 11:24:00,PRVA,,24.040000915527344,24.040000915527344,24.040000915527344,24.040000915527344,1456.0
2026-08-05 11:24:00,PRZO,,0.5457000136375427,0.5457000136375427,0.5457000136375427,0.5457000136375427,6663.0
2026-08-05 11:24:00,PSEC,,2.184999942779541,2.194999933242798,2.180000066757202,2.190000057220459,279993.0
2026-08-05 11:24:00,PSNL,,13.524999618530273,13.524999618530273,13.5,13.5,1096.0
2026-08-05 11:24:00,PSNY,,14.010000228881836,14.020000457763672,14.0,14.020000457763672,4165.0
2026-08-05 11:24:00,PTC,,140.53500366210938,140.6999969482422,140.53500366210938,140.67999267578125,2364.0
2026-08-05 11:24:00,PTEN,,9.755000114440918,9.760000228881836,9.75,9.755000114440918,39033.0
2026-08-05 11:24:00,PTLO,,4.585000038146973,4.585000038146973,4.579999923706055,4.579999923706055,1484.0
2026-08-05 11:24:00,PTON,,6.539999961853027,6.548900127410889,6.539999961853027,6.5416998863220215,7654.0
2026-08-05 11:24:00,PUBM,,13.664999961853027,13.670000076293945,13.569999694824219,13.569999694824219,16291.0
2026-08-05 11:24:00,PWP,,17.399999618530273,17.399999618530273,17.375,17.375,1420.0
2026-08-05 11:24:00,PYPD,,4.480000019073486,4.480000019073486,4.474999904632568,4.474999904632568,200.0
2026-08-05 11:24:00,PYPL,,58.4900016784668,58.4900016784668,58.415000915527344,58.41999816894531,14802.0
2026-08-05 11:24:00,PZZA,,30.540000915527344,30.540000915527344,30.520000457763672,30.520000457763672,1404.0
2026-08-05 11:24:00,QCOM,,157.5,157.72000122070312,157.42190551757812,157.66000366210938,23145.0
2026-08-05 11:24:00,QFIN,,13.369999885559082,13.369999885559082,13.369999885559082,13.369999885559082,3017.0
2026-08-05 11:24:00,QQQX,,30.545000076293945,30.545000076293945,30.545000076293945,30.545000076293945,800.0
2026-08-05 11:24:00,QRVO,,94.44499969482422,94.44499969482422,94.44499969482422,94.44499969482422,721.0
2026-08-05 11:24:00,STIM,,2.240000009536743,2.244999885559082,2.240000009536743,2.244999885559082,19854.0
2026-08-05 11:25:00,ACDC,,4.40500020980835,4.40500020980835,4.400000095367432,4.400000095367432,1479.0
2026-08-05 11:25:00,EYE,,23.1299991607666,23.1299991607666,23.110000610351562,23.110000610351562,7961.0
2026-08-05 11:25:00,GLUE,,15.800000190734863,15.8100004196167,15.800000190734863,15.8100004196167,2062.0
2026-08-05 11:25:00,LUNG,,1.9149999618530273,1.9149999618530273,1.9149999618530273,1.9149999618530273,762.0
2026-08-05 11:25:00,MBRX,,0.4196000099182129,0.41999998688697815,0.4187000095844269,0.4187000095844269,5299.0
2026-08-05 11:25:00,MDB,,378.5700988769531,379.2900085449219,378.57000732421875,379.0899963378906,3876.0
2026-08-05 11:25:00,MDLZ,,61.939998626708984,61.959999084472656,61.91999816894531,61.939998626708984,5606.0
2026-08-05 11:25:00,MLTX,,17.5,17.5,17.5,17.5,631.0
2026-08-05 11:25:00,MNST,,94.41000366210938,94.44999694824219,94.41000366210938,94.44999694824219,3752.0
2026-08-05 11:25:00,MNTS,,4.380000114440918,4.380000114440918,4.379199981689453,4.379199981689453,677.0
2026-08-05 11:25:00,MOVE,,11.78030014038086,11.78030014038086,11.78030014038086,11.78030014038086,287.0
2026-08-05 11:25:00,MPAA,,14.020000457763672,14.020000457763672,14.020000457763672,14.020000457763672,1026.0
2026-08-05 11:25:00,MPWR,,1316.010009765625,1316.43994140625,1312.760009765625,1312.77001953125,1331.0
2026-08-05 11:25:00,MRNA,,57.290000915527344,57.36000061035156,57.290000915527344,57.349998474121094,9532.0
2026-08-05 11:25:00,MYGN,,3.2149999141693115,3.2149999141693115,3.2149999141693115,3.2149999141693115,2138.0
2026-08-05 11:25:00,NAMS,,26.6299991607666,26.6299991607666,26.604999542236328,26.604999542236328,3277.0
2026-08-05 11:25:00,NAUT,,0.9599999785423279,0.9607999920845032,0.9599999785423279,0.9607999920845032,584.0
2026-08-05 11:25:00,NB,,5.090000152587891,5.090000152587891,5.090000152587891,5.090000152587891,1707.0
2026-08-05 11:25:00,NBTB,,53.41999816894531,53.41999816894531,53.41999816894531,53.41999816894531,305.0
2026-08-05 11:25:00,NDAQ,,94.58000183105469,94.62000274658203,94.55750274658203,94.5999984741211,4177.0
2026-08-05 11:25:00,NDSN,,310.2900085449219,310.2900085449219,310.2900085449219,310.2900085449219,69.0
2026-08-05 11:25:00,NEO,,16.18000030517578,16.190000534057617,16.135000228881836,16.18000030517578,7723.0
2026-08-05 11:25:00,NEOG,,11.585000038146973,11.585000038146973,11.585000038146973,11.585000038146973,2517.0
2026-08-05 11:25:00,NEON,,0.9575999975204468,0.9575999975204468,0.9575999975204468,0.9575999975204468,712.0
2026-08-05 11:25:00,NEOV,,2.815000057220459,2.8299999237060547,2.815000057220459,2.8299999237060547,13538.0
2026-08-05 11:25:00,NESR,,28.559999465942383,28.579999923706055,28.559999465942383,28.579999923706055,3594.0
2026-08-05 11:25:00,NEXT,,6.420000076293945,6.420000076293945,6.414999961853027,6.414999961853027,4261.0
2026-08-05 11:25:00,NFE,,0.3353999853134155,0.3375000059604645,0.3353999853134155,0.33649998903274536,10103.0
2026-08-05 11:25:00,NFLX,,73.9749984741211,74.02999877929688,73.94999694824219,74.01000213623047,32484.0
2026-08-05 11:25:00,NICE,,96.5999984741211,96.5999984741211,96.5999984741211,96.5999984741211,1650.0
2026-08-05 11:25:00,NIU,,2.4800000190734863,2.4800000190734863,2.4800000190734863,2.4800000190734863,1168.0
2026-08-05 11:25:00,NMRK,,15.609999656677246,15.609999656677246,15.609999656677246,15.609999656677246,948.0
2026-08-05 11:25:00,NN,,14.289999961853027,14.300000190734863,14.28499984741211,14.289999961853027,3594.0
2026-08-05 11:25:00,NNBR,,3.809999942779541,3.809999942779541,3.799999952316284,3.799999952316284,1716.0
2026-08-05 11:25:00,NNDM,,1.5312000513076782,1.534999966621399,1.5312000513076782,1.534999966621399,1107.0
2026-08-05 11:25:00,NNOX,,1.0099999904632568,1.0099999904632568,1.0099999904632568,1.0099999904632568,246.0
2026-08-05 11:25:00,NPCE,,13.5600004196167,13.569999694824219,13.5600004196167,13.5600004196167,2210.0
2026-08-05 11:25:00,NRSN,,0.5200999975204468,0.5200999975204468,0.5200999975204468,0.5200999975204468,100.0
2026-08-05 11:25:00,NRXP,,3.0446999073028564,3.0446999073028564,3.0446999073028564,3.0446999073028564,478.0
2026-08-05 11:25:00,NSSC,,40.349998474121094,40.36000061035156,40.332801818847656,40.36000061035156,592.0
2026-08-05 11:25:00,NTAP,,188.64999389648438,188.94000244140625,188.5,188.64999389648438,12793.0
2026-08-05 11:25:00,NTCT,,41.974998474121094,42.064998626708984,41.974998474121094,42.064998626708984,1606.0
2026-08-05 11:25:00,NTES,,127.9749984741211,127.9749984741211,127.9749984741211,127.9749984741211,2020.0
2026-08-05 11:25:00,NTNX,,60.54999923706055,60.630001068115234,60.54999923706055,60.630001068115234,2813.0
2026-08-05 11:25:00,NTRS,,184.05499267578125,184.05999755859375,184.05499267578125,184.05999755859375,1316.0
2026-08-05 11:25:00,NUWE,,1.7000000476837158,1.725000023841858,1.7000000476837158,1.725000023841858,0.0
2026-08-05 11:25:00,NVAX,,7.639999866485596,7.650199890136719,7.639999866485596,7.650199890136719,1220.0
2026-08-05 11:25:00,NVCR,,15.960000038146973,15.960000038146973,15.960000038146973,15.960000038146973,129.0
2026-08-05 11:25:00,NVCT,,20.200000762939453,20.200000762939453,20.139999389648438,20.190000534057617,2470.0
2026-08-05 11:25:00,NVDA,,218.97000122070312,219.10000610351562,218.8249969482422,219.0800018310547,152659.0
2026-08-05 11:25:00,NVMI,,409.4700012207031,409.4700012207031,409.4700012207031,409.4700012207031,687.0
2026-08-05 11:25:00,NVTS,,12.5,12.505000114440918,12.475000381469727,12.484999656677246,30857.0
2026-08-05 11:25:00,NWE,,68.66999816894531,68.66999816894531,68.66999816894531,68.66999816894531,322.0
2026-08-05 11:25:00,NWL,,6.230000019073486,6.235000133514404,6.230000019073486,6.235000133514404,15597.0
2026-08-05 11:25:00,NWS,,32.26499938964844,32.279998779296875,32.2599983215332,32.279998779296875,2015.0
2026-08-05 11:25:00,NWSA,,28.19499969482422,28.209999084472656,28.19499969482422,28.209999084472656,5003.0
2026-08-05 11:25:00,NXGL,,0.41999998688697815,0.41999998688697815,0.41999998688697815,0.41999998688697815,2120.0
2026-08-05 11:25:00,NXPI,,229.82000732421875,229.97000122070312,229.5,229.80999755859375,47779.0
2026-08-05 11:25:00,NXT,,98.80000305175781,98.80000305175781,98.80000305175781,98.80000305175781,501.0
2026-08-05 11:25:00,NXTC,,5.179999828338623,5.179999828338623,5.179999828338623,5.179999828338623,200.0
2026-08-05 11:25:00,OABI,,2.055000066757202,2.055000066757202,2.055000066757202,2.055000066757202,465.0
2026-08-05 11:25:00,OCCI,,2.4649999141693115,2.4649999141693115,2.4649999141693115,2.4649999141693115,200.0
2026-08-05 11:25:00,OCGN,,1.2949999570846558,1.2949999570846558,1.2899999618530273,1.2899999618530273,1197.0
2026-08-05 11:25:00,OCSL,,12.130000114440918,12.130000114440918,12.130000114440918,12.130000114440918,109.0
2026-08-05 11:25:00,ODFL,,214.4949951171875,215.19000244140625,214.31399536132812,215.19000244140625,22907.0
2026-08-05 11:25:00,OESX,,15.399999618530273,15.555000305175781,15.399999618530273,15.555000305175781,1312.0
2026-08-05 11:25:00,OFIX,,10.663900375366211,10.663900375366211,10.663900375366211,10.663900375366211,852.0
2026-08-05 11:25:00,OKTA,,148.3800048828125,148.6300048828125,148.3699951171875,148.6300048828125,3794.0
2026-08-05 11:25:00,OLB,,0.31200000643730164,0.31200000643730164,0.31200000643730164,0.31200000643730164,2476.0
2026-08-05 11:25:00,OLLI,,78.16000366210938,78.16000366210938,78.16000366210938,78.16000366210938,1126.0
2026-08-05 11:25:00,OM,,4.940000057220459,4.940000057220459,4.940000057220459,4.940000057220459,516.0
2026-08-05 11:25:00,OMEX,,0.7426000237464905,0.7426000237464905,0.7426000237464905,0.7426000237464905,223.0
2026-08-05 11:25:00,OMH,,0.11270000040531158,0.11500000208616257,0.10930000245571136,0.10930000245571136,219647.0
2026-08-05 11:25:00,ON,,76.86000061035156,77.04000091552734,76.86000061035156,76.93000030517578,69292.0
2026-08-05 11:25:00,ONB,,27.0049991607666,27.014999389648438,27.0049991607666,27.014999389648438,10639.0
2026-08-05 11:25:00,ONCY,,0.7911999821662903,0.7911999821662903,0.7911999821662903,0.7911999821662903,400.0
2026-08-05 11:25:00,ONDS,,8.807299613952637,8.8149995803833,8.779999732971191,8.795000076293945,146906.0
2026-08-05 11:25:00,ONFO,,0.07490000128746033,0.07490000128746033,0.07289999723434448,0.07410000264644623,43717.0
2026-08-05 11:25:00,OPBK,,15.745599746704102,15.745599746704102,15.734999656677246,15.734999656677246,927.0
2026-08-05 11:25:00,OPCH,,23.399999618530273,23.40999984741211,23.389999389648438,23.399999618530273,6001.0
2026-08-05 11:25:00,OPEN,,3.9000000953674316,3.9000000953674316,3.890000104904175,3.8949999809265137,45728.0
2026-08-05 11:25:00,OPK,,1.315000057220459,1.315000057220459,1.309999942779541,1.309999942779541,2033.0
2026-08-05 11:25:00,OPRX,,6.71999979019165,6.71999979019165,6.690000057220459,6.704999923706055,2115.0
2026-08-05 11:25:00,ORGO,,2.365000009536743,2.365000009536743,2.365000009536743,2.365000009536743,562.0
2026-08-05 11:25:00,ORIC,,13.244999885559082,13.279999732971191,13.220000267028809,13.265000343322754,32659.0
2026-08-05 11:25:00,ORLY,,92.70500183105469,92.73500061035156,92.69999694824219,92.7300033569336,3811.0
2026-08-05 11:25:00,OSBC,,25.774999618530273,25.774999618530273,25.774999618530273,25.774999618530273,502.0
2026-08-05 11:25:00,OSIS,,234.92999267578125,234.92999267578125,234.92999267578125,234.92999267578125,107.0
2026-08-05 11:25:00,OSPN,,16.559999465942383,16.559999465942383,16.559999465942383,16.559999465942383,395.0
2026-08-05 11:25:00,OSS,,14.119999885559082,14.119999885559082,14.119999885559082,14.119999885559082,412.0
2026-08-05 11:25:00,OTEX,,25.834999084472656,25.860000610351562,25.834999084472656,25.860000610351562,4658.0
2026-08-05 11:25:00,OTTR,,92.61000061035156,92.61000061035156,92.61000061035156,92.61000061035156,397.0
2026-08-05 11:25:00,OVID,,2.619999885559082,2.619999885559082,2.619999885559082,2.619999885559082,124.0
2026-08-05 11:25:00,OXSQ,,1.4800000190734863,1.4800000190734863,1.4800000190734863,1.4800000190734863,445.0
2026-08-05 11:25:00,PAA,,23.235000610351562,23.25,23.235000610351562,23.2450008392334,9170.0
2026-08-05 11:25:00,PAAS,,48.599998474121094,48.63999938964844,48.58000183105469,48.59000015258789,13884.0
2026-08-05 11:25:00,PACB,,1.4149999618530273,1.4149999618530273,1.4149999618530273,1.4149999618530273,875.0
2026-08-05 11:25:00,PAGP,,25.145000457763672,25.145000457763672,25.145000457763672,25.145000457763672,414.0
2026-08-05 11:25:00,PALI,,2.0899999141693115,2.0899999141693115,2.0899999141693115,2.0899999141693115,1175.0
2026-08-05 11:25:00,PANW,,365.51251220703125,366.0425109863281,365.3599853515625,365.8500061035156,12488.0
2026-08-05 11:25:00,PAX,,11.399999618530273,11.420000076293945,11.399999618530273,11.414999961853027,11604.0
2026-08-05 11:25:00,PAYO,,7.130000114440918,7.130000114440918,7.130000114440918,7.130000114440918,618.0
2026-08-05 11:25:00,PAYS,,9.1899995803833,9.1899995803833,9.1899995803833,9.1899995803833,263.0
2026-08-05 11:25:00,PAYX,,116.54499816894531,116.625,116.54499816894531,116.625,2813.0
2026-08-05 11:25:00,PCAR,,133.32000732421875,133.32000732421875,133.27000427246094,133.2899932861328,5686.0
2026-08-05 11:25:00,PCB,,28.149999618530273,28.149999618530273,28.1299991607666,28.1299991607666,701.0
2026-08-05 11:25:00,PCRX,,24.969999313354492,24.969999313354492,24.959999084472656,24.959999084472656,3045.0
2026-08-05 11:25:00,PCT,,6.940000057220459,6.948999881744385,6.939899921417236,6.940000057220459,3142.0
2026-08-05 11:25:00,PCTY,,145.75,146.2050018310547,145.75,146.2050018310547,891.0
2026-08-05 11:25:00,PDD,,91.41500091552734,91.4800033569336,91.41500091552734,91.47000122070312,5472.0
2026-08-05 11:25:00,PDSB,,0.7105000019073486,0.7105000019073486,0.7105000019073486,0.7105000019073486,121.0
2026-08-05 11:25:00,PEBO,,41.59000015258789,41.59000015258789,41.59000015258789,41.59000015258789,486.0
2026-08-05 11:25:00,PEGA,,31.625,31.655000686645508,31.610000610351562,31.655000686645508,1347.0
2026-08-05 11:25:00,PENN,,19.915000915527344,19.920000076293945,19.899999618530273,19.920000076293945,25245.0
2026-08-05 11:25:00,PEP,,137.99000549316406,138.0749969482422,137.97999572753906,138.0399932861328,31847.0
2026-08-05 11:25:00,PERI,,9.604999542236328,9.609999656677246,9.600000381469727,9.600000381469727,1064.0
2026-08-05 11:25:00,PFG,,113.91999816894531,114.20999908447266,113.91999816894531,114.1050033569336,1730.0
2026-08-05 11:25:00,PGEN,,6.980000019073486,6.988900184631348,6.954999923706055,6.988900184631348,38012.0
2026-08-05 11:25:00,PGNY,,31.582500457763672,31.59000015258789,31.582500457763672,31.59000015258789,877.0
2026-08-05 11:25:00,PGY,,21.81999969482422,21.84000015258789,21.809999465942383,21.81999969482422,3093.0
2026-08-05 11:25:00,PHAT,,8.479999542236328,8.479999542236328,8.479999542236328,8.479999542236328,1486.0
2026-08-05 11:25:00,PLAB,,32.13999938964844,32.13999938964844,32.09000015258789,32.119998931884766,1862.0
2026-08-05 11:25:00,PLPC,,455.67498779296875,457.75,455.67498779296875,457.75,1242.0
2026-08-05 11:25:00,PLRX,,1.0499999523162842,1.0499999523162842,1.0499999523162842,1.0499999523162842,4651.0
2026-08-05 11:25:00,PLTK,,4.034999847412109,4.034999847412109,4.034999847412109,4.034999847412109,323.0
2026-08-05 11:25:00,PLUG,,2.1050000190734863,2.115000009536743,2.0999999046325684,2.1131999492645264,601701.0
2026-08-05 11:25:00,PNBK,,1.1449999809265137,1.1449999809265137,1.1449999809265137,1.1449999809265137,108.0
2026-08-05 11:25:00,POCI,,4.25,4.25,4.25,4.25,729.0
2026-08-05 11:25:00,POET,,8.289999961853027,8.289999961853027,8.260000228881836,8.260000228881836,10900.0
2026-08-05 11:25:00,POWI,,61.869998931884766,61.869998931884766,61.86000061035156,61.86000061035156,382.0
2026-08-05 11:25:00,POWL,,211.8300018310547,212.02999877929688,211.6699981689453,212.02999877929688,1098.0
2026-08-05 11:25:00,PPIH,,25.93000030517578,25.93000030517578,25.93000030517578,25.93000030517578,742.0
2026-08-05 11:25:00,PPTA,,22.760000228881836,22.760000228881836,22.735000610351562,22.735000610351562,2150.0
2026-08-05 11:25:00,PRAX,,308.75,308.75,308.75,308.75,218.0
2026-08-05 11:25:00,PRCH,,16.06999969482422,16.06999969482422,16.06999969482422,16.06999969482422,551.0
2026-08-05 11:25:00,PRCT,,19.09000015258789,19.09000015258789,19.065000534057617,19.065000534057617,1635.0
2026-08-05 11:25:00,PRIM,,85.65499877929688,85.73500061035156,85.41999816894531,85.69499969482422,3451.0
2026-08-05 11:25:00,PRLD,,4.510000228881836,4.519999980926514,4.510000228881836,4.519999980926514,625.0
2026-08-05 11:25:00,PRME,,2.9600000381469727,2.9600000381469727,2.950000047683716,2.9549999237060547,21419.0
2026-08-05 11:25:00,PROK,,1.6200000047683716,1.6200000047683716,1.6200000047683716,1.6200000047683716,2406.0
2026-08-05 11:25:00,PRTA,,8.520000457763672,8.520000457763672,8.520000457763672,8.520000457763672,293.0
2026-08-05 11:25:00,PRZO,,0.545799970626831,0.545799970626831,0.5457000136375427,0.5457000136375427,0.0
2026-08-05 11:25:00,PSEC,,2.184999942779541,2.184999942779541,2.184999942779541,2.184999942779541,5568.0
2026-08-05 11:25:00,PSNL,,13.510000228881836,13.510000228881836,13.510000228881836,13.510000228881836,546.0
2026-08-05 11:25:00,PTC,,140.4149932861328,140.5,140.4149932861328,140.5,2700.0
2026-08-05 11:25:00,PTEN,,9.755000114440918,9.755000114440918,9.75,9.75,6041.0
2026-08-05 11:25:00,PTLO,,4.590000152587891,4.590000152587891,4.590000152587891,4.590000152587891,762.0
2026-08-05 11:25:00,PTON,,6.545000076293945,6.545000076293945,6.539999961853027,6.545000076293945,2533.0
2026-08-05 11:25:00,PUBM,,13.640000343322754,13.640000343322754,13.640000343322754,13.640000343322754,375.0
2026-08-05 11:25:00,PWP,,17.389999389648438,17.389999389648438,17.375,17.375,1142.0
2026-08-05 11:25:00,PYPL,,58.459999084472656,58.51499938964844,58.45000076293945,58.494998931884766,28069.0
2026-08-05 11:25:00,PYXS,,3.151099920272827,3.151099920272827,3.151099920272827,3.151099920272827,226.0
2026-08-05 11:25:00,PZZA,,30.520000457763672,30.54990005493164,30.520000457763672,30.54990005493164,3596.0
2026-08-05 11:25:00,QCOM,,157.35079956054688,157.5800018310547,157.30999755859375,157.5,16718.0
2026-08-05 11:25:00,QCRH,,105.0250015258789,105.0250015258789,105.0250015258789,105.0250015258789,611.0
2026-08-05 11:25:00,QQQX,,30.489999771118164,30.489999771118164,30.489999771118164,30.489999771118164,200.0
2026-08-05 11:25:00,QRVO,,94.51000213623047,94.51000213623047,94.43499755859375,94.43499755859375,557.0
2026-08-05 11:25:00,SEED,,0.9812999963760376,0.9812999963760376,0.9750000238418579,0.9750000238418579,4391.0
2026-08-05 11:25:00,STIM,,2.240000009536743,2.240000009536743,2.240000009536743,2.240000009536743,1001.0
2026-08-05 11:26:00,ACDC,,4.385000228881836,4.394999980926514,4.385000228881836,4.394999980926514,3956.0
2026-08-05 11:26:00,CASH,,89.19999694824219,89.19999694824219,89.12999725341797,89.16000366210938,2061.0
2026-08-05 11:26:00,CPOP,,0.3643999993801117,0.3643999993801117,0.3643999993801117,0.3643999993801117,1809.0
2026-08-05 11:26:00,EYE,,23.155000686645508,23.155000686645508,23.135000228881836,23.135000228881836,16315.0
2026-08-05 11:26:00,GLUE,,15.824999809265137,15.824999809265137,15.824999809265137,15.824999809265137,202.0
2026-08-05 11:26:00,KIDS,,20.719999313354492,20.84000015258789,20.719999313354492,20.84000015258789,1466.0
2026-08-05 11:26:00,MBRX,,0.4187000095844269,0.4196000099182129,0.4187000095844269,0.4196000099182129,9372.0
2026-08-05 11:26:00,MDB,,378.4949951171875,378.6700134277344,378.4100036621094,378.4949951171875,1915.0
2026-08-05 11:26:00,MDLZ,,61.9734992980957,61.97990036010742,61.93000030517578,61.93000030517578,16388.0
2026-08-05 11:26:00,MNRO,,13.130000114440918,13.130000114440918,13.119999885559082,13.119999885559082,1718.0
2026-08-05 11:26:00,MNST,,94.45999908447266,94.45999908447266,94.41000366210938,94.41999816894531,4288.0
2026-08-05 11:26:00,MPWR,,1313.050048828125,1314.77001953125,1313.0,1314.77001953125,930.0
2026-08-05 11:26:00,MRNA,,57.400001525878906,57.45000076293945,57.32500076293945,57.32500076293945,9433.0
2026-08-05 11:26:00,MYGN,,3.2149999141693115,3.2149999141693115,3.2149999141693115,3.2149999141693115,1332.0
2026-08-05 11:26:00,MYPS,,0.7235999703407288,0.7235999703407288,0.7235999703407288,0.7235999703407288,156.0
2026-08-05 11:26:00,NAUT,,0.9603999853134155,0.9603999853134155,0.9603999853134155,0.9603999853134155,111.0
2026-08-05 11:26:00,NAVI,,9.114999771118164,9.114999771118164,9.100000381469727,9.100000381469727,6207.0
2026-08-05 11:26:00,NB,,5.065000057220459,5.085000038146973,5.065000057220459,5.085000038146973,37367.0
2026-08-05 11:26:00,NCMI,,4.099999904632568,4.099999904632568,4.09499979019165,4.09499979019165,2176.0
2026-08-05 11:26:00,NDAQ,,94.62000274658203,94.62000274658203,94.61000061035156,94.61000061035156,1297.0
2026-08-05 11:26:00,NDSN,,310.44000244140625,310.44000244140625,310.4200134277344,310.4200134277344,1061.0
2026-08-05 11:26:00,NEO,,16.139999389648438,16.18000030517578,16.139999389648438,16.170000076293945,2888.0
2026-08-05 11:26:00,NEOG,,11.585000038146973,11.585000038146973,11.579999923706055,11.579999923706055,2363.0
2026-08-05 11:26:00,NEON,,0.9599000215530396,0.9599000215530396,0.9599000215530396,0.9599000215530396,2121.0
2026-08-05 11:26:00,NEOV,,2.819999933242798,2.819999933242798,2.819999933242798,2.819999933242798,10108.0
2026-08-05 11:26:00,NFE,,0.33649998903274536,0.33649998903274536,0.33649998903274536,0.33649998903274536,282.0
2026-08-05 11:26:00,NFLX,,74.01000213623047,74.04000091552734,73.97000122070312,73.98819732666016,71677.0
2026-08-05 11:26:00,NICE,,96.62999725341797,96.79080200195312,96.62999725341797,96.79080200195312,1561.0
2026-08-05 11:26:00,NMIH,,44.4900016784668,44.4900016784668,44.4900016784668,44.4900016784668,598.0
2026-08-05 11:26:00,NN,,14.283499717712402,14.300000190734863,14.283499717712402,14.300000190734863,4964.0
2026-08-05 11:26:00,NNDM,,1.5399999618530273,1.5449999570846558,1.534999966621399,1.534999966621399,42141.0
2026-08-05 11:26:00,NOVT,,157.0,157.0,157.0,157.0,1837.0
2026-08-05 11:26:00,NRSN,,0.5296000242233276,0.5296000242233276,0.5296000242233276,0.5296000242233276,200.0
2026-08-05 11:26:00,NSSC,,40.377601623535156,40.377601623535156,40.349998474121094,40.349998474121094,1570.0
2026-08-05 11:26:00,NTAP,,188.6300048828125,188.64999389648438,188.6300048828125,188.64999389648438,2240.0
2026-08-05 11:26:00,NTNX,,60.54499816894531,60.54499816894531,60.540000915527344,60.540000915527344,1884.0
2026-08-05 11:26:00,NTRA,,275.9549865722656,275.9549865722656,275.9549865722656,275.9549865722656,211.0
2026-08-05 11:26:00,NTRS,,183.83999633789062,183.83999633789062,183.83999633789062,183.83999633789062,1459.0
2026-08-05 11:26:00,NUWE,,1.7000000476837158,1.715000033378601,1.7000000476837158,1.715000033378601,2478.0
2026-08-05 11:26:00,NVAX,,7.650000095367432,7.650000095367432,7.649899959564209,7.650000095367432,3716.0
2026-08-05 11:26:00,NVCR,,15.930000305175781,15.960000038146973,15.930000305175781,15.9399995803833,5324.0
2026-08-05 11:26:00,NVDA,,219.14999389648438,219.2100067138672,218.9199981689453,218.97999572753906,193511.0
2026-08-05 11:26:00,NVTS,,12.479999542236328,12.494999885559082,12.479999542236328,12.494999885559082,18955.0
2026-08-05 11:26:00,NWBI,,15.944999694824219,15.944999694824219,15.9399995803833,15.9399995803833,4871.0
2026-08-05 11:26:00,NWE,,68.625,68.625,68.625,68.625,485.0
2026-08-05 11:26:00,NWL,,6.230000019073486,6.244999885559082,6.21999979019165,6.231100082397461,32655.0
2026-08-05 11:26:00,NWSA,,28.219999313354492,28.219999313354492,28.19499969482422,28.19499969482422,3372.0
2026-08-05 11:26:00,NXPI,,229.85000610351562,229.85000610351562,229.5800018310547,229.75999450683594,6633.0
2026-08-05 11:26:00,NXST,,192.58999633789062,192.58999633789062,191.9774932861328,192.0500030517578,3778.0
2026-08-05 11:26:00,NXT,,98.88999938964844,98.91999816894531,98.8499984741211,98.8949966430664,4317.0
2026-08-05 11:26:00,NXTC,,5.192599773406982,5.192599773406982,5.139999866485596,5.139999866485596,300.0
2026-08-05 11:26:00,OCCI,,2.4649999141693115,2.4649999141693115,2.4649999141693115,2.4649999141693115,3503.0
2026-08-05 11:26:00,OCFC,,19.764999389648438,19.764999389648438,19.760000228881836,19.760000228881836,1760.0
2026-08-05 11:26:00,OCG,,1.690000057220459,1.690000057220459,1.690000057220459,1.690000057220459,237.0
2026-08-05 11:26:00,OCGN,,1.2899999618530273,1.2899999618530273,1.2899999618530273,1.2899999618530273,849.0
2026-08-05 11:26:00,OCS,,11.899999618530273,11.949999809265137,11.899999618530273,11.949999809265137,538.0
2026-08-05 11:26:00,OCSL,,12.121999740600586,12.130000114440918,12.121999740600586,12.130000114440918,1385.0
2026-08-05 11:26:00,OCUL,,8.479999542236328,8.479999542236328,8.479999542236328,8.479999542236328,1655.0
2026-08-05 11:26:00,ODD,,15.09000015258789,15.09000015258789,15.09000015258789,15.09000015258789,251.0
2026-08-05 11:26:00,ODFL,,214.5050048828125,214.64999389648438,214.35000610351562,214.4499969482422,21260.0
2026-08-05 11:26:00,OESX,,15.550000190734863,15.550000190734863,15.5,15.5,6165.0
2026-08-05 11:26:00,OGI,,0.9611999988555908,0.9611999988555908,0.9563999772071838,0.9563999772071838,2324.0
2026-08-05 11:26:00,OKTA,,148.32000732421875,148.32000732421875,148.30999755859375,148.30999755859375,804.0
2026-08-05 11:26:00,OLLI,,78.24479675292969,78.24479675292969,78.22000122070312,78.22000122070312,1775.0
2026-08-05 11:26:00,OMCL,,37.150001525878906,37.20000076293945,37.150001525878906,37.20000076293945,1410.0
2026-08-05 11:26:00,OMER,,12.770000457763672,12.779899597167969,12.739999771118164,12.739999771118164,3709.0
2026-08-05 11:26:00,OMH,,0.11379999667406082,0.11490000039339066,0.11270000040531158,0.1128000020980835,42637.0
2026-08-05 11:26:00,ON,,76.98999786376953,76.98999786376953,76.81999969482422,76.86000061035156,29907.0
2026-08-05 11:26:00,ONB,,27.010000228881836,27.010000228881836,27.000099182128906,27.002199172973633,5682.0
2026-08-05 11:26:00,ONCY,,0.7911999821662903,0.7919999957084656,0.7911999821662903,0.7919999957084656,3567.0
2026-08-05 11:26:00,ONDS,,8.805000305175781,8.815099716186523,8.800000190734863,8.805000305175781,109507.0
2026-08-05 11:26:00,ONFO,,0.07559999823570251,0.07559999823570251,0.0737999975681305,0.0737999975681305,177745.0
2026-08-05 11:26:00,OPBK,,15.795000076293945,15.795000076293945,15.734999656677246,15.734999656677246,788.0
2026-08-05 11:26:00,OPCH,,23.389999389648438,23.399999618530273,23.389999389648438,23.399999618530273,1377.0
2026-08-05 11:26:00,OPEN,,3.8949999809265137,3.9000000953674316,3.890000104904175,3.8949999809265137,93113.0
2026-08-05 11:26:00,OPHC,,8.550000190734863,8.550000190734863,8.550000190734863,8.550000190734863,230.0
2026-08-05 11:26:00,OPK,,1.309999942779541,1.3114999532699585,1.309999942779541,1.3114999532699585,2801.0
2026-08-05 11:26:00,OPRA,,20.079999923706055,20.079999923706055,20.079999923706055,20.079999923706055,638.0
2026-08-05 11:26:00,ORGO,,2.365000009536743,2.365000009536743,2.365000009536743,2.365000009536743,115.0
2026-08-05 11:26:00,ORIC,,13.270000457763672,13.270000457763672,13.244999885559082,13.244999885559082,4250.0
2026-08-05 11:26:00,ORLY,,92.77999877929688,92.77999877929688,92.72000122070312,92.72000122070312,6187.0
2026-08-05 11:26:00,OSBC,,25.780000686645508,25.780000686645508,25.780000686645508,25.780000686645508,1888.0
2026-08-05 11:26:00,OSPN,,16.559999465942383,16.559999465942383,16.559999465942383,16.559999465942383,429.0
2026-08-05 11:26:00,OTEX,,25.84000015258789,25.84000015258789,25.834999084472656,25.834999084472656,1507.0
2026-08-05 11:26:00,OTLK,,1.0196000337600708,1.0199999809265137,1.0149999856948853,1.0149999856948853,1549.0
2026-08-05 11:26:00,OVID,,2.619999885559082,2.619999885559082,2.615000009536743,2.615000009536743,1865.0
2026-08-05 11:26:00,OXSQ,,1.4800000190734863,1.4800000190734863,1.4800000190734863,1.4800000190734863,702.0
2026-08-05 11:26:00,PAA,,23.225000381469727,23.235000610351562,23.225000381469727,23.235000610351562,5457.0
2026-08-05 11:26:00,PAAS,,48.61000061035156,48.619998931884766,48.58000183105469,48.59320068359375,5820.0
2026-08-05 11:26:00,PACB,,1.4149999618530273,1.4199999570846558,1.409999966621399,1.409999966621399,2740.0
2026-08-05 11:26:00,PAGP,,25.139999389648438,25.139999389648438,25.139999389648438,25.139999389648438,858.0
2026-08-05 11:26:00,PALI,,2.0899999141693115,2.0899999141693115,2.0899999141693115,2.0899999141693115,1015.0
2026-08-05 11:26:00,PANL,,7.295000076293945,7.295000076293945,7.289999961853027,7.289999961853027,883.0
2026-08-05 11:26:00,PANW,,365.5,365.57000732421875,365.1600036621094,365.3399963378906,9392.0
2026-08-05 11:26:00,PAX,,11.40999984741211,11.40999984741211,11.39840030670166,11.39840030670166,1784.0
2026-08-05 11:26:00,PAYS,,9.18280029296875,9.18280029296875,9.18280029296875,9.18280029296875,2000.0
2026-08-05 11:26:00,PAYX,,116.55999755859375,116.59750366210938,116.54000091552734,116.58999633789062,8507.0
2026-08-05 11:26:00,PCAR,,133.30999755859375,133.30999755859375,133.30499267578125,133.30999755859375,1960.0
2026-08-05 11:26:00,PCRX,,25.079999923706055,25.079999923706055,25.079999923706055,25.079999923706055,192.0
2026-08-05 11:26:00,PCT,,6.934999942779541,6.93779993057251,6.934999942779541,6.934999942779541,966.0
2026-08-05 11:26:00,PCTY,,145.81500244140625,145.81500244140625,145.57000732421875,145.57000732421875,718.0
2026-08-05 11:26:00,PDD,,91.44740295410156,91.49500274658203,91.41000366210938,91.41000366210938,18466.0
2026-08-05 11:26:00,PDSB,,0.7078999876976013,0.7078999876976013,0.7050999999046326,0.7052000164985657,3470.0
2026-08-05 11:26:00,PECO,,41.349998474121094,41.349998474121094,41.349998474121094,41.349998474121094,3052.0
2026-08-05 11:26:00,PEGA,,31.639999389648438,31.639999389648438,31.639999389648438,31.639999389648438,704.0
2026-08-05 11:26:00,PENN,,19.920000076293945,19.920000076293945,19.915000915527344,19.920000076293945,1848.0
2026-08-05 11:26:00,PEP,,138.0800018310547,138.0800018310547,137.97999572753906,138.0,15231.0
2026-08-05 11:26:00,PEPG,,1.9049999713897705,1.9049999713897705,1.9049999713897705,1.9049999713897705,372.0
2026-08-05 11:26:00,PERI,,9.59000015258789,9.59000015258789,9.59000015258789,9.59000015258789,246.0
2026-08-05 11:26:00,PFG,,114.06500244140625,114.08000183105469,113.94000244140625,113.94000244140625,3050.0
2026-08-05 11:26:00,PGEN,,6.975599765777588,6.994999885559082,6.954999923706055,6.985000133514404,53702.0
2026-08-05 11:26:00,PGY,,21.825000762939453,21.825000762939453,21.81999969482422,21.81999969482422,1138.0
2026-08-05 11:26:00,PHAT,,8.484999656677246,8.484999656677246,8.484999656677246,8.484999656677246,754.0
2026-08-05 11:26:00,PHUN,,2.1649999618530273,2.169100046157837,2.1649999618530273,2.169100046157837,2227.0
2026-08-05 11:26:00,PHVS,,32.84000015258789,32.84000015258789,32.84000015258789,32.84000015258789,237.0
2026-08-05 11:26:00,PLAB,,32.15999984741211,32.15999984741211,32.1150016784668,32.1150016784668,706.0
2026-08-05 11:26:00,PLBY,,1.1449999809265137,1.1449999809265137,1.1449999809265137,1.1449999809265137,1820.0
2026-08-05 11:26:00,PLPC,,455.239990234375,455.239990234375,455.114990234375,455.114990234375,316.0
2026-08-05 11:26:00,PLSE,,36.577701568603516,36.577701568603516,36.577701568603516,36.577701568603516,711.0
2026-08-05 11:26:00,PLTK,,4.025000095367432,4.03000020980835,4.025000095367432,4.03000020980835,6196.0
2026-08-05 11:26:00,PLUG,,2.109800100326538,2.109800100326538,2.0999999046325684,2.1001999378204346,156448.0
2026-08-05 11:26:00,PLXS,,274.0,274.0,273.9750061035156,273.9750061035156,505.0
2026-08-05 11:26:00,PNFP,,107.61000061035156,107.61000061035156,107.51000213623047,107.54000091552734,954.0
2026-08-05 11:26:00,PNTG,,38.709999084472656,38.709999084472656,38.709999084472656,38.709999084472656,607.0
2026-08-05 11:26:00,POET,,8.28499984741211,8.289999961853027,8.28499984741211,8.28499984741211,4372.0
2026-08-05 11:26:00,POOL,,204.51499938964844,204.72000122070312,204.1699981689453,204.1699981689453,3059.0
2026-08-05 11:26:00,POWL,,211.1999969482422,211.8300018310547,211.1999969482422,211.8300018310547,1203.0
2026-08-05 11:26:00,PPC,,26.6200008392334,26.6200008392334,26.614999771118164,26.614999771118164,2713.0
2026-08-05 11:26:00,PPTA,,22.729999542236328,22.7549991607666,22.726200103759766,22.75,3763.0
2026-08-05 11:26:00,PRAA,,17.354999542236328,17.354999542236328,17.354999542236328,17.354999542236328,535.0
2026-08-05 11:26:00,PRAX,,308.8125,309.739990234375,308.7449951171875,309.5400085449219,1070.0
2026-08-05 11:26:00,PRCH,,16.040199279785156,16.040199279785156,16.040199279785156,16.040199279785156,4291.0
2026-08-05 11:26:00,PRCT,,19.100000381469727,19.100000381469727,19.068300247192383,19.079999923706055,2190.0
2026-08-05 11:26:00,PRGS,,42.040000915527344,42.040000915527344,42.040000915527344,42.040000915527344,864.0
2026-08-05 11:26:00,PRIM,,85.81999969482422,85.81999969482422,85.7300033569336,85.7300033569336,1612.0
2026-08-05 11:26:00,PRME,,2.9549999237060547,2.958899974822998,2.9500999450683594,2.958899974822998,1567.0
2026-08-05 11:26:00,PROK,,1.6200000047683716,1.6200000047683716,1.6200000047683716,1.6200000047683716,11749.0
2026-08-05 11:26:00,PRQR,,1.8949999809265137,1.8991999626159668,1.8949999809265137,1.8949999809265137,1226.0
2026-08-05 11:26:00,PRSO,,0.6996999979019165,0.6996999979019165,0.6996999979019165,0.6996999979019165,2163.0
2026-08-05 11:26:00,PRTA,,8.539999961853027,8.539999961853027,8.529999732971191,8.529999732971191,1552.0
2026-08-05 11:26:00,PRVA,,24.049999237060547,24.049999237060547,24.049999237060547,24.049999237060547,201.0
2026-08-05 11:26:00,PSEC,,2.184999942779541,2.184999942779541,2.180000066757202,2.184999942779541,94638.0
2026-08-05 11:26:00,PSMT,,193.47000122070312,193.47000122070312,193.47000122070312,193.47000122070312,2704.0
2026-08-05 11:26:00,PSNL,,13.5,13.520000457763672,13.5,13.520000457763672,770.0
2026-08-05 11:26:00,PTCT,,68.81999969482422,68.83000183105469,68.71499633789062,68.7249984741211,3896.0
2026-08-05 11:26:00,PTEN,,9.755000114440918,9.760000228881836,9.75,9.755000114440918,10395.0
2026-08-05 11:26:00,PTON,,6.544099807739258,6.550000190734863,6.544099807739258,6.545000076293945,4675.0
2026-08-05 11:26:00,PUBM,,13.664999961853027,13.664999961853027,13.664999961853027,13.664999961853027,1499.0
2026-08-05 11:26:00,PYPD,,4.46999979019165,4.474999904632568,4.46999979019165,4.474999904632568,354.0
2026-08-05 11:26:00,PYPL,,58.37139892578125,58.48500061035156,58.37139892578125,58.46500015258789,33437.0
2026-08-05 11:26:00,PZZA,,30.565000534057617,30.565000534057617,30.53499984741211,30.53499984741211,776.0
2026-08-05 11:26:00,QCOM,,157.49000549316406,157.49000549316406,157.1999969482422,157.3000030517578,20264.0
2026-08-05 11:26:00,QFIN,,13.369999885559082,13.369999885559082,13.369999885559082,13.369999885559082,102.0
2026-08-05 11:26:00,QQQX,,30.54599952697754,30.54599952697754,30.54599952697754,30.54599952697754,150.0
2026-08-05 11:26:00,QRVO,,94.47000122070312,94.4800033569336,94.47000122070312,94.4800033569336,581.0
2026-08-05 11:26:00,SEED,,0.9871000051498413,0.9871000051498413,0.9815000295639038,0.9815000295639038,915.0
2026-08-05 11:26:00,STIM,,2.231800079345703,2.231800079345703,2.231800079345703,2.231800079345703,211.0
2026-08-05 11:26:00,TARA,,4.014999866485596,4.014999866485596,4.014999866485596,4.014999866485596,538.0
2026-08-05 11:26:00,WOOF,,2.9200000762939453,2.924999952316284,2.9200000762939453,2.924999952316284,1733.0
2026-08-05 11:27:00,ACDC,,4.375,4.385000228881836,4.375,4.385000228881836,2123.0
2026-08-05 11:27:00,BPOP,,177.39999389648438,177.53990173339844,177.39999389648438,177.53990173339844,393.0
2026-08-05 11:27:00,EYE,,23.170000076293945,23.170000076293945,23.170000076293945,23.170000076293945,700.0
2026-08-05 11:27:00,GLUE,,15.869999885559082,15.869999885559082,15.824999809265137,15.824999809265137,2633.0
2026-08-05 11:27:00,MBRX,,0.4187000095844269,0.4187000095844269,0.41600000858306885,0.41600000858306885,9759.0
2026-08-05 11:27:00,MDB,,377.44000244140625,378.3599853515625,377.44000244140625,378.3599853515625,3994.0
2026-08-05 11:27:00,MDLZ,,61.974998474121094,61.9900016784668,61.96500015258789,61.970001220703125,5873.0
2026-08-05 11:27:00,MLTX,,17.530000686645508,17.540000915527344,17.530000686645508,17.540000915527344,800.0
2026-08-05 11:27:00,MNST,,94.51499938964844,94.51499938964844,94.44999694824219,94.44999694824219,5442.0
2026-08-05 11:27:00,MNTS,,4.380000114440918,4.380000114440918,4.360000133514404,4.380000114440918,1299.0
2026-08-05 11:27:00,MOVE,,11.720000267028809,11.720000267028809,11.720000267028809,11.720000267028809,406.0
2026-08-05 11:27:00,MPWR,,1313.9300537109375,1314.5699462890625,1312.7349853515625,1313.050048828125,1220.0
2026-08-05 11:27:00,MRNA,,57.45249938964844,57.5099983215332,57.404998779296875,57.439998626708984,6754.0
2026-08-05 11:27:00,MYGN,,3.2149999141693115,3.2149999141693115,3.2149999141693115,3.2149999141693115,663.0
2026-08-05 11:27:00,MYPS,,0.7235999703407288,0.7235999703407288,0.7235999703407288,0.7235999703407288,439.0
2026-08-05 11:27:00,MYRG,,339.1400146484375,339.1400146484375,339.1400146484375,339.1400146484375,263.0
2026-08-05 11:27:00,NAMS,,26.68000030517578,26.68000030517578,26.68000030517578,26.68000030517578,466.0
2026-08-05 11:27:00,NAUT,,0.9552000164985657,0.9605000019073486,0.9501000046730042,0.9603999853134155,41743.0
2026-08-05 11:27:00,NB,,5.054999828338623,5.061999797821045,5.050000190734863,5.061999797821045,3768.0
2026-08-05 11:27:00,NBIX,,163.85000610351562,163.85000610351562,163.77999877929688,163.77999877929688,2633.0
2026-08-05 11:27:00,NDAQ,,94.58000183105469,94.6500015258789,94.58000183105469,94.61499786376953,4249.0
2026-08-05 11:27:00,NEO,,16.149999618530273,16.15999984741211,16.1299991607666,16.139999389648438,3886.0
2026-08-05 11:27:00,NEOG,,11.585000038146973,11.585000038146973,11.579999923706055,11.585000038146973,6675.0
2026-08-05 11:27:00,NEON,,0.9599999785423279,0.9599999785423279,0.9599999785423279,0.9599999785423279,234.0
2026-08-05 11:27:00,NEOV,,2.821000099182129,2.821000099182129,2.819999933242798,2.819999933242798,6996.0
2026-08-05 11:27:00,NESR,,28.530000686645508,28.530000686645508,28.530000686645508,28.530000686645508,635.0
2026-08-05 11:27:00,NEXT,,6.400000095367432,6.420000076293945,6.400000095367432,6.420000076293945,3868.0
2026-08-05 11:27:00,NFE,,0.3375000059604645,0.3375000059604645,0.3375000059604645,0.3375000059604645,430.0
2026-08-05 11:27:00,NFLX,,74.01499938964844,74.03500366210938,73.99009704589844,74.01000213623047,49175.0
2026-08-05 11:27:00,NGNE,,34.625,34.630001068115234,34.625,34.625,567.0
2026-08-05 11:27:00,NICE,,96.41999816894531,96.41999816894531,96.41999816894531,96.41999816894531,1327.0
2026-08-05 11:27:00,NKTR,,72.90499877929688,72.90499877929688,72.83999633789062,72.83999633789062,893.0
2026-08-05 11:27:00,NMFC,,7.335000038146973,7.336999893188477,7.329999923706055,7.329999923706055,1402.0
2026-08-05 11:27:00,NMRA,,1.6150000095367432,1.6150000095367432,1.6150000095367432,1.6150000095367432,379.0
2026-08-05 11:27:00,NMRK,,15.59000015258789,15.600000381469727,15.59000015258789,15.600000381469727,1791.0
2026-08-05 11:27:00,NN,,14.270000457763672,14.289999961853027,14.270000457763672,14.289999961853027,3391.0
2026-08-05 11:27:00,NNBR,,3.819999933242798,3.819999933242798,3.805000066757202,3.805000066757202,1245.0
2026-08-05 11:27:00,NNDM,,1.5449999570846558,1.5449999570846558,1.5399999618530273,1.5400999784469604,10196.0
2026-08-05 11:27:00,NOVT,,156.85499572753906,157.0050048828125,156.8000030517578,157.0,3623.0
2026-08-05 11:27:00,NRSN,,0.5200999975204468,0.5200999975204468,0.5200999975204468,0.5200999975204468,100.0
2026-08-05 11:27:00,NTAP,,188.5500030517578,188.7449951171875,188.5500030517578,188.57179260253906,1560.0
2026-08-05 11:27:00,NTNX,,60.5099983215332,60.54499816894531,60.5099983215332,60.54499816894531,4980.0
2026-08-05 11:27:00,NTRA,,276.5400085449219,276.5400085449219,276.19000244140625,276.20001220703125,1994.0
2026-08-05 11:27:00,NUWE,,1.725000023841858,1.725000023841858,1.725000023841858,1.725000023841858,978.0
2026-08-05 11:27:00,NVAX,,7.669899940490723,7.669899940490723,7.659999847412109,7.659999847412109,2545.0
2026-08-05 11:27:00,NVCR,,15.960000038146973,15.960000038146973,15.9350004196167,15.9350004196167,2658.0
2026-08-05 11:27:00,NVDA,,219.29100036621094,219.443603515625,219.05999755859375,219.14999389648438,212980.0
2026-08-05 11:27:00,NVMI,,409.0799865722656,409.0799865722656,409.0799865722656,409.0799865722656,108.0
2026-08-05 11:27:00,NVTS,,12.5,12.5,12.479900360107422,12.479900360107422,8801.0
2026-08-05 11:27:00,NWBI,,15.9399995803833,15.9399995803833,15.9399995803833,15.9399995803833,1929.0
2026-08-05 11:27:00,NWE,,68.62999725341797,68.62999725341797,68.62999725341797,68.62999725341797,1072.0
2026-08-05 11:27:00,NWGL,,0.2700999975204468,0.2700999975204468,0.2700999975204468,0.2700999975204468,348.0
2026-08-05 11:27:00,NWL,,6.239999771118164,6.244999885559082,6.230000019073486,6.231100082397461,11769.0
2026-08-05 11:27:00,NWPX,,127.75,127.75,127.75,127.75,303.0
2026-08-05 11:27:00,NWS,,32.28499984741211,32.28499984741211,32.279998779296875,32.28499984741211,758.0
2026-08-05 11:27:00,NWSA,,28.21500015258789,28.21500015258789,28.21500015258789,28.21500015258789,689.0
2026-08-05 11:27:00,NXPI,,230.0449981689453,230.14999389648438,229.99000549316406,229.99000549316406,2529.0
2026-08-05 11:27:00,NXT,,99.08999633789062,99.08999633789062,98.80000305175781,98.91500091552734,5900.0
2026-08-05 11:27:00,NXTC,,5.139999866485596,5.139999866485596,5.139999866485596,5.139999866485596,802.0
2026-08-05 11:27:00,NYXH,,1.4199999570846558,1.4199999570846558,1.4199999570846558,1.4199999570846558,482.0
2026-08-05 11:27:00,OBT,,38.599998474121094,38.63999938964844,38.58000183105469,38.619998931884766,2721.0
2026-08-05 11:27:00,OCCI,,2.4649999141693115,2.4649999141693115,2.4649999141693115,2.4649999141693115,526.0
2026-08-05 11:27:00,OCFC,,19.7450008392334,19.770000457763672,19.7450008392334,19.764999389648438,2987.0
2026-08-05 11:27:00,OCGN,,1.2999999523162842,1.2999999523162842,1.2899999618530273,1.2899999618530273,21121.0
2026-08-05 11:27:00,OCS,,11.899999618530273,11.960000038146973,11.899999618530273,11.960000038146973,948.0
2026-08-05 11:27:00,OCUL,,8.479999542236328,8.5,8.475000381469727,8.489100456237793,8776.0
2026-08-05 11:27:00,ODD,,15.069999694824219,15.069999694824219,15.069999694824219,15.069999694824219,871.0
2026-08-05 11:27:00,ODFL,,215.0800018310547,215.24000549316406,214.5050048828125,214.5050048828125,19697.0
2026-08-05 11:27:00,OFIX,,10.625,10.640000343322754,10.600000381469727,10.640000343322754,6112.0
2026-08-05 11:27:00,OKTA,,148.2050018310547,148.24000549316406,148.0500030517578,148.24000549316406,3925.0
2026-08-05 11:27:00,OLLI,,78.23999786376953,78.23999786376953,78.22000122070312,78.2300033569336,4291.0
2026-08-05 11:27:00,OMER,,12.770000457763672,12.770000457763672,12.770000457763672,12.770000457763672,507.0
2026-08-05 11:27:00,OMH,,0.11020000278949738,0.11379999667406082,0.11020000278949738,0.11330000311136246,30418.0
2026-08-05 11:27:00,ON,,77.03500366210938,77.11000061035156,77.0,77.01000213623047,30917.0
2026-08-05 11:27:00,ONB,,27.0049991607666,27.014999389648438,27.0049991607666,27.014999389648438,8653.0
2026-08-05 11:27:00,ONCY,,0.7900000214576721,0.7900000214576721,0.7900000214576721,0.7900000214576721,776.0
2026-08-05 11:27:00,ONDS,,8.78499984741211,8.8100004196167,8.779999732971191,8.805000305175781,79361.0
2026-08-05 11:27:00,ONFO,,0.0754999965429306,0.07580000162124634,0.07540000230073929,0.07559999823570251,102844.0
2026-08-05 11:27:00,OPCH,,23.360000610351562,23.385000228881836,23.350000381469727,23.385000228881836,3313.0
2026-08-05 11:27:00,OPEN,,3.8901000022888184,3.9000000953674316,3.890000104904175,3.8901000022888184,20916.0
2026-08-05 11:27:00,OPHC,,8.550000190734863,8.550000190734863,8.510000228881836,8.510000228881836,2650.0
2026-08-05 11:27:00,OPK,,1.309999942779541,1.315000057220459,1.309999942779541,1.315000057220459,811.0
2026-08-05 11:27:00,ORGO,,2.3550000190734863,2.365000009536743,2.3550000190734863,2.365000009536743,8011.0
2026-08-05 11:27:00,ORIC,,13.25,13.270000457763672,13.25,13.270000457763672,2611.0
2026-08-05 11:27:00,ORLY,,92.76000213623047,92.76000213623047,92.70999908447266,92.73999786376953,5975.0
2026-08-05 11:27:00,OSBC,,25.78499984741211,25.78499984741211,25.78499984741211,25.78499984741211,704.0
2026-08-05 11:27:00,OSIS,,234.73500061035156,234.73500061035156,234.73500061035156,234.73500061035156,165.0
2026-08-05 11:27:00,OSS,,14.079999923706055,14.09000015258789,14.069999694824219,14.09000015258789,2994.0
2026-08-05 11:27:00,OSUR,,4.164999961853027,4.164999961853027,4.164999961853027,4.164999961853027,601.0
2026-08-05 11:27:00,OTEX,,25.84000015258789,25.84000015258789,25.825000762939453,25.834999084472656,2328.0
2026-08-05 11:27:00,OTLK,,1.0099999904632568,1.0099999904632568,1.0099999904632568,1.0099999904632568,4318.0
2026-08-05 11:27:00,OVID,,2.619999885559082,2.619999885559082,2.619999885559082,2.619999885559082,737.0
2026-08-05 11:27:00,OXLC,,9.091300010681152,9.091300010681152,9.091300010681152,9.091300010681152,727.0
2026-08-05 11:27:00,OXSQ,,1.4801000356674194,1.4850000143051147,1.4800000190734863,1.4850000143051147,4817.0
2026-08-05 11:27:00,PAA,,23.225000381469727,23.229999542236328,23.219999313354492,23.225000381469727,14139.0
2026-08-05 11:27:00,PAAS,,48.59000015258789,48.630001068115234,48.59000015258789,48.61000061035156,12690.0
2026-08-05 11:27:00,PACB,,1.4149999618530273,1.4199999570846558,1.409999966621399,1.4149999618530273,9554.0
2026-08-05 11:27:00,PAGP,,25.125,25.125,25.125,25.125,201.0
2026-08-05 11:27:00,PALI,,2.0950000286102295,2.0950000286102295,2.0899999141693115,2.0899999141693115,4393.0
2026-08-05 11:27:00,PANL,,7.300000190734863,7.300000190734863,7.300000190734863,7.300000190734863,1078.0
2026-08-05 11:27:00,PANW,,364.70001220703125,365.4100036621094,364.70001220703125,365.31500244140625,5697.0
2026-08-05 11:27:00,PAX,,11.425000190734863,11.425000190734863,11.425000190734863,11.425000190734863,594.0
2026-08-05 11:27:00,PAYO,,7.119999885559082,7.130000114440918,7.119999885559082,7.130000114440918,841.0
2026-08-05 11:27:00,PAYS,,9.1899995803833,9.1899995803833,9.1899995803833,9.1899995803833,0.0
2026-08-05 11:27:00,PAYX,,116.5,116.54000091552734,116.45999908447266,116.54000091552734,2793.0
2026-08-05 11:27:00,PCAR,,133.51499938964844,133.51499938964844,133.32000732421875,133.32000732421875,6746.0
2026-08-05 11:27:00,PCRX,,25.045000076293945,25.06999969482422,25.014999389648438,25.014999389648438,1970.0
2026-08-05 11:27:00,PCT,,6.940000057220459,6.945000171661377,6.934999942779541,6.934999942779541,2345.0
2026-08-05 11:27:00,PCTY,,145.52999877929688,145.52999877929688,145.52999877929688,145.52999877929688,272.0
2026-08-05 11:27:00,PDD,,91.45999908447266,91.45999908447266,91.45999908447266,91.45999908447266,1119.0
2026-08-05 11:27:00,PEGA,,31.610000610351562,31.6299991607666,31.610000610351562,31.6299991607666,1847.0
2026-08-05 11:27:00,PENN,,19.950000762939453,19.950000762939453,19.920000076293945,19.920000076293945,4909.0
2026-08-05 11:27:00,PEP,,138.0800018310547,138.13499450683594,138.0800018310547,138.08999633789062,7189.0
2026-08-05 11:27:00,PEPG,,1.899999976158142,1.9049999713897705,1.899999976158142,1.9049999713897705,4418.0
2026-08-05 11:27:00,PERI,,9.585000038146973,9.585000038146973,9.585000038146973,9.585000038146973,200.0
2026-08-05 11:27:00,PESI,,17.709999084472656,17.780000686645508,17.709999084472656,17.780000686645508,2839.0
2026-08-05 11:27:00,PFG,,114.13999938964844,114.1449966430664,114.13999938964844,114.1449966430664,446.0
2026-08-05 11:27:00,PGEN,,6.974999904632568,6.994999885559082,6.96999979019165,6.980000019073486,12770.0
2026-08-05 11:27:00,PGNY,,31.579999923706055,31.579999923706055,31.579999923706055,31.579999923706055,348.0
2026-08-05 11:27:00,PGY,,21.81999969482422,21.829999923706055,21.809999465942383,21.829999923706055,2776.0
2026-08-05 11:27:00,PHAT,,8.489999771118164,8.489999771118164,8.489999771118164,8.489999771118164,10625.0
2026-08-05 11:27:00,PLAB,,32.15999984741211,32.15999984741211,32.15999984741211,32.15999984741211,1536.0
2026-08-05 11:27:00,PLBY,,1.1549999713897705,1.1549999713897705,1.1449999809265137,1.1449999809265137,9444.0
2026-08-05 11:27:00,PLPC,,456.7699890136719,456.7699890136719,455.7799987792969,455.7799987792969,1286.0
2026-08-05 11:27:00,PLUG,,2.109999895095825,2.109999895095825,2.102799892425537,2.1050000190734863,21584.0
2026-08-05 11:27:00,PNFP,,107.69999694824219,107.70999908447266,107.69999694824219,107.69999694824219,3281.0
2026-08-05 11:27:00,PNRG,,182.86000061035156,182.86000061035156,182.86000061035156,182.86000061035156,304.0
2026-08-05 11:27:00,POET,,8.295000076293945,8.300000190734863,8.279999732971191,8.28499984741211,7531.0
2026-08-05 11:27:00,POWI,,61.935001373291016,61.935001373291016,61.935001373291016,61.935001373291016,287.0
2026-08-05 11:27:00,POWL,,211.38499450683594,211.6199951171875,211.375,211.375,712.0
2026-08-05 11:27:00,PPTA,,22.760000228881836,22.760000228881836,22.729999542236328,22.729999542236328,848.0
2026-08-05 11:27:00,PRAX,,310.94000244140625,311.1499938964844,308.80999755859375,308.80999755859375,1518.0
2026-08-05 11:27:00,PRCH,,16.040000915527344,16.049999237060547,16.040000915527344,16.049999237060547,5160.0
2026-08-05 11:27:00,PRCT,,19.06999969482422,19.1200008392334,19.06999969482422,19.094999313354492,4754.0
2026-08-05 11:27:00,PRDO,,32.970001220703125,32.970001220703125,32.970001220703125,32.970001220703125,447.0
2026-08-05 11:27:00,PRGS,,41.970001220703125,41.970001220703125,41.970001220703125,41.970001220703125,1310.0
2026-08-05 11:27:00,PRIM,,85.87999725341797,86.32499694824219,85.81999969482422,85.81999969482422,4694.0
2026-08-05 11:27:00,PRLD,,4.519999980926514,4.519999980926514,4.519999980926514,4.519999980926514,933.0
2026-08-05 11:27:00,PRME,,2.9649999141693115,2.9649999141693115,2.9600000381469727,2.9600000381469727,7782.0
2026-08-05 11:27:00,PRQR,,1.8949999809265137,1.8949999809265137,1.8949999809265137,1.8949999809265137,658.0
2026-08-05 11:27:00,PRTA,,8.550000190734863,8.550000190734863,8.550000190734863,8.550000190734863,2219.0
2026-08-05 11:27:00,PRVA,,24.040000915527344,24.059999465942383,24.040000915527344,24.059999465942383,1235.0
2026-08-05 11:27:00,PSEC,,2.180000066757202,2.184999942779541,2.180000066757202,2.184999942779541,773.0
2026-08-05 11:27:00,PSNL,,13.529999732971191,13.529999732971191,13.529999732971191,13.529999732971191,342.0
2026-08-05 11:27:00,PTCT,,68.94999694824219,68.95999908447266,68.94999694824219,68.95999908447266,2242.0
2026-08-05 11:27:00,PTEN,,9.755000114440918,9.755000114440918,9.739999771118164,9.75,8825.0
2026-08-05 11:27:00,PTGX,,135.9499969482422,135.9499969482422,135.92999267578125,135.92999267578125,497.0
2026-08-05 11:27:00,PTLO,,4.590000152587891,4.590000152587891,4.590000152587891,4.590000152587891,1194.0
2026-08-05 11:27:00,PTON,,6.539999961853027,6.545000076293945,6.539999961853027,6.545000076293945,4948.0
2026-08-05 11:27:00,PWP,,17.389999389648438,17.420000076293945,17.360000610351562,17.399999618530273,4590.0
2026-08-05 11:27:00,PYPL,,58.35499954223633,58.38999938964844,58.35499954223633,58.38999938964844,6582.0
2026-08-05 11:27:00,PYXS,,3.1549999713897705,3.1549999713897705,3.1549999713897705,3.1549999713897705,294.0
2026-08-05 11:27:00,PZZA,,30.575000762939453,30.575000762939453,30.540000915527344,30.540000915527344,3880.0
2026-08-05 11:27:00,QCOM,,157.49099731445312,157.625,157.37010192871094,157.3800048828125,30016.0
2026-08-05 11:27:00,QFIN,,13.369999885559082,13.369999885559082,13.369999885559082,13.369999885559082,155.0
2026-08-05 11:27:00,QRVO,,94.4800033569336,94.51000213623047,94.47000122070312,94.47000122070312,1578.0
2026-08-05 11:27:00,SEED,,0.9812999963760376,0.9865999817848206,0.9812999963760376,0.9865999817848206,1156.0
2026-08-05 11:27:00,STIM,,2.240000009536743,2.240000009536743,2.2249999046325684,2.231800079345703,34509.0
2026-08-05 11:27:00,TARA,,4.019999980926514,4.019999980926514,4.014999866485596,4.014999866485596,1375.0
2026-08-05 11:28:00,ACDC,,4.375,4.389999866485596,4.375,4.380000114440918,10460.0
2026-08-05 11:28:00,BPOP,,177.25999450683594,177.27000427246094,177.25999450683594,177.25999450683594,2603.0
2026-08-05 11:28:00,CASH,,89.19999694824219,89.19999694824219,89.16999816894531,89.16999816894531,764.0
2026-08-05 11:28:00,EYE,,23.15999984741211,23.15999984741211,23.149999618530273,23.149999618530273,1320.0
2026-08-05 11:28:00,GLUE,,15.890000343322754,15.890000343322754,15.890000343322754,15.890000343322754,598.0
2026-08-05 11:28:00,KIDS,,20.8799991607666,20.895000457763672,20.875,20.895000457763672,2129.0
2026-08-05 11:28:00,MBRX,,0.4180999994277954,0.41999998688697815,0.4180999994277954,0.41999998688697815,510.0
2026-08-05 11:28:00,MDB,,377.0325012207031,377.1499938964844,376.4549865722656,377.1499938964844,2354.0
2026-08-05 11:28:00,MDLZ,,61.95500183105469,61.97999954223633,61.95000076293945,61.970001220703125,6003.0
2026-08-05 11:28:00,MLTX,,17.530099868774414,17.530099868774414,17.530099868774414,17.530099868774414,289.0
2026-08-05 11:28:00,MNST,,94.47000122070312,94.5,94.47000122070312,94.48999786376953,5679.0
2026-08-05 11:28:00,MNTS,,4.380000114440918,4.380000114440918,4.380000114440918,4.380000114440918,3121.0
2026-08-05 11:28:00,MPWR,,1313.1199951171875,1313.9649658203125,1312.199951171875,1313.9000244140625,386.0
2026-08-05 11:28:00,MRNA,,57.40999984741211,57.40999984741211,57.380001068115234,57.400001525878906,3043.0
2026-08-05 11:28:00,MVBF,,30.565000534057617,30.565000534057617,30.565000534057617,30.565000534057617,268.0
2026-08-05 11:28:00,MYRG,,339.5899963378906,339.5899963378906,339.5899963378906,339.5899963378906,213.0
2026-08-05 11:28:00,NAMS,,26.75,26.75,26.684999465942383,26.709999084472656,2158.0
2026-08-05 11:28:00,NAUT,,0.9502999782562256,0.9550999999046326,0.9502999782562256,0.9550999999046326,2092.0
2026-08-05 11:28:00,NB,,5.054999828338623,5.059999942779541,5.045000076293945,5.054999828338623,11181.0
2026-08-05 11:28:00,NBIX,,163.75999450683594,163.9149932861328,163.75999450683594,163.9149932861328,3227.0
2026-08-05 11:28:00,NBTB,,53.400001525878906,53.400001525878906,53.400001525878906,53.400001525878906,623.0
2026-08-05 11:28:00,NDAQ,,94.52999877929688,94.5999984741211,94.5250015258789,94.55500030517578,5307.0
2026-08-05 11:28:00,NEGG,,16.815000534057617,16.815000534057617,16.815000534057617,16.815000534057617,704.0
2026-08-05 11:28:00,NEO,,16.139999389648438,16.15999984741211,16.135000228881836,16.135000228881836,4127.0
2026-08-05 11:28:00,NEOG,,11.579999923706055,11.585000038146973,11.579999923706055,11.585000038146973,4382.0
2026-08-05 11:28:00,NEON,,0.9599999785423279,0.9599999785423279,0.9599999785423279,0.9599999785423279,2012.0
2026-08-05 11:28:00,NEOV,,2.829900026321411,2.829900026321411,2.829900026321411,2.829900026321411,8228.0
2026-08-05 11:28:00,NESR,,28.520000457763672,28.549999237060547,28.520000457763672,28.549999237060547,999.0
2026-08-05 11:28:00,NEWT,,15.25,15.300000190734863,15.25,15.289999961853027,3104.0
2026-08-05 11:28:00,NEXT,,6.400000095367432,6.40500020980835,6.400000095367432,6.40500020980835,2278.0
2026-08-05 11:28:00,NFLX,,74.00499725341797,74.03500366210938,73.99500274658203,74.01499938964844,58387.0
2026-08-05 11:28:00,NICE,,96.59500122070312,96.59500122070312,96.59500122070312,96.59500122070312,442.0
2026-08-05 11:28:00,NIU,,2.4549999237060547,2.4600000381469727,2.4549999237060547,2.4600000381469727,1100.0
2026-08-05 11:28:00,NMFC,,7.329999923706055,7.335000038146973,7.329999923706055,7.335000038146973,401.0
2026-08-05 11:28:00,NMIH,,44.47999954223633,44.4900016784668,44.47999954223633,44.4900016784668,1293.0
2026-08-05 11:28:00,NMRK,,15.600000381469727,15.600000381469727,15.600000381469727,15.600000381469727,498.0
2026-08-05 11:28:00,NN,,14.220000267028809,14.260000228881836,14.220000267028809,14.260000228881836,4634.0
2026-08-05 11:28:00,NNBR,,3.809999942779541,3.815000057220459,3.809999942779541,3.809999942779541,3439.0
2026-08-05 11:28:00,NNDM,,1.5399999618530273,1.5449999570846558,1.5399999618530273,1.5399999618530273,7984.0
2026-08-05 11:28:00,NNOX,,1.0149999856948853,1.0149999856948853,1.0149999856948853,1.0149999856948853,174.0
2026-08-05 11:28:00,NRDS,,9.204999923706055,9.204999923706055,9.204999923706055,9.204999923706055,1065.0
2026-08-05 11:28:00,NRIX,,24.610000610351562,24.61009979248047,24.610000610351562,24.61009979248047,1476.0
2026-08-05 11:28:00,NRSN,,0.5200999975204468,0.5200999975204468,0.5200999975204468,0.5200999975204468,100.0
2026-08-05 11:28:00,NRXP,,3.0499000549316406,3.0499000549316406,3.0399999618530273,3.0399999618530273,978.0
2026-08-05 11:28:00,NTAP,,188.52000427246094,188.58999633789062,188.40499877929688,188.52000427246094,9889.0
2026-08-05 11:28:00,NTCT,,42.0,42.0,42.0,42.0,283.0
2026-08-05 11:28:00,NTES,,127.81999969482422,127.81999969482422,127.81999969482422,127.81999969482422,626.0
2026-08-05 11:28:00,NTGR,,24.270000457763672,24.270000457763672,24.200000762939453,24.200000762939453,2807.0
2026-08-05 11:28:00,NTNX,,60.5,60.52000045776367,60.470001220703125,60.5099983215332,3680.0
2026-08-05 11:28:00,NTRA,,276.2049865722656,276.2049865722656,276.2049865722656,276.2049865722656,287.0
2026-08-05 11:28:00,NTRSO,,18.420000076293945,18.420000076293945,18.420000076293945,18.420000076293945,1400.0
2026-08-05 11:28:00,NUTX,,157.6999969482422,157.6999969482422,157.6999969482422,157.6999969482422,468.0
2026-08-05 11:28:00,NUWE,,1.7086999416351318,1.7300000190734863,1.7000000476837158,1.7300000190734863,1745.0
2026-08-05 11:28:00,NVAX,,7.659999847412109,7.659999847412109,7.659999847412109,7.659999847412109,2997.0
2026-08-05 11:28:00,NVCT,,20.219999313354492,20.31999969482422,20.219999313354492,20.31999969482422,750.0
2026-08-05 11:28:00,NVDA,,219.08999633789062,219.30499267578125,219.02000427246094,219.30499267578125,243521.0
2026-08-05 11:28:00,NVMI,,409.0400085449219,409.0400085449219,409.0299987792969,409.0299987792969,311.0
2026-08-05 11:28:00,NVTS,,12.470000267028809,12.484999656677246,12.464099884033203,12.479999542236328,9865.0
2026-08-05 11:28:00,NWL,,6.235000133514404,6.244999885559082,6.230000019073486,6.244999885559082,10818.0
2026-08-05 11:28:00,NWS,,32.2599983215332,32.28499984741211,32.2599983215332,32.28499984741211,1151.0
2026-08-05 11:28:00,NWSA,,28.209999084472656,28.219999313354492,28.209999084472656,28.219999313354492,3031.0
2026-08-05 11:28:00,NXPI,,229.6300048828125,229.91000366210938,229.6300048828125,229.8699951171875,2615.0
2026-08-05 11:28:00,NXT,,98.95999908447266,99.08000183105469,98.94999694824219,99.08000183105469,4899.0
2026-08-05 11:28:00,OBT,,38.58000183105469,38.58000183105469,38.58000183105469,38.58000183105469,138.0
2026-08-05 11:28:00,OCGN,,1.2899999618530273,1.2999999523162842,1.2899999618530273,1.2949999570846558,3747.0
2026-08-05 11:28:00,OCS,,11.970000267028809,11.970000267028809,11.970000267028809,11.970000267028809,1363.0
2026-08-05 11:28:00,OCSL,,12.109999656677246,12.114999771118164,12.104999542236328,12.114999771118164,1390.0
2026-08-05 11:28:00,OCUL,,8.475000381469727,8.475000381469727,8.475000381469727,8.475000381469727,1031.0
2026-08-05 11:28:00,ODFL,,214.9499969482422,215.0800018310547,214.91000366210938,215.0800018310547,4280.0
2026-08-05 11:28:00,OESX,,15.200499534606934,15.210000038146973,15.200499534606934,15.210000038146973,869.0
2026-08-05 11:28:00,OFIX,,10.625,10.625,10.625,10.625,1255.0
2026-08-05 11:28:00,OFS,,3.5299999713897705,3.5299999713897705,3.5299999713897705,3.5299999713897705,106.0
2026-08-05 11:28:00,OKTA,,147.72999572753906,147.9499969482422,147.72999572753906,147.9499969482422,1137.0
2026-08-05 11:28:00,OLLI,,78.3499984741211,78.3499984741211,78.23500061035156,78.23999786376953,5234.0
2026-08-05 11:28:00,OLMA,,11.625,11.625,11.625,11.625,1393.0
2026-08-05 11:28:00,OM,,4.949999809265137,4.949999809265137,4.949999809265137,4.949999809265137,357.0
2026-08-05 11:28:00,OMER,,12.760000228881836,12.770000457763672,12.760000228881836,12.770000457763672,1412.0
2026-08-05 11:28:00,OMEX,,0.7390000224113464,0.7390000224113464,0.7355999946594238,0.73580002784729,694.0
2026-08-05 11:28:00,OMH,,0.11029999703168869,0.11029999703168869,0.11020000278949738,0.11020000278949738,17065.0
2026-08-05 11:28:00,ON,,76.98999786376953,77.05999755859375,76.91000366210938,77.05999755859375,29607.0
2026-08-05 11:28:00,ONB,,26.9906005859375,26.9906005859375,26.9906005859375,26.9906005859375,1760.0
2026-08-05 11:28:00,ONCO,,0.7900000214576721,0.7900000214576721,0.7900000214576721,0.7900000214576721,1234.0
2026-08-05 11:28:00,ONDS,,8.760000228881836,8.788200378417969,8.760000228881836,8.78499984741211,103302.0
2026-08-05 11:28:00,ONFO,,0.0754999965429306,0.07559999823570251,0.07540000230073929,0.0754999965429306,32850.0
2026-08-05 11:28:00,OPCH,,23.389999389648438,23.399999618530273,23.3700008392334,23.3799991607666,5174.0
2026-08-05 11:28:00,OPEN,,3.8949999809265137,3.900099992752075,3.890000104904175,3.8949999809265137,75433.0
2026-08-05 11:28:00,OPHC,,8.550000190734863,8.550000190734863,8.510000228881836,8.510000228881836,312.0
2026-08-05 11:28:00,OPK,,1.315000057220459,1.3200000524520874,1.315000057220459,1.315000057220459,1062.0
2026-08-05 11:28:00,ORGO,,2.3550000190734863,2.3550000190734863,2.3499999046325684,2.3499999046325684,447.0
2026-08-05 11:28:00,ORIC,,13.229999542236328,13.239999771118164,13.229999542236328,13.239999771118164,1494.0
2026-08-05 11:28:00,ORLY,,92.69999694824219,92.7300033569336,92.69000244140625,92.7051010131836,12132.0
2026-08-05 11:28:00,ORRF,,43.42499923706055,43.42499923706055,43.42499923706055,43.42499923706055,204.0
2026-08-05 11:28:00,OSBC,,25.774999618530273,25.774999618530273,25.774999618530273,25.774999618530273,535.0
2026-08-05 11:28:00,OSIS,,235.27999877929688,235.2899932861328,235.27999877929688,235.27999877929688,1315.0
2026-08-05 11:28:00,OSS,,14.069999694824219,14.079999923706055,14.069999694824219,14.079999923706055,1903.0
2026-08-05 11:28:00,OSW,,26.625,26.625,26.625,26.625,1449.0
2026-08-05 11:28:00,OTEX,,25.81999969482422,25.829999923706055,25.81999969482422,25.829999923706055,876.0
2026-08-05 11:28:00,OTLK,,1.0099999904632568,1.0099999904632568,1.0099999904632568,1.0099999904632568,1129.0
2026-08-05 11:28:00,OTTR,,92.4000015258789,92.4000015258789,92.4000015258789,92.4000015258789,435.0
2026-08-05 11:28:00,OVID,,2.615000009536743,2.615000009536743,2.615000009536743,2.615000009536743,1182.0
2026-08-05 11:28:00,OXSQ,,1.482300043106079,1.4850000143051147,1.482300043106079,1.482300043106079,1959.0
2026-08-05 11:28:00,PAA,,23.209999084472656,23.225000381469727,23.209999084472656,23.219999313354492,7280.0
2026-08-05 11:28:00,PAAS,,48.540000915527344,48.56999969482422,48.529998779296875,48.56999969482422,6539.0
2026-08-05 11:28:00,PACB,,1.4149999618530273,1.4149999618530273,1.4149999618530273,1.4149999618530273,2407.0
2026-08-05 11:28:00,PAGP,,25.1299991607666,25.1299991607666,25.1299991607666,25.1299991607666,1177.0
2026-08-05 11:28:00,PALI,,2.0950000286102295,2.0999999046325684,2.0950000286102295,2.0989999771118164,2027.0
2026-08-05 11:28:00,PANW,,364.0299987792969,364.8699951171875,363.510009765625,364.3100891113281,29857.0
2026-08-05 11:28:00,PAX,,11.425000190734863,11.430000305175781,11.420000076293945,11.425000190734863,5065.0
2026-08-05 11:28:00,PAYO,,7.130000114440918,7.130000114440918,7.119999885559082,7.119999885559082,1462.0
2026-08-05 11:28:00,PAYX,,116.37999725341797,116.4800033569336,116.37999725341797,116.4800033569336,3159.0
2026-08-05 11:28:00,PCAR,,133.42999267578125,133.49000549316406,133.42999267578125,133.4499969482422,13489.0
2026-08-05 11:28:00,PCRX,,25.059999465942383,25.059999465942383,25.010000228881836,25.010000228881836,756.0
2026-08-05 11:28:00,PCT,,6.929999828338623,6.934999942779541,6.929999828338623,6.934999942779541,4117.0
2026-08-05 11:28:00,PCTY,,145.31500244140625,145.5500030517578,145.1300048828125,145.5500030517578,2414.0
2026-08-05 11:28:00,PDD,,91.4000015258789,91.45500183105469,91.37999725341797,91.44999694824219,17378.0
2026-08-05 11:28:00,PECO,,41.34000015258789,41.34000015258789,41.34000015258789,41.34000015258789,237.0
2026-08-05 11:28:00,PEGA,,31.584999084472656,31.610000610351562,31.56999969482422,31.610000610351562,2248.0
2026-08-05 11:28:00,PENN,,19.94499969482422,19.94499969482422,19.940000534057617,19.94499969482422,2462.0
2026-08-05 11:28:00,PEP,,138.02999877929688,138.10000610351562,138.0,138.0944061279297,8697.0
2026-08-05 11:28:00,PEPG,,1.899999976158142,1.899999976158142,1.899999976158142,1.899999976158142,348.0
2026-08-05 11:28:00,PERI,,9.595000267028809,9.595000267028809,9.59000015258789,9.59000015258789,654.0
2026-08-05 11:28:00,PESI,,17.69499969482422,17.739999771118164,17.684999465942383,17.739999771118164,3247.0
2026-08-05 11:28:00,PFG,,114.06999969482422,114.13999938964844,114.06999969482422,114.13999938964844,1130.0
2026-08-05 11:28:00,PGEN,,6.974999904632568,6.985000133514404,6.960000038146973,6.974999904632568,26243.0
2026-08-05 11:28:00,PGNY,,31.604999542236328,31.604999542236328,31.579999923706055,31.579999923706055,635.0
2026-08-05 11:28:00,PGY,,21.790000915527344,21.809999465942383,21.790000915527344,21.809999465942383,4473.0
2026-08-05 11:28:00,PHAT,,8.5,8.5,8.499899864196777,8.499899864196777,767.0
2026-08-05 11:28:00,PLMR,,134.60000610351562,134.60000610351562,134.60000610351562,134.60000610351562,443.0
2026-08-05 11:28:00,PLPC,,456.8299865722656,456.8299865722656,456.8299865722656,456.8299865722656,362.0
2026-08-05 11:28:00,PLTK,,4.03000020980835,4.03000020980835,4.03000020980835,4.03000020980835,618.0
2026-08-05 11:28:00,PLUG,,2.0999999046325684,2.1050000190734863,2.0999999046325684,2.1050000190734863,5904.0
2026-08-05 11:28:00,PLUR,,1.8487999439239502,1.8487999439239502,1.8487999439239502,1.8487999439239502,929.0
2026-08-05 11:28:00,PNBK,,1.1399999856948853,1.1399999856948853,1.1399999856948853,1.1399999856948853,437.0
2026-08-05 11:28:00,PNFP,,107.51000213623047,107.6050033569336,107.51000213623047,107.6050033569336,1284.0
2026-08-05 11:28:00,PNRG,,182.85000610351562,182.8800048828125,182.85000610351562,182.8800048828125,1516.0
2026-08-05 11:28:00,POET,,8.289999961853027,8.295000076293945,8.279999732971191,8.295000076293945,6196.0
2026-08-05 11:28:00,POOL,,204.75,204.75,204.55999755859375,204.75,668.0
2026-08-05 11:28:00,POWI,,61.810001373291016,61.84000015258789,61.790000915527344,61.84000015258789,1419.0
2026-08-05 11:28:00,POWL,,211.72999572753906,211.72999572753906,211.0500946044922,211.38499450683594,391.0
2026-08-05 11:28:00,PPTA,,22.690000534057617,22.729999542236328,22.690000534057617,22.729999542236328,3351.0
2026-08-05 11:28:00,PRCH,,16.024999618530273,16.030000686645508,16.020000457763672,16.030000686645508,2668.0
2026-08-05 11:28:00,PRCT,,19.030000686645508,19.084999084472656,19.020000457763672,19.084999084472656,8356.0
2026-08-05 11:28:00,PRDO,,32.96500015258789,32.96500015258789,32.96500015258789,32.96500015258789,137.0
2026-08-05 11:28:00,PRE,,18.8799991607666,18.8799991607666,18.719999313354492,18.719999313354492,1160.0
2026-08-05 11:28:00,PRIM,,85.9000015258789,85.9000015258789,85.88999938964844,85.88999938964844,952.0
2026-08-05 11:28:00,PRPO,,22.607500076293945,22.607500076293945,22.607500076293945,22.607500076293945,1230.0
2026-08-05 11:28:00,PRQR,,1.8949999809265137,1.8949999809265137,1.8949999809265137,1.8949999809265137,711.0
2026-08-05 11:28:00,PRTA,,8.539999961853027,8.539999961853027,8.539999961853027,8.539999961853027,1480.0
2026-08-05 11:28:00,PRTH,,6.590000152587891,6.590000152587891,6.590000152587891,6.590000152587891,1266.0
2026-08-05 11:28:00,PRVA,,24.040000915527344,24.040000915527344,24.040000915527344,24.040000915527344,472.0
2026-08-05 11:28:00,PRZO,,0.559499979019165,0.559499979019165,0.559499979019165,0.559499979019165,172.0
2026-08-05 11:28:00,PSEC,,2.180000066757202,2.180000066757202,2.1700000762939453,2.180000066757202,151654.0
2026-08-05 11:28:00,PSNL,,13.529999732971191,13.529999732971191,13.529999732971191,13.529999732971191,424.0
2026-08-05 11:28:00,PTEN,,9.755000114440918,9.760000228881836,9.75,9.755000114440918,10814.0
2026-08-05 11:28:00,PTLO,,4.599999904632568,4.599999904632568,4.599999904632568,4.599999904632568,2535.0
2026-08-05 11:28:00,PTON,,6.539999961853027,6.550000190734863,6.539999961853027,6.545000076293945,14617.0
2026-08-05 11:28:00,PWP,,17.350000381469727,17.350000381469727,17.34000015258789,17.34000015258789,3750.0
2026-08-05 11:28:00,PYPL,,58.31999969482422,58.349998474121094,58.31999969482422,58.349998474121094,7302.0
2026-08-05 11:28:00,PYXS,,3.150099992752075,3.150099992752075,3.150099992752075,3.150099992752075,972.0
2026-08-05 11:28:00,PZZA,,30.530000686645508,30.56999969482422,30.459999084472656,30.56999969482422,15354.0
2026-08-05 11:28:00,QCOM,,157.36000061035156,157.5,157.25,157.42999267578125,83007.0
2026-08-05 11:28:00,QFIN,,13.345000267028809,13.359999656677246,13.345000267028809,13.345000267028809,1537.0
2026-08-05 11:28:00,QQQX,,30.539899826049805,30.539899826049805,30.539899826049805,30.539899826049805,494.0
2026-08-05 11:28:00,QRVO,,94.5,94.51000213623047,94.5,94.51000213623047,1202.0
2026-08-05 11:28:00,SEED,,0.9811999797821045,0.9811999797821045,0.9811999797821045,0.9811999797821045,1701.0
2026-08-05 11:28:00,STIM,,2.25,2.25,2.2400999069213867,2.2400999069213867,4376.0
2026-08-05 11:28:00,TARA,,4.025000095367432,4.025000095367432,4.025000095367432,4.025000095367432,156.0
2026-08-05 11:29:00,ACDC,,4.369999885559082,4.375,4.369999885559082,4.375,3392.0
2026-08-05 11:29:00,CASH,,89.12999725341797,89.12999725341797,89.12999725341797,89.12999725341797,280.0
2026-08-05 11:29:00,EYE,,23.18000030517578,23.18000030517578,23.149999618530273,23.149999618530273,5728.0
2026-08-05 11:29:00,GLUE,,15.84000015258789,15.885000228881836,15.84000015258789,15.885000228881836,1887.0
2026-08-05 11:29:00,KIDS,,20.8799991607666,20.8799991607666,20.8799991607666,20.8799991607666,0.0
2026-08-05 11:29:00,MBRX,,0.41780000925064087,0.41780000925064087,0.41769999265670776,0.41769999265670776,205.0
2026-08-05 11:29:00,MDB,,376.06500244140625,377.2149963378906,376.05999755859375,377.2149963378906,3017.0
2026-08-05 11:29:00,MDLZ,,61.970001220703125,61.970001220703125,61.959999084472656,61.970001220703125,4195.0
2026-08-05 11:29:00,MLTX,,17.535400390625,17.549999237060547,17.535400390625,17.549999237060547,1005.0
2026-08-05 11:29:00,MNST,,94.51000213623047,94.51000213623047,94.4749984741211,94.4749984741211,3282.0
2026-08-05 11:29:00,MODD,,2.0950000286102295,2.0950000286102295,2.0950000286102295,2.0950000286102295,177.0
2026-08-05 11:29:00,MOVE,,11.779999732971191,11.779999732971191,11.739999771118164,11.739999771118164,928.0
2026-08-05 11:29:00,MPWR,,1312.949951171875,1314.3699951171875,1312.949951171875,1313.8699951171875,493.0
2026-08-05 11:29:00,MRNA,,57.375,57.404998779296875,57.3650016784668,57.37189865112305,5732.0
2026-08-05 11:29:00,MSGM,,4.460000038146973,4.460000038146973,4.460000038146973,4.460000038146973,100.0
2026-08-05 11:29:00,MYGN,,3.2149999141693115,3.2200000286102295,3.2149999141693115,3.2149999141693115,2104.0
2026-08-05 11:29:00,MYRG,,339.5350036621094,339.5350036621094,339.5350036621094,339.5350036621094,274.0
2026-08-05 11:29:00,NAMS,,26.68000030517578,26.709999084472656,26.68000030517578,26.709999084472656,4619.0
2026-08-05 11:29:00,NAUT,,0.9552000164985657,0.9552000164985657,0.9552000164985657,0.9552000164985657,1011.0
2026-08-05 11:29:00,NB,,5.059999942779541,5.070000171661377,5.059800148010254,5.059999942779541,3690.0
2026-08-05 11:29:00,NBIX,,163.7899932861328,163.7899932861328,163.7899932861328,163.7899932861328,609.0
2026-08-05 11:29:00,NBTB,,53.38999938964844,53.38999938964844,53.38999938964844,53.38999938964844,323.0
2026-08-05 11:29:00,NDSN,,310.5950012207031,310.5950012207031,310.5299987792969,310.5400085449219,495.0
2026-08-05 11:29:00,NEO,,16.139999389648438,16.149999618530273,16.139999389648438,16.149999618530273,456.0
2026-08-05 11:29:00,NEOG,,11.574999809265137,11.585000038146973,11.574999809265137,11.579999923706055,4047.0
2026-08-05 11:29:00,NEOV,,2.8299999237060547,2.8399999141693115,2.8299999237060547,2.8350000381469727,7148.0
2026-08-05 11:29:00,NESR,,28.5,28.530000686645508,28.489999771118164,28.530000686645508,1245.0
2026-08-05 11:29:00,NEXT,,6.394999980926514,6.400000095367432,6.389999866485596,6.400000095367432,4981.0
2026-08-05 11:29:00,NFLX,,74.06999969482422,74.07499694824219,74.0199966430664,74.0199966430664,38659.0
2026-08-05 11:29:00,NICE,,96.59500122070312,96.59500122070312,96.5000991821289,96.5000991821289,1340.0
2026-08-05 11:29:00,NIU,,2.4549999237060547,2.4549999237060547,2.4549999237060547,2.4549999237060547,200.0
2026-08-05 11:29:00,NMFC,,7.335999965667725,7.335999965667725,7.335999965667725,7.335999965667725,313.0
2026-08-05 11:29:00,NMRK,,15.600000381469727,15.600000381469727,15.600000381469727,15.600000381469727,1452.0
2026-08-05 11:29:00,NN,,14.204999923706055,14.229999542236328,14.204999923706055,14.220000267028809,5513.0
2026-08-05 11:29:00,NNDM,,1.541100025177002,1.5449999570846558,1.5399999618530273,1.5449999570846558,2228.0
2026-08-05 11:29:00,NNOX,,1.0149999856948853,1.0149999856948853,1.0149999856948853,1.0149999856948853,386.0
2026-08-05 11:29:00,NRDS,,9.1850004196167,9.199999809265137,9.1850004196167,9.1899995803833,2558.0
2026-08-05 11:29:00,NRIM,,26.920000076293945,26.920000076293945,26.920000076293945,26.920000076293945,134.0
2026-08-05 11:29:00,NRSN,,0.5288000106811523,0.5288000106811523,0.5288000106811523,0.5288000106811523,100.0
2026-08-05 11:29:00,NRXP,,3.049999952316284,3.049999952316284,3.0450000762939453,3.0450000762939453,2104.0
2026-08-05 11:29:00,NSSC,,40.380001068115234,40.380001068115234,40.380001068115234,40.380001068115234,442.0
2026-08-05 11:29:00,NTAP,,188.32000732421875,188.47999572753906,188.32000732421875,188.36000061035156,2568.0
2026-08-05 11:29:00,NTCT,,42.0099983215332,42.0099983215332,42.0,42.0,882.0
2026-08-05 11:29:00,NTES,,127.88999938964844,127.94999694824219,127.84500122070312,127.84500122070312,1017.0
2026-08-05 11:29:00,NTGR,,24.350000381469727,24.354999542236328,24.309999465942383,24.309999465942383,1515.0
2026-08-05 11:29:00,NTNX,,60.45000076293945,60.5,60.41999816894531,60.5,6887.0
2026-08-05 11:29:00,NTRA,,276.42999267578125,276.5,276.32000732421875,276.32000732421875,952.0
2026-08-05 11:29:00,NTRS,,183.9600067138672,183.9600067138672,183.85000610351562,183.85000610351562,1243.0
2026-08-05 11:29:00,NTRSO,,18.399999618530273,18.399999618530273,18.399999618530273,18.399999618530273,61.0
2026-08-05 11:29:00,NVAX,,7.65500020980835,7.65500020980835,7.65500020980835,7.65500020980835,569.0
2026-08-05 11:29:00,NVCR,,15.949999809265137,15.96500015258789,15.9350004196167,15.9350004196167,2181.0
2026-08-05 11:29:00,NVDA,,219.11000061035156,219.2100067138672,218.9550018310547,219.07000732421875,206327.0
2026-08-05 11:29:00,NVMI,,409.2449951171875,409.2449951171875,409.2449951171875,409.2449951171875,146.0
2026-08-05 11:29:00,NVTS,,12.479999542236328,12.489999771118164,12.46500015258789,12.469900131225586,10281.0
2026-08-05 11:29:00,NWBI,,15.920000076293945,15.9350004196167,15.920000076293945,15.9350004196167,9353.0
2026-08-05 11:29:00,NWL,,6.235000133514404,6.235000133514404,6.230000019073486,6.230000019073486,6361.0
2026-08-05 11:29:00,NWS,,32.27000045776367,32.279998779296875,32.26499938964844,32.26499938964844,2921.0
2026-08-05 11:29:00,NWSA,,28.225000381469727,28.225000381469727,28.204999923706055,28.209999084472656,3977.0
2026-08-05 11:29:00,NXPI,,229.7899932861328,229.85000610351562,229.63999938964844,229.72000122070312,1471.0
2026-08-05 11:29:00,NXT,,99.00499725341797,99.00499725341797,98.9749984741211,98.9749984741211,1434.0
2026-08-05 11:29:00,OBIO,,4.199999809265137,4.199999809265137,4.199999809265137,4.199999809265137,564.0
2026-08-05 11:29:00,OCCI,,2.4667000770568848,2.4667000770568848,2.4649999141693115,2.4649999141693115,677.0
2026-08-05 11:29:00,OCFC,,19.7450008392334,19.7450008392334,19.739999771118164,19.7450008392334,2261.0
2026-08-05 11:29:00,OCGN,,1.2900999784469604,1.2949999570846558,1.2899999618530273,1.2899999618530273,3085.0
2026-08-05 11:29:00,OCSL,,12.114999771118164,12.114999771118164,12.114999771118164,12.114999771118164,165.0
2026-08-05 11:29:00,OCUL,,8.479999542236328,8.479999542236328,8.479999542236328,8.479999542236328,1928.0
2026-08-05 11:29:00,OESX,,15.199999809265137,15.220000267028809,15.199999809265137,15.220000267028809,2717.0
2026-08-05 11:29:00,OFIX,,10.625,10.625,10.625,10.625,0.0
2026-08-05 11:29:00,OGI,,0.9610999822616577,0.9610999822616577,0.9610999822616577,0.9610999822616577,700.0
2026-08-05 11:29:00,OKTA,,147.64999389648438,147.78500366210938,147.64999389648438,147.77999877929688,2309.0
2026-08-05 11:29:00,OLLI,,78.46499633789062,78.46499633789062,78.44999694824219,78.44999694824219,2105.0
2026-08-05 11:29:00,OMH,,0.11110000312328339,0.11110000312328339,0.11100000143051147,0.11100000143051147,3637.0
2026-08-05 11:29:00,ON,,77.06500244140625,77.08999633789062,76.97000122070312,76.9800033569336,24038.0
2026-08-05 11:29:00,ONB,,26.987600326538086,26.99519920349121,26.984600067138672,26.989999771118164,5710.0
2026-08-05 11:29:00,ONDS,,8.76990032196045,8.779999732971191,8.75,8.760000228881836,238792.0
2026-08-05 11:29:00,ONFO,,0.07580000162124634,0.07609999924898148,0.0754999965429306,0.0754999965429306,81149.0
2026-08-05 11:29:00,OPBK,,15.75,15.75,15.75,15.75,111.0
2026-08-05 11:29:00,OPCH,,23.389999389648438,23.389999389648438,23.3799991607666,23.3799991607666,2316.0
2026-08-05 11:29:00,OPEN,,3.9000000953674316,3.9000000953674316,3.884999990463257,3.8949999809265137,152822.0
2026-08-05 11:29:00,OPHC,,8.510000228881836,8.550000190734863,8.510000228881836,8.550000190734863,511.0
2026-08-05 11:29:00,OPK,,1.3122999668121338,1.3186999559402466,1.309999942779541,1.3186999559402466,2458.0
2026-08-05 11:29:00,ORGO,,2.359999895095825,2.359999895095825,2.359999895095825,2.359999895095825,658.0
2026-08-05 11:29:00,ORLY,,92.70999908447266,92.72000122070312,92.67500305175781,92.72000122070312,10047.0
2026-08-05 11:29:00,ORRF,,43.38999938964844,43.38999938964844,43.38999938964844,43.38999938964844,354.0
2026-08-05 11:29:00,OSPN,,16.530000686645508,16.530000686645508,16.489999771118164,16.5,1302.0
2026-08-05 11:29:00,OSS,,14.0600004196167,14.0600004196167,14.0600004196167,14.0600004196167,644.0
2026-08-05 11:29:00,OTEX,,25.81999969482422,25.825000762939453,25.815000534057617,25.815000534057617,2745.0
2026-08-05 11:29:00,OTTR,,92.62000274658203,92.62000274658203,92.62000274658203,92.62000274658203,2654.0
2026-08-05 11:29:00,OVID,,2.630000114440918,2.630000114440918,2.619999885559082,2.619999885559082,4594.0
2026-08-05 11:29:00,OXLC,,9.085000038146973,9.085000038146973,9.085000038146973,9.085000038146973,174.0
2026-08-05 11:29:00,OXSQ,,1.4900000095367432,1.4900000095367432,1.4900000095367432,1.4900000095367432,1500.0
2026-08-05 11:29:00,PAA,,23.209999084472656,23.209999084472656,23.200000762939453,23.200000762939453,3763.0
2026-08-05 11:29:00,PAAS,,48.54999923706055,48.59000015258789,48.54010009765625,48.54010009765625,6847.0
2026-08-05 11:29:00,PACB,,1.409999966621399,1.4199999570846558,1.409999966621399,1.4149999618530273,40160.0
2026-08-05 11:29:00,PALI,,2.0950000286102295,2.0999999046325684,2.0950000286102295,2.0950000286102295,1395.0
2026-08-05 11:29:00,PANW,,363.7349853515625,364.0400085449219,363.7349853515625,363.864990234375,5634.0
2026-08-05 11:29:00,PATK,,87.19999694824219,87.19999694824219,87.19999694824219,87.19999694824219,620.0
2026-08-05 11:29:00,PAVS,,5.0,5.0,5.0,5.0,2009.0
2026-08-05 11:29:00,PAX,,11.430000305175781,11.4399995803833,11.425000190734863,11.425000190734863,1429.0
2026-08-05 11:29:00,PAYO,,7.125,7.130000114440918,7.119999885559082,7.125,3069.0
2026-08-05 11:29:00,PAYS,,9.180100440979004,9.180100440979004,9.180100440979004,9.180100440979004,615.0
2026-08-05 11:29:00,PAYX,,116.37000274658203,116.45999908447266,116.37000274658203,116.45999908447266,3223.0
2026-08-05 11:29:00,PCAR,,133.5050048828125,133.5050048828125,133.39999389648438,133.39999389648438,45684.0
2026-08-05 11:29:00,PCRX,,25.09000015258789,25.09000015258789,25.020000457763672,25.079999923706055,919.0
2026-08-05 11:29:00,PCT,,6.920000076293945,6.926799774169922,6.920000076293945,6.925000190734863,5587.0
2026-08-05 11:29:00,PCTY,,144.6074981689453,145.0500030517578,144.6074981689453,145.0500030517578,2025.0
2026-08-05 11:29:00,PDD,,91.4000015258789,91.44000244140625,91.4000015258789,91.4000015258789,15389.0
2026-08-05 11:29:00,PEBO,,41.57500076293945,41.57500076293945,41.57500076293945,41.57500076293945,830.0
2026-08-05 11:29:00,PECO,,41.349998474121094,41.349998474121094,41.349998474121094,41.349998474121094,740.0
2026-08-05 11:29:00,PEGA,,31.59000015258789,31.59000015258789,31.59000015258789,31.59000015258789,125.0
2026-08-05 11:29:00,PENN,,19.959999084472656,19.96500015258789,19.950000762939453,19.950000762939453,4133.0
2026-08-05 11:29:00,PEP,,138.08999633789062,138.11500549316406,138.02999877929688,138.02999877929688,9213.0
2026-08-05 11:29:00,PEPG,,1.899999976158142,1.9049999713897705,1.899999976158142,1.9049999713897705,1259.0
2026-08-05 11:29:00,PFG,,114.02999877929688,114.02999877929688,114.02999877929688,114.02999877929688,358.0
2026-08-05 11:29:00,PGEN,,6.989999771118164,6.999800205230713,6.96999979019165,6.974999904632568,7781.0
2026-08-05 11:29:00,PGNY,,31.600000381469727,31.601699829101562,31.59000015258789,31.601699829101562,946.0
2026-08-05 11:29:00,PGY,,21.81999969482422,21.81999969482422,21.770000457763672,21.770000457763672,1538.0
2026-08-05 11:29:00,PHAT,,8.489999771118164,8.5,8.489999771118164,8.489999771118164,15633.0
2026-08-05 11:29:00,PHVS,,32.93000030517578,33.040000915527344,32.84000015258789,32.84000015258789,1080.0
2026-08-05 11:29:00,PLAB,,32.141998291015625,32.141998291015625,32.13999938964844,32.13999938964844,1598.0
2026-08-05 11:29:00,PLPC,,456.3800048828125,456.3800048828125,456.3800048828125,456.3800048828125,83.0
2026-08-05 11:29:00,PLUG,,2.1050000190734863,2.1050000190734863,2.0999999046325684,2.1050000190734863,63513.0
2026-08-05 11:29:00,PMN,,13.149999618530273,13.399999618530273,13.149999618530273,13.149999618530273,1400.0
2026-08-05 11:29:00,PNFP,,107.43000030517578,107.51000213623047,107.41500091552734,107.51000213623047,895.0
2026-08-05 11:29:00,PNRG,,182.41000366210938,182.41000366210938,182.41000366210938,182.41000366210938,301.0
2026-08-05 11:29:00,POET,,8.279000282287598,8.28499984741211,8.274999618530273,8.280099868774414,16056.0
2026-08-05 11:29:00,POOL,,204.6575927734375,204.7100067138672,204.6575927734375,204.7100067138672,675.0
2026-08-05 11:29:00,POWL,,211.4499969482422,211.4499969482422,211.19000244140625,211.19000244140625,463.0
2026-08-05 11:29:00,PPSI,,2.9700000286102295,2.9700000286102295,2.9700000286102295,2.9700000286102295,102.0
2026-08-05 11:29:00,PRCH,,15.970000267028809,16.0,15.960000038146973,16.0,16592.0
2026-08-05 11:29:00,PRCT,,19.05500030517578,19.05500030517578,19.049999237060547,19.049999237060547,2287.0
2026-08-05 11:29:00,PRE,,18.860000610351562,18.860000610351562,18.860000610351562,18.860000610351562,562.0
2026-08-05 11:29:00,PRIM,,85.83000183105469,85.8499984741211,85.83000183105469,85.8499984741211,1183.0
2026-08-05 11:29:00,PRME,,2.9600000381469727,2.9649999141693115,2.9600000381469727,2.9600000381469727,5122.0
2026-08-05 11:29:00,PRSO,,0.6938999891281128,0.6956999897956848,0.6938999891281128,0.6956999897956848,517.0
2026-08-05 11:29:00,PRVA,,24.049999237060547,24.05500030517578,24.049999237060547,24.049999237060547,851.0
2026-08-05 11:29:00,PSEC,,2.180000066757202,2.190000057220459,2.180000066757202,2.180000066757202,1183.0
2026-08-05 11:29:00,PSNL,,13.550000190734863,13.550000190734863,13.520000457763672,13.529999732971191,1961.0
2026-08-05 11:29:00,PTCT,,69.0199966430664,69.0199966430664,68.98999786376953,68.98999786376953,2227.0
2026-08-05 11:29:00,PTEN,,9.755000114440918,9.759900093078613,9.744999885559082,9.75,12063.0
2026-08-05 11:29:00,PTON,,6.545000076293945,6.550000190734863,6.539999961853027,6.539999961853027,1317.0
2026-08-05 11:29:00,PWP,,17.3700008392334,17.3700008392334,17.360000610351562,17.360000610351562,1394.0
2026-08-05 11:29:00,PYPD,,4.474999904632568,4.474999904632568,4.474999904632568,4.474999904632568,245.0
2026-08-05 11:29:00,PYPL,,58.345001220703125,58.39500045776367,58.34000015258789,58.35139846801758,17190.0
2026-08-05 11:29:00,PYXS,,3.1500000953674316,3.1500000953674316,3.1500000953674316,3.1500000953674316,3082.0
2026-08-05 11:29:00,PZZA,,30.3700008392334,30.510000228881836,30.299999237060547,30.510000228881836,55083.0
2026-08-05 11:29:00,QCOM,,157.35499572753906,157.39999389648438,157.27999877929688,157.35000610351562,17170.0
2026-08-05 11:29:00,QRVO,,94.5199966430664,94.5199966430664,94.5199966430664,94.5199966430664,203.0
2026-08-05 11:29:00,SEED,,0.993399977684021,0.993399977684021,0.9843999743461609,0.9843999743461609,4071.0
2026-08-05 11:29:00,STIM,,2.25,2.2799999713897705,2.25,2.25,15590.0
2026-08-05 11:29:00,TARA,,4.025000095367432,4.025000095367432,4.025000095367432,4.025000095367432,1164.0
2026-08-05 11:29:00,WOOF,,2.927299976348877,2.927299976348877,2.927299976348877,2.927299976348877,328.0
2026-08-05 11:30:00,ACDC,,4.364999771118164,4.375,4.364999771118164,4.375,5356.0
2026-08-05 11:30:00,EYE,,23.235000610351562,23.235000610351562,23.19499969482422,23.200000762939453,3625.0
2026-08-05 11:30:00,GLUE,,15.890000343322754,15.890000343322754,15.850000381469727,15.859999656677246,2235.0
2026-08-05 11:30:00,LUNG,,1.9199999570846558,1.9199999570846558,1.9199999570846558,1.9199999570846558,1341.0
2026-08-05 11:30:00,MBRX,,0.4180000126361847,0.4180000126361847,0.4180000126361847,0.4180000126361847,2099.0
2026-08-05 11:30:00,MDB,,377.1600036621094,377.2200012207031,376.06500244140625,376.06500244140625,18614.0
2026-08-05 11:30:00,MDLZ,,61.9900016784668,62.005001068115234,61.974998474121094,61.97840118408203,7307.0
2026-08-05 11:30:00,MLTX,,17.59000015258789,17.59000015258789,17.59000015258789,17.59000015258789,104.0
2026-08-05 11:30:00,MNST,,94.51000213623047,94.51000213623047,94.5,94.5,1849.0
2026-08-05 11:30:00,MORN,,198.88499450683594,198.88499450683594,198.88499450683594,198.88499450683594,519.0
2026-08-05 11:30:00,MOVE,,11.933699607849121,11.933699607849121,11.933699607849121,11.933699607849121,1400.0
2026-08-05 11:30:00,MPWR,,1314.8800048828125,1315.719970703125,1313.8699951171875,1313.8699951171875,1582.0
2026-08-05 11:30:00,MRNA,,57.5,57.5,57.34000015258789,57.34000015258789,7834.0
2026-08-05 11:30:00,MVBF,,30.600000381469727,30.600000381469727,30.540000915527344,30.540000915527344,2669.0
2026-08-05 11:30:00,MYGN,,3.2149999141693115,3.2149999141693115,3.2149999141693115,3.2149999141693115,1343.0
2026-08-05 11:30:00,NB,,5.070000171661377,5.070000171661377,5.070000171661377,5.070000171661377,2794.0
2026-08-05 11:30:00,NBIX,,163.80999755859375,163.9600067138672,163.80999755859375,163.81500244140625,1877.0
2026-08-05 11:30:00,NDAQ,,94.62999725341797,94.62999725341797,94.56999969482422,94.56999969482422,718.0
2026-08-05 11:30:00,NDSN,,310.614990234375,310.614990234375,310.614990234375,310.614990234375,880.0
2026-08-05 11:30:00,NEO,,16.170000076293945,16.170000076293945,16.139999389648438,16.145000457763672,3839.0
2026-08-05 11:30:00,NEOG,,11.574999809265137,11.579999923706055,11.569999694824219,11.574999809265137,5637.0
2026-08-05 11:30:00,NEOV,,2.8450000286102295,2.8499999046325684,2.8399999141693115,2.8399999141693115,3359.0
2026-08-05 11:30:00,NESR,,28.5,28.5,28.479999542236328,28.479999542236328,3395.0
2026-08-05 11:30:00,NEXT,,6.389999866485596,6.389999866485596,6.389999866485596,6.389999866485596,1873.0
2026-08-05 11:30:00,NFLX,,74.04000091552734,74.08000183105469,74.0199966430664,74.07499694824219,68427.0
2026-08-05 11:30:00,NGNE,,34.7599983215332,34.7599983215332,34.7599983215332,34.7599983215332,119.0
2026-08-05 11:30:00,NKTR,,72.9000015258789,72.9000015258789,72.9000015258789,72.9000015258789,638.0
2026-08-05 11:30:00,NKTX,,2.174999952316284,2.174999952316284,2.174999952316284,2.174999952316284,844.0
2026-08-05 11:30:00,NMIH,,44.45000076293945,44.45000076293945,44.45000076293945,44.45000076293945,1253.0
2026-08-05 11:30:00,NN,,14.21500015258789,14.220000267028809,14.194999694824219,14.220000267028809,8840.0
2026-08-05 11:30:00,NNBR,,3.809999942779541,3.815000057220459,3.809999942779541,3.815000057220459,429.0
2026-08-05 11:30:00,NNDM,,1.5449999570846558,1.5449999570846558,1.5449999570846558,1.5449999570846558,2204.0
2026-08-05 11:30:00,NRDS,,9.1850004196167,9.1850004196167,9.180000305175781,9.180000305175781,1677.0
2026-08-05 11:30:00,NRIM,,26.93000030517578,26.93000030517578,26.93000030517578,26.93000030517578,201.0
2026-08-05 11:30:00,NRIX,,24.6299991607666,24.6299991607666,24.6299991607666,24.6299991607666,271.0
2026-08-05 11:30:00,NRSN,,0.5339000225067139,0.5339000225067139,0.5339000225067139,0.5339000225067139,100.0
2026-08-05 11:30:00,NRXP,,3.0450000762939453,3.0450000762939453,3.0450000762939453,3.0450000762939453,552.0
2026-08-05 11:30:00,NTAP,,188.50999450683594,188.50999450683594,188.31500244140625,188.31500244140625,5476.0
2026-08-05 11:30:00,NTCT,,42.0,42.0,41.970001220703125,41.970001220703125,1515.0
2026-08-05 11:30:00,NTES,,127.8499984741211,127.8499984741211,127.83999633789062,127.83999633789062,1217.0
2026-08-05 11:30:00,NTGR,,24.395000457763672,24.395000457763672,24.395000457763672,24.395000457763672,461.0
2026-08-05 11:30:00,NTNX,,60.44499969482422,60.44499969482422,60.36000061035156,60.439998626708984,7034.0
2026-08-05 11:30:00,NTRA,,276.8999938964844,276.8999938964844,276.4599914550781,276.5199890136719,2460.0
2026-08-05 11:30:00,NTRS,,183.85499572753906,183.9199981689453,183.85499572753906,183.9199981689453,1494.0
2026-08-05 11:30:00,NTRSO,,18.390100479125977,18.390100479125977,18.390100479125977,18.390100479125977,285.0
2026-08-05 11:30:00,NUTX,,157.6199951171875,157.6199951171875,157.60000610351562,157.60000610351562,1286.0
2026-08-05 11:30:00,NUWE,,1.715000033378601,1.715000033378601,1.7000000476837158,1.7100000381469727,7906.0
2026-08-05 11:30:00,NVAX,,7.670000076293945,7.670000076293945,7.6504998207092285,7.6504998207092285,6023.0
2026-08-05 11:30:00,NVDA,,219.4199981689453,219.47999572753906,219.08009338378906,219.0989990234375,198808.0
2026-08-05 11:30:00,NVEC,,128.49000549316406,129.20669555664062,128.49000549316406,129.20669555664062,479.0
2026-08-05 11:30:00,NVMI,,409.25,409.25,409.25,409.25,399.0
2026-08-05 11:30:00,NVTS,,12.520000457763672,12.520000457763672,12.460100173950195,12.470000267028809,11332.0
2026-08-05 11:30:00,NWBI,,15.925000190734863,15.925000190734863,15.920000076293945,15.920000076293945,807.0
2026-08-05 11:30:00,NWL,,6.239999771118164,6.244999885559082,6.230000019073486,6.235000133514404,29557.0
2026-08-05 11:30:00,NWPX,,127.75,127.75,127.75,127.75,852.0
2026-08-05 11:30:00,NWS,,32.2599983215332,32.27000045776367,32.2599983215332,32.27000045776367,2059.0
2026-08-05 11:30:00,NWSA,,28.204999923706055,28.219999313354492,28.204999923706055,28.219999313354492,3630.0
2026-08-05 11:30:00,NXL,,0.36039999127388,0.36039999127388,0.36039999127388,0.36039999127388,2200.0
2026-08-05 11:30:00,NXPI,,230.0,230.125,229.8300018310547,229.8300018310547,2679.0
2026-08-05 11:30:00,NXT,,99.04499816894531,99.08499908447266,99.04499816894531,99.05999755859375,2828.0
2026-08-05 11:30:00,NYXH,,1.4199999570846558,1.4199999570846558,1.4199999570846558,1.4199999570846558,527.0
2026-08-05 11:30:00,OBIO,,4.215000152587891,4.215000152587891,4.210000038146973,4.210000038146973,866.0
2026-08-05 11:30:00,OCC,,15.8149995803833,15.8149995803833,15.8149995803833,15.8149995803833,4198.0
2026-08-05 11:30:00,OCFC,,19.7450008392334,19.7450008392334,19.739999771118164,19.739999771118164,1054.0
2026-08-05 11:30:00,OCGN,,1.2949999570846558,1.2999000549316406,1.2899999618530273,1.2999000549316406,18050.0
2026-08-05 11:30:00,OCSL,,12.104999542236328,12.104999542236328,12.101099967956543,12.101099967956543,1030.0
2026-08-05 11:30:00,OCUL,,8.489999771118164,8.489999771118164,8.489999771118164,8.489999771118164,1364.0
2026-08-05 11:30:00,ODD,,15.09000015258789,15.09000015258789,15.069999694824219,15.069999694824219,382.0
2026-08-05 11:30:00,ODFL,,215.11000061035156,215.11000061035156,215.11000061035156,215.11000061035156,1854.0
2026-08-05 11:30:00,OESX,,14.746600151062012,15.100000381469727,14.66450023651123,15.100000381469727,5291.0
2026-08-05 11:30:00,OFIX,,10.720000267028809,10.720000267028809,10.649999618530273,10.649999618530273,8008.0
2026-08-05 11:30:00,OGI,,0.9610999822616577,0.9610999822616577,0.9610999822616577,0.9610999822616577,301.0
2026-08-05 11:30:00,OKTA,,147.85000610351562,147.8699951171875,147.73500061035156,147.75999450683594,1973.0
2026-08-05 11:30:00,OLLI,,78.47000122070312,78.47000122070312,78.47000122070312,78.47000122070312,1572.0
2026-08-05 11:30:00,OM,,4.96999979019165,4.96999979019165,4.96999979019165,4.96999979019165,183.0
2026-08-05 11:30:00,OMCL,,37.2400016784668,37.2400016784668,37.2400016784668,37.2400016784668,372.0
2026-08-05 11:30:00,OMER,,12.779999732971191,12.779999732971191,12.770000457763672,12.770000457763672,766.0
2026-08-05 11:30:00,OMH,,0.11100000143051147,0.11140000075101852,0.11100000143051147,0.11140000075101852,14185.0
2026-08-05 11:30:00,ON,,77.25,77.25,77.05999755859375,77.05999755859375,28870.0
2026-08-05 11:30:00,ONB,,26.980100631713867,26.985000610351562,26.980100631713867,26.985000610351562,7413.0
2026-08-05 11:30:00,ONBPO,,24.75,24.75,24.75,24.75,135.0
2026-08-05 11:30:00,ONDS,,8.800000190734863,8.805000305175781,8.765000343322754,8.765000343322754,243315.0
2026-08-05 11:30:00,ONEW,,12.699999809265137,12.699999809265137,12.699999809265137,12.699999809265137,376.0
2026-08-05 11:30:00,ONFO,,0.07569999992847443,0.07599999755620956,0.0754999965429306,0.07580000162124634,33244.0
2026-08-05 11:30:00,OPBK,,15.800000190734863,15.800000190734863,15.800000190734863,15.800000190734863,106.0
2026-08-05 11:30:00,OPCH,,23.399999618530273,23.399999618530273,23.399999618530273,23.399999618530273,2210.0
2026-08-05 11:30:00,OPEN,,3.9000000953674316,3.9000000953674316,3.8901000022888184,3.8949999809265137,40135.0
2026-08-05 11:30:00,OPHC,,8.510000228881836,8.510000228881836,8.510000228881836,8.510000228881836,238.0
2026-08-05 11:30:00,OPK,,1.309999942779541,1.309999942779541,1.309999942779541,1.309999942779541,2228.0
2026-08-05 11:30:00,ORIC,,13.28499984741211,13.28499984741211,13.229999542236328,13.229999542236328,3262.0
2026-08-05 11:30:00,ORLY,,92.72000122070312,92.73999786376953,92.68000030517578,92.72000122070312,10100.0
2026-08-05 11:30:00,OSBC,,25.774999618530273,25.774999618530273,25.774999618530273,25.774999618530273,1416.0
2026-08-05 11:30:00,OSIS,,235.27000427246094,235.27000427246094,235.27000427246094,235.27000427246094,1630.0
2026-08-05 11:30:00,OSS,,14.064000129699707,14.079999923706055,14.064000129699707,14.069999694824219,453.0
2026-08-05 11:30:00,OSW,,26.670000076293945,26.670000076293945,26.667499542236328,26.667499542236328,1129.0
2026-08-05 11:30:00,OTEX,,25.84000015258789,25.84000015258789,25.81999969482422,25.81999969482422,1951.0
2026-08-05 11:30:00,OTLK,,1.0149999856948853,1.0199999809265137,1.0149999856948853,1.0149999856948853,3656.0
2026-08-05 11:30:00,PAA,,23.184999465942383,23.20560073852539,23.184999465942383,23.204999923706055,8145.0
2026-08-05 11:30:00,PAAS,,48.619998931884766,48.619998931884766,48.55500030517578,48.584999084472656,11161.0
2026-08-05 11:30:00,PACB,,1.4149999618530273,1.4149999618530273,1.4149999618530273,1.4149999618530273,8926.0
2026-08-05 11:30:00,PAGP,,25.104999542236328,25.104999542236328,25.104999542236328,25.104999542236328,1521.0
2026-08-05 11:30:00,PALI,,2.0999999046325684,2.0999999046325684,2.0950000286102295,2.0999999046325684,5113.0
2026-08-05 11:30:00,PANW,,363.5199890136719,363.6700134277344,363.05999755859375,363.53509521484375,13737.0
2026-08-05 11:30:00,PATK,,87.31999969482422,87.37000274658203,87.31999969482422,87.37000274658203,473.0
2026-08-05 11:30:00,PAVS,,5.026400089263916,5.059899806976318,4.929999828338623,4.989999771118164,4175.0
2026-08-05 11:30:00,PAX,,11.430000305175781,11.4350004196167,11.425000190734863,11.4350004196167,5222.0
2026-08-05 11:30:00,PAYO,,7.130000114440918,7.130000114440918,7.119999885559082,7.125,947.0
2026-08-05 11:30:00,PAYS,,9.180000305175781,9.180000305175781,9.180000305175781,9.180000305175781,1049.0
2026-08-05 11:30:00,PAYX,,116.38999938964844,116.41000366210938,116.29000091552734,116.34500122070312,6701.0
2026-08-05 11:30:00,PCAR,,133.58999633789062,133.60000610351562,133.5050048828125,133.5050048828125,1481.0
2026-08-05 11:30:00,PCRX,,25.06999969482422,25.1200008392334,25.0,25.03499984741211,6327.0
2026-08-05 11:30:00,PCT,,6.940000057220459,6.940000057220459,6.929999828338623,6.929999828338623,3446.0
2026-08-05 11:30:00,PCTY,,144.6699981689453,144.94500732421875,144.6699981689453,144.9425048828125,1108.0
2026-08-05 11:30:00,PDD,,91.33999633789062,91.41000366210938,91.33999633789062,91.41000366210938,17097.0
2026-08-05 11:30:00,PECO,,41.31999969482422,41.33000183105469,41.31999969482422,41.33000183105469,1113.0
2026-08-05 11:30:00,PEGA,,31.6200008392334,31.6200008392334,31.584999084472656,31.59000015258789,3622.0
2026-08-05 11:30:00,PENN,,19.950000762939453,19.959999084472656,19.950000762939453,19.959999084472656,7304.0
2026-08-05 11:30:00,PEP,,138.0800018310547,138.10499572753906,138.07000732421875,138.10000610351562,8637.0
2026-08-05 11:30:00,PEPG,,1.9049999713897705,1.9049999713897705,1.899999976158142,1.9049999713897705,758.0
2026-08-05 11:30:00,PESI,,17.719999313354492,17.719999313354492,17.690000534057617,17.690000534057617,707.0
2026-08-05 11:30:00,PFG,,113.9000015258789,113.94999694824219,113.83999633789062,113.94999694824219,2770.0
2026-08-05 11:30:00,PGEN,,6.991000175476074,6.994999885559082,6.985000133514404,6.989999771118164,11692.0
2026-08-05 11:30:00,PGNY,,31.610000610351562,31.610000610351562,31.59000015258789,31.59000015258789,1843.0
2026-08-05 11:30:00,PGY,,21.860000610351562,21.860000610351562,21.84000015258789,21.84000015258789,1541.0
2026-08-05 11:30:00,PHAT,,8.489999771118164,8.5,8.489999771118164,8.489999771118164,4912.0
2026-08-05 11:30:00,PHVS,,32.9900016784668,32.9900016784668,32.91999816894531,32.91999816894531,618.0
2026-08-05 11:30:00,PLAB,,32.13999938964844,32.14500045776367,32.099998474121094,32.14500045776367,1542.0
2026-08-05 11:30:00,PLMR,,134.15499877929688,134.15499877929688,134.15499877929688,134.15499877929688,463.0
2026-08-05 11:30:00,PLPC,,460.7699890136719,460.7699890136719,456.8599853515625,456.8599853515625,1728.0
2026-08-05 11:30:00,PLUG,,2.1050000190734863,2.1050000190734863,2.0999999046325684,2.102099895477295,11065.0
2026-08-05 11:30:00,PLXS,,273.9200134277344,273.9200134277344,273.9200134277344,273.9200134277344,637.0
2026-08-05 11:30:00,PNFP,,107.44000244140625,107.44000244140625,107.44000244140625,107.44000244140625,703.0
2026-08-05 11:30:00,PNRG,,182.36000061035156,182.36000061035156,182.36000061035156,182.36000061035156,1504.0
2026-08-05 11:30:00,PNTG,,38.73500061035156,38.73500061035156,38.73500061035156,38.73500061035156,140.0
2026-08-05 11:30:00,POET,,8.3100004196167,8.3100004196167,8.283499717712402,8.283499717712402,7345.0
2026-08-05 11:30:00,POOL,,204.75,204.75,204.74000549316406,204.74000549316406,2138.0
2026-08-05 11:30:00,POWI,,61.8849983215332,61.88999938964844,61.83000183105469,61.83000183105469,829.0
2026-08-05 11:30:00,POWL,,213.0399932861328,213.0399932861328,211.42999267578125,211.4499969482422,3797.0
2026-08-05 11:30:00,PPC,,26.690000534057617,26.690000534057617,26.610000610351562,26.610000610351562,13371.0
2026-08-05 11:30:00,PPTA,,22.68000030517578,22.700000762939453,22.68000030517578,22.700000762939453,3185.0
2026-08-05 11:30:00,PRCH,,16.0,16.010000228881836,15.989999771118164,15.989999771118164,5150.0
2026-08-05 11:30:00,PRCT,,19.1299991607666,19.1299991607666,19.05500030517578,19.05500030517578,7797.0
2026-08-05 11:30:00,PRDO,,32.939998626708984,32.959999084472656,32.939998626708984,32.959999084472656,774.0
2026-08-05 11:30:00,PRFX,,1.1101000308990479,1.1101000308990479,1.1101000308990479,1.1101000308990479,399.0
2026-08-05 11:30:00,PRGS,,41.91999816894531,41.91999816894531,41.91999816894531,41.91999816894531,415.0
2026-08-05 11:30:00,PRIM,,85.5999984741211,86.13999938964844,85.5999984741211,85.81999969482422,11052.0
2026-08-05 11:30:00,PRME,,2.9649999141693115,2.9649999141693115,2.9549999237060547,2.9549999237060547,9026.0
2026-08-05 11:30:00,PRQR,,1.899999976158142,1.899999976158142,1.899999976158142,1.899999976158142,5019.0
2026-08-05 11:30:00,PRSO,,0.6974999904632568,0.6974999904632568,0.6974999904632568,0.6974999904632568,327.0
2026-08-05 11:30:00,PRVA,,24.045000076293945,24.045000076293945,24.045000076293945,24.045000076293945,845.0
2026-08-05 11:30:00,PRZO,,0.5457000136375427,0.5457000136375427,0.5457000136375427,0.5457000136375427,3467.0
2026-08-05 11:30:00,PSEC,,2.184999942779541,2.184999942779541,2.180000066757202,2.180000066757202,9653.0
2026-08-05 11:30:00,PSNL,,13.5600004196167,13.5600004196167,13.539999961853027,13.550000190734863,1270.0
2026-08-05 11:30:00,PTC,,140.0500030517578,140.0500030517578,140.0500030517578,140.0500030517578,748.0
2026-08-05 11:30:00,PTEN,,9.760000228881836,9.760000228881836,9.755000114440918,9.755000114440918,3101.0
2026-08-05 11:30:00,PTGX,,136.35000610351562,136.35000610351562,136.33999633789062,136.33999633789062,1147.0
2026-08-05 11:30:00,PTON,,6.519999980926514,6.550000190734863,6.519999980926514,6.550000190734863,82011.0
2026-08-05 11:30:00,PWP,,17.360000610351562,17.360000610351562,17.360000610351562,17.360000610351562,652.0
2026-08-05 11:30:00,PYPL,,58.349998474121094,58.36000061035156,58.3400993347168,58.345001220703125,32459.0
2026-08-05 11:30:00,PYXS,,3.1449999809265137,3.1449999809265137,3.1449999809265137,3.1449999809265137,235.0
2026-08-05 11:30:00,PZZA,,30.40999984741211,30.440000534057617,30.364999771118164,30.3700008392334,7633.0
2026-08-05 11:30:00,QCOM,,157.77999877929688,157.77999877929688,157.38999938964844,157.40499877929688,27601.0
2026-08-05 11:30:00,QCRH,,104.83999633789062,104.83999633789062,104.83999633789062,104.83999633789062,580.0
2026-08-05 11:30:00,QFIN,,13.34000015258789,13.350000381469727,13.34000015258789,13.350000381469727,816.0
2026-08-05 11:30:00,QRVO,,94.55999755859375,94.58000183105469,94.52999877929688,94.52999877929688,2330.0
2026-08-05 11:30:00,SEED,,0.9934999942779541,0.9934999942779541,0.9843999743461609,0.9934999942779541,6821.0
2026-08-05 11:30:00,STIM,,2.25,2.255000114440918,2.25,2.250999927520752,11127.0
2026-08-05 11:30:00,TARA,,4.03000020980835,4.03000020980835,4.03000020980835,4.03000020980835,101.0
2026-08-05 11:30:00,WOOF,,2.924999952316284,2.9298999309539795,2.924999952316284,2.9298999309539795,3910.0
2026-08-05 11:31:00,EYE,,23.264999389648438,23.270000457763672,23.239999771118164,23.239999771118164,2448.0
2026-08-05 11:31:00,GLUE,,15.890000343322754,15.890000343322754,15.890000343322754,15.890000343322754,545.0
2026-08-05 11:31:00,KITT,,1.0850000381469727,1.0850000381469727,1.0850000381469727,1.0850000381469727,102.0
2026-08-05 11:31:00,LUNG,,1.940999984741211,1.940999984741211,1.9299999475479126,1.9299999475479126,1450.0
2026-08-05 11:31:00,MBRX,,0.42260000109672546,0.42410001158714294,0.41990000009536743,0.41999998688697815,27799.0
2026-08-05 11:31:00,MDB,,376.6700134277344,377.1300048828125,376.6700134277344,377.1300048828125,785.0
2026-08-05 11:31:00,MDLZ,,61.95000076293945,61.9900016784668,61.95000076293945,61.97999954223633,8897.0
2026-08-05 11:31:00,MLTX,,17.55500030517578,17.579999923706055,17.55500030517578,17.579999923706055,2120.0
2026-08-05 11:31:00,MNRO,,13.149999618530273,13.149999618530273,13.130000114440918,13.130000114440918,2943.0
2026-08-05 11:31:00,MNST,,94.47000122070312,94.51000213623047,94.47000122070312,94.51000213623047,3869.0
2026-08-05 11:31:00,MODD,,2.059999942779541,2.059999942779541,2.059999942779541,2.059999942779541,490.0
2026-08-05 11:31:00,MPWR,,1319.8800048828125,1321.510009765625,1314.8800048828125,1315.1099853515625,2224.0
2026-08-05 11:31:00,MRNA,,57.5,57.54999923706055,57.5,57.5,6071.0
2026-08-05 11:31:00,MVBF,,30.450000762939453,30.450000762939453,30.450000762939453,30.450000762939453,2353.0
2026-08-05 11:31:00,MYGN,,3.2249999046325684,3.2249999046325684,3.2200000286102295,3.2200000286102295,5299.0
2026-08-05 11:31:00,MYPS,,0.7207000255584717,0.7207000255584717,0.7207000255584717,0.7207000255584717,298.0
2026-08-05 11:31:00,MYRG,,340.760009765625,340.760009765625,340.6000061035156,340.6000061035156,225.0
2026-08-05 11:31:00,NAVI,,9.109999656677246,9.109999656677246,9.109999656677246,9.109999656677246,753.0
2026-08-05 11:31:00,NB,,5.065000057220459,5.074999809265137,5.059999942779541,5.070000171661377,2742.0
2026-08-05 11:31:00,NBIX,,163.8251953125,163.8251953125,163.80999755859375,163.80999755859375,628.0
2026-08-05 11:31:00,NBTB,,53.35499954223633,53.35499954223633,53.35499954223633,53.35499954223633,1077.0
2026-08-05 11:31:00,NCRA,,1.750100016593933,1.750100016593933,1.75,1.75,3044.0
2026-08-05 11:31:00,NCSM,,46.709999084472656,46.709999084472656,46.709999084472656,46.709999084472656,720.0
2026-08-05 11:31:00,NDAQ,,94.52999877929688,94.625,94.44000244140625,94.625,6549.0
2026-08-05 11:31:00,NECB,,27.270000457763672,27.270000457763672,27.270000457763672,27.270000457763672,304.0
2026-08-05 11:31:00,NEO,,16.209999084472656,16.209999084472656,16.209999084472656,16.209999084472656,383.0
2026-08-05 11:31:00,NEOG,,11.595000267028809,11.595000267028809,11.574999809265137,11.574999809265137,4633.0
2026-08-05 11:31:00,NEXT,,6.389999866485596,6.389999866485596,6.385000228881836,6.389999866485596,4369.0
2026-08-05 11:31:00,NFE,,0.3353999853134155,0.3375000059604645,0.3353999853134155,0.33640000224113464,7445.0
2026-08-05 11:31:00,NFLX,,74.01000213623047,74.04000091552734,74.01000213623047,74.04000091552734,58897.0
2026-08-05 11:31:00,NGNE,,34.81999969482422,34.84000015258789,34.77000045776367,34.77000045776367,1435.0
2026-08-05 11:31:00,NHTC,,1.7839000225067139,1.7839000225067139,1.7839000225067139,1.7839000225067139,3603.0
2026-08-05 11:31:00,NICE,,96.6500015258789,96.75,96.6500015258789,96.75,2135.0
2026-08-05 11:31:00,NIU,,2.450000047683716,2.4549999237060547,2.450000047683716,2.450000047683716,6855.0
2026-08-05 11:31:00,NMFC,,7.335000038146973,7.335000038146973,7.335000038146973,7.335000038146973,2342.0
2026-08-05 11:31:00,NMRK,,15.604999542236328,15.604999542236328,15.600000381469727,15.600000381469727,2023.0
2026-08-05 11:31:00,NN,,14.199999809265137,14.199999809265137,14.1899995803833,14.1899995803833,2672.0
2026-08-05 11:31:00,NNBR,,3.819999933242798,3.819999933242798,3.819999933242798,3.819999933242798,955.0
2026-08-05 11:31:00,NNDM,,1.5449999570846558,1.5449999570846558,1.5399999618530273,1.5449999570846558,12284.0
2026-08-05 11:31:00,NOVT,,156.77499389648438,156.77499389648438,156.77499389648438,156.77499389648438,507.0
2026-08-05 11:31:00,NPCE,,13.5600004196167,13.579999923706055,13.5600004196167,13.5600004196167,1653.0
2026-08-05 11:31:00,NRIM,,26.90999984741211,26.920000076293945,26.90999984741211,26.920000076293945,573.0
2026-08-05 11:31:00,NRIX,,24.649999618530273,24.649999618530273,24.649999618530273,24.649999618530273,302.0
2026-08-05 11:31:00,NRSN,,0.5339000225067139,0.5339000225067139,0.5339000225067139,0.5339000225067139,100.0
2026-08-05 11:31:00,NTAP,,188.8000030517578,188.8000030517578,188.50999450683594,188.50999450683594,6378.0
2026-08-05 11:31:00,NTNX,,60.470001220703125,60.470001220703125,60.41999816894531,60.41999816894531,2165.0
2026-08-05 11:31:00,NTRA,,277.07501220703125,277.2200012207031,276.5050048828125,276.80499267578125,2989.0
2026-08-05 11:31:00,NTRS,,183.84500122070312,183.85499572753906,183.83599853515625,183.85499572753906,1518.0
2026-08-05 11:31:00,NUWE,,1.715000033378601,1.715000033378601,1.7100000381469727,1.7100000381469727,3276.0
2026-08-05 11:31:00,NVAX,,7.670000076293945,7.670000076293945,7.664999961853027,7.670000076293945,4858.0
2026-08-05 11:31:00,NVCR,,15.979999542236328,15.979999542236328,15.979999542236328,15.979999542236328,704.0
2026-08-05 11:31:00,NVDA,,219.84500122070312,219.99000549316406,219.4199981689453,219.42999267578125,317204.0
2026-08-05 11:31:00,NVMI,,410.75,410.75,410.1700134277344,410.1700134277344,1572.0
2026-08-05 11:31:00,NVTS,,12.550000190734863,12.569999694824219,12.520000457763672,12.524999618530273,29393.0
2026-08-05 11:31:00,NVX,,0.40049999952316284,0.40049999952316284,0.40049999952316284,0.40049999952316284,1396.0
2026-08-05 11:31:00,NWBI,,15.930000305175781,15.930000305175781,15.930000305175781,15.930000305175781,1464.0
2026-08-05 11:31:00,NWL,,6.241099834442139,6.25,6.230000019073486,6.230000019073486,23752.0
2026-08-05 11:31:00,NWPX,,127.94000244140625,127.97000122070312,127.75,127.75,1718.0
2026-08-05 11:31:00,NWS,,32.2400016784668,32.25,32.2400016784668,32.25,2590.0
2026-08-05 11:31:00,NWSA,,28.184999465942383,28.200000762939453,28.18000030517578,28.190000534057617,7024.0
2026-08-05 11:31:00,NXPI,,230.625,230.625,230.25,230.25,2498.0
2026-08-05 11:31:00,NXT,,99.16000366210938,99.16000366210938,99.05000305175781,99.05000305175781,2306.0
2026-08-05 11:31:00,NXTC,,5.120100021362305,5.120100021362305,5.120100021362305,5.120100021362305,3815.0
2026-08-05 11:31:00,NYXH,,1.4199999570846558,1.4199999570846558,1.4149999618530273,1.4149999618530273,760.0
2026-08-05 11:31:00,OCFC,,19.735000610351562,19.7450008392334,19.729999542236328,19.7450008392334,13996.0
2026-08-05 11:31:00,OCGN,,1.2899999618530273,1.2949999570846558,1.2899999618530273,1.2949999570846558,824.0
2026-08-05 11:31:00,OCSL,,12.100000381469727,12.100000381469727,12.095000267028809,12.100000381469727,2524.0
2026-08-05 11:31:00,ODD,,15.100000381469727,15.100000381469727,15.095000267028809,15.095000267028809,1084.0
2026-08-05 11:31:00,OESX,,15.0,15.0,15.0,15.0,871.0
2026-08-05 11:31:00,OFIX,,10.71500015258789,10.720000267028809,10.6899995803833,10.720000267028809,6276.0
2026-08-05 11:31:00,OKTA,,147.85000610351562,147.85000610351562,147.85000610351562,147.85000610351562,1261.0
2026-08-05 11:31:00,OLLI,,78.55000305175781,78.55000305175781,78.55000305175781,78.55000305175781,1196.0
2026-08-05 11:31:00,OLMA,,11.670000076293945,11.670000076293945,11.670000076293945,11.670000076293945,840.0
2026-08-05 11:31:00,OMCL,,37.290000915527344,37.290000915527344,37.2400016784668,37.2400016784668,1323.0
2026-08-05 11:31:00,OMER,,12.789999961853027,12.789999961853027,12.789999961853027,12.789999961853027,599.0
2026-08-05 11:31:00,OMH,,0.1111999973654747,0.1111999973654747,0.11110000312328339,0.11110000312328339,998.0
2026-08-05 11:31:00,ON,,77.45500183105469,77.45999908447266,77.2699966430664,77.27999877929688,46196.0
2026-08-05 11:31:00,ONB,,26.975000381469727,26.985000610351562,26.975000381469727,26.985000610351562,5713.0
2026-08-05 11:31:00,ONCY,,0.7914000153541565,0.7914000153541565,0.7914000153541565,0.7914000153541565,2520.0
2026-08-05 11:31:00,ONDS,,8.795000076293945,8.800000190734863,8.78219985961914,8.800000190734863,109589.0
2026-08-05 11:31:00,ONFO,,0.07599999755620956,0.07620000094175339,0.07559999823570251,0.07590000331401825,103517.0
2026-08-05 11:31:00,OPBK,,15.739999771118164,15.739999771118164,15.739999771118164,15.739999771118164,1536.0
2026-08-05 11:31:00,OPCH,,23.375,23.440000534057617,23.364999771118164,23.43000030517578,58489.0
2026-08-05 11:31:00,OPEN,,3.890000104904175,3.9000000953674316,3.890000104904175,3.897200107574463,117323.0
2026-08-05 11:31:00,OPRT,,6.130000114440918,6.130000114440918,6.130000114440918,6.130000114440918,813.0
2026-08-05 11:31:00,ORIC,,13.260000228881836,13.28499984741211,13.25,13.28499984741211,3330.0
2026-08-05 11:31:00,ORLY,,92.72000122070312,92.7249984741211,92.67500305175781,92.69999694824219,47421.0
2026-08-05 11:31:00,OSIS,,235.93499755859375,235.94500732421875,235.93499755859375,235.94500732421875,701.0
2026-08-05 11:31:00,OSS,,14.079999923706055,14.109999656677246,14.064499855041504,14.064499855041504,3329.0
2026-08-05 11:31:00,OSUR,,4.175000190734863,4.175000190734863,4.170000076293945,4.170000076293945,1160.0
2026-08-05 11:31:00,OTEX,,25.829999923706055,25.829999923706055,25.815000534057617,25.829999923706055,1757.0
2026-08-05 11:31:00,OTLK,,1.0190000534057617,1.0190000534057617,1.0099999904632568,1.0099999904632568,861.0
2026-08-05 11:31:00,OVID,,2.640000104904175,2.640000104904175,2.630000114440918,2.630000114440918,3048.0
2026-08-05 11:31:00,OXLC,,9.085000038146973,9.085000038146973,9.085000038146973,9.085000038146973,457.0
2026-08-05 11:31:00,OXSQ,,1.4850000143051147,1.48989999294281,1.4850000143051147,1.48989999294281,1034.0
2026-08-05 11:31:00,PAA,,23.174999237060547,23.18000030517578,23.170000076293945,23.174999237060547,10987.0
2026-08-05 11:31:00,PAAS,,48.61000061035156,48.63999938964844,48.599998474121094,48.625,16271.0
2026-08-05 11:31:00,PACB,,1.4249999523162842,1.4249999523162842,1.4149999618530273,1.4149999618530273,42932.0
2026-08-05 11:31:00,PAGP,,25.06999969482422,25.06999969482422,25.06999969482422,25.06999969482422,384.0
2026-08-05 11:31:00,PALI,,2.0989999771118164,2.0999999046325684,2.0950000286102295,2.0950000286102295,1494.0
2026-08-05 11:31:00,PANW,,363.6000061035156,364.04229736328125,363.4599914550781,363.5899963378906,8146.0
2026-08-05 11:31:00,PATK,,87.4800033569336,87.4800033569336,87.41999816894531,87.41999816894531,2119.0
2026-08-05 11:31:00,PAYO,,7.130000114440918,7.130000114440918,7.125,7.130000114440918,249.0
2026-08-05 11:31:00,PAYX,,116.22000122070312,116.3949966430664,116.22000122070312,116.3949966430664,1763.0
2026-08-05 11:31:00,PCAR,,133.72999572753906,133.72999572753906,133.52999877929688,133.53500366210938,7070.0
2026-08-05 11:31:00,PCRX,,25.059999465942383,25.06999969482422,25.030000686645508,25.030000686645508,1839.0
2026-08-05 11:31:00,PCT,,6.940000057220459,6.949999809265137,6.930500030517578,6.930500030517578,4073.0
2026-08-05 11:31:00,PCTY,,144.94500732421875,144.94500732421875,144.94500732421875,144.94500732421875,160.0
2026-08-05 11:31:00,PDD,,91.26000213623047,91.3550033569336,91.26000213623047,91.3499984741211,6446.0
2026-08-05 11:31:00,PDLB,,20.600000381469727,20.600000381469727,20.600000381469727,20.600000381469727,111.0
2026-08-05 11:31:00,PECO,,41.290000915527344,41.290000915527344,41.290000915527344,41.290000915527344,887.0
2026-08-05 11:31:00,PEGA,,31.59000015258789,31.6299991607666,31.59000015258789,31.6299991607666,3487.0
2026-08-05 11:31:00,PENN,,19.950000762939453,19.954999923706055,19.950000762939453,19.954999923706055,2774.0
2026-08-05 11:31:00,PEP,,138.07000732421875,138.0800018310547,138.02000427246094,138.0800018310547,17252.0
2026-08-05 11:31:00,PEPG,,1.909999966621399,1.909999966621399,1.909999966621399,1.909999966621399,10720.0
2026-08-05 11:31:00,PERI,,9.59000015258789,9.604999542236328,9.59000015258789,9.604999542236328,4881.0
2026-08-05 11:31:00,PESI,,17.780000686645508,17.780000686645508,17.780000686645508,17.780000686645508,376.0
2026-08-05 11:31:00,PFG,,113.87999725341797,113.94999694824219,113.87999725341797,113.93000030517578,2219.0
2026-08-05 11:31:00,PGC,,46.709999084472656,46.709999084472656,46.709999084472656,46.709999084472656,446.0
2026-08-05 11:31:00,PGEN,,6.994999885559082,7.0,6.980000019073486,6.989999771118164,6031.0
2026-08-05 11:31:00,PGNY,,31.610000610351562,31.610000610351562,31.610000610351562,31.610000610351562,336.0
2026-08-05 11:31:00,PGY,,21.850000381469727,21.850000381469727,21.850000381469727,21.850000381469727,306.0
2026-08-05 11:31:00,PHAT,,8.489999771118164,8.489999771118164,8.489999771118164,8.489999771118164,1512.0
2026-08-05 11:31:00,PLAB,,32.2599983215332,32.2599983215332,32.189998626708984,32.189998626708984,3658.0
2026-08-05 11:31:00,PLBY,,1.1549999713897705,1.1549999713897705,1.1549999713897705,1.1549999713897705,200.0
2026-08-05 11:31:00,PLMR,,134.4499969482422,134.52000427246094,134.27000427246094,134.39999389648438,4259.0
2026-08-05 11:31:00,PLPC,,461.92999267578125,461.92999267578125,459.92999267578125,459.92999267578125,752.0
2026-08-05 11:31:00,PLTK,,4.03000020980835,4.03000020980835,4.03000020980835,4.03000020980835,591.0
2026-08-05 11:31:00,PLUG,,2.1050000190734863,2.109999895095825,2.0999999046325684,2.1050000190734863,12607.0
2026-08-05 11:31:00,PLXS,,275.0400085449219,275.0400085449219,275.0,275.0,1013.0
2026-08-05 11:31:00,PNBK,,1.149999976158142,1.149999976158142,1.149999976158142,1.149999976158142,1298.0
2026-08-05 11:31:00,PNTG,,38.73500061035156,38.73500061035156,38.73500061035156,38.73500061035156,767.0
2026-08-05 11:31:00,POET,,8.319999694824219,8.32509994506836,8.300000190734863,8.310400009155273,39005.0
2026-08-05 11:31:00,POOL,,204.94000244140625,204.94000244140625,204.94000244140625,204.94000244140625,1866.0
2026-08-05 11:31:00,POWI,,62.209999084472656,62.209999084472656,62.0099983215332,62.02000045776367,2128.0
2026-08-05 11:31:00,POWL,,213.42999267578125,213.42999267578125,212.74000549316406,212.74000549316406,1975.0
2026-08-05 11:31:00,PPC,,26.639999389648438,26.670000076293945,26.639999389648438,26.670000076293945,1910.0
2026-08-05 11:31:00,PPIH,,25.985000610351562,25.985000610351562,25.985000610351562,25.985000610351562,178.0
2026-08-05 11:31:00,PPTA,,22.71500015258789,22.719999313354492,22.71500015258789,22.71980094909668,2131.0
2026-08-05 11:31:00,PRAA,,17.34000015258789,17.34000015258789,17.31999969482422,17.31999969482422,1007.0
2026-08-05 11:31:00,PRAX,,310.7049865722656,311.32000732421875,310.7049865722656,311.32000732421875,502.0
2026-08-05 11:31:00,PRCT,,19.165000915527344,19.165000915527344,19.149999618530273,19.15999984741211,1373.0
2026-08-05 11:31:00,PRDO,,32.939998626708984,32.939998626708984,32.939998626708984,32.939998626708984,599.0
2026-08-05 11:31:00,PRIM,,86.27999877929688,86.30000305175781,85.94450378417969,85.97000122070312,5612.0
2026-08-05 11:31:00,PRLD,,4.510000228881836,4.510000228881836,4.510000228881836,4.510000228881836,519.0
2026-08-05 11:31:00,PRME,,2.9719998836517334,2.9749999046325684,2.9649999141693115,2.9649999141693115,6826.0
2026-08-05 11:31:00,PRQR,,1.9049999713897705,1.9049999713897705,1.9049999713897705,1.9049999713897705,605.0
2026-08-05 11:31:00,PRVA,,24.09000015258789,24.100000381469727,24.059999465942383,24.059999465942383,5016.0
2026-08-05 11:31:00,PSEC,,2.180000066757202,2.1800999641418457,2.180000066757202,2.1800999641418457,1264.0
2026-08-05 11:31:00,PSMT,,193.50999450683594,193.50999450683594,193.50999450683594,193.50999450683594,805.0
2026-08-05 11:31:00,PSNL,,13.59000015258789,13.59000015258789,13.574999809265137,13.589900016784668,2696.0
2026-08-05 11:31:00,PTC,,140.0749969482422,140.0749969482422,140.0749969482422,140.0749969482422,245.0
2026-08-05 11:31:00,PTEN,,9.739999771118164,9.760000228881836,9.739999771118164,9.760000228881836,9007.0
2026-08-05 11:31:00,PTGX,,136.60000610351562,136.60000610351562,136.60000610351562,136.60000610351562,389.0
2026-08-05 11:31:00,PTON,,6.53000020980835,6.534999847412109,6.520100116729736,6.520100116729736,21017.0
2026-08-05 11:31:00,PWP,,17.350000381469727,17.350000381469727,17.350000381469727,17.350000381469727,419.0
2026-08-05 11:31:00,PYPD,,4.46999979019165,4.46999979019165,4.46999979019165,4.46999979019165,200.0
2026-08-05 11:31:00,PYPL,,58.33000183105469,58.349998474121094,58.33000183105469,58.349998474121094,10826.0
2026-08-05 11:31:00,PYXS,,3.141400098800659,3.141400098800659,3.141400098800659,3.141400098800659,508.0
2026-08-05 11:31:00,PZZA,,30.475000381469727,30.479999542236328,30.450000762939453,30.469999313354492,1685.0
2026-08-05 11:31:00,QCOM,,158.02000427246094,158.1468048095703,157.77000427246094,157.8000030517578,19321.0
2026-08-05 11:31:00,QCRH,,104.82499694824219,104.82499694824219,104.82499694824219,104.82499694824219,115.0
2026-08-05 11:31:00,QFIN,,13.345000267028809,13.345000267028809,13.345000267028809,13.345000267028809,141.0
2026-08-05 11:31:00,QRVO,,94.80999755859375,94.80999755859375,94.66999816894531,94.66999816894531,1285.0
2026-08-05 11:31:00,STIM,,2.234999895095825,2.240000009536743,2.2300000190734863,2.234999895095825,41245.0
2026-08-05 11:31:00,TARA,,4.03000020980835,4.03000020980835,4.03000020980835,4.03000020980835,219.0
2026-08-05 11:31:00,WOOF,,2.924999952316284,2.924999952316284,2.924999952316284,2.924999952316284,1035.0
2026-08-05 11:32:00,ACDC,,4.364999771118164,4.364999771118164,4.364999771118164,4.364999771118164,1108.0
2026-08-05 11:32:00,CASH,,89.12000274658203,89.12000274658203,89.12000274658203,89.12000274658203,654.0
2026-08-05 11:32:00,EYE,,23.25,23.25,23.25,23.25,701.0
2026-08-05 11:32:00,FRST,,16.34000015258789,16.34000015258789,16.34000015258789,16.34000015258789,1594.0
2026-08-05 11:32:00,GLUE,,15.880000114440918,15.890000343322754,15.869999885559082,15.890000343322754,1336.0
2026-08-05 11:32:00,LUNG,,1.9450000524520874,1.9450000524520874,1.9450000524520874,1.9450000524520874,351.0
2026-08-05 11:32:00,MBRX,,0.42309999465942383,0.42989999055862427,0.42309999465942383,0.42989999055862427,36722.0
2026-08-05 11:32:00,MDB,,377.0400085449219,377.07000732421875,376.8599853515625,376.864990234375,1459.0
2026-08-05 11:32:00,MDLZ,,61.935001373291016,61.95000076293945,61.935001373291016,61.95000076293945,9001.0
2026-08-05 11:32:00,MLTX,,17.579999923706055,17.579999923706055,17.55500030517578,17.55500030517578,1493.0
2026-08-05 11:32:00,MNRO,,13.130000114440918,13.140000343322754,13.130000114440918,13.140000343322754,1209.0
2026-08-05 11:32:00,MNST,,94.4800033569336,94.5,94.47000122070312,94.5,3566.0
2026-08-05 11:32:00,MNTS,,4.379899978637695,4.384399890899658,4.379899978637695,4.384399890899658,1982.0
2026-08-05 11:32:00,MODD,,2.0799999237060547,2.139899969100952,2.0799999237060547,2.139899969100952,500.0
2026-08-05 11:32:00,MORN,,198.47500610351562,198.47500610351562,198.47000122070312,198.47000122070312,589.0
2026-08-05 11:32:00,MOVE,,12.279999732971191,12.279999732971191,12.01990032196045,12.01990032196045,5518.0
2026-08-05 11:32:00,MPWR,,1319.969970703125,1320.6099853515625,1319.5899658203125,1320.5999755859375,687.0
2026-08-05 11:32:00,MRNA,,57.47999954223633,57.529998779296875,57.47999954223633,57.5,5249.0
2026-08-05 11:32:00,MYGN,,3.2300000190734863,3.2300000190734863,3.2149999141693115,3.2249999046325684,5522.0
2026-08-05 11:32:00,MYRG,,340.7900085449219,340.7900085449219,340.260009765625,340.260009765625,192.0
2026-08-05 11:32:00,NAUT,,0.9527000188827515,0.9563000202178955,0.9527000188827515,0.9563000202178955,2290.0
2026-08-05 11:32:00,NB,,5.059999942779541,5.065000057220459,5.059999942779541,5.065000057220459,2664.0
2026-08-05 11:32:00,NBIX,,163.80499267578125,163.80499267578125,163.80499267578125,163.80499267578125,712.0
2026-08-05 11:32:00,NDAQ,,94.4749984741211,94.4749984741211,94.4749984741211,94.4749984741211,845.0
2026-08-05 11:32:00,NEO,,16.18000030517578,16.190000534057617,16.18000030517578,16.18000030517578,1478.0
2026-08-05 11:32:00,NEOG,,11.59000015258789,11.600000381469727,11.579999923706055,11.600000381469727,20746.0
2026-08-05 11:32:00,NEOV,,2.8399999141693115,2.845400094985962,2.8399999141693115,2.8450000286102295,2976.0
2026-08-05 11:32:00,NESR,,28.5,28.5,28.5,28.5,1278.0
2026-08-05 11:32:00,NEWT,,15.239999771118164,15.239999771118164,15.239999771118164,15.239999771118164,1012.0
2026-08-05 11:32:00,NEXT,,6.389999866485596,6.389999866485596,6.389999866485596,6.389999866485596,1361.0
2026-08-05 11:32:00,NFE,,0.33660000562667847,0.33660000562667847,0.3352999985218048,0.3352999985218048,1415.0
2026-08-05 11:32:00,NFLX,,74.02999877929688,74.04000091552734,74.00499725341797,74.00499725341797,35048.0
2026-08-05 11:32:00,NGNE,,34.95000076293945,34.95000076293945,34.95000076293945,34.95000076293945,155.0
2026-08-05 11:32:00,NMRA,,1.6100000143051147,1.6150000095367432,1.6100000143051147,1.6150000095367432,257.0
2026-08-05 11:32:00,NMTC,,1.6200000047683716,1.6200000047683716,1.6200000047683716,1.6200000047683716,180.0
2026-08-05 11:32:00,NN,,14.180000305175781,14.1899995803833,14.180000305175781,14.1899995803833,3815.0
2026-08-05 11:32:00,NNBR,,3.809999942779541,3.819999933242798,3.809999942779541,3.819999933242798,2199.0
2026-08-05 11:32:00,NNDM,,1.5449999570846558,1.5449999570846558,1.5399999618530273,1.5449999570846558,3633.0
2026-08-05 11:32:00,NNOX,,1.011199951171875,1.0149999856948853,1.0099999904632568,1.0149999856948853,617.0
2026-08-05 11:32:00,NRDS,,9.164999961853027,9.170000076293945,9.15999984741211,9.170000076293945,1553.0
2026-08-05 11:32:00,NRIM,,26.90999984741211,26.90999984741211,26.90999984741211,26.90999984741211,138.0
2026-08-05 11:32:00,NRIX,,24.649999618530273,24.649999618530273,24.649999618530273,24.649999618530273,116.0
2026-08-05 11:32:00,NRSN,,0.5339000225067139,0.5339000225067139,0.5339000225067139,0.5339000225067139,100.0
2026-08-05 11:32:00,NTAP,,188.83999633789062,188.9499969482422,188.8350067138672,188.9499969482422,1550.0
2026-08-05 11:32:00,NTGR,,24.405000686645508,24.405000686645508,24.399999618530273,24.399999618530273,926.0
2026-08-05 11:32:00,NTNX,,60.43000030517578,60.4900016784668,60.43000030517578,60.4900016784668,3211.0
2026-08-05 11:32:00,NTRS,,183.60000610351562,183.83999633789062,183.60000610351562,183.77999877929688,3072.0
2026-08-05 11:32:00,NUWE,,1.7005000114440918,1.7100000381469727,1.7005000114440918,1.7100000381469727,211.0
2026-08-05 11:32:00,NVAX,,7.670000076293945,7.670000076293945,7.670000076293945,7.670000076293945,407.0
2026-08-05 11:32:00,NVCR,,16.0,16.0,16.0,16.0,1056.0
2026-08-05 11:32:00,NVCT,,20.31999969482422,20.31999969482422,20.31999969482422,20.31999969482422,178.0
2026-08-05 11:32:00,NVDA,,220.01499938964844,220.17999267578125,219.83050537109375,219.83050537109375,496862.0
2026-08-05 11:32:00,NVTS,,12.589900016784668,12.59000015258789,12.5600004196167,12.5600004196167,22538.0
2026-08-05 11:32:00,NVX,,0.40059998631477356,0.40059998631477356,0.40059998631477356,0.40059998631477356,0.0
2026-08-05 11:32:00,NWBI,,15.914999961853027,15.925000190734863,15.914999961853027,15.925000190734863,4388.0
2026-08-05 11:32:00,NWL,,6.25,6.25,6.239999771118164,6.239999771118164,7068.0
2026-08-05 11:32:00,NWS,,32.22999954223633,32.22999954223633,32.22999954223633,32.22999954223633,1051.0
2026-08-05 11:32:00,NWSA,,28.18000030517578,28.19499969482422,28.18000030517578,28.19499969482422,4836.0
2026-08-05 11:32:00,NXPI,,230.22999572753906,230.4199981689453,230.22999572753906,230.4199981689453,1962.0
2026-08-05 11:32:00,NXT,,99.25,99.29000091552734,99.18499755859375,99.18499755859375,4011.0
2026-08-05 11:32:00,NXTC,,5.050000190734863,5.050000190734863,5.050000190734863,5.050000190734863,150.0
2026-08-05 11:32:00,OBT,,38.58000183105469,38.61000061035156,38.58000183105469,38.61000061035156,571.0
2026-08-05 11:32:00,OCCI,,2.4649999141693115,2.4649999141693115,2.4519999027252197,2.4519999027252197,56.0
2026-08-05 11:32:00,OCFC,,19.725000381469727,19.725000381469727,19.725000381469727,19.725000381469727,2912.0
2026-08-05 11:32:00,OCGN,,1.2899999618530273,1.2998000383377075,1.2899999618530273,1.2899999618530273,1635.0
2026-08-05 11:32:00,OCSL,,12.100000381469727,12.100000381469727,12.095000267028809,12.100000381469727,1617.0
2026-08-05 11:32:00,OCUL,,8.479999542236328,8.489999771118164,8.479999542236328,8.489999771118164,2608.0
2026-08-05 11:32:00,ODD,,15.100000381469727,15.100000381469727,15.100000381469727,15.100000381469727,288.0
2026-08-05 11:32:00,ODFL,,215.2899932861328,215.2899932861328,215.2899932861328,215.2899932861328,296.0
2026-08-05 11:32:00,OESX,,15.470000267028809,15.470000267028809,15.1850004196167,15.1850004196167,2798.0
2026-08-05 11:32:00,OFIX,,10.6899995803833,10.6899995803833,10.6899995803833,10.6899995803833,701.0
2026-08-05 11:32:00,OGI,,0.9542999863624573,0.9544000029563904,0.9542999863624573,0.9544000029563904,1081.0
2026-08-05 11:32:00,OKTA,,147.77499389648438,147.77499389648438,147.6699981689453,147.77499389648438,2786.0
2026-08-05 11:32:00,OLB,,0.31349998712539673,0.31349998712539673,0.31349998712539673,0.31349998712539673,776.0
2026-08-05 11:32:00,OLLI,,78.51000213623047,78.51000213623047,78.51000213623047,78.51000213623047,749.0
2026-08-05 11:32:00,OMCL,,37.30500030517578,37.30500030517578,37.27000045776367,37.279998779296875,3168.0
2026-08-05 11:32:00,OMER,,12.778400421142578,12.778400421142578,12.76729965209961,12.770000457763672,1293.0
2026-08-05 11:32:00,OMH,,0.11219999939203262,0.11219999939203262,0.1111999973654747,0.1111999973654747,653.0
2026-08-05 11:32:00,ON,,77.41999816894531,77.54000091552734,77.41000366210938,77.45999908447266,16465.0
2026-08-05 11:32:00,ONB,,26.959999084472656,26.969999313354492,26.954999923706055,26.969999313354492,7336.0
2026-08-05 11:32:00,ONDS,,8.791399955749512,8.800000190734863,8.78499984741211,8.800000190734863,73752.0
2026-08-05 11:32:00,ONFO,,0.07609999924898148,0.07620000094175339,0.07599999755620956,0.07609999924898148,57950.0
2026-08-05 11:32:00,ONMD,,0.6783000230789185,0.6783000230789185,0.6783000230789185,0.6783000230789185,598.0
2026-08-05 11:32:00,OPCH,,23.360000610351562,23.389999389648438,23.34000015258789,23.3700008392334,4791.0
2026-08-05 11:32:00,OPEN,,3.865000009536743,3.9000000953674316,3.859999895095825,3.890000104904175,393218.0
2026-08-05 11:32:00,OPK,,1.309999942779541,1.309999942779541,1.309999942779541,1.309999942779541,316.0
2026-08-05 11:32:00,OPRA,,20.104999542236328,20.104999542236328,20.104999542236328,20.104999542236328,231.0
2026-08-05 11:32:00,OPRT,,6.119999885559082,6.130000114440918,6.119999885559082,6.130000114440918,1308.0
2026-08-05 11:32:00,ORIC,,13.25,13.25,13.25,13.25,1539.0
2026-08-05 11:32:00,ORLY,,92.74500274658203,92.77999877929688,92.7300033569336,92.7300033569336,10268.0
2026-08-05 11:32:00,ORRF,,43.34000015258789,43.34000015258789,43.34000015258789,43.34000015258789,205.0
2026-08-05 11:32:00,OSBC,,25.760000228881836,25.770000457763672,25.760000228881836,25.760000228881836,2777.0
2026-08-05 11:32:00,OSIS,,236.06500244140625,236.06500244140625,236.06500244140625,236.06500244140625,161.0
2026-08-05 11:32:00,OSPN,,16.479999542236328,16.479999542236328,16.479999542236328,16.479999542236328,491.0
2026-08-05 11:32:00,OSS,,14.079999923706055,14.095000267028809,14.045000076293945,14.069999694824219,6605.0
2026-08-05 11:32:00,OSUR,,4.179999828338623,4.179999828338623,4.179999828338623,4.179999828338623,2235.0
2026-08-05 11:32:00,OTEX,,25.774999618530273,25.809999465942383,25.774999618530273,25.809999465942383,3928.0
2026-08-05 11:32:00,OTLK,,1.0149999856948853,1.0149999856948853,1.0149999856948853,1.0149999856948853,1873.0
2026-08-05 11:32:00,OVID,,2.634999990463257,2.640000104904175,2.634999990463257,2.640000104904175,1436.0
2026-08-05 11:32:00,OXSQ,,1.4900000095367432,1.4900000095367432,1.4900000095367432,1.4900000095367432,1588.0
2026-08-05 11:32:00,PAA,,23.155000686645508,23.174999237060547,23.149999618530273,23.170000076293945,19061.0
2026-08-05 11:32:00,PAAS,,48.54999923706055,48.61000061035156,48.540000915527344,48.61000061035156,4588.0
2026-08-05 11:32:00,PACB,,1.420300006866455,1.4299999475479126,1.420300006866455,1.4249999523162842,11460.0
2026-08-05 11:32:00,PAGP,,25.079999923706055,25.079999923706055,25.079999923706055,25.079999923706055,869.0
2026-08-05 11:32:00,PAHC,,35.6349983215332,35.6349983215332,35.6349983215332,35.6349983215332,300.0
2026-08-05 11:32:00,PALI,,2.0999999046325684,2.0999999046325684,2.0950000286102295,2.0999999046325684,2113.0
2026-08-05 11:32:00,PANL,,7.289999961853027,7.289999961853027,7.289999961853027,7.289999961853027,1919.0
2026-08-05 11:32:00,PANW,,363.2550048828125,363.80999755859375,363.2550048828125,363.3699951171875,4314.0
2026-08-05 11:32:00,PATK,,87.5,87.5,87.5,87.5,387.0
2026-08-05 11:32:00,PAX,,11.420000076293945,11.420000076293945,11.420000076293945,11.420000076293945,1329.0
2026-08-05 11:32:00,PAYO,,7.130000114440918,7.130000114440918,7.119999885559082,7.119999885559082,1328.0
2026-08-05 11:32:00,PAYS,,9.149999618530273,9.149999618530273,9.149999618530273,9.149999618530273,1845.0
2026-08-05 11:32:00,PAYX,,116.11000061035156,116.26000213623047,116.11000061035156,116.26000213623047,7823.0
2026-08-05 11:32:00,PCAR,,133.5850067138672,133.7100067138672,133.5850067138672,133.7100067138672,2567.0
2026-08-05 11:32:00,PCRX,,25.125,25.190000534057617,25.049999237060547,25.110000610351562,13896.0
2026-08-05 11:32:00,PCT,,6.945000171661377,6.948299884796143,6.940000057220459,6.940000057220459,5383.0
2026-08-05 11:32:00,PCTY,,144.4949951171875,144.4949951171875,144.49000549316406,144.49000549316406,468.0
2026-08-05 11:32:00,PCYO,,10.539999961853027,10.539999961853027,10.524999618530273,10.524999618530273,1251.0
2026-08-05 11:32:00,PDD,,91.2699966430664,91.30999755859375,91.25,91.25,21301.0
2026-08-05 11:32:00,PDFS,,50.56999969482422,50.56999969482422,50.56999969482422,50.56999969482422,850.0
2026-08-05 11:32:00,PDSB,,0.7106999754905701,0.7113000154495239,0.7106999754905701,0.7113000154495239,707.0
2026-08-05 11:32:00,PECO,,41.27000045776367,41.27000045776367,41.27000045776367,41.27000045776367,751.0
2026-08-05 11:32:00,PEGA,,31.56999969482422,31.56999969482422,31.56999969482422,31.56999969482422,1475.0
2026-08-05 11:32:00,PENN,,19.934999465942383,19.950000762939453,19.934999465942383,19.950000762939453,3800.0
2026-08-05 11:32:00,PEP,,138.10000610351562,138.10000610351562,138.0399932861328,138.05499267578125,6025.0
2026-08-05 11:32:00,PFG,,113.80000305175781,113.81999969482422,113.80000305175781,113.81999969482422,1256.0
2026-08-05 11:32:00,PFIS,,71.2300033569336,71.2300033569336,71.2300033569336,71.2300033569336,147.0
2026-08-05 11:32:00,PGEN,,6.994999885559082,7.0,6.989999771118164,7.0,21705.0
2026-08-05 11:32:00,PGY,,21.84000015258789,21.84000015258789,21.829999923706055,21.84000015258789,3310.0
2026-08-05 11:32:00,PHVS,,32.9900016784668,33.02000045776367,32.9900016784668,33.02000045776367,360.0
2026-08-05 11:32:00,PLBY,,1.1549999713897705,1.1549999713897705,1.1549999713897705,1.1549999713897705,349.0
2026-08-05 11:32:00,PLPC,,461.3699951171875,462.1700134277344,461.04998779296875,461.04998779296875,944.0
2026-08-05 11:32:00,PLSE,,36.869998931884766,36.869998931884766,36.869998931884766,36.869998931884766,150.0
2026-08-05 11:32:00,PLUG,,2.1050000190734863,2.1080000400543213,2.0999999046325684,2.1050000190734863,53743.0
2026-08-05 11:32:00,PNFP,,107.38999938964844,107.4800033569336,107.38999938964844,107.4800033569336,1421.0
2026-08-05 11:32:00,PNRG,,181.75,181.75,181.75,181.75,1975.0
2026-08-05 11:32:00,PODC,,3.5250000953674316,3.5250000953674316,3.5250000953674316,3.5250000953674316,550.0
2026-08-05 11:32:00,POET,,8.319899559020996,8.329999923706055,8.319899559020996,8.319999694824219,6878.0
2026-08-05 11:32:00,POOL,,205.13499450683594,205.13499450683594,204.97999572753906,205.0,2148.0
2026-08-05 11:32:00,POWI,,62.275001525878906,62.275001525878906,62.21500015258789,62.21500015258789,2319.0
2026-08-05 11:32:00,POWL,,213.7100067138672,213.77000427246094,213.5,213.5,1226.0
2026-08-05 11:32:00,PPC,,26.6299991607666,26.6299991607666,26.6299991607666,26.6299991607666,1050.0
2026-08-05 11:32:00,PPTA,,22.647300720214844,22.704999923706055,22.647300720214844,22.68000030517578,3102.0
2026-08-05 11:32:00,PRCT,,19.190000534057617,19.190000534057617,19.15999984741211,19.18000030517578,3556.0
2026-08-05 11:32:00,PRDO,,32.90999984741211,32.90999984741211,32.90999984741211,32.90999984741211,231.0
2026-08-05 11:32:00,PRGS,,41.89500045776367,41.90999984741211,41.89500045776367,41.90999984741211,3993.0
2026-08-05 11:32:00,PRIM,,86.1050033569336,86.13999938964844,86.1050033569336,86.13999938964844,2344.0
2026-08-05 11:32:00,PROK,,1.625,1.625,1.625,1.625,1127.0
2026-08-05 11:32:00,PRTA,,8.529999732971191,8.529999732971191,8.529999732971191,8.529999732971191,526.0
2026-08-05 11:32:00,PRZO,,0.5461000204086304,0.546500027179718,0.5458999872207642,0.5458999872207642,3410.0
2026-08-05 11:32:00,PSEC,,2.184999942779541,2.184999942779541,2.184999942779541,2.184999942779541,1271.0
2026-08-05 11:32:00,PSNL,,13.595000267028809,13.595000267028809,13.595000267028809,13.595000267028809,326.0
2026-08-05 11:32:00,PTC,,140.02999877929688,140.02999877929688,139.9550018310547,139.9550018310547,534.0
2026-08-05 11:32:00,PTCT,,69.0199966430664,69.0199966430664,69.0199966430664,69.0199966430664,1069.0
2026-08-05 11:32:00,PTEN,,9.744999885559082,9.75,9.744999885559082,9.744999885559082,2363.0
2026-08-05 11:32:00,PTGX,,136.52999877929688,136.52999877929688,136.38999938964844,136.38999938964844,1357.0
2026-08-05 11:32:00,PTON,,6.530099868774414,6.539999961853027,6.530099868774414,6.539999961853027,1541.0
2026-08-05 11:32:00,PWP,,17.350000381469727,17.350000381469727,17.350000381469727,17.350000381469727,336.0
2026-08-05 11:32:00,PYPD,,4.474999904632568,4.474999904632568,4.474999904632568,4.474999904632568,102.0
2026-08-05 11:32:00,PYPL,,58.314998626708984,58.339900970458984,58.290000915527344,58.339900970458984,26581.0
2026-08-05 11:32:00,QCOM,,158.0,158.0800018310547,157.9600067138672,157.98500061035156,18990.0
2026-08-05 11:32:00,QCRH,,104.91000366210938,104.91000366210938,104.87999725341797,104.87999725341797,1311.0
2026-08-05 11:32:00,QRVO,,94.86000061035156,94.86000061035156,94.81999969482422,94.81999969482422,1387.0
2026-08-05 11:32:00,SEED,,0.9991000294685364,0.9991999864578247,0.9873999953269958,0.9991999864578247,1841.0
2026-08-05 11:33:00,ACDC,,4.375,4.375,4.369999885559082,4.369999885559082,7197.0
2026-08-05 11:33:00,EYE,,23.260000228881836,23.260000228881836,23.260000228881836,23.260000228881836,1168.0
2026-08-05 11:33:00,GLUE,,15.869999885559082,15.880000114440918,15.859999656677246,15.880000114440918,2548.0
2026-08-05 11:33:00,KIDS,,20.8799991607666,20.8799991607666,20.8799991607666,20.8799991607666,251.0
2026-08-05 11:33:00,LUNG,,1.940000057220459,1.940000057220459,1.940000057220459,1.940000057220459,331.0
2026-08-05 11:33:00,MBRX,,0.4390000104904175,0.4390000104904175,0.4250999987125397,0.42730000615119934,20216.0
2026-08-05 11:33:00,MDB,,376.6050109863281,376.7799987792969,376.2099914550781,376.7799987792969,916.0
2026-08-05 11:33:00,MDLZ,,61.970001220703125,61.974998474121094,61.959999084472656,61.959999084472656,5027.0
2026-08-05 11:33:00,MNST,,94.4801025390625,94.48999786376953,94.4801025390625,94.4801025390625,2443.0
2026-08-05 11:33:00,MNTS,,4.369999885559082,4.375,4.369999885559082,4.375,838.0
2026-08-05 11:33:00,MODD,,2.109999895095825,2.109999895095825,2.109999895095825,2.109999895095825,443.0
2026-08-05 11:33:00,MORN,,198.47000122070312,198.47000122070312,198.27999877929688,198.27999877929688,1209.0
2026-08-05 11:33:00,MOVE,,12.090100288391113,12.204999923706055,12.090100288391113,12.204999923706055,1990.0
2026-08-05 11:33:00,MPWR,,1319.550048828125,1320.739990234375,1319.550048828125,1320.739990234375,381.0
2026-08-05 11:33:00,MRNA,,57.43899917602539,57.470001220703125,57.3849983215332,57.470001220703125,13433.0
2026-08-05 11:33:00,MSGM,,4.460000038146973,4.460000038146973,4.460000038146973,4.460000038146973,625.0
2026-08-05 11:33:00,MYGN,,3.2249999046325684,3.2249999046325684,3.2249999046325684,3.2249999046325684,2404.0
2026-08-05 11:33:00,NAVI,,9.114999771118164,9.114999771118164,9.114999771118164,9.114999771118164,1238.0
2026-08-05 11:33:00,NB,,5.058599948883057,5.058599948883057,5.050000190734863,5.050000190734863,3321.0
2026-08-05 11:33:00,NBIX,,163.80999755859375,163.80999755859375,163.80999755859375,163.80999755859375,787.0
2026-08-05 11:33:00,NDAQ,,94.47000122070312,94.47000122070312,94.41000366210938,94.42500305175781,1213.0
2026-08-05 11:33:00,NDLS,,17.84000015258789,17.84000015258789,17.704999923706055,17.704999923706055,2699.0
2026-08-05 11:33:00,NEOG,,11.595000267028809,11.604999542236328,11.59000015258789,11.600000381469727,5603.0
2026-08-05 11:33:00,NEON,,0.9696000218391418,0.9717000126838684,0.9696000218391418,0.9717000126838684,682.0
2026-08-05 11:33:00,NEOV,,2.8350000381469727,2.8350000381469727,2.8350000381469727,2.8350000381469727,483.0
2026-08-05 11:33:00,NEXT,,6.380000114440918,6.380000114440918,6.380000114440918,6.380000114440918,692.0
2026-08-05 11:33:00,NFLX,,73.9800033569336,74.02999877929688,73.9800033569336,74.02999877929688,35017.0
2026-08-05 11:33:00,NGNE,,34.81999969482422,34.81999969482422,34.81999969482422,34.81999969482422,106.0
2026-08-05 11:33:00,NICE,,96.7300033569336,96.83999633789062,96.69999694824219,96.69999694824219,2494.0
2026-08-05 11:33:00,NKTX,,2.174999952316284,2.174999952316284,2.174999952316284,2.174999952316284,403.0
2026-08-05 11:33:00,NMFC,,7.329999923706055,7.335000038146973,7.329999923706055,7.335000038146973,728.0
2026-08-05 11:33:00,NMRK,,15.579999923706055,15.59000015258789,15.574999809265137,15.59000015258789,5427.0
2026-08-05 11:33:00,NN,,14.21500015258789,14.220000267028809,14.180000305175781,14.210000038146973,20643.0
2026-08-05 11:33:00,NNDM,,1.5399999618530273,1.5449999570846558,1.5399999618530273,1.5400999784469604,9668.0
2026-08-05 11:33:00,NNOX,,1.0149999856948853,1.0149999856948853,1.0149999856948853,1.0149999856948853,248.0
2026-08-05 11:33:00,NOVT,,157.0500030517578,157.0500030517578,157.0500030517578,157.0500030517578,429.0
2026-08-05 11:33:00,NPCE,,13.600000381469727,13.600000381469727,13.59749984741211,13.59749984741211,907.0
2026-08-05 11:33:00,NRIX,,24.6299991607666,24.6299991607666,24.6299991607666,24.6299991607666,684.0
2026-08-05 11:33:00,NRSN,,0.5200999975204468,0.5200999975204468,0.5200999975204468,0.5200999975204468,100.0
2026-08-05 11:33:00,NTAP,,188.9499969482422,189.02999877929688,188.9499969482422,189.02999877929688,1135.0
2026-08-05 11:33:00,NTCT,,42.0099983215332,42.0099983215332,42.0099983215332,42.0099983215332,591.0
2026-08-05 11:33:00,NTES,,127.83999633789062,127.83999633789062,127.83999633789062,127.83999633789062,1012.0
2026-08-05 11:33:00,NTNX,,60.41999816894531,60.41999816894531,60.400001525878906,60.41999816894531,3683.0
2026-08-05 11:33:00,NTRA,,277.3800048828125,277.3800048828125,276.6099853515625,277.04998779296875,2153.0
2026-08-05 11:33:00,NUWE,,1.7200000286102295,1.7300000190734863,1.7000000476837158,1.7000000476837158,4528.0
2026-08-05 11:33:00,NVAX,,7.650300025939941,7.659999847412109,7.650300025939941,7.659999847412109,10778.0
2026-08-05 11:33:00,NVCT,,20.40999984741211,20.40999984741211,20.40999984741211,20.40999984741211,2090.0
2026-08-05 11:33:00,NVDA,,219.8800048828125,220.05999755859375,219.72500610351562,220.00999450683594,196944.0
2026-08-05 11:33:00,NVEC,,129.27169799804688,129.27169799804688,129.27169799804688,129.27169799804688,202.0
2026-08-05 11:33:00,NVMI,,411.3399963378906,411.3999938964844,411.3399963378906,411.3999938964844,307.0
2026-08-05 11:33:00,NVTS,,12.568699836730957,12.579999923706055,12.5600004196167,12.579999923706055,15359.0
2026-08-05 11:33:00,NWBI,,15.920000076293945,15.920000076293945,15.920000076293945,15.920000076293945,2099.0
2026-08-05 11:33:00,NWE,,68.61000061035156,68.61000061035156,68.61000061035156,68.61000061035156,2272.0
2026-08-05 11:33:00,NWL,,6.255000114440918,6.260000228881836,6.239999771118164,6.25,15967.0
2026-08-05 11:33:00,NWS,,32.25,32.25,32.25,32.25,525.0
2026-08-05 11:33:00,NWSA,,28.209999084472656,28.209999084472656,28.200000762939453,28.200000762939453,2968.0
2026-08-05 11:33:00,NXGL,,0.4133000075817108,0.4133000075817108,0.4133000075817108,0.4133000075817108,0.0
2026-08-05 11:33:00,NXL,,0.37790000438690186,0.37790000438690186,0.37790000438690186,0.37790000438690186,3380.0
2026-08-05 11:33:00,NXPI,,230.2100067138672,230.2100067138672,230.2100067138672,230.2100067138672,630.0
2026-08-05 11:33:00,NXT,,99.27999877929688,99.27999877929688,99.19000244140625,99.22000122070312,3074.0
2026-08-05 11:33:00,NXTC,,5.099899768829346,5.099899768829346,5.050000190734863,5.050000190734863,876.0
2026-08-05 11:33:00,OCCI,,2.4649999141693115,2.4649999141693115,2.4649999141693115,2.4649999141693115,540.0
2026-08-05 11:33:00,OCFC,,19.725000381469727,19.735000610351562,19.725000381469727,19.725000381469727,6021.0
2026-08-05 11:33:00,OCGN,,1.2899999618530273,1.2999999523162842,1.2899999618530273,1.2899999618530273,40958.0
2026-08-05 11:33:00,OCS,,11.873700141906738,12.015000343322754,11.873700141906738,12.015000343322754,510.0
2026-08-05 11:33:00,OCSL,,12.109999656677246,12.114999771118164,12.090999603271484,12.090999603271484,5036.0
2026-08-05 11:33:00,OCUL,,8.489999771118164,8.489999771118164,8.484999656677246,8.484999656677246,2875.0
2026-08-05 11:33:00,ODD,,15.079999923706055,15.079999923706055,15.079999923706055,15.079999923706055,934.0
2026-08-05 11:33:00,ODFL,,215.10499572753906,215.10499572753906,215.10499572753906,215.10499572753906,931.0
2026-08-05 11:33:00,OFIX,,10.710000038146973,10.710000038146973,10.675000190734863,10.675000190734863,1724.0
2026-08-05 11:33:00,OKTA,,147.58999633789062,147.6300048828125,147.5500030517578,147.5500030517578,3412.0
2026-08-05 11:33:00,OLLI,,78.41500091552734,78.42500305175781,78.41500091552734,78.41500091552734,3909.0
2026-08-05 11:33:00,OLMA,,11.65999984741211,11.65999984741211,11.65999984741211,11.65999984741211,994.0
2026-08-05 11:33:00,OMER,,12.760000228881836,12.760000228881836,12.760000228881836,12.760000228881836,835.0
2026-08-05 11:33:00,OMH,,0.11299999803304672,0.11299999803304672,0.11230000108480453,0.11230000108480453,39496.0
2026-08-05 11:33:00,ON,,77.36000061035156,77.4749984741211,77.26000213623047,77.44000244140625,16479.0
2026-08-05 11:33:00,ONB,,26.969999313354492,26.969999313354492,26.950000762939453,26.954999923706055,10913.0
2026-08-05 11:33:00,ONDS,,8.78499984741211,8.789999961853027,8.770099639892578,8.786600112915039,204264.0
2026-08-05 11:33:00,ONFO,,0.07509999722242355,0.07580000162124634,0.0737999975681305,0.07580000162124634,104324.0
2026-08-05 11:33:00,ONMD,,0.675000011920929,0.675000011920929,0.675000011920929,0.675000011920929,5639.0
2026-08-05 11:33:00,OPCH,,23.3700008392334,23.3700008392334,23.3700008392334,23.3700008392334,1944.0
2026-08-05 11:33:00,OPEN,,3.859999895095825,3.869999885559082,3.859999895095825,3.865000009536743,45854.0
2026-08-05 11:33:00,OPHC,,8.550000190734863,8.550000190734863,8.550000190734863,8.550000190734863,207.0
2026-08-05 11:33:00,OPK,,1.3113000392913818,1.3113000392913818,1.309999942779541,1.309999942779541,408.0
2026-08-05 11:33:00,OPRA,,20.104999542236328,20.104999542236328,20.079999923706055,20.079999923706055,1608.0
2026-08-05 11:33:00,ORGO,,2.3550000190734863,2.359999895095825,2.3550000190734863,2.359999895095825,1702.0
2026-08-05 11:33:00,ORIC,,13.255000114440918,13.255000114440918,13.255000114440918,13.255000114440918,805.0
2026-08-05 11:33:00,ORLY,,92.76319885253906,92.83999633789062,92.76319885253906,92.7699966430664,31208.0
2026-08-05 11:33:00,ORRF,,43.369998931884766,43.369998931884766,43.369998931884766,43.369998931884766,113.0
2026-08-05 11:33:00,OSBC,,25.760000228881836,25.760000228881836,25.760000228881836,25.760000228881836,712.0
2026-08-05 11:33:00,OSIS,,236.05999755859375,236.05999755859375,236.05999755859375,236.05999755859375,177.0
2026-08-05 11:33:00,OSS,,14.039999961853027,14.079999923706055,14.039999961853027,14.079999923706055,757.0
2026-08-05 11:33:00,OSW,,26.729999542236328,26.729999542236328,26.709999084472656,26.709999084472656,2206.0
2026-08-05 11:33:00,OTEX,,25.78499984741211,25.799999237060547,25.770000457763672,25.770000457763672,2871.0
2026-08-05 11:33:00,OTLK,,1.0199999809265137,1.0199999809265137,1.010699987411499,1.0198999643325806,12229.0
2026-08-05 11:33:00,OVID,,2.630000114440918,2.640000104904175,2.630000114440918,2.630000114440918,3285.0
2026-08-05 11:33:00,PAA,,23.155000686645508,23.165000915527344,23.155000686645508,23.155000686645508,5811.0
2026-08-05 11:33:00,PAAS,,48.43000030517578,48.54999923706055,48.43000030517578,48.540000915527344,23882.0
2026-08-05 11:33:00,PACB,,1.4249999523162842,1.4249999523162842,1.4199999570846558,1.4199999570846558,28230.0
2026-08-05 11:33:00,PAGP,,25.06999969482422,25.06999969482422,25.06999969482422,25.06999969482422,327.0
2026-08-05 11:33:00,PAHC,,35.459999084472656,35.560001373291016,35.349998474121094,35.5099983215332,5456.0
2026-08-05 11:33:00,PALI,,2.0999999046325684,2.0999999046325684,2.0999999046325684,2.0999999046325684,799.0
2026-08-05 11:33:00,PANW,,363.3951110839844,363.4700012207031,363.2950134277344,363.30499267578125,4996.0
2026-08-05 11:33:00,PATK,,87.69000244140625,87.69000244140625,87.52999877929688,87.52999877929688,2417.0
2026-08-05 11:33:00,PAVS,,4.920100212097168,5.0,4.909999847412109,5.0,6100.0
2026-08-05 11:33:00,PAX,,11.40999984741211,11.40999984741211,11.40999984741211,11.40999984741211,536.0
2026-08-05 11:33:00,PAYO,,7.130000114440918,7.130000114440918,7.119999885559082,7.119999885559082,1227.0
2026-08-05 11:33:00,PAYX,,116.26000213623047,116.27999877929688,116.1449966430664,116.1449966430664,14853.0
2026-08-05 11:33:00,PCAR,,133.63999938964844,133.67999267578125,133.56500244140625,133.61000061035156,11160.0
2026-08-05 11:33:00,PCRX,,25.022499084472656,25.15999984741211,25.022499084472656,25.15999984741211,7177.0
2026-08-05 11:33:00,PCT,,6.929999828338623,6.945000171661377,6.929999828338623,6.945000171661377,5209.0
2026-08-05 11:33:00,PCTY,,144.14999389648438,144.17999267578125,144.14999389648438,144.17999267578125,658.0
2026-08-05 11:33:00,PDD,,91.20999908447266,91.2300033569336,91.20999908447266,91.2300033569336,9280.0
2026-08-05 11:33:00,PDLB,,20.520000457763672,20.520000457763672,20.520000457763672,20.520000457763672,159.0
2026-08-05 11:33:00,PEBO,,41.58000183105469,41.58000183105469,41.58000183105469,41.58000183105469,442.0
2026-08-05 11:33:00,PECO,,41.279998779296875,41.279998779296875,41.279998779296875,41.279998779296875,828.0
2026-08-05 11:33:00,PENN,,19.940000534057617,19.954999923706055,19.934999465942383,19.934999465942383,7840.0
2026-08-05 11:33:00,PEP,,138.11500549316406,138.18499755859375,138.10000610351562,138.11000061035156,6947.0
2026-08-05 11:33:00,PEPG,,1.9199999570846558,1.9199999570846558,1.9190000295639038,1.9190000295639038,680.0
2026-08-05 11:33:00,PERI,,9.595000267028809,9.595000267028809,9.595000267028809,9.595000267028809,452.0
2026-08-05 11:33:00,PFG,,113.79000091552734,113.79000091552734,113.79000091552734,113.79000091552734,283.0
2026-08-05 11:33:00,PFIS,,71.22000122070312,71.22000122070312,71.22000122070312,71.22000122070312,1996.0
2026-08-05 11:33:00,PGEN,,7.0,7.0,6.989999771118164,6.989999771118164,6799.0
2026-08-05 11:33:00,PGNY,,31.6200008392334,31.6200008392334,31.610000610351562,31.614999771118164,1030.0
2026-08-05 11:33:00,PGY,,21.809999465942383,21.815000534057617,21.809999465942383,21.809999465942383,1946.0
2026-08-05 11:33:00,PKOH,,41.209999084472656,41.21500015258789,41.209999084472656,41.209999084472656,856.0
2026-08-05 11:33:00,PLAB,,32.2599983215332,32.28990173339844,32.2599983215332,32.2599983215332,1372.0
2026-08-05 11:33:00,PLPC,,462.614990234375,462.739990234375,461.5799865722656,462.739990234375,1069.0
2026-08-05 11:33:00,PLSE,,36.73500061035156,36.73500061035156,36.73500061035156,36.73500061035156,194.0
2026-08-05 11:33:00,PLTK,,4.03000020980835,4.03000020980835,4.03000020980835,4.03000020980835,1007.0
2026-08-05 11:33:00,PLUG,,2.0999999046325684,2.1050000190734863,2.0999999046325684,2.1050000190734863,18676.0
2026-08-05 11:33:00,POET,,8.300000190734863,8.3100004196167,8.300000190734863,8.3100004196167,12117.0
2026-08-05 11:33:00,POWL,,214.17999267578125,214.17999267578125,213.6999969482422,213.71499633789062,1453.0
2026-08-05 11:33:00,PPC,,26.614999771118164,26.614999771118164,26.614999771118164,26.614999771118164,1676.0
2026-08-05 11:33:00,PPTA,,22.6299991607666,22.639999389648438,22.6299991607666,22.639999389648438,2776.0
2026-08-05 11:33:00,PRAX,,311.0299987792969,311.0299987792969,310.6700134277344,310.6700134277344,343.0
2026-08-05 11:33:00,PRCH,,16.010000228881836,16.010000228881836,16.010000228881836,16.010000228881836,679.0
2026-08-05 11:33:00,PRCT,,19.1299991607666,19.170000076293945,19.125,19.170000076293945,4855.0
2026-08-05 11:33:00,PRDO,,32.959999084472656,32.959999084472656,32.935001373291016,32.935001373291016,1575.0
2026-08-05 11:33:00,PRGS,,41.849998474121094,41.849998474121094,41.849998474121094,41.849998474121094,368.0
2026-08-05 11:33:00,PRIM,,86.11000061035156,86.11000061035156,86.11000061035156,86.11000061035156,326.0
2026-08-05 11:33:00,PRLD,,4.489999771118164,4.489999771118164,4.489999771118164,4.489999771118164,223.0
2026-08-05 11:33:00,PRME,,2.9700000286102295,2.9700000286102295,2.9649999141693115,2.9700000286102295,5697.0
2026-08-05 11:33:00,PROK,,1.625,1.625,1.625,1.625,385.0
2026-08-05 11:33:00,PRQR,,1.9049999713897705,1.9049999713897705,1.9049999713897705,1.9049999713897705,279.0
2026-08-05 11:33:00,PRTH,,6.585000038146973,6.585000038146973,6.585000038146973,6.585000038146973,449.0
2026-08-05 11:33:00,PSEC,,2.184999942779541,2.184999942779541,2.184999942779541,2.184999942779541,1412.0
2026-08-05 11:33:00,PSNL,,13.595000267028809,13.595000267028809,13.59000015258789,13.59000015258789,338.0
2026-08-05 11:33:00,PSNY,,13.979999542236328,13.979999542236328,13.979999542236328,13.979999542236328,424.0
2026-08-05 11:33:00,PTC,,140.02999877929688,140.02999877929688,140.02999877929688,140.02999877929688,922.0
2026-08-05 11:33:00,PTCT,,69.0199966430664,69.0199966430664,69.0199966430664,69.0199966430664,837.0
2026-08-05 11:33:00,PTEN,,9.75,9.75,9.744999885559082,9.75,1961.0
2026-08-05 11:33:00,PTGX,,136.39999389648438,136.4199981689453,136.39999389648438,136.4199981689453,645.0
2026-08-05 11:33:00,PTLO,,4.599999904632568,4.599999904632568,4.599999904632568,4.599999904632568,454.0
2026-08-05 11:33:00,PTON,,6.53000020980835,6.534999847412109,6.53000020980835,6.53000020980835,11510.0
2026-08-05 11:33:00,PWP,,17.344999313354492,17.3700008392334,17.344999313354492,17.344999313354492,1176.0
2026-08-05 11:33:00,PYPL,,58.35020065307617,58.35499954223633,58.312801361083984,58.312801361083984,20324.0
2026-08-05 11:33:00,PZZA,,30.459999084472656,30.5,30.459999084472656,30.5,1155.0
2026-08-05 11:33:00,QCOM,,157.97999572753906,158.01280212402344,157.8699951171875,158.0050048828125,16762.0
2026-08-05 11:33:00,QFIN,,13.324999809265137,13.329999923706055,13.324999809265137,13.329999923706055,1075.0
2026-08-05 11:33:00,QQQX,,30.375,30.375,30.375,30.375,100.0
2026-08-05 11:33:00,QRVO,,94.86000061035156,94.86000061035156,94.86000061035156,94.86000061035156,145.0
2026-08-05 11:33:00,SEED,,1.0099999904632568,1.0099999904632568,0.9900000095367432,0.9955999851226807,13850.0
2026-08-05 11:33:00,STIM,,2.240000009536743,2.240000009536743,2.2300000190734863,2.240000009536743,46630.0
2026-08-05 11:33:00,TARA,,4.025000095367432,4.025000095367432,4.025000095367432,4.025000095367432,485.0
2026-08-05 11:33:00,WOOF,,2.924999952316284,2.924999952316284,2.924999952316284,2.924999952316284,3721.0
2026-08-05 11:34:00,ACDC,,4.355000019073486,4.375,4.355000019073486,4.375,10003.0
2026-08-05 11:34:00,EYE,,23.239999771118164,23.239999771118164,23.239999771118164,23.239999771118164,1233.0
2026-08-05 11:34:00,GLUE,,15.890000343322754,15.890000343322754,15.890000343322754,15.890000343322754,517.0
2026-08-05 11:34:00,KIDS,,20.8799991607666,20.8799991607666,20.8799991607666,20.8799991607666,837.0
2026-08-05 11:34:00,KITT,,1.0700000524520874,1.0700000524520874,1.059999942779541,1.0700000524520874,3150.0
2026-08-05 11:34:00,LUNG,,1.9149999618530273,1.940000057220459,1.9149999618530273,1.940000057220459,16905.0
2026-08-05 11:34:00,MBRX,,0.43309998512268066,0.4390000104904175,0.4325999915599823,0.4390000104904175,14689.0
2026-08-05 11:34:00,MDB,,376.7799987792969,377.2200012207031,376.35009765625,376.6050109863281,2003.0
2026-08-05 11:34:00,MDLZ,,62.029998779296875,62.029998779296875,61.959999084472656,61.959999084472656,4421.0
2026-08-05 11:34:00,MNST,,94.52999877929688,94.52999877929688,94.4800033569336,94.51000213623047,4243.0
2026-08-05 11:34:00,MORN,,198.27000427246094,198.47000122070312,198.27000427246094,198.47000122070312,333.0
2026-08-05 11:34:00,MPWR,,1319.864990234375,1321.9000244140625,1319.864990234375,1321.5,1338.0
2026-08-05 11:34:00,MRNA,,57.25,57.400001525878906,57.25,57.38999938964844,9997.0
2026-08-05 11:34:00,MYRG,,339.5400085449219,340.1600036621094,339.5400085449219,340.1600036621094,293.0
2026-08-05 11:34:00,NAMS,,26.59000015258789,26.59000015258789,26.59000015258789,26.59000015258789,402.0
2026-08-05 11:34:00,NAUT,,0.9571999907493591,0.960099995136261,0.9560999870300293,0.9560999870300293,3051.0
2026-08-05 11:34:00,NB,,5.045000076293945,5.050000190734863,5.045000076293945,5.050000190734863,721.0
2026-08-05 11:34:00,NBIX,,163.8699951171875,163.8699951171875,163.8699951171875,163.8699951171875,476.0
2026-08-05 11:34:00,NBTB,,53.349998474121094,53.349998474121094,53.349998474121094,53.349998474121094,764.0
2026-08-05 11:34:00,NCNA,,1.309999942779541,1.309999942779541,1.309999942779541,1.309999942779541,397.0
2026-08-05 11:34:00,NCRA,,1.7706999778747559,1.7706999778747559,1.7599999904632568,1.7699999809265137,8172.0
2026-08-05 11:34:00,NDAQ,,94.4000015258789,94.44000244140625,94.4000015258789,94.44000244140625,933.0
2026-08-05 11:34:00,NDSN,,311.06500244140625,311.06500244140625,311.06500244140625,311.06500244140625,164.0
2026-08-05 11:34:00,NEGG,,16.81999969482422,16.81999969482422,16.81999969482422,16.81999969482422,327.0
2026-08-05 11:34:00,NEO,,16.149999618530273,16.18000030517578,16.149999618530273,16.18000030517578,2543.0
2026-08-05 11:34:00,NEOV,,2.8350000381469727,2.8350000381469727,2.8350000381469727,2.8350000381469727,1317.0
2026-08-05 11:34:00,NESR,,28.440000534057617,28.440000534057617,28.440000534057617,28.440000534057617,1475.0
2026-08-05 11:34:00,NEXT,,6.380000114440918,6.385000228881836,6.375,6.380000114440918,3072.0
2026-08-05 11:34:00,NFLX,,73.98999786376953,73.9999008178711,73.94000244140625,73.98500061035156,30839.0
2026-08-05 11:34:00,NGNE,,34.900001525878906,34.900001525878906,34.900001525878906,34.900001525878906,235.0
2026-08-05 11:34:00,NICE,,96.66000366210938,96.69000244140625,96.66000366210938,96.69000244140625,1365.0
2026-08-05 11:34:00,NIU,,2.444999933242798,2.450000047683716,2.444999933242798,2.450000047683716,474.0
2026-08-05 11:34:00,NKTX,,2.174999952316284,2.174999952316284,2.174999952316284,2.174999952316284,550.0
2026-08-05 11:34:00,NMRA,,1.6150000095367432,1.6150000095367432,1.6150000095367432,1.6150000095367432,151.0
2026-08-05 11:34:00,NMRK,,15.585000038146973,15.59000015258789,15.585000038146973,15.59000015258789,3665.0
2026-08-05 11:34:00,NN,,14.1899995803833,14.21500015258789,14.1899995803833,14.21500015258789,3972.0
2026-08-05 11:34:00,NNBR,,3.819999933242798,3.819999933242798,3.809999942779541,3.809999942779541,1331.0
2026-08-05 11:34:00,NNDM,,1.541100025177002,1.5449999570846558,1.5399999618530273,1.541100025177002,13511.0
2026-08-05 11:34:00,NOVT,,156.83999633789062,156.83999633789062,156.83999633789062,156.83999633789062,824.0
2026-08-05 11:34:00,NRC,,19.770000457763672,19.780000686645508,19.639999389648438,19.639999389648438,6853.0
2026-08-05 11:34:00,NRIX,,24.6200008392334,24.6200008392334,24.6200008392334,24.6200008392334,2339.0
2026-08-05 11:34:00,NRSN,,0.5339000225067139,0.5472000241279602,0.5339000225067139,0.5472000241279602,200.0
2026-08-05 11:34:00,NRXP,,3.0450000762939453,3.0450000762939453,3.0450000762939453,3.0450000762939453,323.0
2026-08-05 11:34:00,NTAP,,188.74000549316406,189.00999450683594,188.74000549316406,188.9550018310547,4081.0
2026-08-05 11:34:00,NTCT,,42.005001068115234,42.0099983215332,42.005001068115234,42.0099983215332,316.0
2026-08-05 11:34:00,NTES,,127.79000091552734,127.79000091552734,127.79000091552734,127.79000091552734,869.0
2026-08-05 11:34:00,NTNX,,60.37990188598633,60.40999984741211,60.37990188598633,60.40999984741211,2335.0
2026-08-05 11:34:00,NTRA,,277.0,277.0,277.0,277.0,310.0
2026-08-05 11:34:00,NTRS,,183.60000610351562,183.60000610351562,183.60000610351562,183.60000610351562,509.0
2026-08-05 11:34:00,NUWE,,1.7200000286102295,1.7200000286102295,1.7000000476837158,1.715000033378601,8108.0
2026-08-05 11:34:00,NVAX,,7.650000095367432,7.659900188446045,7.650000095367432,7.659900188446045,1971.0
2026-08-05 11:34:00,NVCR,,16.0049991607666,16.0049991607666,15.96500015258789,15.979999542236328,5238.0
2026-08-05 11:34:00,NVDA,,219.67999267578125,219.9799041748047,219.60000610351562,219.8800048828125,202252.0
2026-08-05 11:34:00,NVEC,,128.50999450683594,128.50999450683594,128.50999450683594,128.50999450683594,269.0
2026-08-05 11:34:00,NVMI,,411.7049865722656,412.4200134277344,411.3900146484375,411.3900146484375,1747.0
2026-08-05 11:34:00,NVTS,,12.539999961853027,12.574999809265137,12.53499984741211,12.569999694824219,37631.0
2026-08-05 11:34:00,NWBI,,15.925000190734863,15.925000190734863,15.925000190734863,15.925000190734863,421.0
2026-08-05 11:34:00,NWE,,68.63999938964844,68.63999938964844,68.63999938964844,68.63999938964844,349.0
2026-08-05 11:34:00,NWL,,6.25,6.255000114440918,6.25,6.25,15956.0
2026-08-05 11:34:00,NWS,,32.22999954223633,32.2400016784668,32.22999954223633,32.2400016784668,1219.0
2026-08-05 11:34:00,NWSA,,28.19499969482422,28.200000762939453,28.19499969482422,28.200000762939453,3831.0
2026-08-05 11:34:00,NXL,,0.37790000438690186,0.37790000438690186,0.37790000438690186,0.37790000438690186,2180.0
2026-08-05 11:34:00,NXPI,,230.13499450683594,230.42999267578125,230.13499450683594,230.3699951171875,5621.0
2026-08-05 11:34:00,NXT,,99.12000274658203,99.36000061035156,99.12000274658203,99.30000305175781,7436.0
2026-08-05 11:34:00,OCCI,,2.4649999141693115,2.4700000286102295,2.4649999141693115,2.4700000286102295,103.0
2026-08-05 11:34:00,OCFC,,19.725000381469727,19.725000381469727,19.719999313354492,19.725000381469727,1809.0
2026-08-05 11:34:00,OCGN,,1.2899999618530273,1.2899999618530273,1.2899999618530273,1.2899999618530273,1397.0
2026-08-05 11:34:00,OCUL,,8.470499992370605,8.479999542236328,8.470499992370605,8.479999542236328,2311.0
2026-08-05 11:34:00,ODD,,15.100000381469727,15.100000381469727,15.100000381469727,15.100000381469727,184.0
2026-08-05 11:34:00,ODFL,,215.2100067138672,215.5449981689453,215.2100067138672,215.42999267578125,6623.0
2026-08-05 11:34:00,OESX,,15.009200096130371,15.009200096130371,15.009200096130371,15.009200096130371,867.0
2026-08-05 11:34:00,OFIX,,10.71500015258789,10.71500015258789,10.71500015258789,10.71500015258789,1196.0
2026-08-05 11:34:00,OKTA,,147.55499267578125,147.57000732421875,147.50999450683594,147.50999450683594,1949.0
2026-08-05 11:34:00,OMCL,,37.29999923706055,37.29999923706055,37.29999923706055,37.29999923706055,1449.0
2026-08-05 11:34:00,OMER,,12.744999885559082,12.744999885559082,12.744999885559082,12.744999885559082,201.0
2026-08-05 11:34:00,OMH,,0.11410000175237656,0.1143999993801117,0.11299999803304672,0.11299999803304672,96551.0
2026-08-05 11:34:00,ON,,77.20999908447266,77.44000244140625,77.20999908447266,77.37000274658203,45233.0
2026-08-05 11:34:00,ONB,,26.969999313354492,26.975000381469727,26.96500015258789,26.975000381469727,4143.0
2026-08-05 11:34:00,ONBPP,,24.718299865722656,24.718299865722656,24.71500015258789,24.71500015258789,1885.0
2026-08-05 11:34:00,ONCY,,0.7914000153541565,0.7914000153541565,0.7914000153541565,0.7914000153541565,74.0
2026-08-05 11:34:00,ONDS,,8.774999618530273,8.789999961853027,8.770000457763672,8.78499984741211,107037.0
2026-08-05 11:34:00,ONFO,,0.07509999722242355,0.07569999992847443,0.07509999722242355,0.07509999722242355,21229.0
2026-08-05 11:34:00,OPBK,,15.789999961853027,15.789999961853027,15.789999961853027,15.789999961853027,423.0
2026-08-05 11:34:00,OPCH,,23.350000381469727,23.360000610351562,23.31999969482422,23.360000610351562,36483.0
2026-08-05 11:34:00,OPEN,,3.869999885559082,3.869999885559082,3.859999895095825,3.865000009536743,41650.0
2026-08-05 11:34:00,OPK,,1.309999942779541,1.309999942779541,1.309999942779541,1.309999942779541,976.0
2026-08-05 11:34:00,OPRT,,6.110000133514404,6.110000133514404,6.110000133514404,6.110000133514404,180.0
2026-08-05 11:34:00,OPRX,,6.769999980926514,6.769999980926514,6.75,6.75,1104.0
2026-08-05 11:34:00,ORIC,,13.255000114440918,13.255000114440918,13.255000114440918,13.255000114440918,250.0
2026-08-05 11:34:00,ORLY,,93.0,93.0,92.77999877929688,92.77999877929688,18916.0
2026-08-05 11:34:00,ORRF,,43.349998474121094,43.349998474121094,43.349998474121094,43.349998474121094,415.0
2026-08-05 11:34:00,OSBC,,25.760000228881836,25.774999618530273,25.760000228881836,25.770000457763672,3813.0
2026-08-05 11:34:00,OSPN,,16.475000381469727,16.475000381469727,16.475000381469727,16.475000381469727,803.0
2026-08-05 11:34:00,OSS,,14.020000457763672,14.050000190734863,14.020000457763672,14.045000076293945,1606.0
2026-08-05 11:34:00,OTEX,,25.780000686645508,25.780000686645508,25.780000686645508,25.780000686645508,502.0
2026-08-05 11:34:00,OTLK,,1.0199999809265137,1.0199999809265137,1.0196000337600708,1.0196000337600708,2157.0
2026-08-05 11:34:00,OTLY,,14.420000076293945,14.430000305175781,14.420000076293945,14.430000305175781,505.0
2026-08-05 11:34:00,OVID,,2.634999990463257,2.640000104904175,2.634999990463257,2.640000104904175,545.0
2026-08-05 11:34:00,PAA,,23.15999984741211,23.15999984741211,23.155000686645508,23.15999984741211,1014.0
2026-08-05 11:34:00,PAAS,,48.349998474121094,48.43000030517578,48.33000183105469,48.41999816894531,9348.0
2026-08-05 11:34:00,PACB,,1.4246000051498413,1.4249999523162842,1.4199999570846558,1.4249999523162842,4709.0
2026-08-05 11:34:00,PAGP,,25.059999465942383,25.059999465942383,25.05500030517578,25.059999465942383,4511.0
2026-08-05 11:34:00,PALI,,2.0999999046325684,2.0999999046325684,2.0999999046325684,2.0999999046325684,708.0
2026-08-05 11:34:00,PANW,,363.03009033203125,363.989990234375,363.0299987792969,363.6499938964844,7248.0
2026-08-05 11:34:00,PAVS,,4.920100212097168,4.920100212097168,4.920100212097168,4.920100212097168,300.0
2026-08-05 11:34:00,PAX,,11.395000457763672,11.395000457763672,11.395000457763672,11.395000457763672,102.0
2026-08-05 11:34:00,PAYO,,7.130000114440918,7.130000114440918,7.119999885559082,7.130000114440918,4733.0
2026-08-05 11:34:00,PAYX,,116.33499908447266,116.33499908447266,116.22000122070312,116.22000122070312,9014.0
2026-08-05 11:34:00,PCAR,,133.6999969482422,133.75999450683594,133.6300048828125,133.63999938964844,7993.0
2026-08-05 11:34:00,PCT,,6.929999828338623,6.934999942779541,6.929999828338623,6.934999942779541,2244.0
2026-08-05 11:34:00,PCTY,,144.2550048828125,144.63499450683594,143.97000122070312,144.63499450683594,1088.0
2026-08-05 11:34:00,PDD,,91.23500061035156,91.23500061035156,91.19999694824219,91.22000122070312,10002.0
2026-08-05 11:34:00,PDFS,,50.47999954223633,50.47999954223633,50.47999954223633,50.47999954223633,1497.0
2026-08-05 11:34:00,PEBO,,41.599998474121094,41.61000061035156,41.599998474121094,41.61000061035156,1505.0
2026-08-05 11:34:00,PECO,,41.30500030517578,41.30500030517578,41.30500030517578,41.30500030517578,192.0
2026-08-05 11:34:00,PEGA,,31.565000534057617,31.565000534057617,31.565000534057617,31.565000534057617,294.0
2026-08-05 11:34:00,PENN,,19.8799991607666,19.90999984741211,19.8799991607666,19.90999984741211,3555.0
2026-08-05 11:34:00,PEP,,138.22999572753906,138.22999572753906,138.07000732421875,138.11000061035156,6687.0
2026-08-05 11:34:00,PEPG,,1.9149999618530273,1.9149999618530273,1.9149999618530273,1.9149999618530273,669.0
2026-08-05 11:34:00,PFG,,113.79000091552734,113.79000091552734,113.79000091552734,113.79000091552734,788.0
2026-08-05 11:34:00,PGEN,,7.0,7.0,6.989999771118164,6.989999771118164,3812.0
2026-08-05 11:34:00,PGNY,,31.600000381469727,31.6200008392334,31.600000381469727,31.6200008392334,1381.0
2026-08-05 11:34:00,PGY,,21.790000915527344,21.84000015258789,21.790000915527344,21.829999923706055,2130.0
2026-08-05 11:34:00,PHAT,,8.479999542236328,8.479999542236328,8.479999542236328,8.479999542236328,3673.0
2026-08-05 11:34:00,PHVS,,32.97999954223633,32.97999954223633,32.97999954223633,32.97999954223633,149.0
2026-08-05 11:34:00,PKOH,,41.209999084472656,41.209999084472656,41.209999084472656,41.209999084472656,146.0
2026-08-05 11:34:00,PLAB,,32.189998626708984,32.2599983215332,32.189998626708984,32.255001068115234,3058.0
2026-08-05 11:34:00,PLMR,,133.61000061035156,133.8699951171875,133.61000061035156,133.8699951171875,1160.0
2026-08-05 11:34:00,PLPC,,462.2200012207031,463.0199890136719,462.2200012207031,462.5400085449219,2471.0
2026-08-05 11:34:00,PLUG,,2.0999999046325684,2.109999895095825,2.0999999046325684,2.1050000190734863,9802.0
2026-08-05 11:34:00,PLXS,,274.7650146484375,274.7650146484375,274.7650146484375,274.7650146484375,988.0
2026-08-05 11:34:00,PNRG,,183.38999938964844,183.38999938964844,183.38999938964844,183.38999938964844,742.0
2026-08-05 11:34:00,PNTG,,38.72999954223633,38.72999954223633,38.72999954223633,38.72999954223633,974.0
2026-08-05 11:34:00,POET,,8.288999557495117,8.3100004196167,8.28499984741211,8.305000305175781,5427.0
2026-08-05 11:34:00,POWL,,213.72000122070312,214.1999969482422,213.72000122070312,214.1999969482422,1727.0
2026-08-05 11:34:00,PPC,,26.614999771118164,26.6200008392334,26.614999771118164,26.6200008392334,1735.0
2026-08-05 11:34:00,PPTA,,22.565000534057617,22.6200008392334,22.565000534057617,22.579999923706055,7159.0
2026-08-05 11:34:00,PRCH,,15.979999542236328,15.979999542236328,15.979999542236328,15.979999542236328,1213.0
2026-08-05 11:34:00,PRCT,,19.1299991607666,19.1299991607666,19.100000381469727,19.1200008392334,7960.0
2026-08-05 11:34:00,PRDO,,32.93000030517578,32.93000030517578,32.93000030517578,32.93000030517578,717.0
2026-08-05 11:34:00,PRGS,,41.845001220703125,41.845001220703125,41.845001220703125,41.845001220703125,624.0
2026-08-05 11:34:00,PRIM,,86.1449966430664,86.37000274658203,86.1449966430664,86.1449966430664,6297.0
2026-08-05 11:34:00,PRME,,2.9649999141693115,2.9649999141693115,2.9649999141693115,2.9649999141693115,1365.0
2026-08-05 11:34:00,PRQR,,1.899999976158142,1.899999976158142,1.899999976158142,1.899999976158142,351.0
2026-08-05 11:34:00,PRTH,,6.585000038146973,6.585000038146973,6.585000038146973,6.585000038146973,426.0
2026-08-05 11:34:00,PSEC,,2.180299997329712,2.184999942779541,2.180000066757202,2.180000066757202,22033.0
2026-08-05 11:34:00,PSNL,,13.569999694824219,13.595000267028809,13.5600004196167,13.59000015258789,4584.0
2026-08-05 11:34:00,PTCT,,69.08000183105469,69.08000183105469,69.08000183105469,69.08000183105469,923.0
2026-08-05 11:34:00,PTEN,,9.729999542236328,9.75,9.729999542236328,9.75,16785.0
2026-08-05 11:34:00,PTON,,6.525000095367432,6.525000095367432,6.519999980926514,6.525000095367432,2988.0
2026-08-05 11:34:00,PUBM,,13.640000343322754,13.640000343322754,13.640000343322754,13.640000343322754,1261.0
2026-08-05 11:34:00,PWP,,17.3799991607666,17.3799991607666,17.31999969482422,17.3700008392334,1331.0
2026-08-05 11:34:00,PYPD,,4.480000019073486,4.480000019073486,4.474999904632568,4.474999904632568,300.0
2026-08-05 11:34:00,PYPL,,58.349998474121094,58.35499954223633,58.339900970458984,58.349998474121094,13708.0
2026-08-05 11:34:00,PYXS,,3.1449999809265137,3.1449999809265137,3.140000104904175,3.1414999961853027,1980.0
2026-08-05 11:34:00,PZZA,,30.43000030517578,30.459999084472656,30.43000030517578,30.459999084472656,1347.0
2026-08-05 11:34:00,QCOM,,157.88999938964844,158.16000366210938,157.86500549316406,157.97999572753906,14679.0
2026-08-05 11:34:00,QRVO,,94.75,94.86000061035156,94.75,94.83999633789062,748.0
2026-08-05 11:34:00,SEED,,1.0099999904632568,1.0099999904632568,1.0099999904632568,1.0099999904632568,1166.0
2026-08-05 11:34:00,STIM,,2.265000104904175,2.265000104904175,2.25,2.25,2946.0
2026-08-05 11:34:00,TARA,,4.025000095367432,4.025000095367432,4.025000095367432,4.025000095367432,200.0
2026-08-05 11:34:00,WOOF,,2.924999952316284,2.9263999462127686,2.924999952316284,2.9263999462127686,733.0
2026-08-05 11:35:00,ACDC,,4.364999771118164,4.364999771118164,4.355000019073486,4.355000019073486,34639.0
2026-08-05 11:35:00,BPOP,,177.10000610351562,177.10000610351562,177.10000610351562,177.10000610351562,2851.0
2026-08-05 11:35:00,EYE,,23.219999313354492,23.219999313354492,23.219999313354492,23.219999313354492,662.0
2026-08-05 11:35:00,FIZZ,,31.979999542236328,31.979999542236328,31.979999542236328,31.979999542236328,513.0
2026-08-05 11:35:00,GLUE,,15.880000114440918,15.880000114440918,15.880000114440918,15.880000114440918,1092.0
2026-08-05 11:35:00,KIDS,,21.059999465942383,21.059999465942383,20.989999771118164,20.989999771118164,2426.0
2026-08-05 11:35:00,KITT,,1.059999942779541,1.062000036239624,1.059999942779541,1.062000036239624,1157.0
2026-08-05 11:35:00,MBRX,,0.42750000953674316,0.43549999594688416,0.42579999566078186,0.4343000054359436,8778.0
2026-08-05 11:35:00,MDB,,376.7799987792969,376.7799987792969,376.7799987792969,376.7799987792969,408.0
2026-08-05 11:35:00,MDLZ,,61.99810028076172,62.02000045776367,61.9900016784668,62.02000045776367,6056.0
2026-08-05 11:35:00,MLTX,,17.54509925842285,17.54509925842285,17.54509925842285,17.54509925842285,1765.0
2026-08-05 11:35:00,MNST,,94.54000091552734,94.55500030517578,94.5199966430664,94.55000305175781,5098.0
2026-08-05 11:35:00,MORN,,198.19000244140625,198.24000549316406,198.19000244140625,198.24000549316406,235.0
2026-08-05 11:35:00,MPWR,,1320.385009765625,1320.3900146484375,1319.8599853515625,1319.8599853515625,249.0
2026-08-05 11:35:00,MRNA,,57.2599983215332,57.279998779296875,57.2599983215332,57.279998779296875,2488.0
2026-08-05 11:35:00,MYGN,,3.219899892807007,3.2200000286102295,3.2100000381469727,3.2200000286102295,2358.0
2026-08-05 11:35:00,NAMS,,26.59000015258789,26.59000015258789,26.59000015258789,26.59000015258789,420.0
2026-08-05 11:35:00,NB,,5.059899806976318,5.059899806976318,5.050000190734863,5.050000190734863,2786.0
2026-08-05 11:35:00,NBIX,,163.78500366210938,163.80499267578125,163.78500366210938,163.80499267578125,864.0
2026-08-05 11:35:00,NBTB,,53.310001373291016,53.34000015258789,53.310001373291016,53.34000015258789,568.0
2026-08-05 11:35:00,NDAQ,,94.37000274658203,94.44000244140625,94.3499984741211,94.44000244140625,2073.0
2026-08-05 11:35:00,NDSN,,310.94000244140625,310.94000244140625,310.94000244140625,310.94000244140625,192.0
2026-08-05 11:35:00,NEO,,16.149999618530273,16.149999618530273,16.139999389648438,16.139999389648438,2072.0
2026-08-05 11:35:00,NEOG,,11.595000267028809,11.595000267028809,11.595000267028809,11.595000267028809,512.0
2026-08-05 11:35:00,NEOV,,2.8350000381469727,2.8350000381469727,2.8350000381469727,2.8350000381469727,170.0
2026-08-05 11:35:00,NEXT,,6.389999866485596,6.389999866485596,6.380000114440918,6.380000114440918,8968.0
2026-08-05 11:35:00,NFLX,,73.875,73.99500274658203,73.875,73.99199676513672,42743.0
2026-08-05 11:35:00,NGNE,,34.82500076293945,34.82500076293945,34.82500076293945,34.82500076293945,116.0
2026-08-05 11:35:00,NICE,,96.68000030517578,96.68000030517578,96.68000030517578,96.68000030517578,418.0
2026-08-05 11:35:00,NIU,,2.450000047683716,2.450000047683716,2.444999933242798,2.444999933242798,700.0
2026-08-05 11:35:00,NKTX,,2.184999942779541,2.184999942779541,2.174999952316284,2.174999952316284,8740.0
2026-08-05 11:35:00,NMFC,,7.339000225067139,7.339000225067139,7.339000225067139,7.339000225067139,560.0
2026-08-05 11:35:00,NMRA,,1.6100000143051147,1.6100000143051147,1.6100000143051147,1.6100000143051147,635.0
2026-08-05 11:35:00,NMRK,,15.59000015258789,15.59000015258789,15.59000015258789,15.59000015258789,1558.0
2026-08-05 11:35:00,NN,,14.199999809265137,14.220000267028809,14.1899995803833,14.1899995803833,12082.0
2026-08-05 11:35:00,NNDM,,1.5399999618530273,1.5400999784469604,1.5399999618530273,1.5399999618530273,4436.0
2026-08-05 11:35:00,NNOX,,1.0099999904632568,1.0099999904632568,1.0,1.0,12296.0
2026-08-05 11:35:00,NPCE,,13.600000381469727,13.600000381469727,13.600000381469727,13.600000381469727,539.0
2026-08-05 11:35:00,NRDS,,9.164999961853027,9.164999961853027,9.15999984741211,9.15999984741211,998.0
2026-08-05 11:35:00,NRSN,,0.5339000225067139,0.5339000225067139,0.5339000225067139,0.5339000225067139,100.0
2026-08-05 11:35:00,NSSC,,40.38999938964844,40.38999938964844,40.38999938964844,40.38999938964844,201.0
2026-08-05 11:35:00,NTAP,,188.72500610351562,188.83999633789062,188.63999938964844,188.7301025390625,5524.0
2026-08-05 11:35:00,NTCT,,42.0,42.005001068115234,42.0,42.005001068115234,1188.0
2026-08-05 11:35:00,NTES,,127.69000244140625,127.70999908447266,127.63999938964844,127.70999908447266,1911.0
2026-08-05 11:35:00,NTNX,,60.40999984741211,60.40999984741211,60.36000061035156,60.3650016784668,3693.0
2026-08-05 11:35:00,NTRA,,277.0,277.0,276.8711853027344,276.8711853027344,614.0
2026-08-05 11:35:00,NTRS,,183.63999938964844,183.63999938964844,183.6199951171875,183.6199951171875,806.0
2026-08-05 11:35:00,NTRSO,,18.39590072631836,18.39590072631836,18.39590072631836,18.39590072631836,639.0
2026-08-05 11:35:00,NUTX,,157.89500427246094,157.89500427246094,157.89500427246094,157.89500427246094,821.0
2026-08-05 11:35:00,NUWE,,1.7200000286102295,1.7200000286102295,1.7200000286102295,1.7200000286102295,747.0
2026-08-05 11:35:00,NVAX,,7.669899940490723,7.670000076293945,7.65500020980835,7.65500020980835,3853.0
2026-08-05 11:35:00,NVDA,,219.85699462890625,219.85800170898438,219.6750030517578,219.67649841308594,199990.0
2026-08-05 11:35:00,NVMI,,411.1400146484375,411.9849853515625,411.1400146484375,411.79998779296875,1563.0
2026-08-05 11:35:00,NVTS,,12.5649995803833,12.579999923706055,12.550000190734863,12.550000190734863,9926.0
2026-08-05 11:35:00,NWBI,,15.920000076293945,15.925000190734863,15.920000076293945,15.92020034790039,4175.0
2026-08-05 11:35:00,NWE,,68.62000274658203,68.62000274658203,68.62000274658203,68.62000274658203,1205.0
2026-08-05 11:35:00,NWL,,6.244999885559082,6.255000114440918,6.239999771118164,6.255000114440918,15799.0
2026-08-05 11:35:00,NWS,,32.22999954223633,32.2400016784668,32.22999954223633,32.22999954223633,1311.0
2026-08-05 11:35:00,NWSA,,28.19499969482422,28.19499969482422,28.19499969482422,28.19499969482422,2496.0
2026-08-05 11:35:00,NXPI,,230.35499572753906,230.3699951171875,230.13499450683594,230.13499450683594,8243.0
2026-08-05 11:35:00,NXST,,192.2899932861328,192.60000610351562,192.2899932861328,192.60000610351562,389.0
2026-08-05 11:35:00,NXT,,99.2750015258789,99.30879974365234,99.18000030517578,99.19999694824219,1902.0
2026-08-05 11:35:00,NYXH,,1.4149999618530273,1.4149999618530273,1.4149999618530273,1.4149999618530273,749.0
2026-08-05 11:35:00,OBIO,,4.215000152587891,4.215000152587891,4.215000152587891,4.215000152587891,1066.0
2026-08-05 11:35:00,OCFC,,19.709999084472656,19.725000381469727,19.709999084472656,19.719999313354492,2783.0
2026-08-05 11:35:00,OCGN,,1.2900999784469604,1.2949999570846558,1.2899999618530273,1.2899999618530273,2439.0
2026-08-05 11:35:00,OCSL,,12.125,12.125,12.119999885559082,12.119999885559082,1657.0
2026-08-05 11:35:00,ODFL,,215.0800018310547,215.11000061035156,215.0800018310547,215.11000061035156,1095.0
2026-08-05 11:35:00,OKTA,,147.57000732421875,147.57000732421875,147.57000732421875,147.57000732421875,580.0
2026-08-05 11:35:00,OLMA,,11.650699615478516,11.650699615478516,11.650699615478516,11.650699615478516,993.0
2026-08-05 11:35:00,OM,,4.960000038146973,4.960000038146973,4.960000038146973,4.960000038146973,376.0
2026-08-05 11:35:00,OMCL,,37.290000915527344,37.29499816894531,37.28499984741211,37.29499816894531,2367.0
2026-08-05 11:35:00,OMER,,12.729999542236328,12.729999542236328,12.729999542236328,12.729999542236328,243.0
2026-08-05 11:35:00,OMEX,,0.7391999959945679,0.7391999959945679,0.7391999959945679,0.7391999959945679,1239.0
2026-08-05 11:35:00,OMH,,0.1143999993801117,0.1143999993801117,0.11379999667406082,0.11379999667406082,48667.0
2026-08-05 11:35:00,ON,,77.31999969482422,77.36000061035156,77.27999877929688,77.33499908447266,20034.0
2026-08-05 11:35:00,ONB,,26.954999923706055,26.969900131225586,26.954999923706055,26.969900131225586,11411.0
2026-08-05 11:35:00,ONDS,,8.779999732971191,8.789999961853027,8.770000457763672,8.774999618530273,187442.0
2026-08-05 11:35:00,ONEW,,12.680000305175781,12.680000305175781,12.65999984741211,12.670000076293945,693.0
2026-08-05 11:35:00,ONFO,,0.07509999722242355,0.07540000230073929,0.07500000298023224,0.07509999722242355,52558.0
2026-08-05 11:35:00,ONMD,,0.670799970626831,0.670799970626831,0.670799970626831,0.670799970626831,828.0
2026-08-05 11:35:00,OPAL,,2.325000047683716,2.325000047683716,2.325000047683716,2.325000047683716,329.0
2026-08-05 11:35:00,OPCH,,23.34000015258789,23.34000015258789,23.34000015258789,23.34000015258789,129.0
2026-08-05 11:35:00,OPEN,,3.865000009536743,3.869999885559082,3.859999895095825,3.865000009536743,49702.0
2026-08-05 11:35:00,OPK,,1.3109999895095825,1.3186999559402466,1.3109999895095825,1.3186999559402466,4874.0
2026-08-05 11:35:00,OPRT,,6.099999904632568,6.099999904632568,6.099999904632568,6.099999904632568,2676.0
2026-08-05 11:35:00,ORIC,,13.255000114440918,13.255000114440918,13.255000114440918,13.255000114440918,1569.0
2026-08-05 11:35:00,ORLY,,92.83000183105469,93.0,92.79000091552734,92.95999908447266,43908.0
2026-08-05 11:35:00,OSBC,,25.75,25.760000228881836,25.75,25.75,2944.0
2026-08-05 11:35:00,OSIS,,236.06500244140625,236.06500244140625,236.06500244140625,236.06500244140625,2598.0
2026-08-05 11:35:00,OSW,,26.729999542236328,26.729999542236328,26.729999542236328,26.729999542236328,789.0
2026-08-05 11:35:00,OTEX,,25.764999389648438,25.770000457763672,25.764999389648438,25.770000457763672,2219.0
2026-08-05 11:35:00,OTLK,,1.0149999856948853,1.0199999809265137,1.0149999856948853,1.0149999856948853,1787.0
2026-08-05 11:35:00,OVID,,2.640000104904175,2.640000104904175,2.630000114440918,2.630000114440918,1663.0
2026-08-05 11:35:00,PAA,,23.15999984741211,23.15999984741211,23.155000686645508,23.155000686645508,4410.0
2026-08-05 11:35:00,PAAS,,48.3849983215332,48.399898529052734,48.34000015258789,48.369998931884766,8998.0
2026-08-05 11:35:00,PACB,,1.4249999523162842,1.4249999523162842,1.4199999570846558,1.4199999570846558,6406.0
2026-08-05 11:35:00,PAGP,,25.075000762939453,25.075000762939453,25.065000534057617,25.065000534057617,1444.0
2026-08-05 11:35:00,PALI,,2.0999999046325684,2.0999999046325684,2.091099977493286,2.091099977493286,4062.0
2026-08-05 11:35:00,PANW,,363.2200012207031,363.260009765625,363.0350036621094,363.1650085449219,6902.0
2026-08-05 11:35:00,PAVS,,4.88700008392334,4.921000003814697,4.88700008392334,4.921000003814697,1801.0
2026-08-05 11:35:00,PAX,,11.390000343322754,11.395000457763672,11.390000343322754,11.395000457763672,1097.0
2026-08-05 11:35:00,PAYO,,7.130000114440918,7.130000114440918,7.119999885559082,7.130000114440918,992.0
2026-08-05 11:35:00,PAYX,,116.29000091552734,116.31999969482422,116.27999877929688,116.31999969482422,3604.0
2026-08-05 11:35:00,PCAR,,133.58999633789062,133.67999267578125,133.5800018310547,133.67999267578125,1848.0
2026-08-05 11:35:00,PCRX,,25.030000686645508,25.030000686645508,25.010000228881836,25.020000457763672,1506.0
2026-08-05 11:35:00,PCSA,,2.1700000762939453,2.1700000762939453,2.1700000762939453,2.1700000762939453,322.0
2026-08-05 11:35:00,PCT,,6.909999847412109,6.920000076293945,6.909999847412109,6.920000076293945,3577.0
2026-08-05 11:35:00,PCTY,,144.30499267578125,144.75999450683594,144.2550048828125,144.63499450683594,1101.0
2026-08-05 11:35:00,PDD,,91.19000244140625,91.25,91.18000030517578,91.23500061035156,20313.0
2026-08-05 11:35:00,PECO,,41.290000915527344,41.290000915527344,41.290000915527344,41.290000915527344,1808.0
2026-08-05 11:35:00,PEGA,,31.549999237060547,31.565000534057617,31.549999237060547,31.565000534057617,1724.0
2026-08-05 11:35:00,PENN,,19.8799991607666,19.8799991607666,19.8700008392334,19.8700008392334,3055.0
2026-08-05 11:35:00,PEP,,138.13999938964844,138.24000549316406,138.08999633789062,138.24000549316406,8501.0
2026-08-05 11:35:00,PERI,,9.595000267028809,9.595000267028809,9.595000267028809,9.595000267028809,201.0
2026-08-05 11:35:00,PFG,,113.69999694824219,113.7300033569336,113.63999938964844,113.70999908447266,2546.0
2026-08-05 11:35:00,PGC,,46.625,46.63999938964844,46.625,46.630001068115234,894.0
2026-08-05 11:35:00,PGEN,,6.994999885559082,7.0,6.989999771118164,6.994999885559082,5626.0
2026-08-05 11:35:00,PGY,,21.71030044555664,21.770000457763672,21.71030044555664,21.770000457763672,1903.0
2026-08-05 11:35:00,PHIO,,1.0499999523162842,1.0499999523162842,1.0499999523162842,1.0499999523162842,798.0
2026-08-05 11:35:00,PHVS,,33.0099983215332,33.0099983215332,33.0099983215332,33.0099983215332,490.0
2026-08-05 11:35:00,PKOH,,41.189998626708984,41.529998779296875,41.189998626708984,41.2400016784668,1324.0
2026-08-05 11:35:00,PLBY,,1.1549999713897705,1.1549999713897705,1.1549999713897705,1.1549999713897705,200.0
2026-08-05 11:35:00,PLTK,,4.025000095367432,4.025000095367432,4.025000095367432,4.025000095367432,1035.0
2026-08-05 11:35:00,PLUG,,2.1050000190734863,2.109999895095825,2.0999999046325684,2.0999999046325684,16967.0
2026-08-05 11:35:00,PMVP,,1.1749999523162842,1.1749999523162842,1.1649999618530273,1.1679999828338623,10127.0
2026-08-05 11:35:00,PNBK,,1.1449999809265137,1.149999976158142,1.1449999809265137,1.149999976158142,2129.0
2026-08-05 11:35:00,PNFP,,107.42500305175781,107.42500305175781,107.41500091552734,107.41500091552734,351.0
2026-08-05 11:35:00,POET,,8.3100004196167,8.3149995803833,8.289999961853027,8.295000076293945,10601.0
2026-08-05 11:35:00,POWL,,214.22999572753906,214.3800048828125,213.92999267578125,213.92999267578125,3168.0
2026-08-05 11:35:00,PPC,,26.6299991607666,26.6299991607666,26.6299991607666,26.6299991607666,892.0
2026-08-05 11:35:00,PPTA,,22.600000381469727,22.6299991607666,22.57550048828125,22.600000381469727,3965.0
2026-08-05 11:35:00,PRAA,,17.399999618530273,17.399999618530273,17.3799991607666,17.3799991607666,898.0
2026-08-05 11:35:00,PRCH,,15.970000267028809,16.0,15.970000267028809,15.979999542236328,3511.0
2026-08-05 11:35:00,PRCT,,19.1200008392334,19.1200008392334,19.110000610351562,19.110000610351562,4494.0
2026-08-05 11:35:00,PRDO,,32.90999984741211,32.90999984741211,32.90999984741211,32.90999984741211,487.0
2026-08-05 11:35:00,PROF,,8.085000038146973,8.085000038146973,8.085000038146973,8.085000038146973,200.0
2026-08-05 11:35:00,PRVA,,24.1200008392334,24.1200008392334,24.059999465942383,24.059999465942383,5394.0
2026-08-05 11:35:00,PSEC,,2.184999942779541,2.190000057220459,2.180000066757202,2.190000057220459,8319.0
2026-08-05 11:35:00,PSNL,,13.555000305175781,13.555000305175781,13.555000305175781,13.555000305175781,697.0
2026-08-05 11:35:00,PTC,,139.9499969482422,139.9499969482422,139.9499969482422,139.9499969482422,1401.0
2026-08-05 11:35:00,PTEN,,9.725000381469727,9.725000381469727,9.725000381469727,9.725000381469727,1004.0
2026-08-05 11:35:00,PTLO,,4.599999904632568,4.599999904632568,4.590000152587891,4.599999904632568,3953.0
2026-08-05 11:35:00,PTON,,6.519999980926514,6.525000095367432,6.505000114440918,6.525000095367432,49004.0
2026-08-05 11:35:00,PUBM,,13.59000015258789,13.614999771118164,13.59000015258789,13.614999771118164,2179.0
2026-08-05 11:35:00,PWP,,17.350000381469727,17.350000381469727,17.350000381469727,17.350000381469727,1445.0
2026-08-05 11:35:00,PYPD,,4.480000019073486,4.480000019073486,4.480000019073486,4.480000019073486,300.0
2026-08-05 11:35:00,PYPL,,58.31999969482422,58.369998931884766,58.2599983215332,58.36000061035156,59790.0
2026-08-05 11:35:00,QCOM,,157.97999572753906,158.02499389648438,157.93499755859375,157.93499755859375,8616.0
2026-08-05 11:35:00,QFIN,,13.319999694824219,13.319999694824219,13.319999694824219,13.319999694824219,426.0
2026-08-05 11:35:00,QQQX,,30.440000534057617,30.440000534057617,30.440000534057617,30.440000534057617,952.0
2026-08-05 11:35:00,QRVO,,94.77999877929688,94.80999755859375,94.77999877929688,94.80999755859375,749.0
2026-08-05 11:35:00,SEED,,1.0199999809265137,1.0199999809265137,1.0099999904632568,1.0199999809265137,1868.0
2026-08-05 11:35:00,STIM,,2.265000104904175,2.265000104904175,2.265000104904175,2.265000104904175,154.0
2026-08-05 11:35:00,TARA,,4.019999980926514,4.025000095367432,4.019999980926514,4.020899772644043,5533.0
2026-08-05 11:35:00,WOOF,,2.924999952316284,2.924999952316284,2.924999952316284,2.924999952316284,4932.0
2026-08-05 11:36:00,ACDC,,4.355000019073486,4.364999771118164,4.355000019073486,4.364999771118164,5514.0
2026-08-05 11:36:00,EYE,,23.170000076293945,23.200000762939453,23.170000076293945,23.200000762939453,3587.0
2026-08-05 11:36:00,GLUE,,15.864999771118164,15.864999771118164,15.864999771118164,15.864999771118164,153.0
2026-08-05 11:36:00,LUNG,,1.9149999618530273,1.9149999618530273,1.9149999618530273,1.9149999618530273,556.0
2026-08-05 11:36:00,MBRX,,0.4275999963283539,0.43160000443458557,0.4275999963283539,0.43160000443458557,17804.0
2026-08-05 11:36:00,MDB,,377.25,377.29998779296875,376.3599853515625,376.3599853515625,2150.0
2026-08-05 11:36:00,MDLZ,,62.025001525878906,62.025001525878906,62.0099983215332,62.0099983215332,4560.0
2026-08-05 11:36:00,MNRO,,13.119999885559082,13.119999885559082,13.119999885559082,13.119999885559082,1024.0
2026-08-05 11:36:00,MNST,,94.48999786376953,94.54850006103516,94.48999786376953,94.54850006103516,7418.0
2026-08-05 11:36:00,MNTS,,4.349999904632568,4.360000133514404,4.349999904632568,4.360000133514404,2124.0
2026-08-05 11:36:00,MORN,,198.19000244140625,198.19000244140625,198.19000244140625,198.19000244140625,409.0
2026-08-05 11:36:00,MPAA,,14.020000457763672,14.020000457763672,14.020000457763672,14.020000457763672,124.0
2026-08-05 11:36:00,MPWR,,1320.969970703125,1322.02001953125,1320.199951171875,1320.3900146484375,358.0
2026-08-05 11:36:00,MRNA,,57.220001220703125,57.2599983215332,57.220001220703125,57.2599983215332,2784.0
2026-08-05 11:36:00,MYGN,,3.2149999141693115,3.2149999141693115,3.2149999141693115,3.2149999141693115,818.0
2026-08-05 11:36:00,NATR,,20.235000610351562,20.235000610351562,20.235000610351562,20.235000610351562,532.0
2026-08-05 11:36:00,NAUT,,0.9538999795913696,0.9538999795913696,0.9538999795913696,0.9538999795913696,1236.0
2026-08-05 11:36:00,NB,,5.050000190734863,5.054999828338623,5.045000076293945,5.054999828338623,6540.0
2026-08-05 11:36:00,NBIX,,163.78500366210938,163.78500366210938,163.7050018310547,163.78500366210938,1509.0
2026-08-05 11:36:00,NBTB,,53.30739974975586,53.30739974975586,53.30500030517578,53.30500030517578,2406.0
2026-08-05 11:36:00,NBTX,,39.67499923706055,39.67499923706055,39.67499923706055,39.67499923706055,2119.0
2026-08-05 11:36:00,NCRA,,1.770900011062622,1.770900011062622,1.770900011062622,1.770900011062622,866.0
2026-08-05 11:36:00,NDAQ,,94.36000061035156,94.36000061035156,94.36000061035156,94.36000061035156,1196.0
2026-08-05 11:36:00,NEGG,,16.610000610351562,16.610000610351562,16.610000610351562,16.610000610351562,200.0
2026-08-05 11:36:00,NEO,,16.100000381469727,16.1299991607666,16.100000381469727,16.1299991607666,1719.0
2026-08-05 11:36:00,NEOG,,11.59000015258789,11.59000015258789,11.59000015258789,11.59000015258789,2194.0
2026-08-05 11:36:00,NEOV,,2.8350000381469727,2.8350000381469727,2.8350000381469727,2.8350000381469727,2145.0
2026-08-05 11:36:00,NESR,,28.459999084472656,28.459999084472656,28.43000030517578,28.43000030517578,1740.0
2026-08-05 11:36:00,NFLX,,73.8511962890625,73.89939880371094,73.84010314941406,73.875,32414.0
2026-08-05 11:36:00,NICE,,96.68000030517578,96.69000244140625,96.5999984741211,96.69000244140625,509.0
2026-08-05 11:36:00,NIU,,2.444999933242798,2.444999933242798,2.444999933242798,2.444999933242798,800.0
2026-08-05 11:36:00,NKTR,,73.04000091552734,73.04000091552734,72.62999725341797,72.7699966430664,2546.0
2026-08-05 11:36:00,NMIH,,44.42499923706055,44.42499923706055,44.41999816894531,44.41999816894531,731.0
2026-08-05 11:36:00,NMRK,,15.609999656677246,15.609999656677246,15.600000381469727,15.600000381469727,3830.0
2026-08-05 11:36:00,NN,,14.1899995803833,14.199999809265137,14.175000190734863,14.199999809265137,6760.0
2026-08-05 11:36:00,NNBR,,3.819999933242798,3.819999933242798,3.819999933242798,3.819999933242798,455.0
2026-08-05 11:36:00,NNDM,,1.5399999618530273,1.541100025177002,1.5399999618530273,1.5399999618530273,3135.0
2026-08-05 11:36:00,NRDS,,9.164999961853027,9.164999961853027,9.164999961853027,9.164999961853027,752.0
2026-08-05 11:36:00,NRIM,,26.90999984741211,26.950000762939453,26.90999984741211,26.950000762939453,2072.0
2026-08-05 11:36:00,NRSN,,0.5304999947547913,0.5304999947547913,0.5304999947547913,0.5304999947547913,100.0
2026-08-05 11:36:00,NRXP,,3.0399999618530273,3.0399999618530273,3.0399999618530273,3.0399999618530273,1738.0
2026-08-05 11:36:00,NTAP,,188.74000549316406,188.8000030517578,188.58999633789062,188.72000122070312,4133.0
2026-08-05 11:36:00,NTES,,127.66999816894531,127.66999816894531,127.66999816894531,127.66999816894531,236.0
2026-08-05 11:36:00,NTGR,,24.350000381469727,24.350000381469727,24.350000381469727,24.350000381469727,386.0
2026-08-05 11:36:00,NTNX,,60.409400939941406,60.40999984741211,60.409400939941406,60.40999984741211,1473.0
2026-08-05 11:36:00,NTRA,,277.0,277.239990234375,277.0,277.239990234375,423.0
2026-08-05 11:36:00,NTRS,,183.60000610351562,183.61000061035156,183.56500244140625,183.56500244140625,1224.0
2026-08-05 11:36:00,NVAX,,7.659999847412109,7.659999847412109,7.659999847412109,7.659999847412109,1122.0
2026-08-05 11:36:00,NVCR,,16.0,16.0,16.0,16.0,1406.0
2026-08-05 11:36:00,NVDA,,219.94500732421875,219.98500061035156,219.783203125,219.85000610351562,174342.0
2026-08-05 11:36:00,NVTS,,12.529999732971191,12.5649995803833,12.524999618530273,12.5649995803833,11718.0
2026-08-05 11:36:00,NWBI,,15.920000076293945,15.920000076293945,15.914999961853027,15.914999961853027,3467.0
2026-08-05 11:36:00,NWL,,6.241099834442139,6.244999885559082,6.239999771118164,6.239999771118164,13785.0
2026-08-05 11:36:00,NWS,,32.25,32.25,32.224998474121094,32.224998474121094,1090.0
2026-08-05 11:36:00,NWSA,,28.209999084472656,28.209999084472656,28.190000534057617,28.190000534057617,3123.0
2026-08-05 11:36:00,NXPI,,230.49000549316406,230.49000549316406,230.19000244140625,230.36500549316406,2600.0
2026-08-05 11:36:00,NXST,,192.27999877929688,192.27999877929688,192.27999877929688,192.27999877929688,240.0
2026-08-05 11:36:00,NXT,,99.24500274658203,99.25499725341797,99.0999984741211,99.12999725341797,3803.0
2026-08-05 11:36:00,NXTC,,5.0980000495910645,5.0980000495910645,5.0980000495910645,5.0980000495910645,472.0
2026-08-05 11:36:00,NYXH,,1.4149999618530273,1.4149999618530273,1.4149999618530273,1.4149999618530273,200.0
2026-08-05 11:36:00,OABI,,2.049999952316284,2.049999952316284,2.049999952316284,2.049999952316284,623.0
2026-08-05 11:36:00,OBT,,38.630001068115234,38.630001068115234,38.630001068115234,38.630001068115234,227.0
2026-08-05 11:36:00,OCC,,15.880000114440918,15.880000114440918,15.880000114440918,15.880000114440918,214.0
2026-08-05 11:36:00,OCFC,,19.71500015258789,19.71500015258789,19.704999923706055,19.704999923706055,6189.0
2026-08-05 11:36:00,OCGN,,1.2899999618530273,1.2899999618530273,1.2899999618530273,1.2899999618530273,439.0
2026-08-05 11:36:00,OCSL,,12.125,12.125,12.125,12.125,467.0
2026-08-05 11:36:00,OCUL,,8.479999542236328,8.489700317382812,8.479999542236328,8.484999656677246,759.0
2026-08-05 11:36:00,ODD,,15.069999694824219,15.079999923706055,15.069999694824219,15.079999923706055,1176.0
2026-08-05 11:36:00,ODFL,,215.0,215.0,215.0,215.0,1637.0
2026-08-05 11:36:00,OESX,,15.1850004196167,15.1850004196167,15.1850004196167,15.1850004196167,572.0
2026-08-05 11:36:00,OFIX,,10.739999771118164,10.75,10.729999542236328,10.729999542236328,7113.0
2026-08-05 11:36:00,OFLX,,30.200000762939453,30.200000762939453,30.200000762939453,30.200000762939453,233.0
2026-08-05 11:36:00,OKTA,,147.65499877929688,147.65499877929688,147.65499877929688,147.65499877929688,1085.0
2026-08-05 11:36:00,OLMA,,11.652099609375,11.652099609375,11.652099609375,11.652099609375,3072.0
2026-08-05 11:36:00,OMH,,0.11400000005960464,0.1143999993801117,0.11400000005960464,0.1143999993801117,36230.0
2026-08-05 11:36:00,ON,,77.29000091552734,77.30999755859375,77.22000122070312,77.29000091552734,16142.0
2026-08-05 11:36:00,ONB,,26.954999923706055,26.954999923706055,26.954999923706055,26.954999923706055,347.0
2026-08-05 11:36:00,ONDS,,8.765000343322754,8.779899597167969,8.760000228881836,8.774999618530273,216387.0
2026-08-05 11:36:00,ONEW,,12.670000076293945,12.680000305175781,12.670000076293945,12.680000305175781,544.0
2026-08-05 11:36:00,ONFO,,0.07500000298023224,0.07509999722242355,0.07500000298023224,0.07500000298023224,26375.0
2026-08-05 11:36:00,OPCH,,23.350000381469727,23.350000381469727,23.34000015258789,23.34000015258789,2095.0
2026-08-05 11:36:00,OPEN,,3.85509991645813,3.860300064086914,3.8499999046325684,3.860300064086914,111305.0
2026-08-05 11:36:00,OPHC,,8.510000228881836,8.510000228881836,8.510000228881836,8.510000228881836,300.0
2026-08-05 11:36:00,ORIC,,13.244999885559082,13.244999885559082,13.244999885559082,13.244999885559082,417.0
2026-08-05 11:36:00,ORLY,,92.83999633789062,92.87999725341797,92.76000213623047,92.81999969482422,8044.0
2026-08-05 11:36:00,OSBC,,25.739999771118164,25.739999771118164,25.739999771118164,25.739999771118164,566.0
2026-08-05 11:36:00,OSIS,,236.06500244140625,236.06500244140625,236.06500244140625,236.06500244140625,197.0
2026-08-05 11:36:00,OSPN,,16.459999084472656,16.459999084472656,16.459999084472656,16.459999084472656,525.0
2026-08-05 11:36:00,OSS,,14.0649995803833,14.0649995803833,14.0649995803833,14.0649995803833,235.0
2026-08-05 11:36:00,OTEX,,25.774999618530273,25.780000686645508,25.774999618530273,25.780000686645508,1794.0
2026-08-05 11:36:00,OTLK,,1.0149999856948853,1.0199999809265137,1.0099999904632568,1.0199999809265137,14665.0
2026-08-05 11:36:00,OTTR,,92.7300033569336,92.7300033569336,92.7300033569336,92.7300033569336,769.0
2026-08-05 11:36:00,OVID,,2.630000114440918,2.640000104904175,2.630000114440918,2.634999990463257,521.0
2026-08-05 11:36:00,OXLC,,9.085000038146973,9.085000038146973,9.085000038146973,9.085000038146973,1017.0
2026-08-05 11:36:00,OXSQ,,1.4850000143051147,1.4900000095367432,1.4850000143051147,1.4900000095367432,8089.0
2026-08-05 11:36:00,PAA,,23.15999984741211,23.174999237060547,23.15999984741211,23.170000076293945,9812.0
2026-08-05 11:36:00,PAAS,,48.400001525878906,48.400001525878906,48.369998931884766,48.380001068115234,7168.0
2026-08-05 11:36:00,PACB,,1.4249999523162842,1.4249999523162842,1.4249999523162842,1.4249999523162842,4472.0
2026-08-05 11:36:00,PAGP,,25.06999969482422,25.07990074157715,25.06999969482422,25.07990074157715,1605.0
2026-08-05 11:36:00,PAHC,,35.397499084472656,35.397499084472656,35.397499084472656,35.397499084472656,452.0
2026-08-05 11:36:00,PANW,,363.5199890136719,363.5199890136719,363.2250061035156,363.3161926269531,5684.0
2026-08-05 11:36:00,PATK,,87.80470275878906,87.80470275878906,87.80470275878906,87.80470275878906,204.0
2026-08-05 11:36:00,PAX,,11.369999885559082,11.380000114440918,11.369999885559082,11.380000114440918,925.0
2026-08-05 11:36:00,PAYO,,7.119999885559082,7.130000114440918,7.119999885559082,7.119999885559082,1223.0
2026-08-05 11:36:00,PAYS,,9.149999618530273,9.15999984741211,9.149999618530273,9.149999618530273,1060.0
2026-08-05 11:36:00,PAYX,,116.43000030517578,116.43000030517578,116.31500244140625,116.31500244140625,5126.0
2026-08-05 11:36:00,PCAR,,133.66000366210938,133.6699981689453,133.61000061035156,133.66000366210938,2622.0
2026-08-05 11:36:00,PCRX,,25.030000686645508,25.040000915527344,25.030000686645508,25.040000915527344,434.0
2026-08-05 11:36:00,PCT,,6.900000095367432,6.90500020980835,6.900000095367432,6.90500020980835,1938.0
2026-08-05 11:36:00,PCTY,,144.44000244140625,144.44000244140625,144.16749572753906,144.16749572753906,1976.0
2026-08-05 11:36:00,PDD,,91.19000244140625,91.20999908447266,91.15499877929688,91.19999694824219,19923.0
2026-08-05 11:36:00,PEGA,,31.559999465942383,31.559999465942383,31.549999237060547,31.549999237060547,1127.0
2026-08-05 11:36:00,PENN,,19.850000381469727,19.878599166870117,19.850000381469727,19.878599166870117,3133.0
2026-08-05 11:36:00,PEP,,138.16000366210938,138.16000366210938,138.13999938964844,138.16000366210938,5970.0
2026-08-05 11:36:00,PERI,,9.600000381469727,9.600000381469727,9.600000381469727,9.600000381469727,230.0
2026-08-05 11:36:00,PESI,,17.774999618530273,17.774999618530273,17.75,17.75,612.0
2026-08-05 11:36:00,PFG,,113.81500244140625,113.8499984741211,113.78500366210938,113.81999969482422,4560.0
2026-08-05 11:36:00,PGEN,,7.0,7.014999866485596,6.989999771118164,6.994999885559082,22211.0
2026-08-05 11:36:00,PGNY,,31.639999389648438,31.639999389648438,31.610000610351562,31.610000610351562,1831.0
2026-08-05 11:36:00,PGY,,21.719999313354492,21.75,21.700000762939453,21.729999542236328,10136.0
2026-08-05 11:36:00,PHUN,,2.1600000858306885,2.1600000858306885,2.1600000858306885,2.1600000858306885,351.0
2026-08-05 11:36:00,PIII,,10.14430046081543,10.14430046081543,10.14430046081543,10.14430046081543,200.0
2026-08-05 11:36:00,PKOH,,41.20000076293945,41.27000045776367,41.185001373291016,41.20000076293945,442.0
2026-08-05 11:36:00,PLMR,,134.06500244140625,134.06500244140625,134.06500244140625,134.06500244140625,602.0
2026-08-05 11:36:00,PLPC,,461.5799865722656,461.82000732421875,460.9700012207031,461.82000732421875,1993.0
2026-08-05 11:36:00,PLTK,,4.025000095367432,4.025000095367432,4.025000095367432,4.025000095367432,743.0
2026-08-05 11:36:00,PLUG,,2.1050000190734863,2.107800006866455,2.101599931716919,2.107800006866455,8721.0
2026-08-05 11:36:00,PNFP,,107.42500305175781,107.42500305175781,107.42500305175781,107.42500305175781,436.0
2026-08-05 11:36:00,POET,,8.274999618530273,8.300000190734863,8.274999618530273,8.300000190734863,13868.0
2026-08-05 11:36:00,POOL,,205.28500366210938,205.28500366210938,205.28500366210938,205.28500366210938,1117.0
2026-08-05 11:36:00,POWI,,62.16999816894531,62.16999816894531,62.16999816894531,62.16999816894531,301.0
2026-08-05 11:36:00,POWL,,213.61000061035156,213.94000244140625,213.51499938964844,213.94000244140625,1082.0
2026-08-05 11:36:00,PPC,,26.649999618530273,26.649999618530273,26.639999389648438,26.639999389648438,1040.0
2026-08-05 11:36:00,PPIH,,25.969999313354492,25.969999313354492,25.950000762939453,25.959999084472656,1014.0
2026-08-05 11:36:00,PPTA,,22.540000915527344,22.579999923706055,22.530000686645508,22.579999923706055,3691.0
2026-08-05 11:36:00,PRCH,,15.979999542236328,15.979999542236328,15.979999542236328,15.979999542236328,810.0
2026-08-05 11:36:00,PRIM,,86.0999984741211,86.23500061035156,86.0999984741211,86.23249816894531,832.0
2026-08-05 11:36:00,PRTA,,8.520000457763672,8.520000457763672,8.520000457763672,8.520000457763672,181.0
2026-08-05 11:36:00,PRZO,,0.5503000020980835,0.5503000020980835,0.5503000020980835,0.5503000020980835,602.0
2026-08-05 11:36:00,PSEC,,2.1802000999450684,2.184999942779541,2.1802000999450684,2.184999942779541,46581.0
2026-08-05 11:36:00,PSMT,,193.5,193.5,193.5,193.5,1758.0
2026-08-05 11:36:00,PSNL,,13.5600004196167,13.5600004196167,13.5600004196167,13.5600004196167,180.0
2026-08-05 11:36:00,PTEN,,9.720000267028809,9.725000381469727,9.720000267028809,9.725000381469727,2463.0
2026-08-05 11:36:00,PTON,,6.510000228881836,6.510000228881836,6.510000228881836,6.510000228881836,2738.0
2026-08-05 11:36:00,PUBM,,13.579999923706055,13.579999923706055,13.579999923706055,13.579999923706055,726.0
2026-08-05 11:36:00,PYPL,,58.29999923706055,58.314998626708984,58.29999923706055,58.314998626708984,15179.0
2026-08-05 11:36:00,PYXS,,3.133500099182129,3.140000104904175,3.133500099182129,3.140000104904175,1842.0
2026-08-05 11:36:00,PZZA,,30.420000076293945,30.420000076293945,30.420000076293945,30.420000076293945,1091.0
2026-08-05 11:36:00,QCOM,,158.11000061035156,158.1199951171875,157.97999572753906,158.01499938964844,23283.0
2026-08-05 11:36:00,QFIN,,13.3100004196167,13.3100004196167,13.3100004196167,13.3100004196167,881.0
2026-08-05 11:36:00,QRVO,,94.83000183105469,94.83000183105469,94.80999755859375,94.80999755859375,1243.0
2026-08-05 11:36:00,SEED,,1.0110000371932983,1.0199999809265137,1.0110000371932983,1.0199999809265137,1888.0
2026-08-05 11:36:00,STIM,,2.2699999809265137,2.2699999809265137,2.2699999809265137,2.2699999809265137,1200.0
2026-08-05 11:36:00,WOOF,,2.9200000762939453,2.9200000762939453,2.9200000762939453,2.9200000762939453,241.0
2026-08-05 11:37:00,ACDC,,4.360000133514404,4.360000133514404,4.360000133514404,4.360000133514404,1857.0
2026-08-05 11:37:00,EYE,,23.139999389648438,23.170000076293945,23.139999389648438,23.170000076293945,1312.0
2026-08-05 11:37:00,GLUE,,15.875,15.880000114440918,15.864999771118164,15.864999771118164,1936.0
2026-08-05 11:37:00,LUNG,,1.9299999475479126,1.9299999475479126,1.9199999570846558,1.9199999570846558,3088.0
2026-08-05 11:37:00,MBRX,,0.4293999969959259,0.42989999055862427,0.4293999969959259,0.42989999055862427,0.0
2026-08-05 11:37:00,MDB,,377.1499938964844,377.1499938964844,377.05499267578125,377.1499938964844,2031.0
2026-08-05 11:37:00,MDLZ,,61.98500061035156,62.03499984741211,61.97999954223633,62.02000045776367,5817.0
2026-08-05 11:37:00,MNRO,,13.119999885559082,13.119999885559082,13.119999885559082,13.119999885559082,1128.0
2026-08-05 11:37:00,MNST,,94.45999908447266,94.5199966430664,94.45999908447266,94.5,4011.0
2026-08-05 11:37:00,MNTS,,4.360000133514404,4.360000133514404,4.360000133514404,4.360000133514404,533.0
2026-08-05 11:37:00,MNTSW,,0.0032999999821186066,0.0034000000450760126,0.0032999999821186066,0.0034000000450760126,2008.0
2026-08-05 11:37:00,MORN,,198.19000244140625,198.19000244140625,198.19000244140625,198.19000244140625,293.0
2026-08-05 11:37:00,MOVE,,12.10990047454834,12.10990047454834,12.10990047454834,12.10990047454834,831.0
2026-08-05 11:37:00,MPWR,,1323.780029296875,1325.469970703125,1322.280029296875,1322.280029296875,1144.0
2026-08-05 11:37:00,MRNA,,57.18000030517578,57.27000045776367,57.16999816894531,57.220001220703125,9613.0
2026-08-05 11:37:00,MYGN,,3.2149999141693115,3.2149999141693115,3.2149999141693115,3.2149999141693115,1729.0
2026-08-05 11:37:00,MYRG,,339.6000061035156,339.6000061035156,339.6000061035156,339.6000061035156,454.0
2026-08-05 11:37:00,NAMS,,26.59000015258789,26.59000015258789,26.59000015258789,26.59000015258789,200.0
2026-08-05 11:37:00,NAUT,,0.960099995136261,0.960099995136261,0.960099995136261,0.960099995136261,4640.0
2026-08-05 11:37:00,NB,,5.065000057220459,5.065000057220459,5.059999942779541,5.065000057220459,2467.0
2026-08-05 11:37:00,NBIX,,163.75999450683594,163.83999633789062,163.75999450683594,163.83999633789062,1214.0
2026-08-05 11:37:00,NBTB,,53.279998779296875,53.279998779296875,53.279998779296875,53.279998779296875,923.0
2026-08-05 11:37:00,NCMI,,4.105000019073486,4.105000019073486,4.105000019073486,4.105000019073486,353.0
2026-08-05 11:37:00,NCPL,,0.41190001368522644,0.41190001368522644,0.41190001368522644,0.41190001368522644,3066.0
2026-08-05 11:37:00,NCRA,,1.809999942779541,1.8499000072479248,1.809999942779541,1.8499000072479248,4708.0
2026-08-05 11:37:00,NDAQ,,94.3740005493164,94.4000015258789,94.3740005493164,94.38999938964844,1225.0
2026-08-05 11:37:00,NDSN,,310.8699951171875,310.8699951171875,310.8599853515625,310.8599853515625,194.0
2026-08-05 11:37:00,NEGG,,16.579999923706055,16.649999618530273,16.579999923706055,16.649999618530273,689.0
2026-08-05 11:37:00,NEO,,16.104999542236328,16.110000610351562,16.100000381469727,16.100000381469727,2381.0
2026-08-05 11:37:00,NEOG,,11.579999923706055,11.585000038146973,11.579999923706055,11.585000038146973,2794.0
2026-08-05 11:37:00,NESR,,28.510000228881836,28.510000228881836,28.479999542236328,28.479999542236328,5176.0
2026-08-05 11:37:00,NEXT,,6.385000228881836,6.388999938964844,6.385000228881836,6.388999938964844,2308.0
2026-08-05 11:37:00,NFLX,,73.80500030517578,73.8550033569336,73.79499816894531,73.8550033569336,45514.0
2026-08-05 11:37:00,NGNE,,34.82500076293945,34.82500076293945,34.82500076293945,34.82500076293945,162.0
2026-08-05 11:37:00,NICE,,96.5999984741211,96.7699966430664,96.5999984741211,96.69000244140625,5347.0
2026-08-05 11:37:00,NKTR,,72.83499908447266,72.83499908447266,72.83499908447266,72.83499908447266,341.0
2026-08-05 11:37:00,NKTX,,2.194999933242798,2.194999933242798,2.190000057220459,2.190000057220459,2478.0
2026-08-05 11:37:00,NN,,14.270000457763672,14.270000457763672,14.1899995803833,14.1899995803833,32574.0
2026-08-05 11:37:00,NNBR,,3.819999933242798,3.819999933242798,3.819999933242798,3.819999933242798,1046.0
2026-08-05 11:37:00,NNDM,,1.5399999618530273,1.5449999570846558,1.5399999618530273,1.5399999618530273,4525.0
2026-08-05 11:37:00,NNOX,,1.009600043296814,1.009600043296814,1.009600043296814,1.009600043296814,1247.0
2026-08-05 11:37:00,NOVT,,156.89500427246094,156.99000549316406,156.88999938964844,156.88999938964844,2219.0
2026-08-05 11:37:00,NRSN,,0.5349000096321106,0.5349000096321106,0.5220999717712402,0.5220999717712402,164.0
2026-08-05 11:37:00,NRXP,,3.0350000858306885,3.0350000858306885,3.0350000858306885,3.0350000858306885,1170.0
2026-08-05 11:37:00,NSSC,,40.38999938964844,40.38999938964844,40.34000015258789,40.34000015258789,574.0
2026-08-05 11:37:00,NTAP,,189.27000427246094,189.27000427246094,188.88999938964844,188.88999938964844,3530.0
2026-08-05 11:37:00,NTES,,127.68499755859375,127.68499755859375,127.68499755859375,127.68499755859375,1498.0
2026-08-05 11:37:00,NTNX,,60.415000915527344,60.415000915527344,60.415000915527344,60.415000915527344,871.0
2026-08-05 11:37:00,NTRA,,277.239990234375,277.239990234375,277.239990234375,277.239990234375,241.0
2026-08-05 11:37:00,NTRS,,183.77999877929688,183.8000030517578,183.6199951171875,183.6699981689453,4914.0
2026-08-05 11:37:00,NUTX,,157.6199951171875,157.6199951171875,157.6199951171875,157.6199951171875,765.0
2026-08-05 11:37:00,NUWE,,1.718000054359436,1.7300000190734863,1.7100000381469727,1.7300000190734863,7156.0
2026-08-05 11:37:00,NVAX,,7.659999847412109,7.659999847412109,7.659999847412109,7.659999847412109,1208.0
2026-08-05 11:37:00,NVCR,,16.010000228881836,16.010000228881836,16.010000228881836,16.010000228881836,1812.0
2026-08-05 11:37:00,NVDA,,220.14999389648438,220.24000549316406,219.875,219.94000244140625,319820.0
2026-08-05 11:37:00,NVMI,,413.135009765625,413.135009765625,411.4100036621094,411.4100036621094,3003.0
2026-08-05 11:37:00,NVNI,,1.1399999856948853,1.1399999856948853,1.1399999856948853,1.1399999856948853,1000.0
2026-08-05 11:37:00,NVTS,,12.569999694824219,12.569999694824219,12.529999732971191,12.529999732971191,9547.0
2026-08-05 11:37:00,NWE,,68.55999755859375,68.55999755859375,68.55999755859375,68.55999755859375,667.0
2026-08-05 11:37:00,NWGL,,0.2621999979019165,0.2630000114440918,0.2621999979019165,0.2630000114440918,5949.0
2026-08-05 11:37:00,NWL,,6.231100082397461,6.244999885559082,6.230000019073486,6.244999885559082,23993.0
2026-08-05 11:37:00,NWS,,32.279998779296875,32.33000183105469,32.25,32.25,25763.0
2026-08-05 11:37:00,NWSA,,28.239999771118164,28.280000686645508,28.209999084472656,28.209999084472656,19429.0
2026-08-05 11:37:00,NXPI,,230.6699981689453,230.85000610351562,230.32000732421875,230.32000732421875,6986.0
2026-08-05 11:37:00,NXST,,192.30999755859375,192.3300018310547,192.30999755859375,192.3300018310547,698.0
2026-08-05 11:37:00,NXT,,99.27999877929688,99.36990356445312,99.26499938964844,99.26499938964844,1775.0
2026-08-05 11:37:00,OCCI,,2.4700000286102295,2.4700000286102295,2.4700000286102295,2.4700000286102295,220.0
2026-08-05 11:37:00,OCGN,,1.2899999618530273,1.2949999570846558,1.2899999618530273,1.2899999618530273,3842.0
2026-08-05 11:37:00,OCUL,,8.5,8.5,8.489999771118164,8.489999771118164,1786.0
2026-08-05 11:37:00,ODD,,15.074999809265137,15.074999809265137,15.074999809265137,15.074999809265137,130.0
2026-08-05 11:37:00,OFIX,,10.699999809265137,10.699999809265137,10.699999809265137,10.699999809265137,7832.0
2026-08-05 11:37:00,OLLI,,78.27999877929688,78.4000015258789,78.25,78.4000015258789,3061.0
2026-08-05 11:37:00,OMCL,,37.25,37.25,37.21500015258789,37.21500015258789,875.0
2026-08-05 11:37:00,OMER,,12.699999809265137,12.710000038146973,12.699999809265137,12.710000038146973,1276.0
2026-08-05 11:37:00,OMH,,0.11259999871253967,0.11379999667406082,0.11259999871253967,0.11379999667406082,14859.0
2026-08-05 11:37:00,ON,,77.43000030517578,77.4800033569336,77.2699966430664,77.29000091552734,29573.0
2026-08-05 11:37:00,ONB,,26.96500015258789,26.96500015258789,26.95319938659668,26.95319938659668,9320.0
2026-08-05 11:37:00,ONCY,,0.7914000153541565,0.7914000153541565,0.7914000153541565,0.7914000153541565,600.0
2026-08-05 11:37:00,ONDS,,8.78499984741211,8.789999961853027,8.760000228881836,8.765000343322754,165077.0
2026-08-05 11:37:00,ONFO,,0.0754999965429306,0.0754999965429306,0.07500000298023224,0.07509999722242355,62082.0
2026-08-05 11:37:00,OPCH,,23.354999542236328,23.354999542236328,23.354999542236328,23.354999542236328,1961.0
2026-08-05 11:37:00,OPEN,,3.8550000190734863,3.859999895095825,3.8499999046325684,3.85509991645813,37403.0
2026-08-05 11:37:00,OPK,,1.3200000524520874,1.3200000524520874,1.3200000524520874,1.3200000524520874,763.0
2026-08-05 11:37:00,ORIC,,13.244999885559082,13.244999885559082,13.244999885559082,13.244999885559082,1464.0
2026-08-05 11:37:00,ORLY,,92.7300033569336,92.8550033569336,92.7300033569336,92.82879638671875,23857.0
2026-08-05 11:37:00,OSS,,14.029999732971191,14.0649995803833,14.020000457763672,14.0649995803833,2869.0
2026-08-05 11:37:00,OSW,,26.719999313354492,26.719999313354492,26.719999313354492,26.719999313354492,103.0
2026-08-05 11:37:00,OTEX,,25.774999618530273,25.78499984741211,25.774999618530273,25.780000686645508,2442.0
2026-08-05 11:37:00,OTLK,,1.0149999856948853,1.0199999809265137,1.01010000705719,1.0149999856948853,6134.0
2026-08-05 11:37:00,OVID,,2.640000104904175,2.640000104904175,2.630000114440918,2.634999990463257,7129.0
2026-08-05 11:37:00,OXLC,,9.09000015258789,9.09000015258789,9.085000038146973,9.085000038146973,1830.0
2026-08-05 11:37:00,PAA,,23.155000686645508,23.155000686645508,23.155000686645508,23.155000686645508,659.0
2026-08-05 11:37:00,PAAS,,48.4900016784668,48.4900016784668,48.38999938964844,48.38999938964844,4191.0
2026-08-05 11:37:00,PACB,,1.4199999570846558,1.4299999475479126,1.4199999570846558,1.4199999570846558,5536.0
2026-08-05 11:37:00,PANW,,363.2799987792969,363.67999267578125,363.10009765625,363.10009765625,5025.0
2026-08-05 11:37:00,PATK,,87.80500030517578,87.80500030517578,87.80500030517578,87.80500030517578,584.0
2026-08-05 11:37:00,PAX,,11.375,11.380000114440918,11.371000289916992,11.371000289916992,2241.0
2026-08-05 11:37:00,PAYO,,7.130000114440918,7.130000114440918,7.119999885559082,7.119999885559082,719.0
2026-08-05 11:37:00,PAYS,,9.149999618530273,9.15999984741211,9.149999618530273,9.149999618530273,1499.0
2026-08-05 11:37:00,PAYX,,116.41999816894531,116.41999816894531,116.41999816894531,116.41999816894531,2262.0
2026-08-05 11:37:00,PCAR,,133.55499267578125,133.7050018310547,133.55499267578125,133.7050018310547,3477.0
2026-08-05 11:37:00,PCRX,,25.059999465942383,25.059999465942383,25.024999618530273,25.030000686645508,1877.0
2026-08-05 11:37:00,PCT,,6.909999847412109,6.909999847412109,6.900000095367432,6.900000095367432,2830.0
2026-08-05 11:37:00,PDD,,91.29000091552734,91.29000091552734,91.18499755859375,91.18499755859375,11528.0
2026-08-05 11:37:00,PDFS,,50.5,50.5,50.5,50.5,732.0
2026-08-05 11:37:00,PDSB,,0.7103000283241272,0.7103000283241272,0.710099995136261,0.710099995136261,2697.0
2026-08-05 11:37:00,PECO,,41.279998779296875,41.29999923706055,41.279998779296875,41.29999923706055,3391.0
2026-08-05 11:37:00,PEGA,,31.56999969482422,31.594999313354492,31.56999969482422,31.579999923706055,3189.0
2026-08-05 11:37:00,PENN,,19.850000381469727,19.850000381469727,19.850000381469727,19.850000381469727,1724.0
2026-08-05 11:37:00,PEP,,138.02999877929688,138.14500427246094,138.02999877929688,138.13999938964844,5948.0
2026-08-05 11:37:00,PEPG,,1.9149999618530273,1.9149999618530273,1.9149999618530273,1.9149999618530273,2126.0
2026-08-05 11:37:00,PESI,,17.81999969482422,17.81999969482422,17.780000686645508,17.780000686645508,3963.0
2026-08-05 11:37:00,PFG,,113.86499786376953,113.88999938964844,113.81999969482422,113.81999969482422,5085.0
2026-08-05 11:37:00,PGEN,,6.974999904632568,6.994999885559082,6.96999979019165,6.989999771118164,15760.0
2026-08-05 11:37:00,PGNY,,31.639999389648438,31.639999389648438,31.639999389648438,31.639999389648438,594.0
2026-08-05 11:37:00,PGY,,21.729999542236328,21.729999542236328,21.709999084472656,21.709999084472656,4334.0
2026-08-05 11:37:00,PHAT,,8.5,8.5,8.484999656677246,8.484999656677246,349.0
2026-08-05 11:37:00,PHVS,,33.02000045776367,33.02000045776367,33.02000045776367,33.02000045776367,541.0
2026-08-05 11:37:00,PKOH,,41.20000076293945,41.27000045776367,41.20000076293945,41.27000045776367,500.0
2026-08-05 11:37:00,PLBY,,1.149999976158142,1.1549999713897705,1.149999976158142,1.1549999713897705,4800.0
2026-08-05 11:37:00,PLSE,,36.724998474121094,36.724998474121094,36.724998474121094,36.724998474121094,170.0
2026-08-05 11:37:00,PLTK,,4.03000020980835,4.03000020980835,4.03000020980835,4.03000020980835,423.0
2026-08-05 11:37:00,PLUG,,2.1003000736236572,2.109999895095825,2.0999999046325684,2.100100040435791,32885.0
2026-08-05 11:37:00,PLXS,,275.5799865722656,275.5799865722656,275.5199890136719,275.5199890136719,1603.0
2026-08-05 11:37:00,PNFP,,107.42500305175781,107.42500305175781,107.42500305175781,107.42500305175781,107.0
2026-08-05 11:37:00,POET,,8.300000190734863,8.305000305175781,8.274999618530273,8.274999618530273,5381.0
2026-08-05 11:37:00,POWL,,213.99000549316406,213.99000549316406,213.61000061035156,213.61000061035156,1038.0
2026-08-05 11:37:00,PPC,,26.6299991607666,26.649999618530273,26.6200008392334,26.649999618530273,2977.0
2026-08-05 11:37:00,PPTA,,22.579999923706055,22.579999923706055,22.559999465942383,22.559999465942383,1068.0
2026-08-05 11:37:00,PRAA,,17.399999618530273,17.440000534057617,17.399999618530273,17.440000534057617,3257.0
2026-08-05 11:37:00,PRAX,,310.864990234375,310.864990234375,310.2699890136719,310.2699890136719,198.0
2026-08-05 11:37:00,PRCH,,15.989999771118164,15.989999771118164,15.98009967803955,15.98009967803955,2864.0
2026-08-05 11:37:00,PRCT,,19.100000381469727,19.1200008392334,19.100000381469727,19.100000381469727,2902.0
2026-08-05 11:37:00,PRDO,,32.900001525878906,32.900001525878906,32.89500045776367,32.900001525878906,1040.0
2026-08-05 11:37:00,PRIM,,86.08999633789062,86.16000366210938,85.9000015258789,86.01000213623047,7388.0
2026-08-05 11:37:00,PRME,,2.9800000190734863,2.9800000190734863,2.9649999141693115,2.9649999141693115,11801.0
2026-08-05 11:37:00,PROK,,1.625,1.625,1.625,1.625,317.0
2026-08-05 11:37:00,PRSO,,0.6899999976158142,0.6901000142097473,0.6899999976158142,0.6901000142097473,4100.0
2026-08-05 11:37:00,PRTA,,8.529999732971191,8.529999732971191,8.529999732971191,8.529999732971191,930.0
2026-08-05 11:37:00,PSEC,,2.184999942779541,2.184999942779541,2.180000066757202,2.184999942779541,5884.0
2026-08-05 11:37:00,PSNL,,13.550000190734863,13.550000190734863,13.550000190734863,13.550000190734863,740.0
2026-08-05 11:37:00,PTC,,139.84500122070312,139.89999389648438,139.84500122070312,139.89999389648438,1725.0
2026-08-05 11:37:00,PTCT,,69.08999633789062,69.08999633789062,69.08999633789062,69.08999633789062,1470.0
2026-08-05 11:37:00,PTEN,,9.725000381469727,9.725000381469727,9.720000267028809,9.720000267028809,3272.0
2026-08-05 11:37:00,PTGX,,136.6300048828125,136.6300048828125,136.60000610351562,136.60000610351562,1205.0
2026-08-05 11:37:00,PTLO,,4.59499979019165,4.599999904632568,4.59499979019165,4.599999904632568,3460.0
2026-08-05 11:37:00,PTON,,6.5,6.510000228881836,6.5,6.510000228881836,21000.0
2026-08-05 11:37:00,PWP,,17.350000381469727,17.350000381469727,17.329999923706055,17.329999923706055,1733.0
2026-08-05 11:37:00,PYPD,,4.480000019073486,4.480000019073486,4.480000019073486,4.480000019073486,76.0
2026-08-05 11:37:00,PYPL,,58.29499816894531,58.29499816894531,58.279998779296875,58.290000915527344,9015.0
2026-08-05 11:37:00,PYXS,,3.140000104904175,3.140000104904175,3.140000104904175,3.140000104904175,1826.0
2026-08-05 11:37:00,PZZA,,30.420000076293945,30.420000076293945,30.420000076293945,30.420000076293945,566.0
2026-08-05 11:37:00,QCOM,,158.27099609375,158.38999938964844,158.1999969482422,158.1999969482422,17863.0
2026-08-05 11:37:00,QFIN,,13.3100004196167,13.3100004196167,13.305000305175781,13.3100004196167,5192.0
2026-08-05 11:37:00,QRVO,,94.87999725341797,94.9000015258789,94.87999725341797,94.9000015258789,563.0
2026-08-05 11:37:00,SEED,,1.0299999713897705,1.0299999713897705,1.024999976158142,1.024999976158142,324.0
2026-08-05 11:37:00,WOOF,,2.9200000762939453,2.924999952316284,2.9200000762939453,2.924999952316284,911.0
2026-08-05 11:38:00,ACDC,,4.364999771118164,4.380000114440918,4.364999771118164,4.369999885559082,5290.0
2026-08-05 11:38:00,CNXN,,84.47000122070312,84.47000122070312,84.47000122070312,84.47000122070312,476.0
2026-08-05 11:38:00,DTIL,,7.465000152587891,7.465000152587891,7.465000152587891,7.465000152587891,1114.0
2026-08-05 11:38:00,EYE,,23.190000534057617,23.190000534057617,23.139999389648438,23.15999984741211,3991.0
2026-08-05 11:38:00,FIZZ,,31.850000381469727,31.940000534057617,31.850000381469727,31.940000534057617,8044.0
2026-08-05 11:38:00,MBRX,,0.4278999865055084,0.43149998784065247,0.4277999997138977,0.4284999966621399,4299.0
2026-08-05 11:38:00,MDB,,377.1600036621094,377.3900146484375,377.1600036621094,377.30999755859375,1453.0
2026-08-05 11:38:00,MDLZ,,62.005001068115234,62.005001068115234,61.97999954223633,61.97999954223633,4850.0
2026-08-05 11:38:00,MNST,,94.37999725341797,94.42500305175781,94.36000061035156,94.42500305175781,24797.0
2026-08-05 11:38:00,MNTK,,1.6950000524520874,1.6950000524520874,1.6950000524520874,1.6950000524520874,600.0
2026-08-05 11:38:00,MORN,,198.19000244140625,198.19000244140625,198.19000244140625,198.19000244140625,194.0
2026-08-05 11:38:00,MPAA,,13.9399995803833,14.020000457763672,13.9399995803833,14.020000457763672,2129.0
2026-08-05 11:38:00,MPWR,,1322.9949951171875,1322.9949951171875,1322.93505859375,1322.93505859375,164.0
2026-08-05 11:38:00,MRNA,,57.080101013183594,57.18000030517578,57.06050109863281,57.18000030517578,4759.0
2026-08-05 11:38:00,MYGN,,3.2149999141693115,3.2149999141693115,3.2149999141693115,3.2149999141693115,4359.0
2026-08-05 11:38:00,MYRG,,340.07000732421875,340.07000732421875,339.82000732421875,339.9150085449219,2549.0
2026-08-05 11:38:00,NAMS,,26.610000610351562,26.6299991607666,26.59000015258789,26.59000015258789,1757.0
2026-08-05 11:38:00,NAVI,,9.125,9.125,9.104999542236328,9.109999656677246,8098.0
2026-08-05 11:38:00,NB,,5.070000171661377,5.070000171661377,5.065000057220459,5.065000057220459,2222.0
2026-08-05 11:38:00,NBIX,,163.7899932861328,163.89999389648438,163.7899932861328,163.83999633789062,3865.0
2026-08-05 11:38:00,NCMI,,4.105000019073486,4.105000019073486,4.105000019073486,4.105000019073486,101.0
2026-08-05 11:38:00,NDAQ,,94.37000274658203,94.38749694824219,94.37000274658203,94.38500213623047,4745.0
2026-08-05 11:38:00,NDSN,,310.8500061035156,310.8599853515625,310.8500061035156,310.8599853515625,674.0
2026-08-05 11:38:00,NEO,,16.110000610351562,16.110000610351562,16.090099334716797,16.101200103759766,4015.0
2026-08-05 11:38:00,NEOG,,11.5649995803833,11.579999923706055,11.5600004196167,11.579999923706055,5987.0
2026-08-05 11:38:00,NEOV,,2.8350000381469727,2.8350000381469727,2.8350000381469727,2.8350000381469727,114.0
2026-08-05 11:38:00,NESR,,28.540000915527344,28.540000915527344,28.524999618530273,28.524999618530273,504.0
2026-08-05 11:38:00,NEXT,,6.389999866485596,6.389999866485596,6.380000114440918,6.380099773406982,15488.0
2026-08-05 11:38:00,NFLX,,73.81500244140625,73.86499786376953,73.80000305175781,73.8010025024414,51105.0
2026-08-05 11:38:00,NICE,,96.5999984741211,96.5999984741211,96.56999969482422,96.56999969482422,760.0
2026-08-05 11:38:00,NIU,,2.444999933242798,2.444999933242798,2.440000057220459,2.440000057220459,541.0
2026-08-05 11:38:00,NKTX,,2.184999942779541,2.200000047683716,2.184999942779541,2.194999933242798,2713.0
2026-08-05 11:38:00,NMRA,,1.6100000143051147,1.6100000143051147,1.6100000143051147,1.6100000143051147,103.0
2026-08-05 11:38:00,NN,,14.260000228881836,14.270000457763672,14.255000114440918,14.255000114440918,4507.0
2026-08-05 11:38:00,NNDM,,1.5399999618530273,1.541100025177002,1.5399999618530273,1.5401999950408936,11514.0
2026-08-05 11:38:00,NRDS,,9.149999618530273,9.149999618530273,9.149999618530273,9.149999618530273,1433.0
2026-08-05 11:38:00,NTAP,,189.49000549316406,189.49000549316406,189.36000061035156,189.47999572753906,1107.0
2026-08-05 11:38:00,NTGR,,24.40999984741211,24.40999984741211,24.40999984741211,24.40999984741211,853.0
2026-08-05 11:38:00,NTNX,,60.38999938964844,60.415000915527344,60.380001068115234,60.415000915527344,10600.0
2026-08-05 11:38:00,NTRA,,277.3699951171875,277.3699951171875,277.0,277.0,647.0
2026-08-05 11:38:00,NTRS,,183.82000732421875,183.9199981689453,183.82000732421875,183.82000732421875,587.0
2026-08-05 11:38:00,NUWE,,1.7000000476837158,1.7021000385284424,1.7000000476837158,1.7021000385284424,801.0
2026-08-05 11:38:00,NVAX,,7.659999847412109,7.664999961853027,7.659999847412109,7.664999961853027,973.0
2026-08-05 11:38:00,NVCR,,15.989999771118164,16.010000228881836,15.989999771118164,15.990099906921387,1374.0
2026-08-05 11:38:00,NVDA,,220.02969360351562,220.19000244140625,219.99000549316406,220.15989685058594,165744.0
2026-08-05 11:38:00,NVMI,,412.760009765625,412.80999755859375,412.760009765625,412.80999755859375,321.0
2026-08-05 11:38:00,NVTS,,12.550000190734863,12.569999694824219,12.550000190734863,12.5600004196167,22358.0
2026-08-05 11:38:00,NWBI,,15.914999961853027,15.914999961853027,15.90999984741211,15.914999961853027,1447.0
2026-08-05 11:38:00,NWE,,68.48999786376953,68.48999786376953,68.48999786376953,68.48999786376953,1055.0
2026-08-05 11:38:00,NWGL,,0.257999986410141,0.26269999146461487,0.257999986410141,0.2623000144958496,4855.0
2026-08-05 11:38:00,NWL,,6.230000019073486,6.235000133514404,6.230000019073486,6.230000019073486,18461.0
2026-08-05 11:38:00,NWSA,,28.239999771118164,28.239999771118164,28.239999771118164,28.239999771118164,5128.0
2026-08-05 11:38:00,NXPI,,230.72999572753906,230.91000366210938,230.72999572753906,230.8000030517578,3056.0
2026-08-05 11:38:00,NXT,,99.2249984741211,99.3499984741211,99.16000366210938,99.33999633789062,13331.0
2026-08-05 11:38:00,NXTC,,5.170000076293945,5.170000076293945,5.065000057220459,5.065000057220459,3029.0
2026-08-05 11:38:00,OCCI,,2.4700000286102295,2.4700000286102295,2.4700000286102295,2.4700000286102295,228.0
2026-08-05 11:38:00,OCGN,,1.2949999570846558,1.2998000383377075,1.2899999618530273,1.2997000217437744,21849.0
2026-08-05 11:38:00,OCS,,11.949999809265137,11.949999809265137,11.949999809265137,11.949999809265137,445.0
2026-08-05 11:38:00,OCSL,,12.130000114440918,12.130000114440918,12.125,12.125,513.0
2026-08-05 11:38:00,OCUL,,8.5,8.5,8.494999885559082,8.5,2526.0
2026-08-05 11:38:00,ODD,,15.050000190734863,15.074999809265137,15.050000190734863,15.074999809265137,1003.0
2026-08-05 11:38:00,ODFL,,214.91000366210938,214.91000366210938,214.91000366210938,214.91000366210938,1274.0
2026-08-05 11:38:00,OESX,,15.057600021362305,15.057600021362305,15.057600021362305,15.057600021362305,472.0
2026-08-05 11:38:00,OKTA,,147.75999450683594,147.77000427246094,147.75999450683594,147.77000427246094,320.0
2026-08-05 11:38:00,OLLI,,78.38990020751953,78.38990020751953,78.2699966430664,78.31500244140625,2246.0
2026-08-05 11:38:00,OLMA,,11.625,11.635000228881836,11.600000381469727,11.608799934387207,2885.0
2026-08-05 11:38:00,OM,,4.96999979019165,4.96999979019165,4.96999979019165,4.96999979019165,769.0
2026-08-05 11:38:00,OMER,,12.710000038146973,12.710000038146973,12.710000038146973,12.710000038146973,767.0
2026-08-05 11:38:00,OMH,,0.1128000020980835,0.1128000020980835,0.11230000108480453,0.11259999871253967,26497.0
2026-08-05 11:38:00,ON,,77.36000061035156,77.47000122070312,77.36000061035156,77.44499969482422,7608.0
2026-08-05 11:38:00,ONB,,26.954999923706055,26.961299896240234,26.954999923706055,26.961299896240234,4408.0
2026-08-05 11:38:00,ONBPP,,24.79990005493164,24.79990005493164,24.75,24.75,3303.0
2026-08-05 11:38:00,ONDS,,8.779999732971191,8.789999961853027,8.770000457763672,8.78499984741211,106824.0
2026-08-05 11:38:00,ONFO,,0.07519999891519547,0.0754999965429306,0.07509999722242355,0.07509999722242355,10550.0
2026-08-05 11:38:00,OPCH,,23.360000610351562,23.360000610351562,23.360000610351562,23.360000610351562,973.0
2026-08-05 11:38:00,OPEN,,3.8550000190734863,3.859999895095825,3.8499999046325684,3.8550000190734863,129016.0
2026-08-05 11:38:00,OPK,,1.309999942779541,1.309999942779541,1.309999942779541,1.309999942779541,802.0
2026-08-05 11:38:00,ORIC,,13.244999885559082,13.25,13.244999885559082,13.244999885559082,1074.0
2026-08-05 11:38:00,ORLY,,92.80999755859375,92.83999633789062,92.72000122070312,92.72000122070312,30349.0
2026-08-05 11:38:00,ORRF,,43.345001220703125,43.345001220703125,43.345001220703125,43.345001220703125,711.0
2026-08-05 11:38:00,OSBC,,25.725000381469727,25.725000381469727,25.719999313354492,25.719999313354492,887.0
2026-08-05 11:38:00,OSS,,14.074700355529785,14.074700355529785,14.074700355529785,14.074700355529785,159.0
2026-08-05 11:38:00,OSW,,26.700000762939453,26.700000762939453,26.700000762939453,26.700000762939453,491.0
2026-08-05 11:38:00,OTEX,,25.780000686645508,25.78499984741211,25.780000686645508,25.780000686645508,992.0
2026-08-05 11:38:00,OTLK,,1.0149999856948853,1.0199999809265137,1.0099999904632568,1.0199999809265137,22355.0
2026-08-05 11:38:00,OTLY,,14.484999656677246,14.484999656677246,14.484999656677246,14.484999656677246,164.0
2026-08-05 11:38:00,OVID,,2.634999990463257,2.634999990463257,2.634999990463257,2.634999990463257,1907.0
2026-08-05 11:38:00,OXLC,,9.09000015258789,9.09000015258789,9.09000015258789,9.09000015258789,114.0
2026-08-05 11:38:00,PAA,,23.165000915527344,23.165000915527344,23.15999984741211,23.15999984741211,3613.0
2026-08-05 11:38:00,PAAS,,48.4900016784668,48.4900016784668,48.44499969482422,48.47999954223633,7730.0
2026-08-05 11:38:00,PACB,,1.4242000579833984,1.4249999523162842,1.4242000579833984,1.4249999523162842,1064.0
2026-08-05 11:38:00,PAGP,,25.079999923706055,25.079999923706055,25.075000762939453,25.075000762939453,857.0
2026-08-05 11:38:00,PALI,,2.0903000831604004,2.0999999046325684,2.0903000831604004,2.0999999046325684,1673.0
2026-08-05 11:38:00,PANW,,363.2850036621094,363.5799865722656,363.1499938964844,363.2699890136719,14851.0
2026-08-05 11:38:00,PAX,,11.375,11.375,11.375,11.375,782.0
2026-08-05 11:38:00,PAYO,,7.119999885559082,7.130000114440918,7.119999885559082,7.125,514.0
2026-08-05 11:38:00,PAYS,,9.152099609375,9.152099609375,9.152099609375,9.152099609375,710.0
2026-08-05 11:38:00,PAYX,,116.4000015258789,116.41999816894531,116.38999938964844,116.4000015258789,2008.0
2026-08-05 11:38:00,PCAR,,133.5399932861328,133.625,133.5399932861328,133.60000610351562,8350.0
2026-08-05 11:38:00,PCRX,,25.204999923706055,25.209999084472656,25.125,25.125,3209.0
2026-08-05 11:38:00,PCT,,6.918799877166748,6.918799877166748,6.9095001220703125,6.914999961853027,3326.0
2026-08-05 11:38:00,PCTY,,144.5500030517578,144.5500030517578,144.2550048828125,144.2550048828125,386.0
2026-08-05 11:38:00,PDD,,91.302001953125,91.30999755859375,91.29000091552734,91.29000091552734,6569.0
2026-08-05 11:38:00,PEBO,,41.560001373291016,41.560001373291016,41.560001373291016,41.560001373291016,670.0
2026-08-05 11:38:00,PENN,,19.844999313354492,19.850000381469727,19.844999313354492,19.850000381469727,819.0
2026-08-05 11:38:00,PEP,,138.11500549316406,138.11500549316406,138.04010009765625,138.04010009765625,7831.0
2026-08-05 11:38:00,PGEN,,6.974999904632568,6.974999904632568,6.972499847412109,6.974999904632568,2095.0
2026-08-05 11:38:00,PGNY,,31.622499465942383,31.622499465942383,31.6200008392334,31.6200008392334,470.0
2026-08-05 11:38:00,PGY,,21.71500015258789,21.735000610351562,21.71500015258789,21.729999542236328,1827.0
2026-08-05 11:38:00,PHAT,,8.5,8.5,8.479999542236328,8.479999542236328,5845.0
2026-08-05 11:38:00,PHVS,,32.970001220703125,32.970001220703125,32.970001220703125,32.970001220703125,273.0
2026-08-05 11:38:00,PKOH,,41.209999084472656,41.209999084472656,41.209999084472656,41.209999084472656,352.0
2026-08-05 11:38:00,PLMR,,133.6699981689453,133.6699981689453,133.6699981689453,133.6699981689453,632.0
2026-08-05 11:38:00,PLSE,,36.632999420166016,36.632999420166016,36.632999420166016,36.632999420166016,235.0
2026-08-05 11:38:00,PLUG,,2.1050000190734863,2.1085000038146973,2.0999999046325684,2.0999999046325684,28309.0
2026-08-05 11:38:00,PMCB,,0.6003999710083008,0.6003999710083008,0.6003999710083008,0.6003999710083008,320.0
2026-08-05 11:38:00,PNBK,,1.1449999809265137,1.1449999809265137,1.1449999809265137,1.1449999809265137,218.0
2026-08-05 11:38:00,PNFP,,107.41999816894531,107.41999816894531,107.41999816894531,107.41999816894531,623.0
2026-08-05 11:38:00,PNTG,,38.720001220703125,38.720001220703125,38.720001220703125,38.720001220703125,313.0
2026-08-05 11:38:00,POET,,8.300000190734863,8.3100004196167,8.299799919128418,8.300399780273438,18125.0
2026-08-05 11:38:00,POOL,,204.69500732421875,204.97000122070312,204.69500732421875,204.97000122070312,1687.0
2026-08-05 11:38:00,POWI,,62.18000030517578,62.18000030517578,62.18000030517578,62.18000030517578,504.0
2026-08-05 11:38:00,POWL,,214.22500610351562,214.22500610351562,214.19500732421875,214.19500732421875,120.0
2026-08-05 11:38:00,PPTA,,22.6200008392334,22.6200008392334,22.610000610351562,22.610000610351562,1323.0
2026-08-05 11:38:00,PRAX,,310.8699951171875,310.8699951171875,310.8699951171875,310.8699951171875,86.0
2026-08-05 11:38:00,PRCT,,19.100000381469727,19.139999389648438,19.100000381469727,19.1200008392334,3642.0
2026-08-05 11:38:00,PRIM,,85.78500366210938,85.91999816894531,85.54499816894531,85.9000015258789,2787.0
2026-08-05 11:38:00,PRLD,,4.505000114440918,4.505000114440918,4.505000114440918,4.505000114440918,322.0
2026-08-05 11:38:00,PROK,,1.6202000379562378,1.6202000379562378,1.6202000379562378,1.6202000379562378,732.0
2026-08-05 11:38:00,PRQR,,1.9002000093460083,1.9002000093460083,1.9002000093460083,1.9002000093460083,509.0
2026-08-05 11:38:00,PRSO,,0.6886000037193298,0.6886000037193298,0.6886000037193298,0.6886000037193298,3432.0
2026-08-05 11:38:00,PSEC,,2.184999942779541,2.184999942779541,2.184999942779541,2.184999942779541,1557.0
2026-08-05 11:38:00,PSNL,,13.539999961853027,13.539999961853027,13.539999961853027,13.539999961853027,369.0
2026-08-05 11:38:00,PTCT,,69.08000183105469,69.13999938964844,69.08000183105469,69.13999938964844,2226.0
2026-08-05 11:38:00,PTEN,,9.729999542236328,9.729999542236328,9.720000267028809,9.729999542236328,1984.0
2026-08-05 11:38:00,PTLO,,4.59499979019165,4.59499979019165,4.59499979019165,4.59499979019165,794.0
2026-08-05 11:38:00,PTON,,6.5,6.510000228881836,6.5,6.5071001052856445,8675.0
2026-08-05 11:38:00,PUBM,,13.550000190734863,13.550000190734863,13.550000190734863,13.550000190734863,440.0
2026-08-05 11:38:00,PWP,,17.360000610351562,17.360000610351562,17.360000610351562,17.360000610351562,286.0
2026-08-05 11:38:00,PYPD,,4.489999771118164,4.489999771118164,4.46999979019165,4.46999979019165,488.0
2026-08-05 11:38:00,PYPL,,58.275001525878906,58.310001373291016,58.275001525878906,58.290000915527344,7637.0
2026-08-05 11:38:00,PYXS,,3.1772000789642334,3.1772000789642334,3.149899959564209,3.1500000953674316,6556.0
2026-08-05 11:38:00,PZZA,,30.420000076293945,30.420000076293945,30.420000076293945,30.420000076293945,242.0
2026-08-05 11:38:00,QCOM,,158.16000366210938,158.35000610351562,158.16000366210938,158.30999755859375,12620.0
2026-08-05 11:38:00,QFIN,,13.319999694824219,13.329999923706055,13.319999694824219,13.329999923706055,5153.0
2026-08-05 11:38:00,QRVO,,94.88999938964844,94.88999938964844,94.87999725341797,94.87999725341797,546.0
2026-08-05 11:38:00,SEED,,1.0299999713897705,1.0299999713897705,1.0298000574111938,1.0299999713897705,4301.0
2026-08-05 11:38:00,STIM,,2.2799999713897705,2.2799999713897705,2.2799999713897705,2.2799999713897705,1406.0
2026-08-05 11:38:00,WOOF,,2.9200000762939453,2.9200000762939453,2.9200000762939453,2.9200000762939453,3157.0
2026-08-05 11:39:00,ACDC,,4.364999771118164,4.364999771118164,4.364999771118164,4.364999771118164,1147.0
2026-08-05 11:39:00,CNXN,,84.55999755859375,84.55999755859375,84.45500183105469,84.45500183105469,1737.0
2026-08-05 11:39:00,CPOP,,0.36410000920295715,0.36419999599456787,0.36410000920295715,0.36419999599456787,715.0
2026-08-05 11:39:00,EYE,,23.190000534057617,23.190000534057617,23.139999389648438,23.155000686645508,6484.0
2026-08-05 11:39:00,GLUE,,15.899999618530273,15.899999618530273,15.869999885559082,15.869999885559082,1090.0
2026-08-05 11:39:00,LUNG,,1.9299999475479126,1.9299999475479126,1.9299999475479126,1.9299999475479126,986.0
2026-08-05 11:39:00,MBRX,,0.4253999888896942,0.4275999963283539,0.42010000348091125,0.42750000953674316,61551.0
2026-08-05 11:39:00,MDB,,377.04998779296875,377.2200012207031,377.0400085449219,377.0400085449219,2098.0
2026-08-05 11:39:00,MDLZ,,62.0,62.02000045776367,61.97999954223633,62.0099983215332,6132.0
2026-08-05 11:39:00,MLTX,,17.6200008392334,17.6200008392334,17.579999923706055,17.579999923706055,746.0
2026-08-05 11:39:00,MNST,,94.4000015258789,94.41000366210938,94.38500213623047,94.38500213623047,3259.0
2026-08-05 11:39:00,MNTS,,4.375,4.375,4.375,4.375,340.0
2026-08-05 11:39:00,MORN,,198.17999267578125,198.17999267578125,198.14999389648438,198.14999389648438,720.0
2026-08-05 11:39:00,MPWR,,1326.1099853515625,1326.2449951171875,1322.989990234375,1322.989990234375,1177.0
2026-08-05 11:39:00,MRNA,,57.095001220703125,57.13999938964844,57.060001373291016,57.08000183105469,8430.0
2026-08-05 11:39:00,MYRG,,340.6099853515625,340.6099853515625,340.30999755859375,340.30999755859375,245.0
2026-08-05 11:39:00,NAMS,,26.639999389648438,26.639999389648438,26.594999313354492,26.594999313354492,1883.0
2026-08-05 11:39:00,NB,,5.070000171661377,5.070000171661377,5.070000171661377,5.070000171661377,3524.0
2026-08-05 11:39:00,NBIX,,163.69000244140625,163.69000244140625,163.69000244140625,163.69000244140625,2235.0
2026-08-05 11:39:00,NBTB,,53.25,53.25,53.25,53.25,113.0
2026-08-05 11:39:00,NCMI,,4.105000019073486,4.105000019073486,4.105000019073486,4.105000019073486,111.0
2026-08-05 11:39:00,NDAQ,,94.30000305175781,94.30000305175781,94.30000305175781,94.30000305175781,2515.0
2026-08-05 11:39:00,NEO,,16.1200008392334,16.1200008392334,16.100500106811523,16.100500106811523,2319.0
2026-08-05 11:39:00,NEOG,,11.569999694824219,11.569999694824219,11.5649995803833,11.5649995803833,3205.0
2026-08-05 11:39:00,NEON,,0.9700000286102295,0.9700000286102295,0.9700000286102295,0.9700000286102295,655.0
2026-08-05 11:39:00,NEOV,,2.8299999237060547,2.8399999141693115,2.8299999237060547,2.8310000896453857,8498.0
2026-08-05 11:39:00,NESR,,28.540000915527344,28.540000915527344,28.524999618530273,28.524999618530273,1685.0
2026-08-05 11:39:00,NEXT,,6.394999980926514,6.394999980926514,6.385000228881836,6.388000011444092,5621.0
2026-08-05 11:39:00,NFLX,,73.77989959716797,73.81990051269531,73.7699966430664,73.81990051269531,29904.0
2026-08-05 11:39:00,NGNE,,34.81999969482422,34.939998626708984,34.81999969482422,34.939998626708984,228.0
2026-08-05 11:39:00,NIU,,2.450000047683716,2.450000047683716,2.450000047683716,2.450000047683716,129.0
2026-08-05 11:39:00,NKTR,,73.0,73.0,73.0,73.0,1084.0
2026-08-05 11:39:00,NMFC,,7.335000038146973,7.335000038146973,7.335000038146973,7.335000038146973,804.0
2026-08-05 11:39:00,NMRA,,1.6150000095367432,1.6150000095367432,1.6150000095367432,1.6150000095367432,144.0
2026-08-05 11:39:00,NMTC,,1.6200000047683716,1.6200000047683716,1.6200000047683716,1.6200000047683716,136.0
2026-08-05 11:39:00,NN,,14.265000343322754,14.279999732971191,14.265000343322754,14.270000457763672,6409.0
2026-08-05 11:39:00,NNBR,,3.809999942779541,3.809999942779541,3.809999942779541,3.809999942779541,488.0
2026-08-05 11:39:00,NNDM,,1.5449999570846558,1.5449999570846558,1.5399999618530273,1.5399999618530273,9321.0
2026-08-05 11:39:00,NNOX,,1.0175000429153442,1.0175000429153442,1.0175000429153442,1.0175000429153442,842.0
2026-08-05 11:39:00,NRIX,,24.65999984741211,24.65999984741211,24.625,24.625,409.0
2026-08-05 11:39:00,NRSN,,0.5457000136375427,0.5457000136375427,0.5457000136375427,0.5457000136375427,103.0
2026-08-05 11:39:00,NSSC,,40.43000030517578,40.43000030517578,40.43000030517578,40.43000030517578,520.0
2026-08-05 11:39:00,NTAP,,189.52999877929688,189.5850067138672,189.49000549316406,189.49000549316406,1447.0
2026-08-05 11:39:00,NTCT,,42.0099983215332,42.0099983215332,42.0099983215332,42.0099983215332,759.0
2026-08-05 11:39:00,NTES,,127.71499633789062,127.71499633789062,127.71499633789062,127.71499633789062,651.0
2026-08-05 11:39:00,NTNX,,60.45000076293945,60.459999084472656,60.41999816894531,60.41999816894531,6525.0
2026-08-05 11:39:00,NTRA,,277.3599853515625,277.3599853515625,277.0,277.0,1867.0
2026-08-05 11:39:00,NTRS,,183.81500244140625,183.82000732421875,183.7100067138672,183.82000732421875,3006.0
2026-08-05 11:39:00,NUWE,,1.7200000286102295,1.7200000286102295,1.7098000049591064,1.7098000049591064,3829.0
2026-08-05 11:39:00,NVAX,,7.670000076293945,7.670000076293945,7.65500020980835,7.659999847412109,3457.0
2026-08-05 11:39:00,NVCR,,16.0,16.0,16.0,16.0,458.0
2026-08-05 11:39:00,NVDA,,220.22500610351562,220.2899932861328,220.0,220.0299072265625,215773.0
2026-08-05 11:39:00,NVEC,,128.44000244140625,128.44000244140625,128.44000244140625,128.44000244140625,571.0
2026-08-05 11:39:00,NVMI,,413.2099914550781,413.2099914550781,412.8299865722656,412.8299865722656,914.0
2026-08-05 11:39:00,NVTS,,12.53499984741211,12.5649995803833,12.520000457763672,12.539999961853027,51359.0
2026-08-05 11:39:00,NWBI,,15.914999961853027,15.920000076293945,15.914999961853027,15.920000076293945,1352.0
2026-08-05 11:39:00,NWL,,6.223599910736084,6.244999885559082,6.21999979019165,6.231100082397461,55332.0
2026-08-05 11:39:00,NWS,,32.29499816894531,32.29499816894531,32.29499816894531,32.29499816894531,543.0
2026-08-05 11:39:00,NWSA,,28.25,28.25,28.25,28.25,5894.0
2026-08-05 11:39:00,NXPI,,230.9149932861328,231.1300048828125,230.83909606933594,230.89999389648438,2275.0
2026-08-05 11:39:00,NXST,,192.49000549316406,192.49000549316406,192.49000549316406,192.49000549316406,215.0
2026-08-05 11:39:00,NXT,,99.35389709472656,99.55000305175781,99.1050033569336,99.1050033569336,8285.0
2026-08-05 11:39:00,OCCI,,2.4700000286102295,2.4700000286102295,2.4700000286102295,2.4700000286102295,124.0
2026-08-05 11:39:00,OCGN,,1.2949999570846558,1.2949999570846558,1.2949999570846558,1.2949999570846558,1640.0
2026-08-05 11:39:00,OCUL,,8.505000114440918,8.505000114440918,8.5,8.505000114440918,5448.0
2026-08-05 11:39:00,ODD,,15.079999923706055,15.100000381469727,15.079999923706055,15.100000381469727,1115.0
2026-08-05 11:39:00,ODFL,,214.94000244140625,215.0,214.94000244140625,214.94000244140625,2243.0
2026-08-05 11:39:00,OESX,,15.225000381469727,15.225000381469727,15.225000381469727,15.225000381469727,110.0
2026-08-05 11:39:00,OFIX,,10.720000267028809,10.720000267028809,10.720000267028809,10.720000267028809,568.0
2026-08-05 11:39:00,OKTA,,147.80999755859375,147.80999755859375,147.77999877929688,147.77999877929688,1591.0
2026-08-05 11:39:00,OLMA,,11.630000114440918,11.630000114440918,11.630000114440918,11.630000114440918,1412.0
2026-08-05 11:39:00,OMER,,12.720000267028809,12.720000267028809,12.71500015258789,12.71500015258789,1063.0
2026-08-05 11:39:00,OMH,,0.11330000311136246,0.11389999836683273,0.11209999769926071,0.1128000020980835,24147.0
2026-08-05 11:39:00,ON,,77.4000015258789,77.45500183105469,77.31999969482422,77.36000061035156,13899.0
2026-08-05 11:39:00,ONB,,26.954999923706055,26.954999923706055,26.94499969482422,26.950000762939453,9387.0
2026-08-05 11:39:00,ONBPO,,24.75,24.75,24.75,24.75,2000.0
2026-08-05 11:39:00,ONCY,,0.7922000288963318,0.7922000288963318,0.7922000288963318,0.7922000288963318,217.0
2026-08-05 11:39:00,ONDS,,8.774999618530273,8.795000076293945,8.761899948120117,8.774999618530273,232492.0
2026-08-05 11:39:00,ONFO,,0.07509999722242355,0.07519999891519547,0.07509999722242355,0.07519999891519547,23286.0
2026-08-05 11:39:00,OPCH,,23.3700008392334,23.3700008392334,23.350000381469727,23.354999542236328,4942.0
2026-08-05 11:39:00,OPEN,,3.8499999046325684,3.859999895095825,3.8499999046325684,3.859999895095825,30604.0
2026-08-05 11:39:00,OPK,,1.315000057220459,1.315000057220459,1.309999942779541,1.309999942779541,630.0
2026-08-05 11:39:00,OPRX,,6.75,6.75,6.739999771118164,6.739999771118164,1108.0
2026-08-05 11:39:00,ORIC,,13.229999542236328,13.265000343322754,13.229999542236328,13.260000228881836,6217.0
2026-08-05 11:39:00,ORLY,,92.84500122070312,92.8915023803711,92.80000305175781,92.80500030517578,5054.0
2026-08-05 11:39:00,OSBC,,25.719999313354492,25.719999313354492,25.719999313354492,25.719999313354492,755.0
2026-08-05 11:39:00,OSIS,,236.0749969482422,236.0749969482422,236.0749969482422,236.0749969482422,114.0
2026-08-05 11:39:00,OSPN,,16.43000030517578,16.450000762939453,16.43000030517578,16.450000762939453,1348.0
2026-08-05 11:39:00,OSS,,14.09000015258789,14.09000015258789,14.066399574279785,14.067000389099121,3698.0
2026-08-05 11:39:00,OSW,,26.700000762939453,26.700000762939453,26.700000762939453,26.700000762939453,844.0
2026-08-05 11:39:00,OTEX,,25.774999618530273,25.774999618530273,25.774999618530273,25.774999618530273,1144.0
2026-08-05 11:39:00,OTLK,,1.0110000371932983,1.0199999809265137,1.0110000371932983,1.0149999856948853,2985.0
2026-08-05 11:39:00,OVID,,2.640000104904175,2.640000104904175,2.634999990463257,2.634999990463257,3147.0
2026-08-05 11:39:00,OXLC,,9.095000267028809,9.095000267028809,9.095000267028809,9.095000267028809,212.0
2026-08-05 11:39:00,OXSQ,,1.4900000095367432,1.4900000095367432,1.4900000095367432,1.4900000095367432,10308.0
2026-08-05 11:39:00,PAA,,23.149999618530273,23.18000030517578,23.149999618530273,23.165000915527344,14713.0
2026-08-05 11:39:00,PAAS,,48.52000045776367,48.529998779296875,48.47999954223633,48.47999954223633,2856.0
2026-08-05 11:39:00,PACB,,1.4249999523162842,1.4249999523162842,1.4249000549316406,1.4249000549316406,1682.0
2026-08-05 11:39:00,PAGP,,25.06999969482422,25.079999923706055,25.06999969482422,25.079999923706055,1474.0
2026-08-05 11:39:00,PAHC,,35.724998474121094,35.724998474121094,35.630001068115234,35.630001068115234,2265.0
2026-08-05 11:39:00,PALI,,2.0989999771118164,2.0999999046325684,2.098099946975708,2.0999999046325684,2063.0
2026-08-05 11:39:00,PANW,,363.0950012207031,363.1351013183594,362.8399963378906,362.8399963378906,4326.0
2026-08-05 11:39:00,PAYO,,7.125,7.130000114440918,7.119999885559082,7.125,2339.0
2026-08-05 11:39:00,PAYX,,116.58000183105469,116.6050033569336,116.41999816894531,116.43499755859375,10699.0
2026-08-05 11:39:00,PBYI,,8.039999961853027,8.039999961853027,8.020000457763672,8.020000457763672,1442.0
2026-08-05 11:39:00,PCAR,,133.5500030517578,133.5500030517578,133.4600067138672,133.5399932861328,3544.0
2026-08-05 11:39:00,PCRX,,25.100000381469727,25.110000610351562,25.100000381469727,25.110000610351562,2415.0
2026-08-05 11:39:00,PCT,,6.925000190734863,6.925000190734863,6.909999847412109,6.909999847412109,9577.0
2026-08-05 11:39:00,PCTY,,144.3975067138672,144.3975067138672,144.34500122070312,144.34500122070312,861.0
2026-08-05 11:39:00,PDD,,91.33000183105469,91.33000183105469,91.2300033569336,91.30999755859375,20345.0
2026-08-05 11:39:00,PEGA,,31.579999923706055,31.584999084472656,31.579999923706055,31.579999923706055,1153.0
2026-08-05 11:39:00,PENN,,19.834999084472656,19.850000381469727,19.834999084472656,19.84000015258789,5298.0
2026-08-05 11:39:00,PEP,,138.14999389648438,138.14999389648438,138.08999633789062,138.1300048828125,4785.0
2026-08-05 11:39:00,PERI,,9.59000015258789,9.595000267028809,9.59000015258789,9.595000267028809,1723.0
2026-08-05 11:39:00,PFG,,113.9000015258789,113.9000015258789,113.75,113.75,2580.0
2026-08-05 11:39:00,PGEN,,6.960000038146973,6.985000133514404,6.949999809265137,6.980000019073486,39838.0
2026-08-05 11:39:00,PGNY,,31.6200008392334,31.6200008392334,31.6200008392334,31.6200008392334,1146.0
2026-08-05 11:39:00,PGY,,21.71500015258789,21.71500015258789,21.69499969482422,21.709999084472656,4667.0
2026-08-05 11:39:00,PHAT,,8.489999771118164,8.5,8.489999771118164,8.5,1155.0
2026-08-05 11:39:00,PKOH,,41.209999084472656,41.290000915527344,41.209999084472656,41.290000915527344,414.0
2026-08-05 11:39:00,PLSE,,36.849998474121094,36.849998474121094,36.849998474121094,36.849998474121094,262.0
2026-08-05 11:39:00,PLUG,,2.1050000190734863,2.1064999103546143,2.0999999046325684,2.0999999046325684,25335.0
2026-08-05 11:39:00,PNFP,,107.42500305175781,107.42500305175781,107.42500305175781,107.42500305175781,1554.0
2026-08-05 11:39:00,PNTG,,38.720001220703125,38.720001220703125,38.709999084472656,38.709999084472656,2601.0
2026-08-05 11:39:00,POET,,8.299699783325195,8.319999694824219,8.295000076293945,8.295000076293945,8730.0
2026-08-05 11:39:00,POWL,,214.24000549316406,214.32000732421875,214.00999450683594,214.10000610351562,1704.0
2026-08-05 11:39:00,PPC,,26.6299991607666,26.6299991607666,26.6200008392334,26.6299991607666,1093.0
2026-08-05 11:39:00,PPTA,,22.655000686645508,22.65999984741211,22.63249969482422,22.63249969482422,1002.0
2026-08-05 11:39:00,PRAX,,310.1499938964844,310.1499938964844,310.1499938964844,310.1499938964844,226.0
2026-08-05 11:39:00,PRCT,,19.024999618530273,19.125,18.979999542236328,19.1200008392334,21488.0
2026-08-05 11:39:00,PRIM,,85.94000244140625,85.95999908447266,85.94000244140625,85.94999694824219,1498.0
2026-08-05 11:39:00,PRME,,2.9749999046325684,2.9749999046325684,2.9749999046325684,2.9749999046325684,684.0
2026-08-05 11:39:00,PRQR,,1.9019999504089355,1.9019999504089355,1.9019999504089355,1.9019999504089355,368.0
2026-08-05 11:39:00,PRVA,,24.1299991607666,24.139999389648438,24.1200008392334,24.139999389648438,1412.0
2026-08-05 11:39:00,PSEC,,2.1802000999450684,2.184999942779541,2.1802000999450684,2.184999942779541,6014.0
2026-08-05 11:39:00,PSNL,,13.5600004196167,13.5600004196167,13.550000190734863,13.550000190734863,2997.0
2026-08-05 11:39:00,PTC,,139.83999633789062,139.84500122070312,139.77999877929688,139.84500122070312,2159.0
2026-08-05 11:39:00,PTEN,,9.720000267028809,9.725000381469727,9.720000267028809,9.725000381469727,3001.0
2026-08-05 11:39:00,PTLO,,4.590000152587891,4.590000152587891,4.590000152587891,4.590000152587891,2705.0
2026-08-05 11:39:00,PTON,,6.505000114440918,6.510000228881836,6.5,6.510000228881836,3630.0
2026-08-05 11:39:00,PUBM,,13.539999961853027,13.539999961853027,13.539999961853027,13.539999961853027,900.0
2026-08-05 11:39:00,PWP,,17.309999465942383,17.360000610351562,17.309999465942383,17.360000610351562,1787.0
2026-08-05 11:39:00,PYPL,,58.28960037231445,58.290000915527344,58.26499938964844,58.279998779296875,7051.0
2026-08-05 11:39:00,PZZA,,30.420000076293945,30.420000076293945,30.420000076293945,30.420000076293945,1210.0
2026-08-05 11:39:00,QCOM,,158.17999267578125,158.2949981689453,158.11000061035156,158.17999267578125,15341.0
2026-08-05 11:39:00,QCRH,,104.80999755859375,104.80999755859375,104.80999755859375,104.80999755859375,351.0
2026-08-05 11:39:00,QRVO,,94.80500030517578,94.86000061035156,94.80500030517578,94.8499984741211,686.0
2026-08-05 11:39:00,SEED,,1.0205999612808228,1.0398999452590942,1.0099999904632568,1.0299999713897705,6813.0
2026-08-05 11:39:00,TARA,,4.019999980926514,4.019999980926514,4.019999980926514,4.019999980926514,2263.0
2026-08-05 11:39:00,WOOF,,2.924999952316284,2.924999952316284,2.9149999618530273,2.9149999618530273,4245.0
2026-08-05 11:40:00,GLUE,,15.880000114440918,15.890000343322754,15.880000114440918,15.890000343322754,968.0
2026-08-05 11:40:00,LUNG,,1.9299999475479126,1.9299999475479126,1.9299999475479126,1.9299999475479126,201.0
2026-08-05 11:40:00,MBRX,,0.4253999888896942,0.43149998784065247,0.4253000020980835,0.43149998784065247,4007.0
2026-08-05 11:40:00,MDB,,377.6449890136719,377.7900085449219,376.57000732421875,377.0400085449219,3944.0
2026-08-05 11:40:00,MDLZ,,61.9900016784668,62.005001068115234,61.97999954223633,62.0,5161.0
2026-08-05 11:40:00,MLTX,,17.610000610351562,17.610000610351562,17.610000610351562,17.610000610351562,259.0
2026-08-05 11:40:00,MNST,,94.43990325927734,94.43990325927734,94.4000015258789,94.43990325927734,5833.0
2026-08-05 11:40:00,MNTK,,1.6950000524520874,1.6950000524520874,1.6950000524520874,1.6950000524520874,1199.0
2026-08-05 11:40:00,MNTS,,4.375,4.375,4.360000133514404,4.369999885559082,2676.0
2026-08-05 11:40:00,MODD,,2.109999895095825,2.109999895095825,2.109999895095825,2.109999895095825,1038.0
2026-08-05 11:40:00,MORN,,198.14999389648438,198.14999389648438,198.14999389648438,198.14999389648438,526.0
2026-08-05 11:40:00,MPWR,,1328.8299560546875,1328.989990234375,1327.89501953125,1328.989990234375,297.0
2026-08-05 11:40:00,MRNA,,57.029998779296875,57.099998474121094,56.970001220703125,57.099998474121094,13010.0
2026-08-05 11:40:00,MSGM,,4.460000038146973,4.46999979019165,4.460000038146973,4.46999979019165,714.0
2026-08-05 11:40:00,MYGN,,3.2200000286102295,3.2249999046325684,3.2200000286102295,3.2200000286102295,11149.0
2026-08-05 11:40:00,MYPS,,0.7261999845504761,0.7261999845504761,0.7253999710083008,0.7253999710083008,1290.0
2026-08-05 11:40:00,MYRG,,340.70001220703125,340.70001220703125,340.5199890136719,340.5199890136719,207.0
2026-08-05 11:40:00,NAMS,,26.604999542236328,26.604999542236328,26.604999542236328,26.604999542236328,744.0
2026-08-05 11:40:00,NATR,,20.229999542236328,20.229999542236328,20.229999542236328,20.229999542236328,916.0
2026-08-05 11:40:00,NAUT,,0.960099995136261,0.960099995136261,0.960099995136261,0.960099995136261,821.0
2026-08-05 11:40:00,NB,,5.071100234985352,5.07889986038208,5.071100234985352,5.07889986038208,1477.0
2026-08-05 11:40:00,NBTB,,53.25,53.25,53.230098724365234,53.25,959.0
2026-08-05 11:40:00,NCMI,,4.105000019073486,4.105000019073486,4.105000019073486,4.105000019073486,211.0
2026-08-05 11:40:00,NDAQ,,94.25,94.25,94.25,94.25,1163.0
2026-08-05 11:40:00,NECB,,27.298999786376953,27.298999786376953,27.298999786376953,27.298999786376953,297.0
2026-08-05 11:40:00,NEO,,16.1200008392334,16.1200008392334,16.1200008392334,16.1200008392334,410.0
2026-08-05 11:40:00,NEOG,,11.574999809265137,11.574999809265137,11.574999809265137,11.574999809265137,2623.0
2026-08-05 11:40:00,NEOV,,2.8299999237060547,2.8397998809814453,2.8299999237060547,2.8350000381469727,2758.0
2026-08-05 11:40:00,NESR,,28.540000915527344,28.540000915527344,28.524999618530273,28.524999618530273,1578.0
2026-08-05 11:40:00,NEXT,,6.40500020980835,6.40500020980835,6.40500020980835,6.40500020980835,1252.0
2026-08-05 11:40:00,NFE,,0.33709999918937683,0.33709999918937683,0.33709999918937683,0.33709999918937683,203.0
2026-08-05 11:40:00,NFLX,,73.76000213623047,73.77989959716797,73.72000122070312,73.77989959716797,42277.0
2026-08-05 11:40:00,NGNE,,34.81999969482422,34.81999969482422,34.81999969482422,34.81999969482422,125.0
2026-08-05 11:40:00,NICE,,96.62000274658203,96.73999786376953,96.62000274658203,96.73999786376953,1079.0
2026-08-05 11:40:00,NIU,,2.444999933242798,2.444999933242798,2.444999933242798,2.444999933242798,1103.0
2026-08-05 11:40:00,NMIH,,44.42499923706055,44.42499923706055,44.42499923706055,44.42499923706055,264.0
2026-08-05 11:40:00,NN,,14.270000457763672,14.279999732971191,14.265000343322754,14.265000343322754,1936.0
2026-08-05 11:40:00,NNDM,,1.5449999570846558,1.5449999570846558,1.5399999618530273,1.5399999618530273,1977.0
2026-08-05 11:40:00,NPCE,,13.630000114440918,13.630000114440918,13.630000114440918,13.630000114440918,410.0
2026-08-05 11:40:00,NRC,,19.6200008392334,19.739999771118164,19.6200008392334,19.739999771118164,212.0
2026-08-05 11:40:00,NRDS,,9.149999618530273,9.149999618530273,9.149999618530273,9.149999618530273,473.0
2026-08-05 11:40:00,NRIX,,24.670000076293945,24.670000076293945,24.670000076293945,24.670000076293945,561.0
2026-08-05 11:40:00,NRXP,,3.0350000858306885,3.0350000858306885,3.0350000858306885,3.0350000858306885,206.0
2026-08-05 11:40:00,NTAP,,189.5800018310547,189.5800018310547,189.5800018310547,189.5800018310547,1218.0
2026-08-05 11:40:00,NTNX,,60.36000061035156,60.46500015258789,60.349998474121094,60.46500015258789,9117.0
2026-08-05 11:40:00,NVAX,,7.669000148773193,7.670000076293945,7.660999774932861,7.660999774932861,1403.0
2026-08-05 11:40:00,NVCT,,20.350000381469727,20.350000381469727,20.350000381469727,20.350000381469727,888.0
2026-08-05 11:40:00,NVDA,,220.2100067138672,220.3300018310547,220.00999450683594,220.2050018310547,211261.0
2026-08-05 11:40:00,NVMI,,412.42999267578125,412.42999267578125,412.42999267578125,412.42999267578125,252.0
2026-08-05 11:40:00,NVTS,,12.529999732971191,12.555000305175781,12.529999732971191,12.539899826049805,8368.0
2026-08-05 11:40:00,NWBI,,15.914999961853027,15.914999961853027,15.914999961853027,15.914999961853027,180.0
2026-08-05 11:40:00,NWE,,68.47000122070312,68.4800033569336,68.47000122070312,68.47000122070312,499.0
2026-08-05 11:40:00,NWL,,6.235000133514404,6.235000133514404,6.224999904632568,6.230000019073486,12581.0
2026-08-05 11:40:00,NWS,,32.2599983215332,32.290000915527344,32.2599983215332,32.290000915527344,3456.0
2026-08-05 11:40:00,NWSA,,28.21500015258789,28.229999542236328,28.21500015258789,28.229999542236328,1765.0
2026-08-05 11:40:00,NXPI,,230.88499450683594,231.07000732421875,230.88499450683594,230.91000366210938,3230.0
2026-08-05 11:40:00,NXST,,192.2899932861328,192.2899932861328,192.2899932861328,192.2899932861328,936.0
2026-08-05 11:40:00,NXT,,99.47000122070312,99.47000122070312,99.3499984741211,99.41000366210938,6773.0
2026-08-05 11:40:00,OBIO,,4.215000152587891,4.215000152587891,4.215000152587891,4.215000152587891,531.0
2026-08-05 11:40:00,OCC,,15.746899604797363,15.789999961853027,15.739999771118164,15.789999961853027,2145.0
2026-08-05 11:40:00,OCFC,,19.71500015258789,19.71500015258789,19.71500015258789,19.71500015258789,668.0
2026-08-05 11:40:00,OCGN,,1.2949999570846558,1.2949999570846558,1.2899999618530273,1.2899999618530273,4781.0
2026-08-05 11:40:00,OCSL,,12.135000228881836,12.135000228881836,12.119999885559082,12.125,5197.0
2026-08-05 11:40:00,OCUL,,8.5,8.5,8.5,8.5,3381.0
2026-08-05 11:40:00,ODD,,15.09000015258789,15.109999656677246,15.09000015258789,15.109999656677246,2890.0
2026-08-05 11:40:00,ODFL,,214.82000732421875,214.82000732421875,214.8000030517578,214.82000732421875,2037.0
2026-08-05 11:40:00,OESX,,15.225000381469727,15.225000381469727,15.225000381469727,15.225000381469727,397.0
2026-08-05 11:40:00,OFS,,3.5299999713897705,3.5299999713897705,3.5299999713897705,3.5299999713897705,170.0
2026-08-05 11:40:00,OKTA,,147.77999877929688,147.77999877929688,147.72000122070312,147.72000122070312,1976.0
2026-08-05 11:40:00,OLLI,,78.33499908447266,78.38999938964844,78.33499908447266,78.33499908447266,1256.0
2026-08-05 11:40:00,OMER,,12.720000267028809,12.720000267028809,12.720000267028809,12.720000267028809,1561.0
2026-08-05 11:40:00,OMH,,0.11240000277757645,0.11240000277757645,0.11240000277757645,0.11240000277757645,7106.0
2026-08-05 11:40:00,ON,,77.33999633789062,77.4800033569336,77.32499694824219,77.38999938964844,18521.0
2026-08-05 11:40:00,ONB,,26.969999313354492,26.969999313354492,26.95989990234375,26.95989990234375,12609.0
2026-08-05 11:40:00,ONBPP,,24.79990005493164,24.79990005493164,24.79990005493164,24.79990005493164,3800.0
2026-08-05 11:40:00,ONCY,,0.7924000024795532,0.7924000024795532,0.7922000288963318,0.7922000288963318,651.0
2026-08-05 11:40:00,ONDS,,8.78499984741211,8.789999961853027,8.770000457763672,8.7701997756958,214899.0
2026-08-05 11:40:00,ONFO,,0.07530000060796738,0.07540000230073929,0.07509999722242355,0.07519999891519547,7020.0
2026-08-05 11:40:00,OPCH,,23.360000610351562,23.360000610351562,23.360000610351562,23.360000610351562,1446.0
2026-08-05 11:40:00,OPEN,,3.8499999046325684,3.859999895095825,3.8499999046325684,3.8499999046325684,52057.0
2026-08-05 11:40:00,ORIC,,13.234999656677246,13.23840045928955,13.225000381469727,13.229999542236328,1970.0
2026-08-05 11:40:00,ORLY,,92.85990142822266,92.85990142822266,92.80000305175781,92.8550033569336,7514.0
2026-08-05 11:40:00,OSIS,,236.00999450683594,236.05999755859375,236.00999450683594,236.05999755859375,581.0
2026-08-05 11:40:00,OSPN,,16.434999465942383,16.434999465942383,16.420000076293945,16.420000076293945,659.0
2026-08-05 11:40:00,OSS,,14.0600004196167,14.0600004196167,14.0600004196167,14.0600004196167,365.0
2026-08-05 11:40:00,OSUR,,4.175000190734863,4.175000190734863,4.175000190734863,4.175000190734863,446.0
2026-08-05 11:40:00,OTEX,,25.7549991607666,25.770000457763672,25.7549991607666,25.770000457763672,685.0
2026-08-05 11:40:00,OTLK,,1.0199999809265137,1.0199999809265137,1.0149999856948853,1.0199999809265137,1372.0
2026-08-05 11:40:00,OXLC,,9.109999656677246,9.109999656677246,9.100000381469727,9.100000381469727,14592.0
2026-08-05 11:40:00,OXSQ,,1.4850000143051147,1.4850000143051147,1.4850000143051147,1.4850000143051147,920.0
2026-08-05 11:40:00,PAA,,23.18000030517578,23.18000030517578,23.155000686645508,23.155000686645508,3762.0
2026-08-05 11:40:00,PAAS,,48.5,48.52000045776367,48.47999954223633,48.52000045776367,4581.0
2026-08-05 11:40:00,PACB,,1.4249999523162842,1.4249999523162842,1.4199999570846558,1.4249999523162842,6219.0
2026-08-05 11:40:00,PAGP,,25.079999923706055,25.079999923706055,25.079999923706055,25.079999923706055,1421.0
2026-08-05 11:40:00,PALI,,2.0950000286102295,2.0950000286102295,2.0950000286102295,2.0950000286102295,2647.0
2026-08-05 11:40:00,PANW,,363.260009765625,363.56500244140625,362.95001220703125,363.1000061035156,5787.0
2026-08-05 11:40:00,PATK,,87.81999969482422,87.83000183105469,87.81999969482422,87.83000183105469,1021.0
2026-08-05 11:40:00,PAVS,,4.902299880981445,4.902299880981445,4.902299880981445,4.902299880981445,575.0
2026-08-05 11:40:00,PAX,,11.364999771118164,11.369999885559082,11.364999771118164,11.369999885559082,477.0
2026-08-05 11:40:00,PAYO,,7.130000114440918,7.130000114440918,7.130000114440918,7.130000114440918,568.0
2026-08-05 11:40:00,PAYX,,116.55000305175781,116.57499694824219,116.5,116.57499694824219,3922.0
2026-08-05 11:40:00,PBYI,,8.039999961853027,8.039999961853027,8.039999961853027,8.039999961853027,680.0
2026-08-05 11:40:00,PCAR,,133.66000366210938,133.6999969482422,133.65499877929688,133.65499877929688,1764.0
2026-08-05 11:40:00,PCT,,6.929999828338623,6.934999942779541,6.925000190734863,6.925000190734863,3969.0
2026-08-05 11:40:00,PCTY,,144.35000610351562,144.35000610351562,144.35000610351562,144.35000610351562,428.0
2026-08-05 11:40:00,PDD,,91.33999633789062,91.33999633789062,91.33000183105469,91.33000183105469,1570.0
2026-08-05 11:40:00,PDFS,,50.630001068115234,50.630001068115234,50.630001068115234,50.630001068115234,700.0
2026-08-05 11:40:00,PEGA,,31.53499984741211,31.56999969482422,31.530000686645508,31.56999969482422,4791.0
2026-08-05 11:40:00,PENN,,19.8700008392334,19.8799991607666,19.84000015258789,19.84000015258789,9132.0
2026-08-05 11:40:00,PEP,,138.14999389648438,138.17999267578125,138.1199951171875,138.14500427246094,5148.0
2026-08-05 11:40:00,PERI,,9.59000015258789,9.59000015258789,9.59000015258789,9.59000015258789,313.0
2026-08-05 11:40:00,PFG,,113.8499984741211,113.8550033569336,113.8499984741211,113.8550033569336,1064.0
2026-08-05 11:40:00,PGEN,,6.960000038146973,6.980000019073486,6.949999809265137,6.970099925994873,9765.0
2026-08-05 11:40:00,PGY,,21.719999313354492,21.719999313354492,21.709999084472656,21.709999084472656,1782.0
2026-08-05 11:40:00,PHAT,,8.489999771118164,8.510000228881836,8.489999771118164,8.5,7450.0
2026-08-05 11:40:00,PHVS,,32.880001068115234,32.880001068115234,32.880001068115234,32.880001068115234,321.0
2026-08-05 11:40:00,PKOH,,41.16999816894531,41.22999954223633,41.16999816894531,41.22999954223633,170.0
2026-08-05 11:40:00,PLAB,,32.25,32.275001525878906,32.2400016784668,32.275001525878906,9163.0
2026-08-05 11:40:00,PLTK,,4.014999866485596,4.03000020980835,4.014999866485596,4.03000020980835,4143.0
2026-08-05 11:40:00,PLUG,,2.1050000190734863,2.109999895095825,2.0999999046325684,2.109999895095825,14205.0
2026-08-05 11:40:00,PNBK,,1.1449999809265137,1.1449999809265137,1.1449999809265137,1.1449999809265137,816.0
2026-08-05 11:40:00,PNTG,,38.720001220703125,38.720001220703125,38.720001220703125,38.720001220703125,785.0
2026-08-05 11:40:00,POET,,8.305000305175781,8.305000305175781,8.300000190734863,8.300000190734863,2142.0
2026-08-05 11:40:00,POWL,,214.19000244140625,214.19000244140625,214.14500427246094,214.14500427246094,564.0
2026-08-05 11:40:00,PPC,,26.614999771118164,26.614999771118164,26.614999771118164,26.614999771118164,396.0
2026-08-05 11:40:00,PPSI,,3.0000998973846436,3.0000998973846436,3.0000998973846436,3.0000998973846436,1600.0
2026-08-05 11:40:00,PPTA,,22.645000457763672,22.645000457763672,22.639999389648438,22.639999389648438,9978.0
2026-08-05 11:40:00,PRAX,,311.4599914550781,311.4599914550781,311.4599914550781,311.4599914550781,365.0
2026-08-05 11:40:00,PRCT,,19.014999389648438,19.020000457763672,19.014999389648438,19.020000457763672,1918.0
2026-08-05 11:40:00,PRDO,,32.880001068115234,32.880001068115234,32.880001068115234,32.880001068115234,620.0
2026-08-05 11:40:00,PRGS,,41.869998931884766,41.869998931884766,41.869998931884766,41.869998931884766,778.0
2026-08-05 11:40:00,PRIM,,85.92500305175781,85.92500305175781,85.86000061035156,85.86000061035156,633.0
2026-08-05 11:40:00,PRLD,,4.550000190734863,4.559999942779541,4.519999980926514,4.519999980926514,4293.0
2026-08-05 11:40:00,PRME,,2.9649999141693115,2.9749999046325684,2.9649999141693115,2.9749999046325684,2423.0
2026-08-05 11:40:00,PROK,,1.6299999952316284,1.6299999952316284,1.6299999952316284,1.6299999952316284,364.0
2026-08-05 11:40:00,PRQR,,1.9049999713897705,1.9049999713897705,1.9010000228881836,1.9010000228881836,1199.0
2026-08-05 11:40:00,PRTA,,8.539999961853027,8.539999961853027,8.539999961853027,8.539999961853027,1029.0
2026-08-05 11:40:00,PRTH,,6.585000038146973,6.585000038146973,6.585000038146973,6.585000038146973,789.0
2026-08-05 11:40:00,PRVA,,24.1299991607666,24.1299991607666,24.1299991607666,24.1299991607666,1650.0
2026-08-05 11:40:00,PRZO,,0.5540000200271606,0.5540000200271606,0.5540000200271606,0.5540000200271606,300.0
2026-08-05 11:40:00,PSNL,,13.619999885559082,13.630000114440918,13.579999923706055,13.579999923706055,6549.0
2026-08-05 11:40:00,PSNY,,13.970499992370605,13.970499992370605,13.970499992370605,13.970499992370605,623.0
2026-08-05 11:40:00,PTC,,139.72999572753906,139.72999572753906,139.7100067138672,139.7100067138672,871.0
2026-08-05 11:40:00,PTCT,,69.1500015258789,69.1500015258789,69.02010345458984,69.02010345458984,513.0
2026-08-05 11:40:00,PTEN,,9.73900032043457,9.73900032043457,9.720000267028809,9.720000267028809,5835.0
2026-08-05 11:40:00,PTON,,6.505000114440918,6.510000228881836,6.5,6.505000114440918,3334.0
2026-08-05 11:40:00,PWP,,17.389999389648438,17.389999389648438,17.3799991607666,17.3799991607666,1480.0
2026-08-05 11:40:00,PXS,,4.776299953460693,4.776299953460693,4.776299953460693,4.776299953460693,502.0
2026-08-05 11:40:00,PYPL,,58.255001068115234,58.28499984741211,58.255001068115234,58.28499984741211,9642.0
2026-08-05 11:40:00,PYXS,,3.174999952316284,3.174999952316284,3.174999952316284,3.174999952316284,1677.0
2026-08-05 11:40:00,PZZA,,30.40999984741211,30.420000076293945,30.40999984741211,30.420000076293945,1082.0
2026-08-05 11:40:00,QCOM,,158.0,158.2550048828125,158.0,158.17999267578125,8519.0
2026-08-05 11:40:00,QFIN,,13.327500343322754,13.329999923706055,13.327500343322754,13.329999923706055,329.0
2026-08-05 11:40:00,QRVO,,94.86000061035156,94.88999938964844,94.86000061035156,94.87999725341797,955.0
2026-08-05 11:40:00,SEED,,1.0200999975204468,1.0299999713897705,1.0200999975204468,1.0299999713897705,2124.0
2026-08-05 11:40:00,STIM,,2.2750000953674316,2.279900074005127,2.2750000953674316,2.279900074005127,1027.0
2026-08-05 11:40:00,WOOF,,2.924999952316284,2.924999952316284,2.924999952316284,2.924999952316284,3562.0
2026-08-05 11:41:00,ACDC,,4.375,4.385000228881836,4.369999885559082,4.369999885559082,9060.0
2026-08-05 11:41:00,CASH,,89.12999725341797,89.12999725341797,89.12999725341797,89.12999725341797,631.0
2026-08-05 11:41:00,EYE,,23.174999237060547,23.174999237060547,23.170000076293945,23.170000076293945,918.0
2026-08-05 11:41:00,FIZZ,,31.940000534057617,31.940000534057617,31.940000534057617,31.940000534057617,635.0
2026-08-05 11:41:00,GLUE,,15.890000343322754,15.890000343322754,15.880000114440918,15.880000114440918,2083.0
2026-08-05 11:41:00,KITT,,1.059999942779541,1.059999942779541,1.059999942779541,1.059999942779541,461.0
2026-08-05 11:41:00,LUNG,,1.9299999475479126,1.9299999475479126,1.9299999475479126,1.9299999475479126,1773.0
2026-08-05 11:41:00,MBRX,,0.4268999993801117,0.4268999993801117,0.4268999993801117,0.4268999993801117,739.0
2026-08-05 11:41:00,MDB,,377.45001220703125,377.9800109863281,377.45001220703125,377.9800109863281,1416.0
2026-08-05 11:41:00,MDLZ,,62.025001525878906,62.025001525878906,61.98500061035156,61.98500061035156,4162.0
2026-08-05 11:41:00,MLTX,,17.600000381469727,17.600000381469727,17.570100784301758,17.59000015258789,2228.0
2026-08-05 11:41:00,MNST,,94.44499969482422,94.44499969482422,94.42500305175781,94.42500305175781,2321.0
2026-08-05 11:41:00,MORN,,197.75999450683594,197.8000030517578,197.75999450683594,197.8000030517578,367.0
2026-08-05 11:41:00,MPWR,,1326.875,1328.1700439453125,1325.8199462890625,1328.1700439453125,1211.0
2026-08-05 11:41:00,MRNA,,57.040000915527344,57.040000915527344,56.849998474121094,56.97999954223633,16434.0
2026-08-05 11:41:00,MSGM,,4.46999979019165,4.46999979019165,4.46999979019165,4.46999979019165,578.0
2026-08-05 11:41:00,MYRG,,340.5,340.5,340.5,340.5,410.0
2026-08-05 11:41:00,NAMS,,26.594999313354492,26.594999313354492,26.594999313354492,26.594999313354492,1787.0
2026-08-05 11:41:00,NAVI,,9.109999656677246,9.130000114440918,9.109999656677246,9.130000114440918,3463.0
2026-08-05 11:41:00,NB,,5.065000057220459,5.070000171661377,5.059999942779541,5.070000171661377,3120.0
2026-08-05 11:41:00,NBIX,,163.89999389648438,163.89999389648438,163.8800048828125,163.8800048828125,1757.0
2026-08-05 11:41:00,NBTB,,53.27000045776367,53.27000045776367,53.27000045776367,53.27000045776367,411.0
2026-08-05 11:41:00,NCMI,,4.105000019073486,4.105000019073486,4.105000019073486,4.105000019073486,104.0
2026-08-05 11:41:00,NCRA,,1.7999999523162842,1.7999999523162842,1.7999999523162842,1.7999999523162842,216.0
2026-08-05 11:41:00,NDAQ,,94.19010162353516,94.23500061035156,94.19010162353516,94.23500061035156,499.0
2026-08-05 11:41:00,NDSN,,311.1700134277344,311.1700134277344,311.1700134277344,311.1700134277344,214.0
2026-08-05 11:41:00,NEO,,16.145000457763672,16.145000457763672,16.110000610351562,16.110000610351562,3121.0
2026-08-05 11:41:00,NEOG,,11.569999694824219,11.574999809265137,11.569999694824219,11.574999809265137,2893.0
2026-08-05 11:41:00,NEOV,,2.8201000690460205,2.8299999237060547,2.8201000690460205,2.8299999237060547,5877.0
2026-08-05 11:41:00,NESR,,28.530000686645508,28.559999465942383,28.520000457763672,28.559999465942383,2446.0
2026-08-05 11:41:00,NEXT,,6.40500020980835,6.40500020980835,6.40500020980835,6.40500020980835,364.0
2026-08-05 11:41:00,NFLX,,73.80000305175781,73.82499694824219,73.76029968261719,73.76029968261719,35969.0
2026-08-05 11:41:00,NGNE,,34.95000076293945,34.95000076293945,34.95000076293945,34.95000076293945,165.0
2026-08-05 11:41:00,NICE,,96.93000030517578,96.93000030517578,96.69999694824219,96.69999694824219,1887.0
2026-08-05 11:41:00,NMFC,,7.335000038146973,7.340000152587891,7.335000038146973,7.335000038146973,7892.0
2026-08-05 11:41:00,NMIH,,44.41999816894531,44.439998626708984,44.41999816894531,44.439998626708984,853.0
2026-08-05 11:41:00,NMRA,,1.6100000143051147,1.6150000095367432,1.6100000143051147,1.6150000095367432,300.0
2026-08-05 11:41:00,NMRK,,15.600000381469727,15.600000381469727,15.59000015258789,15.59000015258789,1492.0
2026-08-05 11:41:00,NN,,14.260000228881836,14.265000343322754,14.25,14.265000343322754,5628.0
2026-08-05 11:41:00,NNBR,,3.809999942779541,3.809999942779541,3.799999952316284,3.809999942779541,1331.0
2026-08-05 11:41:00,NNDM,,1.5449999570846558,1.5449999570846558,1.5399999618530273,1.5449999570846558,1510.0
2026-08-05 11:41:00,NRDS,,9.149999618530273,9.149999618530273,9.149999618530273,9.149999618530273,1203.0
2026-08-05 11:41:00,NRIM,,26.940000534057617,26.940000534057617,26.940000534057617,26.940000534057617,459.0
2026-08-05 11:41:00,NRIX,,24.670000076293945,24.670000076293945,24.639999389648438,24.639999389648438,1008.0
2026-08-05 11:41:00,NTAP,,189.50999450683594,189.74000549316406,189.50999450683594,189.57000732421875,2828.0
2026-08-05 11:41:00,NTCT,,42.005001068115234,42.005001068115234,42.005001068115234,42.005001068115234,835.0
2026-08-05 11:41:00,NTES,,127.79000091552734,127.79000091552734,127.79000091552734,127.79000091552734,310.0
2026-08-05 11:41:00,NTNX,,60.3849983215332,60.400001525878906,60.35499954223633,60.35499954223633,5226.0
2026-08-05 11:41:00,NTRA,,277.5400085449219,277.5400085449219,277.5400085449219,277.5400085449219,478.0
2026-08-05 11:41:00,NTRS,,183.5500030517578,183.6374969482422,183.5500030517578,183.60000610351562,2230.0
2026-08-05 11:41:00,NVAX,,7.679999828338623,7.690000057220459,7.664999961853027,7.664999961853027,13155.0
2026-08-05 11:41:00,NVCR,,15.994999885559082,16.0,15.979999542236328,15.989999771118164,4582.0
2026-08-05 11:41:00,NVCT,,20.235000610351562,20.290000915527344,20.229999542236328,20.290000915527344,1555.0
2026-08-05 11:41:00,NVDA,,220.06219482421875,220.22000122070312,219.77499389648438,220.18499755859375,314305.0
2026-08-05 11:41:00,NVMI,,410.94000244140625,412.57000732421875,410.94000244140625,412.4200134277344,763.0
2026-08-05 11:41:00,NVTS,,12.489999771118164,12.529999732971191,12.470000267028809,12.529999732971191,21693.0
2026-08-05 11:41:00,NWBI,,15.920000076293945,15.920000076293945,15.919899940490723,15.919899940490723,1896.0
2026-08-05 11:41:00,NWE,,68.45999908447266,68.47000122070312,68.45999908447266,68.47000122070312,734.0
2026-08-05 11:41:00,NWGL,,0.2793000042438507,0.2793000042438507,0.2793000042438507,0.2793000042438507,0.0
2026-08-05 11:41:00,NWL,,6.235000133514404,6.235000133514404,6.230000019073486,6.230000019073486,3481.0
2026-08-05 11:41:00,NWS,,32.2599983215332,32.2599983215332,32.2599983215332,32.2599983215332,3168.0
2026-08-05 11:41:00,NWSA,,28.229999542236328,28.2549991607666,28.209999084472656,28.209999084472656,11377.0
2026-08-05 11:41:00,NXPI,,230.52499389648438,230.77999877929688,230.38999938964844,230.77999877929688,7246.0
2026-08-05 11:41:00,NXT,,99.36000061035156,99.38999938964844,99.36000061035156,99.38999938964844,2015.0
2026-08-05 11:41:00,OABI,,2.075000047683716,2.075000047683716,2.059999942779541,2.059999942779541,13725.0
2026-08-05 11:41:00,OBIO,,4.215000152587891,4.215000152587891,4.215000152587891,4.215000152587891,349.0
2026-08-05 11:41:00,OBT,,38.66999816894531,38.66999816894531,38.66999816894531,38.66999816894531,834.0
2026-08-05 11:41:00,OCFC,,19.729999542236328,19.729999542236328,19.71500015258789,19.719999313354492,1467.0
2026-08-05 11:41:00,OCGN,,1.2949999570846558,1.2949999570846558,1.2949999570846558,1.2949999570846558,1699.0
2026-08-05 11:41:00,OCSL,,12.130000114440918,12.140000343322754,12.130000114440918,12.140000343322754,1673.0
2026-08-05 11:41:00,OCUL,,8.505000114440918,8.510000228881836,8.494999885559082,8.508999824523926,16303.0
2026-08-05 11:41:00,ODFL,,215.19000244140625,215.1999969482422,214.8699951171875,214.8800048828125,16249.0
2026-08-05 11:41:00,OKTA,,147.75999450683594,147.75999450683594,147.75999450683594,147.75999450683594,270.0
2026-08-05 11:41:00,OLLI,,78.41000366210938,78.41000366210938,78.3499984741211,78.3550033569336,2229.0
2026-08-05 11:41:00,OMH,,0.11259999871253967,0.11259999871253967,0.11240000277757645,0.11240000277757645,8725.0
2026-08-05 11:41:00,ON,,77.19000244140625,77.33000183105469,77.01000213623047,77.19000244140625,28922.0
2026-08-05 11:41:00,ONB,,26.979999542236328,26.989999771118164,26.979999542236328,26.979999542236328,12744.0
2026-08-05 11:41:00,ONDS,,8.75,8.78499984741211,8.739999771118164,8.779999732971191,193878.0
2026-08-05 11:41:00,ONFO,,0.07540000230073929,0.07540000230073929,0.07540000230073929,0.07540000230073929,12502.0
2026-08-05 11:41:00,OPCH,,23.360000610351562,23.360000610351562,23.360000610351562,23.360000610351562,811.0
2026-08-05 11:41:00,OPEN,,3.8550000190734863,3.8598999977111816,3.8450000286102295,3.8501999378204346,105196.0
2026-08-05 11:41:00,OPRA,,20.045000076293945,20.045000076293945,20.045000076293945,20.045000076293945,163.0
2026-08-05 11:41:00,OPXS,,11.970000267028809,11.970000267028809,11.949999809265137,11.949999809265137,1272.0
2026-08-05 11:41:00,ORGO,,2.3550000190734863,2.3550000190734863,2.3550000190734863,2.3550000190734863,543.0
2026-08-05 11:41:00,ORIC,,13.229999542236328,13.25,13.229999542236328,13.239999771118164,7459.0
2026-08-05 11:41:00,ORLY,,92.95999908447266,92.9800033569336,92.86000061035156,92.86000061035156,12039.0
2026-08-05 11:41:00,ORMP,,4.460000038146973,4.460000038146973,4.460000038146973,4.460000038146973,353.0
2026-08-05 11:41:00,OSBC,,25.729999542236328,25.729999542236328,25.729999542236328,25.729999542236328,724.0
2026-08-05 11:41:00,OSIS,,235.7899932861328,235.82000732421875,235.7899932861328,235.82000732421875,410.0
2026-08-05 11:41:00,OSS,,14.020000457763672,14.0600004196167,14.020000457763672,14.050000190734863,3385.0
2026-08-05 11:41:00,OTEX,,25.760000228881836,25.760000228881836,25.7450008392334,25.75,5675.0
2026-08-05 11:41:00,OTLY,,14.470000267028809,14.470000267028809,14.470000267028809,14.470000267028809,570.0
2026-08-05 11:41:00,OVID,,2.6449999809265137,2.6449999809265137,2.640000104904175,2.640000104904175,3099.0
2026-08-05 11:41:00,OXSQ,,1.4900000095367432,1.4900000095367432,1.4900000095367432,1.4900000095367432,613.0
2026-08-05 11:41:00,PAA,,23.184999465942383,23.184999465942383,23.179899215698242,23.18000030517578,7864.0
2026-08-05 11:41:00,PAAS,,48.43000030517578,48.470001220703125,48.380001068115234,48.470001220703125,4636.0
2026-08-05 11:41:00,PACB,,1.4249999523162842,1.4249999523162842,1.4249999523162842,1.4249999523162842,8221.0
2026-08-05 11:41:00,PAGP,,25.09000015258789,25.09000015258789,25.09000015258789,25.09000015258789,593.0
2026-08-05 11:41:00,PALI,,2.0899999141693115,2.0899999141693115,2.0899999141693115,2.0899999141693115,1197.0
2026-08-05 11:41:00,PANW,,363.67999267578125,363.67999267578125,363.4587097167969,363.5799865722656,4539.0
2026-08-05 11:41:00,PAX,,11.364999771118164,11.364999771118164,11.364999771118164,11.364999771118164,650.0
2026-08-05 11:41:00,PAYO,,7.130000114440918,7.130000114440918,7.119999885559082,7.130000114440918,2462.0
2026-08-05 11:41:00,PAYX,,116.51000213623047,116.55999755859375,116.48999786376953,116.48999786376953,8054.0
2026-08-05 11:41:00,PBYI,,8.029999732971191,8.04800033569336,8.024999618530273,8.04800033569336,1924.0
2026-08-05 11:41:00,PCAR,,133.72500610351562,133.75999450683594,133.63999938964844,133.7100067138672,4417.0
2026-08-05 11:41:00,PCRX,,25.184999465942383,25.184999465942383,25.184999465942383,25.184999465942383,1720.0
2026-08-05 11:41:00,PCSA,,2.1700000762939453,2.1700000762939453,2.1700000762939453,2.1700000762939453,156.0
2026-08-05 11:41:00,PCT,,6.914999961853027,6.925000190734863,6.914999961853027,6.925000190734863,2194.0
2026-08-05 11:41:00,PCTY,,144.35000610351562,144.35000610351562,144.35000610351562,144.35000610351562,161.0
2026-08-05 11:41:00,PDD,,91.30999755859375,91.37000274658203,91.29000091552734,91.33499908447266,13403.0
2026-08-05 11:41:00,PDFS,,50.560001373291016,50.560001373291016,50.560001373291016,50.560001373291016,1807.0
2026-08-05 11:41:00,PEGA,,31.530000686645508,31.530000686645508,31.530000686645508,31.530000686645508,598.0
2026-08-05 11:41:00,PENN,,19.860000610351562,19.864999771118164,19.860000610351562,19.860000610351562,3200.0
2026-08-05 11:41:00,PEP,,138.19000244140625,138.1999969482422,138.09280395507812,138.11500549316406,7602.0
2026-08-05 11:41:00,PERI,,9.579999923706055,9.579999923706055,9.579999923706055,9.579999923706055,656.0
2026-08-05 11:41:00,PETS,,1.9601000547409058,1.9601000547409058,1.9601000547409058,1.9601000547409058,624.0
2026-08-05 11:41:00,PFG,,113.97000122070312,113.97000122070312,113.93499755859375,113.93499755859375,739.0
2026-08-05 11:41:00,PGC,,46.619998931884766,46.619998931884766,46.58000183105469,46.59000015258789,403.0
2026-08-05 11:41:00,PGEN,,6.985000133514404,6.989999771118164,6.949999809265137,6.954999923706055,6412.0
2026-08-05 11:41:00,PGNY,,31.610000610351562,31.610000610351562,31.604999542236328,31.610000610351562,2079.0
2026-08-05 11:41:00,PGY,,21.709999084472656,21.709999084472656,21.700000762939453,21.700000762939453,4025.0
2026-08-05 11:41:00,PHAT,,8.479999542236328,8.479999542236328,8.479999542236328,8.479999542236328,1446.0
2026-08-05 11:41:00,PHVS,,32.967498779296875,32.967498779296875,32.967498779296875,32.967498779296875,111.0
2026-08-05 11:41:00,PIII,,10.100000381469727,10.100000381469727,10.100000381469727,10.100000381469727,132.0
2026-08-05 11:41:00,PKOH,,41.13999938964844,41.13999938964844,41.13999938964844,41.13999938964844,126.0
2026-08-05 11:41:00,PLAB,,32.220001220703125,32.220001220703125,32.220001220703125,32.220001220703125,755.0
2026-08-05 11:41:00,PLMR,,134.30999755859375,134.6999969482422,134.10000610351562,134.17999267578125,2208.0
2026-08-05 11:41:00,PLSE,,36.849998474121094,36.849998474121094,36.849998474121094,36.849998474121094,125.0
2026-08-05 11:41:00,PLTK,,4.014999866485596,4.014999866485596,4.014999866485596,4.014999866485596,1045.0
2026-08-05 11:41:00,PLUG,,2.0950000286102295,2.1050000190734863,2.0899999141693115,2.1050000190734863,119462.0
2026-08-05 11:41:00,PMCB,,0.6003999710083008,0.6003999710083008,0.6003999710083008,0.6003999710083008,375.0
2026-08-05 11:41:00,PNTG,,38.790000915527344,38.790000915527344,38.790000915527344,38.790000915527344,320.0
2026-08-05 11:41:00,POET,,8.270000457763672,8.300000190734863,8.255000114440918,8.300000190734863,12859.0
2026-08-05 11:41:00,POWI,,62.20000076293945,62.20000076293945,62.13999938964844,62.13999938964844,1146.0
2026-08-05 11:41:00,POWL,,213.94000244140625,214.42999267578125,213.77999877929688,214.42999267578125,1301.0
2026-08-05 11:41:00,PPC,,26.626100540161133,26.639999389648438,26.614999771118164,26.6299991607666,4913.0
2026-08-05 11:41:00,PPSI,,3.0,3.0,3.0,3.0,0.0
2026-08-05 11:41:00,PPTA,,22.575000762939453,22.600000381469727,22.575000762939453,22.600000381469727,1072.0
2026-08-05 11:41:00,PRAX,,310.8974914550781,310.8974914550781,310.8974914550781,310.8974914550781,141.0
2026-08-05 11:41:00,PRCH,,15.970000267028809,15.970000267028809,15.960000038146973,15.960000038146973,2642.0
2026-08-05 11:41:00,PRCT,,19.040000915527344,19.059999465942383,19.010000228881836,19.010000228881836,24754.0
2026-08-05 11:41:00,PRDO,,32.90999984741211,32.939998626708984,32.90999984741211,32.90999984741211,4446.0
2026-08-05 11:41:00,PRIM,,85.76000213623047,85.95999908447266,85.70999908447266,85.88999938964844,1491.0
2026-08-05 11:41:00,PRLD,,4.519999980926514,4.53000020980835,4.519999980926514,4.53000020980835,1338.0
2026-08-05 11:41:00,PRME,,2.9749999046325684,2.9800000190734863,2.9700000286102295,2.9700000286102295,2665.0
2026-08-05 11:41:00,PROF,,8.039999961853027,8.100000381469727,8.039999961853027,8.100000381469727,722.0
2026-08-05 11:41:00,PRQR,,1.9049999713897705,1.9049999713897705,1.9049999713897705,1.9049999713897705,230.0
2026-08-05 11:41:00,PSEC,,2.174999952316284,2.180000066757202,2.174999952316284,2.180000066757202,10297.0
2026-08-05 11:41:00,PSNL,,13.625,13.630000114440918,13.625,13.630000114440918,586.0
2026-08-05 11:41:00,PTC,,139.76499938964844,139.76499938964844,139.66000366210938,139.66000366210938,921.0
2026-08-05 11:41:00,PTEN,,9.739999771118164,9.744999885559082,9.734999656677246,9.734999656677246,6554.0
2026-08-05 11:41:00,PTON,,6.5,6.5,6.5,6.5,3499.0
2026-08-05 11:41:00,PUBM,,13.539999961853027,13.539999961853027,13.539999961853027,13.539999961853027,1103.0
2026-08-05 11:41:00,PWP,,17.40999984741211,17.40999984741211,17.389999389648438,17.389999389648438,974.0
2026-08-05 11:41:00,PYPD,,4.489999771118164,4.489999771118164,4.489999771118164,4.489999771118164,574.0
2026-08-05 11:41:00,PYPL,,58.29999923706055,58.310001373291016,58.25,58.25,19364.0
2026-08-05 11:41:00,PZZA,,30.28499984741211,30.389999389648438,30.282499313354492,30.389999389648438,15961.0
2026-08-05 11:41:00,QCOM,,157.91839599609375,158.08999633789062,157.8249969482422,158.05999755859375,19752.0
2026-08-05 11:41:00,QFIN,,13.319999694824219,13.319999694824219,13.319999694824219,13.319999694824219,2750.0
2026-08-05 11:41:00,QRVO,,94.76000213623047,94.76499938964844,94.69499969482422,94.76499938964844,981.0
2026-08-05 11:41:00,SEED,,1.0099999904632568,1.0297000408172607,1.0099999904632568,1.0297000408172607,2927.0
2026-08-05 11:42:00,ACDC,,4.375,4.375,4.375,4.375,415.0
2026-08-05 11:42:00,EYE,,23.190000534057617,23.190000534057617,23.165000915527344,23.165000915527344,1855.0
2026-08-05 11:42:00,FIZZ,,31.954999923706055,31.954999923706055,31.954999923706055,31.954999923706055,673.0
2026-08-05 11:42:00,GLUE,,15.899999618530273,15.904999732971191,15.859999656677246,15.899999618530273,4559.0
2026-08-05 11:42:00,KIDS,,21.010000228881836,21.1299991607666,21.010000228881836,21.1299991607666,314.0
2026-08-05 11:42:00,MBRX,,0.424699991941452,0.4269999861717224,0.42250001430511475,0.42250001430511475,902.0
2026-08-05 11:42:00,MDB,,378.2300109863281,378.2300109863281,378.0799865722656,378.0799865722656,570.0
2026-08-05 11:42:00,MDLZ,,62.02000045776367,62.029998779296875,62.005001068115234,62.02000045776367,6752.0
2026-08-05 11:42:00,MLTX,,17.59000015258789,17.600000381469727,17.59000015258789,17.600000381469727,1886.0
2026-08-05 11:42:00,MNRO,,13.130000114440918,13.130000114440918,13.119999885559082,13.119999885559082,2172.0
2026-08-05 11:42:00,MNST,,94.44999694824219,94.44999694824219,94.42500305175781,94.44000244140625,4783.0
2026-08-05 11:42:00,MORN,,198.02999877929688,198.03500366210938,198.02999877929688,198.03500366210938,240.0
2026-08-05 11:42:00,MPWR,,1328.3299560546875,1328.4150390625,1326.47998046875,1328.4150390625,684.0
2026-08-05 11:42:00,MRNA,,57.169898986816406,57.169898986816406,57.0099983215332,57.08000183105469,10093.0
2026-08-05 11:42:00,MYGN,,3.2149999141693115,3.2200000286102295,3.2149999141693115,3.2200000286102295,1235.0
2026-08-05 11:42:00,NAUT,,0.960099995136261,0.960099995136261,0.960099995136261,0.960099995136261,2784.0
2026-08-05 11:42:00,NAVI,,9.119999885559082,9.119999885559082,9.109999656677246,9.114999771118164,5473.0
2026-08-05 11:42:00,NB,,5.070000171661377,5.070000171661377,5.070000171661377,5.070000171661377,4817.0
2026-08-05 11:42:00,NBIX,,163.94000244140625,163.9499969482422,163.9199981689453,163.9199981689453,1425.0
2026-08-05 11:42:00,NCMI,,4.105000019073486,4.105000019073486,4.105000019073486,4.105000019073486,105.0
2026-08-05 11:42:00,NCPL,,0.41200000047683716,0.41200000047683716,0.41200000047683716,0.41200000047683716,101.0
2026-08-05 11:42:00,NDAQ,,94.37000274658203,94.37000274658203,94.2699966430664,94.2699966430664,11459.0
2026-08-05 11:42:00,NDSN,,311.010009765625,311.010009765625,311.010009765625,311.010009765625,182.0
2026-08-05 11:42:00,NEGG,,16.809999465942383,16.809999465942383,16.770000457763672,16.770000457763672,867.0
2026-08-05 11:42:00,NEO,,16.139999389648438,16.139999389648438,16.1299991607666,16.139999389648438,1978.0
2026-08-05 11:42:00,NEOG,,11.585000038146973,11.600000381469727,11.569999694824219,11.569999694824219,9121.0
2026-08-05 11:42:00,NEOV,,2.819999933242798,2.819999933242798,2.819999933242798,2.819999933242798,3050.0
2026-08-05 11:42:00,NESR,,28.559999465942383,28.559999465942383,28.549999237060547,28.549999237060547,1093.0
2026-08-05 11:42:00,NEXT,,6.40500020980835,6.409999847412109,6.40500020980835,6.409900188446045,2880.0
2026-08-05 11:42:00,NFE,,0.33709999918937683,0.33709999918937683,0.33709999918937683,0.33709999918937683,256.0
2026-08-05 11:42:00,NFLX,,73.84500122070312,73.87999725341797,73.77999877929688,73.79499816894531,47537.0
2026-08-05 11:42:00,NICE,,96.875,96.93000030517578,96.77999877929688,96.93000030517578,3129.0
2026-08-05 11:42:00,NKTX,,2.184999942779541,2.184999942779541,2.184999942779541,2.184999942779541,312.0
2026-08-05 11:42:00,NMRK,,15.59000015258789,15.600000381469727,15.59000015258789,15.600000381469727,2676.0
2026-08-05 11:42:00,NN,,14.28499984741211,14.289999961853027,14.270000457763672,14.270000457763672,4305.0
2026-08-05 11:42:00,NNBR,,3.805000066757202,3.805000066757202,3.805000066757202,3.805000066757202,479.0
2026-08-05 11:42:00,NNDM,,1.5449999570846558,1.5449999570846558,1.5399999618530273,1.5449999570846558,1208.0
2026-08-05 11:42:00,NOVT,,156.7899932861328,156.7899932861328,156.7899932861328,156.7899932861328,767.0
2026-08-05 11:42:00,NRIM,,26.940000534057617,26.940000534057617,26.940000534057617,26.940000534057617,210.0
2026-08-05 11:42:00,NRIX,,24.670000076293945,24.670000076293945,24.670000076293945,24.670000076293945,1073.0
2026-08-05 11:42:00,NTAP,,188.97500610351562,189.51499938964844,188.86000061035156,189.50999450683594,15815.0
2026-08-05 11:42:00,NTCT,,42.0,42.005001068115234,42.0,42.005001068115234,479.0
2026-08-05 11:42:00,NTES,,127.76000213623047,127.76000213623047,127.76000213623047,127.76000213623047,1792.0
2026-08-05 11:42:00,NTNX,,60.41999816894531,60.41999816894531,60.380001068115234,60.380001068115234,2535.0
2026-08-05 11:42:00,NTRA,,277.3800048828125,277.3800048828125,277.3800048828125,277.3800048828125,1034.0
2026-08-05 11:42:00,NTRS,,183.6999969482422,183.6999969482422,183.68499755859375,183.68499755859375,883.0
2026-08-05 11:42:00,NUWE,,1.715000033378601,1.715000033378601,1.715000033378601,1.715000033378601,399.0
2026-08-05 11:42:00,NVAX,,7.684999942779541,7.684999942779541,7.670000076293945,7.675000190734863,5191.0
2026-08-05 11:42:00,NVCT,,20.270000457763672,20.270000457763672,20.270000457763672,20.270000457763672,497.0
2026-08-05 11:42:00,NVDA,,220.0399932861328,220.10989379882812,219.9001007080078,220.05499267578125,134763.0
2026-08-05 11:42:00,NVMI,,411.1600036621094,411.5,411.1600036621094,411.5,245.0
2026-08-05 11:42:00,NVTS,,12.475000381469727,12.484999656677246,12.470000267028809,12.480199813842773,12074.0
2026-08-05 11:42:00,NWL,,6.231100082397461,6.235000133514404,6.230000019073486,6.235000133514404,9236.0
2026-08-05 11:42:00,NWS,,32.290000915527344,32.290000915527344,32.290000915527344,32.290000915527344,318.0
2026-08-05 11:42:00,NWSA,,28.2450008392334,28.2450008392334,28.229999542236328,28.229999542236328,4213.0
2026-08-05 11:42:00,NXPI,,231.0500030517578,231.1199951171875,230.5,230.52999877929688,41703.0
2026-08-05 11:42:00,NXT,,99.19999694824219,99.27999877929688,99.19999694824219,99.27999877929688,2498.0
2026-08-05 11:42:00,OABI,,2.0899999141693115,2.0899999141693115,2.075000047683716,2.075000047683716,11904.0
2026-08-05 11:42:00,OBIO,,4.210000038146973,4.215000152587891,4.210000038146973,4.215000152587891,8618.0
2026-08-05 11:42:00,OCCI,,2.4700000286102295,2.4700000286102295,2.4700000286102295,2.4700000286102295,288.0
2026-08-05 11:42:00,OCFC,,19.725000381469727,19.739999771118164,19.725000381469727,19.739999771118164,2749.0
2026-08-05 11:42:00,OCGN,,1.2899999618530273,1.2899999618530273,1.2899999618530273,1.2899999618530273,520.0
2026-08-05 11:42:00,OCUL,,8.5,8.505000114440918,8.5,8.505000114440918,3573.0
2026-08-05 11:42:00,ODFL,,214.86500549316406,215.00999450683594,214.86500549316406,215.00999450683594,1612.0
2026-08-05 11:42:00,OFIX,,10.755000114440918,10.755000114440918,10.755000114440918,10.755000114440918,689.0
2026-08-05 11:42:00,OGI,,0.9510999917984009,0.9544000029563904,0.9510999917984009,0.9544000029563904,3508.0
2026-08-05 11:42:00,OKTA,,147.94000244140625,147.94000244140625,147.84500122070312,147.86500549316406,1868.0
2026-08-05 11:42:00,OLB,,0.31279999017715454,0.31279999017715454,0.31279999017715454,0.31279999017715454,302.0
2026-08-05 11:42:00,OLLI,,78.45999908447266,78.45999908447266,78.45999908447266,78.45999908447266,1072.0
2026-08-05 11:42:00,OMCL,,37.279998779296875,37.279998779296875,37.279998779296875,37.279998779296875,1275.0
2026-08-05 11:42:00,OMER,,12.720000267028809,12.720000267028809,12.70199966430664,12.70199966430664,1000.0
2026-08-05 11:42:00,OMH,,0.11299999803304672,0.11379999667406082,0.11299999803304672,0.11379999667406082,6816.0
2026-08-05 11:42:00,ON,,77.28500366210938,77.29000091552734,77.13500213623047,77.18000030517578,31922.0
2026-08-05 11:42:00,ONB,,26.975000381469727,26.979999542236328,26.967199325561523,26.975000381469727,10375.0
2026-08-05 11:42:00,ONBPP,,24.815000534057617,24.815000534057617,24.815000534057617,24.815000534057617,0.0
2026-08-05 11:42:00,ONCY,,0.7914000153541565,0.7921000123023987,0.7900000214576721,0.7921000123023987,10215.0
2026-08-05 11:42:00,ONDS,,8.744999885559082,8.75,8.741800308227539,8.75,82262.0
2026-08-05 11:42:00,ONEW,,12.609999656677246,12.609999656677246,12.609999656677246,12.609999656677246,344.0
2026-08-05 11:42:00,ONFO,,0.07609999924898148,0.07609999924898148,0.07540000230073929,0.07540000230073929,203373.0
2026-08-05 11:42:00,OPCH,,23.31999969482422,23.3799991607666,23.31999969482422,23.350000381469727,30698.0
2026-08-05 11:42:00,OPEN,,3.850100040435791,3.8598999977111816,3.8499999046325684,3.8499999046325684,66651.0
2026-08-05 11:42:00,OPHC,,8.510000228881836,8.510000228881836,8.510000228881836,8.510000228881836,330.0
2026-08-05 11:42:00,OPK,,1.309999942779541,1.3100999593734741,1.309999942779541,1.309999942779541,1324.0
2026-08-05 11:42:00,OPRA,,20.049999237060547,20.049999237060547,20.049999237060547,20.049999237060547,461.0
2026-08-05 11:42:00,OPXS,,11.970000267028809,11.970000267028809,11.970000267028809,11.970000267028809,2240.0
2026-08-05 11:42:00,ORGO,,2.3450000286102295,2.3499999046325684,2.3450000286102295,2.3499999046325684,2879.0
2026-08-05 11:42:00,ORIC,,13.239999771118164,13.239999771118164,13.229999542236328,13.229999542236328,1795.0
2026-08-05 11:42:00,ORLY,,92.96499633789062,93.0,92.9000015258789,92.93499755859375,3699.0
2026-08-05 11:42:00,ORMP,,4.465000152587891,4.465000152587891,4.465000152587891,4.465000152587891,665.0
2026-08-05 11:42:00,OSBC,,25.719999313354492,25.719999313354492,25.719999313354492,25.719999313354492,1146.0
2026-08-05 11:42:00,OSIS,,235.55999755859375,235.55999755859375,235.55999755859375,235.55999755859375,313.0
2026-08-05 11:42:00,OTEX,,25.760000228881836,25.760000228881836,25.7450008392334,25.75,2188.0
2026-08-05 11:42:00,OTLK,,1.0149999856948853,1.0190000534057617,1.0149999856948853,1.0190000534057617,1032.0
2026-08-05 11:42:00,PAA,,23.18000030517578,23.190000534057617,23.18000030517578,23.184999465942383,10973.0
2026-08-05 11:42:00,PAAS,,48.41999816894531,48.43000030517578,48.415000915527344,48.43000030517578,5275.0
2026-08-05 11:42:00,PACB,,1.4249999523162842,1.4249999523162842,1.4199999570846558,1.4249999523162842,35276.0
2026-08-05 11:42:00,PAGP,,25.09000015258789,25.09000015258789,25.09000015258789,25.09000015258789,840.0
2026-08-05 11:42:00,PALI,,2.0999999046325684,2.0999999046325684,2.0999999046325684,2.0999999046325684,2789.0
2026-08-05 11:42:00,PANW,,364.0199890136719,364.114990234375,363.4901123046875,363.80499267578125,6581.0
2026-08-05 11:42:00,PATK,,87.73999786376953,87.73999786376953,87.73999786376953,87.73999786376953,183.0
2026-08-05 11:42:00,PAYO,,7.130000114440918,7.130000114440918,7.125,7.125,15782.0
2026-08-05 11:42:00,PAYX,,116.4800033569336,116.5250015258789,116.44000244140625,116.48999786376953,4065.0
2026-08-05 11:42:00,PBYI,,8.020000457763672,8.020000457763672,8.020000457763672,8.020000457763672,401.0
2026-08-05 11:42:00,PCAR,,133.64999389648438,133.6999969482422,133.6300048828125,133.66000366210938,6530.0
2026-08-05 11:42:00,PCT,,6.900000095367432,6.909999847412109,6.894999980926514,6.909999847412109,9014.0
2026-08-05 11:42:00,PCTY,,144.11000061035156,144.35499572753906,144.11000061035156,144.33999633789062,1123.0
2026-08-05 11:42:00,PDD,,91.31999969482422,91.3499984741211,91.31999969482422,91.32499694824219,5838.0
2026-08-05 11:42:00,PEBO,,41.560001373291016,41.560001373291016,41.560001373291016,41.560001373291016,1162.0
2026-08-05 11:42:00,PECO,,41.380001068115234,41.380001068115234,41.33000183105469,41.349998474121094,9733.0
2026-08-05 11:42:00,PEGA,,31.600000381469727,31.600000381469727,31.530000686645508,31.530000686645508,6822.0
2026-08-05 11:42:00,PENN,,19.875,19.875,19.860000610351562,19.860000610351562,2517.0
2026-08-05 11:42:00,PEP,,138.18499755859375,138.23500061035156,138.1750030517578,138.19000244140625,8747.0
2026-08-05 11:42:00,PFG,,114.01000213623047,114.01000213623047,113.9749984741211,113.9749984741211,1532.0
2026-08-05 11:42:00,PFXNZ,,23.799999237060547,23.799999237060547,23.799999237060547,23.799999237060547,0.0
2026-08-05 11:42:00,PGC,,46.59000015258789,46.60499954223633,46.56999969482422,46.60499954223633,4150.0
2026-08-05 11:42:00,PGEN,,6.994999885559082,6.994999885559082,6.980000019073486,6.985000133514404,6525.0
2026-08-05 11:42:00,PGNY,,31.610000610351562,31.614999771118164,31.610000610351562,31.614999771118164,1153.0
2026-08-05 11:42:00,PGY,,21.70009994506836,21.719999313354492,21.70009994506836,21.719999313354492,4180.0
2026-08-05 11:42:00,PLAB,,32.189998626708984,32.20000076293945,32.189998626708984,32.20000076293945,973.0
2026-08-05 11:42:00,PLBY,,1.1549999713897705,1.1549999713897705,1.149999976158142,1.149999976158142,1910.0
2026-08-05 11:42:00,PLMR,,134.5449981689453,134.5449981689453,134.5449981689453,134.5449981689453,466.0
2026-08-05 11:42:00,PLSE,,36.7400016784668,36.7400016784668,36.7400016784668,36.7400016784668,237.0
2026-08-05 11:42:00,PLUG,,2.0950000286102295,2.0999999046325684,2.0899999141693115,2.0950000286102295,21164.0
2026-08-05 11:42:00,PMCB,,0.6003999710083008,0.6003999710083008,0.6003999710083008,0.6003999710083008,2226.0
2026-08-05 11:42:00,PMEC,,0.41530001163482666,0.41530001163482666,0.41530001163482666,0.41530001163482666,200.0
2026-08-05 11:42:00,PMN,,13.100000381469727,13.100000381469727,13.100000381469727,13.100000381469727,297.0
2026-08-05 11:42:00,POET,,8.26990032196045,8.279500007629395,8.26990032196045,8.279500007629395,13162.0
2026-08-05 11:42:00,POWL,,214.0800018310547,214.0800018310547,214.02999877929688,214.02999877929688,1181.0
2026-08-05 11:42:00,PPSI,,2.9800000190734863,2.9800000190734863,2.9800000190734863,2.9800000190734863,1209.0
2026-08-05 11:42:00,PPTA,,22.6299991607666,22.6299991607666,22.599899291992188,22.600000381469727,9421.0
2026-08-05 11:42:00,PRAX,,311.5400085449219,311.5400085449219,310.9150085449219,310.9150085449219,740.0
2026-08-05 11:42:00,PRCH,,15.979999542236328,15.979999542236328,15.979999542236328,15.979999542236328,852.0
2026-08-05 11:42:00,PRCT,,19.020000457763672,19.049999237060547,18.969999313354492,19.03499984741211,14768.0
2026-08-05 11:42:00,PRIM,,85.20999908447266,85.63999938964844,85.06500244140625,85.61000061035156,3171.0
2026-08-05 11:42:00,PRME,,2.9749999046325684,2.9749999046325684,2.9749999046325684,2.9749999046325684,824.0
2026-08-05 11:42:00,PROK,,1.6349999904632568,1.6349999904632568,1.6299999952316284,1.6299999952316284,2493.0
2026-08-05 11:42:00,PRQR,,1.899999976158142,1.899999976158142,1.899999976158142,1.899999976158142,920.0
2026-08-05 11:42:00,PRTA,,8.539999961853027,8.539999961853027,8.539999961853027,8.539999961853027,525.0
2026-08-05 11:42:00,PRVA,,24.110000610351562,24.110000610351562,24.110000610351562,24.110000610351562,940.0
2026-08-05 11:42:00,PSEC,,2.184999942779541,2.190000057220459,2.174999952316284,2.174999952316284,29137.0
2026-08-05 11:42:00,PSNL,,13.625,13.625,13.625,13.625,645.0
2026-08-05 11:42:00,PTC,,139.76499938964844,139.77999877929688,139.76499938964844,139.76499938964844,856.0
2026-08-05 11:42:00,PTCT,,69.1500015258789,69.16000366210938,69.10250091552734,69.10250091552734,1761.0
2026-08-05 11:42:00,PTEN,,9.734999656677246,9.739999771118164,9.73009967803955,9.734999656677246,3501.0
2026-08-05 11:42:00,PTGX,,136.9600067138672,136.9600067138672,136.9600067138672,136.9600067138672,469.0
2026-08-05 11:42:00,PTLO,,4.585000038146973,4.590000152587891,4.585000038146973,4.590000152587891,969.0
2026-08-05 11:42:00,PTON,,6.5,6.505000114440918,6.5,6.505000114440918,9088.0
2026-08-05 11:42:00,PUBM,,13.539999961853027,13.539999961853027,13.539999961853027,13.539999961853027,1933.0
2026-08-05 11:42:00,PWP,,17.389999389648438,17.389999389648438,17.389999389648438,17.389999389648438,176.0
2026-08-05 11:42:00,PYPL,,58.369998931884766,58.369998931884766,58.29999923706055,58.30500030517578,10984.0
2026-08-05 11:42:00,PZZA,,30.309999465942383,30.309999465942383,30.280000686645508,30.28499984741211,2229.0
2026-08-05 11:42:00,QCOM,,157.85000610351562,157.9499969482422,157.83999633789062,157.9199981689453,17034.0
2026-08-05 11:42:00,QCRH,,104.93000030517578,104.93000030517578,104.87999725341797,104.87999725341797,1094.0
2026-08-05 11:42:00,QFIN,,13.319999694824219,13.319999694824219,13.319999694824219,13.319999694824219,200.0
2026-08-05 11:42:00,QRVO,,94.77999877929688,94.77999877929688,94.70500183105469,94.70500183105469,2755.0
2026-08-05 11:42:00,SEED,,1.0149999856948853,1.0149999856948853,1.000100016593933,1.000100016593933,2571.0
2026-08-05 11:42:00,STIM,,2.2799999713897705,2.2799999713897705,2.2750000953674316,2.2797000408172607,7654.0
2026-08-05 11:42:00,TARA,,4.03000020980835,4.03000020980835,4.03000020980835,4.03000020980835,1526.0
2026-08-05 11:42:00,WOOF,,2.924999952316284,2.924999952316284,2.924999952316284,2.924999952316284,1726.0
2026-08-05 11:43:00,ACDC,,4.364999771118164,4.377500057220459,4.364999771118164,4.377500057220459,6230.0
2026-08-05 11:43:00,CNXN,,84.57499694824219,84.57499694824219,84.57499694824219,84.57499694824219,328.0
2026-08-05 11:43:00,EYE,,23.19499969482422,23.19499969482422,23.19499969482422,23.19499969482422,970.0
2026-08-05 11:43:00,GLUE,,15.880000114440918,15.890000343322754,15.880000114440918,15.880000114440918,1524.0
2026-08-05 11:43:00,KIDS,,21.06999969482422,21.06999969482422,21.06999969482422,21.06999969482422,348.0
2026-08-05 11:43:00,MBRX,,0.4268999993801117,0.4268999993801117,0.42239999771118164,0.424699991941452,8064.0
2026-08-05 11:43:00,MDB,,377.9949951171875,378.1300048828125,377.9949951171875,378.1300048828125,635.0
2026-08-05 11:43:00,MDLZ,,62.06909942626953,62.06909942626953,62.029998779296875,62.029998779296875,4951.0
2026-08-05 11:43:00,MNST,,94.45999908447266,94.47000122070312,94.4374008178711,94.47000122070312,3487.0
2026-08-05 11:43:00,MNTS,,4.360000133514404,4.360000133514404,4.360000133514404,4.360000133514404,1216.0
2026-08-05 11:43:00,MORN,,197.9550018310547,198.02499389648438,197.72999572753906,198.02499389648438,2289.0
2026-08-05 11:43:00,MPAA,,13.890000343322754,13.890000343322754,13.890000343322754,13.890000343322754,201.0
2026-08-05 11:43:00,MPWR,,1326.6700439453125,1327.27001953125,1325.02001953125,1325.02001953125,123.0
2026-08-05 11:43:00,MRNA,,57.060001373291016,57.099998474121094,57.0,57.099998474121094,4300.0
2026-08-05 11:43:00,MYGN,,3.259999990463257,3.259999990463257,3.2200000286102295,3.2200000286102295,20822.0
2026-08-05 11:43:00,NAMS,,26.579999923706055,26.584999084472656,26.579999923706055,26.584999084472656,876.0
2026-08-05 11:43:00,NB,,5.085000038146973,5.085000038146973,5.065000057220459,5.065000057220459,12870.0
2026-08-05 11:43:00,NBIX,,163.9149932861328,163.94000244140625,163.9149932861328,163.94000244140625,1332.0
2026-08-05 11:43:00,NBN,,134.22000122070312,134.22000122070312,133.81500244140625,133.81500244140625,1453.0
2026-08-05 11:43:00,NCMI,,4.105000019073486,4.105000019073486,4.105000019073486,4.105000019073486,106.0
2026-08-05 11:43:00,NEO,,16.139999389648438,16.139999389648438,16.139999389648438,16.139999389648438,1024.0
2026-08-05 11:43:00,NEOG,,11.600000381469727,11.600000381469727,11.595000267028809,11.595000267028809,3536.0
2026-08-05 11:43:00,NEOV,,2.815000057220459,2.815000057220459,2.815000057220459,2.815000057220459,1503.0
2026-08-05 11:43:00,NESR,,28.53499984741211,28.53499984741211,28.53499984741211,28.53499984741211,978.0
2026-08-05 11:43:00,NFLX,,73.83000183105469,73.84500122070312,73.79000091552734,73.84500122070312,29855.0
2026-08-05 11:43:00,NGNE,,34.95000076293945,34.95000076293945,34.95000076293945,34.95000076293945,266.0
2026-08-05 11:43:00,NICE,,96.94000244140625,96.94000244140625,96.77999877929688,96.77999877929688,1069.0
2026-08-05 11:43:00,NKTX,,2.188499927520752,2.188499927520752,2.188499927520752,2.188499927520752,1015.0
2026-08-05 11:43:00,NMFC,,7.329999923706055,7.329999923706055,7.329999923706055,7.329999923706055,367.0
2026-08-05 11:43:00,NMIH,,44.45000076293945,44.45000076293945,44.43000030517578,44.45000076293945,782.0
2026-08-05 11:43:00,NMRA,,1.6150000095367432,1.6150000095367432,1.6150000095367432,1.6150000095367432,253.0
2026-08-05 11:43:00,NMRK,,15.59000015258789,15.59000015258789,15.59000015258789,15.59000015258789,1764.0
2026-08-05 11:43:00,NN,,14.210000038146973,14.28499984741211,14.210000038146973,14.28499984741211,17532.0
2026-08-05 11:43:00,NNDM,,1.5449999570846558,1.5449999570846558,1.5399999618530273,1.5449999570846558,2761.0
2026-08-05 11:43:00,NRC,,19.6200008392334,19.6200008392334,19.6200008392334,19.6200008392334,519.0
2026-08-05 11:43:00,NRDS,,9.15999984741211,9.15999984741211,9.154999732971191,9.154999732971191,874.0
2026-08-05 11:43:00,NRIM,,26.924999237060547,26.924999237060547,26.899999618530273,26.899999618530273,501.0
2026-08-05 11:43:00,NRIX,,24.639999389648438,24.639999389648438,24.639999389648438,24.639999389648438,808.0
2026-08-05 11:43:00,NRXP,,3.0399999618530273,3.0399999618530273,3.0399999618530273,3.0399999618530273,393.0
2026-08-05 11:43:00,NTCT,,41.849998474121094,41.970001220703125,41.849998474121094,41.959999084472656,3318.0
2026-08-05 11:43:00,NTGR,,24.469999313354492,24.469999313354492,24.420000076293945,24.420000076293945,1540.0
2026-08-05 11:43:00,NTNX,,60.375,60.41999816894531,60.375,60.41999816894531,3212.0
2026-08-05 11:43:00,NTRS,,183.50999450683594,183.50999450683594,183.50999450683594,183.50999450683594,546.0
2026-08-05 11:43:00,NVAX,,7.664999961853027,7.679999828338623,7.664999961853027,7.679999828338623,4790.0
2026-08-05 11:43:00,NVCT,,20.18000030517578,20.190000534057617,20.18000030517578,20.190000534057617,1304.0
2026-08-05 11:43:00,NVDA,,220.02999877929688,220.05999755859375,219.92999267578125,220.03500366210938,140324.0
2026-08-05 11:43:00,NVMI,,411.1650085449219,411.1650085449219,411.1600036621094,411.1600036621094,429.0
2026-08-05 11:43:00,NVTS,,12.479999542236328,12.479999542236328,12.460000038146973,12.470000267028809,19042.0
2026-08-05 11:43:00,NWBI,,15.919699668884277,15.919699668884277,15.90999984741211,15.914999961853027,6749.0
2026-08-05 11:43:00,NWE,,68.49500274658203,68.5,68.45999908447266,68.45999908447266,770.0
2026-08-05 11:43:00,NWL,,6.236000061035156,6.236000061035156,6.230000019073486,6.230000019073486,12259.0
2026-08-05 11:43:00,NWS,,32.29999923706055,32.29999923706055,32.29999923706055,32.29999923706055,1613.0
2026-08-05 11:43:00,NWSA,,28.2450008392334,28.25,28.2450008392334,28.25,3534.0
2026-08-05 11:43:00,NXPI,,231.27000427246094,231.27000427246094,230.99000549316406,231.1199951171875,6896.0
2026-08-05 11:43:00,NXT,,99.14009857177734,99.26000213623047,99.14009857177734,99.26000213623047,1450.0
2026-08-05 11:43:00,OABI,,2.0850000381469727,2.0850000381469727,2.0850000381469727,2.0850000381469727,2042.0
2026-08-05 11:43:00,OBIO,,4.215000152587891,4.215000152587891,4.215000152587891,4.215000152587891,761.0
2026-08-05 11:43:00,OCC,,15.864999771118164,15.864999771118164,15.864999771118164,15.864999771118164,185.0
2026-08-05 11:43:00,OCFC,,19.725000381469727,19.725000381469727,19.725000381469727,19.725000381469727,775.0
2026-08-05 11:43:00,OCGN,,1.2899999618530273,1.2949999570846558,1.2899999618530273,1.2949999570846558,7699.0
2026-08-05 11:43:00,OCSL,,12.130999565124512,12.130999565124512,12.130000114440918,12.130000114440918,890.0
2026-08-05 11:43:00,OCUL,,8.505000114440918,8.505000114440918,8.505000114440918,8.505000114440918,1204.0
2026-08-05 11:43:00,ODFL,,215.00250244140625,215.1699981689453,214.92999267578125,214.92999267578125,18032.0
2026-08-05 11:43:00,OESX,,15.125,15.125,15.050000190734863,15.050000190734863,699.0
2026-08-05 11:43:00,OKTA,,147.86000061035156,148.0050048828125,147.86000061035156,147.99000549316406,12383.0
2026-08-05 11:43:00,OMER,,12.779999732971191,12.779999732971191,12.699999809265137,12.710000038146973,13331.0
2026-08-05 11:43:00,OMH,,0.11289999634027481,0.11299999803304672,0.11289999634027481,0.11299999803304672,7028.0
2026-08-05 11:43:00,ON,,77.30999755859375,77.33000183105469,77.23500061035156,77.30010223388672,20714.0
2026-08-05 11:43:00,ONB,,26.9950008392334,26.9950008392334,26.969999313354492,26.975000381469727,14582.0
2026-08-05 11:43:00,ONDS,,8.739999771118164,8.75,8.729999542236328,8.744999885559082,163674.0
2026-08-05 11:43:00,ONEW,,12.680000305175781,12.680000305175781,12.619999885559082,12.619999885559082,543.0
2026-08-05 11:43:00,ONFO,,0.07620000094175339,0.0763000026345253,0.07609999924898148,0.07609999924898148,15941.0
2026-08-05 11:43:00,OPCH,,23.3700008392334,23.3700008392334,23.309999465942383,23.309999465942383,7153.0
2026-08-05 11:43:00,OPEN,,3.8499999046325684,3.859999895095825,3.8399999141693115,3.8503000736236572,99418.0
2026-08-05 11:43:00,OPK,,1.3177000284194946,1.3177000284194946,1.3177000284194946,1.3177000284194946,659.0
2026-08-05 11:43:00,OPRX,,6.730000019073486,6.730000019073486,6.730000019073486,6.730000019073486,580.0
2026-08-05 11:43:00,ORGO,,2.348599910736084,2.348599910736084,2.3450000286102295,2.3450000286102295,710.0
2026-08-05 11:43:00,ORIC,,13.210000038146973,13.239999771118164,13.210000038146973,13.239999771118164,3757.0
2026-08-05 11:43:00,ORLY,,92.94999694824219,92.9749984741211,92.94499969482422,92.9749984741211,3464.0
2026-08-05 11:43:00,ORMP,,4.46750020980835,4.46750020980835,4.46750020980835,4.46750020980835,184.0
2026-08-05 11:43:00,OSPN,,16.424999237060547,16.43000030517578,16.420000076293945,16.420000076293945,762.0
2026-08-05 11:43:00,OSS,,13.949999809265137,13.949999809265137,13.940899848937988,13.940899848937988,3372.0
2026-08-05 11:43:00,OSW,,26.709999084472656,26.709999084472656,26.709999084472656,26.709999084472656,418.0
2026-08-05 11:43:00,OTEX,,25.74340057373047,25.760000228881836,25.739999771118164,25.760000228881836,3527.0
2026-08-05 11:43:00,OTLK,,1.017199993133545,1.0199999809265137,1.017199993133545,1.0199999809265137,2465.0
2026-08-05 11:43:00,OVID,,2.6410000324249268,2.6410000324249268,2.6410000324249268,2.6410000324249268,1957.0
2026-08-05 11:43:00,OXLC,,9.119999885559082,9.119999885559082,9.119999885559082,9.119999885559082,129.0
2026-08-05 11:43:00,OXSQ,,1.4867000579833984,1.4867000579833984,1.4867000579833984,1.4867000579833984,200.0
2026-08-05 11:43:00,PAA,,23.18000030517578,23.18000030517578,23.174999237060547,23.18000030517578,2569.0
2026-08-05 11:43:00,PAAS,,48.310001373291016,48.42499923706055,48.310001373291016,48.41999816894531,17922.0
2026-08-05 11:43:00,PACB,,1.4199999570846558,1.4249999523162842,1.4199999570846558,1.4249999523162842,25942.0
2026-08-05 11:43:00,PAGP,,25.100000381469727,25.100000381469727,25.100000381469727,25.100000381469727,2302.0
2026-08-05 11:43:00,PALI,,2.0999999046325684,2.0999999046325684,2.0999999046325684,2.0999999046325684,2708.0
2026-08-05 11:43:00,PANW,,363.9352111816406,363.9849853515625,363.7349853515625,363.739990234375,6808.0
2026-08-05 11:43:00,PAX,,11.364999771118164,11.364999771118164,11.354999542236328,11.359999656677246,2660.0
2026-08-05 11:43:00,PAYO,,7.130000114440918,7.130000114440918,7.119999885559082,7.125,993.0
2026-08-05 11:43:00,PAYX,,116.59500122070312,116.61000061035156,116.55999755859375,116.55999755859375,3910.0
2026-08-05 11:43:00,PCAR,,133.58999633789062,133.6649932861328,133.55999755859375,133.6649932861328,5076.0
2026-08-05 11:43:00,PCT,,6.899899959564209,6.900000095367432,6.894999980926514,6.894999980926514,2546.0
2026-08-05 11:43:00,PCTY,,144.6750030517578,144.72999572753906,144.4600067138672,144.46499633789062,3512.0
2026-08-05 11:43:00,PDD,,91.34500122070312,91.34500122070312,91.31060028076172,91.31060028076172,9813.0
2026-08-05 11:43:00,PECO,,41.380001068115234,41.380001068115234,41.380001068115234,41.380001068115234,993.0
2026-08-05 11:43:00,PEGA,,31.610000610351562,31.6200008392334,31.600000381469727,31.6200008392334,1328.0
2026-08-05 11:43:00,PENN,,19.875,19.875,19.8700008392334,19.875,2264.0
2026-08-05 11:43:00,PEP,,138.25,138.25,138.19500732421875,138.19500732421875,5983.0
2026-08-05 11:43:00,PETS,,1.9700000286102295,1.9700000286102295,1.9700000286102295,1.9700000286102295,377.0
2026-08-05 11:43:00,PFG,,114.01000213623047,114.01000213623047,114.01000213623047,114.01000213623047,710.0
2026-08-05 11:43:00,PGEN,,6.962600231170654,6.994999885559082,6.960000038146973,6.994999885559082,16598.0
2026-08-05 11:43:00,PGNY,,31.6299991607666,31.6299991607666,31.614999771118164,31.614999771118164,1501.0
2026-08-05 11:43:00,PGY,,21.690900802612305,21.700000762939453,21.68000030517578,21.700000762939453,1477.0
2026-08-05 11:43:00,PHUN,,2.1600000858306885,2.1600000858306885,2.1600000858306885,2.1600000858306885,2189.0
2026-08-05 11:43:00,PHVS,,32.9900016784668,32.9900016784668,32.875,32.880001068115234,431.0
2026-08-05 11:43:00,PKOH,,41.13999938964844,41.13999938964844,41.13999938964844,41.13999938964844,748.0
2026-08-05 11:43:00,PLUG,,2.0899999141693115,2.099900007247925,2.0899999141693115,2.0950000286102295,52273.0
2026-08-05 11:43:00,PLXS,,275.07000732421875,275.07000732421875,275.07000732421875,275.07000732421875,400.0
2026-08-05 11:43:00,PNFP,,107.33499908447266,107.33499908447266,107.31999969482422,107.31999969482422,836.0
2026-08-05 11:43:00,PNTG,,38.83000183105469,38.83000183105469,38.83000183105469,38.83000183105469,192.0
2026-08-05 11:43:00,POET,,8.255000114440918,8.265000343322754,8.255000114440918,8.260000228881836,5662.0
2026-08-05 11:43:00,POOL,,204.61300659179688,204.7899932861328,204.61300659179688,204.7899932861328,897.0
2026-08-05 11:43:00,POWI,,62.06999969482422,62.06999969482422,62.06999969482422,62.06999969482422,252.0
2026-08-05 11:43:00,POWL,,212.93499755859375,213.4600067138672,212.83999633789062,213.4600067138672,1688.0
2026-08-05 11:43:00,PPC,,26.625,26.625,26.625,26.625,1674.0
2026-08-05 11:43:00,PPTA,,22.540000915527344,22.579999923706055,22.540000915527344,22.579999923706055,908.0
2026-08-05 11:43:00,PRCH,,15.970000267028809,15.984999656677246,15.970000267028809,15.984999656677246,545.0
2026-08-05 11:43:00,PRCT,,19.114999771118164,19.1200008392334,18.9950008392334,19.010000228881836,29407.0
2026-08-05 11:43:00,PRIM,,85.44000244140625,85.5,84.98999786376953,85.44000244140625,6770.0
2026-08-05 11:43:00,PRME,,2.9749999046325684,2.9749999046325684,2.9749999046325684,2.9749999046325684,1271.0
2026-08-05 11:43:00,PROF,,8.104999542236328,8.109999656677246,8.100000381469727,8.100000381469727,1142.0
2026-08-05 11:43:00,PRQR,,1.8949999809265137,1.9000999927520752,1.8949999809265137,1.899999976158142,10779.0
2026-08-05 11:43:00,PRTH,,6.585000038146973,6.585000038146973,6.585000038146973,6.585000038146973,301.0
2026-08-05 11:43:00,PRVA,,24.110000610351562,24.110000610351562,24.110000610351562,24.110000610351562,453.0
2026-08-05 11:43:00,PSEC,,2.180000066757202,2.184999942779541,2.180000066757202,2.182499885559082,960.0
2026-08-05 11:43:00,PSNL,,13.630000114440918,13.630000114440918,13.625,13.625,2115.0
2026-08-05 11:43:00,PTC,,139.90499877929688,140.02999877929688,139.77000427246094,139.77000427246094,3476.0
2026-08-05 11:43:00,PTCT,,69.16000366210938,69.16000366210938,69.16000366210938,69.16000366210938,1396.0
2026-08-05 11:43:00,PTEN,,9.729999542236328,9.729999542236328,9.729999542236328,9.729999542236328,5820.0
2026-08-05 11:43:00,PTON,,6.5,6.505000114440918,6.5,6.5,20809.0
2026-08-05 11:43:00,PWP,,17.3799991607666,17.3799991607666,17.360000610351562,17.3700008392334,1864.0
2026-08-05 11:43:00,PYPL,,58.38999938964844,58.39500045776367,58.36000061035156,58.375,17505.0
2026-08-05 11:43:00,PYXS,,3.1798999309539795,3.1798999309539795,3.1798999309539795,3.1798999309539795,204.0
2026-08-05 11:43:00,PZZA,,30.309999465942383,30.309999465942383,30.290000915527344,30.290000915527344,1960.0
2026-08-05 11:43:00,QCOM,,157.8000030517578,157.9499969482422,157.72999572753906,157.8699951171875,58267.0
2026-08-05 11:43:00,QFIN,,13.319999694824219,13.319999694824219,13.319999694824219,13.319999694824219,1146.0
2026-08-05 11:43:00,QQQX,,30.50469970703125,30.50469970703125,30.50469970703125,30.50469970703125,382.0
2026-08-05 11:43:00,QRVO,,94.80999755859375,94.81999969482422,94.80999755859375,94.81999969482422,353.0
2026-08-05 11:43:00,SEED,,1.0,1.0099999904632568,1.0,1.0099999904632568,1230.0
2026-08-05 11:43:00,STIM,,2.2750000953674316,2.2750000953674316,2.2750000953674316,2.2750000953674316,112.0
2026-08-05 11:43:00,TARA,,4.034999847412109,4.034999847412109,4.034999847412109,4.034999847412109,117.0
2026-08-05 11:44:00,CASH,,89.12999725341797,89.12999725341797,89.12999725341797,89.12999725341797,212.0
2026-08-05 11:44:00,CPOP,,0.36410000920295715,0.36419999599456787,0.36410000920295715,0.36410000920295715,1290.0
2026-08-05 11:44:00,EYE,,23.170000076293945,23.170000076293945,23.170000076293945,23.170000076293945,901.0
2026-08-05 11:44:00,LUNG,,1.9299999475479126,1.934999942779541,1.9299999475479126,1.9299999475479126,1184.0
2026-08-05 11:44:00,MBRX,,0.4169999957084656,0.424699991941452,0.4099999964237213,0.424699991941452,39880.0
2026-08-05 11:44:00,MDB,,376.69000244140625,378.1499938964844,376.69000244140625,377.8550109863281,2001.0
2026-08-05 11:44:00,MDLZ,,62.130001068115234,62.130001068115234,62.08000183105469,62.08000183105469,12278.0
2026-08-05 11:44:00,MNRO,,13.130000114440918,13.130000114440918,13.130000114440918,13.130000114440918,518.0
2026-08-05 11:44:00,MNST,,94.45500183105469,94.48999786376953,94.45500183105469,94.4800033569336,7029.0
2026-08-05 11:44:00,MPAA,,13.9399995803833,13.9399995803833,13.9399995803833,13.9399995803833,704.0
2026-08-05 11:44:00,MPWR,,1326.6500244140625,1326.6700439453125,1325.02001953125,1326.6700439453125,214.0
2026-08-05 11:44:00,MRNA,,57.05500030517578,57.08980178833008,57.0,57.08980178833008,1527.0
2026-08-05 11:44:00,MYGN,,3.259999990463257,3.259999990463257,3.255000114440918,3.259999990463257,2048.0
2026-08-05 11:44:00,NAMS,,26.540000915527344,26.540000915527344,26.540000915527344,26.540000915527344,1360.0
2026-08-05 11:44:00,NAUT,,0.960099995136261,0.960099995136261,0.960099995136261,0.960099995136261,775.0
2026-08-05 11:44:00,NB,,5.085000038146973,5.085000038146973,5.085000038146973,5.085000038146973,820.0
2026-08-05 11:44:00,NBIX,,164.00999450683594,164.00999450683594,164.00999450683594,164.00999450683594,1370.0
2026-08-05 11:44:00,NCMI,,4.105000019073486,4.105000019073486,4.105000019073486,4.105000019073486,206.0
2026-08-05 11:44:00,NDAQ,,94.375,94.45999908447266,94.37000274658203,94.44000244140625,2760.0
2026-08-05 11:44:00,NDSN,,310.7900085449219,310.7900085449219,310.7900085449219,310.7900085449219,239.0
2026-08-05 11:44:00,NEO,,16.145000457763672,16.145000457763672,16.1299991607666,16.139999389648438,1318.0
2026-08-05 11:44:00,NEOG,,11.604999542236328,11.604999542236328,11.604999542236328,11.604999542236328,1879.0
2026-08-05 11:44:00,NEOV,,2.819999933242798,2.819999933242798,2.805000066757202,2.805000066757202,8989.0
2026-08-05 11:44:00,NESR,,28.520000457763672,28.53499984741211,28.520000457763672,28.53499984741211,1127.0
2026-08-05 11:44:00,NEXT,,6.400000095367432,6.40500020980835,6.400000095367432,6.40500020980835,2523.0
2026-08-05 11:44:00,NFE,,0.33640000224113464,0.33640000224113464,0.33640000224113464,0.33640000224113464,500.0
2026-08-05 11:44:00,NFLX,,73.83499908447266,73.8499984741211,73.80999755859375,73.83000183105469,41276.0
2026-08-05 11:44:00,NGNE,,34.90999984741211,34.90999984741211,34.90999984741211,34.90999984741211,192.0
2026-08-05 11:44:00,NICE,,96.79499816894531,96.79499816894531,96.79499816894531,96.79499816894531,568.0
2026-08-05 11:44:00,NKTR,,72.91500091552734,72.91500091552734,72.91500091552734,72.91500091552734,253.0
2026-08-05 11:44:00,NKTX,,2.184999942779541,2.184999942779541,2.184999942779541,2.184999942779541,324.0
2026-08-05 11:44:00,NMFC,,7.329999923706055,7.340000152587891,7.329999923706055,7.330100059509277,3539.0
2026-08-05 11:44:00,NMIH,,44.439998626708984,44.439998626708984,44.439998626708984,44.439998626708984,456.0
2026-08-05 11:44:00,NMRK,,15.579999923706055,15.585000038146973,15.579999923706055,15.585000038146973,1192.0
2026-08-05 11:44:00,NN,,14.260000228881836,14.260000228881836,14.220000267028809,14.229999542236328,6507.0
2026-08-05 11:44:00,NNBR,,3.799999952316284,3.8013999462127686,3.799999952316284,3.8013999462127686,724.0
2026-08-05 11:44:00,NNDM,,1.5449999570846558,1.5449999570846558,1.5399999618530273,1.5449999570846558,1535.0
2026-08-05 11:44:00,NRIM,,26.924999237060547,26.924999237060547,26.924999237060547,26.924999237060547,118.0
2026-08-05 11:44:00,NTAP,,188.9600067138672,188.97000122070312,188.75999450683594,188.97000122070312,700.0
2026-08-05 11:44:00,NTNX,,60.369998931884766,60.375,60.35499954223633,60.375,2324.0
2026-08-05 11:44:00,NTRA,,277.2950134277344,277.29998779296875,277.2950134277344,277.29998779296875,967.0
2026-08-05 11:44:00,NTRS,,183.61500549316406,183.61500549316406,183.5800018310547,183.5800018310547,1981.0
2026-08-05 11:44:00,NTRSO,,18.3799991607666,18.3799991607666,18.3799991607666,18.3799991607666,200.0
2026-08-05 11:44:00,NUWE,,1.7196999788284302,1.7199000120162964,1.7100000381469727,1.7199000120162964,1069.0
2026-08-05 11:44:00,NVAX,,7.65500020980835,7.664999961853027,7.65500020980835,7.664999961853027,3078.0
2026-08-05 11:44:00,NVCT,,20.200000762939453,20.200000762939453,20.200000762939453,20.200000762939453,343.0
2026-08-05 11:44:00,NVDA,,219.9499969482422,220.0500030517578,219.88999938964844,220.0399932861328,189474.0
2026-08-05 11:44:00,NVTS,,12.484999656677246,12.484999656677246,12.469900131225586,12.470000267028809,4924.0
2026-08-05 11:44:00,NWBI,,15.920000076293945,15.920000076293945,15.920000076293945,15.920000076293945,2708.0
2026-08-05 11:44:00,NWL,,6.235000133514404,6.244999885559082,6.230000019073486,6.235000133514404,20516.0
2026-08-05 11:44:00,NWPX,,127.37999725341797,127.41999816894531,127.37999725341797,127.41999816894531,1408.0
2026-08-05 11:44:00,NWSA,,28.25,28.260000228881836,28.25,28.260000228881836,3877.0
2026-08-05 11:44:00,NXPI,,231.25,231.34500122070312,231.0500030517578,231.0500030517578,8777.0
2026-08-05 11:44:00,NXST,,192.53500366210938,192.53500366210938,192.53500366210938,192.53500366210938,211.0
2026-08-05 11:44:00,NXT,,99.25499725341797,99.25499725341797,99.25499725341797,99.25499725341797,648.0
2026-08-05 11:44:00,OCFC,,19.73900032043457,19.73900032043457,19.735000610351562,19.735000610351562,1470.0
2026-08-05 11:44:00,OCGN,,1.2999999523162842,1.2999999523162842,1.2899999618530273,1.2899999618530273,22496.0
2026-08-05 11:44:00,OCSL,,12.135000228881836,12.135000228881836,12.135000228881836,12.135000228881836,200.0
2026-08-05 11:44:00,OCUL,,8.5,8.5,8.490300178527832,8.494999885559082,5810.0
2026-08-05 11:44:00,ODD,,15.079999923706055,15.09000015258789,15.079999923706055,15.09000015258789,756.0
2026-08-05 11:44:00,ODFL,,215.25,215.58999633789062,215.1699981689453,215.1699981689453,4777.0
2026-08-05 11:44:00,OESX,,15.024999618530273,15.125,15.0,15.125,2760.0
2026-08-05 11:44:00,OFIX,,10.770000457763672,10.770000457763672,10.729999542236328,10.770000457763672,4055.0
2026-08-05 11:44:00,OKTA,,147.61000061035156,147.7899932861328,147.61000061035156,147.7899932861328,2125.0
2026-08-05 11:44:00,OLLI,,78.36499786376953,78.36499786376953,78.36499786376953,78.36499786376953,560.0
2026-08-05 11:44:00,OMER,,12.779999732971191,12.779999732971191,12.779999732971191,12.779999732971191,649.0
2026-08-05 11:44:00,ON,,77.375,77.375,77.26000213623047,77.29000091552734,20296.0
2026-08-05 11:44:00,ONB,,27.014999389648438,27.014999389648438,26.9950008392334,27.0,12610.0
2026-08-05 11:44:00,ONDS,,8.746399879455566,8.75,8.729999542236328,8.734999656677246,205491.0
2026-08-05 11:44:00,ONFO,,0.07660000026226044,0.07680000364780426,0.0763000026345253,0.07639999687671661,47575.0
2026-08-05 11:44:00,ONTX,,17.479999542236328,17.479999542236328,17.479999542236328,17.479999542236328,1000.0
2026-08-05 11:44:00,OPBK,,15.789999961853027,15.789999961853027,15.789999961853027,15.789999961853027,645.0
2026-08-05 11:44:00,OPCH,,23.34000015258789,23.34000015258789,23.329999923706055,23.329999923706055,1635.0
2026-08-05 11:44:00,OPEN,,3.859999895095825,3.859999895095825,3.8499999046325684,3.8580000400543213,16329.0
2026-08-05 11:44:00,OPK,,1.309999942779541,1.309999942779541,1.309999942779541,1.309999942779541,491.0
2026-08-05 11:44:00,ORGO,,2.3550000190734863,2.3550000190734863,2.3399999141693115,2.3499999046325684,26416.0
2026-08-05 11:44:00,ORIC,,13.210000038146973,13.210000038146973,13.199999809265137,13.210000038146973,1376.0
2026-08-05 11:44:00,ORLY,,92.94000244140625,92.96990203857422,92.87999725341797,92.96990203857422,10889.0
2026-08-05 11:44:00,ORMP,,4.479899883270264,4.479899883270264,4.479899883270264,4.479899883270264,1614.0
2026-08-05 11:44:00,ORRF,,43.2599983215332,43.2599983215332,43.2599983215332,43.2599983215332,749.0
2026-08-05 11:44:00,OSIS,,235.5399932861328,235.5399932861328,235.22500610351562,235.22500610351562,996.0
2026-08-05 11:44:00,OSPN,,16.43000030517578,16.43000030517578,16.43000030517578,16.43000030517578,762.0
2026-08-05 11:44:00,OSS,,13.94540023803711,13.960000038146973,13.9399995803833,13.9399995803833,3657.0
2026-08-05 11:44:00,OSW,,26.700000762939453,26.700000762939453,26.700000762939453,26.700000762939453,1028.0
2026-08-05 11:44:00,OTEX,,25.7450008392334,25.7450008392334,25.7450008392334,25.7450008392334,220.0
2026-08-05 11:44:00,OTLK,,1.0194000005722046,1.0199999809265137,1.0099999904632568,1.0199999809265137,3811.0
2026-08-05 11:44:00,OTTR,,92.79499816894531,92.79499816894531,92.79499816894531,92.79499816894531,1827.0
2026-08-05 11:44:00,OVID,,2.6449999809265137,2.6600000858306885,2.6449999809265137,2.6500000953674316,71067.0
2026-08-05 11:44:00,OXSQ,,1.4872000217437744,1.489799976348877,1.4872000217437744,1.489799976348877,773.0
2026-08-05 11:44:00,PAA,,23.184999465942383,23.190000534057617,23.184999465942383,23.190000534057617,2136.0
2026-08-05 11:44:00,PAAS,,48.29999923706055,48.310001373291016,48.29999923706055,48.30500030517578,4451.0
2026-08-05 11:44:00,PACB,,1.4103000164031982,1.4249999523162842,1.409999966621399,1.4220000505447388,146743.0
2026-08-05 11:44:00,PANW,,363.43499755859375,363.8299865722656,363.3811950683594,363.760009765625,5306.0
2026-08-05 11:44:00,PATK,,87.82499694824219,87.82499694824219,87.82499694824219,87.82499694824219,124.0
2026-08-05 11:44:00,PAX,,11.359999656677246,11.359999656677246,11.359999656677246,11.359999656677246,929.0
2026-08-05 11:44:00,PAYO,,7.119999885559082,7.130000114440918,7.119999885559082,7.119999885559082,1211.0
2026-08-05 11:44:00,PAYS,,9.140000343322754,9.140000343322754,9.140000343322754,9.140000343322754,290.0
2026-08-05 11:44:00,PAYX,,116.58499908447266,116.59500122070312,116.58000183105469,116.59500122070312,5185.0
2026-08-05 11:44:00,PCAR,,133.6300048828125,133.64999389648438,133.5749969482422,133.58999633789062,4957.0
2026-08-05 11:44:00,PCRX,,25.020000457763672,25.149999618530273,25.020000457763672,25.149999618530273,2817.0
2026-08-05 11:44:00,PCT,,6.894999980926514,6.900000095367432,6.889999866485596,6.889999866485596,1219.0
2026-08-05 11:44:00,PCTY,,144.30499267578125,144.60000610351562,144.30499267578125,144.60000610351562,1236.0
2026-08-05 11:44:00,PDD,,91.36000061035156,91.37000274658203,91.33999633789062,91.34500122070312,7255.0
2026-08-05 11:44:00,PECO,,41.369998931884766,41.369998931884766,41.369998931884766,41.369998931884766,278.0
2026-08-05 11:44:00,PEGA,,31.579999923706055,31.600000381469727,31.579999923706055,31.600000381469727,1995.0
2026-08-05 11:44:00,PENN,,19.850000381469727,19.875,19.850000381469727,19.875,4254.0
2026-08-05 11:44:00,PEP,,138.38999938964844,138.38999938964844,138.25,138.25,6797.0
2026-08-05 11:44:00,PEPG,,1.909999966621399,1.9149999618530273,1.909999966621399,1.909999966621399,647.0
2026-08-05 11:44:00,PERI,,9.581100463867188,9.581100463867188,9.581100463867188,9.581100463867188,128.0
2026-08-05 11:44:00,PFG,,114.05000305175781,114.05000305175781,114.04000091552734,114.04000091552734,1619.0
2026-08-05 11:44:00,PGEN,,6.980100154876709,6.985000133514404,6.960000038146973,6.960000038146973,11808.0
2026-08-05 11:44:00,PGY,,21.68000030517578,21.68000030517578,21.68000030517578,21.68000030517578,1009.0
2026-08-05 11:44:00,PHAT,,8.489999771118164,8.489999771118164,8.479999542236328,8.479999542236328,5394.0
2026-08-05 11:44:00,PHVS,,32.9900016784668,32.9900016784668,32.9900016784668,32.9900016784668,164.0
2026-08-05 11:44:00,PLAB,,32.15999984741211,32.15999984741211,32.15999984741211,32.15999984741211,872.0
2026-08-05 11:44:00,PLPC,,462.3900146484375,462.3900146484375,462.3900146484375,462.3900146484375,1440.0
2026-08-05 11:44:00,PLUG,,2.0999999046325684,2.0999999046325684,2.0922999382019043,2.0992000102996826,10486.0
2026-08-05 11:44:00,PNFP,,107.5199966430664,107.5199966430664,107.33999633789062,107.33999633789062,3154.0
2026-08-05 11:44:00,PNRG,,183.7100067138672,183.7100067138672,183.50999450683594,183.50999450683594,1815.0
2026-08-05 11:44:00,PNTG,,38.810001373291016,38.810001373291016,38.810001373291016,38.810001373291016,792.0
2026-08-05 11:44:00,POCI,,4.224999904632568,4.224999904632568,4.224999904632568,4.224999904632568,300.0
2026-08-05 11:44:00,POET,,8.239999771118164,8.25,8.23009967803955,8.25,25337.0
2026-08-05 11:44:00,POOL,,204.61000061035156,204.61000061035156,204.61000061035156,204.61000061035156,514.0
2026-08-05 11:44:00,POWI,,62.16999816894531,62.18000030517578,62.16999816894531,62.18000030517578,1006.0
2026-08-05 11:44:00,POWL,,212.8350067138672,212.93499755859375,212.8350067138672,212.92999267578125,543.0
2026-08-05 11:44:00,PPTA,,22.549999237060547,22.549999237060547,22.549999237060547,22.549999237060547,564.0
2026-08-05 11:44:00,PRCH,,15.975000381469727,15.975000381469727,15.975000381469727,15.975000381469727,522.0
2026-08-05 11:44:00,PRCT,,19.014999389648438,19.114999771118164,19.014999389648438,19.06999969482422,7182.0
2026-08-05 11:44:00,PRIM,,84.8550033569336,85.25,84.59500122070312,85.25,14918.0
2026-08-05 11:44:00,PRME,,2.9749999046325684,2.9749999046325684,2.9749999046325684,2.9749999046325684,1241.0
2026-08-05 11:44:00,PROK,,1.6299999952316284,1.6299999952316284,1.6299999952316284,1.6299999952316284,4304.0
2026-08-05 11:44:00,PRQR,,1.8949999809265137,1.8949999809265137,1.8949999809265137,1.8949999809265137,579.0
2026-08-05 11:44:00,PRTA,,8.545000076293945,8.545000076293945,8.545000076293945,8.545000076293945,459.0
2026-08-05 11:44:00,PRTH,,6.579999923706055,6.585000038146973,6.579999923706055,6.585000038146973,2251.0
2026-08-05 11:44:00,PRVA,,24.114999771118164,24.114999771118164,24.114999771118164,24.114999771118164,654.0
2026-08-05 11:44:00,PSEC,,2.180000066757202,2.184999942779541,2.180000066757202,2.184999942779541,1603.0
2026-08-05 11:44:00,PSNL,,13.640000343322754,13.640000343322754,13.630000114440918,13.630000114440918,1309.0
2026-08-05 11:44:00,PTC,,139.89500427246094,139.89500427246094,139.89500427246094,139.89500427246094,1418.0
2026-08-05 11:44:00,PTCT,,69.1500015258789,69.1500015258789,69.1500015258789,69.1500015258789,194.0
2026-08-05 11:44:00,PTEN,,9.725000381469727,9.725000381469727,9.720100402832031,9.720100402832031,1157.0
2026-08-05 11:44:00,PTON,,6.5,6.510000228881836,6.5,6.510000228881836,2514.0
2026-08-05 11:44:00,PWP,,17.364999771118164,17.3799991607666,17.364999771118164,17.364999771118164,1834.0
2026-08-05 11:44:00,PYPL,,58.38999938964844,58.40999984741211,58.369998931884766,58.375,19906.0
2026-08-05 11:44:00,PYXS,,3.1700000762939453,3.1700000762939453,3.1700000762939453,3.1700000762939453,331.0
2026-08-05 11:44:00,PZZA,,30.329999923706055,30.329999923706055,30.31999969482422,30.31999969482422,12535.0
2026-08-05 11:44:00,QCOM,,157.6199951171875,157.77000427246094,157.59500122070312,157.75999450683594,21133.0
2026-08-05 11:44:00,QFIN,,13.3100004196167,13.3100004196167,13.3100004196167,13.3100004196167,950.0
2026-08-05 11:44:00,QQQX,,30.424999237060547,30.424999237060547,30.424999237060547,30.424999237060547,393.0
2026-08-05 11:44:00,QRVO,,94.69999694824219,94.77999877929688,94.69999694824219,94.77999877929688,2278.0
2026-08-05 11:44:00,SEED,,0.9886000156402588,1.0,0.9700999855995178,1.0,6966.0
2026-08-05 11:44:00,STIM,,2.2799999713897705,2.2799999713897705,2.2748000621795654,2.2748000621795654,891.0
2026-08-05 11:45:00,ACDC,,4.364999771118164,4.380000114440918,4.364999771118164,4.369999885559082,8532.0
2026-08-05 11:45:00,BPOP,,177.10499572753906,177.10499572753906,177.02999877929688,177.10499572753906,978.0
2026-08-05 11:45:00,CASH,,89.22000122070312,89.22000122070312,89.22000122070312,89.22000122070312,464.0
2026-08-05 11:45:00,EYE,,23.165000915527344,23.165000915527344,23.165000915527344,23.165000915527344,651.0
2026-08-05 11:45:00,GLUE,,15.885000228881836,15.885000228881836,15.869999885559082,15.885000228881836,5445.0
2026-08-05 11:45:00,KIDS,,21.139999389648438,21.139999389648438,21.06999969482422,21.06999969482422,3110.0
2026-08-05 11:45:00,KITT,,1.0679999589920044,1.0700000524520874,1.0679999589920044,1.0700000524520874,1122.0
2026-08-05 11:45:00,MBRX,,0.4174000024795532,0.4174000024795532,0.41359999775886536,0.41359999775886536,2924.0
2026-08-05 11:45:00,MCRI,,124.77999877929688,124.77999877929688,124.7300033569336,124.7300033569336,1049.0
2026-08-05 11:45:00,MDB,,377.1300048828125,377.2300109863281,377.0899963378906,377.1300048828125,3145.0
2026-08-05 11:45:00,MDLZ,,62.1349983215332,62.1349983215332,62.11000061035156,62.130001068115234,6178.0
2026-08-05 11:45:00,MNRO,,13.135000228881836,13.135000228881836,13.135000228881836,13.135000228881836,1319.0
2026-08-05 11:45:00,MNST,,94.49099731445312,94.52999877929688,94.45999908447266,94.45999908447266,15916.0
2026-08-05 11:45:00,MPWR,,1321.949951171875,1326.6650390625,1321.949951171875,1326.6650390625,1094.0
2026-08-05 11:45:00,MRNA,,57.04999923706055,57.089900970458984,57.04800033569336,57.04999923706055,11819.0
2026-08-05 11:45:00,MYGN,,3.25,3.2551000118255615,3.25,3.255000114440918,3769.0
2026-08-05 11:45:00,MYRG,,340.0350036621094,340.0350036621094,340.0350036621094,340.0350036621094,387.0
2026-08-05 11:45:00,NATR,,20.260000228881836,20.260000228881836,20.260000228881836,20.260000228881836,102.0
2026-08-05 11:45:00,NAUT,,0.960099995136261,0.960099995136261,0.960099995136261,0.960099995136261,2819.0
2026-08-05 11:45:00,NB,,5.079999923706055,5.090000152587891,5.079999923706055,5.090000152587891,5762.0
2026-08-05 11:45:00,NBIX,,163.91000366210938,163.91000366210938,163.91000366210938,163.91000366210938,778.0
2026-08-05 11:45:00,NBTB,,53.279998779296875,53.279998779296875,53.279998779296875,53.279998779296875,210.0
2026-08-05 11:45:00,NBTX,,39.79999923706055,39.810001373291016,39.79999923706055,39.810001373291016,4159.0
2026-08-05 11:45:00,NCMI,,4.105000019073486,4.105000019073486,4.105000019073486,4.105000019073486,120.0
2026-08-05 11:45:00,NDAQ,,94.375,94.375,94.375,94.375,837.0
2026-08-05 11:45:00,NEO,,16.15999984741211,16.15999984741211,16.139999389648438,16.139999389648438,2705.0
2026-08-05 11:45:00,NEOG,,11.604999542236328,11.604999542236328,11.604999542236328,11.604999542236328,1470.0
2026-08-05 11:45:00,NEOV,,2.8111000061035156,2.8111000061035156,2.8111000061035156,2.8111000061035156,793.0
2026-08-05 11:45:00,NESR,,28.4950008392334,28.4950008392334,28.4950008392334,28.4950008392334,270.0
2026-08-05 11:45:00,NEWT,,15.25,15.25,15.25,15.25,365.0
2026-08-05 11:45:00,NEXT,,6.40500020980835,6.414999961853027,6.40500020980835,6.40500020980835,6783.0
2026-08-05 11:45:00,NFLX,,73.81500244140625,73.84500122070312,73.80999755859375,73.83499908447266,35921.0
2026-08-05 11:45:00,NICE,,96.75,96.87999725341797,96.63999938964844,96.63999938964844,1352.0
2026-08-05 11:45:00,NIU,,2.440999984741211,2.440999984741211,2.440999984741211,2.440999984741211,986.0
2026-08-05 11:45:00,NKTR,,72.83049774169922,72.83049774169922,72.83000183105469,72.83000183105469,318.0
2026-08-05 11:45:00,NMIH,,44.470001220703125,44.470001220703125,44.470001220703125,44.470001220703125,1801.0
2026-08-05 11:45:00,NMRA,,1.6200000047683716,1.6200000047683716,1.6100000143051147,1.6100000143051147,1407.0
2026-08-05 11:45:00,NMRK,,15.585000038146973,15.585000038146973,15.579999923706055,15.579999923706055,772.0
2026-08-05 11:45:00,NN,,14.265000343322754,14.270000457763672,14.244999885559082,14.270000457763672,9739.0
2026-08-05 11:45:00,NNBR,,3.805000066757202,3.805000066757202,3.805000066757202,3.805000066757202,601.0
2026-08-05 11:45:00,NNDM,,1.5399999618530273,1.5434000492095947,1.5399999618530273,1.5434000492095947,2998.0
2026-08-05 11:45:00,NNOX,,1.0149999856948853,1.0149999856948853,1.0149999856948853,1.0149999856948853,1531.0
2026-08-05 11:45:00,NOVT,,156.92999267578125,156.94000244140625,156.92999267578125,156.94000244140625,865.0
2026-08-05 11:45:00,NPCE,,13.595000267028809,13.595000267028809,13.595000267028809,13.595000267028809,211.0
2026-08-05 11:45:00,NRIX,,24.6200008392334,24.6200008392334,24.610000610351562,24.610000610351562,838.0
2026-08-05 11:45:00,NSSC,,40.3849983215332,40.3849983215332,40.34000015258789,40.34000015258789,523.0
2026-08-05 11:45:00,NTAP,,188.77000427246094,188.97000122070312,188.77000427246094,188.97000122070312,1774.0
2026-08-05 11:45:00,NTCT,,41.850399017333984,41.850399017333984,41.850399017333984,41.850399017333984,943.0
2026-08-05 11:45:00,NTGR,,24.420000076293945,24.46500015258789,24.420000076293945,24.459999084472656,2463.0
2026-08-05 11:45:00,NTNX,,60.31999969482422,60.34000015258789,60.31999969482422,60.34000015258789,1084.0
2026-08-05 11:45:00,NTRA,,277.1000061035156,277.1000061035156,277.1000061035156,277.1000061035156,1509.0
2026-08-05 11:45:00,NTRS,,183.58999633789062,183.6300048828125,183.58999633789062,183.6199951171875,883.0
2026-08-05 11:45:00,NUWE,,1.719099998474121,1.719099998474121,1.7100000381469727,1.7100000381469727,1253.0
2026-08-05 11:45:00,NVAX,,7.65500020980835,7.65500020980835,7.65500020980835,7.65500020980835,621.0
2026-08-05 11:45:00,NVDA,,219.74000549316406,219.94000244140625,219.63999938964844,219.9257049560547,217573.0
2026-08-05 11:45:00,NVEC,,128.13999938964844,128.13999938964844,128.1300048828125,128.1300048828125,830.0
2026-08-05 11:45:00,NVMI,,409.7749938964844,411.3500061035156,409.6700134277344,411.3500061035156,1015.0
2026-08-05 11:45:00,NVNI,,1.1349999904632568,1.1349999904632568,1.1200000047683716,1.1200000047683716,976.0
2026-08-05 11:45:00,NVTS,,12.454999923706055,12.470000267028809,12.449999809265137,12.470000267028809,12599.0
2026-08-05 11:45:00,NWBI,,15.925000190734863,15.925000190734863,15.925000190734863,15.925000190734863,1841.0
2026-08-05 11:45:00,NWL,,6.230000019073486,6.244999885559082,6.230000019073486,6.239999771118164,8868.0
2026-08-05 11:45:00,NWPX,,127.3499984741211,127.3499984741211,127.3499984741211,127.3499984741211,171.0
2026-08-05 11:45:00,NWS,,32.29499816894531,32.29499816894531,32.29499816894531,32.29499816894531,650.0
2026-08-05 11:45:00,NWSA,,28.2450008392334,28.25,28.2450008392334,28.25,5875.0
2026-08-05 11:45:00,NXPI,,230.7100067138672,231.13499450683594,230.6199951171875,231.13499450683594,24656.0
2026-08-05 11:45:00,NXST,,192.83999633789062,192.83999633789062,192.67999267578125,192.67999267578125,2208.0
2026-08-05 11:45:00,NXT,,99.2300033569336,99.33000183105469,99.16000366210938,99.23999786376953,5738.0
2026-08-05 11:45:00,NYXH,,1.4149999618530273,1.4149999618530273,1.4149999618530273,1.4149999618530273,325.0
2026-08-05 11:45:00,OABI,,2.0899999141693115,2.0899999141693115,2.0850000381469727,2.0880000591278076,13313.0
2026-08-05 11:45:00,OCC,,15.710000038146973,15.710000038146973,15.710000038146973,15.710000038146973,359.0
2026-08-05 11:45:00,OCFC,,19.735000610351562,19.739999771118164,19.735000610351562,19.739999771118164,2748.0
2026-08-05 11:45:00,OCGN,,1.2899999618530273,1.2999999523162842,1.2899999618530273,1.2999999523162842,1089.0
2026-08-05 11:45:00,OCSL,,12.130999565124512,12.135000228881836,12.130999565124512,12.135000228881836,255.0
2026-08-05 11:45:00,OCUL,,8.494999885559082,8.494999885559082,8.494999885559082,8.494999885559082,1468.0
2026-08-05 11:45:00,ODFL,,215.2324981689453,215.25,215.17999267578125,215.25,914.0
2026-08-05 11:45:00,OESX,,15.024999618530273,15.024999618530273,15.024999618530273,15.024999618530273,770.0
2026-08-05 11:45:00,OKTA,,147.47999572753906,147.5749969482422,147.47999572753906,147.5749969482422,2180.0
2026-08-05 11:45:00,OLLI,,78.44999694824219,78.44999694824219,78.44999694824219,78.44999694824219,989.0
2026-08-05 11:45:00,OMCL,,37.2599983215332,37.29499816894531,37.2599983215332,37.29499816894531,705.0
2026-08-05 11:45:00,OMER,,12.770000457763672,12.770000457763672,12.770000457763672,12.770000457763672,836.0
2026-08-05 11:45:00,OMH,,0.11209999769926071,0.11289999634027481,0.11209999769926071,0.11289999634027481,38806.0
2026-08-05 11:45:00,ON,,77.25,77.37999725341797,77.1500015258789,77.37999725341797,27463.0
2026-08-05 11:45:00,ONB,,27.016399383544922,27.020000457763672,27.012800216674805,27.012800216674805,8966.0
2026-08-05 11:45:00,ONCY,,0.7900999784469604,0.7900999784469604,0.7900999784469604,0.7900999784469604,2666.0
2026-08-05 11:45:00,ONDS,,8.8100004196167,8.8100004196167,8.739999771118164,8.75,330666.0
2026-08-05 11:45:00,ONFO,,0.07660000026226044,0.07680000364780426,0.0763000026345253,0.07660000026226044,65616.0
2026-08-05 11:45:00,OPCH,,23.34000015258789,23.34000015258789,23.34000015258789,23.34000015258789,1586.0
2026-08-05 11:45:00,OPEN,,3.8550000190734863,3.859999895095825,3.8499999046325684,3.8545000553131104,15611.0
2026-08-05 11:45:00,OPHC,,8.630000114440918,8.630000114440918,8.569999694824219,8.59000015258789,1336.0
2026-08-05 11:45:00,OPK,,1.3200000524520874,1.3200000524520874,1.3125,1.3125,2930.0
2026-08-05 11:45:00,OPRA,,20.05500030517578,20.05500030517578,20.05500030517578,20.05500030517578,356.0
2026-08-05 11:45:00,ORGO,,2.3550000190734863,2.3550000190734863,2.3550000190734863,2.3550000190734863,459.0
2026-08-05 11:45:00,ORIC,,13.210000038146973,13.210000038146973,13.210000038146973,13.210000038146973,907.0
2026-08-05 11:45:00,ORLY,,92.99500274658203,93.03500366210938,92.94999694824219,92.94999694824219,9085.0
2026-08-05 11:45:00,OSBC,,25.725000381469727,25.725000381469727,25.725000381469727,25.725000381469727,369.0
2026-08-05 11:45:00,OSS,,13.9399995803833,13.960000038146973,13.9399995803833,13.959699630737305,3378.0
2026-08-05 11:45:00,OSUR,,4.184999942779541,4.184999942779541,4.179999828338623,4.179999828338623,1628.0
2026-08-05 11:45:00,OTEX,,25.7450008392334,25.75,25.7450008392334,25.75,1393.0
2026-08-05 11:45:00,OTLK,,1.0149999856948853,1.0199999809265137,1.01010000705719,1.0199999809265137,4516.0
2026-08-05 11:45:00,OXLC,,9.125,9.125,9.125,9.125,1318.0
2026-08-05 11:45:00,OXSQ,,1.4872000217437744,1.4872000217437744,1.4850000143051147,1.4850000143051147,1459.0
2026-08-05 11:45:00,PAA,,23.21500015258789,23.21500015258789,23.184999465942383,23.184999465942383,10663.0
2026-08-05 11:45:00,PAAS,,48.31999969482422,48.31999969482422,48.27000045776367,48.30500030517578,10862.0
2026-08-05 11:45:00,PACB,,1.4199999570846558,1.4199999570846558,1.4149999618530273,1.4199999570846558,822.0
2026-08-05 11:45:00,PANW,,363.2749938964844,363.426513671875,363.0400085449219,363.2300109863281,6098.0
2026-08-05 11:45:00,PATK,,87.84500122070312,87.87000274658203,87.80000305175781,87.81999969482422,2558.0
2026-08-05 11:45:00,PAYO,,7.130000114440918,7.130000114440918,7.130000114440918,7.130000114440918,435.0
2026-08-05 11:45:00,PAYS,,9.140399932861328,9.140399932861328,9.140399932861328,9.140399932861328,586.0
2026-08-05 11:45:00,PAYX,,116.6449966430664,116.66500091552734,116.56999969482422,116.6449966430664,4544.0
2026-08-05 11:45:00,PCAR,,133.64999389648438,133.65499877929688,133.58999633789062,133.65499877929688,3942.0
2026-08-05 11:45:00,PCRX,,25.024999618530273,25.024999618530273,25.010000228881836,25.024999618530273,2588.0
2026-08-05 11:45:00,PCSA,,2.154900074005127,2.154900074005127,2.154900074005127,2.154900074005127,1682.0
2026-08-05 11:45:00,PCT,,6.885000228881836,6.900000095367432,6.880000114440918,6.900000095367432,9995.0
2026-08-05 11:45:00,PDD,,91.3550033569336,91.36000061035156,91.34100341796875,91.34100341796875,2119.0
2026-08-05 11:45:00,PECO,,41.400001525878906,41.400001525878906,41.3650016784668,41.3650016784668,3999.0
2026-08-05 11:45:00,PEGA,,31.579999923706055,31.579999923706055,31.579999923706055,31.579999923706055,1164.0
2026-08-05 11:45:00,PENN,,19.875,19.875,19.850000381469727,19.850000381469727,4092.0
2026-08-05 11:45:00,PEP,,138.4149932861328,138.4149932861328,138.34010314941406,138.38999938964844,15108.0
2026-08-05 11:45:00,PEPG,,1.909999966621399,1.909999966621399,1.909999966621399,1.909999966621399,246.0
2026-08-05 11:45:00,PERI,,9.579999923706055,9.579999923706055,9.579999923706055,9.579999923706055,919.0
2026-08-05 11:45:00,PFG,,114.21499633789062,114.21499633789062,114.0999984741211,114.11000061035156,1621.0
2026-08-05 11:45:00,PGEN,,6.96999979019165,6.974999904632568,6.960000038146973,6.974999904632568,10766.0
2026-08-05 11:45:00,PGY,,21.719999313354492,21.719999313354492,21.68000030517578,21.68000030517578,1924.0
2026-08-05 11:45:00,PHAT,,8.430000305175781,8.470000267028809,8.40999984741211,8.470000267028809,16092.0
2026-08-05 11:45:00,PLAB,,32.11000061035156,32.13999938964844,32.08000183105469,32.13999938964844,1226.0
2026-08-05 11:45:00,PLBY,,1.1549999713897705,1.15910005569458,1.1549999713897705,1.15910005569458,2900.0
2026-08-05 11:45:00,PLMR,,134.63999938964844,134.82000732421875,134.6300048828125,134.82000732421875,1297.0
2026-08-05 11:45:00,PLUG,,2.0950000286102295,2.0999999046325684,2.0899999141693115,2.0950000286102295,32732.0
2026-08-05 11:45:00,PNFP,,107.56999969482422,107.56999969482422,107.54000091552734,107.54000091552734,1152.0
2026-08-05 11:45:00,POCI,,4.25,4.25,4.230000019073486,4.230000019073486,1457.0
2026-08-05 11:45:00,POET,,8.239999771118164,8.244999885559082,8.229999542236328,8.239999771118164,11632.0
2026-08-05 11:45:00,POOL,,205.0,205.0,204.7030029296875,204.97999572753906,28854.0
2026-08-05 11:45:00,POWI,,62.02000045776367,62.040000915527344,62.0,62.040000915527344,1842.0
2026-08-05 11:45:00,POWL,,212.89999389648438,213.25999450683594,212.5399932861328,212.8249969482422,1436.0
2026-08-05 11:45:00,PPTA,,22.549999237060547,22.549999237060547,22.549999237060547,22.549999237060547,1312.0
2026-08-05 11:45:00,PRCH,,15.975000381469727,15.979999542236328,15.970000267028809,15.970000267028809,2792.0
2026-08-05 11:45:00,PRCT,,18.985000610351562,19.014999389648438,18.985000610351562,19.0,3147.0
2026-08-05 11:45:00,PRFX,,1.1299999952316284,1.1299999952316284,1.1299999952316284,1.1299999952316284,153.0
2026-08-05 11:45:00,PRIM,,84.6050033569336,85.13999938964844,84.4749984741211,85.13999938964844,4631.0
2026-08-05 11:45:00,PRVA,,24.1200008392334,24.1200008392334,24.110000610351562,24.1200008392334,522.0
2026-08-05 11:45:00,PSEC,,2.184999942779541,2.184999942779541,2.184999942779541,2.184999942779541,5678.0
2026-08-05 11:45:00,PSNL,,13.630000114440918,13.630000114440918,13.630000114440918,13.630000114440918,1921.0
2026-08-05 11:45:00,PSNYW,,2.490000009536743,2.490000009536743,2.490000009536743,2.490000009536743,408.0
2026-08-05 11:45:00,PTCT,,69.1050033569336,69.1050033569336,69.1050033569336,69.1050033569336,863.0
2026-08-05 11:45:00,PTEN,,9.725000381469727,9.729999542236328,9.725000381469727,9.725000381469727,3057.0
2026-08-05 11:45:00,PTGX,,137.0,137.0,137.0,137.0,1564.0
2026-08-05 11:45:00,PTLO,,4.59499979019165,4.59499979019165,4.581099987030029,4.585000038146973,3161.0
2026-08-05 11:45:00,PTON,,6.5,6.505000114440918,6.489999771118164,6.505000114440918,26968.0
2026-08-05 11:45:00,PYPD,,4.489999771118164,4.489999771118164,4.489999771118164,4.489999771118164,26.0
2026-08-05 11:45:00,PYPL,,58.404998779296875,58.415000915527344,58.3650016784668,58.40999984741211,21757.0
2026-08-05 11:45:00,PZZA,,30.360000610351562,30.364999771118164,30.334999084472656,30.334999084472656,1596.0
2026-08-05 11:45:00,QCOM,,157.4250030517578,157.625,157.34500122070312,157.625,13527.0
2026-08-05 11:45:00,SEED,,0.9923999905586243,0.9923999905586243,0.9847999811172485,0.9847999811172485,2011.0
2026-08-05 11:45:00,TARA,,4.039999961853027,4.039999961853027,4.039999961853027,4.039999961853027,184.0
2026-08-05 11:46:00,ACDC,,4.364999771118164,4.364999771118164,4.364999771118164,4.364999771118164,833.0
2026-08-05 11:46:00,DTIL,,7.465000152587891,7.465000152587891,7.465000152587891,7.465000152587891,398.0
2026-08-05 11:46:00,EYE,,23.165000915527344,23.165000915527344,23.165000915527344,23.165000915527344,3490.0
2026-08-05 11:46:00,FIZZ,,31.94499969482422,31.94499969482422,31.94499969482422,31.94499969482422,301.0
2026-08-05 11:46:00,KITT,,1.0499999523162842,1.059999942779541,1.0499999523162842,1.059999942779541,7894.0
2026-08-05 11:46:00,LUNG,,1.9500000476837158,1.9500000476837158,1.940000057220459,1.940000057220459,3351.0
2026-08-05 11:46:00,MBRX,,0.4171999990940094,0.4172999858856201,0.4171999990940094,0.4172999858856201,701.0
2026-08-05 11:46:00,MDB,,377.1400146484375,377.1400146484375,377.0899963378906,377.0899963378906,360.0
2026-08-05 11:46:00,MDLZ,,62.119998931884766,62.14500045776367,62.119998931884766,62.13999938964844,7180.0
2026-08-05 11:46:00,MLTX,,17.6200008392334,17.6200008392334,17.610000610351562,17.610000610351562,1054.0
2026-08-05 11:46:00,MNST,,94.5199966430664,94.5199966430664,94.5,94.5,5627.0
2026-08-05 11:46:00,MNTS,,4.329999923706055,4.34499979019165,4.320000171661377,4.34499979019165,4388.0
2026-08-05 11:46:00,MORN,,198.02499389648438,198.02499389648438,197.99000549316406,198.02499389648438,621.0
2026-08-05 11:46:00,MOVE,,11.899999618530273,11.899999618530273,11.899999618530273,11.899999618530273,323.0
2026-08-05 11:46:00,MPWR,,1322.9000244140625,1322.9000244140625,1320.5250244140625,1322.4649658203125,301.0
2026-08-05 11:46:00,MRNA,,57.0099983215332,57.089900970458984,57.0099983215332,57.05500030517578,6284.0
2026-08-05 11:46:00,MSGM,,4.46999979019165,4.46999979019165,4.46999979019165,4.46999979019165,322.0
2026-08-05 11:46:00,MVBF,,30.5049991607666,30.510000228881836,30.450000762939453,30.510000228881836,1605.0
2026-08-05 11:46:00,MYGN,,3.255000114440918,3.255000114440918,3.255000114440918,3.255000114440918,2409.0
2026-08-05 11:46:00,NATR,,20.260000228881836,20.260000228881836,20.260000228881836,20.260000228881836,444.0
2026-08-05 11:46:00,NAVI,,9.109999656677246,9.109999656677246,9.104999542236328,9.104999542236328,2145.0
2026-08-05 11:46:00,NB,,5.089000225067139,5.089000225067139,5.079999923706055,5.085000038146973,1307.0
2026-08-05 11:46:00,NBIX,,163.9149932861328,163.9149932861328,163.9149932861328,163.9149932861328,796.0
2026-08-05 11:46:00,NBTB,,53.27000045776367,53.279998779296875,53.27000045776367,53.27000045776367,1249.0
2026-08-05 11:46:00,NCMI,,4.110000133514404,4.110000133514404,4.105000019073486,4.105000019073486,2204.0
2026-08-05 11:46:00,NCRA,,1.8401999473571777,1.8401999473571777,1.8401999473571777,1.8401999473571777,489.0
2026-08-05 11:46:00,NDAQ,,94.37000274658203,94.41999816894531,94.32009887695312,94.32009887695312,2148.0
2026-08-05 11:46:00,NDSN,,310.7900085449219,311.0350036621094,310.7900085449219,311.0350036621094,241.0
2026-08-05 11:46:00,NEO,,16.149999618530273,16.149999618530273,16.145000457763672,16.149999618530273,1668.0
2026-08-05 11:46:00,NEOG,,11.59000015258789,11.600000381469727,11.59000015258789,11.600000381469727,1523.0
2026-08-05 11:46:00,NEOV,,2.809999942779541,2.809999942779541,2.799999952316284,2.809999942779541,11098.0
2026-08-05 11:46:00,NESR,,28.510000228881836,28.510000228881836,28.510000228881836,28.510000228881836,357.0
2026-08-05 11:46:00,NEWT,,15.229999542236328,15.229999542236328,15.229999542236328,15.229999542236328,200.0
2026-08-05 11:46:00,NEXT,,6.389999866485596,6.400000095367432,6.389999866485596,6.400000095367432,1069.0
2026-08-05 11:46:00,NFE,,0.33640000224113464,0.33640000224113464,0.3352999985218048,0.3352999985218048,2821.0
2026-08-05 11:46:00,NFLX,,73.7750015258789,73.83509826660156,73.7750015258789,73.81500244140625,43618.0
2026-08-05 11:46:00,NGNE,,34.880001068115234,34.880001068115234,34.880001068115234,34.880001068115234,540.0
2026-08-05 11:46:00,NICE,,96.79499816894531,96.80000305175781,96.79499816894531,96.80000305175781,1684.0
2026-08-05 11:46:00,NKTR,,72.94000244140625,72.94000244140625,72.94000244140625,72.94000244140625,266.0
2026-08-05 11:46:00,NKTX,,2.184999942779541,2.184999942779541,2.180000066757202,2.180000066757202,458.0
2026-08-05 11:46:00,NMRK,,15.579999923706055,15.595000267028809,15.579999923706055,15.585000038146973,3944.0
2026-08-05 11:46:00,NN,,14.274999618530273,14.279999732971191,14.265000343322754,14.265000343322754,2104.0
2026-08-05 11:46:00,NNBR,,3.805000066757202,3.809999942779541,3.805000066757202,3.809999942779541,762.0
2026-08-05 11:46:00,NNDM,,1.5399999618530273,1.5399999618530273,1.5399999618530273,1.5399999618530273,1262.0
2026-08-05 11:46:00,NRIM,,26.924999237060547,26.924999237060547,26.924999237060547,26.924999237060547,1162.0
2026-08-05 11:46:00,NRIX,,24.670000076293945,24.670000076293945,24.670000076293945,24.670000076293945,900.0
2026-08-05 11:46:00,NRSN,,0.5478000044822693,0.5478000044822693,0.5478000044822693,0.5478000044822693,1000.0
2026-08-05 11:46:00,NRXP,,3.0399999618530273,3.0399999618530273,3.0399999618530273,3.0399999618530273,722.0
2026-08-05 11:46:00,NSSC,,40.380001068115234,40.380001068115234,40.380001068115234,40.380001068115234,365.0
2026-08-05 11:46:00,NTAP,,188.4600067138672,188.89500427246094,188.4499969482422,188.89500427246094,3538.0
2026-08-05 11:46:00,NTCT,,41.79999923706055,41.79999923706055,41.79999923706055,41.79999923706055,788.0
2026-08-05 11:46:00,NTNX,,60.345001220703125,60.345001220703125,60.31999969482422,60.31999969482422,2615.0
2026-08-05 11:46:00,NTRA,,277.01251220703125,277.29998779296875,276.94500732421875,276.94500732421875,3690.0
2026-08-05 11:46:00,NTRS,,183.52000427246094,183.64500427246094,183.47000122070312,183.64500427246094,4731.0
2026-08-05 11:46:00,NTRSO,,18.3799991607666,18.3799991607666,18.3799991607666,18.3799991607666,10.0
2026-08-05 11:46:00,NVAX,,7.659900188446045,7.659900188446045,7.659900188446045,7.659900188446045,1087.0
2026-08-05 11:46:00,NVCR,,16.059999465942383,16.059999465942383,16.059999465942383,16.059999465942383,237.0
2026-08-05 11:46:00,NVCT,,20.079999923706055,20.209999084472656,20.079999923706055,20.209999084472656,812.0
2026-08-05 11:46:00,NVDA,,219.86000061035156,219.86000061035156,219.57000732421875,219.74000549316406,198085.0
2026-08-05 11:46:00,NVEC,,128.14999389648438,128.14999389648438,128.0,128.0,1157.0
2026-08-05 11:46:00,NVMI,,410.1499938964844,410.1499938964844,410.1499938964844,410.1499938964844,104.0
2026-08-05 11:46:00,NVNI,,1.100000023841858,1.1100000143051147,1.100000023841858,1.1100000143051147,354.0
2026-08-05 11:46:00,NVTS,,12.475000381469727,12.475000381469727,12.449999809265137,12.46500015258789,12070.0
2026-08-05 11:46:00,NWGL,,0.272599995136261,0.272599995136261,0.272599995136261,0.272599995136261,500.0
2026-08-05 11:46:00,NWL,,6.230000019073486,6.239999771118164,6.230000019073486,6.231100082397461,2904.0
2026-08-05 11:46:00,NWPX,,127.26000213623047,127.33999633789062,127.26000213623047,127.33999633789062,1000.0
2026-08-05 11:46:00,NWS,,32.2599983215332,32.290000915527344,32.2599983215332,32.290000915527344,7576.0
2026-08-05 11:46:00,NWSA,,28.200000762939453,28.2450008392334,28.200000762939453,28.2450008392334,14034.0
2026-08-05 11:46:00,NXPI,,230.5800018310547,230.77000427246094,230.49000549316406,230.77000427246094,3004.0
2026-08-05 11:46:00,NXST,,192.76499938964844,192.76499938964844,192.76499938964844,192.76499938964844,796.0
2026-08-05 11:46:00,NXT,,99.15499877929688,99.27770233154297,99.12000274658203,99.2300033569336,2479.0
2026-08-05 11:46:00,OABI,,2.0799999237060547,2.0899999141693115,2.0799999237060547,2.0899999141693115,11891.0
2026-08-05 11:46:00,OCG,,1.6699999570846558,1.6700999736785889,1.6699999570846558,1.6699999570846558,1394.0
2026-08-05 11:46:00,OCGN,,1.2949999570846558,1.2949999570846558,1.2899999618530273,1.2899999618530273,5412.0
2026-08-05 11:46:00,OCSL,,12.140000343322754,12.140000343322754,12.140000343322754,12.140000343322754,286.0
2026-08-05 11:46:00,ODD,,15.164999961853027,15.164999961853027,15.100000381469727,15.119999885559082,4983.0
2026-08-05 11:46:00,ODFL,,215.0800018310547,215.25999450683594,215.0800018310547,215.25999450683594,1363.0
2026-08-05 11:46:00,OESX,,14.670000076293945,14.670000076293945,14.670000076293945,14.670000076293945,343.0
2026-08-05 11:46:00,OGI,,0.954200029373169,0.954200029373169,0.954200029373169,0.954200029373169,1391.0
2026-08-05 11:46:00,OKTA,,147.56500244140625,147.56500244140625,147.5500030517578,147.5500030517578,2214.0
2026-08-05 11:46:00,OLB,,0.3068000078201294,0.3100000023841858,0.3068000078201294,0.3100000023841858,10025.0
2026-08-05 11:46:00,OLLI,,78.45999908447266,78.45999908447266,78.37999725341797,78.38500213623047,14091.0
2026-08-05 11:46:00,OMH,,0.11249999701976776,0.11249999701976776,0.11249999701976776,0.11249999701976776,166.0
2026-08-05 11:46:00,ON,,77.22000122070312,77.23999786376953,77.1500015258789,77.2300033569336,24924.0
2026-08-05 11:46:00,ONB,,27.014999389648438,27.014999389648438,27.010000228881836,27.010000228881836,6032.0
2026-08-05 11:46:00,ONBPO,,24.774999618530273,24.774999618530273,24.760000228881836,24.760000228881836,0.0
2026-08-05 11:46:00,ONCY,,0.7907000184059143,0.7907000184059143,0.7907000184059143,0.7907000184059143,0.0
2026-08-05 11:46:00,ONDS,,8.819899559020996,8.819999694824219,8.800000190734863,8.8100004196167,265613.0
2026-08-05 11:46:00,ONFO,,0.0778999999165535,0.0778999999165535,0.07660000026226044,0.07670000195503235,192274.0
2026-08-05 11:46:00,ONMD,,0.670799970626831,0.670799970626831,0.670799970626831,0.670799970626831,826.0
2026-08-05 11:46:00,OPCH,,23.329999923706055,23.34000015258789,23.329999923706055,23.329999923706055,3284.0
2026-08-05 11:46:00,OPEN,,3.8550000190734863,3.859999895095825,3.8499999046325684,3.8499999046325684,29586.0
2026-08-05 11:46:00,ORLY,,92.87999725341797,92.98500061035156,92.87999725341797,92.98500061035156,6145.0
2026-08-05 11:46:00,OSPN,,16.479999542236328,16.479999542236328,16.420000076293945,16.420000076293945,4437.0
2026-08-05 11:46:00,OSS,,13.93179988861084,13.93179988861084,13.93179988861084,13.93179988861084,2179.0
2026-08-05 11:46:00,OTEX,,25.7549991607666,25.7549991607666,25.739999771118164,25.739999771118164,2592.0
2026-08-05 11:46:00,OTLK,,1.010200023651123,1.0199999809265137,1.010200023651123,1.0149999856948853,1943.0
2026-08-05 11:46:00,OXLC,,9.125,9.125,9.125,9.125,1001.0
2026-08-05 11:46:00,OXSQ,,1.4900000095367432,1.4900000095367432,1.4850000143051147,1.4900000095367432,1601.0
2026-08-05 11:46:00,PAA,,23.204999923706055,23.21500015258789,23.200000762939453,23.21500015258789,15306.0
2026-08-05 11:46:00,PAAS,,48.310001373291016,48.33000183105469,48.28499984741211,48.31999969482422,7878.0
2026-08-05 11:46:00,PACB,,1.4149999618530273,1.4199999570846558,1.409999966621399,1.4199999570846558,22181.0
2026-08-05 11:46:00,PAGP,,25.1200008392334,25.1200008392334,25.1200008392334,25.1200008392334,2129.0
2026-08-05 11:46:00,PALI,,2.0999999046325684,2.0999999046325684,2.0999999046325684,2.0999999046325684,402.0
2026-08-05 11:46:00,PANW,,363.625,363.6650085449219,363.1470947265625,363.2550048828125,5477.0
2026-08-05 11:46:00,PATK,,87.87999725341797,87.87999725341797,87.81999969482422,87.81999969482422,920.0
2026-08-05 11:46:00,PAX,,11.385000228881836,11.385000228881836,11.354999542236328,11.354999542236328,6872.0
2026-08-05 11:46:00,PAYO,,7.130000114440918,7.130000114440918,7.119999885559082,7.119999885559082,1730.0
2026-08-05 11:46:00,PAYX,,116.58000183105469,116.6449966430664,116.58000183105469,116.62999725341797,5214.0
2026-08-05 11:46:00,PCAR,,133.60499572753906,133.61000061035156,133.5800018310547,133.61000061035156,3549.0
2026-08-05 11:46:00,PCT,,6.889900207519531,6.889900207519531,6.885000228881836,6.888999938964844,1459.0
2026-08-05 11:46:00,PCTY,,144.5050048828125,144.5050048828125,144.5050048828125,144.5050048828125,713.0
2026-08-05 11:46:00,PDD,,91.4000015258789,91.4000015258789,91.3499984741211,91.3499984741211,8920.0
2026-08-05 11:46:00,PEGA,,31.584999084472656,31.584999084472656,31.579999923706055,31.579999923706055,1251.0
2026-08-05 11:46:00,PENN,,19.850000381469727,19.8700008392334,19.850000381469727,19.8700008392334,3999.0
2026-08-05 11:46:00,PEP,,138.33999633789062,138.40989685058594,138.3350067138672,138.38999938964844,24066.0
2026-08-05 11:46:00,PEPG,,1.909999966621399,1.9149999618530273,1.909999966621399,1.909999966621399,654.0
2026-08-05 11:46:00,PFG,,114.25,114.25,114.19999694824219,114.19999694824219,465.0
2026-08-05 11:46:00,PGEN,,6.96999979019165,6.985000133514404,6.96999979019165,6.970200061798096,18469.0
2026-08-05 11:46:00,PGNY,,31.639999389648438,31.645000457763672,31.639999389648438,31.645000457763672,778.0
2026-08-05 11:46:00,PGY,,21.700199127197266,21.709999084472656,21.69499969482422,21.709999084472656,925.0
2026-08-05 11:46:00,PHAT,,8.40149974822998,8.40149974822998,8.40149974822998,8.40149974822998,2918.0
2026-08-05 11:46:00,PHIO,,1.0504000186920166,1.0504000186920166,1.0499999523162842,1.0499999523162842,1634.0
2026-08-05 11:46:00,PHVS,,32.869998931884766,32.869998931884766,32.869998931884766,32.869998931884766,797.0
2026-08-05 11:46:00,PLSE,,36.79999923706055,36.79999923706055,36.73500061035156,36.73500061035156,1873.0
2026-08-05 11:46:00,PLUG,,2.0950000286102295,2.0999999046325684,2.0950000286102295,2.0950000286102295,16868.0
2026-08-05 11:46:00,PNFP,,107.47000122070312,107.47000122070312,107.47000122070312,107.47000122070312,202.0
2026-08-05 11:46:00,POET,,8.239999771118164,8.239999771118164,8.225000381469727,8.234999656677246,13945.0
2026-08-05 11:46:00,POOL,,204.8300018310547,204.85000610351562,204.67999267578125,204.85000610351562,3421.0
2026-08-05 11:46:00,POWL,,213.27999877929688,213.27999877929688,212.89999389648438,212.89999389648438,1165.0
2026-08-05 11:46:00,PPC,,26.600000381469727,26.6200008392334,26.59000015258789,26.6200008392334,38041.0
2026-08-05 11:46:00,PPTA,,22.566299438476562,22.566299438476562,22.545000076293945,22.545000076293945,2417.0
2026-08-05 11:46:00,PRCT,,18.970500946044922,18.979999542236328,18.969999313354492,18.969999313354492,1386.0
2026-08-05 11:46:00,PRDO,,32.869998931884766,32.869998931884766,32.869998931884766,32.869998931884766,776.0
2026-08-05 11:46:00,PRIM,,84.95999908447266,85.19999694824219,84.69000244140625,84.69000244140625,6697.0
2026-08-05 11:46:00,PRME,,2.9790000915527344,2.9790000915527344,2.9719998836517334,2.9749999046325684,6381.0
2026-08-05 11:46:00,PRQR,,1.8949999809265137,1.8949999809265137,1.8949999809265137,1.8949999809265137,2820.0
2026-08-05 11:46:00,PRTA,,8.555000305175781,8.555000305175781,8.545000076293945,8.545000076293945,1331.0
2026-08-05 11:46:00,PRTH,,6.579999923706055,6.579999923706055,6.579999923706055,6.579999923706055,207.0
2026-08-05 11:46:00,PRVA,,24.1299991607666,24.1299991607666,24.1200008392334,24.1200008392334,776.0
2026-08-05 11:46:00,PSEC,,2.184999942779541,2.190000057220459,2.182300090789795,2.184999942779541,1610.0
2026-08-05 11:46:00,PSNL,,13.640000343322754,13.640000343322754,13.640000343322754,13.640000343322754,420.0
2026-08-05 11:46:00,PSNY,,14.039999961853027,14.039999961853027,14.039999961853027,14.039999961853027,200.0
2026-08-05 11:46:00,PTC,,139.8699951171875,139.8699951171875,139.83999633789062,139.83999633789062,674.0
2026-08-05 11:46:00,PTCT,,69.16000366210938,69.16000366210938,69.1050033569336,69.1050033569336,544.0
2026-08-05 11:46:00,PTEN,,9.71500015258789,9.725000381469727,9.71500015258789,9.725000381469727,9075.0
2026-08-05 11:46:00,PTLO,,4.590000152587891,4.590099811553955,4.590000152587891,4.590099811553955,4920.0
2026-08-05 11:46:00,PTON,,6.489999771118164,6.489999771118164,6.480000019073486,6.489999771118164,14087.0
2026-08-05 11:46:00,PWP,,17.364999771118164,17.364999771118164,17.364999771118164,17.364999771118164,209.0
2026-08-05 11:46:00,PYPD,,4.489999771118164,4.489999771118164,4.489999771118164,4.489999771118164,102.0
2026-08-05 11:46:00,PYPL,,58.415000915527344,58.43000030517578,58.38999938964844,58.400001525878906,8664.0
2026-08-05 11:46:00,PYXS,,3.174999952316284,3.174999952316284,3.174999952316284,3.174999952316284,138.0
2026-08-05 11:46:00,PZZA,,30.34000015258789,30.34000015258789,30.299999237060547,30.34000015258789,3800.0
2026-08-05 11:46:00,QCOM,,157.39999389648438,157.4499969482422,157.30999755859375,157.42999267578125,28167.0
2026-08-05 11:46:00,QCRH,,105.04000091552734,105.04000091552734,105.04000091552734,105.04000091552734,130.0
2026-08-05 11:46:00,QQQX,,30.344999313354492,30.354999542236328,30.344999313354492,30.354999542236328,400.0
2026-08-05 11:46:00,QRVO,,94.55500030517578,94.5999984741211,94.55500030517578,94.5999984741211,760.0
2026-08-05 11:46:00,SEED,,0.9950000047683716,0.9950000047683716,0.9886000156402588,0.9923999905586243,1742.0
2026-08-05 11:46:00,STIM,,2.2799999713897705,2.2799999713897705,2.2799999713897705,2.2799999713897705,1165.0
2026-08-05 11:46:00,TARA,,4.039999961853027,4.039999961853027,4.039999961853027,4.039999961853027,105.0
2026-08-05 11:47:00,ACDC,,4.364999771118164,4.364999771118164,4.364999771118164,4.364999771118164,1958.0
2026-08-05 11:47:00,BPOP,,177.23980712890625,177.23980712890625,177.23980712890625,177.23980712890625,1568.0
2026-08-05 11:47:00,CPOP,,0.36419999599456787,0.36419999599456787,0.36419999599456787,0.36419999599456787,713.0
2026-08-05 11:47:00,DTIL,,7.474999904632568,7.474999904632568,7.474999904632568,7.474999904632568,1121.0
2026-08-05 11:47:00,EYE,,23.139999389648438,23.149999618530273,23.139999389648438,23.149999618530273,1724.0
2026-08-05 11:47:00,FIZZ,,31.934999465942383,31.934999465942383,31.934999465942383,31.934999465942383,445.0
2026-08-05 11:47:00,KITT,,1.0299999713897705,1.034999966621399,1.0299999713897705,1.0299999713897705,3010.0
2026-08-05 11:47:00,LUNG,,1.9550000429153442,1.9600000381469727,1.9550000429153442,1.9592000246047974,713.0
2026-08-05 11:47:00,MBRX,,0.4115000069141388,0.4171999990940094,0.4099999964237213,0.4171999990940094,38401.0
2026-08-05 11:47:00,MDB,,377.135009765625,377.1400146484375,377.135009765625,377.1400146484375,641.0
2026-08-05 11:47:00,MDLZ,,62.08000183105469,62.10499954223633,62.08000183105469,62.10499954223633,6580.0
2026-08-05 11:47:00,MLTX,,17.641599655151367,17.641599655151367,17.641599655151367,17.641599655151367,299.0
2026-08-05 11:47:00,MNST,,94.49500274658203,94.51000213623047,94.4800033569336,94.50499725341797,10781.0
2026-08-05 11:47:00,MNTS,,4.349999904632568,4.349999904632568,4.340000152587891,4.340000152587891,653.0
2026-08-05 11:47:00,MPWR,,1324.2149658203125,1325.06005859375,1322.9000244140625,1322.9000244140625,707.0
2026-08-05 11:47:00,MRNA,,57.05950164794922,57.05950164794922,57.03499984741211,57.04999923706055,3239.0
2026-08-05 11:47:00,MYRG,,338.90008544921875,339.75,338.90008544921875,339.75,400.0
2026-08-05 11:47:00,NATR,,20.260000228881836,20.260000228881836,20.25,20.260000228881836,1615.0
2026-08-05 11:47:00,NB,,5.099999904632568,5.099999904632568,5.085000038146973,5.085000038146973,3364.0
2026-08-05 11:47:00,NDAQ,,94.41000366210938,94.41000366210938,94.37000274658203,94.37000274658203,1109.0
2026-08-05 11:47:00,NDSN,,310.97198486328125,310.97198486328125,310.7900085449219,310.7900085449219,353.0
2026-08-05 11:47:00,NEO,,16.165000915527344,16.165000915527344,16.149999618530273,16.149999618530273,1229.0
2026-08-05 11:47:00,NEOG,,11.59000015258789,11.59000015258789,11.59000015258789,11.59000015258789,894.0
2026-08-05 11:47:00,NEON,,0.9605000019073486,0.9605000019073486,0.9605000019073486,0.9605000019073486,1800.0
2026-08-05 11:47:00,NEOV,,2.819999933242798,2.819999933242798,2.819999933242798,2.819999933242798,1252.0
2026-08-05 11:47:00,NESR,,28.510000228881836,28.510000228881836,28.5,28.510000228881836,1615.0
2026-08-05 11:47:00,NEWT,,15.229999542236328,15.229999542236328,15.229999542236328,15.229999542236328,417.0
2026-08-05 11:47:00,NFLX,,73.70500183105469,73.7750015258789,73.69000244140625,73.7750015258789,45355.0
2026-08-05 11:47:00,NICE,,96.65499877929688,96.66000366210938,96.6500015258789,96.66000366210938,1587.0
2026-08-05 11:47:00,NKTX,,2.190000057220459,2.190000057220459,2.180000066757202,2.180000066757202,6339.0
2026-08-05 11:47:00,NMRA,,1.6200000047683716,1.6200000047683716,1.6150000095367432,1.6150000095367432,978.0
2026-08-05 11:47:00,NMRK,,15.569999694824219,15.569999694824219,15.569999694824219,15.569999694824219,1584.0
2026-08-05 11:47:00,NN,,14.3149995803833,14.319999694824219,14.270000457763672,14.274999618530273,40043.0
2026-08-05 11:47:00,NNBR,,3.809999942779541,3.809999942779541,3.809999942779541,3.809999942779541,526.0
2026-08-05 11:47:00,NNDM,,1.5399999618530273,1.5449999570846558,1.5399999618530273,1.5399999618530273,2220.0
2026-08-05 11:47:00,NRDS,,9.164999961853027,9.164999961853027,9.15999984741211,9.15999984741211,2130.0
2026-08-05 11:47:00,NRIX,,24.670000076293945,24.670000076293945,24.670000076293945,24.670000076293945,404.0
2026-08-05 11:47:00,NTAP,,188.875,188.88999938964844,188.4600067138672,188.63999938964844,6629.0
2026-08-05 11:47:00,NTES,,127.76499938964844,127.76499938964844,127.76499938964844,127.76499938964844,471.0
2026-08-05 11:47:00,NTNX,,60.31999969482422,60.345001220703125,60.31999969482422,60.345001220703125,2589.0
2026-08-05 11:47:00,NTRA,,277.4800109863281,277.57000732421875,276.79998779296875,277.29998779296875,14545.0
2026-08-05 11:47:00,NTRS,,183.5399932861328,183.5399932861328,183.47000122070312,183.47000122070312,1715.0
2026-08-05 11:47:00,NUWE,,1.715000033378601,1.715000033378601,1.715000033378601,1.715000033378601,3554.0
2026-08-05 11:47:00,NVAX,,7.650100231170654,7.664999961853027,7.650100231170654,7.659999847412109,4634.0
2026-08-05 11:47:00,NVCR,,16.059999465942383,16.059999465942383,16.059999465942383,16.059999465942383,353.0
2026-08-05 11:47:00,NVDA,,219.89010620117188,220.00999450683594,219.77999877929688,219.86000061035156,230645.0
2026-08-05 11:47:00,NVMI,,410.4700012207031,410.4700012207031,410.4150085449219,410.4150085449219,250.0
2026-08-05 11:47:00,NVTS,,12.515000343322754,12.515000343322754,12.484999656677246,12.484999656677246,8164.0
2026-08-05 11:47:00,NWBI,,15.925000190734863,15.925000190734863,15.925000190734863,15.925000190734863,528.0
2026-08-05 11:47:00,NWE,,68.51000213623047,68.55000305175781,68.51000213623047,68.55000305175781,1158.0
2026-08-05 11:47:00,NWL,,6.230000019073486,6.239999771118164,6.230000019073486,6.235000133514404,4957.0
2026-08-05 11:47:00,NWSA,,28.174999237060547,28.190000534057617,28.170000076293945,28.190000534057617,5193.0
2026-08-05 11:47:00,NXPI,,230.85000610351562,231.00999450683594,230.7449951171875,230.7449951171875,2024.0
2026-08-05 11:47:00,NXT,,99.25,99.33000183105469,99.15499877929688,99.15499877929688,5657.0
2026-08-05 11:47:00,OCG,,1.659999966621399,1.659999966621399,1.659999966621399,1.659999966621399,311.0
2026-08-05 11:47:00,OCGN,,1.2949999570846558,1.2949999570846558,1.2899999618530273,1.2949999570846558,3664.0
2026-08-05 11:47:00,OCS,,12.029999732971191,12.029999732971191,12.029999732971191,12.029999732971191,429.0
2026-08-05 11:47:00,OCSL,,12.130000114440918,12.135000228881836,12.130000114440918,12.132499694824219,3711.0
2026-08-05 11:47:00,OCUL,,8.5,8.5,8.5,8.5,1749.0
2026-08-05 11:47:00,ODD,,15.164999961853027,15.164999961853027,15.140000343322754,15.140000343322754,1177.0
2026-08-05 11:47:00,ODFL,,215.0500030517578,215.0500030517578,215.0500030517578,215.0500030517578,631.0
2026-08-05 11:47:00,OESX,,14.930000305175781,14.930000305175781,14.930000305175781,14.930000305175781,1008.0
2026-08-05 11:47:00,OKTA,,147.6699981689453,147.69000244140625,147.6699981689453,147.68499755859375,2349.0
2026-08-05 11:47:00,OLLI,,78.44000244140625,78.45999908447266,78.44000244140625,78.45999908447266,2120.0
2026-08-05 11:47:00,OLMA,,11.619999885559082,11.649999618530273,11.619999885559082,11.649999618530273,3675.0
2026-08-05 11:47:00,OM,,4.945000171661377,4.945000171661377,4.940000057220459,4.940000057220459,205.0
2026-08-05 11:47:00,OMCL,,37.290000915527344,37.290000915527344,37.2599983215332,37.2599983215332,1137.0
2026-08-05 11:47:00,OMER,,12.789999961853027,12.789999961853027,12.779999732971191,12.779999732971191,1026.0
2026-08-05 11:47:00,OMH,,0.11159999668598175,0.11240000277757645,0.11140000075101852,0.11209999769926071,47557.0
2026-08-05 11:47:00,ON,,77.27999877929688,77.31500244140625,77.22000122070312,77.22000122070312,20525.0
2026-08-05 11:47:00,ONB,,27.010000228881836,27.010000228881836,27.010000228881836,27.010000228881836,2406.0
2026-08-05 11:47:00,ONCY,,0.7900999784469604,0.7907000184059143,0.7900999784469604,0.7900999784469604,1248.0
2026-08-05 11:47:00,ONDS,,8.824999809265137,8.84000015258789,8.819899559020996,8.819899559020996,249767.0
2026-08-05 11:47:00,ONFO,,0.07800000160932541,0.07800000160932541,0.0778999999165535,0.07800000160932541,41201.0
2026-08-05 11:47:00,ONTX,,17.18000030517578,17.190000534057617,17.18000030517578,17.190000534057617,255.0
2026-08-05 11:47:00,OPCH,,23.334999084472656,23.334999084472656,23.329999923706055,23.329999923706055,812.0
2026-08-05 11:47:00,OPEN,,3.8499999046325684,3.857599973678589,3.8499999046325684,3.8550000190734863,35698.0
2026-08-05 11:47:00,OPK,,1.309999942779541,1.309999942779541,1.309999942779541,1.309999942779541,784.0
2026-08-05 11:47:00,ORIC,,13.210000038146973,13.220000267028809,13.210000038146973,13.220000267028809,792.0
2026-08-05 11:47:00,ORLY,,92.84500122070312,92.87000274658203,92.80999755859375,92.86499786376953,8884.0
2026-08-05 11:47:00,OSBC,,25.739999771118164,25.739999771118164,25.719999313354492,25.725000381469727,2204.0
2026-08-05 11:47:00,OSPN,,16.469999313354492,16.469999313354492,16.469999313354492,16.469999313354492,500.0
2026-08-05 11:47:00,OSS,,13.907699584960938,13.907699584960938,13.907699584960938,13.907699584960938,2043.0
2026-08-05 11:47:00,OSUR,,4.179999828338623,4.179999828338623,4.179999828338623,4.179999828338623,1158.0
2026-08-05 11:47:00,OTEX,,25.729999542236328,25.75,25.729999542236328,25.75,1914.0
2026-08-05 11:47:00,OTLK,,1.0149999856948853,1.0199999809265137,1.0149999856948853,1.0149999856948853,1498.0
2026-08-05 11:47:00,OXLC,,9.125,9.125,9.125,9.125,201.0
2026-08-05 11:47:00,OXSQ,,1.4900000095367432,1.4900000095367432,1.4825999736785889,1.4825999736785889,878.0
2026-08-05 11:47:00,PAA,,23.19499969482422,23.200000762939453,23.19499969482422,23.200000762939453,2299.0
2026-08-05 11:47:00,PAAS,,48.29999923706055,48.310001373291016,48.290000915527344,48.310001373291016,3078.0
2026-08-05 11:47:00,PACB,,1.410099983215332,1.4199999570846558,1.409999966621399,1.4149999618530273,44002.0
2026-08-05 11:47:00,PALI,,2.0999999046325684,2.0999999046325684,2.0950000286102295,2.0999999046325684,1252.0
2026-08-05 11:47:00,PANW,,363.7099914550781,363.8500061035156,363.5400085449219,363.67999267578125,7272.0
2026-08-05 11:47:00,PATK,,88.02999877929688,88.02999877929688,87.94999694824219,87.94999694824219,1586.0
2026-08-05 11:47:00,PAX,,11.385000228881836,11.385000228881836,11.380000114440918,11.385000228881836,1495.0
2026-08-05 11:47:00,PAYO,,7.125,7.125,7.119999885559082,7.119999885559082,997.0
2026-08-05 11:47:00,PAYS,,9.154999732971191,9.154999732971191,9.149999618530273,9.149999618530273,569.0
2026-08-05 11:47:00,PAYX,,116.52999877929688,116.57499694824219,116.5199966430664,116.56500244140625,5637.0
2026-08-05 11:47:00,PCAR,,133.63999938964844,133.63999938964844,133.58999633789062,133.61500549316406,3712.0
2026-08-05 11:47:00,PCRX,,25.09000015258789,25.09000015258789,25.049999237060547,25.049999237060547,1189.0
2026-08-05 11:47:00,PCT,,6.889999866485596,6.889999866485596,6.889999866485596,6.889999866485596,2503.0
2026-08-05 11:47:00,PCTY,,144.2899932861328,144.2899932861328,144.2899932861328,144.2899932861328,406.0
2026-08-05 11:47:00,PDD,,91.3499984741211,91.38999938964844,91.33999633789062,91.38999938964844,11293.0
2026-08-05 11:47:00,PDFS,,50.459999084472656,50.459999084472656,50.45000076293945,50.45000076293945,2382.0
2026-08-05 11:47:00,PEGA,,31.530000686645508,31.584999084472656,31.530000686645508,31.584999084472656,3026.0
2026-08-05 11:47:00,PENN,,19.834999084472656,19.850000381469727,19.834999084472656,19.850000381469727,4588.0
2026-08-05 11:47:00,PEP,,138.23500061035156,138.3000030517578,138.2100067138672,138.3000030517578,4072.0
2026-08-05 11:47:00,PEPG,,1.909999966621399,1.9149999618530273,1.909999966621399,1.909999966621399,542.0
2026-08-05 11:47:00,PFG,,114.16999816894531,114.20999908447266,114.16999816894531,114.20999908447266,1126.0
2026-08-05 11:47:00,PGEN,,6.980000019073486,6.980000019073486,6.96999979019165,6.974999904632568,2334.0
2026-08-05 11:47:00,PGY,,21.670000076293945,21.690000534057617,21.670000076293945,21.690000534057617,631.0
2026-08-05 11:47:00,PLAB,,32.130001068115234,32.130001068115234,32.119998931884766,32.119998931884766,860.0
2026-08-05 11:47:00,PLBY,,1.1549999713897705,1.1549999713897705,1.1549999713897705,1.1549999713897705,8900.0
2026-08-05 11:47:00,PLRX,,1.0499999523162842,1.0499999523162842,1.0499999523162842,1.0499999523162842,200.0
2026-08-05 11:47:00,PLTK,,4.005000114440918,4.010000228881836,4.005000114440918,4.010000228881836,2324.0
2026-08-05 11:47:00,PLUG,,2.0950000286102295,2.0985000133514404,2.090100049972534,2.0950000286102295,6717.0
2026-08-05 11:47:00,PNFP,,107.55000305175781,107.55000305175781,107.55000305175781,107.55000305175781,427.0
2026-08-05 11:47:00,POET,,8.255000114440918,8.255000114440918,8.240099906921387,8.240099906921387,4695.0
2026-08-05 11:47:00,POWI,,62.02000045776367,62.02000045776367,62.02000045776367,62.02000045776367,1282.0
2026-08-05 11:47:00,POWL,,213.7100067138672,213.7100067138672,213.32000732421875,213.32000732421875,662.0
2026-08-05 11:47:00,PPC,,26.55500030517578,26.600000381469727,26.55500030517578,26.600000381469727,3228.0
2026-08-05 11:47:00,PPSI,,2.9800000190734863,2.994999885559082,2.9800000190734863,2.9800000190734863,320.0
2026-08-05 11:47:00,PPTA,,22.56839942932129,22.56999969482422,22.545000076293945,22.549999237060547,2349.0
2026-08-05 11:47:00,PRAX,,312.0799865722656,312.0799865722656,312.0799865722656,312.0799865722656,227.0
2026-08-05 11:47:00,PRCH,,15.970000267028809,15.970000267028809,15.970000267028809,15.970000267028809,207.0
2026-08-05 11:47:00,PRCT,,18.979999542236328,19.0,18.969999313354492,18.969999313354492,7754.0
2026-08-05 11:47:00,PRGS,,41.86000061035156,41.86000061035156,41.86000061035156,41.86000061035156,360.0
2026-08-05 11:47:00,PRIM,,84.95999908447266,84.97000122070312,84.95500183105469,84.95500183105469,1532.0
2026-08-05 11:47:00,PRME,,2.9763998985290527,2.9800000190734863,2.9763998985290527,2.9800000190734863,1579.0
2026-08-05 11:47:00,PRSO,,0.6938999891281128,0.6938999891281128,0.6938999891281128,0.6938999891281128,288.0
2026-08-05 11:47:00,PRTA,,8.555000305175781,8.555000305175781,8.555000305175781,8.555000305175781,237.0
2026-08-05 11:47:00,PRTH,,6.570000171661377,6.579999923706055,6.570000171661377,6.579999923706055,677.0
2026-08-05 11:47:00,PRVA,,24.110000610351562,24.110000610351562,24.110000610351562,24.110000610351562,1510.0
2026-08-05 11:47:00,PSEC,,2.184999942779541,2.190000057220459,2.184999942779541,2.184999942779541,3675.0
2026-08-05 11:47:00,PSNL,,13.664999961853027,13.664999961853027,13.649999618530273,13.649999618530273,2823.0
2026-08-05 11:47:00,PTC,,139.5399932861328,139.7100067138672,139.5399932861328,139.7100067138672,1402.0
2026-08-05 11:47:00,PTCT,,69.16999816894531,69.16999816894531,69.1050033569336,69.1050033569336,4443.0
2026-08-05 11:47:00,PTEN,,9.71500015258789,9.71500015258789,9.71500015258789,9.71500015258789,2896.0
2026-08-05 11:47:00,PTON,,6.505000114440918,6.505000114440918,6.480000019073486,6.480000019073486,80394.0
2026-08-05 11:47:00,PWP,,17.350000381469727,17.3799991607666,17.350000381469727,17.3700008392334,1789.0
2026-08-05 11:47:00,PYPL,,58.399898529052734,58.40999984741211,58.38999938964844,58.404998779296875,6082.0
2026-08-05 11:47:00,PYXS,,3.180000066757202,3.180000066757202,3.174999952316284,3.174999952316284,1268.0
2026-08-05 11:47:00,PZZA,,30.295000076293945,30.329999923706055,30.295000076293945,30.329999923706055,2126.0
2026-08-05 11:47:00,QCOM,,157.55999755859375,157.8000030517578,157.39999389648438,157.39999389648438,53517.0
2026-08-05 11:47:00,QFIN,,13.319999694824219,13.329999923706055,13.319999694824219,13.319999694824219,1781.0
2026-08-05 11:47:00,QQQX,,30.360000610351562,30.360000610351562,30.350000381469727,30.350000381469727,410.0
2026-08-05 11:47:00,QRVO,,94.63999938964844,94.63999938964844,94.62999725341797,94.62999725341797,428.0
2026-08-05 11:47:00,SEED,,1.0199999809265137,1.0299999713897705,1.0099999904632568,1.0099999904632568,1792.0
2026-08-05 11:47:00,TARA,,4.039000034332275,4.039999961853027,4.034999847412109,4.039999961853027,1065.0
2026-08-05 11:47:00,WOOF,,2.9149999618530273,2.9200000762939453,2.9149999618530273,2.9200000762939453,1956.0
2026-08-05 11:48:00,ACDC,,4.375,4.375,4.369999885559082,4.369999885559082,8972.0
2026-08-05 11:48:00,CASH,,89.1624984741211,89.1624984741211,89.1624984741211,89.1624984741211,135.0
2026-08-05 11:48:00,CNXN,,84.45999908447266,84.45999908447266,84.44999694824219,84.44999694824219,1034.0
2026-08-05 11:48:00,EYE,,23.139999389648438,23.170000076293945,23.1299991607666,23.1299991607666,12009.0
2026-08-05 11:48:00,FIZZ,,31.950000762939453,31.950000762939453,31.950000762939453,31.950000762939453,1312.0
2026-08-05 11:48:00,KITT,,1.037500023841858,1.037500023841858,1.037500023841858,1.037500023841858,0.0
2026-08-05 11:48:00,LUNG,,1.9600000381469727,1.9600000381469727,1.9600000381469727,1.9600000381469727,873.0
2026-08-05 11:48:00,MBRX,,0.40709999203681946,0.4088999927043915,0.4016000032424927,0.4050000011920929,16280.0
2026-08-05 11:48:00,MDLZ,,62.11000061035156,62.11000061035156,62.08000183105469,62.08000183105469,4766.0
2026-08-05 11:48:00,MLTX,,17.649999618530273,17.649999618530273,17.649999618530273,17.649999618530273,432.0
2026-08-05 11:48:00,MNRO,,13.119999885559082,13.119999885559082,13.119999885559082,13.119999885559082,581.0
2026-08-05 11:48:00,MNST,,94.4800033569336,94.5,94.4800033569336,94.49500274658203,11253.0
2026-08-05 11:48:00,MNTS,,4.364999771118164,4.364999771118164,4.360000133514404,4.360000133514404,661.0
2026-08-05 11:48:00,MORN,,197.625,197.67999267578125,197.5500030517578,197.625,1655.0
2026-08-05 11:48:00,MPWR,,1325.22998046875,1326.25,1324.719970703125,1325.06005859375,1317.0
2026-08-05 11:48:00,MRNA,,57.18000030517578,57.189998626708984,57.02000045776367,57.040000915527344,10831.0
2026-08-05 11:48:00,MYGN,,3.234999895095825,3.244999885559082,3.234999895095825,3.244999885559082,3144.0
2026-08-05 11:48:00,MYRG,,340.07000732421875,340.5400085449219,340.07000732421875,340.07501220703125,1298.0
2026-08-05 11:48:00,NAMS,,26.6200008392334,26.6200008392334,26.579999923706055,26.579999923706055,2520.0
2026-08-05 11:48:00,NAUT,,0.9602000117301941,0.9602000117301941,0.9602000117301941,0.9602000117301941,677.0
2026-08-05 11:48:00,NB,,5.09660005569458,5.09660005569458,5.09660005569458,5.09660005569458,624.0
2026-08-05 11:48:00,NBIX,,164.25999450683594,164.27499389648438,163.9199981689453,163.9199981689453,6722.0
2026-08-05 11:48:00,NBTX,,39.70000076293945,39.709999084472656,39.70000076293945,39.709999084472656,5860.0
2026-08-05 11:48:00,NDAQ,,94.27999877929688,94.3499984741211,94.27999877929688,94.3499984741211,3605.0
2026-08-05 11:48:00,NEGG,,16.799999237060547,16.799999237060547,16.799999237060547,16.799999237060547,938.0
2026-08-05 11:48:00,NEO,,16.139999389648438,16.149999618530273,16.139999389648438,16.145000457763672,1562.0
2026-08-05 11:48:00,NEOG,,11.59000015258789,11.59000015258789,11.585000038146973,11.59000015258789,9195.0
2026-08-05 11:48:00,NEON,,0.9606000185012817,0.9606000185012817,0.9606000185012817,0.9606000185012817,0.0
2026-08-05 11:48:00,NEOV,,2.819999933242798,2.819999933242798,2.815000057220459,2.819999933242798,2629.0
2026-08-05 11:48:00,NESR,,28.520000457763672,28.520000457763672,28.520000457763672,28.520000457763672,613.0
2026-08-05 11:48:00,NEXT,,6.400000095367432,6.40500020980835,6.394999980926514,6.394999980926514,5861.0
2026-08-05 11:48:00,NFLX,,73.63999938964844,73.70500183105469,73.625,73.70500183105469,48714.0
2026-08-05 11:48:00,NGNE,,34.91999816894531,34.91999816894531,34.91999816894531,34.91999816894531,166.0
2026-08-05 11:48:00,NICE,,96.65499877929688,96.78900146484375,96.65499877929688,96.78900146484375,1356.0
2026-08-05 11:48:00,NKTR,,73.12000274658203,73.13999938964844,72.95999908447266,72.95999908447266,2317.0
2026-08-05 11:48:00,NKTX,,2.190000057220459,2.190000057220459,2.190000057220459,2.190000057220459,2737.0
2026-08-05 11:48:00,NMRK,,15.550000190734863,15.550000190734863,15.550000190734863,15.550000190734863,1196.0
2026-08-05 11:48:00,NMTC,,1.6100000143051147,1.6200000047683716,1.6100000143051147,1.6200000047683716,997.0
2026-08-05 11:48:00,NN,,14.34000015258789,14.34000015258789,14.279999732971191,14.319999694824219,80722.0
2026-08-05 11:48:00,NNBR,,3.819999933242798,3.819999933242798,3.809999942779541,3.809999942779541,1485.0
2026-08-05 11:48:00,NNDM,,1.5399999618530273,1.5449999570846558,1.5399999618530273,1.5449999570846558,8080.0
2026-08-05 11:48:00,NOVT,,157.06500244140625,157.06500244140625,156.66000366210938,156.66000366210938,2684.0
2026-08-05 11:48:00,NRDS,,9.164999961853027,9.164999961853027,9.15999984741211,9.15999984741211,2170.0
2026-08-05 11:48:00,NRIM,,26.920000076293945,26.920000076293945,26.905000686645508,26.905000686645508,2091.0
2026-08-05 11:48:00,NRIX,,24.700000762939453,24.700000762939453,24.690000534057617,24.690000534057617,579.0
2026-08-05 11:48:00,NRSN,,0.5351999998092651,0.5351999998092651,0.5351999998092651,0.5351999998092651,0.0
2026-08-05 11:48:00,NRXP,,3.0350000858306885,3.0350000858306885,3.0350000858306885,3.0350000858306885,210.0
2026-08-05 11:48:00,NSSC,,40.40999984741211,40.40999984741211,40.40999984741211,40.40999984741211,304.0
2026-08-05 11:48:00,NTAP,,188.7050018310547,188.89999389648438,188.6750030517578,188.8350067138672,8802.0
2026-08-05 11:48:00,NTES,,127.68000030517578,127.68000030517578,127.68000030517578,127.68000030517578,777.0
2026-08-05 11:48:00,NTGR,,24.3799991607666,24.3799991607666,24.3799991607666,24.3799991607666,891.0
2026-08-05 11:48:00,NTNX,,60.29999923706055,60.29999923706055,60.279998779296875,60.279998779296875,1857.0
2026-08-05 11:48:00,NTRA,,277.5199890136719,277.5199890136719,277.3399963378906,277.3900146484375,759.0
2026-08-05 11:48:00,NUWE,,1.7200000286102295,1.7209999561309814,1.7200000286102295,1.7209999561309814,2610.0
2026-08-05 11:48:00,NVAX,,7.669899940490723,7.669899940490723,7.65500020980835,7.659999847412109,5640.0
2026-08-05 11:48:00,NVCR,,16.059999465942383,16.059999465942383,16.059999465942383,16.059999465942383,736.0
2026-08-05 11:48:00,NVDA,,219.92999267578125,219.97999572753906,219.74000549316406,219.9199981689453,174897.0
2026-08-05 11:48:00,NVMI,,411.5,411.5,411.20001220703125,411.20001220703125,854.0
2026-08-05 11:48:00,NVTS,,12.539999961853027,12.539999961853027,12.515000343322754,12.520000457763672,9101.0
2026-08-05 11:48:00,NWL,,6.230000019073486,6.235000133514404,6.230000019073486,6.231100082397461,8379.0
2026-08-05 11:48:00,NWS,,32.220001220703125,32.224998474121094,32.209999084472656,32.220001220703125,3442.0
2026-08-05 11:48:00,NWSA,,28.170000076293945,28.174999237060547,28.15999984741211,28.170000076293945,7253.0
2026-08-05 11:48:00,NXPI,,231.1199951171875,231.1300048828125,230.9550018310547,230.99000549316406,1856.0
2026-08-05 11:48:00,NXT,,99.3499984741211,99.3499984741211,99.25,99.25,2619.0
2026-08-05 11:48:00,NXTC,,5.130000114440918,5.130000114440918,5.130000114440918,5.130000114440918,4000.0
2026-08-05 11:48:00,OCFC,,19.735000610351562,19.735000610351562,19.735000610351562,19.735000610351562,1736.0
2026-08-05 11:48:00,OCGN,,1.2949999570846558,1.2949999570846558,1.2949999570846558,1.2949999570846558,1230.0
2026-08-05 11:48:00,OCSL,,12.130000114440918,12.135000228881836,12.129899978637695,12.129899978637695,7587.0
2026-08-05 11:48:00,OCUL,,8.505000114440918,8.505000114440918,8.505000114440918,8.505000114440918,3427.0
2026-08-05 11:48:00,ODFL,,214.94000244140625,214.94000244140625,214.85000610351562,214.88999938964844,1684.0
2026-08-05 11:48:00,OESX,,14.600000381469727,14.65999984741211,14.600000381469727,14.65999984741211,1569.0
2026-08-05 11:48:00,OFIX,,10.694999694824219,10.699999809265137,10.680700302124023,10.699999809265137,1786.0
2026-08-05 11:48:00,OLLI,,78.38999938964844,78.41000366210938,78.32499694824219,78.40010070800781,5829.0
2026-08-05 11:48:00,OMEX,,0.7408000230789185,0.7408000230789185,0.7408000230789185,0.7408000230789185,3000.0
2026-08-05 11:48:00,OMH,,0.1120000034570694,0.1120000034570694,0.11159999668598175,0.11159999668598175,9200.0
2026-08-05 11:48:00,ON,,77.33000183105469,77.3499984741211,77.25,77.29000091552734,26093.0
2026-08-05 11:48:00,ONB,,27.010000228881836,27.010000228881836,27.0049991607666,27.0049991607666,999.0
2026-08-05 11:48:00,ONCY,,0.7914000153541565,0.7914000153541565,0.7900999784469604,0.7900999784469604,1001.0
2026-08-05 11:48:00,ONDS,,8.854999542236328,8.859999656677246,8.819999694824219,8.824999809265137,249165.0
2026-08-05 11:48:00,ONFO,,0.0778999999165535,0.07800000160932541,0.0778999999165535,0.07800000160932541,26345.0
2026-08-05 11:48:00,OPCH,,23.34000015258789,23.350000381469727,23.334999084472656,23.34000015258789,2533.0
2026-08-05 11:48:00,OPEN,,3.842900037765503,3.85509991645813,3.840100049972534,3.8501999378204346,71286.0
2026-08-05 11:48:00,OPK,,1.315000057220459,1.315000057220459,1.3122999668121338,1.3122999668121338,17483.0
2026-08-05 11:48:00,OPRA,,20.024999618530273,20.030000686645508,20.024999618530273,20.030000686645508,2031.0
2026-08-05 11:48:00,ORGO,,2.3550000190734863,2.3550000190734863,2.3499999046325684,2.3499999046325684,827.0
2026-08-05 11:48:00,ORIC,,13.175000190734863,13.21500015258789,13.170000076293945,13.21500015258789,10555.0
2026-08-05 11:48:00,ORLY,,92.88500213623047,92.90499877929688,92.86000061035156,92.86000061035156,11887.0
2026-08-05 11:48:00,OSBC,,25.75,25.75,25.75,25.75,1056.0
2026-08-05 11:48:00,OSS,,13.9399995803833,13.9399995803833,13.899999618530273,13.899999618530273,3024.0
2026-08-05 11:48:00,OSUR,,4.164999961853027,4.170000076293945,4.164999961853027,4.170000076293945,1454.0
2026-08-05 11:48:00,OTEX,,25.719999313354492,25.719999313354492,25.709999084472656,25.709999084472656,1978.0
2026-08-05 11:48:00,OTLK,,1.0199999809265137,1.0199999809265137,1.0149999856948853,1.0149999856948853,1980.0
2026-08-05 11:48:00,OXLC,,9.119999885559082,9.119999885559082,9.119999885559082,9.119999885559082,1767.0
2026-08-05 11:48:00,OXSQ,,1.4850000143051147,1.4900000095367432,1.4850000143051147,1.4900000095367432,613.0
2026-08-05 11:48:00,PAA,,23.209999084472656,23.209999084472656,23.19499969482422,23.19499969482422,2762.0
2026-08-05 11:48:00,PAAS,,48.380001068115234,48.380001068115234,48.29999923706055,48.310001373291016,5884.0
2026-08-05 11:48:00,PACB,,1.4249999523162842,1.4249999523162842,1.409999966621399,1.4199999570846558,35853.0
2026-08-05 11:48:00,PAGP,,25.1200008392334,25.1200008392334,25.110000610351562,25.110000610351562,2256.0
2026-08-05 11:48:00,PALI,,2.0999999046325684,2.0999999046325684,2.0999999046325684,2.0999999046325684,2288.0
2026-08-05 11:48:00,PANW,,363.510009765625,363.7099914550781,363.22119140625,363.5899963378906,5678.0
2026-08-05 11:48:00,PAVS,,4.96999979019165,4.96999979019165,4.96999979019165,4.96999979019165,497.0
2026-08-05 11:48:00,PAX,,11.385000228881836,11.385000228881836,11.385000228881836,11.385000228881836,202.0
2026-08-05 11:48:00,PAYO,,7.119999885559082,7.125,7.119999885559082,7.125,748.0
2026-08-05 11:48:00,PAYX,,116.47000122070312,116.47000122070312,116.47000122070312,116.47000122070312,979.0
2026-08-05 11:48:00,PCAR,,133.67999267578125,133.67999267578125,133.58999633789062,133.61500549316406,3986.0
2026-08-05 11:48:00,PCT,,6.888999938964844,6.889999866485596,6.885000228881836,6.889999866485596,6643.0
2026-08-05 11:48:00,PCTY,,144.29010009765625,144.29010009765625,144.01010131835938,144.01010131835938,872.0
2026-08-05 11:48:00,PDD,,91.30999755859375,91.30999755859375,91.30999755859375,91.30999755859375,2132.0
2026-08-05 11:48:00,PDFS,,50.45000076293945,50.45000076293945,50.45000076293945,50.45000076293945,185.0
2026-08-05 11:48:00,PDLB,,20.520000457763672,20.520000457763672,20.520000457763672,20.520000457763672,699.0
2026-08-05 11:48:00,PEGA,,31.559999465942383,31.559999465942383,31.520000457763672,31.524999618530273,4896.0
2026-08-05 11:48:00,PENN,,19.815000534057617,19.829999923706055,19.799999237060547,19.829999923706055,8099.0
2026-08-05 11:48:00,PEP,,138.27999877929688,138.3000030517578,138.235107421875,138.235107421875,11344.0
2026-08-05 11:48:00,PEPG,,1.9149999618530273,1.9149999618530273,1.909999966621399,1.9149999618530273,1026.0
2026-08-05 11:48:00,PERI,,9.5600004196167,9.5600004196167,9.5600004196167,9.5600004196167,421.0
2026-08-05 11:48:00,PESI,,17.68000030517578,17.84000015258789,17.68000030517578,17.84000015258789,4487.0
2026-08-05 11:48:00,PFG,,114.29149627685547,114.38999938964844,114.29149627685547,114.31999969482422,1781.0
2026-08-05 11:48:00,PGEN,,6.985000133514404,6.985000133514404,6.960000038146973,6.974999904632568,11872.0
2026-08-05 11:48:00,PGNY,,31.6299991607666,31.6299991607666,31.6299991607666,31.6299991607666,1146.0
2026-08-05 11:48:00,PGY,,21.670000076293945,21.670000076293945,21.670000076293945,21.670000076293945,2039.0
2026-08-05 11:48:00,PHAT,,8.4399995803833,8.449999809265137,8.420000076293945,8.430000305175781,9739.0
2026-08-05 11:48:00,PLAB,,32.15999984741211,32.15999984741211,32.130001068115234,32.130001068115234,392.0
2026-08-05 11:48:00,PLBY,,1.1568000316619873,1.1568000316619873,1.1568000316619873,1.1568000316619873,0.0
2026-08-05 11:48:00,PLMR,,134.91000366210938,135.05999755859375,134.77999877929688,134.77999877929688,3517.0
2026-08-05 11:48:00,PLUG,,2.0899999141693115,2.0999999046325684,2.0899999141693115,2.0950000286102295,22666.0
2026-08-05 11:48:00,PNFP,,107.52999877929688,107.52999877929688,107.52999877929688,107.52999877929688,690.0
2026-08-05 11:48:00,PNRG,,184.02499389648438,184.02499389648438,184.02499389648438,184.02499389648438,1576.0
2026-08-05 11:48:00,POET,,8.270000457763672,8.270000457763672,8.25,8.255000114440918,9104.0
2026-08-05 11:48:00,POOL,,204.41000366210938,204.49000549316406,204.35000610351562,204.35000610351562,2103.0
2026-08-05 11:48:00,POWI,,62.13999938964844,62.13999938964844,62.05500030517578,62.05500030517578,1040.0
2026-08-05 11:48:00,POWL,,214.08999633789062,214.22000122070312,214.0261993408203,214.0261993408203,2409.0
2026-08-05 11:48:00,PPC,,26.559999465942383,26.559999465942383,26.549999237060547,26.549999237060547,1903.0
2026-08-05 11:48:00,PPSI,,2.9800000190734863,2.9800000190734863,2.9800000190734863,2.9800000190734863,200.0
2026-08-05 11:48:00,PPTA,,22.56999969482422,22.56999969482422,22.520000457763672,22.520000457763672,3286.0
2026-08-05 11:48:00,PRAX,,311.92999267578125,311.92999267578125,311.7099914550781,311.7099914550781,424.0
2026-08-05 11:48:00,PRCH,,15.96500015258789,15.96500015258789,15.96500015258789,15.96500015258789,285.0
2026-08-05 11:48:00,PRCT,,18.975000381469727,18.9950008392334,18.96500015258789,18.9950008392334,3322.0
2026-08-05 11:48:00,PRDO,,32.81999969482422,32.81999969482422,32.81999969482422,32.81999969482422,497.0
2026-08-05 11:48:00,PRGS,,41.77000045776367,41.79999923706055,41.77000045776367,41.79999923706055,10624.0
2026-08-05 11:48:00,PRIM,,84.95500183105469,84.95999908447266,84.95500183105469,84.95999908447266,1682.0
2026-08-05 11:48:00,PRME,,2.9749999046325684,2.9749999046325684,2.9749999046325684,2.9749999046325684,1522.0
2026-08-05 11:48:00,PRSO,,0.6995999813079834,0.6995999813079834,0.6995999813079834,0.6995999813079834,157.0
2026-08-05 11:48:00,PRVA,,24.110000610351562,24.110000610351562,24.110000610351562,24.110000610351562,389.0
2026-08-05 11:48:00,PSEC,,2.184999942779541,2.184999942779541,2.184999942779541,2.184999942779541,1402.0
2026-08-05 11:48:00,PSNL,,13.630000114440918,13.664999961853027,13.630000114440918,13.664999961853027,5575.0
2026-08-05 11:48:00,PSNY,,13.970000267028809,13.970000267028809,13.970000267028809,13.970000267028809,768.0
2026-08-05 11:48:00,PTC,,139.4499969482422,139.4499969482422,139.4499969482422,139.4499969482422,698.0
2026-08-05 11:48:00,PTEN,,9.725000381469727,9.729999542236328,9.71500015258789,9.720000267028809,12491.0
2026-08-05 11:48:00,PTON,,6.5,6.510000228881836,6.5,6.510000228881836,6705.0
2026-08-05 11:48:00,PUBM,,13.460000038146973,13.489999771118164,13.460000038146973,13.489999771118164,1468.0
2026-08-05 11:48:00,PWP,,17.3700008392334,17.3700008392334,17.354999542236328,17.360000610351562,2787.0
2026-08-05 11:48:00,PYPD,,4.46999979019165,4.489999771118164,4.46999979019165,4.489999771118164,3144.0
2026-08-05 11:48:00,PYPL,,58.38999938964844,58.40999984741211,58.38999938964844,58.400001525878906,6173.0
2026-08-05 11:48:00,PZZA,,30.270000457763672,30.290000915527344,30.270000457763672,30.28499984741211,2115.0
2026-08-05 11:48:00,QCOM,,157.94000244140625,157.94000244140625,157.5800018310547,157.58999633789062,24823.0
2026-08-05 11:48:00,QCRH,,104.9800033569336,104.9800033569336,104.9800033569336,104.9800033569336,389.0
2026-08-05 11:48:00,QRVO,,94.57499694824219,94.62999725341797,94.57499694824219,94.62999725341797,884.0
2026-08-05 11:48:00,SEED,,1.0149999856948853,1.0299999713897705,1.0099999904632568,1.0299999713897705,1501.0
2026-08-05 11:48:00,STIM,,2.2799999713897705,2.2799999713897705,2.2799999713897705,2.2799999713897705,181.0
2026-08-05 11:48:00,TARA,,4.039999961853027,4.039999961853027,4.039999961853027,4.039999961853027,305.0
2026-08-05 11:48:00,WOOF,,2.9149999618530273,2.9175000190734863,2.910099983215332,2.910099983215332,1240.0
2026-08-05 11:49:00,ACDC,,4.364999771118164,4.375,4.364999771118164,4.375,6623.0
2026-08-05 11:49:00,CNXN,,84.3499984741211,84.3499984741211,84.33999633789062,84.33999633789062,574.0
2026-08-05 11:49:00,CPOP,,0.3698999881744385,0.3698999881744385,0.3698999881744385,0.3698999881744385,240.0
2026-08-05 11:49:00,GLUE,,15.859999656677246,15.880000114440918,15.859999656677246,15.880000114440918,2254.0
2026-08-05 11:49:00,LUNG,,1.9550000429153442,1.9550000429153442,1.9550000429153442,1.9550000429153442,422.0
2026-08-05 11:49:00,MBRX,,0.41519999504089355,0.41519999504089355,0.40529999136924744,0.40529999136924744,10831.0
2026-08-05 11:49:00,MDB,,376.8550109863281,377.114990234375,376.8550109863281,377.114990234375,1228.0
2026-08-05 11:49:00,MDLZ,,62.11000061035156,62.130001068115234,62.099998474121094,62.11000061035156,15285.0
2026-08-05 11:49:00,MLTX,,17.6299991607666,17.65999984741211,17.6299991607666,17.65999984741211,1014.0
2026-08-05 11:49:00,MNRO,,13.125,13.125,13.125,13.125,211.0
2026-08-05 11:49:00,MNST,,94.50499725341797,94.51499938964844,94.47000122070312,94.5,13979.0
2026-08-05 11:49:00,MORN,,197.6199951171875,197.6199951171875,197.6199951171875,197.6199951171875,446.0
2026-08-05 11:49:00,MOVE,,11.900099754333496,11.900099754333496,11.899999618530273,11.899999618530273,774.0
2026-08-05 11:49:00,MPWR,,1324.530029296875,1327.280029296875,1324.530029296875,1327.280029296875,449.0
2026-08-05 11:49:00,MRNA,,57.04999923706055,57.10499954223633,57.04999923706055,57.10499954223633,1219.0
2026-08-05 11:49:00,MYGN,,3.234999895095825,3.234999895095825,3.234999895095825,3.234999895095825,1494.0
2026-08-05 11:49:00,MYPS,,0.7226999998092651,0.7226999998092651,0.7226999998092651,0.7226999998092651,412.0
2026-08-05 11:49:00,NAMS,,26.639999389648438,26.639999389648438,26.559999465942383,26.6200008392334,5989.0
2026-08-05 11:49:00,NAUT,,0.960099995136261,0.960099995136261,0.960099995136261,0.960099995136261,366.0
2026-08-05 11:49:00,NAVI,,9.100000381469727,9.100000381469727,9.100000381469727,9.100000381469727,1361.0
2026-08-05 11:49:00,NB,,5.09499979019165,5.09499979019165,5.09499979019165,5.09499979019165,1952.0
2026-08-05 11:49:00,NBIX,,164.30999755859375,164.30999755859375,164.30999755859375,164.30999755859375,554.0
2026-08-05 11:49:00,NBTB,,53.28499984741211,53.290000915527344,53.28499984741211,53.290000915527344,370.0
2026-08-05 11:49:00,NCPL,,0.41179999709129333,0.41179999709129333,0.41179999709129333,0.41179999709129333,1097.0
2026-08-05 11:49:00,NDAQ,,94.30000305175781,94.30000305175781,94.22000122070312,94.25,1578.0
2026-08-05 11:49:00,NDSN,,310.8699951171875,310.8699951171875,310.8699951171875,310.8699951171875,92.0
2026-08-05 11:49:00,NEO,,16.149999618530273,16.149999618530273,16.139999389648438,16.149999618530273,1993.0
2026-08-05 11:49:00,NEOG,,11.585000038146973,11.59000015258789,11.585000038146973,11.59000015258789,2158.0
2026-08-05 11:49:00,NEON,,0.9605000019073486,0.9606999754905701,0.9605000019073486,0.9605000019073486,4005.0
2026-08-05 11:49:00,NEOV,,2.8176000118255615,2.8176000118255615,2.8176000118255615,2.8176000118255615,604.0
2026-08-05 11:49:00,NESR,,28.540000915527344,28.540000915527344,28.53499984741211,28.53499984741211,1540.0
2026-08-05 11:49:00,NEXT,,6.394999980926514,6.394999980926514,6.394999980926514,6.394999980926514,1254.0
2026-08-05 11:49:00,NFLX,,73.66999816894531,73.69000244140625,73.6353988647461,73.64990234375,51283.0
2026-08-05 11:49:00,NICE,,96.625,96.625,96.5,96.5199966430664,1552.0
2026-08-05 11:49:00,NKTR,,73.08000183105469,73.08000183105469,73.04000091552734,73.05000305175781,774.0
2026-08-05 11:49:00,NMRA,,1.6100000143051147,1.6150000095367432,1.6100000143051147,1.6150000095367432,1319.0
2026-08-05 11:49:00,NMRK,,15.529999732971191,15.539999961853027,15.529999732971191,15.539999961853027,5222.0
2026-08-05 11:49:00,NMTC,,1.6299999952316284,1.6299999952316284,1.6100000143051147,1.6100000143051147,1798.0
2026-08-05 11:49:00,NN,,14.319999694824219,14.34000015258789,14.3149995803833,14.319999694824219,4454.0
2026-08-05 11:49:00,NNBR,,3.799999952316284,3.815000057220459,3.799999952316284,3.815000057220459,1074.0
2026-08-05 11:49:00,NNDM,,1.5449999570846558,1.5449999570846558,1.5449999570846558,1.5449999570846558,606.0
2026-08-05 11:49:00,NNOX,,1.0149999856948853,1.0199999809265137,1.0149999856948853,1.0199999809265137,1371.0
2026-08-05 11:49:00,NOVT,,156.80999755859375,156.97000122070312,156.7899932861328,156.97000122070312,3346.0
2026-08-05 11:49:00,NPCE,,13.520000457763672,13.520000457763672,13.520000457763672,13.520000457763672,265.0
2026-08-05 11:49:00,NRIX,,24.65999984741211,24.65999984741211,24.65999984741211,24.65999984741211,908.0
2026-08-05 11:49:00,NTAP,,188.5800018310547,188.74000549316406,188.5800018310547,188.72000122070312,2897.0
2026-08-05 11:49:00,NTNX,,60.23500061035156,60.25,60.209999084472656,60.25,4157.0
2026-08-05 11:49:00,NTRA,,278.0899963378906,278.1099853515625,277.19500732421875,277.25,5733.0
2026-08-05 11:49:00,NTRSO,,18.3799991607666,18.3799991607666,18.3799991607666,18.3799991607666,1403.0
2026-08-05 11:49:00,NUTX,,157.02000427246094,157.02000427246094,157.02000427246094,157.02000427246094,1157.0
2026-08-05 11:49:00,NUWE,,1.7200000286102295,1.7200000286102295,1.7200000286102295,1.7200000286102295,563.0
2026-08-05 11:49:00,NVAX,,7.659999847412109,7.659999847412109,7.659999847412109,7.659999847412109,900.0
2026-08-05 11:49:00,NVCT,,20.059999465942383,20.059999465942383,20.059999465942383,20.059999465942383,753.0
2026-08-05 11:49:00,NVDA,,219.6201934814453,219.98989868164062,219.5800018310547,219.9178924560547,209703.0
2026-08-05 11:49:00,NVMI,,411.0199890136719,412.05999755859375,411.0199890136719,412.05999755859375,1043.0
2026-08-05 11:49:00,NVTS,,12.539999961853027,12.545000076293945,12.515000343322754,12.545000076293945,11275.0
2026-08-05 11:49:00,NWBI,,15.925000190734863,15.925000190734863,15.925000190734863,15.925000190734863,907.0
2026-08-05 11:49:00,NWL,,6.211299896240234,6.23390007019043,6.199999809265137,6.230000019073486,48194.0
2026-08-05 11:49:00,NWPX,,127.27999877929688,127.54000091552734,127.2300033569336,127.54000091552734,1665.0
2026-08-05 11:49:00,NWS,,32.20000076293945,32.22999954223633,32.20000076293945,32.22999954223633,1712.0
2026-08-05 11:49:00,NWSA,,28.155000686645508,28.170000076293945,28.155000686645508,28.170000076293945,2553.0
2026-08-05 11:49:00,NXPI,,231.0489044189453,231.3000030517578,231.0489044189453,231.3000030517578,4219.0
2026-08-05 11:49:00,NXT,,99.49500274658203,99.52670288085938,99.29499816894531,99.29499816894531,4627.0
2026-08-05 11:49:00,NXTC,,5.130000114440918,5.210000038146973,5.130000114440918,5.210000038146973,0.0
2026-08-05 11:49:00,OCGN,,1.2949999570846558,1.2949999570846558,1.2949999570846558,1.2949999570846558,3009.0
2026-08-05 11:49:00,OCS,,12.069999694824219,12.069999694824219,12.069999694824219,12.069999694824219,131.0
2026-08-05 11:49:00,OCSL,,12.130000114440918,12.130000114440918,12.130000114440918,12.130000114440918,1264.0
2026-08-05 11:49:00,OCUL,,8.494999885559082,8.5,8.489999771118164,8.5,10736.0
2026-08-05 11:49:00,ODD,,15.100000381469727,15.130000114440918,15.100000381469727,15.130000114440918,1020.0
2026-08-05 11:49:00,ODFL,,214.63999938964844,214.63999938964844,214.63999938964844,214.63999938964844,1269.0
2026-08-05 11:49:00,OESX,,14.5,14.5,14.5,14.5,2018.0
2026-08-05 11:49:00,OLLI,,78.4000015258789,78.4000015258789,78.3499984741211,78.36000061035156,3738.0
2026-08-05 11:49:00,OLMA,,11.595000267028809,11.595000267028809,11.595000267028809,11.595000267028809,230.0
2026-08-05 11:49:00,OMCL,,37.25,37.25,37.2400016784668,37.2400016784668,670.0
2026-08-05 11:49:00,OMER,,12.789999961853027,12.819999694824219,12.788299560546875,12.800000190734863,4369.0
2026-08-05 11:49:00,OMH,,0.11159999668598175,0.11249999701976776,0.11159999668598175,0.11159999668598175,10915.0
2026-08-05 11:49:00,ON,,77.32499694824219,77.3499984741211,77.23999786376953,77.32499694824219,35208.0
2026-08-05 11:49:00,ONB,,26.989999771118164,27.0,26.989999771118164,27.0,10157.0
2026-08-05 11:49:00,ONBPO,,24.790000915527344,24.790000915527344,24.790000915527344,24.790000915527344,200.0
2026-08-05 11:49:00,ONCY,,0.7914999723434448,0.7928000092506409,0.7914000153541565,0.7914000153541565,4784.0
2026-08-05 11:49:00,ONDS,,8.848299980163574,8.86989974975586,8.84000015258789,8.854999542236328,193494.0
2026-08-05 11:49:00,ONFO,,0.0778999999165535,0.07800000160932541,0.0778999999165535,0.07800000160932541,21783.0
2026-08-05 11:49:00,OPAL,,2.319999933242798,2.319999933242798,2.319999933242798,2.319999933242798,770.0
2026-08-05 11:49:00,OPCH,,23.350000381469727,23.350000381469727,23.34000015258789,23.34000015258789,2999.0
2026-08-05 11:49:00,OPEN,,3.839900016784668,3.8499999046325684,3.8299999237060547,3.8450000286102295,110846.0
2026-08-05 11:49:00,OPRA,,19.989999771118164,19.989999771118164,19.989999771118164,19.989999771118164,277.0
2026-08-05 11:49:00,OPRX,,6.71999979019165,6.71999979019165,6.71999979019165,6.71999979019165,1904.0
2026-08-05 11:49:00,ORGO,,2.3519999980926514,2.3519999980926514,2.3499999046325684,2.3499999046325684,2399.0
2026-08-05 11:49:00,ORIC,,13.170000076293945,13.175000190734863,13.170000076293945,13.175000190734863,1420.0
2026-08-05 11:49:00,ORLY,,92.94999694824219,92.96499633789062,92.87660217285156,92.87660217285156,9966.0
2026-08-05 11:49:00,OSPN,,16.389999389648438,16.40999984741211,16.389999389648438,16.40999984741211,3184.0
2026-08-05 11:49:00,OSS,,13.9399995803833,13.9399995803833,13.9399995803833,13.9399995803833,1161.0
2026-08-05 11:49:00,OSUR,,4.164999961853027,4.164999961853027,4.164999961853027,4.164999961853027,149.0
2026-08-05 11:49:00,OSW,,26.639999389648438,26.68000030517578,26.639999389648438,26.670000076293945,2883.0
2026-08-05 11:49:00,OTEX,,25.69499969482422,25.709999084472656,25.690000534057617,25.700000762939453,2903.0
2026-08-05 11:49:00,OTLK,,1.0198999643325806,1.0199999809265137,1.0149999856948853,1.0149999856948853,11156.0
2026-08-05 11:49:00,OVID,,2.6449999809265137,2.6449999809265137,2.6449999809265137,2.6449999809265137,906.0
2026-08-05 11:49:00,OXLC,,9.130000114440918,9.135000228881836,9.130000114440918,9.135000228881836,982.0
2026-08-05 11:49:00,OXSQ,,1.4900000095367432,1.4900000095367432,1.4900000095367432,1.4900000095367432,269.0
2026-08-05 11:49:00,PAA,,23.21500015258789,23.21500015258789,23.200000762939453,23.209999084472656,9359.0
2026-08-05 11:49:00,PAAS,,48.31999969482422,48.349998474121094,48.26499938964844,48.349998474121094,8667.0
2026-08-05 11:49:00,PACB,,1.4249999523162842,1.4249999523162842,1.4249999523162842,1.4249999523162842,1153.0
2026-08-05 11:49:00,PAGP,,25.114999771118164,25.114999771118164,25.114999771118164,25.114999771118164,501.0
2026-08-05 11:49:00,PALI,,2.0950000286102295,2.0999999046325684,2.0950000286102295,2.0999999046325684,1791.0
2026-08-05 11:49:00,PANW,,363.5350036621094,363.5350036621094,363.1499938964844,363.2200012207031,5052.0
2026-08-05 11:49:00,PATK,,88.02999877929688,88.08000183105469,88.02999877929688,88.08000183105469,608.0
2026-08-05 11:49:00,PAX,,11.390000343322754,11.390000343322754,11.390000343322754,11.390000343322754,1128.0
2026-08-05 11:49:00,PAYO,,7.119999885559082,7.125,7.119999885559082,7.119999885559082,4958.0
2026-08-05 11:49:00,PAYX,,116.41999816894531,116.41999816894531,116.37000274658203,116.41999816894531,4871.0
2026-08-05 11:49:00,PBYI,,8.0,8.010000228881836,8.0,8.010000228881836,1062.0
2026-08-05 11:49:00,PCAR,,133.6199951171875,133.66000366210938,133.6199951171875,133.66000366210938,1360.0
2026-08-05 11:49:00,PCRX,,25.045000076293945,25.045000076293945,25.045000076293945,25.045000076293945,342.0
2026-08-05 11:49:00,PCT,,6.889999866485596,6.890200138092041,6.889999866485596,6.889999866485596,4550.0
2026-08-05 11:49:00,PCTY,,144.02000427246094,144.02000427246094,143.74000549316406,143.74000549316406,504.0
2026-08-05 11:49:00,PDD,,91.26499938964844,91.30000305175781,91.25,91.30000305175781,6194.0
2026-08-05 11:49:00,PDSB,,0.7139000296592712,0.7139000296592712,0.7139000296592712,0.7139000296592712,430.0
2026-08-05 11:49:00,PEBO,,41.564998626708984,41.564998626708984,41.54999923706055,41.54999923706055,514.0
2026-08-05 11:49:00,PEGA,,31.59000015258789,31.6200008392334,31.56999969482422,31.56999969482422,8182.0
2026-08-05 11:49:00,PENN,,19.809999465942383,19.81999969482422,19.809999465942383,19.81999969482422,8700.0
2026-08-05 11:49:00,PEP,,138.3300018310547,138.33999633789062,138.27499389648438,138.27499389648438,10492.0
2026-08-05 11:49:00,PEPG,,1.9149999618530273,1.9149999618530273,1.909999966621399,1.909999966621399,245.0
2026-08-05 11:49:00,PERI,,9.550000190734863,9.5600004196167,9.550000190734863,9.555000305175781,9586.0
2026-08-05 11:49:00,PFBC,,106.33999633789062,106.33999633789062,106.33999633789062,106.33999633789062,1019.0
2026-08-05 11:49:00,PFG,,114.36499786376953,114.36499786376953,114.36499786376953,114.36499786376953,1105.0
2026-08-05 11:49:00,PGEN,,6.974999904632568,6.985000133514404,6.974999904632568,6.985000133514404,4177.0
2026-08-05 11:49:00,PGY,,21.649999618530273,21.690000534057617,21.639999389648438,21.690000534057617,5425.0
2026-08-05 11:49:00,PHAT,,8.420000076293945,8.420000076293945,8.420000076293945,8.420000076293945,3195.0
2026-08-05 11:49:00,PHVS,,32.75,32.88999938964844,32.75,32.88999938964844,498.0
2026-08-05 11:49:00,PLAB,,32.1349983215332,32.16999816894531,32.1349983215332,32.16999816894531,1177.0
2026-08-05 11:49:00,PLBY,,1.1549999713897705,1.1549999713897705,1.1549999713897705,1.1549999713897705,417.0
2026-08-05 11:49:00,PLUG,,2.0899999141693115,2.0999999046325684,2.0899999141693115,2.0906999111175537,138751.0
2026-08-05 11:49:00,PLXS,,275.625,275.625,275.625,275.625,895.0
2026-08-05 11:49:00,POET,,8.265000343322754,8.270000457763672,8.244999885559082,8.270000457763672,9489.0
2026-08-05 11:49:00,POOL,,204.33009338378906,204.33009338378906,204.33009338378906,204.33009338378906,440.0
2026-08-05 11:49:00,POWL,,214.1649932861328,214.47000122070312,214.1649932861328,214.19000244140625,774.0
2026-08-05 11:49:00,PPC,,26.56999969482422,26.56999969482422,26.56999969482422,26.56999969482422,1406.0
2026-08-05 11:49:00,PPTA,,22.559999465942383,22.59000015258789,22.520000457763672,22.59000015258789,2074.0
2026-08-05 11:49:00,PRCH,,15.949999809265137,15.949999809265137,15.9399995803833,15.949999809265137,2524.0
2026-08-05 11:49:00,PRCT,,18.969999313354492,18.975000381469727,18.969999313354492,18.975000381469727,1462.0
2026-08-05 11:49:00,PRDO,,32.810001373291016,32.810001373291016,32.810001373291016,32.810001373291016,557.0
2026-08-05 11:49:00,PRE,,18.780000686645508,18.780000686645508,18.780000686645508,18.780000686645508,265.0
2026-08-05 11:49:00,PRIM,,84.98999786376953,85.30000305175781,84.8550033569336,85.12000274658203,16556.0
2026-08-05 11:49:00,PRME,,2.9749999046325684,2.9749999046325684,2.9749999046325684,2.9749999046325684,621.0
2026-08-05 11:49:00,PROK,,1.625,1.625,1.625,1.625,274.0
2026-08-05 11:49:00,PRTA,,8.539999961853027,8.550000190734863,8.539999961853027,8.550000190734863,2249.0
2026-08-05 11:49:00,PRTH,,6.570000171661377,6.570000171661377,6.570000171661377,6.570000171661377,654.0
2026-08-05 11:49:00,PRVA,,24.100000381469727,24.100000381469727,24.100000381469727,24.100000381469727,5003.0
2026-08-05 11:49:00,PRZO,,0.5544000267982483,0.5544000267982483,0.5544000267982483,0.5544000267982483,577.0
2026-08-05 11:49:00,PSEC,,2.184999942779541,2.18530011177063,2.184999942779541,2.184999942779541,2014.0
2026-08-05 11:49:00,PSNL,,13.649999618530273,13.649999618530273,13.640000343322754,13.640000343322754,1309.0
2026-08-05 11:49:00,PTC,,139.16000366210938,139.16000366210938,139.16000366210938,139.16000366210938,226.0
2026-08-05 11:49:00,PTCT,,69.18000030517578,69.20500183105469,69.1449966430664,69.1449966430664,12805.0
2026-08-05 11:49:00,PTEN,,9.729999542236328,9.729999542236328,9.725000381469727,9.729999542236328,7842.0
2026-08-05 11:49:00,PTLO,,4.574999809265137,4.574999809265137,4.574999809265137,4.574999809265137,662.0
2026-08-05 11:49:00,PTON,,6.505000114440918,6.505000114440918,6.5,6.5,11163.0
2026-08-05 11:49:00,PUBM,,13.449999809265137,13.449999809265137,13.449999809265137,13.449999809265137,228.0
2026-08-05 11:49:00,PWP,,17.3700008392334,17.3700008392334,17.34000015258789,17.34000015258789,1122.0
2026-08-05 11:49:00,PYPL,,58.31999969482422,58.38999938964844,58.31999969482422,58.38999938964844,11712.0
2026-08-05 11:49:00,PZZA,,30.290000915527344,30.290000915527344,30.280000686645508,30.290000915527344,1871.0
2026-08-05 11:49:00,QCOM,,157.84500122070312,157.94000244140625,157.77999877929688,157.94000244140625,10130.0
2026-08-05 11:49:00,QRVO,,94.58000183105469,94.62000274658203,94.58000183105469,94.62000274658203,344.0
2026-08-05 11:49:00,SEED,,1.0199999809265137,1.0199999809265137,1.0149999856948853,1.0149999856948853,436.0
2026-08-05 11:49:00,STIM,,2.2699999809265137,2.2699999809265137,2.2699999809265137,2.2699999809265137,1371.0
2026-08-05 11:49:00,TARA,,4.034999847412109,4.034999847412109,4.034999847412109,4.034999847412109,116.0
2026-08-05 11:49:00,WOOF,,2.9149999618530273,2.9149999618530273,2.9149999618530273,2.9149999618530273,536.0
2026-08-05 11:50:00,ACDC,,4.360000133514404,4.364999771118164,4.360000133514404,4.364999771118164,3173.0
2026-08-05 11:50:00,CASH,,89.16000366210938,89.16000366210938,89.16000366210938,89.16000366210938,430.0
2026-08-05 11:50:00,EYE,,23.1200008392334,23.149999618530273,23.1200008392334,23.1299991607666,8416.0
2026-08-05 11:50:00,FRST,,16.31999969482422,16.31999969482422,16.31999969482422,16.31999969482422,900.0
2026-08-05 11:50:00,GLUE,,15.850000381469727,15.859100341796875,15.850000381469727,15.859100341796875,1290.0
2026-08-05 11:50:00,KIDS,,21.25,21.25,21.239999771118164,21.239999771118164,404.0
2026-08-05 11:50:00,LUNG,,1.9500000476837158,1.9500000476837158,1.9500000476837158,1.9500000476837158,4743.0
2026-08-05 11:50:00,MBRX,,0.413100004196167,0.41519999504089355,0.413100004196167,0.41519999504089355,662.0
2026-08-05 11:50:00,MDB,,376.45001220703125,376.7200012207031,376.45001220703125,376.7200012207031,1858.0
2026-08-05 11:50:00,MDLZ,,62.09450149536133,62.130001068115234,62.09450149536133,62.130001068115234,5463.0
2026-08-05 11:50:00,MLTX,,17.6299991607666,17.6299991607666,17.6299991607666,17.6299991607666,321.0
2026-08-05 11:50:00,MNRO,,13.125,13.125,13.125,13.125,264.0
2026-08-05 11:50:00,MNST,,94.4800033569336,94.51000213623047,94.4800033569336,94.51000213623047,4311.0
2026-08-05 11:50:00,MOVE,,12.059900283813477,12.059900283813477,12.059900283813477,12.059900283813477,3735.0
2026-08-05 11:50:00,MPWR,,1326.9599609375,1327.18994140625,1325.6300048828125,1327.18994140625,335.0
2026-08-05 11:50:00,MRNA,,56.95000076293945,57.099998474121094,56.95000076293945,57.099998474121094,8167.0
2026-08-05 11:50:00,MSGM,,4.46999979019165,4.46999979019165,4.46999979019165,4.46999979019165,303.0
2026-08-05 11:50:00,MVBF,,30.510000228881836,30.510000228881836,30.510000228881836,30.510000228881836,200.0
2026-08-05 11:50:00,MYGN,,3.234999895095825,3.234999895095825,3.234999895095825,3.234999895095825,1393.0
2026-08-05 11:50:00,NATR,,20.230100631713867,20.230100631713867,20.230100631713867,20.230100631713867,1687.0
2026-08-05 11:50:00,NAUT,,0.9602000117301941,0.9602000117301941,0.9602000117301941,0.9602000117301941,214.0
2026-08-05 11:50:00,NAVI,,9.085000038146973,9.09000015258789,9.085000038146973,9.09000015258789,2216.0
2026-08-05 11:50:00,NBIX,,164.09500122070312,164.35000610351562,164.08999633789062,164.35000610351562,6560.0
2026-08-05 11:50:00,NBTB,,53.279998779296875,53.279998779296875,53.279998779296875,53.279998779296875,675.0
2026-08-05 11:50:00,NDAQ,,94.0999984741211,94.23999786376953,94.0999984741211,94.23999786376953,2657.0
2026-08-05 11:50:00,NDLS,,17.579999923706055,17.579999923706055,17.579999923706055,17.579999923706055,1330.0
2026-08-05 11:50:00,NDSN,,310.98748779296875,311.05499267578125,310.8299865722656,311.05499267578125,852.0
2026-08-05 11:50:00,NEO,,16.149999618530273,16.149999618530273,16.140399932861328,16.149999618530273,1456.0
2026-08-05 11:50:00,NEOG,,11.585000038146973,11.585000038146973,11.580100059509277,11.585000038146973,2005.0
2026-08-05 11:50:00,NEOV,,2.819999933242798,2.819999933242798,2.819999933242798,2.819999933242798,3489.0
2026-08-05 11:50:00,NESR,,28.540000915527344,28.549999237060547,28.540000915527344,28.549999237060547,2282.0
2026-08-05 11:50:00,NFE,,0.3353999853134155,0.3353999853134155,0.3353999853134155,0.3353999853134155,201.0
2026-08-05 11:50:00,NFLX,,73.65499877929688,73.68000030517578,73.625,73.66500091552734,37734.0
2026-08-05 11:50:00,NGNE,,34.91999816894531,34.91999816894531,34.91999816894531,34.91999816894531,244.0
2026-08-05 11:50:00,NICE,,96.63500213623047,96.63500213623047,96.625,96.625,2087.0
2026-08-05 11:50:00,NIU,,2.444999933242798,2.444999933242798,2.444999933242798,2.444999933242798,506.0
2026-08-05 11:50:00,NKTR,,73.05999755859375,73.12999725341797,73.05999755859375,73.09660339355469,929.0
2026-08-05 11:50:00,NKTX,,2.194999933242798,2.194999933242798,2.194999933242798,2.194999933242798,363.0
2026-08-05 11:50:00,NMFC,,7.320000171661377,7.320000171661377,7.320000171661377,7.320000171661377,756.0
2026-08-05 11:50:00,NMRK,,15.529999732971191,15.539999961853027,15.529999732971191,15.539999961853027,2096.0
2026-08-05 11:50:00,NMTC,,1.649899959564209,1.649899959564209,1.6299999952316284,1.6299999952316284,2812.0
2026-08-05 11:50:00,NN,,14.300000190734863,14.3100004196167,14.300000190734863,14.3100004196167,3210.0
2026-08-05 11:50:00,NNBR,,3.805000066757202,3.805000066757202,3.805000066757202,3.805000066757202,201.0
2026-08-05 11:50:00,NNDM,,1.534999966621399,1.5449999570846558,1.534999966621399,1.5399999618530273,5397.0
2026-08-05 11:50:00,NOVT,,157.02499389648438,157.07000732421875,156.9499969482422,156.9499969482422,6152.0
2026-08-05 11:50:00,NRDS,,9.130000114440918,9.15999984741211,9.130000114440918,9.149999618530273,13354.0
2026-08-05 11:50:00,NRIX,,24.649999618530273,24.649999618530273,24.649999618530273,24.649999618530273,1411.0
2026-08-05 11:50:00,NRXP,,3.0350000858306885,3.0350000858306885,3.0350000858306885,3.0350000858306885,334.0
2026-08-05 11:50:00,NSSC,,40.380001068115234,40.380001068115234,40.31999969482422,40.31999969482422,1214.0
2026-08-05 11:50:00,NTAP,,188.61500549316406,188.61500549316406,188.61500549316406,188.61500549316406,1058.0
2026-08-05 11:50:00,NTCT,,41.78499984741211,41.78499984741211,41.78499984741211,41.78499984741211,1110.0
2026-08-05 11:50:00,NTES,,127.62999725341797,127.69999694824219,127.62999725341797,127.69999694824219,877.0
2026-08-05 11:50:00,NTNX,,60.189998626708984,60.25,60.18000030517578,60.220001220703125,6021.0
2026-08-05 11:50:00,NTRA,,278.0450134277344,278.5400085449219,277.6619873046875,278.5400085449219,8422.0
2026-08-05 11:50:00,NTRS,,183.35000610351562,183.4949951171875,183.35000610351562,183.4949951171875,1864.0
2026-08-05 11:50:00,NUWE,,1.7300000190734863,1.7300000190734863,1.7200000286102295,1.7200000286102295,5199.0
2026-08-05 11:50:00,NVAX,,7.65500020980835,7.659999847412109,7.65500020980835,7.659999847412109,1894.0
2026-08-05 11:50:00,NVCR,,16.0,16.020000457763672,16.0,16.0,5185.0
2026-08-05 11:50:00,NVDA,,219.6699981689453,219.75599670410156,219.58999633789062,219.6300048828125,136799.0
2026-08-05 11:50:00,NVMI,,410.9049987792969,410.9049987792969,410.9049987792969,410.9049987792969,108.0
2026-08-05 11:50:00,NVTS,,12.529999732971191,12.539999961853027,12.529999732971191,12.529999732971191,17120.0
2026-08-05 11:50:00,NWE,,68.61499786376953,68.62000274658203,68.61499786376953,68.62000274658203,496.0
2026-08-05 11:50:00,NWL,,6.210000038146973,6.215000152587891,6.210000038146973,6.210000038146973,3871.0
2026-08-05 11:50:00,NWSA,,28.15999984741211,28.15999984741211,28.15999984741211,28.15999984741211,1395.0
2026-08-05 11:50:00,NXPI,,231.1699981689453,231.30999755859375,231.1300048828125,231.1300048828125,11176.0
2026-08-05 11:50:00,NXT,,99.6500015258789,99.66000366210938,99.44999694824219,99.48999786376953,4133.0
2026-08-05 11:50:00,OABI,,2.069999933242798,2.069999933242798,2.069999933242798,2.069999933242798,1064.0
2026-08-05 11:50:00,OBT,,38.7400016784668,38.7400016784668,38.7400016784668,38.7400016784668,222.0
2026-08-05 11:50:00,OCFC,,19.729999542236328,19.735000610351562,19.729999542236328,19.735000610351562,1535.0
2026-08-05 11:50:00,OCSL,,12.109999656677246,12.109999656677246,12.109999656677246,12.109999656677246,2286.0
2026-08-05 11:50:00,OCUL,,8.484999656677246,8.49020004272461,8.484999656677246,8.49020004272461,4585.0
2026-08-05 11:50:00,ODFL,,214.74000549316406,214.86000061035156,214.66000366210938,214.6699981689453,4373.0
2026-08-05 11:50:00,OESX,,14.5,14.5,14.5,14.5,583.0
2026-08-05 11:50:00,OKTA,,147.36000061035156,147.36000061035156,147.28579711914062,147.35000610351562,1954.0
2026-08-05 11:50:00,OLLI,,78.4000015258789,78.4000015258789,78.4000015258789,78.4000015258789,2205.0
2026-08-05 11:50:00,OLMA,,11.619999885559082,11.619999885559082,11.609999656677246,11.609999656677246,2341.0
2026-08-05 11:50:00,OMCL,,37.25,37.25,37.25,37.25,371.0
2026-08-05 11:50:00,OMEX,,0.7423999905586243,0.7423999905586243,0.7423999905586243,0.7423999905586243,504.0
2026-08-05 11:50:00,OMH,,0.11159999668598175,0.11209999769926071,0.11159999668598175,0.11209999769926071,5591.0
2026-08-05 11:50:00,ON,,77.33999633789062,77.43000030517578,77.31500244140625,77.33999633789062,24179.0
2026-08-05 11:50:00,ONB,,26.985000610351562,26.9950008392334,26.985000610351562,26.9950008392334,2707.0
2026-08-05 11:50:00,ONBPP,,24.799999237060547,24.799999237060547,24.799999237060547,24.799999237060547,600.0
2026-08-05 11:50:00,ONCO,,0.7958999872207642,0.7958999872207642,0.7950000166893005,0.7950000166893005,1558.0
2026-08-05 11:50:00,ONCY,,0.7914999723434448,0.7914999723434448,0.7914999723434448,0.7914999723434448,3421.0
2026-08-05 11:50:00,ONDS,,8.845000267028809,8.859999656677246,8.84000015258789,8.849800109863281,190218.0
2026-08-05 11:50:00,ONFO,,0.0778999999165535,0.07800000160932541,0.0778999999165535,0.0778999999165535,29347.0
2026-08-05 11:50:00,OPCH,,23.31999969482422,23.34000015258789,23.31999969482422,23.34000015258789,2090.0
2026-08-05 11:50:00,OPEN,,3.819999933242798,3.8399999141693115,3.819999933242798,3.8299999237060547,86723.0
2026-08-05 11:50:00,OPRA,,19.989999771118164,20.0,19.989999771118164,20.0,452.0
2026-08-05 11:50:00,ORIC,,13.15999984741211,13.170000076293945,13.15999984741211,13.170000076293945,1525.0
2026-08-05 11:50:00,ORLY,,92.93000030517578,92.93000030517578,92.91999816894531,92.93000030517578,2704.0
2026-08-05 11:50:00,OSBC,,25.739999771118164,25.739999771118164,25.739999771118164,25.739999771118164,1202.0
2026-08-05 11:50:00,OSPN,,16.434999465942383,16.434999465942383,16.3700008392334,16.3700008392334,3412.0
2026-08-05 11:50:00,OSUR,,4.164999961853027,4.164999961853027,4.164999961853027,4.164999961853027,1138.0
2026-08-05 11:50:00,OTEX,,25.68000030517578,25.690000534057617,25.68000030517578,25.690000534057617,3933.0
2026-08-05 11:50:00,OTLK,,1.0149999856948853,1.0199999809265137,1.0099999904632568,1.0149999856948853,3439.0
2026-08-05 11:50:00,OXLC,,9.140000343322754,9.140000343322754,9.135000228881836,9.135000228881836,665.0
2026-08-05 11:50:00,OXSQ,,1.4889999628067017,1.4900000095367432,1.4889999628067017,1.4900000095367432,18153.0
2026-08-05 11:50:00,PAA,,23.204999923706055,23.21500015258789,23.204999923706055,23.209999084472656,2831.0
2026-08-05 11:50:00,PAAS,,48.2400016784668,48.31999969482422,48.23500061035156,48.31999969482422,7277.0
2026-08-05 11:50:00,PACB,,1.4200999736785889,1.4299999475479126,1.4199999570846558,1.4199999570846558,32863.0
2026-08-05 11:50:00,PAGP,,25.1200008392334,25.125,25.1200008392334,25.12179946899414,2062.0
2026-08-05 11:50:00,PALI,,2.1050000190734863,2.1050000190734863,2.099900007247925,2.0999999046325684,2157.0
2026-08-05 11:50:00,PANW,,363.4750061035156,363.4750061035156,363.1300048828125,363.1300048828125,3165.0
2026-08-05 11:50:00,PATK,,88.06999969482422,88.06999969482422,88.0199966430664,88.0199966430664,637.0
2026-08-05 11:50:00,PAX,,11.375,11.375,11.375,11.375,2642.0
2026-08-05 11:50:00,PAYO,,7.125,7.125,7.119999885559082,7.119999885559082,1227.0
2026-08-05 11:50:00,PAYS,,9.140000343322754,9.140000343322754,9.140000343322754,9.140000343322754,3087.0
2026-08-05 11:50:00,PAYX,,116.2750015258789,116.31999969482422,116.2750015258789,116.31999969482422,3159.0
2026-08-05 11:50:00,PBYI,,7.989999771118164,7.989999771118164,7.989999771118164,7.989999771118164,914.0
2026-08-05 11:50:00,PCAR,,133.67999267578125,133.6925048828125,133.63999938964844,133.66000366210938,3615.0
2026-08-05 11:50:00,PCRX,,25.1299991607666,25.1299991607666,25.079999923706055,25.079999923706055,2068.0
2026-08-05 11:50:00,PCT,,6.880000114440918,6.889999866485596,6.880000114440918,6.885000228881836,2410.0
2026-08-05 11:50:00,PCTY,,143.6300048828125,143.94000244140625,143.6300048828125,143.94000244140625,2511.0
2026-08-05 11:50:00,PDD,,91.25,91.2699966430664,91.25,91.2699966430664,2940.0
2026-08-05 11:50:00,PEGA,,31.559999465942383,31.579999923706055,31.559999465942383,31.56999969482422,2391.0
2026-08-05 11:50:00,PENN,,19.799999237060547,19.80500030517578,19.798999786376953,19.80500030517578,1743.0
2026-08-05 11:50:00,PEP,,138.3249969482422,138.3300018310547,138.3000030517578,138.3300018310547,6969.0
2026-08-05 11:50:00,PEPG,,1.909999966621399,1.909999966621399,1.909999966621399,1.909999966621399,482.0
2026-08-05 11:50:00,PERI,,9.554800033569336,9.554800033569336,9.554800033569336,9.554800033569336,459.0
2026-08-05 11:50:00,PESI,,17.690000534057617,17.690000534057617,17.690000534057617,17.690000534057617,210.0
2026-08-05 11:50:00,PFG,,114.16000366210938,114.19000244140625,114.16000366210938,114.19000244140625,791.0
2026-08-05 11:50:00,PGEN,,6.940000057220459,6.974999904632568,6.940000057220459,6.974999904632568,17848.0
2026-08-05 11:50:00,PGNY,,31.639999389648438,31.639999389648438,31.6200008392334,31.6200008392334,5337.0
2026-08-05 11:50:00,PGY,,21.670000076293945,21.670000076293945,21.65999984741211,21.65999984741211,2571.0
2026-08-05 11:50:00,PLMR,,135.18499755859375,135.19000244140625,135.16000366210938,135.1699981689453,4258.0
2026-08-05 11:50:00,PLPC,,464.3699951171875,464.3699951171875,464.3699951171875,464.3699951171875,190.0
2026-08-05 11:50:00,PLUG,,2.1050000190734863,2.109999895095825,2.0950000286102295,2.099900007247925,742833.0
2026-08-05 11:50:00,PNFP,,107.5199966430664,107.5199966430664,107.37000274658203,107.37000274658203,1037.0
2026-08-05 11:50:00,PNTG,,38.8650016784668,38.869998931884766,38.79999923706055,38.79999923706055,26973.0
2026-08-05 11:50:00,POET,,8.255000114440918,8.270000457763672,8.25,8.270000457763672,8592.0
2026-08-05 11:50:00,POOL,,204.27999877929688,204.5,204.27999877929688,204.5,633.0
2026-08-05 11:50:00,POWI,,62.0099983215332,62.13999938964844,61.939998626708984,62.0,6645.0
2026-08-05 11:50:00,POWL,,213.93499755859375,214.1750030517578,213.82000732421875,214.1750030517578,6523.0
2026-08-05 11:50:00,PPC,,26.540000915527344,26.540000915527344,26.540000915527344,26.540000915527344,902.0
2026-08-05 11:50:00,PPTA,,22.485300064086914,22.520000457763672,22.485300064086914,22.520000457763672,1865.0
2026-08-05 11:50:00,PRAX,,311.4750061035156,311.4800109863281,311.4750061035156,311.4800109863281,455.0
2026-08-05 11:50:00,PRCT,,18.959999084472656,18.959999084472656,18.950000762939453,18.950000762939453,794.0
2026-08-05 11:50:00,PRGS,,41.64500045776367,41.689998626708984,41.64500045776367,41.689998626708984,2695.0
2026-08-05 11:50:00,PRIM,,84.92500305175781,84.98999786376953,84.7699966430664,84.87999725341797,4782.0
2026-08-05 11:50:00,PRLD,,4.53000020980835,4.53000020980835,4.53000020980835,4.53000020980835,233.0
2026-08-05 11:50:00,PRME,,2.9749999046325684,2.9749999046325684,2.9749999046325684,2.9749999046325684,216.0
2026-08-05 11:50:00,PRQR,,1.8949999809265137,1.8949999809265137,1.8949999809265137,1.8949999809265137,371.0
2026-08-05 11:50:00,PSEC,,2.184999942779541,2.184999942779541,2.184999942779541,2.184999942779541,3083.0
2026-08-05 11:50:00,PSNL,,13.640000343322754,13.640000343322754,13.640000343322754,13.640000343322754,404.0
2026-08-05 11:50:00,PTC,,139.05999755859375,139.05999755859375,139.05999755859375,139.05999755859375,566.0
2026-08-05 11:50:00,PTCT,,69.17500305175781,69.19000244140625,69.13999938964844,69.19000244140625,4947.0
2026-08-05 11:50:00,PTEN,,9.725000381469727,9.729499816894531,9.720000267028809,9.725000381469727,15885.0
2026-08-05 11:50:00,PTGX,,136.42999267578125,136.42999267578125,136.42999267578125,136.42999267578125,396.0
2026-08-05 11:50:00,PTLO,,4.579999923706055,4.585000038146973,4.579999923706055,4.579999923706055,1471.0
2026-08-05 11:50:00,PTON,,6.5,6.5,6.5,6.5,795.0
2026-08-05 11:50:00,PWP,,17.329999923706055,17.350000381469727,17.329999923706055,17.329999923706055,1570.0
2026-08-05 11:50:00,PYPD,,4.449999809265137,4.449999809265137,4.449999809265137,4.449999809265137,928.0
2026-08-05 11:50:00,PYPL,,58.279998779296875,58.34000015258789,58.279998779296875,58.33000183105469,10893.0
2026-08-05 11:50:00,PYXS,,3.180000066757202,3.180000066757202,3.1798999309539795,3.1798999309539795,3189.0
2026-08-05 11:50:00,PZZA,,30.31999969482422,30.31999969482422,30.290000915527344,30.290000915527344,3303.0
2026-08-05 11:50:00,QCOM,,157.83200073242188,157.9199981689453,157.7899932861328,157.7899932861328,16040.0
2026-08-05 11:50:00,QQQX,,30.5,30.5,30.350000381469727,30.360000610351562,1091.0
2026-08-05 11:50:00,QRVO,,94.57499694824219,94.62999725341797,94.57499694824219,94.62999725341797,1106.0
2026-08-05 11:50:00,SEED,,1.01010000705719,1.0199999809265137,1.01010000705719,1.0199999809265137,936.0
2026-08-05 11:50:00,TARA,,4.039999961853027,4.039999961853027,4.039999961853027,4.039999961853027,101.0
2026-08-05 11:50:00,WOOF,,2.9149999618530273,2.9149999618530273,2.9149999618530273,2.9149999618530273,2893.0
2026-08-05 11:51:00,CNXN,,84.4800033569336,84.4800033569336,84.4800033569336,84.4800033569336,405.0
2026-08-05 11:51:00,EYE,,23.15999984741211,23.170000076293945,23.149999618530273,23.149999618530273,1889.0
2026-08-05 11:51:00,GLUE,,15.829999923706055,15.859999656677246,15.829999923706055,15.859999656677246,1215.0
2026-08-05 11:51:00,KIDS,,21.25,21.25,21.25,21.25,411.0
2026-08-05 11:51:00,MBRX,,0.4174000024795532,0.4174000024795532,0.4131999909877777,0.4131999909877777,917.0
2026-08-05 11:51:00,MDB,,376.239990234375,376.7300109863281,375.9200134277344,376.7300109863281,4289.0
2026-08-05 11:51:00,MDLZ,,62.15999984741211,62.165000915527344,62.11000061035156,62.11000061035156,5154.0
2026-08-05 11:51:00,MLTX,,17.604999542236328,17.610000610351562,17.604999542236328,17.610000610351562,868.0
2026-08-05 11:51:00,MNRO,,13.125,13.125,13.125,13.125,170.0
2026-08-05 11:51:00,MNST,,94.54000091552734,94.54000091552734,94.49500274658203,94.49500274658203,15721.0
2026-08-05 11:51:00,MNY,,0.9200000166893005,0.9200000166893005,0.9200000166893005,0.9200000166893005,786.0
2026-08-05 11:51:00,MOVE,,11.979999542236328,11.979999542236328,11.979999542236328,11.979999542236328,3190.0
2026-08-05 11:51:00,MPWR,,1324.0450439453125,1326.455078125,1322.6199951171875,1326.455078125,758.0
2026-08-05 11:51:00,MRNA,,56.93000030517578,57.0,56.79999923706055,56.91999816894531,21385.0
2026-08-05 11:51:00,MYGN,,3.234999895095825,3.240000009536743,3.2309000492095947,3.2327001094818115,3912.0
2026-08-05 11:51:00,NAUT,,0.9556000232696533,0.9602000117301941,0.9556000232696533,0.9602000117301941,3968.0
2026-08-05 11:51:00,NB,,5.085000038146973,5.09499979019165,5.085000038146973,5.09499979019165,2959.0
2026-08-05 11:51:00,NBIX,,164.09500122070312,164.09500122070312,164.09500122070312,164.09500122070312,548.0
2026-08-05 11:51:00,NCMI,,4.110000133514404,4.110000133514404,4.110000133514404,4.110000133514404,419.0
2026-08-05 11:51:00,NDAQ,,94.08999633789062,94.19499969482422,94.08999633789062,94.1500015258789,11604.0
2026-08-05 11:51:00,NDSN,,311.0199890136719,311.0199890136719,311.0199890136719,311.0199890136719,123.0
2026-08-05 11:51:00,NEO,,16.165000915527344,16.165000915527344,16.149999618530273,16.149999618530273,1633.0
2026-08-05 11:51:00,NEOG,,11.59000015258789,11.595000267028809,11.579999923706055,11.585000038146973,14136.0
2026-08-05 11:51:00,NEOV,,2.815000057220459,2.815000057220459,2.815000057220459,2.815000057220459,1016.0
2026-08-05 11:51:00,NESR,,28.536699295043945,28.536699295043945,28.536699295043945,28.536699295043945,1172.0
2026-08-05 11:51:00,NEXT,,6.400000095367432,6.400000095367432,6.389999866485596,6.389999866485596,3122.0
2026-08-05 11:51:00,NFLX,,73.6500015258789,73.67500305175781,73.63999938964844,73.65499877929688,26318.0
2026-08-05 11:51:00,NICE,,96.73069763183594,96.73069763183594,96.62999725341797,96.62999725341797,906.0
2026-08-05 11:51:00,NKTR,,73.05999755859375,73.05999755859375,73.04000091552734,73.04000091552734,1030.0
2026-08-05 11:51:00,NMRA,,1.6100000143051147,1.6100000143051147,1.6100000143051147,1.6100000143051147,2257.0
2026-08-05 11:51:00,NN,,14.305000305175781,14.3100004196167,14.289999961853027,14.300000190734863,19857.0
2026-08-05 11:51:00,NNBR,,3.805000066757202,3.805000066757202,3.805000066757202,3.805000066757202,121.0
2026-08-05 11:51:00,NNDM,,1.5388000011444092,1.5388000011444092,1.534999966621399,1.5388000011444092,11195.0
2026-08-05 11:51:00,NNOX,,1.017300009727478,1.017300009727478,1.0099999904632568,1.0099999904632568,526.0
2026-08-05 11:51:00,NRIM,,26.889999389648438,26.90999984741211,26.889999389648438,26.90999984741211,248.0
2026-08-05 11:51:00,NRIX,,24.655000686645508,24.655000686645508,24.655000686645508,24.655000686645508,1051.0
2026-08-05 11:51:00,NRSN,,0.5351999998092651,0.5476999878883362,0.5351999998092651,0.5476999878883362,1300.0
2026-08-05 11:51:00,NTAP,,188.22999572753906,188.61500549316406,188.22999572753906,188.460205078125,5821.0
2026-08-05 11:51:00,NTES,,127.63999938964844,127.63999938964844,127.63999938964844,127.63999938964844,124.0
2026-08-05 11:51:00,NTGR,,24.280000686645508,24.31999969482422,24.280000686645508,24.31999969482422,1114.0
2026-08-05 11:51:00,NTNX,,60.220001220703125,60.25,60.20000076293945,60.20000076293945,4079.0
2026-08-05 11:51:00,NTRA,,278.0400085449219,278.07000732421875,277.90399169921875,278.07000732421875,1482.0
2026-08-05 11:51:00,NTRS,,183.36500549316406,183.36500549316406,183.36000061035156,183.36000061035156,1729.0
2026-08-05 11:51:00,NTRSO,,18.3700008392334,18.3700008392334,18.3700008392334,18.3700008392334,161.0
2026-08-05 11:51:00,NUWE,,1.7400000095367432,1.7400000095367432,1.7300000190734863,1.7300000190734863,1111.0
2026-08-05 11:51:00,NVAX,,7.650000095367432,7.659999847412109,7.650000095367432,7.650000095367432,2082.0
2026-08-05 11:51:00,NVDA,,219.25,219.66990661621094,219.25,219.6649932861328,242169.0
2026-08-05 11:51:00,NVMI,,409.9949951171875,410.989990234375,409.9949951171875,410.989990234375,581.0
2026-08-05 11:51:00,NVTS,,12.5,12.53499984741211,12.494999885559082,12.529999732971191,13023.0
2026-08-05 11:51:00,NVX,,0.40139999985694885,0.40139999985694885,0.40139999985694885,0.40139999985694885,105.0
2026-08-05 11:51:00,NWBI,,15.914999961853027,15.920000076293945,15.914999961853027,15.920000076293945,1928.0
2026-08-05 11:51:00,NWL,,6.215000152587891,6.215000152587891,6.210000038146973,6.215000152587891,3395.0
2026-08-05 11:51:00,NWS,,32.20000076293945,32.20500183105469,32.189998626708984,32.20500183105469,4904.0
2026-08-05 11:51:00,NWSA,,28.155000686645508,28.155000686645508,28.139999389648438,28.149999618530273,6255.0
2026-08-05 11:51:00,NXPI,,231.10499572753906,231.1999969482422,231.10499572753906,231.1999969482422,2876.0
2026-08-05 11:51:00,NXST,,192.4199981689453,192.42999267578125,192.4199981689453,192.42999267578125,2356.0
2026-08-05 11:51:00,NXT,,99.44999694824219,99.65499877929688,99.41999816894531,99.65499877929688,9357.0
2026-08-05 11:51:00,OABI,,2.065000057220459,2.065000057220459,2.065000057220459,2.065000057220459,965.0
2026-08-05 11:51:00,OCGN,,1.2949999570846558,1.2949999570846558,1.2899999618530273,1.2899999618530273,849.0
2026-08-05 11:51:00,OCS,,12.10990047454834,12.10990047454834,12.10990047454834,12.10990047454834,102.0
2026-08-05 11:51:00,OESX,,14.4399995803833,15.0,14.4399995803833,14.946700096130371,1531.0
2026-08-05 11:51:00,OFIX,,10.680000305175781,10.680000305175781,10.680000305175781,10.680000305175781,1693.0
2026-08-05 11:51:00,OFS,,3.5671000480651855,3.5671000480651855,3.5671000480651855,3.5671000480651855,215.0
2026-08-05 11:51:00,OM,,4.945000171661377,4.945000171661377,4.940000057220459,4.940000057220459,520.0
2026-08-05 11:51:00,OMCL,,37.27000045776367,37.27000045776367,37.20000076293945,37.209999084472656,5707.0
2026-08-05 11:51:00,OMER,,12.770000457763672,12.78499984741211,12.770000457763672,12.779999732971191,3176.0
2026-08-05 11:51:00,OMH,,0.11159999668598175,0.1128000020980835,0.11159999668598175,0.11159999668598175,9432.0
2026-08-05 11:51:00,ON,,77.20999908447266,77.34500122070312,77.20999908447266,77.33000183105469,25309.0
2026-08-05 11:51:00,ONB,,26.979999542236328,26.985000610351562,26.975000381469727,26.979999542236328,9438.0
2026-08-05 11:51:00,ONBPO,,24.809999465942383,24.809999465942383,24.809999465942383,24.809999465942383,500.0
2026-08-05 11:51:00,ONBPP,,24.800100326538086,24.800100326538086,24.800100326538086,24.800100326538086,900.0
2026-08-05 11:51:00,ONCY,,0.7914999723434448,0.7914999723434448,0.7914999723434448,0.7914999723434448,1903.0
2026-08-05 11:51:00,ONDS,,8.824999809265137,8.849900245666504,8.8100004196167,8.845000267028809,178698.0
2026-08-05 11:51:00,ONFO,,0.07750000059604645,0.0778999999165535,0.07750000059604645,0.0778999999165535,28709.0
2026-08-05 11:51:00,OPCH,,23.329999923706055,23.329999923706055,23.329999923706055,23.329999923706055,670.0
2026-08-05 11:51:00,OPEN,,3.815000057220459,3.8299999237060547,3.809999942779541,3.8201000690460205,125686.0
2026-08-05 11:51:00,OPK,,1.3113000392913818,1.3113000392913818,1.3113000392913818,1.3113000392913818,490.0
2026-08-05 11:51:00,OPRA,,20.010000228881836,20.010000228881836,20.0,20.0,2788.0
2026-08-05 11:51:00,ORIC,,13.15999984741211,13.15999984741211,13.15999984741211,13.15999984741211,814.0
2026-08-05 11:51:00,ORLY,,92.9800033569336,92.98500061035156,92.91999816894531,92.94000244140625,10031.0
2026-08-05 11:51:00,OSPN,,16.520000457763672,16.520000457763672,16.469999313354492,16.479999542236328,1774.0
2026-08-05 11:51:00,OSS,,13.920000076293945,13.970000267028809,13.920000076293945,13.970000267028809,1460.0
2026-08-05 11:51:00,OTEX,,25.674999237060547,25.684999465942383,25.674999237060547,25.684999465942383,3921.0
2026-08-05 11:51:00,OTLK,,1.0199999809265137,1.0199999809265137,1.010599970817566,1.0199999809265137,4639.0
2026-08-05 11:51:00,OXLC,,9.130000114440918,9.140000343322754,9.130000114440918,9.140000343322754,2914.0
2026-08-05 11:51:00,OXSQ,,1.4872000217437744,1.4900000095367432,1.4872000217437744,1.4900000095367432,0.0
2026-08-05 11:51:00,PAA,,23.209999084472656,23.21500015258789,23.204999923706055,23.204999923706055,5386.0
2026-08-05 11:51:00,PAAS,,48.20000076293945,48.25,48.16999816894531,48.22999954223633,8784.0
2026-08-05 11:51:00,PACB,,1.420300006866455,1.4249999523162842,1.4199999570846558,1.4211000204086304,42377.0
2026-08-05 11:51:00,PALI,,2.0950000286102295,2.1050000190734863,2.0950000286102295,2.1050000190734863,14055.0
2026-08-05 11:51:00,PANW,,363.5,363.82000732421875,363.1700134277344,363.5790100097656,4315.0
2026-08-05 11:51:00,PAX,,11.375,11.375,11.369999885559082,11.375,1218.0
2026-08-05 11:51:00,PAYO,,7.119999885559082,7.125,7.119999885559082,7.119999885559082,5663.0
2026-08-05 11:51:00,PAYS,,9.130000114440918,9.130000114440918,9.130000114440918,9.130000114440918,651.0
2026-08-05 11:51:00,PAYX,,116.31999969482422,116.37000274658203,116.30999755859375,116.30999755859375,5081.0
2026-08-05 11:51:00,PCAR,,133.7550048828125,133.7550048828125,133.66000366210938,133.6649932861328,2894.0
2026-08-05 11:51:00,PCRX,,25.075000762939453,25.15999984741211,25.030000686645508,25.15999984741211,9630.0
2026-08-05 11:51:00,PCT,,6.889999866485596,6.889999866485596,6.875,6.880000114440918,10501.0
2026-08-05 11:51:00,PCTY,,143.75,143.75,143.75,143.75,761.0
2026-08-05 11:51:00,PDD,,91.30999755859375,91.33000183105469,91.25499725341797,91.25499725341797,11241.0
2026-08-05 11:51:00,PDFS,,50.505001068115234,50.505001068115234,50.505001068115234,50.505001068115234,1520.0
2026-08-05 11:51:00,PEBO,,41.54999923706055,41.54999923706055,41.54999923706055,41.54999923706055,1599.0
2026-08-05 11:51:00,PEGA,,31.59000015258789,31.59000015258789,31.59000015258789,31.59000015258789,985.0
2026-08-05 11:51:00,PENN,,19.788999557495117,19.795000076293945,19.788999557495117,19.795000076293945,2971.0
2026-08-05 11:51:00,PEP,,138.47500610351562,138.48989868164062,138.3699951171875,138.3699951171875,9683.0
2026-08-05 11:51:00,PEPG,,1.909999966621399,1.9149999618530273,1.909999966621399,1.9149999618530273,874.0
2026-08-05 11:51:00,PERI,,9.539999961853027,9.550000190734863,9.539999961853027,9.550000190734863,2645.0
2026-08-05 11:51:00,PESI,,17.739999771118164,17.739999771118164,17.739999771118164,17.739999771118164,364.0
2026-08-05 11:51:00,PFG,,114.05999755859375,114.05999755859375,114.05999755859375,114.05999755859375,762.0
2026-08-05 11:51:00,PGEN,,6.945000171661377,6.950099945068359,6.940000057220459,6.949999809265137,6355.0
2026-08-05 11:51:00,PGNY,,31.635000228881836,31.649999618530273,31.635000228881836,31.649999618530273,1925.0
2026-08-05 11:51:00,PGY,,21.649999618530273,21.649999618530273,21.639999389648438,21.639999389648438,2554.0
2026-08-05 11:51:00,PHAT,,8.420000076293945,8.420000076293945,8.420000076293945,8.420000076293945,633.0
2026-08-05 11:51:00,PLAB,,32.09000015258789,32.11000061035156,32.09000015258789,32.11000061035156,1933.0
2026-08-05 11:51:00,PLMR,,135.1999969482422,135.1999969482422,135.19500732421875,135.19500732421875,401.0
2026-08-05 11:51:00,PLPC,,461.0,464.1300048828125,461.0,464.1300048828125,546.0
2026-08-05 11:51:00,PLRX,,1.0499999523162842,1.0499999523162842,1.0499999523162842,1.0499999523162842,201.0
2026-08-05 11:51:00,PLTK,,4.0,4.0,4.0,4.0,286.0
2026-08-05 11:51:00,PLUG,,2.0950000286102295,2.0999999046325684,2.0899999141693115,2.0999999046325684,559434.0
2026-08-05 11:51:00,PNFP,,107.4000015258789,107.40499877929688,107.37000274658203,107.37000274658203,1373.0
2026-08-05 11:51:00,PNTG,,38.8650016784668,38.8650016784668,38.810001373291016,38.8650016784668,3183.0
2026-08-05 11:51:00,POET,,8.239999771118164,8.25,8.239999771118164,8.25,7964.0
2026-08-05 11:51:00,POOL,,204.49000549316406,204.49000549316406,204.19000244140625,204.41000366210938,626.0
2026-08-05 11:51:00,POWL,,213.3350067138672,213.94000244140625,213.3350067138672,213.89999389648438,1589.0
2026-08-05 11:51:00,PPC,,26.489999771118164,26.510000228881836,26.477500915527344,26.510000228881836,6671.0
2026-08-05 11:51:00,PPTA,,22.485000610351562,22.485000610351562,22.485000610351562,22.485000610351562,467.0
2026-08-05 11:51:00,PRAA,,17.42930030822754,17.42930030822754,17.42930030822754,17.42930030822754,967.0
2026-08-05 11:51:00,PRCH,,15.930000305175781,15.9399995803833,15.930000305175781,15.9399995803833,2972.0
2026-08-05 11:51:00,PRCT,,18.950000762939453,18.959999084472656,18.950000762939453,18.959999084472656,2204.0
2026-08-05 11:51:00,PRDO,,32.849998474121094,32.849998474121094,32.84000015258789,32.84000015258789,1603.0
2026-08-05 11:51:00,PRGS,,41.63750076293945,41.70000076293945,41.63750076293945,41.66999816894531,1647.0
2026-08-05 11:51:00,PRIM,,85.41999816894531,85.41999816894531,85.06999969482422,85.10990142822266,3502.0
2026-08-05 11:51:00,PRLD,,4.519999980926514,4.519999980926514,4.519999980926514,4.519999980926514,877.0
2026-08-05 11:51:00,PRME,,2.9700000286102295,2.9700000286102295,2.960099935531616,2.9700000286102295,6507.0
2026-08-05 11:51:00,PRQR,,1.8949999809265137,1.8949999809265137,1.8949999809265137,1.8949999809265137,323.0
2026-08-05 11:51:00,PRVA,,24.110000610351562,24.110000610351562,24.100000381469727,24.100000381469727,1393.0
2026-08-05 11:51:00,PSEC,,2.1891000270843506,2.1891000270843506,2.184999942779541,2.184999942779541,8037.0
2026-08-05 11:51:00,PSNL,,13.619999885559082,13.630000114440918,13.619999885559082,13.630000114440918,623.0
2026-08-05 11:51:00,PTC,,138.9499969482422,139.22000122070312,138.82000732421875,139.07000732421875,14028.0
2026-08-05 11:51:00,PTEN,,9.729999542236328,9.734999656677246,9.729999542236328,9.729999542236328,7574.0
2026-08-05 11:51:00,PTLO,,4.585000038146973,4.585000038146973,4.585000038146973,4.585000038146973,309.0
2026-08-05 11:51:00,PTON,,6.494999885559082,6.505000114440918,6.485000133514404,6.505000114440918,24602.0
2026-08-05 11:51:00,PUBM,,13.460000038146973,13.460000038146973,13.460000038146973,13.460000038146973,539.0
2026-08-05 11:51:00,PWP,,17.280000686645508,17.34000015258789,17.280000686645508,17.329999923706055,2680.0
2026-08-05 11:51:00,PYPL,,58.29499816894531,58.31999969482422,58.28499984741211,58.29999923706055,11737.0
2026-08-05 11:51:00,QCOM,,157.77499389648438,157.8300018310547,157.68099975585938,157.77999877929688,10472.0
2026-08-05 11:51:00,QRVO,,94.61000061035156,94.61000061035156,94.5999984741211,94.5999984741211,904.0
2026-08-05 11:51:00,SEED,,1.0103000402450562,1.0103000402450562,1.0103000402450562,1.0103000402450562,663.0
2026-08-05 11:51:00,TARA,,4.039999961853027,4.039999961853027,4.034999847412109,4.034999847412109,382.0
2026-08-05 11:52:00,ACDC,,4.364999771118164,4.364999771118164,4.355000019073486,4.355000019073486,4542.0
2026-08-05 11:52:00,CPOP,,0.364300012588501,0.364300012588501,0.364300012588501,0.364300012588501,373.0
2026-08-05 11:52:00,EYE,,23.15999984741211,23.15999984741211,23.15999984741211,23.15999984741211,800.0
2026-08-05 11:52:00,FIZZ,,31.93000030517578,31.93000030517578,31.93000030517578,31.93000030517578,1012.0
2026-08-05 11:52:00,GLUE,,15.824999809265137,15.824999809265137,15.8100004196167,15.819999694824219,2970.0
2026-08-05 11:52:00,MBRX,,0.41350001096725464,0.4174000024795532,0.41350001096725464,0.4174000024795532,5060.0
2026-08-05 11:52:00,MDB,,376.18499755859375,376.44000244140625,376.1099853515625,376.1499938964844,4812.0
2026-08-05 11:52:00,MDLZ,,62.165000915527344,62.169898986816406,62.150001525878906,62.15999984741211,8725.0
2026-08-05 11:52:00,MLTX,,17.606199264526367,17.606199264526367,17.606199264526367,17.606199264526367,499.0
2026-08-05 11:52:00,MNRO,,13.125,13.140000343322754,13.125,13.140000343322754,1038.0
2026-08-05 11:52:00,MNST,,94.5875015258789,94.5875015258789,94.51499938964844,94.52999877929688,9087.0
2026-08-05 11:52:00,MNTS,,4.358399868011475,4.358399868011475,4.349999904632568,4.349999904632568,840.0
2026-08-05 11:52:00,MORN,,197.85000610351562,197.85000610351562,197.66000366210938,197.66000366210938,1393.0
2026-08-05 11:52:00,MPWR,,1321.9000244140625,1323.2249755859375,1321.9000244140625,1322.4100341796875,348.0
2026-08-05 11:52:00,MRNA,,57.01499938964844,57.01499938964844,56.90999984741211,56.90999984741211,5079.0
2026-08-05 11:52:00,MYGN,,3.234999895095825,3.234999895095825,3.234999895095825,3.234999895095825,2377.0
2026-08-05 11:52:00,MYPS,,0.7265999913215637,0.7265999913215637,0.7265999913215637,0.7265999913215637,3036.0
2026-08-05 11:52:00,NAMS,,26.639999389648438,26.639999389648438,26.6200008392334,26.6200008392334,1083.0
2026-08-05 11:52:00,NB,,5.079999923706055,5.079999923706055,5.079999923706055,5.079999923706055,1307.0
2026-08-05 11:52:00,NBIX,,164.02000427246094,164.11000061035156,164.0,164.11000061035156,4806.0
2026-08-05 11:52:00,NBTB,,53.310001373291016,53.310001373291016,53.310001373291016,53.310001373291016,432.0
2026-08-05 11:52:00,NDAQ,,94.08499908447266,94.13999938964844,94.05000305175781,94.13999938964844,9253.0
2026-08-05 11:52:00,NDSN,,311.260009765625,311.260009765625,310.8800048828125,311.0199890136719,1457.0
2026-08-05 11:52:00,NEGG,,16.7549991607666,16.7549991607666,16.7549991607666,16.7549991607666,231.0
2026-08-05 11:52:00,NEO,,16.170000076293945,16.170000076293945,16.15999984741211,16.15999984741211,5144.0
2026-08-05 11:52:00,NEOG,,11.585000038146973,11.585000038146973,11.585000038146973,11.585000038146973,1213.0
2026-08-05 11:52:00,NEOV,,2.809999942779541,2.809999942779541,2.809999942779541,2.809999942779541,556.0
2026-08-05 11:52:00,NESR,,28.520000457763672,28.540000915527344,28.520000457763672,28.540000915527344,991.0
2026-08-05 11:52:00,NEXT,,6.400000095367432,6.40500020980835,6.394999980926514,6.394999980926514,6549.0
2026-08-05 11:52:00,NFE,,0.3375000059604645,0.3375000059604645,0.3375000059604645,0.3375000059604645,165.0
2026-08-05 11:52:00,NFLX,,73.62000274658203,73.66999816894531,73.62000274658203,73.65499877929688,40963.0
2026-08-05 11:52:00,NGNE,,34.80500030517578,34.80500030517578,34.80500030517578,34.80500030517578,293.0
2026-08-05 11:52:00,NICE,,96.72000122070312,97.1449966430664,96.72000122070312,96.76000213623047,5108.0
2026-08-05 11:52:00,NKTR,,73.04000091552734,73.04000091552734,73.04000091552734,73.04000091552734,770.0
2026-08-05 11:52:00,NKTX,,2.184999942779541,2.190000057220459,2.184999942779541,2.190000057220459,1924.0
2026-08-05 11:52:00,NMFC,,7.315000057220459,7.315000057220459,7.315000057220459,7.315000057220459,962.0
2026-08-05 11:52:00,NMRA,,1.6050000190734863,1.6050000190734863,1.6050000190734863,1.6050000190734863,1210.0
2026-08-05 11:52:00,NN,,14.3100004196167,14.3100004196167,14.305000305175781,14.3100004196167,2459.0
2026-08-05 11:52:00,NNBR,,3.805000066757202,3.805000066757202,3.799999952316284,3.805000066757202,576.0
2026-08-05 11:52:00,NNDM,,1.534999966621399,1.5398999452590942,1.534999966621399,1.5363999605178833,12257.0
2026-08-05 11:52:00,NNOX,,1.0099999904632568,1.0099999904632568,1.0099999904632568,1.0099999904632568,107.0
2026-08-05 11:52:00,NODK,,15.449999809265137,15.449999809265137,15.449999809265137,15.449999809265137,127.0
2026-08-05 11:52:00,NPCE,,13.545000076293945,13.545000076293945,13.545000076293945,13.545000076293945,990.0
2026-08-05 11:52:00,NRXP,,3.0350000858306885,3.0399999618530273,3.0350000858306885,3.0399999618530273,1308.0
2026-08-05 11:52:00,NTAP,,188.32000732421875,188.38999938964844,188.0500030517578,188.2100067138672,10697.0
2026-08-05 11:52:00,NTES,,127.76000213623047,127.77290344238281,127.69999694824219,127.77290344238281,4480.0
2026-08-05 11:52:00,NTNX,,60.2400016784668,60.2400016784668,60.21500015258789,60.21500015258789,1425.0
2026-08-05 11:52:00,NTRA,,277.8900146484375,277.8900146484375,277.8900146484375,277.8900146484375,1059.0
2026-08-05 11:52:00,NTRS,,183.39500427246094,183.50999450683594,183.35000610351562,183.35000610351562,1767.0
2026-08-05 11:52:00,NTRSO,,18.385000228881836,18.385000228881836,18.385000228881836,18.385000228881836,381.0
2026-08-05 11:52:00,NVAX,,7.65500020980835,7.65500020980835,7.644999980926514,7.650000095367432,3593.0
2026-08-05 11:52:00,NVDA,,219.07000732421875,219.22999572753906,219.02000427246094,219.22999572753906,237081.0
2026-08-05 11:52:00,NVMI,,409.42498779296875,409.42498779296875,409.42498779296875,409.42498779296875,186.0
2026-08-05 11:52:00,NVNI,,1.100000023841858,1.100000023841858,1.100000023841858,1.100000023841858,5384.0
2026-08-05 11:52:00,NVTS,,12.494999885559082,12.510000228881836,12.484999656677246,12.5,8645.0
2026-08-05 11:52:00,NWBI,,15.920000076293945,15.920000076293945,15.920000076293945,15.920000076293945,3687.0
2026-08-05 11:52:00,NWE,,68.61000061035156,68.61000061035156,68.61000061035156,68.61000061035156,553.0
2026-08-05 11:52:00,NWL,,6.215000152587891,6.215000152587891,6.210000038146973,6.210000038146973,2917.0
2026-08-05 11:52:00,NWS,,32.20000076293945,32.209999084472656,32.20000076293945,32.209999084472656,2901.0
2026-08-05 11:52:00,NWSA,,28.160900115966797,28.165000915527344,28.149999618530273,28.149999618530273,4836.0
2026-08-05 11:52:00,NXPI,,231.1199951171875,231.1300048828125,230.92999267578125,231.10499572753906,5811.0
2026-08-05 11:52:00,NXT,,99.37000274658203,99.47000122070312,99.3499984741211,99.36000061035156,1930.0
2026-08-05 11:52:00,OCCI,,2.450000047683716,2.450000047683716,2.450000047683716,2.450000047683716,149.0
2026-08-05 11:52:00,OCFC,,19.729999542236328,19.729999542236328,19.729999542236328,19.729999542236328,1209.0
2026-08-05 11:52:00,OCG,,1.6699999570846558,1.6699999570846558,1.6699999570846558,1.6699999570846558,357.0
2026-08-05 11:52:00,OCGN,,1.298799991607666,1.298799991607666,1.2949999570846558,1.2949999570846558,3170.0
2026-08-05 11:52:00,OCS,,11.970000267028809,11.970000267028809,11.970000267028809,11.970000267028809,542.0
2026-08-05 11:52:00,OCSL,,12.130000114440918,12.130000114440918,12.109999656677246,12.109999656677246,2459.0
2026-08-05 11:52:00,OCUL,,8.484999656677246,8.484999656677246,8.484999656677246,8.484999656677246,3660.0
2026-08-05 11:52:00,ODD,,15.145000457763672,15.145000457763672,15.145000457763672,15.145000457763672,893.0
2026-08-05 11:52:00,ODFL,,214.77000427246094,214.80499267578125,214.77000427246094,214.7899932861328,1693.0
2026-08-05 11:52:00,OFIX,,10.649999618530273,10.649999618530273,10.649999618530273,10.649999618530273,341.0
2026-08-05 11:52:00,OFLX,,30.204999923706055,30.204999923706055,30.204999923706055,30.204999923706055,595.0
2026-08-05 11:52:00,OKTA,,147.34500122070312,147.36000061035156,147.25999450683594,147.25999450683594,2351.0
2026-08-05 11:52:00,OLLI,,78.4000015258789,78.44999694824219,78.4000015258789,78.44999694824219,1089.0
2026-08-05 11:52:00,OMER,,12.779999732971191,12.779999732971191,12.779999732971191,12.779999732971191,785.0
2026-08-05 11:52:00,OMEX,,0.7400000095367432,0.7400000095367432,0.7400000095367432,0.7400000095367432,100.0
2026-08-05 11:52:00,OMH,,0.11159999668598175,0.1128000020980835,0.11159999668598175,0.1128000020980835,5207.0
2026-08-05 11:52:00,ON,,77.19000244140625,77.25499725341797,77.17500305175781,77.19999694824219,20843.0
2026-08-05 11:52:00,ONB,,26.989999771118164,26.989999771118164,26.985000610351562,26.985000610351562,5839.0
2026-08-05 11:52:00,ONBPP,,24.809999465942383,24.809999465942383,24.809999465942383,24.809999465942383,400.0
2026-08-05 11:52:00,ONCY,,0.7914999723434448,0.7914999723434448,0.7900999784469604,0.7914999723434448,1663.0
2026-08-05 11:52:00,ONDS,,8.835100173950195,8.84000015258789,8.819999694824219,8.824999809265137,163461.0
2026-08-05 11:52:00,ONFO,,0.07720000296831131,0.07800000160932541,0.07639999687671661,0.07729999721050262,45958.0
2026-08-05 11:52:00,OPCH,,23.309999465942383,23.31999969482422,23.309999465942383,23.31999969482422,1838.0
2026-08-05 11:52:00,OPEN,,3.809299945831299,3.819999933242798,3.799999952316284,3.815000057220459,141726.0
2026-08-05 11:52:00,OPK,,1.315000057220459,1.315000057220459,1.315000057220459,1.315000057220459,856.0
2026-08-05 11:52:00,OPRA,,20.0049991607666,20.0049991607666,20.0049991607666,20.0049991607666,172.0
2026-08-05 11:52:00,ORIC,,13.149999618530273,13.15999984741211,13.142800331115723,13.149999618530273,4298.0
2026-08-05 11:52:00,ORLY,,92.98500061035156,93.0199966430664,92.9800033569336,93.0,9223.0
2026-08-05 11:52:00,OSS,,13.920000076293945,13.920000076293945,13.920000076293945,13.920000076293945,1505.0
2026-08-05 11:52:00,OSUR,,4.15500020980835,4.15500020980835,4.15500020980835,4.15500020980835,534.0
2026-08-05 11:52:00,OSW,,26.610000610351562,26.614999771118164,26.600000381469727,26.600000381469727,1599.0
2026-08-05 11:52:00,OTLK,,1.0149999856948853,1.0199999809265137,1.0149999856948853,1.0199999809265137,1620.0
2026-08-05 11:52:00,OTLY,,14.470000267028809,14.470000267028809,14.470000267028809,14.470000267028809,525.0
2026-08-05 11:52:00,OVID,,2.6449999809265137,2.6500000953674316,2.6449999809265137,2.6500000953674316,971.0
2026-08-05 11:52:00,OXLC,,9.125,9.125,9.119999885559082,9.119999885559082,3773.0
2026-08-05 11:52:00,OXSQ,,1.4850000143051147,1.4900000095367432,1.4850000143051147,1.4900000095367432,329.0
2026-08-05 11:52:00,PAA,,23.209999084472656,23.21500015258789,23.200000762939453,23.21500015258789,4091.0
2026-08-05 11:52:00,PAAS,,48.130001068115234,48.189998626708984,48.130001068115234,48.189998626708984,6656.0
2026-08-05 11:52:00,PACB,,1.4249999523162842,1.4249999523162842,1.4199999570846558,1.4199999570846558,92219.0
2026-08-05 11:52:00,PAGP,,25.1299991607666,25.139999389648438,25.1299991607666,25.1299991607666,5978.0
2026-08-05 11:52:00,PALI,,2.099900007247925,2.099900007247925,2.099900007247925,2.099900007247925,1504.0
2026-08-05 11:52:00,PANL,,7.300000190734863,7.300000190734863,7.300000190734863,7.300000190734863,1169.0
2026-08-05 11:52:00,PANW,,363.989990234375,364.0799865722656,363.3299865722656,363.7449951171875,5641.0
2026-08-05 11:52:00,PAX,,11.369999885559082,11.375,11.369999885559082,11.375,1929.0
2026-08-05 11:52:00,PAYO,,7.119999885559082,7.125,7.119999885559082,7.119999885559082,4466.0
2026-08-05 11:52:00,PAYS,,9.114999771118164,9.139900207519531,9.100000381469727,9.139900207519531,4548.0
2026-08-05 11:52:00,PAYX,,116.37999725341797,116.4000015258789,116.3499984741211,116.37999725341797,5744.0
2026-08-05 11:52:00,PCAR,,133.8300018310547,133.8300018310547,133.7100067138672,133.7550048828125,4039.0
2026-08-05 11:52:00,PCRX,,24.950000762939453,25.010000228881836,24.830400466918945,25.010000228881836,11110.0
2026-08-05 11:52:00,PCT,,6.889999866485596,6.889999866485596,6.880000114440918,6.889999866485596,3355.0
2026-08-05 11:52:00,PCTY,,144.0800018310547,144.0800018310547,143.9199981689453,143.9199981689453,3428.0
2026-08-05 11:52:00,PCYO,,10.5600004196167,10.5600004196167,10.5600004196167,10.5600004196167,681.0
2026-08-05 11:52:00,PDD,,91.26000213623047,91.31999969482422,91.26000213623047,91.31999969482422,6909.0
2026-08-05 11:52:00,PDFS,,50.279998779296875,50.279998779296875,50.22999954223633,50.279998779296875,1104.0
2026-08-05 11:52:00,PECO,,41.400001525878906,41.400001525878906,41.380001068115234,41.380001068115234,1571.0
2026-08-05 11:52:00,PEGA,,31.59000015258789,31.63949966430664,31.59000015258789,31.600000381469727,18969.0
2026-08-05 11:52:00,PENN,,19.75,19.780000686645508,19.739999771118164,19.780000686645508,8117.0
2026-08-05 11:52:00,PEP,,138.41000366210938,138.47999572753906,138.38589477539062,138.47999572753906,9094.0
2026-08-05 11:52:00,PEPG,,1.909999966621399,1.909999966621399,1.909999966621399,1.909999966621399,899.0
2026-08-05 11:52:00,PERI,,9.53499984741211,9.53499984741211,9.53499984741211,9.53499984741211,314.0
2026-08-05 11:52:00,PFG,,114.11000061035156,114.16999816894531,114.11000061035156,114.13999938964844,1964.0
2026-08-05 11:52:00,PGEN,,6.954999923706055,6.960000038146973,6.931000232696533,6.940000057220459,29899.0
2026-08-05 11:52:00,PGY,,21.649999618530273,21.65999984741211,21.639999389648438,21.639999389648438,3668.0
2026-08-05 11:52:00,PHAT,,8.420000076293945,8.420000076293945,8.420000076293945,8.420000076293945,865.0
2026-08-05 11:52:00,PKOH,,41.119998931884766,41.119998931884766,41.119998931884766,41.119998931884766,211.0
2026-08-05 11:52:00,PLBY,,1.149999976158142,1.149999976158142,1.149999976158142,1.149999976158142,102.0
2026-08-05 11:52:00,PLMR,,135.19500732421875,135.19500732421875,135.19500732421875,135.19500732421875,547.0
2026-08-05 11:52:00,PLUG,,2.099900007247925,2.0999999046325684,2.0899999141693115,2.0999999046325684,32791.0
2026-08-05 11:52:00,PNFP,,107.41000366210938,107.41000366210938,107.41000366210938,107.41000366210938,286.0
2026-08-05 11:52:00,POET,,8.234999656677246,8.239999771118164,8.23009967803955,8.234999656677246,6535.0
2026-08-05 11:52:00,POOL,,204.16000366210938,204.3249969482422,204.16000366210938,204.3249969482422,1422.0
2026-08-05 11:52:00,POWI,,61.88999938964844,61.91999816894531,61.88999938964844,61.91999816894531,1069.0
2026-08-05 11:52:00,POWL,,213.17039489746094,213.17039489746094,212.9199981689453,213.00999450683594,944.0
2026-08-05 11:52:00,PPC,,26.50979995727539,26.50979995727539,26.4950008392334,26.5,1775.0
2026-08-05 11:52:00,PPTA,,22.385000228881836,22.459999084472656,22.385000228881836,22.459999084472656,1492.0
2026-08-05 11:52:00,PRCT,,18.959999084472656,18.959999084472656,18.959999084472656,18.959999084472656,1529.0
2026-08-05 11:52:00,PRIM,,85.58999633789062,85.58999633789062,85.30999755859375,85.34500122070312,6904.0
2026-08-05 11:52:00,PRME,,2.9700000286102295,2.9700000286102295,2.9649999141693115,2.9649999141693115,4169.0
2026-08-05 11:52:00,PRZO,,0.5544000267982483,0.5544000267982483,0.5503000020980835,0.5503000020980835,595.0
2026-08-05 11:52:00,PSEC,,2.184999942779541,2.184999942779541,2.184999942779541,2.184999942779541,0.0
2026-08-05 11:52:00,PSNL,,13.630000114440918,13.630000114440918,13.630000114440918,13.630000114440918,154.0
2026-08-05 11:52:00,PTC,,139.08999633789062,139.14999389648438,139.02999877929688,139.08999633789062,5906.0
2026-08-05 11:52:00,PTEN,,9.734999656677246,9.734999656677246,9.729999542236328,9.729999542236328,5697.0
2026-08-05 11:52:00,PTGX,,136.3800048828125,136.3800048828125,136.3800048828125,136.3800048828125,615.0
2026-08-05 11:52:00,PTON,,6.494999885559082,6.5,6.489999771118164,6.489999771118164,4446.0
2026-08-05 11:52:00,PUBM,,13.469900131225586,13.469900131225586,13.469900131225586,13.469900131225586,428.0
2026-08-05 11:52:00,PWP,,17.315000534057617,17.315000534057617,17.315000534057617,17.315000534057617,889.0
2026-08-05 11:52:00,PYPD,,4.460000038146973,4.460000038146973,4.460000038146973,4.460000038146973,300.0
2026-08-05 11:52:00,PYPL,,58.29999923706055,58.31999969482422,58.29199981689453,58.29999923706055,5528.0
2026-08-05 11:52:00,PYXS,,3.174999952316284,3.174999952316284,3.174999952316284,3.174999952316284,394.0
2026-08-05 11:52:00,PZZA,,30.331600189208984,30.331600189208984,30.331600189208984,30.331600189208984,735.0
2026-08-05 11:52:00,QCOM,,157.64999389648438,157.77999877929688,157.63999938964844,157.72999572753906,10720.0
2026-08-05 11:52:00,QFIN,,13.3100004196167,13.3100004196167,13.3100004196167,13.3100004196167,1123.0
2026-08-05 11:52:00,QRVO,,94.56999969482422,94.62000274658203,94.56999969482422,94.62000274658203,380.0
2026-08-05 11:52:00,SEED,,1.01010000705719,1.01010000705719,1.01010000705719,1.01010000705719,1160.0
2026-08-05 11:52:00,STIM,,2.2699999809265137,2.2699999809265137,2.2699999809265137,2.2699999809265137,699.0
2026-08-05 11:52:00,TARA,,4.039999961853027,4.039999961853027,4.039999961853027,4.039999961853027,582.0
2026-08-05 11:53:00,ACDC,,4.364999771118164,4.364999771118164,4.364999771118164,4.364999771118164,1762.0
2026-08-05 11:53:00,EYE,,23.15999984741211,23.15999984741211,23.15999984741211,23.15999984741211,790.0
2026-08-05 11:53:00,GLUE,,15.84000015258789,15.84000015258789,15.824999809265137,15.824999809265137,3836.0
2026-08-05 11:53:00,KIDS,,21.25,21.260000228881836,21.25,21.25,967.0
2026-08-05 11:53:00,MBRX,,0.41690000891685486,0.41690000891685486,0.4099999964237213,0.41690000891685486,510.0
2026-08-05 11:53:00,MDB,,376.2850036621094,376.6600036621094,376.18499755859375,376.18499755859375,1560.0
2026-08-05 11:53:00,MDLZ,,62.119998931884766,62.15999984741211,62.119998931884766,62.15999984741211,14769.0
2026-08-05 11:53:00,MNRO,,13.140000343322754,13.140000343322754,13.140000343322754,13.140000343322754,294.0
2026-08-05 11:53:00,MNST,,94.56500244140625,94.6050033569336,94.56500244140625,94.56999969482422,2345.0
2026-08-05 11:53:00,MPWR,,1325.6300048828125,1326.030029296875,1322.5699462890625,1322.8299560546875,1691.0
2026-08-05 11:53:00,MRNA,,56.98500061035156,57.0099983215332,56.98500061035156,56.9900016784668,4457.0
2026-08-05 11:53:00,NAMS,,26.6200008392334,26.6200008392334,26.6200008392334,26.6200008392334,617.0
2026-08-05 11:53:00,NAUT,,0.9506000280380249,0.9506000280380249,0.9506000280380249,0.9506000280380249,2147.0
2026-08-05 11:53:00,NAVI,,9.074999809265137,9.079999923706055,9.074999809265137,9.079999923706055,1664.0
2026-08-05 11:53:00,NB,,5.085000038146973,5.090000152587891,5.085000038146973,5.090000152587891,4876.0
2026-08-05 11:53:00,NBIX,,164.02000427246094,164.02000427246094,164.02000427246094,164.02000427246094,406.0
2026-08-05 11:53:00,NDAQ,,94.08000183105469,94.0999984741211,94.05000305175781,94.0999984741211,1949.0
2026-08-05 11:53:00,NDSN,,311.3699951171875,311.3699951171875,311.3699951171875,311.3699951171875,162.0
2026-08-05 11:53:00,NEO,,16.18000030517578,16.18000030517578,16.18000030517578,16.18000030517578,2996.0
2026-08-05 11:53:00,NEOG,,11.59000015258789,11.59000015258789,11.585000038146973,11.585000038146973,6461.0
2026-08-05 11:53:00,NEOV,,2.8024001121520996,2.8024001121520996,2.8024001121520996,2.8024001121520996,148.0
2026-08-05 11:53:00,NESR,,28.6200008392334,28.6200008392334,28.559999465942383,28.559999465942383,3438.0
2026-08-05 11:53:00,NEXT,,6.394999980926514,6.400000095367432,6.394999980926514,6.400000095367432,2985.0
2026-08-05 11:53:00,NFE,,0.33660000562667847,0.33660000562667847,0.33660000562667847,0.33660000562667847,3512.0
2026-08-05 11:53:00,NFLX,,73.62010192871094,73.6500015258789,73.62010192871094,73.62999725341797,34406.0
2026-08-05 11:53:00,NICE,,96.61000061035156,96.93499755859375,96.59500122070312,96.93499755859375,4231.0
2026-08-05 11:53:00,NIU,,2.440000057220459,2.444999933242798,2.440000057220459,2.444999933242798,3544.0
2026-08-05 11:53:00,NKTX,,2.180000066757202,2.190000057220459,2.180000066757202,2.180000066757202,639.0
2026-08-05 11:53:00,NMRK,,15.524999618530273,15.524999618530273,15.520000457763672,15.520000457763672,2451.0
2026-08-05 11:53:00,NN,,14.319999694824219,14.34000015258789,14.319999694824219,14.319999694824219,4594.0
2026-08-05 11:53:00,NNBR,,3.799999952316284,3.805000066757202,3.799999952316284,3.799999952316284,4267.0
2026-08-05 11:53:00,NNDM,,1.5299999713897705,1.5399999618530273,1.5299999713897705,1.5388000011444092,39082.0
2026-08-05 11:53:00,NRDS,,9.109999656677246,9.119999885559082,9.109999656677246,9.119999885559082,1980.0
2026-08-05 11:53:00,NRIM,,26.90999984741211,26.93000030517578,26.90999984741211,26.90999984741211,1291.0
2026-08-05 11:53:00,NRIX,,24.670000076293945,24.670000076293945,24.649999618530273,24.649999618530273,569.0
2026-08-05 11:53:00,NRSN,,0.5253000259399414,0.5253000259399414,0.5231999754905701,0.5231999754905701,907.0
2026-08-05 11:53:00,NRXP,,3.0250000953674316,3.0250000953674316,3.0250000953674316,3.0250000953674316,174.0
2026-08-05 11:53:00,NTAP,,188.36000061035156,188.52999877929688,188.32000732421875,188.32000732421875,2921.0
2026-08-05 11:53:00,NTNX,,60.2599983215332,60.28499984741211,60.2400016784668,60.2400016784668,8493.0
2026-08-05 11:53:00,NTRA,,277.864990234375,277.864990234375,277.864990234375,277.864990234375,633.0
2026-08-05 11:53:00,NTRSO,,18.3700008392334,18.3700008392334,18.3700008392334,18.3700008392334,374.0
2026-08-05 11:53:00,NVAX,,7.659900188446045,7.659900188446045,7.659900188446045,7.659900188446045,648.0
2026-08-05 11:53:00,NVCR,,16.020000457763672,16.020000457763672,16.020000457763672,16.020000457763672,1688.0
2026-08-05 11:53:00,NVDA,,219.5,219.5,219.05999755859375,219.0800018310547,182577.0
2026-08-05 11:53:00,NVTS,,12.5,12.51710033416748,12.494999885559082,12.510000228881836,12494.0
2026-08-05 11:53:00,NWBI,,15.920000076293945,15.925000190734863,15.920000076293945,15.925000190734863,1422.0
2026-08-05 11:53:00,NWE,,68.58999633789062,68.58999633789062,68.58999633789062,68.58999633789062,548.0
2026-08-05 11:53:00,NWL,,6.201099872589111,6.215000152587891,6.199999809265137,6.210000038146973,9308.0
2026-08-05 11:53:00,NWSA,,28.170000076293945,28.18000030517578,28.165000915527344,28.170000076293945,6724.0
2026-08-05 11:53:00,NXPI,,231.30999755859375,231.30999755859375,231.14999389648438,231.1699981689453,1185.0
2026-08-05 11:53:00,NXT,,99.23500061035156,99.4800033569336,99.23500061035156,99.43000030517578,6778.0
2026-08-05 11:53:00,OABI,,2.065000057220459,2.065000057220459,2.065000057220459,2.065000057220459,789.0
2026-08-05 11:53:00,OBT,,38.81999969482422,38.81999969482422,38.81999969482422,38.81999969482422,993.0
2026-08-05 11:53:00,OCC,,15.864999771118164,15.864999771118164,15.864999771118164,15.864999771118164,461.0
2026-08-05 11:53:00,OCCI,,2.4700000286102295,2.4700000286102295,2.4700000286102295,2.4700000286102295,178.0
2026-08-05 11:53:00,OCGN,,1.2989000082015991,1.2999000549316406,1.2949999570846558,1.2949999570846558,3955.0
2026-08-05 11:53:00,OCSL,,12.130000114440918,12.140000343322754,12.130000114440918,12.130000114440918,3659.0
2026-08-05 11:53:00,OCUL,,8.489999771118164,8.494999885559082,8.489999771118164,8.489999771118164,2904.0
2026-08-05 11:53:00,ODFL,,214.75999450683594,214.86000061035156,214.75999450683594,214.75999450683594,2128.0
2026-08-05 11:53:00,OESX,,14.449999809265137,14.449999809265137,14.449999809265137,14.449999809265137,459.0
2026-08-05 11:53:00,OFIX,,10.645000457763672,10.645000457763672,10.645000457763672,10.645000457763672,913.0
2026-08-05 11:53:00,OFS,,3.5299999713897705,3.5299999713897705,3.5299999713897705,3.5299999713897705,104.0
2026-08-05 11:53:00,OKTA,,147.4499969482422,147.64950561523438,147.34500122070312,147.34500122070312,6168.0
2026-08-05 11:53:00,OLLI,,78.38500213623047,78.38999938964844,78.38500213623047,78.38999938964844,2740.0
2026-08-05 11:53:00,OM,,4.929999828338623,4.929999828338623,4.929999828338623,4.929999828338623,105.0
2026-08-05 11:53:00,OMER,,12.789999961853027,12.789999961853027,12.789999961853027,12.789999961853027,2443.0
2026-08-05 11:53:00,OMEX,,0.7383000254631042,0.7383000254631042,0.7383000254631042,0.7383000254631042,1060.0
2026-08-05 11:53:00,OMH,,0.11159999668598175,0.11159999668598175,0.11159999668598175,0.11159999668598175,6489.0
2026-08-05 11:53:00,ON,,77.24500274658203,77.25,77.13999938964844,77.18499755859375,28081.0
2026-08-05 11:53:00,ONB,,26.980100631713867,26.989900588989258,26.979999542236328,26.985000610351562,13891.0
2026-08-05 11:53:00,ONBPP,,24.81999969482422,24.81999969482422,24.81999969482422,24.81999969482422,304.0
2026-08-05 11:53:00,ONDS,,8.854999542236328,8.869999885559082,8.838199615478516,8.838199615478516,270067.0
2026-08-05 11:53:00,ONFO,,0.07689999788999557,0.07750000059604645,0.07639999687671661,0.07720000296831131,109893.0
2026-08-05 11:53:00,OPCH,,23.309999465942383,23.309999465942383,23.309999465942383,23.309999465942383,1609.0
2026-08-05 11:53:00,OPEN,,3.809999942779541,3.819999933242798,3.805000066757202,3.8099000453948975,313434.0
2026-08-05 11:53:00,OPK,,1.315000057220459,1.315000057220459,1.315000057220459,1.315000057220459,349.0
2026-08-05 11:53:00,OPRA,,19.989999771118164,20.0049991607666,19.989999771118164,20.0049991607666,1414.0
2026-08-05 11:53:00,ORIC,,13.175000190734863,13.175000190734863,13.149999618530273,13.170000076293945,4366.0
2026-08-05 11:53:00,ORLY,,92.95999908447266,93.0,92.94000244140625,92.97000122070312,12144.0
2026-08-05 11:53:00,OSBC,,25.7450008392334,25.7450008392334,25.7450008392334,25.7450008392334,280.0
2026-08-05 11:53:00,OSS,,13.89050006866455,13.89050006866455,13.89050006866455,13.89050006866455,366.0
2026-08-05 11:53:00,OTEX,,25.69499969482422,25.69499969482422,25.69499969482422,25.69499969482422,1029.0
2026-08-05 11:53:00,OTLK,,1.0149999856948853,1.0149999856948853,1.0099999904632568,1.0149999856948853,2211.0
2026-08-05 11:53:00,OVID,,2.6500000953674316,2.6500000953674316,2.6500000953674316,2.6500000953674316,2122.0
2026-08-05 11:53:00,OXLC,,9.129799842834473,9.129799842834473,9.125,9.125,1423.0
2026-08-05 11:53:00,OXSQ,,1.4850000143051147,1.4900000095367432,1.4850000143051147,1.4900000095367432,5474.0
2026-08-05 11:53:00,PAA,,23.219999313354492,23.219999313354492,23.210100173950195,23.210100173950195,331.0
2026-08-05 11:53:00,PAAS,,48.13999938964844,48.14500045776367,48.11000061035156,48.130001068115234,3852.0
2026-08-05 11:53:00,PACB,,1.4199999570846558,1.4199999570846558,1.409999966621399,1.4199999570846558,80871.0
2026-08-05 11:53:00,PAGP,,25.135000228881836,25.139999389648438,25.135000228881836,25.139999389648438,1353.0
2026-08-05 11:53:00,PALI,,2.0999999046325684,2.0999999046325684,2.0950000286102295,2.0950000286102295,1181.0
2026-08-05 11:53:00,PANL,,7.315000057220459,7.315000057220459,7.315000057220459,7.315000057220459,1119.0
2026-08-05 11:53:00,PANW,,364.05999755859375,364.1000061035156,363.9049987792969,364.07501220703125,5725.0
2026-08-05 11:53:00,PATK,,88.00509643554688,88.02999877929688,87.94999694824219,87.9800033569336,2365.0
2026-08-05 11:53:00,PAYO,,7.125,7.130000114440918,7.119999885559082,7.119999885559082,1400.0
2026-08-05 11:53:00,PAYS,,9.129899978637695,9.129899978637695,9.113499641418457,9.113499641418457,2962.0
2026-08-05 11:53:00,PAYX,,116.4000015258789,116.41000366210938,116.38310241699219,116.38310241699219,2417.0
2026-08-05 11:53:00,PCAR,,133.77000427246094,133.80999755859375,133.77000427246094,133.80999755859375,1377.0
2026-08-05 11:53:00,PCRX,,24.989999771118164,25.040000915527344,24.799999237060547,24.8700008392334,9799.0
2026-08-05 11:53:00,PCT,,6.880000114440918,6.885000228881836,6.880000114440918,6.885000228881836,1147.0
2026-08-05 11:53:00,PDD,,91.26000213623047,91.29000091552734,91.23999786376953,91.23999786376953,9087.0
2026-08-05 11:53:00,PEGA,,31.565000534057617,31.56999969482422,31.549999237060547,31.56999969482422,3858.0
2026-08-05 11:53:00,PENN,,19.760000228881836,19.770000457763672,19.75,19.75,7361.0
2026-08-05 11:53:00,PEP,,138.39500427246094,138.39999389648438,138.33999633789062,138.39500427246094,8567.0
2026-08-05 11:53:00,PERI,,9.529999732971191,9.529999732971191,9.529999732971191,9.529999732971191,554.0
2026-08-05 11:53:00,PESI,,17.729999542236328,17.729999542236328,17.729999542236328,17.729999542236328,411.0
2026-08-05 11:53:00,PFG,,114.14990234375,114.14990234375,114.04000091552734,114.11000061035156,2051.0
2026-08-05 11:53:00,PFIS,,71.68000030517578,71.68000030517578,71.68000030517578,71.68000030517578,725.0
2026-08-05 11:53:00,PGEN,,6.965000152587891,6.965000152587891,6.940000057220459,6.949999809265137,5660.0
2026-08-05 11:53:00,PGY,,21.65999984741211,21.674999237060547,21.649999618530273,21.649999618530273,6085.0
2026-08-05 11:53:00,PHAT,,8.4399995803833,8.4399995803833,8.420000076293945,8.420000076293945,1244.0
2026-08-05 11:53:00,PLBY,,1.1549999713897705,1.1549999713897705,1.149999976158142,1.149999976158142,5956.0
2026-08-05 11:53:00,PLRX,,1.0549999475479126,1.0549999475479126,1.0549999475479126,1.0549999475479126,900.0
2026-08-05 11:53:00,PLTK,,4.005000114440918,4.005499839782715,4.005000114440918,4.005499839782715,1273.0
2026-08-05 11:53:00,PLUG,,2.0950000286102295,2.0999999046325684,2.0899999141693115,2.0899999141693115,9083.0
2026-08-05 11:53:00,PLUR,,1.7999999523162842,1.7999999523162842,1.7999999523162842,1.7999999523162842,401.0
2026-08-05 11:53:00,PMN,,13.100000381469727,13.100000381469727,13.100000381469727,13.100000381469727,136.0
2026-08-05 11:53:00,PMVP,,1.1749999523162842,1.1749999523162842,1.1749999523162842,1.1749999523162842,1806.0
2026-08-05 11:53:00,PNBK,,1.1399999856948853,1.1399999856948853,1.1399999856948853,1.1399999856948853,719.0
2026-08-05 11:53:00,PNFP,,107.4000015258789,107.4000015258789,107.3949966430664,107.4000015258789,3414.0
2026-08-05 11:53:00,POET,,8.239999771118164,8.25,8.234999656677246,8.239999771118164,8694.0
2026-08-05 11:53:00,POLA,,1.7899999618530273,1.7899999618530273,1.7899999618530273,1.7899999618530273,251.0
2026-08-05 11:53:00,POOL,,203.97000122070312,204.08999633789062,203.97000122070312,204.08999633789062,1718.0
2026-08-05 11:53:00,POWL,,213.2550048828125,213.40040588378906,212.9199981689453,212.9199981689453,1926.0
2026-08-05 11:53:00,PPC,,26.479999542236328,26.4950008392334,26.479999542236328,26.4950008392334,5144.0
2026-08-05 11:53:00,PPTA,,22.440000534057617,22.440000534057617,22.3700008392334,22.420000076293945,4050.0
2026-08-05 11:53:00,PRCH,,15.914999961853027,15.914999961853027,15.904999732971191,15.90999984741211,2248.0
2026-08-05 11:53:00,PRCT,,19.0,19.0,18.969999313354492,18.969999313354492,3637.0
2026-08-05 11:53:00,PRDO,,32.869998931884766,32.869998931884766,32.86000061035156,32.86000061035156,762.0
2026-08-05 11:53:00,PRIM,,85.5999984741211,85.5999984741211,85.58999633789062,85.59500122070312,834.0
2026-08-05 11:53:00,PRME,,2.9690001010894775,2.9690001010894775,2.9690001010894775,2.9690001010894775,1213.0
2026-08-05 11:53:00,PROK,,1.6349999904632568,1.6349999904632568,1.6299999952316284,1.6299999952316284,6940.0
2026-08-05 11:53:00,PRQR,,1.8949999809265137,1.8949999809265137,1.8949999809265137,1.8949999809265137,1297.0
2026-08-05 11:53:00,PRVA,,24.114999771118164,24.114999771118164,24.114999771118164,24.114999771118164,580.0
2026-08-05 11:53:00,PSEC,,2.184999942779541,2.190000057220459,2.184999942779541,2.184999942779541,1290.0
2026-08-05 11:53:00,PSNL,,13.619999885559082,13.65999984741211,13.619999885559082,13.630000114440918,1428.0
2026-08-05 11:53:00,PTC,,139.0749969482422,139.08999633789062,139.0749969482422,139.08999633789062,651.0
2026-08-05 11:53:00,PTCT,,69.12999725341797,69.18499755859375,69.12999725341797,69.18499755859375,3096.0
2026-08-05 11:53:00,PTEN,,9.744999885559082,9.744999885559082,9.734999656677246,9.734999656677246,10308.0
2026-08-05 11:53:00,PTLO,,4.585000038146973,4.585000038146973,4.585000038146973,4.585000038146973,545.0
2026-08-05 11:53:00,PTON,,6.489999771118164,6.494999885559082,6.489999771118164,6.494999885559082,4060.0
2026-08-05 11:53:00,PUBM,,13.449999809265137,13.449999809265137,13.449999809265137,13.449999809265137,1178.0
2026-08-05 11:53:00,PWP,,17.329999923706055,17.329999923706055,17.329999923706055,17.329999923706055,1059.0
2026-08-05 11:53:00,PYPL,,58.279998779296875,58.310001373291016,58.279998779296875,58.310001373291016,14685.0
2026-08-05 11:53:00,PYXS,,3.1798999309539795,3.1798999309539795,3.1798999309539795,3.1798999309539795,595.0
2026-08-05 11:53:00,PZZA,,30.31999969482422,30.34000015258789,30.31999969482422,30.329999923706055,1657.0
2026-08-05 11:53:00,QCOM,,157.77000427246094,157.77999877929688,157.6199951171875,157.65499877929688,14890.0
2026-08-05 11:53:00,QCRH,,104.97000122070312,104.97000122070312,104.97000122070312,104.97000122070312,833.0
2026-08-05 11:53:00,QQQX,,30.420000076293945,30.420000076293945,30.420000076293945,30.420000076293945,3880.0
2026-08-05 11:53:00,QRVO,,94.55000305175781,94.62000274658203,94.53500366210938,94.62000274658203,1791.0
2026-08-05 11:53:00,SEED,,1.0299999713897705,1.0299999713897705,1.01010000705719,1.01010000705719,2190.0
2026-08-05 11:53:00,TARA,,4.034999847412109,4.034999847412109,4.034999847412109,4.034999847412109,202.0
2026-08-05 11:54:00,ACDC,,4.364999771118164,4.364999771118164,4.364999771118164,4.364999771118164,2250.0
2026-08-05 11:54:00,BPOP,,176.9600067138672,176.97999572753906,176.9499969482422,176.9499969482422,5308.0
2026-08-05 11:54:00,CASH,,89.16000366210938,89.16000366210938,89.16000366210938,89.16000366210938,876.0
2026-08-05 11:54:00,CNXN,,84.50499725341797,84.50499725341797,84.50499725341797,84.50499725341797,405.0
2026-08-05 11:54:00,EYE,,23.15999984741211,23.15999984741211,23.15999984741211,23.15999984741211,812.0
2026-08-05 11:54:00,KIDS,,21.27750015258789,21.295000076293945,21.27750015258789,21.290000915527344,763.0
2026-08-05 11:54:00,MBRX,,0.4092000126838684,0.4092999994754791,0.4092000126838684,0.4092999994754791,380.0
2026-08-05 11:54:00,MDB,,376.3949890136719,376.57000732421875,376.2900085449219,376.2900085449219,1701.0
2026-08-05 11:54:00,MDLZ,,62.130001068115234,62.130001068115234,62.11000061035156,62.119998931884766,4626.0
2026-08-05 11:54:00,MLTX,,17.594999313354492,17.594999313354492,17.594999313354492,17.594999313354492,262.0
2026-08-05 11:54:00,MNRO,,13.125,13.125,13.125,13.125,639.0
2026-08-05 11:54:00,MNST,,94.52999877929688,94.55000305175781,94.5199966430664,94.55000305175781,2681.0
2026-08-05 11:54:00,MNTSW,,0.002899999963119626,0.002899999963119626,0.002899999963119626,0.002899999963119626,191.0
2026-08-05 11:54:00,MOVE,,11.950599670410156,11.950599670410156,11.950599670410156,11.950599670410156,210.0
2026-08-05 11:54:00,MPWR,,1325.0,1325.0,1322.97998046875,1322.97998046875,246.0
2026-08-05 11:54:00,MRNA,,56.900001525878906,56.9900016784668,56.900001525878906,56.904998779296875,6955.0
2026-08-05 11:54:00,MVBF,,30.510000228881836,30.510000228881836,30.43000030517578,30.43000030517578,413.0
2026-08-05 11:54:00,MYGN,,3.2249999046325684,3.2300000190734863,3.2249999046325684,3.2300000190734863,4183.0
2026-08-05 11:54:00,NAMS,,26.584999084472656,26.584999084472656,26.584999084472656,26.584999084472656,492.0
2026-08-05 11:54:00,NATR,,20.229999542236328,20.229999542236328,20.229999542236328,20.229999542236328,1758.0
2026-08-05 11:54:00,NAUT,,0.9505000114440918,0.9545000195503235,0.9505000114440918,0.9506000280380249,3298.0
2026-08-05 11:54:00,NAVI,,9.069999694824219,9.074999809265137,9.069999694824219,9.074999809265137,1088.0
2026-08-05 11:54:00,NB,,5.079899787902832,5.079999923706055,5.079899787902832,5.079999923706055,2669.0
2026-08-05 11:54:00,NBIX,,164.02000427246094,164.02000427246094,163.97000122070312,164.02000427246094,985.0
2026-08-05 11:54:00,NBTB,,53.279998779296875,53.279998779296875,53.279998779296875,53.279998779296875,280.0
2026-08-05 11:54:00,NBTX,,39.70000076293945,39.70000076293945,39.70000076293945,39.70000076293945,2996.0
2026-08-05 11:54:00,NDAQ,,94.1500015258789,94.16000366210938,94.1050033569336,94.1050033569336,3123.0
2026-08-05 11:54:00,NDSN,,311.1000061035156,311.1000061035156,311.1000061035156,311.1000061035156,121.0
2026-08-05 11:54:00,NEGG,,16.7549991607666,16.7549991607666,16.7549991607666,16.7549991607666,703.0
2026-08-05 11:54:00,NEO,,16.18000030517578,16.18000030517578,16.18000030517578,16.18000030517578,1125.0
2026-08-05 11:54:00,NEOG,,11.579999923706055,11.579999923706055,11.579999923706055,11.579999923706055,185.0
2026-08-05 11:54:00,NEOV,,2.809999942779541,2.809999942779541,2.809999942779541,2.809999942779541,781.0
2026-08-05 11:54:00,NESR,,28.559999465942383,28.65999984741211,28.559999465942383,28.639999389648438,4523.0
2026-08-05 11:54:00,NEXT,,6.401299953460693,6.401299953460693,6.400000095367432,6.400000095367432,3265.0
2026-08-05 11:54:00,NFLX,,73.61949920654297,73.63619995117188,73.5999984741211,73.625,38849.0
2026-08-05 11:54:00,NGNE,,34.900001525878906,34.900001525878906,34.900001525878906,34.900001525878906,269.0
2026-08-05 11:54:00,NICE,,96.47000122070312,96.51000213623047,96.37560272216797,96.51000213623047,7524.0
2026-08-05 11:54:00,NMFC,,7.307000160217285,7.309999942779541,7.307000160217285,7.309999942779541,1778.0
2026-08-05 11:54:00,NMRK,,15.520000457763672,15.520000457763672,15.520000457763672,15.520000457763672,1254.0
2026-08-05 11:54:00,NN,,14.300000190734863,14.319999694824219,14.289999961853027,14.319999694824219,3427.0
2026-08-05 11:54:00,NNBR,,3.809999942779541,3.809999942779541,3.799999952316284,3.799999952316284,2453.0
2026-08-05 11:54:00,NNDM,,1.534999966621399,1.534999966621399,1.534999966621399,1.534999966621399,1321.0
2026-08-05 11:54:00,NRDS,,9.109999656677246,9.109999656677246,9.109999656677246,9.109999656677246,549.0
2026-08-05 11:54:00,NRIX,,24.649999618530273,24.649999618530273,24.649999618530273,24.649999618530273,310.0
2026-08-05 11:54:00,NRXP,,3.0199999809265137,3.0199999809265137,3.0199999809265137,3.0199999809265137,265.0
2026-08-05 11:54:00,NTAP,,188.35499572753906,188.3699951171875,188.25,188.25,2855.0
2026-08-05 11:54:00,NTCT,,41.78499984741211,41.787498474121094,41.72999954223633,41.787498474121094,639.0
2026-08-05 11:54:00,NTES,,127.75499725341797,127.75499725341797,127.75499725341797,127.75499725341797,307.0
2026-08-05 11:54:00,NTNX,,60.220001220703125,60.22999954223633,60.20000076293945,60.22999954223633,7251.0
2026-08-05 11:54:00,NTRS,,183.40499877929688,183.42999267578125,183.40499877929688,183.42999267578125,1373.0
2026-08-05 11:54:00,NUWE,,1.7350000143051147,1.7350000143051147,1.7350000143051147,1.7350000143051147,556.0
2026-08-05 11:54:00,NVCR,,16.020000457763672,16.020000457763672,16.020000457763672,16.020000457763672,2965.0
2026-08-05 11:54:00,NVCT,,19.979999542236328,19.979999542236328,19.979999542236328,19.979999542236328,505.0
2026-08-05 11:54:00,NVDA,,219.29600524902344,219.52000427246094,219.27000427246094,219.29600524902344,231709.0
2026-08-05 11:54:00,NVMI,,410.04998779296875,410.4700012207031,409.989990234375,409.989990234375,1131.0
2026-08-05 11:54:00,NVTS,,12.510000228881836,12.539999961853027,12.494999885559082,12.505000114440918,78054.0
2026-08-05 11:54:00,NWE,,68.62000274658203,68.62000274658203,68.62000274658203,68.62000274658203,449.0
2026-08-05 11:54:00,NWL,,6.201099872589111,6.205999851226807,6.199999809265137,6.199999809265137,12043.0
2026-08-05 11:54:00,NWS,,32.21500015258789,32.21500015258789,32.21500015258789,32.21500015258789,706.0
2026-08-05 11:54:00,NWSA,,28.165000915527344,28.165000915527344,28.165000915527344,28.165000915527344,3514.0
2026-08-05 11:54:00,NXGL,,0.41029998660087585,0.41040000319480896,0.41029998660087585,0.41040000319480896,449.0
2026-08-05 11:54:00,NXPI,,231.2899932861328,231.42999267578125,231.2899932861328,231.30999755859375,3871.0
2026-08-05 11:54:00,NXT,,99.30000305175781,99.30000305175781,99.16999816894531,99.16999816894531,2254.0
2026-08-05 11:54:00,NXTC,,5.050600051879883,5.050600051879883,5.050600051879883,5.050600051879883,200.0
2026-08-05 11:54:00,OCFC,,19.725000381469727,19.729999542236328,19.725000381469727,19.729999542236328,791.0
2026-08-05 11:54:00,OCGN,,1.2964999675750732,1.2971999645233154,1.2964999675750732,1.2971999645233154,1868.0
2026-08-05 11:54:00,OCSL,,12.130000114440918,12.130000114440918,12.130000114440918,12.130000114440918,1299.0
2026-08-05 11:54:00,OCUL,,8.489999771118164,8.489999771118164,8.489999771118164,8.489999771118164,1668.0
2026-08-05 11:54:00,ODD,,15.109999656677246,15.109999656677246,15.069999694824219,15.079999923706055,1616.0
2026-08-05 11:54:00,OESX,,14.310099601745605,14.319999694824219,14.310099601745605,14.319999694824219,369.0
2026-08-05 11:54:00,OKTA,,147.4600067138672,147.62989807128906,147.4600067138672,147.62989807128906,1550.0
2026-08-05 11:54:00,OLLI,,78.26000213623047,78.32499694824219,78.23999786376953,78.31999969482422,6152.0
2026-08-05 11:54:00,OLMA,,11.579999923706055,11.579999923706055,11.579999923706055,11.579999923706055,1152.0
2026-08-05 11:54:00,OM,,4.940000057220459,4.940000057220459,4.940000057220459,4.940000057220459,248.0
2026-08-05 11:54:00,OMER,,12.770000457763672,12.770000457763672,12.770000457763672,12.770000457763672,270.0
2026-08-05 11:54:00,OMEX,,0.7383000254631042,0.7383000254631042,0.7383000254631042,0.7383000254631042,219.0
2026-08-05 11:54:00,ON,,77.16999816894531,77.30000305175781,77.16999816894531,77.24500274658203,23531.0
2026-08-05 11:54:00,ONB,,26.975000381469727,26.980199813842773,26.975000381469727,26.979999542236328,5410.0
2026-08-05 11:54:00,ONCY,,0.7914999723434448,0.7914999723434448,0.7914999723434448,0.7914999723434448,104.0
2026-08-05 11:54:00,ONDS,,8.854999542236328,8.869999885559082,8.850000381469727,8.850000381469727,128027.0
2026-08-05 11:54:00,ONFO,,0.07639999687671661,0.07649999856948853,0.07580000162124634,0.07649999856948853,58442.0
2026-08-05 11:54:00,OPCH,,23.309999465942383,23.309999465942383,23.309999465942383,23.309999465942383,332.0
2026-08-05 11:54:00,OPEN,,3.8066999912261963,3.819999933242798,3.799999952316284,3.8101000785827637,176660.0
2026-08-05 11:54:00,OPK,,1.315000057220459,1.315000057220459,1.315000057220459,1.315000057220459,214.0
2026-08-05 11:54:00,ORIC,,13.1850004196167,13.1850004196167,13.15999984741211,13.175000190734863,1859.0
2026-08-05 11:54:00,ORLY,,92.9749984741211,92.9800033569336,92.95500183105469,92.95500183105469,1433.0
2026-08-05 11:54:00,OSBC,,25.739999771118164,25.739999771118164,25.739999771118164,25.739999771118164,806.0
2026-08-05 11:54:00,OSIS,,235.2550048828125,235.2550048828125,235.2550048828125,235.2550048828125,93.0
2026-08-05 11:54:00,OSPN,,16.56999969482422,16.56999969482422,16.510000228881836,16.510000228881836,3449.0
2026-08-05 11:54:00,OSS,,13.90999984741211,13.920000076293945,13.90999984741211,13.920000076293945,1051.0
2026-08-05 11:54:00,OTEX,,25.709999084472656,25.709999084472656,25.704999923706055,25.704999923706055,1357.0
2026-08-05 11:54:00,OTLK,,1.0149999856948853,1.0149999856948853,1.0149999856948853,1.0149999856948853,835.0
2026-08-05 11:54:00,OXSQ,,1.4850000143051147,1.4850000143051147,1.4800000190734863,1.4850000143051147,10732.0
2026-08-05 11:54:00,PAA,,23.225000381469727,23.235000610351562,23.219999313354492,23.219999313354492,4047.0
2026-08-05 11:54:00,PAAS,,48.08000183105469,48.16999816894531,48.060001373291016,48.150001525878906,10585.0
2026-08-05 11:54:00,PACB,,1.4110000133514404,1.4149999618530273,1.409999966621399,1.4149999618530273,10275.0
2026-08-05 11:54:00,PAGP,,25.139999389648438,25.139999389648438,25.139999389648438,25.139999389648438,931.0
2026-08-05 11:54:00,PALI,,2.0950000286102295,2.0950000286102295,2.0950000286102295,2.0950000286102295,658.0
2026-08-05 11:54:00,PANW,,363.55999755859375,364.05499267578125,363.55999755859375,364.05499267578125,4817.0
2026-08-05 11:54:00,PAVS,,4.949999809265137,4.949999809265137,4.940000057220459,4.940000057220459,595.0
2026-08-05 11:54:00,PAX,,11.364999771118164,11.364999771118164,11.364999771118164,11.364999771118164,587.0
2026-08-05 11:54:00,PAYO,,7.119999885559082,7.125999927520752,7.119999885559082,7.119999885559082,2005.0
2026-08-05 11:54:00,PAYS,,9.109999656677246,9.119999885559082,9.109999656677246,9.119999885559082,742.0
2026-08-05 11:54:00,PAYX,,116.43000030517578,116.47000122070312,116.38999938964844,116.40499877929688,6469.0
2026-08-05 11:54:00,PBYI,,7.994999885559082,7.994999885559082,7.994999885559082,7.994999885559082,1998.0
2026-08-05 11:54:00,PCAR,,133.75999450683594,133.81500244140625,133.75999450683594,133.75999450683594,2714.0
2026-08-05 11:54:00,PCRX,,24.975000381469727,24.975000381469727,24.975000381469727,24.975000381469727,755.0
2026-08-05 11:54:00,PCT,,6.875,6.889999866485596,6.875,6.885000228881836,8332.0
2026-08-05 11:54:00,PDD,,91.26000213623047,91.26000213623047,91.26000213623047,91.26000213623047,2621.0
2026-08-05 11:54:00,PDSB,,0.7139000296592712,0.7139000296592712,0.7103000283241272,0.7103000283241272,1897.0
2026-08-05 11:54:00,PEGA,,31.5,31.55500030517578,31.5,31.549999237060547,4056.0
2026-08-05 11:54:00,PENN,,19.735000610351562,19.760000228881836,19.735000610351562,19.7549991607666,3626.0
2026-08-05 11:54:00,PEP,,138.39500427246094,138.41000366210938,138.360107421875,138.3800048828125,3016.0
2026-08-05 11:54:00,PFG,,114.05999755859375,114.05999755859375,114.05999755859375,114.05999755859375,179.0
2026-08-05 11:54:00,PGEN,,6.96999979019165,6.96999979019165,6.965000152587891,6.965000152587891,5471.0
2026-08-05 11:54:00,PGY,,21.665000915527344,21.68000030517578,21.665000915527344,21.68000030517578,2816.0
2026-08-05 11:54:00,PLRX,,1.0504000186920166,1.0549999475479126,1.0504000186920166,1.0549999475479126,995.0
2026-08-05 11:54:00,PLSE,,36.584999084472656,36.7599983215332,36.58000183105469,36.7599983215332,4355.0
2026-08-05 11:54:00,PLUG,,2.0850000381469727,2.09089994430542,2.0799999237060547,2.0899999141693115,518558.0
2026-08-05 11:54:00,POET,,8.241399765014648,8.25,8.239999771118164,8.239999771118164,14919.0
2026-08-05 11:54:00,POOL,,203.7100067138672,203.7100067138672,203.7100067138672,203.7100067138672,706.0
2026-08-05 11:54:00,POWL,,213.07000732421875,213.44000244140625,213.07000732421875,213.42999267578125,459.0
2026-08-05 11:54:00,PPC,,26.5,26.5,26.5,26.5,814.0
2026-08-05 11:54:00,PPTA,,22.31999969482422,22.31999969482422,22.31999969482422,22.31999969482422,548.0
2026-08-05 11:54:00,PRCH,,15.914999961853027,15.925700187683105,15.914999961853027,15.914999961853027,845.0
2026-08-05 11:54:00,PRCT,,19.040000915527344,19.065000534057617,18.8799991607666,19.0,36651.0
2026-08-05 11:54:00,PRGS,,41.77000045776367,41.77000045776367,41.77000045776367,41.77000045776367,959.0
2026-08-05 11:54:00,PRIM,,85.48999786376953,85.5199966430664,85.38999938964844,85.5199966430664,1458.0
2026-08-05 11:54:00,PRME,,2.9700000286102295,2.9700000286102295,2.9649999141693115,2.9649999141693115,2929.0
2026-08-05 11:54:00,PROK,,1.6299999952316284,1.6299999952316284,1.6299999952316284,1.6299999952316284,3179.0
2026-08-05 11:54:00,PRQR,,1.9149999618530273,1.9199999570846558,1.8949999809265137,1.8949999809265137,39576.0
2026-08-05 11:54:00,PRSO,,0.6995000243186951,0.6995000243186951,0.6995000243186951,0.6995000243186951,358.0
2026-08-05 11:54:00,PRTA,,8.520000457763672,8.529999732971191,8.520000457763672,8.529999732971191,462.0
2026-08-05 11:54:00,PRVA,,24.1299991607666,24.1299991607666,24.1299991607666,24.1299991607666,184.0
2026-08-05 11:54:00,PRZO,,0.546500027179718,0.546500027179718,0.546500027179718,0.546500027179718,4086.0
2026-08-05 11:54:00,PSEC,,2.184999942779541,2.184999942779541,2.184999942779541,2.184999942779541,1448.0
2026-08-05 11:54:00,PSNL,,13.630000114440918,13.65999984741211,13.630000114440918,13.640000343322754,5056.0
2026-08-05 11:54:00,PTC,,139.14999389648438,139.1750030517578,139.13999938964844,139.13999938964844,1430.0
2026-08-05 11:54:00,PTCT,,69.02999877929688,69.11000061035156,69.0199966430664,69.11000061035156,2341.0
2026-08-05 11:54:00,PTEN,,9.744999885559082,9.755000114440918,9.744999885559082,9.744999885559082,7037.0
2026-08-05 11:54:00,PTGX,,136.3699951171875,136.3699951171875,136.3699951171875,136.3699951171875,561.0
2026-08-05 11:54:00,PTON,,6.489999771118164,6.489999771118164,6.480000019073486,6.489999771118164,22545.0
2026-08-05 11:54:00,PWP,,17.309999465942383,17.309999465942383,17.309999465942383,17.309999465942383,365.0
2026-08-05 11:54:00,PXS,,4.764999866485596,4.764999866485596,4.764999866485596,4.764999866485596,1359.0
2026-08-05 11:54:00,PYPL,,58.290000915527344,58.290000915527344,58.27000045776367,58.27000045776367,6499.0
2026-08-05 11:54:00,PYXS,,3.180000066757202,3.180000066757202,3.180000066757202,3.180000066757202,1117.0
2026-08-05 11:54:00,PZZA,,30.314199447631836,30.334999084472656,30.314199447631836,30.334999084472656,1410.0
2026-08-05 11:54:00,QCOM,,157.65499877929688,157.77999877929688,157.63999938964844,157.73500061035156,10704.0
2026-08-05 11:54:00,QFIN,,13.289999961853027,13.300000190734863,13.289999961853027,13.295000076293945,5166.0
2026-08-05 11:54:00,QQQX,,30.344999313354492,30.344999313354492,30.344999313354492,30.344999313354492,0.0
2026-08-05 11:54:00,QRVO,,94.56999969482422,94.58000183105469,94.56999969482422,94.58000183105469,1103.0
2026-08-05 11:54:00,SEED,,1.024999976158142,1.024999976158142,1.024999976158142,1.024999976158142,1434.0
2026-08-05 11:54:00,TARA,,4.034999847412109,4.034999847412109,4.034999847412109,4.034999847412109,101.0
2026-08-05 11:55:00,ACDC,,4.375,4.385000228881836,4.369999885559082,4.369999885559082,12514.0
2026-08-05 11:55:00,DTIL,,7.474999904632568,7.474999904632568,7.474999904632568,7.474999904632568,322.0
2026-08-05 11:55:00,EYE,,23.139999389648438,23.15999984741211,23.139999389648438,23.15999984741211,1112.0
2026-08-05 11:55:00,GLUE,,15.835000038146973,15.835000038146973,15.835000038146973,15.835000038146973,770.0
2026-08-05 11:55:00,LUNG,,1.940000057220459,1.940000057220459,1.940000057220459,1.940000057220459,2109.0
2026-08-05 11:55:00,MBRX,,0.4016999900341034,0.4016999900341034,0.4016999900341034,0.4016999900341034,944.0
2026-08-05 11:55:00,MDB,,376.05499267578125,376.2699890136719,376.0,376.0400085449219,1424.0
2026-08-05 11:55:00,MDLZ,,62.13999938964844,62.150001525878906,62.130001068115234,62.13999938964844,6181.0
2026-08-05 11:55:00,MLTX,,17.545000076293945,17.607200622558594,17.540000915527344,17.607200622558594,5273.0
2026-08-05 11:55:00,MNRO,,13.104100227355957,13.104100227355957,13.104100227355957,13.104100227355957,212.0
2026-08-05 11:55:00,MNST,,94.55000305175781,94.55000305175781,94.5199966430664,94.5199966430664,5426.0
2026-08-05 11:55:00,MNTS,,4.343999862670898,4.343999862670898,4.343999862670898,4.343999862670898,168.0
2026-08-05 11:55:00,MNTSW,,0.0034000000450760126,0.0034000000450760126,0.002899999963119626,0.0034000000450760126,4033.0
2026-08-05 11:55:00,MNY,,0.9200000166893005,0.9200000166893005,0.9200000166893005,0.9200000166893005,38.0
2026-08-05 11:55:00,MOVE,,11.850000381469727,11.850000381469727,11.850000381469727,11.850000381469727,280.0
2026-08-05 11:55:00,MPWR,,1322.64501953125,1323.458984375,1322.344970703125,1323.2900390625,691.0
2026-08-05 11:55:00,MRNA,,56.82500076293945,56.88999938964844,56.79999923706055,56.88999938964844,25101.0
2026-08-05 11:55:00,MYGN,,3.2249999046325684,3.2249999046325684,3.2249999046325684,3.2249999046325684,633.0
2026-08-05 11:55:00,NAVI,,9.069999694824219,9.069999694824219,9.06350040435791,9.06350040435791,1184.0
2026-08-05 11:55:00,NB,,5.070000171661377,5.070000171661377,5.070000171661377,5.070000171661377,1954.0
2026-08-05 11:55:00,NDAQ,,94.1500015258789,94.18000030517578,94.13999938964844,94.13999938964844,2088.0
2026-08-05 11:55:00,NDSN,,311.05999755859375,311.1000061035156,311.05999755859375,311.05999755859375,833.0
2026-08-05 11:55:00,NEOG,,11.569999694824219,11.579999923706055,11.569999694824219,11.579999923706055,2475.0
2026-08-05 11:55:00,NEOV,,2.799999952316284,2.799999952316284,2.799999952316284,2.799999952316284,2381.0
2026-08-05 11:55:00,NESR,,28.594999313354492,28.594999313354492,28.594999313354492,28.594999313354492,694.0
2026-08-05 11:55:00,NEWT,,15.220000267028809,15.220000267028809,15.220000267028809,15.220000267028809,319.0
2026-08-05 11:55:00,NEXT,,6.394999980926514,6.400000095367432,6.394999980926514,6.400000095367432,3442.0
2026-08-05 11:55:00,NFLX,,73.62000274658203,73.67500305175781,73.61000061035156,73.61499786376953,56856.0
2026-08-05 11:55:00,NGNE,,34.900001525878906,34.900001525878906,34.900001525878906,34.900001525878906,298.0
2026-08-05 11:55:00,NICE,,96.68000030517578,96.68000030517578,96.68000030517578,96.68000030517578,1624.0
2026-08-05 11:55:00,NIU,,2.434999942779541,2.434999942779541,2.434999942779541,2.434999942779541,201.0
2026-08-05 11:55:00,NMFC,,7.300000190734863,7.300000190734863,7.300000190734863,7.300000190734863,1000.0
2026-08-05 11:55:00,NMIH,,44.439998626708984,44.439998626708984,44.439998626708984,44.439998626708984,1569.0
2026-08-05 11:55:00,NMRA,,1.6094000339508057,1.6094000339508057,1.6094000339508057,1.6094000339508057,1056.0
2026-08-05 11:55:00,NMRK,,15.529999732971191,15.529999732971191,15.515000343322754,15.515000343322754,7299.0
2026-08-05 11:55:00,NN,,14.25,14.300000190734863,14.210000038146973,14.300000190734863,48809.0
2026-08-05 11:55:00,NNBR,,3.7899999618530273,3.799999952316284,3.7899999618530273,3.799999952316284,3180.0
2026-08-05 11:55:00,NNDM,,1.534999966621399,1.534999966621399,1.534999966621399,1.534999966621399,2111.0
2026-08-05 11:55:00,NNOX,,1.0099999904632568,1.0099999904632568,1.0099999904632568,1.0099999904632568,539.0
2026-08-05 11:55:00,NOVT,,157.02999877929688,157.02999877929688,156.77999877929688,156.77999877929688,1858.0
2026-08-05 11:55:00,NPCE,,13.545000076293945,13.545000076293945,13.545000076293945,13.545000076293945,533.0
2026-08-05 11:55:00,NRDS,,9.109999656677246,9.109999656677246,9.109999656677246,9.109999656677246,918.0
2026-08-05 11:55:00,NRIX,,24.64299964904785,24.649999618530273,24.64299964904785,24.649999618530273,420.0
2026-08-05 11:55:00,NRSN,,0.5389000177383423,0.5389000177383423,0.5299999713897705,0.5306000113487244,5444.0
2026-08-05 11:55:00,NRXP,,3.0199999809265137,3.0199999809265137,3.0199999809265137,3.0199999809265137,188.0
2026-08-05 11:55:00,NTAP,,188.16000366210938,188.24000549316406,188.16000366210938,188.24000549316406,3422.0
2026-08-05 11:55:00,NTCT,,41.75,41.75,41.75,41.75,332.0
2026-08-05 11:55:00,NTES,,127.7699966430664,127.7699966430664,127.7699966430664,127.7699966430664,1222.0
2026-08-05 11:55:00,NTNX,,60.220001220703125,60.220001220703125,60.196800231933594,60.220001220703125,1496.0
2026-08-05 11:55:00,NTRA,,277.8500061035156,277.8699951171875,277.7349853515625,277.8699951171875,2177.0
2026-08-05 11:55:00,NTRS,,183.40499877929688,183.40499877929688,183.40499877929688,183.40499877929688,258.0
2026-08-05 11:55:00,NUWE,,1.7300000190734863,1.7396999597549438,1.7300000190734863,1.7396999597549438,1083.0
2026-08-05 11:55:00,NVAX,,7.65500020980835,7.65500020980835,7.650000095367432,7.650000095367432,1570.0
2026-08-05 11:55:00,NVCR,,16.020000457763672,16.020000457763672,16.020000457763672,16.020000457763672,228.0
2026-08-05 11:55:00,NVDA,,219.0749969482422,219.2799072265625,218.9499969482422,219.27000427246094,206035.0
2026-08-05 11:55:00,NVMI,,409.95001220703125,409.95001220703125,409.95001220703125,409.95001220703125,869.0
2026-08-05 11:55:00,NVTS,,12.475000381469727,12.510000228881836,12.475000381469727,12.505000114440918,9933.0
2026-08-05 11:55:00,NWBI,,15.914999961853027,15.914999961853027,15.90999984741211,15.90999984741211,2273.0
2026-08-05 11:55:00,NWL,,6.204999923706055,6.204999923706055,6.190000057220459,6.199999809265137,44672.0
2026-08-05 11:55:00,NWS,,32.224998474121094,32.224998474121094,32.220001220703125,32.220001220703125,1979.0
2026-08-05 11:55:00,NWSA,,28.18000030517578,28.18000030517578,28.18000030517578,28.18000030517578,1199.0
2026-08-05 11:55:00,NXPI,,231.14999389648438,231.27499389648438,231.0800018310547,231.25,7847.0
2026-08-05 11:55:00,NXT,,99.13999938964844,99.31999969482422,99.13999938964844,99.31999969482422,1508.0
2026-08-05 11:55:00,OCFC,,19.725000381469727,19.725000381469727,19.725000381469727,19.725000381469727,1359.0
2026-08-05 11:55:00,OCGN,,1.2899999618530273,1.2949999570846558,1.2899999618530273,1.2949999570846558,1312.0
2026-08-05 11:55:00,OCSL,,12.114999771118164,12.114999771118164,12.114999771118164,12.114999771118164,666.0
2026-08-05 11:55:00,OCUL,,8.470000267028809,8.489999771118164,8.470000267028809,8.489999771118164,8970.0
2026-08-05 11:55:00,ODFL,,214.5800018310547,214.5800018310547,214.52000427246094,214.52000427246094,1020.0
2026-08-05 11:55:00,OESX,,14.864999771118164,14.864999771118164,14.864999771118164,14.864999771118164,358.0
2026-08-05 11:55:00,OKTA,,147.3699951171875,147.3699951171875,147.3699951171875,147.3699951171875,904.0
2026-08-05 11:55:00,OLLI,,78.15499877929688,78.15499877929688,78.15499877929688,78.15499877929688,761.0
2026-08-05 11:55:00,OLMA,,11.5600004196167,11.5600004196167,11.5600004196167,11.5600004196167,1207.0
2026-08-05 11:55:00,OMER,,12.774999618530273,12.779999732971191,12.774999618530273,12.779999732971191,2145.0
2026-08-05 11:55:00,OMEX,,0.7379999756813049,0.7383000254631042,0.7379999756813049,0.7383000254631042,303.0
2026-08-05 11:55:00,OMH,,0.11159999668598175,0.1128000020980835,0.11159999668598175,0.11159999668598175,39066.0
2026-08-05 11:55:00,ON,,77.12000274658203,77.1500015258789,77.04000091552734,77.1500015258789,18674.0
2026-08-05 11:55:00,ONB,,26.969999313354492,26.969999313354492,26.96500015258789,26.969999313354492,6198.0
2026-08-05 11:55:00,ONDS,,8.835000038146973,8.859999656677246,8.831399917602539,8.850000381469727,118263.0
2026-08-05 11:55:00,ONEW,,12.600000381469727,12.664999961853027,12.600000381469727,12.664999961853027,290.0
2026-08-05 11:55:00,ONFO,,0.07620000094175339,0.07620000094175339,0.07609999924898148,0.07609999924898148,5341.0
2026-08-05 11:55:00,OPCH,,23.309999465942383,23.31999969482422,23.309999465942383,23.31999969482422,2403.0
2026-08-05 11:55:00,OPEN,,3.8099000453948975,3.809999942779541,3.799999952316284,3.805000066757202,106810.0
2026-08-05 11:55:00,OPK,,1.315000057220459,1.315000057220459,1.315000057220459,1.315000057220459,1526.0
2026-08-05 11:55:00,OPRA,,20.049999237060547,20.059999465942383,20.0,20.010000228881836,8853.0
2026-08-05 11:55:00,ORGO,,2.3550000190734863,2.3550000190734863,2.3550000190734863,2.3550000190734863,510.0
2026-08-05 11:55:00,ORIC,,13.194999694824219,13.194999694824219,13.170000076293945,13.1850004196167,2056.0
2026-08-05 11:55:00,ORLY,,93.05999755859375,93.07340240478516,92.95999908447266,92.9800033569336,19560.0
2026-08-05 11:55:00,ORRF,,43.27000045776367,43.27000045776367,43.22999954223633,43.22999954223633,1076.0
2026-08-05 11:55:00,OSBC,,25.739999771118164,25.739999771118164,25.725000381469727,25.729999542236328,1743.0
2026-08-05 11:55:00,OSIS,,235.65499877929688,235.65499877929688,234.9600067138672,234.96499633789062,324.0
2026-08-05 11:55:00,OSPN,,16.540000915527344,16.549999237060547,16.540000915527344,16.549999237060547,1222.0
2026-08-05 11:55:00,OSS,,13.880000114440918,13.899999618530273,13.880000114440918,13.899999618530273,3376.0
2026-08-05 11:55:00,OTEX,,25.709999084472656,25.709999084472656,25.709999084472656,25.709999084472656,787.0
2026-08-05 11:55:00,OTLK,,1.0099999904632568,1.0099999904632568,1.0099999904632568,1.0099999904632568,35824.0
2026-08-05 11:55:00,OVID,,2.6500000953674316,2.6500000953674316,2.6500000953674316,2.6500000953674316,1984.0
2026-08-05 11:55:00,OXSQ,,1.4850000143051147,1.4900000095367432,1.4850000143051147,1.4850000143051147,1808.0
2026-08-05 11:55:00,PAA,,23.260000228881836,23.260000228881836,23.229999542236328,23.229999542236328,19772.0
2026-08-05 11:55:00,PAAS,,48.0099983215332,48.04999923706055,47.95500183105469,48.04999923706055,12577.0
2026-08-05 11:55:00,PACB,,1.4149999618530273,1.4149999618530273,1.4149999618530273,1.4149999618530273,534.0
2026-08-05 11:55:00,PAGP,,25.190000534057617,25.190000534057617,25.15999984741211,25.15999984741211,6216.0
2026-08-05 11:55:00,PALI,,2.0999999046325684,2.0999999046325684,2.0899999141693115,2.0899999141693115,11980.0
2026-08-05 11:55:00,PANL,,7.300000190734863,7.309999942779541,7.300000190734863,7.309999942779541,1271.0
2026-08-05 11:55:00,PANW,,363.8500061035156,363.8500061035156,363.4700012207031,363.67999267578125,6089.0
2026-08-05 11:55:00,PAX,,11.364999771118164,11.364999771118164,11.364999771118164,11.364999771118164,1084.0
2026-08-05 11:55:00,PAYO,,7.130000114440918,7.130000114440918,7.119999885559082,7.119999885559082,2230.0
2026-08-05 11:55:00,PAYS,,9.104100227355957,9.119999885559082,9.104100227355957,9.119999885559082,772.0
2026-08-05 11:55:00,PAYX,,116.5,116.5,116.44499969482422,116.44499969482422,1775.0
2026-08-05 11:55:00,PCAR,,133.72999572753906,133.72999572753906,133.72999572753906,133.72999572753906,807.0
2026-08-05 11:55:00,PCRX,,24.854999542236328,24.975000381469727,24.854999542236328,24.969999313354492,4300.0
2026-08-05 11:55:00,PCSA,,2.1649999618530273,2.1649999618530273,2.1649999618530273,2.1649999618530273,155.0
2026-08-05 11:55:00,PCT,,6.860000133514404,6.869999885559082,6.860000133514404,6.869999885559082,6479.0
2026-08-05 11:55:00,PCTY,,144.39999389648438,144.39999389648438,144.38999938964844,144.38999938964844,795.0
2026-08-05 11:55:00,PDD,,91.32499694824219,91.33499908447266,91.30999755859375,91.30999755859375,10679.0
2026-08-05 11:55:00,PDFS,,50.189998626708984,50.189998626708984,50.189998626708984,50.189998626708984,1081.0
2026-08-05 11:55:00,PECO,,41.400001525878906,41.400001525878906,41.400001525878906,41.400001525878906,858.0
2026-08-05 11:55:00,PENN,,19.75,19.75,19.729999542236328,19.729999542236328,5473.0
2026-08-05 11:55:00,PEP,,138.4199981689453,138.4199981689453,138.375,138.38999938964844,10076.0
2026-08-05 11:55:00,PEPG,,1.909999966621399,1.9149999618530273,1.909999966621399,1.9149999618530273,908.0
2026-08-05 11:55:00,PESI,,17.719999313354492,17.719999313354492,17.719999313354492,17.719999313354492,1546.0
2026-08-05 11:55:00,PFG,,114.12999725341797,114.17500305175781,114.05000305175781,114.05000305175781,1363.0
2026-08-05 11:55:00,PGEN,,6.954999923706055,6.965000152587891,6.940000057220459,6.965000152587891,11482.0
2026-08-05 11:55:00,PGNY,,31.649999618530273,31.649999618530273,31.639999389648438,31.639999389648438,1609.0
2026-08-05 11:55:00,PGY,,21.639999389648438,21.66349983215332,21.6299991607666,21.66349983215332,3102.0
2026-08-05 11:55:00,PHAT,,8.420000076293945,8.420000076293945,8.420000076293945,8.420000076293945,841.0
2026-08-05 11:55:00,PHVS,,32.77000045776367,32.810001373291016,32.77000045776367,32.810001373291016,918.0
2026-08-05 11:55:00,PLAB,,32.060001373291016,32.06999969482422,32.060001373291016,32.06999969482422,622.0
2026-08-05 11:55:00,PLMR,,134.2100067138672,134.94000244140625,134.2100067138672,134.80499267578125,5449.0
2026-08-05 11:55:00,PLTK,,4.000100135803223,4.000100135803223,4.000100135803223,4.000100135803223,217.0
2026-08-05 11:55:00,PLUG,,2.075000047683716,2.0899999141693115,2.069999933242798,2.0850000381469727,271886.0
2026-08-05 11:55:00,PNBK,,1.1449999809265137,1.1449999809265137,1.1449999809265137,1.1449999809265137,52.0
2026-08-05 11:55:00,PNFP,,107.33000183105469,107.33999633789062,107.33000183105469,107.33999633789062,1983.0
2026-08-05 11:55:00,PNTG,,38.775001525878906,38.775001525878906,38.775001525878906,38.775001525878906,322.0
2026-08-05 11:55:00,POET,,8.225000381469727,8.244999885559082,8.220000267028809,8.244999885559082,10339.0
2026-08-05 11:55:00,POOL,,203.5,203.5,203.5,203.5,595.0
2026-08-05 11:55:00,POWI,,61.84000015258789,61.84000015258789,61.84000015258789,61.84000015258789,979.0
2026-08-05 11:55:00,POWL,,212.67010498046875,213.27000427246094,212.67010498046875,213.27000427246094,441.0
2026-08-05 11:55:00,PPC,,26.475000381469727,26.475000381469727,26.475000381469727,26.475000381469727,1392.0
2026-08-05 11:55:00,PPTA,,22.315000534057617,22.315000534057617,22.280000686645508,22.299999237060547,995.0
2026-08-05 11:55:00,PRAA,,17.270000457763672,17.395000457763672,17.270000457763672,17.395000457763672,7085.0
2026-08-05 11:55:00,PRCH,,15.900799751281738,15.920000076293945,15.900799751281738,15.920000076293945,606.0
2026-08-05 11:55:00,PRCT,,19.05500030517578,19.075000762939453,19.030000686645508,19.040000915527344,15617.0
2026-08-05 11:55:00,PRFX,,1.1200000047683716,1.1200000047683716,1.1200000047683716,1.1200000047683716,246.0
2026-08-05 11:55:00,PRIM,,85.36430358886719,85.38999938964844,85.36430358886719,85.38999938964844,2063.0
2026-08-05 11:55:00,PRME,,3.0199999809265137,3.0199999809265137,2.9649999141693115,2.9649999141693115,95300.0
2026-08-05 11:55:00,PROK,,1.625,1.625,1.625,1.625,963.0
2026-08-05 11:55:00,PRQR,,1.9149999618530273,1.9149999618530273,1.9149999618530273,1.9149999618530273,511.0
2026-08-05 11:55:00,PRTA,,8.520000457763672,8.520000457763672,8.520000457763672,8.520000457763672,215.0
2026-08-05 11:55:00,PRVA,,24.1299991607666,24.1299991607666,24.114999771118164,24.1299991607666,1167.0
2026-08-05 11:55:00,PRZO,,0.5465999841690063,0.5465999841690063,0.546500027179718,0.546500027179718,2037.0
2026-08-05 11:55:00,PSEC,,2.184999942779541,2.1865999698638916,2.180000066757202,2.184999942779541,1892.0
2026-08-05 11:55:00,PSNL,,13.614999771118164,13.619999885559082,13.614999771118164,13.619999885559082,2437.0
2026-08-05 11:55:00,PTC,,139.14999389648438,139.14999389648438,139.14999389648438,139.14999389648438,602.0
2026-08-05 11:55:00,PTEN,,9.739999771118164,9.739999771118164,9.739999771118164,9.739999771118164,840.0
2026-08-05 11:55:00,PTLO,,4.579999923706055,4.579999923706055,4.579999923706055,4.579999923706055,457.0
2026-08-05 11:55:00,PTON,,6.480000019073486,6.480000019073486,6.480000019073486,6.480000019073486,2394.0
2026-08-05 11:55:00,PWP,,17.290000915527344,17.299999237060547,17.290000915527344,17.299999237060547,1804.0
2026-08-05 11:55:00,PXS,,4.764999866485596,4.764999866485596,4.764999866485596,4.764999866485596,0.0
2026-08-05 11:55:00,PYPD,,4.454999923706055,4.454999923706055,4.440100193023682,4.440100193023682,1688.0
2026-08-05 11:55:00,PYPL,,58.34000015258789,58.34000015258789,58.29999923706055,58.29999923706055,7435.0
2026-08-05 11:55:00,PZZA,,30.315000534057617,30.315000534057617,30.315000534057617,30.315000534057617,1138.0
2026-08-05 11:55:00,QCOM,,157.56500244140625,157.6199951171875,157.42999267578125,157.58999633789062,12593.0
2026-08-05 11:55:00,QFIN,,13.279999732971191,13.279999732971191,13.279999732971191,13.279999732971191,667.0
2026-08-05 11:55:00,QQQX,,30.409900665283203,30.409900665283203,30.409900665283203,30.409900665283203,433.0
2026-08-05 11:55:00,QRVO,,94.47000122070312,94.4749984741211,94.47000122070312,94.4749984741211,295.0
2026-08-05 11:55:00,SEED,,1.0200999975204468,1.034999966621399,1.0200999975204468,1.034999966621399,3322.0
2026-08-05 11:55:00,TARA,,4.034999847412109,4.034999847412109,4.034999847412109,4.034999847412109,337.0
2026-08-05 11:56:00,ACDC,,4.364999771118164,4.375,4.364999771118164,4.375,5147.0
2026-08-05 11:56:00,CPOP,,0.3666999936103821,0.3666999936103821,0.3666999936103821,0.3666999936103821,239.0
2026-08-05 11:56:00,DTIL,,7.46999979019165,7.46999979019165,7.46999979019165,7.46999979019165,1657.0
2026-08-05 11:56:00,EYE,,23.165000915527344,23.18000030517578,23.165000915527344,23.165000915527344,1267.0
2026-08-05 11:56:00,GLUE,,15.829999923706055,15.829999923706055,15.829999923706055,15.829999923706055,856.0
2026-08-05 11:56:00,MBRX,,0.4081999957561493,0.414900004863739,0.4081999957561493,0.414900004863739,1742.0
2026-08-05 11:56:00,MDB,,375.95001220703125,376.1700134277344,375.95001220703125,376.1000061035156,657.0
2026-08-05 11:56:00,MDLZ,,62.150001525878906,62.15999984741211,62.130001068115234,62.13019943237305,14637.0
2026-08-05 11:56:00,MLTX,,17.55500030517578,17.559999465942383,17.549999237060547,17.549999237060547,6266.0
2026-08-05 11:56:00,MNRO,,13.119999885559082,13.119999885559082,13.119999885559082,13.119999885559082,325.0
2026-08-05 11:56:00,MNST,,94.45999908447266,94.55000305175781,94.45999908447266,94.55000305175781,6784.0
2026-08-05 11:56:00,MNTK,,1.690000057220459,1.690000057220459,1.690000057220459,1.690000057220459,467.0
2026-08-05 11:56:00,MODD,,2.069999933242798,2.0701000690460205,2.069999933242798,2.0701000690460205,3098.0
2026-08-05 11:56:00,MPAA,,13.850000381469727,13.869999885559082,13.850000381469727,13.869999885559082,1017.0
2026-08-05 11:56:00,MPWR,,1320.0150146484375,1323.47998046875,1319.489990234375,1322.6400146484375,1377.0
2026-08-05 11:56:00,MRNA,,56.814998626708984,56.875,56.77199935913086,56.83000183105469,7445.0
2026-08-05 11:56:00,MVBF,,30.42009925842285,30.42009925842285,30.42009925842285,30.42009925842285,660.0
2026-08-05 11:56:00,MYGN,,3.2200000286102295,3.2249999046325684,3.2200000286102295,3.2249999046325684,1242.0
2026-08-05 11:56:00,MYRG,,339.3599853515625,339.3599853515625,339.3599853515625,339.3599853515625,746.0
2026-08-05 11:56:00,NAMS,,26.559999465942383,26.559999465942383,26.559999465942383,26.559999465942383,2617.0
2026-08-05 11:56:00,NAVI,,9.0649995803833,9.0649995803833,9.0649995803833,9.0649995803833,366.0
2026-08-05 11:56:00,NB,,5.059999942779541,5.059999942779541,5.050000190734863,5.054999828338623,16224.0
2026-08-05 11:56:00,NBIX,,164.05999755859375,164.11000061035156,164.02000427246094,164.02000427246094,2680.0
2026-08-05 11:56:00,NBTB,,53.28499984741211,53.28499984741211,53.28499984741211,53.28499984741211,805.0
2026-08-05 11:56:00,NCPL,,0.413100004196167,0.413100004196167,0.413100004196167,0.413100004196167,210.0
2026-08-05 11:56:00,NDAQ,,94.15499877929688,94.19000244140625,94.08999633789062,94.16000366210938,2680.0
2026-08-05 11:56:00,NDSN,,311.1099853515625,311.1099853515625,311.0400085449219,311.04998779296875,1111.0
2026-08-05 11:56:00,NEO,,16.18000030517578,16.18000030517578,16.172000885009766,16.172000885009766,1909.0
2026-08-05 11:56:00,NEOG,,11.574999809265137,11.574999809265137,11.5600004196167,11.569999694824219,7821.0
2026-08-05 11:56:00,NEOV,,2.796600103378296,2.799999952316284,2.7918999195098877,2.799999952316284,3051.0
2026-08-05 11:56:00,NESR,,28.530000686645508,28.530000686645508,28.530000686645508,28.530000686645508,1358.0
2026-08-05 11:56:00,NEXT,,6.385000228881836,6.394999980926514,6.385000228881836,6.394999980926514,3085.0
2026-08-05 11:56:00,NFLX,,73.61000061035156,73.62999725341797,73.59500122070312,73.61499786376953,49090.0
2026-08-05 11:56:00,NKTR,,73.01000213623047,73.04000091552734,73.01000213623047,73.02999877929688,1009.0
2026-08-05 11:56:00,NKTX,,2.180000066757202,2.180000066757202,2.180000066757202,2.180000066757202,1244.0
2026-08-05 11:56:00,NMRA,,1.6050000190734863,1.6050000190734863,1.6050000190734863,1.6050000190734863,522.0
2026-08-05 11:56:00,NMRK,,15.529999732971191,15.529999732971191,15.529999732971191,15.529999732971191,2052.0
2026-08-05 11:56:00,NN,,14.199999809265137,14.255000114440918,14.1899995803833,14.255000114440918,4129.0
2026-08-05 11:56:00,NNBR,,3.809999942779541,3.809999942779541,3.7950000762939453,3.7950000762939453,3478.0
2026-08-05 11:56:00,NNDM,,1.5399999618530273,1.5399999618530273,1.534999966621399,1.534999966621399,3310.0
2026-08-05 11:56:00,NNOX,,1.0,1.0099999904632568,1.0,1.0003999471664429,2231.0
2026-08-05 11:56:00,NOVT,,156.86000061035156,156.86000061035156,156.77999877929688,156.77999877929688,2515.0
2026-08-05 11:56:00,NRIM,,26.899999618530273,26.920000076293945,26.899999618530273,26.920000076293945,238.0
2026-08-05 11:56:00,NRIX,,24.600000381469727,24.6299991607666,24.600000381469727,24.6299991607666,1044.0
2026-08-05 11:56:00,NRSN,,0.5389000177383423,0.5389000177383423,0.5389000177383423,0.5389000177383423,85.0
2026-08-05 11:56:00,NRXP,,3.015000104904175,3.0199999809265137,3.015000104904175,3.0199999809265137,502.0
2026-08-05 11:56:00,NSSC,,40.279998779296875,40.279998779296875,40.279998779296875,40.279998779296875,729.0
2026-08-05 11:56:00,NTAP,,188.23500061035156,188.23500061035156,188.0500030517578,188.14999389648438,1230.0
2026-08-05 11:56:00,NTCT,,41.83000183105469,41.83000183105469,41.83000183105469,41.83000183105469,2126.0
2026-08-05 11:56:00,NTES,,127.83000183105469,127.83000183105469,127.7699966430664,127.7699966430664,2904.0
2026-08-05 11:56:00,NTGR,,24.270000457763672,24.270000457763672,24.270000457763672,24.270000457763672,928.0
2026-08-05 11:56:00,NTNX,,60.23500061035156,60.244998931884766,60.220001220703125,60.2400016784668,3040.0
2026-08-05 11:56:00,NTRS,,183.30499267578125,183.41000366210938,183.30499267578125,183.41000366210938,2101.0
2026-08-05 11:56:00,NUWE,,1.7100000381469727,1.7200000286102295,1.7100000381469727,1.7200000286102295,2554.0
2026-08-05 11:56:00,NVAX,,7.635000228881836,7.65500020980835,7.635000228881836,7.65500020980835,5230.0
2026-08-05 11:56:00,NVCR,,16.020000457763672,16.020599365234375,16.020000457763672,16.020599365234375,1917.0
2026-08-05 11:56:00,NVDA,,218.9499969482422,219.10000610351562,218.6999969482422,219.0594940185547,267833.0
2026-08-05 11:56:00,NVMI,,409.7749938964844,409.7749938964844,409.7749938964844,409.7749938964844,414.0
2026-08-05 11:56:00,NVTS,,12.475000381469727,12.484999656677246,12.454999923706055,12.470000267028809,15151.0
2026-08-05 11:56:00,NWBI,,15.914999961853027,15.914999961853027,15.914999961853027,15.914999961853027,263.0
2026-08-05 11:56:00,NWL,,6.215000152587891,6.215000152587891,6.199999809265137,6.215000152587891,15370.0
2026-08-05 11:56:00,NWPX,,127.0999984741211,127.0999984741211,127.0999984741211,127.0999984741211,977.0
2026-08-05 11:56:00,NWS,,32.20000076293945,32.224998474121094,32.20000076293945,32.224998474121094,3540.0
2026-08-05 11:56:00,NWSA,,28.149999618530273,28.18000030517578,28.145000457763672,28.18000030517578,6792.0
2026-08-05 11:56:00,NXPI,,231.05999755859375,231.33999633789062,231.02000427246094,231.1750030517578,17605.0
2026-08-05 11:56:00,NXT,,99.08999633789062,99.1050033569336,99.0,99.1050033569336,4612.0
2026-08-05 11:56:00,NXTC,,5.050000190734863,5.050000190734863,5.050000190734863,5.050000190734863,372.0
2026-08-05 11:56:00,OABI,,2.059999942779541,2.059999942779541,2.059999942779541,2.059999942779541,1950.0
2026-08-05 11:56:00,OCC,,15.819999694824219,15.819999694824219,15.789999961853027,15.800000190734863,696.0
2026-08-05 11:56:00,OCFC,,19.704999923706055,19.719999313354492,19.704999923706055,19.719999313354492,1555.0
2026-08-05 11:56:00,OCGN,,1.2999999523162842,1.2999999523162842,1.2949999570846558,1.2949999570846558,18085.0
2026-08-05 11:56:00,OCSL,,12.114999771118164,12.114999771118164,12.114999771118164,12.114999771118164,951.0
2026-08-05 11:56:00,OCUL,,8.454999923706055,8.46500015258789,8.449999809265137,8.460000038146973,8935.0
2026-08-05 11:56:00,ODD,,15.09000015258789,15.09000015258789,15.079999923706055,15.09000015258789,1486.0
2026-08-05 11:56:00,ODFL,,214.47000122070312,214.47000122070312,214.47000122070312,214.47000122070312,299.0
2026-08-05 11:56:00,OESX,,14.555000305175781,14.555000305175781,14.555000305175781,14.555000305175781,821.0
2026-08-05 11:56:00,OKTA,,147.36000061035156,147.39999389648438,147.36000061035156,147.36500549316406,2060.0
2026-08-05 11:56:00,OLLI,,78.12000274658203,78.12000274658203,78.1050033569336,78.1050033569336,1405.0
2026-08-05 11:56:00,OMEX,,0.7425000071525574,0.7425000071525574,0.7425000071525574,0.7425000071525574,102.0
2026-08-05 11:56:00,OMH,,0.11249999701976776,0.11249999701976776,0.11150000244379044,0.11150000244379044,32707.0
2026-08-05 11:56:00,ON,,76.93000030517578,77.12999725341797,76.93000030517578,77.11000061035156,30665.0
2026-08-05 11:56:00,ONB,,26.96500015258789,26.97599983215332,26.959999084472656,26.975000381469727,13855.0
2026-08-05 11:56:00,ONCY,,0.7912999987602234,0.7914999723434448,0.7912999987602234,0.7914999723434448,805.0
2026-08-05 11:56:00,ONDS,,8.835000038146973,8.84000015258789,8.8100004196167,8.830100059509277,222235.0
2026-08-05 11:56:00,ONFO,,0.07620000094175339,0.07620000094175339,0.07620000094175339,0.07620000094175339,6813.0
2026-08-05 11:56:00,ONMD,,0.6748999953269958,0.6748999953269958,0.6748999953269958,0.6748999953269958,282.0
2026-08-05 11:56:00,OPBK,,15.739999771118164,15.739999771118164,15.739999771118164,15.739999771118164,1096.0
2026-08-05 11:56:00,OPCH,,23.31999969482422,23.31999969482422,23.309999465942383,23.31999969482422,1439.0
2026-08-05 11:56:00,OPEN,,3.8099000453948975,3.809999942779541,3.7899999618530273,3.805000066757202,338770.0
2026-08-05 11:56:00,OPK,,1.315000057220459,1.315000057220459,1.315000057220459,1.315000057220459,496.0
2026-08-05 11:56:00,OPRA,,20.0,20.0,20.0,20.0,1851.0
2026-08-05 11:56:00,ORGO,,2.3550000190734863,2.3550000190734863,2.3550000190734863,2.3550000190734863,413.0
2026-08-05 11:56:00,ORIC,,13.175000190734863,13.1899995803833,13.175000190734863,13.1899995803833,3121.0
2026-08-05 11:56:00,ORLY,,93.12000274658203,93.12000274658203,93.04000091552734,93.06999969482422,21599.0
2026-08-05 11:56:00,OSIS,,234.82000732421875,234.97999572753906,234.6750030517578,234.86000061035156,4069.0
2026-08-05 11:56:00,OSPN,,16.559999465942383,16.559999465942383,16.559999465942383,16.559999465942383,1014.0
2026-08-05 11:56:00,OSS,,13.875,13.885000228881836,13.869999885559082,13.869999885559082,1228.0
2026-08-05 11:56:00,OSUR,,4.15500020980835,4.15500020980835,4.15500020980835,4.15500020980835,466.0
2026-08-05 11:56:00,OSW,,26.600000381469727,26.610000610351562,26.600000381469727,26.610000610351562,612.0
2026-08-05 11:56:00,OTEX,,25.69499969482422,25.704999923706055,25.69499969482422,25.704999923706055,1889.0
2026-08-05 11:56:00,OTLK,,1.0099999904632568,1.0099999904632568,1.0090999603271484,1.0090999603271484,1088.0
2026-08-05 11:56:00,OVID,,2.634999990463257,2.6449999809265137,2.634999990463257,2.6449999809265137,7386.0
2026-08-05 11:56:00,OXSQ,,1.4850000143051147,1.4850000143051147,1.4850000143051147,1.4850000143051147,636.0
2026-08-05 11:56:00,PAA,,23.239999771118164,23.270000457763672,23.239999771118164,23.260000228881836,6313.0
2026-08-05 11:56:00,PAAS,,47.95000076293945,48.02000045776367,47.95000076293945,48.02000045776367,9800.0
2026-08-05 11:56:00,PACB,,1.4149999618530273,1.4149999618530273,1.4149999618530273,1.4149999618530273,6714.0
2026-08-05 11:56:00,PAGP,,25.18000030517578,25.190000534057617,25.18000030517578,25.190000534057617,1558.0
2026-08-05 11:56:00,PALI,,2.0950000286102295,2.0999999046325684,2.0950000286102295,2.0999999046325684,931.0
2026-08-05 11:56:00,PANW,,363.7200012207031,363.8949890136719,363.6000061035156,363.8900146484375,5479.0
2026-08-05 11:56:00,PAX,,11.350000381469727,11.364999771118164,11.350000381469727,11.364999771118164,2903.0
2026-08-05 11:56:00,PAYO,,7.119999885559082,7.130000114440918,7.119999885559082,7.119999885559082,1464.0
2026-08-05 11:56:00,PAYX,,116.5,116.51000213623047,116.5,116.51000213623047,4859.0
2026-08-05 11:56:00,PCAR,,133.64999389648438,133.72999572753906,133.64999389648438,133.7100067138672,6019.0
2026-08-05 11:56:00,PCRX,,24.899999618530273,24.899999618530273,24.899999618530273,24.899999618530273,1241.0
2026-08-05 11:56:00,PCT,,6.864999771118164,6.864999771118164,6.84499979019165,6.860000133514404,63606.0
2026-08-05 11:56:00,PCTY,,144.41000366210938,144.41000366210938,144.41000366210938,144.41000366210938,879.0
2026-08-05 11:56:00,PCYO,,10.5600004196167,10.5600004196167,10.5600004196167,10.5600004196167,390.0
2026-08-05 11:56:00,PDD,,91.29000091552734,91.33000183105469,91.29000091552734,91.33000183105469,13682.0
2026-08-05 11:56:00,PDFS,,50.13999938964844,50.16999816894531,50.08000183105469,50.13999938964844,2093.0
2026-08-05 11:56:00,PECO,,41.40999984741211,41.41999816894531,41.404998779296875,41.404998779296875,2266.0
2026-08-05 11:56:00,PEGA,,31.489999771118164,31.520000457763672,31.489999771118164,31.514999389648438,7822.0
2026-08-05 11:56:00,PENN,,19.760000228881836,19.760000228881836,19.739999771118164,19.739999771118164,2504.0
2026-08-05 11:56:00,PEP,,138.41000366210938,138.42999267578125,138.3800048828125,138.38999938964844,13378.0
2026-08-05 11:56:00,PEPG,,1.9199999570846558,1.9199999570846558,1.9199999570846558,1.9199999570846558,863.0
2026-08-05 11:56:00,PERI,,9.53499984741211,9.539999961853027,9.53499984741211,9.539999961853027,542.0
2026-08-05 11:56:00,PESI,,17.739999771118164,17.739999771118164,17.719999313354492,17.719999313354492,2875.0
2026-08-05 11:56:00,PFG,,114.08000183105469,114.15499877929688,114.08000183105469,114.15499877929688,1759.0
2026-08-05 11:56:00,PGC,,46.66999816894531,46.66999816894531,46.540000915527344,46.540000915527344,2782.0
2026-08-05 11:56:00,PGEN,,6.925000190734863,6.949999809265137,6.920000076293945,6.949999809265137,12879.0
2026-08-05 11:56:00,PGNY,,31.645000457763672,31.645000457763672,31.639999389648438,31.639999389648438,1182.0
2026-08-05 11:56:00,PGY,,21.639999389648438,21.645000457763672,21.639999389648438,21.639999389648438,1305.0
2026-08-05 11:56:00,PHAT,,8.444999694824219,8.444999694824219,8.420000076293945,8.420000076293945,20854.0
2026-08-05 11:56:00,PHVS,,32.68000030517578,32.68000030517578,32.68000030517578,32.68000030517578,399.0
2026-08-05 11:56:00,PKOH,,40.99789810180664,40.99789810180664,40.99789810180664,40.99789810180664,312.0
2026-08-05 11:56:00,PLAB,,32.029998779296875,32.029998779296875,32.029998779296875,32.029998779296875,803.0
2026-08-05 11:56:00,PLBC,,61.099998474121094,61.099998474121094,61.099998474121094,61.099998474121094,959.0
2026-08-05 11:56:00,PLBY,,1.149999976158142,1.149999976158142,1.149999976158142,1.149999976158142,815.0
2026-08-05 11:56:00,PLPC,,460.0,460.0,459.8800048828125,459.8800048828125,222.0
2026-08-05 11:56:00,PLRX,,1.0511000156402588,1.0511000156402588,1.0511000156402588,1.0511000156402588,1250.0
2026-08-05 11:56:00,PLUG,,2.0799999237060547,2.0799999237060547,2.069999933242798,2.075000047683716,58641.0
2026-08-05 11:56:00,PLXS,,274.55999755859375,274.7099914550781,274.3949890136719,274.7099914550781,2341.0
2026-08-05 11:56:00,POET,,8.239999771118164,8.239999771118164,8.220000267028809,8.225000381469727,19936.0
2026-08-05 11:56:00,POOL,,203.2899932861328,203.33999633789062,203.2899932861328,203.33999633789062,655.0
2026-08-05 11:56:00,POWI,,61.79999923706055,61.79999923706055,61.79999923706055,61.79999923706055,713.0
2026-08-05 11:56:00,POWL,,212.10009765625,213.07000732421875,212.10009765625,213.07000732421875,1751.0
2026-08-05 11:56:00,PPC,,26.459999084472656,26.479999542236328,26.459999084472656,26.479999542236328,3063.0
2026-08-05 11:56:00,PPTA,,22.280000686645508,22.300399780273438,22.270000457763672,22.280000686645508,1944.0
2026-08-05 11:56:00,PRAA,,17.260000228881836,17.260000228881836,17.260000228881836,17.260000228881836,367.0
2026-08-05 11:56:00,PRAX,,311.510009765625,311.510009765625,311.0150146484375,311.0150146484375,115.0
2026-08-05 11:56:00,PRCH,,15.899999618530273,15.899999618530273,15.890000343322754,15.899999618530273,3072.0
2026-08-05 11:56:00,PRCT,,19.049999237060547,19.049999237060547,19.010000228881836,19.030000686645508,7524.0
2026-08-05 11:56:00,PRDO,,32.849998474121094,32.849998474121094,32.849998474121094,32.849998474121094,580.0
2026-08-05 11:56:00,PRIM,,85.33000183105469,85.33000183105469,85.20999908447266,85.20999908447266,384.0
2026-08-05 11:56:00,PRLD,,4.510000228881836,4.510000228881836,4.510000228881836,4.510000228881836,688.0
2026-08-05 11:56:00,PRME,,3.015000104904175,3.0250000953674316,3.015000104904175,3.0250000953674316,18130.0
2026-08-05 11:56:00,PRTA,,8.510000228881836,8.510000228881836,8.510000228881836,8.510000228881836,200.0
2026-08-05 11:56:00,PRTH,,6.570000171661377,6.574999809265137,6.570000171661377,6.574999809265137,398.0
2026-08-05 11:56:00,PRVA,,24.1200008392334,24.1200008392334,24.1200008392334,24.1200008392334,300.0
2026-08-05 11:56:00,PSEC,,2.184999942779541,2.184999942779541,2.184999942779541,2.184999942779541,1114.0
2026-08-05 11:56:00,PSNL,,13.619999885559082,13.619999885559082,13.600000381469727,13.600000381469727,3399.0
2026-08-05 11:56:00,PTC,,139.10499572753906,139.32000732421875,139.10000610351562,139.30999755859375,3730.0
2026-08-05 11:56:00,PTCT,,68.95999908447266,68.9800033569336,68.93000030517578,68.9800033569336,2376.0
2026-08-05 11:56:00,PTEN,,9.734999656677246,9.739999771118164,9.729999542236328,9.739999771118164,7094.0
2026-08-05 11:56:00,PTLO,,4.579999923706055,4.579999923706055,4.579999923706055,4.579999923706055,2109.0
2026-08-05 11:56:00,PTON,,6.480000019073486,6.489999771118164,6.474999904632568,6.480000019073486,14200.0
2026-08-05 11:56:00,PWP,,17.270000457763672,17.280000686645508,17.260000228881836,17.270000457763672,2131.0
2026-08-05 11:56:00,PYPL,,58.33000183105469,58.34000015258789,58.31999969482422,58.33000183105469,12783.0
2026-08-05 11:56:00,PZZA,,30.290000915527344,30.309999465942383,30.290000915527344,30.30500030517578,5786.0
2026-08-05 11:56:00,QCOM,,157.39999389648438,157.57000732421875,157.3300018310547,157.57000732421875,23141.0
2026-08-05 11:56:00,QFIN,,13.270000457763672,13.279999732971191,13.270000457763672,13.270000457763672,667.0
2026-08-05 11:56:00,QQQX,,30.334999084472656,30.334999084472656,30.334999084472656,30.334999084472656,326.0
2026-08-05 11:56:00,QRVO,,94.375,94.44999694824219,94.23500061035156,94.44999694824219,1336.0
2026-08-05 11:56:00,SEED,,1.020900011062622,1.0299999713897705,1.020900011062622,1.0299999713897705,5420.0
2026-08-05 11:56:00,TARA,,4.029900074005127,4.03000020980835,4.019999980926514,4.03000020980835,3935.0
2026-08-05 11:57:00,ACDC,,4.364999771118164,4.364999771118164,4.364999771118164,4.364999771118164,1575.0
2026-08-05 11:57:00,CNXN,,84.2699966430664,84.33000183105469,84.2699966430664,84.33000183105469,793.0
2026-08-05 11:57:00,EYE,,23.170000076293945,23.170000076293945,23.149999618530273,23.15999984741211,4210.0
2026-08-05 11:57:00,FIZZ,,31.889999389648438,31.889999389648438,31.889999389648438,31.889999389648438,1030.0
2026-08-05 11:57:00,GLUE,,15.850000381469727,15.850000381469727,15.829999923706055,15.829999923706055,1917.0
2026-08-05 11:57:00,MBRX,,0.4049000144004822,0.4081999957561493,0.4049000144004822,0.4081999957561493,700.0
2026-08-05 11:57:00,MDB,,376.1600036621094,376.1600036621094,375.4849853515625,375.9100036621094,2170.0
2026-08-05 11:57:00,MDLZ,,62.08000183105469,62.15999984741211,62.08000183105469,62.15999984741211,13331.0
2026-08-05 11:57:00,MNRO,,13.100000381469727,13.100000381469727,13.100000381469727,13.100000381469727,793.0
2026-08-05 11:57:00,MNST,,94.41000366210938,94.45999908447266,94.41000366210938,94.44999694824219,4354.0
2026-08-05 11:57:00,MNTS,,4.359799861907959,4.359799861907959,4.357100009918213,4.357100009918213,697.0
2026-08-05 11:57:00,MPWR,,1318.93505859375,1321.56494140625,1317.1099853515625,1321.56494140625,1566.0
2026-08-05 11:57:00,MRNA,,56.790000915527344,56.83000183105469,56.75,56.77000045776367,5198.0
2026-08-05 11:57:00,MYGN,,3.2200000286102295,3.2249999046325684,3.2200000286102295,3.2249999046325684,1659.0
2026-08-05 11:57:00,NAVI,,9.0649995803833,9.069999694824219,9.0649995803833,9.069999694824219,2627.0
2026-08-05 11:57:00,NB,,5.070000171661377,5.070000171661377,5.059999942779541,5.065000057220459,2924.0
2026-08-05 11:57:00,NBIX,,164.1392059326172,164.1392059326172,164.1392059326172,164.1392059326172,1289.0
2026-08-05 11:57:00,NBTB,,53.290000915527344,53.290000915527344,53.2599983215332,53.2599983215332,1213.0
2026-08-05 11:57:00,NDAQ,,94.1500015258789,94.19499969482422,94.11000061035156,94.18000030517578,2181.0
2026-08-05 11:57:00,NEO,,16.184999465942383,16.184999465942383,16.18000030517578,16.18000030517578,657.0
2026-08-05 11:57:00,NEOV,,2.7988998889923096,2.7988998889923096,2.7988998889923096,2.7988998889923096,1818.0
2026-08-05 11:57:00,NESR,,28.526199340820312,28.545000076293945,28.526199340820312,28.545000076293945,696.0
2026-08-05 11:57:00,NEXT,,6.389999866485596,6.389999866485596,6.380000114440918,6.380000114440918,3049.0
2026-08-05 11:57:00,NFE,,0.3375999927520752,0.3375999927520752,0.3375999927520752,0.3375999927520752,179.0
2026-08-05 11:57:00,NFLX,,73.60990142822266,73.62000274658203,73.59049987792969,73.61499786376953,44716.0
2026-08-05 11:57:00,NGNE,,34.869998931884766,34.869998931884766,34.869998931884766,34.869998931884766,303.0
2026-08-05 11:57:00,NICE,,96.45999908447266,96.46499633789062,96.45999908447266,96.46499633789062,1698.0
2026-08-05 11:57:00,NMFC,,7.269999980926514,7.289999961853027,7.269999980926514,7.289999961853027,7228.0
2026-08-05 11:57:00,NN,,14.204999923706055,14.204999923706055,14.149999618530273,14.1899995803833,13447.0
2026-08-05 11:57:00,NNBR,,3.799999952316284,3.800100088119507,3.799999952316284,3.799999952316284,4190.0
2026-08-05 11:57:00,NNDM,,1.534999966621399,1.534999966621399,1.534999966621399,1.534999966621399,603.0
2026-08-05 11:57:00,NOVT,,156.74000549316406,156.74000549316406,156.74000549316406,156.74000549316406,532.0
2026-08-05 11:57:00,NPCE,,13.489999771118164,13.489999771118164,13.489999771118164,13.489999771118164,190.0
2026-08-05 11:57:00,NRIM,,26.924999237060547,26.93000030517578,26.920000076293945,26.920000076293945,526.0
2026-08-05 11:57:00,NRIX,,24.579999923706055,24.579999923706055,24.579999923706055,24.579999923706055,516.0
2026-08-05 11:57:00,NTAP,,188.08999633789062,188.11000061035156,187.91000366210938,188.11000061035156,12458.0
2026-08-05 11:57:00,NTES,,127.77999877929688,127.77999877929688,127.77999877929688,127.77999877929688,2246.0
2026-08-05 11:57:00,NTNX,,60.220001220703125,60.220001220703125,60.220001220703125,60.220001220703125,922.0
2026-08-05 11:57:00,NTRA,,277.6499938964844,277.6499938964844,277.3699951171875,277.3699951171875,1475.0
2026-08-05 11:57:00,NTRS,,183.27999877929688,183.27999877929688,183.27999877929688,183.27999877929688,1437.0
2026-08-05 11:57:00,NUWE,,1.7100000381469727,1.7100000381469727,1.7100000381469727,1.7100000381469727,497.0
2026-08-05 11:57:00,NVAX,,7.639999866485596,7.639999866485596,7.635000228881836,7.635000228881836,2338.0
2026-08-05 11:57:00,NVCR,,16.049999237060547,16.049999237060547,16.030000686645508,16.030000686645508,1300.0
2026-08-05 11:57:00,NVDA,,218.73699951171875,218.92990112304688,218.44000244140625,218.9149932861328,284992.0
2026-08-05 11:57:00,NVMI,,408.5050048828125,408.80999755859375,408.5050048828125,408.80999755859375,614.0
2026-08-05 11:57:00,NVTS,,12.479999542236328,12.484999656677246,12.444999694824219,12.475000381469727,35806.0
2026-08-05 11:57:00,NWBI,,15.920000076293945,15.920000076293945,15.920000076293945,15.920000076293945,540.0
2026-08-05 11:57:00,NWL,,6.210000038146973,6.210100173950195,6.199999809265137,6.210000038146973,11782.0
2026-08-05 11:57:00,NWS,,32.20500183105469,32.20500183105469,32.20000076293945,32.20000076293945,258.0
2026-08-05 11:57:00,NWSA,,28.149999618530273,28.155000686645508,28.149999618530273,28.155000686645508,1597.0
2026-08-05 11:57:00,NXPI,,231.05990600585938,231.05999755859375,230.75999450683594,231.05999755859375,8088.0
2026-08-05 11:57:00,NXT,,98.87999725341797,99.04000091552734,98.87999725341797,99.04000091552734,3298.0
2026-08-05 11:57:00,NXTC,,5.026299953460693,5.085000038146973,5.026299953460693,5.085000038146973,1846.0
2026-08-05 11:57:00,OCC,,15.75,15.789999961853027,15.75,15.779999732971191,2006.0
2026-08-05 11:57:00,OCFC,,19.704999923706055,19.704999923706055,19.69499969482422,19.700000762939453,5910.0
2026-08-05 11:57:00,OCG,,1.659999966621399,1.659999966621399,1.659999966621399,1.659999966621399,928.0
2026-08-05 11:57:00,OCSL,,12.119999885559082,12.119999885559082,12.109999656677246,12.109999656677246,3604.0
2026-08-05 11:57:00,OCUL,,8.470000267028809,8.470000267028809,8.454999923706055,8.460000038146973,3973.0
2026-08-05 11:57:00,ODD,,15.085000038146973,15.085000038146973,15.085000038146973,15.085000038146973,436.0
2026-08-05 11:57:00,ODFL,,214.47000122070312,214.49000549316406,214.47000122070312,214.49000549316406,861.0
2026-08-05 11:57:00,OKTA,,147.16000366210938,147.25,147.1199951171875,147.25,3512.0
2026-08-05 11:57:00,OLLI,,78.16000366210938,78.16999816894531,78.16000366210938,78.16999816894531,938.0
2026-08-05 11:57:00,OMER,,12.800000190734863,12.800000190734863,12.779999732971191,12.779999732971191,2288.0
2026-08-05 11:57:00,OMEX,,0.7402999997138977,0.7402999997138977,0.7402999997138977,0.7402999997138977,3657.0
2026-08-05 11:57:00,OMH,,0.1120000034570694,0.11249999701976776,0.1120000034570694,0.11249999701976776,7717.0
2026-08-05 11:57:00,ON,,76.9000015258789,76.94499969482422,76.77999877929688,76.93250274658203,47602.0
2026-08-05 11:57:00,ONB,,26.969999313354492,26.969999313354492,26.96500015258789,26.96500015258789,8477.0
2026-08-05 11:57:00,ONCY,,0.7912999987602234,0.7912999987602234,0.7912999987602234,0.7912999987602234,300.0
2026-08-05 11:57:00,ONDS,,8.859999656677246,8.864999771118164,8.819999694824219,8.835000038146973,280939.0
2026-08-05 11:57:00,ONFO,,0.0763000026345253,0.07699999958276749,0.0763000026345253,0.07660000026226044,16080.0
2026-08-05 11:57:00,OPCH,,23.31999969482422,23.31999969482422,23.309999465942383,23.309999465942383,1998.0
2026-08-05 11:57:00,OPEN,,3.800100088119507,3.809999942779541,3.799999952316284,3.809999942779541,58218.0
2026-08-05 11:57:00,OPI,,18.700000762939453,18.700000762939453,18.700000762939453,18.700000762939453,5616.0
2026-08-05 11:57:00,OPK,,1.309999942779541,1.309999942779541,1.309999942779541,1.309999942779541,1138.0
2026-08-05 11:57:00,OPRA,,20.030000686645508,20.030000686645508,19.989999771118164,19.989999771118164,5356.0
2026-08-05 11:57:00,ORGO,,2.3550000190734863,2.3550000190734863,2.3550000190734863,2.3550000190734863,612.0
2026-08-05 11:57:00,ORIC,,13.180000305175781,13.180000305175781,13.170000076293945,13.170000076293945,3623.0
2026-08-05 11:57:00,ORLY,,93.13500213623047,93.16000366210938,93.11000061035156,93.12000274658203,15537.0
2026-08-05 11:57:00,OSBC,,25.729999542236328,25.729999542236328,25.729999542236328,25.729999542236328,556.0
2026-08-05 11:57:00,OSS,,13.875,13.875,13.850099563598633,13.850099563598633,1791.0
2026-08-05 11:57:00,OTEX,,25.69499969482422,25.69499969482422,25.68000030517578,25.690000534057617,3764.0
2026-08-05 11:57:00,OTLK,,1.009600043296814,1.009600043296814,1.000100016593933,1.000100016593933,4152.0
2026-08-05 11:57:00,OVID,,2.625,2.630000114440918,2.625,2.630000114440918,8564.0
2026-08-05 11:57:00,OXLC,,9.128999710083008,9.128999710083008,9.128999710083008,9.128999710083008,1036.0
2026-08-05 11:57:00,OXSQ,,1.4850000143051147,1.4850000143051147,1.4800000190734863,1.4850000143051147,2144.0
2026-08-05 11:57:00,PAA,,23.2450008392334,23.2450008392334,23.235000610351562,23.235000610351562,1961.0
2026-08-05 11:57:00,PAAS,,47.93000030517578,47.939998626708984,47.8849983215332,47.915000915527344,8060.0
2026-08-05 11:57:00,PACB,,1.4149999618530273,1.4190000295639038,1.409999966621399,1.4149999618530273,4158.0
2026-08-05 11:57:00,PAGP,,25.190000534057617,25.190000534057617,25.18000030517578,25.18000030517578,3755.0
2026-08-05 11:57:00,PALI,,2.0950000286102295,2.0950000286102295,2.0950000286102295,2.0950000286102295,723.0
2026-08-05 11:57:00,PANW,,363.8299865722656,363.8399963378906,363.4700012207031,363.7300109863281,8474.0
2026-08-05 11:57:00,PAYO,,7.119999885559082,7.130000114440918,7.119999885559082,7.119999885559082,10004.0
2026-08-05 11:57:00,PAYS,,9.100000381469727,9.100000381469727,9.100000381469727,9.100000381469727,1048.0
2026-08-05 11:57:00,PAYX,,116.43000030517578,116.47000122070312,116.38500213623047,116.47000122070312,6650.0
2026-08-05 11:57:00,PBYI,,7.980000019073486,7.980000019073486,7.980000019073486,7.980000019073486,448.0
2026-08-05 11:57:00,PCAR,,133.6199951171875,133.69000244140625,133.5800018310547,133.69000244140625,3225.0
2026-08-05 11:57:00,PCT,,6.855000019073486,6.864999771118164,6.849999904632568,6.864999771118164,2978.0
2026-08-05 11:57:00,PCYO,,10.5600004196167,10.5600004196167,10.5600004196167,10.5600004196167,276.0
2026-08-05 11:57:00,PDD,,91.30000305175781,91.30000305175781,91.2750015258789,91.29000091552734,5813.0
2026-08-05 11:57:00,PDFS,,50.06999969482422,50.06999969482422,50.06999969482422,50.06999969482422,852.0
2026-08-05 11:57:00,PEGA,,31.479999542236328,31.510000228881836,31.479999542236328,31.510000228881836,1890.0
2026-08-05 11:57:00,PENN,,19.760000228881836,19.760000228881836,19.760000228881836,19.760000228881836,3378.0
2026-08-05 11:57:00,PEP,,138.2740020751953,138.42999267578125,138.2740020751953,138.42999267578125,17612.0
2026-08-05 11:57:00,PEPG,,1.909999966621399,1.909999966621399,1.909999966621399,1.909999966621399,3488.0
2026-08-05 11:57:00,PESI,,17.700000762939453,17.700000762939453,17.700000762939453,17.700000762939453,1022.0
2026-08-05 11:57:00,PFG,,114.01000213623047,114.01000213623047,114.01000213623047,114.01000213623047,341.0
2026-08-05 11:57:00,PFIS,,71.80000305175781,71.80000305175781,71.80000305175781,71.80000305175781,1752.0
2026-08-05 11:57:00,PGEN,,6.925000190734863,6.929999828338623,6.900000095367432,6.929999828338623,21793.0
2026-08-05 11:57:00,PGNY,,31.639999389648438,31.639999389648438,31.639999389648438,31.639999389648438,845.0
2026-08-05 11:57:00,PGY,,21.639999389648438,21.649999618530273,21.6200008392334,21.6200008392334,2494.0
2026-08-05 11:57:00,PHAT,,8.460000038146973,8.460000038146973,8.4399995803833,8.4399995803833,725.0
2026-08-05 11:57:00,PHUN,,2.1500000953674316,2.1500000953674316,2.1500000953674316,2.1500000953674316,2237.0
2026-08-05 11:57:00,PLAB,,31.969999313354492,31.979999542236328,31.950000762939453,31.979999542236328,2024.0
2026-08-05 11:57:00,PLBY,,1.1549999713897705,1.1549999713897705,1.1549999713897705,1.1549999713897705,2232.0
2026-08-05 11:57:00,PLMR,,135.69000244140625,135.6999969482422,134.5500030517578,134.5500030517578,9515.0
2026-08-05 11:57:00,PLPC,,457.9599914550781,457.9599914550781,457.9599914550781,457.9599914550781,43.0
2026-08-05 11:57:00,PLTK,,3.994999885559082,4.0,3.994999885559082,4.0,3251.0
2026-08-05 11:57:00,PLUG,,2.075000047683716,2.0799999237060547,2.069999933242798,2.075000047683716,50002.0
2026-08-05 11:57:00,PNTG,,38.79499816894531,38.79499816894531,38.79499816894531,38.79499816894531,320.0
2026-08-05 11:57:00,POET,,8.248600006103516,8.248600006103516,8.220000267028809,8.239999771118164,7394.0
2026-08-05 11:57:00,POOL,,203.2899932861328,203.2899932861328,203.2899932861328,203.2899932861328,396.0
2026-08-05 11:57:00,POWI,,61.6150016784668,61.71500015258789,61.54999923706055,61.71500015258789,3884.0
2026-08-05 11:57:00,POWL,,212.40499877929688,212.40499877929688,212.40499877929688,212.40499877929688,397.0
2026-08-05 11:57:00,PPC,,26.450000762939453,26.469999313354492,26.450000762939453,26.454999923706055,4309.0
2026-08-05 11:57:00,PPTA,,22.229999542236328,22.293899536132812,22.229999542236328,22.260000228881836,1557.0
2026-08-05 11:57:00,PRAA,,17.260000228881836,17.260000228881836,17.260000228881836,17.260000228881836,358.0
2026-08-05 11:57:00,PRAX,,311.7099914550781,311.7099914550781,311.7099914550781,311.7099914550781,285.0
2026-08-05 11:57:00,PRCH,,15.90999984741211,15.90999984741211,15.899999618530273,15.899999618530273,1496.0
2026-08-05 11:57:00,PRCT,,19.059999465942383,19.075000762939453,19.020000457763672,19.020000457763672,3260.0
2026-08-05 11:57:00,PRGS,,41.790000915527344,41.81999969482422,41.790000915527344,41.81999969482422,1671.0
2026-08-05 11:57:00,PRIM,,84.96499633789062,85.18000030517578,84.95999908447266,85.18000030517578,2399.0
2026-08-05 11:57:00,PRME,,3.015000104904175,3.015000104904175,3.009999990463257,3.009999990463257,1788.0
2026-08-05 11:57:00,PRQR,,1.909999966621399,1.909999966621399,1.909999966621399,1.909999966621399,121.0
2026-08-05 11:57:00,PRTA,,8.520000457763672,8.520000457763672,8.520000457763672,8.520000457763672,253.0
2026-08-05 11:57:00,PRVA,,24.1200008392334,24.1200008392334,24.1200008392334,24.1200008392334,205.0
2026-08-05 11:57:00,PRZO,,0.5508999824523926,0.5508999824523926,0.5508999824523926,0.5508999824523926,302.0
2026-08-05 11:57:00,PSEC,,2.180000066757202,2.184999942779541,2.180000066757202,2.184999942779541,3044.0
2026-08-05 11:57:00,PSNL,,13.640000343322754,13.640000343322754,13.609999656677246,13.609999656677246,1090.0
2026-08-05 11:57:00,PSNY,,13.960000038146973,13.960000038146973,13.960000038146973,13.960000038146973,934.0
2026-08-05 11:57:00,PTC,,139.0800018310547,139.35989379882812,139.0800018310547,139.35989379882812,3636.0
2026-08-05 11:57:00,PTEN,,9.739999771118164,9.739999771118164,9.734999656677246,9.734999656677246,3669.0
2026-08-05 11:57:00,PTIX,,0.25,0.25,0.25,0.25,0.0
2026-08-05 11:57:00,PTON,,6.480000019073486,6.489999771118164,6.480000019073486,6.485000133514404,23327.0
2026-08-05 11:57:00,PWP,,17.264999389648438,17.264999389648438,17.264999389648438,17.264999389648438,517.0
2026-08-05 11:57:00,PYPD,,4.440000057220459,4.454999923706055,4.440000057220459,4.454999923706055,2070.0
2026-08-05 11:57:00,PYPL,,58.29280090332031,58.3203010559082,58.290000915527344,58.3203010559082,8670.0
2026-08-05 11:57:00,PZZA,,30.295000076293945,30.295000076293945,30.295000076293945,30.295000076293945,2030.0
2026-08-05 11:57:00,QCOM,,157.3000030517578,157.35000610351562,157.1199951171875,157.35000610351562,26856.0
2026-08-05 11:57:00,QFIN,,13.289999961853027,13.289999961853027,13.270000457763672,13.270000457763672,1144.0
2026-08-05 11:57:00,QRVO,,94.38999938964844,94.41000366210938,94.30000305175781,94.41000366210938,878.0
2026-08-05 11:57:00,SEED,,1.034999966621399,1.0399999618530273,1.034999966621399,1.034999966621399,1144.0
2026-08-05 11:57:00,STIM,,2.2750000953674316,2.2750000953674316,2.2750000953674316,2.2750000953674316,392.0
2026-08-05 11:58:00,ACDC,,4.380000114440918,4.380000114440918,4.369999885559082,4.369999885559082,6766.0
2026-08-05 11:58:00,BPOP,,176.81500244140625,176.85000610351562,176.77499389648438,176.77499389648438,1687.0
2026-08-05 11:58:00,BPRN,,41.9900016784668,41.9900016784668,41.9900016784668,41.9900016784668,313.0
2026-08-05 11:58:00,CNXN,,84.42500305175781,84.42500305175781,84.42500305175781,84.42500305175781,1419.0
2026-08-05 11:58:00,DTIL,,7.5,7.510000228881836,7.480000019073486,7.480000019073486,4029.0
2026-08-05 11:58:00,EYE,,23.18000030517578,23.18000030517578,23.165000915527344,23.18000030517578,5229.0
2026-08-05 11:58:00,GLUE,,15.880000114440918,15.890000343322754,15.850000381469727,15.850000381469727,8244.0
2026-08-05 11:58:00,KIDS,,21.28499984741211,21.28499984741211,21.28499984741211,21.28499984741211,113.0
2026-08-05 11:58:00,KTTA,,0.46619999408721924,0.46619999408721924,0.46619999408721924,0.46619999408721924,1045.0
2026-08-05 11:58:00,MBRX,,0.4049000144004822,0.4081999957561493,0.4049000144004822,0.4081999957561493,100.0
2026-08-05 11:58:00,MDB,,376.30999755859375,376.44000244140625,376.2049865722656,376.3999938964844,1420.0
2026-08-05 11:58:00,MDLZ,,62.040000915527344,62.09000015258789,62.040000915527344,62.09000015258789,6362.0
2026-08-05 11:58:00,MLTX,,17.55500030517578,17.575000762939453,17.549999237060547,17.565000534057617,2950.0
2026-08-05 11:58:00,MNRO,,13.104999542236328,13.104999542236328,13.104999542236328,13.104999542236328,411.0
2026-08-05 11:58:00,MNST,,94.3499984741211,94.41999816894531,94.33049774169922,94.41999816894531,8224.0
2026-08-05 11:58:00,MORN,,197.0,197.0,197.0,197.0,453.0
2026-08-05 11:58:00,MOVE,,11.9399995803833,11.9399995803833,11.9399995803833,11.9399995803833,596.0
2026-08-05 11:58:00,MPWR,,1321.60498046875,1322.06005859375,1318.9449462890625,1318.9449462890625,1453.0
2026-08-05 11:58:00,MRNA,,56.83000183105469,56.86000061035156,56.760101318359375,56.760101318359375,14532.0
2026-08-05 11:58:00,MSGM,,4.472799777984619,4.472799777984619,4.472799777984619,4.472799777984619,1127.0
2026-08-05 11:58:00,MVBF,,30.520000457763672,30.559999465942383,30.520000457763672,30.520000457763672,542.0
2026-08-05 11:58:00,MYGN,,3.2149999141693115,3.2249999046325684,3.194999933242798,3.2249999046325684,122692.0
2026-08-05 11:58:00,NAMS,,26.59000015258789,26.59000015258789,26.559999465942383,26.579999923706055,1286.0
2026-08-05 11:58:00,NAUT,,0.9545000195503235,0.9545000195503235,0.9545000195503235,0.9545000195503235,1049.0
2026-08-05 11:58:00,NB,,5.079999923706055,5.085000038146973,5.073699951171875,5.079999923706055,8704.0
2026-08-05 11:58:00,NCMI,,4.110000133514404,4.110000133514404,4.110000133514404,4.110000133514404,845.0
2026-08-05 11:58:00,NDAQ,,94.16999816894531,94.16999816894531,94.15499877929688,94.16500091552734,1926.0
2026-08-05 11:58:00,NEO,,16.18000030517578,16.190000534057617,16.18000030517578,16.190000534057617,1621.0
2026-08-05 11:58:00,NEOG,,11.569999694824219,11.574999809265137,11.569999694824219,11.574999809265137,4630.0
2026-08-05 11:58:00,NEON,,0.9603999853134155,0.9603999853134155,0.9603999853134155,0.9603999853134155,0.0
2026-08-05 11:58:00,NEOV,,2.809999942779541,2.809999942779541,2.809999942779541,2.809999942779541,549.0
2026-08-05 11:58:00,NESR,,28.510000228881836,28.510000228881836,28.510000228881836,28.510000228881836,347.0
2026-08-05 11:58:00,NEXT,,6.389999866485596,6.389999866485596,6.389999866485596,6.389999866485596,1715.0
2026-08-05 11:58:00,NFLX,,73.61000061035156,73.61499786376953,73.58000183105469,73.6050033569336,45421.0
2026-08-05 11:58:00,NICE,,96.66999816894531,96.70999908447266,96.45999908447266,96.45999908447266,14929.0
2026-08-05 11:58:00,NKTR,,73.0250015258789,73.0250015258789,73.0250015258789,73.0250015258789,321.0
2026-08-05 11:58:00,NKTX,,2.180000066757202,2.180000066757202,2.180000066757202,2.180000066757202,3959.0
2026-08-05 11:58:00,NMFC,,7.264999866485596,7.264999866485596,7.264999866485596,7.264999866485596,417.0
2026-08-05 11:58:00,NMRK,,15.545000076293945,15.545000076293945,15.53499984741211,15.53499984741211,2752.0
2026-08-05 11:58:00,NN,,14.210000038146973,14.210000038146973,14.194999694824219,14.210000038146973,2002.0
2026-08-05 11:58:00,NNDM,,1.5400999784469604,1.5455000400543213,1.534999966621399,1.5389000177383423,53766.0
2026-08-05 11:58:00,NOVT,,156.64999389648438,156.64999389648438,156.64999389648438,156.64999389648438,482.0
2026-08-05 11:58:00,NRIM,,26.969999313354492,26.969999313354492,26.959999084472656,26.959999084472656,612.0
2026-08-05 11:58:00,NRIX,,24.610000610351562,24.610000610351562,24.610000610351562,24.610000610351562,1063.0
2026-08-05 11:58:00,NRXP,,3.0199999809265137,3.0199999809265137,3.015000104904175,3.015000104904175,6907.0
2026-08-05 11:58:00,NSSC,,40.220001220703125,40.255001068115234,40.154998779296875,40.255001068115234,9878.0
2026-08-05 11:58:00,NTAP,,188.51010131835938,188.51010131835938,188.2899932861328,188.2899932861328,4117.0
2026-08-05 11:58:00,NTNX,,60.209999084472656,60.23500061035156,60.209999084472656,60.21500015258789,4142.0
2026-08-05 11:58:00,NTRA,,277.5450134277344,277.5450134277344,277.5450134277344,277.5450134277344,327.0
2026-08-05 11:58:00,NTRS,,183.31390380859375,183.3350067138672,183.27000427246094,183.27000427246094,2937.0
2026-08-05 11:58:00,NUWE,,1.7100000381469727,1.7100000381469727,1.7100000381469727,1.7100000381469727,198.0
2026-08-05 11:58:00,NVAX,,7.644999980926514,7.644999980926514,7.635000228881836,7.639999866485596,4514.0
2026-08-05 11:58:00,NVCR,,16.059999465942383,16.06999969482422,16.059999465942383,16.06999969482422,471.0
2026-08-05 11:58:00,NVCT,,19.979999542236328,19.979999542236328,19.979999542236328,19.979999542236328,257.0
2026-08-05 11:58:00,NVDA,,219.05499267578125,219.2050018310547,218.64500427246094,218.74000549316406,257484.0
2026-08-05 11:58:00,NVMI,,408.5849914550781,408.5849914550781,408.5799865722656,408.5799865722656,420.0
2026-08-05 11:58:00,NVTS,,12.5,12.5,12.479999542236328,12.484999656677246,7078.0
2026-08-05 11:58:00,NWBI,,15.920000076293945,15.920000076293945,15.920000076293945,15.920000076293945,2048.0
2026-08-05 11:58:00,NWE,,68.66999816894531,68.66999816894531,68.66999816894531,68.66999816894531,166.0
2026-08-05 11:58:00,NWL,,6.199999809265137,6.210000038146973,6.199999809265137,6.199999809265137,8096.0
2026-08-05 11:58:00,NWS,,32.20500183105469,32.20500183105469,32.20500183105469,32.20500183105469,307.0
2026-08-05 11:58:00,NWSA,,28.15999984741211,28.15999984741211,28.155000686645508,28.155000686645508,2860.0
2026-08-05 11:58:00,NXL,,0.36820000410079956,0.36820000410079956,0.36820000410079956,0.36820000410079956,18015.0
2026-08-05 11:58:00,NXPI,,231.30999755859375,231.30999755859375,230.86000061035156,231.0500030517578,7122.0
2026-08-05 11:58:00,NXST,,192.3800048828125,192.3800048828125,192.3800048828125,192.3800048828125,362.0
2026-08-05 11:58:00,NXT,,98.94000244140625,98.94000244140625,98.90699768066406,98.90699768066406,1322.0
2026-08-05 11:58:00,OCC,,15.869999885559082,15.869999885559082,15.869999885559082,15.869999885559082,451.0
2026-08-05 11:58:00,OCCI,,2.4602999687194824,2.4602999687194824,2.4602999687194824,2.4602999687194824,317.0
2026-08-05 11:58:00,OCGN,,1.2999999523162842,1.2999999523162842,1.2999999523162842,1.2999999523162842,224.0
2026-08-05 11:58:00,OCS,,11.970000267028809,11.970000267028809,11.970000267028809,11.970000267028809,434.0
2026-08-05 11:58:00,OCSL,,12.100000381469727,12.100000381469727,12.100000381469727,12.100000381469727,952.0
2026-08-05 11:58:00,OCUL,,8.479999542236328,8.484999656677246,8.460100173950195,8.475000381469727,18616.0
2026-08-05 11:58:00,ODD,,15.09000015258789,15.09000015258789,15.09000015258789,15.09000015258789,442.0
2026-08-05 11:58:00,ODFL,,214.47000122070312,214.5050048828125,214.42999267578125,214.42999267578125,3728.0
2026-08-05 11:58:00,OKTA,,147.27999877929688,147.27999877929688,147.0800018310547,147.0800018310547,3677.0
2026-08-05 11:58:00,OLLI,,78.16000366210938,78.16000366210938,78.1500015258789,78.16000366210938,1924.0
2026-08-05 11:58:00,OMER,,12.84000015258789,12.84000015258789,12.84000015258789,12.84000015258789,483.0
2026-08-05 11:58:00,OMH,,0.11209999769926071,0.11209999769926071,0.11209999769926071,0.11209999769926071,2739.0
2026-08-05 11:58:00,ON,,76.94999694824219,77.0,76.88999938964844,76.91000366210938,44238.0
2026-08-05 11:58:00,ONB,,26.975000381469727,26.97800064086914,26.969999313354492,26.969999313354492,5913.0
2026-08-05 11:58:00,ONCY,,0.7928000092506409,0.7928000092506409,0.7914999723434448,0.7914999723434448,1027.0
2026-08-05 11:58:00,ONDS,,8.864999771118164,8.869999885559082,8.850000381469727,8.854999542236328,210418.0
2026-08-05 11:58:00,ONFO,,0.0763000026345253,0.07660000026226044,0.07620000094175339,0.07620000094175339,57172.0
2026-08-05 11:58:00,OPAL,,2.309999942779541,2.309999942779541,2.309999942779541,2.309999942779541,113.0
2026-08-05 11:58:00,OPCH,,23.329999923706055,23.329999923706055,23.31999969482422,23.31999969482422,2459.0
2026-08-05 11:58:00,OPEN,,3.800100088119507,3.809999942779541,3.799999952316284,3.805000066757202,38753.0
2026-08-05 11:58:00,OPRA,,20.059999465942383,20.059999465942383,20.059999465942383,20.059999465942383,228.0
2026-08-05 11:58:00,ORGO,,2.3550000190734863,2.3550000190734863,2.3550000190734863,2.3550000190734863,604.0
2026-08-05 11:58:00,ORIC,,13.204999923706055,13.204999923706055,13.180000305175781,13.180000305175781,2637.0
2026-08-05 11:58:00,ORLY,,93.08499908447266,93.16000366210938,93.08000183105469,93.16000366210938,14328.0
2026-08-05 11:58:00,OSBC,,25.739999771118164,25.739999771118164,25.739999771118164,25.739999771118164,494.0
2026-08-05 11:58:00,OSS,,13.880000114440918,13.899999618530273,13.869999885559082,13.899999618530273,7838.0
2026-08-05 11:58:00,OTEX,,25.704999923706055,25.704999923706055,25.69499969482422,25.69499969482422,1761.0
2026-08-05 11:58:00,OTLK,,1.0097999572753906,1.0099999904632568,1.0097999572753906,1.0099999904632568,1869.0
2026-08-05 11:58:00,OTTR,,92.65499877929688,92.84500122070312,92.6500015258789,92.84500122070312,4893.0
2026-08-05 11:58:00,OVID,,2.640000104904175,2.640000104904175,2.630000114440918,2.630000114440918,14800.0
2026-08-05 11:58:00,OXLC,,9.128000259399414,9.135000228881836,9.125,9.125,2779.0
2026-08-05 11:58:00,OXSQ,,1.4900000095367432,1.4900000095367432,1.4850000143051147,1.4850000143051147,1629.0
2026-08-05 11:58:00,PAA,,23.23509979248047,23.239999771118164,23.23509979248047,23.239999771118164,1579.0
2026-08-05 11:58:00,PAAS,,47.970001220703125,47.970001220703125,47.91999816894531,47.91999816894531,6680.0
2026-08-05 11:58:00,PACB,,1.4149999618530273,1.4149999618530273,1.4149999618530273,1.4149999618530273,5669.0
2026-08-05 11:58:00,PAGP,,25.190000534057617,25.190000534057617,25.190000534057617,25.190000534057617,754.0
2026-08-05 11:58:00,PALI,,2.0950000286102295,2.0999999046325684,2.0950000286102295,2.0999999046325684,6316.0
2026-08-05 11:58:00,PANL,,7.300000190734863,7.300000190734863,7.300000190734863,7.300000190734863,1347.0
2026-08-05 11:58:00,PANW,,364.0,364.04998779296875,363.80999755859375,363.8299865722656,8253.0
2026-08-05 11:58:00,PATK,,87.8949966430664,87.91000366210938,87.88999938964844,87.8949966430664,2380.0
2026-08-05 11:58:00,PAX,,11.354999542236328,11.359999656677246,11.354999542236328,11.359999656677246,3474.0
2026-08-05 11:58:00,PAYO,,7.119999885559082,7.130000114440918,7.119999885559082,7.130000114440918,4496.0
2026-08-05 11:58:00,PAYX,,116.48500061035156,116.48500061035156,116.4000015258789,116.4000015258789,3031.0
2026-08-05 11:58:00,PCAR,,133.7050018310547,133.7050018310547,133.63999938964844,133.63999938964844,2507.0
2026-08-05 11:58:00,PCSA,,2.1600000858306885,2.1600000858306885,2.1600000858306885,2.1600000858306885,101.0
2026-08-05 11:58:00,PCT,,6.869999885559082,6.875,6.869999885559082,6.869999885559082,4297.0
2026-08-05 11:58:00,PDD,,91.31500244140625,91.33000183105469,91.30999755859375,91.30999755859375,2395.0
2026-08-05 11:58:00,PECO,,41.41999816894531,41.41999816894531,41.41999816894531,41.41999816894531,840.0
2026-08-05 11:58:00,PEGA,,31.5,31.5,31.5,31.5,662.0
2026-08-05 11:58:00,PENN,,19.764999389648438,19.780000686645508,19.760000228881836,19.770000457763672,9877.0
2026-08-05 11:58:00,PEP,,138.1750030517578,138.2899932861328,138.1699981689453,138.2899932861328,7250.0
2026-08-05 11:58:00,PEPG,,1.9149999618530273,1.9199999570846558,1.909999966621399,1.9199999570846558,952.0
2026-08-05 11:58:00,PERI,,9.53499984741211,9.53499984741211,9.529999732971191,9.529999732971191,3117.0
2026-08-05 11:58:00,PESI,,17.770000457763672,17.770000457763672,17.700000762939453,17.700000762939453,2043.0
2026-08-05 11:58:00,PFG,,114.09249877929688,114.0999984741211,113.98999786376953,113.98999786376953,738.0
2026-08-05 11:58:00,PGEN,,6.945000171661377,6.945000171661377,6.900000095367432,6.925000190734863,24628.0
2026-08-05 11:58:00,PGNY,,31.670000076293945,31.670000076293945,31.65999984741211,31.65999984741211,1834.0
2026-08-05 11:58:00,PGY,,21.645000457763672,21.649999618530273,21.625,21.649900436401367,16320.0
2026-08-05 11:58:00,PHAT,,8.449999809265137,8.460000038146973,8.449999809265137,8.449999809265137,977.0
2026-08-05 11:58:00,PHVS,,32.755001068115234,32.84000015258789,32.650001525878906,32.77000045776367,13525.0
2026-08-05 11:58:00,PLAB,,32.0099983215332,32.0099983215332,32.0099983215332,32.0099983215332,618.0
2026-08-05 11:58:00,PLBY,,1.149999976158142,1.149999976158142,1.149999976158142,1.149999976158142,5129.0
2026-08-05 11:58:00,PLMR,,135.6300048828125,135.6300048828125,135.6300048828125,135.6300048828125,701.0
2026-08-05 11:58:00,PLPC,,457.54998779296875,457.7099914550781,457.54998779296875,457.7099914550781,739.0
2026-08-05 11:58:00,PLSE,,36.752498626708984,36.752498626708984,36.709999084472656,36.709999084472656,2210.0
2026-08-05 11:58:00,PLTK,,3.994999885559082,3.994999885559082,3.994999885559082,3.994999885559082,499.0
2026-08-05 11:58:00,PLUG,,2.075000047683716,2.0799999237060547,2.069999933242798,2.075000047683716,49572.0
2026-08-05 11:58:00,PNTG,,38.79999923706055,38.83000183105469,38.79999923706055,38.83000183105469,694.0
2026-08-05 11:58:00,POET,,8.248000144958496,8.25,8.240500450134277,8.240500450134277,5717.0
2026-08-05 11:58:00,POOL,,203.30499267578125,203.4199981689453,203.30499267578125,203.33999633789062,1426.0
2026-08-05 11:58:00,POWI,,61.6150016784668,61.6150016784668,61.6150016784668,61.6150016784668,1148.0
2026-08-05 11:58:00,POWL,,212.35499572753906,212.66000366210938,212.10009765625,212.3699951171875,858.0
2026-08-05 11:58:00,PPTA,,22.28499984741211,22.28499984741211,22.235300064086914,22.260000228881836,3776.0
2026-08-05 11:58:00,PRAX,,312.0400085449219,312.0400085449219,311.7099914550781,311.7099914550781,489.0
2026-08-05 11:58:00,PRCT,,18.93000030517578,19.045000076293945,18.90999984741211,19.045000076293945,21089.0
2026-08-05 11:58:00,PRDO,,32.880001068115234,32.880001068115234,32.880001068115234,32.880001068115234,139.0
2026-08-05 11:58:00,PRE,,18.59000015258789,18.59000015258789,18.59000015258789,18.59000015258789,181.0
2026-08-05 11:58:00,PRIM,,85.01750183105469,85.08000183105469,84.96499633789062,84.96499633789062,1388.0
2026-08-05 11:58:00,PRLD,,4.539999961853027,4.539999961853027,4.53000020980835,4.53000020980835,1133.0
2026-08-05 11:58:00,PRME,,3.039900064468384,3.039900064468384,3.015000104904175,3.015000104904175,11452.0
2026-08-05 11:58:00,PRTA,,8.510000228881836,8.510000228881836,8.510000228881836,8.510000228881836,985.0
2026-08-05 11:58:00,PRVA,,24.1299991607666,24.1299991607666,24.110000610351562,24.110000610351562,3531.0
2026-08-05 11:58:00,PRZO,,0.546999990940094,0.546999990940094,0.546999990940094,0.546999990940094,1872.0
2026-08-05 11:58:00,PSEC,,2.184999942779541,2.190000057220459,2.184799909591675,2.184999942779541,1911.0
2026-08-05 11:58:00,PSNL,,13.640000343322754,13.640000343322754,13.635000228881836,13.635000228881836,1188.0
2026-08-05 11:58:00,PTC,,139.15499877929688,139.15499877929688,139.15499877929688,139.15499877929688,1078.0
2026-08-05 11:58:00,PTCT,,68.88999938964844,68.88999938964844,68.88999938964844,68.88999938964844,402.0
2026-08-05 11:58:00,PTEN,,9.75,9.75,9.749899864196777,9.749899864196777,1246.0
2026-08-05 11:58:00,PTGX,,136.18499755859375,136.4199981689453,136.18499755859375,136.4199981689453,1807.0
2026-08-05 11:58:00,PTLO,,4.574999809265137,4.574999809265137,4.574999809265137,4.574999809265137,748.0
2026-08-05 11:58:00,PTON,,6.465000152587891,6.480100154876709,6.460000038146973,6.480000019073486,133610.0
2026-08-05 11:58:00,PUBM,,13.40999984741211,13.40999984741211,13.40999984741211,13.40999984741211,736.0
2026-08-05 11:58:00,PULM,,1.6699999570846558,1.6699999570846558,1.659999966621399,1.659999966621399,484.0
2026-08-05 11:58:00,PWP,,17.280000686645508,17.280000686645508,17.280000686645508,17.280000686645508,2022.0
2026-08-05 11:58:00,PYPD,,4.429999828338623,4.429999828338623,4.429999828338623,4.429999828338623,219.0
2026-08-05 11:58:00,PYPL,,58.310001373291016,58.31999969482422,58.29499816894531,58.31999969482422,5886.0
2026-08-05 11:58:00,PYXS,,3.190000057220459,3.190000057220459,3.190000057220459,3.190000057220459,852.0
2026-08-05 11:58:00,PZZA,,30.31999969482422,30.329999923706055,30.309999465942383,30.309999465942383,2133.0
2026-08-05 11:58:00,QCOM,,157.2899932861328,157.3699951171875,157.2449951171875,157.2899932861328,15164.0
2026-08-05 11:58:00,QRVO,,94.4000015258789,94.4000015258789,94.37999725341797,94.37999725341797,1271.0
2026-08-05 11:58:00,SEED,,1.0149999856948853,1.0398999452590942,1.0149999856948853,1.0398999452590942,2887.0
2026-08-05 11:58:00,TARA,,4.019999980926514,4.019999980926514,4.019999980926514,4.019999980926514,2275.0
2026-08-05 11:59:00,ACDC,,4.385000228881836,4.385000228881836,4.369999885559082,4.380000114440918,15041.0
2026-08-05 11:59:00,CPOP,,0.36399999260902405,0.3666999936103821,0.36399999260902405,0.3666999936103821,1516.0
2026-08-05 11:59:00,EYE,,23.18000030517578,23.18000030517578,23.170000076293945,23.170000076293945,1472.0
2026-08-05 11:59:00,GLUE,,15.869999885559082,15.890000343322754,15.869999885559082,15.880000114440918,6612.0
2026-08-05 11:59:00,KITT,,1.0,1.0450999736785889,1.0,1.0450999736785889,9259.0
2026-08-05 11:59:00,MBRX,,0.4081999957561493,0.4081999957561493,0.4049000144004822,0.4081999957561493,1101.0
2026-08-05 11:59:00,MDB,,376.2174987792969,376.57000732421875,376.2174987792969,376.57000732421875,675.0
2026-08-05 11:59:00,MDLZ,,62.05500030517578,62.05500030517578,62.040000915527344,62.04499816894531,3288.0
2026-08-05 11:59:00,MLTX,,17.524999618530273,17.545000076293945,17.524999618530273,17.545000076293945,707.0
2026-08-05 11:59:00,MNRO,,13.09000015258789,13.09000015258789,13.09000015258789,13.09000015258789,2025.0
2026-08-05 11:59:00,MNST,,94.33999633789062,94.36000061035156,94.33999633789062,94.3550033569336,3762.0
2026-08-05 11:59:00,MNTS,,4.349999904632568,4.349999904632568,4.344200134277344,4.344200134277344,930.0
2026-08-05 11:59:00,MNTSW,,0.002899999963119626,0.002899999963119626,0.002899999963119626,0.002899999963119626,8902.0
2026-08-05 11:59:00,MPWR,,1318.3699951171875,1320.4599609375,1318.3699951171875,1320.4549560546875,605.0
2026-08-05 11:59:00,MRNA,,56.80500030517578,56.84000015258789,56.7504997253418,56.84000015258789,8436.0
2026-08-05 11:59:00,MYGN,,3.194999933242798,3.2100000381469727,3.194999933242798,3.2100000381469727,2648.0
2026-08-05 11:59:00,NAMS,,26.594999313354492,26.594999313354492,26.58099937438965,26.58099937438965,1421.0
2026-08-05 11:59:00,NAVI,,9.069000244140625,9.069000244140625,9.069000244140625,9.069000244140625,645.0
2026-08-05 11:59:00,NB,,5.065000057220459,5.070000171661377,5.065000057220459,5.070000171661377,19880.0
2026-08-05 11:59:00,NBIX,,164.05999755859375,164.1793975830078,164.05999755859375,164.1793975830078,838.0
2026-08-05 11:59:00,NDAQ,,94.18000030517578,94.19499969482422,94.1500015258789,94.17500305175781,2954.0
2026-08-05 11:59:00,NDSN,,311.1300048828125,311.1300048828125,311.1300048828125,311.1300048828125,368.0
2026-08-05 11:59:00,NEO,,16.18000030517578,16.18000030517578,16.18000030517578,16.18000030517578,902.0
2026-08-05 11:59:00,NEOG,,11.574999809265137,11.574999809265137,11.5649995803833,11.5649995803833,6494.0
2026-08-05 11:59:00,NEOV,,2.805000066757202,2.809999942779541,2.805000066757202,2.809999942779541,3318.0
2026-08-05 11:59:00,NESR,,28.56999969482422,28.600000381469727,28.510000228881836,28.514999389648438,3068.0
2026-08-05 11:59:00,NEXT,,6.385000228881836,6.385000228881836,6.385000228881836,6.385000228881836,867.0
2026-08-05 11:59:00,NFLX,,73.58499908447266,73.76000213623047,73.58000183105469,73.61000061035156,142146.0
2026-08-05 11:59:00,NGNE,,34.79499816894531,34.79499816894531,34.79499816894531,34.79499816894531,362.0
2026-08-05 11:59:00,NICE,,96.78500366210938,96.78500366210938,96.625,96.625,3129.0
2026-08-05 11:59:00,NIU,,2.434999942779541,2.438999891281128,2.434999942779541,2.438999891281128,825.0
2026-08-05 11:59:00,NKTX,,2.184999942779541,2.184999942779541,2.184999942779541,2.184999942779541,3824.0
2026-08-05 11:59:00,NMFC,,7.269999980926514,7.269999980926514,7.264999866485596,7.264999866485596,3663.0
2026-08-05 11:59:00,NMRK,,15.555000305175781,15.555000305175781,15.545000076293945,15.545000076293945,2497.0
2026-08-05 11:59:00,NN,,14.220000267028809,14.229999542236328,14.204999923706055,14.229999542236328,4715.0
2026-08-05 11:59:00,NNBR,,3.799999952316284,3.799999952316284,3.799999952316284,3.799999952316284,386.0
2026-08-05 11:59:00,NNDM,,1.5399999618530273,1.5449999570846558,1.5399999618530273,1.5410000085830688,13013.0
2026-08-05 11:59:00,NNOX,,1.0049999952316284,1.0049999952316284,1.0049999952316284,1.0049999952316284,218.0
2026-08-05 11:59:00,NPCE,,13.489999771118164,13.489999771118164,13.489999771118164,13.489999771118164,324.0
2026-08-05 11:59:00,NRDS,,9.109999656677246,9.114999771118164,9.109999656677246,9.114999771118164,1839.0
2026-08-05 11:59:00,NRIX,,24.649999618530273,24.65999984741211,24.639999389648438,24.649999618530273,7344.0
2026-08-05 11:59:00,NRXP,,3.0299999713897705,3.0299999713897705,3.0250000953674316,3.0250000953674316,519.0
2026-08-05 11:59:00,NSSC,,40.119998931884766,40.19499969482422,40.08000183105469,40.19499969482422,3648.0
2026-08-05 11:59:00,NTAP,,188.44000244140625,188.44000244140625,188.44000244140625,188.44000244140625,1412.0
2026-08-05 11:59:00,NTGR,,24.280000686645508,24.280000686645508,24.280000686645508,24.280000686645508,800.0
2026-08-05 11:59:00,NTNX,,60.23500061035156,60.23500061035156,60.20500183105469,60.20500183105469,3353.0
2026-08-05 11:59:00,NTRA,,277.5450134277344,277.760009765625,277.5450134277344,277.760009765625,2387.0
2026-08-05 11:59:00,NTRS,,183.2899932861328,183.35000610351562,183.2899932861328,183.35000610351562,684.0
2026-08-05 11:59:00,NUWE,,1.7100000381469727,1.7100000381469727,1.7100000381469727,1.7100000381469727,421.0
2026-08-05 11:59:00,NVAX,,7.648799896240234,7.648799896240234,7.648799896240234,7.648799896240234,147.0
2026-08-05 11:59:00,NVDA,,219.05499267578125,219.18499755859375,218.9600067138672,219.05999755859375,298978.0
2026-08-05 11:59:00,NVTS,,12.470000267028809,12.515000343322754,12.470000267028809,12.5,9641.0
2026-08-05 11:59:00,NWBI,,15.925000190734863,15.925000190734863,15.925000190734863,15.925000190734863,1146.0
2026-08-05 11:59:00,NWE,,68.62999725341797,68.63999938964844,68.62999725341797,68.63999938964844,523.0
2026-08-05 11:59:00,NWL,,6.204999923706055,6.210000038146973,6.199999809265137,6.204999923706055,10207.0
2026-08-05 11:59:00,NWS,,32.20000076293945,32.20000076293945,32.20000076293945,32.20000076293945,1349.0
2026-08-05 11:59:00,NWSA,,28.155000686645508,28.155000686645508,28.155000686645508,28.155000686645508,525.0
2026-08-05 11:59:00,NXPI,,230.91000366210938,231.27000427246094,230.78500366210938,231.27000427246094,10696.0
2026-08-05 11:59:00,NXT,,98.86000061035156,99.0199966430664,98.86000061035156,98.94000244140625,3688.0
2026-08-05 11:59:00,OCFC,,19.704999923706055,19.709999084472656,19.704999923706055,19.709999084472656,2654.0
2026-08-05 11:59:00,OCGN,,1.2949999570846558,1.2999999523162842,1.2949999570846558,1.2999999523162842,2234.0
2026-08-05 11:59:00,OCSL,,12.109999656677246,12.114999771118164,12.109999656677246,12.109999656677246,931.0
2026-08-05 11:59:00,ODD,,15.100000381469727,15.100000381469727,15.100000381469727,15.100000381469727,375.0
2026-08-05 11:59:00,ODFL,,214.11500549316406,214.5500030517578,214.07000732421875,214.5050048828125,26875.0
2026-08-05 11:59:00,OESX,,14.312600135803223,14.779999732971191,14.312000274658203,14.652999877929688,2736.0
2026-08-05 11:59:00,OGI,,0.9538000226020813,0.9538000226020813,0.9538000226020813,0.9538000226020813,104.0
2026-08-05 11:59:00,OKTA,,147.30999755859375,147.3300018310547,147.2550048828125,147.25999450683594,4011.0
2026-08-05 11:59:00,OLLI,,78.1500015258789,78.1500015258789,78.0999984741211,78.0999984741211,2563.0
2026-08-05 11:59:00,OMER,,12.854999542236328,12.857500076293945,12.84000015258789,12.850000381469727,1658.0
2026-08-05 11:59:00,OMH,,0.1111999973654747,0.11209999769926071,0.11110000312328339,0.11169999837875366,21600.0
2026-08-05 11:59:00,ON,,76.9000015258789,77.0199966430664,76.9000015258789,76.94000244140625,37121.0
2026-08-05 11:59:00,ONB,,26.96500015258789,26.975000381469727,26.96500015258789,26.975000381469727,8168.0
2026-08-05 11:59:00,ONBPP,,24.81800079345703,24.81800079345703,24.81800079345703,24.81800079345703,380.0
2026-08-05 11:59:00,ONCY,,0.796999990940094,0.7975000143051147,0.7928000092506409,0.7928000092506409,1040.0
2026-08-05 11:59:00,ONDS,,8.854999542236328,8.869999885559082,8.850000381469727,8.864999771118164,258304.0
2026-08-05 11:59:00,ONFO,,0.07649999856948853,0.07680000364780426,0.0763000026345253,0.07660000026226044,33206.0
2026-08-05 11:59:00,ONMD,,0.6730999946594238,0.6730999946594238,0.6730999946594238,0.6730999946594238,2110.0
2026-08-05 11:59:00,OPCH,,23.329999923706055,23.329999923706055,23.329999923706055,23.329999923706055,2523.0
2026-08-05 11:59:00,OPEN,,3.7980000972747803,3.809999942779541,3.7899999618530273,3.805000066757202,196769.0
2026-08-05 11:59:00,OPK,,1.315000057220459,1.315000057220459,1.315000057220459,1.315000057220459,1408.0
2026-08-05 11:59:00,OPRA,,20.03499984741211,20.059999465942383,20.010000228881836,20.059999465942383,513.0
2026-08-05 11:59:00,ORGO,,2.3550000190734863,2.3550000190734863,2.3550000190734863,2.3550000190734863,307.0
2026-08-05 11:59:00,ORIC,,13.1899995803833,13.1899995803833,13.1899995803833,13.1899995803833,1525.0
2026-08-05 11:59:00,ORLY,,93.04000091552734,93.07499694824219,93.01000213623047,93.07499694824219,9083.0
2026-08-05 11:59:00,OSIS,,234.3249969482422,234.81500244140625,234.3249969482422,234.81500244140625,144.0
2026-08-05 11:59:00,OSPN,,16.579999923706055,16.579999923706055,16.579999923706055,16.579999923706055,735.0
2026-08-05 11:59:00,OSS,,13.829999923706055,13.859999656677246,13.829999923706055,13.859999656677246,1766.0
2026-08-05 11:59:00,OSUR,,4.150000095367432,4.150000095367432,4.150000095367432,4.150000095367432,244.0
2026-08-05 11:59:00,OSW,,26.584999084472656,26.584999084472656,26.584999084472656,26.584999084472656,289.0
2026-08-05 11:59:00,OTEX,,25.709999084472656,25.719999313354492,25.704999923706055,25.71500015258789,1406.0
2026-08-05 11:59:00,OTLK,,1.0149999856948853,1.0199999809265137,1.0099999904632568,1.0099999904632568,7160.0
2026-08-05 11:59:00,OTTR,,92.43000030517578,92.43000030517578,92.43000030517578,92.43000030517578,118.0
2026-08-05 11:59:00,OXLC,,9.125,9.130000114440918,9.125,9.130000114440918,1083.0
2026-08-05 11:59:00,OXSQ,,1.4850000143051147,1.4900000095367432,1.4850000143051147,1.4900000095367432,587.0
2026-08-05 11:59:00,PAA,,23.225000381469727,23.235000610351562,23.225000381469727,23.235000610351562,9041.0
2026-08-05 11:59:00,PAAS,,47.93000030517578,48.03499984741211,47.93000030517578,47.93000030517578,3436914.0
2026-08-05 11:59:00,PAGP,,25.149999618530273,25.15999984741211,25.149999618530273,25.15999984741211,2709.0
2026-08-05 11:59:00,PALI,,2.0999999046325684,2.0999999046325684,2.0999999046325684,2.0999999046325684,1411.0
2026-08-05 11:59:00,PANW,,364.0050048828125,364.2300109863281,363.95001220703125,364.04150390625,4601.0
2026-08-05 11:59:00,PAYO,,7.119999885559082,7.130000114440918,7.119999885559082,7.119999885559082,1392.0
2026-08-05 11:59:00,PAYX,,116.5,116.5199966430664,116.45500183105469,116.47000122070312,6990.0
2026-08-05 11:59:00,PCAR,,133.66000366210938,133.6999969482422,133.66000366210938,133.6699981689453,2196.0
2026-08-05 11:59:00,PCRX,,24.889999389648438,24.899999618530273,24.889999389648438,24.899999618530273,1258.0
2026-08-05 11:59:00,PCT,,6.855000019073486,6.869999885559082,6.855000019073486,6.869999885559082,2676.0
2026-08-05 11:59:00,PCTY,,143.97999572753906,144.40499877929688,143.97999572753906,144.40499877929688,5843.0
2026-08-05 11:59:00,PDD,,91.3499984741211,91.3499984741211,91.30999755859375,91.31999969482422,8142.0
2026-08-05 11:59:00,PDFS,,50.19499969482422,50.19499969482422,50.19499969482422,50.19499969482422,200.0
2026-08-05 11:59:00,PEGA,,31.530000686645508,31.530000686645508,31.514999389648438,31.514999389648438,515.0
2026-08-05 11:59:00,PENN,,19.75,19.780000686645508,19.75,19.764999389648438,10595.0
2026-08-05 11:59:00,PEP,,138.19000244140625,138.1999969482422,138.1300048828125,138.14999389648438,20730.0
2026-08-05 11:59:00,PERI,,9.524999618530273,9.524999618530273,9.524999618530273,9.524999618530273,171.0
2026-08-05 11:59:00,PETS,,1.979099988937378,1.979099988937378,1.979099988937378,1.979099988937378,2006.0
2026-08-05 11:59:00,PFG,,114.06999969482422,114.08499908447266,114.06999969482422,114.08499908447266,365.0
2026-08-05 11:59:00,PGEN,,6.949999809265137,6.949999809265137,6.940000057220459,6.949999809265137,4423.0
2026-08-05 11:59:00,PGNY,,31.68000030517578,31.68000030517578,31.670000076293945,31.670000076293945,1255.0
2026-08-05 11:59:00,PGY,,21.6200008392334,21.65999984741211,21.6200008392334,21.65999984741211,2666.0
2026-08-05 11:59:00,PHAT,,8.444999694824219,8.457500457763672,8.4350004196167,8.457500457763672,4874.0
2026-08-05 11:59:00,PHVS,,32.849998474121094,32.849998474121094,32.849998474121094,32.849998474121094,489.0
2026-08-05 11:59:00,PLUG,,2.069999933242798,2.0799999237060547,2.069999933242798,2.0799999237060547,17423.0
2026-08-05 11:59:00,PNFP,,107.38999938964844,107.38999938964844,107.38999938964844,107.38999938964844,450.0
2026-08-05 11:59:00,PNTG,,38.79999923706055,38.79999923706055,38.79999923706055,38.79999923706055,1732.0
2026-08-05 11:59:00,POET,,8.25,8.260000228881836,8.240099906921387,8.255000114440918,10999.0
2026-08-05 11:59:00,POOL,,203.2550048828125,203.2550048828125,203.2550048828125,203.2550048828125,566.0
2026-08-05 11:59:00,POWI,,61.665000915527344,61.7400016784668,61.665000915527344,61.7400016784668,474.0
2026-08-05 11:59:00,POWL,,212.43499755859375,212.43499755859375,212.27999877929688,212.27999877929688,306.0
2026-08-05 11:59:00,PPC,,26.40999984741211,26.40999984741211,26.40999984741211,26.40999984741211,713.0
2026-08-05 11:59:00,PPTA,,22.2549991607666,22.280000686645508,22.219999313354492,22.280000686645508,1512.0
2026-08-05 11:59:00,PRAX,,312.1000061035156,312.1000061035156,312.1000061035156,312.1000061035156,52.0
2026-08-05 11:59:00,PRCH,,15.899999618530273,15.90999984741211,15.899999618530273,15.90999984741211,1641.0
2026-08-05 11:59:00,PRCT,,18.934999465942383,18.959999084472656,18.920000076293945,18.959999084472656,6905.0
2026-08-05 11:59:00,PRDO,,32.869998931884766,32.869998931884766,32.869998931884766,32.869998931884766,303.0
2026-08-05 11:59:00,PRFX,,1.1200000047683716,1.1200000047683716,1.1150000095367432,1.1200000047683716,2074.0
2026-08-05 11:59:00,PRIM,,84.66500091552734,85.16000366210938,84.65750122070312,85.08999633789062,32466.0
2026-08-05 11:59:00,PRLD,,4.550000190734863,4.550000190734863,4.550000190734863,4.550000190734863,564.0
2026-08-05 11:59:00,PRME,,3.0399999618530273,3.049999952316284,3.0350000858306885,3.0350000858306885,22298.0
2026-08-05 11:59:00,PRTA,,8.520000457763672,8.520000457763672,8.520000457763672,8.520000457763672,425.0
2026-08-05 11:59:00,PRVA,,24.139999389648438,24.139999389648438,24.139999389648438,24.139999389648438,1853.0
2026-08-05 11:59:00,PSEC,,2.184999942779541,2.184999942779541,2.184999942779541,2.184999942779541,965.0
2026-08-05 11:59:00,PSNL,,13.630000114440918,13.640000343322754,13.630000114440918,13.640000343322754,2466.0
2026-08-05 11:59:00,PTCT,,68.84500122070312,68.95500183105469,68.84500122070312,68.95500183105469,6998.0
2026-08-05 11:59:00,PTEN,,9.744999885559082,9.75,9.739999771118164,9.75,5022.0
2026-08-05 11:59:00,PTON,,6.460100173950195,6.465000152587891,6.460000038146973,6.465000152587891,7216.0
2026-08-05 11:59:00,PULM,,1.659999966621399,1.659999966621399,1.6549999713897705,1.6549999713897705,405.0
2026-08-05 11:59:00,PWP,,17.299999237060547,17.299999237060547,17.299999237060547,17.299999237060547,1265.0
2026-08-05 11:59:00,PYPL,,58.31999969482422,58.31999969482422,58.29999923706055,58.310001373291016,6944.0
2026-08-05 11:59:00,PYXS,,3.190000057220459,3.190000057220459,3.190000057220459,3.190000057220459,859.0
2026-08-05 11:59:00,PZZA,,30.270000457763672,30.31920051574707,30.270000457763672,30.31920051574707,3585.0
2026-08-05 11:59:00,QCOM,,157.125,157.3699951171875,157.125,157.25880432128906,12533.0
2026-08-05 11:59:00,QRVO,,94.37000274658203,94.4000015258789,94.37000274658203,94.375,615.0
2026-08-05 11:59:00,SEED,,1.024999976158142,1.0299999713897705,1.0099999904632568,1.0099999904632568,1500.0
2026-08-05 11:59:00,WOOF,,2.9100000858306885,2.9100000858306885,2.9100000858306885,2.9100000858306885,569.0
2026-08-05 12:00:00,ACDC,,4.389999866485596,4.40500020980835,4.375,4.385000228881836,51855.0
2026-08-05 12:00:00,BPOP,,176.81500244140625,176.82000732421875,176.81500244140625,176.82000732421875,774.0
2026-08-05 12:00:00,EYE,,23.18000030517578,23.209999084472656,23.170000076293945,23.174999237060547,2327.0
2026-08-05 12:00:00,FIZZ,,31.850000381469727,31.850000381469727,31.850000381469727,31.850000381469727,233.0
2026-08-05 12:00:00,GLUE,,15.850000381469727,15.899999618530273,15.850000381469727,15.880000114440918,5583.0
2026-08-05 12:00:00,KIDS,,21.297500610351562,21.297500610351562,21.28499984741211,21.28499984741211,981.0
2026-08-05 12:00:00,KITT,,1.0099999904632568,1.0099999904632568,1.0099999904632568,1.0099999904632568,194.0
2026-08-05 12:00:00,MBRX,,0.4032000005245209,0.40799999237060547,0.4032000005245209,0.40790000557899475,2251.0
2026-08-05 12:00:00,MDB,,376.04998779296875,376.2200012207031,376.04998779296875,376.2200012207031,609.0
2026-08-05 12:00:00,MDLZ,,62.09000015258789,62.099998474121094,62.060001373291016,62.060001373291016,7387.0
2026-08-05 12:00:00,MNRO,,13.09000015258789,13.09000015258789,13.09000015258789,13.09000015258789,11094.0
2026-08-05 12:00:00,MNST,,94.44000244140625,94.44000244140625,94.3550033569336,94.44000244140625,9596.0
2026-08-05 12:00:00,MORN,,197.56500244140625,197.56500244140625,197.56500244140625,197.56500244140625,447.0
2026-08-05 12:00:00,MPWR,,1322.3299560546875,1322.3299560546875,1319.3349609375,1319.3599853515625,798.0
2026-08-05 12:00:00,MRNA,,56.869998931884766,56.869998931884766,56.790000915527344,56.80500030517578,4096.0
2026-08-05 12:00:00,MVBF,,30.635000228881836,30.635000228881836,30.635000228881836,30.635000228881836,760.0
2026-08-05 12:00:00,MYGN,,3.180000066757202,3.190000057220459,3.180000066757202,3.190000057220459,2063.0
2026-08-05 12:00:00,MYRG,,339.4700012207031,339.5299987792969,339.25,339.25,711.0
2026-08-05 12:00:00,NAMS,,26.579999923706055,26.579999923706055,26.579999923706055,26.579999923706055,1982.0
2026-08-05 12:00:00,NAUT,,0.954200029373169,0.954200029373169,0.954200029373169,0.954200029373169,195.0
2026-08-05 12:00:00,NAVI,,9.0649995803833,9.0649995803833,9.060999870300293,9.060999870300293,1634.0
2026-08-05 12:00:00,NB,,5.079999923706055,5.079999923706055,5.059999942779541,5.070000171661377,16450.0
2026-08-05 12:00:00,NBIX,,164.05999755859375,164.05999755859375,164.05999755859375,164.05999755859375,3131.0
2026-08-05 12:00:00,NCPL,,0.4101000130176544,0.4101000130176544,0.4101000130176544,0.4101000130176544,1341.0
2026-08-05 12:00:00,NDAQ,,94.16000366210938,94.18000030517578,94.08000183105469,94.18000030517578,3043.0
2026-08-05 12:00:00,NDSN,,311.1199951171875,311.2650146484375,311.1199951171875,311.260009765625,316.0
2026-08-05 12:00:00,NEO,,16.15999984741211,16.18000030517578,16.15999984741211,16.18000030517578,2000.0
2026-08-05 12:00:00,NEOG,,11.574999809265137,11.574999809265137,11.574999809265137,11.574999809265137,3242.0
2026-08-05 12:00:00,NESR,,28.600000381469727,28.610000610351562,28.56999969482422,28.56999969482422,2202.0
2026-08-05 12:00:00,NEWT,,15.220000267028809,15.220000267028809,15.220000267028809,15.220000267028809,395.0
2026-08-05 12:00:00,NEXT,,6.385000228881836,6.385000228881836,6.380000114440918,6.380000114440918,1267.0
2026-08-05 12:00:00,NFLX,,73.53500366210938,73.5802001953125,73.52999877929688,73.58000183105469,58806.0
2026-08-05 12:00:00,NICE,,96.91000366210938,96.96990203857422,96.91000366210938,96.96990203857422,890.0
2026-08-05 12:00:00,NKTR,,73.05000305175781,73.05000305175781,73.05000305175781,73.05000305175781,335.0
2026-08-05 12:00:00,NMFC,,7.260000228881836,7.269999980926514,7.260000228881836,7.269999980926514,12667.0
2026-08-05 12:00:00,NMRK,,15.520000457763672,15.550000190734863,15.520000457763672,15.550000190734863,3792.0
2026-08-05 12:00:00,NN,,14.199999809265137,14.210000038146973,14.199999809265137,14.210000038146973,1435.0
2026-08-05 12:00:00,NNBR,,3.799999952316284,3.799999952316284,3.799999952316284,3.799999952316284,1219.0
2026-08-05 12:00:00,NNDM,,1.5449999570846558,1.5449999570846558,1.5399999618530273,1.5399999618530273,659.0
2026-08-05 12:00:00,NNOX,,1.0,1.0,1.0,1.0,724.0
2026-08-05 12:00:00,NPCE,,13.479999542236328,13.479999542236328,13.479999542236328,13.479999542236328,274.0
2026-08-05 12:00:00,NRIM,,26.985000610351562,26.985000610351562,26.985000610351562,26.985000610351562,499.0
2026-08-05 12:00:00,NRIX,,24.774999618530273,24.774999618530273,24.735000610351562,24.735000610351562,3570.0
2026-08-05 12:00:00,NRXP,,3.0299999713897705,3.0299999713897705,3.0299999713897705,3.0299999713897705,202.0
2026-08-05 12:00:00,NTAP,,188.47000122070312,188.47000122070312,188.13999938964844,188.28500366210938,3813.0
2026-08-05 12:00:00,NTCT,,41.810001373291016,41.810001373291016,41.810001373291016,41.810001373291016,707.0
2026-08-05 12:00:00,NTES,,127.7750015258789,127.80000305175781,127.7750015258789,127.80000305175781,3838.0
2026-08-05 12:00:00,NTNX,,60.25,60.25,60.23500061035156,60.23500061035156,1455.0
2026-08-05 12:00:00,NTRS,,183.3000030517578,183.3000030517578,183.2899932861328,183.2899932861328,840.0
2026-08-05 12:00:00,NUWE,,1.7200000286102295,1.7200000286102295,1.7200000286102295,1.7200000286102295,601.0
2026-08-05 12:00:00,NVAX,,7.649899959564209,7.650000095367432,7.644999980926514,7.644999980926514,2988.0
2026-08-05 12:00:00,NVCR,,16.09000015258789,16.09000015258789,16.09000015258789,16.09000015258789,184.0
2026-08-05 12:00:00,NVCT,,19.979999542236328,19.979999542236328,19.979999542236328,19.979999542236328,4.0
2026-08-05 12:00:00,NVDA,,219.3350067138672,219.39999389648438,219.02000427246094,219.05499267578125,216450.0
2026-08-05 12:00:00,NVMI,,408.5950012207031,408.5950012207031,408.5849914550781,408.5849914550781,328.0
2026-08-05 12:00:00,NVTS,,12.479999542236328,12.494999885559082,12.470000267028809,12.470000267028809,14920.0
2026-08-05 12:00:00,NWBI,,15.925000190734863,15.930000305175781,15.925000190734863,15.930000305175781,1081.0
2026-08-05 12:00:00,NWE,,68.5999984741211,68.62000274658203,68.5999984741211,68.62000274658203,716.0
2026-08-05 12:00:00,NWL,,6.215000152587891,6.218999862670898,6.195000171661377,6.199999809265137,28728.0
2026-08-05 12:00:00,NWS,,32.20000076293945,32.20000076293945,32.189998626708984,32.19499969482422,2253.0
2026-08-05 12:00:00,NWSA,,28.139999389648438,28.149999618530273,28.1299991607666,28.149999618530273,8674.0
2026-08-05 12:00:00,NXPI,,230.99000549316406,231.0749969482422,230.75999450683594,230.75999450683594,6637.0
2026-08-05 12:00:00,NXST,,192.27000427246094,192.3000030517578,192.19000244140625,192.3000030517578,1248.0
2026-08-05 12:00:00,NXT,,98.83499908447266,98.8499984741211,98.75,98.8499984741211,4328.0
2026-08-05 12:00:00,OABI,,2.055000066757202,2.055000066757202,2.055000066757202,2.055000066757202,401.0
2026-08-05 12:00:00,OCGN,,1.2999999523162842,1.2999999523162842,1.2998000383377075,1.2999999523162842,1124.0
2026-08-05 12:00:00,OCSL,,12.125,12.125,12.109999656677246,12.109999656677246,1918.0
2026-08-05 12:00:00,OCUL,,8.484999656677246,8.484999656677246,8.479999542236328,8.479999542236328,1250.0
2026-08-05 12:00:00,ODD,,15.079999923706055,15.109999656677246,15.079999923706055,15.109999656677246,883.0
2026-08-05 12:00:00,ODFL,,214.22500610351562,214.3300018310547,214.0749969482422,214.0749969482422,6347.0
2026-08-05 12:00:00,OESX,,14.5600004196167,14.5600004196167,14.3100004196167,14.3100004196167,1832.0
2026-08-05 12:00:00,OFIX,,10.630000114440918,10.630000114440918,10.630000114440918,10.630000114440918,431.0
2026-08-05 12:00:00,OGI,,0.949999988079071,0.949999988079071,0.949999988079071,0.949999988079071,11022.0
2026-08-05 12:00:00,OKTA,,147.13999938964844,147.26499938964844,147.13999938964844,147.2550048828125,3882.0
2026-08-05 12:00:00,OLLI,,78.16000366210938,78.19000244140625,78.16000366210938,78.19000244140625,3428.0
2026-08-05 12:00:00,OLMA,,11.550000190734863,11.550000190734863,11.550000190734863,11.550000190734863,458.0
2026-08-05 12:00:00,OMCL,,37.2400016784668,37.290000915527344,37.2400016784668,37.290000915527344,892.0
2026-08-05 12:00:00,OMER,,12.850000381469727,12.850000381469727,12.850000381469727,12.850000381469727,733.0
2026-08-05 12:00:00,OMH,,0.11140000075101852,0.11180000007152557,0.11140000075101852,0.11140000075101852,2882.0
2026-08-05 12:00:00,ON,,77.0,77.04000091552734,76.91999816894531,76.91999816894531,22220.0
2026-08-05 12:00:00,ONB,,26.975000381469727,26.979999542236328,26.96500015258789,26.96500015258789,2299.0
2026-08-05 12:00:00,ONCY,,0.7965999841690063,0.7965999841690063,0.7965999841690063,0.7965999841690063,1007.0
2026-08-05 12:00:00,ONDS,,8.864999771118164,8.869999885559082,8.850000381469727,8.850000381469727,153970.0
2026-08-05 12:00:00,ONEW,,12.654999732971191,12.664999961853027,12.654999732971191,12.664999961853027,697.0
2026-08-05 12:00:00,ONFO,,0.07620000094175339,0.07689999788999557,0.07620000094175339,0.07689999788999557,13717.0
2026-08-05 12:00:00,OPCH,,23.329999923706055,23.329999923706055,23.329999923706055,23.329999923706055,105.0
2026-08-05 12:00:00,OPEN,,3.7950000762939453,3.799999952316284,3.7899999618530273,3.7899999618530273,42680.0
2026-08-05 12:00:00,OPHC,,8.6899995803833,8.6899995803833,8.630000114440918,8.630000114440918,1129.0
2026-08-05 12:00:00,OPK,,1.309999942779541,1.3200000524520874,1.309999942779541,1.3200000524520874,917.0
2026-08-05 12:00:00,OPRA,,20.000099182128906,20.059999465942383,20.000099182128906,20.059999465942383,760.0
2026-08-05 12:00:00,OPRT,,6.074999809265137,6.074999809265137,6.074999809265137,6.074999809265137,899.0
2026-08-05 12:00:00,ORGO,,2.3450000286102295,2.3550000190734863,2.3399999141693115,2.3550000190734863,8225.0
2026-08-05 12:00:00,ORIC,,13.170000076293945,13.170000076293945,13.170000076293945,13.170000076293945,606.0
2026-08-05 12:00:00,ORLY,,93.08000183105469,93.09500122070312,93.04000091552734,93.05500030517578,6550.0
2026-08-05 12:00:00,OSBC,,25.7450008392334,25.7450008392334,25.739999771118164,25.739999771118164,875.0
2026-08-05 12:00:00,OSIS,,234.81500244140625,234.81500244140625,234.81500244140625,234.81500244140625,293.0
2026-08-05 12:00:00,OSPN,,16.610000610351562,16.610000610351562,16.56999969482422,16.56999969482422,1082.0
2026-08-05 12:00:00,OSS,,13.84000015258789,13.850000381469727,13.84000015258789,13.850000381469727,2255.0
2026-08-05 12:00:00,OSUR,,4.15500020980835,4.15500020980835,4.15500020980835,4.15500020980835,990.0
2026-08-05 12:00:00,OSW,,26.59000015258789,26.59000015258789,26.579999923706055,26.579999923706055,2249.0
2026-08-05 12:00:00,OTEX,,25.704999923706055,25.709999084472656,25.704999923706055,25.709999084472656,2399.0
2026-08-05 12:00:00,OTLK,,1.0099999904632568,1.0199999809265137,1.0099999904632568,1.0199999809265137,6462.0
2026-08-05 12:00:00,OTTR,,92.2300033569336,92.41000366210938,92.2300033569336,92.41000366210938,3165.0
2026-08-05 12:00:00,OVBC,,42.724998474121094,42.724998474121094,42.724998474121094,42.724998474121094,208.0
2026-08-05 12:00:00,OXSQ,,1.4872000217437744,1.4900000095367432,1.4872000217437744,1.4900000095367432,573.0
2026-08-05 12:00:00,PAA,,23.229999542236328,23.235000610351562,23.225000381469727,23.225000381469727,6139.0
2026-08-05 12:00:00,PAAS,,48.029998779296875,48.03499984741211,47.93000030517578,47.93000030517578,7989.0
2026-08-05 12:00:00,PACB,,1.4149999618530273,1.4149999618530273,1.409999966621399,1.409999966621399,1991.0
2026-08-05 12:00:00,PAGP,,25.174999237060547,25.174999237060547,25.174999237060547,25.174999237060547,1628.0
2026-08-05 12:00:00,PALI,,2.1050000190734863,2.1050000190734863,2.0999999046325684,2.0999999046325684,8078.0
2026-08-05 12:00:00,PANW,,364.2099914550781,364.4649963378906,364.0,364.0,6575.0
2026-08-05 12:00:00,PATK,,87.69999694824219,87.7300033569336,87.68000030517578,87.70999908447266,1784.0
2026-08-05 12:00:00,PAX,,11.354999542236328,11.354999542236328,11.354999542236328,11.354999542236328,818.0
2026-08-05 12:00:00,PAYO,,7.119999885559082,7.125,7.119999885559082,7.119999885559082,1107.0
2026-08-05 12:00:00,PAYS,,9.085000038146973,9.09000015258789,9.039999961853027,9.079999923706055,6703.0
2026-08-05 12:00:00,PAYX,,116.23999786376953,116.44999694824219,116.19999694824219,116.44999694824219,15732.0
2026-08-05 12:00:00,PCAR,,133.80999755859375,133.84500122070312,133.63999938964844,133.64999389648438,5147.0
2026-08-05 12:00:00,PCRX,,25.010000228881836,25.010000228881836,24.875,24.90999984741211,4364.0
2026-08-05 12:00:00,PCSA,,2.1500000953674316,2.1500000953674316,2.1500000953674316,2.1500000953674316,2339.0
2026-08-05 12:00:00,PCT,,6.849999904632568,6.860000133514404,6.849999904632568,6.860000133514404,8862.0
2026-08-05 12:00:00,PCTY,,143.74000549316406,143.97999572753906,143.74000549316406,143.77000427246094,1151.0
2026-08-05 12:00:00,PDD,,91.30999755859375,91.3499984741211,91.30999755859375,91.3499984741211,14640.0
2026-08-05 12:00:00,PDEX,,68.2699966430664,68.2699966430664,68.2699966430664,68.2699966430664,294.0
2026-08-05 12:00:00,PDFS,,50.189998626708984,50.189998626708984,50.189998626708984,50.189998626708984,678.0
2026-08-05 12:00:00,PECO,,41.40999984741211,41.40999984741211,41.40999984741211,41.40999984741211,192.0
2026-08-05 12:00:00,PEGA,,31.520000457763672,31.520000457763672,31.520000457763672,31.520000457763672,287.0
2026-08-05 12:00:00,PENN,,19.761999130249023,19.780000686645508,19.75,19.75,3446.0
2026-08-05 12:00:00,PEP,,138.27499389648438,138.27499389648438,138.1699981689453,138.18499755859375,8677.0
2026-08-05 12:00:00,PEPG,,1.9199999570846558,1.9199999570846558,1.9199999570846558,1.9199999570846558,891.0
2026-08-05 12:00:00,PESI,,17.809999465942383,17.809999465942383,17.739999771118164,17.780000686645508,1471.0
2026-08-05 12:00:00,PFG,,114.0199966430664,114.02999877929688,114.0,114.01000213623047,909.0
2026-08-05 12:00:00,PGEN,,6.965000152587891,6.965000152587891,6.940000057220459,6.940000057220459,7593.0
2026-08-05 12:00:00,PGNY,,31.65999984741211,31.65999984741211,31.65999984741211,31.65999984741211,234.0
2026-08-05 12:00:00,PGY,,21.65999984741211,21.65999984741211,21.645000457763672,21.645000457763672,1019.0
2026-08-05 12:00:00,PHAT,,8.4399995803833,8.449999809265137,8.4399995803833,8.449999809265137,3069.0
2026-08-05 12:00:00,PLMR,,135.10000610351562,135.49000549316406,135.0500030517578,135.09500122070312,5512.0
2026-08-05 12:00:00,PLPC,,457.1300048828125,458.1000061035156,456.260009765625,456.8800048828125,5630.0
2026-08-05 12:00:00,PLTK,,3.990000009536743,3.990000009536743,3.984999895095825,3.990000009536743,7451.0
2026-08-05 12:00:00,PLUG,,2.075000047683716,2.0799999237060547,2.069999933242798,2.0799999237060547,18481.0
2026-08-05 12:00:00,PLUR,,1.7999999523162842,1.8013999462127686,1.7999999523162842,1.8013999462127686,1278.0
2026-08-05 12:00:00,PNFP,,107.38500213623047,107.38500213623047,107.38500213623047,107.38500213623047,809.0
2026-08-05 12:00:00,PNTG,,38.724998474121094,38.775001525878906,38.709999084472656,38.775001525878906,2601.0
2026-08-05 12:00:00,POET,,8.244999885559082,8.25,8.239999771118164,8.25,20710.0
2026-08-05 12:00:00,POWL,,212.6999969482422,212.6999969482422,212.27999877929688,212.27999877929688,2215.0
2026-08-05 12:00:00,PPC,,26.450000762939453,26.450000762939453,26.440000534057617,26.440000534057617,3342.0
2026-08-05 12:00:00,PPIH,,25.75,25.979999542236328,25.75,25.950000762939453,2056.0
2026-08-05 12:00:00,PPTA,,22.309999465942383,22.309999465942383,22.290000915527344,22.290000915527344,1387.0
2026-08-05 12:00:00,PRAX,,311.29998779296875,312.1000061035156,311.29998779296875,312.1000061035156,433.0
2026-08-05 12:00:00,PRCT,,18.860000610351562,18.93000030517578,18.860000610351562,18.93000030517578,8762.0
2026-08-05 12:00:00,PRDO,,32.869998931884766,32.869998931884766,32.869998931884766,32.869998931884766,522.0
2026-08-05 12:00:00,PRIM,,84.83000183105469,85.08999633789062,84.66000366210938,84.66000366210938,11243.0
2026-08-05 12:00:00,PRME,,3.0399999618530273,3.0399999618530273,3.0350000858306885,3.035900115966797,10705.0
2026-08-05 12:00:00,PRQR,,1.9149999618530273,1.9149999618530273,1.9149999618530273,1.9149999618530273,1224.0
2026-08-05 12:00:00,PRTH,,6.570000171661377,6.570000171661377,6.570000171661377,6.570000171661377,2133.0
2026-08-05 12:00:00,PRZO,,0.5471000075340271,0.5471000075340271,0.5471000075340271,0.5471000075340271,3000.0
2026-08-05 12:00:00,PSEC,,2.184999942779541,2.190000057220459,2.184999942779541,2.184999942779541,26600.0
2026-08-05 12:00:00,PSMT,,193.57000732421875,193.57000732421875,193.57000732421875,193.57000732421875,368.0
2026-08-05 12:00:00,PSNL,,13.600000381469727,13.619999885559082,13.600000381469727,13.619999885559082,6385.0
2026-08-05 12:00:00,PTC,,139.07000732421875,139.25999450683594,139.07000732421875,139.15499877929688,3356.0
2026-08-05 12:00:00,PTCT,,68.84500122070312,68.84500122070312,68.84500122070312,68.84500122070312,493.0
2026-08-05 12:00:00,PTEN,,9.755000114440918,9.755000114440918,9.744999885559082,9.744999885559082,9621.0
2026-08-05 12:00:00,PTLO,,4.565000057220459,4.570000171661377,4.565000057220459,4.570000171661377,3568.0
2026-08-05 12:00:00,PTON,,6.465000152587891,6.465000152587891,6.460000038146973,6.460000038146973,4446.0
2026-08-05 12:00:00,PWP,,17.309999465942383,17.309999465942383,17.309999465942383,17.309999465942383,235.0
2026-08-05 12:00:00,PYPL,,58.255001068115234,58.31999969482422,58.255001068115234,58.31999969482422,13923.0
2026-08-05 12:00:00,PYXS,,3.190000057220459,3.190000057220459,3.190000057220459,3.190000057220459,370.0
2026-08-05 12:00:00,PZZA,,30.290000915527344,30.290000915527344,30.274999618530273,30.274999618530273,2135.0
2026-08-05 12:00:00,QCOM,,157.39999389648438,157.42999267578125,157.14999389648438,157.14999389648438,19749.0
2026-08-05 12:00:00,QFIN,,13.239999771118164,13.270000457763672,13.239999771118164,13.270000457763672,6642.0
2026-08-05 12:00:00,QRVO,,94.37000274658203,94.41999816894531,94.37000274658203,94.41000366210938,1383.0
2026-08-05 12:00:00,SEED,,1.0299999713897705,1.0305999517440796,1.0199999809265137,1.0299999713897705,3373.0
2026-08-05 12:00:00,STIM,,2.274399995803833,2.274399995803833,2.274399995803833,2.274399995803833,540.0
2026-08-05 12:00:00,WOOF,,2.9100000858306885,2.9149999618530273,2.9049999713897705,2.9100000858306885,46988.0
2026-08-05 12:01:00,ACDC,,4.385000228881836,4.385000228881836,4.385000228881836,4.385000228881836,788.0
2026-08-05 12:01:00,BPOP,,176.81500244140625,176.81500244140625,176.81500244140625,176.81500244140625,262.0
2026-08-05 12:01:00,CNXN,,84.30999755859375,84.42500305175781,84.30999755859375,84.42500305175781,3161.0
2026-08-05 12:01:00,CPOP,,0.3621000051498413,0.3621000051498413,0.3621000051498413,0.3621000051498413,5138.0
2026-08-05 12:01:00,EYE,,23.229999542236328,23.239999771118164,23.21500015258789,23.21500015258789,1350.0
2026-08-05 12:01:00,FIZZ,,31.860000610351562,31.860000610351562,31.860000610351562,31.860000610351562,920.0
2026-08-05 12:01:00,GLUE,,15.829999923706055,15.84000015258789,15.829999923706055,15.84000015258789,1528.0
2026-08-05 12:01:00,KITT,,1.0501999855041504,1.0501999855041504,1.0399999618530273,1.0399999618530273,1120.0
2026-08-05 12:01:00,LUNG,,1.9299999475479126,1.9299999475479126,1.9299999475479126,1.9299999475479126,154.0
2026-08-05 12:01:00,MBRX,,0.40389999747276306,0.4041000008583069,0.4032000005245209,0.4032000005245209,8827.0
2026-08-05 12:01:00,MDB,,375.81500244140625,376.25,375.6549987792969,376.25,2143.0
2026-08-05 12:01:00,MDLZ,,62.18000030517578,62.189998626708984,62.08000183105469,62.099998474121094,20458.0
2026-08-05 12:01:00,MLTX,,17.530000686645508,17.549999237060547,17.530000686645508,17.549999237060547,672.0
2026-08-05 12:01:00,MNRO,,13.095000267028809,13.095000267028809,13.095000267028809,13.095000267028809,849.0
2026-08-05 12:01:00,MNST,,94.44499969482422,94.44499969482422,94.41000366210938,94.43000030517578,9551.0
2026-08-05 12:01:00,MNTS,,4.369999885559082,4.369999885559082,4.369999885559082,4.369999885559082,211.0
2026-08-05 12:01:00,MPAA,,13.8100004196167,13.8100004196167,13.8100004196167,13.8100004196167,161.0
2026-08-05 12:01:00,MPWR,,1321.155029296875,1321.155029296875,1320.0400390625,1321.1400146484375,519.0
2026-08-05 12:01:00,MRNA,,56.79999923706055,56.875,56.79999923706055,56.875,4607.0
2026-08-05 12:01:00,MYGN,,3.180000066757202,3.184999942779541,3.180000066757202,3.184999942779541,1490.0
2026-08-05 12:01:00,MYSZ,,0.38999998569488525,0.38999998569488525,0.38999998569488525,0.38999998569488525,450.0
2026-08-05 12:01:00,NAMS,,26.530000686645508,26.530000686645508,26.530000686645508,26.530000686645508,408.0
2026-08-05 12:01:00,NB,,5.079999923706055,5.079999923706055,5.074999809265137,5.079999923706055,2757.0
2026-08-05 12:01:00,NBIX,,164.14999389648438,164.14999389648438,163.99000549316406,164.07000732421875,2437.0
2026-08-05 12:01:00,NBN,,134.14999389648438,134.14999389648438,134.14999389648438,134.14999389648438,1351.0
2026-08-05 12:01:00,NBTX,,39.5,39.599998474121094,39.5,39.599998474121094,1926.0
2026-08-05 12:01:00,NCMI,,4.110000133514404,4.110000133514404,4.099999904632568,4.099999904632568,3145.0
2026-08-05 12:01:00,NDAQ,,94.17500305175781,94.1875,94.12000274658203,94.1875,1196.0
2026-08-05 12:01:00,NDSN,,311.20001220703125,311.20001220703125,311.17999267578125,311.17999267578125,271.0
2026-08-05 12:01:00,NEO,,16.1299991607666,16.155000686645508,16.1299991607666,16.155000686645508,1784.0
2026-08-05 12:01:00,NEOG,,11.574999809265137,11.579999923706055,11.574999809265137,11.574999809265137,1896.0
2026-08-05 12:01:00,NEOV,,2.7899999618530273,2.799999952316284,2.780100107192993,2.799999952316284,7323.0
2026-08-05 12:01:00,NESR,,28.579999923706055,28.600000381469727,28.579999923706055,28.600000381469727,2468.0
2026-08-05 12:01:00,NEWT,,15.095000267028809,15.210000038146973,15.095000267028809,15.199999809265137,15634.0
2026-08-05 12:01:00,NEXT,,6.394999980926514,6.394999980926514,6.389999866485596,6.389999866485596,3662.0
2026-08-05 12:01:00,NFE,,0.33649998903274536,0.33649998903274536,0.33649998903274536,0.33649998903274536,332.0
2026-08-05 12:01:00,NFLX,,73.65499877929688,73.76000213623047,73.51000213623047,73.53500366210938,137003.0
2026-08-05 12:01:00,NGNE,,34.79499816894531,34.79499816894531,34.79499816894531,34.79499816894531,270.0
2026-08-05 12:01:00,NMFC,,7.264999866485596,7.269999980926514,7.260000228881836,7.269999980926514,2229.0
2026-08-05 12:01:00,NMIH,,44.43000030517578,44.43000030517578,44.43000030517578,44.43000030517578,193.0
2026-08-05 12:01:00,NN,,14.219099998474121,14.220000267028809,14.1899995803833,14.204999923706055,3254.0
2026-08-05 12:01:00,NNDM,,1.5449999570846558,1.5449999570846558,1.541100025177002,1.541100025177002,2122.0
2026-08-05 12:01:00,NPCE,,13.449999809265137,13.449999809265137,13.449999809265137,13.449999809265137,371.0
2026-08-05 12:01:00,NRDS,,9.104999542236328,9.109999656677246,9.104999542236328,9.109999656677246,996.0
2026-08-05 12:01:00,NRIX,,24.809999465942383,24.809999465942383,24.78499984741211,24.78499984741211,368.0
2026-08-05 12:01:00,NTAP,,188.47000122070312,188.47000122070312,188.47000122070312,188.47000122070312,1373.0
2026-08-05 12:01:00,NTGR,,24.229999542236328,24.229999542236328,24.229999542236328,24.229999542236328,598.0
2026-08-05 12:01:00,NTNX,,60.275001525878906,60.30500030517578,60.25,60.25,4687.0
2026-08-05 12:01:00,NTRA,,276.8900146484375,277.07000732421875,276.8900146484375,277.07000732421875,1841.0
2026-08-05 12:01:00,NUWE,,1.7050000429153442,1.7200000286102295,1.7050000429153442,1.7200000286102295,3901.0
2026-08-05 12:01:00,NVAX,,7.640200138092041,7.640200138092041,7.640200138092041,7.640200138092041,884.0
2026-08-05 12:01:00,NVCR,,16.049999237060547,16.049999237060547,16.049999237060547,16.049999237060547,2429.0
2026-08-05 12:01:00,NVDA,,219.3000030517578,219.44970703125,219.14999389648438,219.3249969482422,176254.0
2026-08-05 12:01:00,NVMI,,408.635009765625,408.635009765625,408.625,408.625,230.0
2026-08-05 12:01:00,NVTS,,12.469900131225586,12.489999771118164,12.46500015258789,12.479999542236328,10314.0
2026-08-05 12:01:00,NWBI,,15.925000190734863,15.925000190734863,15.925000190734863,15.925000190734863,309.0
2026-08-05 12:01:00,NWE,,68.6675033569336,68.6675033569336,68.6675033569336,68.6675033569336,260.0
2026-08-05 12:01:00,NWGL,,0.2721000015735626,0.2721000015735626,0.2721000015735626,0.2721000015735626,0.0
2026-08-05 12:01:00,NWL,,6.221099853515625,6.224999904632568,6.210000038146973,6.210000038146973,31579.0
2026-08-05 12:01:00,NWS,,32.189998626708984,32.20000076293945,32.18000030517578,32.20000076293945,1454.0
2026-08-05 12:01:00,NWSA,,28.139999389648438,28.139999389648438,28.135000228881836,28.135000228881836,3253.0
2026-08-05 12:01:00,NXPI,,230.63999938964844,230.82000732421875,230.63999938964844,230.80499267578125,5817.0
2026-08-05 12:01:00,NXT,,98.61000061035156,98.83499908447266,98.61000061035156,98.83000183105469,3087.0
2026-08-05 12:01:00,OBIO,,4.215000152587891,4.215000152587891,4.215000152587891,4.215000152587891,258.0
2026-08-05 12:01:00,OCGN,,1.2949999570846558,1.2949999570846558,1.2949999570846558,1.2949999570846558,1781.0
2026-08-05 12:01:00,OCSL,,12.130000114440918,12.130000114440918,12.125,12.125,1790.0
2026-08-05 12:01:00,OCUL,,8.489999771118164,8.489999771118164,8.489999771118164,8.489999771118164,1017.0
2026-08-05 12:01:00,ODD,,15.09000015258789,15.09000015258789,15.09000015258789,15.09000015258789,246.0
2026-08-05 12:01:00,ODFL,,214.25999450683594,214.25999450683594,214.25999450683594,214.25999450683594,514.0
2026-08-05 12:01:00,OESX,,14.5600004196167,14.90999984741211,14.210000038146973,14.210100173950195,2361.0
2026-08-05 12:01:00,OFIX,,10.646300315856934,10.646300315856934,10.630000114440918,10.630000114440918,2709.0
2026-08-05 12:01:00,OKTA,,147.1750030517578,147.27999877929688,147.1750030517578,147.1999969482422,2674.0
2026-08-05 12:01:00,OLLI,,78.30999755859375,78.30999755859375,78.19999694824219,78.20999908447266,2802.0
2026-08-05 12:01:00,OLMA,,11.539999961853027,11.539999961853027,11.539999961853027,11.539999961853027,382.0
2026-08-05 12:01:00,OMCL,,37.279998779296875,37.279998779296875,37.2599983215332,37.279998779296875,944.0
2026-08-05 12:01:00,OMER,,12.850000381469727,12.850000381469727,12.850000381469727,12.850000381469727,236.0
2026-08-05 12:01:00,OMH,,0.11209999769926071,0.11209999769926071,0.11140000075101852,0.11209999769926071,3800.0
2026-08-05 12:01:00,ON,,77.01000213623047,77.03500366210938,76.94999694824219,77.0,16819.0
2026-08-05 12:01:00,ONB,,26.975000381469727,26.975000381469727,26.969999313354492,26.969999313354492,3050.0
2026-08-05 12:01:00,ONDS,,8.880000114440918,8.890000343322754,8.869999885559082,8.869999885559082,153319.0
2026-08-05 12:01:00,ONFO,,0.07479999959468842,0.07639999687671661,0.07400000095367432,0.07639999687671661,197338.0
2026-08-05 12:01:00,ONMD,,0.6729000210762024,0.6729000210762024,0.671500027179718,0.671500027179718,5177.0
2026-08-05 12:01:00,OPBK,,15.744999885559082,15.744999885559082,15.744999885559082,15.744999885559082,626.0
2026-08-05 12:01:00,OPCH,,23.329999923706055,23.329999923706055,23.329999923706055,23.329999923706055,1131.0
2026-08-05 12:01:00,OPEN,,3.7850000858306885,3.7950000762939453,3.7799999713897705,3.7899999618530273,98430.0
2026-08-05 12:01:00,OPK,,1.309999942779541,1.309999942779541,1.309999942779541,1.309999942779541,746.0
2026-08-05 12:01:00,ORGO,,2.3450000286102295,2.3450000286102295,2.3450000286102295,2.3450000286102295,264.0
2026-08-05 12:01:00,ORIC,,13.149999618530273,13.154999732971191,13.140000343322754,13.140000343322754,8290.0
2026-08-05 12:01:00,ORLY,,93.12000274658203,93.1449966430664,93.06500244140625,93.06999969482422,8350.0
2026-08-05 12:01:00,OSS,,13.850000381469727,13.869999885559082,13.84000015258789,13.859999656677246,5099.0
2026-08-05 12:01:00,OSUR,,4.144999980926514,4.144999980926514,4.144999980926514,4.144999980926514,111.0
2026-08-05 12:01:00,OTEX,,25.69499969482422,25.700000762939453,25.690000534057617,25.690000534057617,4588.0
2026-08-05 12:01:00,OTLK,,1.017199993133545,1.017199993133545,1.0149999856948853,1.0149999856948853,2129.0
2026-08-05 12:01:00,OTTR,,92.2249984741211,92.2249984741211,92.2249984741211,92.2249984741211,398.0
2026-08-05 12:01:00,OVID,,2.640000104904175,2.640000104904175,2.640000104904175,2.640000104904175,508.0
2026-08-05 12:01:00,OXSQ,,1.4900000095367432,1.4900000095367432,1.4850000143051147,1.4850000143051147,787.0
2026-08-05 12:01:00,PAA,,23.2450008392334,23.25,23.239999771118164,23.239999771118164,2181.0
2026-08-05 12:01:00,PAAS,,48.04999923706055,48.06999969482422,48.0,48.025001525878906,8398.0
2026-08-05 12:01:00,PACB,,1.4149999618530273,1.4149999618530273,1.409999966621399,1.4149999618530273,32385.0
2026-08-05 12:01:00,PAGP,,25.184999465942383,25.185100555419922,25.184999465942383,25.185100555419922,1837.0
2026-08-05 12:01:00,PALI,,2.115000009536743,2.119999885559082,2.115000009536743,2.115000009536743,5336.0
2026-08-05 12:01:00,PANW,,364.31500244140625,364.3550109863281,363.8299865722656,364.260009765625,10534.0
2026-08-05 12:01:00,PATK,,87.4800033569336,87.69999694824219,87.4800033569336,87.69999694824219,1342.0
2026-08-05 12:01:00,PAX,,11.359999656677246,11.359999656677246,11.345000267028809,11.354999542236328,17399.0
2026-08-05 12:01:00,PAYO,,7.119999885559082,7.125,7.119999885559082,7.119999885559082,1127.0
2026-08-05 12:01:00,PAYS,,9.09000015258789,9.09000015258789,9.09000015258789,9.09000015258789,706.0
2026-08-05 12:01:00,PAYX,,116.33999633789062,116.33999633789062,116.12999725341797,116.25,30654.0
2026-08-05 12:01:00,PCAR,,133.88999938964844,133.88999938964844,133.8800048828125,133.8800048828125,1288.0
2026-08-05 12:01:00,PCRX,,24.959999084472656,25.020000457763672,24.959999084472656,25.020000457763672,1020.0
2026-08-05 12:01:00,PCT,,6.855000019073486,6.864999771118164,6.855000019073486,6.855000019073486,5045.0
2026-08-05 12:01:00,PCTY,,143.8300018310547,143.875,143.61500549316406,143.875,5427.0
2026-08-05 12:01:00,PDD,,91.285400390625,91.29000091552734,91.27999877929688,91.29000091552734,2632.0
2026-08-05 12:01:00,PECO,,41.41999816894531,41.41999816894531,41.41999816894531,41.41999816894531,611.0
2026-08-05 12:01:00,PEGA,,31.524999618530273,31.524999618530273,31.524999618530273,31.524999618530273,909.0
2026-08-05 12:01:00,PENN,,19.760000228881836,19.760000228881836,19.760000228881836,19.760000228881836,870.0
2026-08-05 12:01:00,PEP,,138.38999938964844,138.40570068359375,138.2899932861328,138.2899932861328,7009.0
2026-08-05 12:01:00,PEPG,,1.9199999570846558,1.9199999570846558,1.9149999618530273,1.9149999618530273,2484.0
2026-08-05 12:01:00,PERI,,9.520000457763672,9.524999618530273,9.520000457763672,9.524999618530273,3745.0
2026-08-05 12:01:00,PESI,,17.770000457763672,17.770000457763672,17.770000457763672,17.770000457763672,1130.0
2026-08-05 12:01:00,PFG,,114.0199966430664,114.0199966430664,114.0199966430664,114.0199966430664,769.0
2026-08-05 12:01:00,PGEN,,6.945000171661377,6.96999979019165,6.934999942779541,6.96999979019165,14610.0
2026-08-05 12:01:00,PGNY,,31.665000915527344,31.665000915527344,31.665000915527344,31.665000915527344,515.0
2026-08-05 12:01:00,PGY,,21.639999389648438,21.639999389648438,21.6299991607666,21.639999389648438,3309.0
2026-08-05 12:01:00,PHAT,,8.4399995803833,8.4399995803833,8.4399995803833,8.4399995803833,1447.0
2026-08-05 12:01:00,PHVS,,32.83000183105469,32.83000183105469,32.83000183105469,32.83000183105469,302.0
2026-08-05 12:01:00,PLAB,,31.950000762939453,31.950000762939453,31.950000762939453,31.950000762939453,323.0
2026-08-05 12:01:00,PLPC,,458.760009765625,458.760009765625,456.6911926269531,457.1600036621094,592.0
2026-08-05 12:01:00,PLRX,,1.0499999523162842,1.0499999523162842,1.0499999523162842,1.0499999523162842,200.0
2026-08-05 12:01:00,PLUG,,2.075000047683716,2.0799999237060547,2.075000047683716,2.075000047683716,26315.0
2026-08-05 12:01:00,PNFP,,107.31999969482422,107.31999969482422,107.29000091552734,107.29000091552734,1471.0
2026-08-05 12:01:00,POET,,8.244999885559082,8.255000114440918,8.244999885559082,8.25,12651.0
2026-08-05 12:01:00,POWI,,61.67499923706055,61.67499923706055,61.67499923706055,61.67499923706055,548.0
2026-08-05 12:01:00,POWL,,212.2449951171875,212.7100067138672,212.14999389648438,212.7100067138672,844.0
2026-08-05 12:01:00,PPTA,,22.309999465942383,22.309999465942383,22.309999465942383,22.309999465942383,997.0
2026-08-05 12:01:00,PRAA,,17.274999618530273,17.274999618530273,17.25,17.25,7347.0
2026-08-05 12:01:00,PRAX,,311.4800109863281,312.3900146484375,311.4800109863281,312.3900146484375,209.0
2026-08-05 12:01:00,PRCH,,15.90999984741211,15.90999984741211,15.899999618530273,15.90999984741211,954.0
2026-08-05 12:01:00,PRCT,,18.895000457763672,18.895000457763672,18.815000534057617,18.815000534057617,6762.0
2026-08-05 12:01:00,PRDO,,32.88999938964844,32.88999938964844,32.880001068115234,32.880001068115234,1334.0
2026-08-05 12:01:00,PRIM,,85.05500030517578,85.08999633789062,84.88999938964844,84.88999938964844,2723.0
2026-08-05 12:01:00,PRME,,3.0299999713897705,3.0399999618530273,3.0299999713897705,3.0350000858306885,23423.0
2026-08-05 12:01:00,PSEC,,2.190000057220459,2.190000057220459,2.184999942779541,2.190000057220459,1943.0
2026-08-05 12:01:00,PSNL,,13.600000381469727,13.609999656677246,13.600000381469727,13.609999656677246,2924.0
2026-08-05 12:01:00,PTC,,139.25,139.25,139.1199951171875,139.1199951171875,1987.0
2026-08-05 12:01:00,PTCT,,68.8499984741211,68.8499984741211,68.8499984741211,68.8499984741211,10900.0
2026-08-05 12:01:00,PTEN,,9.755000114440918,9.760000228881836,9.755000114440918,9.755000114440918,4409.0
2026-08-05 12:01:00,PTIX,,0.2587999999523163,0.2587999999523163,0.2587999999523163,0.2587999999523163,100.0
2026-08-05 12:01:00,PTLO,,4.565000057220459,4.570000171661377,4.565000057220459,4.570000171661377,734.0
2026-08-05 12:01:00,PTON,,6.465000152587891,6.46999979019165,6.460000038146973,6.460000038146973,2598.0
2026-08-05 12:01:00,PUBM,,13.40999984741211,13.40999984741211,13.40999984741211,13.40999984741211,926.0
2026-08-05 12:01:00,PWP,,17.280000686645508,17.295000076293945,17.280000686645508,17.295000076293945,1731.0
2026-08-05 12:01:00,PYPD,,4.5,4.5,4.449999809265137,4.449999809265137,15905.0
2026-08-05 12:01:00,PYPL,,58.27009963989258,58.279998779296875,58.2400016784668,58.255001068115234,12756.0
2026-08-05 12:01:00,PZZA,,30.325000762939453,30.329999923706055,30.28499984741211,30.28499984741211,11844.0
2026-08-05 12:01:00,QCOM,,157.24000549316406,157.39999389648438,157.24000549316406,157.39999389648438,8977.0
2026-08-05 12:01:00,QFIN,,13.199999809265137,13.229999542236328,13.1899995803833,13.225000381469727,10976.0
2026-08-05 12:01:00,QQQX,,30.309999465942383,30.31999969482422,30.309999465942383,30.31999969482422,613.0
2026-08-05 12:01:00,QRVO,,94.43000030517578,94.43000030517578,94.37000274658203,94.37000274658203,1522.0
2026-08-05 12:01:00,SEED,,1.0299999713897705,1.0299999713897705,1.0299999713897705,1.0299999713897705,1564.0
2026-08-05 12:01:00,WOOF,,2.9100000858306885,2.9100000858306885,2.9100000858306885,2.9100000858306885,1417.0
2026-08-05 12:02:00,ACDC,,4.385000228881836,4.385000228881836,4.385000228881836,4.385000228881836,288.0
2026-08-05 12:02:00,BPOP,,176.9199981689453,176.9199981689453,176.8699951171875,176.8699951171875,873.0
2026-08-05 12:02:00,EYE,,23.239999771118164,23.25,23.239999771118164,23.239999771118164,1539.0
2026-08-05 12:02:00,GLUE,,15.819999694824219,15.819999694824219,15.819999694824219,15.819999694824219,2079.0
2026-08-05 12:02:00,LUNG,,1.9299999475479126,1.9299999475479126,1.9299999475479126,1.9299999475479126,147.0
2026-08-05 12:02:00,MBRX,,0.4025000035762787,0.4081999957561493,0.4025000035762787,0.40389999747276306,2481.0
2026-08-05 12:02:00,MDB,,375.5849914550781,375.82000732421875,375.0299987792969,375.82000732421875,2086.0
2026-08-05 12:02:00,MDLZ,,62.27000045776367,62.279998779296875,62.20000076293945,62.20000076293945,9660.0
2026-08-05 12:02:00,MNRO,,13.095000267028809,13.095000267028809,13.095000267028809,13.095000267028809,198.0
2026-08-05 12:02:00,MNST,,94.47000122070312,94.51000213623047,94.42500305175781,94.47000122070312,16734.0
2026-08-05 12:02:00,MNTS,,4.340000152587891,4.349999904632568,4.340000152587891,4.349999904632568,4102.0
2026-08-05 12:02:00,MORN,,197.55999755859375,197.55999755859375,197.55999755859375,197.55999755859375,294.0
2026-08-05 12:02:00,MPWR,,1323.0699462890625,1323.0699462890625,1319.97998046875,1319.97998046875,925.0
2026-08-05 12:02:00,MRNA,,56.91999816894531,56.959999084472656,56.81999969482422,56.81999969482422,8258.0
2026-08-05 12:02:00,MYGN,,3.180000066757202,3.184999942779541,3.180000066757202,3.180000066757202,1195.0
2026-08-05 12:02:00,MYRG,,338.8200988769531,338.8200988769531,338.8200988769531,338.8200988769531,446.0
2026-08-05 12:02:00,NAMS,,26.625,26.625,26.559999465942383,26.559999465942383,4865.0
2026-08-05 12:02:00,NAUT,,0.9538999795913696,0.9539999961853027,0.9538999795913696,0.9539999961853027,1203.0
2026-08-05 12:02:00,NAVI,,9.0649995803833,9.0649995803833,9.0649995803833,9.0649995803833,1078.0
2026-08-05 12:02:00,NB,,5.074999809265137,5.074999809265137,5.074999809265137,5.074999809265137,1195.0
2026-08-05 12:02:00,NBIX,,164.06500244140625,164.06500244140625,164.06500244140625,164.06500244140625,1836.0
2026-08-05 12:02:00,NBN,,134.3300018310547,134.3300018310547,134.3300018310547,134.3300018310547,1039.0
2026-08-05 12:02:00,NBTB,,53.34000015258789,53.34000015258789,53.31999969482422,53.31999969482422,1394.0
2026-08-05 12:02:00,NBTX,,39.69540023803711,39.69540023803711,39.69540023803711,39.69540023803711,2481.0
2026-08-05 12:02:00,NCMI,,4.119999885559082,4.119999885559082,4.119999885559082,4.119999885559082,304.0
2026-08-05 12:02:00,NDAQ,,94.23999786376953,94.23999786376953,94.16999816894531,94.18000030517578,3161.0
2026-08-05 12:02:00,NDSN,,311.2200012207031,311.2200012207031,311.2049865722656,311.2049865722656,990.0
2026-08-05 12:02:00,NEO,,16.1200008392334,16.125,16.1200008392334,16.125,1311.0
2026-08-05 12:02:00,NEOG,,11.59000015258789,11.595000267028809,11.579999923706055,11.579999923706055,10280.0
2026-08-05 12:02:00,NESR,,28.579999923706055,28.579999923706055,28.579999923706055,28.579999923706055,1380.0
2026-08-05 12:02:00,NEWT,,15.100000381469727,15.119999885559082,15.095000267028809,15.100000381469727,1319.0
2026-08-05 12:02:00,NEXT,,6.39900016784668,6.39900016784668,6.39900016784668,6.39900016784668,1730.0
2026-08-05 12:02:00,NFLX,,73.6050033569336,73.65499877929688,73.58000183105469,73.6449966430664,58130.0
2026-08-05 12:02:00,NICE,,97.0,97.0,96.9800033569336,96.9800033569336,2238.0
2026-08-05 12:02:00,NIU,,2.424999952316284,2.430000066757202,2.424999952316284,2.430000066757202,919.0
2026-08-05 12:02:00,NMFC,,7.264999866485596,7.264999866485596,7.264999866485596,7.264999866485596,301.0
2026-08-05 12:02:00,NMIH,,44.435001373291016,44.435001373291016,44.435001373291016,44.435001373291016,628.0
2026-08-05 12:02:00,NMRK,,15.529999732971191,15.529999732971191,15.524999618530273,15.524999618530273,1428.0
2026-08-05 12:02:00,NN,,14.225000381469727,14.225000381469727,14.199999809265137,14.21500015258789,5312.0
2026-08-05 12:02:00,NNBR,,3.799999952316284,3.799999952316284,3.7950000762939453,3.7950000762939453,2668.0
2026-08-05 12:02:00,NNDM,,1.5399999618530273,1.5449999570846558,1.5399999618530273,1.5449999570846558,3917.0
2026-08-05 12:02:00,NOVT,,156.88999938964844,156.88999938964844,156.88999938964844,156.88999938964844,260.0
2026-08-05 12:02:00,NPCE,,13.430000305175781,13.430000305175781,13.430000305175781,13.430000305175781,997.0
2026-08-05 12:02:00,NRDS,,9.114999771118164,9.114999771118164,9.114999771118164,9.114999771118164,428.0
2026-08-05 12:02:00,NRIX,,24.764999389648438,24.764999389648438,24.75,24.760000228881836,2146.0
2026-08-05 12:02:00,NRXP,,3.0199999809265137,3.0199999809265137,3.0199999809265137,3.0199999809265137,865.0
2026-08-05 12:02:00,NTAP,,188.42999267578125,188.42999267578125,188.42999267578125,188.42999267578125,533.0
2026-08-05 12:02:00,NTCT,,41.810001373291016,41.810001373291016,41.810001373291016,41.810001373291016,387.0
2026-08-05 12:02:00,NTES,,127.6050033569336,127.76000213623047,127.6050033569336,127.76000213623047,2308.0
2026-08-05 12:02:00,NTNX,,60.314998626708984,60.31999969482422,60.279998779296875,60.279998779296875,2650.0
2026-08-05 12:02:00,NTRS,,183.27999877929688,183.47000122070312,183.24000549316406,183.4600067138672,4392.0
2026-08-05 12:02:00,NUTX,,155.97999572753906,155.97999572753906,155.97999572753906,155.97999572753906,288.0
2026-08-05 12:02:00,NUWE,,1.7300000190734863,1.7300000190734863,1.7300000190734863,1.7300000190734863,197.0
2026-08-05 12:02:00,NVAX,,7.644999980926514,7.644999980926514,7.635000228881836,7.635000228881836,2613.0
2026-08-05 12:02:00,NVCT,,19.979999542236328,19.979999542236328,19.979999542236328,19.979999542236328,134.0
2026-08-05 12:02:00,NVDA,,219.4550018310547,219.5,219.22509765625,219.4550018310547,257579.0
2026-08-05 12:02:00,NVMI,,408.010009765625,408.010009765625,408.010009765625,408.010009765625,788.0
2026-08-05 12:02:00,NVTS,,12.470000267028809,12.470000267028809,12.454999923706055,12.467700004577637,33051.0
2026-08-05 12:02:00,NWBI,,15.930000305175781,15.930000305175781,15.930000305175781,15.930000305175781,1163.0
2026-08-05 12:02:00,NWE,,68.7300033569336,68.7300033569336,68.7300033569336,68.7300033569336,544.0
2026-08-05 12:02:00,NWL,,6.235000133514404,6.235000133514404,6.21999979019165,6.221099853515625,4569.0
2026-08-05 12:02:00,NWS,,32.20000076293945,32.20500183105469,32.20000076293945,32.20000076293945,3620.0
2026-08-05 12:02:00,NWSA,,28.149999618530273,28.155000686645508,28.149999618530273,28.149999618530273,5337.0
2026-08-05 12:02:00,NXPI,,231.36000061035156,231.36000061035156,230.6699981689453,230.6699981689453,8335.0
2026-08-05 12:02:00,NXST,,192.39999389648438,192.39999389648438,192.3800048828125,192.3800048828125,2060.0
2026-08-05 12:02:00,NXT,,98.7300033569336,98.7300033569336,98.58999633789062,98.62000274658203,2052.0
2026-08-05 12:02:00,OBIO,,4.215000152587891,4.215000152587891,4.215000152587891,4.215000152587891,241.0
2026-08-05 12:02:00,OCFC,,19.704999923706055,19.704999923706055,19.704999923706055,19.704999923706055,2556.0
2026-08-05 12:02:00,OCGN,,1.294100046157837,1.294100046157837,1.294100046157837,1.294100046157837,1314.0
2026-08-05 12:02:00,OCSL,,12.130000114440918,12.135000228881836,12.125,12.130000114440918,1523.0
2026-08-05 12:02:00,OCUL,,8.489999771118164,8.489999771118164,8.489999771118164,8.489999771118164,992.0
2026-08-05 12:02:00,ODD,,15.199999809265137,15.204999923706055,15.104999542236328,15.140000343322754,6158.0
2026-08-05 12:02:00,ODFL,,214.3800048828125,214.38999938964844,214.25999450683594,214.25999450683594,4224.0
2026-08-05 12:02:00,OFIX,,10.630000114440918,10.630000114440918,10.630000114440918,10.630000114440918,798.0
2026-08-05 12:02:00,OKTA,,147.18499755859375,147.22999572753906,147.1300048828125,147.1300048828125,2469.0
2026-08-05 12:02:00,OLB,,0.3070000112056732,0.3070000112056732,0.3070000112056732,0.3070000112056732,315.0
2026-08-05 12:02:00,OLLI,,78.25,78.30999755859375,78.25,78.30999755859375,2760.0
2026-08-05 12:02:00,OLMA,,11.550000190734863,11.550000190734863,11.550000190734863,11.550000190734863,1499.0
2026-08-05 12:02:00,OMER,,12.84000015258789,12.84000015258789,12.829999923706055,12.84000015258789,1948.0
2026-08-05 12:02:00,OMH,,0.11140000075101852,0.11209999769926071,0.11140000075101852,0.11209999769926071,44228.0
2026-08-05 12:02:00,ON,,77.12000274658203,77.12999725341797,76.98999786376953,76.98999786376953,45098.0
2026-08-05 12:02:00,ONB,,26.9950008392334,26.9950008392334,26.979999542236328,26.979999542236328,3430.0
2026-08-05 12:02:00,ONDS,,8.880000114440918,8.887700080871582,8.859999656677246,8.887700080871582,272381.0
2026-08-05 12:02:00,ONFO,,0.07450000196695328,0.07500000298023224,0.07400000095367432,0.07400000095367432,46662.0
2026-08-05 12:02:00,OPCH,,23.34000015258789,23.34000015258789,23.34000015258789,23.34000015258789,1859.0
2026-08-05 12:02:00,OPEN,,3.7913999557495117,3.799999952316284,3.7799999713897705,3.7899999618530273,149474.0
2026-08-05 12:02:00,OPHC,,8.569999694824219,8.6899995803833,8.5600004196167,8.6899995803833,1420.0
2026-08-05 12:02:00,OPXS,,12.010000228881836,12.010000228881836,12.010000228881836,12.010000228881836,1509.0
2026-08-05 12:02:00,ORIC,,13.130000114440918,13.130000114440918,13.130000114440918,13.130000114440918,641.0
2026-08-05 12:02:00,ORLY,,93.19999694824219,93.2300033569336,93.1500015258789,93.1500015258789,7039.0
2026-08-05 12:02:00,ORRF,,43.290000915527344,43.290000915527344,43.290000915527344,43.290000915527344,670.0
2026-08-05 12:02:00,OSPN,,16.59000015258789,16.600000381469727,16.59000015258789,16.600000381469727,595.0
2026-08-05 12:02:00,OSS,,13.80049991607666,13.850000381469727,13.80049991607666,13.850000381469727,3607.0
2026-08-05 12:02:00,OSUR,,4.144999980926514,4.144999980926514,4.139999866485596,4.139999866485596,413.0
2026-08-05 12:02:00,OSW,,26.600000381469727,26.600000381469727,26.600000381469727,26.600000381469727,994.0
2026-08-05 12:02:00,OTEX,,25.725000381469727,25.725000381469727,25.725000381469727,25.725000381469727,885.0
2026-08-05 12:02:00,OTLK,,1.0199999809265137,1.0199999809265137,1.0199999809265137,1.0199999809265137,1159.0
2026-08-05 12:02:00,OXLC,,9.129899978637695,9.130000114440918,9.119999885559082,9.119999885559082,3500.0
2026-08-05 12:02:00,OXSQ,,1.4900000095367432,1.4900000095367432,1.4900000095367432,1.4900000095367432,802.0
2026-08-05 12:02:00,PAA,,23.2549991607666,23.2549991607666,23.25,23.25,2801.0
2026-08-05 12:02:00,PAAS,,47.9900016784668,48.02000045776367,47.95000076293945,48.02000045776367,11162.0
2026-08-05 12:02:00,PACB,,1.4049999713897705,1.4149999618530273,1.4049999713897705,1.409999966621399,148192.0
2026-08-05 12:02:00,PAGP,,25.190000534057617,25.190000534057617,25.190000534057617,25.190000534057617,386.0
2026-08-05 12:02:00,PALI,,2.115000009536743,2.115000009536743,2.115000009536743,2.115000009536743,283.0
2026-08-05 12:02:00,PANL,,7.304999828338623,7.304999828338623,7.304999828338623,7.304999828338623,1162.0
2026-08-05 12:02:00,PANW,,363.885009765625,364.3999938964844,363.8800048828125,364.3999938964844,6495.0
2026-08-05 12:02:00,PATK,,87.52999877929688,87.52999877929688,87.5199966430664,87.52999877929688,713.0
2026-08-05 12:02:00,PAX,,11.375,11.375,11.375,11.375,2096.0
2026-08-05 12:02:00,PAYO,,7.125,7.125,7.119999885559082,7.119999885559082,1478.0
2026-08-05 12:02:00,PAYS,,9.09000015258789,9.09000015258789,9.09000015258789,9.09000015258789,290.0
2026-08-05 12:02:00,PAYX,,116.61000061035156,116.61000061035156,116.4000015258789,116.4000015258789,11137.0
2026-08-05 12:02:00,PBYI,,7.9857001304626465,7.9857001304626465,7.9857001304626465,7.9857001304626465,1121.0
2026-08-05 12:02:00,PCAR,,133.99000549316406,133.99000549316406,133.9499969482422,133.9499969482422,3183.0
2026-08-05 12:02:00,PCB,,28.049999237060547,28.049999237060547,28.049999237060547,28.049999237060547,279.0
2026-08-05 12:02:00,PCT,,6.849999904632568,6.849999904632568,6.84499979019165,6.849999904632568,6804.0
2026-08-05 12:02:00,PCTY,,144.11500549316406,144.11500549316406,144.0,144.0,1320.0
2026-08-05 12:02:00,PDD,,91.23999786376953,91.30000305175781,91.23999786376953,91.29000091552734,7709.0
2026-08-05 12:02:00,PECO,,41.43000030517578,41.45500183105469,41.41999816894531,41.43000030517578,4123.0
2026-08-05 12:02:00,PEGA,,31.56999969482422,31.584999084472656,31.530000686645508,31.530000686645508,3024.0
2026-08-05 12:02:00,PENN,,19.75,19.760000228881836,19.75,19.760000228881836,3625.0
2026-08-05 12:02:00,PEP,,138.5500030517578,138.5850067138672,138.41000366210938,138.41000366210938,15940.0
2026-08-05 12:02:00,PEPG,,1.909999966621399,1.909999966621399,1.909999966621399,1.909999966621399,821.0
2026-08-05 12:02:00,PERI,,9.515000343322754,9.515000343322754,9.510000228881836,9.510000228881836,1031.0
2026-08-05 12:02:00,PESI,,17.81999969482422,17.81999969482422,17.81999969482422,17.81999969482422,741.0
2026-08-05 12:02:00,PFG,,114.15499877929688,114.15499877929688,114.12999725341797,114.12999725341797,1344.0
2026-08-05 12:02:00,PGEN,,6.960000038146973,6.965000152587891,6.940000057220459,6.945000171661377,14760.0
2026-08-05 12:02:00,PGY,,21.6200008392334,21.649999618530273,21.6200008392334,21.649999618530273,3160.0
2026-08-05 12:02:00,PHVS,,32.81999969482422,32.81999969482422,32.81999969482422,32.81999969482422,447.0
2026-08-05 12:02:00,PLAB,,31.940000534057617,31.959999084472656,31.940000534057617,31.959999084472656,828.0
2026-08-05 12:02:00,PLMR,,134.8300018310547,134.8300018310547,134.8300018310547,134.8300018310547,111.0
2026-08-05 12:02:00,PLUG,,2.072000026702881,2.0799999237060547,2.069999933242798,2.072000026702881,16050.0
2026-08-05 12:02:00,PNBK,,1.1399999856948853,1.1399999856948853,1.1399999856948853,1.1399999856948853,245.0
2026-08-05 12:02:00,PNFP,,107.37000274658203,107.37000274658203,107.37000274658203,107.37000274658203,372.0
2026-08-05 12:02:00,POET,,8.25,8.25,8.234999656677246,8.244999885559082,33482.0
2026-08-05 12:02:00,POOL,,203.5,203.5,203.49000549316406,203.49000549316406,1882.0
2026-08-05 12:02:00,POWI,,61.66749954223633,61.66749954223633,61.66749954223633,61.66749954223633,301.0
2026-08-05 12:02:00,POWL,,212.4250030517578,212.4250030517578,212.1199951171875,212.2449951171875,1057.0
2026-08-05 12:02:00,PPC,,26.479999542236328,26.479999542236328,26.459999084472656,26.469999313354492,3040.0
2026-08-05 12:02:00,PPTA,,22.260000228881836,22.299999237060547,22.210100173950195,22.295000076293945,2916.0
2026-08-05 12:02:00,PRAA,,17.299999237060547,17.315000534057617,17.290000915527344,17.290000915527344,1899.0
2026-08-05 12:02:00,PRAX,,312.30999755859375,312.3599853515625,312.29998779296875,312.29998779296875,422.0
2026-08-05 12:02:00,PRCH,,15.869999885559082,15.920000076293945,15.859999656677246,15.920000076293945,8001.0
2026-08-05 12:02:00,PRCT,,18.875,18.875,18.875,18.875,1019.0
2026-08-05 12:02:00,PRIM,,84.80000305175781,84.98500061035156,84.79000091552734,84.94000244140625,5841.0
2026-08-05 12:02:00,PRME,,3.0250000953674316,3.0250000953674316,3.0250000953674316,3.0250000953674316,1107.0
2026-08-05 12:02:00,PROK,,1.625,1.625,1.625,1.625,506.0
2026-08-05 12:02:00,PROV,,18.0,18.0,18.0,18.0,349.0
2026-08-05 12:02:00,PRVA,,24.149999618530273,24.149999618530273,24.125,24.125,887.0
2026-08-05 12:02:00,PRZO,,0.5501999855041504,0.5501999855041504,0.5471000075340271,0.5471000075340271,505.0
2026-08-05 12:02:00,PSEC,,2.190000057220459,2.190000057220459,2.182300090789795,2.190000057220459,2473.0
2026-08-05 12:02:00,PSNL,,13.585000038146973,13.59000015258789,13.569999694824219,13.59000015258789,5035.0
2026-08-05 12:02:00,PTC,,139.4499969482422,139.4499969482422,139.28500366210938,139.28500366210938,3552.0
2026-08-05 12:02:00,PTCT,,68.8550033569336,68.86000061035156,68.8499984741211,68.86000061035156,1150.0
2026-08-05 12:02:00,PTEN,,9.770000457763672,9.774999618530273,9.760000228881836,9.760000228881836,11046.0
2026-08-05 12:02:00,PTGX,,136.22000122070312,136.25999450683594,136.1999969482422,136.1999969482422,4872.0
2026-08-05 12:02:00,PTLO,,4.565000057220459,4.565000057220459,4.565000057220459,4.565000057220459,698.0
2026-08-05 12:02:00,PTON,,6.445000171661377,6.461999893188477,6.429999828338623,6.460000038146973,122829.0
2026-08-05 12:02:00,PUBM,,13.399999618530273,13.399999618530273,13.399999618530273,13.399999618530273,492.0
2026-08-05 12:02:00,PYPD,,4.5,4.5,4.5,4.5,0.0
2026-08-05 12:02:00,PYPL,,58.29999923706055,58.29999923706055,58.2599983215332,58.275001525878906,18266.0
2026-08-05 12:02:00,PYXS,,3.1600000858306885,3.190000057220459,3.1600000858306885,3.190000057220459,14791.0
2026-08-05 12:02:00,PZZA,,30.309999465942383,30.32349967956543,30.309999465942383,30.32349967956543,1705.0
2026-08-05 12:02:00,QCOM,,157.5,157.5,157.24000549316406,157.24000549316406,29172.0
2026-08-05 12:02:00,QFIN,,13.210000038146973,13.210000038146973,13.199999809265137,13.199999809265137,1593.0
2026-08-05 12:02:00,QQQX,,30.389999389648438,30.389999389648438,30.389999389648438,30.389999389648438,831.0
2026-08-05 12:02:00,QRVO,,94.5199966430664,94.5199966430664,94.41999816894531,94.43000030517578,2662.0
2026-08-05 12:02:00,SEED,,1.024999976158142,1.024999976158142,1.013700008392334,1.024999976158142,1652.0
2026-08-05 12:02:00,STIM,,2.259999990463257,2.2750000953674316,2.259999990463257,2.2750000953674316,4608.0
2026-08-05 12:03:00,ACDC,,4.400000095367432,4.40500020980835,4.389999866485596,4.389999866485596,14725.0
2026-08-05 12:03:00,BPOP,,176.9499969482422,176.9499969482422,176.9499969482422,176.9499969482422,296.0
2026-08-05 12:03:00,EYE,,23.21500015258789,23.2450008392334,23.209999084472656,23.2450008392334,3030.0
2026-08-05 12:03:00,KITT,,1.0180000066757202,1.0180000066757202,1.0180000066757202,1.0180000066757202,151.0
2026-08-05 12:03:00,LUNG,,1.934999942779541,1.934999942779541,1.934999942779541,1.934999942779541,121.0
2026-08-05 12:03:00,MBRX,,0.4059000015258789,0.4081999957561493,0.4025000035762787,0.4025000035762787,106.0
2026-08-05 12:03:00,MDB,,375.6449890136719,376.010009765625,375.5050048828125,375.9750061035156,741.0
2026-08-05 12:03:00,MDLZ,,62.2599983215332,62.290000915527344,62.255001068115234,62.290000915527344,7982.0
2026-08-05 12:03:00,MLTX,,17.540000915527344,17.540000915527344,17.540000915527344,17.540000915527344,687.0
2026-08-05 12:03:00,MNRO,,13.100000381469727,13.100000381469727,13.095000267028809,13.095000267028809,2409.0
2026-08-05 12:03:00,MNST,,94.48500061035156,94.48999786376953,94.47000122070312,94.48500061035156,7387.0
2026-08-05 12:03:00,MNTS,,4.369500160217285,4.369500160217285,4.369500160217285,4.369500160217285,206.0
2026-08-05 12:03:00,MORN,,197.55499267578125,197.55499267578125,196.9600067138672,197.55499267578125,3946.0
2026-08-05 12:03:00,MPWR,,1326.2099609375,1326.3349609375,1323.8900146484375,1323.8900146484375,916.0
2026-08-05 12:03:00,MRNA,,56.88999938964844,56.88999938964844,56.849998474121094,56.849998474121094,2310.0
2026-08-05 12:03:00,MYGN,,3.1649999618530273,3.184999942779541,3.1649999618530273,3.180000066757202,9524.0
2026-08-05 12:03:00,NAUT,,0.9538000226020813,0.9538000226020813,0.9538000226020813,0.9538000226020813,916.0
2026-08-05 12:03:00,NB,,5.070099830627441,5.070099830627441,5.070099830627441,5.070099830627441,9753.0
2026-08-05 12:03:00,NCMI,,4.118000030517578,4.118000030517578,4.118000030517578,4.118000030517578,915.0
2026-08-05 12:03:00,NDAQ,,94.19000244140625,94.25,94.19000244140625,94.25,4975.0
2026-08-05 12:03:00,NDSN,,311.1700134277344,311.32501220703125,311.1700134277344,311.32501220703125,795.0
2026-08-05 12:03:00,NEO,,16.1200008392334,16.1200008392334,16.1200008392334,16.1200008392334,965.0
2026-08-05 12:03:00,NEON,,0.9521999955177307,0.9521999955177307,0.9521999955177307,0.9521999955177307,6052.0
2026-08-05 12:03:00,NEOV,,2.799999952316284,2.799999952316284,2.7850000858306885,2.7850000858306885,8740.0
2026-08-05 12:03:00,NESR,,28.6200008392334,28.6299991607666,28.600000381469727,28.600000381469727,1867.0
2026-08-05 12:03:00,NEWT,,15.09000015258789,15.09000015258789,15.09000015258789,15.09000015258789,1184.0
2026-08-05 12:03:00,NEXT,,6.389999866485596,6.389999866485596,6.389999866485596,6.389999866485596,1561.0
2026-08-05 12:03:00,NFE,,0.33709999918937683,0.33709999918937683,0.33709999918937683,0.33709999918937683,449.0
2026-08-05 12:03:00,NFLX,,73.64179992675781,73.6500015258789,73.58000183105469,73.61000061035156,57982.0
2026-08-05 12:03:00,NGNE,,34.869998931884766,34.869998931884766,34.869998931884766,34.869998931884766,385.0
2026-08-05 12:03:00,NICE,,97.36000061035156,97.36000061035156,97.36000061035156,97.36000061035156,358.0
2026-08-05 12:03:00,NMFC,,7.300000190734863,7.300000190734863,7.261000156402588,7.261000156402588,8477.0
2026-08-05 12:03:00,NMRA,,1.6050000190734863,1.6088999509811401,1.6050000190734863,1.6088999509811401,835.0
2026-08-05 12:03:00,NN,,14.220000267028809,14.220000267028809,14.220000267028809,14.220000267028809,1902.0
2026-08-05 12:03:00,NNDM,,1.5399999618530273,1.5399999618530273,1.5399999618530273,1.5399999618530273,901.0
2026-08-05 12:03:00,NOVT,,156.88999938964844,156.88999938964844,156.88999938964844,156.88999938964844,580.0
2026-08-05 12:03:00,NRXP,,3.009999990463257,3.009999990463257,3.009999990463257,3.009999990463257,516.0
2026-08-05 12:03:00,NSTS,,13.799799919128418,13.800000190734863,13.799799919128418,13.79990005493164,6012.0
2026-08-05 12:03:00,NTAP,,188.7899932861328,188.7899932861328,188.44500732421875,188.44500732421875,11351.0
2026-08-05 12:03:00,NTNX,,60.33000183105469,60.33000183105469,60.310001373291016,60.314998626708984,4249.0
2026-08-05 12:03:00,NTRA,,276.1505126953125,276.8192138671875,276.1505126953125,276.8192138671875,5344.0
2026-08-05 12:03:00,NUWE,,1.7300000190734863,1.7300000190734863,1.7300000190734863,1.7300000190734863,329.0
2026-08-05 12:03:00,NVAX,,7.640999794006348,7.640999794006348,7.640999794006348,7.640999794006348,975.0
2026-08-05 12:03:00,NVCR,,16.049999237060547,16.049999237060547,16.040000915527344,16.040000915527344,1243.0
2026-08-05 12:03:00,NVDA,,219.5749969482422,219.72000122070312,219.38999938964844,219.5749969482422,79740976.0
2026-08-05 12:03:00,NVTS,,12.475000381469727,12.484999656677246,12.470000267028809,12.475000381469727,10609.0
2026-08-05 12:03:00,NWBI,,15.930000305175781,15.930000305175781,15.930000305175781,15.930000305175781,546.0
2026-08-05 12:03:00,NWL,,6.215000152587891,6.239999771118164,6.210000038146973,6.235000133514404,31461.0
2026-08-05 12:03:00,NWS,,32.189998626708984,32.20000076293945,32.189998626708984,32.20000076293945,1850.0
2026-08-05 12:03:00,NWSA,,28.145000457763672,28.149999618530273,28.139999389648438,28.139999389648438,7573.0
2026-08-05 12:03:00,NXPI,,231.66000366210938,231.74000549316406,231.40499877929688,231.40499877929688,2023.0
2026-08-05 12:03:00,NXT,,98.875,98.9000015258789,98.7300033569336,98.73999786376953,3119.0
2026-08-05 12:03:00,NXTC,,5.070000171661377,5.070000171661377,5.039999961853027,5.039999961853027,1267.0
2026-08-05 12:03:00,OBIO,,4.210000038146973,4.215000152587891,4.210000038146973,4.215000152587891,591.0
2026-08-05 12:03:00,OCGN,,1.2949999570846558,1.2949999570846558,1.2949999570846558,1.2949999570846558,1286.0
2026-08-05 12:03:00,OCS,,11.970000267028809,11.970000267028809,11.970000267028809,11.970000267028809,302.0
2026-08-05 12:03:00,OCSL,,12.125,12.125,12.125,12.125,1823.0
2026-08-05 12:03:00,OCUL,,8.494999885559082,8.499099731445312,8.489999771118164,8.499099731445312,6808.0
2026-08-05 12:03:00,ODD,,15.239999771118164,15.239999771118164,15.199999809265137,15.199999809265137,660.0
2026-08-05 12:03:00,ODFL,,214.52000427246094,214.60000610351562,214.3800048828125,214.3800048828125,6207.0
2026-08-05 12:03:00,OKTA,,147.22000122070312,147.27999877929688,147.22000122070312,147.27999877929688,1514.0
2026-08-05 12:03:00,OMCL,,37.349998474121094,37.349998474121094,37.25,37.279998779296875,3182.0
2026-08-05 12:03:00,OMER,,12.86989974975586,12.86989974975586,12.850000381469727,12.850000381469727,679.0
2026-08-05 12:03:00,OMH,,0.1120000034570694,0.1120000034570694,0.11150000244379044,0.11150000244379044,2714.0
2026-08-05 12:03:00,ON,,77.18499755859375,77.25,77.11000061035156,77.11000061035156,31059.0
2026-08-05 12:03:00,ONDS,,8.875,8.885000228881836,8.859999656677246,8.880000114440918,139021.0
2026-08-05 12:03:00,ONFO,,0.07419999688863754,0.07490000128746033,0.07400000095367432,0.07490000128746033,21757.0
2026-08-05 12:03:00,OPCH,,23.350000381469727,23.350000381469727,23.350000381469727,23.350000381469727,1082.0
2026-08-05 12:03:00,OPEN,,3.7850000858306885,3.799999952316284,3.7799999713897705,3.7899999618530273,196949.0
2026-08-05 12:03:00,OPHC,,8.630000114440918,8.630000114440918,8.630000114440918,8.630000114440918,422.0
2026-08-05 12:03:00,ORGO,,2.3499999046325684,2.3499999046325684,2.3499999046325684,2.3499999046325684,102.0
2026-08-05 12:03:00,ORIC,,13.119999885559082,13.149999618530273,13.104999542236328,13.140000343322754,17007.0
2026-08-05 12:03:00,ORLY,,93.16999816894531,93.2249984741211,93.16999816894531,93.19000244140625,6185.0
2026-08-05 12:03:00,OSBC,,25.75,25.75,25.75,25.75,668.0
2026-08-05 12:03:00,OSPN,,16.6200008392334,16.6200008392334,16.6200008392334,16.6200008392334,1067.0
2026-08-05 12:03:00,OSUR,,4.144999980926514,4.144999980926514,4.144999980926514,4.144999980926514,457.0
2026-08-05 12:03:00,OSW,,26.59000015258789,26.59000015258789,26.59000015258789,26.59000015258789,183.0
2026-08-05 12:03:00,OTLK,,1.0099999904632568,1.0099999904632568,1.0099999904632568,1.0099999904632568,719.0
2026-08-05 12:03:00,OTTR,,92.3499984741211,92.36000061035156,92.3499984741211,92.36000061035156,1103.0
2026-08-05 12:03:00,OVID,,2.640000104904175,2.640000104904175,2.640000104904175,2.640000104904175,644.0
2026-08-05 12:03:00,OXSQ,,1.4900000095367432,1.4900000095367432,1.4900000095367432,1.4900000095367432,523.0
2026-08-05 12:03:00,PAA,,23.260000228881836,23.264999389648438,23.25589942932129,23.25589942932129,4663.0
2026-08-05 12:03:00,PAAS,,47.900001525878906,48.0,47.900001525878906,48.0,6958.0
2026-08-05 12:03:00,PACB,,1.4049999713897705,1.409999966621399,1.399999976158142,1.4049999713897705,87248.0
2026-08-05 12:03:00,PAGP,,25.190000534057617,25.190000534057617,25.190000534057617,25.190000534057617,451.0
2026-08-05 12:03:00,PALI,,2.119999885559082,2.119999885559082,2.119999885559082,2.119999885559082,1810.0
2026-08-05 12:03:00,PANW,,364.2477111816406,364.3999938964844,364.05999755859375,364.07000732421875,5474.0
2026-08-05 12:03:00,PATK,,87.5,87.5199966430664,87.5,87.5199966430664,5474.0
2026-08-05 12:03:00,PAVS,,5.0289998054504395,5.0289998054504395,4.908599853515625,4.908599853515625,492.0
2026-08-05 12:03:00,PAX,,11.369999885559082,11.375,11.369999885559082,11.375,3440.0
2026-08-05 12:03:00,PAYO,,7.125,7.130000114440918,7.119999885559082,7.130000114440918,1993.0
2026-08-05 12:03:00,PAYX,,116.55000305175781,116.5999984741211,116.55000305175781,116.5999984741211,1996.0
2026-08-05 12:03:00,PBYI,,7.980000019073486,7.989999771118164,7.980000019073486,7.989999771118164,371.0
2026-08-05 12:03:00,PCAR,,134.10000610351562,134.16250610351562,134.05999755859375,134.07000732421875,4176.0
2026-08-05 12:03:00,PCRX,,24.920000076293945,24.93000030517578,24.8799991607666,24.93000030517578,3202.0
2026-08-05 12:03:00,PCTY,,143.92999267578125,143.9499969482422,143.92999267578125,143.9499969482422,372.0
2026-08-05 12:03:00,PDD,,91.22000122070312,91.26000213623047,91.22000122070312,91.24810028076172,13574.0
2026-08-05 12:03:00,PECO,,41.43000030517578,41.43000030517578,41.43000030517578,41.43000030517578,2541.0
2026-08-05 12:03:00,PEGA,,31.56999969482422,31.56999969482422,31.559999465942383,31.559999465942383,1500.0
2026-08-05 12:03:00,PENN,,19.739999771118164,19.760000228881836,19.739999771118164,19.760000228881836,856.0
2026-08-05 12:03:00,PEP,,138.5,138.58999633789062,138.5,138.55999755859375,11157.0
2026-08-05 12:03:00,PFG,,114.1050033569336,114.1500015258789,114.1050033569336,114.1500015258789,504.0
2026-08-05 12:03:00,PGEN,,6.954999923706055,6.96999979019165,6.945000171661377,6.96999979019165,10937.0
2026-08-05 12:03:00,PGY,,21.610000610351562,21.6200008392334,21.610000610351562,21.61199951171875,1722.0
2026-08-05 12:03:00,PHAT,,8.430000305175781,8.430000305175781,8.430000305175781,8.430000305175781,1423.0
2026-08-05 12:03:00,PLAB,,31.969999313354492,31.969999313354492,31.969999313354492,31.969999313354492,573.0
2026-08-05 12:03:00,PLBY,,1.149999976158142,1.149999976158142,1.149999976158142,1.149999976158142,1019.0
2026-08-05 12:03:00,PLPC,,458.67999267578125,458.67999267578125,458.67999267578125,458.67999267578125,175.0
2026-08-05 12:03:00,PLUG,,2.075000047683716,2.0799999237060547,2.069999933242798,2.0748000144958496,59412.0
2026-08-05 12:03:00,PMN,,13.109999656677246,13.109999656677246,13.109999656677246,13.109999656677246,631.0
2026-08-05 12:03:00,PNFP,,107.30999755859375,107.38500213623047,107.30999755859375,107.38500213623047,1589.0
2026-08-05 12:03:00,POET,,8.25,8.260000228881836,8.244999885559082,8.25,10600.0
2026-08-05 12:03:00,POWI,,61.720001220703125,61.720001220703125,61.67499923706055,61.67499923706055,1303.0
2026-08-05 12:03:00,POWL,,212.6199951171875,212.72000122070312,212.42999267578125,212.42999267578125,1184.0
2026-08-05 12:03:00,PPSI,,2.9700000286102295,2.9800000190734863,2.9700000286102295,2.9700000286102295,963.0
2026-08-05 12:03:00,PPTA,,22.289899826049805,22.289899826049805,22.289899826049805,22.289899826049805,399.0
2026-08-05 12:03:00,PRCT,,18.920000076293945,18.950000762939453,18.885000228881836,18.899999618530273,64451.0
2026-08-05 12:03:00,PRDO,,32.90999984741211,32.90999984741211,32.90999984741211,32.90999984741211,446.0
2026-08-05 12:03:00,PRIM,,84.9749984741211,84.9800033569336,84.80000305175781,84.97000122070312,6623.0
2026-08-05 12:03:00,PRME,,3.0299999713897705,3.0350000858306885,3.0250000953674316,3.0250000953674316,20102.0
2026-08-05 12:03:00,PRSO,,0.6995999813079834,0.6995999813079834,0.6995999813079834,0.6995999813079834,1000.0
2026-08-05 12:03:00,PRTA,,8.510000228881836,8.510000228881836,8.510000228881836,8.510000228881836,106.0
2026-08-05 12:03:00,PRVA,,24.1200008392334,24.1200008392334,24.1200008392334,24.1200008392334,2282.0
2026-08-05 12:03:00,PSEC,,2.190000057220459,2.190000057220459,2.184999942779541,2.184999942779541,1025.0
2026-08-05 12:03:00,PSMT,,193.57000732421875,193.57000732421875,193.57000732421875,193.57000732421875,524.0
2026-08-05 12:03:00,PSNL,,13.579999923706055,13.579999923706055,13.579999923706055,13.579999923706055,886.0
2026-08-05 12:03:00,PTCT,,68.8550033569336,68.8550033569336,68.8550033569336,68.8550033569336,389.0
2026-08-05 12:03:00,PTEN,,9.774999618530273,9.774999618530273,9.770000457763672,9.770000457763672,9214.0
2026-08-05 12:03:00,PTLO,,4.559999942779541,4.559999942779541,4.559999942779541,4.559999942779541,355.0
2026-08-05 12:03:00,PTON,,6.445000171661377,6.445000171661377,6.445000171661377,6.445000171661377,569.0
2026-08-05 12:03:00,PUBM,,13.390000343322754,13.390000343322754,13.390000343322754,13.390000343322754,697.0
2026-08-05 12:03:00,PWP,,17.260000228881836,17.260000228881836,17.260000228881836,17.260000228881836,495.0
2026-08-05 12:03:00,PYPD,,4.519999980926514,4.519999980926514,4.5,4.5,681.0
2026-08-05 12:03:00,PYPL,,58.279998779296875,58.29999923706055,58.279998779296875,58.29999923706055,7560.0
2026-08-05 12:03:00,PYXS,,3.1600000858306885,3.1700000762939453,3.1600000858306885,3.1700000762939453,1522.0
2026-08-05 12:03:00,PZZA,,30.299999237060547,30.309999465942383,30.299999237060547,30.309999465942383,1300.0
2026-08-05 12:03:00,QCOM,,157.6699981689453,157.77000427246094,157.47999572753906,157.5,25506.0
2026-08-05 12:03:00,QFIN,,13.199999809265137,13.229999542236328,13.199999809265137,13.229999542236328,4779.0
2026-08-05 12:03:00,QRVO,,94.57499694824219,94.61000061035156,94.54000091552734,94.54000091552734,1425.0
2026-08-05 12:03:00,SEED,,1.0299999713897705,1.0299999713897705,1.0099999904632568,1.024999976158142,977.0
2026-08-05 12:04:00,ACDC,,4.420000076293945,4.420000076293945,4.400000095367432,4.400000095367432,12420.0
2026-08-05 12:04:00,BPOP,,177.00999450683594,177.07000732421875,177.0,177.07000732421875,1373.0
2026-08-05 12:04:00,CASH,,89.12999725341797,89.12999725341797,89.12999725341797,89.12999725341797,946.0
2026-08-05 12:04:00,CNXN,,84.55999755859375,84.56999969482422,84.54000091552734,84.54859924316406,3599.0
2026-08-05 12:04:00,EYE,,23.200000762939453,23.219999313354492,23.200000762939453,23.21500015258789,3139.0
2026-08-05 12:04:00,FRST,,16.350000381469727,16.350000381469727,16.350000381469727,16.350000381469727,279.0
2026-08-05 12:04:00,GLUE,,15.829999923706055,15.829999923706055,15.829999923706055,15.829999923706055,252.0
2026-08-05 12:04:00,KIDS,,21.34749984741211,21.34749984741211,21.34749984741211,21.34749984741211,128.0
2026-08-05 12:04:00,LUNG,,1.9299999475479126,1.934999942779541,1.9299999475479126,1.9299999475479126,5251.0
2026-08-05 12:04:00,MBIO,,0.5938000082969666,0.5938000082969666,0.5938000082969666,0.5938000082969666,200.0
2026-08-05 12:04:00,MBRX,,0.40700000524520874,0.40799999237060547,0.4018000066280365,0.4059000015258789,2370.0
2026-08-05 12:04:00,MDB,,376.55999755859375,376.6050109863281,376.06500244140625,376.1400146484375,3075.0
2026-08-05 12:04:00,MDLZ,,62.22999954223633,62.27000045776367,62.22999954223633,62.27000045776367,4184.0
2026-08-05 12:04:00,MNRO,,13.0600004196167,13.100000381469727,13.0600004196167,13.100000381469727,13296.0
2026-08-05 12:04:00,MNST,,94.4749984741211,94.4800033569336,94.45999908447266,94.4749984741211,5251.0
2026-08-05 12:04:00,MNTS,,4.330599784851074,4.378699779510498,4.329999923706055,4.378699779510498,15787.0
2026-08-05 12:04:00,MODD,,2.059999942779541,2.119999885559082,2.059999942779541,2.1089000701904297,7310.0
2026-08-05 12:04:00,MOVE,,11.899999618530273,11.899999618530273,11.899999618530273,11.899999618530273,1486.0
2026-08-05 12:04:00,MPWR,,1326.219970703125,1327.739990234375,1326.2099609375,1326.219970703125,580.0
2026-08-05 12:04:00,MRNA,,56.850101470947266,56.91999816894531,56.850101470947266,56.869998931884766,3467.0
2026-08-05 12:04:00,MYGN,,3.1500000953674316,3.1600000858306885,3.1500000953674316,3.1600000858306885,4006.0
2026-08-05 12:04:00,NAMS,,26.704999923706055,26.709999084472656,26.649999618530273,26.649999618530273,3653.0
2026-08-05 12:04:00,NAUT,,0.9531999826431274,0.9531999826431274,0.9531999826431274,0.9531999826431274,301.0
2026-08-05 12:04:00,NBTB,,53.380001068115234,53.380001068115234,53.380001068115234,53.380001068115234,159.0
2026-08-05 12:04:00,NDAQ,,94.29000091552734,94.30999755859375,94.25,94.25,3202.0
2026-08-05 12:04:00,NDLS,,17.860000610351562,17.860000610351562,17.860000610351562,17.860000610351562,213.0
2026-08-05 12:04:00,NDSN,,311.1400146484375,311.1400146484375,311.1400146484375,311.1400146484375,306.0
2026-08-05 12:04:00,NEO,,16.125,16.125,16.110000610351562,16.110000610351562,1778.0
2026-08-05 12:04:00,NEOG,,11.574999809265137,11.59000015258789,11.574999809265137,11.59000015258789,3801.0
2026-08-05 12:04:00,NEOV,,2.799999952316284,2.799999952316284,2.799999952316284,2.799999952316284,1237.0
2026-08-05 12:04:00,NEXT,,6.389999866485596,6.394999980926514,6.389999866485596,6.394999980926514,2509.0
2026-08-05 12:04:00,NFLX,,73.62750244140625,73.66000366210938,73.58999633789062,73.6449966430664,22931.0
2026-08-05 12:04:00,NHIC,,10.65999984741211,10.710000038146973,10.65999984741211,10.710000038146973,1188.0
2026-08-05 12:04:00,NICE,,97.4000015258789,97.4000015258789,97.3551025390625,97.39990234375,1412.0
2026-08-05 12:04:00,NKTR,,73.04000091552734,73.04000091552734,73.04000091552734,73.04000091552734,117.0
2026-08-05 12:04:00,NKTX,,2.184999942779541,2.184999942779541,2.184999942779541,2.184999942779541,824.0
2026-08-05 12:04:00,NMFC,,7.300000190734863,7.304999828338623,7.300000190734863,7.304999828338623,2148.0
2026-08-05 12:04:00,NMIH,,44.45000076293945,44.45000076293945,44.45000076293945,44.45000076293945,1204.0
2026-08-05 12:04:00,NMRK,,15.545000076293945,15.550000190734863,15.539999961853027,15.539999961853027,1821.0
2026-08-05 12:04:00,NN,,14.210000038146973,14.225000381469727,14.210000038146973,14.220100402832031,1775.0
2026-08-05 12:04:00,NNBR,,3.799999952316284,3.799999952316284,3.799999952316284,3.799999952316284,1686.0
2026-08-05 12:04:00,NNDM,,1.5399999618530273,1.5399999618530273,1.5399999618530273,1.5399999618530273,668.0
2026-08-05 12:04:00,NNOX,,1.0,1.0049999952316284,1.0,1.0049999952316284,301.0
2026-08-05 12:04:00,NOVT,,156.89999389648438,156.89999389648438,156.89999389648438,156.89999389648438,371.0
2026-08-05 12:04:00,NRC,,19.719999313354492,19.719999313354492,19.719999313354492,19.719999313354492,312.0
2026-08-05 12:04:00,NRDS,,9.114999771118164,9.114999771118164,9.114999771118164,9.114999771118164,301.0
2026-08-05 12:04:00,NRIX,,24.790000915527344,24.790000915527344,24.790000915527344,24.790000915527344,1280.0
2026-08-05 12:04:00,NRSN,,0.5478000044822693,0.5478000044822693,0.5478000044822693,0.5478000044822693,1344.0
2026-08-05 12:04:00,NRXP,,3.005000114440918,3.005000114440918,3.005000114440918,3.005000114440918,941.0
2026-08-05 12:04:00,NTAP,,189.07000732421875,189.07000732421875,188.7949981689453,188.7949981689453,3945.0
2026-08-05 12:04:00,NTCT,,41.83000183105469,41.83000183105469,41.83000183105469,41.83000183105469,534.0
2026-08-05 12:04:00,NTGR,,24.25,24.260000228881836,24.25,24.260000228881836,1100.0
2026-08-05 12:04:00,NTNX,,60.415000915527344,60.415000915527344,60.33000183105469,60.33000183105469,34938.0
2026-08-05 12:04:00,NTRA,,276.25,276.25,276.239990234375,276.25,2017.0
2026-08-05 12:04:00,NTRS,,183.39500427246094,183.39500427246094,183.39500427246094,183.39500427246094,1207.0
2026-08-05 12:04:00,NUWE,,1.7300000190734863,1.7300000190734863,1.7300000190734863,1.7300000190734863,834.0
2026-08-05 12:04:00,NVCR,,16.045000076293945,16.045000076293945,16.045000076293945,16.045000076293945,316.0
2026-08-05 12:04:00,NVCT,,20.135000228881836,20.135000228881836,20.135000228881836,20.135000228881836,305.0
2026-08-05 12:04:00,NVDA,,219.7449951171875,219.94000244140625,219.60000610351562,219.61500549316406,223660.0
2026-08-05 12:04:00,NVMI,,409.760009765625,409.7699890136719,409.3999938964844,409.3999938964844,978.0
2026-08-05 12:04:00,NVTS,,12.505000114440918,12.520000457763672,12.479999542236328,12.479999542236328,16874.0
2026-08-05 12:04:00,NWBI,,15.930000305175781,15.930000305175781,15.930000305175781,15.930000305175781,2184.0
2026-08-05 12:04:00,NWL,,6.201099872589111,6.215000152587891,6.199999809265137,6.210000038146973,23863.0
2026-08-05 12:04:00,NWS,,32.18000030517578,32.189998626708984,32.18000030517578,32.189998626708984,2215.0
2026-08-05 12:04:00,NWSA,,28.135000228881836,28.145000457763672,28.125,28.135000228881836,8491.0
2026-08-05 12:04:00,NXPI,,231.42999267578125,231.72999572753906,231.38999938964844,231.6300048828125,5003.0
2026-08-05 12:04:00,NXT,,98.98999786376953,99.2249984741211,98.875,98.875,7519.0
2026-08-05 12:04:00,OBIO,,4.215000152587891,4.215000152587891,4.215000152587891,4.215000152587891,590.0
2026-08-05 12:04:00,OCFC,,19.739999771118164,19.739999771118164,19.739999771118164,19.739999771118164,599.0
2026-08-05 12:04:00,OCGN,,1.2999000549316406,1.2999000549316406,1.2949999570846558,1.2949999570846558,1008.0
2026-08-05 12:04:00,OCSL,,12.140000343322754,12.149999618530273,12.125,12.125,10237.0
2026-08-05 12:04:00,OCUL,,8.505000114440918,8.505000114440918,8.494999885559082,8.494999885559082,1658.0
2026-08-05 12:04:00,ODD,,15.204999923706055,15.255000114440918,15.204999923706055,15.204999923706055,607.0
2026-08-05 12:04:00,ODFL,,214.5800018310547,214.5850067138672,214.44000244140625,214.5500030517578,16976.0
2026-08-05 12:04:00,OESX,,14.292499542236328,14.292499542236328,14.292499542236328,14.292499542236328,329.0
2026-08-05 12:04:00,OKTA,,147.5800018310547,147.5800018310547,147.21499633789062,147.21499633789062,15711.0
2026-08-05 12:04:00,OM,,4.934999942779541,4.934999942779541,4.934999942779541,4.934999942779541,200.0
2026-08-05 12:04:00,OMER,,12.854999542236328,12.867199897766113,12.854999542236328,12.867199897766113,1260.0
2026-08-05 12:04:00,OMH,,0.11180000007152557,0.1120000034570694,0.11150000244379044,0.1120000034570694,20180.0
2026-08-05 12:04:00,ON,,77.16000366210938,77.26000213623047,77.16000366210938,77.23999786376953,104300.0
2026-08-05 12:04:00,ONB,,27.010000228881836,27.010000228881836,27.0,27.0,3207.0
2026-08-05 12:04:00,ONBPO,,24.809999465942383,24.809999465942383,24.809999465942383,24.809999465942383,0.0
2026-08-05 12:04:00,ONBPP,,24.810100555419922,24.810100555419922,24.810100555419922,24.810100555419922,0.0
2026-08-05 12:04:00,ONDS,,8.885000228881836,8.899999618530273,8.872599601745605,8.875,320953.0
2026-08-05 12:04:00,ONFO,,0.07400000095367432,0.07400000095367432,0.07400000095367432,0.07400000095367432,22741.0
2026-08-05 12:04:00,ONMD,,0.6805999875068665,0.6805999875068665,0.6805999875068665,0.6805999875068665,700.0
2026-08-05 12:04:00,OPCH,,23.350000381469727,23.360000610351562,23.350000381469727,23.350000381469727,2466.0
2026-08-05 12:04:00,OPEN,,3.7871999740600586,3.799999952316284,3.7799999713897705,3.7850000858306885,160328.0
2026-08-05 12:04:00,OPK,,1.3186999559402466,1.3186999559402466,1.3186999559402466,1.3186999559402466,237.0
2026-08-05 12:04:00,ORGO,,2.3450000286102295,2.3450000286102295,2.3450000286102295,2.3450000286102295,528.0
2026-08-05 12:04:00,ORIC,,13.140000343322754,13.140000343322754,13.109999656677246,13.109999656677246,1767.0
2026-08-05 12:04:00,ORLY,,93.13999938964844,93.18000030517578,93.13999938964844,93.18000030517578,7437.0
2026-08-05 12:04:00,OSBC,,25.760000228881836,25.760000228881836,25.760000228881836,25.760000228881836,878.0
2026-08-05 12:04:00,OSIS,,235.1999969482422,235.1999969482422,235.1999969482422,235.1999969482422,261.0
2026-08-05 12:04:00,OSS,,13.890600204467773,13.899999618530273,13.824999809265137,13.824999809265137,7653.0
2026-08-05 12:04:00,OSUR,,4.144999980926514,4.144999980926514,4.144999980926514,4.144999980926514,227.0
2026-08-05 12:04:00,OTEX,,25.729999542236328,25.729999542236328,25.725000381469727,25.729999542236328,1513.0
2026-08-05 12:04:00,OTLK,,1.01010000705719,1.01010000705719,1.01010000705719,1.01010000705719,16273.0
2026-08-05 12:04:00,OVID,,2.640000104904175,2.640000104904175,2.630000114440918,2.630000114440918,2440.0
2026-08-05 12:04:00,OXSQ,,1.4900000095367432,1.4900000095367432,1.4850000143051147,1.4900000095367432,757.0
2026-08-05 12:04:00,PAA,,23.260000228881836,23.264999389648438,23.260000228881836,23.264999389648438,2669.0
2026-08-05 12:04:00,PAAS,,47.880001068115234,47.93000030517578,47.869998931884766,47.900001525878906,5684.0
2026-08-05 12:04:00,PACB,,1.4049999713897705,1.4049999713897705,1.399999976158142,1.4000999927520752,2143.0
2026-08-05 12:04:00,PAGP,,25.190000534057617,25.200000762939453,25.190000534057617,25.200000762939453,1791.0
2026-08-05 12:04:00,PALI,,2.115000009536743,2.115000009536743,2.115000009536743,2.115000009536743,1242.0
2026-08-05 12:04:00,PANW,,364.69000244140625,364.69000244140625,364.19000244140625,364.20001220703125,9416.0
2026-08-05 12:04:00,PAYO,,7.125,7.130000114440918,7.125,7.130000114440918,672.0
2026-08-05 12:04:00,PAYS,,9.095000267028809,9.095000267028809,9.095000267028809,9.095000267028809,1167.0
2026-08-05 12:04:00,PAYX,,116.5999984741211,116.5999984741211,116.4801025390625,116.4801025390625,4352.0
2026-08-05 12:04:00,PBYI,,8.0,8.0,8.0,8.0,1043.0
2026-08-05 12:04:00,PCAR,,134.0800018310547,134.0800018310547,133.99000549316406,134.02000427246094,2618.0
2026-08-05 12:04:00,PCT,,6.855000019073486,6.869999885559082,6.849999904632568,6.849999904632568,3938.0
2026-08-05 12:04:00,PCTY,,143.9600067138672,143.9600067138672,143.9600067138672,143.9600067138672,248.0
2026-08-05 12:04:00,PDD,,91.16500091552734,91.21499633789062,91.16000366210938,91.21499633789062,7653.0
2026-08-05 12:04:00,PDFS,,50.189998626708984,50.189998626708984,50.189998626708984,50.189998626708984,633.0
2026-08-05 12:04:00,PDLB,,20.530000686645508,20.530000686645508,20.530000686645508,20.530000686645508,412.0
2026-08-05 12:04:00,PEBO,,41.630001068115234,41.630001068115234,41.630001068115234,41.630001068115234,793.0
2026-08-05 12:04:00,PECO,,41.41999816894531,41.43000030517578,41.40999984741211,41.41999816894531,11434.0
2026-08-05 12:04:00,PEGA,,31.600000381469727,31.600000381469727,31.59000015258789,31.59000015258789,1306.0
2026-08-05 12:04:00,PENN,,19.7450008392334,19.7549991607666,19.7450008392334,19.75,2605.0
2026-08-05 12:04:00,PEP,,138.47000122070312,138.49989318847656,138.4199981689453,138.49989318847656,6174.0
2026-08-05 12:04:00,PEPG,,1.9149999618530273,1.9149999618530273,1.9149999618530273,1.9149999618530273,309.0
2026-08-05 12:04:00,PERI,,9.515000343322754,9.515000343322754,9.515000343322754,9.515000343322754,563.0
2026-08-05 12:04:00,PETS,,1.9700000286102295,1.9700000286102295,1.9700000286102295,1.9700000286102295,1030.0
2026-08-05 12:04:00,PFG,,114.0999984741211,114.0999984741211,114.0999984741211,114.0999984741211,1150.0
2026-08-05 12:04:00,PGEN,,6.974999904632568,6.994999885559082,6.949999809265137,6.949999809265137,19051.0
2026-08-05 12:04:00,PGNY,,31.684999465942383,31.684999465942383,31.684999465942383,31.684999465942383,333.0
2026-08-05 12:04:00,PGY,,21.68000030517578,21.68000030517578,21.6299991607666,21.6299991607666,12609.0
2026-08-05 12:04:00,PHAT,,8.4350004196167,8.4350004196167,8.4350004196167,8.4350004196167,598.0
2026-08-05 12:04:00,PLAB,,32.060001373291016,32.060001373291016,32.02000045776367,32.02000045776367,890.0
2026-08-05 12:04:00,PLMR,,134.8350067138672,134.8350067138672,134.8350067138672,134.8350067138672,603.0
2026-08-05 12:04:00,PLPC,,458.4549865722656,458.4549865722656,458.4549865722656,458.4549865722656,695.0
2026-08-05 12:04:00,PLTK,,3.984999895095825,3.990000009536743,3.984999895095825,3.990000009536743,3048.0
2026-08-05 12:04:00,PLUG,,2.078200101852417,2.0799999237060547,2.069999933242798,2.075000047683716,72776.0
2026-08-05 12:04:00,PNBK,,1.1399999856948853,1.1399999856948853,1.1399999856948853,1.1399999856948853,104.0
2026-08-05 12:04:00,POET,,8.265000343322754,8.270500183105469,8.255000114440918,8.255000114440918,13182.0
2026-08-05 12:04:00,POWL,,212.60499572753906,212.61000061035156,212.60499572753906,212.61000061035156,272.0
2026-08-05 12:04:00,PPC,,26.44499969482422,26.44499969482422,26.44499969482422,26.44499969482422,717.0
2026-08-05 12:04:00,PPTA,,22.200000762939453,22.235000610351562,22.200000762939453,22.235000610351562,696.0
2026-08-05 12:04:00,PRAX,,311.1474914550781,312.3599853515625,310.8900146484375,312.3599853515625,642.0
2026-08-05 12:04:00,PRCH,,15.890000343322754,15.899999618530273,15.880000114440918,15.880000114440918,2358.0
2026-08-05 12:04:00,PRCT,,18.889999389648438,18.90999984741211,18.889999389648438,18.90999984741211,2812.0
2026-08-05 12:04:00,PRGS,,41.91999816894531,41.91999816894531,41.88999938964844,41.88999938964844,797.0
2026-08-05 12:04:00,PRIM,,84.81999969482422,84.92500305175781,84.81999969482422,84.9000015258789,2407.0
2026-08-05 12:04:00,PRME,,3.0350000858306885,3.0350000858306885,3.0199999809265137,3.0199999809265137,8490.0
2026-08-05 12:04:00,PROF,,8.09000015258789,8.125,8.09000015258789,8.125,1300.0
2026-08-05 12:04:00,PROK,,1.6299999952316284,1.6299999952316284,1.6299999952316284,1.6299999952316284,3594.0
2026-08-05 12:04:00,PRSO,,0.6883999705314636,0.6883999705314636,0.6883999705314636,0.6883999705314636,0.0
2026-08-05 12:04:00,PRTA,,8.524999618530273,8.524999618530273,8.511199951171875,8.511199951171875,1455.0
2026-08-05 12:04:00,PSEC,,2.184999942779541,2.190000057220459,2.184999942779541,2.184999942779541,1454.0
2026-08-05 12:04:00,PSNL,,13.579999923706055,13.59000015258789,13.579999923706055,13.59000015258789,1442.0
2026-08-05 12:04:00,PTCT,,68.84500122070312,68.87000274658203,68.83999633789062,68.83999633789062,1485.0
2026-08-05 12:04:00,PTEN,,9.774999618530273,9.779999732971191,9.774999618530273,9.779999732971191,3596.0
2026-08-05 12:04:00,PTGX,,136.42999267578125,136.42999267578125,136.24000549316406,136.24000549316406,579.0
2026-08-05 12:04:00,PTLO,,4.565000057220459,4.565000057220459,4.565000057220459,4.565000057220459,239.0
2026-08-05 12:04:00,PTON,,6.445000171661377,6.445000171661377,6.440000057220459,6.440000057220459,11207.0
2026-08-05 12:04:00,PTPI,,0.0024999999441206455,0.0024999999441206455,0.0024999999441206455,0.0024999999441206455,800.0
2026-08-05 12:04:00,PWP,,17.329999923706055,17.329999923706055,17.280000686645508,17.280000686645508,3321.0
2026-08-05 12:04:00,PYPD,,4.519999980926514,4.519999980926514,4.519999980926514,4.519999980926514,532.0
2026-08-05 12:04:00,PYPL,,58.26499938964844,58.290000915527344,58.260101318359375,58.279998779296875,6095.0
2026-08-05 12:04:00,PYXS,,3.140000104904175,3.1600000858306885,3.140000104904175,3.1600000858306885,12048.0
2026-08-05 12:04:00,PZZA,,30.290000915527344,30.290000915527344,30.290000915527344,30.290000915527344,420.0
2026-08-05 12:04:00,QCOM,,157.61000061035156,157.80990600585938,157.61000061035156,157.61000061035156,32731.0
2026-08-05 12:04:00,QCRH,,105.13999938964844,105.13999938964844,105.12000274658203,105.12000274658203,597.0
2026-08-05 12:04:00,QRVO,,94.58999633789062,94.5999984741211,94.54000091552734,94.5999984741211,657.0
2026-08-05 12:04:00,SEED,,1.0299999713897705,1.0299999713897705,1.0299999713897705,1.0299999713897705,505.0
2026-08-05 12:04:00,TARA,,4.025000095367432,4.025000095367432,4.025000095367432,4.025000095367432,2569.0
2026-08-05 12:05:00,ACDC,,4.429999828338623,4.440000057220459,4.414999961853027,4.420000076293945,15475.0
2026-08-05 12:05:00,EYE,,23.18000030517578,23.200000762939453,23.18000030517578,23.200000762939453,2524.0
2026-08-05 12:05:00,GLUE,,15.854999542236328,15.859999656677246,15.824999809265137,15.824999809265137,2993.0
2026-08-05 12:05:00,MBRX,,0.40689998865127563,0.4081999957561493,0.4050000011920929,0.4050000011920929,604.0
2026-08-05 12:05:00,MDB,,376.2950134277344,376.2950134277344,376.2550048828125,376.2699890136719,838.0
2026-08-05 12:05:00,MDLZ,,62.255001068115234,62.275001525878906,62.25,62.2599983215332,8879.0
2026-08-05 12:05:00,MLTX,,17.549999237060547,17.549999237060547,17.549999237060547,17.549999237060547,3252.0
2026-08-05 12:05:00,MNST,,94.45999908447266,94.4800033569336,94.45999908447266,94.45999908447266,6017.0
2026-08-05 12:05:00,MNTS,,4.309999942779541,4.309999942779541,4.309999942779541,4.309999942779541,1363.0
2026-08-05 12:05:00,MPAA,,13.774999618530273,13.779999732971191,13.774999618530273,13.779999732971191,1285.0
2026-08-05 12:05:00,MPWR,,1328.0050048828125,1328.81005859375,1326.2099609375,1326.780029296875,1677.0
2026-08-05 12:05:00,MRNA,,56.88999938964844,56.88999938964844,56.84000015258789,56.86000061035156,9803.0
2026-08-05 12:05:00,MYGN,,3.1500000953674316,3.1559998989105225,3.1449999809265137,3.1500000953674316,10150.0
2026-08-05 12:05:00,NAMS,,26.704999923706055,26.735000610351562,26.704999923706055,26.729999542236328,2038.0
2026-08-05 12:05:00,NAUT,,0.9532999992370605,0.9532999992370605,0.9532999992370605,0.9532999992370605,106.0
2026-08-05 12:05:00,NAVI,,9.0600004196167,9.0600004196167,9.0600004196167,9.0600004196167,1135.0
2026-08-05 12:05:00,NBIX,,163.5,163.97999572753906,163.5,163.97999572753906,6102.0
2026-08-05 12:05:00,NBTB,,53.380001068115234,53.380001068115234,53.380001068115234,53.380001068115234,596.0
2026-08-05 12:05:00,NBTX,,39.58000183105469,39.58000183105469,39.58000183105469,39.58000183105469,102.0
2026-08-05 12:05:00,NCRA,,1.7899999618530273,1.7899999618530273,1.7899999618530273,1.7899999618530273,276.0
2026-08-05 12:05:00,NDAQ,,94.20999908447266,94.2699966430664,94.20999908447266,94.2699966430664,1029.0
2026-08-05 12:05:00,NDSN,,311.1700134277344,311.1700134277344,311.04998779296875,311.04998779296875,886.0
2026-08-05 12:05:00,NEO,,16.1299991607666,16.1299991607666,16.125,16.125,3483.0
2026-08-05 12:05:00,NEOG,,11.569999694824219,11.574999809265137,11.569999694824219,11.574999809265137,1806.0
2026-08-05 12:05:00,NEOV,,2.799999952316284,2.799999952316284,2.799999952316284,2.799999952316284,3260.0
2026-08-05 12:05:00,NESR,,28.600000381469727,28.610000610351562,28.600000381469727,28.600000381469727,1558.0
2026-08-05 12:05:00,NFLX,,73.58000183105469,73.66999816894531,73.58000183105469,73.63500213623047,45762.0
2026-08-05 12:05:00,NGNE,,34.90999984741211,34.90999984741211,34.90999984741211,34.90999984741211,333.0
2026-08-05 12:05:00,NICE,,97.20999908447266,97.21499633789062,97.19750213623047,97.20500183105469,4333.0
2026-08-05 12:05:00,NIU,,2.424999952316284,2.430000066757202,2.424999952316284,2.430000066757202,1515.0
2026-08-05 12:05:00,NKTR,,73.06500244140625,73.09750366210938,72.95999908447266,73.06999969482422,3032.0
2026-08-05 12:05:00,NKTX,,2.184999942779541,2.184999942779541,2.184999942779541,2.184999942779541,1260.0
2026-08-05 12:05:00,NMFC,,7.309000015258789,7.309000015258789,7.300000190734863,7.300000190734863,4615.0
2026-08-05 12:05:00,NMRA,,1.6050000190734863,1.6050000190734863,1.6050000190734863,1.6050000190734863,862.0
2026-08-05 12:05:00,NN,,14.204999923706055,14.210000038146973,14.199999809265137,14.210000038146973,4100.0
2026-08-05 12:05:00,NNBR,,3.7950000762939453,3.7950000762939453,3.7899999618530273,3.7899999618530273,617.0
2026-08-05 12:05:00,NNDM,,1.5449999570846558,1.5449999570846558,1.5399999618530273,1.5399999618530273,646.0
2026-08-05 12:05:00,NNOX,,1.0099999904632568,1.0099999904632568,1.0049999952316284,1.0049999952316284,2530.0
2026-08-05 12:05:00,NPCE,,13.430000305175781,13.430000305175781,13.430000305175781,13.430000305175781,101.0
2026-08-05 12:05:00,NRDS,,9.125,9.125,9.114999771118164,9.114999771118164,2939.0
2026-08-05 12:05:00,NRIX,,24.8700008392334,24.8700008392334,24.84000015258789,24.84000015258789,1135.0
2026-08-05 12:05:00,NRXP,,3.005000114440918,3.005000114440918,3.005000114440918,3.005000114440918,554.0
2026-08-05 12:05:00,NTAP,,189.0449981689453,189.2100067138672,189.0225067138672,189.07000732421875,3513.0
2026-08-05 12:05:00,NTCT,,41.79999923706055,41.79999923706055,41.79999923706055,41.79999923706055,861.0
2026-08-05 12:05:00,NTES,,127.61000061035156,127.66999816894531,127.61000061035156,127.63999938964844,1749.0
2026-08-05 12:05:00,NTNX,,60.40999984741211,60.40999984741211,60.369998931884766,60.3849983215332,7236.0
2026-08-05 12:05:00,NTRA,,276.4049987792969,276.45001220703125,276.25,276.45001220703125,2838.0
2026-08-05 12:05:00,NTRS,,183.39999389648438,183.39999389648438,183.3300018310547,183.35000610351562,1303.0
2026-08-05 12:05:00,NUTX,,155.97999572753906,155.97999572753906,155.97999572753906,155.97999572753906,510.0
2026-08-05 12:05:00,NVAX,,7.644999980926514,7.650000095367432,7.644999980926514,7.644999980926514,3428.0
2026-08-05 12:05:00,NVCR,,16.049999237060547,16.049999237060547,16.049999237060547,16.049999237060547,1000.0
2026-08-05 12:05:00,NVDA,,219.8000030517578,219.86000061035156,219.67999267578125,219.73500061035156,150684.0
2026-08-05 12:05:00,NVMI,,409.3901062011719,409.82501220703125,408.989990234375,409.6099853515625,887.0
2026-08-05 12:05:00,NVTS,,12.515000343322754,12.515000343322754,12.494999885559082,12.5,7753.0
2026-08-05 12:05:00,NWL,,6.190000057220459,6.204999923706055,6.190000057220459,6.204999923706055,14397.0
2026-08-05 12:05:00,NWS,,32.16999816894531,32.209999084472656,32.16999816894531,32.189998626708984,4741.0
2026-08-05 12:05:00,NWSA,,28.1200008392334,28.155000686645508,28.1200008392334,28.139999389648438,6976.0
2026-08-05 12:05:00,NXPI,,231.72500610351562,231.72999572753906,231.49000549316406,231.55499267578125,3316.0
2026-08-05 12:05:00,NXT,,99.08499908447266,99.2699966430664,98.94999694824219,98.94999694824219,1945.0
2026-08-05 12:05:00,OABI,,2.075000047683716,2.075000047683716,2.059999942779541,2.059999942779541,5380.0
2026-08-05 12:05:00,OCFC,,19.729999542236328,19.729999542236328,19.729999542236328,19.729999542236328,304.0
2026-08-05 12:05:00,OCGN,,1.2949999570846558,1.2999999523162842,1.2949999570846558,1.2949999570846558,2508.0
2026-08-05 12:05:00,OCSL,,12.130000114440918,12.130000114440918,12.114999771118164,12.119999885559082,1200.0
2026-08-05 12:05:00,OCUL,,8.5,8.5,8.5,8.5,3428.0
2026-08-05 12:05:00,ODD,,15.21500015258789,15.21500015258789,15.21500015258789,15.21500015258789,593.0
2026-08-05 12:05:00,ODFL,,214.39999389648438,214.39999389648438,214.39999389648438,214.39999389648438,1015.0
2026-08-05 12:05:00,OKTA,,147.64999389648438,147.64999389648438,147.5500030517578,147.5500030517578,3758.0
2026-08-05 12:05:00,OLB,,0.30709999799728394,0.30709999799728394,0.3070000112056732,0.3070000112056732,10184.0
2026-08-05 12:05:00,OLLI,,78.2249984741211,78.33999633789062,78.2249984741211,78.33999633789062,3326.0
2026-08-05 12:05:00,OLMA,,11.555000305175781,11.555000305175781,11.555000305175781,11.555000305175781,296.0
2026-08-05 12:05:00,OMCL,,37.36000061035156,37.36000061035156,37.36000061035156,37.36000061035156,791.0
2026-08-05 12:05:00,OMH,,0.11169999837875366,0.11180000007152557,0.11169999837875366,0.11180000007152557,1647.0
2026-08-05 12:05:00,ON,,77.30000305175781,77.30999755859375,77.12000274658203,77.16999816894531,29720.0
2026-08-05 12:05:00,ONB,,27.010000228881836,27.014999389648438,27.010000228881836,27.014999389648438,3091.0
2026-08-05 12:05:00,ONDS,,8.864999771118164,8.899999618530273,8.864999771118164,8.885000228881836,514181.0
2026-08-05 12:05:00,ONFO,,0.07289999723434448,0.07410000264644623,0.07289999723434448,0.07410000264644623,70071.0
2026-08-05 12:05:00,OPCH,,23.3799991607666,23.3799991607666,23.360000610351562,23.360000610351562,1548.0
2026-08-05 12:05:00,OPEN,,3.7980000972747803,3.799999952316284,3.7808001041412354,3.7850000858306885,267476.0
2026-08-05 12:05:00,OPK,,1.3100999593734741,1.315000057220459,1.309999942779541,1.315000057220459,2018.0
2026-08-05 12:05:00,ORLY,,93.13009643554688,93.19000244140625,93.12999725341797,93.1500015258789,12825.0
2026-08-05 12:05:00,OSS,,13.899999618530273,13.899999618530273,13.890000343322754,13.890000343322754,988.0
2026-08-05 12:05:00,OSUR,,4.144999980926514,4.144999980926514,4.144999980926514,4.144999980926514,111.0
2026-08-05 12:05:00,OSW,,26.59000015258789,26.59000015258789,26.59000015258789,26.59000015258789,147.0
2026-08-05 12:05:00,OTEX,,25.7450008392334,25.7549991607666,25.7450008392334,25.7549991607666,1352.0
2026-08-05 12:05:00,OTLK,,1.0190000534057617,1.0190000534057617,1.0149999856948853,1.0149999856948853,1480.0
2026-08-05 12:05:00,OTLY,,14.470000267028809,14.470000267028809,14.470000267028809,14.470000267028809,779.0
2026-08-05 12:05:00,OVID,,2.640000104904175,2.640000104904175,2.640000104904175,2.640000104904175,703.0
2026-08-05 12:05:00,OXLC,,9.130000114440918,9.130000114440918,9.125,9.129899978637695,2316.0
2026-08-05 12:05:00,OXLCM,,25.028600692749023,25.028600692749023,25.028600692749023,25.028600692749023,530.0
2026-08-05 12:05:00,OXSQ,,1.4900000095367432,1.4900000095367432,1.4900000095367432,1.4900000095367432,470.0
2026-08-05 12:05:00,PAA,,23.235000610351562,23.25,23.235000610351562,23.25,2514.0
2026-08-05 12:05:00,PAAS,,47.94990158081055,47.970001220703125,47.869998931884766,47.869998931884766,17693.0
2026-08-05 12:05:00,PACB,,1.399999976158142,1.399999976158142,1.399999976158142,1.399999976158142,1560.0
2026-08-05 12:05:00,PAGP,,25.190000534057617,25.190000534057617,25.190000534057617,25.190000534057617,3261.0
2026-08-05 12:05:00,PALI,,2.119999885559082,2.119999885559082,2.110100030899048,2.110100030899048,2802.0
2026-08-05 12:05:00,PANW,,364.1499938964844,364.6499938964844,364.1099853515625,364.6499938964844,5805.0
2026-08-05 12:05:00,PAX,,11.364999771118164,11.364999771118164,11.364999771118164,11.364999771118164,312.0
2026-08-05 12:05:00,PAYO,,7.119999885559082,7.130000114440918,7.119999885559082,7.130000114440918,1480.0
2026-08-05 12:05:00,PAYS,,9.09000015258789,9.09000015258789,9.09000015258789,9.09000015258789,1602.0
2026-08-05 12:05:00,PAYX,,116.6050033569336,116.6050033569336,116.5999984741211,116.5999984741211,2484.0
2026-08-05 12:05:00,PCAR,,134.0800018310547,134.0800018310547,134.0500030517578,134.0800018310547,1764.0
2026-08-05 12:05:00,PCRX,,24.885000228881836,24.885000228881836,24.885000228881836,24.885000228881836,557.0
2026-08-05 12:05:00,PCT,,6.864999771118164,6.864999771118164,6.855000019073486,6.855000019073486,2454.0
2026-08-05 12:05:00,PCTY,,143.94000244140625,143.94000244140625,143.66000366210938,143.66000366210938,302.0
2026-08-05 12:05:00,PDD,,91.19999694824219,91.19999694824219,91.11499786376953,91.16999816894531,14035.0
2026-08-05 12:05:00,PDFS,,50.20000076293945,50.20000076293945,50.185001373291016,50.185001373291016,975.0
2026-08-05 12:05:00,PEBO,,41.59000015258789,41.599998474121094,41.59000015258789,41.599998474121094,955.0
2026-08-05 12:05:00,PECO,,41.41999816894531,41.41999816894531,41.41999816894531,41.41999816894531,2223.0
2026-08-05 12:05:00,PEGA,,31.56999969482422,31.579999923706055,31.56999969482422,31.579999923706055,1593.0
2026-08-05 12:05:00,PENN,,19.75,19.75,19.75,19.75,570.0
2026-08-05 12:05:00,PEP,,138.47999572753906,138.47999572753906,138.4600067138672,138.47999572753906,2829.0
2026-08-05 12:05:00,PERI,,9.520000457763672,9.520000457763672,9.510000228881836,9.510000228881836,775.0
2026-08-05 12:05:00,PESI,,17.75,17.799999237060547,17.75,17.799999237060547,1951.0
2026-08-05 12:05:00,PFG,,113.95999908447266,113.98999786376953,113.95999908447266,113.98999786376953,767.0
2026-08-05 12:05:00,PGEN,,6.965000152587891,6.96999979019165,6.965000152587891,6.96999979019165,5317.0
2026-08-05 12:05:00,PGNY,,31.68000030517578,31.68000030517578,31.68000030517578,31.68000030517578,605.0
2026-08-05 12:05:00,PGY,,21.729999542236328,21.729999542236328,21.639999389648438,21.670000076293945,9223.0
2026-08-05 12:05:00,PHAT,,8.460000038146973,8.479999542236328,8.444999694824219,8.444999694824219,46416.0
2026-08-05 12:05:00,PHUN,,2.1549999713897705,2.1600000858306885,2.1549999713897705,2.1600000858306885,2002.0
2026-08-05 12:05:00,PLAB,,32.09000015258789,32.09000015258789,32.06999969482422,32.06999969482422,800.0
2026-08-05 12:05:00,PLPC,,460.1099853515625,460.1099853515625,460.1099853515625,460.1099853515625,677.0
2026-08-05 12:05:00,PLSE,,36.779998779296875,36.779998779296875,36.779998779296875,36.779998779296875,719.0
2026-08-05 12:05:00,PLUG,,2.079900026321411,2.0799999237060547,2.069999933242798,2.075000047683716,18500.0
2026-08-05 12:05:00,PNFP,,107.5,107.5,107.48999786376953,107.5,1482.0
2026-08-05 12:05:00,POET,,8.279999732971191,8.279999732971191,8.244999885559082,8.260000228881836,13475.0
2026-08-05 12:05:00,POWI,,61.73500061035156,61.73500061035156,61.73500061035156,61.73500061035156,1226.0
2026-08-05 12:05:00,POWL,,213.0500030517578,213.0500030517578,212.4499969482422,212.59500122070312,1781.0
2026-08-05 12:05:00,PPIH,,25.844999313354492,25.844999313354492,25.844999313354492,25.844999313354492,208.0
2026-08-05 12:05:00,PPTA,,22.184999465942383,22.229999542236328,22.184999465942383,22.229999542236328,3316.0
2026-08-05 12:05:00,PRAX,,311.6449890136719,311.6449890136719,311.5849914550781,311.5849914550781,211.0
2026-08-05 12:05:00,PRCH,,15.880000114440918,15.890000343322754,15.880000114440918,15.890000343322754,1654.0
2026-08-05 12:05:00,PRCT,,18.8799991607666,18.90999984741211,18.8799991607666,18.8799991607666,3920.0
2026-08-05 12:05:00,PRE,,18.540000915527344,18.56999969482422,18.540000915527344,18.56999969482422,1215.0
2026-08-05 12:05:00,PRIM,,84.63999938964844,84.81999969482422,84.63999938964844,84.80999755859375,8059.0
2026-08-05 12:05:00,PRME,,3.0350000858306885,3.0350000858306885,3.0350000858306885,3.0350000858306885,1034.0
2026-08-05 12:05:00,PROF,,8.0600004196167,8.125,8.0600004196167,8.100000381469727,1576.0
2026-08-05 12:05:00,PROK,,1.6349999904632568,1.6349999904632568,1.6349999904632568,1.6349999904632568,1056.0
2026-08-05 12:05:00,PRQR,,1.9199999570846558,1.9199999570846558,1.9199999570846558,1.9199999570846558,484.0
2026-08-05 12:05:00,PRVA,,24.1299991607666,24.1299991607666,24.1299991607666,24.1299991607666,532.0
2026-08-05 12:05:00,PSEC,,2.190000057220459,2.190000057220459,2.188499927520752,2.190000057220459,1479.0
2026-08-05 12:05:00,PSMT,,193.61000061035156,193.61000061035156,193.61000061035156,193.61000061035156,366.0
2026-08-05 12:05:00,PSNL,,13.59000015258789,13.59000015258789,13.569999694824219,13.579999923706055,2739.0
2026-08-05 12:05:00,PTCT,,68.91999816894531,68.91999816894531,68.84500122070312,68.84500122070312,1257.0
2026-08-05 12:05:00,PTEN,,9.779000282287598,9.779999732971191,9.774999618530273,9.774999618530273,4185.0
2026-08-05 12:05:00,PTGX,,136.42999267578125,136.42999267578125,136.39999389648438,136.42999267578125,1189.0
2026-08-05 12:05:00,PTLO,,4.565000057220459,4.565000057220459,4.565000057220459,4.565000057220459,521.0
2026-08-05 12:05:00,PTON,,6.445000171661377,6.445000171661377,6.440000057220459,6.440000057220459,2438.0
2026-08-05 12:05:00,PWP,,17.315000534057617,17.315000534057617,17.315000534057617,17.315000534057617,1440.0
2026-08-05 12:05:00,PYPD,,4.510000228881836,4.510000228881836,4.5,4.510000228881836,3725.0
2026-08-05 12:05:00,PYPL,,58.25,58.275001525878906,58.25,58.26499938964844,5204.0
2026-08-05 12:05:00,PYXS,,3.1500000953674316,3.1500000953674316,3.1500000953674316,3.1500000953674316,352.0
2026-08-05 12:05:00,PZZA,,30.325000762939453,30.325000762939453,30.309999465942383,30.309999465942383,3049.0
2026-08-05 12:05:00,QCOM,,157.65499877929688,157.65499877929688,157.47000122070312,157.57000732421875,23245.0
2026-08-05 12:05:00,QFIN,,13.210000038146973,13.210000038146973,13.210000038146973,13.210000038146973,1324.0
2026-08-05 12:05:00,QRVO,,94.61000061035156,94.61000061035156,94.61000061035156,94.61000061035156,1113.0
2026-08-05 12:05:00,SEED,,0.9923999905586243,1.0300999879837036,0.9923999905586243,1.0298999547958374,14156.0
2026-08-05 12:06:00,ACDC,,4.445000171661377,4.445000171661377,4.440000057220459,4.440000057220459,6130.0
2026-08-05 12:06:00,CNXN,,84.43000030517578,84.43000030517578,84.43000030517578,84.43000030517578,705.0
2026-08-05 12:06:00,EYE,,23.170000076293945,23.190000534057617,23.170000076293945,23.18000030517578,2263.0
2026-08-05 12:06:00,FRST,,16.34000015258789,16.350000381469727,16.34000015258789,16.350000381469727,739.0
2026-08-05 12:06:00,GLUE,,15.864999771118164,15.864999771118164,15.850000381469727,15.850000381469727,1113.0
2026-08-05 12:06:00,KIDS,,21.354999542236328,21.354999542236328,21.354999542236328,21.354999542236328,220.0
2026-08-05 12:06:00,MBRX,,0.4065000116825104,0.40689998865127563,0.4052000045776367,0.4052000045776367,300.0
2026-08-05 12:06:00,MCRI,,124.80999755859375,124.80999755859375,124.80999755859375,124.80999755859375,550.0
2026-08-05 12:06:00,MDB,,375.9049987792969,376.3599853515625,375.9049987792969,376.2950134277344,2532.0
2026-08-05 12:06:00,MDLZ,,62.2599983215332,62.279998779296875,62.24100112915039,62.25,32401.0
2026-08-05 12:06:00,MLTX,,17.549999237060547,17.549999237060547,17.549999237060547,17.549999237060547,357.0
2026-08-05 12:06:00,MNST,,94.48999786376953,94.5,94.45999908447266,94.45999908447266,8449.0
2026-08-05 12:06:00,MNTK,,1.684999942779541,1.684999942779541,1.6799999475479126,1.684999942779541,1055.0
2026-08-05 12:06:00,MORN,,197.58999633789062,197.58999633789062,197.58999633789062,197.58999633789062,167.0
2026-08-05 12:06:00,MPWR,,1327.0,1328.5050048828125,1325.550048828125,1327.110107421875,1180.0
2026-08-05 12:06:00,MRNA,,56.90999984741211,56.93000030517578,56.869998931884766,56.88999938964844,8445.0
2026-08-05 12:06:00,MYGN,,3.1500000953674316,3.1549999713897705,3.1500000953674316,3.1549999713897705,957.0
2026-08-05 12:06:00,NAMS,,26.770000457763672,26.799999237060547,26.690000534057617,26.719999313354492,61547.0
2026-08-05 12:06:00,NAUT,,0.9532999992370605,0.9532999992370605,0.9532999992370605,0.9532999992370605,329.0
2026-08-05 12:06:00,NAVI,,9.045000076293945,9.050000190734863,9.045000076293945,9.050000190734863,1017.0
2026-08-05 12:06:00,NB,,5.079999923706055,5.085000038146973,5.079999923706055,5.079999923706055,2688.0
2026-08-05 12:06:00,NBIX,,163.52999877929688,163.66000366210938,163.52999877929688,163.66000366210938,807.0
2026-08-05 12:06:00,NBTB,,53.36000061035156,53.36000061035156,53.36000061035156,53.36000061035156,727.0
2026-08-05 12:06:00,NBTX,,39.54999923706055,39.54999923706055,39.54999923706055,39.54999923706055,3504.0
2026-08-05 12:06:00,NCMI,,4.110000133514404,4.110000133514404,4.110000133514404,4.110000133514404,1071.0
2026-08-05 12:06:00,NDAQ,,94.27999877929688,94.30999755859375,94.27999877929688,94.30999755859375,1701.0
2026-08-05 12:06:00,NECB,,27.219999313354492,27.219999313354492,27.219999313354492,27.219999313354492,354.0
2026-08-05 12:06:00,NEOG,,11.569999694824219,11.579999923706055,11.569999694824219,11.579999923706055,2310.0
2026-08-05 12:06:00,NEON,,0.9485999941825867,0.9485999941825867,0.9485999941825867,0.9485999941825867,410.0
2026-08-05 12:06:00,NESR,,28.59000015258789,28.6299991607666,28.59000015258789,28.6200008392334,1658.0
2026-08-05 12:06:00,NEWT,,15.095000267028809,15.095000267028809,15.095000267028809,15.095000267028809,115.0
2026-08-05 12:06:00,NFE,,0.3370000123977661,0.3375999927520752,0.3370000123977661,0.3375999927520752,985.0
2026-08-05 12:06:00,NFLX,,73.58499908447266,73.59500122070312,73.55000305175781,73.59500122070312,37095.0
2026-08-05 12:06:00,NGNE,,34.790000915527344,34.790000915527344,34.790000915527344,34.790000915527344,300.0
2026-08-05 12:06:00,NICE,,97.21499633789062,97.39990234375,97.21499633789062,97.39990234375,626.0
2026-08-05 12:06:00,NMFC,,7.279099941253662,7.300000190734863,7.279099941253662,7.300000190734863,4112.0
2026-08-05 12:06:00,NMIH,,44.38999938964844,44.38999938964844,44.38999938964844,44.38999938964844,869.0
2026-08-05 12:06:00,NMRK,,15.545000076293945,15.545000076293945,15.545000076293945,15.545000076293945,431.0
2026-08-05 12:06:00,NN,,14.1899995803833,14.210000038146973,14.175000190734863,14.204999923706055,11103.0
2026-08-05 12:06:00,NNBR,,3.7899999618530273,3.7899999618530273,3.7899999618530273,3.7899999618530273,1050.0
2026-08-05 12:06:00,NNDM,,1.5399999618530273,1.5449999570846558,1.5399999618530273,1.5449999570846558,1022.0
2026-08-05 12:06:00,NNOX,,1.0149999856948853,1.0149999856948853,1.0099999904632568,1.0099999904632568,1874.0
2026-08-05 12:06:00,NOVT,,156.90499877929688,156.90499877929688,156.90499877929688,156.90499877929688,612.0
2026-08-05 12:06:00,NPCE,,13.430000305175781,13.430000305175781,13.430000305175781,13.430000305175781,400.0
2026-08-05 12:06:00,NRC,,19.719999313354492,19.719999313354492,19.719999313354492,19.719999313354492,474.0
2026-08-05 12:06:00,NRIX,,24.920000076293945,24.920000076293945,24.920000076293945,24.920000076293945,317.0
2026-08-05 12:06:00,NRXP,,3.0064001083374023,3.0064001083374023,3.0064001083374023,3.0064001083374023,429.0
2026-08-05 12:06:00,NTAP,,188.80999755859375,189.0850067138672,188.80999755859375,188.9499969482422,4009.0
2026-08-05 12:06:00,NTCT,,41.73500061035156,41.790000915527344,41.73500061035156,41.73500061035156,828.0
2026-08-05 12:06:00,NTGR,,24.25,24.25,24.25,24.25,1063.0
2026-08-05 12:06:00,NTNX,,60.380001068115234,60.40999984741211,60.380001068115234,60.38999938964844,1681.0
2026-08-05 12:06:00,NTRS,,183.2899932861328,183.2899932861328,183.24000549316406,183.24000549316406,475.0
2026-08-05 12:06:00,NUWE,,1.7101000547409058,1.75,1.7101000547409058,1.75,4788.0
2026-08-05 12:06:00,NVAX,,7.644999980926514,7.646299839019775,7.643599987030029,7.646299839019775,1470.0
2026-08-05 12:06:00,NVDA,,219.55999755859375,219.91000366210938,219.4499969482422,219.8125,196650.0
2026-08-05 12:06:00,NVMI,,409.3900146484375,409.3900146484375,409.3900146484375,409.3900146484375,137.0
2026-08-05 12:06:00,NVTS,,12.510000228881836,12.52970027923584,12.489999771118164,12.520000457763672,55144.0
2026-08-05 12:06:00,NWBI,,15.9350004196167,15.9399995803833,15.9350004196167,15.9350004196167,1124.0
2026-08-05 12:06:00,NWE,,68.79000091552734,68.79000091552734,68.79000091552734,68.79000091552734,1147.0
2026-08-05 12:06:00,NWL,,6.195000171661377,6.199999809265137,6.190000057220459,6.195000171661377,5698.0
2026-08-05 12:06:00,NWS,,32.15999984741211,32.15999984741211,32.150001525878906,32.150001525878906,1949.0
2026-08-05 12:06:00,NWSA,,28.125,28.125,28.104999542236328,28.110000610351562,5573.0
2026-08-05 12:06:00,NXPI,,231.51499938964844,231.95199584960938,231.30999755859375,231.95199584960938,3753.0
2026-08-05 12:06:00,NXST,,192.39999389648438,192.39999389648438,192.39999389648438,192.39999389648438,1664.0
2026-08-05 12:06:00,NXT,,99.11499786376953,99.26640319824219,99.08000183105469,99.26640319824219,1679.0
2026-08-05 12:06:00,OCCI,,2.4649999141693115,2.4700000286102295,2.4649999141693115,2.4700000286102295,218.0
2026-08-05 12:06:00,OCFC,,19.725000381469727,19.725000381469727,19.725000381469727,19.725000381469727,1539.0
2026-08-05 12:06:00,OCGN,,1.2989000082015991,1.2999999523162842,1.2949999570846558,1.2999999523162842,4965.0
2026-08-05 12:06:00,OCS,,12.050000190734863,12.050000190734863,12.039999961853027,12.050000190734863,1476.0
2026-08-05 12:06:00,OCSL,,12.085000038146973,12.114999771118164,12.069999694824219,12.109999656677246,19007.0
2026-08-05 12:06:00,OCUL,,8.489999771118164,8.489999771118164,8.489999771118164,8.489999771118164,547.0
2026-08-05 12:06:00,ODD,,15.265000343322754,15.265000343322754,15.239999771118164,15.244999885559082,2712.0
2026-08-05 12:06:00,ODFL,,214.3800048828125,214.38999938964844,214.3699951171875,214.38999938964844,1402.0
2026-08-05 12:06:00,OFS,,3.515000104904175,3.515000104904175,3.515000104904175,3.515000104904175,104.0
2026-08-05 12:06:00,OGI,,0.9447000026702881,0.9447000026702881,0.9447000026702881,0.9447000026702881,306.0
2026-08-05 12:06:00,OLMA,,11.569999694824219,11.569999694824219,11.569999694824219,11.569999694824219,1073.0
2026-08-05 12:06:00,OM,,4.949999809265137,4.949999809265137,4.940000057220459,4.940000057220459,200.0
2026-08-05 12:06:00,OMCL,,37.36000061035156,37.36000061035156,37.36000061035156,37.36000061035156,475.0
2026-08-05 12:06:00,OMH,,0.11169999837875366,0.11180000007152557,0.11169999837875366,0.11169999837875366,12751.0
2026-08-05 12:06:00,ON,,77.29000091552734,77.375,77.2249984741211,77.30999755859375,18953.0
2026-08-05 12:06:00,ONB,,27.014999389648438,27.014999389648438,27.000099182128906,27.010000228881836,11185.0
2026-08-05 12:06:00,ONCY,,0.7960000038146973,0.7979999780654907,0.7943999767303467,0.7979999780654907,12514.0
2026-08-05 12:06:00,ONDS,,8.895000457763672,8.895000457763672,8.859999656677246,8.86989974975586,221609.0
2026-08-05 12:06:00,ONFO,,0.07360000163316727,0.07370000332593918,0.0729999989271164,0.0729999989271164,97348.0
2026-08-05 12:06:00,OPCH,,23.3799991607666,23.3799991607666,23.3799991607666,23.3799991607666,808.0
2026-08-05 12:06:00,OPEN,,3.805000066757202,3.809999942779541,3.7899999618530273,3.7950000762939453,43519.0
2026-08-05 12:06:00,ORIC,,13.135000228881836,13.135000228881836,13.135000228881836,13.135000228881836,2068.0
2026-08-05 12:06:00,ORLY,,93.12999725341797,93.16000366210938,93.12999725341797,93.13999938964844,5403.0
2026-08-05 12:06:00,OSBC,,25.760000228881836,25.760000228881836,25.760000228881836,25.760000228881836,492.0
2026-08-05 12:06:00,OSIS,,235.49000549316406,235.5,235.13999938964844,235.13999938964844,671.0
2026-08-05 12:06:00,OSS,,13.951299667358398,13.951299667358398,13.90060043334961,13.90060043334961,7889.0
2026-08-05 12:06:00,OSUR,,4.139999866485596,4.139999866485596,4.139999866485596,4.139999866485596,313.0
2026-08-05 12:06:00,OSW,,26.59000015258789,26.59000015258789,26.59000015258789,26.59000015258789,665.0
2026-08-05 12:06:00,OTEX,,25.760000228881836,25.760000228881836,25.760000228881836,25.760000228881836,2167.0
2026-08-05 12:06:00,OTLK,,1.024999976158142,1.0299999713897705,1.0199999809265137,1.0199999809265137,73765.0
2026-08-05 12:06:00,OTTR,,92.12999725341797,92.12999725341797,92.12999725341797,92.12999725341797,380.0
2026-08-05 12:06:00,OVID,,2.640000104904175,2.640000104904175,2.640000104904175,2.640000104904175,1266.0
2026-08-05 12:06:00,OXLC,,9.119999885559082,9.119999885559082,9.119999885559082,9.119999885559082,385.0
2026-08-05 12:06:00,OXSQ,,1.4850000143051147,1.4900000095367432,1.4850000143051147,1.4900000095367432,472.0
2026-08-05 12:06:00,PAA,,23.25349998474121,23.2549991607666,23.239999771118164,23.239999771118164,3664.0
2026-08-05 12:06:00,PAAS,,47.90999984741211,47.959999084472656,47.90999984741211,47.93000030517578,10969.0
2026-08-05 12:06:00,PAGP,,25.190000534057617,25.190000534057617,25.18000030517578,25.18000030517578,6649.0
2026-08-05 12:06:00,PALI,,2.119999885559082,2.125,2.115000009536743,2.119999885559082,12854.0
2026-08-05 12:06:00,PANW,,364.0799865722656,364.29998779296875,364.010009765625,364.1499938964844,3777.0
2026-08-05 12:06:00,PAX,,11.369999885559082,11.369999885559082,11.364999771118164,11.364999771118164,1412.0
2026-08-05 12:06:00,PAYO,,7.125,7.125,7.125,7.125,1337.0
2026-08-05 12:06:00,PAYS,,9.09749984741211,9.09749984741211,9.09749984741211,9.09749984741211,1586.0
2026-08-05 12:06:00,PAYX,,116.66000366210938,116.66000366210938,116.55999755859375,116.58999633789062,3949.0
2026-08-05 12:06:00,PCAR,,134.10000610351562,134.10000610351562,134.0449981689453,134.0449981689453,2037.0
2026-08-05 12:06:00,PCRX,,24.940000534057617,24.940000534057617,24.940000534057617,24.940000534057617,466.0
2026-08-05 12:06:00,PCT,,6.860000133514404,6.864999771118164,6.860000133514404,6.864999771118164,2477.0
2026-08-05 12:06:00,PCTY,,143.97000122070312,143.97000122070312,143.97000122070312,143.97000122070312,351.0
2026-08-05 12:06:00,PDD,,91.18000030517578,91.22000122070312,91.18000030517578,91.22000122070312,7219.0
2026-08-05 12:06:00,PDFS,,50.060001373291016,50.060001373291016,50.060001373291016,50.060001373291016,203.0
2026-08-05 12:06:00,PDLB,,20.549999237060547,20.549999237060547,20.549999237060547,20.549999237060547,176.0
2026-08-05 12:06:00,PDSB,,0.705299973487854,0.705299973487854,0.705299973487854,0.705299973487854,2502.0
2026-08-05 12:06:00,PECO,,41.41999816894531,41.41999816894531,41.40999984741211,41.41999816894531,3114.0
2026-08-05 12:06:00,PEGA,,31.575000762939453,31.575000762939453,31.559999465942383,31.575000762939453,2938.0
2026-08-05 12:06:00,PENN,,19.75,19.770000457763672,19.75,19.760000228881836,8261.0
2026-08-05 12:06:00,PEP,,138.47999572753906,138.50999450683594,138.44000244140625,138.4600067138672,5631.0
2026-08-05 12:06:00,PERI,,9.529999732971191,9.529999732971191,9.529999732971191,9.529999732971191,622.0
2026-08-05 12:06:00,PFG,,113.9800033569336,113.9800033569336,113.9800033569336,113.9800033569336,334.0
2026-08-05 12:06:00,PGEN,,6.965000152587891,6.965000152587891,6.965000152587891,6.965000152587891,4287.0
2026-08-05 12:06:00,PGY,,21.709999084472656,21.729999542236328,21.709999084472656,21.729999542236328,1720.0
2026-08-05 12:06:00,PHAT,,8.460000038146973,8.460000038146973,8.460000038146973,8.460000038146973,2668.0
2026-08-05 12:06:00,PHVS,,32.83000183105469,32.83000183105469,32.83000183105469,32.83000183105469,329.0
2026-08-05 12:06:00,PLAB,,32.091400146484375,32.091400146484375,32.06999969482422,32.06999969482422,1022.0
2026-08-05 12:06:00,PLBY,,1.149999976158142,1.149999976158142,1.149999976158142,1.149999976158142,320.0
2026-08-05 12:06:00,PLMR,,135.25,135.25,135.25,135.25,419.0
2026-08-05 12:06:00,PLTK,,3.994999885559082,3.994999885559082,3.984999895095825,3.990000009536743,3042.0
2026-08-05 12:06:00,PLUG,,2.075000047683716,2.0799999237060547,2.069999933242798,2.075000047683716,25756.0
2026-08-05 12:06:00,PNBK,,1.1399999856948853,1.1399999856948853,1.1399999856948853,1.1399999856948853,200.0
2026-08-05 12:06:00,PNFP,,107.42500305175781,107.43000030517578,107.42500305175781,107.43000030517578,651.0
2026-08-05 12:06:00,POET,,8.270000457763672,8.28499984741211,8.260000228881836,8.279999732971191,24264.0
2026-08-05 12:06:00,POOL,,203.49000549316406,203.49000549316406,203.49000549316406,203.49000549316406,173.0
2026-08-05 12:06:00,POWL,,213.0050048828125,213.33999633789062,212.89999389648438,213.33999633789062,535.0
2026-08-05 12:06:00,PPC,,26.434999465942383,26.434999465942383,26.434999465942383,26.434999465942383,1272.0
2026-08-05 12:06:00,PPTA,,22.225000381469727,22.229999542236328,22.219999313354492,22.229999542236328,2794.0
2026-08-05 12:06:00,PRAX,,312.3900146484375,312.3900146484375,312.3900146484375,312.3900146484375,475.0
2026-08-05 12:06:00,PRCT,,18.889999389648438,18.889999389648438,18.889999389648438,18.889999389648438,492.0
2026-08-05 12:06:00,PRDO,,32.900001525878906,32.915000915527344,32.900001525878906,32.915000915527344,1295.0
2026-08-05 12:06:00,PRE,,18.5,18.5,18.5,18.5,868.0
2026-08-05 12:06:00,PRIM,,84.66000366210938,84.77999877929688,84.66000366210938,84.7750015258789,3103.0
2026-08-05 12:06:00,PRME,,3.0450000762939453,3.0450000762939453,3.0350000858306885,3.039099931716919,8462.0
2026-08-05 12:06:00,PRVA,,24.1299991607666,24.1299991607666,24.1299991607666,24.1299991607666,744.0
2026-08-05 12:06:00,PSEC,,2.184999942779541,2.184999942779541,2.184999942779541,2.184999942779541,670.0
2026-08-05 12:06:00,PSNL,,13.600000381469727,13.600000381469727,13.579999923706055,13.579999923706055,1552.0
2026-08-05 12:06:00,PSNY,,13.949999809265137,13.949999809265137,13.9399995803833,13.949999809265137,355.0
2026-08-05 12:06:00,PTC,,139.56500244140625,139.61000061035156,139.56500244140625,139.61000061035156,605.0
2026-08-05 12:06:00,PTCT,,68.8550033569336,68.88500213623047,68.8499984741211,68.88500213623047,2545.0
2026-08-05 12:06:00,PTEN,,9.774999618530273,9.774999618530273,9.774999618530273,9.774999618530273,2454.0
2026-08-05 12:06:00,PTLO,,4.570000171661377,4.570000171661377,4.570000171661377,4.570000171661377,1584.0
2026-08-05 12:06:00,PTON,,6.440000057220459,6.445000171661377,6.440000057220459,6.445000171661377,5026.0
2026-08-05 12:06:00,PUBM,,13.369999885559082,13.369999885559082,13.369999885559082,13.369999885559082,1393.0
2026-08-05 12:06:00,PXS,,4.776299953460693,4.776299953460693,4.776299953460693,4.776299953460693,321.0
2026-08-05 12:06:00,PYPL,,58.290000915527344,58.290000915527344,58.2400016784668,58.255001068115234,38135.0
2026-08-05 12:06:00,PYXS,,3.1449999809265137,3.1449999809265137,3.1449999809265137,3.1449999809265137,2295.0
2026-08-05 12:06:00,PZZA,,30.329999923706055,30.34000015258789,30.329999923706055,30.334400177001953,1150.0
2026-08-05 12:06:00,QCOM,,157.6699981689453,157.75999450683594,157.5800018310547,157.64999389648438,16750.0
2026-08-05 12:06:00,QCRH,,105.15499877929688,105.15499877929688,105.15499877929688,105.15499877929688,238.0
2026-08-05 12:06:00,QFIN,,13.1899995803833,13.210000038146973,13.1899995803833,13.199999809265137,12034.0
2026-08-05 12:06:00,SEED,,0.960099995136261,0.9861999750137329,0.9581999778747559,0.9861999750137329,22031.0
2026-08-05 12:06:00,STIM,,2.265000104904175,2.2657999992370605,2.265000104904175,2.2657999992370605,546.0
2026-08-05 12:06:00,WOOF,,2.9149999618530273,2.9149999618530273,2.9149999618530273,2.9149999618530273,2083.0
2026-08-05 12:07:00,ACDC,,4.434999942779541,4.445000171661377,4.434999942779541,4.445000171661377,7485.0
2026-08-05 12:07:00,BPOP,,176.8800048828125,176.8800048828125,176.8800048828125,176.8800048828125,580.0
2026-08-05 12:07:00,CNXN,,84.58999633789062,84.58999633789062,84.58000183105469,84.58000183105469,3874.0
2026-08-05 12:07:00,EYE,,23.18000030517578,23.18000030517578,23.18000030517578,23.18000030517578,142.0
2026-08-05 12:07:00,FIZZ,,31.899999618530273,31.899999618530273,31.899999618530273,31.899999618530273,1915.0
2026-08-05 12:07:00,GLUE,,15.850000381469727,15.850000381469727,15.84000015258789,15.850000381469727,1777.0
2026-08-05 12:07:00,KITT,,1.0499999523162842,1.0499999523162842,1.0499999523162842,1.0499999523162842,193.0
2026-08-05 12:07:00,MBRX,,0.40849998593330383,0.40849998593330383,0.4020000100135803,0.4020000100135803,2816.0
2026-08-05 12:07:00,MDB,,375.9100036621094,375.9100036621094,375.7974853515625,375.7974853515625,714.0
2026-08-05 12:07:00,MDLZ,,62.279998779296875,62.290000915527344,62.2400016784668,62.255001068115234,27289.0
2026-08-05 12:07:00,MLTX,,17.559999465942383,17.559999465942383,17.54010009765625,17.559999465942383,938.0
2026-08-05 12:07:00,MNST,,94.52999877929688,94.52999877929688,94.5,94.5,9801.0
2026-08-05 12:07:00,MPWR,,1326.81494140625,1328.75,1326.7550048828125,1326.9549560546875,345.0
2026-08-05 12:07:00,MRNA,,56.98379898071289,56.98379898071289,56.959999084472656,56.970001220703125,2110.0
2026-08-05 12:07:00,MYGN,,3.1449999809265137,3.1549999713897705,3.140000104904175,3.1549999713897705,3034.0
2026-08-05 12:07:00,MYRG,,339.75,339.75,339.75,339.75,993.0
2026-08-05 12:07:00,NAMS,,26.760000228881836,26.770000457763672,26.760000228881836,26.770000457763672,5793.0
2026-08-05 12:07:00,NAVI,,9.0600004196167,9.0600004196167,9.050000190734863,9.050000190734863,3847.0
2026-08-05 12:07:00,NB,,5.077000141143799,5.079999923706055,5.077000141143799,5.079999923706055,3351.0
2026-08-05 12:07:00,NBIX,,163.6300048828125,163.66000366210938,163.5399932861328,163.5399932861328,2651.0
2026-08-05 12:07:00,NBTB,,53.34000015258789,53.34000015258789,53.34000015258789,53.34000015258789,579.0
2026-08-05 12:07:00,NDAQ,,94.27999877929688,94.4000015258789,94.2699966430664,94.36000061035156,3203.0
2026-08-05 12:07:00,NEO,,16.100000381469727,16.110000610351562,16.100000381469727,16.110000610351562,3099.0
2026-08-05 12:07:00,NEOG,,11.579999923706055,11.579999923706055,11.569999694824219,11.569999694824219,7502.0
2026-08-05 12:07:00,NEON,,0.9434000253677368,0.9434000253677368,0.9434000253677368,0.9434000253677368,3920.0
2026-08-05 12:07:00,NEOV,,2.799999952316284,2.799999952316284,2.799999952316284,2.799999952316284,167.0
2026-08-05 12:07:00,NESR,,28.6200008392334,28.6200008392334,28.610000610351562,28.610000610351562,1724.0
2026-08-05 12:07:00,NEXT,,6.40500020980835,6.40500020980835,6.394999980926514,6.394999980926514,4338.0
2026-08-05 12:07:00,NFE,,0.33709999918937683,0.33709999918937683,0.33709999918937683,0.33709999918937683,3906.0
2026-08-05 12:07:00,NFLX,,73.63009643554688,73.65499877929688,73.57499694824219,73.58000183105469,46912.0
2026-08-05 12:07:00,NGNE,,34.90999984741211,34.90999984741211,34.90999984741211,34.90999984741211,277.0
2026-08-05 12:07:00,NICE,,97.04499816894531,97.06999969482422,97.02999877929688,97.06999969482422,2823.0
2026-08-05 12:07:00,NKSH,,40.959999084472656,40.959999084472656,40.959999084472656,40.959999084472656,219.0
2026-08-05 12:07:00,NMFC,,7.289999961853027,7.289999961853027,7.28000020980835,7.28000020980835,3812.0
2026-08-05 12:07:00,NMIH,,44.345001220703125,44.345001220703125,44.345001220703125,44.345001220703125,1372.0
2026-08-05 12:07:00,NMRK,,15.539999961853027,15.539999961853027,15.539999961853027,15.539999961853027,961.0
2026-08-05 12:07:00,NN,,14.1899995803833,14.210000038146973,14.180000305175781,14.199999809265137,5086.0
2026-08-05 12:07:00,NNDM,,1.5399999618530273,1.5449999570846558,1.5399999618530273,1.5449999570846558,2213.0
2026-08-05 12:07:00,NNOX,,1.0099999904632568,1.0099999904632568,1.0099999904632568,1.0099999904632568,168.0
2026-08-05 12:07:00,NOVT,,157.10000610351562,157.30999755859375,157.0,157.0,3981.0
2026-08-05 12:07:00,NPCE,,13.369999885559082,13.404999732971191,13.369999885559082,13.404999732971191,3287.0
2026-08-05 12:07:00,NRC,,19.719999313354492,19.719999313354492,19.719999313354492,19.719999313354492,618.0
2026-08-05 12:07:00,NRDS,,9.125,9.125,9.125,9.125,300.0
2026-08-05 12:07:00,NRIM,,26.979999542236328,26.979999542236328,26.979999542236328,26.979999542236328,407.0
2026-08-05 12:07:00,NRIX,,24.920000076293945,24.920000076293945,24.895000457763672,24.895000457763672,712.0
2026-08-05 12:07:00,NSSC,,40.08250045776367,40.08250045776367,40.029998779296875,40.029998779296875,523.0
2026-08-05 12:07:00,NTAP,,188.8300018310547,188.97000122070312,188.8300018310547,188.88999938964844,3336.0
2026-08-05 12:07:00,NTCT,,41.810001373291016,41.810001373291016,41.810001373291016,41.810001373291016,932.0
2026-08-05 12:07:00,NTNX,,60.3849983215332,60.400001525878906,60.369998931884766,60.369998931884766,2976.0
2026-08-05 12:07:00,NTRA,,276.70001220703125,276.7200012207031,276.40399169921875,276.6600036621094,5170.0
2026-08-05 12:07:00,NTRS,,183.32000732421875,183.35000610351562,183.2050018310547,183.2050018310547,2073.0
2026-08-05 12:07:00,NUTX,,156.6199951171875,156.6199951171875,156.6199951171875,156.6199951171875,2035.0
2026-08-05 12:07:00,NUWE,,1.7200000286102295,1.7200000286102295,1.7200000286102295,1.7200000286102295,3032.0
2026-08-05 12:07:00,NVAX,,7.65880012512207,7.65880012512207,7.644999980926514,7.644999980926514,3173.0
2026-08-05 12:07:00,NVCR,,16.06999969482422,16.06999969482422,16.06999969482422,16.06999969482422,742.0
2026-08-05 12:07:00,NVDA,,219.3300018310547,219.64999389648438,219.27000427246094,219.58999633789062,183025.0
2026-08-05 12:07:00,NVTS,,12.484999656677246,12.519800186157227,12.470000267028809,12.510000228881836,11293.0
2026-08-05 12:07:00,NWBI,,15.930000305175781,15.930000305175781,15.930000305175781,15.930000305175781,1422.0
2026-08-05 12:07:00,NWL,,6.195000171661377,6.195000171661377,6.190000057220459,6.195000171661377,5262.0
2026-08-05 12:07:00,NWPX,,126.79499816894531,126.79499816894531,126.79499816894531,126.79499816894531,623.0
2026-08-05 12:07:00,NWS,,32.150001525878906,32.16999816894531,32.150001525878906,32.16999816894531,5357.0
2026-08-05 12:07:00,NWSA,,28.114999771118164,28.1299991607666,28.114999771118164,28.1200008392334,6127.0
2026-08-05 12:07:00,NXPI,,231.4499969482422,231.74000549316406,231.4499969482422,231.69000244140625,2728.0
2026-08-05 12:07:00,NXT,,98.9800033569336,99.16000366210938,98.92500305175781,99.12000274658203,7242.0
2026-08-05 12:07:00,NXTC,,5.099899768829346,5.099899768829346,5.099899768829346,5.099899768829346,899.0
2026-08-05 12:07:00,OCGN,,1.2899999618530273,1.2999999523162842,1.2899999618530273,1.2999999523162842,4059.0
2026-08-05 12:07:00,OCS,,12.0,12.0,12.0,12.0,2411.0
2026-08-05 12:07:00,OCSL,,12.09000015258789,12.09000015258789,12.085000038146973,12.085000038146973,1798.0
2026-08-05 12:07:00,OCUL,,8.479999542236328,8.489999771118164,8.479999542236328,8.489999771118164,3179.0
2026-08-05 12:07:00,ODD,,15.300000190734863,15.300000190734863,15.274999618530273,15.274999618530273,339.0
2026-08-05 12:07:00,ODFL,,214.24000549316406,214.24000549316406,214.19000244140625,214.19000244140625,1615.0
2026-08-05 12:07:00,OFIX,,10.6899995803833,10.6899995803833,10.630000114440918,10.630000114440918,2353.0
2026-08-05 12:07:00,OGI,,0.9460999965667725,0.9460999965667725,0.9460999965667725,0.9460999965667725,400.0
2026-08-05 12:07:00,OKTA,,147.5749969482422,147.5800018310547,147.52999877929688,147.5749969482422,4150.0
2026-08-05 12:07:00,OLB,,0.305400013923645,0.305400013923645,0.305400013923645,0.305400013923645,1008.0
2026-08-05 12:07:00,OMER,,12.868900299072266,12.868900299072266,12.868900299072266,12.868900299072266,3081.0
2026-08-05 12:07:00,OMH,,0.11140000075101852,0.11169999837875366,0.11140000075101852,0.11169999837875366,10541.0
2026-08-05 12:07:00,ON,,77.2300033569336,77.37000274658203,77.19999694824219,77.29000091552734,28932.0
2026-08-05 12:07:00,ONB,,27.010000228881836,27.014999389648438,27.010000228881836,27.014999389648438,6862.0
2026-08-05 12:07:00,ONDS,,8.875,8.898200035095215,8.864999771118164,8.895000457763672,325882.0
2026-08-05 12:07:00,ONFO,,0.07450000196695328,0.07500000298023224,0.0729999989271164,0.07360000163316727,26207.0
2026-08-05 12:07:00,OPCH,,23.3799991607666,23.3799991607666,23.3700008392334,23.3700008392334,3620.0
2026-08-05 12:07:00,OPEN,,3.805000066757202,3.8099000453948975,3.799999952316284,3.806299924850464,47809.0
2026-08-05 12:07:00,OPRA,,20.024999618530273,20.024999618530273,20.024999618530273,20.024999618530273,561.0
2026-08-05 12:07:00,ORGO,,2.3450000286102295,2.3450000286102295,2.3450000286102295,2.3450000286102295,310.0
2026-08-05 12:07:00,ORIC,,13.154999732971191,13.154999732971191,13.154999732971191,13.154999732971191,2978.0
2026-08-05 12:07:00,ORLY,,93.18000030517578,93.19499969482422,93.13999938964844,93.13999938964844,5619.0
2026-08-05 12:07:00,ORMP,,4.46999979019165,4.46999979019165,4.46999979019165,4.46999979019165,644.0
2026-08-05 12:07:00,OSBC,,25.75,25.7549991607666,25.75,25.7549991607666,421.0
2026-08-05 12:07:00,OSIS,,235.63999938964844,235.67999267578125,235.63999938964844,235.67999267578125,613.0
2026-08-05 12:07:00,OSS,,13.800000190734863,13.920000076293945,13.800000190734863,13.920000076293945,3412.0
2026-08-05 12:07:00,OSUR,,4.135000228881836,4.135000228881836,4.135000228881836,4.135000228881836,528.0
2026-08-05 12:07:00,OTEX,,25.7549991607666,25.770000457763672,25.7549991607666,25.760000228881836,3496.0
2026-08-05 12:07:00,OTLK,,1.024999976158142,1.0299999713897705,1.0199999809265137,1.0299999713897705,25654.0
2026-08-05 12:07:00,OTTR,,92.12000274658203,92.12000274658203,92.12000274658203,92.12000274658203,1456.0
2026-08-05 12:07:00,OVID,,2.6500000953674316,2.6500000953674316,2.640000104904175,2.640000104904175,6787.0
2026-08-05 12:07:00,OXSQ,,1.48989999294281,1.4900000095367432,1.48989999294281,1.4900000095367432,569.0
2026-08-05 12:07:00,PAA,,23.2549991607666,23.260000228881836,23.25,23.2549991607666,4121.0
2026-08-05 12:07:00,PAAS,,47.880001068115234,47.900001525878906,47.86000061035156,47.869998931884766,8099.0
2026-08-05 12:07:00,PACB,,1.4049999713897705,1.409999966621399,1.4049999713897705,1.4049999713897705,1716.0
2026-08-05 12:07:00,PAGP,,25.200000762939453,25.200000762939453,25.194499969482422,25.194499969482422,2417.0
2026-08-05 12:07:00,PALI,,2.125,2.125,2.1198999881744385,2.1198999881744385,3007.0
2026-08-05 12:07:00,PANW,,364.19000244140625,364.19000244140625,364.0,364.0199890136719,3698.0
2026-08-05 12:07:00,PATK,,87.5,87.5,87.5,87.5,767.0
2026-08-05 12:07:00,PAX,,11.380000114440918,11.380000114440918,11.369999885559082,11.369999885559082,1059.0
2026-08-05 12:07:00,PAYO,,7.119999885559082,7.125,7.119999885559082,7.119999885559082,1131.0
2026-08-05 12:07:00,PAYS,,9.09000015258789,9.09000015258789,9.09000015258789,9.09000015258789,535.0
2026-08-05 12:07:00,PAYX,,116.70999908447266,116.7300033569336,116.68000030517578,116.68000030517578,2903.0
2026-08-05 12:07:00,PCAR,,134.05999755859375,134.05999755859375,134.05999755859375,134.05999755859375,2189.0
2026-08-05 12:07:00,PCRX,,24.940000534057617,24.940000534057617,24.940000534057617,24.940000534057617,297.0
2026-08-05 12:07:00,PCT,,6.864999771118164,6.869999885559082,6.855000019073486,6.869999885559082,2742.0
2026-08-05 12:07:00,PCTY,,143.77000427246094,143.77000427246094,143.77000427246094,143.77000427246094,306.0
2026-08-05 12:07:00,PDD,,91.12999725341797,91.19499969482422,91.125,91.16999816894531,5914.0
2026-08-05 12:07:00,PENN,,19.739999771118164,19.739999771118164,19.735000610351562,19.735000610351562,445.0
2026-08-05 12:07:00,PEP,,138.55999755859375,138.5800018310547,138.48500061035156,138.49000549316406,8802.0
2026-08-05 12:07:00,PERI,,9.539999961853027,9.539999961853027,9.539999961853027,9.539999961853027,653.0
2026-08-05 12:07:00,PFG,,113.8949966430664,113.8949966430664,113.79000091552734,113.88999938964844,1825.0
2026-08-05 12:07:00,PGC,,46.65999984741211,46.65999984741211,46.65999984741211,46.65999984741211,596.0
2026-08-05 12:07:00,PGEN,,6.980000019073486,6.980000019073486,6.960000038146973,6.960000038146973,6153.0
2026-08-05 12:07:00,PGNY,,31.670000076293945,31.670000076293945,31.670000076293945,31.670000076293945,660.0
2026-08-05 12:07:00,PGY,,21.709999084472656,21.75,21.709999084472656,21.735000610351562,1530.0
2026-08-05 12:07:00,PHAT,,8.460000038146973,8.460000038146973,8.460000038146973,8.460000038146973,1562.0
2026-08-05 12:07:00,PHVS,,32.810001373291016,32.95000076293945,32.810001373291016,32.810001373291016,1382.0
2026-08-05 12:07:00,PLAB,,32.02000045776367,32.029998779296875,32.02000045776367,32.029998779296875,731.0
2026-08-05 12:07:00,PLTK,,3.994999885559082,3.994999885559082,3.994999885559082,3.994999885559082,4281.0
2026-08-05 12:07:00,PLUG,,2.075000047683716,2.0799999237060547,2.069999933242798,2.075000047683716,17666.0
2026-08-05 12:07:00,PNFP,,107.42500305175781,107.42500305175781,107.42500305175781,107.42500305175781,971.0
2026-08-05 12:07:00,PNTG,,38.790000915527344,38.790000915527344,38.790000915527344,38.790000915527344,600.0
2026-08-05 12:07:00,POET,,8.260000228881836,8.274999618530273,8.260000228881836,8.270000457763672,4289.0
2026-08-05 12:07:00,POOL,,203.66000366210938,203.66000366210938,203.63999938964844,203.63999938964844,551.0
2026-08-05 12:07:00,POWL,,212.9949951171875,212.9949951171875,212.9949951171875,212.9949951171875,606.0
2026-08-05 12:07:00,PPTA,,22.18000030517578,22.18000030517578,22.18000030517578,22.18000030517578,1119.0
2026-08-05 12:07:00,PRCH,,15.890000343322754,15.890000343322754,15.885000228881836,15.885100364685059,2388.0
2026-08-05 12:07:00,PRCT,,19.030000686645508,19.049999237060547,18.8799991607666,18.889999389648438,11118.0
2026-08-05 12:07:00,PRDO,,32.8849983215332,32.8849983215332,32.8849983215332,32.8849983215332,911.0
2026-08-05 12:07:00,PRIM,,84.37000274658203,84.7750015258789,84.3499984741211,84.7750015258789,3976.0
2026-08-05 12:07:00,PRME,,3.055000066757202,3.0699000358581543,3.0399999618530273,3.0399999618530273,30500.0
2026-08-05 12:07:00,PROF,,8.0600004196167,8.0600004196167,8.050000190734863,8.050000190734863,751.0
2026-08-05 12:07:00,PRQR,,1.9199999570846558,1.9199999570846558,1.9199999570846558,1.9199999570846558,223.0
2026-08-05 12:07:00,PRVA,,24.18000030517578,24.18000030517578,24.1299991607666,24.1299991607666,4650.0
2026-08-05 12:07:00,PSEC,,2.184999942779541,2.190000057220459,2.182300090789795,2.184999942779541,4946.0
2026-08-05 12:07:00,PSNL,,13.579999923706055,13.59000015258789,13.579999923706055,13.59000015258789,2876.0
2026-08-05 12:07:00,PSNY,,13.920000076293945,13.920000076293945,13.920000076293945,13.920000076293945,476.0
2026-08-05 12:07:00,PTC,,139.6699981689453,139.67999267578125,139.6300048828125,139.6300048828125,4128.0
2026-08-05 12:07:00,PTCT,,68.93000030517578,68.93000030517578,68.8550033569336,68.8550033569336,720.0
2026-08-05 12:07:00,PTEN,,9.774999618530273,9.779999732971191,9.770000457763672,9.779999732971191,12153.0
2026-08-05 12:07:00,PTON,,6.440000057220459,6.449999809265137,6.440000057220459,6.449999809265137,2708.0
2026-08-05 12:07:00,PWP,,17.280000686645508,17.280000686645508,17.280000686645508,17.280000686645508,726.0
2026-08-05 12:07:00,PYPD,,4.519999980926514,4.519999980926514,4.519999980926514,4.519999980926514,76.0
2026-08-05 12:07:00,PYPL,,58.279998779296875,58.30500030517578,58.279998779296875,58.290000915527344,13018.0
2026-08-05 12:07:00,PYXS,,3.1559998989105225,3.1559998989105225,3.1449999809265137,3.1449999809265137,230.0
2026-08-05 12:07:00,PZZA,,30.329999923706055,30.34000015258789,30.329999923706055,30.34000015258789,1948.0
2026-08-05 12:07:00,QCOM,,157.63099670410156,157.8000030517578,157.61000061035156,157.69500732421875,11042.0
2026-08-05 12:07:00,QCRH,,105.16000366210938,105.16000366210938,105.16000366210938,105.16000366210938,794.0
2026-08-05 12:07:00,QFIN,,13.199999809265137,13.204999923706055,13.199999809265137,13.204999923706055,2713.0
2026-08-05 12:07:00,QRVO,,94.55999755859375,94.55999755859375,94.55999755859375,94.55999755859375,259.0
2026-08-05 12:07:00,WOOF,,2.9100000858306885,2.9100000858306885,2.9100000858306885,2.9100000858306885,7571.0
2026-08-05 12:08:00,ACDC,,4.434999942779541,4.434999942779541,4.434999942779541,4.434999942779541,5251.0
2026-08-05 12:08:00,BPOP,,177.07000732421875,177.17999267578125,177.01499938964844,177.01499938964844,11030.0
2026-08-05 12:08:00,CNXN,,84.78250122070312,84.83999633789062,84.72000122070312,84.72000122070312,1091.0
2026-08-05 12:08:00,EYE,,23.170000076293945,23.18000030517578,23.170000076293945,23.18000030517578,1983.0
2026-08-05 12:08:00,MBRX,,0.40849998593330383,0.40849998593330383,0.40849998593330383,0.40849998593330383,0.0
2026-08-05 12:08:00,MDB,,376.0715026855469,376.0715026855469,375.9100036621094,375.9100036621094,761.0
2026-08-05 12:08:00,MDLZ,,62.345001220703125,62.345001220703125,62.279998779296875,62.279998779296875,8486.0
2026-08-05 12:08:00,MLTX,,17.55500030517578,17.55500030517578,17.55500030517578,17.55500030517578,464.0
2026-08-05 12:08:00,MNRO,,13.074999809265137,13.074999809265137,13.074999809265137,13.074999809265137,1011.0
2026-08-05 12:08:00,MNST,,94.54000091552734,94.54000091552734,94.5199966430664,94.52999877929688,4656.0
2026-08-05 12:08:00,MNTS,,4.33050012588501,4.33050012588501,4.33050012588501,4.33050012588501,122.0
2026-08-05 12:08:00,MORN,,197.58999633789062,197.81500244140625,197.58999633789062,197.81500244140625,1655.0
2026-08-05 12:08:00,MPWR,,1326.2900390625,1326.9124755859375,1324.8299560546875,1326.8199462890625,468.0
2026-08-05 12:08:00,MRNA,,56.904998779296875,56.91999816894531,56.904998779296875,56.91999816894531,1483.0
2026-08-05 12:08:00,MYGN,,3.134999990463257,3.140000104904175,3.125,3.140000104904175,7660.0
2026-08-05 12:08:00,NAMS,,26.760000228881836,26.760000228881836,26.760000228881836,26.760000228881836,1748.0
2026-08-05 12:08:00,NATR,,20.204999923706055,20.204999923706055,20.204999923706055,20.204999923706055,1270.0
2026-08-05 12:08:00,NAUT,,0.9508000016212463,0.9508000016212463,0.9508000016212463,0.9508000016212463,241.0
2026-08-05 12:08:00,NB,,5.074999809265137,5.074999809265137,5.074999809265137,5.074999809265137,1116.0
2026-08-05 12:08:00,NBTB,,53.314998626708984,53.314998626708984,53.314998626708984,53.314998626708984,538.0
2026-08-05 12:08:00,NCMI,,4.105000019073486,4.105000019073486,4.105000019073486,4.105000019073486,203.0
2026-08-05 12:08:00,NDAQ,,94.30999755859375,94.31999969482422,94.2750015258789,94.31500244140625,2253.0
2026-08-05 12:08:00,NEO,,16.059999465942383,16.100000381469727,16.059999465942383,16.100000381469727,3740.0
2026-08-05 12:08:00,NEOG,,11.555000305175781,11.569999694824219,11.555000305175781,11.569999694824219,3035.0
2026-08-05 12:08:00,NEOV,,2.799999952316284,2.805000066757202,2.7999000549316406,2.799999952316284,13400.0
2026-08-05 12:08:00,NESR,,28.6200008392334,28.6200008392334,28.604999542236328,28.604999542236328,817.0
2026-08-05 12:08:00,NEWT,,15.095000267028809,15.095000267028809,15.095000267028809,15.095000267028809,133.0
2026-08-05 12:08:00,NEXT,,6.40500020980835,6.40500020980835,6.40500020980835,6.40500020980835,1314.0
2026-08-05 12:08:00,NFE,,0.3366999924182892,0.3366999924182892,0.3366999924182892,0.3366999924182892,296.0
2026-08-05 12:08:00,NFLX,,73.65619659423828,73.66570281982422,73.625,73.63500213623047,31569.0
2026-08-05 12:08:00,NKTX,,2.174999952316284,2.180000066757202,2.174999952316284,2.180000066757202,1105.0
2026-08-05 12:08:00,NMFC,,7.295000076293945,7.295000076293945,7.289000034332275,7.289000034332275,1984.0
2026-08-05 12:08:00,NMRA,,1.6050000190734863,1.6050000190734863,1.6050000190734863,1.6050000190734863,2275.0
2026-08-05 12:08:00,NMRK,,15.529999732971191,15.539999961853027,15.529999732971191,15.539999961853027,1798.0
2026-08-05 12:08:00,NN,,14.1850004196167,14.1850004196167,14.170000076293945,14.180000305175781,2190.0
2026-08-05 12:08:00,NNBR,,3.799999952316284,3.799999952316284,3.7899999618530273,3.7899999618530273,880.0
2026-08-05 12:08:00,NNDM,,1.5399999618530273,1.547700047492981,1.5399999618530273,1.5399999618530273,830.0
2026-08-05 12:08:00,NOVT,,156.69500732421875,156.85000610351562,156.47000122070312,156.85000610351562,6748.0
2026-08-05 12:08:00,NRDS,,9.130000114440918,9.130000114440918,9.119999885559082,9.125,3048.0
2026-08-05 12:08:00,NRIX,,24.895000457763672,24.899999618530273,24.895000457763672,24.899999618530273,645.0
2026-08-05 12:08:00,NRXP,,3.005000114440918,3.005000114440918,3.005000114440918,3.005000114440918,495.0
2026-08-05 12:08:00,NTAP,,188.8000030517578,188.8300018310547,188.77999877929688,188.82000732421875,2799.0
2026-08-05 12:08:00,NTCT,,41.7400016784668,41.744998931884766,41.7400016784668,41.744998931884766,709.0
2026-08-05 12:08:00,NTES,,127.625,127.62999725341797,127.625,127.62999725341797,1907.0
2026-08-05 12:08:00,NTRA,,276.7200012207031,276.7200012207031,276.7200012207031,276.7200012207031,481.0
2026-08-05 12:08:00,NUTX,,157.4499969482422,157.4499969482422,156.77999877929688,156.77999877929688,1323.0
2026-08-05 12:08:00,NUWE,,1.715000033378601,1.7200000286102295,1.715000033378601,1.7200000286102295,1007.0
2026-08-05 12:08:00,NVAX,,7.640100002288818,7.644999980926514,7.635000228881836,7.644999980926514,2740.0
2026-08-05 12:08:00,NVCR,,16.059999465942383,16.059999465942383,16.059999465942383,16.059999465942383,687.0
2026-08-05 12:08:00,NVDA,,219.11199951171875,219.4600067138672,219.11199951171875,219.3300018310547,150784.0
2026-08-05 12:08:00,NVMI,,408.7449951171875,409.5,408.7449951171875,409.4100036621094,351.0
2026-08-05 12:08:00,NVTS,,12.470000267028809,12.484999656677246,12.460000038146973,12.479999542236328,14645.0
2026-08-05 12:08:00,NVX,,0.40220001339912415,0.40220001339912415,0.40059998631477356,0.40059998631477356,356.0
2026-08-05 12:08:00,NWBI,,15.925000190734863,15.925000190734863,15.925000190734863,15.925000190734863,1728.0
2026-08-05 12:08:00,NWL,,6.191100120544434,6.198999881744385,6.190000057220459,6.195000171661377,8693.0
2026-08-05 12:08:00,NWS,,32.13999938964844,32.150001525878906,32.13999938964844,32.150001525878906,2544.0
2026-08-05 12:08:00,NWSA,,28.094999313354492,28.110000610351562,28.094999313354492,28.110000610351562,5249.0
2026-08-05 12:08:00,NXGL,,0.4101000130176544,0.4101000130176544,0.4101000130176544,0.4101000130176544,201.0
2026-08-05 12:08:00,NXPI,,231.14999389648438,231.60000610351562,231.09500122070312,231.4351043701172,4132.0
2026-08-05 12:08:00,NXT,,98.83999633789062,98.95500183105469,98.83999633789062,98.95500183105469,4176.0
2026-08-05 12:08:00,OCGN,,1.309999942779541,1.309999942779541,1.2949999570846558,1.2999999523162842,33393.0
2026-08-05 12:08:00,OCSL,,12.079999923706055,12.085000038146973,12.079999923706055,12.085000038146973,736.0
2026-08-05 12:08:00,OCUL,,8.489999771118164,8.489999771118164,8.489999771118164,8.489999771118164,1070.0
2026-08-05 12:08:00,ODD,,15.239999771118164,15.279999732971191,15.239999771118164,15.279999732971191,2455.0
2026-08-05 12:08:00,ODFL,,214.0800018310547,214.14999389648438,214.0800018310547,214.14999389648438,1237.0
2026-08-05 12:08:00,OESX,,14.210000038146973,14.210000038146973,14.210000038146973,14.210000038146973,1486.0
2026-08-05 12:08:00,OFIX,,10.720000267028809,10.725000381469727,10.71500015258789,10.71500015258789,2434.0
2026-08-05 12:08:00,OGI,,0.9447000026702881,0.9447000026702881,0.9447000026702881,0.9447000026702881,589.0
2026-08-05 12:08:00,OKTA,,147.52000427246094,147.52000427246094,147.52000427246094,147.52000427246094,912.0
2026-08-05 12:08:00,OLB,,0.3037000000476837,0.3050000071525574,0.3037000000476837,0.3050000071525574,5639.0
2026-08-05 12:08:00,OLMA,,11.539999961853027,11.579999923706055,11.510000228881836,11.579999923706055,7512.0
2026-08-05 12:08:00,OM,,4.929999828338623,4.929999828338623,4.929999828338623,4.929999828338623,116.0
2026-08-05 12:08:00,OMCL,,37.43000030517578,37.43000030517578,37.43000030517578,37.43000030517578,617.0
2026-08-05 12:08:00,OMER,,12.854999542236328,12.854999542236328,12.854999542236328,12.854999542236328,385.0
2026-08-05 12:08:00,OMH,,0.11169999837875366,0.11169999837875366,0.11169999837875366,0.11169999837875366,764.0
2026-08-05 12:08:00,ON,,77.2300033569336,77.31999969482422,77.22010040283203,77.2300033569336,18229.0
2026-08-05 12:08:00,ONB,,27.0,27.010000228881836,27.0,27.010000228881836,10310.0
2026-08-05 12:08:00,ONCY,,0.7943000197410583,0.7978000044822693,0.7943000197410583,0.7978000044822693,10590.0
2026-08-05 12:08:00,ONDS,,8.84000015258789,8.880000114440918,8.84000015258789,8.880000114440918,270539.0
2026-08-05 12:08:00,ONEW,,12.65999984741211,12.65999984741211,12.65999984741211,12.65999984741211,600.0
2026-08-05 12:08:00,ONFO,,0.07490000128746033,0.07500000298023224,0.07400000095367432,0.07500000298023224,62280.0
2026-08-05 12:08:00,ONMD,,0.6729000210762024,0.6729000210762024,0.6729000210762024,0.6729000210762024,158.0
2026-08-05 12:08:00,OPAL,,2.325000047683716,2.3299999237060547,2.305000066757202,2.305000066757202,12842.0
2026-08-05 12:08:00,OPCH,,23.389999389648438,23.389999389648438,23.3799991607666,23.3799991607666,470.0
2026-08-05 12:08:00,OPEN,,3.805000066757202,3.809999942779541,3.799999952316284,3.799999952316284,50224.0
2026-08-05 12:08:00,OPK,,1.309999942779541,1.309999942779541,1.309999942779541,1.309999942779541,126.0
2026-08-05 12:08:00,OPRA,,20.010000228881836,20.010000228881836,20.010000228881836,20.010000228881836,799.0
2026-08-05 12:08:00,OPRT,,6.070000171661377,6.071100234985352,6.070000171661377,6.071100234985352,1343.0
2026-08-05 12:08:00,ORLY,,93.27749633789062,93.28500366210938,93.20999908447266,93.20999908447266,15478.0
2026-08-05 12:08:00,ORRF,,43.33000183105469,43.33000183105469,43.33000183105469,43.33000183105469,858.0
2026-08-05 12:08:00,OSBC,,25.7450008392334,25.7450008392334,25.7450008392334,25.7450008392334,231.0
2026-08-05 12:08:00,OSIS,,236.1699981689453,236.1699981689453,236.1699981689453,236.1699981689453,243.0
2026-08-05 12:08:00,OSS,,13.770000457763672,13.8100004196167,13.770000457763672,13.8100004196167,2462.0
2026-08-05 12:08:00,OSW,,26.579999923706055,26.579999923706055,26.579999923706055,26.579999923706055,1150.0
2026-08-05 12:08:00,OTEX,,25.7450008392334,25.760000228881836,25.7450008392334,25.75,2666.0
2026-08-05 12:08:00,OTLK,,1.0199999809265137,1.0299999713897705,1.0149999856948853,1.024999976158142,36942.0
2026-08-05 12:08:00,OVID,,2.6449999809265137,2.6449999809265137,2.640000104904175,2.640000104904175,540.0
2026-08-05 12:08:00,OXLC,,9.125,9.125,9.125,9.125,505.0
2026-08-05 12:08:00,OXSQ,,1.4850000143051147,1.4900000095367432,1.4850000143051147,1.4900000095367432,629.0
2026-08-05 12:08:00,PAA,,23.2450008392334,23.2549991607666,23.2450008392334,23.2549991607666,4941.0
2026-08-05 12:08:00,PAAS,,47.880001068115234,47.915000915527344,47.880001068115234,47.8849983215332,3049.0
2026-08-05 12:08:00,PACB,,1.4049999713897705,1.4049999713897705,1.4049999713897705,1.4049999713897705,1195.0
2026-08-05 12:08:00,PAGP,,25.200000762939453,25.200000762939453,25.19499969482422,25.200000762939453,10239.0
2026-08-05 12:08:00,PALI,,2.115000009536743,2.125,2.115000009536743,2.125,10383.0
2026-08-05 12:08:00,PANW,,364.380615234375,364.380615234375,363.8900146484375,364.1600036621094,2919.0
2026-08-05 12:08:00,PAX,,11.375,11.375,11.369999885559082,11.375,2161.0
2026-08-05 12:08:00,PAYO,,7.119999885559082,7.125,7.119999885559082,7.119999885559082,6279.0
2026-08-05 12:08:00,PAYX,,116.79000091552734,116.79000091552734,116.68000030517578,116.68000030517578,4462.0
2026-08-05 12:08:00,PBYI,,7.980000019073486,7.980000019073486,7.980000019073486,7.980000019073486,296.0
2026-08-05 12:08:00,PCAR,,134.07000732421875,134.10000610351562,134.0449981689453,134.07000732421875,4353.0
2026-08-05 12:08:00,PCRX,,24.80500030517578,24.959999084472656,24.80500030517578,24.899999618530273,6198.0
2026-08-05 12:08:00,PCT,,6.855000019073486,6.860000133514404,6.855000019073486,6.860000133514404,6527.0
2026-08-05 12:08:00,PCTY,,143.77999877929688,143.77999877929688,143.77999877929688,143.77999877929688,371.0
2026-08-05 12:08:00,PDD,,91.08000183105469,91.12000274658203,91.06999969482422,91.12000274658203,11468.0
2026-08-05 12:08:00,PDFS,,50.189998626708984,50.20000076293945,50.14500045776367,50.14500045776367,6324.0
2026-08-05 12:08:00,PDSB,,0.7120000123977661,0.7120000123977661,0.7120000123977661,0.7120000123977661,1101.0
2026-08-05 12:08:00,PECO,,41.38999938964844,41.400001525878906,41.375,41.400001525878906,4415.0
2026-08-05 12:08:00,PEGA,,31.584999084472656,31.584999084472656,31.57069969177246,31.584999084472656,2505.0
2026-08-05 12:08:00,PENN,,19.7450008392334,19.75,19.709999084472656,19.719999313354492,20808.0
2026-08-05 12:08:00,PEP,,138.64999389648438,138.66000366210938,138.5500030517578,138.5699005126953,11703.0
2026-08-05 12:08:00,PEPG,,1.9149999618530273,1.9149999618530273,1.9149999618530273,1.9149999618530273,111.0
2026-08-05 12:08:00,PERI,,9.550000190734863,9.555000305175781,9.550000190734863,9.550000190734863,1999.0
2026-08-05 12:08:00,PFG,,113.87999725341797,113.87999725341797,113.87999725341797,113.87999725341797,1153.0
2026-08-05 12:08:00,PFIS,,71.8949966430664,71.8949966430664,71.8949966430664,71.8949966430664,707.0
2026-08-05 12:08:00,PGEN,,6.965000152587891,6.96999979019165,6.960000038146973,6.96999979019165,8610.0
2026-08-05 12:08:00,PGNY,,31.68000030517578,31.68000030517578,31.68000030517578,31.68000030517578,323.0
2026-08-05 12:08:00,PGY,,21.68000030517578,21.700000762939453,21.68000030517578,21.700000762939453,1371.0
2026-08-05 12:08:00,PHAT,,8.460000038146973,8.460000038146973,8.460000038146973,8.460000038146973,1284.0
2026-08-05 12:08:00,PLAB,,32.012001037597656,32.012001037597656,32.0099983215332,32.0099983215332,655.0
2026-08-05 12:08:00,PLBY,,1.1449999809265137,1.149999976158142,1.1399999856948853,1.149999976158142,7232.0
2026-08-05 12:08:00,PLPC,,458.1099853515625,458.1099853515625,458.1099853515625,458.1099853515625,240.0
2026-08-05 12:08:00,PLRX,,1.0549999475479126,1.0549999475479126,1.0549999475479126,1.0549999475479126,801.0
2026-08-05 12:08:00,PLTK,,3.984999895095825,3.994999885559082,3.984999895095825,3.994999885559082,12022.0
2026-08-05 12:08:00,PLUG,,2.075000047683716,2.0799999237060547,2.069999933242798,2.075000047683716,89384.0
2026-08-05 12:08:00,PMVP,,1.1749999523162842,1.1749999523162842,1.1749999523162842,1.1749999523162842,1518.0
2026-08-05 12:08:00,PNBK,,1.1399999856948853,1.1399999856948853,1.1399999856948853,1.1399999856948853,68.0
2026-08-05 12:08:00,PNFP,,107.33000183105469,107.4124984741211,107.33000183105469,107.4124984741211,541.0
2026-08-05 12:08:00,POET,,8.239999771118164,8.260000228881836,8.239999771118164,8.260000228881836,9460.0
2026-08-05 12:08:00,POOL,,203.6649932861328,203.6649932861328,203.6649932861328,203.6649932861328,610.0
2026-08-05 12:08:00,POWL,,212.69000244140625,212.6999969482422,212.58999633789062,212.6999969482422,1385.0
2026-08-05 12:08:00,PPC,,26.43000030517578,26.43000030517578,26.43000030517578,26.43000030517578,1211.0
2026-08-05 12:08:00,PRAX,,312.44000244140625,312.44000244140625,312.44000244140625,312.44000244140625,104.0
2026-08-05 12:08:00,PRCH,,15.869999885559082,15.895000457763672,15.869999885559082,15.895000457763672,2544.0
2026-08-05 12:08:00,PRCT,,19.03499984741211,19.040000915527344,19.010000228881836,19.020000457763672,5099.0
2026-08-05 12:08:00,PRIM,,84.31999969482422,84.31999969482422,84.31999969482422,84.31999969482422,1305.0
2026-08-05 12:08:00,PRME,,3.065000057220459,3.065000057220459,3.058500051498413,3.058500051498413,11490.0
2026-08-05 12:08:00,PROK,,1.6349999904632568,1.6349999904632568,1.6349999904632568,1.6349999904632568,2427.0
2026-08-05 12:08:00,PRQR,,1.9111000299453735,1.9111000299453735,1.909999966621399,1.909999966621399,809.0
2026-08-05 12:08:00,PRTA,,8.524999618530273,8.524999618530273,8.524999618530273,8.524999618530273,266.0
2026-08-05 12:08:00,PRVA,,24.209999084472656,24.209999084472656,24.18000030517578,24.18000030517578,3692.0
2026-08-05 12:08:00,PSEC,,2.1800999641418457,2.184999942779541,2.1800999641418457,2.184999942779541,732.0
2026-08-05 12:08:00,PSNL,,13.569999694824219,13.569999694824219,13.569999694824219,13.569999694824219,2638.0
2026-08-05 12:08:00,PTCT,,68.83000183105469,68.875,68.81999969482422,68.875,7767.0
2026-08-05 12:08:00,PTEN,,9.779899597167969,9.779999732971191,9.765000343322754,9.770000457763672,11086.0
2026-08-05 12:08:00,PTGX,,136.5,136.5,136.5,136.5,576.0
2026-08-05 12:08:00,PTLO,,4.578999996185303,4.578999996185303,4.578999996185303,4.578999996185303,802.0
2026-08-05 12:08:00,PTON,,6.440000057220459,6.449999809265137,6.440000057220459,6.440000057220459,7626.0
2026-08-05 12:08:00,PWP,,17.290000915527344,17.290000915527344,17.274999618530273,17.274999618530273,1971.0
2026-08-05 12:08:00,PXLW,,6.164999961853027,6.164999961853027,6.164999961853027,6.164999961853027,200.0
2026-08-05 12:08:00,PYPL,,58.27410125732422,58.274600982666016,58.2599983215332,58.27000045776367,5202.0
2026-08-05 12:08:00,PYXS,,3.1449999809265137,3.1449999809265137,3.1449999809265137,3.1449999809265137,234.0
2026-08-05 12:08:00,PZZA,,30.315000534057617,30.31999969482422,30.315000534057617,30.31999969482422,2585.0
2026-08-05 12:08:00,QCOM,,157.5399932861328,157.6699981689453,157.50999450683594,157.6699981689453,8936.0
2026-08-05 12:08:00,QFIN,,13.1850004196167,13.199999809265137,13.1850004196167,13.199999809265137,2399.0
2026-08-05 12:08:00,QRVO,,94.4800033569336,94.55000305175781,94.4800033569336,94.55000305175781,1225.0
2026-08-05 12:08:00,SEED,,0.960099995136261,0.960099995136261,0.960099995136261,0.960099995136261,0.0
2026-08-05 12:08:00,STIM,,2.265000104904175,2.265000104904175,2.265000104904175,2.265000104904175,655.0
2026-08-05 12:09:00,ACDC,,4.434999942779541,4.434999942779541,4.429999828338623,4.429999828338623,675.0
2026-08-05 12:09:00,BPOP,,177.02000427246094,177.02000427246094,177.0,177.0,1331.0
2026-08-05 12:09:00,CASH,,89.0250015258789,89.0250015258789,89.0250015258789,89.0250015258789,310.0
2026-08-05 12:09:00,EYE,,23.190000534057617,23.190000534057617,23.15999984741211,23.170000076293945,2134.0
2026-08-05 12:09:00,FRST,,16.344999313354492,16.344999313354492,16.344999313354492,16.344999313354492,1102.0
2026-08-05 12:09:00,GLUE,,15.720000267028809,15.829999923706055,15.720000267028809,15.829999923706055,7866.0
2026-08-05 12:09:00,MBRX,,0.40849998593330383,0.40849998593330383,0.40849998593330383,0.40849998593330383,1654.0
2026-08-05 12:09:00,MDB,,375.9100036621094,375.9100036621094,375.8800048828125,375.9100036621094,1484.0
2026-08-05 12:09:00,MDLZ,,62.35499954223633,62.369998931884766,62.33000183105469,62.349998474121094,15278.0
2026-08-05 12:09:00,MLTX,,17.530000686645508,17.530000686645508,17.530000686645508,17.530000686645508,935.0
2026-08-05 12:09:00,MNST,,94.55889892578125,94.55889892578125,94.51000213623047,94.54000091552734,3743.0
2026-08-05 12:09:00,MNTS,,4.329999923706055,4.329999923706055,4.329999923706055,4.329999923706055,329.0
2026-08-05 12:09:00,MPWR,,1326.22998046875,1326.3299560546875,1323.969970703125,1326.2900390625,933.0
2026-08-05 12:09:00,MRNA,,56.95000076293945,56.95000076293945,56.90999984741211,56.91999816894531,3490.0
2026-08-05 12:09:00,MYGN,,3.134999990463257,3.140000104904175,3.125,3.140000104904175,8471.0
2026-08-05 12:09:00,NAMS,,26.760000228881836,26.760000228881836,26.760000228881836,26.760000228881836,671.0
2026-08-05 12:09:00,NATR,,20.229999542236328,20.229999542236328,20.229999542236328,20.229999542236328,491.0
2026-08-05 12:09:00,NAUT,,0.9532999992370605,0.9532999992370605,0.9532999992370605,0.9532999992370605,175.0
2026-08-05 12:09:00,NAVI,,9.055000305175781,9.055000305175781,9.055000305175781,9.055000305175781,1638.0
2026-08-05 12:09:00,NBIX,,163.55499267578125,163.63999938964844,163.55499267578125,163.63999938964844,873.0
2026-08-05 12:09:00,NCMI,,4.105000019073486,4.105000019073486,4.105000019073486,4.105000019073486,200.0
2026-08-05 12:09:00,NDAQ,,94.31999969482422,94.31999969482422,94.31999969482422,94.31999969482422,835.0
2026-08-05 12:09:00,NECB,,27.329999923706055,27.329999923706055,27.329999923706055,27.329999923706055,309.0
2026-08-05 12:09:00,NEO,,16.079999923706055,16.079999923706055,16.065000534057617,16.065000534057617,2542.0
2026-08-05 12:09:00,NEOG,,11.5600004196167,11.5600004196167,11.555000305175781,11.555000305175781,1590.0
2026-08-05 12:09:00,NEOV,,2.8099000453948975,2.809999942779541,2.8099000453948975,2.809999942779541,2706.0
2026-08-05 12:09:00,NESR,,28.600000381469727,28.600000381469727,28.579999923706055,28.59000015258789,1326.0
2026-08-05 12:09:00,NEWT,,15.095000267028809,15.095000267028809,15.095000267028809,15.095000267028809,364.0
2026-08-05 12:09:00,NEXT,,6.40500020980835,6.40500020980835,6.40500020980835,6.40500020980835,231.0
2026-08-05 12:09:00,NFLX,,73.62000274658203,73.65499877929688,73.59500122070312,73.6500015258789,45031.0
2026-08-05 12:09:00,NGNE,,34.900001525878906,34.900001525878906,34.900001525878906,34.900001525878906,261.0
2026-08-05 12:09:00,NICE,,97.04000091552734,97.06500244140625,96.93000030517578,97.06500244140625,1367.0
2026-08-05 12:09:00,NKTX,,2.174999952316284,2.174999952316284,2.1700000762939453,2.1700000762939453,1272.0
2026-08-05 12:09:00,NMRK,,15.539999961853027,15.539999961853027,15.529999732971191,15.529999732971191,2833.0
2026-08-05 12:09:00,NN,,14.187000274658203,14.210000038146973,14.15999984741211,14.1899995803833,11602.0
2026-08-05 12:09:00,NNBR,,3.799999952316284,3.799999952316284,3.799999952316284,3.799999952316284,3767.0
2026-08-05 12:09:00,NNDM,,1.5399999618530273,1.541200041770935,1.5399999618530273,1.5399999618530273,5002.0
2026-08-05 12:09:00,NRIX,,24.84000015258789,24.8700008392334,24.829999923706055,24.8700008392334,3413.0
2026-08-05 12:09:00,NSSC,,40.0,40.0,39.97999954223633,40.0,1711.0
2026-08-05 12:09:00,NTAP,,188.9250030517578,189.11000061035156,188.9250030517578,189.11000061035156,1427.0
2026-08-05 12:09:00,NTNX,,60.369998931884766,60.380001068115234,60.369998931884766,60.380001068115234,2216.0
2026-08-05 12:09:00,NTRA,,276.8299865722656,276.8299865722656,276.4700012207031,276.5,2430.0
2026-08-05 12:09:00,NTRS,,183.21499633789062,183.21499633789062,183.1699981689453,183.1699981689453,2159.0
2026-08-05 12:09:00,NUWE,,1.7200000286102295,1.7200000286102295,1.7200000286102295,1.7200000286102295,888.0
2026-08-05 12:09:00,NVAX,,7.635000228881836,7.639999866485596,7.635000228881836,7.639999866485596,543.0
2026-08-05 12:09:00,NVDA,,219.2050018310547,219.25,218.96499633789062,219.1060028076172,200800.0
2026-08-05 12:09:00,NVMI,,408.7349853515625,408.739990234375,408.7349853515625,408.739990234375,176.0
2026-08-05 12:09:00,NVNI,,1.090000033378601,1.090000033378601,1.090000033378601,1.090000033378601,200.0
2026-08-05 12:09:00,NVTS,,12.470100402832031,12.475000381469727,12.444999694824219,12.460000038146973,7006.0
2026-08-05 12:09:00,NWGL,,0.26109999418258667,0.26109999418258667,0.26109999418258667,0.26109999418258667,302.0
2026-08-05 12:09:00,NWL,,6.199999809265137,6.210000038146973,6.190000057220459,6.199999809265137,13187.0
2026-08-05 12:09:00,NWPX,,126.4800033569336,126.4800033569336,126.4800033569336,126.4800033569336,636.0
2026-08-05 12:09:00,NWS,,32.150001525878906,32.150001525878906,32.130001068115234,32.130001068115234,1645.0
2026-08-05 12:09:00,NWSA,,28.110000610351562,28.1200008392334,28.09000015258789,28.094999313354492,10650.0
2026-08-05 12:09:00,NXPI,,231.35499572753906,231.36000061035156,230.94000244140625,231.02999877929688,3352.0
2026-08-05 12:09:00,NXST,,191.83999633789062,191.83999633789062,191.83999633789062,191.83999633789062,439.0
2026-08-05 12:09:00,NXT,,98.84500122070312,98.87000274658203,98.76000213623047,98.81500244140625,4575.0
2026-08-05 12:09:00,OABI,,2.069999933242798,2.069999933242798,2.069999933242798,2.069999933242798,626.0
2026-08-05 12:09:00,OBIO,,4.215000152587891,4.215000152587891,4.215000152587891,4.215000152587891,631.0
2026-08-05 12:09:00,OCC,,15.881999969482422,15.881999969482422,15.881999969482422,15.881999969482422,1152.0
2026-08-05 12:09:00,OCGN,,1.309999942779541,1.309999942779541,1.2999999523162842,1.309999942779541,5960.0
2026-08-05 12:09:00,OCSL,,12.109999656677246,12.109999656677246,12.079999923706055,12.079999923706055,7559.0
2026-08-05 12:09:00,OCUL,,8.489999771118164,8.489999771118164,8.484999656677246,8.484999656677246,2470.0
2026-08-05 12:09:00,ODD,,15.180000305175781,15.239999771118164,15.180000305175781,15.239999771118164,983.0
2026-08-05 12:09:00,ODFL,,214.0449981689453,214.0449981689453,214.0449981689453,214.0449981689453,975.0
2026-08-05 12:09:00,OESX,,14.489999771118164,14.489999771118164,14.489999771118164,14.489999771118164,1017.0
2026-08-05 12:09:00,OKTA,,147.33999633789062,147.52000427246094,147.33999633789062,147.52000427246094,2612.0
2026-08-05 12:09:00,OLLI,,78.29000091552734,78.29000091552734,78.2699966430664,78.2699966430664,1241.0
2026-08-05 12:09:00,OLMA,,11.539999961853027,11.539999961853027,11.510000228881836,11.510000228881836,1654.0
2026-08-05 12:09:00,OMER,,12.859999656677246,12.859999656677246,12.84000015258789,12.84000015258789,1364.0
2026-08-05 12:09:00,OMH,,0.11159999668598175,0.11159999668598175,0.11159999668598175,0.11159999668598175,6278.0
2026-08-05 12:09:00,ON,,77.2750015258789,77.29000091552734,77.14939880371094,77.19999694824219,21337.0
2026-08-05 12:09:00,ONB,,27.0049991607666,27.0049991607666,27.0,27.0,3134.0
2026-08-05 12:09:00,ONCY,,0.7907000184059143,0.7922999858856201,0.7907000184059143,0.7922999858856201,2800.0
2026-08-05 12:09:00,ONDS,,8.835000038146973,8.845000267028809,8.8149995803833,8.84000015258789,341727.0
2026-08-05 12:09:00,ONEW,,12.65999984741211,12.65999984741211,12.65999984741211,12.65999984741211,0.0
2026-08-05 12:09:00,ONFO,,0.07509999722242355,0.07509999722242355,0.07370000332593918,0.07370000332593918,32902.0
2026-08-05 12:09:00,OPCH,,23.3799991607666,23.3799991607666,23.3799991607666,23.3799991607666,1009.0
2026-08-05 12:09:00,OPEN,,3.799999952316284,3.809999942779541,3.7950000762939453,3.800100088119507,84599.0
2026-08-05 12:09:00,OPK,,1.315000057220459,1.3199000358581543,1.315000057220459,1.3199000358581543,4354.0
2026-08-05 12:09:00,OPRA,,19.84819984436035,20.0,19.84819984436035,19.979999542236328,11796.0
2026-08-05 12:09:00,ORLY,,93.27999877929688,93.30000305175781,93.2699966430664,93.29000091552734,6867.0
2026-08-05 12:09:00,OSIS,,235.52999877929688,235.6199951171875,235.52999877929688,235.6199951171875,551.0
2026-08-05 12:09:00,OSPN,,16.56999969482422,16.6200008392334,16.540000915527344,16.6200008392334,6574.0
2026-08-05 12:09:00,OSS,,13.819999694824219,13.819999694824219,13.760000228881836,13.760000228881836,2327.0
2026-08-05 12:09:00,OSUR,,4.135000228881836,4.135000228881836,4.125,4.125,1693.0
2026-08-05 12:09:00,OTEX,,25.729999542236328,25.739999771118164,25.729999542236328,25.739999771118164,1946.0
2026-08-05 12:09:00,OVID,,2.6449999809265137,2.6449999809265137,2.634999990463257,2.640000104904175,14143.0
2026-08-05 12:09:00,OXLC,,9.12090015411377,9.12090015411377,9.12090015411377,9.12090015411377,1057.0
2026-08-05 12:09:00,OXSQ,,1.4900000095367432,1.4900000095367432,1.4850000143051147,1.4900000095367432,10365.0
2026-08-05 12:09:00,PAA,,23.2450008392334,23.2450008392334,23.2450008392334,23.2450008392334,813.0
2026-08-05 12:09:00,PAAS,,47.91999816894531,47.91999816894531,47.855098724365234,47.855098724365234,2737.0
2026-08-05 12:09:00,PACB,,1.4049999713897705,1.4049999713897705,1.399999976158142,1.399999976158142,2049.0
2026-08-05 12:09:00,PAGP,,25.19499969482422,25.19499969482422,25.19499969482422,25.19499969482422,460.0
2026-08-05 12:09:00,PALI,,2.119999885559082,2.119999885559082,2.119999885559082,2.119999885559082,378.0
2026-08-05 12:09:00,PANL,,7.289999961853027,7.289999961853027,7.289999961853027,7.289999961853027,482.0
2026-08-05 12:09:00,PANW,,364.30999755859375,364.30999755859375,363.8999938964844,363.9599914550781,4906.0
2026-08-05 12:09:00,PAX,,11.375,11.380000114440918,11.375,11.380000114440918,1442.0
2026-08-05 12:09:00,PAYO,,7.130000114440918,7.130000114440918,7.119999885559082,7.122200012207031,7864.0
2026-08-05 12:09:00,PAYS,,9.095000267028809,9.095000267028809,9.095000267028809,9.095000267028809,443.0
2026-08-05 12:09:00,PAYX,,116.83999633789062,116.8949966430664,116.83999633789062,116.87000274658203,4243.0
2026-08-05 12:09:00,PCAR,,134.1699981689453,134.17999267578125,134.1199951171875,134.1199951171875,4168.0
2026-08-05 12:09:00,PCRX,,24.8700008392334,24.90999984741211,24.81999969482422,24.81999969482422,3430.0
2026-08-05 12:09:00,PCT,,6.855000019073486,6.860000133514404,6.84499979019165,6.855000019073486,6157.0
2026-08-05 12:09:00,PCTY,,143.96499633789062,143.96499633789062,143.96499633789062,143.96499633789062,155.0
2026-08-05 12:09:00,PDD,,91.09500122070312,91.11000061035156,91.08000183105469,91.08999633789062,8248.0
2026-08-05 12:09:00,PDSB,,0.7059000134468079,0.7059000134468079,0.7057999968528748,0.7059000134468079,1314.0
2026-08-05 12:09:00,PECO,,41.400001525878906,41.400001525878906,41.400001525878906,41.400001525878906,557.0
2026-08-05 12:09:00,PEGA,,31.549999237060547,31.584999084472656,31.549999237060547,31.584999084472656,3530.0
2026-08-05 12:09:00,PENN,,19.760000228881836,19.760000228881836,19.75,19.75,2504.0
2026-08-05 12:09:00,PEP,,138.6999969482422,138.6999969482422,138.6300048828125,138.66000366210938,7927.0
2026-08-05 12:09:00,PERI,,9.555000305175781,9.555000305175781,9.555000305175781,9.555000305175781,131.0
2026-08-05 12:09:00,PFG,,113.9000015258789,113.9000015258789,113.9000015258789,113.9000015258789,825.0
2026-08-05 12:09:00,PGEN,,6.980000019073486,6.985000133514404,6.960000038146973,6.96999979019165,7938.0
2026-08-05 12:09:00,PGNY,,31.68000030517578,31.68000030517578,31.68000030517578,31.68000030517578,315.0
2026-08-05 12:09:00,PGY,,21.649999618530273,21.670000076293945,21.649999618530273,21.670000076293945,1386.0
2026-08-05 12:09:00,PHAT,,8.460000038146973,8.460000038146973,8.460000038146973,8.460000038146973,333.0
2026-08-05 12:09:00,PHVS,,32.84000015258789,32.900001525878906,32.75,32.88999938964844,3652.0
2026-08-05 12:09:00,PLAB,,31.989999771118164,31.989999771118164,31.989999771118164,31.989999771118164,850.0
2026-08-05 12:09:00,PLSE,,36.69499969482422,36.69499969482422,36.619998931884766,36.65999984741211,1538.0
2026-08-05 12:09:00,PLUG,,2.075000047683716,2.0799999237060547,2.069999933242798,2.0799999237060547,18529.0
2026-08-05 12:09:00,PLXS,,274.6400146484375,274.6400146484375,274.5299987792969,274.5299987792969,1702.0
2026-08-05 12:09:00,PNFP,,107.41000366210938,107.41000366210938,107.41000366210938,107.41000366210938,110.0
2026-08-05 12:09:00,PNTG,,38.69499969482422,38.709999084472656,38.69499969482422,38.709999084472656,3094.0
2026-08-05 12:09:00,POET,,8.25,8.25,8.229999542236328,8.239999771118164,7840.0
2026-08-05 12:09:00,POWI,,61.76499938964844,61.76499938964844,61.76499938964844,61.76499938964844,390.0
2026-08-05 12:09:00,POWL,,212.69500732421875,212.9600067138672,212.50999450683594,212.50999450683594,2809.0
2026-08-05 12:09:00,PPC,,26.459999084472656,26.459999084472656,26.43000030517578,26.43000030517578,3806.0
2026-08-05 12:09:00,PPTA,,22.155000686645508,22.15999984741211,22.13610076904297,22.15999984741211,1585.0
2026-08-05 12:09:00,PRAX,,311.010009765625,311.010009765625,311.010009765625,311.010009765625,228.0
2026-08-05 12:09:00,PRCH,,15.869999885559082,15.869999885559082,15.859999656677246,15.859999656677246,6393.0
2026-08-05 12:09:00,PRCT,,19.03499984741211,19.040000915527344,19.03499984741211,19.040000915527344,1696.0
2026-08-05 12:09:00,PRGS,,41.849998474121094,41.849998474121094,41.849998474121094,41.849998474121094,299.0
2026-08-05 12:09:00,PRLD,,4.550000190734863,4.550000190734863,4.550000190734863,4.550000190734863,161.0
2026-08-05 12:09:00,PRME,,3.0601000785827637,3.0601000785827637,3.059999942779541,3.059999942779541,4888.0
2026-08-05 12:09:00,PRTA,,8.520000457763672,8.520000457763672,8.520000457763672,8.520000457763672,393.0
2026-08-05 12:09:00,PRTH,,6.565000057220459,6.565000057220459,6.565000057220459,6.565000057220459,163.0
2026-08-05 12:09:00,PRVA,,24.190000534057617,24.200000762939453,24.170000076293945,24.190000534057617,6900.0
2026-08-05 12:09:00,PSEC,,2.184999942779541,2.184999942779541,2.184999942779541,2.184999942779541,4799.0
2026-08-05 12:09:00,PSNL,,13.5600004196167,13.5600004196167,13.539999961853027,13.539999961853027,1789.0
2026-08-05 12:09:00,PTC,,139.55999755859375,139.67999267578125,139.55999755859375,139.5800018310547,1683.0
2026-08-05 12:09:00,PTCT,,68.87999725341797,68.87999725341797,68.81999969482422,68.81999969482422,3367.0
2026-08-05 12:09:00,PTEN,,9.779999732971191,9.779999732971191,9.779899597167969,9.779899597167969,1038.0
2026-08-05 12:09:00,PTON,,6.440000057220459,6.445000171661377,6.425000190734863,6.445000171661377,34586.0
2026-08-05 12:09:00,PYPD,,4.5,4.5,4.5,4.5,52.0
2026-08-05 12:09:00,PYPL,,58.22999954223633,58.279998779296875,58.22999954223633,58.27000045776367,16497.0
2026-08-05 12:09:00,PYXS,,3.1600000858306885,3.1600000858306885,3.1424999237060547,3.1500000953674316,967.0
2026-08-05 12:09:00,PZZA,,30.31999969482422,30.329999923706055,30.31999969482422,30.31999969482422,1837.0
2026-08-05 12:09:00,QCOM,,157.63999938964844,157.63999938964844,157.44000244140625,157.52999877929688,9944.0
2026-08-05 12:09:00,QFIN,,13.1899995803833,13.1899995803833,13.1899995803833,13.1899995803833,846.0
2026-08-05 12:09:00,QRVO,,94.42500305175781,94.42500305175781,94.41000366210938,94.41000366210938,319.0
2026-08-05 12:09:00,STIM,,2.265000104904175,2.265000104904175,2.265000104904175,2.265000104904175,1445.0
2026-08-05 12:09:00,WOOF,,2.9100000858306885,2.9100000858306885,2.9100000858306885,2.9100000858306885,314.0
2026-08-05 12:10:00,ACDC,,4.434999942779541,4.445000171661377,4.434999942779541,4.434999942779541,5835.0
2026-08-05 12:10:00,CNXN,,84.8499984741211,84.8499984741211,84.8499984741211,84.8499984741211,417.0
2026-08-05 12:10:00,DTIL,,7.510000228881836,7.510000228881836,7.510000228881836,7.510000228881836,474.0
2026-08-05 12:10:00,EYE,,23.114999771118164,23.19499969482422,23.110000610351562,23.19499969482422,4365.0
2026-08-05 12:10:00,GLUE,,15.729999542236328,15.729999542236328,15.729999542236328,15.729999542236328,942.0
2026-08-05 12:10:00,KIDS,,21.354999542236328,21.354999542236328,21.354999542236328,21.354999542236328,228.0
2026-08-05 12:10:00,MBRX,,0.4065000116825104,0.40849998593330383,0.4065000116825104,0.40849998593330383,1183.0
2026-08-05 12:10:00,MDB,,375.8699951171875,375.9599914550781,375.8699951171875,375.9100036621094,730.0
2026-08-05 12:10:00,MDLZ,,62.400001525878906,62.400001525878906,62.349998474121094,62.369998931884766,7030.0
2026-08-05 12:10:00,MLTX,,17.560100555419922,17.565399169921875,17.560100555419922,17.565399169921875,318.0
2026-08-05 12:10:00,MNRO,,13.0649995803833,13.0649995803833,13.0649995803833,13.0649995803833,876.0
2026-08-05 12:10:00,MNST,,94.55999755859375,94.58989715576172,94.55999755859375,94.56999969482422,8575.0
2026-08-05 12:10:00,MPWR,,1327.5450439453125,1327.9599609375,1325.7900390625,1326.47998046875,757.0
2026-08-05 12:10:00,MRNA,,56.95000076293945,56.9900016784668,56.90999984741211,56.970001220703125,6370.0
2026-08-05 12:10:00,MYGN,,3.134999990463257,3.134999990463257,3.134999990463257,3.134999990463257,1004.0
2026-08-05 12:10:00,NAMS,,26.850000381469727,26.850000381469727,26.75,26.760000228881836,19156.0
2026-08-05 12:10:00,NAUT,,0.9520000219345093,0.9520000219345093,0.9520000219345093,0.9520000219345093,113.0
2026-08-05 12:10:00,NB,,5.085000038146973,5.085000038146973,5.070000171661377,5.070000171661377,3615.0
2026-08-05 12:10:00,NBIX,,163.64999389648438,163.67999267578125,163.64999389648438,163.66000366210938,2449.0
2026-08-05 12:10:00,NBN,,134.6199951171875,134.6199951171875,134.49000549316406,134.5399932861328,754.0
2026-08-05 12:10:00,NBTB,,53.349998474121094,53.349998474121094,53.349998474121094,53.349998474121094,1757.0
2026-08-05 12:10:00,NCMI,,4.105000019073486,4.105000019073486,4.105000019073486,4.105000019073486,148.0
2026-08-05 12:10:00,NDAQ,,94.33499908447266,94.36000061035156,94.30000305175781,94.31999969482422,2829.0
2026-08-05 12:10:00,NEO,,16.059999465942383,16.075000762939453,16.059999465942383,16.075000762939453,2003.0
2026-08-05 12:10:00,NEOG,,11.574999809265137,11.579999923706055,11.555000305175781,11.555000305175781,14761.0
2026-08-05 12:10:00,NEOV,,2.8280999660491943,2.8280999660491943,2.815000057220459,2.815000057220459,3282.0
2026-08-05 12:10:00,NESR,,28.614999771118164,28.6200008392334,28.600000381469727,28.600000381469727,1651.0
2026-08-05 12:10:00,NEXT,,6.425000190734863,6.425000190734863,6.40500020980835,6.40500020980835,7187.0
2026-08-05 12:10:00,NFLX,,73.61000061035156,73.61499786376953,73.58000183105469,73.61499786376953,22546.0
2026-08-05 12:10:00,NICE,,96.87000274658203,96.87000274658203,96.87000274658203,96.87000274658203,907.0
2026-08-05 12:10:00,NKTR,,73.19499969482422,73.19499969482422,73.08499908447266,73.08499908447266,955.0
2026-08-05 12:10:00,NKTX,,2.174999952316284,2.174999952316284,2.174999952316284,2.174999952316284,635.0
2026-08-05 12:10:00,NMFC,,7.295000076293945,7.295000076293945,7.295000076293945,7.295000076293945,279.0
2026-08-05 12:10:00,NMIH,,44.36000061035156,44.36000061035156,44.33000183105469,44.33000183105469,1546.0
2026-08-05 12:10:00,NMRK,,15.539999961853027,15.539999961853027,15.539999961853027,15.539999961853027,619.0
2026-08-05 12:10:00,NN,,14.199999809265137,14.199999809265137,14.1850004196167,14.18809986114502,2114.0
2026-08-05 12:10:00,NNBR,,3.7799999713897705,3.809999942779541,3.7799999713897705,3.805000066757202,12429.0
2026-08-05 12:10:00,NNOX,,1.0149999856948853,1.0149999856948853,1.0149999856948853,1.0149999856948853,116.0
2026-08-05 12:10:00,NOVT,,156.51499938964844,156.51499938964844,156.44500732421875,156.44500732421875,531.0
2026-08-05 12:10:00,NRXP,,3.005000114440918,3.005000114440918,3.005000114440918,3.005000114440918,512.0
2026-08-05 12:10:00,NTAP,,188.9600067138672,188.9600067138672,188.9550018310547,188.9550018310547,1884.0
2026-08-05 12:10:00,NTNX,,60.41999816894531,60.45000076293945,60.38999938964844,60.400001525878906,3999.0
2026-08-05 12:10:00,NTRA,,276.79998779296875,276.8299865722656,276.79998779296875,276.8299865722656,622.0
2026-08-05 12:10:00,NUTX,,157.14999389648438,157.14999389648438,157.14999389648438,157.14999389648438,218.0
2026-08-05 12:10:00,NUWE,,1.7200000286102295,1.7200000286102295,1.7200000286102295,1.7200000286102295,1486.0
2026-08-05 12:10:00,NVAX,,7.644999980926514,7.644999980926514,7.639999866485596,7.639999866485596,5663.0
2026-08-05 12:10:00,NVCR,,16.075000762939453,16.079999923706055,16.06999969482422,16.079999923706055,5599.0
2026-08-05 12:10:00,NVDA,,219.07000732421875,219.2100067138672,219.02999877929688,219.19000244140625,207868.0
2026-08-05 12:10:00,NVMI,,408.739990234375,408.739990234375,408.739990234375,408.739990234375,356.0
2026-08-05 12:10:00,NVTS,,12.460000038146973,12.484999656677246,12.460000038146973,12.475000381469727,13712.0
2026-08-05 12:10:00,NVX,,0.40230000019073486,0.40230000019073486,0.40230000019073486,0.40230000019073486,174.0
2026-08-05 12:10:00,NWBI,,15.9350004196167,15.9350004196167,15.930000305175781,15.930000305175781,1838.0
2026-08-05 12:10:00,NWE,,68.9000015258789,68.94000244140625,68.9000015258789,68.94000244140625,2660.0
2026-08-05 12:10:00,NWGL,,0.2667999863624573,0.2667999863624573,0.2667999863624573,0.2667999863624573,449.0
2026-08-05 12:10:00,NWL,,6.210000038146973,6.21999979019165,6.199999809265137,6.201300144195557,10184.0
2026-08-05 12:10:00,NWS,,32.18000030517578,32.18000030517578,32.15999984741211,32.15999984741211,2983.0
2026-08-05 12:10:00,NWSA,,28.135000228881836,28.135000228881836,28.104999542236328,28.114999771118164,9945.0
2026-08-05 12:10:00,NXPI,,231.59860229492188,231.67999267578125,231.39999389648438,231.44000244140625,2145.0
2026-08-05 12:10:00,NXST,,192.0800018310547,192.0800018310547,192.0800018310547,192.0800018310547,1643.0
2026-08-05 12:10:00,NXT,,98.87000274658203,99.04000091552734,98.80999755859375,98.83999633789062,9198.0
2026-08-05 12:10:00,OCFC,,19.739999771118164,19.739999771118164,19.729999542236328,19.729999542236328,1401.0
2026-08-05 12:10:00,OCGN,,1.2999999523162842,1.309999942779541,1.2999999523162842,1.309999942779541,6133.0
2026-08-05 12:10:00,OCSL,,12.125,12.125,12.119999885559082,12.125,2099.0
2026-08-05 12:10:00,OCUL,,8.494999885559082,8.5,8.494999885559082,8.5,811.0
2026-08-05 12:10:00,ODFL,,214.0449981689453,214.1300048828125,213.97500610351562,214.125,3643.0
2026-08-05 12:10:00,OESX,,14.489999771118164,14.489999771118164,14.489999771118164,14.489999771118164,1106.0
2026-08-05 12:10:00,OKTA,,147.22999572753906,147.4250030517578,147.22999572753906,147.3800048828125,3911.0
2026-08-05 12:10:00,OLLI,,78.2300033569336,78.2300033569336,78.2300033569336,78.2300033569336,510.0
2026-08-05 12:10:00,OMCL,,37.404998779296875,37.41999816894531,37.3849983215332,37.41999816894531,1212.0
2026-08-05 12:10:00,OMER,,12.869999885559082,12.869999885559082,12.869999885559082,12.869999885559082,619.0
2026-08-05 12:10:00,OMH,,0.11129999905824661,0.11169999837875366,0.11129999905824661,0.11169999837875366,11265.0
2026-08-05 12:10:00,ON,,77.33999633789062,77.37000274658203,77.25,77.25,25557.0
2026-08-05 12:10:00,ONB,,27.010000228881836,27.010000228881836,27.0,27.000099182128906,8595.0
2026-08-05 12:10:00,ONCY,,0.7960000038146973,0.7960000038146973,0.7960000038146973,0.7960000038146973,0.0
2026-08-05 12:10:00,ONDS,,8.859999656677246,8.877400398254395,8.84000015258789,8.84000015258789,529729.0
2026-08-05 12:10:00,ONFO,,0.07490000128746033,0.07490000128746033,0.07460000365972519,0.07460000365972519,8738.0
2026-08-05 12:10:00,OPCH,,23.399999618530273,23.399999618530273,23.389999389648438,23.389999389648438,1759.0
2026-08-05 12:10:00,OPEN,,3.7950000762939453,3.809999942779541,3.7899999618530273,3.805000066757202,79332.0
2026-08-05 12:10:00,OPRA,,19.950000762939453,19.959999084472656,19.950000762939453,19.959999084472656,1960.0
2026-08-05 12:10:00,OPRT,,6.052499771118164,6.052499771118164,6.052499771118164,6.052499771118164,979.0
2026-08-05 12:10:00,ORGO,,2.3450000286102295,2.3450000286102295,2.3450000286102295,2.3450000286102295,2846.0
2026-08-05 12:10:00,ORIC,,13.199999809265137,13.199999809265137,13.180000305175781,13.180000305175781,1398.0
2026-08-05 12:10:00,ORLY,,93.30999755859375,93.31999969482422,93.29000091552734,93.30000305175781,10081.0
2026-08-05 12:10:00,ORMP,,4.465000152587891,4.46999979019165,4.465000152587891,4.46999979019165,3581.0
2026-08-05 12:10:00,OSBC,,25.75,25.75,25.75,25.75,615.0
2026-08-05 12:10:00,OSS,,13.890000343322754,13.890000343322754,13.843700408935547,13.843700408935547,1168.0
2026-08-05 12:10:00,OSUR,,4.135000228881836,4.135000228881836,4.135000228881836,4.135000228881836,309.0
2026-08-05 12:10:00,OTEX,,25.725000381469727,25.739999771118164,25.71500015258789,25.739999771118164,3172.0
2026-08-05 12:10:00,OXLC,,9.119999885559082,9.125,9.119999885559082,9.120100021362305,1297.0
2026-08-05 12:10:00,OXSQ,,1.4900000095367432,1.4900000095367432,1.4900000095367432,1.4900000095367432,585.0
2026-08-05 12:10:00,PAA,,23.280000686645508,23.280000686645508,23.2450008392334,23.2450008392334,16534.0
2026-08-05 12:10:00,PAAS,,47.91999816894531,47.970001220703125,47.91999816894531,47.91999816894531,6434.0
2026-08-05 12:10:00,PACB,,1.409999966621399,1.409999966621399,1.399999976158142,1.4049999713897705,3498.0
2026-08-05 12:10:00,PAGP,,25.229999542236328,25.229999542236328,25.200000762939453,25.200000762939453,2884.0
2026-08-05 12:10:00,PALI,,2.119999885559082,2.119999885559082,2.119999885559082,2.119999885559082,973.0
2026-08-05 12:10:00,PANW,,363.9501037597656,364.4549865722656,363.9501037597656,364.32000732421875,1759.0
2026-08-05 12:10:00,PAYO,,7.119999885559082,7.125,7.119999885559082,7.119999885559082,2737.0
2026-08-05 12:10:00,PAYS,,9.095000267028809,9.095000267028809,9.095000267028809,9.095000267028809,1325.0
2026-08-05 12:10:00,PAYX,,116.87999725341797,116.87999725341797,116.87999725341797,116.87999725341797,1738.0
2026-08-05 12:10:00,PCAR,,134.16000366210938,134.22000122070312,134.16000366210938,134.22000122070312,3007.0
2026-08-05 12:10:00,PCB,,28.09000015258789,28.09000015258789,28.09000015258789,28.09000015258789,345.0
2026-08-05 12:10:00,PCRX,,24.969999313354492,24.969999313354492,24.940000534057617,24.940000534057617,1326.0
2026-08-05 12:10:00,PCT,,6.856900215148926,6.869800090789795,6.855000019073486,6.855000019073486,2799.0
2026-08-05 12:10:00,PCTY,,143.96499633789062,143.96499633789062,143.96499633789062,143.96499633789062,836.0
2026-08-05 12:10:00,PDD,,91.05000305175781,91.0999984741211,91.02999877929688,91.0999984741211,19694.0
2026-08-05 12:10:00,PECO,,41.40999984741211,41.40999984741211,41.40999984741211,41.40999984741211,1313.0
2026-08-05 12:10:00,PEGA,,31.520000457763672,31.59000015258789,31.520000457763672,31.56999969482422,4825.0
2026-08-05 12:10:00,PENN,,19.790000915527344,19.790000915527344,19.7549991607666,19.7549991607666,6660.0
2026-08-05 12:10:00,PEP,,138.77999877929688,138.77999877929688,138.7100067138672,138.7100067138672,39131.0
2026-08-05 12:10:00,PEPG,,1.9149999618530273,1.9149999618530273,1.9149999618530273,1.9149999618530273,106.0
2026-08-05 12:10:00,PERI,,9.555000305175781,9.555000305175781,9.550000190734863,9.550000190734863,741.0
2026-08-05 12:10:00,PESI,,17.739999771118164,17.75,17.739999771118164,17.75,972.0
2026-08-05 12:10:00,PFG,,113.93000030517578,113.93000030517578,113.93000030517578,113.93000030517578,1270.0
2026-08-05 12:10:00,PGEN,,6.985000133514404,6.985000133514404,6.974999904632568,6.974999904632568,4780.0
2026-08-05 12:10:00,PGNY,,31.690000534057617,31.690000534057617,31.690000534057617,31.690000534057617,1201.0
2026-08-05 12:10:00,PGY,,21.610000610351562,21.670000076293945,21.610000610351562,21.65999984741211,12920.0
2026-08-05 12:10:00,PHAT,,8.460000038146973,8.479999542236328,8.460000038146973,8.470000267028809,13743.0
2026-08-05 12:10:00,PHIO,,1.0399999618530273,1.0449999570846558,1.0399999618530273,1.0449999570846558,961.0
2026-08-05 12:10:00,PHUN,,2.1600000858306885,2.1600000858306885,2.1600000858306885,2.1600000858306885,648.0
2026-08-05 12:10:00,PHVS,,32.869998931884766,32.869998931884766,32.84000015258789,32.84000015258789,1825.0
2026-08-05 12:10:00,PKOH,,41.18000030517578,41.18000030517578,41.18000030517578,41.18000030517578,800.0
2026-08-05 12:10:00,PLMR,,135.4600067138672,135.4600067138672,135.3699951171875,135.3699951171875,814.0
2026-08-05 12:10:00,PLRX,,1.059999942779541,1.059999942779541,1.0582000017166138,1.0592999458312988,11300.0
2026-08-05 12:10:00,PLSE,,36.67499923706055,36.67499923706055,36.67499923706055,36.67499923706055,1137.0
2026-08-05 12:10:00,PLTK,,3.9749999046325684,3.9800000190734863,3.9749999046325684,3.9800000190734863,14412.0
2026-08-05 12:10:00,PLUG,,2.0715999603271484,2.0799999237060547,2.069999933242798,2.075000047683716,21604.0
2026-08-05 12:10:00,PMEC,,0.41519999504089355,0.41519999504089355,0.41519999504089355,0.41519999504089355,217.0
2026-08-05 12:10:00,PNBK,,1.1399999856948853,1.1399999856948853,1.1349999904632568,1.1399999856948853,3035.0
2026-08-05 12:10:00,PNFP,,107.48999786376953,107.48999786376953,107.41000366210938,107.48999786376953,2479.0
2026-08-05 12:10:00,POET,,8.265000343322754,8.270000457763672,8.25,8.255000114440918,16414.0
2026-08-05 12:10:00,POWI,,61.76499938964844,61.76499938964844,61.76499938964844,61.76499938964844,397.0
2026-08-05 12:10:00,POWL,,213.6999969482422,213.6999969482422,212.97000122070312,213.0800018310547,3838.0
2026-08-05 12:10:00,PPC,,26.469999313354492,26.469999313354492,26.454999923706055,26.454999923706055,1520.0
2026-08-05 12:10:00,PPTA,,22.190000534057617,22.190000534057617,22.13640022277832,22.165000915527344,2229.0
2026-08-05 12:10:00,PRAA,,17.30500030517578,17.3075008392334,17.30500030517578,17.30500030517578,4567.0
2026-08-05 12:10:00,PRAX,,312.239990234375,312.239990234375,312.1199951171875,312.1199951171875,184.0
2026-08-05 12:10:00,PRCH,,15.880000114440918,15.880000114440918,15.869999885559082,15.869999885559082,707.0
2026-08-05 12:10:00,PRCT,,19.049999237060547,19.059999465942383,19.045000076293945,19.049999237060547,18803.0
2026-08-05 12:10:00,PRGS,,41.880001068115234,41.880001068115234,41.880001068115234,41.880001068115234,699.0
2026-08-05 12:10:00,PRIM,,84.23999786376953,84.23999786376953,84.23999786376953,84.23999786376953,1214.0
2026-08-05 12:10:00,PRLD,,4.550000190734863,4.550000190734863,4.550000190734863,4.550000190734863,509.0
2026-08-05 12:10:00,PRME,,3.075000047683716,3.075000047683716,3.059999942779541,3.065000057220459,5724.0
2026-08-05 12:10:00,PRQR,,1.9199999570846558,1.9199999570846558,1.9199999570846558,1.9199999570846558,528.0
2026-08-05 12:10:00,PSEC,,2.184999942779541,2.1891000270843506,2.184999942779541,2.1891000270843506,2368.0
2026-08-05 12:10:00,PSNL,,13.569999694824219,13.569999694824219,13.569999694824219,13.569999694824219,814.0
2026-08-05 12:10:00,PTC,,139.6300048828125,139.6300048828125,139.6300048828125,139.6300048828125,491.0
2026-08-05 12:10:00,PTCT,,68.7300033569336,68.7300033569336,68.7300033569336,68.7300033569336,713.0
2026-08-05 12:10:00,PTEN,,9.78499984741211,9.795000076293945,9.779899597167969,9.779899597167969,10505.0
2026-08-05 12:10:00,PTLO,,4.574999809265137,4.574999809265137,4.574999809265137,4.574999809265137,186.0
2026-08-05 12:10:00,PTON,,6.434999942779541,6.434999942779541,6.429999828338623,6.434999942779541,2884.0
2026-08-05 12:10:00,PTPI,,0.0024999999441206455,0.0024999999441206455,0.0024999999441206455,0.0024999999441206455,1120.0
2026-08-05 12:10:00,PUBM,,13.359999656677246,13.359999656677246,13.359999656677246,13.359999656677246,179.0
2026-08-05 12:10:00,PWP,,17.270000457763672,17.270000457763672,17.25,17.270000457763672,2225.0
2026-08-05 12:10:00,PYPL,,58.20000076293945,58.230098724365234,58.189998626708984,58.22999954223633,17436.0
2026-08-05 12:10:00,PYXS,,3.1700000762939453,3.1700000762939453,3.1700000762939453,3.1700000762939453,450.0
2026-08-05 12:10:00,PZZA,,30.34950065612793,30.34950065612793,30.34950065612793,30.34950065612793,484.0
2026-08-05 12:10:00,QCOM,,157.74000549316406,157.8350067138672,157.6199951171875,157.6199951171875,11082.0
2026-08-05 12:10:00,QRVO,,94.43499755859375,94.51000213623047,94.41000366210938,94.41000366210938,1364.0
2026-08-05 12:10:00,SEED,,0.9750999808311462,0.9750999808311462,0.9750999808311462,0.9750999808311462,636.0
2026-08-05 12:10:00,STIM,,2.265000104904175,2.265000104904175,2.265000104904175,2.265000104904175,0.0
2026-08-05 12:10:00,WOOF,,2.9100000858306885,2.910099983215332,2.9100000858306885,2.9100000858306885,1903.0
2026-08-05 12:11:00,ACDC,,4.440000057220459,4.440000057220459,4.434999942779541,4.434999942779541,1044.0
2026-08-05 12:11:00,CNXN,,84.79000091552734,84.79000091552734,84.79000091552734,84.79000091552734,577.0
2026-08-05 12:11:00,EYE,,23.110000610351562,23.110000610351562,23.110000610351562,23.110000610351562,1399.0
2026-08-05 12:11:00,GLUE,,15.729999542236328,15.734999656677246,15.729999542236328,15.734999656677246,460.0
2026-08-05 12:11:00,MBRX,,0.4065999984741211,0.4065999984741211,0.4065999984741211,0.4065999984741211,900.0
2026-08-05 12:11:00,MDB,,376.25,376.6000061035156,375.6300048828125,375.6300048828125,2483.0
2026-08-05 12:11:00,MDLZ,,62.45500183105469,62.470001220703125,62.38999938964844,62.400001525878906,80727.0
2026-08-05 12:11:00,MLTX,,17.575000762939453,17.575000762939453,17.575000762939453,17.575000762939453,1278.0
2026-08-05 12:11:00,MNRO,,13.079999923706055,13.079999923706055,13.079999923706055,13.079999923706055,447.0
2026-08-05 12:11:00,MNST,,94.62999725341797,94.62999725341797,94.58000183105469,94.58000183105469,13145.0
2026-08-05 12:11:00,MNTS,,4.338200092315674,4.338200092315674,4.338200092315674,4.338200092315674,492.0
2026-08-05 12:11:00,MOVE,,11.907699584960938,11.907699584960938,11.907699584960938,11.907699584960938,156.0
2026-08-05 12:11:00,MPAA,,13.789999961853027,13.789999961853027,13.789999961853027,13.789999961853027,311.0
2026-08-05 12:11:00,MPWR,,1326.530029296875,1327.2650146484375,1326.52001953125,1327.2650146484375,408.0
2026-08-05 12:11:00,MRNA,,56.970001220703125,56.9900016784668,56.935001373291016,56.95000076293945,4686.0
2026-08-05 12:11:00,MYGN,,3.134999990463257,3.134999990463257,3.134999990463257,3.134999990463257,781.0
2026-08-05 12:11:00,NAMS,,26.719999313354492,26.815000534057617,26.704999923706055,26.815000534057617,4032.0
2026-08-05 12:11:00,NAUT,,0.9456999897956848,0.9556999802589417,0.9399999976158142,0.9532999992370605,44893.0
2026-08-05 12:11:00,NB,,5.074999809265137,5.090000152587891,5.074999809265137,5.085000038146973,2608.0
2026-08-05 12:11:00,NBIX,,163.63999938964844,163.63999938964844,163.63999938964844,163.63999938964844,453.0
2026-08-05 12:11:00,NDAQ,,94.37519836425781,94.37519836425781,94.33499908447266,94.33499908447266,3653.0
2026-08-05 12:11:00,NDLS,,17.5841007232666,17.5841007232666,17.5841007232666,17.5841007232666,315.0
2026-08-05 12:11:00,NDSN,,311.2699890136719,311.489990234375,311.2699890136719,311.489990234375,656.0
2026-08-05 12:11:00,NECB,,27.184999465942383,27.184999465942383,27.184999465942383,27.184999465942383,301.0
2026-08-05 12:11:00,NEO,,16.059999465942383,16.059999465942383,16.059999465942383,16.059999465942383,510.0
2026-08-05 12:11:00,NEOG,,11.574999809265137,11.574999809265137,11.569999694824219,11.569999694824219,1160.0
2026-08-05 12:11:00,NEOV,,2.8164000511169434,2.8164000511169434,2.8164000511169434,2.8164000511169434,281.0
2026-08-05 12:11:00,NESR,,28.59000015258789,28.59000015258789,28.579999923706055,28.579999923706055,1050.0
2026-08-05 12:11:00,NEWT,,15.104999542236328,15.104999542236328,15.100000381469727,15.100000381469727,1068.0
2026-08-05 12:11:00,NEXT,,6.420000076293945,6.425000190734863,6.414999961853027,6.420000076293945,16464.0
2026-08-05 12:11:00,NFLX,,73.66500091552734,73.67500305175781,73.58999633789062,73.5999984741211,58028.0
2026-08-05 12:11:00,NGNE,,34.89500045776367,34.93000030517578,34.790000915527344,34.90999984741211,2035.0
2026-08-05 12:11:00,NICE,,97.02890014648438,97.02890014648438,96.86499786376953,96.86499786376953,1953.0
2026-08-05 12:11:00,NKTX,,2.174999952316284,2.174999952316284,2.174999952316284,2.174999952316284,550.0
2026-08-05 12:11:00,NMRK,,15.545000076293945,15.545000076293945,15.545000076293945,15.545000076293945,870.0
2026-08-05 12:11:00,NN,,14.15999984741211,14.1899995803833,14.15999984741211,14.1899995803833,1994.0
2026-08-05 12:11:00,NNBR,,3.799999952316284,3.799999952316284,3.7850000858306885,3.7899999618530273,7921.0
2026-08-05 12:11:00,NNDM,,1.5399999618530273,1.5449999570846558,1.5399999618530273,1.5449999570846558,1561.0
2026-08-05 12:11:00,NNOX,,1.0149999856948853,1.0149999856948853,1.0149999856948853,1.0149999856948853,104.0
2026-08-05 12:11:00,NODK,,15.449999809265137,15.449999809265137,15.449999809265137,15.449999809265137,152.0
2026-08-05 12:11:00,NPCE,,13.369999885559082,13.369999885559082,13.324999809265137,13.324999809265137,1905.0
2026-08-05 12:11:00,NRIM,,26.979999542236328,26.979999542236328,26.979999542236328,26.979999542236328,405.0
2026-08-05 12:11:00,NRIX,,24.84000015258789,24.84000015258789,24.84000015258789,24.84000015258789,968.0
2026-08-05 12:11:00,NRXP,,3.005000114440918,3.005000114440918,3.005000114440918,3.005000114440918,297.0
2026-08-05 12:11:00,NTAP,,189.0800018310547,189.0800018310547,189.0800018310547,189.0800018310547,777.0
2026-08-05 12:11:00,NTCT,,41.67559814453125,41.72999954223633,41.67559814453125,41.72999954223633,1164.0
2026-08-05 12:11:00,NTES,,127.63999938964844,127.63999938964844,127.63999938964844,127.63999938964844,926.0
2026-08-05 12:11:00,NTNX,,60.45500183105469,60.45500183105469,60.45000076293945,60.45000076293945,461.0
2026-08-05 12:11:00,NTRA,,275.8450012207031,276.510009765625,275.7650146484375,276.510009765625,23754.0
2026-08-05 12:11:00,NTRS,,183.33999633789062,183.33999633789062,183.33999633789062,183.33999633789062,1171.0
2026-08-05 12:11:00,NUTX,,157.14999389648438,157.1999969482422,156.9499969482422,157.10000610351562,3268.0
2026-08-05 12:11:00,NVAX,,7.644999980926514,7.644999980926514,7.644999980926514,7.644999980926514,801.0
2026-08-05 12:11:00,NVCR,,16.079999923706055,16.079999923706055,16.079999923706055,16.079999923706055,239.0
2026-08-05 12:11:00,NVCT,,20.135000228881836,20.135000228881836,20.135000228881836,20.135000228881836,121.0
2026-08-05 12:11:00,NVDA,,219.36000061035156,219.4600067138672,218.97219848632812,219.06500244140625,255152.0
2026-08-05 12:11:00,NVEC,,128.3000030517578,128.3000030517578,128.3000030517578,128.3000030517578,1040.0
2026-08-05 12:11:00,NVTS,,12.470199584960938,12.479999542236328,12.46500015258789,12.46500015258789,9408.0
2026-08-05 12:11:00,NWBI,,15.9399995803833,15.9399995803833,15.9399995803833,15.9399995803833,260.0
2026-08-05 12:11:00,NWL,,6.21999979019165,6.230000019073486,6.21999979019165,6.224999904632568,6662.0
2026-08-05 12:11:00,NWSA,,28.15999984741211,28.15999984741211,28.135000228881836,28.135000228881836,3936.0
2026-08-05 12:11:00,NXGL,,0.4101000130176544,0.4101000130176544,0.4101000130176544,0.4101000130176544,14992.0
2026-08-05 12:11:00,NXPI,,231.4199981689453,231.4199981689453,231.25999450683594,231.25999450683594,1564.0
2026-08-05 12:11:00,NXT,,98.9800033569336,98.99500274658203,98.8499984741211,98.99500274658203,8236.0
2026-08-05 12:11:00,OABI,,2.065000057220459,2.065000057220459,2.065000057220459,2.065000057220459,408.0
2026-08-05 12:11:00,OCGN,,1.3049999475479126,1.3049999475479126,1.3049999475479126,1.3049999475479126,7046.0
2026-08-05 12:11:00,OCSL,,12.140000343322754,12.140000343322754,12.130000114440918,12.130000114440918,4658.0
2026-08-05 12:11:00,OCUL,,8.475000381469727,8.489999771118164,8.475000381469727,8.489999771118164,8141.0
2026-08-05 12:11:00,ODFL,,213.94000244140625,213.9499969482422,213.94000244140625,213.9499969482422,2103.0
2026-08-05 12:11:00,OESX,,14.345000267028809,14.413200378417969,14.345000267028809,14.413200378417969,1751.0
2026-08-05 12:11:00,OFIX,,10.699999809265137,10.699999809265137,10.699999809265137,10.699999809265137,205.0
2026-08-05 12:11:00,OKTA,,147.41000366210938,147.41000366210938,147.25,147.27499389648438,2556.0
2026-08-05 12:11:00,OLLI,,78.20999908447266,78.20999908447266,78.20999908447266,78.20999908447266,1717.0
2026-08-05 12:11:00,OLMA,,11.550000190734863,11.550000190734863,11.550000190734863,11.550000190734863,1792.0
2026-08-05 12:11:00,OMCL,,37.189998626708984,37.38999938964844,37.189998626708984,37.38999938964844,5117.0
2026-08-05 12:11:00,OMER,,12.859999656677246,12.859999656677246,12.859999656677246,12.859999656677246,260.0
2026-08-05 12:11:00,OMH,,0.11169999837875366,0.11169999837875366,0.11169999837875366,0.11169999837875366,466.0
2026-08-05 12:11:00,ON,,77.30750274658203,77.36000061035156,77.28500366210938,77.30999755859375,11934.0
2026-08-05 12:11:00,ONB,,27.014999389648438,27.014999389648438,27.010000228881836,27.010000228881836,6818.0
2026-08-05 12:11:00,ONDS,,8.850000381469727,8.859999656677246,8.84000015258789,8.840100288391113,299285.0
2026-08-05 12:11:00,ONFO,,0.07490000128746033,0.07500000298023224,0.07479999959468842,0.07500000298023224,31237.0
2026-08-05 12:11:00,OPCH,,23.399999618530273,23.399999618530273,23.399999618530273,23.399999618530273,639.0
2026-08-05 12:11:00,OPEN,,3.8097000122070312,3.815000057220459,3.7899999618530273,3.7899999618530273,128090.0
2026-08-05 12:11:00,OPK,,1.315000057220459,1.315000057220459,1.315000057220459,1.315000057220459,610.0
2026-08-05 12:11:00,OPRX,,6.730000019073486,6.730000019073486,6.730000019073486,6.730000019073486,582.0
2026-08-05 12:11:00,ORIC,,13.1850004196167,13.1899995803833,13.1850004196167,13.1899995803833,2725.0
2026-08-05 12:11:00,ORLY,,93.3499984741211,93.36000061035156,93.33000183105469,93.33000183105469,8025.0
2026-08-05 12:11:00,OSBC,,25.7549991607666,25.7549991607666,25.7549991607666,25.7549991607666,311.0
2026-08-05 12:11:00,OSS,,13.819999694824219,13.895000457763672,13.819999694824219,13.895000457763672,14417.0
2026-08-05 12:11:00,OSUR,,4.135000228881836,4.135000228881836,4.135000228881836,4.135000228881836,605.0
2026-08-05 12:11:00,OTEX,,25.770000457763672,25.770000457763672,25.75,25.75,2289.0
2026-08-05 12:11:00,OTLK,,1.0149999856948853,1.0199999809265137,1.0149999856948853,1.0149999856948853,11670.0
2026-08-05 12:11:00,OXLC,,9.128999710083008,9.128999710083008,9.128999710083008,9.128999710083008,467.0
2026-08-05 12:11:00,OXSQ,,1.4900000095367432,1.4900000095367432,1.4900000095367432,1.4900000095367432,334.0
2026-08-05 12:11:00,PAA,,23.2549991607666,23.280000686645508,23.2549991607666,23.280000686645508,7385.0
2026-08-05 12:11:00,PAAS,,47.88999938964844,47.95000076293945,47.86000061035156,47.92499923706055,13279.0
2026-08-05 12:11:00,PACB,,1.399999976158142,1.409999966621399,1.399999976158142,1.399999976158142,2870.0
2026-08-05 12:11:00,PAGP,,25.229999542236328,25.239999771118164,25.229999542236328,25.239999771118164,1154.0
2026-08-05 12:11:00,PALI,,2.119999885559082,2.119999885559082,2.119999885559082,2.119999885559082,378.0
2026-08-05 12:11:00,PANL,,7.284999847412109,7.284999847412109,7.284999847412109,7.284999847412109,1413.0
2026-08-05 12:11:00,PANW,,364.44989013671875,364.44989013671875,363.8800048828125,363.9599914550781,5346.0
2026-08-05 12:11:00,PATK,,87.54000091552734,87.62999725341797,87.50499725341797,87.5999984741211,9509.0
2026-08-05 12:11:00,PAX,,11.375,11.385000228881836,11.369999885559082,11.369999885559082,4250.0
2026-08-05 12:11:00,PAYO,,7.125,7.125,7.119999885559082,7.119999885559082,1556.0
2026-08-05 12:11:00,PAYS,,9.100000381469727,9.100000381469727,9.100000381469727,9.100000381469727,776.0
2026-08-05 12:11:00,PAYX,,116.93000030517578,116.93000030517578,116.86000061035156,116.86000061035156,2714.0
2026-08-05 12:11:00,PCAR,,134.16000366210938,134.1999969482422,134.16000366210938,134.19000244140625,2264.0
2026-08-05 12:11:00,PCB,,28.200000762939453,28.200000762939453,28.200000762939453,28.200000762939453,223.0
2026-08-05 12:11:00,PCT,,6.875,6.879899978637695,6.855000019073486,6.855000019073486,14795.0
2026-08-05 12:11:00,PDD,,90.9800033569336,91.05999755859375,90.9614028930664,91.05999755859375,11442.0
2026-08-05 12:11:00,PDLB,,20.549999237060547,20.549999237060547,20.549999237060547,20.549999237060547,901.0
2026-08-05 12:11:00,PDSB,,0.7062000036239624,0.70660001039505,0.7062000036239624,0.70660001039505,5312.0
2026-08-05 12:11:00,PECO,,41.404998779296875,41.404998779296875,41.404998779296875,41.404998779296875,136.0
2026-08-05 12:11:00,PEGA,,31.554000854492188,31.56999969482422,31.540000915527344,31.540000915527344,1822.0
2026-08-05 12:11:00,PENN,,19.799999237060547,19.799999237060547,19.780000686645508,19.780000686645508,3795.0
2026-08-05 12:11:00,PEP,,138.86000061035156,138.875,138.8000030517578,138.8000030517578,7691.0
2026-08-05 12:11:00,PEPG,,1.9149999618530273,1.9199999570846558,1.9149999618530273,1.9199999570846558,264.0
2026-08-05 12:11:00,PFG,,113.87000274658203,113.87000274658203,113.87000274658203,113.87000274658203,591.0
2026-08-05 12:11:00,PGEN,,6.989999771118164,7.0,6.980000019073486,6.985000133514404,10132.0
2026-08-05 12:11:00,PGNY,,31.690000534057617,31.690000534057617,31.690000534057617,31.690000534057617,1617.0
2026-08-05 12:11:00,PGY,,21.635000228881836,21.639999389648438,21.600000381469727,21.600000381469727,2551.0
2026-08-05 12:11:00,PHAT,,8.489999771118164,8.489999771118164,8.479999542236328,8.479999542236328,962.0
2026-08-05 12:11:00,PHIO,,1.0496000051498413,1.0496000051498413,1.0496000051498413,1.0496000051498413,1784.0
2026-08-05 12:11:00,PHUN,,2.1600000858306885,2.1600000858306885,2.1600000858306885,2.1600000858306885,2262.0
2026-08-05 12:11:00,PHVS,,32.939998626708984,33.02000045776367,32.90999984741211,32.95500183105469,1492.0
2026-08-05 12:11:00,PLAB,,32.04999923706055,32.04999923706055,32.04999923706055,32.04999923706055,349.0
2026-08-05 12:11:00,PLBY,,1.149999976158142,1.149999976158142,1.149999976158142,1.149999976158142,10799.0
2026-08-05 12:11:00,PLUG,,2.075000047683716,2.0799999237060547,2.069999933242798,2.075000047683716,19720.0
2026-08-05 12:11:00,PMCB,,0.5938000082969666,0.5938000082969666,0.5899999737739563,0.5899999737739563,1618.0
2026-08-05 12:11:00,POET,,8.260000228881836,8.265000343322754,8.255000114440918,8.255000114440918,8659.0
2026-08-05 12:11:00,POOL,,204.25999450683594,204.49000549316406,204.25,204.27000427246094,2138.0
2026-08-05 12:11:00,POWL,,213.2050018310547,213.2050018310547,213.2050018310547,213.2050018310547,178.0
2026-08-05 12:11:00,PPC,,26.483999252319336,26.483999252319336,26.483999252319336,26.483999252319336,1318.0
2026-08-05 12:11:00,PRAX,,312.3299865722656,312.3299865722656,312.2799987792969,312.2799987792969,332.0
2026-08-05 12:11:00,PRCH,,15.869999885559082,15.880000114440918,15.869999885559082,15.880000114440918,1681.0
2026-08-05 12:11:00,PRCT,,19.03499984741211,19.049999237060547,19.030000686645508,19.049999237060547,4812.0
2026-08-05 12:11:00,PRFX,,1.1126999855041504,1.1126999855041504,1.1126999855041504,1.1126999855041504,459.0
2026-08-05 12:11:00,PRIM,,84.02999877929688,84.41999816894531,84.02999877929688,84.41999816894531,4639.0
2026-08-05 12:11:00,PRME,,3.059999942779541,3.069999933242798,3.059999942779541,3.069999933242798,4370.0
2026-08-05 12:11:00,PRSO,,0.6862999796867371,0.6862999796867371,0.6862999796867371,0.6862999796867371,3001.0
2026-08-05 12:11:00,PRTA,,8.529999732971191,8.529999732971191,8.529999732971191,8.529999732971191,1025.0
2026-08-05 12:11:00,PRVA,,24.18000030517578,24.18000030517578,24.18000030517578,24.18000030517578,501.0
2026-08-05 12:11:00,PSEC,,2.190000057220459,2.190000057220459,2.184999942779541,2.184999942779541,1502.0
2026-08-05 12:11:00,PSMT,,193.7899932861328,193.7899932861328,193.7899932861328,193.7899932861328,615.0
2026-08-05 12:11:00,PSNL,,13.569999694824219,13.569999694824219,13.569999694824219,13.569999694824219,1571.0
2026-08-05 12:11:00,PSNY,,13.90999984741211,13.90999984741211,13.90999984741211,13.90999984741211,854.0
2026-08-05 12:11:00,PTC,,139.61000061035156,139.61000061035156,139.47999572753906,139.47999572753906,1242.0
2026-08-05 12:11:00,PTCT,,68.76000213623047,68.76000213623047,68.76000213623047,68.76000213623047,1209.0
2026-08-05 12:11:00,PTEN,,9.779999732971191,9.789999961853027,9.778800010681152,9.789999961853027,8199.0
2026-08-05 12:11:00,PTGX,,136.4499969482422,136.72500610351562,136.0500946044922,136.63999938964844,12437.0
2026-08-05 12:11:00,PTIX,,0.2587999999523163,0.2587999999523163,0.2587999999523163,0.2587999999523163,2500.0
2026-08-05 12:11:00,PTLO,,4.579999923706055,4.579999923706055,4.574999809265137,4.574999809265137,2812.0
2026-08-05 12:11:00,PTON,,6.434999942779541,6.434999942779541,6.429999828338623,6.429999828338623,4279.0
2026-08-05 12:11:00,PUBM,,13.369999885559082,13.369999885559082,13.369999885559082,13.369999885559082,1568.0
2026-08-05 12:11:00,PWP,,17.270000457763672,17.270000457763672,17.270000457763672,17.270000457763672,1517.0
2026-08-05 12:11:00,PYPL,,58.2599983215332,58.2599983215332,58.209999084472656,58.209999084472656,8757.0
2026-08-05 12:11:00,QCOM,,157.72999572753906,157.77999877929688,157.7154998779297,157.74000549316406,5488.0
2026-08-05 12:11:00,QQQX,,30.354999542236328,30.399999618530273,30.354999542236328,30.399999618530273,696.0
2026-08-05 12:11:00,QRVO,,94.41000366210938,94.48999786376953,94.41000366210938,94.48999786376953,658.0
2026-08-05 12:11:00,SEED,,0.9750999808311462,0.9750999808311462,0.9750999808311462,0.9750999808311462,1754.0
2026-08-05 12:11:00,WOOF,,2.9100000858306885,2.910099983215332,2.9100000858306885,2.9100000858306885,1279.0
2026-08-05 12:12:00,EYE,,23.09000015258789,23.100000381469727,23.09000015258789,23.100000381469727,967.0
2026-08-05 12:12:00,GLUE,,15.725000381469727,15.725000381469727,15.725000381469727,15.725000381469727,146.0
2026-08-05 12:12:00,KIDS,,21.354999542236328,21.354999542236328,21.354999542236328,21.354999542236328,114.0
2026-08-05 12:12:00,MBRX,,0.4065000116825104,0.4106999933719635,0.4065000116825104,0.4106999933719635,159.0
2026-08-05 12:12:00,MDB,,376.0799865722656,376.3800048828125,375.9100036621094,376.3800048828125,3221.0
2026-08-05 12:12:00,MDLZ,,62.44499969482422,62.470001220703125,62.44499969482422,62.459999084472656,39686.0
2026-08-05 12:12:00,MNST,,94.66000366210938,94.66000366210938,94.63999938964844,94.63999938964844,7361.0
2026-08-05 12:12:00,MNTS,,4.329999923706055,4.329999923706055,4.329999923706055,4.329999923706055,232.0
2026-08-05 12:12:00,MOVE,,11.892200469970703,11.892200469970703,11.892200469970703,11.892200469970703,163.0
2026-08-05 12:12:00,MPWR,,1326.5,1326.5450439453125,1325.4100341796875,1326.5350341796875,205.0
2026-08-05 12:12:00,MRNA,,56.86000061035156,56.939998626708984,56.849998474121094,56.93000030517578,10160.0
2026-08-05 12:12:00,MYGN,,3.139899969100952,3.139899969100952,3.139899969100952,3.139899969100952,445.0
2026-08-05 12:12:00,NAII,,2.3399999141693115,2.3399999141693115,2.3399999141693115,2.3399999141693115,2062.0
2026-08-05 12:12:00,NAMS,,26.709999084472656,26.709999084472656,26.707500457763672,26.709999084472656,599.0
2026-08-05 12:12:00,NAUT,,0.9476000070571899,0.9480999708175659,0.9476000070571899,0.9480999708175659,1186.0
2026-08-05 12:12:00,NB,,5.065000057220459,5.079999923706055,5.065000057220459,5.079999923706055,29445.0
2026-08-05 12:12:00,NBIX,,163.75,163.77000427246094,163.67999267578125,163.67999267578125,2988.0
2026-08-05 12:12:00,NBN,,134.35000610351562,134.5800018310547,134.30999755859375,134.47999572753906,1033.0
2026-08-05 12:12:00,NCMI,,4.105000019073486,4.105000019073486,4.105000019073486,4.105000019073486,1427.0
2026-08-05 12:12:00,NCRA,,1.7806999683380127,1.7806999683380127,1.7806999683380127,1.7806999683380127,618.0
2026-08-05 12:12:00,NDAQ,,94.38999938964844,94.42749786376953,94.3499984741211,94.37000274658203,2044.0
2026-08-05 12:12:00,NDSN,,311.0799865722656,311.0799865722656,311.0799865722656,311.0799865722656,299.0
2026-08-05 12:12:00,NEGG,,16.84000015258789,16.84000015258789,16.84000015258789,16.84000015258789,197.0
2026-08-05 12:12:00,NEO,,16.045000076293945,16.05500030517578,16.03499984741211,16.05500030517578,2276.0
2026-08-05 12:12:00,NEOG,,11.569999694824219,11.569999694824219,11.569999694824219,11.569999694824219,2570.0
2026-08-05 12:12:00,NEOV,,2.809999942779541,2.815000057220459,2.809999942779541,2.815000057220459,5300.0
2026-08-05 12:12:00,NESR,,28.53499984741211,28.579999923706055,28.53499984741211,28.579999923706055,3273.0
2026-08-05 12:12:00,NFLX,,73.67500305175781,73.68000030517578,73.65499877929688,73.66619873046875,34425.0
2026-08-05 12:12:00,NKSH,,41.220001220703125,41.30500030517578,41.11000061035156,41.11000061035156,601.0
2026-08-05 12:12:00,NKTX,,2.184999942779541,2.184999942779541,2.174999952316284,2.174999952316284,6369.0
2026-08-05 12:12:00,NMFC,,7.295000076293945,7.295000076293945,7.295000076293945,7.295000076293945,339.0
2026-08-05 12:12:00,NMRK,,15.545000076293945,15.545000076293945,15.545000076293945,15.545000076293945,1912.0
2026-08-05 12:12:00,NN,,14.15999984741211,14.15999984741211,14.130000114440918,14.140000343322754,2410.0
2026-08-05 12:12:00,NNDM,,1.5449999570846558,1.5449999570846558,1.5399999618530273,1.5449999570846558,3018.0
2026-08-05 12:12:00,NOVT,,156.25,156.25999450683594,156.25,156.25999450683594,1198.0
2026-08-05 12:12:00,NRIX,,24.84000015258789,24.84000015258789,24.84000015258789,24.84000015258789,308.0
2026-08-05 12:12:00,NRXP,,3.005000114440918,3.005000114440918,3.005000114440918,3.005000114440918,1278.0
2026-08-05 12:12:00,NTAP,,189.0449981689453,189.11000061035156,188.9600067138672,188.9600067138672,2242.0
2026-08-05 12:12:00,NTCT,,41.68000030517578,41.68000030517578,41.68000030517578,41.68000030517578,685.0
2026-08-05 12:12:00,NTNX,,60.47999954223633,60.4900016784668,60.45500183105469,60.45500183105469,2749.0
2026-08-05 12:12:00,NTRA,,274.94000244140625,275.8500061035156,274.94000244140625,275.8500061035156,12548.0
2026-08-05 12:12:00,NUWE,,1.7100000381469727,1.7100000381469727,1.7100000381469727,1.7100000381469727,657.0
2026-08-05 12:12:00,NVCR,,16.059999465942383,16.059999465942383,16.059999465942383,16.059999465942383,1020.0
2026-08-05 12:12:00,NVDA,,219.38499450683594,219.5449981689453,219.2899932861328,219.36000061035156,174067.0
2026-08-05 12:12:00,NVMI,,408.8399963378906,408.8399963378906,408.8399963378906,408.8399963378906,223.0
2026-08-05 12:12:00,NVTS,,12.46500015258789,12.471400260925293,12.454999923706055,12.471400260925293,7399.0
2026-08-05 12:12:00,NWE,,68.87000274658203,68.87000274658203,68.87000274658203,68.87000274658203,824.0
2026-08-05 12:12:00,NWL,,6.21999979019165,6.230000019073486,6.21999979019165,6.224999904632568,5321.0
2026-08-05 12:12:00,NWS,,32.209999084472656,32.209999084472656,32.209999084472656,32.209999084472656,3002.0
2026-08-05 12:12:00,NWSA,,28.165000915527344,28.170000076293945,28.15999984741211,28.15999984741211,5481.0
2026-08-05 12:12:00,NXPI,,231.0800018310547,231.5,231.0800018310547,231.4199981689453,5163.0
2026-08-05 12:12:00,NXT,,98.96499633789062,98.9800033569336,98.83000183105469,98.9800033569336,5061.0
2026-08-05 12:12:00,OCCI,,2.4649999141693115,2.4649999141693115,2.4649999141693115,2.4649999141693115,267.0
2026-08-05 12:12:00,OCFC,,19.75,19.75,19.75,19.75,396.0
2026-08-05 12:12:00,OCGN,,1.3049999475479126,1.3049999475479126,1.3049999475479126,1.3049999475479126,2419.0
2026-08-05 12:12:00,OCSL,,12.135000228881836,12.149999618530273,12.135000228881836,12.149999618530273,2024.0
2026-08-05 12:12:00,OCUL,,8.470000267028809,8.475000381469727,8.470000267028809,8.475000381469727,2001.0
2026-08-05 12:12:00,ODD,,15.1899995803833,15.1899995803833,15.1899995803833,15.1899995803833,446.0
2026-08-05 12:12:00,ODFL,,213.98500061035156,213.98500061035156,213.9250030517578,213.9250030517578,1770.0
2026-08-05 12:12:00,OKTA,,147.41000366210938,147.5,147.41000366210938,147.5,1768.0
2026-08-05 12:12:00,OLLI,,78.20999908447266,78.20999908447266,78.20999908447266,78.20999908447266,1343.0
2026-08-05 12:12:00,OM,,4.940000057220459,4.940000057220459,4.940000057220459,4.940000057220459,200.0
2026-08-05 12:12:00,OMER,,12.850000381469727,12.859999656677246,12.850000381469727,12.859999656677246,2049.0
2026-08-05 12:12:00,OMH,,0.11150000244379044,0.11150000244379044,0.11129999905824661,0.11140000075101852,7577.0
2026-08-05 12:12:00,ON,,77.31999969482422,77.3550033569336,77.25,77.30999755859375,17773.0
2026-08-05 12:12:00,ONB,,27.0049991607666,27.010000228881836,27.0049991607666,27.010000228881836,7205.0
2026-08-05 12:12:00,ONCO,,0.7925999760627747,0.7925999760627747,0.7925999760627747,0.7925999760627747,287.0
2026-08-05 12:12:00,ONDS,,8.864999771118164,8.869999885559082,8.845000267028809,8.859999656677246,352086.0
2026-08-05 12:12:00,ONFO,,0.07490000128746033,0.07490000128746033,0.0746999979019165,0.07479999959468842,14983.0
2026-08-05 12:12:00,OPCH,,23.364999771118164,23.389999389648438,23.364999771118164,23.389999389648438,2743.0
2026-08-05 12:12:00,OPEN,,3.799999952316284,3.809999942779541,3.799999952316284,3.805000066757202,36507.0
2026-08-05 12:12:00,OPRA,,19.899999618530273,19.899999618530273,19.899999618530273,19.899999618530273,874.0
2026-08-05 12:12:00,OPRX,,6.758999824523926,6.760000228881836,6.739999771118164,6.739999771118164,2001.0
2026-08-05 12:12:00,ORIC,,13.180000305175781,13.180000305175781,13.180000305175781,13.180000305175781,2425.0
2026-08-05 12:12:00,ORLY,,93.3499984741211,93.36000061035156,93.34500122070312,93.3499984741211,7315.0
2026-08-05 12:12:00,ORMP,,4.465000152587891,4.465000152587891,4.454999923706055,4.460000038146973,2800.0
2026-08-05 12:12:00,OSBC,,25.760000228881836,25.760000228881836,25.760000228881836,25.760000228881836,802.0
2026-08-05 12:12:00,OSS,,13.829999923706055,13.854700088500977,13.819999694824219,13.854700088500977,0.0
2026-08-05 12:12:00,OSUR,,4.130000114440918,4.130000114440918,4.130000114440918,4.130000114440918,448.0
2026-08-05 12:12:00,OTLK,,1.0149999856948853,1.0199999809265137,1.0149999856948853,1.0199999809265137,55500.0
2026-08-05 12:12:00,OTTR,,91.98989868164062,91.98989868164062,91.98989868164062,91.98989868164062,1800.0
2026-08-05 12:12:00,OXLC,,9.125,9.125,9.125,9.125,1520.0
2026-08-05 12:12:00,OXSQ,,1.4900000095367432,1.4900000095367432,1.4900000095367432,1.4900000095367432,664.0
2026-08-05 12:12:00,PAA,,23.270000457763672,23.274999618530273,23.260000228881836,23.260000228881836,6396.0
2026-08-05 12:12:00,PAAS,,47.83000183105469,47.90999984741211,47.83000183105469,47.88999938964844,3692.0
2026-08-05 12:12:00,PACB,,1.409999966621399,1.409999966621399,1.399999976158142,1.409999966621399,2682.0
2026-08-05 12:12:00,PAGP,,25.219999313354492,25.219999313354492,25.219999313354492,25.219999313354492,2652.0
2026-08-05 12:12:00,PALI,,2.115000009536743,2.119999885559082,2.115000009536743,2.119999885559082,25165.0
2026-08-05 12:12:00,PANW,,364.2200012207031,364.42999267578125,364.1300048828125,364.1300048828125,4101.0
2026-08-05 12:12:00,PAX,,11.369999885559082,11.375,11.369999885559082,11.369999885559082,1797.0
2026-08-05 12:12:00,PAYO,,7.119999885559082,7.125,7.119999885559082,7.119999885559082,1304.0
2026-08-05 12:12:00,PAYS,,9.100000381469727,9.100000381469727,9.100000381469727,9.100000381469727,1202.0
2026-08-05 12:12:00,PAYX,,116.9800033569336,117.01000213623047,116.9800033569336,117.01000213623047,4472.0
2026-08-05 12:12:00,PBYI,,7.96999979019165,7.96999979019165,7.96999979019165,7.96999979019165,420.0
2026-08-05 12:12:00,PCAR,,134.14999389648438,134.1750030517578,134.14999389648438,134.1750030517578,2693.0
2026-08-05 12:12:00,PCT,,6.864999771118164,6.869999885559082,6.864999771118164,6.869999885559082,2235.0
2026-08-05 12:12:00,PDD,,90.88999938964844,90.98500061035156,90.86199951171875,90.98500061035156,8089.0
2026-08-05 12:12:00,PDEX,,68.12999725341797,68.12999725341797,68.12999725341797,68.12999725341797,714.0
2026-08-05 12:12:00,PEBO,,41.61000061035156,41.61000061035156,41.61000061035156,41.61000061035156,787.0
2026-08-05 12:12:00,PECO,,41.41999816894531,41.41999816894531,41.41999816894531,41.41999816894531,554.0
2026-08-05 12:12:00,PEGA,,31.575000762939453,31.584999084472656,31.56999969482422,31.584999084472656,1085.0
2026-08-05 12:12:00,PENN,,19.78499984741211,19.795000076293945,19.780000686645508,19.790000915527344,5315.0
2026-08-05 12:12:00,PEP,,138.92999267578125,138.92999267578125,138.83999633789062,138.85000610351562,7854.0
2026-08-05 12:12:00,PEPG,,1.9149999618530273,1.9149999618530273,1.9149999618530273,1.9149999618530273,1341.0
2026-08-05 12:12:00,PERI,,9.545000076293945,9.545000076293945,9.545000076293945,9.545000076293945,408.0
2026-08-05 12:12:00,PESI,,17.690000534057617,17.739999771118164,17.649999618530273,17.739999771118164,3306.0
2026-08-05 12:12:00,PFG,,113.83999633789062,113.9000015258789,113.83999633789062,113.9000015258789,2157.0
2026-08-05 12:12:00,PGEN,,6.994999885559082,6.994999885559082,6.974999904632568,6.989999771118164,18396.0
2026-08-05 12:12:00,PGY,,21.65999984741211,21.65999984741211,21.6299991607666,21.639999389648438,5656.0
2026-08-05 12:12:00,PHAT,,8.494999885559082,8.494999885559082,8.494999885559082,8.494999885559082,516.0
2026-08-05 12:12:00,PHVS,,32.90999984741211,32.91999816894531,32.90999984741211,32.91999816894531,1412.0
2026-08-05 12:12:00,PLAB,,32.0,32.04999923706055,32.0,32.04999923706055,1188.0
2026-08-05 12:12:00,PLSE,,36.599998474121094,36.599998474121094,36.599998474121094,36.599998474121094,445.0
2026-08-05 12:12:00,PLTK,,3.9749999046325684,3.9749999046325684,3.9749999046325684,3.9749999046325684,606.0
2026-08-05 12:12:00,PLUG,,2.069999933242798,2.0799999237060547,2.069999933242798,2.079900026321411,7649.0
2026-08-05 12:12:00,PNFP,,107.47000122070312,107.48999786376953,107.47000122070312,107.48999786376953,1229.0
2026-08-05 12:12:00,POET,,8.258099555969238,8.260000228881836,8.255000114440918,8.260000228881836,1781.0
2026-08-05 12:12:00,POOL,,204.1300048828125,204.22999572753906,204.1300048828125,204.1999969482422,2994.0
2026-08-05 12:12:00,POWI,,61.625,61.78499984741211,61.625,61.7400016784668,2192.0
2026-08-05 12:12:00,POWL,,213.67999267578125,213.67999267578125,213.2050018310547,213.2050018310547,620.0
2026-08-05 12:12:00,PPTA,,22.1200008392334,22.135000228881836,22.1200008392334,22.1200008392334,2076.0
2026-08-05 12:12:00,PRCH,,15.875,15.890000343322754,15.84000015258789,15.869999885559082,23759.0
2026-08-05 12:12:00,PRCT,,19.049999237060547,19.05500030517578,19.040000915527344,19.049999237060547,3862.0
2026-08-05 12:12:00,PRIM,,84.22000122070312,84.22000122070312,84.21499633789062,84.21499633789062,1712.0
2026-08-05 12:12:00,PRME,,3.069999933242798,3.069999933242798,3.061199903488159,3.061199903488159,2130.0
2026-08-05 12:12:00,PRQR,,1.9149999618530273,1.9149999618530273,1.9149999618530273,1.9149999618530273,8804.0
2026-08-05 12:12:00,PRSO,,0.6827999949455261,0.6827999949455261,0.6827999949455261,0.6827999949455261,1469.0
2026-08-05 12:12:00,PRTA,,8.53499984741211,8.53499984741211,8.529999732971191,8.529999732971191,666.0
2026-08-05 12:12:00,PRTH,,6.559999942779541,6.559999942779541,6.559999942779541,6.559999942779541,318.0
2026-08-05 12:12:00,PRVA,,24.184999465942383,24.200000762939453,24.18000030517578,24.184999465942383,2105.0
2026-08-05 12:12:00,PRZO,,0.5471000075340271,0.5471000075340271,0.5471000075340271,0.5471000075340271,209.0
2026-08-05 12:12:00,PSEC,,2.190000057220459,2.190000057220459,2.184999942779541,2.186000108718872,2924.0
2026-08-05 12:12:00,PTC,,139.6699981689453,139.69000244140625,139.66000366210938,139.69000244140625,2475.0
2026-08-05 12:12:00,PTCT,,68.77999877929688,68.78500366210938,68.77999877929688,68.77999877929688,508.0
2026-08-05 12:12:00,PTEN,,9.779999732971191,9.779999732971191,9.774999618530273,9.774999618530273,6964.0
2026-08-05 12:12:00,PTGX,,136.53500366210938,136.53500366210938,136.4499969482422,136.4499969482422,1461.0
2026-08-05 12:12:00,PTLO,,4.590000152587891,4.590000152587891,4.590000152587891,4.590000152587891,1842.0
2026-08-05 12:12:00,PTON,,6.434999942779541,6.440000057220459,6.429999828338623,6.434999942779541,7693.0
2026-08-05 12:12:00,PXLW,,6.400000095367432,6.400000095367432,6.400000095367432,6.400000095367432,152.0
2026-08-05 12:12:00,PYPD,,4.5,4.510000228881836,4.5,4.510000228881836,300.0
2026-08-05 12:12:00,PYPL,,58.2400016784668,58.27000045776367,58.23500061035156,58.27000045776367,6576.0
2026-08-05 12:12:00,PYXS,,3.1500000953674316,3.1500000953674316,3.1500000953674316,3.1500000953674316,146.0
2026-08-05 12:12:00,PZZA,,30.270000457763672,30.329999923706055,30.270000457763672,30.329999923706055,4977.0
2026-08-05 12:12:00,QCOM,,157.78500366210938,157.80999755859375,157.72999572753906,157.74000549316406,10016.0
2026-08-05 12:12:00,QFIN,,13.1899995803833,13.1899995803833,13.1899995803833,13.1899995803833,889.0
2026-08-05 12:12:00,QRVO,,94.44999694824219,94.5,94.43499755859375,94.47000122070312,1258.0
2026-08-05 12:12:00,SEED,,0.9837999939918518,0.9837999939918518,0.9837999939918518,0.9837999939918518,409.0
2026-08-05 12:12:00,STIM,,2.25,2.259999990463257,2.244999885559082,2.259999990463257,7450.0
2026-08-05 12:12:00,TARA,,4.025000095367432,4.025000095367432,4.019999980926514,4.019999980926514,514.0
2026-08-05 12:12:00,WOOF,,2.9149999618530273,2.9149999618530273,2.9100000858306885,2.9100000858306885,950.0
2026-08-05 12:13:00,ACDC,,4.40500020980835,4.434999942779541,4.40500020980835,4.434999942779541,32761.0
2026-08-05 12:13:00,CASH,,89.33000183105469,89.33000183105469,89.29000091552734,89.29000091552734,716.0
2026-08-05 12:13:00,EYE,,23.094999313354492,23.100000381469727,23.079999923706055,23.09000015258789,2549.0
2026-08-05 12:13:00,GLUE,,15.729999542236328,15.739999771118164,15.725000381469727,15.739999771118164,1317.0
2026-08-05 12:13:00,KIDS,,21.362499237060547,21.362499237060547,21.362499237060547,21.362499237060547,216.0
2026-08-05 12:13:00,MBRX,,0.40209999680519104,0.40209999680519104,0.40209999680519104,0.40209999680519104,339.0
2026-08-05 12:13:00,MCRI,,124.58499908447266,124.58499908447266,124.30000305175781,124.55999755859375,3451.0
2026-08-05 12:13:00,MDB,,375.7799987792969,375.7799987792969,375.7799987792969,375.7799987792969,8846.0
2026-08-05 12:13:00,MDLZ,,62.459999084472656,62.47999954223633,62.44499969482422,62.44499969482422,13046.0
2026-08-05 12:13:00,MNRO,,13.079999923706055,13.130000114440918,13.079999923706055,13.079999923706055,3300.0
2026-08-05 12:13:00,MNST,,94.70999908447266,94.70999908447266,94.6500015258789,94.66000366210938,10293.0
2026-08-05 12:13:00,MNTS,,4.325799942016602,4.325799942016602,4.325799942016602,4.325799942016602,2502.0
2026-08-05 12:13:00,MOVE,,11.910099983215332,11.910099983215332,11.910099983215332,11.910099983215332,590.0
2026-08-05 12:13:00,MPWR,,1323.6524658203125,1325.1700439453125,1323.3499755859375,1325.030029296875,657.0
2026-08-05 12:13:00,MRNA,,56.790000915527344,56.88999938964844,56.790000915527344,56.861698150634766,5622.0
2026-08-05 12:13:00,MYGN,,3.130000114440918,3.134999990463257,3.130000114440918,3.134999990463257,2852.0
2026-08-05 12:13:00,MYRG,,339.0199890136719,339.2699890136719,339.0199890136719,339.2699890136719,272.0
2026-08-05 12:13:00,NAMS,,26.764999389648438,26.764999389648438,26.764999389648438,26.764999389648438,719.0
2026-08-05 12:13:00,NAVI,,9.0649995803833,9.0649995803833,9.0600004196167,9.0600004196167,927.0
2026-08-05 12:13:00,NB,,5.058599948883057,5.059999942779541,5.058599948883057,5.059999942779541,3557.0
2026-08-05 12:13:00,NBTB,,53.435001373291016,53.435001373291016,53.41999816894531,53.41999816894531,2100.0
2026-08-05 12:13:00,NDAQ,,94.36000061035156,94.40499877929688,94.36000061035156,94.40499877929688,1029.0
2026-08-05 12:13:00,NEO,,16.030000686645508,16.049999237060547,16.030000686645508,16.045000076293945,8130.0
2026-08-05 12:13:00,NEOG,,11.574999809265137,11.574999809265137,11.5649995803833,11.5649995803833,5394.0
2026-08-05 12:13:00,NESR,,28.5,28.53499984741211,28.5,28.53499984741211,1953.0
2026-08-05 12:13:00,NEXT,,6.445000171661377,6.454999923706055,6.429999828338623,6.429999828338623,2677.0
2026-08-05 12:13:00,NFE,,0.3366999924182892,0.3366999924182892,0.3366999924182892,0.3366999924182892,146.0
2026-08-05 12:13:00,NFLX,,73.69000244140625,73.72000122070312,73.66999816894531,73.67500305175781,41299.0
2026-08-05 12:13:00,NGNE,,35.040000915527344,35.040000915527344,35.040000915527344,35.040000915527344,306.0
2026-08-05 12:13:00,NICE,,97.04499816894531,97.05000305175781,97.00499725341797,97.05000305175781,1445.0
2026-08-05 12:13:00,NIU,,2.421299934387207,2.421299934387207,2.421299934387207,2.421299934387207,200.0
2026-08-05 12:13:00,NKTR,,73.19000244140625,73.19000244140625,73.19000244140625,73.19000244140625,759.0
2026-08-05 12:13:00,NKTX,,2.180000066757202,2.1800999641418457,2.180000066757202,2.1800999641418457,1232.0
2026-08-05 12:13:00,NMIH,,44.349998474121094,44.3650016784668,44.349998474121094,44.3650016784668,2465.0
2026-08-05 12:13:00,NMRK,,15.539999961853027,15.539999961853027,15.539999961853027,15.539999961853027,1395.0
2026-08-05 12:13:00,NN,,14.135000228881836,14.149999618530273,14.135000228881836,14.149999618530273,7396.0
2026-08-05 12:13:00,NNBR,,3.7950000762939453,3.7950000762939453,3.7950000762939453,3.7950000762939453,827.0
2026-08-05 12:13:00,NNDM,,1.5449999570846558,1.5449999570846558,1.5449999570846558,1.5449999570846558,1085.0
2026-08-05 12:13:00,NNOX,,1.0111000537872314,1.0111000537872314,1.0111000537872314,1.0111000537872314,501.0
2026-08-05 12:13:00,NOVT,,156.4250030517578,156.4250030517578,156.4250030517578,156.4250030517578,340.0
2026-08-05 12:13:00,NPCE,,13.369999885559082,13.369999885559082,13.369999885559082,13.369999885559082,207.0
2026-08-05 12:13:00,NRDS,,9.125,9.130000114440918,9.125,9.130000114440918,383.0
2026-08-05 12:13:00,NRIM,,26.979999542236328,26.979999542236328,26.979999542236328,26.979999542236328,333.0
2026-08-05 12:13:00,NRIX,,24.81999969482422,24.81999969482422,24.81999969482422,24.81999969482422,724.0
2026-08-05 12:13:00,NSSC,,39.96500015258789,39.96500015258789,39.96500015258789,39.96500015258789,752.0
2026-08-05 12:13:00,NTAP,,188.8802032470703,189.0800018310547,188.84249877929688,188.84249877929688,2087.0
2026-08-05 12:13:00,NTES,,127.51000213623047,127.51000213623047,127.51000213623047,127.51000213623047,304.0
2026-08-05 12:13:00,NTGR,,24.2450008392334,24.2450008392334,24.209999084472656,24.209999084472656,1126.0
2026-08-05 12:13:00,NTNX,,60.52000045776367,60.52000045776367,60.52000045776367,60.52000045776367,784.0
2026-08-05 12:13:00,NTRA,,274.7132873535156,275.5299987792969,274.7132873535156,275.5299987792969,2118.0
2026-08-05 12:13:00,NTRS,,183.2100067138672,183.2100067138672,183.2100067138672,183.2100067138672,648.0
2026-08-05 12:13:00,NVAX,,7.635000228881836,7.639999866485596,7.635000228881836,7.639999866485596,2525.0
2026-08-05 12:13:00,NVCT,,20.184999465942383,20.184999465942383,20.040000915527344,20.040000915527344,450.0
2026-08-05 12:13:00,NVDA,,219.41000366210938,219.50999450683594,219.2100067138672,219.3699951171875,185516.0
2026-08-05 12:13:00,NVMI,,407.70001220703125,408.07000732421875,407.29998779296875,407.9800109863281,1924.0
2026-08-05 12:13:00,NVNI,,1.11489999294281,1.11489999294281,1.11489999294281,1.11489999294281,100.0
2026-08-05 12:13:00,NVTS,,12.4399995803833,12.470000267028809,12.4350004196167,12.461999893188477,16339.0
2026-08-05 12:13:00,NWBI,,15.9350004196167,15.9399995803833,15.9350004196167,15.9399995803833,3463.0
2026-08-05 12:13:00,NWL,,6.25,6.25,6.21999979019165,6.25,22155.0
2026-08-05 12:13:00,NWS,,32.209999084472656,32.209999084472656,32.209999084472656,32.209999084472656,2239.0
2026-08-05 12:13:00,NWSA,,28.170000076293945,28.170000076293945,28.139999389648438,28.15999984741211,44186.0
2026-08-05 12:13:00,NXPI,,230.97000122070312,231.30999755859375,230.88999938964844,231.2949981689453,6887.0
2026-08-05 12:13:00,NXT,,98.83000183105469,98.97000122070312,98.83000183105469,98.97000122070312,2446.0
2026-08-05 12:13:00,OCFC,,19.760000228881836,19.764999389648438,19.760000228881836,19.760000228881836,2392.0
2026-08-05 12:13:00,OCGN,,1.3099000453948975,1.309999942779541,1.3079999685287476,1.3079999685287476,14769.0
2026-08-05 12:13:00,OCUL,,8.46500015258789,8.46500015258789,8.46500015258789,8.46500015258789,2015.0
2026-08-05 12:13:00,ODFL,,213.75999450683594,213.97999572753906,213.74000549316406,213.97999572753906,11338.0
2026-08-05 12:13:00,OESX,,14.479999542236328,14.479999542236328,14.479999542236328,14.479999542236328,746.0
2026-08-05 12:13:00,OFIX,,10.710000038146973,10.710000038146973,10.710000038146973,10.710000038146973,1345.0
2026-08-05 12:13:00,OLB,,0.30329999327659607,0.3037000000476837,0.30300000309944153,0.3037000000476837,1522.0
2026-08-05 12:13:00,OLLI,,78.22000122070312,78.22000122070312,78.22000122070312,78.22000122070312,479.0
2026-08-05 12:13:00,OM,,4.96999979019165,4.96999979019165,4.940000057220459,4.940000057220459,2036.0
2026-08-05 12:13:00,OMH,,0.11129999905824661,0.11150000244379044,0.11129999905824661,0.11150000244379044,2302.0
2026-08-05 12:13:00,ON,,77.2699966430664,77.33499908447266,77.19499969482422,77.30500030517578,22093.0
2026-08-05 12:13:00,ONB,,27.020000457763672,27.024999618530273,27.010000228881836,27.010000228881836,13255.0
2026-08-05 12:13:00,ONDS,,8.845000267028809,8.864999771118164,8.835000038146973,8.864999771118164,379024.0
2026-08-05 12:13:00,ONFO,,0.07479999959468842,0.07479999959468842,0.0746999979019165,0.0746999979019165,4933.0
2026-08-05 12:13:00,ONMD,,0.6771000027656555,0.6771000027656555,0.6771000027656555,0.6771000027656555,300.0
2026-08-05 12:13:00,OPCH,,23.350000381469727,23.360000610351562,23.350000381469727,23.360000610351562,1439.0
2026-08-05 12:13:00,OPEN,,3.8004000186920166,3.809999942779541,3.799999952316284,3.799999952316284,67233.0
2026-08-05 12:13:00,OPK,,1.309999942779541,1.309999942779541,1.309999942779541,1.309999942779541,1160.0
2026-08-05 12:13:00,OPRX,,6.75,6.760000228881836,6.75,6.760000228881836,228.0
2026-08-05 12:13:00,ORLY,,93.4000015258789,93.41999816894531,93.37000274658203,93.375,10166.0
2026-08-05 12:13:00,OSBC,,25.780000686645508,25.780000686645508,25.770000457763672,25.770000457763672,1723.0
2026-08-05 12:13:00,OSIS,,235.32000732421875,235.32000732421875,235.32000732421875,235.32000732421875,637.0
2026-08-05 12:13:00,OSS,,13.829999923706055,13.829999923706055,13.829999923706055,13.829999923706055,1254.0
2026-08-05 12:13:00,OTEX,,25.770000457763672,25.780000686645508,25.770000457763672,25.780000686645508,724.0
2026-08-05 12:13:00,OTLK,,1.0149999856948853,1.0192999839782715,1.0149999856948853,1.0166000127792358,10022.0
2026-08-05 12:13:00,OVID,,2.6500000953674316,2.6500000953674316,2.6500000953674316,2.6500000953674316,306.0
2026-08-05 12:13:00,OXLC,,9.125,9.125,9.125,9.125,1037.0
2026-08-05 12:13:00,OXSQ,,1.4900000095367432,1.4900000095367432,1.4876999855041504,1.4876999855041504,1324.0
2026-08-05 12:13:00,PAA,,23.260000228881836,23.274999618530273,23.260000228881836,23.274999618530273,6180.0
2026-08-05 12:13:00,PAAS,,47.790000915527344,47.86000061035156,47.779998779296875,47.84000015258789,7418.0
2026-08-05 12:13:00,PACB,,1.4049999713897705,1.4049999713897705,1.399999976158142,1.399999976158142,5975.0
2026-08-05 12:13:00,PAGP,,25.219999313354492,25.219999313354492,25.219999313354492,25.219999313354492,604.0
2026-08-05 12:13:00,PANW,,364.3699951171875,364.5,364.3699951171875,364.4200134277344,5165.0
2026-08-05 12:13:00,PATK,,87.61000061035156,87.61000061035156,87.61000061035156,87.61000061035156,535.0
2026-08-05 12:13:00,PAX,,11.364999771118164,11.364999771118164,11.364999771118164,11.364999771118164,1135.0
2026-08-05 12:13:00,PAYO,,7.125,7.130000114440918,7.119999885559082,7.119999885559082,3926.0
2026-08-05 12:13:00,PAYX,,116.97000122070312,116.97000122070312,116.97000122070312,116.97000122070312,653.0
2026-08-05 12:13:00,PCAR,,134.07000732421875,134.18499755859375,134.07000732421875,134.18499755859375,3484.0
2026-08-05 12:13:00,PCRX,,25.045000076293945,25.100000381469727,24.959999084472656,24.979999542236328,6169.0
2026-08-05 12:13:00,PCT,,6.865799903869629,6.865799903869629,6.864999771118164,6.864999771118164,745.0
2026-08-05 12:13:00,PCTY,,144.3125,144.35499572753906,144.25,144.27000427246094,2293.0
2026-08-05 12:13:00,PDD,,90.87999725341797,90.88999938964844,90.87999725341797,90.87999725341797,3319.0
2026-08-05 12:13:00,PEBO,,41.625,41.630001068115234,41.625,41.630001068115234,2333.0
2026-08-05 12:13:00,PECO,,41.40999984741211,41.40999984741211,41.40999984741211,41.40999984741211,1564.0
2026-08-05 12:13:00,PENN,,19.799999237060547,19.809999465942383,19.78499984741211,19.78499984741211,6442.0
2026-08-05 12:13:00,PEP,,139.01499938964844,139.01499938964844,138.92250061035156,138.92250061035156,11039.0
2026-08-05 12:13:00,PERI,,9.550000190734863,9.550000190734863,9.550000190734863,9.550000190734863,564.0
2026-08-05 12:13:00,PESI,,17.69499969482422,17.700000762939453,17.690000534057617,17.690000534057617,1396.0
2026-08-05 12:13:00,PGEN,,6.994999885559082,7.0,6.989999771118164,6.989999771118164,11460.0
2026-08-05 12:13:00,PGY,,21.65999984741211,21.670000076293945,21.65999984741211,21.65999984741211,5783.0
2026-08-05 12:13:00,PHAT,,8.494999885559082,8.494999885559082,8.494999885559082,8.494999885559082,575.0
2026-08-05 12:13:00,PHIO,,1.0399999618530273,1.0449999570846558,1.0399999618530273,1.0449999570846558,0.0
2026-08-05 12:13:00,PHVS,,32.915000915527344,32.915000915527344,32.915000915527344,32.915000915527344,204.0
2026-08-05 12:13:00,PLAB,,31.969999313354492,31.969999313354492,31.969999313354492,31.969999313354492,559.0
2026-08-05 12:13:00,PLBC,,61.14500045776367,61.14500045776367,61.14500045776367,61.14500045776367,1905.0
2026-08-05 12:13:00,PLMR,,135.50999450683594,135.50999450683594,135.50999450683594,135.50999450683594,281.0
2026-08-05 12:13:00,PLPC,,458.1099853515625,458.3699951171875,458.1099853515625,458.3699951171875,332.0
2026-08-05 12:13:00,PLRX,,1.0549999475479126,1.0549999475479126,1.0549999475479126,1.0549999475479126,0.0
2026-08-05 12:13:00,PLTK,,3.9749999046325684,3.9749999046325684,3.9749999046325684,3.9749999046325684,307.0
2026-08-05 12:13:00,PLUG,,2.075000047683716,2.075000047683716,2.069999933242798,2.072000026702881,25784.0
2026-08-05 12:13:00,PLXS,,273.95001220703125,273.95001220703125,273.95001220703125,273.95001220703125,277.0
2026-08-05 12:13:00,PNFP,,107.47000122070312,107.47000122070312,107.47000122070312,107.47000122070312,262.0
2026-08-05 12:13:00,POET,,8.25,8.260000228881836,8.244999885559082,8.260000228881836,3654.0
2026-08-05 12:13:00,POOL,,204.5449981689453,204.5449981689453,204.27000427246094,204.27000427246094,602.0
2026-08-05 12:13:00,POWI,,61.47999954223633,61.61000061035156,61.47999954223633,61.61000061035156,3706.0
2026-08-05 12:13:00,POWL,,213.10000610351562,213.3800048828125,213.10000610351562,213.25999450683594,1064.0
2026-08-05 12:13:00,PPTA,,22.139999389648438,22.139999389648438,22.125,22.125,2194.0
2026-08-05 12:13:00,PRAX,,312.2900085449219,312.2900085449219,311.7799987792969,311.7799987792969,376.0
2026-08-05 12:13:00,PRCH,,15.869999885559082,15.899999618530273,15.869999885559082,15.880000114440918,2761.0
2026-08-05 12:13:00,PRCT,,19.06999969482422,19.09000015258789,19.040000915527344,19.049999237060547,12024.0
2026-08-05 12:13:00,PRIM,,83.93000030517578,84.20999908447266,83.93000030517578,84.20999908447266,2484.0
2026-08-05 12:13:00,PRME,,3.067699909210205,3.0699000358581543,3.065000057220459,3.0699000358581543,3503.0
2026-08-05 12:13:00,PRQR,,1.9149999618530273,1.9149999618530273,1.9149999618530273,1.9149999618530273,889.0
2026-08-05 12:13:00,PRVA,,24.190000534057617,24.190000534057617,24.190000534057617,24.190000534057617,648.0
2026-08-05 12:13:00,PSEC,,2.184999942779541,2.190000057220459,2.184999942779541,2.190000057220459,10007.0
2026-08-05 12:13:00,PSNL,,13.550000190734863,13.550000190734863,13.550000190734863,13.550000190734863,511.0
2026-08-05 12:13:00,PTCT,,68.69000244140625,68.77999877929688,68.69000244140625,68.77999877929688,9921.0
2026-08-05 12:13:00,PTEN,,9.765000343322754,9.789999961853027,9.765000343322754,9.789999961853027,11132.0
2026-08-05 12:13:00,PTLO,,4.590000152587891,4.59499979019165,4.585000038146973,4.585000038146973,17243.0
2026-08-05 12:13:00,PTON,,6.434999942779541,6.434999942779541,6.429999828338623,6.434999942779541,6764.0
2026-08-05 12:13:00,PYPL,,58.25,58.26499938964844,58.2400016784668,58.25,10845.0
2026-08-05 12:13:00,PYXS,,3.1500000953674316,3.1600000858306885,3.1500000953674316,3.1500000953674316,647.0
2026-08-05 12:13:00,PZZA,,30.280000686645508,30.299999237060547,30.260000228881836,30.260000228881836,4776.0
2026-08-05 12:13:00,QCOM,,157.6999969482422,157.83990478515625,157.60000610351562,157.78500366210938,10330.0
2026-08-05 12:13:00,QCRH,,105.25,105.25,105.25,105.25,1297.0
2026-08-05 12:13:00,QRVO,,94.41999816894531,94.41999816894531,94.38999938964844,94.38999938964844,361.0
2026-08-05 12:13:00,SEED,,0.9900000095367432,0.9900000095367432,0.9898999929428101,0.9898999929428101,903.0
2026-08-05 12:13:00,TARA,,4.03000020980835,4.03000020980835,4.03000020980835,4.03000020980835,192.0
2026-08-05 12:13:00,WOOF,,2.9149999618530273,2.9149999618530273,2.9149999618530273,2.9149999618530273,1290.0
2026-08-05 12:14:00,ACDC,,4.420000076293945,4.420000076293945,4.409999847412109,4.409999847412109,4392.0
2026-08-05 12:14:00,BPOP,,177.297607421875,177.297607421875,177.0500030517578,177.10000610351562,1024.0
2026-08-05 12:14:00,CPOP,,0.36309999227523804,0.36309999227523804,0.36309999227523804,0.36309999227523804,300.0
2026-08-05 12:14:00,EYE,,23.094999313354492,23.100000381469727,23.094999313354492,23.100000381469727,1023.0
2026-08-05 12:14:00,FIZZ,,32.0,32.029998779296875,32.0,32.0099983215332,3477.0
2026-08-05 12:14:00,GLUE,,15.694999694824219,15.710000038146973,15.694999694824219,15.710000038146973,1928.0
2026-08-05 12:14:00,KIDS,,21.354999542236328,21.354999542236328,21.354999542236328,21.354999542236328,182.0
2026-08-05 12:14:00,KITT,,1.0399999618530273,1.0463000535964966,1.0399999618530273,1.0463000535964966,1218.0
2026-08-05 12:14:00,MBRX,,0.4065999984741211,0.4065999984741211,0.4065000116825104,0.4065000116825104,723.0
2026-08-05 12:14:00,MDB,,375.92498779296875,375.92498779296875,375.5199890136719,375.6400146484375,868.0
2026-08-05 12:14:00,MDLZ,,62.459999084472656,62.470001220703125,62.45000076293945,62.470001220703125,7581.0
2026-08-05 12:14:00,MNST,,94.69999694824219,94.70999908447266,94.68000030517578,94.69999694824219,6462.0
2026-08-05 12:14:00,MNTS,,4.329999923706055,4.329999923706055,4.3256001472473145,4.3256001472473145,64.0
2026-08-05 12:14:00,MPAA,,13.800000190734863,13.800000190734863,13.800000190734863,13.800000190734863,712.0
2026-08-05 12:14:00,MPWR,,1324.197509765625,1326.1199951171875,1323.949951171875,1323.949951171875,1189.0
2026-08-05 12:14:00,MRNA,,56.775001525878906,56.81039810180664,56.7400016784668,56.790000915527344,4143.0
2026-08-05 12:14:00,MYGN,,3.134999990463257,3.134999990463257,3.134999990463257,3.134999990463257,1241.0
2026-08-05 12:14:00,MYPS,,0.7390000224113464,0.7391999959945679,0.7343999743461609,0.7347000241279602,7321.0
2026-08-05 12:14:00,NAUT,,0.9406999945640564,0.9426000118255615,0.9399999976158142,0.9426000118255615,19315.0
2026-08-05 12:14:00,NAVI,,9.055000305175781,9.0600004196167,9.055000305175781,9.0600004196167,1979.0
2026-08-05 12:14:00,NB,,5.065000057220459,5.065000057220459,5.054999828338623,5.054999828338623,4958.0
2026-08-05 12:14:00,NBIX,,163.74000549316406,163.76499938964844,163.74000549316406,163.76499938964844,839.0
2026-08-05 12:14:00,NBN,,134.5800018310547,134.66000366210938,134.5800018310547,134.66000366210938,656.0
2026-08-05 12:14:00,NDAQ,,94.3550033569336,94.37000274658203,94.33499908447266,94.36000061035156,1819.0
2026-08-05 12:14:00,NEO,,16.010000228881836,16.020000457763672,16.0,16.010000228881836,14643.0
2026-08-05 12:14:00,NEOG,,11.569999694824219,11.569999694824219,11.5649995803833,11.569999694824219,2080.0
2026-08-05 12:14:00,NEOV,,2.809999942779541,2.809999942779541,2.809999942779541,2.809999942779541,637.0
2026-08-05 12:14:00,NESR,,28.520000457763672,28.520000457763672,28.5,28.5,1538.0
2026-08-05 12:14:00,NEXT,,6.449999809265137,6.449999809265137,6.449999809265137,6.449999809265137,2019.0
2026-08-05 12:14:00,NFE,,0.33709999918937683,0.33709999918937683,0.33709999918937683,0.33709999918937683,444.0
2026-08-05 12:14:00,NFLX,,73.6449966430664,73.73500061035156,73.63999938964844,73.69999694824219,36367.0
2026-08-05 12:14:00,NMFC,,7.295000076293945,7.295000076293945,7.295000076293945,7.295000076293945,154.0
2026-08-05 12:14:00,NMRA,,1.6050000190734863,1.6050000190734863,1.6050000190734863,1.6050000190734863,178.0
2026-08-05 12:14:00,NN,,14.149999618530273,14.149999618530273,14.140000343322754,14.140000343322754,1855.0
2026-08-05 12:14:00,NNBR,,3.799999952316284,3.799999952316284,3.799999952316284,3.799999952316284,1310.0
2026-08-05 12:14:00,NNDM,,1.5449999570846558,1.5449999570846558,1.5399999618530273,1.5399999618530273,852.0
2026-08-05 12:14:00,NNOX,,1.0149999856948853,1.0149999856948853,1.0099999904632568,1.0099999904632568,493.0
2026-08-05 12:14:00,NODK,,15.545000076293945,15.545000076293945,15.545000076293945,15.545000076293945,291.0
2026-08-05 12:14:00,NOVT,,156.4250030517578,156.4250030517578,156.4250030517578,156.4250030517578,2414.0
2026-08-05 12:14:00,NRDS,,9.114999771118164,9.135000228881836,9.109999656677246,9.125,18604.0
2026-08-05 12:14:00,NRIM,,26.915000915527344,26.959999084472656,26.915000915527344,26.959999084472656,1071.0
2026-08-05 12:14:00,NRIX,,24.81999969482422,24.81999969482422,24.81999969482422,24.81999969482422,1176.0
2026-08-05 12:14:00,NSSC,,40.029998779296875,40.029998779296875,40.029998779296875,40.029998779296875,366.0
2026-08-05 12:14:00,NTAP,,189.17999267578125,189.17999267578125,189.00999450683594,189.00999450683594,4028.0
2026-08-05 12:14:00,NTCT,,41.70500183105469,41.70500183105469,41.70500183105469,41.70500183105469,1799.0
2026-08-05 12:14:00,NTES,,127.51000213623047,127.51000213623047,127.51000213623047,127.51000213623047,667.0
2026-08-05 12:14:00,NTNX,,60.560001373291016,60.56999969482422,60.5,60.52000045776367,10744.0
2026-08-05 12:14:00,NTRA,,275.3900146484375,275.3900146484375,275.0350036621094,275.0350036621094,385.0
2026-08-05 12:14:00,NTRS,,183.3000030517578,183.3000030517578,183.2899932861328,183.2899932861328,1398.0
2026-08-05 12:14:00,NVAX,,7.627500057220459,7.630000114440918,7.625,7.630000114440918,4105.0
2026-08-05 12:14:00,NVCR,,16.06999969482422,16.06999969482422,16.06999969482422,16.06999969482422,3397.0
2026-08-05 12:14:00,NVCT,,20.204999923706055,20.204999923706055,20.1299991607666,20.1299991607666,343.0
2026-08-05 12:14:00,NVDA,,219.5,219.52000427246094,219.27000427246094,219.5,178100.0
2026-08-05 12:14:00,NVMI,,408.3800048828125,408.3800048828125,407.9599914550781,407.9599914550781,591.0
2026-08-05 12:14:00,NVTS,,12.470000267028809,12.470000267028809,12.430000305175781,12.4399995803833,13048.0
2026-08-05 12:14:00,NWL,,6.264999866485596,6.269999980926514,6.244999885559082,6.244999885559082,129381.0
2026-08-05 12:14:00,NWS,,32.185001373291016,32.185001373291016,32.185001373291016,32.185001373291016,815.0
2026-08-05 12:14:00,NWSA,,28.145000457763672,28.170000076293945,28.139999389648438,28.170000076293945,5046.0
2026-08-05 12:14:00,NXPI,,231.1999969482422,231.1999969482422,230.83999633789062,230.86000061035156,6036.0
2026-08-05 12:14:00,NXT,,99.0199966430664,99.0199966430664,98.90499877929688,98.90499877929688,3064.0
2026-08-05 12:14:00,NXTC,,5.099999904632568,5.099999904632568,5.059999942779541,5.090000152587891,635.0
2026-08-05 12:14:00,OCFC,,19.764999389648438,19.764999389648438,19.7549991607666,19.760000228881836,5040.0
2026-08-05 12:14:00,OCGN,,1.309999942779541,1.309999942779541,1.3049999475479126,1.309999942779541,15299.0
2026-08-05 12:14:00,OCS,,12.0,12.0,11.970000267028809,11.970000267028809,512.0
2026-08-05 12:14:00,OCUL,,8.46500015258789,8.46500015258789,8.46500015258789,8.46500015258789,10357.0
2026-08-05 12:14:00,ODD,,15.220000267028809,15.220000267028809,15.220000267028809,15.220000267028809,478.0
2026-08-05 12:14:00,ODFL,,213.9600067138672,213.9600067138672,213.86000061035156,213.86000061035156,4950.0
2026-08-05 12:14:00,OFS,,3.430000066757202,3.430000066757202,3.430000066757202,3.430000066757202,200.0
2026-08-05 12:14:00,OKTA,,147.42999267578125,147.42999267578125,147.25999450683594,147.25999450683594,2973.0
2026-08-05 12:14:00,OLLI,,78.20500183105469,78.20500183105469,78.20500183105469,78.20500183105469,720.0
2026-08-05 12:14:00,OMH,,0.11129999905824661,0.11150000244379044,0.11129999905824661,0.11150000244379044,10322.0
2026-08-05 12:14:00,ON,,77.3550033569336,77.36000061035156,77.25499725341797,77.27999877929688,14841.0
2026-08-05 12:14:00,ONB,,27.0,27.010000228881836,27.0,27.010000228881836,1802.0
2026-08-05 12:14:00,ONDS,,8.854999542236328,8.859999656677246,8.829999923706055,8.84000015258789,174076.0
2026-08-05 12:14:00,ONFO,,0.07440000027418137,0.0746999979019165,0.0737999975681305,0.0746999979019165,36756.0
2026-08-05 12:14:00,ONMD,,0.675000011920929,0.675000011920929,0.675000011920929,0.675000011920929,1500.0
2026-08-05 12:14:00,OPBK,,15.770000457763672,15.770000457763672,15.770000457763672,15.770000457763672,272.0
2026-08-05 12:14:00,OPCH,,23.350000381469727,23.350000381469727,23.34000015258789,23.34000015258789,1435.0
2026-08-05 12:14:00,OPEN,,3.7950000762939453,3.809999942779541,3.7950000762939453,3.8001999855041504,89464.0
2026-08-05 12:14:00,ORIC,,13.199999809265137,13.199999809265137,13.1899995803833,13.1899995803833,702.0
2026-08-05 12:14:00,ORLY,,93.37999725341797,93.37999725341797,93.37000274658203,93.37999725341797,4432.0
2026-08-05 12:14:00,OSBC,,25.780000686645508,25.780000686645508,25.780000686645508,25.780000686645508,782.0
2026-08-05 12:14:00,OSS,,13.859999656677246,13.859999656677246,13.8100004196167,13.8100004196167,937.0
2026-08-05 12:14:00,OSW,,26.545000076293945,26.549999237060547,26.545000076293945,26.549999237060547,503.0
2026-08-05 12:14:00,OTEX,,25.764999389648438,25.764999389648438,25.760000228881836,25.760000228881836,3157.0
2026-08-05 12:14:00,OTLK,,1.0199999809265137,1.0199999809265137,1.0199999809265137,1.0199999809265137,587.0
2026-08-05 12:14:00,OVID,,2.6449999809265137,2.6449999809265137,2.6449999809265137,2.6449999809265137,597.0
2026-08-05 12:14:00,OXLC,,9.125,9.125,9.125,9.125,848.0
2026-08-05 12:14:00,OXSQ,,1.4900000095367432,1.4900000095367432,1.4900000095367432,1.4900000095367432,265.0
2026-08-05 12:14:00,PAA,,23.264999389648438,23.270000457763672,23.264999389648438,23.270000457763672,1058.0
2026-08-05 12:14:00,PAAS,,47.91999816894531,47.91999816894531,47.79999923706055,47.79999923706055,6575.0
2026-08-05 12:14:00,PACB,,1.4049999713897705,1.409999966621399,1.399999976158142,1.399999976158142,5047.0
2026-08-05 12:14:00,PALI,,2.115000009536743,2.115000009536743,2.115000009536743,2.115000009536743,427.0
2026-08-05 12:14:00,PANW,,364.6400146484375,364.7799987792969,364.3800048828125,364.6000061035156,9346.0
2026-08-05 12:14:00,PAX,,11.364999771118164,11.364999771118164,11.364999771118164,11.364999771118164,528.0
2026-08-05 12:14:00,PAYO,,7.122200012207031,7.130000114440918,7.119999885559082,7.130000114440918,1246.0
2026-08-05 12:14:00,PAYS,,9.092000007629395,9.092000007629395,9.092000007629395,9.092000007629395,6085.0
2026-08-05 12:14:00,PAYX,,117.0,117.01000213623047,116.97000122070312,116.99500274658203,4332.0
2026-08-05 12:14:00,PCAR,,134.02999877929688,134.02999877929688,133.99000549316406,133.99000549316406,6857.0
2026-08-05 12:14:00,PCRX,,24.989999771118164,25.010000228881836,24.969999313354492,25.010000228881836,3247.0
2026-08-05 12:14:00,PCT,,6.860000133514404,6.860000133514404,6.855000019073486,6.860000133514404,9187.0
2026-08-05 12:14:00,PCTY,,144.3800048828125,144.3800048828125,144.35499572753906,144.35499572753906,580.0
2026-08-05 12:14:00,PDD,,90.88500213623047,90.9000015258789,90.86000061035156,90.9000015258789,7744.0
2026-08-05 12:14:00,PDFS,,50.084999084472656,50.084999084472656,50.084999084472656,50.084999084472656,791.0
2026-08-05 12:14:00,PEGA,,31.575000762939453,31.579999923706055,31.559999465942383,31.579999923706055,3532.0
2026-08-05 12:14:00,PENN,,19.799999237060547,19.799999237060547,19.78499984741211,19.78499984741211,1922.0
2026-08-05 12:14:00,PEP,,138.95010375976562,138.99000549316406,138.9425048828125,138.99000549316406,12564.0
2026-08-05 12:14:00,PEPG,,1.9149999618530273,1.9149999618530273,1.909999966621399,1.909999966621399,506.0
2026-08-05 12:14:00,PERI,,9.5600004196167,9.5600004196167,9.5600004196167,9.5600004196167,490.0
2026-08-05 12:14:00,PESI,,17.729999542236328,17.729999542236328,17.729999542236328,17.729999542236328,560.0
2026-08-05 12:14:00,PFG,,113.91999816894531,113.91999816894531,113.875,113.875,2312.0
2026-08-05 12:14:00,PGEN,,7.019999980926514,7.025000095367432,6.994999885559082,6.994999885559082,74217.0
2026-08-05 12:14:00,PGY,,21.65999984741211,21.65999984741211,21.649999618530273,21.65999984741211,2019.0
2026-08-05 12:14:00,PHAT,,8.479999542236328,8.489999771118164,8.479999542236328,8.489999771118164,2573.0
2026-08-05 12:14:00,PHVS,,33.02000045776367,33.02000045776367,33.0,33.0,3224.0
2026-08-05 12:14:00,PLAB,,31.969999313354492,31.969999313354492,31.969999313354492,31.969999313354492,1492.0
2026-08-05 12:14:00,PLMR,,135.5,135.5,135.5,135.5,127.0
2026-08-05 12:14:00,PLUG,,2.0789999961853027,2.0799999237060547,2.069999933242798,2.075000047683716,14815.0
2026-08-05 12:14:00,PLXS,,273.9200134277344,273.9200134277344,273.9200134277344,273.9200134277344,1737.0
2026-08-05 12:14:00,PNFP,,107.47000122070312,107.47000122070312,107.38999938964844,107.38999938964844,1100.0
2026-08-05 12:14:00,POET,,8.260000228881836,8.260000228881836,8.240400314331055,8.255000114440918,26876.0
2026-08-05 12:14:00,POLA,,1.840000033378601,1.840000033378601,1.8300000429153442,1.8300000429153442,489.0
2026-08-05 12:14:00,POWL,,213.09500122070312,213.36000061035156,213.09500122070312,213.36000061035156,528.0
2026-08-05 12:14:00,PPC,,26.450000762939453,26.489999771118164,26.450000762939453,26.489999771118164,2303.0
2026-08-05 12:14:00,PPTA,,22.15999984741211,22.170000076293945,22.116600036621094,22.139999389648438,3718.0
2026-08-05 12:14:00,PRCH,,15.925000190734863,15.925000190734863,15.859999656677246,15.890000343322754,22428.0
2026-08-05 12:14:00,PRCT,,19.05500030517578,19.084999084472656,19.030000686645508,19.084999084472656,8137.0
2026-08-05 12:14:00,PRGS,,41.959999084472656,41.959999084472656,41.959999084472656,41.959999084472656,142.0
2026-08-05 12:14:00,PRIM,,84.375,84.375,83.73500061035156,84.08000183105469,30606.0
2026-08-05 12:14:00,PRLD,,4.550000190734863,4.550000190734863,4.550000190734863,4.550000190734863,372.0
2026-08-05 12:14:00,PRME,,3.0889999866485596,3.0889999866485596,3.069999933242798,3.069999933242798,13615.0
2026-08-05 12:14:00,PRVA,,24.204999923706055,24.209999084472656,24.204999923706055,24.209999084472656,1304.0
2026-08-05 12:14:00,PSEC,,2.190000057220459,2.190000057220459,2.190000057220459,2.190000057220459,827.0
2026-08-05 12:14:00,PSNL,,13.550000190734863,13.5600004196167,13.539999961853027,13.5600004196167,3251.0
2026-08-05 12:14:00,PTEN,,9.779999732971191,9.779999732971191,9.770000457763672,9.770000457763672,6973.0
2026-08-05 12:14:00,PTLO,,4.59499979019165,4.59499979019165,4.59499979019165,4.59499979019165,298.0
2026-08-05 12:14:00,PTON,,6.429999828338623,6.429999828338623,6.429999828338623,6.429999828338623,990.0
2026-08-05 12:14:00,PWP,,17.209999084472656,17.239999771118164,17.209999084472656,17.229999542236328,1878.0
2026-08-05 12:14:00,PYPL,,58.25,58.2599983215332,58.224998474121094,58.2599983215332,11185.0
2026-08-05 12:14:00,PZZA,,30.309200286865234,30.309200286865234,30.289899826049805,30.295000076293945,4336.0
2026-08-05 12:14:00,QCOM,,157.77999877929688,157.77999877929688,157.61000061035156,157.7050018310547,7362.0
2026-08-05 12:14:00,QFIN,,13.194999694824219,13.194999694824219,13.194999694824219,13.194999694824219,1658.0
2026-08-05 12:14:00,QRVO,,94.41999816894531,94.44999694824219,94.41999816894531,94.44999694824219,733.0
2026-08-05 12:14:00,SEED,,1.0,1.0110000371932983,1.0,1.0,848.0
2026-08-05 12:14:00,TARA,,4.03000020980835,4.03000020980835,4.03000020980835,4.03000020980835,116.0
2026-08-05 12:14:00,WOOF,,2.9149999618530273,2.9149999618530273,2.9149999618530273,2.9149999618530273,1264.0
2026-08-05 12:15:00,ACDC,,4.425000190734863,4.425000190734863,4.420000076293945,4.420000076293945,2731.0
2026-08-05 12:15:00,CASH,,89.24500274658203,89.24500274658203,89.24500274658203,89.24500274658203,604.0
2026-08-05 12:15:00,CPOP,,0.36309999227523804,0.36309999227523804,0.36309999227523804,0.36309999227523804,300.0
2026-08-05 12:15:00,EYE,,23.09000015258789,23.094999313354492,23.09000015258789,23.094999313354492,846.0
2026-08-05 12:15:00,GLUE,,15.670000076293945,15.720000267028809,15.65999984741211,15.694999694824219,21038.0
2026-08-05 12:15:00,MBRX,,0.41110000014305115,0.41110000014305115,0.41110000014305115,0.41110000014305115,1503.0
2026-08-05 12:15:00,MDB,,376.1000061035156,376.1400146484375,375.95001220703125,375.9549865722656,975.0
2026-08-05 12:15:00,MDLZ,,62.415000915527344,62.470001220703125,62.40999984741211,62.459999084472656,8805.0
2026-08-05 12:15:00,MLTX,,17.575000762939453,17.575000762939453,17.559999465942383,17.559999465942383,986.0
2026-08-05 12:15:00,MNRO,,13.140000343322754,13.140000343322754,13.140000343322754,13.140000343322754,256.0
2026-08-05 12:15:00,MNST,,94.63999938964844,94.70999908447266,94.63999938964844,94.69999694824219,6374.0
2026-08-05 12:15:00,MNTS,,4.340000152587891,4.340000152587891,4.329999923706055,4.329999923706055,725.0
2026-08-05 12:15:00,MPWR,,1322.93994140625,1326.260009765625,1322.93994140625,1326.25,1899.0
2026-08-05 12:15:00,MRNA,,56.76499938964844,56.79999923706055,56.7400016784668,56.790000915527344,5210.0
2026-08-05 12:15:00,MYGN,,3.134999990463257,3.134999990463257,3.130199909210205,3.130199909210205,1251.0
2026-08-05 12:15:00,MYRG,,339.6099853515625,339.6099853515625,339.6099853515625,339.6099853515625,312.0
2026-08-05 12:15:00,NAMS,,26.7549991607666,26.78499984741211,26.75,26.75,4319.0
2026-08-05 12:15:00,NAUT,,0.9406999945640564,0.941100001335144,0.9406999945640564,0.941100001335144,2270.0
2026-08-05 12:15:00,NB,,5.0609002113342285,5.070000171661377,5.060100078582764,5.060100078582764,10723.0
2026-08-05 12:15:00,NBIX,,163.72000122070312,163.72000122070312,163.72000122070312,163.72000122070312,851.0
2026-08-05 12:15:00,NBN,,134.66000366210938,134.66000366210938,134.66000366210938,134.66000366210938,486.0
2026-08-05 12:15:00,NBTB,,53.45000076293945,53.45000076293945,53.41999816894531,53.41999816894531,1024.0
2026-08-05 12:15:00,NCPL,,0.4153999984264374,0.4153999984264374,0.4153999984264374,0.4153999984264374,0.0
2026-08-05 12:15:00,NDAQ,,94.30999755859375,94.31880187988281,94.30999755859375,94.31880187988281,1174.0
2026-08-05 12:15:00,NDSN,,311.05999755859375,311.05999755859375,311.05999755859375,311.05999755859375,437.0
2026-08-05 12:15:00,NEO,,16.010000228881836,16.030000686645508,16.010000228881836,16.020000457763672,6640.0
2026-08-05 12:15:00,NEOG,,11.574999809265137,11.574999809265137,11.569999694824219,11.569999694824219,421.0
2026-08-05 12:15:00,NEOV,,2.809999942779541,2.809999942779541,2.809999942779541,2.809999942779541,3155.0
2026-08-05 12:15:00,NESR,,28.59000015258789,28.59000015258789,28.540000915527344,28.540000915527344,1661.0
2026-08-05 12:15:00,NEWT,,15.125,15.125,15.109999656677246,15.109999656677246,2022.0
2026-08-05 12:15:00,NEXT,,6.449999809265137,6.449999809265137,6.445000171661377,6.449999809265137,2633.0
2026-08-05 12:15:00,NFLX,,73.5,73.65499877929688,73.4749984741211,73.65499877929688,88627.0
2026-08-05 12:15:00,NGNE,,35.040000915527344,35.040000915527344,35.040000915527344,35.040000915527344,243.0
2026-08-05 12:15:00,NICE,,96.88999938964844,97.1500015258789,96.88999938964844,97.04499816894531,2381.0
2026-08-05 12:15:00,NIU,,2.4200000762939453,2.4200000762939453,2.4200000762939453,2.4200000762939453,1052.0
2026-08-05 12:15:00,NKTR,,73.0999984741211,73.0999984741211,73.0999984741211,73.0999984741211,216.0
2026-08-05 12:15:00,NKTX,,2.174999952316284,2.174999952316284,2.174999952316284,2.174999952316284,675.0
2026-08-05 12:15:00,NMFC,,7.295000076293945,7.295000076293945,7.295000076293945,7.295000076293945,205.0
2026-08-05 12:15:00,NMRK,,15.539999961853027,15.539999961853027,15.539999961853027,15.539999961853027,279.0
2026-08-05 12:15:00,NN,,14.15999984741211,14.15999984741211,14.15999984741211,14.15999984741211,1238.0
2026-08-05 12:15:00,NNBR,,3.799999952316284,3.809999942779541,3.799999952316284,3.799999952316284,1106.0
2026-08-05 12:15:00,NNDM,,1.5449999570846558,1.5449999570846558,1.5449999570846558,1.5449999570846558,786.0
2026-08-05 12:15:00,NPCE,,13.369999885559082,13.369999885559082,13.369999885559082,13.369999885559082,105.0
2026-08-05 12:15:00,NRXP,,3.009999990463257,3.009999990463257,3.005000114440918,3.005000114440918,1006.0
2026-08-05 12:15:00,NSSC,,40.029998779296875,40.029998779296875,40.029998779296875,40.029998779296875,110.0
2026-08-05 12:15:00,NTAP,,189.43499755859375,189.44000244140625,189.1649932861328,189.1649932861328,3761.0
2026-08-05 12:15:00,NTGR,,24.170000076293945,24.209999084472656,24.170000076293945,24.209999084472656,11722.0
2026-08-05 12:15:00,NTNX,,60.540000915527344,60.57500076293945,60.540000915527344,60.57500076293945,2845.0
2026-08-05 12:15:00,NTRA,,275.0350036621094,275.20001220703125,274.47808837890625,274.47808837890625,2638.0
2026-08-05 12:15:00,NVAX,,7.625,7.635000228881836,7.625,7.625,41155.0
2026-08-05 12:15:00,NVDA,,219.8800048828125,219.88009643554688,219.47000122070312,219.52000427246094,262137.0
2026-08-05 12:15:00,NVEC,,128.3000030517578,128.3000030517578,128.3000030517578,128.3000030517578,194.0
2026-08-05 12:15:00,NVMI,,408.6700134277344,408.6700134277344,408.6700134277344,408.6700134277344,634.0
2026-08-05 12:15:00,NVTS,,12.489999771118164,12.495100021362305,12.479999542236328,12.479999542236328,6070.0
2026-08-05 12:15:00,NWE,,68.88999938964844,68.88999938964844,68.88999938964844,68.88999938964844,894.0
2026-08-05 12:15:00,NWFL,,33.56999969482422,33.6349983215332,33.56999969482422,33.59000015258789,3415.0
2026-08-05 12:15:00,NWL,,6.270100116729736,6.275000095367432,6.260000228881836,6.260000228881836,10147.0
2026-08-05 12:15:00,NWS,,32.189998626708984,32.209999084472656,32.18000030517578,32.209999084472656,1799.0
2026-08-05 12:15:00,NWSA,,28.145000457763672,28.149999618530273,28.135000228881836,28.149999618530273,5732.0
2026-08-05 12:15:00,NXPI,,231.24000549316406,231.25,230.97999572753906,231.1999969482422,2041.0
2026-08-05 12:15:00,NXT,,99.16010284423828,99.16010284423828,99.02999877929688,99.1500015258789,8817.0
2026-08-05 12:15:00,OCFC,,19.770000457763672,19.770000457763672,19.764999389648438,19.764999389648438,6375.0
2026-08-05 12:15:00,OCGN,,1.3049999475479126,1.315000057220459,1.2999999523162842,1.3099000453948975,114127.0
2026-08-05 12:15:00,OCS,,11.994999885559082,11.994999885559082,11.994999885559082,11.994999885559082,628.0
2026-08-05 12:15:00,OCSL,,12.140000343322754,12.140000343322754,12.140000343322754,12.140000343322754,1184.0
2026-08-05 12:15:00,OCUL,,8.46500015258789,8.470000267028809,8.46500015258789,8.46500015258789,6031.0
2026-08-05 12:15:00,ODFL,,214.11000061035156,214.11000061035156,213.94000244140625,214.0449981689453,1995.0
2026-08-05 12:15:00,OFS,,3.430000066757202,3.430000066757202,3.430000066757202,3.430000066757202,143.0
2026-08-05 12:15:00,OKTA,,147.57000732421875,147.57000732421875,147.57000732421875,147.57000732421875,302.0
2026-08-05 12:15:00,OLLI,,78.21600341796875,78.21600341796875,78.19999694824219,78.19999694824219,603.0
2026-08-05 12:15:00,OLMA,,11.5600004196167,11.5600004196167,11.5600004196167,11.5600004196167,1039.0
2026-08-05 12:15:00,OMEX,,0.7342000007629395,0.7342000007629395,0.7342000007629395,0.7342000007629395,165.0
2026-08-05 12:15:00,OMH,,0.11140000075101852,0.11140000075101852,0.11129999905824661,0.11129999905824661,1534.0
2026-08-05 12:15:00,ON,,77.47000122070312,77.5,77.3499984741211,77.37000274658203,23884.0
2026-08-05 12:15:00,ONB,,27.020000457763672,27.020000457763672,27.010000228881836,27.010000228881836,5463.0
2026-08-05 12:15:00,ONDS,,8.864999771118164,8.869999885559082,8.850000381469727,8.85990047454834,248978.0
2026-08-05 12:15:00,ONFO,,0.0737999975681305,0.07410000264644623,0.07370000332593918,0.07400000095367432,61084.0
2026-08-05 12:15:00,ONMD,,0.6779000163078308,0.6779000163078308,0.6779000163078308,0.6779000163078308,0.0
2026-08-05 12:15:00,OPCH,,23.34000015258789,23.350000381469727,23.334999084472656,23.334999084472656,3579.0
2026-08-05 12:15:00,OPEN,,3.799999952316284,3.809999942779541,3.79010009765625,3.7950000762939453,49759.0
2026-08-05 12:15:00,OPRT,,6.059999942779541,6.059999942779541,6.059999942779541,6.059999942779541,1155.0
2026-08-05 12:15:00,ORIC,,13.194999694824219,13.199999809265137,13.194999694824219,13.199999809265137,997.0
2026-08-05 12:15:00,ORLY,,93.33999633789062,93.37000274658203,93.33999633789062,93.37000274658203,5823.0
2026-08-05 12:15:00,ORMP,,4.46999979019165,4.46999979019165,4.46999979019165,4.46999979019165,603.0
2026-08-05 12:15:00,OSS,,13.800000190734863,13.859999656677246,13.800000190734863,13.859999656677246,2469.0
2026-08-05 12:15:00,OSW,,26.545000076293945,26.545000076293945,26.545000076293945,26.545000076293945,965.0
2026-08-05 12:15:00,OTLK,,1.0149999856948853,1.0199999809265137,1.0149999856948853,1.0199999809265137,11166.0
2026-08-05 12:15:00,OVID,,2.651099920272827,2.6549999713897705,2.6500000953674316,2.6500000953674316,17099.0
2026-08-05 12:15:00,OXSQ,,1.4900000095367432,1.4900000095367432,1.4900000095367432,1.4900000095367432,519.0
2026-08-05 12:15:00,PAA,,23.270000457763672,23.270000457763672,23.264999389648438,23.264999389648438,2277.0
2026-08-05 12:15:00,PAAS,,47.97999954223633,47.97999954223633,47.93000030517578,47.93000030517578,6643.0
2026-08-05 12:15:00,PACB,,1.399999976158142,1.4049999713897705,1.399999976158142,1.399999976158142,32035.0
2026-08-05 12:15:00,PAGP,,25.22010040283203,25.22010040283203,25.22010040283203,25.22010040283203,1878.0
2026-08-05 12:15:00,PALI,,2.11899995803833,2.11899995803833,2.11899995803833,2.11899995803833,2231.0
2026-08-05 12:15:00,PANW,,364.55999755859375,364.69000244140625,364.45001220703125,364.69000244140625,4482.0
2026-08-05 12:15:00,PATK,,87.66000366210938,87.66000366210938,87.5999984741211,87.5999984741211,1388.0
2026-08-05 12:15:00,PAX,,11.369999885559082,11.369999885559082,11.369999885559082,11.369999885559082,354.0
2026-08-05 12:15:00,PAYO,,7.119999885559082,7.130000114440918,7.119999885559082,7.130000114440918,538.0
2026-08-05 12:15:00,PAYX,,116.98999786376953,116.98999786376953,116.98999786376953,116.98999786376953,1382.0
2026-08-05 12:15:00,PCAR,,134.10000610351562,134.10000610351562,134.0399932861328,134.0800018310547,4194.0
2026-08-05 12:15:00,PCT,,6.875,6.875,6.864999771118164,6.864999771118164,4622.0
2026-08-05 12:15:00,PDD,,90.87000274658203,90.87000274658203,90.86499786376953,90.86499786376953,3828.0
2026-08-05 12:15:00,PDLB,,20.520000457763672,20.520000457763672,20.520000457763672,20.520000457763672,109.0
2026-08-05 12:15:00,PECO,,41.400001525878906,41.400001525878906,41.38999938964844,41.39099884033203,1232.0
2026-08-05 12:15:00,PEGA,,31.59000015258789,31.59000015258789,31.59000015258789,31.59000015258789,1184.0
2026-08-05 12:15:00,PENN,,19.799999237060547,19.799999237060547,19.780000686645508,19.790000915527344,5409.0
2026-08-05 12:15:00,PEP,,138.80999755859375,138.88499450683594,138.8000030517578,138.88499450683594,5784.0
2026-08-05 12:15:00,PEPG,,1.909999966621399,1.909999966621399,1.909999966621399,1.909999966621399,495.0
2026-08-05 12:15:00,PFG,,113.88999938964844,113.91000366210938,113.87999725341797,113.91000366210938,2586.0
2026-08-05 12:15:00,PGEN,,7.034999847412109,7.039999961853027,7.019999980926514,7.03000020980835,48114.0
2026-08-05 12:15:00,PGY,,21.680099487304688,21.690000534057617,21.639999389648438,21.65999984741211,4040.0
2026-08-05 12:15:00,PHAT,,8.479999542236328,8.479999542236328,8.479999542236328,8.479999542236328,1201.0
2026-08-05 12:15:00,PIII,,10.11400032043457,10.11400032043457,10.11400032043457,10.11400032043457,155.0
2026-08-05 12:15:00,PLAB,,32.040000915527344,32.040000915527344,32.040000915527344,32.040000915527344,204.0
2026-08-05 12:15:00,PLMR,,135.2899932861328,135.77999877929688,135.2899932861328,135.69000244140625,4645.0
2026-08-05 12:15:00,PLPC,,457.0299987792969,457.0299987792969,457.0299987792969,457.0299987792969,204.0
2026-08-05 12:15:00,PLTK,,3.9749999046325684,3.9749999046325684,3.9749999046325684,3.9749999046325684,245.0
2026-08-05 12:15:00,PLUG,,2.0850000381469727,2.0850000381469727,2.075000047683716,2.077699899673462,225825.0
2026-08-05 12:15:00,POET,,8.271400451660156,8.279899597167969,8.260000228881836,8.260000228881836,8173.0
2026-08-05 12:15:00,POWI,,61.630001068115234,61.630001068115234,61.529998779296875,61.53499984741211,1980.0
2026-08-05 12:15:00,POWL,,213.3800048828125,213.3800048828125,213.09500122070312,213.1300048828125,1165.0
2026-08-05 12:15:00,PPC,,26.434999465942383,26.450000762939453,26.434999465942383,26.450000762939453,1672.0
2026-08-05 12:15:00,PPIH,,25.844999313354492,25.844999313354492,25.844999313354492,25.844999313354492,200.0
2026-08-05 12:15:00,PPTA,,22.219999313354492,22.219999313354492,22.219999313354492,22.219999313354492,1595.0
2026-08-05 12:15:00,PRAA,,17.30500030517578,17.30500030517578,17.30500030517578,17.30500030517578,961.0
2026-08-05 12:15:00,PRCH,,15.925000190734863,15.925000190734863,15.925000190734863,15.925000190734863,509.0
2026-08-05 12:15:00,PRCT,,19.05500030517578,19.079999923706055,19.040000915527344,19.040000915527344,6746.0
2026-08-05 12:15:00,PRDO,,32.86000061035156,32.86000061035156,32.86000061035156,32.86000061035156,780.0
2026-08-05 12:15:00,PRIM,,84.37000274658203,84.58999633789062,84.20999908447266,84.41999816894531,2985.0
2026-08-05 12:15:00,PRME,,3.0899999141693115,3.0899999141693115,3.0850000381469727,3.0850000381469727,4880.0
2026-08-05 12:15:00,PRQR,,1.9149999618530273,1.9149999618530273,1.9149999618530273,1.9149999618530273,441.0
2026-08-05 12:15:00,PRTH,,6.576000213623047,6.576000213623047,6.570000171661377,6.570000171661377,2183.0
2026-08-05 12:15:00,PRVA,,24.200000762939453,24.209999084472656,24.200000762939453,24.209999084472656,778.0
2026-08-05 12:15:00,PSEC,,2.180999994277954,2.190000057220459,2.180000066757202,2.190000057220459,2153.0
2026-08-05 12:15:00,PSNL,,13.5600004196167,13.5600004196167,13.550000190734863,13.555000305175781,1276.0
2026-08-05 12:15:00,PTEN,,9.78499984741211,9.78499984741211,9.774999618530273,9.774999618530273,3417.0
2026-08-05 12:15:00,PTGX,,136.53500366210938,136.53500366210938,136.53500366210938,136.53500366210938,280.0
2026-08-05 12:15:00,PTLO,,4.59499979019165,4.59499979019165,4.59499979019165,4.59499979019165,907.0
2026-08-05 12:15:00,PTON,,6.429999828338623,6.440000057220459,6.429999828338623,6.440000057220459,11630.0
2026-08-05 12:15:00,PWP,,17.25,17.25,17.235000610351562,17.235000610351562,404.0
2026-08-05 12:15:00,PYPL,,58.16999816894531,58.2599983215332,58.165000915527344,58.2599983215332,27764.0
2026-08-05 12:15:00,PYXS,,3.1500000953674316,3.1500000953674316,3.1500000953674316,3.1500000953674316,175.0
2026-08-05 12:15:00,PZZA,,30.299999237060547,30.299999237060547,30.290000915527344,30.299999237060547,3528.0
2026-08-05 12:15:00,QCOM,,157.8300018310547,157.8699951171875,157.77000427246094,157.7949981689453,7245.0
2026-08-05 12:15:00,QRVO,,94.48999786376953,94.48999786376953,94.41999816894531,94.47000122070312,679.0
2026-08-05 12:15:00,TARA,,4.025000095367432,4.03000020980835,4.025000095367432,4.025000095367432,6011.0
2026-08-05 12:16:00,ACDC,,4.434999942779541,4.434999942779541,4.414999961853027,4.425000190734863,12886.0
2026-08-05 12:16:00,BPOP,,177.13499450683594,177.13499450683594,177.13499450683594,177.13499450683594,1463.0
2026-08-05 12:16:00,CASH,,89.24500274658203,89.26249694824219,89.24500274658203,89.24500274658203,3764.0
2026-08-05 12:16:00,CNXN,,84.61419677734375,84.61419677734375,84.61419677734375,84.61419677734375,343.0
2026-08-05 12:16:00,DTIL,,7.53000020980835,7.53000020980835,7.53000020980835,7.53000020980835,1477.0
2026-08-05 12:16:00,EYE,,23.110000610351562,23.110000610351562,23.079999923706055,23.110000610351562,1732.0
2026-08-05 12:16:00,FIZZ,,31.940000534057617,31.94499969482422,31.940000534057617,31.940000534057617,717.0
2026-08-05 12:16:00,GLUE,,15.699999809265137,15.699999809265137,15.675000190734863,15.675000190734863,1206.0
2026-08-05 12:16:00,KIDS,,21.362499237060547,21.362499237060547,21.362499237060547,21.362499237060547,444.0
2026-08-05 12:16:00,MBRX,,0.40459999442100525,0.4077000021934509,0.4043999910354614,0.4077000021934509,407.0
2026-08-05 12:16:00,MDB,,376.7049865722656,376.7049865722656,375.9800109863281,376.1199951171875,4496.0
2026-08-05 12:16:00,MDLZ,,62.38999938964844,62.40999984741211,62.375,62.40999984741211,11245.0
2026-08-05 12:16:00,MLTX,,17.59000015258789,17.59000015258789,17.56999969482422,17.56999969482422,1430.0
2026-08-05 12:16:00,MNRO,,13.125,13.125,13.125,13.125,686.0
2026-08-05 12:16:00,MNST,,94.55999755859375,94.62000274658203,94.55999755859375,94.62000274658203,2891.0
2026-08-05 12:16:00,MNTS,,4.340000152587891,4.34499979019165,4.329999923706055,4.340099811553955,7715.0
2026-08-05 12:16:00,MPWR,,1325.800048828125,1325.800048828125,1323.56494140625,1323.56494140625,340.0
2026-08-05 12:16:00,MRNA,,56.83000183105469,56.83000183105469,56.779998779296875,56.779998779296875,98356.0
2026-08-05 12:16:00,MYGN,,3.130000114440918,3.134999990463257,3.130000114440918,3.134999990463257,1399.0
2026-08-05 12:16:00,MYRG,,339.9599914550781,339.9599914550781,339.9599914550781,339.9599914550781,134.0
2026-08-05 12:16:00,NAMS,,26.780000686645508,26.780000686645508,26.770000457763672,26.770000457763672,2827.0
2026-08-05 12:16:00,NAUT,,0.9447000026702881,0.9448999762535095,0.9401999711990356,0.9406999945640564,43628.0
2026-08-05 12:16:00,NAVI,,9.0600004196167,9.0600004196167,9.0600004196167,9.0600004196167,1283.0
2026-08-05 12:16:00,NB,,5.079999923706055,5.079999923706055,5.065000057220459,5.065000057220459,1666.0
2026-08-05 12:16:00,NDAQ,,94.31999969482422,94.3949966430664,94.29000091552734,94.30000305175781,2125.0
2026-08-05 12:16:00,NEO,,16.049999237060547,16.049999237060547,16.040000915527344,16.040000915527344,1010.0
2026-08-05 12:16:00,NEOG,,11.574999809265137,11.579999923706055,11.574999809265137,11.574999809265137,4941.0
2026-08-05 12:16:00,NEOV,,2.8160998821258545,2.819999933242798,2.8160998821258545,2.819999933242798,3090.0
2026-08-05 12:16:00,NESR,,28.6200008392334,28.6200008392334,28.59000015258789,28.59000015258789,1489.0
2026-08-05 12:16:00,NEXT,,6.454999923706055,6.460000038146973,6.454999923706055,6.460000038146973,1282.0
2026-08-05 12:16:00,NFLX,,73.50479888916016,73.52999877929688,73.45999908447266,73.48999786376953,74756.0
2026-08-05 12:16:00,NICE,,96.87000274658203,97.0199966430664,96.87000274658203,97.0199966430664,1358.0
2026-08-05 12:16:00,NIU,,2.4149999618530273,2.4149999618530273,2.4149999618530273,2.4149999618530273,200.0
2026-08-05 12:16:00,NKTR,,73.15499877929688,73.25,73.11000061035156,73.11000061035156,3781.0
2026-08-05 12:16:00,NKTX,,2.180000066757202,2.180000066757202,2.180000066757202,2.180000066757202,2106.0
2026-08-05 12:16:00,NMFC,,7.304999828338623,7.304999828338623,7.300000190734863,7.300000190734863,3095.0
2026-08-05 12:16:00,NMRA,,1.6050000190734863,1.6050000190734863,1.6050000190734863,1.6050000190734863,610.0
2026-08-05 12:16:00,NMRK,,15.555000305175781,15.555000305175781,15.539999961853027,15.539999961853027,3917.0
2026-08-05 12:16:00,NN,,14.170000076293945,14.199999809265137,14.15999984741211,14.15999984741211,3539.0
2026-08-05 12:16:00,NNBR,,3.819999933242798,3.819999933242798,3.809999942779541,3.809999942779541,1902.0
2026-08-05 12:16:00,NNDM,,1.5399999618530273,1.5449999570846558,1.5399999618530273,1.5449999570846558,1628.0
2026-08-05 12:16:00,NPCE,,13.369999885559082,13.369999885559082,13.369999885559082,13.369999885559082,355.0
2026-08-05 12:16:00,NRC,,19.559999465942383,19.559999465942383,19.559999465942383,19.559999465942383,1918.0
2026-08-05 12:16:00,NRIM,,26.94499969482422,26.94499969482422,26.94499969482422,26.94499969482422,551.0
2026-08-05 12:16:00,NRIX,,24.860000610351562,24.860000610351562,24.84000015258789,24.84000015258789,812.0
2026-08-05 12:16:00,NSSC,,40.130001068115234,40.130001068115234,40.040000915527344,40.040000915527344,1419.0
2026-08-05 12:16:00,NTAP,,189.47000122070312,189.60000610351562,189.47000122070312,189.60000610351562,10456.0
2026-08-05 12:16:00,NTCT,,41.720001220703125,41.720001220703125,41.720001220703125,41.720001220703125,279.0
2026-08-05 12:16:00,NTES,,127.63999938964844,127.63999938964844,127.58499908447266,127.58499908447266,926.0
2026-08-05 12:16:00,NTGR,,24.15999984741211,24.15999984741211,24.15999984741211,24.15999984741211,316.0
2026-08-05 12:16:00,NTNX,,60.595001220703125,60.61000061035156,60.52000045776367,60.54999923706055,10537.0
2026-08-05 12:16:00,NTRA,,275.6600036621094,275.6600036621094,275.55999755859375,275.55999755859375,1716.0
2026-08-05 12:16:00,NTRS,,183.33999633789062,183.41000366210938,183.33999633789062,183.41000366210938,1927.0
2026-08-05 12:16:00,NVAX,,7.635000228881836,7.635000228881836,7.630000114440918,7.630000114440918,1754.0
2026-08-05 12:16:00,NVCR,,16.079999923706055,16.079999923706055,16.079999923706055,16.079999923706055,930.0
2026-08-05 12:16:00,NVDA,,220.3000030517578,220.38999938964844,219.8699951171875,219.8699951171875,502493.0
2026-08-05 12:16:00,NVTS,,12.550000190734863,12.569000244140625,12.489999771118164,12.489999771118164,60960.0
2026-08-05 12:16:00,NVX,,0.40119999647140503,0.40119999647140503,0.40119999647140503,0.40119999647140503,350.0
2026-08-05 12:16:00,NWBI,,15.949999809265137,15.949999809265137,15.949999809265137,15.949999809265137,1953.0
2026-08-05 12:16:00,NWL,,6.255000114440918,6.28000020980835,6.239999771118164,6.269999980926514,74103.0
2026-08-05 12:16:00,NWPX,,126.73500061035156,126.80000305175781,126.45500183105469,126.66999816894531,6490.0
2026-08-05 12:16:00,NWS,,32.220001220703125,32.220001220703125,32.189998626708984,32.189998626708984,1826.0
2026-08-05 12:16:00,NWSA,,28.165000915527344,28.165000915527344,28.145000457763672,28.149999618530273,6125.0
2026-08-05 12:16:00,NXPI,,231.0850067138672,231.36000061035156,230.82000732421875,231.0500030517578,3554.0
2026-08-05 12:16:00,NXT,,99.27999877929688,99.27999877929688,99.04000091552734,99.16000366210938,7438.0
2026-08-05 12:16:00,OBIO,,4.215000152587891,4.215000152587891,4.215000152587891,4.215000152587891,588.0
2026-08-05 12:16:00,OCFC,,19.774999618530273,19.780000686645508,19.774999618530273,19.774999618530273,1848.0
2026-08-05 12:16:00,OCG,,1.6799999475479126,1.6799999475479126,1.6799999475479126,1.6799999475479126,474.0
2026-08-05 12:16:00,OCGN,,1.2949999570846558,1.3049999475479126,1.2899999618530273,1.2999999523162842,59354.0
2026-08-05 12:16:00,OCSL,,12.145000457763672,12.145000457763672,12.140000343322754,12.140000343322754,1952.0
2026-08-05 12:16:00,OCUL,,8.475000381469727,8.475000381469727,8.46500015258789,8.46500015258789,11717.0
2026-08-05 12:16:00,ODD,,15.199999809265137,15.199999809265137,15.199999809265137,15.199999809265137,549.0
2026-08-05 12:16:00,ODFL,,214.08999633789062,214.1300048828125,214.0800018310547,214.10000610351562,4575.0
2026-08-05 12:16:00,OKTA,,147.8000030517578,147.8000030517578,147.5500030517578,147.5500030517578,3086.0
2026-08-05 12:16:00,OLB,,0.3000999987125397,0.3000999987125397,0.30000001192092896,0.30000001192092896,1316.0
2026-08-05 12:16:00,OLLI,,78.30999755859375,78.30999755859375,78.20500183105469,78.2699966430664,4492.0
2026-08-05 12:16:00,OMCL,,37.20000076293945,37.20000076293945,37.189998626708984,37.189998626708984,1190.0
2026-08-05 12:16:00,OMER,,12.850000381469727,12.850000381469727,12.850000381469727,12.850000381469727,114.0
2026-08-05 12:16:00,OMH,,0.11140000075101852,0.11140000075101852,0.11129999905824661,0.11140000075101852,7887.0
2026-08-05 12:16:00,ON,,77.57499694824219,77.625,77.43000030517578,77.44000244140625,50842.0
2026-08-05 12:16:00,ONB,,27.03499984741211,27.03499984741211,27.020000457763672,27.020000457763672,10440.0
2026-08-05 12:16:00,ONDS,,8.909899711608887,8.914999961853027,8.860099792480469,8.864999771118164,409309.0
2026-08-05 12:16:00,ONFO,,0.07429999858140945,0.07440000027418137,0.07410000264644623,0.07429999858140945,25219.0
2026-08-05 12:16:00,OPCH,,23.309999465942383,23.309999465942383,23.309999465942383,23.309999465942383,1992.0
2026-08-05 12:16:00,OPEN,,3.812299966812134,3.819999933242798,3.805000066757202,3.807499885559082,49797.0
2026-08-05 12:16:00,OPK,,1.309999942779541,1.309999942779541,1.309999942779541,1.309999942779541,393.0
2026-08-05 12:16:00,OPRA,,19.920000076293945,19.920000076293945,19.920000076293945,19.920000076293945,1772.0
2026-08-05 12:16:00,OPRT,,6.070000171661377,6.070000171661377,6.070000171661377,6.070000171661377,1080.0
2026-08-05 12:16:00,OPRX,,6.760000228881836,6.760000228881836,6.760000228881836,6.760000228881836,673.0
2026-08-05 12:16:00,ORIC,,13.210000038146973,13.229999542236328,13.210000038146973,13.210000038146973,4750.0
2026-08-05 12:16:00,ORLY,,93.30999755859375,93.3499984741211,93.30999755859375,93.3499984741211,4173.0
2026-08-05 12:16:00,OSBC,,25.790000915527344,25.790000915527344,25.790000915527344,25.790000915527344,664.0
2026-08-05 12:16:00,OSPN,,16.565000534057617,16.565000534057617,16.565000534057617,16.565000534057617,1145.0
2026-08-05 12:16:00,OSS,,13.805000305175781,13.829999923706055,13.800000190734863,13.800000190734863,5070.0
2026-08-05 12:16:00,OSUR,,4.135000228881836,4.135000228881836,4.135000228881836,4.135000228881836,205.0
2026-08-05 12:16:00,OTEX,,25.7549991607666,25.770000457763672,25.7549991607666,25.7549991607666,3261.0
2026-08-05 12:16:00,OTLK,,1.0149999856948853,1.0199999809265137,1.0149999856948853,1.0199999809265137,1391.0
2026-08-05 12:16:00,OTTR,,91.9000015258789,91.9000015258789,91.9000015258789,91.9000015258789,699.0
2026-08-05 12:16:00,OVID,,2.6549999713897705,2.6549999713897705,2.6549999713897705,2.6549999713897705,1412.0
2026-08-05 12:16:00,OXSQ,,1.4900000095367432,1.4900000095367432,1.4900000095367432,1.4900000095367432,312.0
2026-08-05 12:16:00,PAA,,23.264999389648438,23.274999618530273,23.264999389648438,23.274999618530273,3342.0
2026-08-05 12:16:00,PAAS,,48.04999923706055,48.060001373291016,48.0099983215332,48.0099983215332,6479.0
2026-08-05 12:16:00,PACB,,1.399999976158142,1.409999966621399,1.399999976158142,1.399999976158142,62793.0
2026-08-05 12:16:00,PALI,,2.119999885559082,2.119999885559082,2.119999885559082,2.119999885559082,1503.0
2026-08-05 12:16:00,PANW,,365.0950927734375,365.32000732421875,364.489990234375,364.489990234375,5918.0
2026-08-05 12:16:00,PATK,,87.69999694824219,87.70999908447266,87.6500015258789,87.6500015258789,8041.0
2026-08-05 12:16:00,PAX,,11.385000228881836,11.385000228881836,11.369999885559082,11.369999885559082,1630.0
2026-08-05 12:16:00,PAYO,,7.130000114440918,7.130000114440918,7.125,7.130000114440918,4736.0
2026-08-05 12:16:00,PAYS,,9.149999618530273,9.149999618530273,9.109999656677246,9.109999656677246,2089.0
2026-08-05 12:16:00,PAYX,,116.91000366210938,116.91000366210938,116.91000366210938,116.91000366210938,1369.0
2026-08-05 12:16:00,PCAR,,134.0800018310547,134.15499877929688,134.0800018310547,134.1300048828125,3846.0
2026-08-05 12:16:00,PCB,,28.200000762939453,28.200000762939453,28.200000762939453,28.200000762939453,1143.0
2026-08-05 12:16:00,PCRX,,24.940000534057617,24.950000762939453,24.940000534057617,24.950000762939453,948.0
2026-08-05 12:16:00,PCT,,6.894999980926514,6.894999980926514,6.875,6.875,10482.0
2026-08-05 12:16:00,PCTY,,144.375,144.38999938964844,144.0800018310547,144.35499572753906,887.0
2026-08-05 12:16:00,PDD,,90.91999816894531,90.93250274658203,90.86499786376953,90.86499786376953,7083.0
2026-08-05 12:16:00,PDFS,,50.29999923706055,50.29999923706055,50.29999923706055,50.29999923706055,883.0
2026-08-05 12:16:00,PDLB,,20.549999237060547,20.549999237060547,20.549999237060547,20.549999237060547,634.0
2026-08-05 12:16:00,PEGA,,31.56999969482422,31.594999313354492,31.56999969482422,31.59000015258789,1819.0
2026-08-05 12:16:00,PENN,,19.799999237060547,19.799999237060547,19.799999237060547,19.799999237060547,1556.0
2026-08-05 12:16:00,PEP,,138.6699981689453,138.8000030517578,138.66000366210938,138.8000030517578,6394.0
2026-08-05 12:16:00,PEPG,,1.9299999475479126,1.9299999475479126,1.9149999618530273,1.9149999618530273,5764.0
2026-08-05 12:16:00,PESI,,17.780000686645508,17.780000686645508,17.780000686645508,17.780000686645508,485.0
2026-08-05 12:16:00,PFG,,113.95500183105469,113.95500183105469,113.91000366210938,113.91000366210938,3668.0
2026-08-05 12:16:00,PGEN,,7.010000228881836,7.039999961853027,7.010000228881836,7.03000020980835,19285.0
2026-08-05 12:16:00,PGNY,,31.684999465942383,31.684999465942383,31.684999465942383,31.684999465942383,1620.0
2026-08-05 12:16:00,PGY,,21.7101993560791,21.722700119018555,21.700000762939453,21.700000762939453,13617.0
2026-08-05 12:16:00,PHAT,,8.479999542236328,8.479999542236328,8.479999542236328,8.479999542236328,241.0
2026-08-05 12:16:00,PHVS,,32.88999938964844,33.0099983215332,32.779998779296875,33.0099983215332,4938.0
2026-08-05 12:16:00,PLAB,,32.11000061035156,32.119998931884766,32.07500076293945,32.099998474121094,1014.0
2026-08-05 12:16:00,PLBY,,1.1449999809265137,1.1504000425338745,1.1449999809265137,1.1504000425338745,24269.0
2026-08-05 12:16:00,PLMR,,135.23500061035156,135.23500061035156,135.23500061035156,135.23500061035156,440.0
2026-08-05 12:16:00,PLPC,,459.0299987792969,459.0299987792969,459.0299987792969,459.0299987792969,568.0
2026-08-05 12:16:00,PLTK,,3.9749999046325684,3.9749999046325684,3.9749999046325684,3.9749999046325684,3453.0
2026-08-05 12:16:00,PLUG,,2.0850000381469727,2.0850000381469727,2.0850000381469727,2.0850000381469727,4172.0
2026-08-05 12:16:00,PMN,,13.170000076293945,13.170000076293945,13.170000076293945,13.170000076293945,131.0
2026-08-05 12:16:00,PNFP,,107.55999755859375,107.58000183105469,107.55999755859375,107.58000183105469,930.0
2026-08-05 12:16:00,POET,,8.305000305175781,8.3100004196167,8.270000457763672,8.270000457763672,16888.0
2026-08-05 12:16:00,POOL,,204.0399932861328,204.0399932861328,204.0399932861328,204.0399932861328,808.0
2026-08-05 12:16:00,POWI,,61.6150016784668,61.62179946899414,61.61000061035156,61.61000061035156,972.0
2026-08-05 12:16:00,POWL,,214.05999755859375,214.2899932861328,213.34500122070312,213.34500122070312,1404.0
2026-08-05 12:16:00,PPC,,26.40999984741211,26.420000076293945,26.40999984741211,26.420000076293945,894.0
2026-08-05 12:16:00,PPIH,,25.844999313354492,25.844999313354492,25.844999313354492,25.844999313354492,255.0
2026-08-05 12:16:00,PRAX,,312.489990234375,312.489990234375,312.42999267578125,312.42999267578125,290.0
2026-08-05 12:16:00,PRCH,,15.920000076293945,15.9399995803833,15.920000076293945,15.9399995803833,2021.0
2026-08-05 12:16:00,PRCT,,19.049999237060547,19.059999465942383,19.040000915527344,19.059999465942383,1360.0
2026-08-05 12:16:00,PRGS,,41.95500183105469,41.95500183105469,41.95500183105469,41.95500183105469,231.0
2026-08-05 12:16:00,PRIM,,84.33619689941406,84.33619689941406,84.19000244140625,84.20999908447266,2137.0
2026-08-05 12:16:00,PRME,,3.0850000381469727,3.0899999141693115,3.0850000381469727,3.0899999141693115,1650.0
2026-08-05 12:16:00,PRQR,,1.9149999618530273,1.9149999618530273,1.9149999618530273,1.9149999618530273,120.0
2026-08-05 12:16:00,PSEC,,2.190000057220459,2.190000057220459,2.180000066757202,2.182499885559082,1973.0
2026-08-05 12:16:00,PSMT,,194.24000549316406,194.27000427246094,193.41000366210938,193.55999755859375,6320.0
2026-08-05 12:16:00,PSNL,,13.579999923706055,13.579999923706055,13.579999923706055,13.579999923706055,781.0
2026-08-05 12:16:00,PTC,,139.6649932861328,139.6649932861328,139.6649932861328,139.6649932861328,957.0
2026-08-05 12:16:00,PTCT,,68.63999938964844,68.6500015258789,68.63999938964844,68.6500015258789,1139.0
2026-08-05 12:16:00,PTEN,,9.789999961853027,9.795000076293945,9.78499984741211,9.789999961853027,7926.0
2026-08-05 12:16:00,PTGX,,136.6699981689453,136.6699981689453,136.6699981689453,136.6699981689453,864.0
2026-08-05 12:16:00,PTON,,6.429999828338623,6.434999942779541,6.429999828338623,6.434999942779541,18119.0
2026-08-05 12:16:00,PUBM,,13.350000381469727,13.369999885559082,13.350000381469727,13.369999885559082,2388.0
2026-08-05 12:16:00,PWP,,17.280000686645508,17.280000686645508,17.219999313354492,17.25,3206.0
2026-08-05 12:16:00,PYPL,,58.18000030517578,58.189998626708984,58.16999816894531,58.16999816894531,7352.0
2026-08-05 12:16:00,PZZA,,30.299999237060547,30.299999237060547,30.299999237060547,30.299999237060547,665.0
2026-08-05 12:16:00,QCOM,,157.75,157.86000061035156,157.66000366210938,157.77999877929688,13356.0
2026-08-05 12:16:00,QFIN,,13.210000038146973,13.220000267028809,13.199999809265137,13.199999809265137,2077.0
2026-08-05 12:16:00,QRVO,,94.48999786376953,94.48999786376953,94.41999816894531,94.41999816894531,2005.0
2026-08-05 12:16:00,SEED,,1.0,1.0,1.0,1.0,1404.0
2026-08-05 12:16:00,STIM,,2.265000104904175,2.265000104904175,2.265000104904175,2.265000104904175,226.0
2026-08-05 12:16:00,TARA,,4.025000095367432,4.025000095367432,4.025000095367432,4.025000095367432,884.0
2026-08-05 12:17:00,ACDC,,4.434999942779541,4.434999942779541,4.434999942779541,4.434999942779541,1506.0
2026-08-05 12:17:00,CASH,,89.23999786376953,89.23999786376953,89.23999786376953,89.23999786376953,4133.0
2026-08-05 12:17:00,DTIL,,7.525000095367432,7.525000095367432,7.525000095367432,7.525000095367432,552.0
2026-08-05 12:17:00,EYE,,23.100000381469727,23.100000381469727,23.100000381469727,23.100000381469727,670.0
2026-08-05 12:17:00,GLUE,,15.699999809265137,15.725000381469727,15.699999809265137,15.710000038146973,3649.0
2026-08-05 12:17:00,KITT,,1.0499999523162842,1.0499999523162842,1.0499999523162842,1.0499999523162842,445.0
2026-08-05 12:17:00,LUNG,,1.9299999475479126,1.9299999475479126,1.9299999475479126,1.9299999475479126,201.0
2026-08-05 12:17:00,MBIO,,0.5939000248908997,0.5939000248908997,0.5939000248908997,0.5939000248908997,110.0
2026-08-05 12:17:00,MBRX,,0.40849998593330383,0.40849998593330383,0.40849998593330383,0.40849998593330383,549.0
2026-08-05 12:17:00,MDB,,375.5400085449219,376.4100036621094,375.5400085449219,376.4100036621094,1042.0
2026-08-05 12:17:00,MDLZ,,62.349998474121094,62.380001068115234,62.349998474121094,62.380001068115234,9647.0
2026-08-05 12:17:00,MLTX,,17.604999542236328,17.604999542236328,17.604999542236328,17.604999542236328,696.0
2026-08-05 12:17:00,MNRO,,13.130000114440918,13.130000114440918,13.130000114440918,13.130000114440918,471.0
2026-08-05 12:17:00,MNST,,94.58000183105469,94.58499908447266,94.53500366210938,94.55999755859375,9199.0
2026-08-05 12:17:00,MNTS,,4.311299800872803,4.343999862670898,4.309999942779541,4.340000152587891,17216.0
2026-08-05 12:17:00,MORN,,197.38999938964844,198.02000427246094,197.38999938964844,198.02000427246094,1753.0
2026-08-05 12:17:00,MOVE,,11.924099922180176,11.924099922180176,11.920000076293945,11.920000076293945,1477.0
2026-08-05 12:17:00,MPWR,,1329.3900146484375,1330.4200439453125,1326.43994140625,1326.43994140625,1976.0
2026-08-05 12:17:00,MRNA,,56.95500183105469,57.0,56.880001068115234,56.8849983215332,8811.0
2026-08-05 12:17:00,MYGN,,3.125,3.130000114440918,3.125,3.130000114440918,1591.0
2026-08-05 12:17:00,MYRG,,339.95001220703125,339.95001220703125,339.95001220703125,339.95001220703125,231.0
2026-08-05 12:17:00,NAAS,,3.299999952316284,3.299999952316284,3.299999952316284,3.299999952316284,155.0
2026-08-05 12:17:00,NAMS,,26.834999084472656,26.84000015258789,26.780000686645508,26.780000686645508,5008.0
2026-08-05 12:17:00,NAUT,,0.9445000290870667,0.9469000101089478,0.9445000290870667,0.9469000101089478,657.0
2026-08-05 12:17:00,NAVI,,9.0649995803833,9.0649995803833,9.0649995803833,9.0649995803833,256.0
2026-08-05 12:17:00,NB,,5.079999923706055,5.079999923706055,5.079999923706055,5.079999923706055,1973.0
2026-08-05 12:17:00,NBIX,,163.72000122070312,163.72000122070312,163.72000122070312,163.72000122070312,322.0
2026-08-05 12:17:00,NDAQ,,94.27999877929688,94.3499984741211,94.27999877929688,94.3499984741211,1935.0
2026-08-05 12:17:00,NECB,,27.39900016784668,27.39900016784668,27.39900016784668,27.39900016784668,380.0
2026-08-05 12:17:00,NEGG,,16.56999969482422,16.670000076293945,16.56999969482422,16.670000076293945,800.0
2026-08-05 12:17:00,NEO,,16.05500030517578,16.05500030517578,16.040199279785156,16.040199279785156,2192.0
2026-08-05 12:17:00,NEOG,,11.574999809265137,11.574999809265137,11.574999809265137,11.574999809265137,2364.0
2026-08-05 12:17:00,NESR,,28.6299991607666,28.6299991607666,28.6200008392334,28.6200008392334,1771.0
2026-08-05 12:17:00,NEXT,,6.454999923706055,6.465000152587891,6.454999923706055,6.460000038146973,3354.0
2026-08-05 12:17:00,NFLX,,73.41999816894531,73.50499725341797,73.41000366210938,73.50499725341797,48657.0
2026-08-05 12:17:00,NGNE,,35.08000183105469,35.08000183105469,35.08000183105469,35.08000183105469,269.0
2026-08-05 12:17:00,NIU,,2.4200000762939453,2.4200000762939453,2.4149999618530273,2.4149999618530273,2803.0
2026-08-05 12:17:00,NKTR,,73.15499877929688,73.15499877929688,73.12999725341797,73.12999725341797,2435.0
2026-08-05 12:17:00,NKTX,,2.190000057220459,2.190000057220459,2.184999942779541,2.184999942779541,585.0
2026-08-05 12:17:00,NMFC,,7.304999828338623,7.304999828338623,7.304999828338623,7.304999828338623,208.0
2026-08-05 12:17:00,NMRA,,1.6050000190734863,1.6050000190734863,1.6050000190734863,1.6050000190734863,213.0
2026-08-05 12:17:00,NMRK,,15.5600004196167,15.569999694824219,15.5600004196167,15.5600004196167,4629.0
2026-08-05 12:17:00,NN,,14.180000305175781,14.180000305175781,14.170000076293945,14.170000076293945,331.0
2026-08-05 12:17:00,NNBR,,3.819999933242798,3.819999933242798,3.809999942779541,3.819999933242798,7785.0
2026-08-05 12:17:00,NNDM,,1.5449999570846558,1.5449999570846558,1.5399999618530273,1.5449999570846558,831.0
2026-08-05 12:17:00,NRDS,,9.130000114440918,9.135000228881836,9.119999885559082,9.119999885559082,2221.0
2026-08-05 12:17:00,NRIX,,24.889999389648438,24.889999389648438,24.860000610351562,24.860000610351562,1144.0
2026-08-05 12:17:00,NRXP,,3.0199999809265137,3.0199999809265137,3.0199999809265137,3.0199999809265137,769.0
2026-08-05 12:17:00,NSSC,,40.099998474121094,40.099998474121094,40.09000015258789,40.09000015258789,969.0
2026-08-05 12:17:00,NTAP,,189.4199981689453,189.43499755859375,189.4199981689453,189.43499755859375,3755.0
2026-08-05 12:17:00,NTCT,,41.66999816894531,41.66999816894531,41.66999816894531,41.66999816894531,1188.0
2026-08-05 12:17:00,NTNX,,60.4900016784668,60.58000183105469,60.47999954223633,60.58000183105469,2641.0
2026-08-05 12:17:00,NTRA,,275.2200012207031,275.8800048828125,275.2200012207031,275.8699951171875,727.0
2026-08-05 12:17:00,NTRS,,183.33999633789062,183.3800048828125,183.33999633789062,183.3800048828125,756.0
2026-08-05 12:17:00,NUWE,,1.7120000123977661,1.7120000123977661,1.7120000123977661,1.7120000123977661,421.0
2026-08-05 12:17:00,NVAX,,7.639900207519531,7.639900207519531,7.635000228881836,7.635000228881836,3682.0
2026-08-05 12:17:00,NVCR,,16.145000457763672,16.145000457763672,16.084999084472656,16.094999313354492,22693.0
2026-08-05 12:17:00,NVDA,,220.25999450683594,220.41000366210938,220.25,220.3000030517578,226247.0
2026-08-05 12:17:00,NVMI,,410.05999755859375,410.05999755859375,410.05999755859375,410.05999755859375,196.0
2026-08-05 12:17:00,NVTS,,12.539999961853027,12.550000190734863,12.529999732971191,12.550000190734863,35269.0
2026-08-05 12:17:00,NWBI,,15.944999694824219,15.960000038146973,15.944999694824219,15.954999923706055,2216.0
2026-08-05 12:17:00,NWL,,6.264999866485596,6.264999866485596,6.255000114440918,6.260000228881836,11833.0
2026-08-05 12:17:00,NWPX,,127.12000274658203,127.12000274658203,127.12000274658203,127.12000274658203,134.0
2026-08-05 12:17:00,NWS,,32.209999084472656,32.22999954223633,32.189998626708984,32.189998626708984,11897.0
2026-08-05 12:17:00,NWSA,,28.18000030517578,28.18000030517578,28.149999618530273,28.15999984741211,16175.0
2026-08-05 12:17:00,NXPI,,230.8000030517578,231.17999267578125,230.8000030517578,230.8000030517578,3428.0
2026-08-05 12:17:00,NXT,,99.16000366210938,99.16500091552734,99.04000091552734,99.16500091552734,5241.0
2026-08-05 12:17:00,OABI,,2.075000047683716,2.075000047683716,2.069999933242798,2.069999933242798,2768.0
2026-08-05 12:17:00,OCFC,,19.770000457763672,19.780000686645508,19.760000228881836,19.780000686645508,4017.0
2026-08-05 12:17:00,OCGN,,1.2949999570846558,1.2999999523162842,1.2899999618530273,1.2949999570846558,4116.0
2026-08-05 12:17:00,OCSL,,12.145000457763672,12.145000457763672,12.145000457763672,12.145000457763672,675.0
2026-08-05 12:17:00,OCUL,,8.484999656677246,8.484999656677246,8.475000381469727,8.475000381469727,3764.0
2026-08-05 12:17:00,ODFL,,214.1300048828125,214.25,214.1300048828125,214.24000549316406,3109.0
2026-08-05 12:17:00,OESX,,14.285499572753906,14.470000267028809,14.285499572753906,14.470000267028809,1882.0
2026-08-05 12:17:00,OKTA,,147.5399932861328,147.6300048828125,147.50999450683594,147.6300048828125,2028.0
2026-08-05 12:17:00,OMER,,12.869999885559082,12.869999885559082,12.869999885559082,12.869999885559082,663.0
2026-08-05 12:17:00,OMH,,0.11129999905824661,0.11140000075101852,0.11129999905824661,0.11140000075101852,7670.0
2026-08-05 12:17:00,ON,,77.58999633789062,77.66000366210938,77.5,77.58999633789062,24651.0
2026-08-05 12:17:00,ONB,,27.040000915527344,27.045400619506836,27.030000686645508,27.030000686645508,18866.0
2026-08-05 12:17:00,ONDS,,8.904999732971191,8.90999984741211,8.892600059509277,8.909899711608887,215965.0
2026-08-05 12:17:00,ONEW,,12.65999984741211,12.65999984741211,12.65999984741211,12.65999984741211,693.0
2026-08-05 12:17:00,ONFO,,0.07419999688863754,0.07419999688863754,0.07410000264644623,0.07419999688863754,20149.0
2026-08-05 12:17:00,OPCH,,23.329999923706055,23.329999923706055,23.31999969482422,23.31999969482422,2463.0
2026-08-05 12:17:00,OPEN,,3.815000057220459,3.819999933242798,3.809999942779541,3.809999942779541,37164.0
2026-08-05 12:17:00,OPK,,1.309999942779541,1.309999942779541,1.309999942779541,1.309999942779541,459.0
2026-08-05 12:17:00,ORIC,,13.210000038146973,13.225000381469727,13.210000038146973,13.220000267028809,2812.0
2026-08-05 12:17:00,ORLY,,93.2699966430664,93.30999755859375,93.2699966430664,93.30000305175781,5504.0
2026-08-05 12:17:00,ORRF,,43.34000015258789,43.34000015258789,43.34000015258789,43.34000015258789,1871.0
2026-08-05 12:17:00,OSPN,,16.559999465942383,16.56999969482422,16.559999465942383,16.56999969482422,1835.0
2026-08-05 12:17:00,OSS,,13.8100004196167,13.829999923706055,13.805000305175781,13.827699661254883,3774.0
2026-08-05 12:17:00,OTEX,,25.739999771118164,25.760000228881836,25.739999771118164,25.760000228881836,3062.0
2026-08-05 12:17:00,OTLK,,1.0149999856948853,1.0199999809265137,1.0149999856948853,1.0199999809265137,3115.0
2026-08-05 12:17:00,OVID,,2.6600000858306885,2.6600000858306885,2.6600000858306885,2.6600000858306885,606.0
2026-08-05 12:17:00,OXLC,,9.125,9.125,9.125,9.125,1166.0
2026-08-05 12:17:00,OXSQ,,1.4900000095367432,1.4900000095367432,1.4900000095367432,1.4900000095367432,662.0
2026-08-05 12:17:00,PAA,,23.270000457763672,23.274999618530273,23.264999389648438,23.270000457763672,3680.0
2026-08-05 12:17:00,PAAS,,48.084999084472656,48.099998474121094,48.02000045776367,48.060001373291016,4313.0
2026-08-05 12:17:00,PACB,,1.4000999927520752,1.4049999713897705,1.399999976158142,1.4010000228881836,77529.0
2026-08-05 12:17:00,PAHC,,35.84000015258789,35.84000015258789,35.834999084472656,35.834999084472656,970.0
2026-08-05 12:17:00,PALI,,2.125,2.125,2.119999885559082,2.119999885559082,3977.0
2026-08-05 12:17:00,PANW,,364.6199951171875,364.9750061035156,364.4800109863281,364.8500061035156,4216.0
2026-08-05 12:17:00,PAX,,11.385000228881836,11.385000228881836,11.380000114440918,11.385000228881836,2827.0
2026-08-05 12:17:00,PAYO,,7.119999885559082,7.119999885559082,7.119999885559082,7.119999885559082,1935.0
2026-08-05 12:17:00,PAYX,,116.80500030517578,116.83499908447266,116.80500030517578,116.83499908447266,1462.0
2026-08-05 12:17:00,PCAR,,134.14999389648438,134.14999389648438,134.07000732421875,134.0800018310547,3315.0
2026-08-05 12:17:00,PCT,,6.889999866485596,6.894999980926514,6.885000228881836,6.894999980926514,3728.0
2026-08-05 12:17:00,PCTY,,143.61000061035156,144.35499572753906,143.61000061035156,144.35499572753906,1620.0
2026-08-05 12:17:00,PDD,,90.88999938964844,90.91000366210938,90.87999725341797,90.91000366210938,6064.0
2026-08-05 12:17:00,PECO,,41.39500045776367,41.400001525878906,41.38999938964844,41.38999938964844,1784.0
2026-08-05 12:17:00,PEGA,,31.530000686645508,31.559999465942383,31.530000686645508,31.559999465942383,1415.0
2026-08-05 12:17:00,PENN,,19.829999923706055,19.829999923706055,19.795000076293945,19.795000076293945,2960.0
2026-08-05 12:17:00,PEP,,138.64990234375,138.67999267578125,138.63999938964844,138.64999389648438,8102.0
2026-08-05 12:17:00,PERI,,9.5600004196167,9.5600004196167,9.5600004196167,9.5600004196167,366.0
2026-08-05 12:17:00,PFG,,113.83999633789062,113.90499877929688,113.83999633789062,113.90499877929688,1344.0
2026-08-05 12:17:00,PGEN,,7.039899826049805,7.039899826049805,7.014999866485596,7.014999866485596,25898.0
2026-08-05 12:17:00,PGNY,,31.729999542236328,31.729999542236328,31.729999542236328,31.729999542236328,946.0
2026-08-05 12:17:00,PGY,,21.700000762939453,21.719999313354492,21.700000762939453,21.709999084472656,3618.0
2026-08-05 12:17:00,PHAT,,8.489999771118164,8.489999771118164,8.479999542236328,8.479999542236328,1175.0
2026-08-05 12:17:00,PHIO,,1.0499999523162842,1.0499999523162842,1.0499999523162842,1.0499999523162842,454.0
2026-08-05 12:17:00,PHVS,,32.97999954223633,32.97999954223633,32.88999938964844,32.97999954223633,3656.0
2026-08-05 12:17:00,PLMR,,135.49000549316406,135.58999633789062,135.38999938964844,135.38999938964844,816.0
2026-08-05 12:17:00,PLTK,,3.9800000190734863,3.9800000190734863,3.9749999046325684,3.9749999046325684,1166.0
2026-08-05 12:17:00,PLUG,,2.0899999141693115,2.0899999141693115,2.0799999237060547,2.0850000381469727,32269.0
2026-08-05 12:17:00,POET,,8.319600105285645,8.319600105285645,8.302300453186035,8.305000305175781,7610.0
2026-08-05 12:17:00,POLA,,1.840000033378601,1.840000033378601,1.8265999555587769,1.8265999555587769,1928.0
2026-08-05 12:17:00,POWI,,61.66999816894531,61.75,61.6150016784668,61.75,735.0
2026-08-05 12:17:00,POWL,,214.2449951171875,214.2449951171875,214.2449951171875,214.2449951171875,326.0
2026-08-05 12:17:00,PPC,,26.40999984741211,26.40999984741211,26.40999984741211,26.40999984741211,1898.0
2026-08-05 12:17:00,PPTA,,22.270000457763672,22.270000457763672,22.270000457763672,22.270000457763672,1312.0
2026-08-05 12:17:00,PRAA,,17.299999237060547,17.299999237060547,17.299999237060547,17.299999237060547,2370.0
2026-08-05 12:17:00,PRAX,,312.2349853515625,312.4599914550781,312.2349853515625,312.4599914550781,647.0
2026-08-05 12:17:00,PRCH,,15.930000305175781,15.9399995803833,15.920000076293945,15.920000076293945,1844.0
2026-08-05 12:17:00,PRCT,,19.149999618530273,19.200000762939453,19.059999465942383,19.065000534057617,37385.0
2026-08-05 12:17:00,PRGS,,41.900001525878906,41.90999984741211,41.900001525878906,41.90999984741211,626.0
2026-08-05 12:17:00,PRIM,,84.69999694824219,84.70500183105469,84.19999694824219,84.22000122070312,6063.0
2026-08-05 12:17:00,PRLD,,4.570000171661377,4.570000171661377,4.570000171661377,4.570000171661377,689.0
2026-08-05 12:17:00,PRME,,3.0999999046325684,3.0999999046325684,3.0850000381469727,3.0899999141693115,42428.0
2026-08-05 12:17:00,PRQR,,1.919700026512146,1.919700026512146,1.919700026512146,1.919700026512146,483.0
2026-08-05 12:17:00,PRTA,,8.53499984741211,8.53499984741211,8.53499984741211,8.53499984741211,180.0
2026-08-05 12:17:00,PRVA,,24.239999771118164,24.2549991607666,24.229999542236328,24.229999542236328,11374.0
2026-08-05 12:17:00,PSEC,,2.190000057220459,2.190000057220459,2.184999942779541,2.184999942779541,1011.0
2026-08-05 12:17:00,PSNL,,13.585000038146973,13.585000038146973,13.585000038146973,13.585000038146973,1341.0
2026-08-05 12:17:00,PTC,,139.3300018310547,139.5,139.3300018310547,139.5,2957.0
2026-08-05 12:17:00,PTEN,,9.789999961853027,9.789999961853027,9.789999961853027,9.789999961853027,2726.0
2026-08-05 12:17:00,PTLO,,4.59499979019165,4.59499979019165,4.59499979019165,4.59499979019165,655.0
2026-08-05 12:17:00,PTON,,6.429999828338623,6.440000057220459,6.429999828338623,6.434999942779541,8931.0
2026-08-05 12:17:00,PUBM,,13.329999923706055,13.34000015258789,13.329999923706055,13.34000015258789,782.0
2026-08-05 12:17:00,PWP,,17.280000686645508,17.280000686645508,17.270000457763672,17.280000686645508,2178.0
2026-08-05 12:17:00,PYPD,,4.489999771118164,4.5,4.489999771118164,4.5,802.0
2026-08-05 12:17:00,PYPL,,58.10499954223633,58.160099029541016,58.10499954223633,58.160099029541016,14820.0
2026-08-05 12:17:00,PYXS,,3.1700000762939453,3.1700000762939453,3.1700000762939453,3.1700000762939453,635.0
2026-08-05 12:17:00,PZZA,,30.280000686645508,30.295000076293945,30.280000686645508,30.295000076293945,1849.0
2026-08-05 12:17:00,QCOM,,157.83999633789062,157.83999633789062,157.6802978515625,157.6999969482422,8047.0
2026-08-05 12:17:00,QFIN,,13.204999923706055,13.220000267028809,13.204999923706055,13.220000267028809,2990.0
2026-08-05 12:17:00,SEED,,1.0099999904632568,1.0099999904632568,1.0010000467300415,1.0010000467300415,1050.0
2026-08-05 12:17:00,TARA,,4.034999847412109,4.034999847412109,4.025000095367432,4.025000095367432,2079.0
2026-08-05 12:17:00,WOOF,,2.9100000858306885,2.9149999618530273,2.9100000858306885,2.9149999618530273,1090.0
2026-08-05 12:18:00,ACDC,,4.434999942779541,4.434999942779541,4.429999828338623,4.429999828338623,2999.0
2026-08-05 12:18:00,EYE,,23.079999923706055,23.09000015258789,23.079999923706055,23.09000015258789,633.0
2026-08-05 12:18:00,FIZZ,,31.920000076293945,31.93000030517578,31.920000076293945,31.93000030517578,490.0
2026-08-05 12:18:00,GLUE,,15.6899995803833,15.720000267028809,15.6899995803833,15.720000267028809,3135.0
2026-08-05 12:18:00,KITT,,1.0499999523162842,1.0499999523162842,1.0499999523162842,1.0499999523162842,144.0
2026-08-05 12:18:00,KTTA,,0.47269999980926514,0.47269999980926514,0.47269999980926514,0.47269999980926514,1737.0
2026-08-05 12:18:00,LUNG,,1.934999942779541,1.934999942779541,1.934999942779541,1.934999942779541,617.0
2026-08-05 12:18:00,MDB,,375.5849914550781,375.5849914550781,375.20001220703125,375.5299987792969,710.0
2026-08-05 12:18:00,MDLZ,,62.35499954223633,62.36000061035156,62.34000015258789,62.349998474121094,7716.0
2026-08-05 12:18:00,MLTX,,17.614999771118164,17.614999771118164,17.614999771118164,17.614999771118164,737.0
2026-08-05 12:18:00,MNRO,,13.130000114440918,13.130000114440918,13.130000114440918,13.130000114440918,444.0
2026-08-05 12:18:00,MNST,,94.56500244140625,94.58000183105469,94.55000305175781,94.56999969482422,3969.0
2026-08-05 12:18:00,MNTS,,4.3069000244140625,4.309999942779541,4.28000020980835,4.300000190734863,12203.0
2026-08-05 12:18:00,MPWR,,1327.2850341796875,1329.8299560546875,1327.280029296875,1329.050048828125,3294.0
2026-08-05 12:18:00,MRNA,,56.8849983215332,56.95500183105469,56.880001068115234,56.95500183105469,3301.0
2026-08-05 12:18:00,MYGN,,3.125,3.125,3.119999885559082,3.125,2725.0
2026-08-05 12:18:00,MYPS,,0.7299000024795532,0.7299000024795532,0.7299000024795532,0.7299000024795532,648.0
2026-08-05 12:18:00,MYRG,,339.45001220703125,340.05499267578125,339.45001220703125,340.05499267578125,1638.0
2026-08-05 12:18:00,NAAS,,3.3299999237060547,3.3299999237060547,3.3299999237060547,3.3299999237060547,1011.0
2026-08-05 12:18:00,NAMS,,26.860000610351562,26.860000610351562,26.809999465942383,26.81999969482422,2676.0
2026-08-05 12:18:00,NAUT,,0.947700023651123,0.947700023651123,0.9445000290870667,0.9445000290870667,1252.0
2026-08-05 12:18:00,NAVI,,9.055000305175781,9.0600004196167,9.055000305175781,9.0600004196167,1582.0
2026-08-05 12:18:00,NBIX,,163.625,163.80999755859375,163.6199951171875,163.72500610351562,1933.0
2026-08-05 12:18:00,NDAQ,,94.30999755859375,94.30999755859375,94.24700164794922,94.2699966430664,2244.0
2026-08-05 12:18:00,NDSN,,311.0899963378906,311.0899963378906,311.0899963378906,311.0899963378906,66.0
2026-08-05 12:18:00,NEGG,,16.674999237060547,16.674999237060547,16.674999237060547,16.674999237060547,503.0
2026-08-05 12:18:00,NEO,,16.059999465942383,16.059999465942383,16.059999465942383,16.059999465942383,1824.0
2026-08-05 12:18:00,NEOG,,11.569999694824219,11.569999694824219,11.569999694824219,11.569999694824219,178.0
2026-08-05 12:18:00,NEOV,,2.8299999237060547,2.8299999237060547,2.819999933242798,2.819999933242798,6087.0
2026-08-05 12:18:00,NESR,,28.670000076293945,28.670000076293945,28.6299991607666,28.65999984741211,1923.0
2026-08-05 12:18:00,NEWT,,15.15999984741211,15.15999984741211,15.15999984741211,15.15999984741211,133.0
2026-08-05 12:18:00,NEXT,,6.454999923706055,6.454999923706055,6.454999923706055,6.454999923706055,1999.0
2026-08-05 12:18:00,NFE,,0.33559998869895935,0.33660000562667847,0.33559998869895935,0.33660000562667847,2628.0
2026-08-05 12:18:00,NFLX,,73.45500183105469,73.46499633789062,73.4000015258789,73.41000366210938,37146.0
2026-08-05 12:18:00,NICE,,96.86000061035156,96.86000061035156,96.86000061035156,96.86000061035156,1033.0
2026-08-05 12:18:00,NKTR,,73.16999816894531,73.16999816894531,73.16999816894531,73.16999816894531,845.0
2026-08-05 12:18:00,NMFC,,7.304999828338623,7.304999828338623,7.304999828338623,7.304999828338623,159.0
2026-08-05 12:18:00,NMRA,,1.6050000190734863,1.6050000190734863,1.600000023841858,1.600000023841858,3555.0
2026-08-05 12:18:00,NMRK,,15.550000190734863,15.550000190734863,15.550000190734863,15.550000190734863,3086.0
2026-08-05 12:18:00,NN,,14.170000076293945,14.170000076293945,14.170000076293945,14.170000076293945,2850.0
2026-08-05 12:18:00,NNDM,,1.5449999570846558,1.5449999570846558,1.5399999618530273,1.5449999570846558,727.0
2026-08-05 12:18:00,NNOX,,1.0099999904632568,1.0199999809265137,1.0099999904632568,1.0149999856948853,7946.0
2026-08-05 12:18:00,NRDS,,9.119999885559082,9.119999885559082,9.119999885559082,9.119999885559082,1928.0
2026-08-05 12:18:00,NRIX,,24.860000610351562,24.860000610351562,24.860000610351562,24.860000610351562,1156.0
2026-08-05 12:18:00,NRSN,,0.5378999710083008,0.5378999710083008,0.5378999710083008,0.5378999710083008,173.0
2026-08-05 12:18:00,NRXP,,3.0250000953674316,3.029900074005127,3.0250000953674316,3.0250000953674316,1244.0
2026-08-05 12:18:00,NTAP,,189.75999450683594,189.77000427246094,189.47999572753906,189.5399932861328,11027.0
2026-08-05 12:18:00,NTES,,127.62999725341797,127.62999725341797,127.62999725341797,127.62999725341797,582.0
2026-08-05 12:18:00,NTGR,,24.149999618530273,24.149999618530273,24.149999618530273,24.149999618530273,453.0
2026-08-05 12:18:00,NTNX,,60.52000045776367,60.529998779296875,60.48500061035156,60.48500061035156,4770.0
2026-08-05 12:18:00,NTRA,,275.9800109863281,275.9800109863281,275.9800109863281,275.9800109863281,612.0
2026-08-05 12:18:00,NTRS,,183.3000030517578,183.34750366210938,183.3000030517578,183.34750366210938,725.0
2026-08-05 12:18:00,NUWE,,1.7280000448226929,1.7280000448226929,1.7280000448226929,1.7280000448226929,530.0
2026-08-05 12:18:00,NVAX,,7.639999866485596,7.639999866485596,7.630000114440918,7.630000114440918,2738.0
2026-08-05 12:18:00,NVCR,,16.110000610351562,16.110000610351562,16.110000610351562,16.110000610351562,581.0
2026-08-05 12:18:00,NVDA,,220.17999267578125,220.31460571289062,220.13319396972656,220.25999450683594,211908.0
2026-08-05 12:18:00,NVMI,,409.56500244140625,409.6499938964844,409.56500244140625,409.6499938964844,415.0
2026-08-05 12:18:00,NVTS,,12.530099868774414,12.539999961853027,12.520099639892578,12.539999961853027,12067.0
2026-08-05 12:18:00,NWBI,,15.946000099182129,15.946000099182129,15.944999694824219,15.944999694824219,1807.0
2026-08-05 12:18:00,NWL,,6.260000228881836,6.269999980926514,6.260000228881836,6.264999866485596,5280.0
2026-08-05 12:18:00,NWPX,,127.0199966430664,127.0199966430664,127.0199966430664,127.0199966430664,306.0
2026-08-05 12:18:00,NWS,,32.209999084472656,32.209999084472656,32.209999084472656,32.209999084472656,1913.0
2026-08-05 12:18:00,NWSA,,28.190000534057617,28.190000534057617,28.174999237060547,28.174999237060547,1942.0
2026-08-05 12:18:00,NXPI,,231.00999450683594,231.10000610351562,230.80999755859375,230.80999755859375,3376.0
2026-08-05 12:18:00,NXT,,98.58499908447266,99.2300033569336,98.58499908447266,99.16000366210938,45971.0
2026-08-05 12:18:00,OABI,,2.075000047683716,2.075000047683716,2.075000047683716,2.075000047683716,209.0
2026-08-05 12:18:00,OCG,,1.6749999523162842,1.6749999523162842,1.6749999523162842,1.6749999523162842,171.0
2026-08-05 12:18:00,OCGN,,1.2899999618530273,1.2999000549316406,1.2899999618530273,1.2949999570846558,4771.0
2026-08-05 12:18:00,OCSL,,12.15999984741211,12.15999984741211,12.149999618530273,12.149999618530273,1953.0
2026-08-05 12:18:00,OCUL,,8.489999771118164,8.5,8.484999656677246,8.484999656677246,5251.0
2026-08-05 12:18:00,ODD,,15.170000076293945,15.210000038146973,15.170000076293945,15.210000038146973,2439.0
2026-08-05 12:18:00,ODFL,,214.53500366210938,214.53500366210938,214.53500366210938,214.53500366210938,1294.0
2026-08-05 12:18:00,OFIX,,10.710000038146973,10.710000038146973,10.710000038146973,10.710000038146973,284.0
2026-08-05 12:18:00,OKTA,,147.52499389648438,147.55999755859375,147.5,147.5,1307.0
2026-08-05 12:18:00,OLLI,,78.30999755859375,78.38999938964844,78.23999786376953,78.23999786376953,3829.0
2026-08-05 12:18:00,OLMA,,11.569999694824219,11.574999809265137,11.569999694824219,11.574999809265137,912.0
2026-08-05 12:18:00,OMCL,,37.220001220703125,37.220001220703125,37.209999084472656,37.209999084472656,784.0
2026-08-05 12:18:00,OMER,,12.869999885559082,12.869999885559082,12.869999885559082,12.869999885559082,418.0
2026-08-05 12:18:00,OMH,,0.11140000075101852,0.11140000075101852,0.11129999905824661,0.11129999905824661,23312.0
2026-08-05 12:18:00,ON,,77.71499633789062,77.73999786376953,77.54000091552734,77.57499694824219,29172.0
2026-08-05 12:18:00,ONB,,27.024999618530273,27.030000686645508,27.024999618530273,27.030000686645508,3681.0
2026-08-05 12:18:00,ONBPP,,24.804000854492188,24.804000854492188,24.804000854492188,24.804000854492188,400.0
2026-08-05 12:18:00,ONCY,,0.7932999730110168,0.7932999730110168,0.7932999730110168,0.7932999730110168,2000.0
2026-08-05 12:18:00,ONDS,,8.930000305175781,8.9399995803833,8.902600288391113,8.904999732971191,245374.0
2026-08-05 12:18:00,ONFO,,0.07419999688863754,0.07419999688863754,0.07419999688863754,0.07419999688863754,10023.0
2026-08-05 12:18:00,ONMD,,0.6805999875068665,0.6805999875068665,0.6805999875068665,0.6805999875068665,491.0
2026-08-05 12:18:00,OPCH,,23.329999923706055,23.329999923706055,23.329999923706055,23.329999923706055,418.0
2026-08-05 12:18:00,OPEN,,3.815000057220459,3.819999933242798,3.809999942779541,3.809999942779541,57637.0
2026-08-05 12:18:00,OPK,,1.309999942779541,1.309999942779541,1.309999942779541,1.309999942779541,138.0
2026-08-05 12:18:00,ORIC,,13.204999923706055,13.210000038146973,13.204999923706055,13.210000038146973,1578.0
2026-08-05 12:18:00,ORLY,,93.23500061035156,93.26000213623047,93.23500061035156,93.26000213623047,2299.0
2026-08-05 12:18:00,ORMP,,4.474999904632568,4.474999904632568,4.474999904632568,4.474999904632568,136.0
2026-08-05 12:18:00,OSBC,,25.790000915527344,25.790000915527344,25.790000915527344,25.790000915527344,655.0
2026-08-05 12:18:00,OSPN,,16.549999237060547,16.549999237060547,16.549999237060547,16.549999237060547,201.0
2026-08-05 12:18:00,OSS,,14.044500350952148,14.044500350952148,13.84000015258789,13.84000015258789,12301.0
2026-08-05 12:18:00,OSUR,,4.135000228881836,4.135000228881836,4.135000228881836,4.135000228881836,1330.0
2026-08-05 12:18:00,OTEX,,25.735000610351562,25.735000610351562,25.729999542236328,25.729999542236328,1309.0
2026-08-05 12:18:00,OTLK,,1.0199999809265137,1.0199999809265137,1.0199999809265137,1.0199999809265137,930.0
2026-08-05 12:18:00,OTLY,,14.404999732971191,14.414999961853027,14.350000381469727,14.414999961853027,2640.0
2026-08-05 12:18:00,OTTR,,91.83999633789062,91.83999633789062,91.80999755859375,91.80999755859375,2987.0
2026-08-05 12:18:00,OVID,,2.6600000858306885,2.6600000858306885,2.6600000858306885,2.6600000858306885,836.0
2026-08-05 12:18:00,OXSQ,,1.4900000095367432,1.4900000095367432,1.4900000095367432,1.4900000095367432,436.0
2026-08-05 12:18:00,PAA,,23.270000457763672,23.270000457763672,23.264999389648438,23.264999389648438,4309.0
2026-08-05 12:18:00,PAAS,,48.1150016784668,48.1150016784668,48.06999969482422,48.08000183105469,4514.0
2026-08-05 12:18:00,PACB,,1.409999966621399,1.409999966621399,1.399999976158142,1.399999976158142,56160.0
2026-08-05 12:18:00,PAGP,,25.219999313354492,25.219999313354492,25.219999313354492,25.219999313354492,310.0
2026-08-05 12:18:00,PALI,,2.125,2.125,2.125,2.125,4166.0
2026-08-05 12:18:00,PANL,,7.28000020980835,7.28000020980835,7.28000020980835,7.28000020980835,1031.0
2026-08-05 12:18:00,PANW,,364.4627990722656,364.4800109863281,364.4200134277344,364.4200134277344,2058.0
2026-08-05 12:18:00,PATK,,87.76499938964844,87.79000091552734,87.69499969482422,87.69499969482422,2307.0
2026-08-05 12:18:00,PAX,,11.375,11.380000114440918,11.369999885559082,11.380000114440918,1598.0
2026-08-05 12:18:00,PAYO,,7.125,7.125,7.119999885559082,7.119999885559082,10892.0
2026-08-05 12:18:00,PAYS,,9.140000343322754,9.140000343322754,9.140000343322754,9.140000343322754,1748.0
2026-08-05 12:18:00,PAYX,,116.76499938964844,116.76499938964844,116.69499969482422,116.72000122070312,2420.0
2026-08-05 12:18:00,PCAR,,133.99000549316406,134.1199951171875,133.99000549316406,134.1199951171875,1979.0
2026-08-05 12:18:00,PCRX,,24.934999465942383,24.940000534057617,24.934999465942383,24.940000534057617,1693.0
2026-08-05 12:18:00,PCT,,6.894999980926514,6.894999980926514,6.894999980926514,6.894999980926514,7957.0
2026-08-05 12:18:00,PDD,,90.83999633789062,90.87999725341797,90.83000183105469,90.87999725341797,9272.0
2026-08-05 12:18:00,PEGA,,31.540000915527344,31.540000915527344,31.530000686645508,31.530000686645508,1307.0
2026-08-05 12:18:00,PENN,,19.799999237060547,19.809999465942383,19.799999237060547,19.809999465942383,2961.0
2026-08-05 12:18:00,PEP,,138.61000061035156,138.63999938964844,138.59500122070312,138.6199951171875,6708.0
2026-08-05 12:18:00,PERI,,9.545000076293945,9.550000190734863,9.545000076293945,9.550000190734863,545.0
2026-08-05 12:18:00,PFG,,113.86000061035156,113.86000061035156,113.86000061035156,113.86000061035156,430.0
2026-08-05 12:18:00,PGEN,,7.034999847412109,7.039999961853027,7.03000020980835,7.030300140380859,28346.0
2026-08-05 12:18:00,PGNY,,31.709999084472656,31.719999313354492,31.700000762939453,31.719999313354492,8835.0
2026-08-05 12:18:00,PGY,,21.68000030517578,21.68000030517578,21.670000076293945,21.68000030517578,4290.0
2026-08-05 12:18:00,PHAT,,8.460000038146973,8.479999542236328,8.460000038146973,8.479999542236328,2754.0
2026-08-05 12:18:00,PHVS,,33.02000045776367,33.02000045776367,33.02000045776367,33.02000045776367,700.0
2026-08-05 12:18:00,PLAB,,32.090301513671875,32.090301513671875,32.090301513671875,32.090301513671875,1246.0
2026-08-05 12:18:00,PLBY,,1.1449999809265137,1.149999976158142,1.1449999809265137,1.149999976158142,7021.0
2026-08-05 12:18:00,PLUG,,2.0850000381469727,2.0899999141693115,2.0799999237060547,2.0850000381469727,21741.0
2026-08-05 12:18:00,PMN,,13.109999656677246,13.109999656677246,13.109999656677246,13.109999656677246,195.0
2026-08-05 12:18:00,PNFP,,107.50499725341797,107.5199966430664,107.50499725341797,107.5199966430664,1048.0
2026-08-05 12:18:00,POET,,8.3149995803833,8.3149995803833,8.3100004196167,8.3100004196167,7435.0
2026-08-05 12:18:00,POWI,,61.75,61.75,61.619998931884766,61.619998931884766,1682.0
2026-08-05 12:18:00,POWL,,214.36000061035156,214.87989807128906,214.2449951171875,214.4199981689453,1014.0
2026-08-05 12:18:00,PPC,,26.4064998626709,26.40999984741211,26.405000686645508,26.405000686645508,3261.0
2026-08-05 12:18:00,PPTA,,22.299999237060547,22.299999237060547,22.299999237060547,22.299999237060547,167.0
2026-08-05 12:18:00,PRAA,,17.260000228881836,17.280000686645508,17.260000228881836,17.280000686645508,1463.0
2026-08-05 12:18:00,PRAX,,312.2850036621094,312.5,312.0799865722656,312.5,352.0
2026-08-05 12:18:00,PRCH,,15.930000305175781,15.930000305175781,15.930000305175781,15.930000305175781,768.0
2026-08-05 12:18:00,PRCT,,19.1299991607666,19.155000686645508,19.1299991607666,19.155000686645508,3411.0
2026-08-05 12:18:00,PRE,,18.719999313354492,18.719999313354492,18.719999313354492,18.719999313354492,358.0
2026-08-05 12:18:00,PRIM,,84.31999969482422,84.70500183105469,84.31999969482422,84.70500183105469,2824.0
2026-08-05 12:18:00,PRME,,3.1050000190734863,3.1050000190734863,3.0950000286102295,3.0950000286102295,41223.0
2026-08-05 12:18:00,PROV,,18.09000015258789,18.09000015258789,18.09000015258789,18.09000015258789,341.0
2026-08-05 12:18:00,PRSO,,0.6868000030517578,0.6898999810218811,0.6868000030517578,0.6898999810218811,551.0
2026-08-05 12:18:00,PRVA,,24.25,24.25,24.229999542236328,24.2450008392334,3723.0
2026-08-05 12:18:00,PRZO,,0.5471000075340271,0.5471000075340271,0.5471000075340271,0.5471000075340271,424.0
2026-08-05 12:18:00,PSEC,,2.190000057220459,2.190000057220459,2.180000066757202,2.190000057220459,1335.0
2026-08-05 12:18:00,PSNL,,13.600000381469727,13.600000381469727,13.600000381469727,13.600000381469727,1427.0
2026-08-05 12:18:00,PTC,,139.23500061035156,139.27999877929688,138.9199981689453,138.9875030517578,7103.0
2026-08-05 12:18:00,PTCT,,68.69999694824219,68.69999694824219,68.6500015258789,68.6500015258789,914.0
2026-08-05 12:18:00,PTEN,,9.78499984741211,9.795000076293945,9.78499984741211,9.789999961853027,10731.0
2026-08-05 12:18:00,PTLO,,4.59499979019165,4.59499979019165,4.59499979019165,4.59499979019165,2904.0
2026-08-05 12:18:00,PTON,,6.429999828338623,6.434999942779541,6.429999828338623,6.434999942779541,12781.0
2026-08-05 12:18:00,PWP,,17.270000457763672,17.270000457763672,17.270000457763672,17.270000457763672,1047.0
2026-08-05 12:18:00,PYPL,,58.084999084472656,58.11000061035156,58.084999084472656,58.099998474121094,9738.0
2026-08-05 12:18:00,PYXS,,3.174999952316284,3.174999952316284,3.174999952316284,3.174999952316284,1259.0
2026-08-05 12:18:00,PZZA,,30.260000228881836,30.295000076293945,30.229999542236328,30.270000457763672,8738.0
2026-08-05 12:18:00,QCOM,,157.6750030517578,157.7899932861328,157.60000610351562,157.7899932861328,9873.0
2026-08-05 12:18:00,QFIN,,13.21500015258789,13.21500015258789,13.204999923706055,13.204999923706055,2782.0
2026-08-05 12:18:00,QQQX,,30.46769905090332,30.46769905090332,30.46769905090332,30.46769905090332,594.0
2026-08-05 12:18:00,QRVO,,94.44999694824219,94.44999694824219,94.44999694824219,94.44999694824219,439.0
2026-08-05 12:18:00,SEED,,1.0099999904632568,1.0099999904632568,1.0099999904632568,1.0099999904632568,500.0
2026-08-05 12:18:00,STIM,,2.26200008392334,2.26200008392334,2.26200008392334,2.26200008392334,360.0
2026-08-05 12:18:00,WOOF,,2.9149999618530273,2.9149999618530273,2.9149999618530273,2.9149999618530273,3024.0
2026-08-05 12:19:00,ACDC,,4.434999942779541,4.434999942779541,4.425000190734863,4.434999942779541,9354.0
2026-08-05 12:19:00,BPOP,,177.14500427246094,177.14500427246094,177.14500427246094,177.14500427246094,719.0
2026-08-05 12:19:00,DTIL,,7.534999847412109,7.534999847412109,7.534999847412109,7.534999847412109,400.0
2026-08-05 12:19:00,EYE,,23.09000015258789,23.100000381469727,23.079999923706055,23.100000381469727,2424.0
2026-08-05 12:19:00,FIZZ,,31.93000030517578,31.93000030517578,31.90999984741211,31.90999984741211,1532.0
2026-08-05 12:19:00,GLUE,,15.670000076293945,15.699999809265137,15.670000076293945,15.699999809265137,5352.0
2026-08-05 12:19:00,KIDS,,21.5,21.5,21.360000610351562,21.360000610351562,1472.0
2026-08-05 12:19:00,MBRX,,0.4065000116825104,0.4065000116825104,0.4065000116825104,0.4065000116825104,2007.0
2026-08-05 12:19:00,MDB,,375.9700012207031,376.0199890136719,375.9599914550781,375.9700012207031,1340.0
2026-08-05 12:19:00,MDLZ,,62.334999084472656,62.34000015258789,62.290000915527344,62.34000015258789,9715.0
2026-08-05 12:19:00,MLTX,,17.579999923706055,17.579999923706055,17.579999923706055,17.579999923706055,743.0
2026-08-05 12:19:00,MNRO,,13.15999984741211,13.15999984741211,13.120599746704102,13.120599746704102,793.0
2026-08-05 12:19:00,MNST,,94.54499816894531,94.55000305175781,94.5,94.55000305175781,6146.0
2026-08-05 12:19:00,MNTS,,4.286499977111816,4.300000190734863,4.286499977111816,4.300000190734863,1324.0
2026-08-05 12:19:00,MPWR,,1327.4449462890625,1328.405029296875,1327.4449462890625,1328.405029296875,270.0
2026-08-05 12:19:00,MRNA,,56.83000183105469,56.90999984741211,56.81999969482422,56.90999984741211,3102.0
2026-08-05 12:19:00,MYGN,,3.125,3.125,3.119999885559082,3.119999885559082,1323.0
2026-08-05 12:19:00,NAMS,,26.860000610351562,26.885000228881836,26.860000610351562,26.8700008392334,1220.0
2026-08-05 12:19:00,NAUT,,0.9520000219345093,0.9520000219345093,0.9520000219345093,0.9520000219345093,410.0
2026-08-05 12:19:00,NAVI,,9.0649995803833,9.0649995803833,9.0600004196167,9.0600004196167,1581.0
2026-08-05 12:19:00,NB,,5.074999809265137,5.079999923706055,5.074999809265137,5.079999923706055,3834.0
2026-08-05 12:19:00,NBIX,,163.31829833984375,163.61000061035156,163.31829833984375,163.61000061035156,6169.0
2026-08-05 12:19:00,NBTB,,53.41999816894531,53.41999816894531,53.41999816894531,53.41999816894531,1295.0
2026-08-05 12:19:00,NDAQ,,94.41500091552734,94.4175033569336,94.30000305175781,94.30000305175781,2765.0
2026-08-05 12:19:00,NDSN,,310.760009765625,311.58990478515625,310.760009765625,311.58990478515625,920.0
2026-08-05 12:19:00,NEO,,16.049999237060547,16.049999237060547,16.049999237060547,16.049999237060547,1229.0
2026-08-05 12:19:00,NEOG,,11.595000267028809,11.604999542236328,11.574999809265137,11.574999809265137,31516.0
2026-08-05 12:19:00,NEOV,,2.839900016784668,2.839900016784668,2.8350000381469727,2.8350000381469727,2889.0
2026-08-05 12:19:00,NESR,,28.6200008392334,28.670000076293945,28.6200008392334,28.670000076293945,1561.0
2026-08-05 12:19:00,NEWT,,15.130000114440918,15.149999618530273,15.130000114440918,15.149999618530273,1186.0
2026-08-05 12:19:00,NEXT,,6.445000171661377,6.449999809265137,6.445000171661377,6.449999809265137,1370.0
2026-08-05 12:19:00,NFE,,0.33550000190734863,0.33550000190734863,0.33550000190734863,0.33550000190734863,67.0
2026-08-05 12:19:00,NFLX,,73.56999969482422,73.56999969482422,73.41999816894531,73.44999694824219,34815.0
2026-08-05 12:19:00,NGNE,,34.9900016784668,35.08000183105469,34.970001220703125,34.970001220703125,904.0
2026-08-05 12:19:00,NHIC,,10.666199684143066,10.666199684143066,10.666199684143066,10.666199684143066,403.0
2026-08-05 12:19:00,NICE,,96.86000061035156,96.87000274658203,96.86000061035156,96.87000274658203,1664.0
2026-08-05 12:19:00,NKTR,,73.12000274658203,73.12000274658203,73.12000274658203,73.12000274658203,488.0
2026-08-05 12:19:00,NMFC,,7.309999942779541,7.309999942779541,7.304999828338623,7.304999828338623,1134.0
2026-08-05 12:19:00,NNBR,,3.799999952316284,3.809999942779541,3.799999952316284,3.809999942779541,914.0
2026-08-05 12:19:00,NNDM,,1.5449999570846558,1.5449999570846558,1.5400999784469604,1.5400999784469604,899.0
2026-08-05 12:19:00,NRDS,,9.130000114440918,9.130000114440918,9.130000114440918,9.130000114440918,901.0
2026-08-05 12:19:00,NTAP,,189.69500732421875,189.8300018310547,189.6699981689453,189.72999572753906,6887.0
2026-08-05 12:19:00,NTGR,,24.100000381469727,24.1299991607666,24.100000381469727,24.1299991607666,1216.0
2026-08-05 12:19:00,NTNX,,60.540000915527344,60.540000915527344,60.5099983215332,60.529998779296875,2542.0
2026-08-05 12:19:00,NTRA,,276.17999267578125,276.17999267578125,275.9800109863281,275.9800109863281,733.0
2026-08-05 12:19:00,NTRS,,183.32000732421875,183.32000732421875,183.32000732421875,183.32000732421875,424.0
2026-08-05 12:19:00,NTRSO,,18.385000228881836,18.385000228881836,18.385000228881836,18.385000228881836,260.0
2026-08-05 12:19:00,NVAX,,7.610000133514404,7.644999980926514,7.610000133514404,7.644999980926514,44398.0
2026-08-05 12:19:00,NVCR,,16.100000381469727,16.110000610351562,16.100000381469727,16.110000610351562,2657.0
2026-08-05 12:19:00,NVCT,,20.260000228881836,20.260000228881836,20.260000228881836,20.260000228881836,140.0
2026-08-05 12:19:00,NVDA,,219.80999755859375,220.19000244140625,219.74000549316406,220.19000244140625,226703.0
2026-08-05 12:19:00,NVMI,,408.1700134277344,408.70001220703125,408.1700134277344,408.70001220703125,1343.0
2026-08-05 12:19:00,NVTS,,12.505000114440918,12.545000076293945,12.5,12.539999961853027,11739.0
2026-08-05 12:19:00,NWE,,68.77999877929688,68.77999877929688,68.77999877929688,68.77999877929688,407.0
2026-08-05 12:19:00,NWL,,6.261099815368652,6.264999866485596,6.260000228881836,6.261300086975098,5503.0
2026-08-05 12:19:00,NWSA,,28.200000762939453,28.200000762939453,28.18000030517578,28.19499969482422,4599.0
2026-08-05 12:19:00,NXPI,,230.72000122070312,230.9600067138672,230.72000122070312,230.94500732421875,5668.0
2026-08-05 12:19:00,NXT,,98.29049682617188,98.77780151367188,98.29049682617188,98.58499908447266,9514.0
2026-08-05 12:19:00,OBT,,38.84000015258789,38.84000015258789,38.84000015258789,38.84000015258789,1061.0
2026-08-05 12:19:00,OCGN,,1.2899999618530273,1.2899999618530273,1.2899999618530273,1.2899999618530273,2236.0
2026-08-05 12:19:00,OCS,,11.970000267028809,11.970000267028809,11.970000267028809,11.970000267028809,572.0
2026-08-05 12:19:00,OCSL,,12.175000190734863,12.180000305175781,12.175000190734863,12.180000305175781,1433.0
2026-08-05 12:19:00,OCUL,,8.489999771118164,8.494999885559082,8.489999771118164,8.494999885559082,1958.0
2026-08-05 12:19:00,ODD,,15.180000305175781,15.180000305175781,15.180000305175781,15.180000305175781,287.0
2026-08-05 12:19:00,ODFL,,214.22999572753906,214.30499267578125,214.22999572753906,214.30499267578125,1870.0
2026-08-05 12:19:00,OFS,,3.4600000381469727,3.4600000381469727,3.4600000381469727,3.4600000381469727,122.0
2026-08-05 12:19:00,OKTA,,147.64999389648438,147.64999389648438,147.6199951171875,147.6199951171875,1415.0
2026-08-05 12:19:00,OLLI,,78.22000122070312,78.3895034790039,78.22000122070312,78.25,1571.0
2026-08-05 12:19:00,OLMA,,11.5600004196167,11.5600004196167,11.5600004196167,11.5600004196167,1474.0
2026-08-05 12:19:00,OMER,,12.880000114440918,12.880000114440918,12.880000114440918,12.880000114440918,1036.0
2026-08-05 12:19:00,OMH,,0.11150000244379044,0.11150000244379044,0.11150000244379044,0.11150000244379044,834.0
2026-08-05 12:19:00,ON,,77.58000183105469,77.75,77.57499694824219,77.71499633789062,20701.0
2026-08-05 12:19:00,ONB,,27.024999618530273,27.024999618530273,27.024999618530273,27.024999618530273,1267.0
2026-08-05 12:19:00,ONCY,,0.7908999919891357,0.7976999878883362,0.7908999919891357,0.7976999878883362,0.0
2026-08-05 12:19:00,ONDS,,8.914999961853027,8.9399995803833,8.900099754333496,8.9350004196167,237392.0
2026-08-05 12:19:00,ONFO,,0.07410000264644623,0.07429999858140945,0.07400000095367432,0.07429999858140945,35470.0
2026-08-05 12:19:00,OPCH,,23.360000610351562,23.3700008392334,23.329999923706055,23.329999923706055,5214.0
2026-08-05 12:19:00,OPEN,,3.8232998847961426,3.825000047683716,3.8111000061035156,3.815000057220459,69313.0
2026-08-05 12:19:00,OPK,,1.311400055885315,1.311400055885315,1.309999942779541,1.309999942779541,1066.0
2026-08-05 12:19:00,OPRA,,19.93000030517578,19.93000030517578,19.93000030517578,19.93000030517578,433.0
2026-08-05 12:19:00,OPRX,,6.78000020980835,6.78000020980835,6.78000020980835,6.78000020980835,964.0
2026-08-05 12:19:00,ORIC,,13.194999694824219,13.194999694824219,13.1899995803833,13.1899995803833,1287.0
2026-08-05 12:19:00,ORLY,,93.22000122070312,93.2300033569336,93.19000244140625,93.2300033569336,3492.0
2026-08-05 12:19:00,OSPN,,16.549999237060547,16.549999237060547,16.549999237060547,16.549999237060547,1398.0
2026-08-05 12:19:00,OSS,,13.989999771118164,14.020000457763672,13.989999771118164,14.020000457763672,8164.0
2026-08-05 12:19:00,OSUR,,4.135000228881836,4.135000228881836,4.130000114440918,4.135000228881836,3091.0
2026-08-05 12:19:00,OSW,,26.540000915527344,26.540000915527344,26.540000915527344,26.540000915527344,292.0
2026-08-05 12:19:00,OTEX,,25.7450008392334,25.7450008392334,25.7450008392334,25.7450008392334,1637.0
2026-08-05 12:19:00,OTLK,,1.0199999809265137,1.0199999809265137,1.0149999856948853,1.0199999809265137,1810.0
2026-08-05 12:19:00,OVID,,2.6549999713897705,2.6549999713897705,2.6549999713897705,2.6549999713897705,1793.0
2026-08-05 12:19:00,OXLC,,9.130000114440918,9.130000114440918,9.130000114440918,9.130000114440918,176.0
2026-08-05 12:19:00,OXSQ,,1.4900000095367432,1.4900000095367432,1.4900000095367432,1.4900000095367432,458.0
2026-08-05 12:19:00,PAAS,,48.08000183105469,48.15999984741211,48.07500076293945,48.1150016784668,7407.0
2026-08-05 12:19:00,PACB,,1.4049999713897705,1.4049999713897705,1.399999976158142,1.4049999713897705,3741.0
2026-08-05 12:19:00,PAGP,,25.209999084472656,25.210100173950195,25.209999084472656,25.210100173950195,619.0
2026-08-05 12:19:00,PANL,,7.284999847412109,7.284999847412109,7.284999847412109,7.284999847412109,381.0
2026-08-05 12:19:00,PANW,,364.489990234375,364.6600036621094,364.3999938964844,364.5199890136719,3888.0
2026-08-05 12:19:00,PAYO,,7.119999885559082,7.125,7.119999885559082,7.125,1036.0
2026-08-05 12:19:00,PAYX,,116.80999755859375,116.80999755859375,116.72000122070312,116.72000122070312,7661.0
2026-08-05 12:19:00,PCAR,,133.91000366210938,134.02000427246094,133.91000366210938,134.02000427246094,3128.0
2026-08-05 12:19:00,PCRX,,24.905000686645508,24.905000686645508,24.905000686645508,24.905000686645508,636.0
2026-08-05 12:19:00,PCT,,6.889999866485596,6.889999866485596,6.889999866485596,6.889999866485596,1340.0
2026-08-05 12:19:00,PCTY,,143.80499267578125,143.8300018310547,143.80499267578125,143.8300018310547,343.0
2026-08-05 12:19:00,PDD,,90.87999725341797,90.87999725341797,90.83999633789062,90.8499984741211,4843.0
2026-08-05 12:19:00,PECO,,41.38999938964844,41.38999938964844,41.38999938964844,41.38999938964844,1620.0
2026-08-05 12:19:00,PEGA,,31.559999465942383,31.56999969482422,31.55500030517578,31.565000534057617,2260.0
2026-08-05 12:19:00,PENN,,19.799999237060547,19.799999237060547,19.799999237060547,19.799999237060547,681.0
2026-08-05 12:19:00,PEP,,138.66000366210938,138.66000366210938,138.53500366210938,138.5800018310547,6014.0
2026-08-05 12:19:00,PERI,,9.550000190734863,9.550000190734863,9.550000190734863,9.550000190734863,882.0
2026-08-05 12:19:00,PESI,,17.690000534057617,17.75,17.690000534057617,17.75,5754.0
2026-08-05 12:19:00,PFG,,113.93000030517578,113.94000244140625,113.86000061035156,113.86000061035156,2663.0
2026-08-05 12:19:00,PGEN,,7.045000076293945,7.050000190734863,7.034999847412109,7.034999847412109,14768.0
2026-08-05 12:19:00,PGY,,21.7450008392334,21.7450008392334,21.7450008392334,21.7450008392334,457.0
2026-08-05 12:19:00,PLAB,,32.040000915527344,32.040000915527344,32.040000915527344,32.040000915527344,1349.0
2026-08-05 12:19:00,PLBY,,1.149999976158142,1.149999976158142,1.1449999809265137,1.1449999809265137,10352.0
2026-08-05 12:19:00,PLMR,,135.39999389648438,135.39999389648438,135.39999389648438,135.39999389648438,588.0
2026-08-05 12:19:00,PLRX,,1.059999942779541,1.059999942779541,1.0549999475479126,1.0549999475479126,5711.0
2026-08-05 12:19:00,PLSE,,36.83000183105469,36.83000183105469,36.689998626708984,36.79999923706055,1930.0
2026-08-05 12:19:00,PLTK,,3.9749999046325684,3.9749999046325684,3.9749999046325684,3.9749999046325684,414.0
2026-08-05 12:19:00,PLUG,,2.0899999141693115,2.0899999141693115,2.0799999237060547,2.0899999141693115,23441.0
2026-08-05 12:19:00,PNFP,,107.33000183105469,107.41000366210938,107.33000183105469,107.41000366210938,1626.0
2026-08-05 12:19:00,POET,,8.295000076293945,8.324999809265137,8.295000076293945,8.319999694824219,19088.0
2026-08-05 12:19:00,POOL,,204.18499755859375,204.18499755859375,204.02999877929688,204.18499755859375,662.0
2026-08-05 12:19:00,POWI,,61.84000015258789,61.84000015258789,61.84000015258789,61.84000015258789,358.0
2026-08-05 12:19:00,POWL,,213.92999267578125,214.25,213.85000610351562,214.25,619.0
2026-08-05 12:19:00,PPC,,26.420000076293945,26.420000076293945,26.420000076293945,26.420000076293945,514.0
2026-08-05 12:19:00,PPTA,,22.28499984741211,22.30500030517578,22.270000457763672,22.30500030517578,2518.0
2026-08-05 12:19:00,PRAA,,17.280000686645508,17.280000686645508,17.270000457763672,17.270000457763672,1770.0
2026-08-05 12:19:00,PRAX,,311.30999755859375,312.2300109863281,311.30999755859375,312.0799865722656,2066.0
2026-08-05 12:19:00,PRCH,,15.9350004196167,15.9399995803833,15.920000076293945,15.930000305175781,3230.0
2026-08-05 12:19:00,PRCT,,19.170000076293945,19.174999237060547,19.1299991607666,19.135000228881836,11320.0
2026-08-05 12:19:00,PRGS,,41.91999816894531,41.91999816894531,41.91999816894531,41.91999816894531,358.0
2026-08-05 12:19:00,PRIM,,84.11000061035156,84.37000274658203,84.11000061035156,84.26000213623047,2380.0
2026-08-05 12:19:00,PRME,,3.0899999141693115,3.1019999980926514,3.0899999141693115,3.0999999046325684,21508.0
2026-08-05 12:19:00,PRQR,,1.9199999570846558,1.9199999570846558,1.9149999618530273,1.9149999618530273,5742.0
2026-08-05 12:19:00,PRTA,,8.53499984741211,8.53499984741211,8.53499984741211,8.53499984741211,334.0
2026-08-05 12:19:00,PRVA,,24.270000457763672,24.270000457763672,24.270000457763672,24.270000457763672,2502.0
2026-08-05 12:19:00,PSEC,,2.184999942779541,2.190000057220459,2.184999942779541,2.190000057220459,1863.0
2026-08-05 12:19:00,PSNL,,13.604999542236328,13.609999656677246,13.604999542236328,13.609999656677246,1554.0
2026-08-05 12:19:00,PTC,,139.3000030517578,139.3000030517578,139.2449951171875,139.2449951171875,1267.0
2026-08-05 12:19:00,PTCT,,68.68000030517578,68.68000030517578,68.62999725341797,68.63999938964844,676.0
2026-08-05 12:19:00,PTEN,,9.774999618530273,9.78499984741211,9.774999618530273,9.78499984741211,5824.0
2026-08-05 12:19:00,PTLO,,4.609899997711182,4.609899997711182,4.609899997711182,4.609899997711182,2052.0
2026-08-05 12:19:00,PTON,,6.434999942779541,6.440000057220459,6.429999828338623,6.429999828338623,6584.0
2026-08-05 12:19:00,PUBM,,13.350000381469727,13.350000381469727,13.329999923706055,13.329999923706055,3165.0
2026-08-05 12:19:00,PYPL,,58.150001525878906,58.150001525878906,58.06999969482422,58.095001220703125,33957.0
2026-08-05 12:19:00,QCOM,,157.55999755859375,157.67999267578125,157.52000427246094,157.67999267578125,5254.0
2026-08-05 12:19:00,QFIN,,13.220000267028809,13.220000267028809,13.220000267028809,13.220000267028809,518.0
2026-08-05 12:19:00,QRVO,,94.41999816894531,94.4800033569336,94.41999816894531,94.4800033569336,549.0
2026-08-05 12:19:00,SEED,,1.0099999904632568,1.0099999904632568,1.0099999904632568,1.0099999904632568,400.0
2026-08-05 12:19:00,STIM,,2.2657999992370605,2.2657999992370605,2.265000104904175,2.265000104904175,1029.0
2026-08-05 12:20:00,ACDC,,4.414999961853027,4.434999942779541,4.414999961853027,4.434999942779541,8259.0
2026-08-05 12:20:00,BPOP,,177.1199951171875,177.17250061035156,177.10000610351562,177.14500427246094,2233.0
2026-08-05 12:20:00,DTIL,,7.534999847412109,7.550000190734863,7.534999847412109,7.534999847412109,3811.0
2026-08-05 12:20:00,GLUE,,15.710000038146973,15.720000267028809,15.680000305175781,15.680000305175781,16145.0
2026-08-05 12:20:00,IPDN,,0.4081000089645386,0.4350999891757965,0.4000000059604645,0.4350999891757965,10530.0
2026-08-05 12:20:00,KIDS,,21.4950008392334,21.4950008392334,21.4950008392334,21.4950008392334,122.0
2026-08-05 12:20:00,LUNG,,1.940000057220459,1.940000057220459,1.940000057220459,1.940000057220459,1026.0
2026-08-05 12:20:00,MBRX,,0.4099000096321106,0.4099000096321106,0.4059999883174896,0.4083999991416931,0.0
2026-08-05 12:20:00,MDB,,376.7300109863281,376.7300109863281,376.17999267578125,376.17999267578125,1460.0
2026-08-05 12:20:00,MDLZ,,62.2599983215332,62.33000183105469,62.2599983215332,62.33000183105469,8466.0
2026-08-05 12:20:00,MLTX,,17.614999771118164,17.614999771118164,17.60409927368164,17.60409927368164,339.0
2026-08-05 12:20:00,MNRO,,13.170000076293945,13.180000305175781,13.15999984741211,13.15999984741211,4386.0
2026-08-05 12:20:00,MNST,,94.51000213623047,94.5199966430664,94.5,94.5199966430664,3377.0
2026-08-05 12:20:00,MNTS,,4.329999923706055,4.329999923706055,4.329999923706055,4.329999923706055,667.0
2026-08-05 12:20:00,MPWR,,1332.0,1332.0,1328.550048828125,1328.550048828125,864.0
2026-08-05 12:20:00,MRNA,,56.97999954223633,56.9900016784668,56.790000915527344,56.790000915527344,9506.0
2026-08-05 12:20:00,MYGN,,3.134999990463257,3.134999990463257,3.122299909591675,3.122299909591675,7781.0
2026-08-05 12:20:00,MYRG,,338.5199890136719,338.6700134277344,338.5199890136719,338.6000061035156,1943.0
2026-08-05 12:20:00,NAMS,,26.885000228881836,26.885000228881836,26.885000228881836,26.885000228881836,622.0
2026-08-05 12:20:00,NAUT,,0.9520000219345093,0.9520000219345093,0.949999988079071,0.949999988079071,1937.0
2026-08-05 12:20:00,NAVI,,9.0600004196167,9.0600004196167,9.0600004196167,9.0600004196167,739.0
2026-08-05 12:20:00,NB,,5.090000152587891,5.090000152587891,5.074999809265137,5.074999809265137,9363.0
2026-08-05 12:20:00,NBIX,,163.44000244140625,163.47390747070312,163.44000244140625,163.44000244140625,2495.0
2026-08-05 12:20:00,NCRA,,1.809999942779541,1.809999942779541,1.809999942779541,1.809999942779541,544.0
2026-08-05 12:20:00,NDAQ,,94.51000213623047,94.51000213623047,94.4800033569336,94.4800033569336,1514.0
2026-08-05 12:20:00,NDSN,,310.9200134277344,310.9200134277344,310.8999938964844,310.8999938964844,315.0
2026-08-05 12:20:00,NEO,,16.075000762939453,16.075000762939453,16.059999465942383,16.059999465942383,3501.0
2026-08-05 12:20:00,NEOG,,11.600000381469727,11.600000381469727,11.595000267028809,11.595000267028809,2491.0
2026-08-05 12:20:00,NEOV,,2.8350000381469727,2.8350000381469727,2.8350000381469727,2.8350000381469727,911.0
2026-08-05 12:20:00,NESR,,28.625,28.649999618530273,28.625,28.649999618530273,806.0
2026-08-05 12:20:00,NEXT,,6.434999942779541,6.440000057220459,6.434999942779541,6.440000057220459,990.0
2026-08-05 12:20:00,NFLX,,73.4749984741211,73.55999755859375,73.46499633789062,73.55999755859375,33675.0
2026-08-05 12:20:00,NIU,,2.4149999618530273,2.4149999618530273,2.4149999618530273,2.4149999618530273,177.0
2026-08-05 12:20:00,NKTX,,2.190000057220459,2.190000057220459,2.184999942779541,2.190000057220459,3096.0
2026-08-05 12:20:00,NMRK,,15.579999923706055,15.579999923706055,15.5600004196167,15.5600004196167,2786.0
2026-08-05 12:20:00,NN,,14.194999694824219,14.194999694824219,14.170000076293945,14.170000076293945,2040.0
2026-08-05 12:20:00,NNBR,,3.815000057220459,3.815000057220459,3.799999952316284,3.805000066757202,3859.0
2026-08-05 12:20:00,NNDM,,1.5449999570846558,1.5449999570846558,1.5449999570846558,1.5449999570846558,787.0
2026-08-05 12:20:00,NNOX,,1.0149999856948853,1.0149999856948853,1.0149999856948853,1.0149999856948853,207.0
2026-08-05 12:20:00,NOVT,,156.625,156.625,156.625,156.625,200.0
2026-08-05 12:20:00,NPCE,,13.369999885559082,13.369999885559082,13.369999885559082,13.369999885559082,1300.0
2026-08-05 12:20:00,NRC,,19.520000457763672,19.520000457763672,19.520000457763672,19.520000457763672,180.0
2026-08-05 12:20:00,NRIX,,24.920000076293945,24.920000076293945,24.850000381469727,24.850000381469727,796.0
2026-08-05 12:20:00,NRXP,,3.0250000953674316,3.0250000953674316,3.0250000953674316,3.0250000953674316,108.0
2026-08-05 12:20:00,NTAP,,189.88999938964844,189.88999938964844,189.88999938964844,189.88999938964844,390.0
2026-08-05 12:20:00,NTES,,127.66999816894531,127.66999816894531,127.66000366210938,127.66000366210938,1681.0
2026-08-05 12:20:00,NTGR,,24.125,24.125,24.110000610351562,24.110000610351562,1175.0
2026-08-05 12:20:00,NTNX,,60.595001220703125,60.595001220703125,60.540000915527344,60.540000915527344,758.0
2026-08-05 12:20:00,NTRA,,276.25,276.25,276.010009765625,276.010009765625,1455.0
2026-08-05 12:20:00,NTRS,,183.38999938964844,183.38999938964844,183.38999938964844,183.38999938964844,691.0
2026-08-05 12:20:00,NUWE,,1.7200000286102295,1.7200000286102295,1.7200000286102295,1.7200000286102295,1434.0
2026-08-05 12:20:00,NVAX,,7.625,7.625,7.610000133514404,7.610000133514404,14267.0
2026-08-05 12:20:00,NVCR,,16.1200008392334,16.1200008392334,16.1200008392334,16.1200008392334,741.0
2026-08-05 12:20:00,NVDA,,220.0720977783203,220.0800018310547,219.75999450683594,219.80999755859375,185470.0
2026-08-05 12:20:00,NVTS,,12.5600004196167,12.5600004196167,12.515000343322754,12.515000343322754,12744.0
2026-08-05 12:20:00,NWL,,6.281099796295166,6.284999847412109,6.264999866485596,6.264999866485596,51930.0
2026-08-05 12:20:00,NWSA,,28.209999084472656,28.209999084472656,28.209999084472656,28.209999084472656,1290.0
2026-08-05 12:20:00,NXPI,,231.19000244140625,231.19000244140625,230.80999755859375,230.80999755859375,7272.0
2026-08-05 12:20:00,NXST,,192.67999267578125,192.67999267578125,192.44000244140625,192.44000244140625,1485.0
2026-08-05 12:20:00,NXT,,98.7300033569336,98.7300033569336,98.50499725341797,98.51000213623047,2502.0
2026-08-05 12:20:00,OABI,,2.0799999237060547,2.0799999237060547,2.0799999237060547,2.0799999237060547,201.0
2026-08-05 12:20:00,OCFC,,19.774999618530273,19.780000686645508,19.774999618530273,19.780000686645508,4879.0
2026-08-05 12:20:00,OCGN,,1.2999999523162842,1.2999999523162842,1.2999999523162842,1.2999999523162842,446.0
2026-08-05 12:20:00,OCSL,,12.175000190734863,12.1850004196167,12.175000190734863,12.180000305175781,3325.0
2026-08-05 12:20:00,OCUL,,8.510000228881836,8.520000457763672,8.484999656677246,8.489999771118164,8975.0
2026-08-05 12:20:00,ODD,,15.220000267028809,15.220000267028809,15.220000267028809,15.220000267028809,388.0
2026-08-05 12:20:00,ODFL,,214.2550048828125,214.3000030517578,214.22999572753906,214.22999572753906,2751.0
2026-08-05 12:20:00,OFIX,,10.729999542236328,10.729999542236328,10.729999542236328,10.729999542236328,553.0
2026-08-05 12:20:00,OFS,,3.509999990463257,3.509999990463257,3.509999990463257,3.509999990463257,267.0
2026-08-05 12:20:00,OGI,,0.948199987411499,0.948199987411499,0.948199987411499,0.948199987411499,952.0
2026-08-05 12:20:00,OKTA,,147.77000427246094,147.80999755859375,147.71499633789062,147.71499633789062,1307.0
2026-08-05 12:20:00,OLLI,,78.33000183105469,78.37999725341797,78.33000183105469,78.37999725341797,1035.0
2026-08-05 12:20:00,OMCL,,37.27000045776367,37.27000045776367,37.2400016784668,37.2400016784668,2242.0
2026-08-05 12:20:00,OMER,,12.890000343322754,12.890000343322754,12.890000343322754,12.890000343322754,926.0
2026-08-05 12:20:00,OMH,,0.11159999668598175,0.11169999837875366,0.11159999668598175,0.11169999837875366,7677.0
2026-08-05 12:20:00,ON,,77.80999755859375,77.80999755859375,77.6050033569336,77.62000274658203,25433.0
2026-08-05 12:20:00,ONB,,27.03499984741211,27.03499984741211,27.030000686645508,27.030000686645508,1787.0
2026-08-05 12:20:00,ONCO,,0.7900000214576721,0.7900000214576721,0.7900000214576721,0.7900000214576721,415.0
2026-08-05 12:20:00,ONCY,,0.7940000295639038,0.7940000295639038,0.7940000295639038,0.7940000295639038,223.0
2026-08-05 12:20:00,ONDS,,8.930000305175781,8.9399995803833,8.90999984741211,8.914999961853027,121350.0
2026-08-05 12:20:00,ONFO,,0.07410000264644623,0.07410000264644623,0.07400000095367432,0.07410000264644623,8331.0
2026-08-05 12:20:00,OPCH,,23.3700008392334,23.3700008392334,23.360000610351562,23.3700008392334,2114.0
2026-08-05 12:20:00,OPEN,,3.8299999237060547,3.8299999237060547,3.8201000690460205,3.825000047683716,33440.0
2026-08-05 12:20:00,OPK,,1.315000057220459,1.315000057220459,1.309999942779541,1.309999942779541,1678.0
2026-08-05 12:20:00,ORIC,,13.220000267028809,13.220000267028809,13.194999694824219,13.194999694824219,2589.0
2026-08-05 12:20:00,ORLY,,93.1500015258789,93.19999694824219,93.1500015258789,93.19999694824219,4247.0
2026-08-05 12:20:00,OSBC,,25.799999237060547,25.799999237060547,25.799999237060547,25.799999237060547,269.0
2026-08-05 12:20:00,OSS,,13.994999885559082,13.994999885559082,13.960000038146973,13.960000038146973,1454.0
2026-08-05 12:20:00,OSUR,,4.135000228881836,4.135000228881836,4.135000228881836,4.135000228881836,2171.0
2026-08-05 12:20:00,OTEX,,25.774999618530273,25.780000686645508,25.774999618530273,25.780000686645508,1254.0
2026-08-05 12:20:00,OTLK,,1.0199999809265137,1.0199999809265137,1.0149999856948853,1.0199999809265137,1096.0
2026-08-05 12:20:00,OTLY,,14.40999984741211,14.40999984741211,14.40999984741211,14.40999984741211,107.0
2026-08-05 12:20:00,OVID,,2.6649999618530273,2.6649999618530273,2.6600000858306885,2.6600000858306885,4935.0
2026-08-05 12:20:00,OXLC,,9.140000343322754,9.145000457763672,9.135000228881836,9.139900207519531,9736.0
2026-08-05 12:20:00,OXSQ,,1.4950000047683716,1.4950000047683716,1.4900000095367432,1.4900000095367432,56227.0
2026-08-05 12:20:00,PAA,,23.239999771118164,23.25,23.239999771118164,23.25,2815.0
2026-08-05 12:20:00,PAAS,,48.130001068115234,48.16999816894531,48.099998474121094,48.099998474121094,3055.0
2026-08-05 12:20:00,PACB,,1.399999976158142,1.4010000228881836,1.399999976158142,1.399999976158142,6394.0
2026-08-05 12:20:00,PAGP,,25.200000762939453,25.209999084472656,25.200000762939453,25.209999084472656,3142.0
2026-08-05 12:20:00,PALI,,2.130000114440918,2.130000114440918,2.130000114440918,2.130000114440918,1357.0
2026-08-05 12:20:00,PANL,,7.300000190734863,7.300000190734863,7.28000020980835,7.28000020980835,2397.0
2026-08-05 12:20:00,PANW,,364.6600036621094,364.8598937988281,364.55999755859375,364.55999755859375,2273.0
2026-08-05 12:20:00,PAX,,11.390000343322754,11.390000343322754,11.380000114440918,11.380000114440918,1434.0
2026-08-05 12:20:00,PAYO,,7.130000114440918,7.130000114440918,7.125,7.125,1316.0
2026-08-05 12:20:00,PBYI,,7.985000133514404,7.985000133514404,7.985000133514404,7.985000133514404,630.0
2026-08-05 12:20:00,PCAR,,133.9499969482422,133.9499969482422,133.88999938964844,133.94000244140625,3170.0
2026-08-05 12:20:00,PCT,,6.894999980926514,6.894999980926514,6.889999866485596,6.889999866485596,2325.0
2026-08-05 12:20:00,PCTY,,144.00999450683594,144.00999450683594,144.0,144.0,808.0
2026-08-05 12:20:00,PDFS,,50.30500030517578,50.30500030517578,50.30500030517578,50.30500030517578,973.0
2026-08-05 12:20:00,PDSB,,0.7062000036239624,0.7062000036239624,0.7062000036239624,0.7062000036239624,1826.0
2026-08-05 12:20:00,PEGA,,31.594999313354492,31.594999313354492,31.594999313354492,31.594999313354492,461.0
2026-08-05 12:20:00,PENN,,19.829999923706055,19.829999923706055,19.799999237060547,19.799999237060547,4236.0
2026-08-05 12:20:00,PEP,,138.57510375976562,138.6300048828125,138.5500030517578,138.6300048828125,6569.0
2026-08-05 12:20:00,PEPG,,1.934999942779541,1.934999942779541,1.9299999475479126,1.9299999475479126,4119.0
2026-08-05 12:20:00,PESI,,17.71500015258789,17.71500015258789,17.71500015258789,17.71500015258789,250.0
2026-08-05 12:20:00,PFG,,113.95999908447266,113.95999908447266,113.95999908447266,113.95999908447266,766.0
2026-08-05 12:20:00,PGEN,,7.070000171661377,7.079999923706055,7.045000076293945,7.050000190734863,15788.0
2026-08-05 12:20:00,PGY,,21.809999465942383,21.809999465942383,21.770000457763672,21.770000457763672,2352.0
2026-08-05 12:20:00,PHAT,,8.479999542236328,8.479999542236328,8.475000381469727,8.479999542236328,1030.0
2026-08-05 12:20:00,PLAB,,32.04999923706055,32.04999923706055,32.04999923706055,32.04999923706055,938.0
2026-08-05 12:20:00,PLMR,,135.19000244140625,135.50999450683594,135.19000244140625,135.5050048828125,1990.0
2026-08-05 12:20:00,PLTK,,3.9749999046325684,3.9749999046325684,3.9749999046325684,3.9749999046325684,459.0
2026-08-05 12:20:00,PLUG,,2.0899999141693115,2.0899999141693115,2.0850000381469727,2.0899999141693115,22052.0
2026-08-05 12:20:00,PLXS,,273.8900146484375,273.8900146484375,273.8800048828125,273.8800048828125,1138.0
2026-08-05 12:20:00,PNFP,,107.37000274658203,107.37000274658203,107.27999877929688,107.27999877929688,579.0
2026-08-05 12:20:00,PNRG,,186.0,186.0,185.88999938964844,185.88999938964844,1151.0
2026-08-05 12:20:00,PNTG,,38.81999969482422,38.81999969482422,38.7400016784668,38.7400016784668,2796.0
2026-08-05 12:20:00,POET,,8.329999923706055,8.329999923706055,8.293600082397461,8.293600082397461,15479.0
2026-08-05 12:20:00,POWI,,61.775001525878906,61.775001525878906,61.775001525878906,61.775001525878906,559.0
2026-08-05 12:20:00,POWL,,214.3000030517578,214.4550018310547,213.9250030517578,213.96499633789062,2186.0
2026-08-05 12:20:00,PPC,,26.40999984741211,26.420000076293945,26.405000686645508,26.420000076293945,1580.0
2026-08-05 12:20:00,PRCH,,15.9399995803833,15.9399995803833,15.9350004196167,15.9350004196167,1335.0
2026-08-05 12:20:00,PRCT,,19.235000610351562,19.239999771118164,19.200000762939453,19.200000762939453,2927.0
2026-08-05 12:20:00,PRIM,,84.36000061035156,84.36000061035156,84.18499755859375,84.33999633789062,4029.0
2026-08-05 12:20:00,PRLD,,4.559999942779541,4.559999942779541,4.559999942779541,4.559999942779541,1305.0
2026-08-05 12:20:00,PRME,,3.1050000190734863,3.1050000190734863,3.0850000381469727,3.0899999141693115,17433.0
2026-08-05 12:20:00,PRQR,,1.9199999570846558,1.9199999570846558,1.9199999570846558,1.9199999570846558,3406.0
2026-08-05 12:20:00,PRTA,,8.550000190734863,8.550000190734863,8.529999732971191,8.529999732971191,1456.0
2026-08-05 12:20:00,PRZO,,0.5460000038146973,0.546999990940094,0.5460000038146973,0.546999990940094,31466.0
2026-08-05 12:20:00,PSEC,,2.184999942779541,2.190000057220459,2.184999942779541,2.190000057220459,2110.0
2026-08-05 12:20:00,PSMT,,194.11000061035156,194.11000061035156,194.11000061035156,194.11000061035156,528.0
2026-08-05 12:20:00,PSNY,,14.009200096130371,14.009200096130371,14.009200096130371,14.009200096130371,401.0
2026-08-05 12:20:00,PTC,,139.4199981689453,139.4199981689453,139.3699951171875,139.3699951171875,2235.0
2026-08-05 12:20:00,PTCT,,68.83000183105469,68.83000183105469,68.69000244140625,68.69000244140625,4619.0
2026-08-05 12:20:00,PTEN,,9.774999618530273,9.774999618530273,9.770000457763672,9.770000457763672,5206.0
2026-08-05 12:20:00,PTGX,,136.83999633789062,136.83999633789062,136.83999633789062,136.83999633789062,286.0
2026-08-05 12:20:00,PTLO,,4.599999904632568,4.599999904632568,4.599999904632568,4.599999904632568,780.0
2026-08-05 12:20:00,PTON,,6.454999923706055,6.454999923706055,6.429999828338623,6.434999942779541,43432.0
2026-08-05 12:20:00,PUBM,,13.364999771118164,13.364999771118164,13.364999771118164,13.364999771118164,481.0
2026-08-05 12:20:00,PWP,,17.229999542236328,17.229999542236328,17.229999542236328,17.229999542236328,320.0
2026-08-05 12:20:00,PYPL,,58.154998779296875,58.17499923706055,58.150001525878906,58.150001525878906,6570.0
2026-08-05 12:20:00,PYXS,,3.180000066757202,3.180000066757202,3.180000066757202,3.180000066757202,324.0
2026-08-05 12:20:00,PZZA,,30.274999618530273,30.274999618530273,30.270000457763672,30.270000457763672,3262.0
2026-08-05 12:20:00,QCOM,,157.7949981689453,157.8000030517578,157.55499267578125,157.61000061035156,10739.0
2026-08-05 12:20:00,QFIN,,13.21500015258789,13.220000267028809,13.210000038146973,13.220000267028809,2315.0
2026-08-05 12:20:00,QRVO,,94.51000213623047,94.51000213623047,94.44499969482422,94.51000213623047,1347.0
2026-08-05 12:20:00,SEED,,1.0099999904632568,1.0099999904632568,1.0098999738693237,1.0099999904632568,600.0
2026-08-05 12:20:00,STIM,,2.2602999210357666,2.2602999210357666,2.2602999210357666,2.2602999210357666,846.0
2026-08-05 12:20:00,TARA,,4.039999961853027,4.039999961853027,4.034999847412109,4.034999847412109,314.0
2026-08-05 12:21:00,ACDC,,4.425000190734863,4.425000190734863,4.414999961853027,4.414999961853027,1837.0
2026-08-05 12:21:00,BPOP,,177.1699981689453,177.1699981689453,177.1699981689453,177.1699981689453,647.0
2026-08-05 12:21:00,CPOP,,0.362199991941452,0.362199991941452,0.362199991941452,0.362199991941452,30.0
2026-08-05 12:21:00,EYE,,23.079999923706055,23.084999084472656,23.06999969482422,23.084999084472656,6038.0
2026-08-05 12:21:00,GLUE,,15.699999809265137,15.710000038146973,15.6899995803833,15.710000038146973,3198.0
2026-08-05 12:21:00,KIDS,,21.5,21.5,21.5,21.5,115.0
2026-08-05 12:21:00,MDB,,376.95318603515625,376.95318603515625,376.5,376.5450134277344,2901.0
2026-08-05 12:21:00,MDLZ,,62.209999084472656,62.26499938964844,62.20000076293945,62.2599983215332,31863.0
2026-08-05 12:21:00,MLTX,,17.6200008392334,17.6299991607666,17.614099502563477,17.6299991607666,1182.0
2026-08-05 12:21:00,MNST,,94.4800033569336,94.55000305175781,94.4800033569336,94.5199966430664,7289.0
2026-08-05 12:21:00,MNTS,,4.320000171661377,4.320000171661377,4.320000171661377,4.320000171661377,404.0
2026-08-05 12:21:00,MNTSW,,0.002300000051036477,0.002300000051036477,0.002300000051036477,0.002300000051036477,182.0
2026-08-05 12:21:00,MOVE,,11.9399995803833,11.9399995803833,11.850000381469727,11.850000381469727,867.0
2026-08-05 12:21:00,MPWR,,1332.199951171875,1332.3699951171875,1330.43505859375,1332.0999755859375,1253.0
2026-08-05 12:21:00,MRNA,,57.05500030517578,57.11989974975586,56.9900016784668,57.01499938964844,5712.0
2026-08-05 12:21:00,MYGN,,3.134999990463257,3.134999990463257,3.134999990463257,3.134999990463257,1546.0
2026-08-05 12:21:00,MYRG,,338.364990234375,338.364990234375,338.364990234375,338.364990234375,877.0
2026-08-05 12:21:00,NAMS,,26.8799991607666,26.885000228881836,26.8799991607666,26.885000228881836,2381.0
2026-08-05 12:21:00,NAUT,,0.9542999863624573,0.9542999863624573,0.9519000053405762,0.9519000053405762,912.0
2026-08-05 12:21:00,NAVI,,9.0600004196167,9.0600004196167,9.0600004196167,9.0600004196167,1005.0
2026-08-05 12:21:00,NB,,5.090000152587891,5.090000152587891,5.079999923706055,5.090000152587891,1902.0
2026-08-05 12:21:00,NBIX,,163.40499877929688,163.49000549316406,163.40499877929688,163.44000244140625,1414.0
2026-08-05 12:21:00,NBTB,,53.40999984741211,53.40999984741211,53.40999984741211,53.40999984741211,366.0
2026-08-05 12:21:00,NCMI,,4.105000019073486,4.105000019073486,4.105000019073486,4.105000019073486,141.0
2026-08-05 12:21:00,NDAQ,,94.52999877929688,94.52999877929688,94.44999694824219,94.44999694824219,2259.0
2026-08-05 12:21:00,NDSN,,310.989990234375,311.04998779296875,310.9599914550781,310.9599914550781,1457.0
2026-08-05 12:21:00,NEO,,16.09000015258789,16.09000015258789,16.075000762939453,16.079999923706055,3458.0
2026-08-05 12:21:00,NEOG,,11.595000267028809,11.595000267028809,11.595000267028809,11.595000267028809,2041.0
2026-08-05 12:21:00,NEON,,0.9431999921798706,0.9431999921798706,0.9431999921798706,0.9431999921798706,1480.0
2026-08-05 12:21:00,NEOV,,2.8399999141693115,2.8399999141693115,2.8399999141693115,2.8399999141693115,1322.0
2026-08-05 12:21:00,NESR,,28.655000686645508,28.655000686645508,28.6200008392334,28.625,4196.0
2026-08-05 12:21:00,NEWT,,15.114999771118164,15.114999771118164,15.114999771118164,15.114999771118164,300.0
2026-08-05 12:21:00,NEXT,,6.440000057220459,6.440000057220459,6.439000129699707,6.439000129699707,4623.0
2026-08-05 12:21:00,NFLX,,73.5,73.54000091552734,73.47000122070312,73.47000122070312,31729.0
2026-08-05 12:21:00,NGNE,,35.189998626708984,35.189998626708984,35.189998626708984,35.189998626708984,413.0
2026-08-05 12:21:00,NICE,,96.9800033569336,96.9800033569336,96.80500030517578,96.80500030517578,2711.0
2026-08-05 12:21:00,NIU,,2.424999952316284,2.424999952316284,2.4149999618530273,2.4149999618530273,2466.0
2026-08-05 12:21:00,NKTR,,73.19999694824219,73.25499725341797,73.19999694824219,73.19999694824219,3172.0
2026-08-05 12:21:00,NKTX,,2.190000057220459,2.190000057220459,2.190000057220459,2.190000057220459,450.0
2026-08-05 12:21:00,NMFC,,7.335000038146973,7.335000038146973,7.320000171661377,7.320000171661377,7397.0
2026-08-05 12:21:00,NMFCZ,,25.11199951171875,25.11199951171875,25.11199951171875,25.11199951171875,500.0
2026-08-05 12:21:00,NMRA,,1.6050000190734863,1.6050000190734863,1.6050000190734863,1.6050000190734863,260.0
2026-08-05 12:21:00,NMRK,,15.59000015258789,15.59000015258789,15.579999923706055,15.579999923706055,2206.0
2026-08-05 12:21:00,NN,,14.204999923706055,14.204999923706055,14.199999809265137,14.199999809265137,1951.0
2026-08-05 12:21:00,NNBR,,3.8299999237060547,3.8299999237060547,3.818000078201294,3.818000078201294,3120.0
2026-08-05 12:21:00,NNDM,,1.5449999570846558,1.5449999570846558,1.5449999570846558,1.5449999570846558,1380.0
2026-08-05 12:21:00,NOVT,,156.67999267578125,156.67999267578125,156.67999267578125,156.67999267578125,664.0
2026-08-05 12:21:00,NPCE,,13.399999618530273,13.399999618530273,13.329999923706055,13.369999885559082,1332.0
2026-08-05 12:21:00,NRIX,,24.899999618530273,24.899999618530273,24.899999618530273,24.899999618530273,480.0
2026-08-05 12:21:00,NRXP,,3.0250000953674316,3.0250000953674316,3.0250000953674316,3.0250000953674316,532.0
2026-08-05 12:21:00,NTAP,,190.25,190.29989624023438,189.83999633789062,189.9199981689453,4338.0
2026-08-05 12:21:00,NTCT,,41.7599983215332,41.7599983215332,41.69499969482422,41.69499969482422,848.0
2026-08-05 12:21:00,NTNX,,60.63999938964844,60.63999938964844,60.63999938964844,60.63999938964844,4805.0
2026-08-05 12:21:00,NTRA,,275.9700012207031,276.3999938964844,275.9700012207031,276.3500061035156,2883.0
2026-08-05 12:21:00,NTRS,,183.55999755859375,183.55999755859375,183.5500030517578,183.5500030517578,1588.0
2026-08-05 12:21:00,NVAX,,7.635000228881836,7.635000228881836,7.630000114440918,7.630000114440918,2311.0
2026-08-05 12:21:00,NVCR,,16.1299991607666,16.1299991607666,16.1299991607666,16.1299991607666,1060.0
2026-08-05 12:21:00,NVDA,,220.27999877929688,220.3699951171875,220.0,220.0399932861328,235323.0
2026-08-05 12:21:00,NVMI,,409.3800048828125,409.3800048828125,409.3800048828125,409.3800048828125,348.0
2026-08-05 12:21:00,NVNI,,1.1299999952316284,1.151900053024292,1.1299999952316284,1.151900053024292,200.0
2026-08-05 12:21:00,NVTS,,12.585000038146973,12.59000015258789,12.555000305175781,12.574999809265137,31746.0
2026-08-05 12:21:00,NWBI,,15.944999694824219,15.944999694824219,15.944999694824219,15.944999694824219,250.0
2026-08-05 12:21:00,NWE,,68.76000213623047,68.77999877929688,68.75,68.77999877929688,1144.0
2026-08-05 12:21:00,NWL,,6.284999847412109,6.289999961853027,6.28000020980835,6.28000020980835,13574.0
2026-08-05 12:21:00,NWPX,,126.94499969482422,127.21499633789062,126.94499969482422,127.21499633789062,892.0
2026-08-05 12:21:00,NWS,,32.2599983215332,32.2599983215332,32.25,32.25,1465.0
2026-08-05 12:21:00,NWSA,,28.219999313354492,28.219999313354492,28.21500015258789,28.21500015258789,2911.0
2026-08-05 12:21:00,NXPI,,231.2100067138672,231.3300018310547,231.1300048828125,231.22999572753906,4742.0
2026-08-05 12:21:00,NXST,,192.69000244140625,192.69000244140625,192.69000244140625,192.69000244140625,313.0
2026-08-05 12:21:00,NXT,,98.91999816894531,99.06500244140625,98.79000091552734,98.80999755859375,3589.0
2026-08-05 12:21:00,OBIO,,4.21999979019165,4.224999904632568,4.21999979019165,4.21999979019165,1582.0
2026-08-05 12:21:00,OCGN,,1.2949999570846558,1.2949999570846558,1.2949999570846558,1.2949999570846558,1478.0
2026-08-05 12:21:00,OCUL,,8.505000114440918,8.510000228881836,8.505000114440918,8.510000228881836,1541.0
2026-08-05 12:21:00,ODFL,,214.4499969482422,214.4499969482422,214.2949981689453,214.3699951171875,1830.0
2026-08-05 12:21:00,OKTA,,147.9949951171875,147.9949951171875,147.99000549316406,147.99000549316406,1004.0
2026-08-05 12:21:00,OLLI,,78.37999725341797,78.44000244140625,78.34500122070312,78.41999816894531,1829.0
2026-08-05 12:21:00,OMH,,0.11180000007152557,0.11190000176429749,0.11169999837875366,0.11169999837875366,28498.0
2026-08-05 12:21:00,ON,,77.94999694824219,78.01000213623047,77.80500030517578,77.80500030517578,34819.0
2026-08-05 12:21:00,ONB,,27.03499984741211,27.03499984741211,27.030000686645508,27.030000686645508,2131.0
2026-08-05 12:21:00,ONBPP,,24.804000854492188,24.804000854492188,24.804000854492188,24.804000854492188,40.0
2026-08-05 12:21:00,ONDS,,8.929900169372559,8.9399995803833,8.920000076293945,8.9350004196167,73666.0
2026-08-05 12:21:00,ONFO,,0.0737999975681305,0.07410000264644623,0.07370000332593918,0.07410000264644623,38044.0
2026-08-05 12:21:00,OPCH,,23.344999313354492,23.360000610351562,23.344999313354492,23.360000610351562,1669.0
2026-08-05 12:21:00,OPEN,,3.8450000286102295,3.8499999046325684,3.8299999237060547,3.8299999237060547,96121.0
2026-08-05 12:21:00,OPHC,,8.630000114440918,8.699999809265137,8.630000114440918,8.699999809265137,630.0
2026-08-05 12:21:00,OPK,,1.3199000358581543,1.3200000524520874,1.315000057220459,1.3200000524520874,61737.0
2026-08-05 12:21:00,OPRT,,6.079999923706055,6.085000038146973,6.079999923706055,6.079999923706055,801.0
2026-08-05 12:21:00,ORGO,,2.3450000286102295,2.3450000286102295,2.3450000286102295,2.3450000286102295,805.0
2026-08-05 12:21:00,ORLY,,93.07499694824219,93.13999938964844,93.07499694824219,93.13999938964844,6057.0
2026-08-05 12:21:00,ORMP,,4.480000019073486,4.480000019073486,4.480000019073486,4.480000019073486,1170.0
2026-08-05 12:21:00,OSBC,,25.799999237060547,25.799999237060547,25.799999237060547,25.799999237060547,959.0
2026-08-05 12:21:00,OSS,,13.914999961853027,14.007200241088867,13.90999984741211,14.007200241088867,6358.0
2026-08-05 12:21:00,OSUR,,4.135000228881836,4.135000228881836,4.135000228881836,4.135000228881836,1323.0
2026-08-05 12:21:00,OSW,,26.549999237060547,26.549999237060547,26.540000915527344,26.549999237060547,419.0
2026-08-05 12:21:00,OTEX,,25.80500030517578,25.80500030517578,25.78499984741211,25.795000076293945,15842.0
2026-08-05 12:21:00,OTLK,,1.0199999809265137,1.0199999809265137,1.01010000705719,1.0199999809265137,4927.0
2026-08-05 12:21:00,OVID,,2.6649999618530273,2.6700000762939453,2.6649999618530273,2.6649999618530273,861.0
2026-08-05 12:21:00,OXLC,,9.154999732971191,9.154999732971191,9.151599884033203,9.151599884033203,1614.0
2026-08-05 12:21:00,PAA,,23.21500015258789,23.25,23.21500015258789,23.241199493408203,5701.0
2026-08-05 12:21:00,PAAS,,48.130001068115234,48.13999938964844,48.1150016784668,48.13999938964844,3325.0
2026-08-05 12:21:00,PACB,,1.4049999713897705,1.4049999713897705,1.399999976158142,1.4005999565124512,62398.0
2026-08-05 12:21:00,PAGP,,25.170000076293945,25.204999923706055,25.170000076293945,25.204999923706055,8381.0
2026-08-05 12:21:00,PALI,,2.125,2.1298999786376953,2.125,2.1298999786376953,3006.0
2026-08-05 12:21:00,PANW,,365.0899963378906,365.0899963378906,364.5,364.8500061035156,7543.0
2026-08-05 12:21:00,PAX,,11.399999618530273,11.399999618530273,11.395000457763672,11.395000457763672,955.0
2026-08-05 12:21:00,PAYO,,7.119999885559082,7.130000114440918,7.119999885559082,7.130000114440918,645.0
2026-08-05 12:21:00,PAYX,,116.8499984741211,116.87999725341797,116.83999633789062,116.83999633789062,2514.0
2026-08-05 12:21:00,PCAR,,133.92999267578125,133.92999267578125,133.92999267578125,133.92999267578125,1503.0
2026-08-05 12:21:00,PCRX,,24.979999542236328,25.010000228881836,24.940000534057617,24.940000534057617,2995.0
2026-08-05 12:21:00,PCT,,6.90500020980835,6.90500020980835,6.894999980926514,6.894999980926514,4167.0
2026-08-05 12:21:00,PCTY,,143.85499572753906,143.85499572753906,143.85499572753906,143.85499572753906,251.0
2026-08-05 12:21:00,PDD,,90.875,90.9000015258789,90.87000274658203,90.88999938964844,6414.0
2026-08-05 12:21:00,PDSB,,0.7062000036239624,0.7062000036239624,0.7062000036239624,0.7062000036239624,7140.0
2026-08-05 12:21:00,PEGA,,31.594999313354492,31.594999313354492,31.594999313354492,31.594999313354492,1107.0
2026-08-05 12:21:00,PENN,,19.815000534057617,19.81999969482422,19.815000534057617,19.81999969482422,1847.0
2026-08-05 12:21:00,PEP,,138.52999877929688,138.57000732421875,138.50999450683594,138.52000427246094,9059.0
2026-08-05 12:21:00,PEPG,,1.940000057220459,1.940000057220459,1.940000057220459,1.940000057220459,245.0
2026-08-05 12:21:00,PESI,,17.75,17.75,17.75,17.75,653.0
2026-08-05 12:21:00,PFG,,113.92500305175781,113.92500305175781,113.91000366210938,113.92500305175781,1054.0
2026-08-05 12:21:00,PGEN,,7.074999809265137,7.079999923706055,7.070000171661377,7.074999809265137,25230.0
2026-08-05 12:21:00,PGNY,,31.75,31.75,31.75,31.75,239.0
2026-08-05 12:21:00,PGY,,21.84000015258789,21.84000015258789,21.809999465942383,21.809999465942383,2106.0
2026-08-05 12:21:00,PHAT,,8.489999771118164,8.489999771118164,8.489999771118164,8.489999771118164,222.0
2026-08-05 12:21:00,PLAB,,32.185699462890625,32.189998626708984,32.095001220703125,32.13420104980469,5226.0
2026-08-05 12:21:00,PLBY,,1.1449999809265137,1.149999976158142,1.1399999856948853,1.149999976158142,6290.0
2026-08-05 12:21:00,PLMR,,134.6999969482422,134.97999572753906,134.6999969482422,134.97500610351562,1653.0
2026-08-05 12:21:00,PLSE,,36.79499816894531,36.84000015258789,36.79499816894531,36.84000015258789,1965.0
2026-08-05 12:21:00,PLTK,,3.9749999046325684,3.9749999046325684,3.9749999046325684,3.9749999046325684,122.0
2026-08-05 12:21:00,PLUG,,2.0899999141693115,2.0950000286102295,2.0850000381469727,2.0899999141693115,160188.0
2026-08-05 12:21:00,PLXS,,274.0799865722656,274.0799865722656,274.0799865722656,274.0799865722656,1256.0
2026-08-05 12:21:00,PNFP,,107.41500091552734,107.5999984741211,107.33999633789062,107.36499786376953,15743.0
2026-08-05 12:21:00,PNTG,,38.91999816894531,38.91999816894531,38.880001068115234,38.880001068115234,700.0
2026-08-05 12:21:00,POET,,8.359999656677246,8.359999656677246,8.330100059509277,8.34000015258789,10180.0
2026-08-05 12:21:00,POOL,,204.47999572753906,204.47999572753906,204.4499969482422,204.4499969482422,2569.0
2026-08-05 12:21:00,POWI,,61.900001525878906,61.900001525878906,61.900001525878906,61.900001525878906,160.0
2026-08-05 12:21:00,PPC,,26.415000915527344,26.415000915527344,26.415000915527344,26.415000915527344,507.0
2026-08-05 12:21:00,PRAX,,311.45001220703125,312.5,311.45001220703125,312.0899963378906,1551.0
2026-08-05 12:21:00,PRCH,,15.90999984741211,15.930000305175781,15.904999732971191,15.930000305175781,2098.0
2026-08-05 12:21:00,PRCT,,19.280000686645508,19.280000686645508,19.25,19.25,2818.0
2026-08-05 12:21:00,PRDO,,32.86000061035156,32.869998931884766,32.849998474121094,32.849998474121094,3501.0
2026-08-05 12:21:00,PRIM,,84.33999633789062,84.4000015258789,84.33999633789062,84.37000274658203,1123.0
2026-08-05 12:21:00,PROK,,1.6399999856948853,1.6399999856948853,1.6399999856948853,1.6399999856948853,156.0
2026-08-05 12:21:00,PRQR,,1.9299999475479126,1.9299999475479126,1.9249999523162842,1.9249999523162842,4779.0
2026-08-05 12:21:00,PRZO,,0.5485000014305115,0.5485000014305115,0.5485000014305115,0.5485000014305115,0.0
2026-08-05 12:21:00,PSEC,,2.190000057220459,2.194999933242798,2.190000057220459,2.190000057220459,37360.0
2026-08-05 12:21:00,PSMT,,193.92999267578125,193.92999267578125,193.92999267578125,193.92999267578125,737.0
2026-08-05 12:21:00,PSNL,,13.625,13.625,13.619999885559082,13.619999885559082,2785.0
2026-08-05 12:21:00,PSNY,,13.970000267028809,13.970000267028809,13.970000267028809,13.970000267028809,352.0
2026-08-05 12:21:00,PTC,,139.25,139.3699951171875,139.17999267578125,139.33999633789062,1978.0
2026-08-05 12:21:00,PTCT,,68.79000091552734,68.83000183105469,68.79000091552734,68.79000091552734,1975.0
2026-08-05 12:21:00,PTEN,,9.774999618530273,9.774999618530273,9.774999618530273,9.774999618530273,1416.0
2026-08-05 12:21:00,PTON,,6.474999904632568,6.474999904632568,6.454999923706055,6.460000038146973,32558.0
2026-08-05 12:21:00,PUBM,,13.369999885559082,13.380000114440918,13.369999885559082,13.369999885559082,2164.0
2026-08-05 12:21:00,PWP,,17.2549991607666,17.270000457763672,17.229999542236328,17.270000457763672,3375.0
2026-08-05 12:21:00,PYPD,,4.519999980926514,4.519999980926514,4.519999980926514,4.519999980926514,244.0
2026-08-05 12:21:00,PYPL,,58.20000076293945,58.20000076293945,58.13999938964844,58.13999938964844,9445.0
2026-08-05 12:21:00,PYXS,,3.184999942779541,3.184999942779541,3.174999952316284,3.174999952316284,1726.0
2026-08-05 12:21:00,PZZA,,30.25,30.280000686645508,30.25,30.274999618530273,2267.0
2026-08-05 12:21:00,QCOM,,158.0050048828125,158.0050048828125,157.8300018310547,157.8300018310547,13351.0
2026-08-05 12:21:00,QFIN,,13.229999542236328,13.229999542236328,13.225000381469727,13.225000381469727,2976.0
2026-08-05 12:21:00,QRVO,,94.6500015258789,94.6500015258789,94.5199966430664,94.5199966430664,1498.0
2026-08-05 12:21:00,SEED,,1.0010000467300415,1.0099999904632568,0.9919999837875366,1.0099999904632568,3448.0
2026-08-05 12:21:00,TARA,,4.034999847412109,4.034999847412109,4.034999847412109,4.034999847412109,166.0
2026-08-05 12:22:00,ACDC,,4.425000190734863,4.425000190734863,4.425000190734863,4.425000190734863,1904.0
2026-08-05 12:22:00,BPOP,,177.3000030517578,177.3300018310547,177.2100067138672,177.2899932861328,2104.0
2026-08-05 12:22:00,GLUE,,15.6899995803833,15.699999809265137,15.6899995803833,15.699999809265137,1400.0
2026-08-05 12:22:00,MBRX,,0.40389999747276306,0.4099000096321106,0.40389999747276306,0.4059999883174896,7145.0
2026-08-05 12:22:00,MDB,,376.8349914550781,376.8349914550781,376.82501220703125,376.82501220703125,826.0
2026-08-05 12:22:00,MDLZ,,62.2510986328125,62.2599983215332,62.20500183105469,62.209999084472656,28872.0
2026-08-05 12:22:00,MNRO,,13.154999732971191,13.154999732971191,13.154999732971191,13.154999732971191,798.0
2026-08-05 12:22:00,MNST,,94.5,94.5199966430664,94.47000122070312,94.4800033569336,5085.0
2026-08-05 12:22:00,MNTS,,4.289999961853027,4.289999961853027,4.289999961853027,4.289999961853027,298.0
2026-08-05 12:22:00,MNTSW,,0.002300000051036477,0.002300000051036477,0.002300000051036477,0.002300000051036477,370.0
2026-08-05 12:22:00,MOVE,,11.854999542236328,11.854999542236328,11.854999542236328,11.854999542236328,284.0
2026-08-05 12:22:00,MPWR,,1333.6400146484375,1333.6400146484375,1330.5799560546875,1330.655029296875,573.0
2026-08-05 12:22:00,MRNA,,57.04499816894531,57.09000015258789,57.029998779296875,57.09000015258789,3520.0
2026-08-05 12:22:00,MYGN,,3.134999990463257,3.134999990463257,3.134999990463257,3.134999990463257,765.0
2026-08-05 12:22:00,MYRG,,338.364990234375,338.3974914550781,338.364990234375,338.364990234375,2064.0
2026-08-05 12:22:00,NAVI,,9.074999809265137,9.074999809265137,9.069999694824219,9.069999694824219,1714.0
2026-08-05 12:22:00,NB,,5.085000038146973,5.089099884033203,5.080100059509277,5.080100059509277,4128.0
2026-08-05 12:22:00,NBIX,,163.3350067138672,163.3350067138672,163.3350067138672,163.3350067138672,824.0
2026-08-05 12:22:00,NBTB,,53.415000915527344,53.415000915527344,53.415000915527344,53.415000915527344,750.0
2026-08-05 12:22:00,NBTX,,39.970001220703125,39.970001220703125,39.970001220703125,39.970001220703125,501.0
2026-08-05 12:22:00,NCMI,,4.114999771118164,4.114999771118164,4.105000019073486,4.105000019073486,3854.0
2026-08-05 12:22:00,NCRA,,1.8300000429153442,1.8300000429153442,1.8200000524520874,1.8200000524520874,3414.0
2026-08-05 12:22:00,NDAQ,,94.58000183105469,94.6698989868164,94.56999969482422,94.58499908447266,1254.0
2026-08-05 12:22:00,NEOG,,11.595000267028809,11.600000381469727,11.59000015258789,11.59000015258789,6815.0
2026-08-05 12:22:00,NEOV,,2.8399999141693115,2.8399999141693115,2.8399999141693115,2.8399999141693115,2191.0
2026-08-05 12:22:00,NESR,,28.670000076293945,28.670000076293945,28.639999389648438,28.649999618530273,5487.0
2026-08-05 12:22:00,NEXT,,6.434999942779541,6.434999942779541,6.434999942779541,6.434999942779541,637.0
2026-08-05 12:22:00,NFE,,0.33550000190734863,0.33550000190734863,0.33550000190734863,0.33550000190734863,1000.0
2026-08-05 12:22:00,NFLX,,73.48359680175781,73.50499725341797,73.47000122070312,73.4905014038086,22737.0
2026-08-05 12:22:00,NICE,,97.16999816894531,97.16999816894531,97.11000061035156,97.11000061035156,877.0
2026-08-05 12:22:00,NIU,,2.430000066757202,2.430000066757202,2.430000066757202,2.430000066757202,1239.0
2026-08-05 12:22:00,NKTR,,73.22000122070312,73.25,73.19999694824219,73.19999694824219,2230.0
2026-08-05 12:22:00,NKTX,,2.194999933242798,2.194999933242798,2.194999933242798,2.194999933242798,5880.0
2026-08-05 12:22:00,NMFC,,7.332900047302246,7.332900047302246,7.332900047302246,7.332900047302246,127.0
2026-08-05 12:22:00,NMRK,,15.600000381469727,15.600000381469727,15.595000267028809,15.595000267028809,908.0
2026-08-05 12:22:00,NN,,14.1899995803833,14.1899995803833,14.1899995803833,14.1899995803833,1579.0
2026-08-05 12:22:00,NNBR,,3.8299999237060547,3.8299999237060547,3.819999933242798,3.829900026321411,7299.0
2026-08-05 12:22:00,NNDM,,1.5449999570846558,1.5449999570846558,1.5449999570846558,1.5449999570846558,543.0
2026-08-05 12:22:00,NNOX,,1.0199999809265137,1.0199999809265137,1.0149999856948853,1.0149999856948853,1082.0
2026-08-05 12:22:00,NPCE,,13.420000076293945,13.420000076293945,13.420000076293945,13.420000076293945,913.0
2026-08-05 12:22:00,NRC,,19.600000381469727,19.600000381469727,19.420000076293945,19.420000076293945,1587.0
2026-08-05 12:22:00,NRDS,,9.149999618530273,9.149999618530273,9.149999618530273,9.149999618530273,184.0
2026-08-05 12:22:00,NRIX,,24.860000610351562,24.90999984741211,24.860000610351562,24.860000610351562,1288.0
2026-08-05 12:22:00,NRSN,,0.5339999794960022,0.5339999794960022,0.5339999794960022,0.5339999794960022,120.0
2026-08-05 12:22:00,NTAP,,190.17999267578125,190.17999267578125,190.16000366210938,190.17999267578125,2202.0
2026-08-05 12:22:00,NTCT,,41.709999084472656,41.720001220703125,41.619998931884766,41.720001220703125,7273.0
2026-08-05 12:22:00,NTRS,,183.69000244140625,183.69000244140625,183.69000244140625,183.69000244140625,1098.0
2026-08-05 12:22:00,NVAX,,7.635000228881836,7.635000228881836,7.630000114440918,7.635000228881836,2351.0
2026-08-05 12:22:00,NVCR,,16.1299991607666,16.1299991607666,16.1200008392334,16.1299991607666,3326.0
2026-08-05 12:22:00,NVCT,,20.149999618530273,20.149999618530273,20.149999618530273,20.149999618530273,132.0
2026-08-05 12:22:00,NVDA,,220.2899932861328,220.36990356445312,220.19500732421875,220.2899932861328,215119.0
2026-08-05 12:22:00,NVTS,,12.585000038146973,12.585000038146973,12.5600004196167,12.581299781799316,14533.0
2026-08-05 12:22:00,NWBI,,15.949999809265137,15.949999809265137,15.944999694824219,15.949999809265137,3246.0
2026-08-05 12:22:00,NWE,,68.76000213623047,68.76000213623047,68.76000213623047,68.76000213623047,121.0
2026-08-05 12:22:00,NWL,,6.300099849700928,6.300099849700928,6.28000020980835,6.28000020980835,13220.0
2026-08-05 12:22:00,NWS,,32.27000045776367,32.27000045776367,32.2599983215332,32.2599983215332,617.0
2026-08-05 12:22:00,NWSA,,28.229999542236328,28.229999542236328,28.21500015258789,28.21980094909668,3499.0
2026-08-05 12:22:00,NXPI,,231.25509643554688,231.25999450683594,231.10000610351562,231.25999450683594,5080.0
2026-08-05 12:22:00,NXT,,98.80999755859375,98.8499984741211,98.70999908447266,98.76000213623047,7657.0
2026-08-05 12:22:00,OCS,,12.029999732971191,12.029999732971191,12.020000457763672,12.020000457763672,1926.0
2026-08-05 12:22:00,OCUL,,8.510000228881836,8.510000228881836,8.510000228881836,8.510000228881836,769.0
2026-08-05 12:22:00,ODD,,15.220000267028809,15.220000267028809,15.220000267028809,15.220000267028809,309.0
2026-08-05 12:22:00,OESX,,14.475000381469727,14.475000381469727,14.475000381469727,14.475000381469727,200.0
2026-08-05 12:22:00,OFIX,,10.729999542236328,10.729999542236328,10.729999542236328,10.729999542236328,435.0
2026-08-05 12:22:00,OKTA,,147.9949951171875,147.9949951171875,147.9949951171875,147.9949951171875,1091.0
2026-08-05 12:22:00,OLLI,,78.375,78.43000030517578,78.33000183105469,78.43000030517578,1270.0
2026-08-05 12:22:00,OMER,,12.90999984741211,12.914999961853027,12.90999984741211,12.914999961853027,662.0
2026-08-05 12:22:00,OMEX,,0.7419000267982483,0.7419000267982483,0.7419000267982483,0.7419000267982483,10200.0
2026-08-05 12:22:00,OMH,,0.11190000176429749,0.11190000176429749,0.11190000176429749,0.11190000176429749,3759.0
2026-08-05 12:22:00,ON,,78.0999984741211,78.0999984741211,77.93499755859375,77.97000122070312,16768.0
2026-08-05 12:22:00,ONB,,27.05500030517578,27.05500030517578,27.03499984741211,27.03499984741211,3582.0
2026-08-05 12:22:00,ONBPP,,24.799999237060547,24.799999237060547,24.799999237060547,24.799999237060547,880.0
2026-08-05 12:22:00,ONDS,,8.925000190734863,8.9350004196167,8.90999984741211,8.925000190734863,315159.0
2026-08-05 12:22:00,ONFO,,0.0722000002861023,0.07419999688863754,0.0722000002861023,0.07410000264644623,242230.0
2026-08-05 12:22:00,OPBK,,15.824999809265137,15.824999809265137,15.824999809265137,15.824999809265137,426.0
2026-08-05 12:22:00,OPCH,,23.360000610351562,23.360000610351562,23.344999313354492,23.349899291992188,3032.0
2026-08-05 12:22:00,OPEN,,3.8501999378204346,3.865000009536743,3.8399999141693115,3.840100049972534,253465.0
2026-08-05 12:22:00,OPK,,1.315000057220459,1.319000005722046,1.3100999593734741,1.319000005722046,2808.0
2026-08-05 12:22:00,OPRA,,19.959999084472656,19.959999084472656,19.959999084472656,19.959999084472656,543.0
2026-08-05 12:22:00,ORIC,,13.220000267028809,13.220000267028809,13.220000267028809,13.220000267028809,1937.0
2026-08-05 12:22:00,ORLY,,93.04000091552734,93.06500244140625,93.04000091552734,93.04000091552734,4281.0
2026-08-05 12:22:00,OSBC,,25.799999237060547,25.799999237060547,25.799999237060547,25.799999237060547,416.0
2026-08-05 12:22:00,OSS,,13.9399995803833,13.960000038146973,13.850000381469727,13.920000076293945,18636.0
2026-08-05 12:22:00,OSW,,26.56999969482422,26.579999923706055,26.559999465942383,26.559999465942383,3561.0
2026-08-05 12:22:00,OTEX,,25.799999237060547,25.809999465942383,25.795000076293945,25.799999237060547,3293.0
2026-08-05 12:22:00,OTLK,,1.0199999809265137,1.0199999809265137,1.0197999477386475,1.0197999477386475,820.0
2026-08-05 12:22:00,OTLY,,14.40999984741211,14.40999984741211,14.40999984741211,14.40999984741211,647.0
2026-08-05 12:22:00,OVID,,2.6700000762939453,2.6700000762939453,2.6649999618530273,2.6649999618530273,2189.0
2026-08-05 12:22:00,OXSQ,,1.492900013923645,1.4950000047683716,1.492900013923645,1.4950000047683716,987.0
2026-08-05 12:22:00,PAA,,23.209999084472656,23.213699340820312,23.209999084472656,23.213699340820312,1281.0
2026-08-05 12:22:00,PAAS,,48.130001068115234,48.15999984741211,48.11000061035156,48.130001068115234,2851.0
2026-08-05 12:22:00,PACB,,1.4000999927520752,1.4049999713897705,1.399999976158142,1.4049999713897705,51606.0
2026-08-05 12:22:00,PAGP,,25.165000915527344,25.165000915527344,25.165000915527344,25.165000915527344,1510.0
2026-08-05 12:22:00,PALI,,2.130000114440918,2.130000114440918,2.130000114440918,2.130000114440918,501.0
2026-08-05 12:22:00,PANW,,364.3800048828125,364.81500244140625,364.340087890625,364.81500244140625,5853.0
2026-08-05 12:22:00,PAX,,11.40999984741211,11.40999984741211,11.40999984741211,11.40999984741211,2013.0
2026-08-05 12:22:00,PAYO,,7.130000114440918,7.130000114440918,7.130000114440918,7.130000114440918,548.0
2026-08-05 12:22:00,PAYX,,116.81999969482422,116.83000183105469,116.79000091552734,116.83000183105469,1935.0
2026-08-05 12:22:00,PCAR,,133.8800048828125,133.8800048828125,133.8800048828125,133.8800048828125,1112.0
2026-08-05 12:22:00,PCRX,,25.020000457763672,25.040000915527344,25.0,25.0,3859.0
2026-08-05 12:22:00,PCT,,6.90500020980835,6.90500020980835,6.90500020980835,6.90500020980835,815.0
2026-08-05 12:22:00,PCTY,,144.08999633789062,144.08999633789062,144.0850067138672,144.0850067138672,410.0
2026-08-05 12:22:00,PDD,,90.87000274658203,90.87000274658203,90.86000061035156,90.86000061035156,4194.0
2026-08-05 12:22:00,PEBO,,41.66999816894531,41.66999816894531,41.66999816894531,41.66999816894531,491.0
2026-08-05 12:22:00,PECO,,41.404998779296875,41.404998779296875,41.400001525878906,41.400001525878906,306.0
2026-08-05 12:22:00,PEGA,,31.614999771118164,31.614999771118164,31.614999771118164,31.614999771118164,1062.0
2026-08-05 12:22:00,PENN,,19.825000762939453,19.825000762939453,19.815000534057617,19.815000534057617,1443.0
2026-08-05 12:22:00,PEP,,138.51499938964844,138.52999877929688,138.47000122070312,138.47999572753906,16237.0
2026-08-05 12:22:00,PEPG,,1.9450000524520874,1.9450000524520874,1.9450000524520874,1.9450000524520874,396.0
2026-08-05 12:22:00,PFG,,114.0,114.0199966430664,113.8499984741211,113.8499984741211,2275.0
2026-08-05 12:22:00,PGC,,46.71500015258789,46.720001220703125,46.709999084472656,46.709999084472656,1118.0
2026-08-05 12:22:00,PGEN,,7.074999809265137,7.079999923706055,7.059999942779541,7.074999809265137,46221.0
2026-08-05 12:22:00,PGNY,,31.764999389648438,31.770000457763672,31.764999389648438,31.770000457763672,1064.0
2026-08-05 12:22:00,PGY,,21.860000610351562,21.860000610351562,21.84000015258789,21.84000015258789,1723.0
2026-08-05 12:22:00,PHAT,,8.479999542236328,8.479999542236328,8.479999542236328,8.479999542236328,1615.0
2026-08-05 12:22:00,PLAB,,32.18000030517578,32.18000030517578,32.18000030517578,32.18000030517578,732.0
2026-08-05 12:22:00,PLBY,,1.1409000158309937,1.149999976158142,1.1409000158309937,1.149999976158142,5888.0
2026-08-05 12:22:00,PLMR,,134.5,134.5,134.5,134.5,249.0
2026-08-05 12:22:00,PLPC,,460.6700134277344,460.6700134277344,460.6700134277344,460.6700134277344,150.0
2026-08-05 12:22:00,PLTK,,3.9749999046325684,3.9749999046325684,3.9749999046325684,3.9749999046325684,314.0
2026-08-05 12:22:00,PLUG,,2.0950000286102295,2.0999999046325684,2.0899999141693115,2.0950000286102295,121287.0
2026-08-05 12:22:00,PNFP,,107.58000183105469,107.58000183105469,107.26000213623047,107.3499984741211,29335.0
2026-08-05 12:22:00,POET,,8.35949993133545,8.359600067138672,8.345000267028809,8.359600067138672,11492.0
2026-08-05 12:22:00,POWI,,62.0,62.0,61.9900016784668,61.9900016784668,624.0
2026-08-05 12:22:00,PPC,,26.389999389648438,26.399999618530273,26.389999389648438,26.399999618530273,3315.0
2026-08-05 12:22:00,PPSI,,2.9800000190734863,2.9800000190734863,2.9800000190734863,2.9800000190734863,793.0
2026-08-05 12:22:00,PPTA,,22.34000015258789,22.34000015258789,22.34000015258789,22.34000015258789,1476.0
2026-08-05 12:22:00,PRCH,,15.914999961853027,15.914999961853027,15.914999961853027,15.914999961853027,943.0
2026-08-05 12:22:00,PRCT,,19.315000534057617,19.329999923706055,19.280000686645508,19.31999969482422,7321.0
2026-08-05 12:22:00,PRGS,,41.91999816894531,41.91999816894531,41.91999816894531,41.91999816894531,186.0
2026-08-05 12:22:00,PRIM,,84.3499984741211,84.3499984741211,84.18000030517578,84.18000030517578,1223.0
2026-08-05 12:22:00,PRME,,3.0950000286102295,3.0999999046325684,3.090100049972534,3.0999999046325684,3715.0
2026-08-05 12:22:00,PROK,,1.6399999856948853,1.6399999856948853,1.6399999856948853,1.6399999856948853,2706.0
2026-08-05 12:22:00,PRQR,,1.9391000270843506,1.9391000270843506,1.9391000270843506,1.9391000270843506,4409.0
2026-08-05 12:22:00,PRTA,,8.545000076293945,8.545000076293945,8.545000076293945,8.545000076293945,277.0
2026-08-05 12:22:00,PRVA,,24.31999969482422,24.31999969482422,24.31999969482422,24.31999969482422,137.0
2026-08-05 12:22:00,PSEC,,2.1898999214172363,2.194999933242798,2.184999942779541,2.194999933242798,49376.0
2026-08-05 12:22:00,PSHG,,1.726199984550476,1.726199984550476,1.726199984550476,1.726199984550476,500.0
2026-08-05 12:22:00,PSMT,,194.0500030517578,194.0500030517578,194.0500030517578,194.0500030517578,417.0
2026-08-05 12:22:00,PTC,,139.3000030517578,139.38999938964844,139.23500061035156,139.23500061035156,2748.0
2026-08-05 12:22:00,PTEN,,9.765000343322754,9.774999618530273,9.760000228881836,9.774999618530273,11405.0
2026-08-05 12:22:00,PTGX,,136.69500732421875,136.69500732421875,136.6300048828125,136.6300048828125,708.0
2026-08-05 12:22:00,PTLO,,4.609899997711182,4.609899997711182,4.609899997711182,4.609899997711182,2552.0
2026-08-05 12:22:00,PTON,,6.474999904632568,6.480000019073486,6.46999979019165,6.478899955749512,5050.0
2026-08-05 12:22:00,PYPL,,58.18000030517578,58.189998626708984,58.18000030517578,58.189998626708984,5225.0
2026-08-05 12:22:00,PYXS,,3.184999942779541,3.190000057220459,3.184999942779541,3.187999963760376,705.0
2026-08-05 12:22:00,PZZA,,30.290000915527344,30.299999237060547,30.250099182128906,30.250099182128906,8807.0
2026-08-05 12:22:00,QCOM,,157.97000122070312,158.0800018310547,157.91000366210938,158.02000427246094,15762.0
2026-08-05 12:22:00,QFIN,,13.234999656677246,13.234999656677246,13.234999656677246,13.234999656677246,2067.0
2026-08-05 12:22:00,QRVO,,94.66000366210938,94.66000366210938,94.59500122070312,94.62999725341797,1130.0
2026-08-05 12:22:00,SEED,,1.0099999904632568,1.0099999904632568,1.0010000467300415,1.0010000467300415,1003.0
2026-08-05 12:22:00,STIM,,2.2699999809265137,2.2699999809265137,2.2699999809265137,2.2699999809265137,913.0
2026-08-05 12:22:00,STKS,,1.7599999904632568,1.7649999856948853,1.7599999904632568,1.7649999856948853,3000.0
2026-08-05 12:22:00,TARA,,4.034999847412109,4.039999961853027,4.034999847412109,4.039999961853027,408.0
2026-08-05 12:23:00,ACDC,,4.445000171661377,4.445000171661377,4.429999828338623,4.429999828338623,11785.0
2026-08-05 12:23:00,BPOP,,177.34500122070312,177.34500122070312,177.34500122070312,177.34500122070312,578.0
2026-08-05 12:23:00,CNXN,,84.80000305175781,84.80999755859375,84.80000305175781,84.80999755859375,772.0
2026-08-05 12:23:00,DTIL,,7.550000190734863,7.565000057220459,7.550000190734863,7.565000057220459,1589.0
2026-08-05 12:23:00,EYE,,23.079999923706055,23.09000015258789,23.06999969482422,23.075000762939453,7502.0
2026-08-05 12:23:00,GLUE,,15.670000076293945,15.6899995803833,15.670000076293945,15.6899995803833,2173.0
2026-08-05 12:23:00,LUNG,,1.9550000429153442,1.9550000429153442,1.9500000476837158,1.9500000476837158,1089.0
2026-08-05 12:23:00,MBRX,,0.4050000011920929,0.4050000011920929,0.40389999747276306,0.40400001406669617,1669.0
2026-08-05 12:23:00,MDB,,376.6700134277344,376.6700134277344,376.6700134277344,376.6700134277344,538.0
2026-08-05 12:23:00,MDLZ,,62.2599983215332,62.2599983215332,62.220001220703125,62.2400016784668,11916.0
2026-08-05 12:23:00,MLTX,,17.610000610351562,17.610000610351562,17.610000610351562,17.610000610351562,635.0
2026-08-05 12:23:00,MNST,,94.5,94.5,94.45999908447266,94.47000122070312,3928.0
2026-08-05 12:23:00,MNTS,,4.318699836730957,4.318699836730957,4.318699836730957,4.318699836730957,1068.0
2026-08-05 12:23:00,MOVE,,11.819999694824219,11.850099563598633,11.765000343322754,11.850099563598633,2126.0
2026-08-05 12:23:00,MPWR,,1331.5374755859375,1333.8800048828125,1331.5374755859375,1333.6500244140625,1172.0
2026-08-05 12:23:00,MRNA,,56.959999084472656,57.025001525878906,56.959999084472656,57.02000045776367,2099.0
2026-08-05 12:23:00,MYGN,,3.134999990463257,3.134999990463257,3.134999990463257,3.134999990463257,2984.0
2026-08-05 12:23:00,MYPS,,0.7365000247955322,0.7365000247955322,0.7365000247955322,0.7365000247955322,133.0
2026-08-05 12:23:00,MYRG,,338.2900085449219,338.92498779296875,338.2900085449219,338.7300109863281,1582.0
2026-08-05 12:23:00,NAMS,,26.8799991607666,26.8799991607666,26.8799991607666,26.8799991607666,1159.0
2026-08-05 12:23:00,NBIX,,163.30499267578125,163.30499267578125,163.30499267578125,163.30499267578125,941.0
2026-08-05 12:23:00,NBTX,,39.97999954223633,39.97999954223633,39.97999954223633,39.97999954223633,386.0
2026-08-05 12:23:00,NCRA,,1.8300000429153442,1.8300000429153442,1.8300000429153442,1.8300000429153442,1200.0
2026-08-05 12:23:00,NDAQ,,94.58499908447266,94.58499908447266,94.55500030517578,94.55500030517578,1425.0
2026-08-05 12:23:00,NEO,,16.06999969482422,16.075000762939453,16.06999969482422,16.075000762939453,429.0
2026-08-05 12:23:00,NEOG,,11.604999542236328,11.604999542236328,11.600000381469727,11.600000381469727,4733.0
2026-08-05 12:23:00,NEOV,,2.8399999141693115,2.8492000102996826,2.8399999141693115,2.8399999141693115,1050.0
2026-08-05 12:23:00,NESR,,28.68000030517578,28.68000030517578,28.68000030517578,28.68000030517578,895.0
2026-08-05 12:23:00,NEWT,,15.10569953918457,15.10569953918457,15.10569953918457,15.10569953918457,159.0
2026-08-05 12:23:00,NEXT,,6.440000057220459,6.440000057220459,6.434999942779541,6.440000057220459,12500.0
2026-08-05 12:23:00,NFE,,0.3375000059604645,0.3375000059604645,0.3375000059604645,0.3375000059604645,0.0
2026-08-05 12:23:00,NFLX,,73.51349639892578,73.51499938964844,73.45999908447266,73.47000122070312,20179.0
2026-08-05 12:23:00,NGNE,,34.97999954223633,35.16999816894531,34.97999954223633,35.16999816894531,390.0
2026-08-05 12:23:00,NICE,,97.37319946289062,97.37319946289062,97.37319946289062,97.37319946289062,820.0
2026-08-05 12:23:00,NKTR,,73.33000183105469,73.37000274658203,73.22000122070312,73.22000122070312,4871.0
2026-08-05 12:23:00,NKTX,,2.194999933242798,2.194999933242798,2.194999933242798,2.194999933242798,638.0
2026-08-05 12:23:00,NMFC,,7.329999923706055,7.333600044250488,7.329999923706055,7.329999923706055,2889.0
2026-08-05 12:23:00,NMIH,,44.380001068115234,44.380001068115234,44.349998474121094,44.349998474121094,986.0
2026-08-05 12:23:00,NMRK,,15.604999542236328,15.604999542236328,15.604999542236328,15.604999542236328,891.0
2026-08-05 12:23:00,NN,,14.199999809265137,14.210000038146973,14.199999809265137,14.199999809265137,3573.0
2026-08-05 12:23:00,NNBR,,3.8299999237060547,3.8399999141693115,3.8299999237060547,3.8399999141693115,2561.0
2026-08-05 12:23:00,NNDM,,1.5449999570846558,1.5449999570846558,1.5449999570846558,1.5449999570846558,829.0
2026-08-05 12:23:00,NOVT,,156.69000244140625,156.69000244140625,156.69000244140625,156.69000244140625,777.0
2026-08-05 12:23:00,NRDS,,9.154999732971191,9.154999732971191,9.149999618530273,9.149999618530273,1508.0
2026-08-05 12:23:00,NRIM,,26.969999313354492,26.969999313354492,26.969999313354492,26.969999313354492,495.0
2026-08-05 12:23:00,NRIX,,24.864999771118164,24.864999771118164,24.864999771118164,24.864999771118164,429.0
2026-08-05 12:23:00,NRXP,,3.0250000953674316,3.0297000408172607,3.0250000953674316,3.0297000408172607,918.0
2026-08-05 12:23:00,NTAP,,190.22999572753906,190.32000732421875,190.1699981689453,190.1699981689453,2803.0
2026-08-05 12:23:00,NTCT,,41.709999084472656,41.709999084472656,41.709999084472656,41.709999084472656,1019.0
2026-08-05 12:23:00,NTES,,127.76499938964844,127.77999877929688,127.76499938964844,127.77999877929688,2176.0
2026-08-05 12:23:00,NTGR,,24.170000076293945,24.170000076293945,24.15999984741211,24.15999984741211,1996.0
2026-08-05 12:23:00,NTNX,,60.689998626708984,60.689998626708984,60.65999984741211,60.65999984741211,2176.0
2026-08-05 12:23:00,NTRA,,275.5899963378906,275.5899963378906,275.5899963378906,275.5899963378906,956.0
2026-08-05 12:23:00,NTRS,,183.6300048828125,183.73500061035156,183.6300048828125,183.67999267578125,1821.0
2026-08-05 12:23:00,NVAX,,7.639999866485596,7.639999866485596,7.635000228881836,7.635000228881836,1658.0
2026-08-05 12:23:00,NVCR,,16.110000610351562,16.110000610351562,16.110000610351562,16.110000610351562,444.0
2026-08-05 12:23:00,NVCT,,20.18000030517578,20.235000610351562,20.18000030517578,20.235000610351562,2426.0
2026-08-05 12:23:00,NVDA,,220.2899932861328,220.42999267578125,220.24000549316406,220.2899932861328,219437.0
2026-08-05 12:23:00,NVEC,,128.45249938964844,128.45249938964844,128.4499969482422,128.4499969482422,498.0
2026-08-05 12:23:00,NVMI,,409.385009765625,409.385009765625,409.17498779296875,409.17498779296875,135.0
2026-08-05 12:23:00,NVTS,,12.520000457763672,12.579999923706055,12.520000457763672,12.579999923706055,24922.0
2026-08-05 12:23:00,NVX,,0.40209999680519104,0.40209999680519104,0.40209999680519104,0.40209999680519104,366.0
2026-08-05 12:23:00,NWE,,68.7300033569336,68.7300033569336,68.7300033569336,68.7300033569336,1042.0
2026-08-05 12:23:00,NWL,,6.304999828338623,6.304999828338623,6.300000190734863,6.300000190734863,14994.0
2026-08-05 12:23:00,NWPX,,127.27999877929688,127.27999877929688,127.27999877929688,127.27999877929688,159.0
2026-08-05 12:23:00,NWS,,32.27000045776367,32.27000045776367,32.27000045776367,32.27000045776367,3880.0
2026-08-05 12:23:00,NWSA,,28.225000381469727,28.229999542236328,28.225000381469727,28.229999542236328,1968.0
2026-08-05 12:23:00,NXPI,,231.03500366210938,231.25999450683594,230.9600067138672,231.13999938964844,4919.0
2026-08-05 12:23:00,NXT,,98.58000183105469,98.7699966430664,98.58000183105469,98.75,2028.0
2026-08-05 12:23:00,OBIO,,4.21999979019165,4.21999979019165,4.21999979019165,4.21999979019165,186.0
2026-08-05 12:23:00,OCGN,,1.2949999570846558,1.2949999570846558,1.2935999631881714,1.2935999631881714,2867.0
2026-08-05 12:23:00,OCUL,,8.494999885559082,8.505000114440918,8.494999885559082,8.505000114440918,2467.0
2026-08-05 12:23:00,ODD,,15.229999542236328,15.3149995803833,15.220000267028809,15.220000267028809,5692.0
2026-08-05 12:23:00,ODFL,,214.2725067138672,214.35000610351562,214.2100067138672,214.35000610351562,3226.0
2026-08-05 12:23:00,OESX,,14.279999732971191,14.279999732971191,14.279999732971191,14.279999732971191,602.0
2026-08-05 12:23:00,OFIX,,10.729999542236328,10.729999542236328,10.729999542236328,10.729999542236328,225.0
2026-08-05 12:23:00,OGI,,0.9442999958992004,0.9442999958992004,0.9442999958992004,0.9442999958992004,241.0
2026-08-05 12:23:00,OLLI,,78.33999633789062,78.33999633789062,78.33999633789062,78.33999633789062,862.0
2026-08-05 12:23:00,OMER,,12.90999984741211,12.90999984741211,12.90999984741211,12.90999984741211,604.0
2026-08-05 12:23:00,OMH,,0.11259999871253967,0.11259999871253967,0.11180000007152557,0.11249999701976776,3211.0
2026-08-05 12:23:00,ON,,77.87999725341797,78.10990142822266,77.87999725341797,78.08499908447266,25940.0
2026-08-05 12:23:00,ONB,,27.059999465942383,27.065000534057617,27.059999465942383,27.059999465942383,3457.0
2026-08-05 12:23:00,ONDS,,8.910099983215332,8.930000305175781,8.910099983215332,8.925000190734863,232258.0
2026-08-05 12:23:00,ONFO,,0.0722000002861023,0.0737999975681305,0.0722000002861023,0.0722000002861023,61011.0
2026-08-05 12:23:00,OPCH,,23.329999923706055,23.350000381469727,23.329999923706055,23.350000381469727,4820.0
2026-08-05 12:23:00,OPEN,,3.841900110244751,3.859999895095825,3.8415000438690186,3.859999895095825,130607.0
2026-08-05 12:23:00,OPK,,1.315000057220459,1.315000057220459,1.309999942779541,1.309999942779541,642.0
2026-08-05 12:23:00,ORLY,,93.0250015258789,93.04000091552734,92.98999786376953,93.0,6832.0
2026-08-05 12:23:00,OSPN,,16.579999923706055,16.579999923706055,16.530000686645508,16.540000915527344,11016.0
2026-08-05 12:23:00,OSS,,13.979999542236328,14.010000228881836,13.979999542236328,13.989999771118164,6073.0
2026-08-05 12:23:00,OTEX,,25.80500030517578,25.809999465942383,25.799999237060547,25.799999237060547,1806.0
2026-08-05 12:23:00,OTLK,,1.0149999856948853,1.0199999809265137,1.0149999856948853,1.0199999809265137,4435.0
2026-08-05 12:23:00,OVID,,2.6700000762939453,2.6700000762939453,2.6700000762939453,2.6700000762939453,865.0
2026-08-05 12:23:00,OXLC,,9.151300430297852,9.151300430297852,9.151300430297852,9.151300430297852,314.0
2026-08-05 12:23:00,OXSQ,,1.4950000047683716,1.4950000047683716,1.4950000047683716,1.4950000047683716,707.0
2026-08-05 12:23:00,PAA,,23.219999313354492,23.219999313354492,23.209999084472656,23.209999084472656,4344.0
2026-08-05 12:23:00,PAAS,,48.130001068115234,48.150001525878906,48.130001068115234,48.13999938964844,4041.0
2026-08-05 12:23:00,PACB,,1.399999976158142,1.399999976158142,1.399999976158142,1.399999976158142,313.0
2026-08-05 12:23:00,PAGP,,25.15999984741211,25.15999984741211,25.149999618530273,25.149999618530273,2022.0
2026-08-05 12:23:00,PAHC,,35.92499923706055,35.9900016784668,35.560001373291016,35.849998474121094,4095.0
2026-08-05 12:23:00,PALI,,2.130000114440918,2.130000114440918,2.130000114440918,2.130000114440918,4923.0
2026-08-05 12:23:00,PANL,,7.284999847412109,7.284999847412109,7.284999847412109,7.284999847412109,104.0
2026-08-05 12:23:00,PANW,,364.6400146484375,364.6400146484375,364.4949951171875,364.4949951171875,1826.0
2026-08-05 12:23:00,PAYO,,7.125,7.130000114440918,7.119999885559082,7.130000114440918,3258.0
2026-08-05 12:23:00,PAYS,,9.140000343322754,9.140000343322754,9.140000343322754,9.140000343322754,239.0
2026-08-05 12:23:00,PAYX,,116.9000015258789,116.9000015258789,116.7699966430664,116.7699966430664,1789.0
2026-08-05 12:23:00,PCAR,,133.91000366210938,133.91000366210938,133.91000366210938,133.91000366210938,1403.0
2026-08-05 12:23:00,PCT,,6.894999980926514,6.909999847412109,6.889999866485596,6.909999847412109,15246.0
2026-08-05 12:23:00,PCTY,,143.85499572753906,143.85499572753906,143.85499572753906,143.85499572753906,367.0
2026-08-05 12:23:00,PDD,,90.9000015258789,90.91000366210938,90.875,90.875,2588.0
2026-08-05 12:23:00,PDFS,,50.3650016784668,50.3650016784668,50.3650016784668,50.3650016784668,390.0
2026-08-05 12:23:00,PDLB,,20.559999465942383,20.559999465942383,20.559999465942383,20.559999465942383,219.0
2026-08-05 12:23:00,PECO,,41.38999938964844,41.38999938964844,41.38999938964844,41.38999938964844,1200.0
2026-08-05 12:23:00,PEGA,,31.6299991607666,31.649999618530273,31.6299991607666,31.6299991607666,1024.0
2026-08-05 12:23:00,PENN,,19.815000534057617,19.81999969482422,19.815000534057617,19.81999969482422,3532.0
2026-08-05 12:23:00,PEP,,138.58999633789062,138.58999633789062,138.47999572753906,138.47999572753906,3518.0
2026-08-05 12:23:00,PEPG,,1.940000057220459,1.9450000524520874,1.940000057220459,1.9450000524520874,3044.0
2026-08-05 12:23:00,PESI,,17.75,17.81999969482422,17.75,17.81999969482422,676.0
2026-08-05 12:23:00,PFG,,114.05000305175781,114.05000305175781,113.99980163574219,114.04000091552734,2639.0
2026-08-05 12:23:00,PGEN,,7.054999828338623,7.074999809265137,7.039999961853027,7.074999809265137,91491.0
2026-08-05 12:23:00,PGY,,21.829999923706055,21.8700008392334,21.829999923706055,21.8700008392334,3415.0
2026-08-05 12:23:00,PHAT,,8.479999542236328,8.479999542236328,8.479999542236328,8.479999542236328,1241.0
2026-08-05 12:23:00,PLAB,,32.099998474121094,32.099998474121094,32.099998474121094,32.099998474121094,618.0
2026-08-05 12:23:00,PLMR,,134.48500061035156,134.48500061035156,134.48500061035156,134.48500061035156,561.0
2026-08-05 12:23:00,PLPC,,458.54998779296875,459.3949890136719,458.54998779296875,459.3949890136719,292.0
2026-08-05 12:23:00,PLSE,,36.810001373291016,36.810001373291016,36.810001373291016,36.810001373291016,711.0
2026-08-05 12:23:00,PLTK,,3.9749999046325684,3.9749999046325684,3.9749999046325684,3.9749999046325684,1678.0
2026-08-05 12:23:00,PLUG,,2.0950000286102295,2.099100112915039,2.0899999141693115,2.0950000286102295,24871.0
2026-08-05 12:23:00,POET,,8.319499969482422,8.359999656677246,8.319499969482422,8.359999656677246,13374.0
2026-08-05 12:23:00,POWL,,214.1199951171875,214.39999389648438,214.1199951171875,214.30999755859375,880.0
2026-08-05 12:23:00,PPC,,26.360000610351562,26.3799991607666,26.360000610351562,26.3799991607666,3633.0
2026-08-05 12:23:00,PRAX,,311.489990234375,311.489990234375,311.44000244140625,311.44000244140625,222.0
2026-08-05 12:23:00,PRCH,,15.880000114440918,15.890000343322754,15.880000114440918,15.890000343322754,1585.0
2026-08-05 12:23:00,PRCT,,19.299999237060547,19.299999237060547,19.270000457763672,19.299999237060547,4716.0
2026-08-05 12:23:00,PRGS,,41.93000030517578,41.93000030517578,41.93000030517578,41.93000030517578,362.0
2026-08-05 12:23:00,PRIM,,84.26000213623047,84.3550033569336,84.25,84.25,973.0
2026-08-05 12:23:00,PRME,,3.0950000286102295,3.0950000286102295,3.0899999141693115,3.0903000831604004,4408.0
2026-08-05 12:23:00,PRTA,,8.539999961853027,8.539999961853027,8.539999961853027,8.539999961853027,577.0
2026-08-05 12:23:00,PRVA,,24.309999465942383,24.31999969482422,24.309999465942383,24.31999969482422,1263.0
2026-08-05 12:23:00,PRZO,,0.5454999804496765,0.5454999804496765,0.5454999804496765,0.5454999804496765,208.0
2026-08-05 12:23:00,PSEC,,2.184999942779541,2.190000057220459,2.1812000274658203,2.190000057220459,5507.0
2026-08-05 12:23:00,PSHG,,1.7200000286102295,1.7201999425888062,1.7200000286102295,1.7201000452041626,1684.0
2026-08-05 12:23:00,PSNL,,13.619999885559082,13.619999885559082,13.619999885559082,13.619999885559082,961.0
2026-08-05 12:23:00,PTC,,139.27999877929688,139.27999877929688,139.27999877929688,139.27999877929688,839.0
2026-08-05 12:23:00,PTEN,,9.779999732971191,9.789999961853027,9.765000343322754,9.765000343322754,18609.0
2026-08-05 12:23:00,PTGX,,136.5500030517578,136.5500030517578,136.5500030517578,136.5500030517578,1395.0
2026-08-05 12:23:00,PTLO,,4.614999771118164,4.614999771118164,4.614999771118164,4.614999771118164,1263.0
2026-08-05 12:23:00,PTON,,6.474999904632568,6.480000019073486,6.46999979019165,6.480000019073486,19572.0
2026-08-05 12:23:00,PWP,,17.270000457763672,17.270000457763672,17.270000457763672,17.270000457763672,685.0
2026-08-05 12:23:00,PYPD,,4.519999980926514,4.519999980926514,4.519999980926514,4.519999980926514,1111.0
2026-08-05 12:23:00,PYPL,,58.20000076293945,58.20000076293945,58.16999816894531,58.16999816894531,7141.0
2026-08-05 12:23:00,PYXS,,3.180000066757202,3.180000066757202,3.180000066757202,3.180000066757202,1319.0
2026-08-05 12:23:00,PZZA,,30.290000915527344,30.290000915527344,30.270000457763672,30.270000457763672,2293.0
2026-08-05 12:23:00,QCOM,,157.8000030517578,158.02499389648438,157.8000030517578,157.8000030517578,6756.0
2026-08-05 12:23:00,QRVO,,94.55999755859375,94.63999938964844,94.55999755859375,94.63999938964844,951.0
2026-08-05 12:23:00,SEED,,1.0099999904632568,1.0099999904632568,0.9919999837875366,1.0099999904632568,977.0
2026-08-05 12:23:00,STKS,,1.774999976158142,1.774999976158142,1.774999976158142,1.774999976158142,0.0
2026-08-05 12:23:00,TARA,,4.034999847412109,4.034999847412109,4.034999847412109,4.034999847412109,113.0
2026-08-05 12:23:00,WOOF,,2.9149999618530273,2.9200000762939453,2.9149999618530273,2.9149999618530273,19464.0
2026-08-05 12:24:00,ACDC,,4.425000190734863,4.440000057220459,4.425000190734863,4.440000057220459,5533.0
2026-08-05 12:24:00,BPOP,,177.35000610351562,177.35000610351562,177.3300018310547,177.34500122070312,931.0
2026-08-05 12:24:00,CNXN,,84.9000015258789,85.0199966430664,84.8499984741211,84.8499984741211,1877.0
2026-08-05 12:24:00,GLUE,,15.65999984741211,15.680000305175781,15.65999984741211,15.65999984741211,24716.0
2026-08-05 12:24:00,KIDS,,21.639999389648438,21.639999389648438,21.5,21.5,2000.0
2026-08-05 12:24:00,LUNG,,1.9600000381469727,1.9600000381469727,1.9500000476837158,1.9599000215530396,5401.0
2026-08-05 12:24:00,MBRX,,0.4099000096321106,0.4099000096321106,0.40290001034736633,0.40450000762939453,3607.0
2026-08-05 12:24:00,MCRI,,124.44499969482422,124.44499969482422,124.44499969482422,124.44499969482422,231.0
2026-08-05 12:24:00,MDB,,376.375,376.5400085449219,376.3450012207031,376.5400085449219,1971.0
2026-08-05 12:24:00,MDLZ,,62.290000915527344,62.29999923706055,62.255001068115234,62.27000045776367,6863.0
2026-08-05 12:24:00,MLTX,,17.600000381469727,17.600000381469727,17.600000381469727,17.600000381469727,911.0
2026-08-05 12:24:00,MNRO,,13.138500213623047,13.140000343322754,13.138500213623047,13.140000343322754,2411.0
2026-08-05 12:24:00,MNST,,94.55000305175781,94.56999969482422,94.5199966430664,94.54000091552734,6934.0
2026-08-05 12:24:00,MNTS,,4.29640007019043,4.29640007019043,4.29640007019043,4.29640007019043,157.0
2026-08-05 12:24:00,MORN,,198.0399932861328,198.0399932861328,198.0399932861328,198.0399932861328,225.0
2026-08-05 12:24:00,MPWR,,1333.4000244140625,1333.4000244140625,1329.219970703125,1331.4599609375,581.0
2026-08-05 12:24:00,MRNA,,56.89500045776367,56.95000076293945,56.869998931884766,56.95000076293945,4955.0
2026-08-05 12:24:00,MYGN,,3.130000114440918,3.130000114440918,3.125,3.130000114440918,7432.0
2026-08-05 12:24:00,MYRG,,338.44500732421875,338.44500732421875,338.1000061035156,338.1600036621094,1569.0
2026-08-05 12:24:00,NAMS,,26.770000457763672,26.850000381469727,26.770000457763672,26.850000381469727,3456.0
2026-08-05 12:24:00,NAUT,,0.9509000182151794,0.9509000182151794,0.9509000182151794,0.9509000182151794,2319.0
2026-08-05 12:24:00,NB,,5.065000057220459,5.079999923706055,5.065000057220459,5.079999923706055,6400.0
2026-08-05 12:24:00,NBIX,,163.27000427246094,163.3800048828125,163.25999450683594,163.3699951171875,12489.0
2026-08-05 12:24:00,NBTB,,53.40999984741211,53.45000076293945,53.40999984741211,53.45000076293945,1380.0
2026-08-05 12:24:00,NBTX,,39.4900016784668,39.4900016784668,39.42499923706055,39.42499923706055,502.0
2026-08-05 12:24:00,NCRA,,1.8200000524520874,1.8200000524520874,1.8200000524520874,1.8200000524520874,1000.0
2026-08-05 12:24:00,NDAQ,,94.52999877929688,94.55500030517578,94.51000213623047,94.5199966430664,2588.0
2026-08-05 12:24:00,NDSN,,310.79998779296875,310.79998779296875,310.79998779296875,310.79998779296875,123.0
2026-08-05 12:24:00,NEO,,16.040000915527344,16.059999465942383,16.040000915527344,16.059999465942383,2849.0
2026-08-05 12:24:00,NEOG,,11.604999542236328,11.604999542236328,11.604999542236328,11.604999542236328,3078.0
2026-08-05 12:24:00,NEOV,,2.8299999237060547,2.8299999237060547,2.8299999237060547,2.8299999237060547,5178.0
2026-08-05 12:24:00,NESR,,28.645000457763672,28.65999984741211,28.639999389648438,28.65999984741211,4793.0
2026-08-05 12:24:00,NEWT,,15.079999923706055,15.149900436401367,15.079999923706055,15.114999771118164,2693.0
2026-08-05 12:24:00,NEXT,,6.434999942779541,6.434999942779541,6.434999942779541,6.434999942779541,875.0
2026-08-05 12:24:00,NFLX,,73.5199966430664,73.55000305175781,73.50509643554688,73.51499938964844,32619.0
2026-08-05 12:24:00,NIU,,2.4200000762939453,2.424999952316284,2.4200000762939453,2.424999952316284,946.0
2026-08-05 12:24:00,NKTR,,73.16999816894531,73.25,73.16999816894531,73.19999694824219,2563.0
2026-08-05 12:24:00,NKTX,,2.200000047683716,2.2049999237060547,2.194999933242798,2.194999933242798,12474.0
2026-08-05 12:24:00,NMFC,,7.324999809265137,7.324999809265137,7.324999809265137,7.324999809265137,1690.0
2026-08-05 12:24:00,NMIH,,44.375,44.375,44.375,44.375,289.0
2026-08-05 12:24:00,NMRA,,1.6050000190734863,1.6050000190734863,1.6050000190734863,1.6050000190734863,452.0
2026-08-05 12:24:00,NMRK,,15.625,15.625,15.609999656677246,15.609999656677246,9540.0
2026-08-05 12:24:00,NN,,14.170000076293945,14.1899995803833,14.170000076293945,14.1899995803833,3126.0
2026-08-05 12:24:00,NNDM,,1.5399999618530273,1.5449999570846558,1.5399999618530273,1.5449999570846558,888.0
2026-08-05 12:24:00,NNOX,,1.0199999809265137,1.0199999809265137,1.0199999809265137,1.0199999809265137,400.0
2026-08-05 12:24:00,NOVT,,156.71499633789062,156.71499633789062,156.71499633789062,156.71499633789062,185.0
2026-08-05 12:24:00,NRDS,,9.145000457763672,9.145000457763672,9.145000457763672,9.145000457763672,949.0
2026-08-05 12:24:00,NRIX,,24.854999542236328,24.854999542236328,24.854999542236328,24.854999542236328,903.0
2026-08-05 12:24:00,NRXP,,3.0250000953674316,3.0250000953674316,3.0250000953674316,3.0250000953674316,103.0
2026-08-05 12:24:00,NSSC,,39.970001220703125,40.0099983215332,39.970001220703125,40.0099983215332,773.0
2026-08-05 12:24:00,NTAP,,190.1649932861328,190.1649932861328,190.05999755859375,190.05999755859375,1398.0
2026-08-05 12:24:00,NTCT,,41.630001068115234,41.630001068115234,41.630001068115234,41.630001068115234,457.0
2026-08-05 12:24:00,NTES,,127.75,127.75,127.75,127.75,1621.0
2026-08-05 12:24:00,NTGR,,24.165000915527344,24.165000915527344,24.165000915527344,24.165000915527344,266.0
2026-08-05 12:24:00,NTNX,,60.70000076293945,60.70000076293945,60.650001525878906,60.689998626708984,9180.0
2026-08-05 12:24:00,NTRA,,275.6600036621094,275.6600036621094,275.6600036621094,275.6600036621094,473.0
2026-08-05 12:24:00,NTRS,,183.3800048828125,183.58999633789062,183.3800048828125,183.58999633789062,4976.0
2026-08-05 12:24:00,NVAX,,7.625,7.635000228881836,7.619999885559082,7.635000228881836,4402.0
2026-08-05 12:24:00,NVCR,,16.100000381469727,16.110000610351562,16.100000381469727,16.110000610351562,980.0
2026-08-05 12:24:00,NVDA,,220.7100067138672,220.73699951171875,220.14410400390625,220.2803955078125,394544.0
2026-08-05 12:24:00,NVEC,,129.11000061035156,129.11000061035156,129.11000061035156,129.11000061035156,160.0
2026-08-05 12:24:00,NVMI,,408.55999755859375,408.55999755859375,408.55999755859375,408.55999755859375,917.0
2026-08-05 12:24:00,NVTS,,12.5,12.520000457763672,12.484999656677246,12.515000343322754,25193.0
2026-08-05 12:24:00,NWBI,,15.954999923706055,15.954999923706055,15.954999923706055,15.954999923706055,338.0
2026-08-05 12:24:00,NWL,,6.304999828338623,6.304999828338623,6.300000190734863,6.300000190734863,6654.0
2026-08-05 12:24:00,NWPX,,127.27999877929688,127.9999008178711,126.55999755859375,126.55999755859375,489.0
2026-08-05 12:24:00,NWS,,32.2400016784668,32.26499938964844,32.2400016784668,32.26499938964844,986.0
2026-08-05 12:24:00,NWSA,,28.21500015258789,28.229999542236328,28.204999923706055,28.229999542236328,8098.0
2026-08-05 12:24:00,NXPI,,231.10000610351562,231.10000610351562,230.7100067138672,230.85000610351562,6267.0
2026-08-05 12:24:00,NXT,,98.44000244140625,98.44000244140625,98.33999633789062,98.41000366210938,6869.0
2026-08-05 12:24:00,OBIO,,4.224999904632568,4.224999904632568,4.21999979019165,4.21999979019165,1287.0
2026-08-05 12:24:00,OCFC,,19.780000686645508,19.780000686645508,19.780000686645508,19.780000686645508,500.0
2026-08-05 12:24:00,OCGN,,1.2949999570846558,1.2949999570846558,1.2949999570846558,1.2949999570846558,920.0
2026-08-05 12:24:00,OCSL,,12.194999694824219,12.194999694824219,12.1899995803833,12.194999694824219,1455.0
2026-08-05 12:24:00,OCUL,,8.487700462341309,8.489999771118164,8.484999656677246,8.489999771118164,1071.0
2026-08-05 12:24:00,ODD,,15.265000343322754,15.265000343322754,15.265000343322754,15.265000343322754,970.0
2026-08-05 12:24:00,ODFL,,214.4550018310547,214.4550018310547,214.25999450683594,214.25999450683594,4468.0
2026-08-05 12:24:00,OESX,,14.354999542236328,14.354999542236328,14.354999542236328,14.354999542236328,638.0
2026-08-05 12:24:00,OKTA,,147.85000610351562,147.93499755859375,147.85000610351562,147.93499755859375,1319.0
2026-08-05 12:24:00,OLLI,,78.37000274658203,78.37000274658203,78.37000274658203,78.37000274658203,430.0
2026-08-05 12:24:00,OLMA,,11.59939956665039,11.59939956665039,11.59939956665039,11.59939956665039,675.0
2026-08-05 12:24:00,OMCL,,37.290000915527344,37.290000915527344,37.22999954223633,37.279998779296875,3280.0
2026-08-05 12:24:00,OMER,,12.899999618530273,12.899999618530273,12.899999618530273,12.899999618530273,687.0
2026-08-05 12:24:00,OMH,,0.11270000040531158,0.11270000040531158,0.11259999871253967,0.11259999871253967,19025.0
2026-08-05 12:24:00,ON,,78.06999969482422,78.06999969482422,77.76000213623047,77.86000061035156,40643.0
2026-08-05 12:24:00,ONB,,27.03499984741211,27.059999465942383,27.03499984741211,27.059999465942383,3244.0
2026-08-05 12:24:00,ONDS,,8.895000457763672,8.90999984741211,8.880000114440918,8.90999984741211,375763.0
2026-08-05 12:24:00,ONFO,,0.07410000264644623,0.07419999688863754,0.07410000264644623,0.07410000264644623,10379.0
2026-08-05 12:24:00,ONMD,,0.6779000163078308,0.6779000163078308,0.6779000163078308,0.6779000163078308,2100.0
2026-08-05 12:24:00,OPCH,,23.329999923706055,23.354999542236328,23.329999923706055,23.329999923706055,2399.0
2026-08-05 12:24:00,OPEN,,3.8350000381469727,3.8499999046325684,3.8301000595092773,3.8399999141693115,100759.0
2026-08-05 12:24:00,OPK,,1.315000057220459,1.315000057220459,1.315000057220459,1.315000057220459,752.0
2026-08-05 12:24:00,OPRA,,19.94499969482422,19.94499969482422,19.94499969482422,19.94499969482422,1416.0
2026-08-05 12:24:00,OPRT,,6.085000038146973,6.085000038146973,6.085000038146973,6.085000038146973,1321.0
2026-08-05 12:24:00,ORIC,,13.1899995803833,13.21500015258789,13.1899995803833,13.199999809265137,6782.0
2026-08-05 12:24:00,ORLY,,93.06500244140625,93.08000183105469,93.04000091552734,93.04000091552734,10414.0
2026-08-05 12:24:00,ORRF,,43.3650016784668,43.3650016784668,43.3650016784668,43.3650016784668,232.0
2026-08-05 12:24:00,OSBC,,25.770000457763672,25.799999237060547,25.770000457763672,25.799999237060547,1346.0
2026-08-05 12:24:00,OSPN,,16.46660041809082,16.549999237060547,16.46660041809082,16.549999237060547,6048.0
2026-08-05 12:24:00,OSW,,26.565000534057617,26.565000534057617,26.565000534057617,26.565000534057617,1293.0
2026-08-05 12:24:00,OTEX,,25.780000686645508,25.80500030517578,25.780000686645508,25.80500030517578,3731.0
2026-08-05 12:24:00,OTLK,,1.0149999856948853,1.0199999809265137,1.0149999856948853,1.0199999809265137,1922.0
2026-08-05 12:24:00,OVID,,2.6649999618530273,2.6700000762939453,2.6649999618530273,2.6700000762939453,1416.0
2026-08-05 12:24:00,PAA,,23.209999084472656,23.22010040283203,23.209999084472656,23.219999313354492,2553.0
2026-08-05 12:24:00,PAAS,,48.03499984741211,48.130001068115234,48.03499984741211,48.130001068115234,5783.0
2026-08-05 12:24:00,PACB,,1.399999976158142,1.399999976158142,1.399999976158142,1.399999976158142,2282.0
2026-08-05 12:24:00,PAGP,,25.155000686645508,25.155000686645508,25.155000686645508,25.155000686645508,447.0
2026-08-05 12:24:00,PANL,,7.275000095367432,7.284999847412109,7.275000095367432,7.284999847412109,2034.0
2026-08-05 12:24:00,PANW,,364.31500244140625,364.3999938964844,364.16009521484375,364.3500061035156,7209.0
2026-08-05 12:24:00,PATK,,87.98999786376953,87.98999786376953,87.83999633789062,87.83999633789062,449.0
2026-08-05 12:24:00,PAX,,11.404999732971191,11.404999732971191,11.404999732971191,11.404999732971191,3048.0
2026-08-05 12:24:00,PAYO,,7.130000114440918,7.130000114440918,7.119999885559082,7.119999885559082,2264.0
2026-08-05 12:24:00,PAYS,,9.145000457763672,9.145000457763672,9.145000457763672,9.145000457763672,9581.0
2026-08-05 12:24:00,PAYX,,116.9000015258789,116.98999786376953,116.9000015258789,116.93000030517578,3848.0
2026-08-05 12:24:00,PCAR,,133.82000732421875,133.85000610351562,133.76499938964844,133.85000610351562,2794.0
2026-08-05 12:24:00,PCRX,,25.065000534057617,25.065000534057617,25.065000534057617,25.065000534057617,531.0
2026-08-05 12:24:00,PCT,,6.889999866485596,6.894999980926514,6.885000228881836,6.894999980926514,4850.0
2026-08-05 12:24:00,PCTY,,143.9550018310547,144.11000061035156,143.9550018310547,144.11000061035156,1960.0
2026-08-05 12:24:00,PDD,,90.8499984741211,90.93000030517578,90.8499984741211,90.93000030517578,6034.0
2026-08-05 12:24:00,PDFS,,50.2599983215332,50.2599983215332,50.2400016784668,50.2599983215332,1361.0
2026-08-05 12:24:00,PECO,,41.369998931884766,41.38999938964844,41.369998931884766,41.38999938964844,1861.0
2026-08-05 12:24:00,PEGA,,31.649999618530273,31.65999984741211,31.649999618530273,31.649999618530273,2338.0
2026-08-05 12:24:00,PENN,,19.795000076293945,19.81999969482422,19.790000915527344,19.809999465942383,4899.0
2026-08-05 12:24:00,PEP,,138.66000366210938,138.68499755859375,138.61000061035156,138.6199951171875,11649.0
2026-08-05 12:24:00,PEPG,,1.940000057220459,1.940000057220459,1.9299999475479126,1.940000057220459,11045.0
2026-08-05 12:24:00,PERI,,9.5649995803833,9.579999923706055,9.5649995803833,9.579999923706055,717.0
2026-08-05 12:24:00,PFG,,113.91999816894531,114.01000213623047,113.91999816894531,114.01000213623047,1068.0
2026-08-05 12:24:00,PGEN,,7.050000190734863,7.059999942779541,7.025000095367432,7.059999942779541,96126.0
2026-08-05 12:24:00,PGNY,,31.75,31.760000228881836,31.75,31.760000228881836,1572.0
2026-08-05 12:24:00,PGY,,21.809999465942383,21.825000762939453,21.80270004272461,21.81999969482422,3500.0
2026-08-05 12:24:00,PHAT,,8.475000381469727,8.475000381469727,8.470000267028809,8.470000267028809,3018.0
2026-08-05 12:24:00,PLAB,,32.06100082397461,32.06100082397461,32.06100082397461,32.06100082397461,125.0
2026-08-05 12:24:00,PLBY,,1.1403000354766846,1.1449999809265137,1.1403000354766846,1.1449999809265137,21991.0
2026-08-05 12:24:00,PLTK,,3.9649999141693115,3.9749999046325684,3.9649999141693115,3.9749999046325684,11023.0
2026-08-05 12:24:00,PLUG,,2.087399959564209,2.0899999141693115,2.0799999237060547,2.0899999141693115,73619.0
2026-08-05 12:24:00,PNFP,,107.44000244140625,107.68499755859375,107.43499755859375,107.68499755859375,8481.0
2026-08-05 12:24:00,PNTG,,38.89500045776367,38.89500045776367,38.89500045776367,38.89500045776367,509.0
2026-08-05 12:24:00,POET,,8.300000190734863,8.3100004196167,8.295000076293945,8.3100004196167,14030.0
2026-08-05 12:24:00,POWI,,61.959999084472656,61.959999084472656,61.79999923706055,61.79999923706055,1575.0
2026-08-05 12:24:00,POWL,,213.7899932861328,213.9600067138672,213.7550048828125,213.9600067138672,1598.0
2026-08-05 12:24:00,PPC,,26.344999313354492,26.354999542236328,26.344999313354492,26.354999542236328,1046.0
2026-08-05 12:24:00,PPTA,,22.299999237060547,22.315000534057617,22.290000915527344,22.309999465942383,2241.0
2026-08-05 12:24:00,PRCH,,15.845000267028809,15.869999885559082,15.845000267028809,15.869999885559082,5279.0
2026-08-05 12:24:00,PRCT,,19.325000762939453,19.325000762939453,19.299999237060547,19.299999237060547,2146.0
2026-08-05 12:24:00,PRDO,,32.97999954223633,32.97999954223633,32.869998931884766,32.869998931884766,2827.0
2026-08-05 12:24:00,PRGS,,42.0,42.0,41.97999954223633,41.97999954223633,592.0
2026-08-05 12:24:00,PRIM,,84.3550033569336,84.3550033569336,84.19000244140625,84.19999694824219,3402.0
2026-08-05 12:24:00,PRTA,,8.529999732971191,8.529999732971191,8.529999732971191,8.529999732971191,559.0
2026-08-05 12:24:00,PRVA,,24.31999969482422,24.34000015258789,24.31999969482422,24.31999969482422,14467.0
2026-08-05 12:24:00,PRZO,,0.5491999983787537,0.5491999983787537,0.5454999804496765,0.5454999804496765,3708.0
2026-08-05 12:24:00,PSEC,,2.190000057220459,2.190000057220459,2.184999942779541,2.184999942779541,4432.0
2026-08-05 12:24:00,PSHG,,1.7350000143051147,1.7350000143051147,1.7350000143051147,1.7350000143051147,502.0
2026-08-05 12:24:00,PSMT,,193.875,193.875,193.8699951171875,193.875,725.0
2026-08-05 12:24:00,PSNL,,13.600000381469727,13.614800453186035,13.600000381469727,13.609999656677246,1580.0
2026-08-05 12:24:00,PTC,,139.48500061035156,139.49000549316406,139.47000122070312,139.47000122070312,1333.0
2026-08-05 12:24:00,PTCT,,68.69000244140625,68.69000244140625,68.69000244140625,68.69000244140625,908.0
2026-08-05 12:24:00,PTEN,,9.770000457763672,9.78499984741211,9.770000457763672,9.779999732971191,5435.0
2026-08-05 12:24:00,PTON,,6.460000038146973,6.474999904632568,6.460000038146973,6.46999979019165,37619.0
2026-08-05 12:24:00,PUBM,,13.395000457763672,13.395000457763672,13.395000457763672,13.395000457763672,644.0
2026-08-05 12:24:00,PWP,,17.2549991607666,17.280000686645508,17.2549991607666,17.280000686645508,1242.0
2026-08-05 12:24:00,PYPL,,58.150001525878906,58.209999084472656,58.119998931884766,58.209999084472656,13489.0
2026-08-05 12:24:00,PZZA,,30.31999969482422,30.31999969482422,30.287900924682617,30.290000915527344,7526.0
2026-08-05 12:24:00,QCOM,,157.9600067138672,158.0050048828125,157.58999633789062,157.75999450683594,25142.0
2026-08-05 12:24:00,QCRH,,105.32499694824219,105.32499694824219,105.32499694824219,105.32499694824219,371.0
2026-08-05 12:24:00,QFIN,,13.229999542236328,13.229999542236328,13.229999542236328,13.229999542236328,1708.0
2026-08-05 12:24:00,QRVO,,94.5999984741211,94.5999984741211,94.58000183105469,94.58000183105469,667.0
2026-08-05 12:24:00,SEED,,1.0010000467300415,1.0099999904632568,1.0010000467300415,1.0099999904632568,487.0
2026-08-05 12:24:00,TARA,,4.034999847412109,4.034999847412109,4.034999847412109,4.034999847412109,105.0
2026-08-05 12:24:00,WOOF,,2.9149999618530273,2.9149999618530273,2.9149999618530273,2.9149999618530273,1223.0
2026-08-05 12:25:00,ACDC,,4.434999942779541,4.434999942779541,4.425000190734863,4.425000190734863,4824.0
2026-08-05 12:25:00,BPOP,,177.35009765625,177.35009765625,177.35009765625,177.35009765625,539.0
2026-08-05 12:25:00,CNXN,,84.9000015258789,84.97000122070312,84.76010131835938,84.76010131835938,772.0
2026-08-05 12:25:00,EYE,,23.079999923706055,23.079999923706055,23.049999237060547,23.059999465942383,14850.0
2026-08-05 12:25:00,FIZZ,,31.905000686645508,31.905000686645508,31.905000686645508,31.905000686645508,1790.0
2026-08-05 12:25:00,FRST,,16.375600814819336,16.375600814819336,16.360000610351562,16.360000610351562,574.0
2026-08-05 12:25:00,GLUE,,15.649999618530273,15.65999984741211,15.649999618530273,15.65999984741211,1988.0
2026-08-05 12:25:00,KIDS,,21.614999771118164,21.614999771118164,21.614999771118164,21.614999771118164,554.0
2026-08-05 12:25:00,KITT,,1.0499000549316406,1.0499000549316406,1.0499000549316406,1.0499000549316406,1400.0
2026-08-05 12:25:00,LUNG,,1.9550000429153442,1.9550000429153442,1.9550000429153442,1.9550000429153442,926.0
2026-08-05 12:25:00,MBRX,,0.4023999869823456,0.4023999869823456,0.4023999869823456,0.4023999869823456,1862.0
2026-08-05 12:25:00,MCRI,,124.44499969482422,124.44499969482422,124.44499969482422,124.44499969482422,1537.0
2026-08-05 12:25:00,MDB,,376.2250061035156,376.44000244140625,376.2250061035156,376.44000244140625,946.0
2026-08-05 12:25:00,MDLZ,,62.22999954223633,62.29999923706055,62.220001220703125,62.29999923706055,8863.0
2026-08-05 12:25:00,MLTX,,17.58009910583496,17.58009910583496,17.58009910583496,17.58009910583496,511.0
2026-08-05 12:25:00,MNRO,,13.109999656677246,13.119999885559082,13.09000015258789,13.119999885559082,15005.0
2026-08-05 12:25:00,MNST,,94.51000213623047,94.54000091552734,94.48999786376953,94.52999877929688,4890.0
2026-08-05 12:25:00,MNTS,,4.304999828338623,4.304999828338623,4.304999828338623,4.304999828338623,2019.0
2026-08-05 12:25:00,MORN,,198.02000427246094,198.02000427246094,198.02000427246094,198.02000427246094,210.0
2026-08-05 12:25:00,MPWR,,1335.800048828125,1337.1500244140625,1332.25,1332.25,864.0
2026-08-05 12:25:00,MRNA,,56.939998626708984,56.939998626708984,56.86009979248047,56.89500045776367,3273.0
2026-08-05 12:25:00,MYRG,,338.3949890136719,338.3949890136719,338.3949890136719,338.3949890136719,126.0
2026-08-05 12:25:00,NAMS,,26.770000457763672,26.770000457763672,26.770000457763672,26.770000457763672,288.0
2026-08-05 12:25:00,NATH,,98.5947036743164,98.5947036743164,98.5947036743164,98.5947036743164,2505.0
2026-08-05 12:25:00,NATR,,20.235000610351562,20.235000610351562,20.19659996032715,20.235000610351562,2050.0
2026-08-05 12:25:00,NAUT,,0.9501000046730042,0.9501000046730042,0.9501000046730042,0.9501000046730042,781.0
2026-08-05 12:25:00,NAVI,,9.070099830627441,9.074999809265137,9.070099830627441,9.074999809265137,973.0
2026-08-05 12:25:00,NB,,5.074999809265137,5.074999809265137,5.070000171661377,5.070000171661377,29631.0
2026-08-05 12:25:00,NBIX,,163.3699951171875,163.4199981689453,163.30999755859375,163.30999755859375,2399.0
2026-08-05 12:25:00,NBN,,134.7563934326172,134.7563934326172,134.7563934326172,134.7563934326172,409.0
2026-08-05 12:25:00,NBTX,,39.76499938964844,39.76499938964844,39.76499938964844,39.76499938964844,2947.0
2026-08-05 12:25:00,NCRA,,1.8200000524520874,1.8200000524520874,1.8200000524520874,1.8200000524520874,104.0
2026-08-05 12:25:00,NDAQ,,94.5999984741211,94.5999984741211,94.55999755859375,94.55999755859375,2105.0
2026-08-05 12:25:00,NDSN,,311.1600036621094,311.1600036621094,310.9800109863281,310.9800109863281,393.0
2026-08-05 12:25:00,NEGG,,16.729999542236328,16.729999542236328,16.729999542236328,16.729999542236328,216.0
2026-08-05 12:25:00,NEO,,16.049999237060547,16.05500030517578,16.030000686645508,16.030000686645508,2666.0
2026-08-05 12:25:00,NEOG,,11.635000228881836,11.640000343322754,11.604999542236328,11.604999542236328,28950.0
2026-08-05 12:25:00,NEON,,0.9477999806404114,0.9477999806404114,0.9430000185966492,0.9430000185966492,1296.0
2026-08-05 12:25:00,NEOV,,2.8299999237060547,2.8299999237060547,2.8299999237060547,2.8299999237060547,802.0
2026-08-05 12:25:00,NESR,,28.729999542236328,28.729999542236328,28.639999389648438,28.639999389648438,7603.0
2026-08-05 12:25:00,NEWT,,15.079999923706055,15.114999771118164,15.055000305175781,15.114999771118164,13094.0
2026-08-05 12:25:00,NEXT,,6.434999942779541,6.434999942779541,6.429999828338623,6.429999828338623,1501.0
2026-08-05 12:25:00,NFLX,,73.47949981689453,73.5199966430664,73.46499633789062,73.5198974609375,26214.0
2026-08-05 12:25:00,NGNE,,35.15999984741211,35.15999984741211,35.15999984741211,35.15999984741211,233.0
2026-08-05 12:25:00,NKSH,,40.970001220703125,40.970001220703125,40.970001220703125,40.970001220703125,363.0
2026-08-05 12:25:00,NKTR,,73.19999694824219,73.20999908447266,73.19999694824219,73.19999694824219,1807.0
2026-08-05 12:25:00,NMFC,,7.320099830627441,7.320099830627441,7.320099830627441,7.320099830627441,2659.0
2026-08-05 12:25:00,NMIH,,44.375,44.375,44.375,44.375,294.0
2026-08-05 12:25:00,NMRK,,15.649999618530273,15.649999618530273,15.619999885559082,15.619999885559082,5184.0
2026-08-05 12:25:00,NN,,14.17959976196289,14.180000305175781,14.15999984741211,14.15999984741211,2346.0
2026-08-05 12:25:00,NNBR,,3.819999933242798,3.8299999237060547,3.819999933242798,3.825000047683716,6805.0
2026-08-05 12:25:00,NNDM,,1.5449999570846558,1.5449999570846558,1.5399999618530273,1.5399999618530273,973.0
2026-08-05 12:25:00,NNOX,,1.0199999809265137,1.0199999809265137,1.0149999856948853,1.0149999856948853,9057.0
2026-08-05 12:25:00,NOVT,,156.8249969482422,156.87989807128906,156.8249969482422,156.87989807128906,1190.0
2026-08-05 12:25:00,NRDS,,9.135000228881836,9.140899658203125,9.135000228881836,9.140899658203125,4179.0
2026-08-05 12:25:00,NRXP,,3.0250000953674316,3.0250000953674316,3.0250000953674316,3.0250000953674316,371.0
2026-08-05 12:25:00,NTAP,,190.375,190.375,190.14999389648438,190.14999389648438,5053.0
2026-08-05 12:25:00,NTCT,,41.68000030517578,41.68000030517578,41.68000030517578,41.68000030517578,2187.0
2026-08-05 12:25:00,NTGR,,24.18199920654297,24.200000762939453,24.181900024414062,24.190000534057617,2411.0
2026-08-05 12:25:00,NTNX,,60.63999938964844,60.689998626708984,60.63999938964844,60.689998626708984,1442.0
2026-08-05 12:25:00,NTRA,,276.19000244140625,276.19000244140625,275.8399963378906,275.8399963378906,1554.0
2026-08-05 12:25:00,NVAX,,7.630000114440918,7.630000114440918,7.625,7.625,2489.0
2026-08-05 12:25:00,NVCR,,16.1200008392334,16.1200008392334,16.094999313354492,16.094999313354492,1279.0
2026-08-05 12:25:00,NVCT,,20.100000381469727,20.100000381469727,20.100000381469727,20.100000381469727,412.0
2026-08-05 12:25:00,NVDA,,220.9290008544922,221.0800018310547,220.6800994873047,220.71299743652344,623672.0
2026-08-05 12:25:00,NVEC,,128.90499877929688,128.90499877929688,128.90499877929688,128.90499877929688,447.0
2026-08-05 12:25:00,NVMI,,409.6300048828125,409.6300048828125,409.6300048828125,409.6300048828125,400.0
2026-08-05 12:25:00,NVTS,,12.5649995803833,12.56980037689209,12.515000343322754,12.515000343322754,10415.0
2026-08-05 12:25:00,NWBI,,15.954999923706055,15.954999923706055,15.949999809265137,15.954999923706055,5956.0
2026-08-05 12:25:00,NWL,,6.309999942779541,6.31879997253418,6.300000190734863,6.300000190734863,17982.0
2026-08-05 12:25:00,NWPX,,127.28500366210938,127.93450164794922,126.56999969482422,127.93450164794922,6203.0
2026-08-05 12:25:00,NWS,,32.21500015258789,32.2400016784668,32.209999084472656,32.2400016784668,2285.0
2026-08-05 12:25:00,NWSA,,28.18000030517578,28.209999084472656,28.170000076293945,28.209999084472656,5422.0
2026-08-05 12:25:00,NXPI,,231.5749969482422,231.69500732421875,231.32009887695312,231.4199981689453,4203.0
2026-08-05 12:25:00,NXST,,192.61000061035156,192.61000061035156,192.61000061035156,192.61000061035156,1063.0
2026-08-05 12:25:00,NXT,,98.80470275878906,98.80470275878906,98.58499908447266,98.58499908447266,1606.0
2026-08-05 12:25:00,OABI,,2.0850000381469727,2.0850000381469727,2.0799999237060547,2.0799999237060547,3899.0
2026-08-05 12:25:00,OBIO,,4.224999904632568,4.224999904632568,4.224999904632568,4.224999904632568,882.0
2026-08-05 12:25:00,OCFC,,19.774999618530273,19.774999618530273,19.774999618530273,19.774999618530273,590.0
2026-08-05 12:25:00,OCGN,,1.2949999570846558,1.2949999570846558,1.2949999570846558,1.2949999570846558,2997.0
2026-08-05 12:25:00,OCS,,12.03499984741211,12.03499984741211,12.03499984741211,12.03499984741211,464.0
2026-08-05 12:25:00,OCUL,,8.505000114440918,8.505000114440918,8.489999771118164,8.489999771118164,1349.0
2026-08-05 12:25:00,ODD,,15.265000343322754,15.265000343322754,15.239999771118164,15.239999771118164,609.0
2026-08-05 12:25:00,ODFL,,214.3699951171875,214.4550018310547,214.3699951171875,214.4550018310547,453.0
2026-08-05 12:25:00,OFIX,,10.739999771118164,10.739999771118164,10.739999771118164,10.739999771118164,4959.0
2026-08-05 12:25:00,OGI,,0.9487000107765198,0.9487000107765198,0.9487000107765198,0.9487000107765198,220.0
2026-08-05 12:25:00,OKTA,,148.11990356445312,148.11990356445312,147.9199981689453,147.9199981689453,2644.0
2026-08-05 12:25:00,OLB,,0.30160000920295715,0.30160000920295715,0.30160000920295715,0.30160000920295715,1306.0
2026-08-05 12:25:00,OLLI,,78.41000366210938,78.41000366210938,78.36499786376953,78.36499786376953,950.0
2026-08-05 12:25:00,OMCL,,37.224998474121094,37.224998474121094,37.224998474121094,37.224998474121094,606.0
2026-08-05 12:25:00,OMER,,12.899999618530273,12.899999618530273,12.899999618530273,12.899999618530273,844.0
2026-08-05 12:25:00,OMH,,0.11270000040531158,0.11349999904632568,0.11270000040531158,0.11339999735355377,11628.0
2026-08-05 12:25:00,ON,,78.02999877929688,78.19999694824219,78.02999877929688,78.05500030517578,37463.0
2026-08-05 12:25:00,ONB,,27.045000076293945,27.045000076293945,27.045000076293945,27.045000076293945,1358.0
2026-08-05 12:25:00,ONBPP,,24.809999465942383,24.809999465942383,24.799999237060547,24.80109977722168,5645.0
2026-08-05 12:25:00,ONCY,,0.7940999865531921,0.7940999865531921,0.7940999865531921,0.7940999865531921,1683.0
2026-08-05 12:25:00,ONDS,,8.925000190734863,8.938199996948242,8.895000457763672,8.895000457763672,307953.0
2026-08-05 12:25:00,ONFO,,0.07249999791383743,0.07410000264644623,0.07249999791383743,0.07410000264644623,69334.0
2026-08-05 12:25:00,OPCH,,23.350000381469727,23.350000381469727,23.31999969482422,23.334999084472656,12853.0
2026-08-05 12:25:00,OPEN,,3.8350000381469727,3.8399999141693115,3.8299999237060547,3.8399999141693115,26993.0
2026-08-05 12:25:00,OPK,,1.315000057220459,1.315000057220459,1.315000057220459,1.315000057220459,626.0
2026-08-05 12:25:00,OPRA,,19.950000762939453,19.950000762939453,19.950000762939453,19.950000762939453,268.0
2026-08-05 12:25:00,ORGO,,2.3450000286102295,2.3450000286102295,2.3450000286102295,2.3450000286102295,208.0
2026-08-05 12:25:00,ORIC,,13.210000038146973,13.210000038146973,13.199999809265137,13.199999809265137,868.0
2026-08-05 12:25:00,ORLY,,92.9800033569336,93.06999969482422,92.97000122070312,93.05999755859375,6052.0
2026-08-05 12:25:00,ORRF,,43.3650016784668,43.3650016784668,43.3650016784668,43.3650016784668,1956.0
2026-08-05 12:25:00,OSBC,,25.770000457763672,25.77389907836914,25.770000457763672,25.770099639892578,3923.0
2026-08-05 12:25:00,OSIS,,235.5,235.5,235.5,235.5,620.0
2026-08-05 12:25:00,OSPN,,16.530000686645508,16.59000015258789,16.389999389648438,16.469999313354492,46886.0
2026-08-05 12:25:00,OSS,,13.949999809265137,13.949999809265137,13.930000305175781,13.9399995803833,4956.0
2026-08-05 12:25:00,OSW,,26.565000534057617,26.565000534057617,26.565000534057617,26.565000534057617,4232.0
2026-08-05 12:25:00,OTEX,,25.79990005493164,25.79990005493164,25.79509925842285,25.79509925842285,1597.0
2026-08-05 12:25:00,OTLK,,1.0199999809265137,1.0199999809265137,1.0149999856948853,1.0199999809265137,717.0
2026-08-05 12:25:00,OVID,,2.6700000762939453,2.6700000762939453,2.6649999618530273,2.6649999618530273,259.0
2026-08-05 12:25:00,OXLC,,9.154999732971191,9.154999732971191,9.145000457763672,9.145000457763672,549.0
2026-08-05 12:25:00,OXSQ,,1.5,1.5,1.5,1.5,303.0
2026-08-05 12:25:00,PAA,,23.200000762939453,23.209999084472656,23.200000762939453,23.209999084472656,2479.0
2026-08-05 12:25:00,PAAS,,48.189998626708984,48.20000076293945,48.040000915527344,48.040000915527344,9046.0
2026-08-05 12:25:00,PACB,,1.4011000394821167,1.4011000394821167,1.399999976158142,1.399999976158142,2754.0
2026-08-05 12:25:00,PALI,,2.125,2.130000114440918,2.125,2.130000114440918,1347.0
2026-08-05 12:25:00,PANL,,7.275000095367432,7.28000020980835,7.275000095367432,7.275000095367432,3385.0
2026-08-05 12:25:00,PANW,,363.92999267578125,364.3999938964844,363.875,364.3500061035156,16862.0
2026-08-05 12:25:00,PATK,,87.79000091552734,87.79000091552734,87.79000091552734,87.79000091552734,692.0
2026-08-05 12:25:00,PAX,,11.380000114440918,11.380000114440918,11.380000114440918,11.380000114440918,1188.0
2026-08-05 12:25:00,PAYO,,7.130000114440918,7.130000114440918,7.119999885559082,7.130000114440918,3156.0
2026-08-05 12:25:00,PAYS,,9.15839958190918,9.15999984741211,9.149999618530273,9.15999984741211,1458.0
2026-08-05 12:25:00,PAYX,,116.83499908447266,116.83499908447266,116.83499908447266,116.83499908447266,373.0
2026-08-05 12:25:00,PCAR,,133.9250030517578,133.9250030517578,133.86000061035156,133.86000061035156,1760.0
2026-08-05 12:25:00,PCRX,,25.020000457763672,25.05500030517578,25.020000457763672,25.05500030517578,2620.0
2026-08-05 12:25:00,PCSA,,2.1500000953674316,2.1500000953674316,2.1500000953674316,2.1500000953674316,2000.0
2026-08-05 12:25:00,PCT,,6.909900188446045,6.909900188446045,6.885000228881836,6.885000228881836,11442.0
2026-08-05 12:25:00,PCTY,,143.98500061035156,143.98500061035156,143.82150268554688,143.82150268554688,884.0
2026-08-05 12:25:00,PCYO,,10.569999694824219,10.569999694824219,10.569999694824219,10.569999694824219,334.0
2026-08-05 12:25:00,PDD,,90.82499694824219,90.83999633789062,90.79000091552734,90.83999633789062,7409.0
2026-08-05 12:25:00,PDEX,,67.70500183105469,67.70500183105469,67.70500183105469,67.70500183105469,793.0
2026-08-05 12:25:00,PDFS,,50.31999969482422,50.31999969482422,50.189998626708984,50.189998626708984,852.0
2026-08-05 12:25:00,PDLB,,20.540000915527344,20.540000915527344,20.540000915527344,20.540000915527344,320.0
2026-08-05 12:25:00,PEBO,,41.65010070800781,41.65010070800781,41.65010070800781,41.65010070800781,279.0
2026-08-05 12:25:00,PEGA,,31.64900016784668,31.649999618530273,31.639999389648438,31.639999389648438,1792.0
2026-08-05 12:25:00,PENN,,19.80500030517578,19.809999465942383,19.799999237060547,19.799999237060547,3160.0
2026-08-05 12:25:00,PEP,,138.50999450683594,138.61000061035156,138.47999572753906,138.61000061035156,4889.0
2026-08-05 12:25:00,PEPG,,1.9500000476837158,1.9600000381469727,1.9450000524520874,1.9450000524520874,23403.0
2026-08-05 12:25:00,PERI,,9.555000305175781,9.5600004196167,9.555000305175781,9.5600004196167,569.0
2026-08-05 12:25:00,PESI,,17.690000534057617,17.700000762939453,17.690000534057617,17.700000762939453,415.0
2026-08-05 12:25:00,PGEN,,7.065000057220459,7.065000057220459,7.041999816894531,7.050000190734863,20054.0
2026-08-05 12:25:00,PGNY,,31.704999923706055,31.740100860595703,31.704999923706055,31.739999771118164,7630.0
2026-08-05 12:25:00,PGY,,21.829999923706055,21.829999923706055,21.799999237060547,21.799999237060547,1231.0
2026-08-05 12:25:00,PHAT,,8.475000381469727,8.489999771118164,8.475000381469727,8.489999771118164,1237.0
2026-08-05 12:25:00,PLAB,,32.157501220703125,32.157501220703125,32.11000061035156,32.149898529052734,3199.0
2026-08-05 12:25:00,PLPC,,454.239990234375,460.29998779296875,454.239990234375,460.29998779296875,3579.0
2026-08-05 12:25:00,PLSE,,36.80500030517578,36.80500030517578,36.80500030517578,36.80500030517578,839.0
2026-08-05 12:25:00,PLTK,,3.9649999141693115,3.9700000286102295,3.9649999141693115,3.9649999141693115,1963.0
2026-08-05 12:25:00,PLUG,,2.088399887084961,2.0899999141693115,2.0799999237060547,2.0899999141693115,121346.0
2026-08-05 12:25:00,PNFP,,107.44999694824219,107.48999786376953,107.44000244140625,107.44000244140625,1584.0
2026-08-05 12:25:00,PNTG,,38.974998474121094,39.02000045776367,38.900001525878906,38.90999984741211,14544.0
2026-08-05 12:25:00,POET,,8.339900016784668,8.34000015258789,8.3100004196167,8.3100004196167,20435.0
2026-08-05 12:25:00,POWI,,61.95000076293945,61.95000076293945,61.95000076293945,61.95000076293945,329.0
2026-08-05 12:25:00,POWL,,214.52000427246094,214.52000427246094,213.94000244140625,213.94000244140625,2208.0
2026-08-05 12:25:00,PPC,,26.350000381469727,26.350000381469727,26.350000381469727,26.350000381469727,2169.0
2026-08-05 12:25:00,PPTA,,22.360000610351562,22.360000610351562,22.31999969482422,22.31999969482422,8861.0
2026-08-05 12:25:00,PRAA,,17.299999237060547,17.299999237060547,17.299999237060547,17.299999237060547,859.0
2026-08-05 12:25:00,PRAX,,311.5050048828125,311.5050048828125,311.5050048828125,311.5050048828125,339.0
2026-08-05 12:25:00,PRCH,,15.920000076293945,15.9399995803833,15.845000267028809,15.845000267028809,19120.0
2026-08-05 12:25:00,PRCT,,19.25,19.34000015258789,19.2450008392334,19.34000015258789,11716.0
2026-08-05 12:25:00,PRDO,,32.939998626708984,32.97999954223633,32.87009811401367,32.87009811401367,6541.0
2026-08-05 12:25:00,PRGS,,41.959999084472656,41.960601806640625,41.95000076293945,41.960601806640625,2261.0
2026-08-05 12:25:00,PRIM,,84.55000305175781,84.68000030517578,84.45999908447266,84.48999786376953,7165.0
2026-08-05 12:25:00,PRME,,3.095099925994873,3.095099925994873,3.0950000286102295,3.0950000286102295,1176.0
2026-08-05 12:25:00,PROK,,1.6390000581741333,1.6390000581741333,1.6390000581741333,1.6390000581741333,1232.0
2026-08-05 12:25:00,PRVA,,24.350000381469727,24.350000381469727,24.31999969482422,24.31999969482422,15213.0
2026-08-05 12:25:00,PSEC,,2.190000057220459,2.190000057220459,2.184999942779541,2.190000057220459,6648.0
2026-08-05 12:25:00,PSNL,,13.619999885559082,13.625,13.609999656677246,13.609999656677246,1856.0
2026-08-05 12:25:00,PSNY,,13.880000114440918,13.930000305175781,13.850099563598633,13.930000305175781,1737.0
2026-08-05 12:25:00,PTC,,139.47999572753906,139.48500061035156,139.47999572753906,139.48500061035156,1514.0
2026-08-05 12:25:00,PTCT,,68.7300033569336,68.7300033569336,68.7300033569336,68.7300033569336,724.0
2026-08-05 12:25:00,PTEN,,9.774999618530273,9.774999618530273,9.770099639892578,9.770099639892578,2300.0
2026-08-05 12:25:00,PTON,,6.479899883270264,6.480000019073486,6.465000152587891,6.46999979019165,15215.0
2026-08-05 12:25:00,PUBM,,13.390000343322754,13.395000457763672,13.390000343322754,13.395000457763672,11666.0
2026-08-05 12:25:00,PWP,,17.280000686645508,17.280000686645508,17.25,17.25,11220.0
2026-08-05 12:25:00,PYPL,,58.150001525878906,58.154998779296875,58.1349983215332,58.13999938964844,7115.0
2026-08-05 12:25:00,PZZA,,30.34000015258789,30.360000610351562,30.32990074157715,30.34000015258789,5314.0
2026-08-05 12:25:00,QCOM,,158.05499267578125,158.20260620117188,158.0050048828125,158.0050048828125,9916.0
2026-08-05 12:25:00,QCRH,,105.25,105.25,105.25,105.25,518.0
2026-08-05 12:25:00,QFIN,,13.229999542236328,13.234999656677246,13.229999542236328,13.234999656677246,592.0
2026-08-05 12:25:00,QRVO,,94.7300033569336,94.73999786376953,94.63999938964844,94.6500015258789,2527.0
2026-08-05 12:25:00,SEED,,1.0099999904632568,1.0099999904632568,0.9919999837875366,1.0099999904632568,738.0
2026-08-05 12:25:00,TARA,,4.034999847412109,4.039999961853027,4.034999847412109,4.039999961853027,231.0
2026-08-05 12:26:00,ACDC,,4.445000171661377,4.454999923706055,4.434999942779541,4.434999942779541,10633.0
2026-08-05 12:26:00,BPOP,,177.34500122070312,177.34500122070312,177.34500122070312,177.34500122070312,174.0
2026-08-05 12:26:00,DTIL,,7.554999828338623,7.554999828338623,7.554999828338623,7.554999828338623,772.0
2026-08-05 12:26:00,EYE,,23.110000610351562,23.125,23.079999923706055,23.079999923706055,4828.0
2026-08-05 12:26:00,FIZZ,,31.93000030517578,31.93000030517578,31.93000030517578,31.93000030517578,1858.0
2026-08-05 12:26:00,GLUE,,15.640000343322754,15.649999618530273,15.635000228881836,15.649999618530273,4068.0
2026-08-05 12:26:00,KIDS,,21.729999542236328,21.729999542236328,21.729999542236328,21.729999542236328,135.0
2026-08-05 12:26:00,LUNG,,1.9500999450683594,1.9500999450683594,1.9500999450683594,1.9500999450683594,3351.0
2026-08-05 12:26:00,MBRX,,0.4099999964237213,0.4099999964237213,0.4099999964237213,0.4099999964237213,749.0
2026-08-05 12:26:00,MCRI,,124.45500183105469,124.45500183105469,124.45500183105469,124.45500183105469,571.0
2026-08-05 12:26:00,MDB,,375.7900085449219,376.2300109863281,375.7900085449219,376.2250061035156,1216.0
2026-08-05 12:26:00,MDLZ,,62.29999923706055,62.310001373291016,62.23500061035156,62.23500061035156,88773.0
2026-08-05 12:26:00,MLTX,,17.579999923706055,17.579999923706055,17.579999923706055,17.579999923706055,5235.0
2026-08-05 12:26:00,MNPR,,118.97000122070312,118.97000122070312,118.97000122070312,118.97000122070312,181.0
2026-08-05 12:26:00,MNRO,,13.140000343322754,13.140000343322754,13.130000114440918,13.130000114440918,1174.0
2026-08-05 12:26:00,MNST,,94.50499725341797,94.50499725341797,94.49500274658203,94.49500274658203,3702.0
2026-08-05 12:26:00,MNTS,,4.311999797821045,4.329999923706055,4.311999797821045,4.329999923706055,678.0
2026-08-05 12:26:00,MNY,,0.9200000166893005,0.9200000166893005,0.9200000166893005,0.9200000166893005,1789.0
2026-08-05 12:26:00,MOVE,,11.747599601745605,11.747599601745605,11.747599601745605,11.747599601745605,489.0
2026-08-05 12:26:00,MPWR,,1337.3499755859375,1337.3499755859375,1335.800048828125,1337.1300048828125,377.0
2026-08-05 12:26:00,MRNA,,56.915000915527344,56.959999084472656,56.89500045776367,56.904998779296875,5619.0
2026-08-05 12:26:00,MYGN,,3.134999990463257,3.134999990463257,3.134999990463257,3.134999990463257,579.0
2026-08-05 12:26:00,MYRG,,339.6199951171875,339.6199951171875,339.0899963378906,339.6199951171875,387.0
2026-08-05 12:26:00,NAMS,,26.84000015258789,26.84000015258789,26.770000457763672,26.770000457763672,1672.0
2026-08-05 12:26:00,NAUT,,0.9502000212669373,0.9502000212669373,0.9502000212669373,0.9502000212669373,714.0
2026-08-05 12:26:00,NAVI,,9.095000267028809,9.100000381469727,9.079999923706055,9.079999923706055,10961.0
2026-08-05 12:26:00,NB,,5.074999809265137,5.074999809265137,5.074999809265137,5.074999809265137,695.0
2026-08-05 12:26:00,NBIX,,163.45249938964844,163.49000549316406,163.3800048828125,163.3800048828125,1082.0
2026-08-05 12:26:00,NBTB,,53.41999816894531,53.41999816894531,53.41999816894531,53.41999816894531,364.0
2026-08-05 12:26:00,NCRA,,1.8000999689102173,1.8000999689102173,1.8000999689102173,1.8000999689102173,2069.0
2026-08-05 12:26:00,NDSN,,311.2300109863281,311.2300109863281,311.1600036621094,311.1600036621094,806.0
2026-08-05 12:26:00,NEO,,16.049999237060547,16.05500030517578,16.049999237060547,16.05500030517578,4903.0
2026-08-05 12:26:00,NEOG,,11.635000228881836,11.649999618530273,11.635000228881836,11.635000228881836,6305.0
2026-08-05 12:26:00,NEOV,,2.819999933242798,2.819999933242798,2.819999933242798,2.819999933242798,1056.0
2026-08-05 12:26:00,NESR,,28.773399353027344,28.773399353027344,28.71500015258789,28.729999542236328,22423.0
2026-08-05 12:26:00,NEWT,,15.079999923706055,15.079999923706055,15.079999923706055,15.079999923706055,114.0
2026-08-05 12:26:00,NEXT,,6.434999942779541,6.439899921417236,6.434999942779541,6.439899921417236,1837.0
2026-08-05 12:26:00,NFLX,,73.48500061035156,73.5011978149414,73.47450256347656,73.4749984741211,37054.0
2026-08-05 12:26:00,NICE,,97.1500015258789,97.33000183105469,97.1500015258789,97.33000183105469,378.0
2026-08-05 12:26:00,NIU,,2.434999942779541,2.434999942779541,2.434999942779541,2.434999942779541,508.0
2026-08-05 12:26:00,NKTR,,73.33000183105469,73.33000183105469,73.19999694824219,73.19999694824219,2986.0
2026-08-05 12:26:00,NMRK,,15.649999618530273,15.649999618530273,15.649999618530273,15.649999618530273,1607.0
2026-08-05 12:26:00,NN,,14.154999732971191,14.158599853515625,14.154999732971191,14.158599853515625,1129.0
2026-08-05 12:26:00,NNBR,,3.825000047683716,3.825000047683716,3.825000047683716,3.825000047683716,216.0
2026-08-05 12:26:00,NNDM,,1.5449999570846558,1.5449999570846558,1.5449999570846558,1.5449999570846558,256.0
2026-08-05 12:26:00,NNOX,,1.024999976158142,1.024999976158142,1.0199999809265137,1.0199999809265137,4101.0
2026-08-05 12:26:00,NRDS,,9.140000343322754,9.140000343322754,9.140000343322754,9.140000343322754,537.0
2026-08-05 12:26:00,NRIX,,24.854999542236328,24.854999542236328,24.850000381469727,24.850000381469727,797.0
2026-08-05 12:26:00,NRXP,,3.0350000858306885,3.0350000858306885,3.0299999713897705,3.0299999713897705,593.0
2026-08-05 12:26:00,NSSC,,40.005001068115234,40.005001068115234,40.005001068115234,40.005001068115234,1001.0
2026-08-05 12:26:00,NTAP,,190.43499755859375,190.58999633789062,190.36000061035156,190.43499755859375,1439.0
2026-08-05 12:26:00,NTGR,,24.200000762939453,24.200000762939453,24.200000762939453,24.200000762939453,1945.0
2026-08-05 12:26:00,NTNX,,60.595001220703125,60.63999938964844,60.595001220703125,60.625,4836.0
2026-08-05 12:26:00,NTRA,,276.19000244140625,276.19000244140625,276.19000244140625,276.19000244140625,594.0
2026-08-05 12:26:00,NTRS,,183.35000610351562,183.35000610351562,183.35000610351562,183.35000610351562,1303.0
2026-08-05 12:26:00,NVAX,,7.635000228881836,7.635000228881836,7.630000114440918,7.630000114440918,616.0
2026-08-05 12:26:00,NVCR,,16.125,16.125,16.125,16.125,1175.0
2026-08-05 12:26:00,NVCT,,20.100000381469727,20.100000381469727,20.100000381469727,20.100000381469727,229.0
2026-08-05 12:26:00,NVDA,,221.27999877929688,221.3000030517578,220.9199981689453,220.92010498046875,309437.0
2026-08-05 12:26:00,NVTS,,12.574999809265137,12.574999809265137,12.5600004196167,12.5600004196167,9954.0
2026-08-05 12:26:00,NWBI,,15.954999923706055,15.954999923706055,15.954999923706055,15.954999923706055,1209.0
2026-08-05 12:26:00,NWE,,68.68000030517578,68.68000030517578,68.68000030517578,68.68000030517578,1358.0
2026-08-05 12:26:00,NWL,,6.335000038146973,6.340000152587891,6.309999942779541,6.315000057220459,16198.0
2026-08-05 12:26:00,NWPX,,126.95500183105469,126.95500183105469,126.95500183105469,126.95500183105469,345.0
2026-08-05 12:26:00,NWS,,32.220001220703125,32.22999954223633,32.220001220703125,32.220001220703125,2529.0
2026-08-05 12:26:00,NWSA,,28.184999465942383,28.200000762939453,28.174999237060547,28.174999237060547,4244.0
2026-08-05 12:26:00,NXPI,,231.5050048828125,231.50999450683594,231.5050048828125,231.50999450683594,828.0
2026-08-05 12:26:00,NXT,,98.61000061035156,98.61000061035156,98.61000061035156,98.61000061035156,1432.0
2026-08-05 12:26:00,OCFC,,19.775999069213867,19.775999069213867,19.770000457763672,19.770000457763672,817.0
2026-08-05 12:26:00,OCSL,,12.1850004196167,12.204999923706055,12.154999732971191,12.199999809265137,24383.0
2026-08-05 12:26:00,OCUL,,8.505000114440918,8.505000114440918,8.505000114440918,8.505000114440918,549.0
2026-08-05 12:26:00,ODD,,15.300000190734863,15.300000190734863,15.265000343322754,15.265000343322754,570.0
2026-08-05 12:26:00,ODFL,,214.37010192871094,214.37010192871094,214.37010192871094,214.37010192871094,637.0
2026-08-05 12:26:00,OFIX,,10.739999771118164,10.739999771118164,10.739999771118164,10.739999771118164,3142.0
2026-08-05 12:26:00,OKTA,,147.7100067138672,147.8800048828125,147.6999969482422,147.8800048828125,2910.0
2026-08-05 12:26:00,OLLI,,78.4749984741211,78.4749984741211,78.41999816894531,78.41999816894531,2176.0
2026-08-05 12:26:00,OLMA,,11.574999809265137,11.574999809265137,11.574999809265137,11.574999809265137,774.0
2026-08-05 12:26:00,OM,,5.03000020980835,5.03000020980835,5.03000020980835,5.03000020980835,848.0
2026-08-05 12:26:00,OMER,,12.895000457763672,12.895000457763672,12.895000457763672,12.895000457763672,480.0
2026-08-05 12:26:00,OMEX,,0.7419999837875366,0.7419999837875366,0.7419999837875366,0.7419999837875366,0.0
2026-08-05 12:26:00,OMH,,0.11299999803304672,0.11299999803304672,0.11270000040531158,0.11270000040531158,1289.0
2026-08-05 12:26:00,ON,,78.16000366210938,78.16000366210938,78.02999877929688,78.05000305175781,16787.0
2026-08-05 12:26:00,ONB,,27.049999237060547,27.05500030517578,27.049999237060547,27.049999237060547,3490.0
2026-08-05 12:26:00,ONDS,,8.920000076293945,8.930000305175781,8.920000076293945,8.922499656677246,47781.0
2026-08-05 12:26:00,ONFO,,0.07410000264644623,0.07410000264644623,0.07249999791383743,0.0738999992609024,28964.0
2026-08-05 12:26:00,OPCH,,23.360000610351562,23.360000610351562,23.34000015258789,23.34000015258789,2138.0
2026-08-05 12:26:00,OPEN,,3.8340001106262207,3.8399999141693115,3.8299999237060547,3.8399999141693115,105796.0
2026-08-05 12:26:00,OPK,,1.315000057220459,1.315000057220459,1.315000057220459,1.315000057220459,1904.0
2026-08-05 12:26:00,OPRA,,19.950000762939453,19.950000762939453,19.950000762939453,19.950000762939453,337.0
2026-08-05 12:26:00,OPRT,,6.09499979019165,6.09499979019165,6.09499979019165,6.09499979019165,677.0
2026-08-05 12:26:00,ORGO,,2.3450000286102295,2.3450000286102295,2.3450000286102295,2.3450000286102295,511.0
2026-08-05 12:26:00,ORIC,,13.229999542236328,13.229999542236328,13.220000267028809,13.220000267028809,1758.0
2026-08-05 12:26:00,ORLY,,93.02999877929688,93.04000091552734,92.9800033569336,92.9800033569336,6897.0
2026-08-05 12:26:00,OSPN,,16.540000915527344,16.540000915527344,16.540000915527344,16.540000915527344,1376.0
2026-08-05 12:26:00,OSS,,13.970000267028809,13.970000267028809,13.970000267028809,13.970000267028809,1052.0
2026-08-05 12:26:00,OSUR,,4.139999866485596,4.144999980926514,4.139999866485596,4.139999866485596,2195.0
2026-08-05 12:26:00,OSW,,26.540000915527344,26.540000915527344,26.540000915527344,26.540000915527344,753.0
2026-08-05 12:26:00,OTEX,,25.774999618530273,25.790000915527344,25.774999618530273,25.790000915527344,1338.0
2026-08-05 12:26:00,OTLK,,1.0199999809265137,1.0199999809265137,1.0199999809265137,1.0199999809265137,1018.0
2026-08-05 12:26:00,OTTR,,91.55999755859375,91.55999755859375,91.54000091552734,91.54000091552734,643.0
2026-08-05 12:26:00,OVID,,2.6700000762939453,2.6700000762939453,2.6700000762939453,2.6700000762939453,1266.0
2026-08-05 12:26:00,OXLC,,9.149999618530273,9.149999618530273,9.149999618530273,9.149999618530273,340.0
2026-08-05 12:26:00,OXSQ,,1.4950000047683716,1.4950000047683716,1.4950000047683716,1.4950000047683716,531.0
2026-08-05 12:26:00,PAA,,23.204999923706055,23.204999923706055,23.200000762939453,23.200000762939453,3461.0
2026-08-05 12:26:00,PAAS,,48.189998626708984,48.20000076293945,48.18000030517578,48.189998626708984,4876.0
2026-08-05 12:26:00,PACB,,1.3949999809265137,1.399999976158142,1.3899999856948853,1.399999976158142,19804.0
2026-08-05 12:26:00,PAGP,,25.135000228881836,25.139999389648438,25.135000228881836,25.139999389648438,1994.0
2026-08-05 12:26:00,PALI,,2.125999927520752,2.125999927520752,2.125999927520752,2.125999927520752,3912.0
2026-08-05 12:26:00,PANW,,363.55499267578125,363.9775085449219,363.55499267578125,363.8699951171875,3165.0
2026-08-05 12:26:00,PASG,,4.690000057220459,4.690000057220459,4.690000057220459,4.690000057220459,2223.0
2026-08-05 12:26:00,PAYO,,7.125,7.125,7.119999885559082,7.119999885559082,1625.0
2026-08-05 12:26:00,PAYS,,9.15999984741211,9.15999984741211,9.15999984741211,9.15999984741211,458.0
2026-08-05 12:26:00,PAYX,,116.83499908447266,116.83499908447266,116.80999755859375,116.83000183105469,2744.0
2026-08-05 12:26:00,PCAR,,133.89500427246094,133.9149932861328,133.89500427246094,133.9149932861328,1258.0
2026-08-05 12:26:00,PCRX,,25.094999313354492,25.100000381469727,25.040000915527344,25.040000915527344,2202.0
2026-08-05 12:26:00,PCT,,6.909999847412109,6.914999961853027,6.90500020980835,6.90500020980835,2853.0
2026-08-05 12:26:00,PCTY,,143.99000549316406,143.9949951171875,143.99000549316406,143.99000549316406,487.0
2026-08-05 12:26:00,PDD,,90.83000183105469,90.83000183105469,90.83000183105469,90.83000183105469,2009.0
2026-08-05 12:26:00,PDFS,,50.314998626708984,50.314998626708984,50.314998626708984,50.314998626708984,221.0
2026-08-05 12:26:00,PECO,,41.369998931884766,41.369998931884766,41.369998931884766,41.369998931884766,1222.0
2026-08-05 12:26:00,PEGA,,31.614999771118164,31.635000228881836,31.614999771118164,31.635000228881836,1389.0
2026-08-05 12:26:00,PENN,,19.799999237060547,19.80500030517578,19.799999237060547,19.80500030517578,2814.0
2026-08-05 12:26:00,PEP,,138.58680725097656,138.60000610351562,138.50599670410156,138.50599670410156,4581.0
2026-08-05 12:26:00,PERI,,9.555000305175781,9.555000305175781,9.555000305175781,9.555000305175781,223.0
2026-08-05 12:26:00,PFG,,114.0,114.00499725341797,114.0,114.00499725341797,1347.0
2026-08-05 12:26:00,PFIS,,71.9800033569336,72.02999877929688,71.9800033569336,72.01000213623047,981.0
2026-08-05 12:26:00,PGEN,,7.074999809265137,7.074999809265137,7.054999828338623,7.059999942779541,22838.0
2026-08-05 12:26:00,PGNY,,31.709999084472656,31.709999084472656,31.709999084472656,31.709999084472656,637.0
2026-08-05 12:26:00,PGY,,21.850000381469727,21.850400924682617,21.84000015258789,21.84000015258789,2514.0
2026-08-05 12:26:00,PHAT,,8.470000267028809,8.470000267028809,8.460000038146973,8.460000038146973,1373.0
2026-08-05 12:26:00,PLAB,,32.189998626708984,32.189998626708984,32.189998626708984,32.189998626708984,930.0
2026-08-05 12:26:00,PLSE,,36.869998931884766,36.869998931884766,36.869998931884766,36.869998931884766,386.0
2026-08-05 12:26:00,PLTK,,3.9649999141693115,3.9700000286102295,3.9649999141693115,3.9649999141693115,5653.0
2026-08-05 12:26:00,PLUG,,2.0899999141693115,2.0899999141693115,2.0799999237060547,2.0899999141693115,468540.0
2026-08-05 12:26:00,PNBK,,1.1399999856948853,1.1399999856948853,1.1399999856948853,1.1399999856948853,611.0
2026-08-05 12:26:00,PNFP,,107.54499816894531,107.54499816894531,107.54000091552734,107.54499816894531,603.0
2026-08-05 12:26:00,PNTG,,38.83000183105469,38.939998626708984,38.83000183105469,38.939998626708984,10802.0
2026-08-05 12:26:00,POET,,8.350000381469727,8.354999542236328,8.335000038146973,8.335000038146973,4498.0
2026-08-05 12:26:00,POWI,,62.11000061035156,62.11000061035156,61.95000076293945,61.95000076293945,602.0
2026-08-05 12:26:00,POWL,,214.1699981689453,214.1699981689453,214.1699981689453,214.1699981689453,253.0
2026-08-05 12:26:00,PRCH,,15.914999961853027,15.914999961853027,15.914999961853027,15.914999961853027,438.0
2026-08-05 12:26:00,PRCT,,19.200000762939453,19.229999542236328,19.200000762939453,19.219999313354492,2643.0
2026-08-05 12:26:00,PRDO,,32.939998626708984,32.939998626708984,32.939998626708984,32.939998626708984,160.0
2026-08-05 12:26:00,PRGS,,41.959999084472656,41.959999084472656,41.959999084472656,41.959999084472656,434.0
2026-08-05 12:26:00,PRIM,,84.55999755859375,84.55999755859375,84.55999755859375,84.55999755859375,589.0
2026-08-05 12:26:00,PRME,,3.0950000286102295,3.0950000286102295,3.0950000286102295,3.0950000286102295,984.0
2026-08-05 12:26:00,PROK,,1.6349999904632568,1.6349999904632568,1.6349999904632568,1.6349999904632568,374.0
2026-08-05 12:26:00,PRQR,,1.934999942779541,1.934999942779541,1.934999942779541,1.934999942779541,629.0
2026-08-05 12:26:00,PRTH,,6.585999965667725,6.585999965667725,6.579999923706055,6.579999923706055,1431.0
2026-08-05 12:26:00,PRVA,,24.325000762939453,24.350000381469727,24.325000762939453,24.34000015258789,13592.0
2026-08-05 12:26:00,PRZO,,0.5493000149726868,0.5493000149726868,0.5493000149726868,0.5493000149726868,403.0
2026-08-05 12:26:00,PSEC,,2.190000057220459,2.190000057220459,2.180000066757202,2.1865999698638916,2177.0
2026-08-05 12:26:00,PSNL,,13.614999771118164,13.619000434875488,13.614999771118164,13.619000434875488,1002.0
2026-08-05 12:26:00,PTC,,139.47999572753906,139.47999572753906,139.47999572753906,139.47999572753906,1395.0
2026-08-05 12:26:00,PTCT,,68.7249984741211,68.7249984741211,68.69999694824219,68.69999694824219,949.0
2026-08-05 12:26:00,PTEN,,9.765000343322754,9.770000457763672,9.765000343322754,9.770000457763672,6152.0
2026-08-05 12:26:00,PTLO,,4.619999885559082,4.619999885559082,4.619999885559082,4.619999885559082,1293.0
2026-08-05 12:26:00,PTON,,6.474999904632568,6.480000019073486,6.46999979019165,6.474999904632568,3505.0
2026-08-05 12:26:00,PYPL,,58.154998779296875,58.15999984741211,58.150001525878906,58.15999984741211,5091.0
2026-08-05 12:26:00,PZZA,,30.3799991607666,30.3799991607666,30.350000381469727,30.350000381469727,691.0
2026-08-05 12:26:00,QCOM,,158.22999572753906,158.22999572753906,158.07000732421875,158.0749969482422,11529.0
2026-08-05 12:26:00,QFIN,,13.229999542236328,13.234999656677246,13.229999542236328,13.229999542236328,2831.0
2026-08-05 12:26:00,QRVO,,94.69499969482422,94.75,94.69499969482422,94.69999694824219,1280.0
2026-08-05 12:26:00,SEED,,1.0049999952316284,1.0099999904632568,1.0,1.0099999904632568,1400.0
2026-08-05 12:26:00,STIM,,2.2799999713897705,2.2799999713897705,2.2799999713897705,2.2799999713897705,229.0
2026-08-05 12:26:00,TARA,,4.034999847412109,4.039999961853027,4.034999847412109,4.034999847412109,858.0
2026-08-05 12:26:00,WOOF,,2.924999952316284,2.924999952316284,2.9149999618530273,2.9149999618530273,13306.0
2026-08-05 12:27:00,ACDC,,4.445000171661377,4.445000171661377,4.445000171661377,4.445000171661377,1613.0
2026-08-05 12:27:00,BPOP,,177.25,177.25,177.25,177.25,800.0
2026-08-05 12:27:00,EYE,,23.114999771118164,23.114999771118164,23.100000381469727,23.100000381469727,1617.0
2026-08-05 12:27:00,GLUE,,15.729999542236328,15.729999542236328,15.645000457763672,15.645000457763672,26527.0
2026-08-05 12:27:00,KIDS,,21.850000381469727,21.850000381469727,21.739999771118164,21.739999771118164,1349.0
2026-08-05 12:27:00,KITT,,1.034999966621399,1.034999966621399,1.034999966621399,1.034999966621399,262.0
2026-08-05 12:27:00,MBRX,,0.40700000524520874,0.40700000524520874,0.40700000524520874,0.40700000524520874,420.0
2026-08-05 12:27:00,MDB,,375.760009765625,375.760009765625,375.760009765625,375.760009765625,425.0
2026-08-05 12:27:00,MDLZ,,62.2400016784668,62.29999923706055,62.23500061035156,62.29999923706055,20619.0
2026-08-05 12:27:00,MLTX,,17.594999313354492,17.594999313354492,17.594999313354492,17.594999313354492,511.0
2026-08-05 12:27:00,MNRO,,13.15999984741211,13.15999984741211,13.15999984741211,13.15999984741211,1258.0
2026-08-05 12:27:00,MNST,,94.55000305175781,94.56500244140625,94.55000305175781,94.55999755859375,3862.0
2026-08-05 12:27:00,MNTS,,4.309999942779541,4.329999923706055,4.309999942779541,4.329999923706055,1651.0
2026-08-05 12:27:00,MORN,,197.75,197.75,197.75,197.75,1105.0
2026-08-05 12:27:00,MPWR,,1339.8800048828125,1339.97998046875,1338.4100341796875,1338.8699951171875,1645.0
2026-08-05 12:27:00,MRNA,,56.970001220703125,56.97999954223633,56.959999084472656,56.959999084472656,3573.0
2026-08-05 12:27:00,MYGN,,3.134999990463257,3.134999990463257,3.125,3.130000114440918,3464.0
2026-08-05 12:27:00,MYRG,,339.3599853515625,339.82000732421875,339.3599853515625,339.82000732421875,771.0
2026-08-05 12:27:00,NAVI,,9.095000267028809,9.095000267028809,9.095000267028809,9.095000267028809,506.0
2026-08-05 12:27:00,NB,,5.085000038146973,5.085000038146973,5.079999923706055,5.079999923706055,2612.0
2026-08-05 12:27:00,NBIX,,163.47000122070312,163.47000122070312,163.47000122070312,163.47000122070312,1910.0
2026-08-05 12:27:00,NCNA,,1.3200000524520874,1.3200000524520874,1.3200000524520874,1.3200000524520874,2534.0
2026-08-05 12:27:00,NDAQ,,94.6050033569336,94.61000061035156,94.55000305175781,94.61000061035156,1398.0
2026-08-05 12:27:00,NEGG,,16.8700008392334,16.8700008392334,16.8700008392334,16.8700008392334,285.0
2026-08-05 12:27:00,NEO,,16.030000686645508,16.040000915527344,16.030000686645508,16.040000915527344,2541.0
2026-08-05 12:27:00,NEOG,,11.625,11.635000228881836,11.625,11.635000228881836,5523.0
2026-08-05 12:27:00,NEOV,,2.8299999237060547,2.8299999237060547,2.8299999237060547,2.8299999237060547,1856.0
2026-08-05 12:27:00,NESR,,28.719999313354492,28.7549991607666,28.719999313354492,28.75,2882.0
2026-08-05 12:27:00,NEXT,,6.434999942779541,6.434999942779541,6.434999942779541,6.434999942779541,2311.0
2026-08-05 12:27:00,NFE,,0.3375999927520752,0.3375999927520752,0.3375999927520752,0.3375999927520752,200.0
2026-08-05 12:27:00,NFLX,,73.46499633789062,73.48500061035156,73.45999908447266,73.4800033569336,27013.0
2026-08-05 12:27:00,NGNE,,35.16999816894531,35.16999816894531,35.16999816894531,35.16999816894531,495.0
2026-08-05 12:27:00,NHIC,,10.6850004196167,10.6850004196167,10.6850004196167,10.6850004196167,1000.0
2026-08-05 12:27:00,NICE,,96.91000366210938,97.1500015258789,96.91000366210938,97.1500015258789,1905.0
2026-08-05 12:27:00,NIU,,2.440000057220459,2.440000057220459,2.440000057220459,2.440000057220459,429.0
2026-08-05 12:27:00,NKTX,,2.2049999237060547,2.2049999237060547,2.200000047683716,2.200000047683716,3808.0
2026-08-05 12:27:00,NMFC,,7.328999996185303,7.329100131988525,7.328999996185303,7.329100131988525,2347.0
2026-08-05 12:27:00,NMIH,,44.3650016784668,44.3650016784668,44.3650016784668,44.3650016784668,425.0
2026-08-05 12:27:00,NMRA,,1.6050000190734863,1.6050000190734863,1.6050000190734863,1.6050000190734863,311.0
2026-08-05 12:27:00,NMRK,,15.649999618530273,15.654999732971191,15.649999618530273,15.654999732971191,1417.0
2026-08-05 12:27:00,NN,,14.210000038146973,14.260000228881836,14.170000076293945,14.170000076293945,12811.0
2026-08-05 12:27:00,NNBR,,3.825000047683716,3.825000047683716,3.825000047683716,3.825000047683716,423.0
2026-08-05 12:27:00,NNDM,,1.5449999570846558,1.5449999570846558,1.5449999570846558,1.5449999570846558,1361.0
2026-08-05 12:27:00,NNOX,,1.024999976158142,1.024999976158142,1.024999976158142,1.024999976158142,541.0
2026-08-05 12:27:00,NOVT,,156.9550018310547,156.9550018310547,156.9550018310547,156.9550018310547,649.0
2026-08-05 12:27:00,NRDS,,9.135000228881836,9.135000228881836,9.130000114440918,9.130000114440918,1537.0
2026-08-05 12:27:00,NRIX,,24.889999389648438,24.889999389648438,24.889999389648438,24.889999389648438,431.0
2026-08-05 12:27:00,NRSN,,0.5339999794960022,0.5339999794960022,0.5339999794960022,0.5339999794960022,200.0
2026-08-05 12:27:00,NTAP,,190.02000427246094,190.43499755859375,190.02000427246094,190.43499755859375,7558.0
2026-08-05 12:27:00,NTNX,,60.560001373291016,60.560001373291016,60.560001373291016,60.560001373291016,965.0
2026-08-05 12:27:00,NTRS,,183.41000366210938,183.41000366210938,183.41000366210938,183.41000366210938,123.0
2026-08-05 12:27:00,NUWE,,1.7450000047683716,1.7450000047683716,1.7450000047683716,1.7450000047683716,576.0
2026-08-05 12:27:00,NVAX,,7.644999980926514,7.650000095367432,7.639999866485596,7.639999866485596,4725.0
2026-08-05 12:27:00,NVDA,,221.04049682617188,221.3699951171875,221.0399932861328,221.27000427246094,358432.0
2026-08-05 12:27:00,NVMI,,410.4100036621094,410.4100036621094,410.4100036621094,410.4100036621094,375.0
2026-08-05 12:27:00,NVNI,,1.1200000047683716,1.1200000047683716,1.1100000143051147,1.1200000047683716,5220.0
2026-08-05 12:27:00,NVTS,,12.569999694824219,12.595000267028809,12.569999694824219,12.579999923706055,15917.0
2026-08-05 12:27:00,NWBI,,15.949999809265137,15.949999809265137,15.944999694824219,15.944999694824219,1628.0
2026-08-05 12:27:00,NWL,,6.320099830627441,6.335000038146973,6.320000171661377,6.335000038146973,17408.0
2026-08-05 12:27:00,NWPX,,127.00499725341797,127.00499725341797,127.00499725341797,127.00499725341797,2164.0
2026-08-05 12:27:00,NWS,,32.209999084472656,32.209999084472656,32.209999084472656,32.209999084472656,200.0
2026-08-05 12:27:00,NWSA,,28.174999237060547,28.184999465942383,28.174999237060547,28.184999465942383,1382.0
2026-08-05 12:27:00,NXPI,,231.63499450683594,231.8699951171875,231.63499450683594,231.67999267578125,5767.0
2026-08-05 12:27:00,NXT,,98.7750015258789,98.7874984741211,98.58499908447266,98.58499908447266,2397.0
2026-08-05 12:27:00,OCCI,,2.4749999046325684,2.4749999046325684,2.4749999046325684,2.4749999046325684,360.0
2026-08-05 12:27:00,OCFC,,19.764999389648438,19.770000457763672,19.764999389648438,19.770000457763672,1451.0
2026-08-05 12:27:00,OCGN,,1.2999999523162842,1.2999999523162842,1.2999999523162842,1.2999999523162842,435.0
2026-08-05 12:27:00,OCS,,12.03499984741211,12.03499984741211,12.03499984741211,12.03499984741211,364.0
2026-08-05 12:27:00,OCSL,,12.170000076293945,12.175000190734863,12.170000076293945,12.175000190734863,864.0
2026-08-05 12:27:00,OCUL,,8.5,8.5,8.5,8.5,367.0
2026-08-05 12:27:00,ODD,,15.260000228881836,15.319999694824219,15.260000228881836,15.319999694824219,3706.0
2026-08-05 12:27:00,ODFL,,214.22999572753906,214.3699951171875,214.22999572753906,214.3699951171875,2823.0
2026-08-05 12:27:00,OFIX,,10.739999771118164,10.739999771118164,10.739999771118164,10.739999771118164,769.0
2026-08-05 12:27:00,OKTA,,147.58999633789062,147.60000610351562,147.58999633789062,147.60000610351562,1008.0
2026-08-05 12:27:00,OLLI,,78.42500305175781,78.5,78.42500305175781,78.5,3466.0
2026-08-05 12:27:00,OLMA,,11.520000457763672,11.539999961853027,11.520000457763672,11.539999961853027,695.0
2026-08-05 12:27:00,OMCL,,37.189998626708984,37.189998626708984,37.189998626708984,37.189998626708984,1147.0
2026-08-05 12:27:00,OMER,,12.920000076293945,12.920000076293945,12.90999984741211,12.90999984741211,4641.0
2026-08-05 12:27:00,OMH,,0.11320000141859055,0.11320000141859055,0.11299999803304672,0.11299999803304672,10756.0
2026-08-05 12:27:00,ON,,78.08499908447266,78.26000213623047,78.05000305175781,78.16000366210938,26579.0
2026-08-05 12:27:00,ONDS,,8.914999961853027,8.930000305175781,8.90999984741211,8.928199768066406,157364.0
2026-08-05 12:27:00,ONFO,,0.0738999992609024,0.0738999992609024,0.0738999992609024,0.0738999992609024,8233.0
2026-08-05 12:27:00,ONMD,,0.6807000041007996,0.6807000041007996,0.6805999875068665,0.6805999875068665,0.0
2026-08-05 12:27:00,OPCH,,23.3799991607666,23.3799991607666,23.34000015258789,23.34000015258789,3070.0
2026-08-05 12:27:00,OPEN,,3.8350000381469727,3.8399999141693115,3.8299999237060547,3.8350000381469727,64403.0
2026-08-05 12:27:00,OPK,,1.309999942779541,1.3199000358581543,1.309999942779541,1.3199000358581543,2390.0
2026-08-05 12:27:00,OPRA,,19.940000534057617,19.950000762939453,19.93000030517578,19.950000762939453,894.0
2026-08-05 12:27:00,OPRT,,6.09499979019165,6.09499979019165,6.09499979019165,6.09499979019165,117.0
2026-08-05 12:27:00,OPRX,,6.800000190734863,6.800000190734863,6.800000190734863,6.800000190734863,1726.0
2026-08-05 12:27:00,ORGO,,2.3450000286102295,2.3499999046325684,2.3450000286102295,2.3499999046325684,219.0
2026-08-05 12:27:00,ORIC,,13.260000228881836,13.279999732971191,13.25,13.25,4696.0
2026-08-05 12:27:00,ORLY,,92.98999786376953,93.03199768066406,92.95500183105469,93.0199966430664,6361.0
2026-08-05 12:27:00,OSS,,14.024999618530273,14.024999618530273,13.999899864196777,13.999899864196777,3005.0
2026-08-05 12:27:00,OSUR,,4.139999866485596,4.144999980926514,4.139999866485596,4.144999980926514,642.0
2026-08-05 12:27:00,OTEX,,25.774999618530273,25.78499984741211,25.774999618530273,25.780000686645508,2143.0
2026-08-05 12:27:00,OTLK,,1.0199999809265137,1.0199999809265137,1.0149999856948853,1.0199999809265137,913.0
2026-08-05 12:27:00,OVID,,2.6649999618530273,2.6700000762939453,2.6649999618530273,2.6700000762939453,2592.0
2026-08-05 12:27:00,OXLC,,9.149999618530273,9.154999732971191,9.149999618530273,9.154999732971191,696.0
2026-08-05 12:27:00,PAA,,23.204999923706055,23.208799362182617,23.20009994506836,23.208799362182617,1410.0
2026-08-05 12:27:00,PAAS,,48.21989822387695,48.21989822387695,48.189998626708984,48.19499969482422,2300.0
2026-08-05 12:27:00,PACB,,1.3949999809265137,1.3949999809265137,1.3899999856948853,1.3949999809265137,4653.0
2026-08-05 12:27:00,PAGP,,25.1299991607666,25.139999389648438,25.1299991607666,25.139999389648438,1776.0
2026-08-05 12:27:00,PAHC,,35.779998779296875,35.779998779296875,35.779998779296875,35.779998779296875,371.0
2026-08-05 12:27:00,PANW,,363.4150085449219,363.6400146484375,363.4049987792969,363.5474853515625,9975.0
2026-08-05 12:27:00,PAX,,11.390000343322754,11.390000343322754,11.390000343322754,11.390000343322754,2525.0
2026-08-05 12:27:00,PAYO,,7.120100021362305,7.130000114440918,7.119999885559082,7.130000114440918,909.0
2026-08-05 12:27:00,PAYX,,116.63999938964844,116.79000091552734,116.63999938964844,116.79000091552734,3727.0
2026-08-05 12:27:00,PCAR,,133.8699951171875,133.94000244140625,133.85000610351562,133.92999267578125,5471.0
2026-08-05 12:27:00,PCRX,,25.184999465942383,25.184999465942383,25.1299991607666,25.1299991607666,4853.0
2026-08-05 12:27:00,PCSA,,2.200000047683716,2.200000047683716,2.200000047683716,2.200000047683716,1573.0
2026-08-05 12:27:00,PCT,,6.900000095367432,6.909999847412109,6.900000095367432,6.909999847412109,1695.0
2026-08-05 12:27:00,PCTY,,143.85000610351562,143.86000061035156,143.85000610351562,143.86000061035156,1760.0
2026-08-05 12:27:00,PDD,,90.83000183105469,90.83999633789062,90.82499694824219,90.83000183105469,3128.0
2026-08-05 12:27:00,PDFS,,50.43000030517578,50.47999954223633,50.43000030517578,50.45000076293945,2675.0
2026-08-05 12:27:00,PEBO,,41.66999816894531,41.66999816894531,41.66999816894531,41.66999816894531,619.0
2026-08-05 12:27:00,PEGA,,31.559999465942383,31.6200008392334,31.559999465942383,31.6200008392334,4402.0
2026-08-05 12:27:00,PENN,,19.795000076293945,19.809999465942383,19.795000076293945,19.799999237060547,3740.0
2026-08-05 12:27:00,PEP,,138.5399932861328,138.58999633789062,138.50999450683594,138.58999633789062,10303.0
2026-08-05 12:27:00,PFG,,113.99749755859375,114.02999877929688,113.99749755859375,114.02999877929688,872.0
2026-08-05 12:27:00,PFX,,45.0,45.0,44.0099983215332,44.0099983215332,10748.0
2026-08-05 12:27:00,PGC,,46.650001525878906,46.650001525878906,46.650001525878906,46.650001525878906,506.0
2026-08-05 12:27:00,PGEN,,7.054999828338623,7.074999809265137,7.050000190734863,7.074999809265137,35935.0
2026-08-05 12:27:00,PGY,,21.839799880981445,21.850000381469727,21.829999923706055,21.850000381469727,1501.0
2026-08-05 12:27:00,PHAT,,8.479999542236328,8.479999542236328,8.454999923706055,8.454999923706055,12309.0
2026-08-05 12:27:00,PLRX,,1.059999942779541,1.059999942779541,1.059999942779541,1.059999942779541,4302.0
2026-08-05 12:27:00,PLUG,,2.0950000286102295,2.0999999046325684,2.0850000381469727,2.0899999141693115,122765.0
2026-08-05 12:27:00,PNFP,,107.46499633789062,107.54000091552734,107.46499633789062,107.54000091552734,808.0
2026-08-05 12:27:00,PNTG,,38.79499816894531,38.915000915527344,38.79499816894531,38.90999984741211,2655.0
2026-08-05 12:27:00,POET,,8.350000381469727,8.359999656677246,8.350000381469727,8.359999656677246,4665.0
2026-08-05 12:27:00,POOL,,205.10000610351562,205.10000610351562,205.10000610351562,205.10000610351562,365.0
2026-08-05 12:27:00,POWI,,61.95009994506836,61.95009994506836,61.95009994506836,61.95009994506836,582.0
2026-08-05 12:27:00,POWL,,214.52999877929688,214.55999755859375,214.1699981689453,214.1699981689453,1482.0
2026-08-05 12:27:00,PPC,,26.325000762939453,26.325000762939453,26.31999969482422,26.31999969482422,2412.0
2026-08-05 12:27:00,PPIH,,25.889999389648438,25.889999389648438,25.889999389648438,25.889999389648438,768.0
2026-08-05 12:27:00,PPTA,,22.3700008392334,22.3799991607666,22.3700008392334,22.3799991607666,805.0
2026-08-05 12:27:00,PRAX,,311.6000061035156,311.6000061035156,311.6000061035156,311.6000061035156,171.0
2026-08-05 12:27:00,PRCH,,15.920000076293945,15.930000305175781,15.920000076293945,15.930000305175781,1988.0
2026-08-05 12:27:00,PRCT,,19.219999313354492,19.219999313354492,19.190000534057617,19.190000534057617,2863.0
2026-08-05 12:27:00,PRDO,,32.94499969482422,32.94499969482422,32.94499969482422,32.94499969482422,924.0
2026-08-05 12:27:00,PRE,,18.729999542236328,18.729999542236328,18.729999542236328,18.729999542236328,481.0
2026-08-05 12:27:00,PRIM,,84.9000015258789,85.01000213623047,84.7300033569336,84.76000213623047,2776.0
2026-08-05 12:27:00,PRME,,3.1050000190734863,3.109999895095825,3.099900007247925,3.0999999046325684,9406.0
2026-08-05 12:27:00,PROK,,1.6399999856948853,1.6399999856948853,1.6399999856948853,1.6399999856948853,792.0
2026-08-05 12:27:00,PRTA,,8.529999732971191,8.529999732971191,8.529999732971191,8.529999732971191,1030.0
2026-08-05 12:27:00,PRVA,,24.299999237060547,24.350000381469727,24.299999237060547,24.34000015258789,18413.0
2026-08-05 12:27:00,PSEC,,2.184999942779541,2.190000057220459,2.184999942779541,2.190000057220459,15783.0
2026-08-05 12:27:00,PSNY,,13.979999542236328,13.989999771118164,13.9350004196167,13.9350004196167,3435.0
2026-08-05 12:27:00,PTCT,,68.77999877929688,68.77999877929688,68.77999877929688,68.77999877929688,1475.0
2026-08-05 12:27:00,PTEN,,9.774999618530273,9.774999618530273,9.765000343322754,9.765000343322754,11763.0
2026-08-05 12:27:00,PTLO,,4.625,4.625,4.625,4.625,3615.0
2026-08-05 12:27:00,PTON,,6.480000019073486,6.489999771118164,6.46999979019165,6.46999979019165,22918.0
2026-08-05 12:27:00,PUBM,,13.395000457763672,13.395000457763672,13.395000457763672,13.395000457763672,596.0
2026-08-05 12:27:00,PWP,,17.290000915527344,17.309999465942383,17.28499984741211,17.309999465942383,1137.0
2026-08-05 12:27:00,PYPL,,58.130001068115234,58.15999984741211,58.130001068115234,58.154998779296875,10987.0
2026-08-05 12:27:00,PZZA,,30.3799991607666,30.3799991607666,30.3799991607666,30.3799991607666,3323.0
2026-08-05 12:27:00,QCOM,,158.27499389648438,158.3699951171875,158.25,158.32000732421875,5242.0
2026-08-05 12:27:00,QFIN,,13.225000381469727,13.229999542236328,13.225000381469727,13.229999542236328,2021.0
2026-08-05 12:27:00,QRVO,,94.76000213623047,94.76000213623047,94.69999694824219,94.69999694824219,768.0
2026-08-05 12:27:00,SEED,,1.0,1.0099999904632568,1.0,1.0049999952316284,3485.0
2026-08-05 12:27:00,TARA,,4.039999961853027,4.039999961853027,4.039999961853027,4.039999961853027,206.0
2026-08-05 12:27:00,WOOF,,2.924999952316284,2.924999952316284,2.924999952316284,2.924999952316284,2002.0
2026-08-05 12:28:00,EYE,,23.125,23.125,23.125,23.125,291.0
2026-08-05 12:28:00,GLUE,,15.739999771118164,15.739999771118164,15.720000267028809,15.729999542236328,2648.0
2026-08-05 12:28:00,KIDS,,21.767499923706055,21.899999618530273,21.565000534057617,21.854999542236328,17829.0
2026-08-05 12:28:00,MBRX,,0.4099999964237213,0.4099999964237213,0.4099999964237213,0.4099999964237213,22.0
2026-08-05 12:28:00,MDB,,376.1300048828125,376.1300048828125,376.0199890136719,376.0199890136719,1944.0
2026-08-05 12:28:00,MDLZ,,62.22999954223633,62.2400016784668,62.209999084472656,62.23500061035156,8025.0
2026-08-05 12:28:00,MLTX,,17.614999771118164,17.6299991607666,17.585399627685547,17.585399627685547,5684.0
2026-08-05 12:28:00,MNRO,,13.1899995803833,13.1899995803833,13.180000305175781,13.1899995803833,1921.0
2026-08-05 12:28:00,MNST,,94.5199966430664,94.54499816894531,94.5199966430664,94.54499816894531,5899.0
2026-08-05 12:28:00,MNTS,,4.315000057220459,4.315000057220459,4.309999942779541,4.309999942779541,1037.0
2026-08-05 12:28:00,MOVE,,11.720000267028809,11.720000267028809,11.720000267028809,11.720000267028809,2926.0
2026-08-05 12:28:00,MPWR,,1337.7149658203125,1340.469970703125,1337.7149658203125,1340.0,640.0
2026-08-05 12:28:00,MRNA,,56.95500183105469,56.95500183105469,56.95500183105469,56.95500183105469,2052.0
2026-08-05 12:28:00,MYGN,,3.140000104904175,3.140000104904175,3.134999990463257,3.134999990463257,3769.0
2026-08-05 12:28:00,MYPS,,0.7299000024795532,0.7299000024795532,0.7299000024795532,0.7299000024795532,500.0
2026-08-05 12:28:00,NAMS,,26.829999923706055,26.854999542236328,26.829999923706055,26.854999542236328,1567.0
2026-08-05 12:28:00,NAUT,,0.9502000212669373,0.9502000212669373,0.9502000212669373,0.9502000212669373,543.0
2026-08-05 12:28:00,NAVI,,9.095000267028809,9.095000267028809,9.095000267028809,9.095000267028809,943.0
2026-08-05 12:28:00,NB,,5.090000152587891,5.090000152587891,5.085000038146973,5.085000038146973,824.0
2026-08-05 12:28:00,NBIX,,163.47000122070312,163.47000122070312,163.47000122070312,163.47000122070312,299.0
2026-08-05 12:28:00,NBTB,,53.459999084472656,53.459999084472656,53.459999084472656,53.459999084472656,2007.0
2026-08-05 12:28:00,NBTX,,39.78499984741211,39.78499984741211,39.689998626708984,39.689998626708984,1968.0
2026-08-05 12:28:00,NDAQ,,94.61499786376953,94.61499786376953,94.6050033569336,94.6050033569336,670.0
2026-08-05 12:28:00,NEO,,16.030000686645508,16.030000686645508,16.020000457763672,16.020000457763672,4482.0
2026-08-05 12:28:00,NEOG,,11.619999885559082,11.625,11.619999885559082,11.625,975.0
2026-08-05 12:28:00,NEOV,,2.825000047683716,2.8299999237060547,2.819999933242798,2.819999933242798,3288.0
2026-08-05 12:28:00,NESR,,28.690000534057617,28.739999771118164,28.68000030517578,28.725000381469727,12286.0
2026-08-05 12:28:00,NEWT,,15.100000381469727,15.119999885559082,15.079999923706055,15.079999923706055,1641.0
2026-08-05 12:28:00,NEXT,,6.429999828338623,6.429999828338623,6.429999828338623,6.429999828338623,2163.0
2026-08-05 12:28:00,NFE,,0.3375999927520752,0.3375999927520752,0.3375999927520752,0.3375999927520752,175.0
2026-08-05 12:28:00,NFLX,,73.40499877929688,73.45999908447266,73.4000015258789,73.45999908447266,53183.0
2026-08-05 12:28:00,NICE,,97.09500122070312,97.09500122070312,97.09500122070312,97.09500122070312,984.0
2026-08-05 12:28:00,NKTR,,73.48999786376953,73.48999786376953,73.48999786376953,73.48999786376953,239.0
2026-08-05 12:28:00,NMRA,,1.6050000190734863,1.6050000190734863,1.6050000190734863,1.6050000190734863,332.0
2026-08-05 12:28:00,NMRK,,15.630000114440918,15.640000343322754,15.630000114440918,15.640000343322754,1247.0
2026-08-05 12:28:00,NN,,14.21500015258789,14.21500015258789,14.194999694824219,14.199999809265137,2491.0
2026-08-05 12:28:00,NNBR,,3.819999933242798,3.8299999237060547,3.819999933242798,3.825000047683716,1307.0
2026-08-05 12:28:00,NNDM,,1.5449999570846558,1.5449999570846558,1.5449999570846558,1.5449999570846558,200.0
2026-08-05 12:28:00,NRIX,,24.90999984741211,24.90999984741211,24.90999984741211,24.90999984741211,542.0
2026-08-05 12:28:00,NRXP,,3.0350000858306885,3.0350000858306885,3.0350000858306885,3.0350000858306885,613.0
2026-08-05 12:28:00,NTAP,,190.09500122070312,190.19000244140625,190.02499389648438,190.0399932861328,10375.0
2026-08-05 12:28:00,NTNX,,60.54999923706055,60.54999923706055,60.54119873046875,60.54119873046875,1060.0
2026-08-05 12:28:00,NTRA,,275.57000732421875,276.3399963378906,275.57000732421875,276.3399963378906,7877.0
2026-08-05 12:28:00,NTRS,,183.55999755859375,183.55999755859375,183.47999572753906,183.47999572753906,1104.0
2026-08-05 12:28:00,NTRSO,,18.389999389648438,18.389999389648438,18.389999389648438,18.389999389648438,545.0
2026-08-05 12:28:00,NUWE,,1.763800024986267,1.763800024986267,1.763800024986267,1.763800024986267,1061.0
2026-08-05 12:28:00,NVAX,,7.644999980926514,7.644999980926514,7.644999980926514,7.644999980926514,1080.0
2026-08-05 12:28:00,NVCR,,16.1299991607666,16.1299991607666,16.1299991607666,16.1299991607666,454.0
2026-08-05 12:28:00,NVDA,,221.03500366210938,221.0780029296875,220.9199981689453,221.0399932861328,213956.0
2026-08-05 12:28:00,NVEC,,129.2899932861328,129.2899932861328,128.88499450683594,128.88499450683594,509.0
2026-08-05 12:28:00,NVNI,,1.100000023841858,1.100000023841858,1.100000023841858,1.100000023841858,2114.0
2026-08-05 12:28:00,NVTS,,12.574999809265137,12.574999809265137,12.569999694824219,12.569999694824219,7650.0
2026-08-05 12:28:00,NWL,,6.315000057220459,6.320000171661377,6.309999942779541,6.320000171661377,16732.0
2026-08-05 12:28:00,NWS,,32.20000076293945,32.209999084472656,32.189998626708984,32.209999084472656,2706.0
2026-08-05 12:28:00,NWSA,,28.174999237060547,28.174999237060547,28.155000686645508,28.174999237060547,3781.0
2026-08-05 12:28:00,NXPI,,231.36000061035156,231.5749969482422,231.33999633789062,231.5749969482422,2852.0
2026-08-05 12:28:00,NXT,,98.73750305175781,98.76499938964844,98.73750305175781,98.76499938964844,1919.0
2026-08-05 12:28:00,OCFC,,19.790000915527344,19.790000915527344,19.774999618530273,19.774999618530273,1412.0
2026-08-05 12:28:00,OCGN,,1.2999999523162842,1.2999999523162842,1.2999000549316406,1.2999999523162842,1612.0
2026-08-05 12:28:00,OCSL,,12.170000076293945,12.175000190734863,12.170000076293945,12.170000076293945,2211.0
2026-08-05 12:28:00,OCUL,,8.505000114440918,8.505000114440918,8.505000114440918,8.505000114440918,3994.0
2026-08-05 12:28:00,ODFL,,214.22999572753906,214.47000122070312,214.22999572753906,214.3699951171875,2452.0
2026-08-05 12:28:00,OGI,,0.9484999775886536,0.9484999775886536,0.9484999775886536,0.9484999775886536,1536.0
2026-08-05 12:28:00,OKTA,,147.60000610351562,147.63499450683594,147.60000610351562,147.63499450683594,1850.0
2026-08-05 12:28:00,OLLI,,78.18000030517578,78.22000122070312,78.18000030517578,78.22000122070312,1229.0
2026-08-05 12:28:00,OLMA,,11.550000190734863,11.550000190734863,11.529999732971191,11.529999732971191,1264.0
2026-08-05 12:28:00,OMEX,,0.7419000267982483,0.7419000267982483,0.7419000267982483,0.7419000267982483,0.0
2026-08-05 12:28:00,OMH,,0.11259999871253967,0.11270000040531158,0.11259999871253967,0.11270000040531158,3217.0
2026-08-05 12:28:00,ON,,78.04000091552734,78.14990234375,77.97000122070312,78.11499786376953,28451.0
2026-08-05 12:28:00,ONB,,27.049999237060547,27.049999237060547,27.049999237060547,27.049999237060547,2448.0
2026-08-05 12:28:00,ONDS,,8.925000190734863,8.930000305175781,8.90999984741211,8.914999961853027,163974.0
2026-08-05 12:28:00,ONFO,,0.0731000006198883,0.07370000332593918,0.0731000006198883,0.07370000332593918,10272.0
2026-08-05 12:28:00,OPAL,,2.325000047683716,2.325000047683716,2.325000047683716,2.325000047683716,140.0
2026-08-05 12:28:00,OPCH,,23.3799991607666,23.3799991607666,23.360000610351562,23.3799991607666,2462.0
2026-08-05 12:28:00,OPEN,,3.8350000381469727,3.8399999141693115,3.8299999237060547,3.8350000381469727,33590.0
2026-08-05 12:28:00,OPK,,1.3200000524520874,1.3200000524520874,1.3200000524520874,1.3200000524520874,528.0
2026-08-05 12:28:00,OPRT,,6.09499979019165,6.09499979019165,6.09499979019165,6.09499979019165,294.0
2026-08-05 12:28:00,ORGO,,2.3450000286102295,2.3450000286102295,2.3450000286102295,2.3450000286102295,271.0
2026-08-05 12:28:00,ORIC,,13.260000228881836,13.260000228881836,13.260000228881836,13.260000228881836,520.0
2026-08-05 12:28:00,ORLY,,92.9800033569336,92.9800033569336,92.9800033569336,92.9800033569336,2209.0
2026-08-05 12:28:00,OSBC,,25.780000686645508,25.780000686645508,25.780000686645508,25.780000686645508,1206.0
2026-08-05 12:28:00,OSPN,,16.485000610351562,16.545000076293945,16.479999542236328,16.545000076293945,3321.0
2026-08-05 12:28:00,OSS,,14.0,14.020000457763672,14.0,14.020000457763672,711.0
2026-08-05 12:28:00,OTEX,,25.780000686645508,25.790000915527344,25.774999618530273,25.774999618530273,2639.0
2026-08-05 12:28:00,OTLK,,1.0149999856948853,1.0199999809265137,1.0111000537872314,1.0111000537872314,8196.0
2026-08-05 12:28:00,OTTR,,91.51000213623047,91.6500015258789,91.51000213623047,91.6500015258789,2552.0
2026-08-05 12:28:00,OVID,,2.6649999618530273,2.6649999618530273,2.6649999618530273,2.6649999618530273,2092.0
2026-08-05 12:28:00,OXSQ,,1.4996000528335571,1.4996000528335571,1.4900000095367432,1.4950000047683716,11392.0
2026-08-05 12:28:00,PAA,,23.200000762939453,23.209999084472656,23.200000762939453,23.209999084472656,1714.0
2026-08-05 12:28:00,PAAS,,48.209999084472656,48.220001220703125,48.189998626708984,48.189998626708984,2297.0
2026-08-05 12:28:00,PACB,,1.3949999809265137,1.399999976158142,1.3899999856948853,1.3899999856948853,29640.0
2026-08-05 12:28:00,PAHC,,35.93000030517578,35.93000030517578,35.91999816894531,35.91999816894531,297.0
2026-08-05 12:28:00,PANW,,363.5050048828125,363.5150146484375,363.4200134277344,363.4200134277344,5213.0
2026-08-05 12:28:00,PAX,,11.395000457763672,11.395000457763672,11.395000457763672,11.395000457763672,1743.0
2026-08-05 12:28:00,PAYO,,7.125,7.130000114440918,7.119999885559082,7.125,789.0
2026-08-05 12:28:00,PAYS,,9.151000022888184,9.151000022888184,9.151000022888184,9.151000022888184,696.0
2026-08-05 12:28:00,PAYX,,116.7300033569336,116.7300033569336,116.6500015258789,116.6500015258789,2369.0
2026-08-05 12:28:00,PCAR,,133.9250030517578,133.9250030517578,133.85499572753906,133.88499450683594,3208.0
2026-08-05 12:28:00,PCRX,,25.100000381469727,25.280000686645508,25.06999969482422,25.184999465942383,14898.0
2026-08-05 12:28:00,PCT,,6.90500020980835,6.909900188446045,6.900000095367432,6.908999919891357,1450.0
2026-08-05 12:28:00,PCTY,,143.63499450683594,143.63499450683594,143.63499450683594,143.63499450683594,205.0
2026-08-05 12:28:00,PDD,,90.82499694824219,90.83999633789062,90.81999969482422,90.81999969482422,2982.0
2026-08-05 12:28:00,PEGA,,31.610000610351562,31.610000610351562,31.559999465942383,31.559999465942383,2432.0
2026-08-05 12:28:00,PENN,,19.790000915527344,19.80500030517578,19.780000686645508,19.799999237060547,7650.0
2026-08-05 12:28:00,PEP,,138.47999572753906,138.5500030517578,138.47999572753906,138.53500366210938,4137.0
2026-08-05 12:28:00,PERI,,9.555000305175781,9.555000305175781,9.555000305175781,9.555000305175781,1118.0
2026-08-05 12:28:00,PFG,,114.0,114.00499725341797,114.0,114.00499725341797,521.0
2026-08-05 12:28:00,PFX,,44.61000061035156,44.709999084472656,44.61000061035156,44.709999084472656,20380.0
2026-08-05 12:28:00,PGEN,,7.054999828338623,7.054999828338623,7.050000190734863,7.054999828338623,19619.0
2026-08-05 12:28:00,PGNY,,31.739999771118164,31.739999771118164,31.739999771118164,31.739999771118164,630.0
2026-08-05 12:28:00,PGY,,21.84000015258789,21.84000015258789,21.829999923706055,21.829999923706055,3170.0
2026-08-05 12:28:00,PHAT,,8.484999656677246,8.484999656677246,8.479999542236328,8.479999542236328,4751.0
2026-08-05 12:28:00,PHIO,,1.0449999570846558,1.0449999570846558,1.0399999618530273,1.0399999618530273,1631.0
2026-08-05 12:28:00,PLBY,,1.1449999809265137,1.1469000577926636,1.1449999809265137,1.1469000577926636,5765.0
2026-08-05 12:28:00,PLTK,,3.9749999046325684,3.9749999046325684,3.9749999046325684,3.9749999046325684,1411.0
2026-08-05 12:28:00,PLUG,,2.0950000286102295,2.0999999046325684,2.0899999141693115,2.0950000286102295,61946.0
2026-08-05 12:28:00,PNBK,,1.1299999952316284,1.1349999904632568,1.1299999952316284,1.1349999904632568,500.0
2026-08-05 12:28:00,PNFP,,107.52999877929688,107.55500030517578,107.5,107.55500030517578,1556.0
2026-08-05 12:28:00,PNTG,,38.81999969482422,38.81999969482422,38.81999969482422,38.81999969482422,450.0
2026-08-05 12:28:00,POET,,8.359999656677246,8.359999656677246,8.350000381469727,8.354999542236328,3213.0
2026-08-05 12:28:00,POOL,,204.9600067138672,204.9600067138672,204.89500427246094,204.89500427246094,752.0
2026-08-05 12:28:00,POWL,,214.49000549316406,214.57000732421875,214.44500732421875,214.52999877929688,2897.0
2026-08-05 12:28:00,PPTA,,22.40999984741211,22.41990089416504,22.364999771118164,22.3700008392334,7644.0
2026-08-05 12:28:00,PRCH,,15.938400268554688,15.938400268554688,15.899999618530273,15.899999618530273,1440.0
2026-08-05 12:28:00,PRCT,,19.225000381469727,19.225000381469727,19.219999313354492,19.219999313354492,881.0
2026-08-05 12:28:00,PRFX,,1.1100000143051147,1.1100000143051147,1.1100000143051147,1.1100000143051147,289.0
2026-08-05 12:28:00,PRIM,,84.91500091552734,84.95999908447266,84.76000213623047,84.83000183105469,1959.0
2026-08-05 12:28:00,PRLD,,4.570000171661377,4.570000171661377,4.570000171661377,4.570000171661377,790.0
2026-08-05 12:28:00,PRME,,3.115000009536743,3.11899995803833,3.109499931335449,3.109499931335449,7918.0
2026-08-05 12:28:00,PRQR,,1.938099980354309,1.938099980354309,1.934999942779541,1.934999942779541,690.0
2026-08-05 12:28:00,PRSO,,0.6836000084877014,0.6836000084877014,0.6836000084877014,0.6836000084877014,515.0
2026-08-05 12:28:00,PRVA,,24.299999237060547,24.299999237060547,24.299999237060547,24.299999237060547,774.0
2026-08-05 12:28:00,PSEC,,2.190000057220459,2.190000057220459,2.184999942779541,2.190000057220459,10343.0
2026-08-05 12:28:00,PSMT,,194.0,194.0,194.0,194.0,555.0
2026-08-05 12:28:00,PSNL,,13.619999885559082,13.619999885559082,13.619999885559082,13.619999885559082,1242.0
2026-08-05 12:28:00,PTCT,,68.76000213623047,68.76000213623047,68.76000213623047,68.76000213623047,28403.0
2026-08-05 12:28:00,PTEN,,9.770000457763672,9.770000457763672,9.770000457763672,9.770000457763672,776.0
2026-08-05 12:28:00,PTLO,,4.625,4.625,4.621099948883057,4.621099948883057,821.0
2026-08-05 12:28:00,PTON,,6.489999771118164,6.489999771118164,6.480000019073486,6.480000019073486,22525.0
2026-08-05 12:28:00,PUBM,,13.449999809265137,13.449999809265137,13.40999984741211,13.449999809265137,2801.0
2026-08-05 12:28:00,PWP,,17.270000457763672,17.290000915527344,17.270000457763672,17.280000686645508,525.0
2026-08-05 12:28:00,PYPL,,58.12990188598633,58.12990188598633,58.11000061035156,58.11009979248047,4925.0
2026-08-05 12:28:00,PYXS,,3.190000057220459,3.190000057220459,3.190000057220459,3.190000057220459,986.0
2026-08-05 12:28:00,PZZA,,30.440000534057617,30.440000534057617,30.367300033569336,30.3799991607666,10230.0
2026-08-05 12:28:00,QCOM,,158.27000427246094,158.33489990234375,158.1741943359375,158.23240661621094,7255.0
2026-08-05 12:28:00,QFIN,,13.234999656677246,13.234999656677246,13.234999656677246,13.234999656677246,772.0
2026-08-05 12:28:00,QRVO,,94.7249984741211,94.75,94.69000244140625,94.72509765625,3644.0
2026-08-05 12:28:00,SEED,,1.0,1.0,1.0,1.0,500.0
2026-08-05 12:28:00,STIM,,2.2850000858306885,2.2850000858306885,2.2850000858306885,2.2850000858306885,1702.0
2026-08-05 12:28:00,TARA,,4.039999961853027,4.039999961853027,4.039999961853027,4.039999961853027,1589.0
2026-08-05 12:28:00,WOOF,,2.930000066757202,2.930000066757202,2.921099901199341,2.930000066757202,1952.0
2026-08-05 12:29:00,ACDC,,4.474999904632568,4.474999904632568,4.449999809265137,4.449999809265137,6266.0
2026-08-05 12:29:00,BPOP,,177.47000122070312,177.47000122070312,177.47000122070312,177.47000122070312,654.0
2026-08-05 12:29:00,CNXN,,84.81999969482422,84.81999969482422,84.81999969482422,84.81999969482422,145.0
2026-08-05 12:29:00,EYE,,23.110000610351562,23.1200008392334,23.110000610351562,23.1200008392334,1468.0
2026-08-05 12:29:00,GLUE,,15.739999771118164,15.739999771118164,15.739999771118164,15.739999771118164,1319.0
2026-08-05 12:29:00,KIDS,,21.65999984741211,21.860000610351562,21.65999984741211,21.767499923706055,1276.0
2026-08-05 12:29:00,MBRX,,0.4043999910354614,0.4088999927043915,0.4043999910354614,0.4088999927043915,1485.0
2026-08-05 12:29:00,MDLZ,,62.224998474121094,62.2400016784668,62.209999084472656,62.209999084472656,12114.0
2026-08-05 12:29:00,MLTX,,17.575000762939453,17.614999771118164,17.575000762939453,17.614999771118164,8977.0
2026-08-05 12:29:00,MNPR,,119.42500305175781,119.42500305175781,119.42500305175781,119.42500305175781,8879.0
2026-08-05 12:29:00,MNRO,,13.1899995803833,13.1899995803833,13.1899995803833,13.1899995803833,2298.0
2026-08-05 12:29:00,MNST,,94.51000213623047,94.52999877929688,94.51000213623047,94.52999877929688,4006.0
2026-08-05 12:29:00,MNTS,,4.309999942779541,4.329699993133545,4.309999942779541,4.315000057220459,1075.0
2026-08-05 12:29:00,MORN,,197.44500732421875,197.44500732421875,197.44000244140625,197.44000244140625,765.0
2026-08-05 12:29:00,MPAA,,13.800000190734863,13.800000190734863,13.800000190734863,13.800000190734863,410.0
2026-08-05 12:29:00,MPWR,,1340.0,1340.0,1338.0699462890625,1338.0699462890625,288.0
2026-08-05 12:29:00,MRNA,,56.91999816894531,57.0,56.91999816894531,56.9900016784668,14134.0
2026-08-05 12:29:00,MVBF,,30.559999465942383,30.559999465942383,30.559999465942383,30.559999465942383,111.0
2026-08-05 12:29:00,MYPS,,0.7299000024795532,0.7299000024795532,0.7299000024795532,0.7299000024795532,246.0
2026-08-05 12:29:00,NAMS,,26.799999237060547,26.799999237060547,26.799999237060547,26.799999237060547,478.0
2026-08-05 12:29:00,NAUT,,0.9502000212669373,0.9502000212669373,0.9502000212669373,0.9502000212669373,2650.0
2026-08-05 12:29:00,NB,,5.09499979019165,5.09499979019165,5.090000152587891,5.090000152587891,2551.0
2026-08-05 12:29:00,NBIX,,163.4600067138672,163.5399932861328,163.4600067138672,163.5399932861328,1190.0
2026-08-05 12:29:00,NCPL,,0.4113999903202057,0.4113999903202057,0.4113999903202057,0.4113999903202057,750.0
2026-08-05 12:29:00,NDAQ,,94.5999984741211,94.5999984741211,94.58999633789062,94.58999633789062,1093.0
2026-08-05 12:29:00,NEO,,16.04990005493164,16.04990005493164,16.03499984741211,16.04990005493164,3219.0
2026-08-05 12:29:00,NEOG,,11.614999771118164,11.629899978637695,11.614999771118164,11.625,3213.0
2026-08-05 12:29:00,NEOV,,2.825000047683716,2.8289999961853027,2.825000047683716,2.8289999961853027,1000.0
2026-08-05 12:29:00,NESR,,28.729999542236328,28.729999542236328,28.704999923706055,28.704999923706055,1535.0
2026-08-05 12:29:00,NEWT,,15.100000381469727,15.100000381469727,15.069999694824219,15.069999694824219,893.0
2026-08-05 12:29:00,NEXT,,6.440000057220459,6.440000057220459,6.440000057220459,6.440000057220459,3799.0
2026-08-05 12:29:00,NFLX,,73.43000030517578,73.43000030517578,73.37999725341797,73.4000015258789,39553.0
2026-08-05 12:29:00,NGNE,,35.15999984741211,35.15999984741211,35.15999984741211,35.15999984741211,463.0
2026-08-05 12:29:00,NHTC,,1.7350000143051147,1.7350000143051147,1.7350000143051147,1.7350000143051147,732.0
2026-08-05 12:29:00,NKTR,,73.53500366210938,73.66000366210938,73.43000030517578,73.49500274658203,2496.0
2026-08-05 12:29:00,NKTX,,2.2100000381469727,2.2100000381469727,2.2100000381469727,2.2100000381469727,3959.0
2026-08-05 12:29:00,NMIH,,44.37990188598633,44.37990188598633,44.37990188598633,44.37990188598633,500.0
2026-08-05 12:29:00,NMRA,,1.6100000143051147,1.6100000143051147,1.6100000143051147,1.6100000143051147,4931.0
2026-08-05 12:29:00,NMRK,,15.625,15.625,15.625,15.625,1152.0
2026-08-05 12:29:00,NN,,14.220000267028809,14.229999542236328,14.210000038146973,14.210000038146973,6111.0
2026-08-05 12:29:00,NNBR,,3.825000047683716,3.8299999237060547,3.825000047683716,3.8299999237060547,1246.0
2026-08-05 12:29:00,NNDM,,1.5449999570846558,1.5449999570846558,1.541200041770935,1.5449999570846558,1346.0
2026-08-05 12:29:00,NOVT,,156.88499450683594,156.89999389648438,156.85000610351562,156.89999389648438,2252.0
2026-08-05 12:29:00,NRC,,19.639999389648438,19.639999389648438,19.639999389648438,19.639999389648438,647.0
2026-08-05 12:29:00,NRIX,,24.924999237060547,24.924999237060547,24.924999237060547,24.924999237060547,1359.0
2026-08-05 12:29:00,NSSC,,40.20000076293945,40.20000076293945,40.20000076293945,40.20000076293945,255.0
2026-08-05 12:29:00,NTAP,,190.3800048828125,190.74000549316406,190.09500122070312,190.09500122070312,44775.0
2026-08-05 12:29:00,NTES,,127.75,127.75,127.75,127.75,118.0
2026-08-05 12:29:00,NTNX,,60.584999084472656,60.584999084472656,60.560001373291016,60.560001373291016,4373.0
2026-08-05 12:29:00,NTRA,,275.9599914550781,275.9599914550781,275.9599914550781,275.9599914550781,1586.0
2026-08-05 12:29:00,NTRSO,,18.3799991607666,18.3799991607666,18.3799991607666,18.3799991607666,1716.0
2026-08-05 12:29:00,NUWE,,1.7200000286102295,1.7200000286102295,1.7200000286102295,1.7200000286102295,200.0
2026-08-05 12:29:00,NVAX,,7.644999980926514,7.644999980926514,7.644999980926514,7.644999980926514,563.0
2026-08-05 12:29:00,NVCR,,16.1200008392334,16.1299991607666,16.1200008392334,16.1299991607666,1697.0
2026-08-05 12:29:00,NVCT,,20.229999542236328,20.229999542236328,20.229999542236328,20.229999542236328,200.0
2026-08-05 12:29:00,NVDA,,221.1699981689453,221.22000122070312,221.0399932861328,221.0399932861328,220759.0
2026-08-05 12:29:00,NVMI,,410.0911865234375,410.0911865234375,410.0911865234375,410.0911865234375,199.0
2026-08-05 12:29:00,NVTS,,12.609800338745117,12.609999656677246,12.574999809265137,12.579999923706055,22826.0
2026-08-05 12:29:00,NWBI,,15.95989990234375,15.95989990234375,15.95989990234375,15.95989990234375,188.0
2026-08-05 12:29:00,NWL,,6.309999942779541,6.319900035858154,6.309999942779541,6.309999942779541,9495.0
2026-08-05 12:29:00,NWS,,32.18000030517578,32.18000030517578,32.18000030517578,32.18000030517578,1303.0
2026-08-05 12:29:00,NWSA,,28.165000915527344,28.170000076293945,28.15999984741211,28.170000076293945,3914.0
2026-08-05 12:29:00,NXL,,0.36809998750686646,0.36809998750686646,0.36809998750686646,0.36809998750686646,490.0
2026-08-05 12:29:00,NXPI,,231.69000244140625,231.69000244140625,231.5850067138672,231.58999633789062,2414.0
2026-08-05 12:29:00,NXT,,98.86000061035156,98.95999908447266,98.78500366210938,98.78500366210938,3677.0
2026-08-05 12:29:00,OCFC,,19.78499984741211,19.78499984741211,19.78499984741211,19.78499984741211,1784.0
2026-08-05 12:29:00,OCGN,,1.2999999523162842,1.2999999523162842,1.2949999570846558,1.2999999523162842,2322.0
2026-08-05 12:29:00,ODFL,,214.67999267578125,214.67999267578125,214.33999633789062,214.33999633789062,3256.0
2026-08-05 12:29:00,OESX,,14.375,14.375,14.375,14.375,294.0
2026-08-05 12:29:00,OKTA,,147.72000122070312,147.72000122070312,147.63499450683594,147.63499450683594,1139.0
2026-08-05 12:29:00,OLLI,,78.20999908447266,78.20999908447266,78.20999908447266,78.20999908447266,527.0
2026-08-05 12:29:00,OLMA,,11.53499984741211,11.53499984741211,11.53499984741211,11.53499984741211,378.0
2026-08-05 12:29:00,OMH,,0.11330000311136246,0.11330000311136246,0.11320000141859055,0.11330000311136246,18812.0
2026-08-05 12:29:00,ON,,78.16000366210938,78.16500091552734,78.0199966430664,78.05000305175781,19021.0
2026-08-05 12:29:00,ONB,,27.05500030517578,27.05500030517578,27.05500030517578,27.05500030517578,2031.0
2026-08-05 12:29:00,ONBPO,,24.829999923706055,24.829999923706055,24.829999923706055,24.829999923706055,170.0
2026-08-05 12:29:00,ONCY,,0.7943000197410583,0.7943000197410583,0.7943000197410583,0.7943000197410583,706.0
2026-08-05 12:29:00,ONDS,,8.944999694824219,8.949999809265137,8.921199798583984,8.925000190734863,236479.0
2026-08-05 12:29:00,ONFO,,0.07320000231266022,0.07370000332593918,0.0731000006198883,0.0731000006198883,8028.0
2026-08-05 12:29:00,OPCH,,23.360000610351562,23.3799991607666,23.360000610351562,23.3799991607666,2437.0
2026-08-05 12:29:00,OPEN,,3.8399999141693115,3.8399999141693115,3.8299999237060547,3.8299999237060547,49272.0
2026-08-05 12:29:00,OPRA,,19.924999237060547,19.924999237060547,19.924999237060547,19.924999237060547,531.0
2026-08-05 12:29:00,OPRT,,6.099999904632568,6.099999904632568,6.099999904632568,6.099999904632568,1179.0
2026-08-05 12:29:00,ORGO,,2.3450000286102295,2.3450000286102295,2.3450000286102295,2.3450000286102295,204.0
2026-08-05 12:29:00,ORIC,,13.279999732971191,13.279999732971191,13.279999732971191,13.279999732971191,699.0
2026-08-05 12:29:00,ORLY,,92.95999908447266,92.98999786376953,92.95989990234375,92.95999908447266,17538.0
2026-08-05 12:29:00,OSPN,,16.510000228881836,16.510000228881836,16.5,16.5,3203.0
2026-08-05 12:29:00,OSS,,14.033699989318848,14.033699989318848,14.005000114440918,14.005000114440918,942.0
2026-08-05 12:29:00,OSW,,26.569900512695312,26.569900512695312,26.514999389648438,26.520000457763672,1739.0
2026-08-05 12:29:00,OTLK,,1.0199999809265137,1.0199999809265137,1.0111000537872314,1.0149999856948853,2252.0
2026-08-05 12:29:00,OVID,,2.6600000858306885,2.6600000858306885,2.6600000858306885,2.6600000858306885,1268.0
2026-08-05 12:29:00,OXLC,,9.145000457763672,9.145000457763672,9.145000457763672,9.145000457763672,2716.0
2026-08-05 12:29:00,OXSQ,,1.4950000047683716,1.4950000047683716,1.4950000047683716,1.4950000047683716,405.0
2026-08-05 12:29:00,PAA,,23.21500015258789,23.21500015258789,23.209999084472656,23.209999084472656,2267.0
2026-08-05 12:29:00,PAAS,,48.209999084472656,48.209999084472656,48.19499969482422,48.209999084472656,2210.0
2026-08-05 12:29:00,PACB,,1.399999976158142,1.4049999713897705,1.399999976158142,1.399999976158142,36373.0
2026-08-05 12:29:00,PAGP,,25.139999389648438,25.139999389648438,25.139999389648438,25.139999389648438,1093.0
2026-08-05 12:29:00,PAHC,,35.91999816894531,35.91999816894531,35.91999816894531,35.91999816894531,431.0
2026-08-05 12:29:00,PALI,,2.130000114440918,2.130000114440918,2.130000114440918,2.130000114440918,1445.0
2026-08-05 12:29:00,PANW,,363.3800048828125,363.6300048828125,363.0799865722656,363.3599853515625,3384.0
2026-08-05 12:29:00,PAX,,11.395000457763672,11.404999732971191,11.390000343322754,11.404999732971191,8925.0
2026-08-05 12:29:00,PAYO,,7.130000114440918,7.130000114440918,7.119999885559082,7.119999885559082,1347.0
2026-08-05 12:29:00,PAYX,,116.62000274658203,116.69499969482422,116.62000274658203,116.69499969482422,2615.0
2026-08-05 12:29:00,PCAR,,133.89999389648438,133.9499969482422,133.89999389648438,133.9499969482422,1562.0
2026-08-05 12:29:00,PCT,,6.90500020980835,6.906400203704834,6.90500020980835,6.90500020980835,1251.0
2026-08-05 12:29:00,PDD,,90.79000091552734,90.83999633789062,90.79000091552734,90.83999633789062,14406.0
2026-08-05 12:29:00,PECO,,41.359901428222656,41.36000061035156,41.359901428222656,41.36000061035156,641.0
2026-08-05 12:29:00,PEGA,,31.579999923706055,31.610000610351562,31.579999923706055,31.610000610351562,1894.0
2026-08-05 12:29:00,PENN,,19.78499984741211,19.789899826049805,19.78499984741211,19.78499984741211,2021.0
2026-08-05 12:29:00,PEP,,138.42999267578125,138.47999572753906,138.42999267578125,138.47500610351562,5852.0
2026-08-05 12:29:00,PESI,,17.729999542236328,17.729999542236328,17.729999542236328,17.729999542236328,380.0
2026-08-05 12:29:00,PFG,,114.0,114.0,114.0,114.0,187.0
2026-08-05 12:29:00,PGEN,,7.059999942779541,7.059999942779541,7.050000190734863,7.054999828338623,9954.0
2026-08-05 12:29:00,PGNY,,31.739999771118164,31.739999771118164,31.739999771118164,31.739999771118164,366.0
2026-08-05 12:29:00,PGY,,21.864999771118164,21.864999771118164,21.84000015258789,21.84000015258789,3565.0
2026-08-05 12:29:00,PHAT,,8.489999771118164,8.489999771118164,8.489999771118164,8.489999771118164,294.0
2026-08-05 12:29:00,PHVS,,32.900001525878906,32.900001525878906,32.900001525878906,32.900001525878906,240.0
2026-08-05 12:29:00,PLAB,,32.275001525878906,32.275001525878906,32.275001525878906,32.275001525878906,158.0
2026-08-05 12:29:00,PLMR,,134.4949951171875,134.4949951171875,134.4949951171875,134.4949951171875,579.0
2026-08-05 12:29:00,PLSE,,36.84000015258789,36.84000015258789,36.779998779296875,36.779998779296875,426.0
2026-08-05 12:29:00,PLTK,,3.9800000190734863,3.9800000190734863,3.9749999046325684,3.9749999046325684,485.0
2026-08-05 12:29:00,PLUG,,2.0950000286102295,2.0999999046325684,2.0899999141693115,2.0899999141693115,13051.0
2026-08-05 12:29:00,PMN,,13.109999656677246,13.109999656677246,13.109999656677246,13.109999656677246,205.0
2026-08-05 12:29:00,PNFP,,107.38500213623047,107.50499725341797,107.37999725341797,107.38999938964844,2215.0
2026-08-05 12:29:00,PNTG,,39.04999923706055,39.04999923706055,38.79999923706055,38.79999923706055,81481.0
2026-08-05 12:29:00,POET,,8.364999771118164,8.364999771118164,8.351900100708008,8.359999656677246,9749.0
2026-08-05 12:29:00,POWI,,62.060001373291016,62.060001373291016,62.05500030517578,62.05500030517578,601.0
2026-08-05 12:29:00,POWL,,214.44000244140625,214.72999572753906,214.43499755859375,214.72999572753906,1347.0
2026-08-05 12:29:00,PPC,,26.299999237060547,26.299999237060547,26.299999237060547,26.299999237060547,276.0
2026-08-05 12:29:00,PPTA,,22.43000030517578,22.43000030517578,22.420000076293945,22.420000076293945,1338.0
2026-08-05 12:29:00,PRAA,,17.31999969482422,17.31999969482422,17.31999969482422,17.31999969482422,494.0
2026-08-05 12:29:00,PRAX,,313.0400085449219,313.0400085449219,312.42999267578125,312.42999267578125,1534.0
2026-08-05 12:29:00,PRCH,,15.90999984741211,15.90999984741211,15.90999984741211,15.90999984741211,393.0
2026-08-05 12:29:00,PRCT,,19.200000762939453,19.260000228881836,19.200000762939453,19.225000381469727,6146.0
2026-08-05 12:29:00,PRIM,,84.70999908447266,84.91000366210938,84.70999908447266,84.79000091552734,2378.0
2026-08-05 12:29:00,PRME,,3.119499921798706,3.119499921798706,3.115000009536743,3.115000009536743,2361.0
2026-08-05 12:29:00,PRQR,,1.934999942779541,1.934999942779541,1.934999942779541,1.934999942779541,418.0
2026-08-05 12:29:00,PRVA,,24.299999237060547,24.309999465942383,24.299999237060547,24.299999237060547,1946.0
2026-08-05 12:29:00,PSEC,,2.190000057220459,2.190000057220459,2.190000057220459,2.190000057220459,640.0
2026-08-05 12:29:00,PTC,,139.24000549316406,139.27999877929688,139.24000549316406,139.27999877929688,2790.0
2026-08-05 12:29:00,PTCT,,68.77999877929688,68.77999877929688,68.77999877929688,68.77999877929688,471.0
2026-08-05 12:29:00,PTEN,,9.765000343322754,9.770000457763672,9.765000343322754,9.770000457763672,5817.0
2026-08-05 12:29:00,PTLO,,4.625,4.625,4.625,4.625,204.0
2026-08-05 12:29:00,PTON,,6.500100135803223,6.510000228881836,6.489999771118164,6.494999885559082,10372.0
2026-08-05 12:29:00,PWP,,17.264999389648438,17.280000686645508,17.264999389648438,17.280000686645508,910.0
2026-08-05 12:29:00,PYPL,,58.11000061035156,58.119998931884766,58.10499954223633,58.119998931884766,9720.0
2026-08-05 12:29:00,PZZA,,30.459999084472656,30.459999084472656,30.434999465942383,30.440000534057617,3445.0
2026-08-05 12:29:00,QCOM,,158.375,158.44000244140625,158.3000030517578,158.3000030517578,30325.0
2026-08-05 12:29:00,QCRH,,105.32499694824219,105.32499694824219,105.32499694824219,105.32499694824219,996.0
2026-08-05 12:29:00,QQQX,,30.441699981689453,30.45989990234375,30.441699981689453,30.45989990234375,482.0
2026-08-05 12:29:00,QRVO,,94.7699966430664,94.7699966430664,94.68009948730469,94.68009948730469,1953.0
2026-08-05 12:29:00,SEED,,1.0,1.0,1.0,1.0,50.0
2026-08-05 12:29:00,TARA,,4.054999828338623,4.054999828338623,4.050000190734863,4.050000190734863,2144.0
2026-08-05 12:29:00,WOOF,,2.930000066757202,2.930000066757202,2.930000066757202,2.930000066757202,4558.0
2026-08-05 12:30:00,ACDC,,4.474999904632568,4.480000019073486,4.474999904632568,4.474999904632568,4785.0
2026-08-05 12:30:00,BPOP,,177.6300048828125,177.6300048828125,177.6300048828125,177.6300048828125,931.0
2026-08-05 12:30:00,CNXN,,84.875,84.875,84.79000091552734,84.79000091552734,462.0
2026-08-05 12:30:00,EYE,,23.1200008392334,23.1200008392334,23.110000610351562,23.110000610351562,2865.0
2026-08-05 12:30:00,GLUE,,15.729999542236328,15.729999542236328,15.729999542236328,15.729999542236328,2152.0
2026-08-05 12:30:00,KIDS,,21.600000381469727,21.850000381469727,21.530000686645508,21.739999771118164,25682.0
2026-08-05 12:30:00,LUNG,,1.9550000429153442,1.9550000429153442,1.9550000429153442,1.9550000429153442,722.0
2026-08-05 12:30:00,MDB,,376.5799865722656,376.7200012207031,376.5799865722656,376.6400146484375,962.0
2026-08-05 12:30:00,MDLZ,,62.275001525878906,62.275001525878906,62.224998474121094,62.224998474121094,5640.0
2026-08-05 12:30:00,MLTX,,17.600000381469727,17.600000381469727,17.600000381469727,17.600000381469727,431.0
2026-08-05 12:30:00,MNRO,,13.204999923706055,13.204999923706055,13.204999923706055,13.204999923706055,1532.0
2026-08-05 12:30:00,MNST,,94.55000305175781,94.56500244140625,94.48999786376953,94.5,32866.0
2026-08-05 12:30:00,MNTS,,4.315000057220459,4.315000057220459,4.315000057220459,4.315000057220459,857.0
2026-08-05 12:30:00,MPWR,,1337.3399658203125,1340.1800537109375,1336.47998046875,1340.1800537109375,1104.0
2026-08-05 12:30:00,MRNA,,56.93000030517578,56.935001373291016,56.93000030517578,56.935001373291016,623.0
2026-08-05 12:30:00,MYGN,,3.134999990463257,3.134999990463257,3.134999990463257,3.134999990463257,1742.0
2026-08-05 12:30:00,MYRG,,338.73748779296875,339.2300109863281,338.70001220703125,339.2300109863281,461.0
2026-08-05 12:30:00,NAMS,,26.790000915527344,26.790000915527344,26.790000915527344,26.790000915527344,246.0
2026-08-05 12:30:00,NATR,,20.200000762939453,20.219999313354492,20.190000534057617,20.200000762939453,3395.0
2026-08-05 12:30:00,NAUT,,0.9501000046730042,0.9505000114440918,0.949999988079071,0.9502000212669373,2615.0
2026-08-05 12:30:00,NAVI,,9.100000381469727,9.104999542236328,9.100000381469727,9.100000381469727,4540.0
2026-08-05 12:30:00,NB,,5.085000038146973,5.090099811553955,5.085000038146973,5.090000152587891,4017.0
2026-08-05 12:30:00,NBIX,,163.4199981689453,163.4199981689453,163.4199981689453,163.4199981689453,1007.0
2026-08-05 12:30:00,NCPL,,0.413100004196167,0.4131999909877777,0.413100004196167,0.413100004196167,3768.0
2026-08-05 12:30:00,NCRA,,1.8000999689102173,1.8000999689102173,1.8000999689102173,1.8000999689102173,3792.0
2026-08-05 12:30:00,NDAQ,,94.6500015258789,94.6500015258789,94.62000274658203,94.62000274658203,2290.0
2026-08-05 12:30:00,NDLS,,17.69499969482422,17.69499969482422,17.69499969482422,17.69499969482422,664.0
2026-08-05 12:30:00,NDSN,,311.1700134277344,311.1700134277344,311.1499938964844,311.1499938964844,184.0
2026-08-05 12:30:00,NEO,,16.030000686645508,16.049999237060547,16.030000686645508,16.049999237060547,3708.0
2026-08-05 12:30:00,NEOG,,11.640000343322754,11.645000457763672,11.619999885559082,11.619999885559082,4649.0
2026-08-05 12:30:00,NESR,,28.729999542236328,28.739999771118164,28.719999313354492,28.739999771118164,1385.0
2026-08-05 12:30:00,NEWT,,15.069999694824219,15.069999694824219,15.069999694824219,15.069999694824219,832.0
2026-08-05 12:30:00,NEXT,,6.425000190734863,6.429999828338623,6.425000190734863,6.429999828338623,1454.0
2026-08-05 12:30:00,NFE,,0.33660000562667847,0.3375999927520752,0.33660000562667847,0.3375000059604645,1824.0
2026-08-05 12:30:00,NFLX,,73.47000122070312,73.4800033569336,73.42009735107422,73.43000030517578,23005.0
2026-08-05 12:30:00,NICE,,97.04499816894531,97.04499816894531,97.04499816894531,97.04499816894531,517.0
2026-08-05 12:30:00,NMFC,,7.324999809265137,7.328999996185303,7.324999809265137,7.324999809265137,3455.0
2026-08-05 12:30:00,NMRA,,1.6200000047683716,1.6200000047683716,1.6200000047683716,1.6200000047683716,1651.0
2026-08-05 12:30:00,NMRK,,15.625,15.625,15.625,15.625,1086.0
2026-08-05 12:30:00,NN,,14.220000267028809,14.220000267028809,14.210000038146973,14.220000267028809,4873.0
2026-08-05 12:30:00,NOVT,,156.8800048828125,156.97000122070312,156.8800048828125,156.97000122070312,2456.0
2026-08-05 12:30:00,NRC,,19.639999389648438,19.639999389648438,19.639999389648438,19.639999389648438,125.0
2026-08-05 12:30:00,NRDS,,9.138999938964844,9.138999938964844,9.138999938964844,9.138999938964844,242.0
2026-08-05 12:30:00,NRIM,,26.940000534057617,26.940000534057617,26.940000534057617,26.940000534057617,1918.0
2026-08-05 12:30:00,NRSN,,0.5339999794960022,0.5339999794960022,0.5339999794960022,0.5339999794960022,200.0
2026-08-05 12:30:00,NSSC,,40.2599983215332,40.2599983215332,40.2599983215332,40.2599983215332,244.0
2026-08-05 12:30:00,NTAP,,190.19000244140625,190.38499450683594,190.19000244140625,190.38499450683594,856.0
2026-08-05 12:30:00,NTES,,127.73999786376953,127.79499816894531,127.73999786376953,127.79499816894531,747.0
2026-08-05 12:30:00,NTGR,,24.309999465942383,24.309999465942383,24.270000457763672,24.309999465942383,426.0
2026-08-05 12:30:00,NTNX,,60.56999969482422,60.56999969482422,60.56999969482422,60.56999969482422,245.0
2026-08-05 12:30:00,NTRS,,183.5850067138672,183.5850067138672,183.5850067138672,183.5850067138672,332.0
2026-08-05 12:30:00,NUWE,,1.726099967956543,1.726099967956543,1.726099967956543,1.726099967956543,33.0
2026-08-05 12:30:00,NVAX,,7.644999980926514,7.644999980926514,7.635000228881836,7.639999866485596,6103.0
2026-08-05 12:30:00,NVCR,,16.110000610351562,16.110000610351562,16.110000610351562,16.110000610351562,1020.0
2026-08-05 12:30:00,NVCT,,20.270000457763672,20.270000457763672,20.18000030517578,20.260000228881836,2404.0
2026-08-05 12:30:00,NVDA,,221.22000122070312,221.35000610351562,221.14500427246094,221.1699981689453,305830.0
2026-08-05 12:30:00,NVMI,,410.2300109863281,410.6099853515625,409.8999938964844,410.6099853515625,779.0
2026-08-05 12:30:00,NVTS,,12.5600004196167,12.61989974975586,12.5600004196167,12.604999542236328,26451.0
2026-08-05 12:30:00,NWBI,,15.96500015258789,15.96500015258789,15.954999923706055,15.9576997756958,5054.0
2026-08-05 12:30:00,NWL,,6.313600063323975,6.329999923706055,6.309999942779541,6.315000057220459,18534.0
2026-08-05 12:30:00,NWPX,,127.41000366210938,127.41000366210938,127.37999725341797,127.38999938964844,1794.0
2026-08-05 12:30:00,NWS,,32.189998626708984,32.189998626708984,32.189998626708984,32.189998626708984,873.0
2026-08-05 12:30:00,NWSA,,28.174999237060547,28.174999237060547,28.155000686645508,28.15999984741211,5318.0
2026-08-05 12:30:00,NXPI,,231.4199981689453,231.64999389648438,231.41000366210938,231.64999389648438,4219.0
2026-08-05 12:30:00,NXT,,98.80999755859375,99.0199966430664,98.80999755859375,98.98750305175781,4435.0
2026-08-05 12:30:00,OBIO,,4.224999904632568,4.224999904632568,4.224999904632568,4.224999904632568,511.0
2026-08-05 12:30:00,OCCI,,2.460099935531616,2.460099935531616,2.460099935531616,2.460099935531616,448.0
2026-08-05 12:30:00,OCGN,,1.2949999570846558,1.2999999523162842,1.2936999797821045,1.2999999523162842,4715.0
2026-08-05 12:30:00,OCS,,12.0600004196167,12.0600004196167,12.0600004196167,12.0600004196167,433.0
2026-08-05 12:30:00,OCUL,,8.494999885559082,8.5,8.494999885559082,8.5,2032.0
2026-08-05 12:30:00,ODFL,,214.66000366210938,214.8300018310547,214.66000366210938,214.7100067138672,1719.0
2026-08-05 12:30:00,OFIX,,10.760000228881836,10.760000228881836,10.760000228881836,10.760000228881836,1284.0
2026-08-05 12:30:00,OGI,,0.9484999775886536,0.9484999775886536,0.9477999806404114,0.9477999806404114,986.0
2026-08-05 12:30:00,OLLI,,78.29000091552734,78.30999755859375,78.29000091552734,78.30999755859375,2406.0
2026-08-05 12:30:00,OLMA,,11.539999961853027,11.549200057983398,11.539999961853027,11.549200057983398,1919.0
2026-08-05 12:30:00,OMER,,12.920000076293945,12.920000076293945,12.920000076293945,12.920000076293945,796.0
2026-08-05 12:30:00,ON,,77.95999908447266,78.20999908447266,77.95999908447266,78.1449966430664,19370.0
2026-08-05 12:30:00,ONB,,27.070100784301758,27.07990074157715,27.05500030517578,27.05500030517578,14190.0
2026-08-05 12:30:00,ONCY,,0.7943000197410583,0.7943000197410583,0.7943000197410583,0.7943000197410583,140.0
2026-08-05 12:30:00,ONDS,,8.9350004196167,8.949999809265137,8.930000305175781,8.949899673461914,222784.0
2026-08-05 12:30:00,ONFO,,0.0737999975681305,0.0738999992609024,0.07360000163316727,0.07370000332593918,13148.0
2026-08-05 12:30:00,ONMD,,0.6809999942779541,0.6809999942779541,0.6807000041007996,0.6807000041007996,1800.0
2026-08-05 12:30:00,OPCH,,23.3700008392334,23.3799991607666,23.360000610351562,23.360000610351562,1080.0
2026-08-05 12:30:00,OPEN,,3.8299999237060547,3.8399999141693115,3.8299999237060547,3.8301000595092773,40392.0
2026-08-05 12:30:00,OPK,,1.3250000476837158,1.3250000476837158,1.315000057220459,1.3200000524520874,44004.0
2026-08-05 12:30:00,OPRT,,6.110000133514404,6.110000133514404,6.110000133514404,6.110000133514404,632.0
2026-08-05 12:30:00,ORIC,,13.265000343322754,13.265000343322754,13.265000343322754,13.265000343322754,1922.0
2026-08-05 12:30:00,ORLY,,93.0199966430664,93.0199966430664,92.9800033569336,92.9800033569336,3151.0
2026-08-05 12:30:00,OSBC,,25.809999465942383,25.809999465942383,25.799999237060547,25.799999237060547,2341.0
2026-08-05 12:30:00,OSPN,,16.5,16.5,16.5,16.5,879.0
2026-08-05 12:30:00,OSS,,13.989999771118164,14.039999961853027,13.989999771118164,14.039999961853027,2660.0
2026-08-05 12:30:00,OSUR,,4.144999980926514,4.144999980926514,4.144999980926514,4.144999980926514,600.0
2026-08-05 12:30:00,OTEX,,25.774999618530273,25.780000686645508,25.774999618530273,25.774999618530273,1694.0
2026-08-05 12:30:00,OTLK,,1.0199999809265137,1.0199999809265137,1.0099999904632568,1.0099999904632568,3582.0
2026-08-05 12:30:00,OTTR,,91.41000366210938,91.51499938964844,91.41000366210938,91.51499938964844,1832.0
2026-08-05 12:30:00,OVID,,2.6649999618530273,2.6649999618530273,2.6649999618530273,2.6649999618530273,5403.0
2026-08-05 12:30:00,OXLC,,9.145000457763672,9.145000457763672,9.145000457763672,9.145000457763672,5931.0
2026-08-05 12:30:00,OXSQ,,1.4950000047683716,1.4950000047683716,1.4950000047683716,1.4950000047683716,411.0
2026-08-05 12:30:00,PAA,,23.21500015258789,23.21500015258789,23.21500015258789,23.21500015258789,1969.0
2026-08-05 12:30:00,PAAS,,48.18000030517578,48.22999954223633,48.18000030517578,48.209999084472656,5164.0
2026-08-05 12:30:00,PACB,,1.399999976158142,1.4049999713897705,1.399999976158142,1.399999976158142,1538.0
2026-08-05 12:30:00,PAGP,,25.145000457763672,25.145000457763672,25.145000457763672,25.145000457763672,858.0
2026-08-05 12:30:00,PALI,,2.130000114440918,2.130000114440918,2.130000114440918,2.130000114440918,2224.0
2026-08-05 12:30:00,PANW,,363.68499755859375,363.9862060546875,363.4949951171875,363.4949951171875,5413.0
2026-08-05 12:30:00,PATK,,87.80500030517578,87.80500030517578,87.80500030517578,87.80500030517578,362.0
2026-08-05 12:30:00,PAYO,,7.130000114440918,7.130000114440918,7.119999885559082,7.119999885559082,3850.0
2026-08-05 12:30:00,PAYS,,9.159000396728516,9.159000396728516,9.159000396728516,9.159000396728516,440.0
2026-08-05 12:30:00,PAYX,,116.7249984741211,116.7249984741211,116.62999725341797,116.63999938964844,3269.0
2026-08-05 12:30:00,PCAR,,133.8800048828125,133.8800048828125,133.8800048828125,133.8800048828125,1771.0
2026-08-05 12:30:00,PCRX,,25.100000381469727,25.1200008392334,25.100000381469727,25.1200008392334,917.0
2026-08-05 12:30:00,PCT,,6.900000095367432,6.920000076293945,6.900000095367432,6.90500020980835,4575.0
2026-08-05 12:30:00,PCTY,,143.63499450683594,143.63499450683594,143.63499450683594,143.63499450683594,385.0
2026-08-05 12:30:00,PDD,,90.81999969482422,90.83000183105469,90.80000305175781,90.80000305175781,2145.0
2026-08-05 12:30:00,PDFS,,50.470001220703125,50.470001220703125,50.470001220703125,50.470001220703125,1062.0
2026-08-05 12:30:00,PDSB,,0.7139999866485596,0.7139999866485596,0.7139999866485596,0.7139999866485596,7006.0
2026-08-05 12:30:00,PEBO,,41.720001220703125,41.720001220703125,41.720001220703125,41.720001220703125,1608.0
2026-08-05 12:30:00,PECO,,41.36000061035156,41.36000061035156,41.349998474121094,41.349998474121094,1680.0
2026-08-05 12:30:00,PENN,,19.780000686645508,19.795000076293945,19.770000457763672,19.774999618530273,4557.0
2026-08-05 12:30:00,PEP,,138.5500030517578,138.5500030517578,138.42999267578125,138.42999267578125,5493.0
2026-08-05 12:30:00,PESI,,17.725000381469727,17.725000381469727,17.725000381469727,17.725000381469727,343.0
2026-08-05 12:30:00,PFG,,113.9000015258789,113.96499633789062,113.9000015258789,113.94000244140625,6774.0
2026-08-05 12:30:00,PGEN,,6.994999885559082,7.059999942779541,6.989999771118164,7.054999828338623,90977.0
2026-08-05 12:30:00,PGNY,,31.719999313354492,31.719999313354492,31.719999313354492,31.719999313354492,525.0
2026-08-05 12:30:00,PGY,,21.860000610351562,21.8700008392334,21.850000381469727,21.8700008392334,2976.0
2026-08-05 12:30:00,PHAT,,8.484999656677246,8.484999656677246,8.484999656677246,8.484999656677246,1043.0
2026-08-05 12:30:00,PHVS,,32.91999816894531,32.91999816894531,32.91999816894531,32.91999816894531,410.0
2026-08-05 12:30:00,PLAB,,32.20000076293945,32.2599983215332,32.20000076293945,32.2599983215332,1599.0
2026-08-05 12:30:00,PLPC,,458.2774963378906,458.2774963378906,458.2550048828125,458.2550048828125,133.0
2026-08-05 12:30:00,PLSE,,36.880001068115234,36.88999938964844,36.849998474121094,36.849998474121094,700.0
2026-08-05 12:30:00,PLTK,,3.9649999141693115,3.984999895095825,3.9649999141693115,3.9800000190734863,22871.0
2026-08-05 12:30:00,PLUG,,2.0950000286102295,2.0971999168395996,2.0950000286102295,2.0971999168395996,6735.0
2026-08-05 12:30:00,PLXS,,274.3800048828125,274.3800048828125,274.3800048828125,274.3800048828125,858.0
2026-08-05 12:30:00,PNFP,,107.38500213623047,107.38500213623047,107.38500213623047,107.38500213623047,755.0
2026-08-05 12:30:00,PNTG,,39.119998931884766,39.119998931884766,39.119998931884766,39.119998931884766,1551.0
2026-08-05 12:30:00,POET,,8.354999542236328,8.375,8.354999542236328,8.364999771118164,23439.0
2026-08-05 12:30:00,POWI,,62.05500030517578,62.05500030517578,62.05500030517578,62.05500030517578,873.0
2026-08-05 12:30:00,POWL,,213.9199981689453,214.50999450683594,213.9199981689453,214.50999450683594,3394.0
2026-08-05 12:30:00,PPC,,26.350000381469727,26.350000381469727,26.309999465942383,26.309999465942383,5007.0
2026-08-05 12:30:00,PPTA,,22.420000076293945,22.440000534057617,22.40999984741211,22.43000030517578,6742.0
2026-08-05 12:30:00,PRAX,,313.3500061035156,313.3599853515625,312.5,313.3599853515625,353.0
2026-08-05 12:30:00,PRCH,,15.90999984741211,15.920000076293945,15.90999984741211,15.90999984741211,2587.0
2026-08-05 12:30:00,PRCT,,19.225000381469727,19.229999542236328,19.209999084472656,19.209999084472656,2628.0
2026-08-05 12:30:00,PRGS,,41.935001373291016,41.935001373291016,41.935001373291016,41.935001373291016,146.0
2026-08-05 12:30:00,PRIM,,84.69999694824219,84.79000091552734,84.69999694824219,84.70999908447266,1526.0
2026-08-05 12:30:00,PRLD,,4.559999942779541,4.559999942779541,4.559999942779541,4.559999942779541,2705.0
2026-08-05 12:30:00,PRME,,3.11899995803833,3.11899995803833,3.109999895095825,3.115000009536743,4285.0
2026-08-05 12:30:00,PROK,,1.6449999809265137,1.6449999809265137,1.6399999856948853,1.6399999856948853,4702.0
2026-08-05 12:30:00,PRQR,,1.940000057220459,1.940000057220459,1.940000057220459,1.940000057220459,2845.0
2026-08-05 12:30:00,PRVA,,24.280000686645508,24.290000915527344,24.274999618530273,24.290000915527344,1641.0
2026-08-05 12:30:00,PSEC,,2.1800999641418457,2.190000057220459,2.1800999641418457,2.190000057220459,1703.0
2026-08-05 12:30:00,PSNL,,13.619999885559082,13.619999885559082,13.619999885559082,13.619999885559082,574.0
2026-08-05 12:30:00,PTCT,,68.73999786376953,68.7699966430664,68.73999786376953,68.7699966430664,1398.0
2026-08-05 12:30:00,PTEN,,9.760000228881836,9.774999618530273,9.760000228881836,9.765000343322754,14068.0
2026-08-05 12:30:00,PTLO,,4.635000228881836,4.638999938964844,4.630000114440918,4.630000114440918,3365.0
2026-08-05 12:30:00,PTON,,6.501100063323975,6.505000114440918,6.5,6.505000114440918,1561.0
2026-08-05 12:30:00,PWP,,17.270000457763672,17.290000915527344,17.25,17.290000915527344,4035.0
2026-08-05 12:30:00,PYPD,,4.519999980926514,4.519999980926514,4.519999980926514,4.519999980926514,246.0
2026-08-05 12:30:00,PYPL,,58.18000030517578,58.189998626708984,58.119998931884766,58.119998931884766,21845.0
2026-08-05 12:30:00,PYXS,,3.1919000148773193,3.1919000148773193,3.1919000148773193,3.1919000148773193,657.0
2026-08-05 12:30:00,PZZA,,30.44499969482422,30.524999618530273,30.440000534057617,30.440000534057617,5465.0
2026-08-05 12:30:00,QCOM,,158.08999633789062,158.38999938964844,158.0399932861328,158.3800048828125,16446.0
2026-08-05 12:30:00,QFIN,,13.229999542236328,13.229999542236328,13.229999542236328,13.229999542236328,1025.0
2026-08-05 12:30:00,QRVO,,94.76499938964844,94.77999877929688,94.73500061035156,94.74250030517578,2553.0
2026-08-05 12:30:00,SEED,,0.9901999831199646,0.9901999831199646,0.9901000261306763,0.9901000261306763,1502.0
2026-08-05 12:30:00,TARA,,4.054999828338623,4.059999942779541,4.054999828338623,4.059999942779541,344.0
2026-08-05 12:30:00,WOOF,,2.934999942779541,2.934999942779541,2.930000066757202,2.934999942779541,14487.0
2026-08-05 12:31:00,ACDC,,4.465000152587891,4.474999904632568,4.465000152587891,4.474999904632568,5787.0
2026-08-05 12:31:00,CNXN,,84.94000244140625,84.94000244140625,84.94000244140625,84.94000244140625,613.0
2026-08-05 12:31:00,DTIL,,7.559999942779541,7.559999942779541,7.559999942779541,7.559999942779541,873.0
2026-08-05 12:31:00,EYE,,23.104999542236328,23.114999771118164,23.104999542236328,23.114999771118164,2172.0
2026-08-05 12:31:00,FRST,,16.3700008392334,16.375,16.350099563598633,16.375,2542.0
2026-08-05 12:31:00,GLUE,,15.739999771118164,15.75,15.710000038146973,15.729999542236328,9954.0
2026-08-05 12:31:00,KIDS,,21.34000015258789,21.649999618530273,21.34000015258789,21.579999923706055,3639.0
2026-08-05 12:31:00,MBRX,,0.40450000762939453,0.40470001101493835,0.40450000762939453,0.40470001101493835,4211.0
2026-08-05 12:31:00,MDB,,376.42498779296875,376.5799865722656,376.4175109863281,376.5199890136719,1271.0
2026-08-05 12:31:00,MDLZ,,62.310001373291016,62.310001373291016,62.28499984741211,62.28499984741211,5023.0
2026-08-05 12:31:00,MLTX,,17.59000015258789,17.59000015258789,17.575000762939453,17.575000762939453,648.0
2026-08-05 12:31:00,MNRO,,13.210000038146973,13.220000267028809,13.204999923706055,13.220000267028809,3738.0
2026-08-05 12:31:00,MNST,,94.54000091552734,94.54000091552734,94.45999908447266,94.51499938964844,11203.0
2026-08-05 12:31:00,MNTK,,1.6749999523162842,1.6799999475479126,1.6749999523162842,1.6799999475479126,637.0
2026-08-05 12:31:00,MPWR,,1335.9649658203125,1337.969970703125,1334.1199951171875,1334.300048828125,340.0
2026-08-05 12:31:00,MRNA,,56.869998931884766,56.88999938964844,56.86000061035156,56.88999938964844,6915.0
2026-08-05 12:31:00,MVBF,,30.635000228881836,30.635000228881836,30.635000228881836,30.635000228881836,205.0
2026-08-05 12:31:00,MYGN,,3.130000114440918,3.130000114440918,3.130000114440918,3.130000114440918,1694.0
2026-08-05 12:31:00,MYRG,,337.9508056640625,338.30999755859375,337.79998779296875,338.1099853515625,1702.0
2026-08-05 12:31:00,NAMS,,26.7450008392334,26.790000915527344,26.7450008392334,26.770000457763672,3525.0
2026-08-05 12:31:00,NAUT,,0.9501000046730042,0.9545000195503235,0.9501000046730042,0.9545000195503235,882.0
2026-08-05 12:31:00,NB,,5.070000171661377,5.085000038146973,5.070000171661377,5.085000038146973,1879.0
2026-08-05 12:31:00,NBIX,,163.2100067138672,163.32000732421875,163.1999969482422,163.32000732421875,2132.0
2026-08-05 12:31:00,NBN,,134.9600067138672,134.97999572753906,134.9600067138672,134.97999572753906,424.0
2026-08-05 12:31:00,NBTB,,53.47999954223633,53.47999954223633,53.47999954223633,53.47999954223633,374.0
2026-08-05 12:31:00,NDSN,,311.31500244140625,311.31500244140625,311.31500244140625,311.31500244140625,109.0
2026-08-05 12:31:00,NECB,,27.440000534057617,27.440000534057617,27.280000686645508,27.280000686645508,660.0
2026-08-05 12:31:00,NEO,,16.040000915527344,16.049999237060547,16.040000915527344,16.049999237060547,976.0
2026-08-05 12:31:00,NEOV,,2.8203001022338867,2.8299999237060547,2.819999933242798,2.819999933242798,2007.0
2026-08-05 12:31:00,NESR,,28.68000030517578,28.700000762939453,28.68000030517578,28.700000762939453,2047.0
2026-08-05 12:31:00,NEWT,,15.055000305175781,15.055000305175781,15.055000305175781,15.055000305175781,866.0
2026-08-05 12:31:00,NEXT,,6.409999847412109,6.429999828338623,6.409999847412109,6.425000190734863,3037.0
2026-08-05 12:31:00,NFLX,,73.4800033569336,73.51499938964844,73.45999908447266,73.4800033569336,35960.0
2026-08-05 12:31:00,NGNE,,35.15999984741211,35.15999984741211,35.15999984741211,35.15999984741211,515.0
2026-08-05 12:31:00,NICE,,96.94000244140625,97.05999755859375,96.94000244140625,97.05999755859375,3065.0
2026-08-05 12:31:00,NKTR,,73.33000183105469,73.41000366210938,73.33000183105469,73.41000366210938,1250.0
2026-08-05 12:31:00,NKTX,,2.2149999141693115,2.2149999141693115,2.2149999141693115,2.2149999141693115,1459.0
2026-08-05 12:31:00,NMFC,,7.320000171661377,7.324999809265137,7.320000171661377,7.324999809265137,825.0
2026-08-05 12:31:00,NMRK,,15.619999885559082,15.630000114440918,15.619999885559082,15.630000114440918,2464.0
2026-08-05 12:31:00,NN,,14.1899995803833,14.220000267028809,14.1899995803833,14.220000267028809,1540.0
2026-08-05 12:31:00,NNBR,,3.819999933242798,3.819999933242798,3.819999933242798,3.819999933242798,1089.0
2026-08-05 12:31:00,NNDM,,1.5399999618530273,1.5449999570846558,1.5399999618530273,1.5399999618530273,2417.0
2026-08-05 12:31:00,NOVT,,156.64999389648438,156.64999389648438,156.64999389648438,156.64999389648438,1050.0
2026-08-05 12:31:00,NRC,,19.549999237060547,19.549999237060547,19.549999237060547,19.549999237060547,2656.0
2026-08-05 12:31:00,NRDS,,9.170000076293945,9.170000076293945,9.140000343322754,9.140000343322754,9038.0
2026-08-05 12:31:00,NRIX,,24.90999984741211,24.90999984741211,24.899999618530273,24.899999618530273,1232.0
2026-08-05 12:31:00,NSSC,,40.15999984741211,40.15999984741211,40.15999984741211,40.15999984741211,667.0
2026-08-05 12:31:00,NTAP,,190.24000549316406,190.44189453125,190.05999755859375,190.44189453125,9015.0
2026-08-05 12:31:00,NTES,,127.79499816894531,127.79499816894531,127.79499816894531,127.79499816894531,150.0
2026-08-05 12:31:00,NTGR,,24.239999771118164,24.239999771118164,24.239999771118164,24.239999771118164,569.0
2026-08-05 12:31:00,NTNX,,60.64500045776367,60.64500045776367,60.59000015258789,60.59000015258789,2711.0
2026-08-05 12:31:00,NTRS,,183.5850067138672,183.58749389648438,183.5850067138672,183.5850067138672,1037.0
2026-08-05 12:31:00,NUWE,,1.7461999654769897,1.7461999654769897,1.7461999654769897,1.7461999654769897,400.0
2026-08-05 12:31:00,NVAX,,7.639999866485596,7.639999866485596,7.639999866485596,7.639999866485596,6623.0
2026-08-05 12:31:00,NVCR,,16.09000015258789,16.100000381469727,16.09000015258789,16.100000381469727,819.0
2026-08-05 12:31:00,NVCT,,20.190000534057617,20.190000534057617,20.190000534057617,20.190000534057617,1100.0
2026-08-05 12:31:00,NVDA,,221.2899932861328,221.38999938964844,221.1699981689453,221.2100067138672,261575.0
2026-08-05 12:31:00,NVTS,,12.529999732971191,12.555000305175781,12.520000457763672,12.555000305175781,19555.0
2026-08-05 12:31:00,NWL,,6.324999809265137,6.324999809265137,6.309999942779541,6.315000057220459,11849.0
2026-08-05 12:31:00,NWPX,,127.01000213623047,127.01000213623047,127.01000213623047,127.01000213623047,270.0
2026-08-05 12:31:00,NWS,,32.20500183105469,32.209999084472656,32.20000076293945,32.20000076293945,1972.0
2026-08-05 12:31:00,NWSA,,28.190000534057617,28.190000534057617,28.174999237060547,28.174999237060547,4355.0
2026-08-05 12:31:00,NXPI,,231.10000610351562,231.3300018310547,231.00999450683594,231.1999969482422,4477.0
2026-08-05 12:31:00,NXT,,98.70999908447266,98.80000305175781,98.70999908447266,98.80000305175781,3659.0
2026-08-05 12:31:00,OCC,,15.930000305175781,15.930000305175781,15.930000305175781,15.930000305175781,139.0
2026-08-05 12:31:00,OCSL,,12.175000190734863,12.179100036621094,12.170000076293945,12.170000076293945,1790.0
2026-08-05 12:31:00,OCUL,,8.489999771118164,8.489999771118164,8.480899810791016,8.489999771118164,8211.0
2026-08-05 12:31:00,OFIX,,10.805000305175781,10.8100004196167,10.75,10.75,3573.0
2026-08-05 12:31:00,OFLX,,30.274999618530273,30.47249984741211,30.274999618530273,30.47249984741211,1752.0
2026-08-05 12:31:00,OKTA,,147.7949981689453,147.91000366210938,147.7949981689453,147.7949981689453,1664.0
2026-08-05 12:31:00,OLMA,,11.494999885559082,11.494999885559082,11.494999885559082,11.494999885559082,784.0
2026-08-05 12:31:00,OMER,,12.920000076293945,12.920000076293945,12.920000076293945,12.920000076293945,460.0
2026-08-05 12:31:00,OMH,,0.11259999871253967,0.1128000020980835,0.11259999871253967,0.11259999871253967,44999.0
2026-08-05 12:31:00,ON,,77.94000244140625,77.98500061035156,77.80000305175781,77.95999908447266,25164.0
2026-08-05 12:31:00,ONB,,27.065000534057617,27.071699142456055,27.065000534057617,27.071699142456055,7312.0
2026-08-05 12:31:00,ONCY,,0.7914999723434448,0.7915999889373779,0.7914999723434448,0.7915999889373779,13676.0
2026-08-05 12:31:00,ONDS,,8.925000190734863,8.9399995803833,8.920000076293945,8.9399995803833,377583.0
2026-08-05 12:31:00,ONFO,,0.07500000298023224,0.07509999722242355,0.07490000128746033,0.07490000128746033,18816.0
2026-08-05 12:31:00,OPAL,,2.319999933242798,2.319999933242798,2.319999933242798,2.319999933242798,472.0
2026-08-05 12:31:00,OPCH,,23.3700008392334,23.3700008392334,23.360000610351562,23.3700008392334,1876.0
2026-08-05 12:31:00,OPEN,,3.8350000381469727,3.8399999141693115,3.8299999237060547,3.8399999141693115,157316.0
2026-08-05 12:31:00,OPK,,1.3250000476837158,1.3250000476837158,1.3200000524520874,1.3200000524520874,3751.0
2026-08-05 12:31:00,ORIC,,13.260000228881836,13.260000228881836,13.260000228881836,13.260000228881836,3303.0
2026-08-05 12:31:00,ORLY,,93.06999969482422,93.06999969482422,93.0199966430664,93.0199966430664,4573.0
2026-08-05 12:31:00,OSS,,13.989999771118164,14.037199974060059,13.989999771118164,14.037199974060059,943.0
2026-08-05 12:31:00,OSUR,,4.144999980926514,4.144999980926514,4.144999980926514,4.144999980926514,147.0
2026-08-05 12:31:00,OTEX,,25.795000076293945,25.795000076293945,25.78499984741211,25.78499984741211,2165.0
2026-08-05 12:31:00,OTLK,,1.0198999643325806,1.0198999643325806,1.0198999643325806,1.0198999643325806,1376.0
2026-08-05 12:31:00,OVID,,2.6649999618530273,2.6649999618530273,2.6649999618530273,2.6649999618530273,1349.0
2026-08-05 12:31:00,OXLC,,9.145000457763672,9.14900016784668,9.135000228881836,9.140000343322754,4690.0
2026-08-05 12:31:00,OXSQ,,1.4950000047683716,1.4996000528335571,1.4950000047683716,1.4950000047683716,7359.0
2026-08-05 12:31:00,PAA,,23.209999084472656,23.21500015258789,23.209999084472656,23.21500015258789,1138.0
2026-08-05 12:31:00,PAAS,,48.185001373291016,48.185001373291016,48.13999938964844,48.18000030517578,10329.0
2026-08-05 12:31:00,PACB,,1.4000999927520752,1.4049999713897705,1.399999976158142,1.399999976158142,1906.0
2026-08-05 12:31:00,PAHC,,35.94990158081055,35.94990158081055,35.94990158081055,35.94990158081055,297.0
2026-08-05 12:31:00,PANW,,364.0450134277344,364.1300048828125,363.75,363.75,7733.0
2026-08-05 12:31:00,PAYO,,7.125,7.130000114440918,7.125,7.130000114440918,1285.0
2026-08-05 12:31:00,PAYS,,9.140000343322754,9.149999618530273,9.140000343322754,9.149999618530273,2766.0
2026-08-05 12:31:00,PAYX,,116.9000015258789,116.9000015258789,116.73999786376953,116.73999786376953,2811.0
2026-08-05 12:31:00,PBYI,,7.989999771118164,7.989999771118164,7.989999771118164,7.989999771118164,113.0
2026-08-05 12:31:00,PCAR,,133.9199981689453,133.9199981689453,133.85000610351562,133.8800048828125,3217.0
2026-08-05 12:31:00,PCRX,,25.104999542236328,25.15999984741211,25.09000015258789,25.15999984741211,3278.0
2026-08-05 12:31:00,PCT,,6.88640022277832,6.889999866485596,6.885000228881836,6.889999866485596,2552.0
2026-08-05 12:31:00,PCTY,,144.02000427246094,144.02000427246094,143.86000061035156,143.86000061035156,2940.0
2026-08-05 12:31:00,PCYO,,10.529999732971191,10.529999732971191,10.529999732971191,10.529999732971191,244.0
2026-08-05 12:31:00,PDD,,90.8499984741211,90.8499984741211,90.82019805908203,90.82019805908203,3163.0
2026-08-05 12:31:00,PDFS,,50.349998474121094,50.349998474121094,50.279998779296875,50.279998779296875,905.0
2026-08-05 12:31:00,PEGA,,31.649999618530273,31.649999618530273,31.610000610351562,31.610000610351562,1524.0
2026-08-05 12:31:00,PENN,,19.780000686645508,19.780000686645508,19.780000686645508,19.780000686645508,1659.0
2026-08-05 12:31:00,PEP,,138.58999633789062,138.58999633789062,138.52000427246094,138.52499389648438,4660.0
2026-08-05 12:31:00,PFG,,113.97000122070312,113.97000122070312,113.97000122070312,113.97000122070312,476.0
2026-08-05 12:31:00,PFX,,44.91999816894531,44.91999816894531,44.91999816894531,44.91999816894531,11290.0
2026-08-05 12:31:00,PGEN,,6.985000133514404,7.005000114440918,6.980000019073486,7.005000114440918,17744.0
2026-08-05 12:31:00,PGNY,,31.739999771118164,31.739999771118164,31.729999542236328,31.729999542236328,766.0
2026-08-05 12:31:00,PGY,,21.81999969482422,21.854999542236328,21.81999969482422,21.854999542236328,3794.0
2026-08-05 12:31:00,PHAT,,8.460000038146973,8.479999542236328,8.460000038146973,8.479999542236328,4041.0
2026-08-05 12:31:00,PLAB,,32.150001525878906,32.150001525878906,32.150001525878906,32.150001525878906,1631.0
2026-08-05 12:31:00,PLBY,,1.1399999856948853,1.1449999809265137,1.1399999856948853,1.1419999599456787,6234.0
2026-08-05 12:31:00,PLPC,,458.6300048828125,458.6300048828125,458.6300048828125,458.6300048828125,90.0
2026-08-05 12:31:00,PLRX,,1.065000057220459,1.065000057220459,1.059999942779541,1.059999942779541,13975.0
2026-08-05 12:31:00,PLSE,,36.86000061035156,36.86000061035156,36.86000061035156,36.86000061035156,171.0
2026-08-05 12:31:00,PLTK,,3.9649999141693115,3.9649999141693115,3.9649999141693115,3.9649999141693115,476.0
2026-08-05 12:31:00,PLUG,,2.0850000381469727,2.0999999046325684,2.0801000595092773,2.0999999046325684,113942.0
2026-08-05 12:31:00,PLXS,,274.2149963378906,274.260009765625,274.0,274.0,2815.0
2026-08-05 12:31:00,PMVP,,1.1799999475479126,1.1799999475479126,1.1799999475479126,1.1799999475479126,2360.0
2026-08-05 12:31:00,PNFP,,107.58499908447266,107.63500213623047,107.5199966430664,107.5199966430664,13410.0
2026-08-05 12:31:00,POET,,8.329999923706055,8.350000381469727,8.329999923706055,8.350000381469727,26221.0
2026-08-05 12:31:00,POOL,,205.56500244140625,205.56500244140625,205.14999389648438,205.17999267578125,4544.0
2026-08-05 12:31:00,POWL,,212.89010620117188,213.9199981689453,212.89010620117188,213.9199981689453,1648.0
2026-08-05 12:31:00,PPC,,26.37649917602539,26.389999389648438,26.350000381469727,26.350000381469727,3272.0
2026-08-05 12:31:00,PRCH,,15.895000457763672,15.90999984741211,15.890000343322754,15.90999984741211,1322.0
2026-08-05 12:31:00,PRCT,,19.21500015258789,19.225000381469727,19.210500717163086,19.225000381469727,1453.0
2026-08-05 12:31:00,PRIM,,84.4000015258789,84.54000091552734,84.37999725341797,84.52999877929688,2085.0
2026-08-05 12:31:00,PRME,,3.115000009536743,3.115000009536743,3.1108999252319336,3.115000009536743,6948.0
2026-08-05 12:31:00,PROK,,1.6399999856948853,1.6399999856948853,1.6399999856948853,1.6399999856948853,11373.0
2026-08-05 12:31:00,PRQR,,1.9600000381469727,1.9600000381469727,1.940000057220459,1.940000057220459,13885.0
2026-08-05 12:31:00,PRSO,,0.6837000250816345,0.6837000250816345,0.6837000250816345,0.6837000250816345,400.0
2026-08-05 12:31:00,PRVA,,24.290000915527344,24.290000915527344,24.290000915527344,24.290000915527344,1127.0
2026-08-05 12:31:00,PRZO,,0.5529999732971191,0.5529999732971191,0.5529999732971191,0.5529999732971191,1320.0
2026-08-05 12:31:00,PSEC,,2.1851000785827637,2.190000057220459,2.184999942779541,2.184999942779541,6460.0
2026-08-05 12:31:00,PSNL,,13.609999656677246,13.609999656677246,13.609999656677246,13.609999656677246,888.0
2026-08-05 12:31:00,PSNY,,14.020000457763672,14.020000457763672,14.020000457763672,14.020000457763672,200.0
2026-08-05 12:31:00,PTC,,139.55999755859375,139.55999755859375,139.55999755859375,139.55999755859375,1054.0
2026-08-05 12:31:00,PTCT,,68.76000213623047,68.76000213623047,68.76000213623047,68.76000213623047,1738.0
2026-08-05 12:31:00,PTEN,,9.744999885559082,9.760000228881836,9.744999885559082,9.760000228881836,15650.0
2026-08-05 12:31:00,PTLO,,4.638999938964844,4.638999938964844,4.638999938964844,4.638999938964844,610.0
2026-08-05 12:31:00,PTON,,6.505000114440918,6.510000228881836,6.5,6.510000228881836,14483.0
2026-08-05 12:31:00,PUBM,,13.399999618530273,13.430000305175781,13.399999618530273,13.430000305175781,2784.0
2026-08-05 12:31:00,PYPL,,58.220001220703125,58.22999954223633,58.187198638916016,58.189998626708984,7690.0
2026-08-05 12:31:00,PYXS,,3.190000057220459,3.190000057220459,3.190000057220459,3.190000057220459,444.0
2026-08-05 12:31:00,PZZA,,30.44499969482422,30.44529914855957,30.399999618530273,30.44529914855957,4251.0
2026-08-05 12:31:00,QCOM,,158.2100067138672,158.24000549316406,158.0500030517578,158.08999633789062,11524.0
2026-08-05 12:31:00,QFIN,,13.229999542236328,13.234999656677246,13.229999542236328,13.229999542236328,618.0
2026-08-05 12:31:00,QRVO,,94.70999908447266,94.73999786376953,94.70999908447266,94.7249984741211,2047.0
2026-08-05 12:31:00,SEED,,0.9901000261306763,0.9901000261306763,0.9901000261306763,0.9901000261306763,1160.0
2026-08-05 12:31:00,STIM,,2.2699999809265137,2.2799999713897705,2.2699999809265137,2.2799999713897705,3724.0
2026-08-05 12:31:00,TARA,,4.054999828338623,4.054999828338623,4.054999828338623,4.054999828338623,266.0
2026-08-05 12:31:00,WOOF,,2.934999942779541,2.934999942779541,2.930000066757202,2.930000066757202,1358.0
2026-08-05 12:32:00,DTIL,,7.579999923706055,7.579999923706055,7.579999923706055,7.579999923706055,157.0
2026-08-05 12:32:00,EYE,,23.1200008392334,23.1200008392334,23.100000381469727,23.104999542236328,3150.0
2026-08-05 12:32:00,GLUE,,15.720000267028809,15.729999542236328,15.720000267028809,15.729999542236328,4681.0
2026-08-05 12:32:00,KIDS,,21.34000015258789,21.34000015258789,21.34000015258789,21.34000015258789,1209.0
2026-08-05 12:32:00,KITT,,1.0299999713897705,1.0299999713897705,1.0299999713897705,1.0299999713897705,334.0
2026-08-05 12:32:00,MBRX,,0.40709999203681946,0.40709999203681946,0.40709999203681946,0.40709999203681946,2488.0
2026-08-05 12:32:00,MDB,,376.1700134277344,376.7200012207031,376.1700134277344,376.7200012207031,941.0
2026-08-05 12:32:00,MDLZ,,62.29999923706055,62.33000183105469,62.29499816894531,62.33000183105469,10734.0
2026-08-05 12:32:00,MLTX,,17.559999465942383,17.59000015258789,17.559999465942383,17.579999923706055,1558.0
2026-08-05 12:32:00,MNRO,,13.180000305175781,13.180000305175781,13.180000305175781,13.180000305175781,636.0
2026-08-05 12:32:00,MNST,,94.51499938964844,94.53500366210938,94.45999908447266,94.53500366210938,13706.0
2026-08-05 12:32:00,MNTS,,4.310100078582764,4.310100078582764,4.310100078582764,4.310100078582764,356.0
2026-08-05 12:32:00,MORN,,197.5399932861328,197.57000732421875,197.53500366210938,197.57000732421875,668.0
2026-08-05 12:32:00,MOVE,,11.699999809265137,11.699999809265137,11.699999809265137,11.699999809265137,579.0
2026-08-05 12:32:00,MPWR,,1338.7750244140625,1339.5899658203125,1337.969970703125,1337.969970703125,711.0
2026-08-05 12:32:00,MRNA,,56.90999984741211,56.92499923706055,56.869998931884766,56.869998931884766,4624.0
2026-08-05 12:32:00,MVBF,,30.635000228881836,30.635000228881836,30.635000228881836,30.635000228881836,277.0
2026-08-05 12:32:00,MYGN,,3.125,3.130000114440918,3.125,3.130000114440918,3308.0
2026-08-05 12:32:00,MYRG,,337.864990234375,337.864990234375,337.70001220703125,337.70001220703125,494.0
2026-08-05 12:32:00,NAUT,,0.9501000046730042,0.9501000046730042,0.9501000046730042,0.9501000046730042,962.0
2026-08-05 12:32:00,NAVI,,9.100000381469727,9.100000381469727,9.100000381469727,9.100000381469727,481.0
2026-08-05 12:32:00,NB,,5.085000038146973,5.085000038146973,5.074999809265137,5.074999809265137,3986.0
2026-08-05 12:32:00,NBIX,,163.22999572753906,163.41000366210938,163.22999572753906,163.41000366210938,634.0
2026-08-05 12:32:00,NBTB,,53.470001220703125,53.470001220703125,53.470001220703125,53.470001220703125,954.0
2026-08-05 12:32:00,NBTX,,39.63999938964844,39.63999938964844,39.63999938964844,39.63999938964844,3102.0
2026-08-05 12:32:00,NDAQ,,94.72000122070312,94.72000122070312,94.69999694824219,94.70999908447266,1654.0
2026-08-05 12:32:00,NDSN,,311.31500244140625,311.31500244140625,311.31500244140625,311.31500244140625,202.0
2026-08-05 12:32:00,NEO,,16.010000228881836,16.030000686645508,16.010000228881836,16.030000686645508,1855.0
2026-08-05 12:32:00,NEOG,,11.640000343322754,11.645000457763672,11.635000228881836,11.645000457763672,6279.0
2026-08-05 12:32:00,NESR,,28.670000076293945,28.68000030517578,28.645000457763672,28.68000030517578,1833.0
2026-08-05 12:32:00,NEXT,,6.409999847412109,6.418900012969971,6.409999847412109,6.414999961853027,1397.0
2026-08-05 12:32:00,NFE,,0.33660000562667847,0.33660000562667847,0.33660000562667847,0.33660000562667847,752.0
2026-08-05 12:32:00,NFLX,,73.43000030517578,73.48999786376953,73.43000030517578,73.48500061035156,40444.0
2026-08-05 12:32:00,NGNE,,35.029998779296875,35.029998779296875,35.029998779296875,35.029998779296875,104.0
2026-08-05 12:32:00,NICE,,96.72000122070312,97.01000213623047,96.65499877929688,97.01000213623047,5764.0
2026-08-05 12:32:00,NKSH,,41.30500030517578,41.30500030517578,41.30500030517578,41.30500030517578,1463.0
2026-08-05 12:32:00,NKTR,,73.27999877929688,73.27999877929688,73.27999877929688,73.27999877929688,273.0
2026-08-05 12:32:00,NMFC,,7.321000099182129,7.321000099182129,7.321000099182129,7.321000099182129,498.0
2026-08-05 12:32:00,NMRA,,1.6150000095367432,1.6150000095367432,1.6150000095367432,1.6150000095367432,619.0
2026-08-05 12:32:00,NMRK,,15.609999656677246,15.614999771118164,15.609999656677246,15.609999656677246,1905.0
2026-08-05 12:32:00,NN,,14.1899995803833,14.194999694824219,14.1899995803833,14.190899848937988,1796.0
2026-08-05 12:32:00,NNBR,,3.819999933242798,3.819999933242798,3.819999933242798,3.819999933242798,576.0
2026-08-05 12:32:00,NNDM,,1.5449999570846558,1.5449999570846558,1.5399999618530273,1.5399999618530273,817.0
2026-08-05 12:32:00,NOVT,,156.5,156.50999450683594,156.5,156.50999450683594,1250.0
2026-08-05 12:32:00,NRDS,,9.1899995803833,9.1899995803833,9.175000190734863,9.175000190734863,1180.0
2026-08-05 12:32:00,NRIX,,24.905000686645508,24.905000686645508,24.905000686645508,24.905000686645508,394.0
2026-08-05 12:32:00,NTAP,,190.11000061035156,190.11000061035156,190.11000061035156,190.11000061035156,747.0
2026-08-05 12:32:00,NTCT,,41.57500076293945,41.599998474121094,41.57500076293945,41.599998474121094,1150.0
2026-08-05 12:32:00,NTES,,127.8373031616211,127.8373031616211,127.8373031616211,127.8373031616211,496.0
2026-08-05 12:32:00,NTGR,,24.219999313354492,24.219999313354492,24.219999313354492,24.219999313354492,918.0
2026-08-05 12:32:00,NTNX,,60.650001525878906,60.650001525878906,60.6150016784668,60.6150016784668,1512.0
2026-08-05 12:32:00,NTRA,,275.69000244140625,275.69000244140625,275.69000244140625,275.69000244140625,200.0
2026-08-05 12:32:00,NTRS,,183.7100067138672,183.7100067138672,183.7100067138672,183.7100067138672,837.0
2026-08-05 12:32:00,NUWE,,1.7491999864578247,1.7491999864578247,1.74590003490448,1.74590003490448,2401.0
2026-08-05 12:32:00,NVAX,,7.638999938964844,7.639400005340576,7.6315999031066895,7.6315999031066895,1491.0
2026-08-05 12:32:00,NVCR,,16.09000015258789,16.09000015258789,16.09000015258789,16.09000015258789,344.0
2026-08-05 12:32:00,NVDA,,221.4600067138672,221.5,221.25,221.29220581054688,294466.0
2026-08-05 12:32:00,NVTS,,12.545000076293945,12.545000076293945,12.520000457763672,12.520000457763672,6916.0
2026-08-05 12:32:00,NWBI,,15.949999809265137,15.960000038146973,15.949999809265137,15.960000038146973,4261.0
2026-08-05 12:32:00,NWL,,6.319900035858154,6.324999809265137,6.309999942779541,6.324999809265137,17202.0
2026-08-05 12:32:00,NWPX,,127.0,127.0,127.0,127.0,888.0
2026-08-05 12:32:00,NWS,,32.20000076293945,32.20500183105469,32.20000076293945,32.20500183105469,1336.0
2026-08-05 12:32:00,NWSA,,28.18000030517578,28.18000030517578,28.18000030517578,28.18000030517578,647.0
2026-08-05 12:32:00,NXPI,,231.22000122070312,231.3426055908203,231.1750030517578,231.17999267578125,1175.0
2026-08-05 12:32:00,NXST,,192.64999389648438,192.64999389648438,192.64999389648438,192.64999389648438,1016.0
2026-08-05 12:32:00,NXT,,98.7300033569336,98.77999877929688,98.7300033569336,98.77999877929688,1171.0
2026-08-05 12:32:00,OBIO,,4.215000152587891,4.21999979019165,4.215000152587891,4.21999979019165,872.0
2026-08-05 12:32:00,OCCI,,2.4649999141693115,2.4649999141693115,2.4649999141693115,2.4649999141693115,224.0
2026-08-05 12:32:00,OCFC,,19.790000915527344,19.790000915527344,19.790000915527344,19.790000915527344,1932.0
2026-08-05 12:32:00,OCGN,,1.2949999570846558,1.2949999570846558,1.2899999618530273,1.2899999618530273,2158.0
2026-08-05 12:32:00,OCSL,,12.178999900817871,12.178999900817871,12.178999900817871,12.178999900817871,753.0
2026-08-05 12:32:00,ODFL,,214.86000061035156,214.86000061035156,214.86000061035156,214.86000061035156,654.0
2026-08-05 12:32:00,OESX,,14.859999656677246,14.859999656677246,14.4399995803833,14.4399995803833,1916.0
2026-08-05 12:32:00,OFIX,,10.770000457763672,10.805000305175781,10.75,10.805000305175781,6644.0
2026-08-05 12:32:00,OFS,,3.4700000286102295,3.4700000286102295,3.4700000286102295,3.4700000286102295,129.0
2026-08-05 12:32:00,OKTA,,147.7899932861328,147.8000030517578,147.7899932861328,147.8000030517578,1216.0
2026-08-05 12:32:00,OLLI,,78.36499786376953,78.37999725341797,78.36499786376953,78.37999725341797,1726.0
2026-08-05 12:32:00,OLMA,,11.489999771118164,11.494999885559082,11.489999771118164,11.494999885559082,1312.0
2026-08-05 12:32:00,OMCL,,37.25,37.290000915527344,37.18000030517578,37.220001220703125,7206.0
2026-08-05 12:32:00,OMER,,12.899999618530273,12.90999984741211,12.895000457763672,12.90999984741211,3801.0
2026-08-05 12:32:00,OMH,,0.11270000040531158,0.11270000040531158,0.11270000040531158,0.11270000040531158,0.0
2026-08-05 12:32:00,ON,,77.94999694824219,78.01000213623047,77.8949966430664,77.92500305175781,13254.0
2026-08-05 12:32:00,ONB,,27.075000762939453,27.075000762939453,27.05500030517578,27.059999465942383,12287.0
2026-08-05 12:32:00,ONDS,,8.944999694824219,8.949899673461914,8.920000076293945,8.920000076293945,368347.0
2026-08-05 12:32:00,ONFO,,0.07509999722242355,0.07519999891519547,0.07509999722242355,0.07519999891519547,197296.0
2026-08-05 12:32:00,ONMD,,0.6807000041007996,0.6807000041007996,0.6807000041007996,0.6807000041007996,101.0
2026-08-05 12:32:00,OPCH,,23.350000381469727,23.360000610351562,23.350000381469727,23.360000610351562,1348.0
2026-08-05 12:32:00,OPEN,,3.840100049972534,3.8499999046325684,3.8299999237060547,3.839900016784668,174042.0
2026-08-05 12:32:00,OPHC,,8.5600004196167,8.5600004196167,8.5600004196167,8.5600004196167,426.0
2026-08-05 12:32:00,OPK,,1.3250000476837158,1.3250000476837158,1.3250000476837158,1.3250000476837158,2359.0
2026-08-05 12:32:00,OPRA,,19.90999984741211,19.90999984741211,19.90999984741211,19.90999984741211,311.0
2026-08-05 12:32:00,ORGO,,2.3450000286102295,2.3450000286102295,2.3450000286102295,2.3450000286102295,473.0
2026-08-05 12:32:00,ORLY,,93.0,93.05000305175781,93.0,93.05000305175781,7416.0
2026-08-05 12:32:00,OSBC,,25.81999969482422,25.81999969482422,25.81999969482422,25.81999969482422,550.0
2026-08-05 12:32:00,OSPN,,16.469999313354492,16.479999542236328,16.469999313354492,16.479999542236328,1278.0
2026-08-05 12:32:00,OSS,,13.984999656677246,13.984999656677246,13.984999656677246,13.984999656677246,1714.0
2026-08-05 12:32:00,OTEX,,25.790000915527344,25.790000915527344,25.790000915527344,25.790000915527344,1868.0
2026-08-05 12:32:00,OVID,,2.6600000858306885,2.6600000858306885,2.6600000858306885,2.6600000858306885,879.0
2026-08-05 12:32:00,OXLC,,9.145000457763672,9.145000457763672,9.145000457763672,9.145000457763672,2063.0
2026-08-05 12:32:00,OXSQ,,1.4950000047683716,1.4950000047683716,1.4950000047683716,1.4950000047683716,525.0
2026-08-05 12:32:00,PAA,,23.219999313354492,23.219999313354492,23.209999084472656,23.209999084472656,3508.0
2026-08-05 12:32:00,PAAS,,48.18000030517578,48.22999954223633,48.18000030517578,48.19499969482422,7861.0
2026-08-05 12:32:00,PACB,,1.3949999809265137,1.399999976158142,1.3899999856948853,1.399999976158142,91897.0
2026-08-05 12:32:00,PAGP,,25.1299991607666,25.1299991607666,25.125,25.125,2241.0
2026-08-05 12:32:00,PAHC,,35.814998626708984,35.814998626708984,35.814998626708984,35.814998626708984,374.0
2026-08-05 12:32:00,PALI,,2.125,2.125,2.125,2.125,2451.0
2026-08-05 12:32:00,PANW,,363.67999267578125,364.0400085449219,363.45001220703125,364.0400085449219,6511.0
2026-08-05 12:32:00,PAX,,11.399999618530273,11.404999732971191,11.399999618530273,11.399999618530273,1561.0
2026-08-05 12:32:00,PAYO,,7.130000114440918,7.130000114440918,7.119999885559082,7.130000114440918,722.0
2026-08-05 12:32:00,PAYS,,9.130000114440918,9.130000114440918,9.130000114440918,9.130000114440918,2499.0
2026-08-05 12:32:00,PAYX,,116.88999938964844,116.88999938964844,116.87999725341797,116.87999725341797,832.0
2026-08-05 12:32:00,PBYI,,7.980000019073486,7.980000019073486,7.980000019073486,7.980000019073486,838.0
2026-08-05 12:32:00,PCAR,,133.97000122070312,133.97000122070312,133.94000244140625,133.9550018310547,2591.0
2026-08-05 12:32:00,PCRX,,25.06999969482422,25.094999313354492,25.06999969482422,25.094999313354492,1887.0
2026-08-05 12:32:00,PCT,,6.885000228881836,6.889999866485596,6.885000228881836,6.885000228881836,2836.0
2026-08-05 12:32:00,PDD,,90.80999755859375,90.8499984741211,90.80999755859375,90.8499984741211,4733.0
2026-08-05 12:32:00,PECO,,41.3650016784668,41.375,41.36000061035156,41.3650016784668,5304.0
2026-08-05 12:32:00,PEGA,,31.625,31.649999618530273,31.625,31.649999618530273,2333.0
2026-08-05 12:32:00,PENN,,19.770000457763672,19.780000686645508,19.770000457763672,19.780000686645508,972.0
2026-08-05 12:32:00,PEP,,138.5850067138672,138.61000061035156,138.57000732421875,138.61000061035156,4077.0
2026-08-05 12:32:00,PEPG,,1.9450000524520874,1.9450000524520874,1.9450000524520874,1.9450000524520874,769.0
2026-08-05 12:32:00,PFG,,113.9000015258789,113.9000015258789,113.9000015258789,113.9000015258789,637.0
2026-08-05 12:32:00,PFX,,45.25,45.79999923706055,45.25,45.790000915527344,22025.0
2026-08-05 12:32:00,PGEN,,7.005000114440918,7.008800029754639,6.985000133514404,6.985000133514404,18565.0
2026-08-05 12:32:00,PGNY,,31.725000381469727,31.725000381469727,31.725000381469727,31.725000381469727,270.0
2026-08-05 12:32:00,PGY,,21.809999465942383,21.84000015258789,21.809999465942383,21.809999465942383,5678.0
2026-08-05 12:32:00,PHAT,,8.460000038146973,8.460000038146973,8.460000038146973,8.460000038146973,13309.0
2026-08-05 12:32:00,PLPC,,455.75,455.75,455.75,455.75,183.0
2026-08-05 12:32:00,PLRX,,1.065000057220459,1.0679999589920044,1.0604000091552734,1.0679999589920044,1828.0
2026-08-05 12:32:00,PLUG,,2.089900016784668,2.0899999141693115,2.0850000381469727,2.0899999141693115,225583.0
2026-08-05 12:32:00,PLXS,,274.0,274.0,274.0,274.0,691.0
2026-08-05 12:32:00,PNFP,,107.62000274658203,107.66000366210938,107.45999908447266,107.51000213623047,2725.0
2026-08-05 12:32:00,POET,,8.359999656677246,8.359999656677246,8.329999923706055,8.329999923706055,9648.0
2026-08-05 12:32:00,POWI,,61.93000030517578,61.939998626708984,61.93000030517578,61.939998626708984,265.0
2026-08-05 12:32:00,POWL,,213.31500244140625,213.4199981689453,213.2949981689453,213.2949981689453,1522.0
2026-08-05 12:32:00,PPC,,26.3700008392334,26.3700008392334,26.3700008392334,26.3700008392334,1971.0
2026-08-05 12:32:00,PPTA,,22.350000381469727,22.360000610351562,22.350000381469727,22.360000610351562,1429.0
2026-08-05 12:32:00,PRAA,,17.31999969482422,17.31999969482422,17.31999969482422,17.31999969482422,155.0
2026-08-05 12:32:00,PRAX,,312.3900146484375,313.17999267578125,312.3900146484375,313.17999267578125,565.0
2026-08-05 12:32:00,PRCH,,15.914999961853027,15.914999961853027,15.880000114440918,15.895000457763672,6049.0
2026-08-05 12:32:00,PRCT,,19.19499969482422,19.209999084472656,19.18000030517578,19.204999923706055,5198.0
2026-08-05 12:32:00,PRDO,,32.970001220703125,32.970001220703125,32.90999984741211,32.90999984741211,889.0
2026-08-05 12:32:00,PRGS,,41.95500183105469,41.95500183105469,41.95500183105469,41.95500183105469,296.0
2026-08-05 12:32:00,PRIM,,84.61000061035156,84.66999816894531,84.4000015258789,84.51000213623047,5513.0
2026-08-05 12:32:00,PRME,,3.1050000190734863,3.115000009536743,3.1050000190734863,3.115000009536743,10157.0
2026-08-05 12:32:00,PROK,,1.6349999904632568,1.6349999904632568,1.6349999904632568,1.6349999904632568,285.0
2026-08-05 12:32:00,PRSO,,0.6851000189781189,0.6851000189781189,0.6851000189781189,0.6851000189781189,3113.0
2026-08-05 12:32:00,PRTA,,8.529999732971191,8.529999732971191,8.529999732971191,8.529999732971191,537.0
2026-08-05 12:32:00,PRVA,,24.299999237060547,24.299999237060547,24.290000915527344,24.290000915527344,1313.0
2026-08-05 12:32:00,PSEC,,2.184999942779541,2.190000057220459,2.180000066757202,2.190000057220459,2543.0
2026-08-05 12:32:00,PSMT,,193.89500427246094,193.89500427246094,193.89500427246094,193.89500427246094,596.0
2026-08-05 12:32:00,PSNL,,13.609999656677246,13.609999656677246,13.609999656677246,13.609999656677246,1064.0
2026-08-05 12:32:00,PSNY,,14.020000457763672,14.020000457763672,14.020000457763672,14.020000457763672,410.0
2026-08-05 12:32:00,PTC,,139.5,139.60000610351562,139.5,139.60000610351562,1138.0
2026-08-05 12:32:00,PTCT,,68.81999969482422,68.81999969482422,68.79000091552734,68.79000091552734,3547.0
2026-08-05 12:32:00,PTLO,,4.635000228881836,4.635000228881836,4.635000228881836,4.635000228881836,1453.0
2026-08-05 12:32:00,PTON,,6.489999771118164,6.505000114440918,6.489999771118164,6.505000114440918,11855.0
2026-08-05 12:32:00,PWP,,17.290000915527344,17.290000915527344,17.290000915527344,17.290000915527344,283.0
2026-08-05 12:32:00,PYPL,,58.22999954223633,58.23500061035156,58.22999954223633,58.22999954223633,2532.0
2026-08-05 12:32:00,PZZA,,30.395000457763672,30.40999984741211,30.3700008392334,30.399999618530273,8905.0
2026-08-05 12:32:00,QCOM,,158.3000030517578,158.35000610351562,158.1999969482422,158.22500610351562,10135.0
2026-08-05 12:32:00,QFIN,,13.229999542236328,13.229999542236328,13.229999542236328,13.229999542236328,1287.0
2026-08-05 12:32:00,TARA,,4.054999828338623,4.054999828338623,4.054999828338623,4.054999828338623,277.0
2026-08-05 12:33:00,ACDC,,4.454999923706055,4.465000152587891,4.454999923706055,4.465000152587891,8280.0
2026-08-05 12:33:00,CNXN,,84.875,84.875,84.875,84.875,369.0
2026-08-05 12:33:00,DTIL,,7.559999942779541,7.559999942779541,7.559999942779541,7.559999942779541,730.0
2026-08-05 12:33:00,EYE,,23.1200008392334,23.1200008392334,23.1200008392334,23.1200008392334,2086.0
2026-08-05 12:33:00,FRST,,16.389999389648438,16.389999389648438,16.389999389648438,16.389999389648438,296.0
2026-08-05 12:33:00,GLUE,,15.680000305175781,15.720000267028809,15.680000305175781,15.720000267028809,10550.0
2026-08-05 12:33:00,KIDS,,21.329999923706055,21.34000015258789,21.329999923706055,21.34000015258789,1373.0
2026-08-05 12:33:00,LUNG,,1.9600000381469727,1.9600000381469727,1.9600000381469727,1.9600000381469727,889.0
2026-08-05 12:33:00,MBRX,,0.4049000144004822,0.4049000144004822,0.4049000144004822,0.4049000144004822,427.0
2026-08-05 12:33:00,MCRI,,124.44499969482422,124.44499969482422,124.44499969482422,124.44499969482422,431.0
2026-08-05 12:33:00,MDB,,376.1549987792969,376.2200012207031,375.8999938964844,376.1700134277344,1203.0
2026-08-05 12:33:00,MDLZ,,62.33000183105469,62.33000183105469,62.279998779296875,62.29999923706055,10547.0
2026-08-05 12:33:00,MNRO,,13.170000076293945,13.170000076293945,13.170000076293945,13.170000076293945,505.0
2026-08-05 12:33:00,MNST,,94.56999969482422,94.56999969482422,94.52999877929688,94.52999877929688,3853.0
2026-08-05 12:33:00,MNTS,,4.300000190734863,4.309999942779541,4.299799919128418,4.309999942779541,13961.0
2026-08-05 12:33:00,MODD,,2.109999895095825,2.109999895095825,2.109999895095825,2.109999895095825,1179.0
2026-08-05 12:33:00,MORN,,197.91000366210938,197.91000366210938,197.8000030517578,197.8000030517578,1250.0
2026-08-05 12:33:00,MOVE,,11.760000228881836,11.760000228881836,11.760000228881836,11.760000228881836,1003.0
2026-08-05 12:33:00,MPAA,,13.805000305175781,13.805000305175781,13.805000305175781,13.805000305175781,124.0
2026-08-05 12:33:00,MPWR,,1337.344970703125,1338.76513671875,1336.6700439453125,1338.76513671875,2709.0
2026-08-05 12:33:00,MRNA,,56.78499984741211,56.90999984741211,56.75,56.90999984741211,17976.0
2026-08-05 12:33:00,MYGN,,3.134999990463257,3.134999990463257,3.125,3.125,9500.0
2026-08-05 12:33:00,NAMS,,26.75,26.78499984741211,26.7450008392334,26.75,1259.0
2026-08-05 12:33:00,NAUT,,0.9501000046730042,0.9501000046730042,0.9501000046730042,0.9501000046730042,274.0
2026-08-05 12:33:00,NB,,5.079999923706055,5.081099987030029,5.079999923706055,5.079999923706055,1951.0
2026-08-05 12:33:00,NBIX,,163.2100067138672,163.41000366210938,163.2100067138672,163.41000366210938,2209.0
2026-08-05 12:33:00,NDAQ,,94.79000091552734,94.79000091552734,94.7300033569336,94.7300033569336,5872.0
2026-08-05 12:33:00,NDSN,,311.2300109863281,311.2300109863281,311.2300109863281,311.2300109863281,532.0
2026-08-05 12:33:00,NEGG,,16.860000610351562,16.860000610351562,16.860000610351562,16.860000610351562,246.0
2026-08-05 12:33:00,NEO,,16.010000228881836,16.010000228881836,16.010000228881836,16.010000228881836,1131.0
2026-08-05 12:33:00,NEOG,,11.645000457763672,11.645000457763672,11.635000228881836,11.640000343322754,3399.0
2026-08-05 12:33:00,NEOV,,2.819999933242798,2.819999933242798,2.819999933242798,2.819999933242798,3302.0
2026-08-05 12:33:00,NESR,,28.639999389648438,28.639999389648438,28.639999389648438,28.639999389648438,381.0
2026-08-05 12:33:00,NEXT,,6.414999961853027,6.414999961853027,6.414999961853027,6.414999961853027,2208.0
2026-08-05 12:33:00,NFLX,,73.45500183105469,73.45539855957031,73.41999816894531,73.43000030517578,23597.0
2026-08-05 12:33:00,NGNE,,35.08000183105469,35.08000183105469,35.08000183105469,35.08000183105469,475.0
2026-08-05 12:33:00,NICE,,96.78510284423828,96.78510284423828,96.78510284423828,96.78510284423828,938.0
2026-08-05 12:33:00,NKTR,,73.2699966430664,73.27999877929688,73.2699966430664,73.27999877929688,935.0
2026-08-05 12:33:00,NKTX,,2.2100000381469727,2.2149999141693115,2.2100000381469727,2.2100000381469727,2490.0
2026-08-05 12:33:00,NMIH,,44.36000061035156,44.36000061035156,44.36000061035156,44.36000061035156,233.0
2026-08-05 12:33:00,NMRA,,1.6150000095367432,1.6150000095367432,1.6150000095367432,1.6150000095367432,2371.0
2026-08-05 12:33:00,NMRK,,15.595000267028809,15.600000381469727,15.59000015258789,15.600000381469727,1291.0
2026-08-05 12:33:00,NN,,14.175000190734863,14.1850004196167,14.170000076293945,14.1850004196167,2590.0
2026-08-05 12:33:00,NNDM,,1.5449999570846558,1.5449999570846558,1.5449999570846558,1.5449999570846558,1119.0
2026-08-05 12:33:00,NRDS,,9.170000076293945,9.1899995803833,9.164999961853027,9.1850004196167,30226.0
2026-08-05 12:33:00,NRIX,,24.905000686645508,24.905000686645508,24.905000686645508,24.905000686645508,990.0
2026-08-05 12:33:00,NSSC,,40.15999984741211,40.15999984741211,40.15999984741211,40.15999984741211,257.0
2026-08-05 12:33:00,NTAP,,189.77999877929688,190.0500030517578,189.77999877929688,190.0500030517578,6437.0
2026-08-05 12:33:00,NTGR,,24.209999084472656,24.209999084472656,24.209999084472656,24.209999084472656,1091.0
2026-08-05 12:33:00,NTNX,,60.619998931884766,60.64500045776367,60.619998931884766,60.64500045776367,2883.0
2026-08-05 12:33:00,NTRA,,276.0400085449219,276.0400085449219,275.68499755859375,275.69000244140625,2480.0
2026-08-05 12:33:00,NTRS,,183.6699981689453,183.6699981689453,183.6699981689453,183.6699981689453,3498.0
2026-08-05 12:33:00,NVAX,,7.630000114440918,7.635000228881836,7.630000114440918,7.635000228881836,1094.0
2026-08-05 12:33:00,NVCR,,16.049999237060547,16.06999969482422,16.049999237060547,16.06999969482422,3121.0
2026-08-05 12:33:00,NVCT,,20.184999465942383,20.184999465942383,20.184999465942383,20.184999465942383,0.0
2026-08-05 12:33:00,NVDA,,221.1750030517578,221.5,221.1300048828125,221.45010375976562,318755.0
2026-08-05 12:33:00,NVEC,,129.17999267578125,129.17999267578125,129.17999267578125,129.17999267578125,828.0
2026-08-05 12:33:00,NVMI,,408.4849853515625,409.1600036621094,408.4849853515625,409.1600036621094,415.0
2026-08-05 12:33:00,NVTS,,12.5,12.539999961853027,12.484999656677246,12.539999961853027,23905.0
2026-08-05 12:33:00,NWBI,,15.954999923706055,15.954999923706055,15.954999923706055,15.954999923706055,231.0
2026-08-05 12:33:00,NWE,,68.70999908447266,68.70999908447266,68.70999908447266,68.70999908447266,248.0
2026-08-05 12:33:00,NWL,,6.284999847412109,6.315000057220459,6.284999847412109,6.309999942779541,115815.0
2026-08-05 12:33:00,NWS,,32.220001220703125,32.220001220703125,32.209999084472656,32.209999084472656,1034.0
2026-08-05 12:33:00,NWSA,,28.19499969482422,28.19499969482422,28.174999237060547,28.174999237060547,4069.0
2026-08-05 12:33:00,NXPI,,230.88999938964844,231.22000122070312,230.7899932861328,231.02999877929688,6438.0
2026-08-05 12:33:00,NXT,,98.72750091552734,98.72750091552734,98.4800033569336,98.6500015258789,3862.0
2026-08-05 12:33:00,NXTC,,5.098999977111816,5.098999977111816,5.098999977111816,5.098999977111816,178.0
2026-08-05 12:33:00,OBIO,,4.199999809265137,4.215000152587891,4.199999809265137,4.215000152587891,4296.0
2026-08-05 12:33:00,OCGN,,1.2999999523162842,1.2999999523162842,1.2999999523162842,1.2999999523162842,582.0
2026-08-05 12:33:00,OCS,,12.063699722290039,12.063699722290039,12.063699722290039,12.063699722290039,1164.0
2026-08-05 12:33:00,OCUL,,8.494999885559082,8.494999885559082,8.494999885559082,8.494999885559082,1493.0
2026-08-05 12:33:00,ODFL,,214.80499267578125,214.8300018310547,214.66000366210938,214.77999877929688,4395.0
2026-08-05 12:33:00,OESX,,14.824999809265137,14.957900047302246,14.760000228881836,14.957900047302246,1006.0
2026-08-05 12:33:00,OFIX,,10.739999771118164,10.760000228881836,10.720000267028809,10.760000228881836,14098.0
2026-08-05 12:33:00,OKTA,,147.75,147.75,147.63999938964844,147.67999267578125,3775.0
2026-08-05 12:33:00,OLB,,0.30320000648498535,0.30320000648498535,0.3018999993801117,0.30320000648498535,5724.0
2026-08-05 12:33:00,OLLI,,78.29000091552734,78.32499694824219,78.29000091552734,78.29000091552734,712.0
2026-08-05 12:33:00,OMER,,12.893099784851074,12.893099784851074,12.893099784851074,12.893099784851074,688.0
2026-08-05 12:33:00,ON,,77.80000305175781,77.94999694824219,77.72000122070312,77.94999694824219,17730.0
2026-08-05 12:33:00,ONB,,27.06730079650879,27.075000762939453,27.065000534057617,27.075000762939453,5783.0
2026-08-05 12:33:00,ONDS,,8.914999961853027,8.947400093078613,8.90999984741211,8.947400093078613,207819.0
2026-08-05 12:33:00,ONFO,,0.07509999722242355,0.07519999891519547,0.07509999722242355,0.07509999722242355,23633.0
2026-08-05 12:33:00,OPAL,,2.315000057220459,2.315000057220459,2.315000057220459,2.315000057220459,455.0
2026-08-05 12:33:00,OPCH,,23.350000381469727,23.360000610351562,23.350000381469727,23.350000381469727,1211.0
2026-08-05 12:33:00,OPEN,,3.8338000774383545,3.8450000286102295,3.8299999237060547,3.8450000286102295,41585.0
2026-08-05 12:33:00,OPK,,1.3250000476837158,1.3250000476837158,1.3200000524520874,1.3200000524520874,1316.0
2026-08-05 12:33:00,ORLY,,93.06999969482422,93.06999969482422,93.01000213623047,93.01000213623047,4960.0
2026-08-05 12:33:00,OSBC,,25.799999237060547,25.799999237060547,25.799999237060547,25.799999237060547,7979.0
2026-08-05 12:33:00,OSIS,,235.64999389648438,235.64999389648438,235.64999389648438,235.64999389648438,132.0
2026-08-05 12:33:00,OSPN,,16.520000457763672,16.530000686645508,16.510000228881836,16.510000228881836,1393.0
2026-08-05 12:33:00,OSS,,13.960000038146973,13.960000038146973,13.930000305175781,13.9399995803833,2468.0
2026-08-05 12:33:00,OSUR,,4.135000228881836,4.139999866485596,4.135000228881836,4.139999866485596,1176.0
2026-08-05 12:33:00,OSW,,26.510000228881836,26.510000228881836,26.510000228881836,26.510000228881836,907.0
2026-08-05 12:33:00,OTLK,,1.0199999809265137,1.0199999809265137,1.0126999616622925,1.0199999809265137,2550.0
2026-08-05 12:33:00,OTLY,,14.460000038146973,14.460000038146973,14.460000038146973,14.460000038146973,201.0
2026-08-05 12:33:00,OVID,,2.6649999618530273,2.6700000762939453,2.6649999618530273,2.6700000762939453,1644.0
2026-08-05 12:33:00,OXSQ,,1.4950000047683716,1.4950000047683716,1.4950000047683716,1.4950000047683716,536.0
2026-08-05 12:33:00,PAA,,23.229999542236328,23.229999542236328,23.21500015258789,23.219999313354492,5046.0
2026-08-05 12:33:00,PAAS,,48.130001068115234,48.189998626708984,48.119998931884766,48.18000030517578,9189.0
2026-08-05 12:33:00,PACB,,1.3909000158309937,1.3909000158309937,1.3909000158309937,1.3909000158309937,3651.0
2026-08-05 12:33:00,PAGP,,25.135000228881836,25.139999389648438,25.135000228881836,25.139999389648438,2380.0
2026-08-05 12:33:00,PAHC,,35.720001220703125,35.720001220703125,35.720001220703125,35.720001220703125,541.0
2026-08-05 12:33:00,PALI,,2.130000114440918,2.130000114440918,2.130000114440918,2.130000114440918,341.0
2026-08-05 12:33:00,PANL,,7.264999866485596,7.264999866485596,7.264999866485596,7.264999866485596,811.0
2026-08-05 12:33:00,PANW,,363.42999267578125,363.6600036621094,363.42999267578125,363.6600036621094,2377.0
2026-08-05 12:33:00,PATK,,87.91999816894531,87.93000030517578,87.88999938964844,87.91000366210938,3965.0
2026-08-05 12:33:00,PAX,,11.395000457763672,11.395000457763672,11.395000457763672,11.395000457763672,974.0
2026-08-05 12:33:00,PAYO,,7.119999885559082,7.130000114440918,7.119999885559082,7.130000114440918,459.0
2026-08-05 12:33:00,PAYX,,116.9800033569336,116.9800033569336,116.91999816894531,116.91999816894531,2018.0
2026-08-05 12:33:00,PBYI,,7.960000038146973,7.960000038146973,7.960000038146973,7.960000038146973,306.0
2026-08-05 12:33:00,PCAR,,133.85000610351562,133.91000366210938,133.85000610351562,133.91000366210938,2262.0
2026-08-05 12:33:00,PCT,,6.880000114440918,6.889999866485596,6.880000114440918,6.889999866485596,1895.0
2026-08-05 12:33:00,PCTY,,144.08999633789062,144.08999633789062,144.05999755859375,144.05999755859375,802.0
2026-08-05 12:33:00,PDD,,90.81999969482422,90.83000183105469,90.80999755859375,90.81999969482422,5151.0
2026-08-05 12:33:00,PEGA,,31.6299991607666,31.6299991607666,31.6200008392334,31.6200008392334,934.0
2026-08-05 12:33:00,PENN,,19.78499984741211,19.78499984741211,19.770000457763672,19.770000457763672,2975.0
2026-08-05 12:33:00,PEP,,138.68499755859375,138.68499755859375,138.60000610351562,138.60000610351562,7159.0
2026-08-05 12:33:00,PERI,,9.555000305175781,9.555000305175781,9.555000305175781,9.555000305175781,140.0
2026-08-05 12:33:00,PETS,,1.9700000286102295,1.9700000286102295,1.9700000286102295,1.9700000286102295,1050.0
2026-08-05 12:33:00,PFG,,113.95999908447266,113.95999908447266,113.95999908447266,113.95999908447266,370.0
2026-08-05 12:33:00,PFX,,45.0,45.0,45.0,45.0,3265.0
2026-08-05 12:33:00,PGEN,,6.965000152587891,7.005000114440918,6.949999809265137,7.005000114440918,28668.0
2026-08-05 12:33:00,PGNY,,31.719999313354492,31.719999313354492,31.719999313354492,31.719999313354492,168.0
2026-08-05 12:33:00,PGY,,21.815000534057617,21.825000762939453,21.809999465942383,21.81999969482422,3523.0
2026-08-05 12:33:00,PHAT,,8.470000267028809,8.470000267028809,8.470000267028809,8.470000267028809,2897.0
2026-08-05 12:33:00,PHVS,,33.040000915527344,33.040000915527344,33.040000915527344,33.040000915527344,121.0
2026-08-05 12:33:00,PLMR,,134.30999755859375,134.30999755859375,134.30999755859375,134.30999755859375,230.0
2026-08-05 12:33:00,PLRX,,1.065000057220459,1.065000057220459,1.065000057220459,1.065000057220459,543.0
2026-08-05 12:33:00,PLUG,,2.0799999237060547,2.0899999141693115,2.0799999237060547,2.0850000381469727,50740.0
2026-08-05 12:33:00,PLUR,,1.845900058746338,1.845900058746338,1.845900058746338,1.845900058746338,1327.0
2026-08-05 12:33:00,PLXS,,273.989990234375,274.0,273.989990234375,274.0,8382.0
2026-08-05 12:33:00,PNBK,,1.1349999904632568,1.1349999904632568,1.1349999904632568,1.1349999904632568,268.0
2026-08-05 12:33:00,POET,,8.324999809265137,8.350000381469727,8.319600105285645,8.350000381469727,11208.0
2026-08-05 12:33:00,POWI,,61.92499923706055,62.0099983215332,61.92499923706055,61.93000030517578,6113.0
2026-08-05 12:33:00,PPTA,,22.309999465942383,22.35849952697754,22.309999465942383,22.35849952697754,1630.0
2026-08-05 12:33:00,PRAX,,312.9599914550781,312.9599914550781,312.9599914550781,312.9599914550781,170.0
2026-08-05 12:33:00,PRCH,,15.880000114440918,15.890000343322754,15.880000114440918,15.890000343322754,2821.0
2026-08-05 12:33:00,PRCT,,19.170000076293945,19.18000030517578,19.155000686645508,19.18000030517578,4932.0
2026-08-05 12:33:00,PRIM,,84.65750122070312,84.75,84.61000061035156,84.61000061035156,3028.0
2026-08-05 12:33:00,PRLD,,4.559999942779541,4.559999942779541,4.559999942779541,4.559999942779541,227.0
2026-08-05 12:33:00,PRME,,3.0950000286102295,3.0999999046325684,3.0950000286102295,3.0999999046325684,5129.0
2026-08-05 12:33:00,PRTA,,8.53499984741211,8.53499984741211,8.53499984741211,8.53499984741211,390.0
2026-08-05 12:33:00,PSEC,,2.190000057220459,2.190000057220459,2.184999942779541,2.190000057220459,2080.0
2026-08-05 12:33:00,PSMT,,193.74000549316406,193.74000549316406,193.74000549316406,193.74000549316406,633.0
2026-08-05 12:33:00,PSNL,,13.569999694824219,13.604999542236328,13.569999694824219,13.604999542236328,3134.0
2026-08-05 12:33:00,PTC,,139.55499267578125,139.55499267578125,139.55499267578125,139.55499267578125,587.0
2026-08-05 12:33:00,PTCT,,68.86000061035156,68.86000061035156,68.86000061035156,68.86000061035156,4863.0
2026-08-05 12:33:00,PTEN,,9.744999885559082,9.744999885559082,9.744999885559082,9.744999885559082,1077.0
2026-08-05 12:33:00,PTON,,6.494999885559082,6.5,6.489999771118164,6.494999885559082,2915.0
2026-08-05 12:33:00,PULM,,1.711400032043457,1.711400032043457,1.711400032043457,1.711400032043457,329.0
2026-08-05 12:33:00,PWP,,17.280000686645508,17.280000686645508,17.270000457763672,17.270000457763672,1057.0
2026-08-05 12:33:00,PYPL,,58.2599983215332,58.27000045776367,58.224998474121094,58.22999954223633,15632.0
2026-08-05 12:33:00,PYXS,,3.190000057220459,3.190000057220459,3.190000057220459,3.190000057220459,329.0
2026-08-05 12:33:00,PZZA,,30.3700008392334,30.3700008392334,30.3700008392334,30.3700008392334,1010.0
2026-08-05 12:33:00,QCOM,,158.01499938964844,158.25999450683594,157.9600067138672,158.25999450683594,10954.0
2026-08-05 12:33:00,QFIN,,13.229999542236328,13.23900032043457,13.229999542236328,13.229999542236328,4522.0
2026-08-05 12:33:00,QRVO,,94.58000183105469,94.62999725341797,94.5250015258789,94.62999725341797,1248.0
2026-08-05 12:33:00,STIM,,2.2699999809265137,2.2699999809265137,2.2699999809265137,2.2699999809265137,264.0
2026-08-05 12:33:00,WOOF,,2.930000066757202,2.930000066757202,2.930000066757202,2.930000066757202,2183.0
2026-08-05 12:34:00,ACDC,,4.46999979019165,4.46999979019165,4.460000038146973,4.460000038146973,6801.0
2026-08-05 12:34:00,BPOP,,177.82000732421875,177.82000732421875,177.82000732421875,177.82000732421875,396.0
2026-08-05 12:34:00,BPRN,,41.845001220703125,41.845001220703125,41.845001220703125,41.845001220703125,102.0
2026-08-05 12:34:00,CNXN,,84.87999725341797,84.87999725341797,84.81999969482422,84.8550033569336,813.0
2026-08-05 12:34:00,CPOP,,0.3553999960422516,0.36230000853538513,0.35519999265670776,0.36230000853538513,11174.0
2026-08-05 12:34:00,FRST,,16.389999389648438,16.389999389648438,16.389999389648438,16.389999389648438,564.0
2026-08-05 12:34:00,GLUE,,15.579999923706055,15.680000305175781,15.579999923706055,15.680000305175781,12997.0
2026-08-05 12:34:00,KIDS,,21.399999618530273,21.399999618530273,21.399999618530273,21.399999618530273,2758.0
2026-08-05 12:34:00,LUNG,,1.9600000381469727,1.9600000381469727,1.9600000381469727,1.9600000381469727,3201.0
2026-08-05 12:34:00,MDB,,376.4649963378906,376.4649963378906,376.2900085449219,376.2900085449219,1347.0
2026-08-05 12:34:00,MDLZ,,62.33000183105469,62.33000183105469,62.31010055541992,62.33000183105469,3866.0
2026-08-05 12:34:00,MLTX,,17.53499984741211,17.546300888061523,17.53499984741211,17.546300888061523,828.0
2026-08-05 12:34:00,MNST,,94.52999877929688,94.58999633789062,94.5,94.55999755859375,10512.0
2026-08-05 12:34:00,MNTS,,4.320000171661377,4.320000171661377,4.320000171661377,4.320000171661377,244.0
2026-08-05 12:34:00,MOVE,,11.859999656677246,11.859999656677246,11.859999656677246,11.859999656677246,3654.0
2026-08-05 12:34:00,MPWR,,1339.8699951171875,1339.949951171875,1338.7900390625,1338.7900390625,396.0
2026-08-05 12:34:00,MRNA,,56.810001373291016,56.810001373291016,56.77000045776367,56.775001525878906,4337.0
2026-08-05 12:34:00,MYGN,,3.134999990463257,3.134999990463257,3.134999990463257,3.134999990463257,806.0
2026-08-05 12:34:00,MYRG,,337.3999938964844,337.3999938964844,337.3999938964844,337.3999938964844,436.0
2026-08-05 12:34:00,NAMS,,26.770000457763672,26.790000915527344,26.7549991607666,26.7549991607666,2584.0
2026-08-05 12:34:00,NAUT,,0.949999988079071,0.949999988079071,0.949999988079071,0.949999988079071,301.0
2026-08-05 12:34:00,NB,,5.079999923706055,5.079999923706055,5.071100234985352,5.071100234985352,2159.0
2026-08-05 12:34:00,NBIX,,163.19000244140625,163.25999450683594,163.0500030517578,163.0500030517578,3495.0
2026-08-05 12:34:00,NDAQ,,94.8499984741211,94.8499984741211,94.77010345458984,94.84989929199219,1888.0
2026-08-05 12:34:00,NDSN,,310.8699951171875,311.17999267578125,310.8699951171875,311.17999267578125,373.0
2026-08-05 12:34:00,NEO,,16.030000686645508,16.030000686645508,16.0,16.010000228881836,3741.0
2026-08-05 12:34:00,NEOG,,11.654999732971191,11.654999732971191,11.645000457763672,11.645000457763672,4273.0
2026-08-05 12:34:00,NESR,,28.68000030517578,28.68000030517578,28.6299991607666,28.65999984741211,3682.0
2026-08-05 12:34:00,NEXT,,6.425000190734863,6.429900169372559,6.420000076293945,6.420000076293945,13851.0
2026-08-05 12:34:00,NFLX,,73.44000244140625,73.47000122070312,73.44000244140625,73.45500183105469,22783.0
2026-08-05 12:34:00,NGNE,,35.09000015258789,35.099998474121094,35.06999969482422,35.09000015258789,2542.0
2026-08-05 12:34:00,NKSH,,41.349998474121094,41.349998474121094,41.349998474121094,41.349998474121094,1088.0
2026-08-05 12:34:00,NMIH,,44.34000015258789,44.35499954223633,44.34000015258789,44.34000015258789,1757.0
2026-08-05 12:34:00,NMRK,,15.595000267028809,15.595000267028809,15.595000267028809,15.595000267028809,1309.0
2026-08-05 12:34:00,NN,,14.199999809265137,14.199999809265137,14.175000190734863,14.180000305175781,3726.0
2026-08-05 12:34:00,NNBR,,3.819999933242798,3.819999933242798,3.819999933242798,3.819999933242798,824.0
2026-08-05 12:34:00,NNDM,,1.5449999570846558,1.5449999570846558,1.5449999570846558,1.5449999570846558,702.0
2026-08-05 12:34:00,NOVT,,156.3000030517578,156.3000030517578,156.3000030517578,156.3000030517578,1247.0
2026-08-05 12:34:00,NRIX,,24.899999618530273,24.920000076293945,24.899999618530273,24.920000076293945,887.0
2026-08-05 12:34:00,NTCT,,41.630001068115234,41.63999938964844,41.630001068115234,41.63999938964844,1278.0
2026-08-05 12:34:00,NTES,,127.68000030517578,127.75,127.68000030517578,127.75,939.0
2026-08-05 12:34:00,NTNX,,60.650001525878906,60.66999816894531,60.630001068115234,60.630001068115234,5517.0
2026-08-05 12:34:00,NTRA,,276.0,276.0,275.95001220703125,275.95001220703125,511.0
2026-08-05 12:34:00,NVAX,,7.619999885559082,7.619999885559082,7.619999885559082,7.619999885559082,571.0
2026-08-05 12:34:00,NVCR,,16.06999969482422,16.06999969482422,16.059999465942383,16.059999465942383,1002.0
2026-08-05 12:34:00,NVDA,,221.2899932861328,221.30999755859375,221.11000061035156,221.17999267578125,228497.0
2026-08-05 12:34:00,NVMI,,408.4849853515625,408.4849853515625,408.4849853515625,408.4849853515625,372.0
2026-08-05 12:34:00,NVTS,,12.520000457763672,12.520000457763672,12.5,12.5,24534.0
2026-08-05 12:34:00,NWBI,,15.954999923706055,15.954999923706055,15.954999923706055,15.954999923706055,294.0
2026-08-05 12:34:00,NWE,,68.7249984741211,68.7249984741211,68.7249984741211,68.7249984741211,468.0
2026-08-05 12:34:00,NWL,,6.289999961853027,6.298900127410889,6.28000020980835,6.28000020980835,6699.0
2026-08-05 12:34:00,NWPX,,126.79000091552734,126.79000091552734,126.79000091552734,126.79000091552734,224.0
2026-08-05 12:34:00,NWS,,32.220001220703125,32.220001220703125,32.220001220703125,32.220001220703125,716.0
2026-08-05 12:34:00,NWSA,,28.19499969482422,28.19499969482422,28.19499969482422,28.19499969482422,1587.0
2026-08-05 12:34:00,NXPI,,230.97999572753906,231.08999633789062,230.7100067138672,230.7100067138672,4622.0
2026-08-05 12:34:00,NXTC,,5.0543999671936035,5.0543999671936035,5.0543999671936035,5.0543999671936035,1064.0
2026-08-05 12:34:00,OABI,,2.0799999237060547,2.0799999237060547,2.0799999237060547,2.0799999237060547,1888.0
2026-08-05 12:34:00,OBIO,,4.210000038146973,4.210000038146973,4.210000038146973,4.210000038146973,1133.0
2026-08-05 12:34:00,OCFC,,19.78499984741211,19.78499984741211,19.78499984741211,19.78499984741211,1238.0
2026-08-05 12:34:00,OCGN,,1.2949999570846558,1.2999999523162842,1.2900999784469604,1.2999999523162842,2554.0
2026-08-05 12:34:00,OCSL,,12.180000305175781,12.180000305175781,12.175000190734863,12.175000190734863,585.0
2026-08-05 12:34:00,OCUL,,8.499099731445312,8.499099731445312,8.499099731445312,8.499099731445312,4386.0
2026-08-05 12:34:00,ODFL,,214.5800018310547,214.86000061035156,214.55999755859375,214.80499267578125,21426.0
2026-08-05 12:34:00,OESX,,15.020000457763672,15.15999984741211,14.880000114440918,14.880000114440918,3986.0
2026-08-05 12:34:00,OLLI,,78.2699966430664,78.2699966430664,78.2699966430664,78.2699966430664,637.0
2026-08-05 12:34:00,OLMA,,11.510000228881836,11.510000228881836,11.494999885559082,11.5,1840.0
2026-08-05 12:34:00,OMER,,12.899999618530273,12.899999618530273,12.899999618530273,12.899999618530273,547.0
2026-08-05 12:34:00,OMEX,,0.7411999702453613,0.7411999702453613,0.7411999702453613,0.7411999702453613,762.0
2026-08-05 12:34:00,OMH,,0.11270000040531158,0.11270000040531158,0.11270000040531158,0.11270000040531158,18479.0
2026-08-05 12:34:00,ON,,77.84500122070312,77.86000061035156,77.77999877929688,77.80500030517578,14527.0
2026-08-05 12:34:00,ONB,,27.060199737548828,27.065000534057617,27.060199737548828,27.065000534057617,2048.0
2026-08-05 12:34:00,ONCO,,0.7900000214576721,0.7900000214576721,0.7900000214576721,0.7900000214576721,200.0
2026-08-05 12:34:00,ONDS,,8.939900398254395,8.9399995803833,8.910099983215332,8.920000076293945,414107.0
2026-08-05 12:34:00,ONFO,,0.07500000298023224,0.07519999891519547,0.07419999688863754,0.07519999891519547,62764.0
2026-08-05 12:34:00,ONMD,,0.675000011920929,0.675000011920929,0.675000011920929,0.675000011920929,140.0
2026-08-05 12:34:00,OPCH,,23.344999313354492,23.350000381469727,23.34000015258789,23.350000381469727,3966.0
2026-08-05 12:34:00,OPEN,,3.8350000381469727,3.8399999141693115,3.8201000690460205,3.8299999237060547,120673.0
2026-08-05 12:34:00,OPK,,1.3250000476837158,1.3250000476837158,1.3200000524520874,1.3200000524520874,27268.0
2026-08-05 12:34:00,OPRT,,6.110000133514404,6.110000133514404,6.110000133514404,6.110000133514404,697.0
2026-08-05 12:34:00,ORGO,,2.3450000286102295,2.3450000286102295,2.3450000286102295,2.3450000286102295,602.0
2026-08-05 12:34:00,ORIC,,13.154999732971191,13.239999771118164,13.154999732971191,13.239999771118164,4314.0
2026-08-05 12:34:00,ORLY,,93.04440307617188,93.05000305175781,93.04000091552734,93.05000305175781,3736.0
2026-08-05 12:34:00,ORRF,,43.34000015258789,43.34000015258789,43.34000015258789,43.34000015258789,1057.0
2026-08-05 12:34:00,OSIS,,235.6750030517578,235.6750030517578,235.5,235.5,375.0
2026-08-05 12:34:00,OSPN,,16.545000076293945,16.545000076293945,16.545000076293945,16.545000076293945,351.0
2026-08-05 12:34:00,OSS,,14.09000015258789,14.09000015258789,13.989999771118164,13.989999771118164,9786.0
2026-08-05 12:34:00,OTEX,,25.799999237060547,25.799999237060547,25.795000076293945,25.795000076293945,1469.0
2026-08-05 12:34:00,OTLK,,1.0199999809265137,1.0199999809265137,1.0149999856948853,1.0149999856948853,737.0
2026-08-05 12:34:00,OVID,,2.6568000316619873,2.6700000762939453,2.6549999713897705,2.6700000762939453,16816.0
2026-08-05 12:34:00,OXSQ,,1.4950000047683716,1.4950000047683716,1.4950000047683716,1.4950000047683716,735.0
2026-08-05 12:34:00,PAA,,23.229999542236328,23.229999542236328,23.229999542236328,23.229999542236328,2076.0
2026-08-05 12:34:00,PAAS,,48.172000885009766,48.18000030517578,48.13999938964844,48.13999938964844,4663.0
2026-08-05 12:34:00,PACB,,1.3949999809265137,1.3949999809265137,1.3949999809265137,1.3949999809265137,4594.0
2026-08-05 12:34:00,PAHC,,35.68000030517578,35.68000030517578,35.68000030517578,35.68000030517578,707.0
2026-08-05 12:34:00,PALI,,2.1289000511169434,2.130000114440918,2.125,2.125,2542.0
2026-08-05 12:34:00,PANL,,7.260000228881836,7.260000228881836,7.260000228881836,7.260000228881836,1722.0
2026-08-05 12:34:00,PANW,,363.3299865722656,363.5350036621094,363.3299865722656,363.5350036621094,2906.0
2026-08-05 12:34:00,PATK,,88.00499725341797,88.00499725341797,88.00499725341797,88.00499725341797,539.0
2026-08-05 12:34:00,PAYO,,7.125,7.130000114440918,7.119999885559082,7.130000114440918,2139.0
2026-08-05 12:34:00,PAYX,,117.00499725341797,117.00499725341797,116.97000122070312,116.97000122070312,2248.0
2026-08-05 12:34:00,PCAR,,133.75,133.7899932861328,133.6999969482422,133.7899932861328,4752.0
2026-08-05 12:34:00,PCT,,6.889800071716309,6.889999866485596,6.880000114440918,6.880000114440918,7355.0
2026-08-05 12:34:00,PDD,,90.8499984741211,90.8499984741211,90.80999755859375,90.80999755859375,7645.0
2026-08-05 12:34:00,PECO,,41.33000183105469,41.34000015258789,41.33000183105469,41.34000015258789,1538.0
2026-08-05 12:34:00,PEGA,,31.639999389648438,31.639999389648438,31.6299991607666,31.6299991607666,1636.0
2026-08-05 12:34:00,PENN,,19.790000915527344,19.790000915527344,19.78499984741211,19.790000915527344,2115.0
2026-08-05 12:34:00,PEP,,138.6551971435547,138.6887969970703,138.64999389648438,138.6750030517578,3736.0
2026-08-05 12:34:00,PFG,,114.01000213623047,114.05000305175781,113.95999908447266,113.95999908447266,3780.0
2026-08-05 12:34:00,PFX,,45.099998474121094,45.099998474121094,45.099998474121094,45.099998474121094,20017.0
2026-08-05 12:34:00,PGEN,,6.985000133514404,6.985000133514404,6.965000152587891,6.96999979019165,35496.0
2026-08-05 12:34:00,PGNY,,31.729999542236328,31.729999542236328,31.729999542236328,31.729999542236328,252.0
2026-08-05 12:34:00,PGY,,21.81999969482422,21.81999969482422,21.800199508666992,21.800199508666992,2934.0
2026-08-05 12:34:00,PHVS,,32.9900016784668,33.04999923706055,32.9900016784668,33.04999923706055,1084.0
2026-08-05 12:34:00,PIII,,10.039999961853027,10.039999961853027,10.039999961853027,10.039999961853027,335.0
2026-08-05 12:34:00,PKOH,,41.130001068115234,41.130001068115234,41.130001068115234,41.130001068115234,635.0
2026-08-05 12:34:00,PLAB,,32.130001068115234,32.130001068115234,32.130001068115234,32.130001068115234,319.0
2026-08-05 12:34:00,PLRX,,1.065000057220459,1.065000057220459,1.065000057220459,1.065000057220459,398.0
2026-08-05 12:34:00,PLSE,,36.86000061035156,36.86000061035156,36.86000061035156,36.86000061035156,180.0
2026-08-05 12:34:00,PLUG,,2.0850000381469727,2.089099884033203,2.0850000381469727,2.089099884033203,49322.0
2026-08-05 12:34:00,PLXS,,274.5299987792969,274.5400085449219,274.42999267578125,274.42999267578125,3548.0
2026-08-05 12:34:00,PMVP,,1.184999942779541,1.184999942779541,1.184999942779541,1.184999942779541,1332.0
2026-08-05 12:34:00,PNFP,,107.6050033569336,107.66999816894531,107.6050033569336,107.66999816894531,886.0
2026-08-05 12:34:00,PNTG,,39.13999938964844,39.13999938964844,39.13999938964844,39.13999938964844,178.0
2026-08-05 12:34:00,POET,,8.350000381469727,8.350000381469727,8.324999809265137,8.324999809265137,25713.0
2026-08-05 12:34:00,POOL,,205.22999572753906,205.22999572753906,205.16000366210938,205.1699981689453,1448.0
2026-08-05 12:34:00,POWL,,213.35499572753906,213.35499572753906,213.35499572753906,213.35499572753906,191.0
2026-08-05 12:34:00,PPTA,,22.34000015258789,22.34000015258789,22.31999969482422,22.31999969482422,974.0
2026-08-05 12:34:00,PRAA,,17.34000015258789,17.34000015258789,17.329999923706055,17.329999923706055,1417.0
2026-08-05 12:34:00,PRAX,,312.9599914550781,312.9599914550781,312.9599914550781,312.9599914550781,88.0
2026-08-05 12:34:00,PRCH,,15.890000343322754,15.890000343322754,15.885000228881836,15.885000228881836,1144.0
2026-08-05 12:34:00,PRCT,,19.19499969482422,19.19499969482422,19.15999984741211,19.174999237060547,2573.0
2026-08-05 12:34:00,PRDO,,32.974998474121094,32.97999954223633,32.974998474121094,32.97999954223633,10680.0
2026-08-05 12:34:00,PRIM,,84.68000030517578,84.68000030517578,84.5000991821289,84.5000991821289,1000259.0
2026-08-05 12:34:00,PRME,,3.0799999237060547,3.0899999141693115,3.0799999237060547,3.0899999141693115,5714.0
2026-08-05 12:34:00,PROK,,1.6399999856948853,1.6399999856948853,1.6349999904632568,1.6349999904632568,659.0
2026-08-05 12:34:00,PRQR,,1.9550000429153442,1.965000033378601,1.9550000429153442,1.9600000381469727,21842.0
2026-08-05 12:34:00,PRTA,,8.53499984741211,8.53499984741211,8.53499984741211,8.53499984741211,160.0
2026-08-05 12:34:00,PRVA,,24.309999465942383,24.309999465942383,24.299999237060547,24.309999465942383,2954.0
2026-08-05 12:34:00,PSEC,,2.184999942779541,2.190000057220459,2.184999942779541,2.184999942779541,1314.0
2026-08-05 12:34:00,PSNL,,13.569999694824219,13.569999694824219,13.569999694824219,13.569999694824219,543.0
2026-08-05 12:34:00,PTC,,139.58999633789062,139.58999633789062,139.52999877929688,139.58999633789062,1222.0
2026-08-05 12:34:00,PTEN,,9.760000228881836,9.760000228881836,9.744999885559082,9.744999885559082,7403.0
2026-08-05 12:34:00,PTON,,6.485000133514404,6.489999771118164,6.480000019073486,6.489999771118164,16563.0
2026-08-05 12:34:00,PWP,,17.260000228881836,17.270000457763672,17.260000228881836,17.270000457763672,1175.0
2026-08-05 12:34:00,PYPL,,58.279998779296875,58.280399322509766,58.25,58.255001068115234,5276.0
2026-08-05 12:34:00,PYXS,,3.190000057220459,3.190000057220459,3.190000057220459,3.190000057220459,1694.0
2026-08-05 12:34:00,PZZA,,30.34000015258789,30.360000610351562,30.34000015258789,30.360000610351562,2142.0
2026-08-05 12:34:00,QCOM,,158.2100067138672,158.2100067138672,158.02999877929688,158.02999877929688,7486.0
2026-08-05 12:34:00,QFIN,,13.229999542236328,13.234999656677246,13.229999542236328,13.234999656677246,796.0
2026-08-05 12:34:00,QRVO,,94.58999633789062,94.5999984741211,94.56999969482422,94.5999984741211,465.0
2026-08-05 12:34:00,SEED,,1.0,1.0,1.0,1.0,800.0
2026-08-05 12:34:00,TARA,,4.054999828338623,4.054999828338623,4.054999828338623,4.054999828338623,301.0
2026-08-05 12:35:00,ACDC,,4.454999923706055,4.474999904632568,4.454999923706055,4.46999979019165,5687.0
2026-08-05 12:35:00,BPOP,,177.52999877929688,177.68499755859375,177.52999877929688,177.68499755859375,4214.0
2026-08-05 12:35:00,CNXN,,84.77999877929688,84.77999877929688,84.77999877929688,84.77999877929688,887.0
2026-08-05 12:35:00,DTIL,,7.559999942779541,7.559999942779541,7.559999942779541,7.559999942779541,132.0
2026-08-05 12:35:00,EYE,,23.125,23.125,23.110000610351562,23.110000610351562,1663.0
2026-08-05 12:35:00,GLUE,,15.595000267028809,15.600000381469727,15.574999809265137,15.579999923706055,10982.0
2026-08-05 12:35:00,KIDS,,21.399999618530273,21.399999618530273,21.399999618530273,21.399999618530273,1103.0
2026-08-05 12:35:00,KITT,,1.034999966621399,1.034999966621399,1.034999966621399,1.034999966621399,9884.0
2026-08-05 12:35:00,MDB,,376.2699890136719,376.2699890136719,376.2699890136719,376.2699890136719,290.0
2026-08-05 12:35:00,MDLZ,,62.369998931884766,62.380001068115234,62.31999969482422,62.31999969482422,7368.0
2026-08-05 12:35:00,MNRO,,13.194999694824219,13.194999694824219,13.180000305175781,13.180000305175781,2322.0
2026-08-05 12:35:00,MNST,,94.56999969482422,94.58000183105469,94.56999969482422,94.58000183105469,1714.0
2026-08-05 12:35:00,MNTS,,4.300000190734863,4.300000190734863,4.300000190734863,4.300000190734863,350.0
2026-08-05 12:35:00,MNTSW,,0.002300000051036477,0.002300000051036477,0.002300000051036477,0.002300000051036477,7099.0
2026-08-05 12:35:00,MPAA,,13.789999961853027,13.789999961853027,13.789999961853027,13.789999961853027,593.0
2026-08-05 12:35:00,MPWR,,1339.9300537109375,1339.9300537109375,1337.8900146484375,1339.7750244140625,354.0
2026-08-05 12:35:00,MRNA,,56.81999969482422,56.845001220703125,56.810001373291016,56.845001220703125,1992.0
2026-08-05 12:35:00,MSGM,,4.485000133514404,4.485000133514404,4.485000133514404,4.485000133514404,231.0
2026-08-05 12:35:00,MYGN,,3.125,3.130000114440918,3.125,3.130000114440918,2344.0
2026-08-05 12:35:00,NAMS,,26.774999618530273,26.774999618530273,26.774999618530273,26.774999618530273,321.0
2026-08-05 12:35:00,NAUT,,0.9476000070571899,0.949999988079071,0.9476000070571899,0.949999988079071,1757.0
2026-08-05 12:35:00,NAVI,,9.100000381469727,9.100000381469727,9.100000381469727,9.100000381469727,1621.0
2026-08-05 12:35:00,NB,,5.074999809265137,5.079999923706055,5.074999809265137,5.079999923706055,1867.0
2026-08-05 12:35:00,NBIX,,162.77000427246094,163.0399932861328,162.75999450683594,163.0399932861328,10171.0
2026-08-05 12:35:00,NBN,,134.9600067138672,134.99000549316406,134.9600067138672,134.99000549316406,1077.0
2026-08-05 12:35:00,NBTB,,53.40999984741211,53.45500183105469,53.40999984741211,53.45000076293945,3662.0
2026-08-05 12:35:00,NDAQ,,94.88500213623047,94.88500213623047,94.88500213623047,94.88500213623047,316.0
2026-08-05 12:35:00,NDSN,,311.0249938964844,311.0249938964844,311.0249938964844,311.0249938964844,102.0
2026-08-05 12:35:00,NEO,,16.0,16.027000427246094,16.0,16.027000427246094,2281.0
2026-08-05 12:35:00,NEOG,,11.649999618530273,11.649999618530273,11.649999618530273,11.649999618530273,719.0
2026-08-05 12:35:00,NESR,,28.700000762939453,28.700000762939453,28.700000762939453,28.700000762939453,633.0
2026-08-05 12:35:00,NFE,,0.33660000562667847,0.33660000562667847,0.33660000562667847,0.33660000562667847,409.0
2026-08-05 12:35:00,NFLX,,73.44499969482422,73.45500183105469,73.43000030517578,73.43499755859375,22794.0
2026-08-05 12:35:00,NGNE,,35.209999084472656,35.209999084472656,35.209999084472656,35.209999084472656,388.0
2026-08-05 12:35:00,NICE,,96.73500061035156,96.73999786376953,96.72750091552734,96.73999786376953,1041.0
2026-08-05 12:35:00,NKTX,,2.2149999141693115,2.2149999141693115,2.2149999141693115,2.2149999141693115,1153.0
2026-08-05 12:35:00,NMFC,,7.320000171661377,7.320000171661377,7.320000171661377,7.320000171661377,624.0
2026-08-05 12:35:00,NMIH,,44.31999969482422,44.31999969482422,44.31999969482422,44.31999969482422,503.0
2026-08-05 12:35:00,NMRA,,1.6150000095367432,1.6150000095367432,1.6150000095367432,1.6150000095367432,381.0
2026-08-05 12:35:00,NMRK,,15.585000038146973,15.595000267028809,15.579999923706055,15.595000267028809,2698.0
2026-08-05 12:35:00,NN,,14.170000076293945,14.204999923706055,14.170000076293945,14.204999923706055,2066.0
2026-08-05 12:35:00,NNBR,,3.815000057220459,3.815000057220459,3.815000057220459,3.815000057220459,397.0
2026-08-05 12:35:00,NNDM,,1.5449999570846558,1.5449999570846558,1.5449999570846558,1.5449999570846558,607.0
2026-08-05 12:35:00,NRDS,,9.175000190734863,9.175000190734863,9.175000190734863,9.175000190734863,158.0
2026-08-05 12:35:00,NRSN,,0.5339999794960022,0.5339999794960022,0.5339999794960022,0.5339999794960022,100.0
2026-08-05 12:35:00,NRXP,,3.0250000953674316,3.0350000858306885,3.0250000953674316,3.0350000858306885,1837.0
2026-08-05 12:35:00,NTAP,,189.8000030517578,189.92999267578125,189.8000030517578,189.86000061035156,8929.0
2026-08-05 12:35:00,NTES,,127.68000030517578,127.68000030517578,127.66000366210938,127.68000030517578,1684.0
2026-08-05 12:35:00,NTNX,,60.650001525878906,60.650001525878906,60.63999938964844,60.63999938964844,1490.0
2026-08-05 12:35:00,NTRA,,275.635009765625,275.9100036621094,275.5849914550781,275.70001220703125,7634.0
2026-08-05 12:35:00,NUWE,,1.7300000190734863,1.7300000190734863,1.7300000190734863,1.7300000190734863,406.0
2026-08-05 12:35:00,NVAX,,7.625,7.635000228881836,7.625,7.630000114440918,2528.0
2026-08-05 12:35:00,NVCR,,16.059999465942383,16.059999465942383,16.059999465942383,16.059999465942383,2194.0
2026-08-05 12:35:00,NVCT,,20.110000610351562,20.110000610351562,20.110000610351562,20.110000610351562,968.0
2026-08-05 12:35:00,NVDA,,221.25,221.35000610351562,221.110107421875,221.2899932861328,227120.0
2026-08-05 12:35:00,NVMI,,408.82000732421875,408.82000732421875,408.82000732421875,408.82000732421875,364.0
2026-08-05 12:35:00,NVNI,,1.0924999713897705,1.0924999713897705,1.090000033378601,1.090000033378601,558.0
2026-08-05 12:35:00,NVTS,,12.505000114440918,12.520000457763672,12.489999771118164,12.520000457763672,11320.0
2026-08-05 12:35:00,NWBI,,15.944999694824219,15.949999809265137,15.944999694824219,15.949999809265137,1019.0
2026-08-05 12:35:00,NWL,,6.289999961853027,6.304999828338623,6.28000020980835,6.291100025177002,46841.0
2026-08-05 12:35:00,NWPX,,126.80999755859375,126.80999755859375,126.80999755859375,126.80999755859375,126.0
2026-08-05 12:35:00,NWS,,32.220001220703125,32.23500061035156,32.220001220703125,32.23500061035156,2313.0
2026-08-05 12:35:00,NWSA,,28.184999465942383,28.209999084472656,28.184999465942383,28.200000762939453,7923.0
2026-08-05 12:35:00,NXPI,,231.0,231.0,230.77999877929688,230.97000122070312,19907.0
2026-08-05 12:35:00,NXT,,98.37000274658203,98.6050033569336,98.37000274658203,98.5,3424.0
2026-08-05 12:35:00,OABI,,2.069999933242798,2.0799999237060547,2.069999933242798,2.0799999237060547,8485.0
2026-08-05 12:35:00,OCC,,15.9399995803833,15.9399995803833,15.920000076293945,15.930000305175781,1482.0
2026-08-05 12:35:00,OCCI,,2.4649999141693115,2.4649999141693115,2.4649999141693115,2.4649999141693115,1746.0
2026-08-05 12:35:00,OCGN,,1.2949999570846558,1.2999999523162842,1.2949999570846558,1.2999999523162842,6008.0
2026-08-05 12:35:00,OCSL,,12.182499885559082,12.182499885559082,12.180000305175781,12.180000305175781,928.0
2026-08-05 12:35:00,OCUL,,8.5,8.5,8.494999885559082,8.5,2517.0
2026-08-05 12:35:00,ODD,,15.319999694824219,15.34000015258789,15.319999694824219,15.34000015258789,944.0
2026-08-05 12:35:00,ODFL,,214.5399932861328,214.5500030517578,214.38999938964844,214.5500030517578,4485.0
2026-08-05 12:35:00,OESX,,14.670000076293945,14.720000267028809,14.670000076293945,14.699999809265137,1050.0
2026-08-05 12:35:00,OKTA,,147.69000244140625,147.72999572753906,147.69000244140625,147.72999572753906,1046.0
2026-08-05 12:35:00,OLLI,,78.41000366210938,78.41000366210938,78.28500366210938,78.28500366210938,3331.0
2026-08-05 12:35:00,OLMA,,11.574999809265137,11.59000015258789,11.524999618530273,11.524999618530273,10835.0
2026-08-05 12:35:00,OMCL,,37.24599838256836,37.24599838256836,37.24599838256836,37.24599838256836,248.0
2026-08-05 12:35:00,OMER,,12.890000343322754,12.890000343322754,12.890000343322754,12.890000343322754,842.0
2026-08-05 12:35:00,OMH,,0.11289999634027481,0.11330000311136246,0.11289999634027481,0.11330000311136246,3576.0
2026-08-05 12:35:00,ON,,77.82499694824219,77.86000061035156,77.61000061035156,77.83000183105469,21162.0
2026-08-05 12:35:00,ONB,,27.049999237060547,27.059999465942383,27.049999237060547,27.059999465942383,3268.0
2026-08-05 12:35:00,ONCO,,0.7998999953269958,0.7998999953269958,0.7998999953269958,0.7998999953269958,945.0
2026-08-05 12:35:00,ONDS,,8.930000305175781,8.9399995803833,8.914999961853027,8.9399995803833,338519.0
2026-08-05 12:35:00,ONFO,,0.0746999979019165,0.0746999979019165,0.07440000027418137,0.0746999979019165,4950.0
2026-08-05 12:35:00,ONMD,,0.6807000041007996,0.6869999766349792,0.6807000041007996,0.6869999766349792,1083.0
2026-08-05 12:35:00,OPBK,,15.805000305175781,15.805000305175781,15.805000305175781,15.805000305175781,1567.0
2026-08-05 12:35:00,OPCH,,23.329999923706055,23.34000015258789,23.329999923706055,23.34000015258789,2470.0
2026-08-05 12:35:00,OPEN,,3.8350000381469727,3.8399999141693115,3.8299999237060547,3.838599920272827,24634.0
2026-08-05 12:35:00,OPRA,,19.920000076293945,19.924999237060547,19.899999618530273,19.899999618530273,2909.0
2026-08-05 12:35:00,OPRT,,6.119999885559082,6.119999885559082,6.119999885559082,6.119999885559082,4330.0
2026-08-05 12:35:00,ORIC,,13.170000076293945,13.175000190734863,13.154999732971191,13.154999732971191,3223.0
2026-08-05 12:35:00,ORLY,,93.05999755859375,93.08000183105469,93.03019714355469,93.04000091552734,5327.0
2026-08-05 12:35:00,OSBC,,25.790000915527344,25.790000915527344,25.790000915527344,25.790000915527344,1152.0
2026-08-05 12:35:00,OSIS,,235.65499877929688,235.65499877929688,235.65499877929688,235.65499877929688,378.0
2026-08-05 12:35:00,OSPN,,16.510000228881836,16.545000076293945,16.510000228881836,16.545000076293945,1159.0
2026-08-05 12:35:00,OSS,,14.099900245666504,14.191699981689453,14.069999694824219,14.100000381469727,14594.0
2026-08-05 12:35:00,OSUR,,4.139999866485596,4.139999866485596,4.139999866485596,4.139999866485596,168.0
2026-08-05 12:35:00,OTEX,,25.764999389648438,25.799999237060547,25.735000610351562,25.799999237060547,11792.0
2026-08-05 12:35:00,OTLK,,1.0199999809265137,1.0199999809265137,1.0199999809265137,1.0199999809265137,927.0
2026-08-05 12:35:00,OTTR,,91.41999816894531,91.55999755859375,91.41999816894531,91.52999877929688,1896.0
2026-08-05 12:35:00,OXLC,,9.140000343322754,9.146699905395508,9.140000343322754,9.146699905395508,4238.0
2026-08-05 12:35:00,OXSQ,,1.4950000047683716,1.4950000047683716,1.4950000047683716,1.4950000047683716,512.0
2026-08-05 12:35:00,PAAS,,48.11000061035156,48.18989944458008,48.099998474121094,48.18000030517578,6549.0
2026-08-05 12:35:00,PACB,,1.3949999809265137,1.399399995803833,1.3899999856948853,1.3949999809265137,18845.0
2026-08-05 12:35:00,PALI,,2.121299982070923,2.125,2.1201000213623047,2.1201000213623047,525.0
2026-08-05 12:35:00,PANL,,7.25,7.25,7.25,7.25,1546.0
2026-08-05 12:35:00,PANW,,363.0299987792969,363.3299865722656,363.010009765625,363.3299865722656,3949.0
2026-08-05 12:35:00,PAX,,11.40999984741211,11.40999984741211,11.399999618530273,11.399999618530273,1197.0
2026-08-05 12:35:00,PAYO,,7.119999885559082,7.130000114440918,7.119999885559082,7.120100021362305,1042.0
2026-08-05 12:35:00,PAYX,,117.07499694824219,117.07499694824219,117.02999877929688,117.02999877929688,1871.0
2026-08-05 12:35:00,PCAR,,133.73500061035156,133.77000427246094,133.73500061035156,133.77000427246094,2374.0
2026-08-05 12:35:00,PCT,,6.880000114440918,6.885000228881836,6.880000114440918,6.885000228881836,1669.0
2026-08-05 12:35:00,PCTY,,144.06500244140625,144.06500244140625,144.06500244140625,144.06500244140625,343.0
2026-08-05 12:35:00,PDD,,90.83999633789062,90.88999938964844,90.83999633789062,90.86000061035156,10098.0
2026-08-05 12:35:00,PDFS,,50.18000030517578,50.18000030517578,50.18000030517578,50.18000030517578,1240.0
2026-08-05 12:35:00,PECO,,41.34000015258789,41.34000015258789,41.34000015258789,41.34000015258789,943.0
2026-08-05 12:35:00,PENN,,19.790000915527344,19.790000915527344,19.780000686645508,19.78499984741211,5635.0
2026-08-05 12:35:00,PEP,,138.75360107421875,138.75360107421875,138.6699981689453,138.6699981689453,7352.0
2026-08-05 12:35:00,PERI,,9.5600004196167,9.5600004196167,9.555000305175781,9.555000305175781,492.0
2026-08-05 12:35:00,PESI,,17.610000610351562,17.68000030517578,17.610000610351562,17.68000030517578,3196.0
2026-08-05 12:35:00,PFG,,113.9800033569336,113.98500061035156,113.9800033569336,113.98500061035156,639.0
2026-08-05 12:35:00,PFX,,45.04999923706055,45.05500030517578,45.04999923706055,45.05500030517578,15329.0
2026-08-05 12:35:00,PGC,,46.64500045776367,46.64500045776367,46.64500045776367,46.64500045776367,499.0
2026-08-05 12:35:00,PGEN,,6.985000133514404,6.985000133514404,6.985000133514404,6.985000133514404,3810.0
2026-08-05 12:35:00,PGNY,,31.71500015258789,31.71500015258789,31.709999084472656,31.709999084472656,1010.0
2026-08-05 12:35:00,PGY,,21.782800674438477,21.815000534057617,21.780000686645508,21.815000534057617,4439.0
2026-08-05 12:35:00,PHAT,,8.470000267028809,8.470000267028809,8.470000267028809,8.470000267028809,678.0
2026-08-05 12:35:00,PIII,,10.0,10.0,10.0,10.0,2602.0
2026-08-05 12:35:00,PLAB,,32.084999084472656,32.099998474121094,32.08000183105469,32.099998474121094,1125.0
2026-08-05 12:35:00,PLPC,,455.1099853515625,455.1099853515625,455.1099853515625,455.1099853515625,96.0
2026-08-05 12:35:00,PLRX,,1.065000057220459,1.065000057220459,1.065000057220459,1.065000057220459,396.0
2026-08-05 12:35:00,PLSE,,36.790000915527344,36.84000015258789,36.779998779296875,36.84000015258789,639.0
2026-08-05 12:35:00,PLTK,,3.9649999141693115,3.9649999141693115,3.9649999141693115,3.9649999141693115,431.0
2026-08-05 12:35:00,PLUG,,2.0899999141693115,2.0899999141693115,2.0799999237060547,2.089900016784668,31019.0
2026-08-05 12:35:00,PNFP,,107.6050033569336,107.6050033569336,107.6050033569336,107.6050033569336,364.0
2026-08-05 12:35:00,PODC,,3.4649999141693115,3.4649999141693115,3.4649999141693115,3.4649999141693115,1066.0
2026-08-05 12:35:00,POET,,8.300000190734863,8.34000015258789,8.295000076293945,8.34000015258789,30315.0
2026-08-05 12:35:00,POWL,,212.38009643554688,213.00999450683594,212.09010314941406,213.00999450683594,1548.0
2026-08-05 12:35:00,PPC,,26.389999389648438,26.389999389648438,26.389999389648438,26.389999389648438,1930.0
2026-08-05 12:35:00,PPTA,,22.290000915527344,22.315000534057617,22.290000915527344,22.315000534057617,1506.0
2026-08-05 12:35:00,PRAA,,17.344999313354492,17.344999313354492,17.344999313354492,17.344999313354492,562.0
2026-08-05 12:35:00,PRAX,,311.80499267578125,311.80499267578125,311.80499267578125,311.80499267578125,665.0
2026-08-05 12:35:00,PRCH,,15.875,15.890000343322754,15.859999656677246,15.890000343322754,2024.0
2026-08-05 12:35:00,PRCT,,19.170000076293945,19.2450008392334,19.170000076293945,19.219999313354492,9312.0
2026-08-05 12:35:00,PRDO,,32.932498931884766,32.974998474121094,32.90999984741211,32.974998474121094,2763.0
2026-08-05 12:35:00,PRIM,,84.52999877929688,84.80000305175781,84.52999877929688,84.80000305175781,840.0
2026-08-05 12:35:00,PRLD,,4.550000190734863,4.570000171661377,4.550000190734863,4.570000171661377,462.0
2026-08-05 12:35:00,PRME,,3.0850000381469727,3.0850000381469727,3.0850000381469727,3.0850000381469727,9724.0
2026-08-05 12:35:00,PRQR,,1.9600000381469727,1.9600000381469727,1.9600000381469727,1.9600000381469727,491.0
2026-08-05 12:35:00,PRTA,,8.539999961853027,8.539999961853027,8.539999961853027,8.539999961853027,339.0
2026-08-05 12:35:00,PRTH,,6.579999923706055,6.579999923706055,6.579999923706055,6.579999923706055,495.0
2026-08-05 12:35:00,PRZO,,0.5454999804496765,0.5455999970436096,0.5454999804496765,0.5455999970436096,324.0
2026-08-05 12:35:00,PSEC,,2.184999942779541,2.184999942779541,2.184999942779541,2.184999942779541,870.0
2026-08-05 12:35:00,PSMT,,193.71499633789062,193.71499633789062,193.66000366210938,193.71499633789062,3109.0
2026-08-05 12:35:00,PSNL,,13.550000190734863,13.569999694824219,13.550000190734863,13.569999694824219,2308.0
2026-08-05 12:35:00,PTC,,139.50999450683594,139.57000732421875,139.5,139.5,2012.0
2026-08-05 12:35:00,PTEN,,9.755000114440918,9.765000343322754,9.755000114440918,9.765000343322754,12236.0
2026-08-05 12:35:00,PTGX,,136.52999877929688,136.52999877929688,136.4199981689453,136.44000244140625,2081.0
2026-08-05 12:35:00,PTON,,6.491000175476074,6.5,6.485000133514404,6.489999771118164,12564.0
2026-08-05 12:35:00,PWP,,17.280000686645508,17.299999237060547,17.280000686645508,17.280000686645508,6385.0
2026-08-05 12:35:00,PYPL,,58.279998779296875,58.290000915527344,58.275001525878906,58.275001525878906,9143.0
2026-08-05 12:35:00,PYXS,,3.190000057220459,3.190000057220459,3.190000057220459,3.190000057220459,130.0
2026-08-05 12:35:00,PZZA,,30.354999542236328,30.360000610351562,30.350000381469727,30.350000381469727,4260.0
2026-08-05 12:35:00,QCOM,,158.19500732421875,158.1999969482422,158.05999755859375,158.19000244140625,5964.0
2026-08-05 12:35:00,QFIN,,13.229999542236328,13.229999542236328,13.229999542236328,13.229999542236328,627.0
2026-08-05 12:35:00,QRVO,,94.58999633789062,94.58999633789062,94.54000091552734,94.58000183105469,904.0
2026-08-05 12:35:00,SEED,,1.0,1.0,1.0,1.0,405.0
2026-08-05 12:35:00,TARA,,4.054999828338623,4.054999828338623,4.054999828338623,4.054999828338623,211.0
2026-08-05 12:36:00,ACDC,,4.460000038146973,4.465000152587891,4.454999923706055,4.454999923706055,3017.0
2026-08-05 12:36:00,EYE,,23.1200008392334,23.1200008392334,23.1200008392334,23.1200008392334,1369.0
2026-08-05 12:36:00,GLUE,,15.595000267028809,15.595000267028809,15.595000267028809,15.595000267028809,291.0
2026-08-05 12:36:00,KIDS,,21.427499771118164,21.510000228881836,21.399999618530273,21.399999618530273,340.0
2026-08-05 12:36:00,MDB,,376.1199951171875,376.2650146484375,376.07000732421875,376.2650146484375,1179.0
2026-08-05 12:36:00,MDLZ,,62.3849983215332,62.39500045776367,62.369998931884766,62.369998931884766,7769.0
2026-08-05 12:36:00,MLTX,,17.53499984741211,17.53499984741211,17.53499984741211,17.53499984741211,1887.0
2026-08-05 12:36:00,MNRO,,13.1850004196167,13.1850004196167,13.180000305175781,13.180000305175781,3328.0
2026-08-05 12:36:00,MNST,,94.5999984741211,94.62000274658203,94.59500122070312,94.59500122070312,2336.0
2026-08-05 12:36:00,MNTS,,4.300000190734863,4.300000190734863,4.300000190734863,4.300000190734863,696.0
2026-08-05 12:36:00,MODD,,2.125,2.1496999263763428,2.109999895095825,2.140000104904175,1312.0
2026-08-05 12:36:00,MPWR,,1341.18505859375,1341.5699462890625,1339.2650146484375,1339.2750244140625,620.0
2026-08-05 12:36:00,MRNA,,56.88999938964844,56.900001525878906,56.81999969482422,56.81999969482422,2861.0
2026-08-05 12:36:00,MYGN,,3.125,3.125,3.125,3.125,918.0
2026-08-05 12:36:00,NAMS,,27.110000610351562,27.110000610351562,26.75,26.799999237060547,50125.0
2026-08-05 12:36:00,NB,,5.070000171661377,5.070000171661377,5.070000171661377,5.070000171661377,3885.0
2026-08-05 12:36:00,NBIX,,162.78500366210938,162.78500366210938,162.75,162.75,380.0
2026-08-05 12:36:00,NBN,,134.94000244140625,134.9499969482422,134.91000366210938,134.9499969482422,799.0
2026-08-05 12:36:00,NDAQ,,94.7699966430664,94.88999938964844,94.76000213623047,94.88999938964844,3591.0
2026-08-05 12:36:00,NDSN,,310.8399963378906,310.8399963378906,310.7900085449219,310.7900085449219,346.0
2026-08-05 12:36:00,NEO,,16.020000457763672,16.020000457763672,16.010000228881836,16.010000228881836,1174.0
2026-08-05 12:36:00,NEOG,,11.649999618530273,11.649999618530273,11.640000343322754,11.640000343322754,5017.0
2026-08-05 12:36:00,NEOV,,2.8101999759674072,2.8101999759674072,2.809999942779541,2.809999942779541,3670.0
2026-08-05 12:36:00,NESR,,28.665000915527344,28.690000534057617,28.665000915527344,28.690000534057617,959.0
2026-08-05 12:36:00,NEXT,,6.434999942779541,6.434999942779541,6.425000190734863,6.429900169372559,9542.0
2026-08-05 12:36:00,NFE,,0.33660000562667847,0.33660000562667847,0.33559998869895935,0.33660000562667847,886.0
2026-08-05 12:36:00,NFLX,,73.43000030517578,73.44640350341797,73.41000366210938,73.44499969482422,24311.0
2026-08-05 12:36:00,NICE,,96.6500015258789,96.65499877929688,96.6500015258789,96.65499877929688,1101.0
2026-08-05 12:36:00,NMFC,,7.309999942779541,7.320000171661377,7.309999942779541,7.320000171661377,8292.0
2026-08-05 12:36:00,NMFCZ,,25.079999923706055,25.100000381469727,25.079999923706055,25.100000381469727,705.0
2026-08-05 12:36:00,NMRA,,1.6150000095367432,1.6150000095367432,1.6150000095367432,1.6150000095367432,317.0
2026-08-05 12:36:00,NMRK,,15.585000038146973,15.585000038146973,15.585000038146973,15.585000038146973,1141.0
2026-08-05 12:36:00,NN,,14.210000038146973,14.210000038146973,14.149999618530273,14.15999984741211,5707.0
2026-08-05 12:36:00,NNBR,,3.809999942779541,3.809999942779541,3.809999942779541,3.809999942779541,4635.0
2026-08-05 12:36:00,NNDM,,1.5449999570846558,1.5449999570846558,1.5399999618530273,1.5399999618530273,1116.0
2026-08-05 12:36:00,NNOX,,1.0199999809265137,1.0199999809265137,1.0199999809265137,1.0199999809265137,176.0
2026-08-05 12:36:00,NPCE,,13.40999984741211,13.40999984741211,13.350000381469727,13.369999885559082,2484.0
2026-08-05 12:36:00,NRDS,,9.175000190734863,9.175000190734863,9.164999961853027,9.170000076293945,2425.0
2026-08-05 12:36:00,NRIM,,26.90999984741211,26.93000030517578,26.90999984741211,26.93000030517578,1073.0
2026-08-05 12:36:00,NRIX,,24.93000030517578,24.93000030517578,24.920000076293945,24.920000076293945,1056.0
2026-08-05 12:36:00,NSSC,,40.244998931884766,40.244998931884766,40.244998931884766,40.244998931884766,269.0
2026-08-05 12:36:00,NTAP,,189.81500244140625,189.81500244140625,189.74000549316406,189.75999450683594,2685.0
2026-08-05 12:36:00,NTCT,,41.59000015258789,41.64500045776367,41.59000015258789,41.64500045776367,1423.0
2026-08-05 12:36:00,NTNX,,60.619998931884766,60.650001525878906,60.619998931884766,60.650001525878906,1635.0
2026-08-05 12:36:00,NTRA,,275.69500732421875,275.989990234375,275.489990234375,275.635009765625,7832.0
2026-08-05 12:36:00,NUWE,,1.7200000286102295,1.7200000286102295,1.7200000286102295,1.7200000286102295,601.0
2026-08-05 12:36:00,NVAX,,7.625,7.625,7.625,7.625,471.0
2026-08-05 12:36:00,NVCT,,20.149999618530273,20.149999618530273,20.100000381469727,20.100000381469727,2230.0
2026-08-05 12:36:00,NVDA,,221.19000244140625,221.27999877929688,221.11000061035156,221.2406005859375,247150.0
2026-08-05 12:36:00,NVTS,,12.5,12.515000343322754,12.479999542236328,12.494999885559082,14324.0
2026-08-05 12:36:00,NWBI,,15.944999694824219,15.944999694824219,15.944999694824219,15.944999694824219,1106.0
2026-08-05 12:36:00,NWL,,6.275000095367432,6.284999847412109,6.269999980926514,6.28000020980835,17911.0
2026-08-05 12:36:00,NWS,,32.209999084472656,32.21500015258789,32.209999084472656,32.21500015258789,1283.0
2026-08-05 12:36:00,NWSA,,28.190000534057617,28.190000534057617,28.18000030517578,28.184999465942383,6193.0
2026-08-05 12:36:00,NXGL,,0.40630000829696655,0.40630000829696655,0.40619999170303345,0.40619999170303345,4991.0
2026-08-05 12:36:00,NXPI,,231.375,231.375,230.99000549316406,231.02999877929688,5454.0
2026-08-05 12:36:00,NXT,,98.41000366210938,98.51000213623047,98.36000061035156,98.4000015258789,4043.0
2026-08-05 12:36:00,OCCI,,2.4800000190734863,2.4800000190734863,2.4800000190734863,2.4800000190734863,0.0
2026-08-05 12:36:00,OCG,,1.6749999523162842,1.690000057220459,1.6749999523162842,1.6890000104904175,956.0
2026-08-05 12:36:00,OCGN,,1.2999999523162842,1.2999999523162842,1.2949999570846558,1.2949999570846558,2891.0
2026-08-05 12:36:00,OCS,,12.03499984741211,12.03499984741211,12.03499984741211,12.03499984741211,903.0
2026-08-05 12:36:00,OCSL,,12.175000190734863,12.1850004196167,12.175000190734863,12.180000305175781,1116.0
2026-08-05 12:36:00,ODFL,,214.7100067138672,214.94000244140625,214.38999938964844,214.38999938964844,24680.0
2026-08-05 12:36:00,OESX,,14.795000076293945,14.914999961853027,14.550000190734863,14.550000190734863,7234.0
2026-08-05 12:36:00,OFIX,,10.729999542236328,10.75,10.729999542236328,10.739999771118164,4538.0
2026-08-05 12:36:00,OKTA,,147.72500610351562,147.72500610351562,147.57000732421875,147.57000732421875,1199.0
2026-08-05 12:36:00,OMCL,,37.23500061035156,37.279998779296875,37.23500061035156,37.279998779296875,517.0
2026-08-05 12:36:00,OMER,,12.890000343322754,12.890000343322754,12.890000343322754,12.890000343322754,907.0
2026-08-05 12:36:00,OMEX,,0.7411999702453613,0.7411999702453613,0.7411999702453613,0.7411999702453613,582.0
2026-08-05 12:36:00,OMH,,0.11299999803304672,0.11330000311136246,0.11299999803304672,0.11330000311136246,5954.0
2026-08-05 12:36:00,ON,,77.86000061035156,77.87999725341797,77.76950073242188,77.8499984741211,14997.0
2026-08-05 12:36:00,ONB,,27.049999237060547,27.049999237060547,27.040000915527344,27.040000915527344,2924.0
2026-08-05 12:36:00,ONCY,,0.7958999872207642,0.7958999872207642,0.7958999872207642,0.7958999872207642,807.0
2026-08-05 12:36:00,ONDS,,8.914999961853027,8.920000076293945,8.899999618530273,8.920000076293945,421270.0
2026-08-05 12:36:00,ONFO,,0.0746999979019165,0.0746999979019165,0.07440000027418137,0.0746999979019165,12506.0
2026-08-05 12:36:00,ONMD,,0.6811000108718872,0.6869999766349792,0.6811000108718872,0.6869999766349792,1876.0
2026-08-05 12:36:00,OPCH,,23.350000381469727,23.360000610351562,23.34000015258789,23.34000015258789,2540.0
2026-08-05 12:36:00,OPEN,,3.839900016784668,3.8399999141693115,3.8299999237060547,3.8399999141693115,17232.0
2026-08-05 12:36:00,ORIC,,13.170000076293945,13.170000076293945,13.149999618530273,13.15999984741211,2277.0
2026-08-05 12:36:00,ORLY,,93.05000305175781,93.06999969482422,93.05000305175781,93.05000305175781,2273.0
2026-08-05 12:36:00,OSBC,,25.770000457763672,25.770000457763672,25.770000457763672,25.770000457763672,452.0
2026-08-05 12:36:00,OSPN,,16.479999542236328,16.479999542236328,16.479999542236328,16.479999542236328,715.0
2026-08-05 12:36:00,OTEX,,25.764999389648438,25.770000457763672,25.7450008392334,25.764999389648438,15179.0
2026-08-05 12:36:00,OTLK,,1.0149999856948853,1.0199999809265137,1.0099999904632568,1.0199999809265137,2639.0
2026-08-05 12:36:00,OTLY,,14.444999694824219,14.444999694824219,14.444999694824219,14.444999694824219,482.0
2026-08-05 12:36:00,OXSQ,,1.4972000122070312,1.4972000122070312,1.4950000047683716,1.4950000047683716,2184.0
2026-08-05 12:36:00,PAA,,23.21500015258789,23.21500015258789,23.21500015258789,23.21500015258789,1059.0
2026-08-05 12:36:00,PAAS,,48.130001068115234,48.13999938964844,48.099998474121094,48.11000061035156,4471.0
2026-08-05 12:36:00,PACB,,1.3899999856948853,1.399999976158142,1.3899999856948853,1.3899999856948853,1692.0
2026-08-05 12:36:00,PALI,,2.130000114440918,2.130000114440918,2.1201000213623047,2.121299982070923,2845.0
2026-08-05 12:36:00,PANL,,7.244999885559082,7.244999885559082,7.244999885559082,7.244999885559082,237.0
2026-08-05 12:36:00,PANW,,363.114990234375,363.1723937988281,363.010009765625,363.0199890136719,5689.0
2026-08-05 12:36:00,PAX,,11.404999732971191,11.414999961853027,11.404999732971191,11.414999961853027,4210.0
2026-08-05 12:36:00,PAYO,,7.125,7.130000114440918,7.125,7.130000114440918,998.0
2026-08-05 12:36:00,PAYX,,117.12999725341797,117.12999725341797,117.06999969482422,117.12999725341797,3702.0
2026-08-05 12:36:00,PCAR,,133.88999938964844,133.88999938964844,133.77000427246094,133.77000427246094,5173.0
2026-08-05 12:36:00,PCRX,,25.110000610351562,25.110000610351562,25.075000762939453,25.075000762939453,1857.0
2026-08-05 12:36:00,PCT,,6.885000228881836,6.885000228881836,6.875,6.880000114440918,3915.0
2026-08-05 12:36:00,PCTY,,144.03500366210938,144.03500366210938,144.03500366210938,144.03500366210938,226.0
2026-08-05 12:36:00,PDD,,90.87000274658203,90.87000274658203,90.8499984741211,90.8499984741211,1490.0
2026-08-05 12:36:00,PEGA,,31.625,31.639999389648438,31.6200008392334,31.639999389648438,2406.0
2026-08-05 12:36:00,PENN,,19.78499984741211,19.78499984741211,19.78499984741211,19.78499984741211,730.0
2026-08-05 12:36:00,PEP,,138.7324981689453,138.7449951171875,138.70509338378906,138.70509338378906,3803.0
2026-08-05 12:36:00,PEPG,,1.9450000524520874,1.9450000524520874,1.9450000524520874,1.9450000524520874,304.0
2026-08-05 12:36:00,PESI,,17.68000030517578,17.68000030517578,17.639999389648438,17.639999389648438,1577.0
2026-08-05 12:36:00,PGEN,,6.985000133514404,6.989999771118164,6.980000019073486,6.980000019073486,4470.0
2026-08-05 12:36:00,PGNY,,31.709999084472656,31.709999084472656,31.709999084472656,31.709999084472656,572.0
2026-08-05 12:36:00,PGY,,21.780000686645508,21.790000915527344,21.770000457763672,21.780000686645508,3240.0
2026-08-05 12:36:00,PHAT,,8.470000267028809,8.479999542236328,8.470000267028809,8.479999542236328,286.0
2026-08-05 12:36:00,PHVS,,33.005001068115234,33.005001068115234,33.005001068115234,33.005001068115234,215.0
2026-08-05 12:36:00,PLAB,,32.099998474121094,32.099998474121094,32.09000015258789,32.09000015258789,783.0
2026-08-05 12:36:00,PLBY,,1.148800015449524,1.148800015449524,1.148800015449524,1.148800015449524,300.0
2026-08-05 12:36:00,PLMR,,134.44000244140625,134.44000244140625,134.44000244140625,134.44000244140625,262.0
2026-08-05 12:36:00,PLSE,,36.869998931884766,36.869998931884766,36.869998931884766,36.869998931884766,132.0
2026-08-05 12:36:00,PLUG,,2.0799999237060547,2.089900016784668,2.0799999237060547,2.089900016784668,19574.0
2026-08-05 12:36:00,PNFP,,107.58999633789062,107.58999633789062,107.58999633789062,107.58999633789062,582.0
2026-08-05 12:36:00,PNTG,,39.08000183105469,39.08000183105469,39.08000183105469,39.08000183105469,210.0
2026-08-05 12:36:00,POET,,8.329999923706055,8.329999923706055,8.305000305175781,8.3100004196167,16549.0
2026-08-05 12:36:00,POOL,,205.9499969482422,205.9499969482422,205.63999938964844,205.9499969482422,1030.0
2026-08-05 12:36:00,POWI,,61.869998931884766,61.869998931884766,61.84000015258789,61.84000015258789,401.0
2026-08-05 12:36:00,POWL,,212.66000366210938,212.66000366210938,212.10009765625,212.10009765625,988.0
2026-08-05 12:36:00,PPC,,26.415000915527344,26.415000915527344,26.415000915527344,26.415000915527344,449.0
2026-08-05 12:36:00,PPTA,,22.309999465942383,22.309999465942383,22.309999465942383,22.309999465942383,771.0
2026-08-05 12:36:00,PRCH,,15.875,15.875,15.869999885559082,15.869999885559082,926.0
2026-08-05 12:36:00,PRCT,,19.15999984741211,19.170000076293945,19.15999984741211,19.170000076293945,1012.0
2026-08-05 12:36:00,PRDO,,32.83000183105469,32.83000183105469,32.83000183105469,32.83000183105469,541.0
2026-08-05 12:36:00,PRIM,,84.54000091552734,84.68000030517578,84.52999877929688,84.52999877929688,1394.0
2026-08-05 12:36:00,PRME,,3.0850000381469727,3.0850000381469727,3.0850000381469727,3.0850000381469727,1287.0
2026-08-05 12:36:00,PROK,,1.6311999559402466,1.6311999559402466,1.6311999559402466,1.6311999559402466,1229.0
2026-08-05 12:36:00,PRTH,,6.579999923706055,6.579999923706055,6.579999923706055,6.579999923706055,1092.0
2026-08-05 12:36:00,PRZO,,0.5454999804496765,0.5454999804496765,0.5454999804496765,0.5454999804496765,2113.0
2026-08-05 12:36:00,PSEC,,2.182499885559082,2.190000057220459,2.180000066757202,2.184999942779541,5681.0
2026-08-05 12:36:00,PSNL,,13.529999732971191,13.550000190734863,13.510000228881836,13.550000190734863,10461.0
2026-08-05 12:36:00,PTEN,,9.765000343322754,9.765000343322754,9.760000228881836,9.760000228881836,6980.0
2026-08-05 12:36:00,PTGX,,136.77000427246094,136.77000427246094,136.52000427246094,136.5399932861328,2155.0
2026-08-05 12:36:00,PTLO,,4.635000228881836,4.635000228881836,4.635000228881836,4.635000228881836,749.0
2026-08-05 12:36:00,PTON,,6.489999771118164,6.5,6.480000019073486,6.489999771118164,21917.0
2026-08-05 12:36:00,PUBM,,13.40999984741211,13.40999984741211,13.399999618530273,13.399999618530273,2536.0
2026-08-05 12:36:00,PWP,,17.290000915527344,17.290000915527344,17.290000915527344,17.290000915527344,515.0
2026-08-05 12:36:00,PXS,,4.776299953460693,4.776299953460693,4.776299953460693,4.776299953460693,302.0
2026-08-05 12:36:00,PYPD,,4.539999961853027,4.539999961853027,4.539999961853027,4.539999961853027,185.0
2026-08-05 12:36:00,PYPL,,58.279998779296875,58.279998779296875,58.27000045776367,58.272499084472656,5674.0
2026-08-05 12:36:00,PYXS,,3.180000066757202,3.180000066757202,3.180000066757202,3.180000066757202,429.0
2026-08-05 12:36:00,QCOM,,158.2100067138672,158.25999450683594,158.11000061035156,158.13999938964844,8770.0
2026-08-05 12:36:00,QFIN,,13.234999656677246,13.234999656677246,13.229999542236328,13.229999542236328,1190.0
2026-08-05 12:36:00,QRVO,,94.62999725341797,94.62999725341797,94.58999633789062,94.58999633789062,3090.0
2026-08-05 12:36:00,SEED,,0.9950000047683716,1.0094000101089478,0.9950000047683716,1.0094000101089478,7939.0
2026-08-05 12:36:00,STIM,,2.2750000953674316,2.2750000953674316,2.2750000953674316,2.2750000953674316,218.0
2026-08-05 12:36:00,TARA,,4.054999828338623,4.054999828338623,4.054999828338623,4.054999828338623,394.0
2026-08-05 12:36:00,WOOF,,2.930000066757202,2.930000066757202,2.930000066757202,2.930000066757202,8093.0
2026-08-05 12:37:00,ACDC,,4.474999904632568,4.474999904632568,4.465000152587891,4.465000152587891,4971.0
2026-08-05 12:37:00,EYE,,23.110000610351562,23.110000610351562,23.110000610351562,23.110000610351562,693.0
2026-08-05 12:37:00,FIZZ,,31.90999984741211,31.90999984741211,31.90999984741211,31.90999984741211,902.0
2026-08-05 12:37:00,GLUE,,15.579999923706055,15.59000015258789,15.579999923706055,15.59000015258789,1599.0
2026-08-05 12:37:00,KIDS,,21.517499923706055,21.55500030517578,21.497499465942383,21.510000228881836,5144.0
2026-08-05 12:37:00,LUNG,,1.9600000381469727,1.9700000286102295,1.9600000381469727,1.9700000286102295,4578.0
2026-08-05 12:37:00,MBRX,,0.40700000524520874,0.4099999964237213,0.40700000524520874,0.4099999964237213,619.0
2026-08-05 12:37:00,MDB,,376.19000244140625,376.19000244140625,376.1099853515625,376.1099853515625,488.0
2026-08-05 12:37:00,MDLZ,,62.29999923706055,62.380001068115234,62.29999923706055,62.380001068115234,10308.0
2026-08-05 12:37:00,MLTX,,17.56999969482422,17.56999969482422,17.56999969482422,17.56999969482422,1345.0
2026-08-05 12:37:00,MNST,,94.57499694824219,94.61000061035156,94.57499694824219,94.5999984741211,3428.0
2026-08-05 12:37:00,MNTS,,4.297500133514404,4.297500133514404,4.289999961853027,4.289999961853027,6095.0
2026-08-05 12:37:00,MPWR,,1343.885009765625,1343.885009765625,1340.1600341796875,1341.1949462890625,714.0
2026-08-05 12:37:00,MRNA,,56.86000061035156,56.86000061035156,56.86000061035156,56.86000061035156,852.0
2026-08-05 12:37:00,MYGN,,3.125,3.125,3.125,3.125,1661.0
2026-08-05 12:37:00,MYRG,,336.80999755859375,336.81500244140625,336.80999755859375,336.81500244140625,876.0
2026-08-05 12:37:00,NAMS,,27.25,27.280000686645508,27.110000610351562,27.110000610351562,4248.0
2026-08-05 12:37:00,NATR,,20.09000015258789,20.09000015258789,20.09000015258789,20.09000015258789,340.0
2026-08-05 12:37:00,NAUT,,0.9476000070571899,0.9476000070571899,0.9476000070571899,0.9476000070571899,382.0
2026-08-05 12:37:00,NAVI,,9.095000267028809,9.095000267028809,9.095000267028809,9.095000267028809,603.0
2026-08-05 12:37:00,NB,,5.070000171661377,5.070000171661377,5.070000171661377,5.070000171661377,1769.0
2026-08-05 12:37:00,NBIX,,162.89500427246094,162.89500427246094,162.72500610351562,162.74000549316406,2013.0
2026-08-05 12:37:00,NDAQ,,94.80000305175781,94.80500030517578,94.80000305175781,94.80500030517578,1278.0
2026-08-05 12:37:00,NEO,,16.010000228881836,16.010000228881836,16.010000228881836,16.010000228881836,2511.0
2026-08-05 12:37:00,NEOG,,11.645000457763672,11.65999984741211,11.640000343322754,11.649999618530273,5226.0
2026-08-05 12:37:00,NESR,,28.670000076293945,28.670000076293945,28.639999389648438,28.639999389648438,2529.0
2026-08-05 12:37:00,NEWT,,15.050000190734863,15.050000190734863,15.050000190734863,15.050000190734863,461.0
2026-08-05 12:37:00,NEXT,,6.434999942779541,6.440000057220459,6.434999942779541,6.434999942779541,2653.0
2026-08-05 12:37:00,NFE,,0.33660000562667847,0.33660000562667847,0.33660000562667847,0.33660000562667847,2231.0
2026-08-05 12:37:00,NFLX,,73.3949966430664,73.42990112304688,73.38999938964844,73.42500305175781,25187.0
2026-08-05 12:37:00,NGNE,,35.15999984741211,35.220001220703125,35.150001525878906,35.220001220703125,2121.0
2026-08-05 12:37:00,NICE,,96.66000366210938,96.69000244140625,96.66000366210938,96.69000244140625,941.0
2026-08-05 12:37:00,NKTR,,73.26000213623047,73.26000213623047,73.26000213623047,73.26000213623047,886.0
2026-08-05 12:37:00,NMFC,,7.320000171661377,7.320000171661377,7.309999942779541,7.309999942779541,2565.0
2026-08-05 12:37:00,NMIH,,44.27000045776367,44.279998779296875,44.27000045776367,44.279998779296875,677.0
2026-08-05 12:37:00,NMRK,,15.585000038146973,15.585000038146973,15.585000038146973,15.585000038146973,1059.0
2026-08-05 12:37:00,NN,,14.204999923706055,14.204999923706055,14.199999809265137,14.199999809265137,1884.0
2026-08-05 12:37:00,NNDM,,1.5449999570846558,1.5449999570846558,1.5399999618530273,1.5449999570846558,836.0
2026-08-05 12:37:00,NNOX,,1.0298999547958374,1.0298999547958374,1.0298999547958374,1.0298999547958374,1970.0
2026-08-05 12:37:00,NOVT,,156.0,156.0,156.0,156.0,796.0
2026-08-05 12:37:00,NRDS,,9.180000305175781,9.180000305175781,9.180000305175781,9.180000305175781,969.0
2026-08-05 12:37:00,NRIX,,24.93000030517578,24.93000030517578,24.93000030517578,24.93000030517578,694.0
2026-08-05 12:37:00,NRXP,,3.0250000953674316,3.0250000953674316,3.0209999084472656,3.0209999084472656,726.0
2026-08-05 12:37:00,NTAP,,189.9499969482422,189.9499969482422,189.8000030517578,189.8000030517578,3209.0
2026-08-05 12:37:00,NTES,,127.69999694824219,127.69999694824219,127.66000366210938,127.68000030517578,3934.0
2026-08-05 12:37:00,NTNX,,60.61000061035156,60.61000061035156,60.61000061035156,60.61000061035156,544.0
2026-08-05 12:37:00,NTRA,,275.8900146484375,275.9800109863281,275.752685546875,275.9800109863281,1541.0
2026-08-05 12:37:00,NVAX,,7.629000186920166,7.629000186920166,7.625,7.625,1045.0
2026-08-05 12:37:00,NVDA,,221.22000122070312,221.25999450683594,221.1300048828125,221.17999267578125,244721.0
2026-08-05 12:37:00,NVMI,,409.6400146484375,409.6400146484375,409.6300048828125,409.6300048828125,1468.0
2026-08-05 12:37:00,NVNI,,1.100000023841858,1.100000023841858,1.100000023841858,1.100000023841858,354.0
2026-08-05 12:37:00,NVTS,,12.529999732971191,12.529999732971191,12.5,12.5,11960.0
2026-08-05 12:37:00,NWBI,,15.949999809265137,15.949999809265137,15.949999809265137,15.949999809265137,401.0
2026-08-05 12:37:00,NWE,,68.74500274658203,68.74500274658203,68.74500274658203,68.74500274658203,599.0
2026-08-05 12:37:00,NWL,,6.289999961853027,6.289999961853027,6.28000020980835,6.28000020980835,14687.0
2026-08-05 12:37:00,NWPX,,127.45919799804688,127.45919799804688,127.45919799804688,127.45919799804688,1122.0
2026-08-05 12:37:00,NWSA,,28.18000030517578,28.18000030517578,28.18000030517578,28.18000030517578,496.0
2026-08-05 12:37:00,NXPI,,231.66000366210938,231.6699981689453,231.66000366210938,231.6699981689453,689.0
2026-08-05 12:37:00,NXST,,192.1750030517578,192.1750030517578,192.1750030517578,192.1750030517578,875.0
2026-08-05 12:37:00,NXT,,98.30999755859375,98.30999755859375,98.30000305175781,98.30000305175781,2332.0
2026-08-05 12:37:00,OABI,,2.069999933242798,2.069999933242798,2.069999933242798,2.069999933242798,1507.0
2026-08-05 12:37:00,OCFC,,19.770000457763672,19.770000457763672,19.770000457763672,19.770000457763672,1028.0
2026-08-05 12:37:00,OCGN,,1.2999999523162842,1.2999999523162842,1.2949999570846558,1.2949999570846558,2201.0
2026-08-05 12:37:00,OCSL,,12.154999732971191,12.175000190734863,12.151399612426758,12.170000076293945,4228.0
2026-08-05 12:37:00,OCUL,,8.505000114440918,8.505000114440918,8.5,8.5,4885.0
2026-08-05 12:37:00,ODD,,15.329999923706055,15.329999923706055,15.329999923706055,15.329999923706055,206.0
2026-08-05 12:37:00,ODFL,,214.85499572753906,214.85499572753906,214.85499572753906,214.85499572753906,1310.0
2026-08-05 12:37:00,OKTA,,147.72999572753906,147.72999572753906,147.72999572753906,147.72999572753906,1165.0
2026-08-05 12:37:00,OLLI,,78.41999816894531,78.43000030517578,78.38999938964844,78.41000366210938,2343.0
2026-08-05 12:37:00,OMH,,0.11270000040531158,0.11299999803304672,0.11270000040531158,0.11299999803304672,0.0
2026-08-05 12:37:00,ON,,77.97000122070312,77.97000122070312,77.81999969482422,77.86499786376953,13378.0
2026-08-05 12:37:00,ONB,,27.049999237060547,27.049999237060547,27.049999237060547,27.049999237060547,2277.0
2026-08-05 12:37:00,ONBPP,,24.809999465942383,24.809999465942383,24.809999465942383,24.809999465942383,497.0
2026-08-05 12:37:00,ONDS,,8.914999961853027,8.930000305175781,8.90999984741211,8.914999961853027,61382.0
2026-08-05 12:37:00,ONFO,,0.0746999979019165,0.0746999979019165,0.07460000365972519,0.0746999979019165,4875.0
2026-08-05 12:37:00,OPCH,,23.344999313354492,23.344999313354492,23.34000015258789,23.344999313354492,1220.0
2026-08-05 12:37:00,OPEN,,3.8350000381469727,3.8399999141693115,3.8299999237060547,3.8350000381469727,15138.0
2026-08-05 12:37:00,ORIC,,13.170000076293945,13.170000076293945,13.164999961853027,13.164999961853027,6755.0
2026-08-05 12:37:00,ORLY,,93.05000305175781,93.05999755859375,93.0365982055664,93.04000091552734,5318.0
2026-08-05 12:37:00,OSPN,,16.485000610351562,16.485000610351562,16.485000610351562,16.485000610351562,524.0
2026-08-05 12:37:00,OSUR,,4.135000228881836,4.135000228881836,4.135000228881836,4.135000228881836,259.0
2026-08-05 12:37:00,OTEX,,25.770000457763672,25.780000686645508,25.770000457763672,25.774999618530273,2225.0
2026-08-05 12:37:00,OTLK,,1.0199999809265137,1.0199999809265137,1.0149999856948853,1.0199999809265137,1369.0
2026-08-05 12:37:00,OXLC,,9.145000457763672,9.145000457763672,9.145000457763672,9.145000457763672,400.0
2026-08-05 12:37:00,OXSQ,,1.4950000047683716,1.4950000047683716,1.4950000047683716,1.4950000047683716,52.0
2026-08-05 12:37:00,PAA,,23.21500015258789,23.21500015258789,23.21500015258789,23.21500015258789,576.0
2026-08-05 12:37:00,PAAS,,48.150001525878906,48.150001525878906,48.099998474121094,48.10499954223633,5145.0
2026-08-05 12:37:00,PACB,,1.3931000232696533,1.399999976158142,1.3899999856948853,1.3899999856948853,4762.0
2026-08-05 12:37:00,PALI,,2.125,2.125,2.125,2.125,107.0
2026-08-05 12:37:00,PANL,,7.244999885559082,7.244999885559082,7.244999885559082,7.244999885559082,362.0
2026-08-05 12:37:00,PANW,,363.4599914550781,363.5950012207031,363.18499755859375,363.18499755859375,4293.0
2026-08-05 12:37:00,PAYO,,7.119999885559082,7.130000114440918,7.119999885559082,7.130000114440918,523.0
2026-08-05 12:37:00,PAYX,,117.08000183105469,117.0999984741211,117.07050323486328,117.0999984741211,2118.0
2026-08-05 12:37:00,PCAR,,133.85000610351562,133.85000610351562,133.80999755859375,133.8300018310547,3898.0
2026-08-05 12:37:00,PCRX,,25.049999237060547,25.06999969482422,25.0,25.06999969482422,5252.0
2026-08-05 12:37:00,PCT,,6.885000228881836,6.885000228881836,6.885000228881836,6.885000228881836,711.0
2026-08-05 12:37:00,PCTY,,144.03500366210938,144.03500366210938,144.03500366210938,144.03500366210938,424.0
2026-08-05 12:37:00,PDD,,90.8499984741211,90.87000274658203,90.8499984741211,90.87000274658203,6247.0
2026-08-05 12:37:00,PECO,,41.310001373291016,41.33000183105469,41.310001373291016,41.33000183105469,2074.0
2026-08-05 12:37:00,PEGA,,31.639999389648438,31.639999389648438,31.6299991607666,31.6299991607666,1353.0
2026-08-05 12:37:00,PENN,,19.790000915527344,19.790000915527344,19.78499984741211,19.78499984741211,2684.0
2026-08-05 12:37:00,PEP,,138.69000244140625,138.72799682617188,138.69000244140625,138.72000122070312,8989.0
2026-08-05 12:37:00,PEPG,,1.9500000476837158,1.9500000476837158,1.9500000476837158,1.9500000476837158,943.0
2026-08-05 12:37:00,PERI,,9.550000190734863,9.550000190734863,9.550000190734863,9.550000190734863,122.0
2026-08-05 12:37:00,PFG,,113.964599609375,113.964599609375,113.89859771728516,113.89859771728516,485.0
2026-08-05 12:37:00,PGEN,,6.994999885559082,7.0,6.980000019073486,6.989999771118164,8236.0
2026-08-05 12:37:00,PGNY,,31.725000381469727,31.725000381469727,31.725000381469727,31.725000381469727,1105.0
2026-08-05 12:37:00,PGY,,21.764999389648438,21.769899368286133,21.760000228881836,21.760000228881836,2207.0
2026-08-05 12:37:00,PGYWW,,0.03099999949336052,0.03150000050663948,0.029999999329447746,0.03150000050663948,8210.0
2026-08-05 12:37:00,PHAT,,8.470000267028809,8.479999542236328,8.470000267028809,8.479999542236328,1128.0
2026-08-05 12:37:00,PHVS,,33.11000061035156,33.11000061035156,33.11000061035156,33.11000061035156,265.0
2026-08-05 12:37:00,PLMR,,132.9499969482422,134.11000061035156,132.9499969482422,134.0850067138672,5157.0
2026-08-05 12:37:00,PLSE,,36.81999969482422,36.900001525878906,36.810001373291016,36.849998474121094,3672.0
2026-08-05 12:37:00,PLTK,,3.9649999141693115,3.9649999141693115,3.9649999141693115,3.9649999141693115,349.0
2026-08-05 12:37:00,PLUG,,2.0899999141693115,2.0899999141693115,2.0850000381469727,2.0850000381469727,24743.0
2026-08-05 12:37:00,PNTG,,39.084999084472656,39.084999084472656,39.084999084472656,39.084999084472656,427.0
2026-08-05 12:37:00,POET,,8.329999923706055,8.335000038146973,8.321700096130371,8.329999923706055,9435.0
2026-08-05 12:37:00,POOL,,205.5399932861328,205.5399932861328,205.5399932861328,205.5399932861328,1504.0
2026-08-05 12:37:00,POWI,,62.185001373291016,62.185001373291016,61.8849983215332,61.91999816894531,30057.0
2026-08-05 12:37:00,POWL,,212.8699951171875,212.8699951171875,212.52499389648438,212.52499389648438,685.0
2026-08-05 12:37:00,PPC,,26.399999618530273,26.415000915527344,26.399999618530273,26.415000915527344,1180.0
2026-08-05 12:37:00,PPTA,,22.30500030517578,22.30500030517578,22.290000915527344,22.290000915527344,2371.0
2026-08-05 12:37:00,PRCH,,15.84000015258789,15.864999771118164,15.84000015258789,15.864999771118164,788.0
2026-08-05 12:37:00,PRCT,,19.110000610351562,19.190000534057617,19.110000610351562,19.18000030517578,13195.0
2026-08-05 12:37:00,PRFX,,1.1100000143051147,1.1100000143051147,1.1100000143051147,1.1100000143051147,2030.0
2026-08-05 12:37:00,PRIM,,84.67749786376953,84.67749786376953,84.54000091552734,84.67500305175781,846.0
2026-08-05 12:37:00,PRLD,,4.559999942779541,4.559999942779541,4.559999942779541,4.559999942779541,1028.0
2026-08-05 12:37:00,PROF,,8.074999809265137,8.074999809265137,8.074999809265137,8.074999809265137,411.0
2026-08-05 12:37:00,PRQR,,1.9550000429153442,1.9550000429153442,1.9550000429153442,1.9550000429153442,587.0
2026-08-05 12:37:00,PRVA,,24.308399200439453,24.308399200439453,24.299999237060547,24.299999237060547,2475.0
2026-08-05 12:37:00,PSEC,,2.190000057220459,2.190000057220459,2.180000066757202,2.190000057220459,2940.0
2026-08-05 12:37:00,PSNL,,13.539999961853027,13.539999961853027,13.539999961853027,13.539999961853027,563.0
2026-08-05 12:37:00,PTCT,,68.88500213623047,68.88500213623047,68.86000061035156,68.87000274658203,752.0
2026-08-05 12:37:00,PTEN,,9.765000343322754,9.765000343322754,9.765000343322754,9.765000343322754,5650.0
2026-08-05 12:37:00,PTLO,,4.635000228881836,4.635000228881836,4.635000228881836,4.635000228881836,274.0
2026-08-05 12:37:00,PTON,,6.489999771118164,6.489999771118164,6.480000019073486,6.480000019073486,3935.0
2026-08-05 12:37:00,PWP,,17.299999237060547,17.299999237060547,17.299999237060547,17.299999237060547,780.0
2026-08-05 12:37:00,PYPL,,58.275001525878906,58.279998779296875,58.26499938964844,58.279998779296875,3056.0
2026-08-05 12:37:00,PZZA,,30.420000076293945,30.420000076293945,30.354999542236328,30.354999542236328,3410.0
2026-08-05 12:37:00,QCOM,,158.40499877929688,158.42930603027344,158.27499389648438,158.27999877929688,5406.0
2026-08-05 12:37:00,QFIN,,13.244999885559082,13.244999885559082,13.234999656677246,13.239999771118164,1998.0
2026-08-05 12:37:00,SEED,,1.0099999904632568,1.0099999904632568,1.0099999904632568,1.0099999904632568,0.0
2026-08-05 12:37:00,STIM,,2.2799999713897705,2.2799999713897705,2.2799999713897705,2.2799999713897705,150.0
2026-08-05 12:37:00,STKS,,1.7549999952316284,1.7549999952316284,1.7549999952316284,1.7549999952316284,131.0
2026-08-05 12:37:00,TARA,,4.059999942779541,4.059999942779541,4.059999942779541,4.059999942779541,125.0
2026-08-05 12:38:00,ACDC,,4.474999904632568,4.474999904632568,4.474999904632568,4.474999904632568,6666.0
2026-08-05 12:38:00,CNXN,,84.82499694824219,84.82499694824219,84.82499694824219,84.82499694824219,981.0
2026-08-05 12:38:00,DTIL,,7.579999923706055,7.579999923706055,7.579999923706055,7.579999923706055,333.0
2026-08-05 12:38:00,EYE,,23.1200008392334,23.1200008392334,23.110000610351562,23.114999771118164,2503.0
2026-08-05 12:38:00,GLUE,,15.59000015258789,15.59000015258789,15.585000038146973,15.585000038146973,788.0
2026-08-05 12:38:00,KIDS,,21.510000228881836,21.59000015258789,21.510000228881836,21.59000015258789,488.0
2026-08-05 12:38:00,LUNG,,1.9600000381469727,1.9600000381469727,1.9600000381469727,1.9600000381469727,1326.0
2026-08-05 12:38:00,MDB,,376.5199890136719,376.5199890136719,375.92010498046875,376.4599914550781,826.0
2026-08-05 12:38:00,MDLZ,,62.28499984741211,62.29999923706055,62.27799987792969,62.29499816894531,5929.0
2026-08-05 12:38:00,MNST,,94.57499694824219,94.57499694824219,94.55000305175781,94.55999755859375,3435.0
2026-08-05 12:38:00,MNTK,,1.684999942779541,1.684999942779541,1.6799999475479126,1.6799999475479126,3461.0
2026-08-05 12:38:00,MNTS,,4.31279993057251,4.31279993057251,4.31279993057251,4.31279993057251,367.0
2026-08-05 12:38:00,MPWR,,1346.8499755859375,1346.8599853515625,1344.0,1344.0,415.0
2026-08-05 12:38:00,MRNA,,56.849998474121094,56.9099006652832,56.849998474121094,56.88999938964844,2625.0
2026-08-05 12:38:00,MYGN,,3.125,3.125,3.125,3.125,1534.0
2026-08-05 12:38:00,MYPS,,0.7300000190734863,0.7300000190734863,0.7300000190734863,0.7300000190734863,300.0
2026-08-05 12:38:00,MYRG,,336.95001220703125,336.95001220703125,336.6199951171875,336.80499267578125,1066.0
2026-08-05 12:38:00,NAMS,,27.290000915527344,27.290000915527344,27.280000686645508,27.280000686645508,1165.0
2026-08-05 12:38:00,NAUT,,0.9476000070571899,0.9476000070571899,0.9476000070571899,0.9476000070571899,739.0
2026-08-05 12:38:00,NAVI,,9.095000267028809,9.095000267028809,9.095000267028809,9.095000267028809,888.0
2026-08-05 12:38:00,NB,,5.079999923706055,5.079999923706055,5.069799900054932,5.079999923706055,1946.0
2026-08-05 12:38:00,NBIX,,162.9149932861328,162.9149932861328,162.89999389648438,162.89999389648438,1912.0
2026-08-05 12:38:00,NCMI,,4.110000133514404,4.110000133514404,4.110000133514404,4.110000133514404,323.0
2026-08-05 12:38:00,NDAQ,,94.79000091552734,94.80000305175781,94.73999786376953,94.80000305175781,3252.0
2026-08-05 12:38:00,NDSN,,310.9200134277344,311.0249938964844,310.9200134277344,311.0249938964844,167.0
2026-08-05 12:38:00,NEO,,16.020000457763672,16.020000457763672,16.020000457763672,16.020000457763672,688.0
2026-08-05 12:38:00,NEOG,,11.645000457763672,11.645000457763672,11.645000457763672,11.645000457763672,244.0
2026-08-05 12:38:00,NEOV,,2.8299999237060547,2.8299999237060547,2.8299999237060547,2.8299999237060547,400.0
2026-08-05 12:38:00,NESR,,28.700000762939453,28.700000762939453,28.68000030517578,28.68000030517578,1708.0
2026-08-05 12:38:00,NEXT,,6.434999942779541,6.445000171661377,6.434999942779541,6.445000171661377,2805.0
2026-08-05 12:38:00,NFLX,,73.41510009765625,73.41950225830078,73.4000015258789,73.4000015258789,25397.0
2026-08-05 12:38:00,NGNE,,35.334999084472656,35.334999084472656,35.2599983215332,35.314998626708984,2168.0
2026-08-05 12:38:00,NHIC,,10.710000038146973,10.710000038146973,10.710000038146973,10.710000038146973,1108.0
2026-08-05 12:38:00,NICE,,96.87000274658203,96.87000274658203,96.76000213623047,96.76000213623047,1279.0
2026-08-05 12:38:00,NIU,,2.434999942779541,2.434999942779541,2.434999942779541,2.434999942779541,600.0
2026-08-05 12:38:00,NMFC,,7.329999923706055,7.329999923706055,7.329999923706055,7.329999923706055,5524.0
2026-08-05 12:38:00,NMRA,,1.6150000095367432,1.6150000095367432,1.6150000095367432,1.6150000095367432,849.0
2026-08-05 12:38:00,NMRK,,15.585000038146973,15.585000038146973,15.585000038146973,15.585000038146973,486.0
2026-08-05 12:38:00,NN,,14.180000305175781,14.1899995803833,14.180000305175781,14.1899995803833,4373.0
2026-08-05 12:38:00,NNBR,,3.8299999237060547,3.8299999237060547,3.815000057220459,3.815000057220459,8008.0
2026-08-05 12:38:00,NNDM,,1.5449999570846558,1.5449999570846558,1.5399999618530273,1.5449999570846558,580.0
2026-08-05 12:38:00,NRC,,19.559999465942383,19.559999465942383,19.559999465942383,19.559999465942383,717.0
2026-08-05 12:38:00,NRDS,,9.164999961853027,9.164999961853027,9.164999961853027,9.164999961853027,356.0
2026-08-05 12:38:00,NRXP,,3.0250000953674316,3.0250000953674316,3.0199999809265137,3.0209999084472656,1259.0
2026-08-05 12:38:00,NTAP,,189.6199951171875,189.90499877929688,189.6199951171875,189.90499877929688,7543.0
2026-08-05 12:38:00,NTCT,,41.599998474121094,41.599998474121094,41.58000183105469,41.58000183105469,401.0
2026-08-05 12:38:00,NTNX,,60.619998931884766,60.630001068115234,60.599998474121094,60.599998474121094,5393.0
2026-08-05 12:38:00,NTRA,,276.0299987792969,276.04998779296875,276.0299987792969,276.0400085449219,2099.0
2026-08-05 12:38:00,NUWE,,1.7200000286102295,1.7200000286102295,1.7200000286102295,1.7200000286102295,1248.0
2026-08-05 12:38:00,NVAX,,7.632500171661377,7.635000228881836,7.630000114440918,7.630000114440918,3592.0
2026-08-05 12:38:00,NVCR,,16.09000015258789,16.09000015258789,16.09000015258789,16.09000015258789,860.0
2026-08-05 12:38:00,NVCT,,20.135000228881836,20.135000228881836,20.135000228881836,20.135000228881836,331.0
2026-08-05 12:38:00,NVDA,,221.25680541992188,221.2949981689453,221.0399932861328,221.25999450683594,187530.0
2026-08-05 12:38:00,NVTS,,12.520000457763672,12.524999618530273,12.515000343322754,12.520000457763672,2092.0
2026-08-05 12:38:00,NWBI,,15.944999694824219,15.944999694824219,15.9399995803833,15.944999694824219,1175.0
2026-08-05 12:38:00,NWL,,6.289999961853027,6.295000076293945,6.289999961853027,6.290999889373779,7018.0
2026-08-05 12:38:00,NWS,,32.20500183105469,32.20500183105469,32.20000076293945,32.20000076293945,1039.0
2026-08-05 12:38:00,NWSA,,28.184999465942383,28.184999465942383,28.174999237060547,28.174999237060547,2311.0
2026-08-05 12:38:00,NXPI,,231.85000610351562,231.9199981689453,231.49000549316406,231.9199981689453,4489.0
2026-08-05 12:38:00,NXT,,98.58999633789062,98.6500015258789,98.33000183105469,98.44000244140625,7329.0
2026-08-05 12:38:00,OABI,,2.069999933242798,2.069999933242798,2.065000057220459,2.065000057220459,1427.0
2026-08-05 12:38:00,OCC,,15.850000381469727,15.850000381469727,15.850000381469727,15.850000381469727,200.0
2026-08-05 12:38:00,OCGN,,1.2949999570846558,1.2999999523162842,1.2949999570846558,1.2999999523162842,12516.0
2026-08-05 12:38:00,OCSL,,12.154999732971191,12.154999732971191,12.154999732971191,12.154999732971191,250.0
2026-08-05 12:38:00,OCUL,,8.524999618530273,8.524999618530273,8.505000114440918,8.510000228881836,9651.0
2026-08-05 12:38:00,ODD,,15.28499984741211,15.3100004196167,15.28499984741211,15.3100004196167,2209.0
2026-08-05 12:38:00,ODFL,,214.77999877929688,215.0050048828125,214.72000122070312,214.88999938964844,6642.0
2026-08-05 12:38:00,OESX,,14.869999885559082,14.869999885559082,14.869999885559082,14.869999885559082,433.0
2026-08-05 12:38:00,OFIX,,10.739999771118164,10.739999771118164,10.729999542236328,10.729999542236328,1556.0
2026-08-05 12:38:00,OFLX,,30.21500015258789,30.21500015258789,30.21500015258789,30.21500015258789,110.0
2026-08-05 12:38:00,OFS,,3.5804998874664307,3.5804998874664307,3.5804998874664307,3.5804998874664307,564.0
2026-08-05 12:38:00,OLLI,,78.37999725341797,78.37999725341797,78.37999725341797,78.37999725341797,1458.0
2026-08-05 12:38:00,OLMA,,11.569999694824219,11.569999694824219,11.539999961853027,11.539999961853027,2599.0
2026-08-05 12:38:00,OMCL,,37.27000045776367,37.27000045776367,37.27000045776367,37.27000045776367,671.0
2026-08-05 12:38:00,OMER,,12.890000343322754,12.890000343322754,12.890000343322754,12.890000343322754,276.0
2026-08-05 12:38:00,OMEX,,0.7343999743461609,0.734499990940094,0.7343999743461609,0.734499990940094,475.0
2026-08-05 12:38:00,OMH,,0.11289999634027481,0.11289999634027481,0.11289999634027481,0.11289999634027481,2046.0
2026-08-05 12:38:00,ON,,77.91000366210938,77.9749984741211,77.86499786376953,77.94999694824219,19331.0
2026-08-05 12:38:00,ONB,,27.040000915527344,27.040000915527344,27.040000915527344,27.040000915527344,4254.0
2026-08-05 12:38:00,ONCY,,0.7958999872207642,0.7958999872207642,0.7958999872207642,0.7958999872207642,201.0
2026-08-05 12:38:00,ONDS,,8.925000190734863,8.930000305175781,8.90999984741211,8.914999961853027,287412.0
2026-08-05 12:38:00,ONFO,,0.0746999979019165,0.0746999979019165,0.0746999979019165,0.0746999979019165,11512.0
2026-08-05 12:38:00,ONMD,,0.6811000108718872,0.6811000108718872,0.6811000108718872,0.6811000108718872,962.0
2026-08-05 12:38:00,OPCH,,23.329999923706055,23.344999313354492,23.329999923706055,23.34000015258789,3697.0
2026-08-05 12:38:00,OPEN,,3.8399999141693115,3.8499999046325684,3.8299999237060547,3.8350000381469727,74681.0
2026-08-05 12:38:00,OPRA,,19.915000915527344,19.915000915527344,19.915000915527344,19.915000915527344,202.0
2026-08-05 12:38:00,ORIC,,13.180000305175781,13.180000305175781,13.180000305175781,13.180000305175781,1458.0
2026-08-05 12:38:00,ORLY,,93.0199966430664,93.04000091552734,93.0199966430664,93.04000091552734,3004.0
2026-08-05 12:38:00,OSW,,26.530000686645508,26.530000686645508,26.530000686645508,26.530000686645508,187.0
2026-08-05 12:38:00,OTLK,,1.0149999856948853,1.0199999809265137,1.0149999856948853,1.0149999856948853,2147.0
2026-08-05 12:38:00,OTTR,,91.30000305175781,91.30000305175781,91.30000305175781,91.30000305175781,311.0
2026-08-05 12:38:00,OXLC,,9.145000457763672,9.145000457763672,9.145000457763672,9.145000457763672,895.0
2026-08-05 12:38:00,OXSQ,,1.5,1.5,1.4950000047683716,1.4950000047683716,15847.0
2026-08-05 12:38:00,PAA,,23.200000762939453,23.209999084472656,23.200000762939453,23.209999084472656,4408.0
2026-08-05 12:38:00,PAAS,,48.189998626708984,48.220001220703125,48.16999816894531,48.16999816894531,2804.0
2026-08-05 12:38:00,PACB,,1.3949999809265137,1.399999976158142,1.3949999809265137,1.3986999988555908,11508.0
2026-08-05 12:38:00,PAGP,,25.1200008392334,25.1299991607666,25.1200008392334,25.1299991607666,568.0
2026-08-05 12:38:00,PAHC,,35.79999923706055,35.79999923706055,35.79999923706055,35.79999923706055,995.0
2026-08-05 12:38:00,PALI,,2.1203999519348145,2.130000114440918,2.1203999519348145,2.130000114440918,9920.0
2026-08-05 12:38:00,PANL,,7.244999885559082,7.244999885559082,7.244999885559082,7.244999885559082,117.0
2026-08-05 12:38:00,PANW,,363.56201171875,363.57000732421875,363.260009765625,363.4150085449219,3778.0
2026-08-05 12:38:00,PASG,,4.610000133514404,4.650000095367432,4.599999904632568,4.650000095367432,3433.0
2026-08-05 12:38:00,PAYO,,7.119999885559082,7.130000114440918,7.119999885559082,7.130000114440918,1165.0
2026-08-05 12:38:00,PAYX,,117.04000091552734,117.04000091552734,116.99500274658203,117.0199966430664,1581.0
2026-08-05 12:38:00,PBYI,,7.96999979019165,7.96999979019165,7.96999979019165,7.96999979019165,373.0
2026-08-05 12:38:00,PCAR,,133.88499450683594,133.91000366210938,133.80999755859375,133.80999755859375,3369.0
2026-08-05 12:38:00,PCT,,6.885000228881836,6.885000228881836,6.885000228881836,6.885000228881836,156.0
2026-08-05 12:38:00,PCTY,,143.8699951171875,143.8699951171875,143.5800018310547,143.77999877929688,509.0
2026-08-05 12:38:00,PDD,,90.83000183105469,90.8499984741211,90.83000183105469,90.84500122070312,3203.0
2026-08-05 12:38:00,PDLB,,20.520000457763672,20.520000457763672,20.520000457763672,20.520000457763672,150.0
2026-08-05 12:38:00,PEGA,,31.6299991607666,31.6299991607666,31.6200008392334,31.625,1309.0
2026-08-05 12:38:00,PENN,,19.799999237060547,19.799999237060547,19.790000915527344,19.790000915527344,6950.0
2026-08-05 12:38:00,PEP,,138.6199951171875,138.6300048828125,138.60000610351562,138.6300048828125,6812.0
2026-08-05 12:38:00,PERI,,9.550000190734863,9.550000190734863,9.545000076293945,9.545000076293945,460.0
2026-08-05 12:38:00,PESI,,17.649999618530273,17.649999618530273,17.649999618530273,17.649999618530273,205.0
2026-08-05 12:38:00,PFBC,,106.36039733886719,106.36039733886719,106.36039733886719,106.36039733886719,2223.0
2026-08-05 12:38:00,PFG,,113.91000366210938,113.94499969482422,113.91000366210938,113.94499969482422,1305.0
2026-08-05 12:38:00,PGEN,,6.989999771118164,7.0,6.989999771118164,6.994999885559082,4875.0
2026-08-05 12:38:00,PGY,,21.760000228881836,21.760000228881836,21.739999771118164,21.760000228881836,8789.0
2026-08-05 12:38:00,PHAT,,8.479999542236328,8.489999771118164,8.479999542236328,8.489999771118164,1384.0
2026-08-05 12:38:00,PHVS,,33.11000061035156,33.130001068115234,33.11000061035156,33.11000061035156,1240.0
2026-08-05 12:38:00,PLTK,,3.9649999141693115,3.9649999141693115,3.9609999656677246,3.9609999656677246,1160.0
2026-08-05 12:38:00,PLUG,,2.0850000381469727,2.0899999141693115,2.0820999145507812,2.0880000591278076,3648.0
2026-08-05 12:38:00,POET,,8.329999923706055,8.335000038146973,8.329999923706055,8.329999923706055,5510.0
2026-08-05 12:38:00,POWI,,62.0,62.209999084472656,62.0,62.189998626708984,14455.0
2026-08-05 12:38:00,POWL,,212.9550018310547,212.9550018310547,212.75,212.75,329.0
2026-08-05 12:38:00,PPC,,26.375,26.405000686645508,26.3700008392334,26.405000686645508,1503.0
2026-08-05 12:38:00,PPSI,,2.990000009536743,3.009999990463257,2.9800000190734863,2.9800000190734863,789.0
2026-08-05 12:38:00,PPTA,,22.34000015258789,22.34000015258789,22.315000534057617,22.329999923706055,1520.0
2026-08-05 12:38:00,PRAX,,312.82000732421875,312.82000732421875,312.2449951171875,312.80999755859375,373.0
2026-08-05 12:38:00,PRCH,,15.880000114440918,15.880000114440918,15.859999656677246,15.859999656677246,775.0
2026-08-05 12:38:00,PRCT,,19.19499969482422,19.19499969482422,19.15999984741211,19.15999984741211,1486.0
2026-08-05 12:38:00,PRGS,,41.935001373291016,41.935001373291016,41.935001373291016,41.935001373291016,508.0
2026-08-05 12:38:00,PRIM,,84.7249984741211,84.87000274658203,84.7249984741211,84.80999755859375,2539.0
2026-08-05 12:38:00,PRME,,3.089900016784668,3.089900016784668,3.0799999237060547,3.0799999237060547,7784.0
2026-08-05 12:38:00,PRTA,,8.53499984741211,8.53499984741211,8.53499984741211,8.53499984741211,435.0
2026-08-05 12:38:00,PRVA,,24.31999969482422,24.31999969482422,24.309999465942383,24.309999465942383,1924.0
2026-08-05 12:38:00,PSEC,,2.190000057220459,2.190000057220459,2.180000066757202,2.184999942779541,1101.0
2026-08-05 12:38:00,PSNL,,13.539999961853027,13.539999961853027,13.529999732971191,13.529999732971191,812.0
2026-08-05 12:38:00,PTC,,139.59500122070312,139.59500122070312,139.59500122070312,139.59500122070312,433.0
2026-08-05 12:38:00,PTCT,,68.93000030517578,68.93000030517578,68.93000030517578,68.93000030517578,913.0
2026-08-05 12:38:00,PTEN,,9.770000457763672,9.770000457763672,9.760000228881836,9.765000343322754,2779.0
2026-08-05 12:38:00,PTLO,,4.635000228881836,4.635000228881836,4.635000228881836,4.635000228881836,1228.0
2026-08-05 12:38:00,PTON,,6.480000019073486,6.485000133514404,6.480000019073486,6.480000019073486,13863.0
2026-08-05 12:38:00,PYPL,,58.27000045776367,58.275001525878906,58.2599983215332,58.26499938964844,6278.0
2026-08-05 12:38:00,PZZA,,30.399999618530273,30.399999618530273,30.399999618530273,30.399999618530273,427.0
2026-08-05 12:38:00,QCOM,,158.49989318847656,158.5,158.34100341796875,158.44000244140625,17826.0
2026-08-05 12:38:00,QFIN,,13.234999656677246,13.239999771118164,13.234999656677246,13.239999771118164,1549.0
2026-08-05 12:38:00,QRVO,,94.72000122070312,94.72000122070312,94.68000030517578,94.69000244140625,839.0
2026-08-05 12:38:00,SEED,,1.0098999738693237,1.0098999738693237,1.0098999738693237,1.0098999738693237,964.0
2026-08-05 12:38:00,STIM,,2.27020001411438,2.27020001411438,2.27020001411438,2.27020001411438,763.0
2026-08-05 12:38:00,STKS,,1.7549999952316284,1.7549999952316284,1.7549999952316284,1.7549999952316284,154.0
2026-08-05 12:38:00,TARA,,4.054999828338623,4.059999942779541,4.054999828338623,4.059999942779541,228.0
2026-08-05 12:39:00,ACDC,,4.480000019073486,4.480000019073486,4.480000019073486,4.480000019073486,980.0
2026-08-05 12:39:00,BPRN,,41.845001220703125,41.845001220703125,41.845001220703125,41.845001220703125,437.0
2026-08-05 12:39:00,EYE,,23.114999771118164,23.1200008392334,23.114999771118164,23.1200008392334,3202.0
2026-08-05 12:39:00,FIZZ,,31.93000030517578,31.93000030517578,31.920000076293945,31.920000076293945,1453.0
2026-08-05 12:39:00,GLUE,,15.59000015258789,15.600000381469727,15.569999694824219,15.569999694824219,16371.0
2026-08-05 12:39:00,KIDS,,21.600000381469727,21.600000381469727,21.600000381469727,21.600000381469727,389.0
2026-08-05 12:39:00,MBRX,,0.40709999203681946,0.4099999964237213,0.40709999203681946,0.4099999964237213,2024.0
2026-08-05 12:39:00,MDB,,376.6600036621094,376.6600036621094,376.54998779296875,376.54998779296875,1112.0
2026-08-05 12:39:00,MDLZ,,62.290000915527344,62.29999923706055,62.278900146484375,62.278900146484375,10554.0
2026-08-05 12:39:00,MNST,,94.55999755859375,94.56500244140625,94.55999755859375,94.56500244140625,2847.0
2026-08-05 12:39:00,MNTK,,1.684999942779541,1.6899000406265259,1.684999942779541,1.684999942779541,3573.0
2026-08-05 12:39:00,MPWR,,1345.7249755859375,1347.7099609375,1345.18994140625,1346.8499755859375,1368.0
2026-08-05 12:39:00,MRNA,,56.849998474121094,56.869998931884766,56.84270095825195,56.84270095825195,2485.0
2026-08-05 12:39:00,MYGN,,3.125,3.125,3.125,3.125,5565.0
2026-08-05 12:39:00,MYRG,,336.95001220703125,336.95001220703125,336.95001220703125,336.95001220703125,588.0
2026-08-05 12:39:00,NAMS,,27.229999542236328,27.299999237060547,27.229999542236328,27.299999237060547,1116.0
2026-08-05 12:39:00,NB,,5.065000057220459,5.070000171661377,5.065000057220459,5.070000171661377,1883.0
2026-08-05 12:39:00,NBIX,,162.88999938964844,162.91000366210938,162.88999938964844,162.91000366210938,259.0
2026-08-05 12:39:00,NDAQ,,94.83000183105469,94.83000183105469,94.83000183105469,94.83000183105469,481.0
2026-08-05 12:39:00,NDSN,,310.8399963378906,310.8399963378906,310.8399963378906,310.8399963378906,221.0
2026-08-05 12:39:00,NECB,,27.184999465942383,27.184999465942383,27.184999465942383,27.184999465942383,200.0
2026-08-05 12:39:00,NEGG,,16.84000015258789,16.84000015258789,16.84000015258789,16.84000015258789,1706.0
2026-08-05 12:39:00,NEO,,16.020000457763672,16.020000457763672,16.010000228881836,16.020000457763672,1165.0
2026-08-05 12:39:00,NEOG,,11.65999984741211,11.65999984741211,11.649999618530273,11.649999618530273,3176.0
2026-08-05 12:39:00,NEOV,,2.819999933242798,2.819999933242798,2.819999933242798,2.819999933242798,2352.0
2026-08-05 12:39:00,NEXT,,6.440000057220459,6.440000057220459,6.440000057220459,6.440000057220459,776.0
2026-08-05 12:39:00,NFE,,0.33559998869895935,0.33559998869895935,0.33559998869895935,0.33559998869895935,101.0
2026-08-05 12:39:00,NFLX,,73.38999938964844,73.41500091552734,73.375,73.41000366210938,45506.0
2026-08-05 12:39:00,NICE,,96.87000274658203,96.87000274658203,96.87000274658203,96.87000274658203,551.0
2026-08-05 12:39:00,NIU,,2.434999942779541,2.434999942779541,2.434999942779541,2.434999942779541,346.0
2026-08-05 12:39:00,NKTX,,2.2149999141693115,2.2149999141693115,2.2100000381469727,2.2100000381469727,1337.0
2026-08-05 12:39:00,NMRK,,15.579999923706055,15.585000038146973,15.579999923706055,15.585000038146973,1085.0
2026-08-05 12:39:00,NN,,14.15999984741211,14.170000076293945,14.15999984741211,14.170000076293945,452.0
2026-08-05 12:39:00,NNDM,,1.5449999570846558,1.5449999570846558,1.5449999570846558,1.5449999570846558,537.0
2026-08-05 12:39:00,NOVT,,156.1649932861328,156.27999877929688,156.1649932861328,156.1999969482422,881.0
2026-08-05 12:39:00,NRDS,,9.164999961853027,9.164999961853027,9.164999961853027,9.164999961853027,207.0
2026-08-05 12:39:00,NRXP,,3.0250000953674316,3.0250000953674316,3.0250000953674316,3.0250000953674316,1262.0
2026-08-05 12:39:00,NSSC,,40.244998931884766,40.244998931884766,40.244998931884766,40.244998931884766,631.0
2026-08-05 12:39:00,NTAP,,189.67999267578125,189.77789306640625,189.66000366210938,189.77789306640625,2779.0
2026-08-05 12:39:00,NTCT,,41.599998474121094,41.599998474121094,41.599998474121094,41.599998474121094,485.0
2026-08-05 12:39:00,NTNX,,60.630001068115234,60.654998779296875,60.619998931884766,60.619998931884766,1914.0
2026-08-05 12:39:00,NTRA,,276.239990234375,276.239990234375,276.1400146484375,276.1400146484375,1153.0
2026-08-05 12:39:00,NVDA,,221.1999969482422,221.32130432128906,221.1300048828125,221.25,185574.0
2026-08-05 12:39:00,NVTS,,12.529999732971191,12.545000076293945,12.520000457763672,12.529999732971191,12118.0
2026-08-05 12:39:00,NWBI,,15.944999694824219,15.944999694824219,15.944999694824219,15.944999694824219,776.0
2026-08-05 12:39:00,NWL,,6.289999961853027,6.295000076293945,6.289999961853027,6.291100025177002,5080.0
2026-08-05 12:39:00,NWS,,32.20000076293945,32.209999084472656,32.20000076293945,32.209999084472656,1127.0
2026-08-05 12:39:00,NWSA,,28.174999237060547,28.18000030517578,28.170000076293945,28.18000030517578,4612.0
2026-08-05 12:39:00,NXPI,,231.8000030517578,232.4199981689453,231.8000030517578,231.85000610351562,16413.0
2026-08-05 12:39:00,NXT,,98.58999633789062,98.68499755859375,98.56999969482422,98.6500015258789,3368.0
2026-08-05 12:39:00,OCC,,15.84000015258789,15.84000015258789,15.84000015258789,15.84000015258789,1465.0
2026-08-05 12:39:00,OCFC,,19.770000457763672,19.770000457763672,19.770000457763672,19.770000457763672,2582.0
2026-08-05 12:39:00,OCGN,,1.2949999570846558,1.2999999523162842,1.2949999570846558,1.2999999523162842,1972.0
2026-08-05 12:39:00,OCSL,,12.149999618530273,12.149999618530273,12.149999618530273,12.149999618530273,213.0
2026-08-05 12:39:00,OCUL,,8.515000343322754,8.520000457763672,8.515000343322754,8.520000457763672,7265.0
2026-08-05 12:39:00,ODFL,,214.52499389648438,214.72000122070312,214.52000427246094,214.72000122070312,6885.0
2026-08-05 12:39:00,OESX,,14.385000228881836,14.909899711608887,14.385000228881836,14.647899627685547,1830.0
2026-08-05 12:39:00,OFIX,,10.75,10.75,10.75,10.75,525.0
2026-08-05 12:39:00,OFLX,,30.084999084472656,30.084999084472656,30.084999084472656,30.084999084472656,323.0
2026-08-05 12:39:00,OKTA,,147.77000427246094,147.77000427246094,147.77000427246094,147.77000427246094,325.0
2026-08-05 12:39:00,OLB,,0.30329999327659607,0.30329999327659607,0.30329999327659607,0.30329999327659607,500.0
2026-08-05 12:39:00,OMCL,,37.2599983215332,37.27000045776367,37.22999954223633,37.27000045776367,951.0
2026-08-05 12:39:00,OMER,,12.899999618530273,12.899999618530273,12.899999618530273,12.899999618530273,2336.0
2026-08-05 12:39:00,ON,,77.93499755859375,78.04000091552734,77.91500091552734,77.97000122070312,18573.0
2026-08-05 12:39:00,ONB,,27.040000915527344,27.045000076293945,27.040000915527344,27.045000076293945,1708.0
2026-08-05 12:39:00,ONCY,,0.7950000166893005,0.7950000166893005,0.7950000166893005,0.7950000166893005,100.0
2026-08-05 12:39:00,ONDS,,8.923999786376953,8.944999694824219,8.90999984741211,8.925000190734863,458806.0
2026-08-05 12:39:00,ONFO,,0.0746999979019165,0.0746999979019165,0.0746999979019165,0.0746999979019165,16544.0
2026-08-05 12:39:00,OPCH,,23.31999969482422,23.325000762939453,23.309999465942383,23.325000762939453,3787.0
2026-08-05 12:39:00,OPEN,,3.8399999141693115,3.8450000286102295,3.8299999237060547,3.8389999866485596,73580.0
2026-08-05 12:39:00,ORLY,,93.0199966430664,93.04000091552734,93.0199966430664,93.0199966430664,4112.0
2026-08-05 12:39:00,ORMP,,4.480000019073486,4.480000019073486,4.480000019073486,4.480000019073486,1284.0
2026-08-05 12:39:00,ORRF,,43.28499984741211,43.28499984741211,43.28499984741211,43.28499984741211,3304.0
2026-08-05 12:39:00,OSPN,,16.480899810791016,16.480899810791016,16.480899810791016,16.480899810791016,532.0
2026-08-05 12:39:00,OSS,,14.109999656677246,14.119999885559082,14.109999656677246,14.119999885559082,873.0
2026-08-05 12:39:00,OSUR,,4.135000228881836,4.135000228881836,4.135000228881836,4.135000228881836,1240.0
2026-08-05 12:39:00,OSW,,26.53499984741211,26.540000915527344,26.53499984741211,26.540000915527344,1045.0
2026-08-05 12:39:00,OTEX,,25.78499984741211,25.78499984741211,25.75,25.760299682617188,9008.0
2026-08-05 12:39:00,OTLK,,1.0199999809265137,1.0199999809265137,1.0149999856948853,1.0199999809265137,8418.0
2026-08-05 12:39:00,OTTR,,91.18009948730469,91.18009948730469,91.18009948730469,91.18009948730469,558.0
2026-08-05 12:39:00,OXSQ,,1.5,1.5,1.5,1.5,543.0
2026-08-05 12:39:00,PAA,,23.19499969482422,23.19499969482422,23.190000534057617,23.190000534057617,3608.0
2026-08-05 12:39:00,PAAS,,48.15999984741211,48.20000076293945,48.150001525878906,48.189998626708984,3776.0
2026-08-05 12:39:00,PACB,,1.3990000486373901,1.399999976158142,1.3899999856948853,1.3949999809265137,16565.0
2026-08-05 12:39:00,PAGP,,25.114999771118164,25.114999771118164,25.114999771118164,25.114999771118164,293.0
2026-08-05 12:39:00,PANL,,7.244999885559082,7.244999885559082,7.244999885559082,7.244999885559082,879.0
2026-08-05 12:39:00,PANW,,363.25,363.6400146484375,363.25,363.5799865722656,2289.0
2026-08-05 12:39:00,PATK,,88.06510162353516,88.11000061035156,88.06510162353516,88.11000061035156,760.0
2026-08-05 12:39:00,PAYO,,7.125,7.125,7.119999885559082,7.119999885559082,1171.0
2026-08-05 12:39:00,PAYX,,116.98999786376953,117.0199966430664,116.98999786376953,117.0199966430664,1618.0
2026-08-05 12:39:00,PBYI,,7.949999809265137,7.949999809265137,7.949999809265137,7.949999809265137,441.0
2026-08-05 12:39:00,PCAR,,133.86000061035156,133.8699951171875,133.82000732421875,133.8699951171875,5104.0
2026-08-05 12:39:00,PCRX,,25.059999465942383,25.065000534057617,25.059999465942383,25.065000534057617,719.0
2026-08-05 12:39:00,PCT,,6.889999866485596,6.894999980926514,6.885000228881836,6.889800071716309,10922.0
2026-08-05 12:39:00,PCTY,,143.5,143.6999969482422,143.5,143.6999969482422,739.0
2026-08-05 12:39:00,PDD,,90.80999755859375,90.83000183105469,90.80999755859375,90.83000183105469,4619.0
2026-08-05 12:39:00,PEGA,,31.639999389648438,31.639999389648438,31.6299991607666,31.6299991607666,1452.0
2026-08-05 12:39:00,PENN,,19.799999237060547,19.80500030517578,19.795000076293945,19.80500030517578,3982.0
2026-08-05 12:39:00,PEP,,138.6300048828125,138.66000366210938,138.61000061035156,138.6374969482422,3730.0
2026-08-05 12:39:00,PFBC,,106.3949966430664,106.3949966430664,106.3949966430664,106.3949966430664,815.0
2026-08-05 12:39:00,PFG,,113.9800033569336,113.9800033569336,113.94499969482422,113.94499969482422,926.0
2026-08-05 12:39:00,PGEN,,6.96999979019165,6.994999885559082,6.965000152587891,6.994999885559082,26665.0
2026-08-05 12:39:00,PGY,,21.729999542236328,21.770000457763672,21.729999542236328,21.770000457763672,5516.0
2026-08-05 12:39:00,PHAT,,8.484999656677246,8.489999771118164,8.475000381469727,8.489999771118164,905.0
2026-08-05 12:39:00,PHIO,,1.0499999523162842,1.0499999523162842,1.0499999523162842,1.0499999523162842,200.0
2026-08-05 12:39:00,PLAB,,32.16999816894531,32.16999816894531,32.150001525878906,32.150001525878906,528.0
2026-08-05 12:39:00,PLBY,,1.149999976158142,1.149999976158142,1.149999976158142,1.149999976158142,5216.0
2026-08-05 12:39:00,PLSE,,36.90999984741211,36.90999984741211,36.90999984741211,36.90999984741211,2176.0
2026-08-05 12:39:00,PLTK,,3.9549999237060547,3.9600000381469727,3.9549999237060547,3.9600000381469727,5426.0
2026-08-05 12:39:00,PLUG,,2.0850000381469727,2.0899999141693115,2.0799999237060547,2.0850000381469727,24677.0
2026-08-05 12:39:00,PNFP,,107.59500122070312,107.5999984741211,107.59500122070312,107.59500122070312,1281.0
2026-08-05 12:39:00,POET,,8.335000038146973,8.34000015258789,8.335000038146973,8.34000015258789,2487.0
2026-08-05 12:39:00,POWI,,62.02000045776367,62.23500061035156,62.02000045776367,62.23500061035156,4322.0
2026-08-05 12:39:00,POWL,,212.82000732421875,212.86500549316406,212.67999267578125,212.86500549316406,670.0
2026-08-05 12:39:00,PPC,,26.389999389648438,26.389999389648438,26.389999389648438,26.389999389648438,1680.0
2026-08-05 12:39:00,PPTA,,22.34000015258789,22.360000610351562,22.329999923706055,22.360000610351562,2156.0
2026-08-05 12:39:00,PRAA,,17.375,17.375,17.375,17.375,568.0
2026-08-05 12:39:00,PRAX,,313.0,313.0,313.0,313.0,206.0
2026-08-05 12:39:00,PRCH,,15.864999771118164,15.864999771118164,15.864999771118164,15.864999771118164,1128.0
2026-08-05 12:39:00,PRCT,,19.200000762939453,19.204999923706055,19.200000762939453,19.204999923706055,1039.0
2026-08-05 12:39:00,PRE,,18.579999923706055,18.579999923706055,18.579999923706055,18.579999923706055,257.0
2026-08-05 12:39:00,PRIM,,84.76499938964844,84.76499938964844,84.57009887695312,84.71499633789062,1428.0
2026-08-05 12:39:00,PRME,,3.0913000106811523,3.0950000286102295,3.0899999141693115,3.0899999141693115,6779.0
2026-08-05 12:39:00,PRQR,,1.9550000429153442,1.9550000429153442,1.9550000429153442,1.9550000429153442,3097.0
2026-08-05 12:39:00,PRTH,,6.590000152587891,6.590000152587891,6.590000152587891,6.590000152587891,779.0
2026-08-05 12:39:00,PRVA,,24.34000015258789,24.450000762939453,24.329999923706055,24.329999923706055,32214.0
2026-08-05 12:39:00,PRZO,,0.545799970626831,0.545799970626831,0.545799970626831,0.545799970626831,174.0
2026-08-05 12:39:00,PSEC,,2.184999942779541,2.184999942779541,2.180000066757202,2.184999942779541,1575.0
2026-08-05 12:39:00,PSHG,,1.75,1.75,1.7450000047683716,1.7450000047683716,1761.0
2026-08-05 12:39:00,PSNL,,13.550000190734863,13.550000190734863,13.550000190734863,13.550000190734863,8246.0
2026-08-05 12:39:00,PSNY,,13.90999984741211,13.90999984741211,13.90999984741211,13.90999984741211,142.0
2026-08-05 12:39:00,PTEN,,9.765000343322754,9.765000343322754,9.765000343322754,9.765000343322754,3738.0
2026-08-05 12:39:00,PTGX,,136.3800048828125,136.61500549316406,136.3800048828125,136.61500549316406,2758.0
2026-08-05 12:39:00,PTON,,6.474999904632568,6.480000019073486,6.474999904632568,6.480000019073486,8686.0
2026-08-05 12:39:00,PUBM,,13.420000076293945,13.430000305175781,13.420000076293945,13.430000305175781,2467.0
2026-08-05 12:39:00,PWP,,17.280000686645508,17.290000915527344,17.280000686645508,17.290000915527344,502.0
2026-08-05 12:39:00,PYPD,,4.490099906921387,4.490099906921387,4.490099906921387,4.490099906921387,244.0
2026-08-05 12:39:00,PYPL,,58.25,58.279998779296875,58.25,58.279998779296875,5969.0
2026-08-05 12:39:00,PZZA,,30.3700008392334,30.420000076293945,30.3700008392334,30.420000076293945,1723.0
2026-08-05 12:39:00,QCOM,,158.40499877929688,158.52999877929688,158.38999938964844,158.5,9856.0
2026-08-05 12:39:00,QFIN,,13.199999809265137,13.232000350952148,13.1850004196167,13.232000350952148,14699.0
2026-08-05 12:39:00,QQQX,,30.31999969482422,30.32979965209961,30.31999969482422,30.32979965209961,323.0
2026-08-05 12:39:00,QRVO,,94.6500015258789,94.69999694824219,94.6500015258789,94.69999694824219,1171.0
2026-08-05 12:39:00,SEED,,1.0099999904632568,1.0099999904632568,1.0099999904632568,1.0099999904632568,2141.0
2026-08-05 12:39:00,TARA,,4.059999942779541,4.059999942779541,4.059999942779541,4.059999942779541,200.0
2026-08-05 12:39:00,WOOF,,2.934999942779541,2.934999942779541,2.934999942779541,2.934999942779541,870.0
2026-08-05 12:40:00,ACDC,,4.474999904632568,4.485000133514404,4.465000152587891,4.480000019073486,9170.0
2026-08-05 12:40:00,BPOP,,177.32000732421875,177.33999633789062,177.32000732421875,177.33999633789062,3806.0
2026-08-05 12:40:00,EYE,,23.139999389648438,23.139999389648438,23.110000610351562,23.114999771118164,4846.0
2026-08-05 12:40:00,FRST,,16.3799991607666,16.3799991607666,16.3799991607666,16.3799991607666,498.0
2026-08-05 12:40:00,GLUE,,15.649999618530273,15.65999984741211,15.585000038146973,15.600000381469727,43404.0
2026-08-05 12:40:00,KIDS,,21.6299991607666,21.6299991607666,21.6299991607666,21.6299991607666,667.0
2026-08-05 12:40:00,LUNG,,1.965000033378601,1.965000033378601,1.965000033378601,1.965000033378601,390.0
2026-08-05 12:40:00,MBRX,,0.40470001101493835,0.40470001101493835,0.40470001101493835,0.40470001101493835,0.0
2026-08-05 12:40:00,MCRI,,124.45999908447266,124.45999908447266,124.45999908447266,124.45999908447266,639.0
2026-08-05 12:40:00,MDB,,376.3500061035156,376.3500061035156,376.30999755859375,376.30999755859375,366.0
2026-08-05 12:40:00,MDLZ,,62.29999923706055,62.32500076293945,62.29499816894531,62.29499816894531,34326.0
2026-08-05 12:40:00,MLTX,,17.590499877929688,17.5939998626709,17.590499877929688,17.5939998626709,203.0
2026-08-05 12:40:00,MNRO,,13.180000305175781,13.1899995803833,13.180000305175781,13.180000305175781,1883.0
2026-08-05 12:40:00,MNST,,94.58000183105469,94.58999633789062,94.56999969482422,94.56999969482422,3882.0
2026-08-05 12:40:00,MNTK,,1.684999942779541,1.684999942779541,1.684999942779541,1.684999942779541,200.0
2026-08-05 12:40:00,MPWR,,1346.0250244140625,1346.8599853515625,1345.300048828125,1345.3599853515625,991.0
2026-08-05 12:40:00,MRNA,,56.779998779296875,56.84000015258789,56.7599983215332,56.83000183105469,8509.0
2026-08-05 12:40:00,MYPS,,0.7307999730110168,0.7307999730110168,0.7307999730110168,0.7307999730110168,31.0
2026-08-05 12:40:00,NAMS,,27.389999389648438,27.399999618530273,27.229999542236328,27.270000457763672,5613.0
2026-08-05 12:40:00,NATR,,20.075000762939453,20.075000762939453,20.075000762939453,20.075000762939453,425.0
2026-08-05 12:40:00,NAVI,,9.095000267028809,9.095000267028809,9.095000267028809,9.095000267028809,1258.0
2026-08-05 12:40:00,NB,,5.070000171661377,5.070000171661377,5.059999942779541,5.070000171661377,4084.0
2026-08-05 12:40:00,NBIX,,163.05999755859375,163.14999389648438,162.9600067138672,162.9600067138672,5225.0
2026-08-05 12:40:00,NCMI,,4.110000133514404,4.110000133514404,4.110000133514404,4.110000133514404,722.0
2026-08-05 12:40:00,NDAQ,,94.86000061035156,94.86000061035156,94.8499984741211,94.86000061035156,1139.0
2026-08-05 12:40:00,NDLS,,17.83989906311035,17.83989906311035,17.83989906311035,17.83989906311035,671.0
2026-08-05 12:40:00,NECB,,27.334999084472656,27.334999084472656,27.334999084472656,27.334999084472656,148.0
2026-08-05 12:40:00,NEO,,16.030000686645508,16.030000686645508,16.030000686645508,16.030000686645508,1571.0
2026-08-05 12:40:00,NEOG,,11.664999961853027,11.664999961853027,11.664999961853027,11.664999961853027,679.0
2026-08-05 12:40:00,NESR,,28.719999313354492,28.735000610351562,28.709999084472656,28.71500015258789,3544.0
2026-08-05 12:40:00,NEWT,,15.050000190734863,15.09000015258789,15.050000190734863,15.079999923706055,695.0
2026-08-05 12:40:00,NEXT,,6.429999828338623,6.440000057220459,6.429999828338623,6.440000057220459,2021.0
2026-08-05 12:40:00,NFE,,0.33570000529289246,0.33570000529289246,0.33570000529289246,0.33570000529289246,261.0
2026-08-05 12:40:00,NFLX,,73.3949966430664,73.39510345458984,73.38009643554688,73.3949966430664,15350.0
2026-08-05 12:40:00,NMRK,,15.585000038146973,15.585000038146973,15.585000038146973,15.585000038146973,514.0
2026-08-05 12:40:00,NN,,14.170000076293945,14.170000076293945,14.140000343322754,14.15999984741211,5867.0
2026-08-05 12:40:00,NNBR,,3.825000047683716,3.8350000381469727,3.819999933242798,3.8350000381469727,10930.0
2026-08-05 12:40:00,NNDM,,1.5449999570846558,1.5449999570846558,1.5449999570846558,1.5449999570846558,1047.0
2026-08-05 12:40:00,NOVT,,156.1649932861328,156.1649932861328,156.1649932861328,156.1649932861328,594.0
2026-08-05 12:40:00,NRIX,,24.940000534057617,24.940000534057617,24.940000534057617,24.940000534057617,344.0
2026-08-05 12:40:00,NRXP,,3.0250000953674316,3.0250000953674316,3.0250000953674316,3.0250000953674316,106.0
2026-08-05 12:40:00,NTAP,,189.82000732421875,189.8300018310547,189.71539306640625,189.71539306640625,3321.0
2026-08-05 12:40:00,NTES,,127.68499755859375,127.68499755859375,127.68499755859375,127.68499755859375,1159.0
2026-08-05 12:40:00,NTGR,,24.260000228881836,24.260000228881836,24.260000228881836,24.260000228881836,1093.0
2026-08-05 12:40:00,NTNX,,60.70000076293945,60.70000076293945,60.630001068115234,60.63999938964844,3346.0
2026-08-05 12:40:00,NTRS,,183.6699981689453,183.6699981689453,183.625,183.625,2492.0
2026-08-05 12:40:00,NUTX,,157.8699951171875,157.8699951171875,157.83999633789062,157.83999633789062,690.0
2026-08-05 12:40:00,NVAX,,7.630000114440918,7.630000114440918,7.625,7.630000114440918,13124.0
2026-08-05 12:40:00,NVCR,,16.09000015258789,16.09000015258789,16.09000015258789,16.09000015258789,435.0
2026-08-05 12:40:00,NVDA,,221.3000030517578,221.3000030517578,221.1699981689453,221.1999969482422,162152.0
2026-08-05 12:40:00,NVTS,,12.545000076293945,12.5600004196167,12.53499984741211,12.53499984741211,9652.0
2026-08-05 12:40:00,NWBI,,15.944999694824219,15.949999809265137,15.944999694824219,15.944999694824219,2059.0
2026-08-05 12:40:00,NWL,,6.29010009765625,6.295000076293945,6.289999961853027,6.291100025177002,7065.0
2026-08-05 12:40:00,NWS,,32.19499969482422,32.19499969482422,32.19499969482422,32.19499969482422,1314.0
2026-08-05 12:40:00,NXPI,,231.98500061035156,232.0050048828125,231.98500061035156,232.0050048828125,1239.0
2026-08-05 12:40:00,NXT,,98.55999755859375,98.6500015258789,98.55999755859375,98.58999633789062,7501.0
2026-08-05 12:40:00,OABI,,2.0799999237060547,2.0799999237060547,2.069999933242798,2.069999933242798,5218.0
2026-08-05 12:40:00,OCGN,,1.298699975013733,1.299299955368042,1.291700005531311,1.299299955368042,7158.0
2026-08-05 12:40:00,OCSL,,12.145000457763672,12.154999732971191,12.145000457763672,12.154999732971191,2755.0
2026-08-05 12:40:00,ODD,,15.279999732971191,15.279999732971191,15.229999542236328,15.260000228881836,5955.0
2026-08-05 12:40:00,ODFL,,214.66470336914062,214.69000244140625,214.61500549316406,214.67999267578125,3554.0
2026-08-05 12:40:00,OFIX,,10.739999771118164,10.744999885559082,10.739999771118164,10.744999885559082,12442.0
2026-08-05 12:40:00,OKTA,,147.77000427246094,147.77000427246094,147.77000427246094,147.77000427246094,1419.0
2026-08-05 12:40:00,OLLI,,78.47000122070312,78.47000122070312,78.41999816894531,78.43000030517578,2375.0
2026-08-05 12:40:00,OMEX,,0.734499990940094,0.734499990940094,0.734499990940094,0.734499990940094,1693.0
2026-08-05 12:40:00,ON,,77.94000244140625,77.98999786376953,77.91500091552734,77.95999908447266,21051.0
2026-08-05 12:40:00,ONB,,27.045000076293945,27.045000076293945,27.040000915527344,27.040000915527344,3201.0
2026-08-05 12:40:00,ONDS,,8.9350004196167,8.949999809265137,8.920000076293945,8.925000190734863,377015.0
2026-08-05 12:40:00,ONFO,,0.07479999959468842,0.07479999959468842,0.07479999959468842,0.07479999959468842,2392.0
2026-08-05 12:40:00,OPCH,,23.329999923706055,23.329999923706055,23.329999923706055,23.329999923706055,390.0
2026-08-05 12:40:00,OPEN,,3.8399999141693115,3.8499999046325684,3.8350000381469727,3.8350000381469727,57162.0
2026-08-05 12:40:00,OPK,,1.3250000476837158,1.3250000476837158,1.3250000476837158,1.3250000476837158,1815.0
2026-08-05 12:40:00,OPRA,,19.915000915527344,19.915000915527344,19.915000915527344,19.915000915527344,204.0
2026-08-05 12:40:00,OPRX,,6.809999942779541,6.809999942779541,6.809999942779541,6.809999942779541,466.0
2026-08-05 12:40:00,ORIC,,13.204999923706055,13.220000267028809,13.180000305175781,13.180000305175781,4610.0
2026-08-05 12:40:00,ORLY,,93.0199966430664,93.0250015258789,92.98999786376953,93.01000213623047,6304.0
2026-08-05 12:40:00,ORRF,,43.220001220703125,43.220001220703125,43.150001525878906,43.150001525878906,4059.0
2026-08-05 12:40:00,OSIS,,236.02999877929688,236.03500366210938,236.02999877929688,236.03500366210938,420.0
2026-08-05 12:40:00,OSPN,,16.459999084472656,16.485000610351562,16.459999084472656,16.485000610351562,2080.0
2026-08-05 12:40:00,OSS,,14.100000381469727,14.100000381469727,14.100000381469727,14.100000381469727,1135.0
2026-08-05 12:40:00,OTEX,,25.78499984741211,25.78499984741211,25.78499984741211,25.78499984741211,823.0
2026-08-05 12:40:00,OTLK,,1.0199999809265137,1.0199999809265137,1.0149999856948853,1.0199999809265137,3429.0
2026-08-05 12:40:00,OVID,,2.6700000762939453,2.674999952316284,2.6600000858306885,2.6600000858306885,31962.0
2026-08-05 12:40:00,OXSQ,,1.5,1.5,1.4901000261306763,1.5,1604.0
2026-08-05 12:40:00,PAA,,23.19499969482422,23.19499969482422,23.174999237060547,23.190000534057617,7218.0
2026-08-05 12:40:00,PAAS,,48.150001525878906,48.16999816894531,48.150001525878906,48.16999816894531,2603.0
2026-08-05 12:40:00,PACB,,1.399999976158142,1.399999976158142,1.3990000486373901,1.3990000486373901,7563.0
2026-08-05 12:40:00,PAGP,,25.110000610351562,25.110000610351562,25.09000015258789,25.110000610351562,1864.0
2026-08-05 12:40:00,PALI,,2.124500036239624,2.124500036239624,2.124500036239624,2.124500036239624,2774.0
2026-08-05 12:40:00,PANW,,363.6050109863281,363.69000244140625,363.42999267578125,363.44500732421875,6184.0
2026-08-05 12:40:00,PAYO,,7.130000114440918,7.130000114440918,7.119999885559082,7.119999885559082,1232.0
2026-08-05 12:40:00,PAYX,,116.94999694824219,116.95999908447266,116.91999816894531,116.94499969482422,2295.0
2026-08-05 12:40:00,PCAR,,133.91000366210938,133.91000366210938,133.91000366210938,133.91000366210938,2105.0
2026-08-05 12:40:00,PCRX,,25.0,25.135000228881836,25.0,25.059999465942383,5876.0
2026-08-05 12:40:00,PCT,,6.885000228881836,6.889999866485596,6.885000228881836,6.889999866485596,1258.0
2026-08-05 12:40:00,PDD,,90.80999755859375,90.80999755859375,90.802001953125,90.80999755859375,2024.0
2026-08-05 12:40:00,PDFS,,50.310001373291016,50.310001373291016,50.310001373291016,50.310001373291016,879.0
2026-08-05 12:40:00,PDLB,,20.549999237060547,20.549999237060547,20.549999237060547,20.549999237060547,263.0
2026-08-05 12:40:00,PECO,,41.290000915527344,41.29999923706055,41.290000915527344,41.29999923706055,657.0
2026-08-05 12:40:00,PEGA,,31.65999984741211,31.65999984741211,31.639999389648438,31.639999389648438,1919.0
2026-08-05 12:40:00,PENN,,19.815000534057617,19.81999969482422,19.799999237060547,19.799999237060547,8351.0
2026-08-05 12:40:00,PEP,,138.6199951171875,138.63999938964844,138.60000610351562,138.63999938964844,4796.0
2026-08-05 12:40:00,PERI,,9.539999961853027,9.539999961853027,9.53499984741211,9.53499984741211,1560.0
2026-08-05 12:40:00,PESI,,17.655000686645508,17.655000686645508,17.655000686645508,17.655000686645508,832.0
2026-08-05 12:40:00,PFG,,114.01000213623047,114.01000213623047,113.9800033569336,113.9800033569336,1393.0
2026-08-05 12:40:00,PGEN,,6.974999904632568,6.980000019073486,6.965000152587891,6.965000152587891,5503.0
2026-08-05 12:40:00,PGY,,21.740100860595703,21.740100860595703,21.735000610351562,21.739999771118164,3556.0
2026-08-05 12:40:00,PHAT,,8.484999656677246,8.484999656677246,8.484999656677246,8.484999656677246,406.0
2026-08-05 12:40:00,PLAB,,32.189998626708984,32.20000076293945,32.150001525878906,32.16999816894531,1404.0
2026-08-05 12:40:00,PLBY,,1.149999976158142,1.149999976158142,1.1449999809265137,1.1449999809265137,7417.0
2026-08-05 12:40:00,PLTK,,3.9549999237060547,3.9549999237060547,3.9549999237060547,3.9549999237060547,111.0
2026-08-05 12:40:00,PLUG,,2.0815000534057617,2.0850000381469727,2.0799999237060547,2.0850000381469727,16421.0
2026-08-05 12:40:00,PMN,,13.119999885559082,13.119999885559082,13.119999885559082,13.119999885559082,214.0
2026-08-05 12:40:00,PNFP,,107.59500122070312,107.59500122070312,107.59500122070312,107.59500122070312,680.0
2026-08-05 12:40:00,POET,,8.345000267028809,8.349599838256836,8.335000038146973,8.339900016784668,6824.0
2026-08-05 12:40:00,POWL,,213.02999877929688,213.02999877929688,212.77000427246094,212.85000610351562,678.0
2026-08-05 12:40:00,PPSI,,2.9800000190734863,2.9800000190734863,2.9800000190734863,2.9800000190734863,2575.0
2026-08-05 12:40:00,PPTA,,22.329999923706055,22.329999923706055,22.31999969482422,22.31999969482422,617.0
2026-08-05 12:40:00,PRCH,,15.864999771118164,15.864999771118164,15.864999771118164,15.864999771118164,1317.0
2026-08-05 12:40:00,PRCT,,19.15999984741211,19.209999084472656,19.15999984741211,19.190000534057617,3339.0
2026-08-05 12:40:00,PRIM,,84.94499969482422,84.97000122070312,84.76000213623047,84.7699966430664,2539.0
2026-08-05 12:40:00,PRME,,3.0950000286102295,3.0950000286102295,3.0899999141693115,3.0899999141693115,16386.0
2026-08-05 12:40:00,PROK,,1.6399999856948853,1.6399999856948853,1.6399999856948853,1.6399999856948853,730.0
2026-08-05 12:40:00,PRVA,,24.350000381469727,24.350000381469727,24.350000381469727,24.350000381469727,1773.0
2026-08-05 12:40:00,PSEC,,2.184999942779541,2.184999942779541,2.184999942779541,2.184999942779541,1367.0
2026-08-05 12:40:00,PSMT,,193.5399932861328,193.5399932861328,193.5399932861328,193.5399932861328,2129.0
2026-08-05 12:40:00,PTC,,139.55999755859375,139.55999755859375,139.4600067138672,139.4600067138672,1376.0
2026-08-05 12:40:00,PTCT,,68.93000030517578,68.94000244140625,68.9000015258789,68.9000015258789,2566.0
2026-08-05 12:40:00,PTEN,,9.770000457763672,9.770000457763672,9.770000457763672,9.770000457763672,4288.0
2026-08-05 12:40:00,PTON,,6.46999979019165,6.474999904632568,6.46999979019165,6.46999979019165,4185.0
2026-08-05 12:40:00,PWP,,17.299999237060547,17.299999237060547,17.299999237060547,17.299999237060547,693.0
2026-08-05 12:40:00,PYPD,,4.525000095367432,4.525000095367432,4.525000095367432,4.525000095367432,131.0
2026-08-05 12:40:00,PYPL,,58.2599983215332,58.2599983215332,58.255001068115234,58.255001068115234,3830.0
2026-08-05 12:40:00,PYXS,,3.190000057220459,3.200000047683716,3.190000057220459,3.200000047683716,340.0
2026-08-05 12:40:00,PZZA,,30.350000381469727,30.3700008392334,30.350000381469727,30.3700008392334,1770.0
2026-08-05 12:40:00,QCOM,,158.4250030517578,158.4687957763672,158.4250030517578,158.43499755859375,5827.0
2026-08-05 12:40:00,QRVO,,94.66999816894531,94.69000244140625,94.66999816894531,94.68000030517578,673.0
2026-08-05 12:40:00,TARA,,4.054999828338623,4.054999828338623,4.054999828338623,4.054999828338623,213.0
2026-08-05 12:41:00,ACDC,,4.474999904632568,4.474999904632568,4.474999904632568,4.474999904632568,2669.0
2026-08-05 12:41:00,EYE,,23.149999618530273,23.149999618530273,23.139999389648438,23.139999389648438,1496.0
2026-08-05 12:41:00,FRST,,16.3799991607666,16.3799991607666,16.3799991607666,16.3799991607666,1629.0
2026-08-05 12:41:00,GLUE,,15.680000305175781,15.710000038146973,15.640000343322754,15.649999618530273,26189.0
2026-08-05 12:41:00,KITTW,,0.012500000186264515,0.012500000186264515,0.012500000186264515,0.012500000186264515,5140.0
2026-08-05 12:41:00,LUNG,,1.9600000381469727,1.9600000381469727,1.9600000381469727,1.9600000381469727,975.0
2026-08-05 12:41:00,MBRX,,0.40610000491142273,0.40610000491142273,0.40610000491142273,0.40610000491142273,2032.0
2026-08-05 12:41:00,MDB,,376.94000244140625,376.94000244140625,376.3500061035156,376.3500061035156,2380.0
2026-08-05 12:41:00,MDLZ,,62.275001525878906,62.290000915527344,62.275001525878906,62.290000915527344,6783.0
2026-08-05 12:41:00,MLTX,,17.655000686645508,17.665000915527344,17.610000610351562,17.610000610351562,7718.0
2026-08-05 12:41:00,MNST,,94.55000305175781,94.58000183105469,94.53500366210938,94.58000183105469,4460.0
2026-08-05 12:41:00,MNTK,,1.684999942779541,1.684999942779541,1.684999942779541,1.684999942779541,1110.0
2026-08-05 12:41:00,MPWR,,1345.0999755859375,1346.719970703125,1345.0999755859375,1346.719970703125,792.0
2026-08-05 12:41:00,MRNA,,56.779998779296875,56.779998779296875,56.7599983215332,56.7599983215332,2930.0
2026-08-05 12:41:00,MYGN,,3.125,3.125,3.115000009536743,3.125,4721.0
2026-08-05 12:41:00,MYRG,,338.1549987792969,338.1549987792969,338.1549987792969,338.1549987792969,233.0
2026-08-05 12:41:00,NAMS,,27.395000457763672,27.395000457763672,27.395000457763672,27.395000457763672,1008.0
2026-08-05 12:41:00,NAUT,,0.9501000046730042,0.9501000046730042,0.9501000046730042,0.9501000046730042,3988.0
2026-08-05 12:41:00,NB,,5.070000171661377,5.070000171661377,5.070000171661377,5.070000171661377,145.0
2026-08-05 12:41:00,NBIX,,163.13999938964844,163.13999938964844,163.13999938964844,163.13999938964844,462.0
2026-08-05 12:41:00,NBTB,,53.40999984741211,53.40999984741211,53.40999984741211,53.40999984741211,176.0
2026-08-05 12:41:00,NCMI,,4.105000019073486,4.105000019073486,4.105000019073486,4.105000019073486,204.0
2026-08-05 12:41:00,NDAQ,,94.84500122070312,94.9000015258789,94.84500122070312,94.875,1462.0
2026-08-05 12:41:00,NDLS,,17.8700008392334,17.8700008392334,17.700000762939453,17.700000762939453,1764.0
2026-08-05 12:41:00,NEO,,16.030000686645508,16.03499984741211,16.030000686645508,16.03499984741211,2503.0
2026-08-05 12:41:00,NEOG,,11.670000076293945,11.670000076293945,11.664999961853027,11.664999961853027,4689.0
2026-08-05 12:41:00,NEOV,,2.815000057220459,2.815000057220459,2.815000057220459,2.815000057220459,658.0
2026-08-05 12:41:00,NESR,,28.729999542236328,28.729999542236328,28.729999542236328,28.729999542236328,1080.0
2026-08-05 12:41:00,NEXT,,6.440000057220459,6.440000057220459,6.429999828338623,6.429999828338623,903.0
2026-08-05 12:41:00,NFE,,0.3375000059604645,0.3375000059604645,0.33570000529289246,0.33570000529289246,883.0
2026-08-05 12:41:00,NFLX,,73.4000015258789,73.41000366210938,73.36139678955078,73.4000015258789,35335.0
2026-08-05 12:41:00,NICE,,97.0,97.0,96.86000061035156,96.97989654541016,1575.0
2026-08-05 12:41:00,NKTR,,73.13999938964844,73.18000030517578,73.13999938964844,73.18000030517578,2500.0
2026-08-05 12:41:00,NMIH,,44.34000015258789,44.34000015258789,44.279998779296875,44.279998779296875,2998.0
2026-08-05 12:41:00,NMRK,,15.579999923706055,15.585000038146973,15.579999923706055,15.585000038146973,1976.0
2026-08-05 12:41:00,NN,,14.175000190734863,14.1899995803833,14.175000190734863,14.175000190734863,1325.0
2026-08-05 12:41:00,NNBR,,3.819999933242798,3.819999933242798,3.819999933242798,3.819999933242798,1285.0
2026-08-05 12:41:00,NNDM,,1.5449999570846558,1.5449999570846558,1.5449999570846558,1.5449999570846558,620.0
2026-08-05 12:41:00,NNOX,,1.024999976158142,1.024999976158142,1.024999976158142,1.024999976158142,1003.0
2026-08-05 12:41:00,NPCE,,13.420000076293945,13.420000076293945,13.420000076293945,13.420000076293945,290.0
2026-08-05 12:41:00,NRDS,,9.170000076293945,9.170000076293945,9.170000076293945,9.170000076293945,478.0
2026-08-05 12:41:00,NRIX,,24.920000076293945,24.959999084472656,24.899999618530273,24.959999084472656,3017.0
2026-08-05 12:41:00,NRXP,,3.0299999713897705,3.0299999713897705,3.0299999713897705,3.0299999713897705,350.0
2026-08-05 12:41:00,NTAP,,189.83999633789062,189.99000549316406,189.82000732421875,189.99000549316406,8656.0
2026-08-05 12:41:00,NTCT,,41.599998474121094,41.599998474121094,41.599998474121094,41.599998474121094,2610.0
2026-08-05 12:41:00,NTES,,127.69000244140625,127.69000244140625,127.5999984741211,127.5999984741211,835.0
2026-08-05 12:41:00,NTNX,,60.720001220703125,60.720001220703125,60.685001373291016,60.685001373291016,3661.0
2026-08-05 12:41:00,NTRA,,275.9949951171875,276.2099914550781,275.9949951171875,276.2099914550781,793.0
2026-08-05 12:41:00,NUWE,,1.7200000286102295,1.72160005569458,1.7200000286102295,1.7200000286102295,2567.0
2026-08-05 12:41:00,NVAX,,7.625,7.625,7.625,7.625,550.0
2026-08-05 12:41:00,NVCR,,16.06999969482422,16.09000015258789,16.06999969482422,16.09000015258789,2905.0
2026-08-05 12:41:00,NVCT,,20.190000534057617,20.200000762939453,20.190000534057617,20.19499969482422,577.0
2026-08-05 12:41:00,NVDA,,221.3699951171875,221.52499389648438,221.27999877929688,221.2899932861328,256322.0
2026-08-05 12:41:00,NVMI,,410.9049987792969,410.9049987792969,410.9049987792969,410.9049987792969,105.0
2026-08-05 12:41:00,NVTS,,12.550000190734863,12.5649995803833,12.545000076293945,12.550000190734863,8248.0
2026-08-05 12:41:00,NWBI,,15.944999694824219,15.949999809265137,15.944999694824219,15.949999809265137,1589.0
2026-08-05 12:41:00,NWL,,6.261099815368652,6.295000076293945,6.260000228881836,6.289999961853027,46293.0
2026-08-05 12:41:00,NWS,,32.185001373291016,32.19499969482422,32.185001373291016,32.19499969482422,1745.0
2026-08-05 12:41:00,NWSA,,28.170000076293945,28.174999237060547,28.170000076293945,28.174999237060547,2364.0
2026-08-05 12:41:00,NXPI,,232.13999938964844,232.14500427246094,231.88999938964844,231.98500061035156,1554.0
2026-08-05 12:41:00,NXST,,192.19000244140625,192.19000244140625,192.19000244140625,192.19000244140625,224.0
2026-08-05 12:41:00,NXT,,98.55999755859375,98.7300033569336,98.55999755859375,98.59750366210938,2918.0
2026-08-05 12:41:00,OCCI,,2.4790000915527344,2.4790000915527344,2.4790000915527344,2.4790000915527344,2240.0
2026-08-05 12:41:00,OCFC,,19.774999618530273,19.774999618530273,19.774999618530273,19.774999618530273,1845.0
2026-08-05 12:41:00,OCGN,,1.2949999570846558,1.2949999570846558,1.2949999570846558,1.2949999570846558,1900.0
2026-08-05 12:41:00,OCS,,12.0600004196167,12.069999694824219,12.0600004196167,12.069999694824219,1495.0
2026-08-05 12:41:00,OCSL,,12.180000305175781,12.180000305175781,12.149999618530273,12.149999618530273,12577.0
2026-08-05 12:41:00,OESX,,14.380000114440918,14.619999885559082,14.359999656677246,14.619999885559082,3630.0
2026-08-05 12:41:00,OFIX,,10.6899995803833,10.6899995803833,10.664999961853027,10.664999961853027,1112.0
2026-08-05 12:41:00,OKTA,,148.0,148.05250549316406,147.94000244140625,147.94000244140625,2456.0
2026-08-05 12:41:00,OLLI,,78.29000091552734,78.43000030517578,78.29000091552734,78.41000366210938,5075.0
2026-08-05 12:41:00,OMCL,,37.279998779296875,37.279998779296875,37.279998779296875,37.279998779296875,741.0
2026-08-05 12:41:00,OMH,,0.11289999634027481,0.11299999803304672,0.11289999634027481,0.11289999634027481,6400.0
2026-08-05 12:41:00,ON,,77.94499969482422,78.0,77.93000030517578,77.97100067138672,16945.0
2026-08-05 12:41:00,ONB,,27.045400619506836,27.05500030517578,27.045000076293945,27.045000076293945,9763.0
2026-08-05 12:41:00,ONCY,,0.7979999780654907,0.7979999780654907,0.7979999780654907,0.7979999780654907,98.0
2026-08-05 12:41:00,ONDS,,8.9399995803833,8.949999809265137,8.931400299072266,8.9399995803833,270284.0
2026-08-05 12:41:00,ONFO,,0.07479999959468842,0.07479999959468842,0.07479999959468842,0.07479999959468842,2917.0
2026-08-05 12:41:00,ONMD,,0.6811000108718872,0.6811000108718872,0.6751000285148621,0.6809999942779541,20000.0
2026-08-05 12:41:00,OPCH,,23.329999923706055,23.329999923706055,23.31999969482422,23.329999923706055,1443.0
2026-08-05 12:41:00,OPEN,,3.8299999237060547,3.8499999046325684,3.8299999237060547,3.8399999141693115,51510.0
2026-08-05 12:41:00,OPK,,1.3250000476837158,1.3250000476837158,1.3250000476837158,1.3250000476837158,454.0
2026-08-05 12:41:00,OPRA,,19.940000534057617,19.940000534057617,19.93000030517578,19.93000030517578,1120.0
2026-08-05 12:41:00,ORGO,,2.3499999046325684,2.3499999046325684,2.3489999771118164,2.3489999771118164,714.0
2026-08-05 12:41:00,ORIC,,13.180000305175781,13.204999923706055,13.180000305175781,13.204999923706055,1900.0
2026-08-05 12:41:00,ORLY,,92.98999786376953,93.0,92.9749984741211,93.0,2748.0
2026-08-05 12:41:00,OSBC,,25.774999618530273,25.774999618530273,25.774999618530273,25.774999618530273,530.0
2026-08-05 12:41:00,OSPN,,16.43000030517578,16.459999084472656,16.40999984741211,16.459999084472656,1355.0
2026-08-05 12:41:00,OSS,,14.100000381469727,14.100000381469727,14.095000267028809,14.095000267028809,762.0
2026-08-05 12:41:00,OTEX,,25.790000915527344,25.790000915527344,25.774999618530273,25.780000686645508,2271.0
2026-08-05 12:41:00,OTLK,,1.0199999809265137,1.0199999809265137,1.0199999809265137,1.0199999809265137,607.0
2026-08-05 12:41:00,OTLY,,14.430000305175781,14.430000305175781,14.430000305175781,14.430000305175781,816.0
2026-08-05 12:41:00,OXLC,,9.154999732971191,9.154999732971191,9.149999618530273,9.154999732971191,3173.0
2026-08-05 12:41:00,OXSQ,,1.5,1.5,1.5,1.5,489.0
2026-08-05 12:41:00,PAA,,23.209999084472656,23.209999084472656,23.190000534057617,23.19499969482422,3048.0
2026-08-05 12:41:00,PAAS,,48.15999984741211,48.160499572753906,48.13999938964844,48.13999938964844,5028.0
2026-08-05 12:41:00,PACB,,1.3949999809265137,1.399999976158142,1.3910000324249268,1.396399974822998,12707.0
2026-08-05 12:41:00,PAGP,,25.13010025024414,25.135000228881836,25.1299991607666,25.1299991607666,841.0
2026-08-05 12:41:00,PANW,,363.9800109863281,363.9800109863281,363.80999755859375,363.80999755859375,2045.0
2026-08-05 12:41:00,PATK,,88.06500244140625,88.06500244140625,88.06500244140625,88.06500244140625,215.0
2026-08-05 12:41:00,PAYO,,7.120200157165527,7.130000114440918,7.119999885559082,7.130000114440918,1869.0
2026-08-05 12:41:00,PAYX,,116.87999725341797,116.87999725341797,116.86000061035156,116.86000061035156,933.0
2026-08-05 12:41:00,PCAR,,133.96499633789062,133.96499633789062,133.88999938964844,133.88999938964844,2191.0
2026-08-05 12:41:00,PCRX,,25.09000015258789,25.100000381469727,25.030000686645508,25.030000686645508,2695.0
2026-08-05 12:41:00,PCT,,6.889999866485596,6.894999980926514,6.889999866485596,6.889999866485596,6851.0
2026-08-05 12:41:00,PDD,,90.80999755859375,90.83000183105469,90.80999755859375,90.81999969482422,1277.0
2026-08-05 12:41:00,PECO,,41.314998626708984,41.314998626708984,41.279998779296875,41.290000915527344,8102.0
2026-08-05 12:41:00,PEGA,,31.670000076293945,31.670000076293945,31.670000076293945,31.670000076293945,1226.0
2026-08-05 12:41:00,PENN,,19.84000015258789,19.84000015258789,19.81999969482422,19.81999969482422,2637.0
2026-08-05 12:41:00,PEP,,138.55999755859375,138.61500549316406,138.5500030517578,138.61500549316406,5866.0
2026-08-05 12:41:00,PERI,,9.5600004196167,9.5600004196167,9.5600004196167,9.5600004196167,187.0
2026-08-05 12:41:00,PESI,,17.709999084472656,17.709999084472656,17.690000534057617,17.690000534057617,746.0
2026-08-05 12:41:00,PFG,,114.0,114.02999877929688,114.0,114.01000213623047,1043.0
2026-08-05 12:41:00,PGEN,,6.974999904632568,6.980000019073486,6.96999979019165,6.974999904632568,5394.0
2026-08-05 12:41:00,PGY,,21.75,21.75,21.75,21.75,479.0
2026-08-05 12:41:00,PHAT,,8.46500015258789,8.489999771118164,8.460000038146973,8.489999771118164,4945.0
2026-08-05 12:41:00,PHIO,,1.0499999523162842,1.0499999523162842,1.0499999523162842,1.0499999523162842,100.0
2026-08-05 12:41:00,PHVS,,33.119998931884766,33.119998931884766,33.119998931884766,33.119998931884766,775.0
2026-08-05 12:41:00,PLAB,,32.209999084472656,32.209999084472656,32.209999084472656,32.209999084472656,560.0
2026-08-05 12:41:00,PLBY,,1.1399999856948853,1.1399999856948853,1.1399999856948853,1.1399999856948853,6100.0
2026-08-05 12:41:00,PLMR,,133.86000061035156,133.86000061035156,133.86000061035156,133.86000061035156,460.0
2026-08-05 12:41:00,PLTK,,3.9549999237060547,3.9549999237060547,3.9549999237060547,3.9549999237060547,883.0
2026-08-05 12:41:00,PLUG,,2.0820999145507812,2.0899999141693115,2.0820999145507812,2.0850000381469727,16181.0
2026-08-05 12:41:00,PNFP,,107.58999633789062,107.58999633789062,107.58999633789062,107.58999633789062,574.0
2026-08-05 12:41:00,POET,,8.354999542236328,8.369999885559082,8.34000015258789,8.34000015258789,21493.0
2026-08-05 12:41:00,POWI,,62.13999938964844,62.13999938964844,62.0,62.0,18823.0
2026-08-05 12:41:00,POWL,,213.0050048828125,213.0050048828125,213.0050048828125,213.0050048828125,372.0
2026-08-05 12:41:00,PPC,,26.354999542236328,26.354999542236328,26.354999542236328,26.354999542236328,1207.0
2026-08-05 12:41:00,PPTA,,22.334999084472656,22.334999084472656,22.334999084472656,22.334999084472656,467.0
2026-08-05 12:41:00,PRAX,,312.989990234375,312.989990234375,312.989990234375,312.989990234375,294.0
2026-08-05 12:41:00,PRCH,,15.880000114440918,15.885000228881836,15.869999885559082,15.869999885559082,4389.0
2026-08-05 12:41:00,PRCT,,19.200000762939453,19.204999923706055,19.170000076293945,19.18000030517578,2961.0
2026-08-05 12:41:00,PRDO,,32.900001525878906,32.900001525878906,32.880001068115234,32.880001068115234,1339.0
2026-08-05 12:41:00,PRIM,,85.18000030517578,85.18000030517578,85.06999969482422,85.06999969482422,487.0
2026-08-05 12:41:00,PRME,,3.0899999141693115,3.0899999141693115,3.0899999141693115,3.0899999141693115,2627.0
2026-08-05 12:41:00,PRTA,,8.529999732971191,8.529999732971191,8.529999732971191,8.529999732971191,121.0
2026-08-05 12:41:00,PRVA,,24.344999313354492,24.344999313354492,24.344999313354492,24.344999313354492,694.0
2026-08-05 12:41:00,PSEC,,2.1856000423431396,2.1856000423431396,2.180000066757202,2.1812000274658203,2227.0
2026-08-05 12:41:00,PSNL,,13.555000305175781,13.5649995803833,13.550000190734863,13.5600004196167,6867.0
2026-08-05 12:41:00,PTC,,139.5449981689453,139.6300048828125,139.5449981689453,139.55999755859375,1154.0
2026-08-05 12:41:00,PTCT,,68.88999938964844,68.88999938964844,68.88999938964844,68.88999938964844,1339.0
2026-08-05 12:41:00,PTEN,,9.779999732971191,9.779999732971191,9.770000457763672,9.770000457763672,7369.0
2026-08-05 12:41:00,PTLO,,4.639999866485596,4.639999866485596,4.639999866485596,4.639999866485596,569.0
2026-08-05 12:41:00,PTON,,6.46999979019165,6.474999904632568,6.46999979019165,6.46999979019165,4887.0
2026-08-05 12:41:00,PWP,,17.280000686645508,17.309999465942383,17.280000686645508,17.299999237060547,4481.0
2026-08-05 12:41:00,PYPL,,58.22999954223633,58.2599983215332,58.224998474121094,58.2599983215332,7518.0
2026-08-05 12:41:00,QCOM,,158.48500061035156,158.5,158.4149932861328,158.4250030517578,8309.0
2026-08-05 12:41:00,QFIN,,13.199999809265137,13.199999809265137,13.199999809265137,13.199999809265137,2184.0
2026-08-05 12:41:00,QQQX,,30.385000228881836,30.385000228881836,30.385000228881836,30.385000228881836,200.0
2026-08-05 12:41:00,QRVO,,94.68000030517578,94.68000030517578,94.6449966430664,94.6449966430664,496.0
2026-08-05 12:41:00,TARA,,4.054999828338623,4.059999942779541,4.050000190734863,4.059999942779541,819.0
2026-08-05 12:41:00,WOOF,,2.934999942779541,2.934999942779541,2.934999942779541,2.934999942779541,894.0
2026-08-05 12:42:00,ACDC,,4.454999923706055,4.474999904632568,4.454999923706055,4.46999979019165,10956.0
2026-08-05 12:42:00,EYE,,23.139999389648438,23.139999389648438,23.139999389648438,23.139999389648438,117.0
2026-08-05 12:42:00,GLUE,,15.649999618530273,15.680000305175781,15.649999618530273,15.680000305175781,4381.0
2026-08-05 12:42:00,LUNG,,1.965000033378601,1.965000033378601,1.965000033378601,1.965000033378601,204.0
2026-08-05 12:42:00,MBRX,,0.40700000524520874,0.40700000524520874,0.40549999475479126,0.40549999475479126,1014.0
2026-08-05 12:42:00,MDB,,376.3599853515625,376.69000244140625,376.3599853515625,376.69000244140625,1202.0
2026-08-05 12:42:00,MDLZ,,62.244998931884766,62.279998779296875,62.23500061035156,62.279998779296875,8895.0
2026-08-05 12:42:00,MNRO,,13.1899995803833,13.1899995803833,13.1899995803833,13.1899995803833,510.0
2026-08-05 12:42:00,MNST,,94.5199966430664,94.55500030517578,94.5199966430664,94.52999877929688,5465.0
2026-08-05 12:42:00,MNTS,,4.304999828338623,4.304999828338623,4.304999828338623,4.304999828338623,166.0
2026-08-05 12:42:00,MODD,,2.1350998878479004,2.1500000953674316,2.125,2.1500000953674316,1023.0
2026-08-05 12:42:00,MOVE,,11.81029987335205,11.81029987335205,11.81029987335205,11.81029987335205,4470.0
2026-08-05 12:42:00,MPWR,,1344.0550537109375,1345.125,1343.699951171875,1345.125,478.0
2026-08-05 12:42:00,MRNA,,56.689998626708984,56.790000915527344,56.689998626708984,56.779998779296875,5121.0
2026-08-05 12:42:00,MYGN,,3.125,3.125,3.125,3.125,657.0
2026-08-05 12:42:00,NAMS,,27.315000534057617,27.315000534057617,27.229999542236328,27.25,1395.0
2026-08-05 12:42:00,NAUT,,0.9476000070571899,0.9476000070571899,0.9476000070571899,0.9476000070571899,975.0
2026-08-05 12:42:00,NB,,5.065000057220459,5.070000171661377,5.065000057220459,5.070000171661377,1404.0
2026-08-05 12:42:00,NBIX,,162.97000122070312,163.2100067138672,162.97000122070312,163.2100067138672,7243.0
2026-08-05 12:42:00,NBN,,134.47000122070312,134.67999267578125,134.4499969482422,134.67999267578125,2323.0
2026-08-05 12:42:00,NBTB,,53.400001525878906,53.400001525878906,53.400001525878906,53.400001525878906,898.0
2026-08-05 12:42:00,NCMI,,4.105000019073486,4.105000019073486,4.105000019073486,4.105000019073486,123.0
2026-08-05 12:42:00,NCRA,,1.7799999713897705,1.7800999879837036,1.7799999713897705,1.7800999879837036,10710.0
2026-08-05 12:42:00,NDAQ,,94.83000183105469,94.83000183105469,94.79669952392578,94.81999969482422,1162.0
2026-08-05 12:42:00,NDSN,,310.8699951171875,310.8699951171875,310.8699951171875,310.8699951171875,185.0
2026-08-05 12:42:00,NECB,,27.239999771118164,27.239999771118164,27.239999771118164,27.239999771118164,361.0
2026-08-05 12:42:00,NEO,,16.0,16.0,16.0,16.0,1091.0
2026-08-05 12:42:00,NEOV,,2.815000057220459,2.815000057220459,2.815000057220459,2.815000057220459,1390.0
2026-08-05 12:42:00,NESR,,28.709999084472656,28.739999771118164,28.709999084472656,28.739999771118164,3469.0
2026-08-05 12:42:00,NEXT,,6.429999828338623,6.429999828338623,6.429999828338623,6.429999828338623,1369.0
2026-08-05 12:42:00,NFE,,0.335999995470047,0.335999995470047,0.335999995470047,0.335999995470047,360.0
2026-08-05 12:42:00,NFLX,,73.3550033569336,73.40989685058594,73.3499984741211,73.40989685058594,22689.0
2026-08-05 12:42:00,NGNE,,35.2599983215332,35.2599983215332,35.220001220703125,35.2599983215332,3223.0
2026-08-05 12:42:00,NICE,,97.01000213623047,97.01000213623047,97.01000213623047,97.01000213623047,398.0
2026-08-05 12:42:00,NKTX,,2.2149999141693115,2.2149999141693115,2.2149999141693115,2.2149999141693115,400.0
2026-08-05 12:42:00,NMFC,,7.324999809265137,7.324999809265137,7.324999809265137,7.324999809265137,1589.0
2026-08-05 12:42:00,NMRK,,15.579999923706055,15.579999923706055,15.579999923706055,15.579999923706055,224.0
2026-08-05 12:42:00,NN,,14.175000190734863,14.175000190734863,14.175000190734863,14.175000190734863,427.0
2026-08-05 12:42:00,NNDM,,1.5399999618530273,1.5449999570846558,1.5399999618530273,1.5449999570846558,3661.0
2026-08-05 12:42:00,NOVT,,156.14500427246094,156.14500427246094,156.14500427246094,156.14500427246094,299.0
2026-08-05 12:42:00,NRDS,,9.164999961853027,9.164999961853027,9.164999961853027,9.164999961853027,230.0
2026-08-05 12:42:00,NRIX,,24.889999389648438,24.889999389648438,24.889999389648438,24.889999389648438,764.0
2026-08-05 12:42:00,NRXP,,3.0299999713897705,3.0299999713897705,3.0299999713897705,3.0299999713897705,126.0
2026-08-05 12:42:00,NTAP,,189.7100067138672,189.8350067138672,189.7100067138672,189.82749938964844,4070.0
2026-08-05 12:42:00,NTCT,,41.66999816894531,41.66999816894531,41.65999984741211,41.65999984741211,1092.0
2026-08-05 12:42:00,NTES,,127.62000274658203,127.62000274658203,127.62000274658203,127.62000274658203,326.0
2026-08-05 12:42:00,NTNX,,60.72999954223633,60.7400016784668,60.70000076293945,60.724998474121094,7818.0
2026-08-05 12:42:00,NTRA,,276.2099914550781,276.2099914550781,276.2099914550781,276.2099914550781,210.0
2026-08-05 12:42:00,NUWE,,1.7200000286102295,1.75,1.7100000381469727,1.7200000286102295,26762.0
2026-08-05 12:42:00,NVDA,,221.25999450683594,221.4156951904297,221.2100067138672,221.3699951171875,205836.0
2026-08-05 12:42:00,NVMI,,410.875,410.875,410.875,410.875,127.0
2026-08-05 12:42:00,NVNI,,1.100000023841858,1.100000023841858,1.100000023841858,1.100000023841858,380.0
2026-08-05 12:42:00,NVTS,,12.529999732971191,12.550000190734863,12.529999732971191,12.54990005493164,13282.0
2026-08-05 12:42:00,NWBI,,15.9399995803833,15.944999694824219,15.9399995803833,15.944999694824219,1765.0
2026-08-05 12:42:00,NWE,,68.66999816894531,68.69000244140625,68.66999816894531,68.69000244140625,851.0
2026-08-05 12:42:00,NWL,,6.264999866485596,6.264999866485596,6.260000228881836,6.260000228881836,8869.0
2026-08-05 12:42:00,NWS,,32.16999816894531,32.185001373291016,32.16999816894531,32.16999816894531,3176.0
2026-08-05 12:42:00,NWSA,,28.155000686645508,28.15999984741211,28.155000686645508,28.15999984741211,7414.0
2026-08-05 12:42:00,NXPI,,231.97000122070312,232.08999633789062,231.88999938964844,232.0800018310547,3059.0
2026-08-05 12:42:00,NXST,,191.97999572753906,191.97999572753906,191.97999572753906,191.97999572753906,178.0
2026-08-05 12:42:00,NXT,,98.5250015258789,98.55999755859375,98.44999694824219,98.55999755859375,2480.0
2026-08-05 12:42:00,OCGN,,1.2999999523162842,1.2999999523162842,1.2899999618530273,1.2899999618530273,2320.0
2026-08-05 12:42:00,OCSL,,12.175000190734863,12.1850004196167,12.175000190734863,12.1850004196167,2022.0
2026-08-05 12:42:00,OCUL,,8.5,8.505000114440918,8.5,8.505000114440918,1244.0
2026-08-05 12:42:00,ODFL,,214.58999633789062,214.58999633789062,214.52999877929688,214.55999755859375,1677.0
2026-08-05 12:42:00,OFIX,,10.699999809265137,10.699999809265137,10.6899995803833,10.6899995803833,2724.0
2026-08-05 12:42:00,OFLX,,30.125,30.125,30.125,30.125,833.0
2026-08-05 12:42:00,OKTA,,147.89999389648438,148.10980224609375,147.89999389648438,148.10980224609375,1764.0
2026-08-05 12:42:00,OLB,,0.3046000003814697,0.3046000003814697,0.3046000003814697,0.3046000003814697,2029.0
2026-08-05 12:42:00,OLMA,,11.529999732971191,11.529999732971191,11.529999732971191,11.529999732971191,2349.0
2026-08-05 12:42:00,OMH,,0.11309999972581863,0.11309999972581863,0.11309999972581863,0.11309999972581863,266.0
2026-08-05 12:42:00,ON,,77.88999938964844,78.0,77.88999938964844,77.94999694824219,24675.0
2026-08-05 12:42:00,ONB,,27.023000717163086,27.045000076293945,27.023000717163086,27.040000915527344,12559.0
2026-08-05 12:42:00,ONBPO,,24.825000762939453,24.825000762939453,24.825000762939453,24.825000762939453,200.0
2026-08-05 12:42:00,ONDS,,8.930000305175781,8.9399995803833,8.920000076293945,8.9350004196167,176864.0
2026-08-05 12:42:00,ONFO,,0.0746999979019165,0.07500000298023224,0.0746999979019165,0.07490000128746033,13742.0
2026-08-05 12:42:00,ONMD,,0.676800012588501,0.676800012588501,0.675000011920929,0.6751000285148621,31231.0
2026-08-05 12:42:00,OPCH,,23.34000015258789,23.34000015258789,23.34000015258789,23.34000015258789,1350.0
2026-08-05 12:42:00,OPEN,,3.8301000595092773,3.8399999141693115,3.825000047683716,3.8350000381469727,106153.0
2026-08-05 12:42:00,OPK,,1.3250000476837158,1.3250000476837158,1.3200000524520874,1.3250000476837158,2390.0
2026-08-05 12:42:00,OPRA,,19.905000686645508,19.920000076293945,19.905000686645508,19.920000076293945,670.0
2026-08-05 12:42:00,OPRT,,6.139999866485596,6.139999866485596,6.139999866485596,6.139999866485596,1209.0
2026-08-05 12:42:00,OPRX,,6.809999942779541,6.809999942779541,6.809999942779541,6.809999942779541,431.0
2026-08-05 12:42:00,ORIC,,13.149999618530273,13.15999984741211,13.149999618530273,13.15999984741211,3369.0
2026-08-05 12:42:00,ORLY,,93.0238037109375,93.05000305175781,92.98619842529297,92.98999786376953,6883.0
2026-08-05 12:42:00,OSBC,,25.770000457763672,25.770000457763672,25.770000457763672,25.770000457763672,755.0
2026-08-05 12:42:00,OSPN,,16.399999618530273,16.40999984741211,16.399999618530273,16.40999984741211,628.0
2026-08-05 12:42:00,OSS,,14.029999732971191,14.09000015258789,14.029999732971191,14.09000015258789,3247.0
2026-08-05 12:42:00,OSW,,26.530000686645508,26.530000686645508,26.530000686645508,26.530000686645508,494.0
2026-08-05 12:42:00,OTLK,,1.0199999809265137,1.0199999809265137,1.0149999856948853,1.0199999809265137,1763.0
2026-08-05 12:42:00,OVID,,2.6549999713897705,2.6700000762939453,2.6549999713897705,2.6700000762939453,15458.0
2026-08-05 12:42:00,OXSQ,,1.5,1.5,1.5,1.5,545.0
2026-08-05 12:42:00,PAA,,23.190000534057617,23.204999923706055,23.190000534057617,23.200000762939453,4316.0
2026-08-05 12:42:00,PAAS,,48.11000061035156,48.15999984741211,48.11000061035156,48.13999938964844,4172.0
2026-08-05 12:42:00,PACB,,1.3960000276565552,1.399999976158142,1.3949999809265137,1.3949999809265137,15987.0
2026-08-05 12:42:00,PAGP,,25.125,25.1299991607666,25.125,25.1299991607666,1647.0
2026-08-05 12:42:00,PALI,,2.130000114440918,2.130000114440918,2.130000114440918,2.130000114440918,2056.0
2026-08-05 12:42:00,PANW,,363.4549865722656,364.1300048828125,363.4549865722656,363.94000244140625,17300.0
2026-08-05 12:42:00,PATK,,87.94000244140625,87.94000244140625,87.94000244140625,87.94000244140625,248.0
2026-08-05 12:42:00,PAX,,11.404999732971191,11.404999732971191,11.399999618530273,11.404999732971191,2341.0
2026-08-05 12:42:00,PAYO,,7.130000114440918,7.130000114440918,7.130000114440918,7.130000114440918,1929.0
2026-08-05 12:42:00,PAYX,,116.92500305175781,116.93000030517578,116.88999938964844,116.88999938964844,2973.0
2026-08-05 12:42:00,PCAR,,133.88499450683594,133.94500732421875,133.88499450683594,133.94500732421875,2443.0
2026-08-05 12:42:00,PCRX,,25.100000381469727,25.100000381469727,25.084999084472656,25.09000015258789,720.0
2026-08-05 12:42:00,PCT,,6.889999866485596,6.900000095367432,6.889999866485596,6.889999866485596,3738.0
2026-08-05 12:42:00,PCTY,,143.75999450683594,143.75999450683594,143.6649932861328,143.6649932861328,488.0
2026-08-05 12:42:00,PDD,,90.83000183105469,90.83000183105469,90.80999755859375,90.80999755859375,3828.0
2026-08-05 12:42:00,PEBO,,41.63999938964844,41.650001525878906,41.63999938964844,41.650001525878906,962.0
2026-08-05 12:42:00,PEGA,,31.670000076293945,31.670000076293945,31.670000076293945,31.670000076293945,619.0
2026-08-05 12:42:00,PENN,,19.834999084472656,19.84000015258789,19.834999084472656,19.834999084472656,2708.0
2026-08-05 12:42:00,PEP,,138.60000610351562,138.6199951171875,138.58999633789062,138.58999633789062,3730.0
2026-08-05 12:42:00,PESI,,17.68000030517578,17.68000030517578,17.68000030517578,17.68000030517578,1477.0
2026-08-05 12:42:00,PFG,,113.97000122070312,113.97000122070312,113.95999908447266,113.97000122070312,1757.0
2026-08-05 12:42:00,PGEN,,6.925000190734863,6.96999979019165,6.925000190734863,6.96999979019165,18029.0
2026-08-05 12:42:00,PGY,,21.719999313354492,21.739999771118164,21.719999313354492,21.739999771118164,3208.0
2026-08-05 12:42:00,PHVS,,33.064998626708984,33.130001068115234,33.064998626708984,33.130001068115234,2686.0
2026-08-05 12:42:00,PLPC,,458.3500061035156,458.3500061035156,455.6700134277344,457.9599914550781,735.0
2026-08-05 12:42:00,PLRX,,1.059999942779541,1.059999942779541,1.059999942779541,1.059999942779541,655.0
2026-08-05 12:42:00,PLUG,,2.0850000381469727,2.0899999141693115,2.0799999237060547,2.0873000621795654,26478.0
2026-08-05 12:42:00,PNFP,,107.55000305175781,107.63999938964844,107.55000305175781,107.61000061035156,7100.0
2026-08-05 12:42:00,POET,,8.335000038146973,8.354999542236328,8.335000038146973,8.350000381469727,7058.0
2026-08-05 12:42:00,POOL,,205.72999572753906,205.72999572753906,205.72999572753906,205.72999572753906,389.0
2026-08-05 12:42:00,POWI,,62.04999923706055,62.04999923706055,62.04999923706055,62.04999923706055,952.0
2026-08-05 12:42:00,POWL,,212.58999633789062,212.6750030517578,212.52000427246094,212.6699981689453,591.0
2026-08-05 12:42:00,PPC,,26.31999969482422,26.34000015258789,26.31999969482422,26.34000015258789,646.0
2026-08-05 12:42:00,PPTA,,22.290000915527344,22.32990074157715,22.290000915527344,22.31999969482422,2989.0
2026-08-05 12:42:00,PRCH,,15.859999656677246,15.869999885559082,15.859999656677246,15.869999885559082,1329.0
2026-08-05 12:42:00,PRCT,,19.219999313354492,19.219999313354492,19.200000762939453,19.200000762939453,1598.0
2026-08-05 12:42:00,PRIM,,85.18000030517578,85.18000030517578,85.18000030517578,85.18000030517578,895.0
2026-08-05 12:42:00,PRME,,3.0850000381469727,3.0850000381469727,3.0799999237060547,3.0850000381469727,2226.0
2026-08-05 12:42:00,PRQR,,1.965000033378601,1.965000033378601,1.965000033378601,1.965000033378601,1737.0
2026-08-05 12:42:00,PRTA,,8.545000076293945,8.555000305175781,8.538000106811523,8.538000106811523,2637.0
2026-08-05 12:42:00,PRVA,,24.349899291992188,24.349899291992188,24.34000015258789,24.34000015258789,886.0
2026-08-05 12:42:00,PSEC,,2.184999942779541,2.184999942779541,2.180000066757202,2.180000066757202,1391.0
2026-08-05 12:42:00,PSMT,,193.0399932861328,193.0399932861328,193.0399932861328,193.0399932861328,618.0
2026-08-05 12:42:00,PSNY,,13.90999984741211,13.90999984741211,13.90999984741211,13.90999984741211,199.0
2026-08-05 12:42:00,PTC,,139.5500030517578,139.56500244140625,139.5500030517578,139.55999755859375,1048.0
2026-08-05 12:42:00,PTEN,,9.755000114440918,9.779999732971191,9.755000114440918,9.779999732971191,9990.0
2026-08-05 12:42:00,PTGX,,136.4199981689453,136.61500549316406,136.3300018310547,136.6125030517578,5858.0
2026-08-05 12:42:00,PTON,,6.46999979019165,6.47130012512207,6.46999979019165,6.46999979019165,6712.0
2026-08-05 12:42:00,PWP,,17.274999618530273,17.274999618530273,17.274999618530273,17.274999618530273,268.0
2026-08-05 12:42:00,PYPL,,58.19499969482422,58.220001220703125,58.19499969482422,58.209999084472656,4424.0
2026-08-05 12:42:00,PYXS,,3.194999933242798,3.194999933242798,3.194999933242798,3.194999933242798,200.0
2026-08-05 12:42:00,PZZA,,30.354999542236328,30.354999542236328,30.350000381469727,30.350000381469727,1574.0
2026-08-05 12:42:00,QCOM,,158.38999938964844,158.47999572753906,158.36000061035156,158.47999572753906,9018.0
2026-08-05 12:42:00,QRVO,,94.625,94.68000030517578,94.625,94.6500015258789,1701.0
2026-08-05 12:42:00,SEED,,0.9950000047683716,1.0099999904632568,0.9950000047683716,1.0099999904632568,5366.0
2026-08-05 12:42:00,TARA,,4.059999942779541,4.059999942779541,4.059999942779541,4.059999942779541,110.0
2026-08-05 12:42:00,WOOF,,2.934999942779541,2.934999942779541,2.934999942779541,2.934999942779541,289.0
2026-08-05 12:43:00,ACDC,,4.454999923706055,4.454999923706055,4.454999923706055,4.454999923706055,3353.0
2026-08-05 12:43:00,DTIL,,7.559999942779541,7.579999923706055,7.559999942779541,7.579999923706055,428.0
2026-08-05 12:43:00,EYE,,23.1299991607666,23.139999389648438,23.1299991607666,23.139999389648438,1285.0
2026-08-05 12:43:00,GLUE,,15.645000457763672,15.645000457763672,15.645000457763672,15.645000457763672,884.0
2026-08-05 12:43:00,LUNG,,1.965000033378601,1.965000033378601,1.9600000381469727,1.965000033378601,7402.0
2026-08-05 12:43:00,MBRX,,0.40700000524520874,0.40700000524520874,0.40700000524520874,0.40700000524520874,1339.0
2026-08-05 12:43:00,MDB,,376.3500061035156,376.3599853515625,376.0899963378906,376.3500061035156,2263.0
2026-08-05 12:43:00,MDLZ,,62.23500061035156,62.2400016784668,62.23500061035156,62.2400016784668,3140.0
2026-08-05 12:43:00,MNRO,,13.1899995803833,13.1899995803833,13.1899995803833,13.1899995803833,276.0
2026-08-05 12:43:00,MNST,,94.48999786376953,94.5199966430664,94.48500061035156,94.5,2752.0
2026-08-05 12:43:00,MNTS,,4.289999961853027,4.300000190734863,4.289999961853027,4.300000190734863,315.0
2026-08-05 12:43:00,MPWR,,1342.010009765625,1342.030029296875,1342.010009765625,1342.030029296875,184.0
2026-08-05 12:43:00,MRNA,,56.665000915527344,56.709999084472656,56.63999938964844,56.70000076293945,4323.0
2026-08-05 12:43:00,MYGN,,3.125,3.125,3.125,3.125,2400.0
2026-08-05 12:43:00,NAMS,,27.274999618530273,27.274999618530273,27.239999771118164,27.239999771118164,719.0
2026-08-05 12:43:00,NB,,5.070000171661377,5.070000171661377,5.070000171661377,5.070000171661377,1096.0
2026-08-05 12:43:00,NBIX,,162.85499572753906,162.85499572753906,162.85499572753906,162.85499572753906,369.0
2026-08-05 12:43:00,NBTB,,53.400001525878906,53.400001525878906,53.39500045776367,53.39500045776367,942.0
2026-08-05 12:43:00,NDAQ,,94.81999969482422,94.81999969482422,94.81999969482422,94.81999969482422,268.0
2026-08-05 12:43:00,NDSN,,310.9700012207031,311.0,310.9700012207031,311.0,331.0
2026-08-05 12:43:00,NEO,,16.024999618530273,16.030000686645508,16.010000228881836,16.014999389648438,8692.0
2026-08-05 12:43:00,NEWT,,15.050000190734863,15.050000190734863,15.050000190734863,15.050000190734863,392.0
2026-08-05 12:43:00,NEXT,,6.429999828338623,6.429999828338623,6.429999828338623,6.429999828338623,1195.0
2026-08-05 12:43:00,NFE,,0.3368000090122223,0.3368000090122223,0.3368000090122223,0.3368000090122223,300.0
2026-08-05 12:43:00,NFLX,,73.33000183105469,73.3551025390625,73.31320190429688,73.3550033569336,46784.0
2026-08-05 12:43:00,NGNE,,35.415000915527344,35.415000915527344,35.415000915527344,35.415000915527344,171.0
2026-08-05 12:43:00,NICE,,96.98999786376953,96.98999786376953,96.98999786376953,96.98999786376953,1137.0
2026-08-05 12:43:00,NIU,,2.434999942779541,2.434999942779541,2.424999952316284,2.424999952316284,1876.0
2026-08-05 12:43:00,NKTR,,73.13999938964844,73.1500015258789,73.13999938964844,73.1500015258789,1162.0
2026-08-05 12:43:00,NKTX,,2.2149999141693115,2.2149999141693115,2.2149999141693115,2.2149999141693115,1607.0
2026-08-05 12:43:00,NMFCZ,,25.079999923706055,25.079999923706055,25.079999923706055,25.079999923706055,721.0
2026-08-05 12:43:00,NMRA,,1.6150000095367432,1.6150000095367432,1.6150000095367432,1.6150000095367432,769.0
2026-08-05 12:43:00,NMRK,,15.569999694824219,15.579999923706055,15.569999694824219,15.579999923706055,555.0
2026-08-05 12:43:00,NN,,14.170000076293945,14.170000076293945,14.170000076293945,14.170000076293945,474.0
2026-08-05 12:43:00,NNBR,,3.819999933242798,3.819999933242798,3.819999933242798,3.819999933242798,424.0
2026-08-05 12:43:00,NNDM,,1.5449999570846558,1.5449999570846558,1.5449999570846558,1.5449999570846558,1025.0
2026-08-05 12:43:00,NNOX,,1.0299999713897705,1.0299999713897705,1.0245000123977661,1.0298999547958374,26917.0
2026-08-05 12:43:00,NOVT,,156.1199951171875,156.1199951171875,156.1199951171875,156.1199951171875,404.0
2026-08-05 12:43:00,NRDS,,9.149999618530273,9.161999702453613,9.149999618530273,9.161999702453613,5985.0
2026-08-05 12:43:00,NRIX,,24.90999984741211,24.90999984741211,24.90999984741211,24.90999984741211,667.0
2026-08-05 12:43:00,NTAP,,189.58999633789062,189.6199951171875,189.58999633789062,189.61000061035156,1622.0
2026-08-05 12:43:00,NTCT,,41.66999816894531,41.66999816894531,41.66999816894531,41.66999816894531,178.0
2026-08-05 12:43:00,NTES,,127.57009887695312,127.57009887695312,127.57009887695312,127.57009887695312,978.0
2026-08-05 12:43:00,NTNX,,60.724998474121094,60.72999954223633,60.709999084472656,60.724998474121094,10382.0
2026-08-05 12:43:00,NUWE,,1.690000057220459,1.7000000476837158,1.6500999927520752,1.7000000476837158,25062.0
2026-08-05 12:43:00,NVAX,,7.625,7.625,7.625,7.625,241.0
2026-08-05 12:43:00,NVDA,,221.41000366210938,221.44000244140625,221.2100067138672,221.2469024658203,135628.0
2026-08-05 12:43:00,NVMI,,410.8851013183594,410.8851013183594,410.8851013183594,410.8851013183594,138.0
2026-08-05 12:43:00,NVTS,,12.524999618530273,12.539999961853027,12.520000457763672,12.520000457763672,5500.0
2026-08-05 12:43:00,NWBI,,15.9350004196167,15.9350004196167,15.9350004196167,15.9350004196167,1141.0
2026-08-05 12:43:00,NWE,,68.6500015258789,68.6500015258789,68.6500015258789,68.6500015258789,915.0
2026-08-05 12:43:00,NWL,,6.264999866485596,6.269999980926514,6.260000228881836,6.260000228881836,9409.0
2026-08-05 12:43:00,NWS,,32.18000030517578,32.18000030517578,32.165000915527344,32.16999816894531,1966.0
2026-08-05 12:43:00,NWSA,,28.15999984741211,28.15999984741211,28.155000686645508,28.155000686645508,3499.0
2026-08-05 12:43:00,NXPI,,232.19000244140625,232.19000244140625,231.9199981689453,231.9199981689453,1784.0
2026-08-05 12:43:00,NXT,,98.62000274658203,98.62000274658203,98.4800033569336,98.52999877929688,2168.0
2026-08-05 12:43:00,NXTC,,5.050000190734863,5.054999828338623,5.050000190734863,5.054999828338623,205.0
2026-08-05 12:43:00,OCGN,,1.2949999570846558,1.2949999570846558,1.2949999570846558,1.2949999570846558,3097.0
2026-08-05 12:43:00,OCSL,,12.175000190734863,12.175000190734863,12.175000190734863,12.175000190734863,1160.0
2026-08-05 12:43:00,OCUL,,8.5,8.5,8.5,8.5,2847.0
2026-08-05 12:43:00,ODFL,,214.60000610351562,214.60000610351562,214.57000732421875,214.57000732421875,636.0
2026-08-05 12:43:00,OFIX,,10.625,10.625,10.625,10.625,310.0
2026-08-05 12:43:00,OFS,,3.4600000381469727,3.4600000381469727,3.4600000381469727,3.4600000381469727,578.0
2026-08-05 12:43:00,OLLI,,78.22000122070312,78.29000091552734,78.22000122070312,78.29000091552734,2000.0
2026-08-05 12:43:00,OLMA,,11.569999694824219,11.574999809265137,11.529999732971191,11.529999732971191,7807.0
2026-08-05 12:43:00,OMCL,,37.244998931884766,37.244998931884766,37.244998931884766,37.244998931884766,1019.0
2026-08-05 12:43:00,OMER,,12.880000114440918,12.880000114440918,12.880000114440918,12.880000114440918,896.0
2026-08-05 12:43:00,OMH,,0.11299999803304672,0.11330000311136246,0.11299999803304672,0.11330000311136246,6178.0
2026-08-05 12:43:00,ON,,77.9000015258789,77.94999694824219,77.875,77.875,9777.0
2026-08-05 12:43:00,ONB,,27.028900146484375,27.02989959716797,27.024999618530273,27.024999618530273,4912.0
2026-08-05 12:43:00,ONDS,,8.928199768066406,8.930000305175781,8.923100471496582,8.925000190734863,78408.0
2026-08-05 12:43:00,ONFO,,0.07479999959468842,0.07490000128746033,0.0746999979019165,0.07490000128746033,25449.0
2026-08-05 12:43:00,OPCH,,23.3700008392334,23.3700008392334,23.31999969482422,23.31999969482422,3073.0
2026-08-05 12:43:00,OPEN,,3.8301000595092773,3.8399999141693115,3.8299999237060547,3.8299999237060547,29933.0
2026-08-05 12:43:00,OPHC,,8.520000457763672,8.5649995803833,8.510000228881836,8.539999961853027,3934.0
2026-08-05 12:43:00,OPK,,1.3250000476837158,1.3250000476837158,1.3250000476837158,1.3250000476837158,741.0
2026-08-05 12:43:00,OPRA,,19.889999389648438,19.90999984741211,19.889999389648438,19.90999984741211,1638.0
2026-08-05 12:43:00,OPRX,,6.840000152587891,6.840000152587891,6.820000171661377,6.820000171661377,3194.0
2026-08-05 12:43:00,ORGO,,2.3450000286102295,2.3450000286102295,2.3399999141693115,2.3450000286102295,3499.0
2026-08-05 12:43:00,ORLY,,92.9800033569336,92.9800033569336,92.9800033569336,92.9800033569336,721.0
2026-08-05 12:43:00,OSBC,,25.760000228881836,25.770000457763672,25.760000228881836,25.770000457763672,4386.0
2026-08-05 12:43:00,OSPN,,16.459999084472656,16.459999084472656,16.43000030517578,16.43000030517578,1530.0
2026-08-05 12:43:00,OSS,,14.0600004196167,14.0600004196167,14.0600004196167,14.0600004196167,689.0
2026-08-05 12:43:00,OSW,,26.514999389648438,26.514999389648438,26.514999389648438,26.514999389648438,320.0
2026-08-05 12:43:00,OTEX,,25.78969955444336,25.78969955444336,25.770000457763672,25.780000686645508,3675.0
2026-08-05 12:43:00,OTLK,,1.0199999809265137,1.0199999809265137,1.0099999904632568,1.0149999856948853,3503.0
2026-08-05 12:43:00,OXSQ,,1.5,1.5,1.492400050163269,1.5,1553.0
2026-08-05 12:43:00,PAA,,23.170000076293945,23.170000076293945,23.170000076293945,23.170000076293945,1588.0
2026-08-05 12:43:00,PAAS,,48.06829833984375,48.099998474121094,48.04999923706055,48.099998474121094,1426.0
2026-08-05 12:43:00,PACB,,1.3949999809265137,1.399999976158142,1.3899999856948853,1.3899999856948853,2544.0
2026-08-05 12:43:00,PALI,,2.130000114440918,2.130000114440918,2.130000114440918,2.130000114440918,1265.0
2026-08-05 12:43:00,PANW,,363.42999267578125,363.42999267578125,363.18499755859375,363.18499755859375,2457.0
2026-08-05 12:43:00,PAYO,,7.130000114440918,7.130000114440918,7.119999885559082,7.125,1020.0
2026-08-05 12:43:00,PAYS,,9.140000343322754,9.140000343322754,9.140000343322754,9.140000343322754,726.0
2026-08-05 12:43:00,PAYX,,116.91999816894531,116.94999694824219,116.91000366210938,116.93000030517578,5033.0
2026-08-05 12:43:00,PCAR,,133.8800048828125,133.8800048828125,133.8800048828125,133.8800048828125,899.0
2026-08-05 12:43:00,PCRX,,25.079999923706055,25.100000381469727,25.079999923706055,25.09000015258789,1131.0
2026-08-05 12:43:00,PCT,,6.894999980926514,6.894999980926514,6.889999866485596,6.889999866485596,1670.0
2026-08-05 12:43:00,PCTY,,143.72999572753906,144.05999755859375,143.72999572753906,143.97000122070312,1301.0
2026-08-05 12:43:00,PDD,,90.80000305175781,90.83000183105469,90.80000305175781,90.83000183105469,7342.0
2026-08-05 12:43:00,PDSB,,0.7103000283241272,0.7103000283241272,0.7103000283241272,0.7103000283241272,1509.0
2026-08-05 12:43:00,PEBO,,41.65999984741211,41.65999984741211,41.650001525878906,41.650001525878906,819.0
2026-08-05 12:43:00,PEGA,,31.674999237060547,31.674999237060547,31.674999237060547,31.674999237060547,1316.0
2026-08-05 12:43:00,PENN,,19.829999923706055,19.850000381469727,19.81999969482422,19.829999923706055,7727.0
2026-08-05 12:43:00,PEP,,138.57000732421875,138.58999633789062,138.5399932861328,138.56500244140625,4783.0
2026-08-05 12:43:00,PEPG,,1.940000057220459,1.9500000476837158,1.940000057220459,1.9500000476837158,1322.0
2026-08-05 12:43:00,PGEN,,6.9096999168396,6.929999828338623,6.90500020980835,6.925000190734863,19107.0
2026-08-05 12:43:00,PGNY,,31.709999084472656,31.710100173950195,31.709999084472656,31.710100173950195,843.0
2026-08-05 12:43:00,PGY,,21.709999084472656,21.729999542236328,21.709999084472656,21.719999313354492,2893.0
2026-08-05 12:43:00,PHVS,,33.185001373291016,33.189998626708984,33.06999969482422,33.13999938964844,4328.0
2026-08-05 12:43:00,PLAB,,32.150001525878906,32.150001525878906,32.150001525878906,32.150001525878906,568.0
2026-08-05 12:43:00,PLMR,,133.5399932861328,133.5399932861328,133.5399932861328,133.5399932861328,358.0
2026-08-05 12:43:00,PLRX,,1.0604000091552734,1.0604000091552734,1.0604000091552734,1.0604000091552734,605.0
2026-08-05 12:43:00,PLTK,,3.9549999237060547,3.9549999237060547,3.9549999237060547,3.9549999237060547,105.0
2026-08-05 12:43:00,PLUG,,2.0850000381469727,2.0899999141693115,2.0799999237060547,2.0799999237060547,18270.0
2026-08-05 12:43:00,POET,,8.324999809265137,8.335000038146973,8.324999809265137,8.329999923706055,12114.0
2026-08-05 12:43:00,POOL,,205.9600067138672,205.9600067138672,205.77999877929688,205.77999877929688,1702.0
2026-08-05 12:43:00,POWL,,212.60000610351562,212.74000549316406,212.60000610351562,212.74000549316406,1588.0
2026-08-05 12:43:00,PPC,,26.299999237060547,26.31999969482422,26.299999237060547,26.31999969482422,2610.0
2026-08-05 12:43:00,PPTA,,22.31999969482422,22.31999969482422,22.299999237060547,22.299999237060547,4457.0
2026-08-05 12:43:00,PRCH,,15.859999656677246,15.859999656677246,15.850000381469727,15.850000381469727,945.0
2026-08-05 12:43:00,PRCT,,19.25,19.260000228881836,19.25,19.25,1317.0
2026-08-05 12:43:00,PRIM,,84.91999816894531,85.19000244140625,84.91999816894531,85.1500015258789,3006.0
2026-08-05 12:43:00,PRVA,,24.360000610351562,24.360000610351562,24.360000610351562,24.360000610351562,536.0
2026-08-05 12:43:00,PRZO,,0.5458999872207642,0.5458999872207642,0.5458999872207642,0.5458999872207642,749.0
2026-08-05 12:43:00,PSEC,,2.180000066757202,2.184999942779541,2.180000066757202,2.180000066757202,1411.0
2026-08-05 12:43:00,PSNL,,13.555000305175781,13.5600004196167,13.555000305175781,13.5600004196167,1579.0
2026-08-05 12:43:00,PSNY,,13.90999984741211,13.90999984741211,13.90999984741211,13.90999984741211,233.0
2026-08-05 12:43:00,PTC,,139.5449981689453,139.55250549316406,139.4949951171875,139.5050048828125,2920.0
2026-08-05 12:43:00,PTCT,,68.875,68.875,68.875,68.875,212.0
2026-08-05 12:43:00,PTEN,,9.75,9.75,9.744999885559082,9.75,9268.0
2026-08-05 12:43:00,PTLO,,4.630000114440918,4.635000228881836,4.630000114440918,4.635000228881836,685.0
2026-08-05 12:43:00,PTON,,6.46999979019165,6.470099925994873,6.460000038146973,6.46999979019165,16418.0
2026-08-05 12:43:00,PWP,,17.290000915527344,17.290000915527344,17.270000457763672,17.280000686645508,1695.0
2026-08-05 12:43:00,PYPL,,58.19499969482422,58.20000076293945,58.16999816894531,58.19499969482422,5514.0
2026-08-05 12:43:00,PYXS,,3.190000057220459,3.190000057220459,3.190000057220459,3.190000057220459,3140.0
2026-08-05 12:43:00,PZZA,,30.3700008392334,30.389999389648438,30.34000015258789,30.34000015258789,5330.0
2026-08-05 12:43:00,QCOM,,158.38999938964844,158.48989868164062,158.38999938964844,158.44000244140625,8257.0
2026-08-05 12:43:00,QFIN,,13.194999694824219,13.194999694824219,13.194999694824219,13.194999694824219,651.0
2026-08-05 12:43:00,QRVO,,94.63999938964844,94.63999938964844,94.58000183105469,94.58000183105469,528.0
2026-08-05 12:43:00,SEED,,1.0194000005722046,1.0194000005722046,1.0049999952316284,1.0049999952316284,4530.0
2026-08-05 12:43:00,STIM,,2.2699999809265137,2.2699999809265137,2.2699999809265137,2.2699999809265137,362.0
2026-08-05 12:43:00,TARA,,4.059000015258789,4.059000015258789,4.054999828338623,4.054999828338623,1043.0
2026-08-05 12:43:00,WOOF,,2.930000066757202,2.930000066757202,2.930000066757202,2.930000066757202,505.0
2026-08-05 12:44:00,ACDC,,4.449999809265137,4.449999809265137,4.445000171661377,4.449999809265137,3051.0
2026-08-05 12:44:00,EYE,,23.139999389648438,23.139999389648438,23.1299991607666,23.135000228881836,3190.0
2026-08-05 12:44:00,GLUE,,15.619999885559082,15.630000114440918,15.619999885559082,15.630000114440918,1564.0
2026-08-05 12:44:00,KIDS,,21.549999237060547,21.549999237060547,21.549999237060547,21.549999237060547,1419.0
2026-08-05 12:44:00,KITT,,1.0299999713897705,1.0299999713897705,1.0299999713897705,1.0299999713897705,1820.0
2026-08-05 12:44:00,MBRX,,0.40950000286102295,0.40950000286102295,0.40549999475479126,0.40700000524520874,2328.0
2026-08-05 12:44:00,MDB,,376.7200012207031,376.8500061035156,376.375,376.5799865722656,3230.0
2026-08-05 12:44:00,MDLZ,,62.2400016784668,62.25,62.22019958496094,62.22999954223633,12327.0
2026-08-05 12:44:00,MLTX,,17.649999618530273,17.649999618530273,17.649999618530273,17.649999618530273,582.0
2026-08-05 12:44:00,MNRO,,13.1899995803833,13.1899995803833,13.1899995803833,13.1899995803833,331.0
2026-08-05 12:44:00,MNST,,94.51499938964844,94.51499938964844,94.49500274658203,94.51000213623047,2009.0
2026-08-05 12:44:00,MNTS,,4.2982001304626465,4.308199882507324,4.291800022125244,4.291800022125244,868.0
2026-08-05 12:44:00,MNTSW,,0.002199999988079071,0.002199999988079071,0.002199999988079071,0.002199999988079071,25107.0
2026-08-05 12:44:00,MPWR,,1338.469970703125,1342.31005859375,1338.469970703125,1341.31005859375,1786.0
2026-08-05 12:44:00,MRNA,,56.63600158691406,56.65999984741211,56.599998474121094,56.65999984741211,3921.0
2026-08-05 12:44:00,MYRG,,337.0199890136719,337.0199890136719,337.010009765625,337.010009765625,271.0
2026-08-05 12:44:00,NAMS,,27.239999771118164,27.299999237060547,27.190000534057617,27.274999618530273,4286.0
2026-08-05 12:44:00,NAVI,,9.109999656677246,9.109999656677246,9.100000381469727,9.100000381469727,3913.0
2026-08-05 12:44:00,NB,,5.059999942779541,5.059999942779541,5.059999942779541,5.059999942779541,1985.0
2026-08-05 12:44:00,NBIX,,163.02999877929688,163.02999877929688,162.9199981689453,162.93499755859375,1787.0
2026-08-05 12:44:00,NBTB,,53.41999816894531,53.41999816894531,53.41999816894531,53.41999816894531,1041.0
2026-08-05 12:44:00,NCMI,,4.105000019073486,4.105000019073486,4.105000019073486,4.105000019073486,101.0
2026-08-05 12:44:00,NDAQ,,94.87000274658203,94.87000274658203,94.83000183105469,94.83999633789062,2581.0
2026-08-05 12:44:00,NEO,,16.024999618530273,16.024999618530273,16.020000457763672,16.020000457763672,2400.0
2026-08-05 12:44:00,NEOG,,11.664999961853027,11.664999961853027,11.664999961853027,11.664999961853027,683.0
2026-08-05 12:44:00,NEOV,,2.815000057220459,2.815000057220459,2.815000057220459,2.815000057220459,2306.0
2026-08-05 12:44:00,NESR,,28.700000762939453,28.700000762939453,28.700000762939453,28.700000762939453,1074.0
2026-08-05 12:44:00,NEXT,,6.425000190734863,6.425000190734863,6.425000190734863,6.425000190734863,3996.0
2026-08-05 12:44:00,NFLX,,73.36000061035156,73.37000274658203,73.33000183105469,73.33000183105469,29635.0
2026-08-05 12:44:00,NICE,,97.36000061035156,97.36000061035156,96.87999725341797,96.87999725341797,3770.0
2026-08-05 12:44:00,NIU,,2.430000066757202,2.430000066757202,2.430000066757202,2.430000066757202,5410.0
2026-08-05 12:44:00,NMIH,,44.310001373291016,44.310001373291016,44.310001373291016,44.310001373291016,112.0
2026-08-05 12:44:00,NMRK,,15.585000038146973,15.585000038146973,15.579999923706055,15.579999923706055,679.0
2026-08-05 12:44:00,NN,,14.15999984741211,14.170000076293945,14.15999984741211,14.170000076293945,5929.0
2026-08-05 12:44:00,NNBR,,3.819999933242798,3.8299999237060547,3.815000057220459,3.818000078201294,6973.0
2026-08-05 12:44:00,NNDM,,1.5449999570846558,1.5449999570846558,1.5399999618530273,1.5449999570846558,11870.0
2026-08-05 12:44:00,NOVT,,156.1199951171875,156.1199951171875,156.1199951171875,156.1199951171875,229.0
2026-08-05 12:44:00,NPCE,,13.470000267028809,13.479999542236328,13.449999809265137,13.449999809265137,1334.0
2026-08-05 12:44:00,NRIX,,24.905000686645508,24.905000686645508,24.905000686645508,24.905000686645508,560.0
2026-08-05 12:44:00,NRXP,,3.0250000953674316,3.0250000953674316,3.0250000953674316,3.0250000953674316,349.0
2026-08-05 12:44:00,NTAP,,189.6199951171875,189.75999450683594,189.6199951171875,189.75999450683594,1404.0
2026-08-05 12:44:00,NTCT,,41.66999816894531,41.66999816894531,41.66999816894531,41.66999816894531,656.0
2026-08-05 12:44:00,NTNX,,60.75,60.790000915527344,60.724998474121094,60.724998474121094,8166.0
2026-08-05 12:44:00,NTRA,,276.0,276.0090026855469,276.0,276.0,1805.0
2026-08-05 12:44:00,NTRS,,183.72999572753906,183.72999572753906,183.72999572753906,183.72999572753906,638.0
2026-08-05 12:44:00,NVAX,,7.619900226593018,7.619999885559082,7.619900226593018,7.619999885559082,2143.0
2026-08-05 12:44:00,NVCT,,20.149999618530273,20.190000534057617,20.149999618530273,20.190000534057617,521.0
2026-08-05 12:44:00,NVDA,,221.1699981689453,221.47999572753906,221.05999755859375,221.39999389648438,268368.0
2026-08-05 12:44:00,NVMI,,410.8800964355469,410.8800964355469,410.8800964355469,410.8800964355469,172.0
2026-08-05 12:44:00,NVNI,,1.100000023841858,1.100000023841858,1.0993000268936157,1.0993000268936157,372.0
2026-08-05 12:44:00,NVTS,,12.497599601745605,12.524999618530273,12.497599601745605,12.524999618530273,10359.0
2026-08-05 12:44:00,NWBI,,15.944999694824219,15.944999694824219,15.9350004196167,15.9350004196167,2328.0
2026-08-05 12:44:00,NWL,,6.271100044250488,6.275000095367432,6.260000228881836,6.260000228881836,17908.0
2026-08-05 12:44:00,NWS,,32.20000076293945,32.20000076293945,32.189998626708984,32.189998626708984,1709.0
2026-08-05 12:44:00,NWSA,,28.18000030517578,28.18000030517578,28.165000915527344,28.18000030517578,4926.0
2026-08-05 12:44:00,NXPI,,231.9250030517578,232.07000732421875,231.91000366210938,232.07000732421875,4192.0
2026-08-05 12:44:00,NXT,,98.58000183105469,98.68000030517578,98.54000091552734,98.56999969482422,7330.0
2026-08-05 12:44:00,OABI,,2.065000057220459,2.065000057220459,2.065000057220459,2.065000057220459,915.0
2026-08-05 12:44:00,OCGN,,1.2999999523162842,1.2999999523162842,1.291700005531311,1.2999999523162842,5496.0
2026-08-05 12:44:00,OCS,,12.039999961853027,12.039999961853027,12.039999961853027,12.039999961853027,178.0
2026-08-05 12:44:00,OCSL,,12.180000305175781,12.180000305175781,12.180000305175781,12.180000305175781,186.0
2026-08-05 12:44:00,OCUL,,8.505000114440918,8.505000114440918,8.5,8.5,621.0
2026-08-05 12:44:00,ODD,,15.300000190734863,15.3149995803833,15.300000190734863,15.3149995803833,464.0
2026-08-05 12:44:00,ODFL,,214.63999938964844,214.63999938964844,214.52999877929688,214.52999877929688,1884.0
2026-08-05 12:44:00,OFIX,,10.604999542236328,10.619999885559082,10.604999542236328,10.619999885559082,1739.0
2026-08-05 12:44:00,OGI,,0.949999988079071,0.949999988079071,0.949999988079071,0.949999988079071,1461.0
2026-08-05 12:44:00,OKTA,,147.90499877929688,147.90499877929688,147.90499877929688,147.90499877929688,1022.0
2026-08-05 12:44:00,OLB,,0.3061999976634979,0.30889999866485596,0.3061999976634979,0.30889999866485596,6614.0
2026-08-05 12:44:00,OLMA,,11.569999694824219,11.569999694824219,11.550000190734863,11.550000190734863,1878.0
2026-08-05 12:44:00,OMCL,,37.279998779296875,37.279998779296875,37.279998779296875,37.279998779296875,552.0
2026-08-05 12:44:00,OMER,,12.850000381469727,12.880000114440918,12.850000381469727,12.880000114440918,5024.0
2026-08-05 12:44:00,OMH,,0.11270000040531158,0.11270000040531158,0.11270000040531158,0.11270000040531158,3159.0
2026-08-05 12:44:00,ON,,77.86000061035156,77.94999694824219,77.83000183105469,77.88999938964844,43182.0
2026-08-05 12:44:00,ONB,,27.03499984741211,27.03499984741211,27.030000686645508,27.030000686645508,9335.0
2026-08-05 12:44:00,ONBPO,,24.82900047302246,24.82900047302246,24.825000762939453,24.825000762939453,402.0
2026-08-05 12:44:00,ONDS,,8.914999961853027,8.9399995803833,8.90999984741211,8.925000190734863,248007.0
2026-08-05 12:44:00,ONFO,,0.0746999979019165,0.07479999959468842,0.07410000264644623,0.07479999959468842,30818.0
2026-08-05 12:44:00,OPCH,,23.3799991607666,23.3799991607666,23.360000610351562,23.360000610351562,1653.0
2026-08-05 12:44:00,OPEN,,3.8301000595092773,3.8399999141693115,3.8299999237060547,3.8301000595092773,47026.0
2026-08-05 12:44:00,OPK,,1.3250000476837158,1.3250000476837158,1.3250000476837158,1.3250000476837158,1648.0
2026-08-05 12:44:00,OPRA,,19.854999542236328,19.854999542236328,19.854999542236328,19.854999542236328,102.0
2026-08-05 12:44:00,OPRX,,6.849999904632568,6.849999904632568,6.849999904632568,6.849999904632568,757.0
2026-08-05 12:44:00,ORGO,,2.3450000286102295,2.3450000286102295,2.3450000286102295,2.3450000286102295,1824.0
2026-08-05 12:44:00,ORLY,,93.01499938964844,93.0199966430664,93.01499938964844,93.01499938964844,2778.0
2026-08-05 12:44:00,OSPN,,16.520000457763672,16.520000457763672,16.454999923706055,16.454999923706055,2058.0
2026-08-05 12:44:00,OSS,,14.020000457763672,14.029999732971191,14.020000457763672,14.029999732971191,613.0
2026-08-05 12:44:00,OTEX,,25.780000686645508,25.799999237060547,25.780000686645508,25.799999237060547,9000.0
2026-08-05 12:44:00,OTLK,,1.0199999809265137,1.0199999809265137,1.0199999809265137,1.0199999809265137,905.0
2026-08-05 12:44:00,OXLC,,9.145000457763672,9.145000457763672,9.145000457763672,9.145000457763672,475.0
2026-08-05 12:44:00,OXSQ,,1.5,1.5,1.5,1.5,690.0
2026-08-05 12:44:00,PAA,,23.21500015258789,23.219999313354492,23.18000030517578,23.18000030517578,7816.0
2026-08-05 12:44:00,PAAS,,48.01430130004883,48.09000015258789,48.01430130004883,48.01430130004883,2489.0
2026-08-05 12:44:00,PACB,,1.396399974822998,1.396399974822998,1.3949999809265137,1.3949999809265137,2115.0
2026-08-05 12:44:00,PAGP,,25.149999618530273,25.149999618530273,25.100000381469727,25.100000381469727,12629.0
2026-08-05 12:44:00,PALI,,2.130000114440918,2.130000114440918,2.130000114440918,2.130000114440918,1128.0
2026-08-05 12:44:00,PANW,,363.7149963378906,363.7250061035156,363.5899963378906,363.5899963378906,4320.0
2026-08-05 12:44:00,PAX,,11.40999984741211,11.40999984741211,11.40999984741211,11.40999984741211,688.0
2026-08-05 12:44:00,PAYO,,7.119999885559082,7.130000114440918,7.119999885559082,7.125,1212.0
2026-08-05 12:44:00,PAYX,,117.0,117.0,116.98999786376953,116.98999786376953,1331.0
2026-08-05 12:44:00,PCAR,,133.97999572753906,133.97999572753906,133.9550018310547,133.97000122070312,1432.0
2026-08-05 12:44:00,PCRX,,25.040000915527344,25.040000915527344,25.040000915527344,25.040000915527344,833.0
2026-08-05 12:44:00,PCSA,,2.1600000858306885,2.1600000858306885,2.1600000858306885,2.1600000858306885,220.0
2026-08-05 12:44:00,PCT,,6.889999866485596,6.894999980926514,6.889999866485596,6.894999980926514,1878.0
2026-08-05 12:44:00,PCTY,,143.78500366210938,144.1300048828125,143.78500366210938,144.07000732421875,4713.0
2026-08-05 12:44:00,PDD,,90.83000183105469,90.83000183105469,90.80999755859375,90.80999755859375,3172.0
2026-08-05 12:44:00,PDFS,,50.18000030517578,50.18000030517578,50.18000030517578,50.18000030517578,323.0
2026-08-05 12:44:00,PEGA,,31.68000030517578,31.690000534057617,31.674999237060547,31.68000030517578,4840.0
2026-08-05 12:44:00,PENN,,19.829999923706055,19.834999084472656,19.829999923706055,19.829999923706055,1984.0
2026-08-05 12:44:00,PEP,,138.66000366210938,138.66000366210938,138.55999755859375,138.57000732421875,6713.0
2026-08-05 12:44:00,PERI,,9.5600004196167,9.5600004196167,9.555000305175781,9.5600004196167,1684.0
2026-08-05 12:44:00,PGEN,,6.860000133514404,6.90500020980835,6.860000133514404,6.901100158691406,32554.0
2026-08-05 12:44:00,PGY,,21.729999542236328,21.739999771118164,21.729999542236328,21.739999771118164,1672.0
2026-08-05 12:44:00,PHAT,,8.470000267028809,8.470000267028809,8.449999809265137,8.460000038146973,3439.0
2026-08-05 12:44:00,PHIO,,1.0399999618530273,1.0399999618530273,1.0399999618530273,1.0399999618530273,198.0
2026-08-05 12:44:00,PHVS,,33.369998931884766,33.369998931884766,33.185001373291016,33.25,68770.0
2026-08-05 12:44:00,PLBY,,1.1449999809265137,1.1449999809265137,1.1449999809265137,1.1449999809265137,2000.0
2026-08-05 12:44:00,PLTK,,3.9549999237060547,3.9549999237060547,3.9549999237060547,3.9549999237060547,693.0
2026-08-05 12:44:00,PLUG,,2.0850000381469727,2.0899999141693115,2.0799999237060547,2.0850000381469727,20582.0
2026-08-05 12:44:00,PLXS,,274.7449951171875,274.7449951171875,274.7300109863281,274.7300109863281,457.0
2026-08-05 12:44:00,PNBK,,1.1349999904632568,1.1349999904632568,1.1349999904632568,1.1349999904632568,261.0
2026-08-05 12:44:00,PNFP,,107.83499908447266,107.83999633789062,107.56500244140625,107.61000061035156,43059.0
2026-08-05 12:44:00,PNTG,,39.095001220703125,39.095001220703125,39.095001220703125,39.095001220703125,634.0
2026-08-05 12:44:00,POET,,8.3100004196167,8.324999809265137,8.305000305175781,8.319999694824219,8538.0
2026-08-05 12:44:00,POOL,,206.1199951171875,206.1199951171875,206.1199951171875,206.1199951171875,223.0
2026-08-05 12:44:00,POWI,,62.095001220703125,62.095001220703125,62.095001220703125,62.095001220703125,226.0
2026-08-05 12:44:00,POWL,,212.36000061035156,212.36000061035156,212.36000061035156,212.36000061035156,663.0
2026-08-05 12:44:00,PPC,,26.299999237060547,26.299999237060547,26.299999237060547,26.299999237060547,728.0
2026-08-05 12:44:00,PPTA,,22.280000686645508,22.299999237060547,22.280000686645508,22.299999237060547,3217.0
2026-08-05 12:44:00,PRAA,,17.3700008392334,17.3799991607666,17.3700008392334,17.3799991607666,1774.0
2026-08-05 12:44:00,PRAX,,312.989990234375,312.989990234375,312.989990234375,312.989990234375,403.0
2026-08-05 12:44:00,PRCH,,15.819999694824219,15.859999656677246,15.819999694824219,15.850000381469727,3083.0
2026-08-05 12:44:00,PRCT,,19.5,19.5,19.25,19.280000686645508,21455.0
2026-08-05 12:44:00,PRIM,,85.04499816894531,85.04499816894531,85.0,85.0,885.0
2026-08-05 12:44:00,PRME,,3.0850000381469727,3.0850000381469727,3.075000047683716,3.0799999237060547,5214.0
2026-08-05 12:44:00,PRQR,,1.965000033378601,1.9700000286102295,1.965000033378601,1.9700000286102295,2311.0
2026-08-05 12:44:00,PRTA,,8.53499984741211,8.53499984741211,8.53499984741211,8.53499984741211,1332.0
2026-08-05 12:44:00,PRVA,,24.3799991607666,24.3799991607666,24.360000610351562,24.360000610351562,1431.0
2026-08-05 12:44:00,PSEC,,2.184999942779541,2.190000057220459,2.180000066757202,2.190000057220459,1821.0
2026-08-05 12:44:00,PSNL,,13.529999732971191,13.550000190734863,13.529999732971191,13.550000190734863,6488.0
2026-08-05 12:44:00,PTCT,,68.83000183105469,68.875,68.83000183105469,68.875,720.0
2026-08-05 12:44:00,PTEN,,9.755000114440918,9.759499549865723,9.744999885559082,9.75,16190.0
2026-08-05 12:44:00,PTLO,,4.644999980926514,4.644999980926514,4.639999866485596,4.639999866485596,3762.0
2026-08-05 12:44:00,PTON,,6.46999979019165,6.478899955749512,6.46999979019165,6.478899955749512,4124.0
2026-08-05 12:44:00,PUBM,,13.430000305175781,13.460000038146973,13.420000076293945,13.425000190734863,5929.0
2026-08-05 12:44:00,PWP,,17.309999465942383,17.309999465942383,17.280000686645508,17.290000915527344,1085.0
2026-08-05 12:44:00,PYPL,,58.22010040283203,58.224998474121094,58.19499969482422,58.19499969482422,4304.0
2026-08-05 12:44:00,PYXS,,3.1700000762939453,3.1700000762939453,3.1700000762939453,3.1700000762939453,312.0
2026-08-05 12:44:00,PZZA,,30.389999389648438,30.389999389648438,30.3700008392334,30.3700008392334,1369.0
2026-08-05 12:44:00,QCOM,,158.42999267578125,158.5399932861328,158.38999938964844,158.42999267578125,15364.0
2026-08-05 12:44:00,QFIN,,13.194999694824219,13.194999694824219,13.194999694824219,13.194999694824219,145.0
2026-08-05 12:44:00,QRVO,,94.58499908447266,94.6500015258789,94.58499908447266,94.63999938964844,596.0
2026-08-05 12:44:00,SEED,,1.0199999809265137,1.0199999809265137,1.0099999904632568,1.0199999809265137,3495.0
2026-08-05 12:44:00,STIM,,2.2750000953674316,2.2750000953674316,2.2750000953674316,2.2750000953674316,645.0
2026-08-05 12:44:00,TARA,,4.054999828338623,4.054999828338623,4.054999828338623,4.054999828338623,283.0
2026-08-05 12:44:00,WOOF,,2.934999942779541,2.940000057220459,2.934999942779541,2.934999942779541,3002.0
2026-08-05 12:45:00,ACDC,,4.449999809265137,4.449999809265137,4.449999809265137,4.449999809265137,3237.0
2026-08-05 12:45:00,EYE,,23.125,23.135000228881836,23.125,23.135000228881836,1603.0
2026-08-05 12:45:00,FIZZ,,31.920000076293945,31.920000076293945,31.90999984741211,31.90999984741211,1173.0
2026-08-05 12:45:00,GLUE,,15.609999656677246,15.630000114440918,15.604999542236328,15.609999656677246,10026.0
2026-08-05 12:45:00,KIDS,,21.549999237060547,21.549999237060547,21.549999237060547,21.549999237060547,136.0
2026-08-05 12:45:00,KITT,,1.0299999713897705,1.0299999713897705,1.0299999713897705,1.0299999713897705,430.0
2026-08-05 12:45:00,MBRX,,0.414900004863739,0.414900004863739,0.40950000286102295,0.40950000286102295,8341.0
2026-08-05 12:45:00,MDB,,376.1449890136719,376.1449890136719,375.92999267578125,376.1099853515625,2677.0
2026-08-05 12:45:00,MDLZ,,62.2400016784668,62.27000045776367,62.22999954223633,62.2400016784668,10418.0
2026-08-05 12:45:00,MNRO,,13.199999809265137,13.199999809265137,13.1899995803833,13.1899995803833,1399.0
2026-08-05 12:45:00,MNST,,94.49500274658203,94.5250015258789,94.49500274658203,94.51499938964844,4959.0
2026-08-05 12:45:00,MNTS,,4.2982001304626465,4.2982001304626465,4.2982001304626465,4.2982001304626465,129.0
2026-08-05 12:45:00,MORN,,197.86000061035156,197.86000061035156,197.86000061035156,197.86000061035156,143.0
2026-08-05 12:45:00,MOVE,,11.800000190734863,11.800000190734863,11.65999984741211,11.65999984741211,2105.0
2026-08-05 12:45:00,MPWR,,1340.81005859375,1340.81005859375,1336.1259765625,1337.47998046875,954.0
2026-08-05 12:45:00,MRNA,,56.71500015258789,56.71500015258789,56.61000061035156,56.61000061035156,6182.0
2026-08-05 12:45:00,MYGN,,3.119999885559082,3.125,3.119999885559082,3.125,884.0
2026-08-05 12:45:00,MYRG,,337.19500732421875,337.19500732421875,337.19500732421875,337.19500732421875,123.0
2026-08-05 12:45:00,NAMS,,27.239999771118164,27.239999771118164,27.239999771118164,27.239999771118164,200.0
2026-08-05 12:45:00,NAVI,,9.104999542236328,9.104999542236328,9.104999542236328,9.104999542236328,656.0
2026-08-05 12:45:00,NB,,5.059999942779541,5.065000057220459,5.059999942779541,5.059999942779541,2419.0
2026-08-05 12:45:00,NCMI,,4.105000019073486,4.105000019073486,4.105000019073486,4.105000019073486,675.0
2026-08-05 12:45:00,NCRA,,1.809999942779541,1.809999942779541,1.809999942779541,1.809999942779541,0.0
2026-08-05 12:45:00,NDAQ,,94.88749694824219,94.8949966430664,94.8604965209961,94.8949966430664,1115.0
2026-08-05 12:45:00,NDLS,,18.06999969482422,18.06999969482422,18.06999969482422,18.06999969482422,396.0
2026-08-05 12:45:00,NDSN,,310.8599853515625,310.8599853515625,310.8599853515625,310.8599853515625,78.0
2026-08-05 12:45:00,NEO,,16.020000457763672,16.030000686645508,16.010000228881836,16.010000228881836,1754.0
2026-08-05 12:45:00,NEOG,,11.664999961853027,11.664999961853027,11.664999961853027,11.664999961853027,3011.0
2026-08-05 12:45:00,NEOV,,2.809999942779541,2.809999942779541,2.809999942779541,2.809999942779541,1202.0
2026-08-05 12:45:00,NESR,,28.704999923706055,28.729999542236328,28.700000762939453,28.700000762939453,2684.0
2026-08-05 12:45:00,NEWT,,15.0600004196167,15.079999923706055,15.0600004196167,15.0600004196167,650.0
2026-08-05 12:45:00,NFE,,0.335999995470047,0.335999995470047,0.335999995470047,0.335999995470047,300.0
2026-08-05 12:45:00,NFLX,,73.30000305175781,73.37999725341797,73.30000305175781,73.36849975585938,22575.0
2026-08-05 12:45:00,NGNE,,35.40999984741211,35.40999984741211,35.40999984741211,35.40999984741211,553.0
2026-08-05 12:45:00,NICE,,97.31999969482422,97.32499694824219,97.19000244140625,97.32499694824219,3413.0
2026-08-05 12:45:00,NIU,,2.444999933242798,2.444999933242798,2.444999933242798,2.444999933242798,500.0
2026-08-05 12:45:00,NMIH,,44.310001373291016,44.310001373291016,44.310001373291016,44.310001373291016,1048.0
2026-08-05 12:45:00,NMRA,,1.6200000047683716,1.6200000047683716,1.6150000095367432,1.6150000095367432,1135.0
2026-08-05 12:45:00,NMRK,,15.585000038146973,15.585000038146973,15.579999923706055,15.585000038146973,1536.0
2026-08-05 12:45:00,NN,,14.149999618530273,14.170000076293945,14.149999618530273,14.170000076293945,2670.0
2026-08-05 12:45:00,NNBR,,3.869999885559082,3.869999885559082,3.825000047683716,3.8299999237060547,13864.0
2026-08-05 12:45:00,NNDM,,1.5449999570846558,1.5449999570846558,1.5399999618530273,1.5449999570846558,1005.0
2026-08-05 12:45:00,NOVT,,156.1699981689453,156.1699981689453,156.07000732421875,156.07000732421875,970.0
2026-08-05 12:45:00,NRDS,,9.135000228881836,9.140000343322754,9.135000228881836,9.140000343322754,855.0
2026-08-05 12:45:00,NRIX,,24.864999771118164,24.889999389648438,24.864999771118164,24.889999389648438,2779.0
2026-08-05 12:45:00,NRXP,,3.0250000953674316,3.0250000953674316,3.0250000953674316,3.0250000953674316,562.0
2026-08-05 12:45:00,NTAP,,189.66000366210938,189.78500366210938,189.6199951171875,189.75999450683594,1535.0
2026-08-05 12:45:00,NTES,,127.62000274658203,127.62000274658203,127.62000274658203,127.62000274658203,345.0
2026-08-05 12:45:00,NTGR,,24.2450008392334,24.2450008392334,24.2450008392334,24.2450008392334,972.0
2026-08-05 12:45:00,NTNX,,60.775001525878906,60.79999923706055,60.7599983215332,60.7599983215332,2729.0
2026-08-05 12:45:00,NTRA,,275.3800048828125,275.8299865722656,275.0,275.8299865722656,15739.0
2026-08-05 12:45:00,NTRB,,2.899899959564209,2.899899959564209,2.899899959564209,2.899899959564209,461.0
2026-08-05 12:45:00,NTRS,,183.74000549316406,183.74000549316406,183.72999572753906,183.72999572753906,1200.0
2026-08-05 12:45:00,NUWE,,1.6800999641418457,1.684999942779541,1.6699999570846558,1.684999942779541,7073.0
2026-08-05 12:45:00,NVAX,,7.614999771118164,7.614999771118164,7.614999771118164,7.614999771118164,584.0
2026-08-05 12:45:00,NVCR,,16.079999923706055,16.079999923706055,16.079999923706055,16.079999923706055,802.0
2026-08-05 12:45:00,NVDA,,221.44009399414062,221.47999572753906,221.08099365234375,221.14999389648438,213551.0
2026-08-05 12:45:00,NVMI,,409.6099853515625,409.6099853515625,409.6099853515625,409.6099853515625,275.0
2026-08-05 12:45:00,NVTS,,12.515000343322754,12.520000457763672,12.479999542236328,12.494999885559082,10219.0
2026-08-05 12:45:00,NWBI,,15.944999694824219,15.944999694824219,15.944999694824219,15.944999694824219,1732.0
2026-08-05 12:45:00,NWGL,,0.25110000371932983,0.2619999945163727,0.25110000371932983,0.2619999945163727,30466.0
2026-08-05 12:45:00,NWL,,6.275000095367432,6.2779998779296875,6.269999980926514,6.269999980926514,4726.0
2026-08-05 12:45:00,NWS,,32.189998626708984,32.209999084472656,32.189998626708984,32.20000076293945,1753.0
2026-08-05 12:45:00,NWSA,,28.174999237060547,28.18000030517578,28.174999237060547,28.18000030517578,5570.0
2026-08-05 12:45:00,NXPI,,232.2050018310547,232.41000366210938,231.8800048828125,231.8800048828125,3278.0
2026-08-05 12:45:00,NXST,,192.1750030517578,192.1750030517578,192.1750030517578,192.1750030517578,168.0
2026-08-05 12:45:00,NXT,,98.41999816894531,98.41999816894531,98.41999816894531,98.41999816894531,1098.0
2026-08-05 12:45:00,OBIO,,4.239999771118164,4.239999771118164,4.21999979019165,4.21999979019165,3667.0
2026-08-05 12:45:00,OCFC,,19.774999618530273,19.774999618530273,19.774999618530273,19.774999618530273,846.0
2026-08-05 12:45:00,OCGN,,1.2999999523162842,1.2999999523162842,1.2949999570846558,1.2949999570846558,2788.0
2026-08-05 12:45:00,OCS,,12.039999961853027,12.039999961853027,12.039999961853027,12.039999961853027,418.0
2026-08-05 12:45:00,OCSL,,12.175000190734863,12.175000190734863,12.175000190734863,12.175000190734863,268.0
2026-08-05 12:45:00,OCUL,,8.505000114440918,8.505000114440918,8.505000114440918,8.505000114440918,1076.0
2026-08-05 12:45:00,ODD,,15.265000343322754,15.289999961853027,15.265000343322754,15.289999961853027,1839.0
2026-08-05 12:45:00,ODFL,,214.67999267578125,214.67999267578125,214.67999267578125,214.67999267578125,338.0
2026-08-05 12:45:00,OESX,,14.4399995803833,14.619999885559082,14.4399995803833,14.619999885559082,2737.0
2026-08-05 12:45:00,OFS,,3.4700000286102295,3.4700000286102295,3.4700000286102295,3.4700000286102295,139.0
2026-08-05 12:45:00,OKTA,,147.9600067138672,147.9600067138672,147.9600067138672,147.9600067138672,616.0
2026-08-05 12:45:00,OMCL,,37.2400016784668,37.25,37.2400016784668,37.25,1227.0
2026-08-05 12:45:00,ON,,77.94000244140625,77.95999908447266,77.77999877929688,77.83000183105469,18873.0
2026-08-05 12:45:00,ONB,,27.03499984741211,27.038400650024414,27.03499984741211,27.03499984741211,5350.0
2026-08-05 12:45:00,ONDS,,8.9350004196167,8.9399995803833,8.900099754333496,8.914999961853027,342655.0
2026-08-05 12:45:00,ONFO,,0.07410000264644623,0.0746999979019165,0.07410000264644623,0.0746999979019165,11173.0
2026-08-05 12:45:00,ONMD,,0.6739000082015991,0.6739000082015991,0.6739000082015991,0.6739000082015991,0.0
2026-08-05 12:45:00,OPCH,,23.3700008392334,23.3700008392334,23.360000610351562,23.360000610351562,1039.0
2026-08-05 12:45:00,OPEN,,3.8299999237060547,3.8350000381469727,3.819999933242798,3.8350000381469727,127632.0
2026-08-05 12:45:00,OPRA,,19.860000610351562,19.860000610351562,19.799999237060547,19.850000381469727,5809.0
2026-08-05 12:45:00,OPRX,,6.909999847412109,6.920000076293945,6.860000133514404,6.860000133514404,9316.0
2026-08-05 12:45:00,ORGO,,2.3450000286102295,2.3450000286102295,2.3450000286102295,2.3450000286102295,939.0
2026-08-05 12:45:00,ORIC,,13.149900436401367,13.149999618530273,13.149900436401367,13.149999618530273,2449.0
2026-08-05 12:45:00,ORLY,,93.05000305175781,93.08000183105469,93.04000091552734,93.04000091552734,5705.0
2026-08-05 12:45:00,OSPN,,16.5049991607666,16.5049991607666,16.5049991607666,16.5049991607666,876.0
2026-08-05 12:45:00,OSS,,14.069999694824219,14.069999694824219,14.0,14.0,10957.0
2026-08-05 12:45:00,OTEX,,25.795000076293945,25.799999237060547,25.795000076293945,25.795000076293945,4217.0
2026-08-05 12:45:00,OTLK,,1.0149999856948853,1.0199999809265137,1.0149999856948853,1.0149999856948853,1616.0
2026-08-05 12:45:00,OTLY,,14.380000114440918,14.430000305175781,14.380000114440918,14.430000305175781,1435.0
2026-08-05 12:45:00,OXLC,,9.145000457763672,9.145000457763672,9.145000457763672,9.145000457763672,169.0
2026-08-05 12:45:00,OXSQ,,1.4950000047683716,1.5,1.4950000047683716,1.5,968.0
2026-08-05 12:45:00,PAA,,23.209999084472656,23.209999084472656,23.209999084472656,23.209999084472656,1924.0
2026-08-05 12:45:00,PAAS,,47.96049880981445,48.02000045776367,47.96049880981445,48.02000045776367,4010.0
2026-08-05 12:45:00,PACB,,1.399999976158142,1.399999976158142,1.399999976158142,1.399999976158142,5017.0
2026-08-05 12:45:00,PAGP,,25.149999618530273,25.15999984741211,25.149999618530273,25.15999984741211,4378.0
2026-08-05 12:45:00,PALI,,2.130000114440918,2.130000114440918,2.130000114440918,2.130000114440918,1500.0
2026-08-05 12:45:00,PANL,,7.235000133514404,7.239999771118164,7.235000133514404,7.239999771118164,2120.0
2026-08-05 12:45:00,PANW,,363.6099853515625,363.7200012207031,363.6099853515625,363.7200012207031,2935.0
2026-08-05 12:45:00,PASG,,4.664999961853027,4.699999809265137,4.664999961853027,4.699999809265137,908.0
2026-08-05 12:45:00,PATK,,88.00499725341797,88.00499725341797,88.00499725341797,88.00499725341797,384.0
2026-08-05 12:45:00,PAX,,11.395000457763672,11.395000457763672,11.395000457763672,11.395000457763672,1694.0
2026-08-05 12:45:00,PAYO,,7.130000114440918,7.130000114440918,7.119999885559082,7.119999885559082,180166.0
2026-08-05 12:45:00,PAYS,,9.140000343322754,9.140000343322754,9.140000343322754,9.140000343322754,724.0
2026-08-05 12:45:00,PAYX,,117.02999877929688,117.06500244140625,117.01000213623047,117.05000305175781,2188.0
2026-08-05 12:45:00,PBYI,,7.980000019073486,7.980000019073486,7.980000019073486,7.980000019073486,439.0
2026-08-05 12:45:00,PCAR,,133.9499969482422,134.0124969482422,133.9499969482422,133.9949951171875,3221.0
2026-08-05 12:45:00,PCT,,6.894999980926514,6.894999980926514,6.880000114440918,6.885000228881836,7050.0
2026-08-05 12:45:00,PCTY,,144.0399932861328,144.0399932861328,144.0399932861328,144.0399932861328,941.0
2026-08-05 12:45:00,PDD,,90.81999969482422,90.83999633789062,90.80999755859375,90.83999633789062,7740.0
2026-08-05 12:45:00,PDFS,,50.25,50.25,50.25,50.25,466.0
2026-08-05 12:45:00,PEBO,,41.70000076293945,41.709999084472656,41.70000076293945,41.70000076293945,956.0
2026-08-05 12:45:00,PECO,,41.33000183105469,41.33000183105469,41.31999969482422,41.31999969482422,48391.0
2026-08-05 12:45:00,PENN,,19.829999923706055,19.829999923706055,19.829999923706055,19.829999923706055,883.0
2026-08-05 12:45:00,PEP,,138.64999389648438,138.6999969482422,138.63499450683594,138.6699981689453,6708.0
2026-08-05 12:45:00,PEPG,,1.9500000476837158,1.9500000476837158,1.9500000476837158,1.9500000476837158,1833.0
2026-08-05 12:45:00,PERI,,9.550000190734863,9.550000190734863,9.550000190734863,9.550000190734863,388.0
2026-08-05 12:45:00,PFG,,113.91999816894531,113.98500061035156,113.91999816894531,113.94999694824219,2561.0
2026-08-05 12:45:00,PGEN,,6.860000133514404,6.864999771118164,6.855000019073486,6.864999771118164,22107.0
2026-08-05 12:45:00,PGNY,,31.75,31.75,31.739999771118164,31.739999771118164,2159.0
2026-08-05 12:45:00,PGY,,21.739999771118164,21.739999771118164,21.719999313354492,21.729999542236328,1627.0
2026-08-05 12:45:00,PHVS,,33.35499954223633,33.45000076293945,33.16999816894531,33.35499954223633,21239.0
2026-08-05 12:45:00,PLAB,,32.130001068115234,32.130001068115234,32.130001068115234,32.130001068115234,1100.0
2026-08-05 12:45:00,PLBY,,1.1449999809265137,1.1449999809265137,1.1449999809265137,1.1449999809265137,0.0
2026-08-05 12:45:00,PLPC,,460.3500061035156,460.3500061035156,460.3500061035156,460.3500061035156,1101.0
2026-08-05 12:45:00,PLSE,,37.099998474121094,37.099998474121094,36.89500045776367,36.89500045776367,1326.0
2026-08-05 12:45:00,PLTK,,3.9549999237060547,3.9549999237060547,3.9549999237060547,3.9549999237060547,403.0
2026-08-05 12:45:00,PLUG,,2.0899999141693115,2.0899999141693115,2.0799999237060547,2.0850000381469727,47682.0
2026-08-05 12:45:00,PNBK,,1.1349999904632568,1.1349999904632568,1.1349999904632568,1.1349999904632568,436.0
2026-08-05 12:45:00,PNFP,,107.80000305175781,107.80000305175781,107.80000305175781,107.80000305175781,1604.0
2026-08-05 12:45:00,PNTG,,39.13999938964844,39.13999938964844,39.119998931884766,39.13999938964844,2542.0
2026-08-05 12:45:00,POET,,8.319999694824219,8.319999694824219,8.295000076293945,8.300000190734863,14738.0
2026-08-05 12:45:00,POOL,,206.13999938964844,206.21499633789062,206.13499450683594,206.14999389648438,1334.0
2026-08-05 12:45:00,POWI,,62.09000015258789,62.09000015258789,62.09000015258789,62.09000015258789,1280.0
2026-08-05 12:45:00,POWL,,212.40499877929688,212.40499877929688,212.40499877929688,212.40499877929688,313.0
2026-08-05 12:45:00,PPC,,26.299999237060547,26.299999237060547,26.295000076293945,26.295000076293945,2111.0
2026-08-05 12:45:00,PRAX,,313.1549987792969,313.1549987792969,312.80999755859375,312.80999755859375,639.0
2026-08-05 12:45:00,PRCH,,15.819999694824219,15.819999694824219,15.770000457763672,15.8100004196167,8390.0
2026-08-05 12:45:00,PRCT,,19.364999771118164,19.434999465942383,19.270000457763672,19.427499771118164,22870.0
2026-08-05 12:45:00,PRGS,,41.9900016784668,41.9900016784668,41.9900016784668,41.9900016784668,1227.0
2026-08-05 12:45:00,PRIM,,84.97000122070312,85.05000305175781,84.79000091552734,84.88999938964844,1754.0
2026-08-05 12:45:00,PRME,,3.0850000381469727,3.0850000381469727,3.0850000381469727,3.0850000381469727,4906.0
2026-08-05 12:45:00,PRQR,,1.965000033378601,1.965000033378601,1.965000033378601,1.965000033378601,794.0
2026-08-05 12:45:00,PRVA,,24.3700008392334,24.3799991607666,24.3700008392334,24.3799991607666,3405.0
2026-08-05 12:45:00,PSEC,,2.184999942779541,2.184999942779541,2.180000066757202,2.184999942779541,2455.0
2026-08-05 12:45:00,PSNL,,13.539999961853027,13.539999961853027,13.529999732971191,13.529999732971191,4435.0
2026-08-05 12:45:00,PTC,,139.58999633789062,139.6699981689453,139.58999633789062,139.58999633789062,1872.0
2026-08-05 12:45:00,PTCT,,68.83999633789062,68.83999633789062,68.80999755859375,68.80999755859375,2345.0
2026-08-05 12:45:00,PTEN,,9.760000228881836,9.760000228881836,9.755000114440918,9.755000114440918,8973.0
2026-08-05 12:45:00,PTLO,,4.644999980926514,4.644999980926514,4.644999980926514,4.644999980926514,2135.0
2026-08-05 12:45:00,PTON,,6.46999979019165,6.474999904632568,6.46999979019165,6.46999979019165,910.0
2026-08-05 12:45:00,PUBM,,13.430000305175781,13.470000267028809,13.430000305175781,13.470000267028809,4085.0
2026-08-05 12:45:00,PWP,,17.299999237060547,17.299999237060547,17.299999237060547,17.299999237060547,1028.0
2026-08-05 12:45:00,PYPL,,58.220001220703125,58.23500061035156,58.220001220703125,58.22999954223633,6101.0
2026-08-05 12:45:00,PZZA,,30.395000457763672,30.399999618530273,30.38050079345703,30.395000457763672,1493.0
2026-08-05 12:45:00,QCOM,,158.63999938964844,158.6699981689453,158.33999633789062,158.42999267578125,17297.0
2026-08-05 12:45:00,QFIN,,13.199999809265137,13.199999809265137,13.199899673461914,13.199999809265137,2516.0
2026-08-05 12:45:00,QRVO,,94.68000030517578,94.68000030517578,94.58499908447266,94.58499908447266,2256.0
2026-08-05 12:45:00,SEED,,1.0199999809265137,1.0199999809265137,1.0099999904632568,1.0199999809265137,935.0
2026-08-05 12:45:00,TARA,,4.054999828338623,4.054999828338623,4.054999828338623,4.054999828338623,450.0
2026-08-05 12:45:00,WOOF,,2.934999942779541,2.934999942779541,2.934999942779541,2.934999942779541,1645.0
2026-08-05 12:46:00,ACDC,,4.445000171661377,4.454999923706055,4.445000171661377,4.449999809265137,4446.0
2026-08-05 12:46:00,DTIL,,7.559999942779541,7.559999942779541,7.559999942779541,7.559999942779541,202.0
2026-08-05 12:46:00,EYE,,23.110000610351562,23.1200008392334,23.110000610351562,23.1200008392334,1921.0
2026-08-05 12:46:00,GLUE,,15.600000381469727,15.600000381469727,15.600000381469727,15.600000381469727,649.0
2026-08-05 12:46:00,KIDS,,21.549999237060547,21.549999237060547,21.549999237060547,21.549999237060547,3315.0
2026-08-05 12:46:00,MDB,,375.9200134277344,376.2799987792969,375.9200134277344,376.1449890136719,2735.0
2026-08-05 12:46:00,MDLZ,,62.22999954223633,62.2400016784668,62.220001220703125,62.22999954223633,7751.0
2026-08-05 12:46:00,MNRO,,13.1899995803833,13.1899995803833,13.1899995803833,13.1899995803833,1735.0
2026-08-05 12:46:00,MNST,,94.44499969482422,94.48999786376953,94.43000030517578,94.48999786376953,4049.0
2026-08-05 12:46:00,MORN,,197.71499633789062,197.71499633789062,197.71499633789062,197.71499633789062,647.0
2026-08-05 12:46:00,MPWR,,1336.3399658203125,1340.989990234375,1336.3399658203125,1340.9300537109375,201.0
2026-08-05 12:46:00,MRNA,,56.70500183105469,56.7400016784668,56.689998626708984,56.71500015258789,5971.0
2026-08-05 12:46:00,MYGN,,3.119999885559082,3.125,3.119999885559082,3.119999885559082,2128.0
2026-08-05 12:46:00,MYPS,,0.7364000082015991,0.7409999966621399,0.7364000082015991,0.7364000082015991,700.0
2026-08-05 12:46:00,MYRG,,337.2900085449219,337.2900085449219,337.2900085449219,337.2900085449219,124.0
2026-08-05 12:46:00,NAMS,,27.28499984741211,27.309999465942383,27.260000228881836,27.270000457763672,4155.0
2026-08-05 12:46:00,NB,,5.059999942779541,5.059999942779541,5.059999942779541,5.059999942779541,1371.0
2026-08-05 12:46:00,NBIX,,162.8800048828125,162.8800048828125,162.8800048828125,162.8800048828125,308.0
2026-08-05 12:46:00,NBTB,,53.42499923706055,53.42499923706055,53.42499923706055,53.42499923706055,1760.0
2026-08-05 12:46:00,NCMI,,4.110000133514404,4.110000133514404,4.110000133514404,4.110000133514404,1878.0
2026-08-05 12:46:00,NCRA,,1.8300000429153442,1.8300000429153442,1.8300000429153442,1.8300000429153442,5012.0
2026-08-05 12:46:00,NDAQ,,94.86000061035156,94.87000274658203,94.83000183105469,94.8499984741211,4825.0
2026-08-05 12:46:00,NDSN,,310.9949951171875,310.9949951171875,310.9800109863281,310.9800109863281,731.0
2026-08-05 12:46:00,NECB,,27.22800064086914,27.22800064086914,27.22800064086914,27.22800064086914,354.0
2026-08-05 12:46:00,NEO,,16.010000228881836,16.010000228881836,16.0049991607666,16.010000228881836,4302.0
2026-08-05 12:46:00,NEOG,,11.664999961853027,11.664999961853027,11.664999961853027,11.664999961853027,1643.0
2026-08-05 12:46:00,NEOV,,2.805000066757202,2.805000066757202,2.800100088119507,2.8010001182556152,1307.0
2026-08-05 12:46:00,NEXT,,6.425000190734863,6.425000190734863,6.425000190734863,6.425000190734863,2113.0
2026-08-05 12:46:00,NFE,,0.335999995470047,0.335999995470047,0.335999995470047,0.335999995470047,44.0
2026-08-05 12:46:00,NFLX,,73.31999969482422,73.33499908447266,73.30000305175781,73.31800079345703,48538.0
2026-08-05 12:46:00,NGNE,,35.404998779296875,35.404998779296875,35.404998779296875,35.404998779296875,305.0
2026-08-05 12:46:00,NICE,,97.34500122070312,97.34500122070312,97.34500122070312,97.34500122070312,629.0
2026-08-05 12:46:00,NIU,,2.440000057220459,2.440000057220459,2.440000057220459,2.440000057220459,100.0
2026-08-05 12:46:00,NKTX,,2.2200000286102295,2.2200000286102295,2.2200000286102295,2.2200000286102295,538.0
2026-08-05 12:46:00,NMFC,,7.324999809265137,7.324999809265137,7.324999809265137,7.324999809265137,504.0
2026-08-05 12:46:00,NMRK,,15.579999923706055,15.585000038146973,15.579999923706055,15.585000038146973,1153.0
2026-08-05 12:46:00,NN,,14.149999618530273,14.149999618530273,14.149999618530273,14.149999618530273,156.0
2026-08-05 12:46:00,NNBR,,3.880000114440918,3.884999990463257,3.8499999046325684,3.859999895095825,13425.0
2026-08-05 12:46:00,NNDM,,1.5449999570846558,1.5449999570846558,1.5449999570846558,1.5449999570846558,801.0
2026-08-05 12:46:00,NNOX,,1.024999976158142,1.024999976158142,1.024999976158142,1.024999976158142,1030.0
2026-08-05 12:46:00,NOVT,,156.22500610351562,156.22500610351562,156.22500610351562,156.22500610351562,281.0
2026-08-05 12:46:00,NTAP,,189.5800018310547,189.8350067138672,189.5800018310547,189.77999877929688,3069.0
2026-08-05 12:46:00,NTCT,,41.70000076293945,41.70000076293945,41.70000076293945,41.70000076293945,497.0
2026-08-05 12:46:00,NTNX,,60.775001525878906,60.775001525878906,60.775001525878906,60.775001525878906,1422.0
2026-08-05 12:46:00,NTRA,,275.3800048828125,275.3800048828125,275.3800048828125,275.3800048828125,450.0
2026-08-05 12:46:00,NTRS,,183.71499633789062,183.71499633789062,183.71499633789062,183.71499633789062,507.0
2026-08-05 12:46:00,NUWE,,1.7100000381469727,1.7100000381469727,1.7100000381469727,1.7100000381469727,1839.0
2026-08-05 12:46:00,NVAX,,7.610000133514404,7.619999885559082,7.610000133514404,7.619999885559082,2422.0
2026-08-05 12:46:00,NVDA,,221.42999267578125,221.55999755859375,221.31219482421875,221.42999267578125,182375.0
2026-08-05 12:46:00,NVMI,,410.2149963378906,410.2149963378906,410.2149963378906,410.2149963378906,84.0
2026-08-05 12:46:00,NVTS,,12.515000343322754,12.529999732971191,12.510000228881836,12.520000457763672,5642.0
2026-08-05 12:46:00,NWL,,6.260000228881836,6.269999980926514,6.260000228881836,6.269999980926514,15256.0
2026-08-05 12:46:00,NWS,,32.19499969482422,32.19499969482422,32.19499969482422,32.19499969482422,624.0
2026-08-05 12:46:00,NWSA,,28.184999465942383,28.184999465942383,28.184999465942383,28.184999465942383,388.0
2026-08-05 12:46:00,NXPI,,232.0399932861328,232.41000366210938,232.02999877929688,232.41000366210938,1553.0
2026-08-05 12:46:00,NXST,,192.17999267578125,192.17999267578125,192.1750030517578,192.1750030517578,524.0
2026-08-05 12:46:00,OBIO,,4.244999885559082,4.25,4.244999885559082,4.25,3077.0
2026-08-05 12:46:00,OCGN,,1.2949999570846558,1.2999999523162842,1.2949999570846558,1.2999999523162842,2021.0
2026-08-05 12:46:00,OCS,,12.050000190734863,12.050000190734863,12.050000190734863,12.050000190734863,214.0
2026-08-05 12:46:00,OCUL,,8.53499984741211,8.53499984741211,8.505000114440918,8.505000114440918,22426.0
2026-08-05 12:46:00,ODFL,,214.60000610351562,214.67999267578125,214.60000610351562,214.67999267578125,1242.0
2026-08-05 12:46:00,OLB,,0.3077999949455261,0.3077999949455261,0.3077999949455261,0.3077999949455261,324.0
2026-08-05 12:46:00,OLLI,,78.18000030517578,78.20999908447266,78.16000366210938,78.19999694824219,7172.0
2026-08-05 12:46:00,OMH,,0.11299999803304672,0.11299999803304672,0.11219999939203262,0.11270000040531158,18530.0
2026-08-05 12:46:00,ON,,77.95500183105469,77.9800033569336,77.91999816894531,77.94000244140625,8478.0
2026-08-05 12:46:00,ONB,,27.03499984741211,27.03499984741211,27.032800674438477,27.032800674438477,6660.0
2026-08-05 12:46:00,ONCY,,0.7964000105857849,0.7964000105857849,0.7964000105857849,0.7964000105857849,3097.0
2026-08-05 12:46:00,ONDS,,8.9399995803833,8.9399995803833,8.930000305175781,8.9399995803833,66428.0
2026-08-05 12:46:00,ONFO,,0.07410000264644623,0.07429999858140945,0.07410000264644623,0.07410000264644623,11905.0
2026-08-05 12:46:00,OPCH,,23.360000610351562,23.3799991607666,23.360000610351562,23.3700008392334,2010.0
2026-08-05 12:46:00,OPEN,,3.8206000328063965,3.8299999237060547,3.819999933242798,3.8250999450683594,117683.0
2026-08-05 12:46:00,OPRT,,6.139999866485596,6.139999866485596,6.139999866485596,6.139999866485596,1669.0
2026-08-05 12:46:00,OPRX,,6.900000095367432,6.929999828338623,6.889999866485596,6.900000095367432,22574.0
2026-08-05 12:46:00,ORIC,,13.145000457763672,13.145000457763672,13.140000343322754,13.140000343322754,1924.0
2026-08-05 12:46:00,ORLY,,93.00499725341797,93.00499725341797,93.00499725341797,93.00499725341797,952.0
2026-08-05 12:46:00,ORRF,,43.2400016784668,43.2400016784668,43.2400016784668,43.2400016784668,234.0
2026-08-05 12:46:00,OSIS,,236.11000061035156,236.11000061035156,236.11000061035156,236.11000061035156,436.0
2026-08-05 12:46:00,OSUR,,4.125,4.125,4.125,4.125,1218.0
2026-08-05 12:46:00,OSW,,26.520000457763672,26.530000686645508,26.510000228881836,26.530000686645508,2055.0
2026-08-05 12:46:00,OTEX,,25.799999237060547,25.799999237060547,25.780000686645508,25.795000076293945,24730.0
2026-08-05 12:46:00,OTLK,,1.0199999809265137,1.0199999809265137,1.0199999809265137,1.0199999809265137,446.0
2026-08-05 12:46:00,OTTR,,91.38500213623047,91.38500213623047,91.38500213623047,91.38500213623047,528.0
2026-08-05 12:46:00,OVBC,,43.03499984741211,43.03499984741211,43.03499984741211,43.03499984741211,129.0
2026-08-05 12:46:00,OXSQ,,1.5,1.5,1.5,1.5,403.0
2026-08-05 12:46:00,PAA,,23.209999084472656,23.209999084472656,23.209999084472656,23.209999084472656,1629.0
2026-08-05 12:46:00,PAAS,,47.97999954223633,47.97999954223633,47.95000076293945,47.970001220703125,6791.0
2026-08-05 12:46:00,PACB,,1.3949999809265137,1.3949999809265137,1.3949999809265137,1.3949999809265137,8406.0
2026-08-05 12:46:00,PAGP,,25.139999389648438,25.139999389648438,25.135000228881836,25.135000228881836,1224.0
2026-08-05 12:46:00,PALI,,2.130000114440918,2.130000114440918,2.130000114440918,2.130000114440918,1858.0
2026-08-05 12:46:00,PANW,,363.2149963378906,363.6799011230469,363.0899963378906,363.5899963378906,7616.0
2026-08-05 12:46:00,PATK,,88.01000213623047,88.01000213623047,88.01000213623047,88.01000213623047,314.0
2026-08-05 12:46:00,PAX,,11.404999732971191,11.404999732971191,11.404999732971191,11.404999732971191,754.0
2026-08-05 12:46:00,PAYO,,7.125,7.125,7.125,7.125,1108.0
2026-08-05 12:46:00,PAYS,,9.149999618530273,9.149999618530273,9.145000457763672,9.145000457763672,1050.0
2026-08-05 12:46:00,PAYX,,117.05999755859375,117.05999755859375,117.04000091552734,117.04000091552734,2682.0
2026-08-05 12:46:00,PBYI,,7.960000038146973,7.960000038146973,7.960000038146973,7.960000038146973,206.0
2026-08-05 12:46:00,PCAR,,133.9949951171875,134.00999450683594,133.9600067138672,133.97000122070312,3815.0
2026-08-05 12:46:00,PCRX,,25.030000686645508,25.030000686645508,25.024999618530273,25.024999618530273,618.0
2026-08-05 12:46:00,PCTY,,144.1199951171875,144.1199951171875,144.11000061035156,144.11000061035156,491.0
2026-08-05 12:46:00,PDD,,90.80999755859375,90.81999969482422,90.80999755859375,90.81199645996094,3014.0
2026-08-05 12:46:00,PEGA,,31.69499969482422,31.69499969482422,31.68160057067871,31.68160057067871,1122.0
2026-08-05 12:46:00,PENN,,19.850000381469727,19.850000381469727,19.834999084472656,19.834999084472656,2481.0
2026-08-05 12:46:00,PEP,,138.64500427246094,138.64999389648438,138.64500427246094,138.64999389648438,3921.0
2026-08-05 12:46:00,PFG,,113.91999816894531,113.91999816894531,113.91999816894531,113.91999816894531,622.0
2026-08-05 12:46:00,PGEN,,6.864999771118164,6.869999885559082,6.855000019073486,6.860000133514404,24107.0
2026-08-05 12:46:00,PGNY,,31.75,31.75,31.75,31.75,2228.0
2026-08-05 12:46:00,PGY,,21.770000457763672,21.799999237060547,21.75,21.75,20010.0
2026-08-05 12:46:00,PHVS,,33.17499923706055,33.349998474121094,33.17499923706055,33.349998474121094,1194.0
2026-08-05 12:46:00,PLMR,,133.52000427246094,133.52000427246094,133.52000427246094,133.52000427246094,373.0
2026-08-05 12:46:00,PLSE,,37.06999969482422,37.06999969482422,37.06999969482422,37.06999969482422,891.0
2026-08-05 12:46:00,PLTK,,3.9600000381469727,3.9600000381469727,3.9600000381469727,3.9600000381469727,380.0
2026-08-05 12:46:00,PLUG,,2.0850000381469727,2.088399887084961,2.0850000381469727,2.0850000381469727,21931.0
2026-08-05 12:46:00,PLXS,,274.385009765625,274.385009765625,274.385009765625,274.385009765625,658.0
2026-08-05 12:46:00,PNFP,,107.7750015258789,107.7750015258789,107.7750015258789,107.7750015258789,512.0
2026-08-05 12:46:00,POET,,8.319999694824219,8.329999923706055,8.319999694824219,8.319999694824219,16618.0
2026-08-05 12:46:00,POOL,,206.1649932861328,206.1649932861328,206.13999938964844,206.13999938964844,519.0
2026-08-05 12:46:00,POWL,,212.01010131835938,212.01010131835938,212.01010131835938,212.01010131835938,140.0
2026-08-05 12:46:00,PPBT,,1.4500000476837158,1.4500000476837158,1.4500000476837158,1.4500000476837158,1856.0
2026-08-05 12:46:00,PPC,,26.280000686645508,26.280000686645508,26.270000457763672,26.270000457763672,1251.0
2026-08-05 12:46:00,PPTA,,22.260000228881836,22.260000228881836,22.260000228881836,22.260000228881836,742.0
2026-08-05 12:46:00,PRCH,,15.819999694824219,15.835000038146973,15.819999694824219,15.835000038146973,825.0
2026-08-05 12:46:00,PRCT,,19.3700008392334,19.3700008392334,19.3700008392334,19.3700008392334,272.0
2026-08-05 12:46:00,PRDO,,32.88999938964844,32.93000030517578,32.88999938964844,32.93000030517578,681.0
2026-08-05 12:46:00,PRIM,,84.95999908447266,84.97000122070312,84.86000061035156,84.95999908447266,2307.0
2026-08-05 12:46:00,PRME,,3.0889999866485596,3.0889999866485596,3.0889999866485596,3.0889999866485596,1494.0
2026-08-05 12:46:00,PROK,,1.6302000284194946,1.6302000284194946,1.6302000284194946,1.6302000284194946,806.0
2026-08-05 12:46:00,PRQR,,1.9600000381469727,1.9600000381469727,1.9600000381469727,1.9600000381469727,194.0
2026-08-05 12:46:00,PRSO,,0.6866000294685364,0.6866000294685364,0.6866000294685364,0.6866000294685364,615.0
2026-08-05 12:46:00,PRVA,,24.375,24.375,24.375,24.375,725.0
2026-08-05 12:46:00,PRZO,,0.5403000116348267,0.5403000116348267,0.5403000116348267,0.5403000116348267,2213.0
2026-08-05 12:46:00,PSEC,,2.184999942779541,2.190000057220459,2.180000066757202,2.180000066757202,2155.0
2026-08-05 12:46:00,PSNL,,13.539999961853027,13.539999961853027,13.539999961853027,13.539999961853027,635.0
2026-08-05 12:46:00,PTEN,,9.755000114440918,9.760000228881836,9.755000114440918,9.755000114440918,9214.0
2026-08-05 12:46:00,PTLO,,4.644999980926514,4.644999980926514,4.640100002288818,4.644999980926514,1965.0
2026-08-05 12:46:00,PTON,,6.46999979019165,6.480000019073486,6.46999979019165,6.46999979019165,6116.0
2026-08-05 12:46:00,PWP,,17.309999465942383,17.309999465942383,17.309999465942383,17.309999465942383,2141.0
2026-08-05 12:46:00,PYPL,,58.20000076293945,58.20000076293945,58.18009948730469,58.20000076293945,6033.0
2026-08-05 12:46:00,PYXS,,3.1700000762939453,3.1700000762939453,3.1700000762939453,3.1700000762939453,189.0
2026-08-05 12:46:00,PZZA,,30.395000457763672,30.395000457763672,30.395000457763672,30.395000457763672,663.0
2026-08-05 12:46:00,QCOM,,158.52999877929688,158.64500427246094,158.52999877929688,158.6300048828125,6488.0
2026-08-05 12:46:00,QRVO,,94.72000122070312,94.72000122070312,94.72000122070312,94.72000122070312,563.0
2026-08-05 12:46:00,SEED,,1.0199999809265137,1.0199999809265137,1.0199999809265137,1.0199999809265137,500.0
2026-08-05 12:46:00,TARA,,4.054999828338623,4.054999828338623,4.054999828338623,4.054999828338623,112.0
2026-08-05 12:47:00,ACDC,,4.440000057220459,4.445000171661377,4.434999942779541,4.445000171661377,5828.0
2026-08-05 12:47:00,EYE,,23.100000381469727,23.1200008392334,23.100000381469727,23.110000610351562,1675.0
2026-08-05 12:47:00,FIZZ,,31.93000030517578,31.93000030517578,31.93000030517578,31.93000030517578,333.0
2026-08-05 12:47:00,GLUE,,15.600000381469727,15.609999656677246,15.59000015258789,15.59000015258789,12213.0
2026-08-05 12:47:00,KIDS,,21.545000076293945,21.545000076293945,21.545000076293945,21.545000076293945,2055.0
2026-08-05 12:47:00,KTTA,,0.46639999747276306,0.46639999747276306,0.46639999747276306,0.46639999747276306,283.0
2026-08-05 12:47:00,LUNG,,1.9700000286102295,1.9700000286102295,1.9700000286102295,1.9700000286102295,3503.0
2026-08-05 12:47:00,MBRX,,0.4090999960899353,0.4090999960899353,0.4090999960899353,0.4090999960899353,443.0
2026-08-05 12:47:00,MCRI,,124.51000213623047,124.51000213623047,124.5,124.5,1872.0
2026-08-05 12:47:00,MDB,,376.1499938964844,376.3599853515625,375.9200134277344,376.1400146484375,2892.0
2026-08-05 12:47:00,MDLZ,,62.209999084472656,62.220001220703125,62.20000076293945,62.220001220703125,4979.0
2026-08-05 12:47:00,MLTX,,17.649999618530273,17.649999618530273,17.649999618530273,17.649999618530273,1155.0
2026-08-05 12:47:00,MNRO,,13.180100440979004,13.1899995803833,13.180100440979004,13.1899995803833,2208.0
2026-08-05 12:47:00,MNST,,94.45999908447266,94.45999908447266,94.44499969482422,94.44499969482422,3981.0
2026-08-05 12:47:00,MNTS,,4.289999961853027,4.289999961853027,4.289999961853027,4.289999961853027,327.0
2026-08-05 12:47:00,MPWR,,1343.530029296875,1343.530029296875,1341.0274658203125,1341.3299560546875,764.0
2026-08-05 12:47:00,MRNA,,56.70000076293945,56.70000076293945,56.68000030517578,56.70000076293945,2195.0
2026-08-05 12:47:00,MYGN,,3.125,3.125,3.119999885559082,3.119999885559082,1616.0
2026-08-05 12:47:00,MYRG,,336.4800109863281,336.8599853515625,336.4800109863281,336.5299987792969,2245.0
2026-08-05 12:47:00,NAMS,,27.299999237060547,27.364999771118164,27.299999237060547,27.354999542236328,1201.0
2026-08-05 12:47:00,NAVI,,9.104999542236328,9.10990047454834,9.104999542236328,9.10990047454834,1431.0
2026-08-05 12:47:00,NB,,5.070000171661377,5.070000171661377,5.065000057220459,5.065000057220459,10901.0
2026-08-05 12:47:00,NBIX,,162.77999877929688,162.8800048828125,162.72000122070312,162.8800048828125,3890.0
2026-08-05 12:47:00,NCMI,,4.114999771118164,4.114999771118164,4.114999771118164,4.114999771118164,1372.0
2026-08-05 12:47:00,NCRA,,1.826300024986267,1.826300024986267,1.826300024986267,1.826300024986267,846.0
2026-08-05 12:47:00,NDAQ,,94.87999725341797,94.91500091552734,94.87999725341797,94.87999725341797,1258.0
2026-08-05 12:47:00,NDSN,,310.9949951171875,310.9949951171875,310.9949951171875,310.9949951171875,727.0
2026-08-05 12:47:00,NEOG,,11.675000190734863,11.6850004196167,11.664999961853027,11.664999961853027,10281.0
2026-08-05 12:47:00,NEOV,,2.809999942779541,2.809999942779541,2.809999942779541,2.809999942779541,1279.0
2026-08-05 12:47:00,NEXT,,6.414999961853027,6.414999961853027,6.414999961853027,6.414999961853027,1125.0
2026-08-05 12:47:00,NFLX,,73.25440216064453,73.32499694824219,73.24500274658203,73.31999969482422,31461.0
2026-08-05 12:47:00,NGNE,,35.59000015258789,35.59000015258789,35.59000015258789,35.59000015258789,888.0
2026-08-05 12:47:00,NIU,,2.440000057220459,2.440000057220459,2.440000057220459,2.440000057220459,20.0
2026-08-05 12:47:00,NKTX,,2.2100000381469727,2.2149999141693115,2.2100000381469727,2.2149999141693115,1042.0
2026-08-05 12:47:00,NMFC,,7.326000213623047,7.326000213623047,7.326000213623047,7.326000213623047,542.0
2026-08-05 12:47:00,NMRK,,15.585000038146973,15.595000267028809,15.579999923706055,15.59000015258789,4894.0
2026-08-05 12:47:00,NN,,14.149999618530273,14.15999984741211,14.149999618530273,14.149999618530273,1511.0
2026-08-05 12:47:00,NNBR,,3.9100000858306885,3.9100000858306885,3.875,3.884999990463257,19574.0
2026-08-05 12:47:00,NNDM,,1.5449999570846558,1.5449999570846558,1.5399999618530273,1.5399999618530273,1103.0
2026-08-05 12:47:00,NOVT,,156.5,156.5,156.36000061035156,156.36000061035156,1410.0
2026-08-05 12:47:00,NRDS,,9.145000457763672,9.149999618530273,9.140000343322754,9.140000343322754,2578.0
2026-08-05 12:47:00,NRIM,,26.940000534057617,26.940000534057617,26.940000534057617,26.940000534057617,554.0
2026-08-05 12:47:00,NRSN,,0.5378999710083008,0.5378999710083008,0.5378999710083008,0.5378999710083008,161.0
2026-08-05 12:47:00,NSYS,,14.255000114440918,14.255000114440918,14.255000114440918,14.255000114440918,169.0
2026-08-05 12:47:00,NTAP,,189.69000244140625,189.77999877929688,189.6649932861328,189.6649932861328,5510.0
2026-08-05 12:47:00,NTES,,127.62000274658203,127.66999816894531,127.62000274658203,127.66999816894531,602.0
2026-08-05 12:47:00,NTNX,,60.775001525878906,60.77750015258789,60.775001525878906,60.775001525878906,2152.0
2026-08-05 12:47:00,NTRA,,275.3659973144531,275.42999267578125,275.3559875488281,275.3800048828125,3612.0
2026-08-05 12:47:00,NTRS,,183.7100067138672,183.7100067138672,183.7100067138672,183.7100067138672,847.0
2026-08-05 12:47:00,NUWE,,1.6799999475479126,1.6799999475479126,1.6799999475479126,1.6799999475479126,310.0
2026-08-05 12:47:00,NVAX,,7.614999771118164,7.614999771118164,7.614999771118164,7.614999771118164,769.0
2026-08-05 12:47:00,NVCR,,16.079999923706055,16.09000015258789,16.079999923706055,16.09000015258789,529.0
2026-08-05 12:47:00,NVCT,,20.135000228881836,20.135000228881836,20.135000228881836,20.135000228881836,137.0
2026-08-05 12:47:00,NVDA,,221.46099853515625,221.5500030517578,221.41000366210938,221.46099853515625,180542.0
2026-08-05 12:47:00,NVMI,,410.8999938964844,410.8999938964844,410.8999938964844,410.8999938964844,2969.0
2026-08-05 12:47:00,NVTS,,12.510000228881836,12.515000343322754,12.505000114440918,12.515000343322754,8833.0
2026-08-05 12:47:00,NWBI,,15.944999694824219,15.954999923706055,15.944999694824219,15.944999694824219,4270.0
2026-08-05 12:47:00,NWL,,6.263899803161621,6.264999866485596,6.260000228881836,6.261099815368652,9582.0
2026-08-05 12:47:00,NWS,,32.20500183105469,32.20500183105469,32.20000076293945,32.20000076293945,565.0
2026-08-05 12:47:00,NWSA,,28.19499969482422,28.200000762939453,28.190000534057617,28.190000534057617,5907.0
2026-08-05 12:47:00,NXPI,,232.4425048828125,232.4739990234375,232.23500061035156,232.23500061035156,4247.0
2026-08-05 12:47:00,NXT,,98.61000061035156,98.61000061035156,98.61000061035156,98.61000061035156,1363.0
2026-08-05 12:47:00,OBIO,,4.244999885559082,4.244999885559082,4.239999771118164,4.239999771118164,1075.0
2026-08-05 12:47:00,OCCI,,2.4800000190734863,2.4800000190734863,2.4800000190734863,2.4800000190734863,102.0
2026-08-05 12:47:00,OCFC,,19.774999618530273,19.780000686645508,19.774999618530273,19.774999618530273,4085.0
2026-08-05 12:47:00,OCGN,,1.2949999570846558,1.2985999584197998,1.2949999570846558,1.2949999570846558,2017.0
2026-08-05 12:47:00,OCSL,,12.175000190734863,12.175000190734863,12.175000190734863,12.175000190734863,1162.0
2026-08-05 12:47:00,OCUL,,8.555000305175781,8.5649995803833,8.555000305175781,8.555000305175781,12629.0
2026-08-05 12:47:00,ODD,,15.300000190734863,15.300000190734863,15.300000190734863,15.300000190734863,349.0
2026-08-05 12:47:00,ODFL,,214.8000030517578,214.82000732421875,214.71499633789062,214.71499633789062,1701.0
2026-08-05 12:47:00,OESX,,14.420000076293945,14.670000076293945,14.420000076293945,14.670000076293945,1004.0
2026-08-05 12:47:00,OFIX,,10.529999732971191,10.609000205993652,10.520000457763672,10.609000205993652,15007.0
2026-08-05 12:47:00,OGI,,0.949999988079071,0.949999988079071,0.9480999708175659,0.9480999708175659,3318.0
2026-08-05 12:47:00,OKTA,,148.07000732421875,148.07000732421875,147.9600067138672,147.9600067138672,1527.0
2026-08-05 12:47:00,OLLI,,78.29499816894531,78.29499816894531,78.2499008178711,78.2499008178711,2183.0
2026-08-05 12:47:00,OMCL,,37.279998779296875,37.279998779296875,37.279998779296875,37.279998779296875,289.0
2026-08-05 12:47:00,OMER,,12.843700408935547,12.854999542236328,12.843700408935547,12.854999542236328,352.0
2026-08-05 12:47:00,OMH,,0.11219999939203262,0.11299999803304672,0.11219999939203262,0.11299999803304672,323.0
2026-08-05 12:47:00,ON,,78.02999877929688,78.02999877929688,77.92050170898438,77.95189666748047,12479.0
2026-08-05 12:47:00,ONB,,27.03499984741211,27.040000915527344,27.032100677490234,27.03499984741211,7099.0
2026-08-05 12:47:00,ONDS,,8.914999961853027,8.930000305175781,8.90999984741211,8.930000305175781,153796.0
2026-08-05 12:47:00,ONFO,,0.07410000264644623,0.07440000027418137,0.07410000264644623,0.07410000264644623,6827.0
2026-08-05 12:47:00,ONMD,,0.6739000082015991,0.6739000082015991,0.6739000082015991,0.6739000082015991,4100.0
2026-08-05 12:47:00,OPCH,,23.3700008392334,23.3700008392334,23.360000610351562,23.360000610351562,1067.0
2026-08-05 12:47:00,OPEN,,3.819999933242798,3.8299999237060547,3.819999933242798,3.825000047683716,19322.0
2026-08-05 12:47:00,OPK,,1.3300000429153442,1.3300000429153442,1.3250000476837158,1.3250000476837158,985.0
2026-08-05 12:47:00,OPRA,,19.889999389648438,19.889999389648438,19.860000610351562,19.860000610351562,1991.0
2026-08-05 12:47:00,ORGO,,2.3450000286102295,2.3450000286102295,2.3450000286102295,2.3450000286102295,2299.0
2026-08-05 12:47:00,ORLY,,93.0199966430664,93.0250015258789,93.01000213623047,93.01000213623047,1711.0
2026-08-05 12:47:00,ORMP,,4.465000152587891,4.474999904632568,4.465000152587891,4.474999904632568,1256.0
2026-08-05 12:47:00,ORRF,,43.279998779296875,43.279998779296875,43.279998779296875,43.279998779296875,212.0
2026-08-05 12:47:00,OSBC,,25.774999618530273,25.774999618530273,25.770000457763672,25.770000457763672,911.0
2026-08-05 12:47:00,OSPN,,16.5049991607666,16.5049991607666,16.5049991607666,16.5049991607666,937.0
2026-08-05 12:47:00,OSS,,14.129899978637695,14.129899978637695,14.129899978637695,14.129899978637695,804.0
2026-08-05 12:47:00,OSUR,,4.125,4.125,4.125,4.125,2363.0
2026-08-05 12:47:00,OSW,,26.524999618530273,26.524999618530273,26.524999618530273,26.524999618530273,463.0
2026-08-05 12:47:00,OTEX,,25.795000076293945,25.80500030517578,25.790000915527344,25.799999237060547,23614.0
2026-08-05 12:47:00,OTLK,,1.0199999809265137,1.0199999809265137,1.0099999904632568,1.0199999809265137,1759.0
2026-08-05 12:47:00,OVID,,2.634999990463257,2.6549999713897705,2.634999990463257,2.6549999713897705,62176.0
2026-08-05 12:47:00,OXSQ,,1.5,1.5,1.5,1.5,1502.0
2026-08-05 12:47:00,PAA,,23.200000762939453,23.200000762939453,23.19499969482422,23.200000762939453,3627.0
2026-08-05 12:47:00,PAAS,,48.029998779296875,48.040000915527344,48.005001068115234,48.005001068115234,2946.0
2026-08-05 12:47:00,PACB,,1.399999976158142,1.399999976158142,1.3899999856948853,1.3899999856948853,4901.0
2026-08-05 12:47:00,PAGP,,25.1299991607666,25.1299991607666,25.1299991607666,25.1299991607666,800.0
2026-08-05 12:47:00,PALI,,2.128999948501587,2.128999948501587,2.1201000213623047,2.1201000213623047,2138.0
2026-08-05 12:47:00,PANW,,363.70001220703125,363.70001220703125,363.29998779296875,363.3900146484375,2651.0
2026-08-05 12:47:00,PATK,,88.1500015258789,88.1500015258789,88.08999633789062,88.12000274658203,2429.0
2026-08-05 12:47:00,PAYO,,7.125,7.125,7.119999885559082,7.125,988.0
2026-08-05 12:47:00,PAYX,,117.06999969482422,117.06999969482422,117.05999755859375,117.05999755859375,1397.0
2026-08-05 12:47:00,PCRX,,24.990100860595703,24.990100860595703,24.990100860595703,24.990100860595703,453.0
2026-08-05 12:47:00,PCTY,,144.38999938964844,144.38999938964844,144.0800018310547,144.14999389648438,2652.0
2026-08-05 12:47:00,PDD,,90.75,90.80999755859375,90.73999786376953,90.80999755859375,7603.0
2026-08-05 12:47:00,PDFS,,50.220001220703125,50.220001220703125,50.220001220703125,50.220001220703125,842.0
2026-08-05 12:47:00,PEGA,,31.700000762939453,31.700000762939453,31.690000534057617,31.690000534057617,2121.0
2026-08-05 12:47:00,PENN,,19.850000381469727,19.850000381469727,19.850000381469727,19.850000381469727,439.0
2026-08-05 12:47:00,PEP,,138.61000061035156,138.63499450683594,138.61000061035156,138.6300048828125,13479.0
2026-08-05 12:47:00,PFG,,113.91999816894531,113.91999816894531,113.91999816894531,113.91999816894531,770.0
2026-08-05 12:47:00,PGEN,,6.894999980926514,6.894999980926514,6.869999885559082,6.869999885559082,15359.0
2026-08-05 12:47:00,PGY,,21.7549991607666,21.760000228881836,21.75,21.760000228881836,4009.0
2026-08-05 12:47:00,PHAT,,8.470000267028809,8.470000267028809,8.470000267028809,8.470000267028809,422.0
2026-08-05 12:47:00,PHVS,,33.314998626708984,33.4900016784668,33.25,33.4900016784668,7651.0
2026-08-05 12:47:00,PLMR,,133.4600067138672,133.75,133.4600067138672,133.75,915.0
2026-08-05 12:47:00,PLPC,,462.6300048828125,463.54998779296875,462.6300048828125,463.54998779296875,722.0
2026-08-05 12:47:00,PLTK,,3.9549999237060547,3.9549999237060547,3.9511001110076904,3.9511001110076904,703.0
2026-08-05 12:47:00,PLUG,,2.0850000381469727,2.0899999141693115,2.0799999237060547,2.0850000381469727,10026.0
2026-08-05 12:47:00,PNFP,,107.7699966430664,107.7699966430664,107.7699966430664,107.7699966430664,372.0
2026-08-05 12:47:00,PNRG,,183.4320068359375,183.4320068359375,183.4320068359375,183.4320068359375,1227.0
2026-08-05 12:47:00,POET,,8.319999694824219,8.329999923706055,8.312299728393555,8.312299728393555,9165.0
2026-08-05 12:47:00,POWI,,62.099998474121094,62.099998474121094,62.099998474121094,62.099998474121094,110.0
2026-08-05 12:47:00,POWL,,212.1199951171875,212.38999938964844,212.08999633789062,212.38999938964844,790.0
2026-08-05 12:47:00,PPC,,26.290000915527344,26.290000915527344,26.270000457763672,26.274999618530273,2499.0
2026-08-05 12:47:00,PRAX,,313.04998779296875,313.04998779296875,312.82000732421875,312.82000732421875,373.0
2026-08-05 12:47:00,PRCH,,15.819999694824219,15.819999694824219,15.819999694824219,15.819999694824219,1029.0
2026-08-05 12:47:00,PRCT,,19.280000686645508,19.377500534057617,19.280000686645508,19.340099334716797,8612.0
2026-08-05 12:47:00,PRDO,,32.98500061035156,33.0,32.98500061035156,32.9900016784668,897.0
2026-08-05 12:47:00,PRIM,,84.9749984741211,85.05999755859375,84.91500091552734,84.98999786376953,1553.0
2026-08-05 12:47:00,PRLD,,4.561999797821045,4.561999797821045,4.561999797821045,4.561999797821045,519.0
2026-08-05 12:47:00,PROK,,1.6399999856948853,1.6399999856948853,1.6349999904632568,1.6349999904632568,1119.0
2026-08-05 12:47:00,PRQR,,1.9299999475479126,1.9699000120162964,1.9299999475479126,1.9699000120162964,78981.0
2026-08-05 12:47:00,PRTA,,8.52910041809082,8.52910041809082,8.52910041809082,8.52910041809082,1894.0
2026-08-05 12:47:00,PRVA,,24.3799991607666,24.3799991607666,24.3799991607666,24.3799991607666,503.0
2026-08-05 12:47:00,PRZO,,0.5403000116348267,0.5407999753952026,0.5403000116348267,0.5403000116348267,1798.0
2026-08-05 12:47:00,PSEC,,2.190000057220459,2.190000057220459,2.184999942779541,2.190000057220459,1283.0
2026-08-05 12:47:00,PSHG,,1.75,1.75,1.75,1.75,308.0
2026-08-05 12:47:00,PSMT,,192.94000244140625,192.94000244140625,192.94000244140625,192.94000244140625,1738.0
2026-08-05 12:47:00,PSNL,,13.529999732971191,13.529999732971191,13.529999732971191,13.529999732971191,1919.0
2026-08-05 12:47:00,PSNY,,13.912199974060059,13.912199974060059,13.912199974060059,13.912199974060059,993.0
2026-08-05 12:47:00,PTC,,139.4499969482422,139.4499969482422,139.4499969482422,139.4499969482422,602.0
2026-08-05 12:47:00,PTCT,,68.83999633789062,68.83999633789062,68.80000305175781,68.80000305175781,500.0
2026-08-05 12:47:00,PTEN,,9.760000228881836,9.760000228881836,9.755000114440918,9.756400108337402,11055.0
2026-08-05 12:47:00,PTLO,,4.644999980926514,4.644999980926514,4.644999980926514,4.644999980926514,1147.0
2026-08-05 12:47:00,PTON,,6.46999979019165,6.46999979019165,6.46999979019165,6.46999979019165,3542.0
2026-08-05 12:47:00,PYPL,,58.18000030517578,58.20500183105469,58.18000030517578,58.20500183105469,4408.0
2026-08-05 12:47:00,PYXS,,3.1723999977111816,3.1723999977111816,3.1723999977111816,3.1723999977111816,575.0
2026-08-05 12:47:00,QCOM,,158.53500366210938,158.58999633789062,158.41000366210938,158.55999755859375,26859.0
2026-08-05 12:47:00,QFIN,,13.194999694824219,13.199999809265137,13.194999694824219,13.194999694824219,1811.0
2026-08-05 12:47:00,QRVO,,94.68000030517578,94.69999694824219,94.6449966430664,94.69999694824219,1515.0
2026-08-05 12:47:00,SEED,,1.0099999904632568,1.0199999809265137,1.0099999904632568,1.0199999809265137,1733.0
2026-08-05 12:47:00,SQFT,,2.299999952316284,2.309999942779541,2.299999952316284,2.309999942779541,0.0
2026-08-05 12:47:00,STIM,,2.2750000953674316,2.2750000953674316,2.2750000953674316,2.2750000953674316,4103.0
2026-08-05 12:47:00,TARA,,4.054999828338623,4.059999942779541,4.054999828338623,4.059999942779541,304.0
2026-08-05 12:47:00,WOOF,,2.9388999938964844,2.9388999938964844,2.9388999938964844,2.9388999938964844,286.0
2026-08-05 12:48:00,ACDC,,4.434999942779541,4.434999942779541,4.434999942779541,4.434999942779541,234.0
2026-08-05 12:48:00,DTIL,,7.565000057220459,7.579999923706055,7.565000057220459,7.579999923706055,1613.0
2026-08-05 12:48:00,EYE,,23.1299991607666,23.1299991607666,23.125,23.125,805.0
2026-08-05 12:48:00,FIZZ,,31.920000076293945,31.920000076293945,31.920000076293945,31.920000076293945,640.0
2026-08-05 12:48:00,GLUE,,15.635000228881836,15.649999618530273,15.609999656677246,15.609999656677246,18692.0
2026-08-05 12:48:00,MDB,,376.4100036621094,376.5,376.1600036621094,376.1650085449219,1732.0
2026-08-05 12:48:00,MDLZ,,62.19499969482422,62.220001220703125,62.19499969482422,62.209999084472656,7932.0
2026-08-05 12:48:00,MLTX,,17.68000030517578,17.68000030517578,17.65999984741211,17.65999984741211,1356.0
2026-08-05 12:48:00,MNST,,94.44499969482422,94.45999908447266,94.44499969482422,94.45999908447266,6252.0
2026-08-05 12:48:00,MNTS,,4.300000190734863,4.300000190734863,4.300000190734863,4.300000190734863,1176.0
2026-08-05 12:48:00,MNTSW,,0.002400000113993883,0.002400000113993883,0.002400000113993883,0.002400000113993883,2000.0
2026-08-05 12:48:00,MODD,,2.125,2.125,2.125,2.125,150.0
2026-08-05 12:48:00,MPWR,,1345.3299560546875,1345.3499755859375,1343.6949462890625,1345.300048828125,630.0
2026-08-05 12:48:00,MRNA,,56.78499984741211,56.81999969482422,56.70000076293945,56.70000076293945,4707.0
2026-08-05 12:48:00,MYGN,,3.115000009536743,3.115000009536743,3.115000009536743,3.115000009536743,3944.0
2026-08-05 12:48:00,NAMS,,27.43000030517578,27.459999084472656,27.229999542236328,27.329999923706055,4479.0
2026-08-05 12:48:00,NAUT,,0.9469000101089478,0.9488000273704529,0.9469000101089478,0.9488000273704529,516.0
2026-08-05 12:48:00,NB,,5.074999809265137,5.074999809265137,5.069900035858154,5.069900035858154,2505.0
2026-08-05 12:48:00,NBIX,,162.78500366210938,162.83999633789062,162.6750030517578,162.69000244140625,4636.0
2026-08-05 12:48:00,NDAQ,,94.91000366210938,94.91000366210938,94.86499786376953,94.86499786376953,1709.0
2026-08-05 12:48:00,NDSN,,310.8800048828125,310.8800048828125,310.8800048828125,310.8800048828125,356.0
2026-08-05 12:48:00,NEOG,,11.675000190734863,11.675000190734863,11.675000190734863,11.675000190734863,792.0
2026-08-05 12:48:00,NESR,,28.719999313354492,28.719999313354492,28.719999313354492,28.719999313354492,662.0
2026-08-05 12:48:00,NEXT,,6.414999961853027,6.414999961853027,6.414999961853027,6.414999961853027,6054.0
2026-08-05 12:48:00,NFE,,0.3361000120639801,0.3361000120639801,0.3361000120639801,0.3361000120639801,204.0
2026-08-05 12:48:00,NFLX,,73.25499725341797,73.27999877929688,73.25029754638672,73.25499725341797,27424.0
2026-08-05 12:48:00,NGNE,,35.400001525878906,35.400001525878906,35.400001525878906,35.400001525878906,0.0
2026-08-05 12:48:00,NICE,,97.70999908447266,97.73999786376953,97.70999908447266,97.73999786376953,928.0
2026-08-05 12:48:00,NIU,,2.440000057220459,2.440000057220459,2.440000057220459,2.440000057220459,200.0
2026-08-05 12:48:00,NKTR,,73.19499969482422,73.19499969482422,73.19499969482422,73.19499969482422,139.0
2026-08-05 12:48:00,NMIH,,44.334999084472656,44.334999084472656,44.334999084472656,44.334999084472656,851.0
2026-08-05 12:48:00,NN,,14.170000076293945,14.170000076293945,14.149999618530273,14.149999618530273,1381.0
2026-08-05 12:48:00,NNBR,,3.890000104904175,3.890000104904175,3.890000104904175,3.890000104904175,1236.0
2026-08-05 12:48:00,NNDM,,1.5449999570846558,1.5449999570846558,1.5399999618530273,1.5449999570846558,905.0
2026-08-05 12:48:00,NNOX,,1.0299999713897705,1.0299999713897705,1.0099999904632568,1.0199999809265137,31435.0
2026-08-05 12:48:00,NOVT,,156.61000061035156,156.61000061035156,156.61000061035156,156.61000061035156,737.0
2026-08-05 12:48:00,NRDS,,9.135000228881836,9.135000228881836,9.135000228881836,9.135000228881836,164.0
2026-08-05 12:48:00,NRIX,,24.84000015258789,24.850000381469727,24.84000015258789,24.84000015258789,2113.0
2026-08-05 12:48:00,NRXP,,3.0250000953674316,3.0250000953674316,3.0250000953674316,3.0250000953674316,383.0
2026-08-05 12:48:00,NSSC,,40.22999954223633,40.22999954223633,40.22999954223633,40.22999954223633,892.0
2026-08-05 12:48:00,NTAP,,189.74000549316406,189.8699951171875,189.72999572753906,189.77000427246094,6295.0
2026-08-05 12:48:00,NTCT,,41.72999954223633,41.72999954223633,41.720001220703125,41.720001220703125,559.0
2026-08-05 12:48:00,NTES,,127.625,127.625,127.625,127.625,764.0
2026-08-05 12:48:00,NTNX,,60.7599983215332,60.775001525878906,60.7599983215332,60.775001525878906,1754.0
2026-08-05 12:48:00,NTRA,,275.3800048828125,275.3800048828125,275.0899963378906,275.0899963378906,1321.0
2026-08-05 12:48:00,NUWE,,1.6805000305175781,1.6805000305175781,1.6805000305175781,1.6805000305175781,237.0
2026-08-05 12:48:00,NVAX,,7.625,7.625,7.619999885559082,7.619999885559082,4850.0
2026-08-05 12:48:00,NVCR,,16.079999923706055,16.079999923706055,16.079999923706055,16.079999923706055,1143.0
2026-08-05 12:48:00,NVDA,,221.41000366210938,221.5,221.32220458984375,221.4499969482422,197067.0
2026-08-05 12:48:00,NVTS,,12.51259994506836,12.515000343322754,12.494999885559082,12.514200210571289,13080.0
2026-08-05 12:48:00,NWBI,,15.944999694824219,15.944999694824219,15.944999694824219,15.944999694824219,800.0
2026-08-05 12:48:00,NWL,,6.264999866485596,6.264999866485596,6.260000228881836,6.264999866485596,4549.0
2026-08-05 12:48:00,NWS,,32.209999084472656,32.209999084472656,32.20500183105469,32.209999084472656,762.0
2026-08-05 12:48:00,NXPI,,232.3300018310547,232.6300048828125,232.3300018310547,232.6300048828125,5363.0
2026-08-05 12:48:00,NXT,,98.72000122070312,98.72000122070312,98.5999984741211,98.5999984741211,882.0
2026-08-05 12:48:00,OBIO,,4.25,4.25,4.25,4.25,223.0
2026-08-05 12:48:00,OCCI,,2.4800000190734863,2.4800000190734863,2.4800000190734863,2.4800000190734863,178.0
2026-08-05 12:48:00,OCFC,,19.774999618530273,19.774999618530273,19.774999618530273,19.774999618530273,453.0
2026-08-05 12:48:00,OCGN,,1.298699975013733,1.2999999523162842,1.2918000221252441,1.2949999570846558,4893.0
2026-08-05 12:48:00,OCS,,12.050000190734863,12.050000190734863,12.050000190734863,12.050000190734863,1333.0
2026-08-05 12:48:00,OCSL,,12.180000305175781,12.180000305175781,12.175000190734863,12.175000190734863,580.0
2026-08-05 12:48:00,OCUL,,8.555000305175781,8.555000305175781,8.539999961853027,8.550000190734863,4547.0
2026-08-05 12:48:00,ODFL,,214.77000427246094,214.77000427246094,214.72000122070312,214.72000122070312,2631.0
2026-08-05 12:48:00,OESX,,14.656499862670898,14.656499862670898,14.656499862670898,14.656499862670898,2459.0
2026-08-05 12:48:00,OFIX,,10.550000190734863,10.550000190734863,10.529999732971191,10.529999732971191,2211.0
2026-08-05 12:48:00,OKTA,,148.0800018310547,148.0800018310547,148.07000732421875,148.07000732421875,978.0
2026-08-05 12:48:00,OLLI,,78.23500061035156,78.2699966430664,78.23500061035156,78.2699966430664,1551.0
2026-08-05 12:48:00,OLMA,,11.569999694824219,11.579999923706055,11.569999694824219,11.579999923706055,816.0
2026-08-05 12:48:00,OM,,5.019999980926514,5.019999980926514,5.019999980926514,5.019999980926514,578.0
2026-08-05 12:48:00,OMER,,12.880000114440918,12.880000114440918,12.854999542236328,12.854999542236328,1389.0
2026-08-05 12:48:00,OMH,,0.11330000311136246,0.11330000311136246,0.11219999939203262,0.11230000108480453,9463.0
2026-08-05 12:48:00,ON,,78.01000213623047,78.06999969482422,77.98500061035156,78.02999877929688,13793.0
2026-08-05 12:48:00,ONB,,27.03499984741211,27.03499984741211,27.034000396728516,27.03499984741211,5103.0
2026-08-05 12:48:00,ONBPO,,24.81999969482422,24.81999969482422,24.81999969482422,24.81999969482422,0.0
2026-08-05 12:48:00,ONCY,,0.7975999712944031,0.7979999780654907,0.7950000166893005,0.7950000166893005,10478.0
2026-08-05 12:48:00,ONDS,,8.944999694824219,8.946999549865723,8.90999984741211,8.914999961853027,239011.0
2026-08-05 12:48:00,OPCH,,23.364999771118164,23.3700008392334,23.364999771118164,23.3700008392334,1016.0
2026-08-05 12:48:00,OPEN,,3.825000047683716,3.8299999237060547,3.819999933242798,3.819999933242798,40320.0
2026-08-05 12:48:00,OPK,,1.3250000476837158,1.3250000476837158,1.320099949836731,1.320099949836731,909.0
2026-08-05 12:48:00,OPRT,,6.139999866485596,6.139999866485596,6.139999866485596,6.139999866485596,282.0
2026-08-05 12:48:00,OPRX,,6.949999809265137,6.949999809265137,6.949999809265137,6.949999809265137,1671.0
2026-08-05 12:48:00,ORIC,,13.170000076293945,13.170000076293945,13.170000076293945,13.170000076293945,1270.0
2026-08-05 12:48:00,ORLY,,93.0,93.02999877929688,92.99500274658203,93.0,5372.0
2026-08-05 12:48:00,ORMP,,4.465000152587891,4.465000152587891,4.465000152587891,4.465000152587891,428.0
2026-08-05 12:48:00,OSBC,,25.7549991607666,25.770000457763672,25.7549991607666,25.770000457763672,1787.0
2026-08-05 12:48:00,OSS,,14.109999656677246,14.109999656677246,14.075900077819824,14.075900077819824,5484.0
2026-08-05 12:48:00,OSUR,,4.125,4.125,4.125,4.125,697.0
2026-08-05 12:48:00,OSW,,26.524999618530273,26.524999618530273,26.524999618530273,26.524999618530273,310.0
2026-08-05 12:48:00,OTEX,,25.799999237060547,25.799999237060547,25.790000915527344,25.799999237060547,9584.0
2026-08-05 12:48:00,OTLK,,1.0099999904632568,1.0199999809265137,1.0099999904632568,1.0199999809265137,922.0
2026-08-05 12:48:00,OTTR,,91.3427963256836,91.3427963256836,91.3427963256836,91.3427963256836,252.0
2026-08-05 12:48:00,OXSQ,,1.5,1.5,1.5,1.5,409.0
2026-08-05 12:48:00,PAA,,23.19499969482422,23.204999923706055,23.19499969482422,23.200000762939453,3991.0
2026-08-05 12:48:00,PAAS,,48.060001373291016,48.060001373291016,48.029998779296875,48.04499816894531,4704.0
2026-08-05 12:48:00,PACB,,1.3949999809265137,1.3949999809265137,1.3899999856948853,1.3899999856948853,9489.0
2026-08-05 12:48:00,PAGP,,25.1299991607666,25.1299991607666,25.1299991607666,25.1299991607666,873.0
2026-08-05 12:48:00,PAHC,,35.79499816894531,35.79499816894531,35.79499816894531,35.79499816894531,483.0
2026-08-05 12:48:00,PALI,,2.130000114440918,2.130000114440918,2.130000114440918,2.130000114440918,2493.0
2026-08-05 12:48:00,PANW,,363.7449951171875,364.114990234375,363.6099853515625,363.70001220703125,54814.0
2026-08-05 12:48:00,PAX,,11.40999984741211,11.40999984741211,11.404999732971191,11.404999732971191,2795.0
2026-08-05 12:48:00,PAYO,,7.125,7.125,7.119999885559082,7.119999885559082,521.0
2026-08-05 12:48:00,PAYX,,117.08999633789062,117.08999633789062,117.04000091552734,117.04000091552734,1452.0
2026-08-05 12:48:00,PBYI,,7.974999904632568,7.974999904632568,7.960000038146973,7.960000038146973,3677.0
2026-08-05 12:48:00,PCAR,,133.97000122070312,134.05999755859375,133.97000122070312,134.05999755859375,1391.0
2026-08-05 12:48:00,PCRX,,24.899999618530273,25.040000915527344,24.875,25.030000686645508,22873.0
2026-08-05 12:48:00,PCT,,6.900000095367432,6.900000095367432,6.889999866485596,6.900000095367432,7062.0
2026-08-05 12:48:00,PDD,,90.75,90.75,90.73999786376953,90.73999786376953,3797.0
2026-08-05 12:48:00,PEBO,,41.720001220703125,41.72999954223633,41.720001220703125,41.720001220703125,1287.0
2026-08-05 12:48:00,PECO,,41.310001373291016,41.310001373291016,41.310001373291016,41.310001373291016,900.0
2026-08-05 12:48:00,PENN,,19.84000015258789,19.84000015258789,19.84000015258789,19.84000015258789,1393.0
2026-08-05 12:48:00,PEP,,138.60000610351562,138.61500549316406,138.59500122070312,138.60000610351562,2712.0
2026-08-05 12:48:00,PEPG,,1.9450000524520874,1.9450000524520874,1.9450000524520874,1.9450000524520874,933.0
2026-08-05 12:48:00,PESI,,17.670000076293945,17.670000076293945,17.670000076293945,17.670000076293945,448.0
2026-08-05 12:48:00,PFG,,113.91000366210938,113.91000366210938,113.91000366210938,113.91000366210938,460.0
2026-08-05 12:48:00,PGEN,,6.894999980926514,6.900000095367432,6.885000228881836,6.8902997970581055,21027.0
2026-08-05 12:48:00,PGY,,21.770000457763672,21.770000457763672,21.760000228881836,21.760000228881836,1664.0
2026-08-05 12:48:00,PHAT,,8.470000267028809,8.470000267028809,8.470000267028809,8.470000267028809,1937.0
2026-08-05 12:48:00,PHVS,,33.310001373291016,33.310001373291016,33.310001373291016,33.310001373291016,435.0
2026-08-05 12:48:00,PLAB,,32.20000076293945,32.20000076293945,32.17499923706055,32.17499923706055,309.0
2026-08-05 12:48:00,PLMR,,133.57000732421875,133.86000061035156,133.27000427246094,133.27000427246094,3074.0
2026-08-05 12:48:00,PLUG,,2.0850000381469727,2.0899999141693115,2.0799999237060547,2.0899999141693115,9919.0
2026-08-05 12:48:00,PLXS,,275.1199951171875,275.1199951171875,275.1199951171875,275.1199951171875,762.0
2026-08-05 12:48:00,PNFP,,107.76499938964844,107.76499938964844,107.76499938964844,107.76499938964844,394.0
2026-08-05 12:48:00,PNTG,,39.16999816894531,39.16999816894531,39.16999816894531,39.16999816894531,711.0
2026-08-05 12:48:00,POET,,8.335000038146973,8.335000038146973,8.324999809265137,8.324999809265137,1906.0
2026-08-05 12:48:00,POWI,,62.2599983215332,62.2599983215332,62.189998626708984,62.189998626708984,2842.0
2026-08-05 12:48:00,POWL,,212.4199981689453,212.4199981689453,212.4199981689453,212.4199981689453,449.0
2026-08-05 12:48:00,PPIH,,25.8799991607666,25.8799991607666,25.8799991607666,25.8799991607666,334.0
2026-08-05 12:48:00,PPTA,,22.30500030517578,22.30500030517578,22.30500030517578,22.30500030517578,1797.0
2026-08-05 12:48:00,PRCH,,15.850000381469727,15.850000381469727,15.829999923706055,15.829999923706055,1066.0
2026-08-05 12:48:00,PRCT,,19.280000686645508,19.309999465942383,19.270000457763672,19.309999465942383,3929.0
2026-08-05 12:48:00,PRDO,,32.974998474121094,33.0099983215332,32.974998474121094,33.0099983215332,1983.0
2026-08-05 12:48:00,PRIM,,84.9800033569336,85.05999755859375,84.83999633789062,84.83999633789062,2194.0
2026-08-05 12:48:00,PRME,,3.085400104522705,3.0950000286102295,3.085400104522705,3.0899999141693115,20748.0
2026-08-05 12:48:00,PRQR,,1.9199999570846558,1.9199999570846558,1.9199999570846558,1.9199999570846558,1590.0
2026-08-05 12:48:00,PRSO,,0.6898999810218811,0.6898999810218811,0.6898999810218811,0.6898999810218811,4000.0
2026-08-05 12:48:00,PRTH,,6.585000038146973,6.585000038146973,6.585000038146973,6.585000038146973,270.0
2026-08-05 12:48:00,PRVA,,24.3799991607666,24.3799991607666,24.3799991607666,24.3799991607666,504.0
2026-08-05 12:48:00,PSEC,,2.1812000274658203,2.184999942779541,2.1812000274658203,2.184999942779541,1307.0
2026-08-05 12:48:00,PSNL,,13.520000457763672,13.520000457763672,13.520000457763672,13.520000457763672,3184.0
2026-08-05 12:48:00,PSNY,,13.90999984741211,13.90999984741211,13.90999984741211,13.90999984741211,110.0
2026-08-05 12:48:00,PTC,,139.74000549316406,139.74000549316406,139.58999633789062,139.58999633789062,2218.0
2026-08-05 12:48:00,PTCT,,68.80000305175781,68.80000305175781,68.80000305175781,68.80000305175781,721.0
2026-08-05 12:48:00,PTEN,,9.755000114440918,9.760000228881836,9.75100040435791,9.755000114440918,10119.0
2026-08-05 12:48:00,PTLO,,4.644999980926514,4.644999980926514,4.644999980926514,4.644999980926514,831.0
2026-08-05 12:48:00,PTON,,6.489999771118164,6.494999885559082,6.46999979019165,6.489999771118164,39484.0
2026-08-05 12:48:00,PUBM,,13.4399995803833,13.4399995803833,13.4399995803833,13.4399995803833,571.0
2026-08-05 12:48:00,PYPL,,58.14500045776367,58.16999816894531,58.140098571777344,58.16999816894531,11102.0
2026-08-05 12:48:00,PZZA,,30.389999389648438,30.389999389648438,30.389999389648438,30.389999389648438,1391.0
2026-08-05 12:48:00,QCOM,,158.5500030517578,158.60000610351562,158.46499633789062,158.60000610351562,7235.0
2026-08-05 12:48:00,QFIN,,13.204999923706055,13.204999923706055,13.199999809265137,13.199999809265137,1283.0
2026-08-05 12:48:00,QRVO,,94.66000366210938,94.70999908447266,94.66000366210938,94.70999908447266,874.0
2026-08-05 12:48:00,SEED,,1.0199999809265137,1.0299999713897705,1.0199999809265137,1.0299999713897705,1660.0
2026-08-05 12:48:00,STIM,,2.2750000953674316,2.2750000953674316,2.2750000953674316,2.2750000953674316,141.0
2026-08-05 12:48:00,TARA,,4.059999942779541,4.059999942779541,4.054999828338623,4.054999828338623,220.0
2026-08-05 12:48:00,WOOF,,2.934999942779541,2.934999942779541,2.934999942779541,2.934999942779541,774.0
2026-08-05 12:49:00,ACDC,,4.445000171661377,4.454999923706055,4.434999942779541,4.434999942779541,7487.0
2026-08-05 12:49:00,EYE,,23.149999618530273,23.149999618530273,23.1299991607666,23.1299991607666,2271.0
2026-08-05 12:49:00,GLUE,,15.619999885559082,15.649999618530273,15.619999885559082,15.630000114440918,6653.0
2026-08-05 12:49:00,KIDS,,21.56999969482422,21.56999969482422,21.56999969482422,21.56999969482422,112.0
2026-08-05 12:49:00,KITT,,1.0199999809265137,1.0199999809265137,1.0199999809265137,1.0199999809265137,2200.0
2026-08-05 12:49:00,MDLZ,,62.220001220703125,62.220001220703125,62.185001373291016,62.185001373291016,4446.0
2026-08-05 12:49:00,MNRO,,13.210000038146973,13.210000038146973,13.199999809265137,13.199999809265137,1710.0
2026-08-05 12:49:00,MNST,,94.44999694824219,94.44999694824219,94.41500091552734,94.44000244140625,1946.0
2026-08-05 12:49:00,MNTSW,,0.0024999999441206455,0.0024999999441206455,0.0024999999441206455,0.0024999999441206455,270.0
2026-08-05 12:49:00,MPWR,,1343.4000244140625,1346.3199462890625,1343.4000244140625,1345.3299560546875,942.0
2026-08-05 12:49:00,MRNA,,56.810001373291016,56.810001373291016,56.779998779296875,56.790000915527344,2786.0
2026-08-05 12:49:00,MYGN,,3.115000009536743,3.115000009536743,3.115000009536743,3.115000009536743,1178.0
2026-08-05 12:49:00,NAMS,,27.40999984741211,27.450000762939453,27.40999984741211,27.440000534057617,1732.0
2026-08-05 12:49:00,NAVI,,9.104999542236328,9.104999542236328,9.104999542236328,9.104999542236328,276.0
2026-08-05 12:49:00,NB,,5.070000171661377,5.070000171661377,5.070000171661377,5.070000171661377,1380.0
2026-08-05 12:49:00,NDAQ,,94.93000030517578,94.93000030517578,94.91500091552734,94.91500091552734,2597.0
2026-08-05 12:49:00,NEO,,15.989999771118164,15.996299743652344,15.989999771118164,15.989999771118164,3778.0
2026-08-05 12:49:00,NEOV,,2.809999942779541,2.809999942779541,2.809999942779541,2.809999942779541,1002.0
2026-08-05 12:49:00,NESR,,28.719999313354492,28.739999771118164,28.700000762939453,28.739999771118164,1715.0
2026-08-05 12:49:00,NEXT,,6.409999847412109,6.409999847412109,6.40500020980835,6.409999847412109,3590.0
2026-08-05 12:49:00,NFE,,0.335999995470047,0.3361000120639801,0.335999995470047,0.3361000120639801,1133.0
2026-08-05 12:49:00,NFLX,,73.2699966430664,73.27999877929688,73.25,73.25499725341797,31964.0
2026-08-05 12:49:00,NICE,,97.69000244140625,97.73999786376953,97.69000244140625,97.73999786376953,426.0
2026-08-05 12:49:00,NKTX,,2.2149999141693115,2.2149999141693115,2.2100000381469727,2.2100000381469727,573.0
2026-08-05 12:49:00,NMFC,,7.329899787902832,7.329999923706055,7.329899787902832,7.329999923706055,448.0
2026-08-05 12:49:00,NMIH,,44.314998626708984,44.31999969482422,44.314998626708984,44.31999969482422,401.0
2026-08-05 12:49:00,NN,,14.149999618530273,14.15999984741211,14.149999618530273,14.15999984741211,2731.0
2026-08-05 12:49:00,NNBR,,3.9079999923706055,3.9100000858306885,3.8949999809265137,3.8949999809265137,13450.0
2026-08-05 12:49:00,NNDM,,1.5449999570846558,1.5449999570846558,1.5399999618530273,1.5399999618530273,1158.0
2026-08-05 12:49:00,NOVT,,156.39999389648438,156.69500732421875,156.39999389648438,156.69500732421875,2790.0
2026-08-05 12:49:00,NTAP,,189.67999267578125,189.7550048828125,189.67999267578125,189.7550048828125,756.0
2026-08-05 12:49:00,NTCT,,41.720001220703125,41.720001220703125,41.720001220703125,41.720001220703125,547.0
2026-08-05 12:49:00,NTNX,,60.709999084472656,60.7599983215332,60.68000030517578,60.7599983215332,14767.0
2026-08-05 12:49:00,NTRS,,183.7050018310547,183.7050018310547,183.7050018310547,183.7050018310547,260.0
2026-08-05 12:49:00,NUWE,,1.690000057220459,1.7000000476837158,1.690000057220459,1.690000057220459,3646.0
2026-08-05 12:49:00,NVAX,,7.614999771118164,7.619999885559082,7.614999771118164,7.619999885559082,10735.0
2026-08-05 12:49:00,NVCR,,16.06999969482422,16.079999923706055,16.06999969482422,16.079999923706055,543.0
2026-08-05 12:49:00,NVDA,,221.36000061035156,221.5,221.3300018310547,221.42999267578125,150470.0
2026-08-05 12:49:00,NVMI,,411.05999755859375,411.05999755859375,411.04998779296875,411.04998779296875,576.0
2026-08-05 12:49:00,NVTS,,12.49779987335205,12.515000343322754,12.494999885559082,12.515000343322754,7163.0
2026-08-05 12:49:00,NWBI,,15.944999694824219,15.949999809265137,15.944999694824219,15.949999809265137,810.0
2026-08-05 12:49:00,NWE,,68.65499877929688,68.65499877929688,68.6500015258789,68.6500015258789,1884.0
2026-08-05 12:49:00,NWGL,,0.27250000834465027,0.27250000834465027,0.27250000834465027,0.27250000834465027,4843.0
2026-08-05 12:49:00,NWL,,6.2600998878479,6.264999866485596,6.260000228881836,6.260000228881836,8755.0
2026-08-05 12:49:00,NWS,,32.189998626708984,32.189998626708984,32.189998626708984,32.189998626708984,1534.0
2026-08-05 12:49:00,NWSA,,28.190000534057617,28.190000534057617,28.184999465942383,28.190000534057617,2181.0
2026-08-05 12:49:00,NXPI,,232.60000610351562,232.72999572753906,232.60000610351562,232.63999938964844,3252.0
2026-08-05 12:49:00,NXST,,192.27999877929688,192.27999877929688,192.27999877929688,192.27999877929688,248.0
2026-08-05 12:49:00,NXT,,98.58000183105469,98.66000366210938,98.55999755859375,98.66000366210938,4895.0
2026-08-05 12:49:00,OBIO,,4.239999771118164,4.25,4.239999771118164,4.239999771118164,640.0
2026-08-05 12:49:00,OCGN,,1.2999999523162842,1.2999999523162842,1.2899999618530273,1.2949999570846558,6259.0
2026-08-05 12:49:00,OCUL,,8.5600004196167,8.5600004196167,8.550299644470215,8.5600004196167,11308.0
2026-08-05 12:49:00,ODFL,,214.8300018310547,214.8300018310547,214.7449951171875,214.7449951171875,1954.0
2026-08-05 12:49:00,OESX,,14.399999618530273,14.4399995803833,14.350000381469727,14.430000305175781,3780.0
2026-08-05 12:49:00,OKTA,,147.99000549316406,148.05999755859375,147.97500610351562,148.02999877929688,1794.0
2026-08-05 12:49:00,OLLI,,78.2249984741211,78.23999786376953,78.20999908447266,78.22000122070312,2050.0
2026-08-05 12:49:00,OLMA,,11.579999923706055,11.579999923706055,11.579999923706055,11.579999923706055,364.0
2026-08-05 12:49:00,OMCL,,37.290000915527344,37.29999923706055,37.255001068115234,37.255001068115234,3520.0
2026-08-05 12:49:00,OMER,,12.864999771118164,12.869999885559082,12.859999656677246,12.859999656677246,2449.0
2026-08-05 12:49:00,ON,,78.03500366210938,78.1500015258789,78.02999877929688,78.02999877929688,25362.0
2026-08-05 12:49:00,ONB,,27.030099868774414,27.03499984741211,27.030000686645508,27.03499984741211,5520.0
2026-08-05 12:49:00,ONDS,,8.9350004196167,8.944999694824219,8.930000305175781,8.944999694824219,119934.0
2026-08-05 12:49:00,ONFO,,0.07440000027418137,0.07440000027418137,0.07440000027418137,0.07440000027418137,863.0
2026-08-05 12:49:00,OPCH,,23.360000610351562,23.3700008392334,23.360000610351562,23.360000610351562,2197.0
2026-08-05 12:49:00,OPEN,,3.8201000690460205,3.8299999237060547,3.819999933242798,3.819999933242798,25508.0
2026-08-05 12:49:00,OPK,,1.3250000476837158,1.3250000476837158,1.3250000476837158,1.3250000476837158,424.0
2026-08-05 12:49:00,OPRA,,19.899999618530273,19.90999984741211,19.899999618530273,19.899999618530273,1139.0
2026-08-05 12:49:00,OPRT,,6.130000114440918,6.139999866485596,6.119999885559082,6.139999866485596,14071.0
2026-08-05 12:49:00,ORGO,,2.3450000286102295,2.3450000286102295,2.3450000286102295,2.3450000286102295,219.0
2026-08-05 12:49:00,ORIC,,13.170000076293945,13.170000076293945,13.170000076293945,13.170000076293945,1539.0
2026-08-05 12:49:00,ORLY,,93.04499816894531,93.04499816894531,93.00659942626953,93.00659942626953,3091.0
2026-08-05 12:49:00,ORMP,,4.449999809265137,4.465000152587891,4.449999809265137,4.465000152587891,6099.0
2026-08-05 12:49:00,OSS,,14.09000015258789,14.119999885559082,14.079999923706055,14.109999656677246,20538.0
2026-08-05 12:49:00,OSUR,,4.130000114440918,4.130000114440918,4.130000114440918,4.130000114440918,1242.0
2026-08-05 12:49:00,OTEX,,25.799999237060547,25.799999237060547,25.790000915527344,25.795000076293945,5315.0
2026-08-05 12:49:00,OTLK,,1.0199999809265137,1.0199999809265137,1.0099999904632568,1.0099999904632568,1628.0
2026-08-05 12:49:00,OTLY,,14.363699913024902,14.363699913024902,14.363699913024902,14.363699913024902,407.0
2026-08-05 12:49:00,OTTR,,91.48999786376953,91.48999786376953,91.48999786376953,91.48999786376953,1311.0
2026-08-05 12:49:00,OXLC,,9.145000457763672,9.145000457763672,9.140000343322754,9.145000457763672,1230.0
2026-08-05 12:49:00,OXSQ,,1.5,1.5,1.4997999668121338,1.4997999668121338,440.0
2026-08-05 12:49:00,PAA,,23.209999084472656,23.229999542236328,23.200000762939453,23.209999084472656,15795.0
2026-08-05 12:49:00,PAAS,,48.03049850463867,48.06999969482422,48.020198822021484,48.060001373291016,4882.0
2026-08-05 12:49:00,PACB,,1.3949999809265137,1.3949999809265137,1.3899999856948853,1.3949999809265137,1992.0
2026-08-05 12:49:00,PAGP,,25.1299991607666,25.15999984741211,25.125,25.125,19505.0
2026-08-05 12:49:00,PALI,,2.130000114440918,2.130000114440918,2.130000114440918,2.130000114440918,656.0
2026-08-05 12:49:00,PANW,,363.6000061035156,363.8949890136719,363.510009765625,363.875,6734.0
2026-08-05 12:49:00,PATK,,88.16500091552734,88.16500091552734,88.16500091552734,88.16500091552734,874.0
2026-08-05 12:49:00,PAYO,,7.125,7.125,7.125,7.125,1582.0
2026-08-05 12:49:00,PAYX,,117.08499908447266,117.08499908447266,117.0199966430664,117.04499816894531,3824.0
2026-08-05 12:49:00,PBYI,,7.949999809265137,7.960000038146973,7.949999809265137,7.960000038146973,758.0
2026-08-05 12:49:00,PCAR,,134.0,134.03500366210938,134.0,134.0,921.0
2026-08-05 12:49:00,PCRX,,24.739999771118164,24.854999542236328,24.739999771118164,24.850000381469727,4733.0
2026-08-05 12:49:00,PCSA,,2.1401000022888184,2.1401000022888184,2.1401000022888184,2.1401000022888184,616.0
2026-08-05 12:49:00,PCT,,6.894999980926514,6.894999980926514,6.894999980926514,6.894999980926514,1438.0
2026-08-05 12:49:00,PDD,,90.77999877929688,90.77999877929688,90.75,90.75,4561.0
2026-08-05 12:49:00,PECO,,41.31999969482422,41.31999969482422,41.31999969482422,41.31999969482422,397.0
2026-08-05 12:49:00,PEGA,,31.690000534057617,31.690000534057617,31.690000534057617,31.690000534057617,2154.0
2026-08-05 12:49:00,PENN,,19.8700008392334,19.8700008392334,19.844999313354492,19.844999313354492,7639.0
2026-08-05 12:49:00,PEP,,138.61500549316406,138.61500549316406,138.5399932861328,138.5399932861328,7756.0
2026-08-05 12:49:00,PEPG,,1.9450000524520874,1.9450000524520874,1.940000057220459,1.9450000524520874,503.0
2026-08-05 12:49:00,PERI,,9.550000190734863,9.550000190734863,9.550000190734863,9.550000190734863,340.0
2026-08-05 12:49:00,PESI,,17.665000915527344,17.665000915527344,17.665000915527344,17.665000915527344,112.0
2026-08-05 12:49:00,PFG,,113.9800033569336,113.9800033569336,113.91000366210938,113.91000366210938,2378.0
2026-08-05 12:49:00,PGEN,,6.894999980926514,6.900000095367432,6.885000228881836,6.889999866485596,9406.0
2026-08-05 12:49:00,PGY,,21.764999389648438,21.774999618530273,21.764999389648438,21.774999618530273,3907.0
2026-08-05 12:49:00,PLAB,,32.150001525878906,32.20000076293945,32.150001525878906,32.20000076293945,1538.0
2026-08-05 12:49:00,PLUG,,2.0850000381469727,2.0899999141693115,2.0799999237060547,2.0799999237060547,13546.0
2026-08-05 12:49:00,PNFP,,107.73999786376953,107.80000305175781,107.73999786376953,107.7699966430664,888.0
2026-08-05 12:49:00,PNTG,,39.040000915527344,39.099998474121094,39.040000915527344,39.099998474121094,3595.0
2026-08-05 12:49:00,POET,,8.324999809265137,8.335000038146973,8.324999809265137,8.335000038146973,1508.0
2026-08-05 12:49:00,POOL,,206.1649932861328,206.1649932861328,206.1649932861328,206.1649932861328,806.0
2026-08-05 12:49:00,POWI,,62.209999084472656,62.220001220703125,62.209999084472656,62.220001220703125,374.0
2026-08-05 12:49:00,POWL,,212.27499389648438,212.33999633789062,212.0749969482422,212.16000366210938,1227.0
2026-08-05 12:49:00,PPC,,26.299999237060547,26.299999237060547,26.270000457763672,26.270000457763672,1653.0
2026-08-05 12:49:00,PRAX,,313.1000061035156,313.2300109863281,313.1000061035156,313.2300109863281,1267.0
2026-08-05 12:49:00,PRCH,,15.859999656677246,15.864999771118164,15.850000381469727,15.854999542236328,2028.0
2026-08-05 12:49:00,PRCT,,19.19499969482422,19.319400787353516,19.19499969482422,19.319400787353516,5960.0
2026-08-05 12:49:00,PRIM,,84.58999633789062,84.9749984741211,84.58499908447266,84.9749984741211,4911.0
2026-08-05 12:49:00,PRME,,3.0850000381469727,3.0850000381469727,3.0799999237060547,3.0799999237060547,6808.0
2026-08-05 12:49:00,PROK,,1.6399999856948853,1.6399999856948853,1.6399999856948853,1.6399999856948853,104.0
2026-08-05 12:49:00,PRQR,,1.9149999618530273,1.9149999618530273,1.9149999618530273,1.9149999618530273,407.0
2026-08-05 12:49:00,PRSO,,0.6883000135421753,0.6883000135421753,0.6883000135421753,0.6883000135421753,0.0
2026-08-05 12:49:00,PRTH,,6.5960001945495605,6.5960001945495605,6.585000038146973,6.585000038146973,4057.0
2026-08-05 12:49:00,PRVA,,24.3799991607666,24.3799991607666,24.3799991607666,24.3799991607666,1355.0
2026-08-05 12:49:00,PSEC,,2.184999942779541,2.184999942779541,2.184999942779541,2.184999942779541,1096.0
2026-08-05 12:49:00,PSNL,,13.510000228881836,13.510000228881836,13.510000228881836,13.510000228881836,1685.0
2026-08-05 12:49:00,PSNY,,13.90999984741211,13.90999984741211,13.90999984741211,13.90999984741211,119.0
2026-08-05 12:49:00,PTC,,139.6699981689453,139.67999267578125,139.6699981689453,139.67999267578125,680.0
2026-08-05 12:49:00,PTCT,,68.81999969482422,68.8550033569336,68.81999969482422,68.8550033569336,442.0
2026-08-05 12:49:00,PTEN,,9.755000114440918,9.765000343322754,9.75,9.760000228881836,98311.0
2026-08-05 12:49:00,PTON,,6.480000019073486,6.480000019073486,6.480000019073486,6.480000019073486,2421.0
2026-08-05 12:49:00,PUBM,,13.449999809265137,13.470000267028809,13.444999694824219,13.444999694824219,3691.0
2026-08-05 12:49:00,PWP,,17.31999969482422,17.31999969482422,17.290000915527344,17.309999465942383,2365.0
2026-08-05 12:49:00,PYPL,,58.16999816894531,58.16999816894531,58.14360046386719,58.154998779296875,7637.0
2026-08-05 12:49:00,PZZA,,30.3799991607666,30.40999984741211,30.3799991607666,30.389999389648438,3525.0
2026-08-05 12:49:00,QCOM,,158.57000732421875,158.60000610351562,158.52999877929688,158.56500244140625,9853.0
2026-08-05 12:49:00,QFIN,,13.199999809265137,13.199999809265137,13.199999809265137,13.199999809265137,355.0
2026-08-05 12:49:00,QRVO,,94.7300033569336,94.7300033569336,94.72000122070312,94.7300033569336,1364.0
2026-08-05 12:49:00,SEED,,1.0199999809265137,1.0199999809265137,1.010200023651123,1.0199999809265137,2443.0
2026-08-05 12:49:00,STIM,,2.2850000858306885,2.2850000858306885,2.2799999713897705,2.2799999713897705,1384.0
2026-08-05 12:49:00,TARA,,4.054999828338623,4.054999828338623,4.050000190734863,4.050000190734863,476.0
2026-08-05 12:50:00,ACDC,,4.445000171661377,4.445000171661377,4.445000171661377,4.445000171661377,1131.0
2026-08-05 12:50:00,EYE,,23.170000076293945,23.170000076293945,23.149999618530273,23.15999984741211,2246.0
2026-08-05 12:50:00,FIZZ,,31.934999465942383,31.940000534057617,31.934999465942383,31.940000534057617,911.0
2026-08-05 12:50:00,GLUE,,15.630000114440918,15.630000114440918,15.619999885559082,15.619999885559082,10056.0
2026-08-05 12:50:00,MDB,,376.5,376.5,376.18499755859375,376.18499755859375,2151.0
2026-08-05 12:50:00,MDLZ,,62.21500015258789,62.21500015258789,62.189998626708984,62.21500015258789,7908.0
2026-08-05 12:50:00,MNRO,,13.220000267028809,13.220000267028809,13.210000038146973,13.220000267028809,3167.0
2026-08-05 12:50:00,MNST,,94.43990325927734,94.45999908447266,94.43000030517578,94.44999694824219,5325.0
2026-08-05 12:50:00,MORN,,197.68499755859375,197.68499755859375,197.68499755859375,197.68499755859375,517.0
2026-08-05 12:50:00,MPWR,,1345.7850341796875,1345.7850341796875,1343.3499755859375,1343.3499755859375,861.0
2026-08-05 12:50:00,MRNA,,56.93000030517578,56.93000030517578,56.84000015258789,56.84000015258789,3710.0
2026-08-05 12:50:00,MYGN,,3.125,3.125,3.115000009536743,3.115000009536743,8439.0
2026-08-05 12:50:00,MYRG,,338.75,338.75,336.9599914550781,337.2900085449219,5952.0
2026-08-05 12:50:00,NAMS,,27.440000534057617,27.510000228881836,27.40999984741211,27.489999771118164,3577.0
2026-08-05 12:50:00,NAVI,,9.104999542236328,9.104999542236328,9.104999542236328,9.104999542236328,263.0
2026-08-05 12:50:00,NB,,5.074999809265137,5.074999809265137,5.070000171661377,5.070000171661377,1833.0
2026-08-05 12:50:00,NBIX,,162.91000366210938,162.91000366210938,162.78500366210938,162.78500366210938,1550.0
2026-08-05 12:50:00,NCMI,,4.114999771118164,4.114999771118164,4.114999771118164,4.114999771118164,1224.0
2026-08-05 12:50:00,NDAQ,,94.94000244140625,94.94000244140625,94.91500091552734,94.91500091552734,3803.0
2026-08-05 12:50:00,NEO,,16.010000228881836,16.010000228881836,15.989999771118164,15.989999771118164,3629.0
2026-08-05 12:50:00,NEOG,,11.680000305175781,11.6850004196167,11.675000190734863,11.675000190734863,6451.0
2026-08-05 12:50:00,NEON,,0.9336000084877014,0.9336000084877014,0.9336000084877014,0.9336000084877014,1600.0
2026-08-05 12:50:00,NEOV,,2.819999933242798,2.819999933242798,2.819999933242798,2.819999933242798,1074.0
2026-08-05 12:50:00,NESR,,28.709999084472656,28.709999084472656,28.700000762939453,28.709999084472656,2185.0
2026-08-05 12:50:00,NEWT,,15.029999732971191,15.079999923706055,15.029999732971191,15.079999923706055,3857.0
2026-08-05 12:50:00,NEXT,,6.409999847412109,6.409999847412109,6.409999847412109,6.409999847412109,641.0
2026-08-05 12:50:00,NFE,,0.33649998903274536,0.33649998903274536,0.33629998564720154,0.33629998564720154,1735.0
2026-08-05 12:50:00,NFLX,,73.2750015258789,73.29000091552734,73.26499938964844,73.2699966430664,18425.0
2026-08-05 12:50:00,NGNE,,35.5,35.5,35.5,35.5,113.0
2026-08-05 12:50:00,NICE,,97.6050033569336,97.6050033569336,97.6050033569336,97.6050033569336,1511.0
2026-08-05 12:50:00,NIU,,2.440000057220459,2.440000057220459,2.440000057220459,2.440000057220459,246.0
2026-08-05 12:50:00,NKTR,,73.11000061035156,73.11000061035156,73.11000061035156,73.11000061035156,2148.0
2026-08-05 12:50:00,NKTX,,2.2149999141693115,2.2149999141693115,2.2100000381469727,2.2149999141693115,744.0
2026-08-05 12:50:00,NMFC,,7.335000038146973,7.335000038146973,7.329999923706055,7.329999923706055,2811.0
2026-08-05 12:50:00,NMRK,,15.59000015258789,15.59000015258789,15.59000015258789,15.59000015258789,1776.0
2026-08-05 12:50:00,NN,,14.170000076293945,14.170000076293945,14.149999618530273,14.149999618530273,3084.0
2026-08-05 12:50:00,NNDM,,1.5449999570846558,1.5449999570846558,1.5400999784469604,1.5449999570846558,1000.0
2026-08-05 12:50:00,NRC,,19.600000381469727,19.600000381469727,19.540000915527344,19.540000915527344,567.0
2026-08-05 12:50:00,NRDS,,9.135000228881836,9.135000228881836,9.13010025024414,9.13010025024414,1052.0
2026-08-05 12:50:00,NRIX,,24.860000610351562,24.860000610351562,24.860000610351562,24.860000610351562,706.0
2026-08-05 12:50:00,NRXP,,3.0199999809265137,3.0250000953674316,3.015000104904175,3.0250000953674316,11056.0
2026-08-05 12:50:00,NTAP,,189.77999877929688,189.8300018310547,189.7550048828125,189.7550048828125,1796.0
2026-08-05 12:50:00,NTCT,,41.68000030517578,41.689998626708984,41.68000030517578,41.689998626708984,522.0
2026-08-05 12:50:00,NTES,,127.63500213623047,127.63500213623047,127.625,127.625,927.0
2026-08-05 12:50:00,NTGR,,24.264999389648438,24.264999389648438,24.264999389648438,24.264999389648438,382.0
2026-08-05 12:50:00,NTNX,,60.77000045776367,60.77000045776367,60.709999084472656,60.709999084472656,2977.0
2026-08-05 12:50:00,NTRA,,275.4049987792969,275.4049987792969,275.4049987792969,275.4049987792969,1182.0
2026-08-05 12:50:00,NTRS,,183.7050018310547,183.7050018310547,183.7050018310547,183.7050018310547,664.0
2026-08-05 12:50:00,NUWE,,1.690000057220459,1.690000057220459,1.690000057220459,1.690000057220459,2412.0
2026-08-05 12:50:00,NVAX,,7.635000228881836,7.635000228881836,7.619999885559082,7.619999885559082,13893.0
2026-08-05 12:50:00,NVCR,,16.100000381469727,16.100000381469727,16.079999923706055,16.083200454711914,2105.0
2026-08-05 12:50:00,NVCT,,20.1299991607666,20.1299991607666,20.1299991607666,20.1299991607666,728.0
2026-08-05 12:50:00,NVDA,,221.5399932861328,221.55999755859375,221.3000030517578,221.5399932861328,204094.0
2026-08-05 12:50:00,NVEC,,129.9600067138672,129.9600067138672,129.6699981689453,129.6699981689453,635.0
2026-08-05 12:50:00,NVNI,,1.090000033378601,1.090000033378601,1.090000033378601,1.090000033378601,300.0
2026-08-05 12:50:00,NVTS,,12.529999732971191,12.529999732971191,12.494999885559082,12.5,11744.0
2026-08-05 12:50:00,NWBI,,15.944999694824219,15.944999694824219,15.944999694824219,15.944999694824219,630.0
2026-08-05 12:50:00,NWGL,,0.26570001244544983,0.2669000029563904,0.2612999975681305,0.2660999894142151,28301.0
2026-08-05 12:50:00,NWL,,6.260200023651123,6.265100002288818,6.260000228881836,6.264999866485596,7188.0
2026-08-05 12:50:00,NWS,,32.20000076293945,32.20000076293945,32.19499969482422,32.19499969482422,2470.0
2026-08-05 12:50:00,NWSA,,28.184999465942383,28.184999465942383,28.184999465942383,28.184999465942383,1615.0
2026-08-05 12:50:00,NXPI,,232.85000610351562,232.85000610351562,232.61500549316406,232.61500549316406,4087.0
2026-08-05 12:50:00,NXT,,98.66999816894531,98.7300033569336,98.52999877929688,98.52999877929688,9525.0
2026-08-05 12:50:00,OBIO,,4.230000019073486,4.244999885559082,4.230000019073486,4.244999885559082,473.0
2026-08-05 12:50:00,OCFC,,19.774999618530273,19.774999618530273,19.770000457763672,19.770000457763672,778.0
2026-08-05 12:50:00,OCGN,,1.2999999523162842,1.2999999523162842,1.2949999570846558,1.2949999570846558,1807.0
2026-08-05 12:50:00,OCS,,12.029999732971191,12.029999732971191,12.020000457763672,12.020000457763672,1856.0
2026-08-05 12:50:00,OCSL,,12.180000305175781,12.1850004196167,12.180000305175781,12.180000305175781,2470.0
2026-08-05 12:50:00,OCUL,,8.585000038146973,8.585000038146973,8.569999694824219,8.569999694824219,4046.0
2026-08-05 12:50:00,ODD,,15.3100004196167,15.3100004196167,15.3100004196167,15.3100004196167,390.0
2026-08-05 12:50:00,OESX,,14.645000457763672,14.645000457763672,14.630000114440918,14.630000114440918,2740.0
2026-08-05 12:50:00,OFIX,,10.583900451660156,10.583900451660156,10.583900451660156,10.583900451660156,341.0
2026-08-05 12:50:00,OKTA,,148.1300048828125,148.1300048828125,148.08999633789062,148.08999633789062,540.0
2026-08-05 12:50:00,OLLI,,78.31999969482422,78.31999969482422,78.31999969482422,78.31999969482422,292.0
2026-08-05 12:50:00,OMCL,,37.29999923706055,37.29999923706055,37.29999923706055,37.29999923706055,663.0
2026-08-05 12:50:00,OMER,,12.880000114440918,12.880000114440918,12.869999885559082,12.869999885559082,1905.0
2026-08-05 12:50:00,OMH,,0.11230000108480453,0.1128000020980835,0.11219999939203262,0.1128000020980835,15339.0
2026-08-05 12:50:00,ON,,78.0999984741211,78.18499755859375,78.0199966430664,78.02999877929688,20844.0
2026-08-05 12:50:00,ONB,,27.027099609375,27.030000686645508,27.023500442504883,27.030000686645508,9239.0
2026-08-05 12:50:00,ONCY,,0.7975999712944031,0.800000011920929,0.7975999712944031,0.800000011920929,381.0
2026-08-05 12:50:00,ONDS,,8.944999694824219,8.944999694824219,8.920000076293945,8.930000305175781,388616.0
2026-08-05 12:50:00,ONFO,,0.0746999979019165,0.0746999979019165,0.0746999979019165,0.0746999979019165,4959.0
2026-08-05 12:50:00,OPCH,,23.375,23.3799991607666,23.360000610351562,23.360000610351562,3368.0
2026-08-05 12:50:00,OPEN,,3.8373000621795654,3.8399999141693115,3.819999933242798,3.825000047683716,92303.0
2026-08-05 12:50:00,OPK,,1.3250000476837158,1.3300000429153442,1.3250000476837158,1.3250000476837158,3903.0
2026-08-05 12:50:00,ORGO,,2.3399999141693115,2.3399999141693115,2.3399999141693115,2.3399999141693115,2036.0
2026-08-05 12:50:00,ORIC,,13.175000190734863,13.175000190734863,13.175000190734863,13.175000190734863,1167.0
2026-08-05 12:50:00,ORLY,,93.05000305175781,93.05999755859375,93.05000305175781,93.05999755859375,2675.0
2026-08-05 12:50:00,ORRF,,43.244998931884766,43.25,43.23500061035156,43.23500061035156,2204.0
2026-08-05 12:50:00,OSBC,,25.764999389648438,25.764999389648438,25.764999389648438,25.764999389648438,228.0
2026-08-05 12:50:00,OSS,,14.067399978637695,14.067399978637695,14.067399978637695,14.067399978637695,224.0
2026-08-05 12:50:00,OSUR,,4.135000228881836,4.135000228881836,4.135000228881836,4.135000228881836,168.0
2026-08-05 12:50:00,OSW,,26.537500381469727,26.537500381469727,26.520000457763672,26.520000457763672,1188.0
2026-08-05 12:50:00,OTEX,,25.799999237060547,25.799999237060547,25.790000915527344,25.799999237060547,39299.0
2026-08-05 12:50:00,OTLK,,1.0199999809265137,1.0199999809265137,1.0149999856948853,1.0149999856948853,582.0
2026-08-05 12:50:00,OXSQ,,1.4950000047683716,1.5,1.4950000047683716,1.5,8124.0
2026-08-05 12:50:00,PAA,,23.200000762939453,23.200000762939453,23.200000762939453,23.200000762939453,205.0
2026-08-05 12:50:00,PAAS,,48.060001373291016,48.06990051269531,48.029998779296875,48.029998779296875,3050.0
2026-08-05 12:50:00,PACB,,1.3949999809265137,1.399899959564209,1.3899999856948853,1.3899999856948853,5639.0
2026-08-05 12:50:00,PALI,,2.130000114440918,2.130000114440918,2.130000114440918,2.130000114440918,2387.0
2026-08-05 12:50:00,PANW,,364.07000732421875,364.07000732421875,363.5625915527344,363.6449890136719,7815.0
2026-08-05 12:50:00,PAX,,11.404999732971191,11.404999732971191,11.404999732971191,11.404999732971191,897.0
2026-08-05 12:50:00,PAYO,,7.125,7.125,7.125,7.125,3308.0
2026-08-05 12:50:00,PAYS,,9.140000343322754,9.140000343322754,9.140000343322754,9.140000343322754,801.0
2026-08-05 12:50:00,PAYX,,117.09500122070312,117.09500122070312,117.09500122070312,117.09500122070312,1275.0
2026-08-05 12:50:00,PBYI,,7.960000038146973,7.960000038146973,7.949999809265137,7.949999809265137,1263.0
2026-08-05 12:50:00,PCAR,,134.0399932861328,134.0399932861328,133.97999572753906,134.00999450683594,1528.0
2026-08-05 12:50:00,PCRX,,24.68000030517578,24.75,24.68000030517578,24.729999542236328,10575.0
2026-08-05 12:50:00,PCT,,6.885000228881836,6.889999866485596,6.885000228881836,6.889999866485596,3114.0
2026-08-05 12:50:00,PCTY,,144.64999389648438,144.64999389648438,144.5399932861328,144.5399932861328,1237.0
2026-08-05 12:50:00,PDD,,90.80999755859375,90.81999969482422,90.79000091552734,90.79000091552734,7108.0
2026-08-05 12:50:00,PECO,,41.31999969482422,41.31999969482422,41.31999969482422,41.31999969482422,555.0
2026-08-05 12:50:00,PEGA,,31.729999542236328,31.729999542236328,31.709999084472656,31.709999084472656,2323.0
2026-08-05 12:50:00,PENN,,19.850000381469727,19.8700008392334,19.850000381469727,19.8700008392334,6694.0
2026-08-05 12:50:00,PEP,,138.60000610351562,138.61000061035156,138.5749969482422,138.61000061035156,4149.0
2026-08-05 12:50:00,PEPG,,1.9450000524520874,1.9450000524520874,1.940000057220459,1.9450000524520874,422.0
2026-08-05 12:50:00,PESI,,17.665000915527344,17.665000915527344,17.665000915527344,17.665000915527344,273.0
2026-08-05 12:50:00,PFG,,113.97000122070312,114.0,113.97000122070312,113.97000122070312,2322.0
2026-08-05 12:50:00,PGC,,46.625,46.625,46.625,46.625,283.0
2026-08-05 12:50:00,PGEN,,6.880000114440918,6.894999980926514,6.880000114440918,6.889999866485596,10784.0
2026-08-05 12:50:00,PGY,,21.795000076293945,21.799999237060547,21.780000686645508,21.780000686645508,2239.0
2026-08-05 12:50:00,PHAT,,8.475000381469727,8.479999542236328,8.470000267028809,8.470000267028809,2233.0
2026-08-05 12:50:00,PHVS,,33.18000030517578,33.34000015258789,33.18000030517578,33.34000015258789,487.0
2026-08-05 12:50:00,PLAB,,32.16999816894531,32.16999816894531,32.13999938964844,32.13999938964844,448.0
2026-08-05 12:50:00,PLBY,,1.1399999856948853,1.1399999856948853,1.1399999856948853,1.1399999856948853,500.0
2026-08-05 12:50:00,PLMR,,133.3699951171875,133.42999267578125,133.3699951171875,133.42999267578125,686.0
2026-08-05 12:50:00,PLTK,,3.9549999237060547,3.9549999237060547,3.9549999237060547,3.9549999237060547,265.0
2026-08-05 12:50:00,PLUG,,2.0850000381469727,2.0859999656677246,2.0850000381469727,2.0859999656677246,18101.0
2026-08-05 12:50:00,PNFP,,107.74500274658203,107.74500274658203,107.74500274658203,107.74500274658203,777.0
2026-08-05 12:50:00,POCI,,4.239999771118164,4.25,4.239999771118164,4.25,1695.0
2026-08-05 12:50:00,POET,,8.335000038146973,8.335000038146973,8.329999923706055,8.329999923706055,2968.0
2026-08-05 12:50:00,POWI,,62.25,62.25,62.20500183105469,62.20500183105469,770.0
2026-08-05 12:50:00,POWL,,212.72000122070312,212.75,212.26499938964844,212.26499938964844,1932.0
2026-08-05 12:50:00,PPC,,26.290000915527344,26.290000915527344,26.290000915527344,26.290000915527344,2439.0
2026-08-05 12:50:00,PPTA,,22.31999969482422,22.31999969482422,22.31999969482422,22.31999969482422,663.0
2026-08-05 12:50:00,PRCH,,15.84000015258789,15.859999656677246,15.84000015258789,15.859999656677246,1269.0
2026-08-05 12:50:00,PRCT,,19.209999084472656,19.239999771118164,19.1299991607666,19.170000076293945,8691.0
2026-08-05 12:50:00,PRIM,,84.8499984741211,84.8499984741211,84.5250015258789,84.5250015258789,6285.0
2026-08-05 12:50:00,PRME,,3.0850000381469727,3.0894999504089355,3.0850000381469727,3.0850000381469727,1356.0
2026-08-05 12:50:00,PROK,,1.6399999856948853,1.6399999856948853,1.6399999856948853,1.6399999856948853,529.0
2026-08-05 12:50:00,PRQR,,1.9149999618530273,1.9149999618530273,1.909999966621399,1.909999966621399,3393.0
2026-08-05 12:50:00,PRTA,,8.535599708557129,8.535599708557129,8.535599708557129,8.535599708557129,542.0
2026-08-05 12:50:00,PRTH,,6.609000205993652,6.610000133514404,6.609000205993652,6.610000133514404,2546.0
2026-08-05 12:50:00,PRVA,,24.389999389648438,24.389999389648438,24.3799991607666,24.3799991607666,3662.0
2026-08-05 12:50:00,PRZO,,0.5406000018119812,0.5406000018119812,0.5406000018119812,0.5406000018119812,508.0
2026-08-05 12:50:00,PSEC,,2.184999942779541,2.184999942779541,2.184999942779541,2.184999942779541,3531.0
2026-08-05 12:50:00,PSNL,,13.529999732971191,13.529999732971191,13.510000228881836,13.510000228881836,1645.0
2026-08-05 12:50:00,PTC,,139.7100067138672,139.77999877929688,139.7100067138672,139.74000549316406,2411.0
2026-08-05 12:50:00,PTCT,,68.86000061035156,68.86000061035156,68.86000061035156,68.86000061035156,786.0
2026-08-05 12:50:00,PTEN,,9.795000076293945,9.805000305175781,9.754300117492676,9.755000114440918,35526.0
2026-08-05 12:50:00,PTLO,,4.664999961853027,4.669899940490723,4.650000095367432,4.650000095367432,21038.0
2026-08-05 12:50:00,PTON,,6.494999885559082,6.494999885559082,6.480000019073486,6.480000019073486,18752.0
2026-08-05 12:50:00,PUBM,,13.454999923706055,13.454999923706055,13.454999923706055,13.454999923706055,934.0
2026-08-05 12:50:00,PWP,,17.329999923706055,17.329999923706055,17.329999923706055,17.329999923706055,592.0
2026-08-05 12:50:00,PYPL,,58.20500183105469,58.206600189208984,58.165000915527344,58.165000915527344,9787.0
2026-08-05 12:50:00,PYXS,,3.180000066757202,3.180000066757202,3.1798999309539795,3.1798999309539795,2896.0
2026-08-05 12:50:00,PZZA,,30.399999618530273,30.40999984741211,30.389999389648438,30.389999389648438,3958.0
2026-08-05 12:50:00,QCOM,,158.69000244140625,158.69000244140625,158.55999755859375,158.55999755859375,10639.0
2026-08-05 12:50:00,QFIN,,13.204999923706055,13.204999923706055,13.199999809265137,13.199999809265137,648.0
2026-08-05 12:50:00,QRVO,,94.7699966430664,94.7699966430664,94.72000122070312,94.72000122070312,1728.0
2026-08-05 12:50:00,SEED,,1.0199999809265137,1.0199999809265137,1.0149999856948853,1.0199999809265137,2944.0
2026-08-05 12:50:00,TARA,,4.054999828338623,4.059999942779541,4.054999828338623,4.059999942779541,321.0
2026-08-05 12:50:00,WOOF,,2.934999942779541,2.934999942779541,2.934999942779541,2.934999942779541,1285.0
2026-08-05 12:51:00,ACDC,,4.434999942779541,4.445000171661377,4.434999942779541,4.445000171661377,7715.0
2026-08-05 12:51:00,FIZZ,,31.940000534057617,31.940000534057617,31.940000534057617,31.940000534057617,809.0
2026-08-05 12:51:00,GLUE,,15.625,15.625,15.625,15.625,953.0
2026-08-05 12:51:00,KIDS,,21.56999969482422,21.56999969482422,21.56999969482422,21.56999969482422,486.0
2026-08-05 12:51:00,MDB,,376.2799987792969,376.70001220703125,376.2799987792969,376.385009765625,2572.0
2026-08-05 12:51:00,MDLZ,,62.2156982421875,62.224998474121094,62.209999084472656,62.209999084472656,8311.0
2026-08-05 12:51:00,MLTX,,17.709999084472656,17.709999084472656,17.709999084472656,17.709999084472656,165.0
2026-08-05 12:51:00,MNRO,,13.229999542236328,13.229999542236328,13.229999542236328,13.229999542236328,910.0
2026-08-05 12:51:00,MNST,,94.45999908447266,94.45999908447266,94.44499969482422,94.44999694824219,3287.0
2026-08-05 12:51:00,MPWR,,1346.5999755859375,1346.5999755859375,1346.39501953125,1346.39501953125,124.0
2026-08-05 12:51:00,MRNA,,56.90999984741211,56.91999816894531,56.880001068115234,56.88999938964844,7307.0
2026-08-05 12:51:00,MSGM,,4.46999979019165,4.46999979019165,4.46999979019165,4.46999979019165,301.0
2026-08-05 12:51:00,MYGN,,3.125,3.125,3.125,3.125,529.0
2026-08-05 12:51:00,NAMS,,27.399999618530273,27.399999618530273,27.399999618530273,27.399999618530273,667.0
2026-08-05 12:51:00,NAUT,,0.9469000101089478,0.9469000101089478,0.9469000101089478,0.9469000101089478,2167.0
2026-08-05 12:51:00,NAVI,,9.114999771118164,9.114999771118164,9.109999656677246,9.109999656677246,2547.0
2026-08-05 12:51:00,NB,,5.078999996185303,5.079999923706055,5.078800201416016,5.079999923706055,3061.0
2026-08-05 12:51:00,NBIX,,162.9199981689453,162.92999267578125,162.9199981689453,162.9199981689453,2716.0
2026-08-05 12:51:00,NDAQ,,94.94999694824219,94.94999694824219,94.92500305175781,94.92500305175781,2300.0
2026-08-05 12:51:00,NDSN,,310.95001220703125,311.1499938964844,310.95001220703125,311.0400085449219,984.0
2026-08-05 12:51:00,NEO,,16.0049991607666,16.014999389648438,16.0049991607666,16.014999389648438,1143.0
2026-08-05 12:51:00,NEOG,,11.6899995803833,11.694999694824219,11.6899995803833,11.6899995803833,1121.0
2026-08-05 12:51:00,NEOV,,2.825000047683716,2.825000047683716,2.825000047683716,2.825000047683716,233.0
2026-08-05 12:51:00,NESR,,28.739999771118164,28.739999771118164,28.709699630737305,28.709699630737305,761.0
2026-08-05 12:51:00,NEXT,,6.40500020980835,6.419000148773193,6.40500020980835,6.419000148773193,2636.0
2026-08-05 12:51:00,NFLX,,73.27770233154297,73.29000091552734,73.26499938964844,73.2750015258789,27432.0
2026-08-05 12:51:00,NGNE,,35.34000015258789,35.34000015258789,35.34000015258789,35.34000015258789,110.0
2026-08-05 12:51:00,NHTC,,1.7200000286102295,1.7200000286102295,1.7200000286102295,1.7200000286102295,1301.0
2026-08-05 12:51:00,NKTX,,2.2100000381469727,2.2149999141693115,2.2100000381469727,2.2149999141693115,1082.0
2026-08-05 12:51:00,NMRA,,1.6200000047683716,1.6200000047683716,1.6150000095367432,1.6150000095367432,465.0
2026-08-05 12:51:00,NMRK,,15.600000381469727,15.600000381469727,15.600000381469727,15.600000381469727,1091.0
2026-08-05 12:51:00,NN,,14.149999618530273,14.164999961853027,14.149999618530273,14.15999984741211,2723.0
2026-08-05 12:51:00,NNBR,,3.9000000953674316,3.9000000953674316,3.8949999809265137,3.8949999809265137,14360.0
2026-08-05 12:51:00,NNDM,,1.5400999784469604,1.5449999570846558,1.5400999784469604,1.5449999570846558,2009.0
2026-08-05 12:51:00,NRXP,,3.0350000858306885,3.0399999618530273,3.0250000953674316,3.0250000953674316,4699.0
2026-08-05 12:51:00,NTAP,,189.25,189.8800048828125,189.25,189.82000732421875,11651.0
2026-08-05 12:51:00,NTCT,,41.720001220703125,41.720001220703125,41.720001220703125,41.720001220703125,1244.0
2026-08-05 12:51:00,NTGR,,24.270000457763672,24.270000457763672,24.270000457763672,24.270000457763672,387.0
2026-08-05 12:51:00,NTNX,,60.7599983215332,60.790000915527344,60.7599983215332,60.790000915527344,2518.0
2026-08-05 12:51:00,NTRA,,275.8699951171875,275.8699951171875,275.8699951171875,275.8699951171875,283.0
2026-08-05 12:51:00,NTRS,,183.75999450683594,183.77999877929688,183.75999450683594,183.77999877929688,2815.0
2026-08-05 12:51:00,NUWE,,1.6900999546051025,1.6900999546051025,1.6900999546051025,1.6900999546051025,316.0
2026-08-05 12:51:00,NVAX,,7.630000114440918,7.639999866485596,7.630000114440918,7.639999866485596,2722.0
2026-08-05 12:51:00,NVCR,,16.110000610351562,16.110000610351562,16.09000015258789,16.100000381469727,6140.0
2026-08-05 12:51:00,NVDA,,221.4499969482422,221.55999755859375,221.41050720214844,221.53219604492188,194956.0
2026-08-05 12:51:00,NVMI,,410.3450927734375,410.3450927734375,410.3450927734375,410.3450927734375,112.0
2026-08-05 12:51:00,NVTS,,12.520000457763672,12.550000190734863,12.520000457763672,12.53499984741211,15386.0
2026-08-05 12:51:00,NWBI,,15.944999694824219,15.944999694824219,15.944999694824219,15.944999694824219,507.0
2026-08-05 12:51:00,NWL,,6.276400089263916,6.28000020980835,6.260000228881836,6.260000228881836,15982.0
2026-08-05 12:51:00,NWS,,32.20000076293945,32.20000076293945,32.20000076293945,32.20000076293945,358.0
2026-08-05 12:51:00,NWSA,,28.184999465942383,28.184999465942383,28.184999465942383,28.184999465942383,795.0
2026-08-05 12:51:00,NXPI,,232.9199981689453,233.3000030517578,232.9199981689453,233.05999755859375,5939.0
2026-08-05 12:51:00,NXST,,192.25,192.38999938964844,192.25,192.38999938964844,1957.0
2026-08-05 12:51:00,NXT,,98.70999908447266,98.77999877929688,98.70500183105469,98.7699966430664,1391.0
2026-08-05 12:51:00,OCFC,,19.770000457763672,19.770000457763672,19.770000457763672,19.770000457763672,1113.0
2026-08-05 12:51:00,OCGN,,1.2949999570846558,1.2949999570846558,1.2949999570846558,1.2949999570846558,3017.0
2026-08-05 12:51:00,OCSL,,12.175000190734863,12.175000190734863,12.170000076293945,12.175000190734863,2064.0
2026-08-05 12:51:00,OCUL,,8.579999923706055,8.579999923706055,8.579999923706055,8.579999923706055,1078.0
2026-08-05 12:51:00,ODD,,15.3149995803833,15.3149995803833,15.300000190734863,15.300000190734863,1461.0
2026-08-05 12:51:00,OFIX,,10.600000381469727,10.609999656677246,10.59000015258789,10.600000381469727,2188.0
2026-08-05 12:51:00,OKTA,,148.13499450683594,148.27999877929688,148.13499450683594,148.17999267578125,3907.0
2026-08-05 12:51:00,OLLI,,78.27999877929688,78.30999755859375,78.24500274658203,78.24500274658203,1516.0
2026-08-05 12:51:00,OLMA,,11.59000015258789,11.600000381469727,11.59000015258789,11.600000381469727,3282.0
2026-08-05 12:51:00,OMH,,0.11330000311136246,0.11330000311136246,0.11330000311136246,0.11330000311136246,23972.0
2026-08-05 12:51:00,ON,,78.08999633789062,78.18000030517578,78.08999633789062,78.1500015258789,9459.0
2026-08-05 12:51:00,ONB,,27.03499984741211,27.03499984741211,27.024999618530273,27.024999618530273,8347.0
2026-08-05 12:51:00,ONCY,,0.7975999712944031,0.7975999712944031,0.7975999712944031,0.7975999712944031,91.0
2026-08-05 12:51:00,ONDS,,8.954999923706055,8.970000267028809,8.940099716186523,8.943599700927734,246176.0
2026-08-05 12:51:00,ONFO,,0.07460000365972519,0.07460000365972519,0.07460000365972519,0.07460000365972519,5439.0
2026-08-05 12:51:00,OPCH,,23.360000610351562,23.3799991607666,23.360000610351562,23.3700008392334,3844.0
2026-08-05 12:51:00,OPEN,,3.8299999237060547,3.8399999141693115,3.8299999237060547,3.8350000381469727,82366.0
2026-08-05 12:51:00,OPHC,,8.520000457763672,8.520099639892578,8.520000457763672,8.520099639892578,352.0
2026-08-05 12:51:00,OPK,,1.3250000476837158,1.3250000476837158,1.3200000524520874,1.3250000476837158,3559.0
2026-08-05 12:51:00,OPRT,,6.150000095367432,6.150000095367432,6.135000228881836,6.150000095367432,13163.0
2026-08-05 12:51:00,ORIC,,13.149999618530273,13.175000190734863,13.149999618530273,13.175000190734863,3188.0
2026-08-05 12:51:00,ORLY,,93.09500122070312,93.0999984741211,93.06500244140625,93.06500244140625,2491.0
2026-08-05 12:51:00,ORMP,,4.449999809265137,4.449999809265137,4.449999809265137,4.449999809265137,101.0
2026-08-05 12:51:00,OSIS,,236.3300018310547,236.3300018310547,236.1999969482422,236.1999969482422,777.0
2026-08-05 12:51:00,OSS,,14.104999542236328,14.104999542236328,14.09000015258789,14.09000015258789,822.0
2026-08-05 12:51:00,OSW,,26.53499984741211,26.53499984741211,26.53499984741211,26.53499984741211,119.0
2026-08-05 12:51:00,OTEX,,25.84000015258789,25.850000381469727,25.795000076293945,25.79990005493164,74551.0
2026-08-05 12:51:00,OTLK,,1.0199999809265137,1.0199999809265137,1.0111000537872314,1.0199999809265137,2523.0
2026-08-05 12:51:00,OVID,,2.6050000190734863,2.630000114440918,2.6050000190734863,2.630000114440918,56451.0
2026-08-05 12:51:00,OXSQ,,1.5,1.5,1.4950000047683716,1.5,4037.0
2026-08-05 12:51:00,PAA,,23.190000534057617,23.209999084472656,23.190000534057617,23.200000762939453,3632.0
2026-08-05 12:51:00,PAAS,,48.099998474121094,48.130001068115234,48.04999923706055,48.06999969482422,11758.0
2026-08-05 12:51:00,PACB,,1.3949999809265137,1.3949999809265137,1.3899999856948853,1.3949999809265137,16143.0
2026-08-05 12:51:00,PAGP,,25.139999389648438,25.139999389648438,25.135000228881836,25.135000228881836,3005.0
2026-08-05 12:51:00,PALI,,2.130000114440918,2.130000114440918,2.130000114440918,2.130000114440918,988.0
2026-08-05 12:51:00,PANL,,7.224999904632568,7.224999904632568,7.224999904632568,7.224999904632568,569.0
2026-08-05 12:51:00,PANW,,363.8450012207031,364.2900085449219,363.79998779296875,364.2200012207031,9131.0
2026-08-05 12:51:00,PATK,,88.22000122070312,88.2249984741211,88.22000122070312,88.22000122070312,1038.0
2026-08-05 12:51:00,PAX,,11.414999961853027,11.414999961853027,11.40999984741211,11.40999984741211,894.0
2026-08-05 12:51:00,PAYO,,7.125,7.130000114440918,7.125,7.130000114440918,663.0
2026-08-05 12:51:00,PAYX,,117.00160217285156,117.00160217285156,117.00160217285156,117.00160217285156,732.0
2026-08-05 12:51:00,PCAR,,134.07000732421875,134.14999389648438,134.07000732421875,134.07000732421875,2211.0
2026-08-05 12:51:00,PCRX,,24.662500381469727,24.662500381469727,24.662500381469727,24.662500381469727,137.0
2026-08-05 12:51:00,PCT,,6.894999980926514,6.894999980926514,6.894999980926514,6.894999980926514,1000.0
2026-08-05 12:51:00,PCTY,,144.60000610351562,144.60000610351562,144.60000610351562,144.60000610351562,758.0
2026-08-05 12:51:00,PDD,,90.80999755859375,90.81500244140625,90.79000091552734,90.80000305175781,8518.0
2026-08-05 12:51:00,PDFS,,50.23500061035156,50.2400016784668,50.23500061035156,50.2400016784668,1371.0
2026-08-05 12:51:00,PEBO,,41.724998474121094,41.724998474121094,41.724998474121094,41.724998474121094,2754.0
2026-08-05 12:51:00,PECO,,41.310001373291016,41.310001373291016,41.310001373291016,41.310001373291016,1182.0
2026-08-05 12:51:00,PENN,,19.844999313354492,19.844999313354492,19.834999084472656,19.844999313354492,2616.0
2026-08-05 12:51:00,PEP,,138.5800018310547,138.60000610351562,138.5800018310547,138.58999633789062,2688.0
2026-08-05 12:51:00,PEPG,,1.9450000524520874,1.9450000524520874,1.940000057220459,1.940000057220459,335.0
2026-08-05 12:51:00,PESI,,17.670000076293945,17.670000076293945,17.670000076293945,17.670000076293945,135.0
2026-08-05 12:51:00,PFG,,113.91999816894531,113.91999816894531,113.91999816894531,113.91999816894531,477.0
2026-08-05 12:51:00,PGEN,,6.885000228881836,6.894999980926514,6.875,6.880000114440918,11511.0
2026-08-05 12:51:00,PGY,,21.809999465942383,21.815000534057617,21.799999237060547,21.799999237060547,3540.0
2026-08-05 12:51:00,PHAT,,8.489999771118164,8.489999771118164,8.489999771118164,8.489999771118164,527.0
2026-08-05 12:51:00,PHVS,,33.29999923706055,33.29999923706055,33.29999923706055,33.29999923706055,200.0
2026-08-05 12:51:00,PIIIW,,0.016899999231100082,0.016899999231100082,0.016899999231100082,0.016899999231100082,0.0
2026-08-05 12:51:00,PLAB,,32.189998626708984,32.189998626708984,32.189998626708984,32.189998626708984,347.0
2026-08-05 12:51:00,PLBY,,1.1399999856948853,1.1401000022888184,1.1399999856948853,1.1399999856948853,6033.0
2026-08-05 12:51:00,PLTK,,3.9549999237060547,3.9549999237060547,3.9549999237060547,3.9549999237060547,482.0
2026-08-05 12:51:00,PLUG,,2.0850000381469727,2.0899999141693115,2.0850000381469727,2.0899999141693115,80897.0
2026-08-05 12:51:00,PLXS,,275.3599853515625,275.3599853515625,275.3599853515625,275.3599853515625,1058.0
2026-08-05 12:51:00,PMN,,13.130000114440918,13.130000114440918,13.130000114440918,13.130000114440918,225.0
2026-08-05 12:51:00,PMVP,,1.184999942779541,1.184999942779541,1.1799999475479126,1.1799999475479126,2114.0
2026-08-05 12:51:00,POET,,8.335000038146973,8.345000267028809,8.335000038146973,8.34000015258789,4954.0
2026-08-05 12:51:00,POOL,,206.4600067138672,206.4600067138672,206.36000061035156,206.36000061035156,1227.0
2026-08-05 12:51:00,POWI,,62.27000045776367,62.35499954223633,62.27000045776367,62.34000015258789,1389.0
2026-08-05 12:51:00,POWL,,213.45989990234375,213.45989990234375,213.02000427246094,213.02000427246094,628.0
2026-08-05 12:51:00,PPTA,,22.334999084472656,22.334999084472656,22.334999084472656,22.334999084472656,2154.0
2026-08-05 12:51:00,PRAA,,17.3799991607666,17.3799991607666,17.3799991607666,17.3799991607666,762.0
2026-08-05 12:51:00,PRCH,,15.854999542236328,15.854999542236328,15.854999542236328,15.854999542236328,102.0
2026-08-05 12:51:00,PRCT,,19.204999923706055,19.204999923706055,19.190000534057617,19.190000534057617,2028.0
2026-08-05 12:51:00,PRDO,,32.91999816894531,32.95000076293945,32.91999816894531,32.95000076293945,1673.0
2026-08-05 12:51:00,PRIM,,84.76499938964844,84.80000305175781,84.76499938964844,84.80000305175781,1081.0
2026-08-05 12:51:00,PRME,,3.0899999141693115,3.0899999141693115,3.0899999141693115,3.0899999141693115,3614.0
2026-08-05 12:51:00,PRQR,,1.9149999618530273,1.9149999618530273,1.9149999618530273,1.9149999618530273,1084.0
2026-08-05 12:51:00,PRSO,,0.6937000155448914,0.6937000155448914,0.6912000179290771,0.6912000179290771,2582.0
2026-08-05 12:51:00,PRVA,,24.3799991607666,24.3799991607666,24.3799991607666,24.3799991607666,2124.0
2026-08-05 12:51:00,PRZO,,0.5400999784469604,0.5404999852180481,0.5400999784469604,0.5404999852180481,1580.0
2026-08-05 12:51:00,PSEC,,2.184999942779541,2.190000057220459,2.184999942779541,2.184999942779541,1919.0
2026-08-05 12:51:00,PSNL,,13.529999732971191,13.529999732971191,13.529999732971191,13.529999732971191,392.0
2026-08-05 12:51:00,PSNY,,13.90999984741211,13.90999984741211,13.90999984741211,13.90999984741211,113.0
2026-08-05 12:51:00,PTC,,139.75999450683594,139.75999450683594,139.75999450683594,139.75999450683594,226.0
2026-08-05 12:51:00,PTCT,,68.93000030517578,68.93000030517578,68.91999816894531,68.91999816894531,1872.0
2026-08-05 12:51:00,PTEN,,9.779999732971191,9.79990005493164,9.774999618530273,9.79990005493164,21505.0
2026-08-05 12:51:00,PTLO,,4.664999961853027,4.664999961853027,4.664999961853027,4.664999961853027,1767.0
2026-08-05 12:51:00,PTON,,6.505000114440918,6.505000114440918,6.489999771118164,6.489999771118164,42903.0
2026-08-05 12:51:00,PWP,,17.31999969482422,17.31999969482422,17.31999969482422,17.31999969482422,768.0
2026-08-05 12:51:00,PYPL,,58.220001220703125,58.220001220703125,58.20989990234375,58.20989990234375,10909.0
2026-08-05 12:51:00,PZZA,,30.399999618530273,30.402000427246094,30.399999618530273,30.399999618530273,2095.0
2026-08-05 12:51:00,QCOM,,158.65499877929688,158.77999877929688,158.6300048828125,158.68499755859375,16063.0
2026-08-05 12:51:00,QCRH,,105.25,105.25,105.25,105.25,1147.0
2026-08-05 12:51:00,QFIN,,13.21500015258789,13.21500015258789,13.204999923706055,13.204999923706055,1762.0
2026-08-05 12:51:00,QQQX,,30.45989990234375,30.45989990234375,30.45989990234375,30.45989990234375,233.0
2026-08-05 12:51:00,QRVO,,94.76000213623047,94.80000305175781,94.76000213623047,94.80000305175781,562.0
2026-08-05 12:51:00,SEED,,1.0149999856948853,1.0149999856948853,1.0149999856948853,1.0149999856948853,200.0
2026-08-05 12:51:00,STIM,,2.2899999618530273,2.2899999618530273,2.2850000858306885,2.2850000858306885,1205.0
2026-08-05 12:51:00,TARA,,4.054999828338623,4.059999942779541,4.054999828338623,4.054999828338623,704.0
2026-08-05 12:51:00,WOOF,,2.944999933242798,2.949899911880493,2.940000057220459,2.940000057220459,6732.0
2026-08-05 12:52:00,EYE,,23.209999084472656,23.209999084472656,23.18000030517578,23.18000030517578,1969.0
2026-08-05 12:52:00,GLUE,,15.600000381469727,15.609999656677246,15.600000381469727,15.609999656677246,1706.0
2026-08-05 12:52:00,KIDS,,21.56999969482422,21.56999969482422,21.489999771118164,21.489999771118164,1656.0
2026-08-05 12:52:00,LUNG,,1.9800000190734863,1.9800000190734863,1.9789999723434448,1.9789999723434448,2859.0
2026-08-05 12:52:00,MBRX,,0.41130000352859497,0.41200000047683716,0.4099000096321106,0.41200000047683716,3454.0
2026-08-05 12:52:00,MDLZ,,62.19499969482422,62.23500061035156,62.16999816894531,62.224998474121094,14876.0
2026-08-05 12:52:00,MLTX,,17.709999084472656,17.709999084472656,17.70800018310547,17.709999084472656,2889.0
2026-08-05 12:52:00,MNST,,94.45999908447266,94.45999908447266,94.43499755859375,94.45999908447266,5309.0
2026-08-05 12:52:00,MNTS,,4.2982001304626465,4.298600196838379,4.2982001304626465,4.298600196838379,376.0
2026-08-05 12:52:00,MPWR,,1347.6099853515625,1347.6099853515625,1345.5,1345.5,143.0
2026-08-05 12:52:00,MRNA,,56.849998474121094,56.93000030517578,56.849998474121094,56.904998779296875,5442.0
2026-08-05 12:52:00,MYGN,,3.115000009536743,3.119999885559082,3.115000009536743,3.119999885559082,3165.0
2026-08-05 12:52:00,NAMS,,27.440000534057617,27.489999771118164,27.440000534057617,27.485000610351562,1610.0
2026-08-05 12:52:00,NAUT,,0.945900022983551,0.9459999799728394,0.9449999928474426,0.9459999799728394,2213.0
2026-08-05 12:52:00,NAVI,,9.114999771118164,9.119999885559082,9.114999771118164,9.119999885559082,1588.0
2026-08-05 12:52:00,NB,,5.074999809265137,5.074999809265137,5.074999809265137,5.074999809265137,343.0
2026-08-05 12:52:00,NDAQ,,95.0,95.03800201416016,94.98999786376953,94.98999786376953,3210.0
2026-08-05 12:52:00,NDLS,,17.954999923706055,17.954999923706055,17.954999923706055,17.954999923706055,611.0
2026-08-05 12:52:00,NDSN,,311.1600036621094,311.3349914550781,311.1600036621094,311.3349914550781,1652.0
2026-08-05 12:52:00,NEO,,16.004600524902344,16.004600524902344,16.004600524902344,16.004600524902344,3691.0
2026-08-05 12:52:00,NEOG,,11.694999694824219,11.694999694824219,11.694999694824219,11.694999694824219,1360.0
2026-08-05 12:52:00,NEOV,,2.825000047683716,2.825000047683716,2.825000047683716,2.825000047683716,2073.0
2026-08-05 12:52:00,NESR,,28.690000534057617,28.729999542236328,28.690000534057617,28.729999542236328,756.0
2026-08-05 12:52:00,NEXT,,6.409900188446045,6.409900188446045,6.409900188446045,6.409900188446045,753.0
2026-08-05 12:52:00,NFLX,,73.2699966430664,73.29499816894531,73.26000213623047,73.2750015258789,26455.0
2026-08-05 12:52:00,NGNE,,35.540000915527344,35.540000915527344,35.540000915527344,35.540000915527344,237.0
2026-08-05 12:52:00,NICE,,97.53500366210938,97.53500366210938,97.53500366210938,97.53500366210938,190.0
2026-08-05 12:52:00,NKTX,,2.2100000381469727,2.2149999141693115,2.2100000381469727,2.2149999141693115,1170.0
2026-08-05 12:52:00,NMIH,,44.349998474121094,44.349998474121094,44.349998474121094,44.349998474121094,774.0
2026-08-05 12:52:00,NMRK,,15.619999885559082,15.619999885559082,15.614999771118164,15.614999771118164,1737.0
2026-08-05 12:52:00,NN,,14.149999618530273,14.149999618530273,14.140000343322754,14.149999618530273,4387.0
2026-08-05 12:52:00,NNBR,,3.884999990463257,3.884999990463257,3.884999990463257,3.884999990463257,1313.0
2026-08-05 12:52:00,NNDM,,1.5399999618530273,1.5449999570846558,1.5399999618530273,1.5449999570846558,646.0
2026-08-05 12:52:00,NRIX,,24.850000381469727,24.850000381469727,24.850000381469727,24.850000381469727,222.0
2026-08-05 12:52:00,NRSN,,0.5375000238418579,0.5375000238418579,0.5370000004768372,0.5370000004768372,924.0
2026-08-05 12:52:00,NRXP,,3.0350000858306885,3.0350000858306885,3.0350000858306885,3.0350000858306885,201.0
2026-08-05 12:52:00,NSSC,,40.21500015258789,40.21500015258789,40.21500015258789,40.21500015258789,508.0
2026-08-05 12:52:00,NTAP,,189.6199951171875,189.6699981689453,189.18499755859375,189.18499755859375,8990.0
2026-08-05 12:52:00,NTCT,,41.720001220703125,41.720001220703125,41.720001220703125,41.720001220703125,421.0
2026-08-05 12:52:00,NTNX,,60.75,60.75,60.7400016784668,60.75,1588.0
2026-08-05 12:52:00,NTRA,,275.8699951171875,275.8699951171875,275.8699951171875,275.8699951171875,341.0
2026-08-05 12:52:00,NTRS,,183.65499877929688,183.74000549316406,183.65499877929688,183.74000549316406,1495.0
2026-08-05 12:52:00,NUWE,,1.690000057220459,1.6900999546051025,1.690000057220459,1.6900999546051025,760.0
2026-08-05 12:52:00,NVAX,,7.625,7.630000114440918,7.619999885559082,7.630000114440918,11758.0
2026-08-05 12:52:00,NVDA,,221.52999877929688,221.55999755859375,221.4199981689453,221.4499969482422,175163.0
2026-08-05 12:52:00,NVMI,,410.7049865722656,410.7049865722656,410.6400146484375,410.69000244140625,695.0
2026-08-05 12:52:00,NVTS,,12.515000343322754,12.524999618530273,12.510000228881836,12.520000457763672,5622.0
2026-08-05 12:52:00,NVX,,0.4018000066280365,0.4018000066280365,0.40049999952316284,0.40049999952316284,729.0
2026-08-05 12:52:00,NWBI,,15.944999694824219,15.949999809265137,15.944999694824219,15.949999809265137,557.0
2026-08-05 12:52:00,NWL,,6.269999980926514,6.28000020980835,6.269999980926514,6.275000095367432,6201.0
2026-08-05 12:52:00,NWS,,32.220001220703125,32.2400016784668,32.209999084472656,32.209999084472656,3531.0
2026-08-05 12:52:00,NWSA,,28.204999923706055,28.219999313354492,28.190000534057617,28.190000534057617,6470.0
2026-08-05 12:52:00,NXT,,98.70500183105469,98.70500183105469,98.69499969482422,98.69499969482422,1373.0
2026-08-05 12:52:00,NXTC,,5.074999809265137,5.095099925994873,5.074999809265137,5.095099925994873,201.0
2026-08-05 12:52:00,OCGN,,1.2949999570846558,1.2949999570846558,1.2949999570846558,1.2949999570846558,1313.0
2026-08-05 12:52:00,OCSL,,12.170000076293945,12.170000076293945,12.170000076293945,12.170000076293945,654.0
2026-08-05 12:52:00,OCUL,,8.569999694824219,8.569999694824219,8.569999694824219,8.569999694824219,1918.0
2026-08-05 12:52:00,ODFL,,214.6199951171875,214.6199951171875,214.6199951171875,214.6199951171875,1348.0
2026-08-05 12:52:00,OESX,,14.569999694824219,14.569999694824219,14.569999694824219,14.569999694824219,111.0
2026-08-05 12:52:00,OFLX,,30.209999084472656,30.209999084472656,30.059999465942383,30.059999465942383,991.0
2026-08-05 12:52:00,OLLI,,78.33000183105469,78.33000183105469,78.33000183105469,78.33000183105469,717.0
2026-08-05 12:52:00,OMCL,,37.38999938964844,37.38999938964844,37.38999938964844,37.38999938964844,535.0
2026-08-05 12:52:00,OMER,,12.880000114440918,12.880000114440918,12.880000114440918,12.880000114440918,671.0
2026-08-05 12:52:00,OMH,,0.11330000311136246,0.11330000311136246,0.11330000311136246,0.11330000311136246,3530.0
2026-08-05 12:52:00,ON,,78.19999694824219,78.20500183105469,78.0999984741211,78.11000061035156,13520.0
2026-08-05 12:52:00,ONB,,27.040000915527344,27.045000076293945,27.03499984741211,27.040000915527344,7034.0
2026-08-05 12:52:00,ONDS,,8.944999694824219,8.970000267028809,8.9399995803833,8.954999923706055,154798.0
2026-08-05 12:52:00,ONFO,,0.07429999858140945,0.07429999858140945,0.07400000095367432,0.07410000264644623,2384.0
2026-08-05 12:52:00,OPCH,,23.360000610351562,23.360000610351562,23.354999542236328,23.354999542236328,940.0
2026-08-05 12:52:00,OPEN,,3.839900016784668,3.8399999141693115,3.8299999237060547,3.8299999237060547,58114.0
2026-08-05 12:52:00,OPK,,1.3250000476837158,1.3250000476837158,1.3250000476837158,1.3250000476837158,441.0
2026-08-05 12:52:00,OPRX,,6.96999979019165,6.96999979019165,6.960000038146973,6.960000038146973,1083.0
2026-08-05 12:52:00,ORIC,,13.15999984741211,13.15999984741211,13.15999984741211,13.15999984741211,1210.0
2026-08-05 12:52:00,ORLY,,93.12000274658203,93.13800048828125,93.09500122070312,93.09500122070312,8773.0
2026-08-05 12:52:00,ORMP,,4.460000038146973,4.460000038146973,4.460000038146973,4.460000038146973,3710.0
2026-08-05 12:52:00,OSBC,,25.780000686645508,25.780000686645508,25.764999389648438,25.764999389648438,3466.0
2026-08-05 12:52:00,OSPN,,16.489999771118164,16.520000457763672,16.489999771118164,16.520000457763672,349.0
2026-08-05 12:52:00,OSUR,,4.135000228881836,4.135000228881836,4.135000228881836,4.135000228881836,527.0
2026-08-05 12:52:00,OSW,,26.540000915527344,26.540000915527344,26.540000915527344,26.540000915527344,1029.0
2026-08-05 12:52:00,OTEX,,25.844999313354492,25.844999313354492,25.834999084472656,25.834999084472656,3038.0
2026-08-05 12:52:00,OTLK,,1.0199999809265137,1.0199999809265137,1.0199999809265137,1.0199999809265137,1077.0
2026-08-05 12:52:00,OTTR,,91.76000213623047,91.76000213623047,91.58999633789062,91.58999633789062,1582.0
2026-08-05 12:52:00,OVID,,2.6050000190734863,2.6050000190734863,2.6050000190734863,2.6050000190734863,3111.0
2026-08-05 12:52:00,OXLC,,9.149999618530273,9.149999618530273,9.149999618530273,9.149999618530273,558.0
2026-08-05 12:52:00,OXSQ,,1.4950000047683716,1.4950000047683716,1.4950000047683716,1.4950000047683716,4100.0
2026-08-05 12:52:00,PAA,,23.200000762939453,23.200000762939453,23.200000762939453,23.200000762939453,721.0
2026-08-05 12:52:00,PAAS,,48.11000061035156,48.11000061035156,48.11000061035156,48.11000061035156,2183.0
2026-08-05 12:52:00,PACB,,1.3899999856948853,1.3949999809265137,1.3899999856948853,1.3949999809265137,2963.0
2026-08-05 12:52:00,PAGP,,25.125,25.125,25.125,25.125,3144.0
2026-08-05 12:52:00,PAHC,,35.81100082397461,35.97719955444336,35.81100082397461,35.97719955444336,1076.0
2026-08-05 12:52:00,PALI,,2.130000114440918,2.130000114440918,2.130000114440918,2.130000114440918,1481.0
2026-08-05 12:52:00,PANL,,7.235000133514404,7.235000133514404,7.230000019073486,7.230000019073486,2108.0
2026-08-05 12:52:00,PANW,,363.6839904785156,364.08599853515625,363.6839904785156,363.82000732421875,2525.0
2026-08-05 12:52:00,PAX,,11.425000190734863,11.425000190734863,11.425000190734863,11.425000190734863,1348.0
2026-08-05 12:52:00,PAYO,,7.125,7.125,7.119999885559082,7.125,4698.0
2026-08-05 12:52:00,PAYS,,9.132499694824219,9.132499694824219,9.132499694824219,9.132499694824219,178.0
2026-08-05 12:52:00,PAYX,,117.0199966430664,117.06400299072266,117.0,117.0,3520.0
2026-08-05 12:52:00,PCAR,,134.08999633789062,134.13999938964844,134.08999633789062,134.09500122070312,4192.0
2026-08-05 12:52:00,PCRX,,24.637500762939453,24.670000076293945,24.637500762939453,24.665000915527344,3160.0
2026-08-05 12:52:00,PCT,,6.900000095367432,6.900000095367432,6.894999980926514,6.894999980926514,1683.0
2026-08-05 12:52:00,PDD,,90.81999969482422,90.81999969482422,90.7699966430664,90.80000305175781,10276.0
2026-08-05 12:52:00,PEBO,,41.72999954223633,41.72999954223633,41.72999954223633,41.72999954223633,430.0
2026-08-05 12:52:00,PECO,,41.36000061035156,41.36000061035156,41.34000015258789,41.34000015258789,880.0
2026-08-05 12:52:00,PEGA,,31.7450008392334,31.7450008392334,31.729999542236328,31.729999542236328,953.0
2026-08-05 12:52:00,PENN,,19.850000381469727,19.850000381469727,19.844999313354492,19.84510040283203,1660.0
2026-08-05 12:52:00,PEP,,138.5500030517578,138.58999633789062,138.53750610351562,138.57000732421875,8635.0
2026-08-05 12:52:00,PEPG,,1.9450000524520874,1.9450000524520874,1.9450000524520874,1.9450000524520874,200.0
2026-08-05 12:52:00,PERI,,9.5600004196167,9.5600004196167,9.5600004196167,9.5600004196167,1127.0
2026-08-05 12:52:00,PESI,,17.674999237060547,17.674999237060547,17.674999237060547,17.674999237060547,153.0
2026-08-05 12:52:00,PFG,,113.91230010986328,114.05000305175781,113.90499877929688,113.90499877929688,4964.0
2026-08-05 12:52:00,PGEN,,6.885000228881836,6.889999866485596,6.880000114440918,6.885000228881836,3662.0
2026-08-05 12:52:00,PGNY,,31.739999771118164,31.739999771118164,31.739999771118164,31.739999771118164,861.0
2026-08-05 12:52:00,PGY,,21.760000228881836,21.799999237060547,21.760000228881836,21.799999237060547,5576.0
2026-08-05 12:52:00,PHAT,,8.48900032043457,8.489999771118164,8.48900032043457,8.489999771118164,819.0
2026-08-05 12:52:00,PHVS,,33.33000183105469,33.33000183105469,33.33000183105469,33.33000183105469,360.0
2026-08-05 12:52:00,PIII,,10.100000381469727,10.100000381469727,10.100000381469727,10.100000381469727,510.0
2026-08-05 12:52:00,PLBY,,1.146299958229065,1.146299958229065,1.146299958229065,1.146299958229065,614.0
2026-08-05 12:52:00,PLSE,,37.20500183105469,37.20500183105469,37.09000015258789,37.09000015258789,922.0
2026-08-05 12:52:00,PLTK,,3.9549999237060547,3.9549999237060547,3.9549999237060547,3.9549999237060547,430.0
2026-08-05 12:52:00,PLUG,,2.0850000381469727,2.0899999141693115,2.0799999237060547,2.0850000381469727,20343.0
2026-08-05 12:52:00,PNBK,,1.1299999952316284,1.1349999904632568,1.1299999952316284,1.1349999904632568,400.0
2026-08-05 12:52:00,PNFP,,107.86000061035156,107.91999816894531,107.86000061035156,107.87999725341797,883.0
2026-08-05 12:52:00,POET,,8.338600158691406,8.34000015258789,8.33810043334961,8.33810043334961,1661.0
2026-08-05 12:52:00,POOL,,206.6699981689453,206.6699981689453,206.5,206.5,858.0
2026-08-05 12:52:00,PPBT,,1.5,1.5,1.4950000047683716,1.5,511.0
2026-08-05 12:52:00,PPIH,,25.8799991607666,25.8799991607666,25.8799991607666,25.8799991607666,162.0
2026-08-05 12:52:00,PRAX,,313.1300048828125,313.489990234375,313.1300048828125,313.135009765625,1347.0
2026-08-05 12:52:00,PRCH,,15.859999656677246,15.859999656677246,15.854999542236328,15.854999542236328,1845.0
2026-08-05 12:52:00,PRCT,,19.229999542236328,19.229999542236328,19.190000534057617,19.19499969482422,3427.0
2026-08-05 12:52:00,PRDO,,32.91640090942383,32.91640090942383,32.91640090942383,32.91640090942383,127.0
2026-08-05 12:52:00,PRIM,,84.8550033569336,84.8550033569336,84.76499938964844,84.76499938964844,1195.0
2026-08-05 12:52:00,PRLD,,4.559999942779541,4.570000171661377,4.559999942779541,4.570000171661377,335.0
2026-08-05 12:52:00,PRME,,3.0899999141693115,3.0899999141693115,3.0899999141693115,3.0899999141693115,1650.0
2026-08-05 12:52:00,PRQR,,1.9149999618530273,1.9149999618530273,1.9149999618530273,1.9149999618530273,970.0
2026-08-05 12:52:00,PSEC,,2.1875,2.190000057220459,2.182499885559082,2.190000057220459,1396.0
2026-08-05 12:52:00,PSNL,,13.520000457763672,13.520000457763672,13.520000457763672,13.520000457763672,646.0
2026-08-05 12:52:00,PTC,,139.6999969482422,139.6999969482422,139.6999969482422,139.6999969482422,883.0
2026-08-05 12:52:00,PTCT,,68.88500213623047,68.88500213623047,68.86000061035156,68.86000061035156,403.0
2026-08-05 12:52:00,PTEN,,9.795000076293945,9.800000190734863,9.779999732971191,9.779999732971191,7737.0
2026-08-05 12:52:00,PTON,,6.510000228881836,6.510000228881836,6.5,6.5,19382.0
2026-08-05 12:52:00,PWP,,17.329999923706055,17.329999923706055,17.329999923706055,17.329999923706055,948.0
2026-08-05 12:52:00,PYPL,,58.23740005493164,58.25,58.23500061035156,58.2400016784668,6281.0
2026-08-05 12:52:00,PZZA,,30.420000076293945,30.420000076293945,30.415000915527344,30.415000915527344,1474.0
2026-08-05 12:52:00,QCOM,,158.75999450683594,158.80999755859375,158.64999389648438,158.68499755859375,9531.0
2026-08-05 12:52:00,QFIN,,13.21500015258789,13.219900131225586,13.210000038146973,13.219900131225586,923.0
2026-08-05 12:52:00,QRVO,,94.91000366210938,94.91000366210938,94.77999877929688,94.77999877929688,2630.0
2026-08-05 12:52:00,SEED,,1.01010000705719,1.0199999809265137,1.0099999904632568,1.0149999856948853,1444.0
2026-08-05 12:52:00,STIM,,2.2950000762939453,2.2950000762939453,2.2950000762939453,2.2950000762939453,868.0
2026-08-05 12:52:00,TARA,,4.054999828338623,4.054999828338623,4.054999828338623,4.054999828338623,545.0
2026-08-05 12:52:00,WOOF,,2.940000057220459,2.940000057220459,2.940000057220459,2.940000057220459,568.0
2026-08-05 12:53:00,ACDC,,4.434999942779541,4.434999942779541,4.434999942779541,4.434999942779541,736.0
2026-08-05 12:53:00,CPOP,,0.3603000044822693,0.3603000044822693,0.3603000044822693,0.3603000044822693,500.0
2026-08-05 12:53:00,DTIL,,7.550000190734863,7.550000190734863,7.550000190734863,7.550000190734863,2346.0
2026-08-05 12:53:00,EYE,,23.190000534057617,23.190000534057617,23.190000534057617,23.190000534057617,1491.0
2026-08-05 12:53:00,GLUE,,15.630000114440918,15.630000114440918,15.600000381469727,15.604999542236328,15042.0
2026-08-05 12:53:00,LUNG,,1.9850000143051147,1.9850000143051147,1.9850000143051147,1.9850000143051147,2055.0
2026-08-05 12:53:00,MBRX,,0.41029998660087585,0.4106999933719635,0.41019999980926514,0.41019999980926514,958.0
2026-08-05 12:53:00,MDB,,376.1499938964844,376.3349914550781,376.1499938964844,376.3349914550781,882.0
2026-08-05 12:53:00,MDLZ,,62.189998626708984,62.20500183105469,62.185001373291016,62.20000076293945,8051.0
2026-08-05 12:53:00,MNRO,,13.229999542236328,13.229999542236328,13.229999542236328,13.229999542236328,2335.0
2026-08-05 12:53:00,MNST,,94.4800033569336,94.4800033569336,94.45500183105469,94.45500183105469,1770.0
2026-08-05 12:53:00,MODD,,2.119999885559082,2.119999885559082,2.0999999046325684,2.115000009536743,3632.0
2026-08-05 12:53:00,MOVE,,11.90999984741211,11.90999984741211,11.755000114440918,11.755000114440918,942.0
2026-08-05 12:53:00,MPWR,,1347.739990234375,1347.739990234375,1346.094970703125,1346.0999755859375,263.0
2026-08-05 12:53:00,MRNA,,56.900001525878906,56.900001525878906,56.86000061035156,56.899898529052734,22725.0
2026-08-05 12:53:00,MYGN,,3.125,3.125,3.115000009536743,3.115000009536743,8369.0
2026-08-05 12:53:00,MYRG,,338.840087890625,339.0199890136719,338.840087890625,339.0199890136719,214.0
2026-08-05 12:53:00,NAMS,,27.510000228881836,27.510000228881836,27.510000228881836,27.510000228881836,673.0
2026-08-05 12:53:00,NATR,,20.030000686645508,20.030000686645508,20.030000686645508,20.030000686645508,238.0
2026-08-05 12:53:00,NAUT,,0.9451000094413757,0.9451000094413757,0.9451000094413757,0.9451000094413757,1389.0
2026-08-05 12:53:00,NB,,5.079999923706055,5.079999923706055,5.074999809265137,5.074999809265137,1553.0
2026-08-05 12:53:00,NBIX,,162.93499755859375,162.93499755859375,162.86000061035156,162.86000061035156,941.0
2026-08-05 12:53:00,NBTX,,39.65010070800781,39.65010070800781,39.65010070800781,39.65010070800781,1000.0
2026-08-05 12:53:00,NCMI,,4.139999866485596,4.139999866485596,4.130000114440918,4.130000114440918,1158.0
2026-08-05 12:53:00,NDAQ,,95.0,95.0,95.0,95.0,563.0
2026-08-05 12:53:00,NEO,,16.0049991607666,16.0049991607666,16.0049991607666,16.0049991607666,1755.0
2026-08-05 12:53:00,NEOG,,11.694999694824219,11.699899673461914,11.694999694824219,11.699899673461914,1697.0
2026-08-05 12:53:00,NESR,,28.690000534057617,28.690000534057617,28.690000534057617,28.690000534057617,822.0
2026-08-05 12:53:00,NEXT,,6.414999961853027,6.414999961853027,6.409999847412109,6.414999961853027,3586.0
2026-08-05 12:53:00,NFLX,,73.28990173339844,73.29499816894531,73.26000213623047,73.26000213623047,33741.0
2026-08-05 12:53:00,NICE,,97.41000366210938,97.53500366210938,97.4000015258789,97.53500366210938,1779.0
2026-08-05 12:53:00,NKTR,,73.08000183105469,73.1500015258789,73.08000183105469,73.11000061035156,2811.0
2026-08-05 12:53:00,NKTX,,2.2200000286102295,2.2300000190734863,2.2149999141693115,2.2200000286102295,8244.0
2026-08-05 12:53:00,NMIH,,44.349998474121094,44.349998474121094,44.349998474121094,44.349998474121094,158.0
2026-08-05 12:53:00,NMRK,,15.635000228881836,15.635000228881836,15.630000114440918,15.630000114440918,1287.0
2026-08-05 12:53:00,NN,,14.149999618530273,14.149999618530273,14.149999618530273,14.149999618530273,1345.0
2026-08-05 12:53:00,NNBR,,3.884999990463257,3.884999990463257,3.880000114440918,3.884999990463257,715.0
2026-08-05 12:53:00,NNDM,,1.5449999570846558,1.5449999570846558,1.5399999618530273,1.5449999570846558,1008.0
2026-08-05 12:53:00,NOVT,,156.3800048828125,156.3800048828125,156.3699951171875,156.3699951171875,2842.0
2026-08-05 12:53:00,NPCE,,13.449999809265137,13.449999809265137,13.449999809265137,13.449999809265137,805.0
2026-08-05 12:53:00,NRIX,,24.8700008392334,24.8700008392334,24.850000381469727,24.8700008392334,2907.0
2026-08-05 12:53:00,NRSN,,0.5299999713897705,0.5299999713897705,0.5299999713897705,0.5299999713897705,110.0
2026-08-05 12:53:00,NRXP,,3.0350000858306885,3.0350000858306885,3.0350000858306885,3.0350000858306885,338.0
2026-08-05 12:53:00,NTAP,,189.25,189.55999755859375,189.25,189.5399932861328,9228.0
2026-08-05 12:53:00,NTES,,127.63500213623047,127.63500213623047,127.63500213623047,127.63500213623047,867.0
2026-08-05 12:53:00,NTNX,,60.7400016784668,60.75,60.72999954223633,60.72999954223633,3600.0
2026-08-05 12:53:00,NTRA,,275.3599853515625,275.79998779296875,275.04998779296875,275.79998779296875,9617.0
2026-08-05 12:53:00,NTRS,,183.74000549316406,183.74000549316406,183.72000122070312,183.72000122070312,1977.0
2026-08-05 12:53:00,NUWE,,1.7000000476837158,1.7000000476837158,1.7000000476837158,1.7000000476837158,83.0
2026-08-05 12:53:00,NVAX,,7.635000228881836,7.639999866485596,7.625,7.625,11954.0
2026-08-05 12:53:00,NVCT,,20.100000381469727,20.15999984741211,20.100000381469727,20.15999984741211,971.0
2026-08-05 12:53:00,NVDA,,221.55999755859375,221.5749969482422,221.38999938964844,221.53500366210938,490970.0
2026-08-05 12:53:00,NVTS,,12.539999961853027,12.545000076293945,12.520000457763672,12.539999961853027,6228.0
2026-08-05 12:53:00,NWBI,,15.949999809265137,15.949999809265137,15.949999809265137,15.949999809265137,762.0
2026-08-05 12:53:00,NWL,,6.275000095367432,6.28000020980835,6.269999980926514,6.28000020980835,14549.0
2026-08-05 12:53:00,NWS,,32.25,32.25,32.25,32.25,201.0
2026-08-05 12:53:00,NWSA,,28.21500015258789,28.219999313354492,28.209999084472656,28.209999084472656,2335.0
2026-08-05 12:53:00,NXPI,,233.07000732421875,233.08999633789062,232.8300018310547,232.91000366210938,4101.0
2026-08-05 12:53:00,NXST,,192.52999877929688,192.52999877929688,192.52999877929688,192.52999877929688,512.0
2026-08-05 12:53:00,NXT,,98.80999755859375,98.80999755859375,98.70500183105469,98.70500183105469,4324.0
2026-08-05 12:53:00,OCFC,,19.774999618530273,19.774999618530273,19.774999618530273,19.774999618530273,580.0
2026-08-05 12:53:00,OCGN,,1.2949999570846558,1.2949999570846558,1.2949999570846558,1.2949999570846558,1577.0
2026-08-05 12:53:00,OCUL,,8.5600004196167,8.5600004196167,8.5600004196167,8.5600004196167,1042.0
2026-08-05 12:53:00,ODD,,15.335000038146973,15.335000038146973,15.31029987335205,15.335000038146973,4259.0
2026-08-05 12:53:00,ODFL,,214.64500427246094,214.64500427246094,214.60000610351562,214.60000610351562,563.0
2026-08-05 12:53:00,OESX,,14.395000457763672,14.395000457763672,14.395000457763672,14.395000457763672,632.0
2026-08-05 12:53:00,OLLI,,78.2300033569336,78.2300033569336,78.2300033569336,78.2300033569336,895.0
2026-08-05 12:53:00,OMH,,0.11330000311136246,0.11330000311136246,0.11330000311136246,0.11330000311136246,19677.0
2026-08-05 12:53:00,ON,,78.22000122070312,78.29000091552734,78.18000030517578,78.19999694824219,28405.0
2026-08-05 12:53:00,ONB,,27.03499984741211,27.037900924682617,27.03499984741211,27.037900924682617,3673.0
2026-08-05 12:53:00,ONDS,,8.960100173950195,8.967399597167969,8.9399995803833,8.944999694824219,328807.0
2026-08-05 12:53:00,ONFO,,0.07429999858140945,0.07479999959468842,0.07270000129938126,0.07479999959468842,154784.0
2026-08-05 12:53:00,ONMD,,0.6776000261306763,0.6776000261306763,0.6776000261306763,0.6776000261306763,0.0
2026-08-05 12:53:00,OPCH,,23.360000610351562,23.360000610351562,23.350000381469727,23.354999542236328,2993.0
2026-08-05 12:53:00,OPEN,,3.839900016784668,3.8499999046325684,3.8299999237060547,3.8399999141693115,257418.0
2026-08-05 12:53:00,OPHC,,8.526300430297852,8.545000076293945,8.520000457763672,8.545000076293945,825.0
2026-08-05 12:53:00,OPK,,1.3300000429153442,1.3300000429153442,1.3286999464035034,1.3286999464035034,1408.0
2026-08-05 12:53:00,OPRX,,6.980000019073486,6.980000019073486,6.980000019073486,6.980000019073486,256.0
2026-08-05 12:53:00,ORGO,,2.3450000286102295,2.3450000286102295,2.3399999141693115,2.3420000076293945,3696.0
2026-08-05 12:53:00,ORMP,,4.465000152587891,4.465000152587891,4.465000152587891,4.465000152587891,400.0
2026-08-05 12:53:00,OSPN,,16.510000228881836,16.510000228881836,16.489999771118164,16.489999771118164,680.0
2026-08-05 12:53:00,OSS,,14.140000343322754,14.140000343322754,14.09000015258789,14.09000015258789,2407.0
2026-08-05 12:53:00,OTEX,,25.875,25.875,25.844999313354492,25.844999313354492,4898.0
2026-08-05 12:53:00,OTLK,,1.0199999809265137,1.0199999809265137,1.0199999809265137,1.0199999809265137,212.0
2026-08-05 12:53:00,OXSQ,,1.4950000047683716,1.4950000047683716,1.4900000095367432,1.4950000047683716,13934.0
2026-08-05 12:53:00,PAA,,23.209999084472656,23.219999313354492,23.204999923706055,23.204999923706055,5885.0
2026-08-05 12:53:00,PAAS,,48.14500045776367,48.14500045776367,48.119998931884766,48.14500045776367,2226.0
2026-08-05 12:53:00,PACB,,1.3949999809265137,1.399999976158142,1.3899999856948853,1.3899999856948853,36599.0
2026-08-05 12:53:00,PAGP,,25.1299991607666,25.155000686645508,25.1299991607666,25.139999389648438,7483.0
2026-08-05 12:53:00,PALI,,2.1291000843048096,2.130000114440918,2.1291000843048096,2.130000114440918,4929.0
2026-08-05 12:53:00,PANW,,363.8900146484375,363.8900146484375,363.6922912597656,363.80999755859375,2341.0
2026-08-05 12:53:00,PATK,,88.20999908447266,88.30000305175781,88.20999908447266,88.29000091552734,1118.0
2026-08-05 12:53:00,PAX,,11.479999542236328,11.489999771118164,11.420000076293945,11.420000076293945,30742.0
2026-08-05 12:53:00,PAYO,,7.125,7.125,7.125,7.125,901.0
2026-08-05 12:53:00,PAYS,,9.140000343322754,9.140000343322754,9.140000343322754,9.140000343322754,165.0
2026-08-05 12:53:00,PCAR,,134.0749969482422,134.0749969482422,134.0500030517578,134.0500030517578,2694.0
2026-08-05 12:53:00,PCRX,,24.584999084472656,24.584999084472656,24.56999969482422,24.56999969482422,2429.0
2026-08-05 12:53:00,PCT,,6.90500020980835,6.90500020980835,6.894700050354004,6.894700050354004,4098.0
2026-08-05 12:53:00,PCTY,,144.9499969482422,144.9499969482422,144.91000366210938,144.91000366210938,707.0
2026-08-05 12:53:00,PDD,,90.83499908447266,90.83499908447266,90.83499908447266,90.83499908447266,3096.0
2026-08-05 12:53:00,PDFS,,50.23500061035156,50.23500061035156,50.23500061035156,50.23500061035156,1313.0
2026-08-05 12:53:00,PECO,,41.39500045776367,41.39509963989258,41.3650016784668,41.369998931884766,3331.0
2026-08-05 12:53:00,PEGA,,31.756000518798828,31.756000518798828,31.756000518798828,31.756000518798828,421.0
2026-08-05 12:53:00,PENN,,19.850000381469727,19.850000381469727,19.84000015258789,19.844999313354492,1843.0
2026-08-05 12:53:00,PEP,,138.57000732421875,138.57000732421875,138.5399932861328,138.5500030517578,3829.0
2026-08-05 12:53:00,PEPG,,1.940000057220459,1.940000057220459,1.940000057220459,1.940000057220459,338.0
2026-08-05 12:53:00,PESI,,17.700000762939453,17.700000762939453,17.700000762939453,17.700000762939453,438.0
2026-08-05 12:53:00,PGEN,,6.89109992980957,6.894999980926514,6.869999885559082,6.885000228881836,26096.0
2026-08-05 12:53:00,PGY,,21.790000915527344,21.790000915527344,21.770000457763672,21.770000457763672,2853.0
2026-08-05 12:53:00,PHAT,,8.489999771118164,8.489999771118164,8.484999656677246,8.484999656677246,674.0
2026-08-05 12:53:00,PLAB,,32.22999954223633,32.22999954223633,32.220001220703125,32.220001220703125,462.0
2026-08-05 12:53:00,PLMR,,133.33999633789062,133.33999633789062,133.24000549316406,133.27000427246094,1643.0
2026-08-05 12:53:00,PLUG,,2.0899999141693115,2.0899999141693115,2.0799999237060547,2.0799999237060547,50483.0
2026-08-05 12:53:00,PMVP,,1.190000057220459,1.190000057220459,1.190000057220459,1.190000057220459,193.0
2026-08-05 12:53:00,PNBK,,1.1349999904632568,1.1349999904632568,1.1349999904632568,1.1349999904632568,75.0
2026-08-05 12:53:00,PNFP,,107.81999969482422,107.87249755859375,107.76000213623047,107.8499984741211,3627.0
2026-08-05 12:53:00,PNTG,,39.025001525878906,39.025001525878906,39.02000045776367,39.02000045776367,3503.0
2026-08-05 12:53:00,POET,,8.34000015258789,8.34000015258789,8.34000015258789,8.34000015258789,965.0
2026-08-05 12:53:00,POWI,,62.25,62.33000183105469,62.25,62.33000183105469,915.0
2026-08-05 12:53:00,POWL,,213.11000061035156,213.11000061035156,212.88009643554688,212.88009643554688,510.0
2026-08-05 12:53:00,PPC,,26.290000915527344,26.290000915527344,26.28499984741211,26.28499984741211,878.0
2026-08-05 12:53:00,PPTA,,22.360000610351562,22.3799991607666,22.34000015258789,22.34000015258789,2937.0
2026-08-05 12:53:00,PRCT,,19.290000915527344,19.329999923706055,19.25,19.25,4462.0
2026-08-05 12:53:00,PRDO,,32.95000076293945,32.95000076293945,32.91999816894531,32.91999816894531,355.0
2026-08-05 12:53:00,PRE,,18.579999923706055,18.579999923706055,18.579999923706055,18.579999923706055,266.0
2026-08-05 12:53:00,PRFX,,1.1200000047683716,1.1200000047683716,1.1200000047683716,1.1200000047683716,230.0
2026-08-05 12:53:00,PRGS,,42.02000045776367,42.02000045776367,42.02000045776367,42.02000045776367,366.0
2026-08-05 12:53:00,PRIM,,84.86000061035156,84.9000015258789,84.81999969482422,84.9000015258789,2905.0
2026-08-05 12:53:00,PRME,,3.0899999141693115,3.0899999141693115,3.0896999835968018,3.0896999835968018,12220.0
2026-08-05 12:53:00,PSEC,,2.1898999214172363,2.190000057220459,2.1800999641418457,2.190000057220459,3065.0
2026-08-05 12:53:00,PSNL,,13.524999618530273,13.524999618530273,13.510000228881836,13.510000228881836,869.0
2026-08-05 12:53:00,PTCT,,68.88500213623047,68.88500213623047,68.8499984741211,68.8499984741211,625.0
2026-08-05 12:53:00,PTEN,,9.78499984741211,9.78499984741211,9.78499984741211,9.78499984741211,1160.0
2026-08-05 12:53:00,PTLO,,4.664999961853027,4.664999961853027,4.664999961853027,4.664999961853027,234.0
2026-08-05 12:53:00,PTON,,6.508999824523926,6.510000228881836,6.505000114440918,6.505000114440918,11132.0
2026-08-05 12:53:00,PWP,,17.329999923706055,17.34000015258789,17.329999923706055,17.34000015258789,1185.0
2026-08-05 12:53:00,PYPL,,58.244998931884766,58.255001068115234,58.244998931884766,58.25,4598.0
2026-08-05 12:53:00,QCOM,,158.8000030517578,158.8000030517578,158.68099975585938,158.77499389648438,17928.0
2026-08-05 12:53:00,QFIN,,13.225000381469727,13.225000381469727,13.210000038146973,13.210000038146973,2809.0
2026-08-05 12:53:00,QRVO,,94.91999816894531,94.91999816894531,94.91999816894531,94.91999816894531,431.0
2026-08-05 12:53:00,SEED,,1.0199999809265137,1.0199999809265137,1.0149999856948853,1.019700050354004,894.0
2026-08-05 12:53:00,TARA,,4.054999828338623,4.054999828338623,4.054999828338623,4.054999828338623,400.0
2026-08-05 12:53:00,WOOF,,2.944999933242798,2.944999933242798,2.940000057220459,2.940000057220459,687.0
2026-08-05 12:54:00,ACDC,,4.434999942779541,4.434999942779541,4.43120002746582,4.434999942779541,2666.0
2026-08-05 12:54:00,EYE,,23.170000076293945,23.190000534057617,23.170000076293945,23.18000030517578,4363.0
2026-08-05 12:54:00,GLUE,,15.619999885559082,15.649999618530273,15.619999885559082,15.635000228881836,4216.0
2026-08-05 12:54:00,KIDS,,21.56999969482422,21.56999969482422,21.56999969482422,21.56999969482422,571.0
2026-08-05 12:54:00,MDB,,375.0609130859375,376.3399963378906,375.0609130859375,376.3399963378906,4914.0
2026-08-05 12:54:00,MDLZ,,62.165000915527344,62.20000076293945,62.13999938964844,62.19499969482422,13185.0
2026-08-05 12:54:00,MLTX,,17.707500457763672,17.707500457763672,17.690000534057617,17.700000762939453,2619.0
2026-08-05 12:54:00,MNRO,,13.220000267028809,13.220000267028809,13.220000267028809,13.220000267028809,909.0
2026-08-05 12:54:00,MNST,,94.4800033569336,94.48999786376953,94.45999908447266,94.4800033569336,5988.0
2026-08-05 12:54:00,MNTK,,1.690000057220459,1.690000057220459,1.690000057220459,1.690000057220459,154.0
2026-08-05 12:54:00,MNTS,,4.300000190734863,4.300000190734863,4.300000190734863,4.300000190734863,1104.0
2026-08-05 12:54:00,MORN,,197.67999267578125,197.67999267578125,197.67999267578125,197.67999267578125,1049.0
2026-08-05 12:54:00,MPAA,,13.8100004196167,13.8100004196167,13.8100004196167,13.8100004196167,184.0
2026-08-05 12:54:00,MPWR,,1347.239990234375,1347.6600341796875,1345.9150390625,1347.6600341796875,235.0
2026-08-05 12:54:00,MRNA,,56.95500183105469,57.06999969482422,56.904998779296875,56.904998779296875,18001.0
2026-08-05 12:54:00,MYGN,,3.115000009536743,3.125,3.115000009536743,3.125,1188.0
2026-08-05 12:54:00,MYPS,,0.73089998960495,0.73089998960495,0.7307999730110168,0.7307999730110168,216.0
2026-08-05 12:54:00,NAMS,,27.559999465942383,27.594999313354492,27.459999084472656,27.514999389648438,9192.0
2026-08-05 12:54:00,NAUT,,0.9452000260353088,0.9452000260353088,0.9452000260353088,0.9452000260353088,210.0
2026-08-05 12:54:00,NB,,5.079999923706055,5.080100059509277,5.079999923706055,5.080100059509277,2418.0
2026-08-05 12:54:00,NBIX,,163.07000732421875,163.1199951171875,162.89500427246094,162.89500427246094,3917.0
2026-08-05 12:54:00,NCMI,,4.139999866485596,4.139999866485596,4.139999866485596,4.139999866485596,1421.0
2026-08-05 12:54:00,NDAQ,,94.9800033569336,94.98500061035156,94.9800033569336,94.98500061035156,1771.0
2026-08-05 12:54:00,NEGG,,16.85110092163086,16.85110092163086,16.85110092163086,16.85110092163086,156.0
2026-08-05 12:54:00,NEO,,16.020000457763672,16.020000457763672,16.020000457763672,16.020000457763672,2043.0
2026-08-05 12:54:00,NEOG,,11.6899995803833,11.694999694824219,11.6899995803833,11.694999694824219,1303.0
2026-08-05 12:54:00,NEWT,,15.029999732971191,15.029999732971191,15.029999732971191,15.029999732971191,263.0
2026-08-05 12:54:00,NEXT,,6.40500020980835,6.40500020980835,6.40500020980835,6.40500020980835,15130.0
2026-08-05 12:54:00,NFE,,0.3359000086784363,0.33649998903274536,0.3359000086784363,0.33649998903274536,1971.0
2026-08-05 12:54:00,NFLX,,73.27899932861328,73.28990173339844,73.25,73.28990173339844,19755.0
2026-08-05 12:54:00,NGNE,,35.47999954223633,35.47999954223633,35.47999954223633,35.47999954223633,150.0
2026-08-05 12:54:00,NHTC,,1.7100000381469727,1.7100000381469727,1.7100000381469727,1.7100000381469727,846.0
2026-08-05 12:54:00,NICE,,97.51000213623047,97.51000213623047,97.51000213623047,97.51000213623047,595.0
2026-08-05 12:54:00,NKTR,,73.20500183105469,73.20500183105469,73.20500183105469,73.20500183105469,545.0
2026-08-05 12:54:00,NMFC,,7.335000038146973,7.335000038146973,7.3302001953125,7.3302001953125,588.0
2026-08-05 12:54:00,NMRK,,15.640000343322754,15.640000343322754,15.635000228881836,15.635000228881836,1981.0
2026-08-05 12:54:00,NN,,14.149999618530273,14.149999618530273,14.149999618530273,14.149999618530273,4059.0
2026-08-05 12:54:00,NNBR,,3.880000114440918,3.884999990463257,3.880000114440918,3.884999990463257,2222.0
2026-08-05 12:54:00,NNDM,,1.5449999570846558,1.5449999570846558,1.5449999570846558,1.5449999570846558,550.0
2026-08-05 12:54:00,NNOX,,1.024999976158142,1.024999976158142,1.024999976158142,1.024999976158142,400.0
2026-08-05 12:54:00,NRIX,,24.90999984741211,24.90999984741211,24.90999984741211,24.90999984741211,272.0
2026-08-05 12:54:00,NRXP,,3.0350000858306885,3.0350000858306885,3.0350000858306885,3.0350000858306885,496.0
2026-08-05 12:54:00,NSSC,,40.2400016784668,40.2400016784668,40.2400016784668,40.2400016784668,1643.0
2026-08-05 12:54:00,NTAP,,189.2899932861328,189.4199981689453,189.24000549316406,189.24000549316406,1559.0
2026-08-05 12:54:00,NTCT,,41.689998626708984,41.724998474121094,41.689998626708984,41.724998474121094,970.0
2026-08-05 12:54:00,NTGR,,24.299999237060547,24.299999237060547,24.299999237060547,24.299999237060547,109.0
2026-08-05 12:54:00,NTNX,,60.70500183105469,60.72999954223633,60.70500183105469,60.72999954223633,1381.0
2026-08-05 12:54:00,NTRA,,275.2200012207031,275.6400146484375,275.0899963378906,275.6400146484375,5744.0
2026-08-05 12:54:00,NUWE,,1.7092000246047974,1.7092000246047974,1.7092000246047974,1.7092000246047974,1525.0
2026-08-05 12:54:00,NVAX,,7.630000114440918,7.639999866485596,7.630000114440918,7.635000228881836,13322.0
2026-08-05 12:54:00,NVDA,,221.55999755859375,221.60000610351562,221.4600067138672,221.55999755859375,143394.0
2026-08-05 12:54:00,NVMI,,410.69000244140625,410.69000244140625,410.69000244140625,410.69000244140625,365.0
2026-08-05 12:54:00,NVNI,,1.1150000095367432,1.1150000095367432,1.1150000095367432,1.1150000095367432,402.0
2026-08-05 12:54:00,NVTS,,12.505000114440918,12.539999961853027,12.489999771118164,12.505000114440918,13413.0
2026-08-05 12:54:00,NWL,,6.269999980926514,6.275000095367432,6.269999980926514,6.269999980926514,6596.0
2026-08-05 12:54:00,NWS,,32.220001220703125,32.2400016784668,32.220001220703125,32.2400016784668,1801.0
2026-08-05 12:54:00,NWSA,,28.190000534057617,28.204999923706055,28.190000534057617,28.204999923706055,4330.0
2026-08-05 12:54:00,NXPI,,233.09500122070312,233.22999572753906,232.94000244140625,232.94000244140625,11449.0
2026-08-05 12:54:00,NXT,,98.82250213623047,98.82250213623047,98.82250213623047,98.82250213623047,515.0
2026-08-05 12:54:00,NXTC,,5.070000171661377,5.070000171661377,5.070000171661377,5.070000171661377,166.0
2026-08-05 12:54:00,OCCI,,2.4800000190734863,2.4800000190734863,2.4800000190734863,2.4800000190734863,105.0
2026-08-05 12:54:00,OCFC,,19.780000686645508,19.780000686645508,19.780000686645508,19.780000686645508,2511.0
2026-08-05 12:54:00,OCGN,,1.2999999523162842,1.2999999523162842,1.2949999570846558,1.2999999523162842,3354.0
2026-08-05 12:54:00,OCUL,,8.569999694824219,8.569999694824219,8.569999694824219,8.569999694824219,187.0
2026-08-05 12:54:00,ODD,,15.319999694824219,15.319999694824219,15.319999694824219,15.319999694824219,2536.0
2026-08-05 12:54:00,ODFL,,214.74000549316406,214.74000549316406,214.64999389648438,214.64999389648438,1827.0
2026-08-05 12:54:00,OESX,,14.395000457763672,14.395000457763672,14.395000457763672,14.395000457763672,156.0
2026-08-05 12:54:00,OFS,,3.5250000953674316,3.5250000953674316,3.4700000286102295,3.4700000286102295,250.0
2026-08-05 12:54:00,OKTA,,148.02000427246094,148.02000427246094,148.02000427246094,148.02000427246094,620.0
2026-08-05 12:54:00,OLB,,0.3082999885082245,0.3082999885082245,0.3082999885082245,0.3082999885082245,302.0
2026-08-05 12:54:00,OMCL,,37.349998474121094,37.349998474121094,37.349998474121094,37.349998474121094,582.0
2026-08-05 12:54:00,OMER,,12.890000343322754,12.890000343322754,12.890000343322754,12.890000343322754,792.0
2026-08-05 12:54:00,OMH,,0.1128000020980835,0.1128000020980835,0.1128000020980835,0.1128000020980835,6505.0
2026-08-05 12:54:00,ON,,78.19499969482422,78.19999694824219,78.13999938964844,78.19999694824219,15762.0
2026-08-05 12:54:00,ONB,,27.030000686645508,27.03499984741211,27.030000686645508,27.030000686645508,7426.0
2026-08-05 12:54:00,ONDS,,8.944999694824219,8.970000267028809,8.9399995803833,8.960000038146973,205044.0
2026-08-05 12:54:00,ONEW,,12.614999771118164,12.614999771118164,12.614999771118164,12.614999771118164,1473.0
2026-08-05 12:54:00,ONFO,,0.0738999992609024,0.07490000128746033,0.07289999723434448,0.07490000128746033,5624.0
2026-08-05 12:54:00,OPCH,,23.3700008392334,23.3700008392334,23.3700008392334,23.3700008392334,433.0
2026-08-05 12:54:00,OPEN,,3.8350000381469727,3.8399999141693115,3.8299999237060547,3.838599920272827,26964.0
2026-08-05 12:54:00,OPRA,,19.889999389648438,19.889999389648438,19.889999389648438,19.889999389648438,616.0
2026-08-05 12:54:00,OPRX,,6.960000038146973,6.960000038146973,6.960000038146973,6.960000038146973,2287.0
2026-08-05 12:54:00,ORIC,,13.164999961853027,13.164999961853027,13.164999961853027,13.164999961853027,1243.0
2026-08-05 12:54:00,ORLY,,93.08000183105469,93.08000183105469,93.08000183105469,93.08000183105469,1457.0
2026-08-05 12:54:00,ORMP,,4.449999809265137,4.460000038146973,4.449999809265137,4.460000038146973,3181.0
2026-08-05 12:54:00,OSPN,,16.485000610351562,16.5,16.469999313354492,16.489999771118164,815.0
2026-08-05 12:54:00,OSS,,14.102399826049805,14.130000114440918,14.102399826049805,14.130000114440918,5256.0
2026-08-05 12:54:00,OTEX,,25.854999542236328,25.8700008392334,25.854999542236328,25.8700008392334,5868.0
2026-08-05 12:54:00,OTLK,,1.0199999809265137,1.0199999809265137,1.0149999856948853,1.0199999809265137,1348.0
2026-08-05 12:54:00,OVID,,2.5999999046325684,2.609999895095825,2.5999999046325684,2.600100040435791,20924.0
2026-08-05 12:54:00,PAA,,23.204999923706055,23.204999923706055,23.200000762939453,23.200000762939453,1498.0
2026-08-05 12:54:00,PAAS,,48.13999938964844,48.13999938964844,48.119998931884766,48.13999938964844,4788.0
2026-08-05 12:54:00,PACB,,1.3949999809265137,1.3949999809265137,1.3899999856948853,1.3899999856948853,7527.0
2026-08-05 12:54:00,PANW,,363.75,363.8999938964844,363.75,363.885009765625,5763.0
2026-08-05 12:54:00,PATK,,88.19999694824219,88.19999694824219,88.18000030517578,88.18000030517578,2418.0
2026-08-05 12:54:00,PAX,,11.5,11.5,11.479999542236328,11.479999542236328,8350.0
2026-08-05 12:54:00,PAYO,,7.130000114440918,7.130000114440918,7.119999885559082,7.130000114440918,12673.0
2026-08-05 12:54:00,PAYS,,9.140000343322754,9.149999618530273,9.140000343322754,9.149999618530273,1262.0
2026-08-05 12:54:00,PAYX,,117.04000091552734,117.05999755859375,117.02999877929688,117.05999755859375,2726.0
2026-08-05 12:54:00,PCAR,,134.1199951171875,134.1199951171875,134.1199951171875,134.1199951171875,863.0
2026-08-05 12:54:00,PCRX,,24.479999542236328,24.524999618530273,24.479999542236328,24.520000457763672,1457.0
2026-08-05 12:54:00,PCT,,6.894999980926514,6.900000095367432,6.894999980926514,6.900000095367432,2559.0
2026-08-05 12:54:00,PCTY,,144.73500061035156,144.73500061035156,144.73500061035156,144.73500061035156,576.0
2026-08-05 12:54:00,PDD,,90.81500244140625,90.83000183105469,90.80999755859375,90.83000183105469,3455.0
2026-08-05 12:54:00,PDEX,,67.81500244140625,67.81500244140625,67.81500244140625,67.81500244140625,854.0
2026-08-05 12:54:00,PDSB,,0.7080000042915344,0.7080000042915344,0.7080000042915344,0.7080000042915344,101.0
2026-08-05 12:54:00,PECO,,41.40999984741211,41.40999984741211,41.40999984741211,41.40999984741211,1804.0
2026-08-05 12:54:00,PEGA,,31.729999542236328,31.739999771118164,31.729999542236328,31.739999771118164,3141.0
2026-08-05 12:54:00,PENN,,19.850000381469727,19.850000381469727,19.850000381469727,19.850000381469727,1436.0
2026-08-05 12:54:00,PEP,,138.5399932861328,138.55499267578125,138.5301055908203,138.55499267578125,6675.0
2026-08-05 12:54:00,PEPG,,1.940000057220459,1.9450000524520874,1.940000057220459,1.9450000524520874,476.0
2026-08-05 12:54:00,PESI,,17.69499969482422,17.69499969482422,17.69499969482422,17.69499969482422,892.0
2026-08-05 12:54:00,PFG,,113.96499633789062,113.96499633789062,113.96499633789062,113.96499633789062,659.0
2026-08-05 12:54:00,PGEN,,6.900000095367432,6.900000095367432,6.889999866485596,6.894999980926514,3496.0
2026-08-05 12:54:00,PGNY,,31.719999313354492,31.7450008392334,31.719999313354492,31.7450008392334,1854.0
2026-08-05 12:54:00,PGY,,21.743600845336914,21.790000915527344,21.743600845336914,21.790000915527344,3269.0
2026-08-05 12:54:00,PHAT,,8.489999771118164,8.489999771118164,8.484999656677246,8.484999656677246,4621.0
2026-08-05 12:54:00,PIII,,10.100000381469727,10.100000381469727,10.100000381469727,10.100000381469727,735.0
2026-08-05 12:54:00,PLAB,,32.22999954223633,32.22999954223633,32.22999954223633,32.22999954223633,1222.0
2026-08-05 12:54:00,PLBY,,1.1449999809265137,1.1449999809265137,1.1449999809265137,1.1449999809265137,4242.0
2026-08-05 12:54:00,PLRX,,1.065000057220459,1.065000057220459,1.065000057220459,1.065000057220459,350.0
2026-08-05 12:54:00,PLSE,,37.209999084472656,37.209999084472656,37.209999084472656,37.209999084472656,834.0
2026-08-05 12:54:00,PLTK,,3.9549999237060547,3.9600000381469727,3.9549999237060547,3.9549999237060547,1305.0
2026-08-05 12:54:00,PLUG,,2.0850000381469727,2.0897998809814453,2.0799999237060547,2.0850000381469727,9299.0
2026-08-05 12:54:00,PNTG,,39.13999938964844,39.13999938964844,39.13999938964844,39.13999938964844,1477.0
2026-08-05 12:54:00,POET,,8.345000267028809,8.345000267028809,8.34000015258789,8.34000015258789,14146.0
2026-08-05 12:54:00,POOL,,206.85000610351562,206.85000610351562,206.85000610351562,206.85000610351562,315.0
2026-08-05 12:54:00,POWL,,213.11500549316406,213.1199951171875,213.11500549316406,213.1199951171875,320.0
2026-08-05 12:54:00,PPC,,26.299999237060547,26.299999237060547,26.299999237060547,26.299999237060547,497.0
2026-08-05 12:54:00,PPTA,,22.360000610351562,22.360000610351562,22.360000610351562,22.360000610351562,493.0
2026-08-05 12:54:00,PRCH,,15.850000381469727,15.850000381469727,15.850000381469727,15.850000381469727,1584.0
2026-08-05 12:54:00,PRCT,,19.280000686645508,19.299999237060547,19.280000686645508,19.290000915527344,2174.0
2026-08-05 12:54:00,PRGS,,42.029998779296875,42.029998779296875,42.029998779296875,42.029998779296875,205.0
2026-08-05 12:54:00,PRIM,,84.8499984741211,84.95999908447266,84.81999969482422,84.87999725341797,2544.0
2026-08-05 12:54:00,PRLD,,4.559999942779541,4.559999942779541,4.559999942779541,4.559999942779541,159.0
2026-08-05 12:54:00,PRME,,3.0850000381469727,3.0899999141693115,3.0850000381469727,3.0899999141693115,5893.0
2026-08-05 12:54:00,PROK,,1.6399999856948853,1.6399999856948853,1.6399999856948853,1.6399999856948853,803.0
2026-08-05 12:54:00,PRTA,,8.53499984741211,8.53499984741211,8.53499984741211,8.53499984741211,304.0
2026-08-05 12:54:00,PRTH,,6.610000133514404,6.610000133514404,6.610000133514404,6.610000133514404,177.0
2026-08-05 12:54:00,PRVA,,24.3700008392334,24.399999618530273,24.3700008392334,24.399999618530273,3335.0
2026-08-05 12:54:00,PSEC,,2.180000066757202,2.190000057220459,2.180000066757202,2.184999942779541,4471.0
2026-08-05 12:54:00,PSNL,,13.520000457763672,13.520000457763672,13.520000457763672,13.520000457763672,1371.0
2026-08-05 12:54:00,PSNY,,13.920000076293945,13.920000076293945,13.920000076293945,13.920000076293945,511.0
2026-08-05 12:54:00,PTC,,139.6699981689453,139.75,139.6699981689453,139.75,1034.0
2026-08-05 12:54:00,PTCT,,68.94000244140625,68.9800033569336,68.94000244140625,68.94999694824219,3231.0
2026-08-05 12:54:00,PTEN,,9.774999618530273,9.78499984741211,9.774999618530273,9.78499984741211,52647.0
2026-08-05 12:54:00,PTLO,,4.669899940490723,4.669899940490723,4.659999847412109,4.659999847412109,1721.0
2026-08-05 12:54:00,PTON,,6.5,6.510000228881836,6.5,6.505000114440918,3557.0
2026-08-05 12:54:00,PUBM,,13.460000038146973,13.460000038146973,13.4399995803833,13.454999923706055,3306.0
2026-08-05 12:54:00,PYPL,,58.21500015258789,58.2400016784668,58.21500015258789,58.2400016784668,3612.0
2026-08-05 12:54:00,PZZA,,30.3700008392334,30.440000534057617,30.3700008392334,30.43000030517578,4534.0
2026-08-05 12:54:00,QCOM,,158.65499877929688,158.77000427246094,158.65499877929688,158.75,6224.0
2026-08-05 12:54:00,QFIN,,13.220000267028809,13.220000267028809,13.220000267028809,13.220000267028809,2807.0
2026-08-05 12:54:00,QRVO,,94.93000030517578,94.93000030517578,94.91000366210938,94.91000366210938,1279.0
2026-08-05 12:54:00,SEED,,1.019700050354004,1.019700050354004,1.0099999904632568,1.0099999904632568,1660.0
2026-08-05 12:54:00,TARA,,4.050000190734863,4.054999828338623,4.050000190734863,4.054999828338623,188.0
2026-08-05 12:54:00,WOOF,,2.944999933242798,2.944999933242798,2.940000057220459,2.944999933242798,24374.0
2026-08-05 12:55:00,ACDC,,4.425000190734863,4.445000171661377,4.425000190734863,4.440000057220459,25897.0
2026-08-05 12:55:00,CPOP,,0.35569998621940613,0.35569998621940613,0.35569998621940613,0.35569998621940613,0.0
2026-08-05 12:55:00,EYE,,23.190000534057617,23.190000534057617,23.190000534057617,23.190000534057617,1602.0
2026-08-05 12:55:00,FIZZ,,31.94499969482422,31.94499969482422,31.94499969482422,31.94499969482422,551.0
2026-08-05 12:55:00,GLUE,,15.640000343322754,15.640000343322754,15.630000114440918,15.630000114440918,4673.0
2026-08-05 12:55:00,LUNG,,1.9850000143051147,2.0,1.9850000143051147,1.9891999959945679,22711.0
2026-08-05 12:55:00,MDB,,375.1199951171875,375.3599853515625,374.9599914550781,375.19000244140625,5620.0
2026-08-05 12:55:00,MDLZ,,62.189998626708984,62.20500183105469,62.18000030517578,62.18000030517578,7708.0
2026-08-05 12:55:00,MNPR,,119.29499816894531,119.29499816894531,119.0,119.0,3448.0
2026-08-05 12:55:00,MNST,,94.5,94.5,94.48999786376953,94.5,2559.0
2026-08-05 12:55:00,MPAA,,13.829999923706055,13.829999923706055,13.829999923706055,13.829999923706055,923.0
2026-08-05 12:55:00,MPWR,,1344.4449462890625,1347.3199462890625,1344.4449462890625,1344.4449462890625,2084.0
2026-08-05 12:55:00,MRNA,,56.959999084472656,56.9900016784668,56.95000076293945,56.9900016784668,2616.0
2026-08-05 12:55:00,MVBF,,30.584999084472656,30.584999084472656,30.584999084472656,30.584999084472656,397.0
2026-08-05 12:55:00,MYGN,,3.115000009536743,3.115000009536743,3.115000009536743,3.115000009536743,1092.0
2026-08-05 12:55:00,NAMS,,27.553300857543945,27.600000381469727,27.553300857543945,27.553300857543945,1951.0
2026-08-05 12:55:00,NAUT,,0.9437000155448914,0.9437999725341797,0.9437000155448914,0.9437999725341797,4772.0
2026-08-05 12:55:00,NB,,5.085000038146973,5.085000038146973,5.079999923706055,5.085000038146973,2774.0
2026-08-05 12:55:00,NBIX,,163.07000732421875,163.07249450683594,162.88009643554688,163.0449981689453,856.0
2026-08-05 12:55:00,NBTX,,39.869998931884766,39.869998931884766,39.869998931884766,39.869998931884766,0.0
2026-08-05 12:55:00,NDAQ,,94.88999938964844,94.94000244140625,94.88999938964844,94.94000244140625,2945.0
2026-08-05 12:55:00,NDLS,,17.75,17.959999084472656,17.75,17.959999084472656,1143.0
2026-08-05 12:55:00,NEGG,,16.860000610351562,16.860000610351562,16.860000610351562,16.860000610351562,266.0
2026-08-05 12:55:00,NEO,,16.040000915527344,16.040000915527344,16.0,16.020000457763672,5045.0
2026-08-05 12:55:00,NEOG,,11.6899995803833,11.6899995803833,11.6899995803833,11.6899995803833,102.0
2026-08-05 12:55:00,NEON,,0.9350000023841858,0.9350000023841858,0.9350000023841858,0.9350000023841858,510.0
2026-08-05 12:55:00,NESR,,28.719900131225586,28.719900131225586,28.719900131225586,28.719900131225586,1601.0
2026-08-05 12:55:00,NEXT,,6.414999961853027,6.414999961853027,6.409999847412109,6.409999847412109,4779.0
2026-08-05 12:55:00,NFLX,,73.27999877929688,73.27999877929688,73.25,73.27020263671875,26312.0
2026-08-05 12:55:00,NICE,,97.41000366210938,97.67500305175781,97.41000366210938,97.58000183105469,6388.0
2026-08-05 12:55:00,NIU,,2.440000057220459,2.440000057220459,2.4312000274658203,2.4312000274658203,345.0
2026-08-05 12:55:00,NMFC,,7.329999923706055,7.329999923706055,7.329999923706055,7.329999923706055,2350.0
2026-08-05 12:55:00,NMIH,,44.349998474121094,44.349998474121094,44.349998474121094,44.349998474121094,307.0
2026-08-05 12:55:00,NMRA,,1.6150000095367432,1.6150000095367432,1.6150000095367432,1.6150000095367432,1408.0
2026-08-05 12:55:00,NMRK,,15.635000228881836,15.635000228881836,15.635000228881836,15.635000228881836,382.0
2026-08-05 12:55:00,NN,,14.154999732971191,14.154999732971191,14.145000457763672,14.145000457763672,1364.0
2026-08-05 12:55:00,NNBR,,3.875,3.875,3.875,3.875,864.0
2026-08-05 12:55:00,NNDM,,1.5449999570846558,1.5449999570846558,1.5449999570846558,1.5449999570846558,873.0
2026-08-05 12:55:00,NNOX,,1.024999976158142,1.024999976158142,1.0199999809265137,1.0199999809265137,333.0
2026-08-05 12:55:00,NRDS,,9.130000114440918,9.130000114440918,9.130000114440918,9.130000114440918,925.0
2026-08-05 12:55:00,NRXP,,3.0399999618530273,3.0399999618530273,3.0299999713897705,3.0299999713897705,2459.0
2026-08-05 12:55:00,NTAP,,189.39500427246094,189.39500427246094,189.38999938964844,189.38999938964844,980.0
2026-08-05 12:55:00,NTCT,,41.71500015258789,41.71500015258789,41.71500015258789,41.71500015258789,489.0
2026-08-05 12:55:00,NTES,,127.61499786376953,127.61499786376953,127.5801010131836,127.58999633789062,3093.0
2026-08-05 12:55:00,NTNX,,60.66999816894531,60.689998626708984,60.66999816894531,60.689998626708984,2672.0
2026-08-05 12:55:00,NTRA,,275.1499938964844,275.1499938964844,275.1499938964844,275.1499938964844,431.0
2026-08-05 12:55:00,NTRS,,183.72000122070312,183.72000122070312,183.72000122070312,183.72000122070312,412.0
2026-08-05 12:55:00,NUWE,,1.7100000381469727,1.7100000381469727,1.7100000381469727,1.7100000381469727,439.0
2026-08-05 12:55:00,NVAX,,7.635000228881836,7.639999866485596,7.625,7.625,14142.0
2026-08-05 12:55:00,NVCR,,16.09000015258789,16.09000015258789,16.09000015258789,16.09000015258789,2815.0
2026-08-05 12:55:00,NVDA,,221.30999755859375,221.5688018798828,221.22999572753906,221.5500030517578,254176.0
2026-08-05 12:55:00,NVTS,,12.529999732971191,12.53499984741211,12.5,12.5,12936.0
2026-08-05 12:55:00,NWBI,,15.944999694824219,15.944999694824219,15.944999694824219,15.944999694824219,1222.0
2026-08-05 12:55:00,NWE,,68.70999908447266,68.70999908447266,68.70999908447266,68.70999908447266,195.0
2026-08-05 12:55:00,NWL,,6.275000095367432,6.275000095367432,6.269999980926514,6.275000095367432,5226.0
2026-08-05 12:55:00,NWS,,32.20500183105469,32.209999084472656,32.20000076293945,32.209999084472656,880.0
2026-08-05 12:55:00,NWSA,,28.184999465942383,28.184999465942383,28.184999465942383,28.184999465942383,764.0
2026-08-05 12:55:00,NXPI,,233.09500122070312,233.27999877929688,232.94000244140625,233.10000610351562,3066.0
2026-08-05 12:55:00,NXT,,98.82499694824219,98.83000183105469,98.81500244140625,98.82499694824219,2416.0
2026-08-05 12:55:00,NXTC,,5.099999904632568,5.110000133514404,5.099999904632568,5.110000133514404,3284.0
2026-08-05 12:55:00,OCGN,,1.2999999523162842,1.2999999523162842,1.2949999570846558,1.2949999570846558,2489.0
2026-08-05 12:55:00,OCSL,,12.164999961853027,12.164999961853027,12.164999961853027,12.164999961853027,542.0
2026-08-05 12:55:00,OCUL,,8.5649995803833,8.569999694824219,8.5649995803833,8.569999694824219,2214.0
2026-08-05 12:55:00,OFIX,,10.555000305175781,10.555000305175781,10.555000305175781,10.555000305175781,5280.0
2026-08-05 12:55:00,OKTA,,147.97000122070312,148.0399932861328,147.97000122070312,147.99000549316406,2600.0
2026-08-05 12:55:00,OLLI,,78.2249984741211,78.2249984741211,78.20999908447266,78.20999908447266,1618.0
2026-08-05 12:55:00,OM,,5.010000228881836,5.025000095367432,5.010000228881836,5.025000095367432,1083.0
2026-08-05 12:55:00,OMCL,,37.34000015258789,37.34000015258789,37.30500030517578,37.310001373291016,1216.0
2026-08-05 12:55:00,OMH,,0.11299999803304672,0.11309999972581863,0.11289999634027481,0.11289999634027481,1564.0
2026-08-05 12:55:00,ON,,78.1500015258789,78.25,78.1500015258789,78.2300033569336,26190.0
2026-08-05 12:55:00,ONDS,,8.899900436401367,8.94260025024414,8.890000343322754,8.940099716186523,245827.0
2026-08-05 12:55:00,ONFO,,0.07429999858140945,0.07429999858140945,0.07429999858140945,0.07429999858140945,2937.0
2026-08-05 12:55:00,OPAL,,2.319999933242798,2.319999933242798,2.319999933242798,2.319999933242798,260.0
2026-08-05 12:55:00,OPCH,,23.360000610351562,23.3700008392334,23.360000610351562,23.360000610351562,2010.0
2026-08-05 12:55:00,OPEN,,3.8399999141693115,3.8499999046325684,3.8299999237060547,3.8350000381469727,56535.0
2026-08-05 12:55:00,OPRT,,6.170000076293945,6.170000076293945,6.170000076293945,6.170000076293945,879.0
2026-08-05 12:55:00,ORLY,,93.05000305175781,93.06050109863281,93.04000091552734,93.06050109863281,2561.0
2026-08-05 12:55:00,ORMP,,4.440000057220459,4.440000057220459,4.440000057220459,4.440000057220459,1134.0
2026-08-05 12:55:00,OSPN,,16.469999313354492,16.469999313354492,16.450000762939453,16.459999084472656,1314.0
2026-08-05 12:55:00,OSS,,14.085000038146973,14.085000038146973,14.085000038146973,14.085000038146973,120.0
2026-08-05 12:55:00,OTEX,,25.834999084472656,25.850000381469727,25.834999084472656,25.850000381469727,2280.0
2026-08-05 12:55:00,OTLK,,1.0099999904632568,1.0199999809265137,1.0099999904632568,1.0199999809265137,2864.0
2026-08-05 12:55:00,OXLC,,9.154999732971191,9.154999732971191,9.154999732971191,9.154999732971191,1601.0
2026-08-05 12:55:00,PAA,,23.208799362182617,23.208799362182617,23.204999923706055,23.204999923706055,869.0
2026-08-05 12:55:00,PAAS,,48.09000015258789,48.149898529052734,48.09000015258789,48.13999938964844,8735.0
2026-08-05 12:55:00,PACB,,1.3949999809265137,1.399999976158142,1.3899999856948853,1.3899999856948853,15504.0
2026-08-05 12:55:00,PAGP,,25.1299991607666,25.1299991607666,25.1299991607666,25.1299991607666,1161.0
2026-08-05 12:55:00,PALI,,2.134999990463257,2.140000104904175,2.130000114440918,2.130000114440918,10771.0
2026-08-05 12:55:00,PANW,,363.840087890625,364.0299987792969,363.7749938964844,363.9100036621094,5032.0
2026-08-05 12:55:00,PAX,,11.5,11.5,11.489999771118164,11.489999771118164,2489.0
2026-08-05 12:55:00,PAYO,,7.125,7.130000114440918,7.125,7.130000114440918,599.0
2026-08-05 12:55:00,PAYX,,116.97000122070312,117.04000091552734,116.97000122070312,117.04000091552734,2202.0
2026-08-05 12:55:00,PCAR,,134.05999755859375,134.16000366210938,134.05999755859375,134.16000366210938,2156.0
2026-08-05 12:55:00,PCTY,,144.25,144.71749877929688,144.25,144.71749877929688,2647.0
2026-08-05 12:55:00,PDD,,90.80999755859375,90.81500244140625,90.80999755859375,90.81500244140625,1615.0
2026-08-05 12:55:00,PEGA,,31.725000381469727,31.729999542236328,31.719999313354492,31.729999542236328,1960.0
2026-08-05 12:55:00,PENN,,19.829999923706055,19.860000610351562,19.829999923706055,19.850000381469727,5499.0
2026-08-05 12:55:00,PEP,,138.5800018310547,138.5800018310547,138.52499389648438,138.55999755859375,8893.0
2026-08-05 12:55:00,PEPG,,1.9450000524520874,1.9450000524520874,1.940000057220459,1.940000057220459,468.0
2026-08-05 12:55:00,PERI,,9.550000190734863,9.550000190734863,9.550000190734863,9.550000190734863,149.0
2026-08-05 12:55:00,PFG,,113.9749984741211,113.9749984741211,113.9749984741211,113.9749984741211,432.0
2026-08-05 12:55:00,PGEN,,6.90500020980835,6.909999847412109,6.889999866485596,6.898799896240234,13234.0
2026-08-05 12:55:00,PGY,,21.709999084472656,21.729999542236328,21.709999084472656,21.729999542236328,3143.0
2026-08-05 12:55:00,PLBY,,1.1449999809265137,1.1449999809265137,1.1449999809265137,1.1449999809265137,151.0
2026-08-05 12:55:00,PLTK,,3.9549999237060547,3.9549999237060547,3.9549999237060547,3.9549999237060547,560.0
2026-08-05 12:55:00,PLUG,,2.0850000381469727,2.0899999141693115,2.0799999237060547,2.0815000534057617,8601.0
2026-08-05 12:55:00,PLXS,,275.45001220703125,275.4949951171875,275.45001220703125,275.45001220703125,805.0
2026-08-05 12:55:00,PNFP,,107.7300033569336,107.79000091552734,107.7300033569336,107.73999786376953,8799.0
2026-08-05 12:55:00,PNTG,,39.07500076293945,39.07500076293945,39.07500076293945,39.07500076293945,295.0
2026-08-05 12:55:00,POET,,8.345000267028809,8.350000381469727,8.34000015258789,8.345000267028809,7728.0
2026-08-05 12:55:00,POOL,,206.6999969482422,206.80999755859375,206.6999969482422,206.6999969482422,2585.0
2026-08-05 12:55:00,POWI,,62.26499938964844,62.34000015258789,62.2599983215332,62.29999923706055,1334.0
2026-08-05 12:55:00,POWL,,213.13999938964844,213.33999633789062,213.0,213.14999389648438,1545.0
2026-08-05 12:55:00,PPC,,26.280000686645508,26.280000686645508,26.280000686645508,26.280000686645508,1464.0
2026-08-05 12:55:00,PPTA,,22.350000381469727,22.375900268554688,22.350000381469727,22.375900268554688,1140.0
2026-08-05 12:55:00,PRCH,,15.84000015258789,15.84000015258789,15.84000015258789,15.84000015258789,340.0
2026-08-05 12:55:00,PRCT,,19.299999237060547,19.299999237060547,19.2549991607666,19.260000228881836,6529.0
2026-08-05 12:55:00,PRDO,,32.91999816894531,32.91999816894531,32.91999816894531,32.91999816894531,405.0
2026-08-05 12:55:00,PRGS,,42.02000045776367,42.02000045776367,42.02000045776367,42.02000045776367,270.0
2026-08-05 12:55:00,PRIM,,84.9000015258789,84.95999908447266,84.88500213623047,84.88500213623047,895.0
2026-08-05 12:55:00,PRME,,3.0850000381469727,3.0850000381469727,3.0799999237060547,3.0799999237060547,29083.0
2026-08-05 12:55:00,PRTH,,6.605000019073486,6.605000019073486,6.605000019073486,6.605000019073486,1219.0
2026-08-05 12:55:00,PRVA,,24.40999984741211,24.40999984741211,24.3799991607666,24.3799991607666,6266.0
2026-08-05 12:55:00,PSEC,,2.180999994277954,2.190000057220459,2.180999994277954,2.184999942779541,2353.0
2026-08-05 12:55:00,PSNL,,13.520000457763672,13.520000457763672,13.510000228881836,13.510000228881836,2008.0
2026-08-05 12:55:00,PTC,,139.61000061035156,139.6699981689453,139.61000061035156,139.6699981689453,2068.0
2026-08-05 12:55:00,PTCT,,69.0,69.0,68.98999786376953,68.98999786376953,1844.0
2026-08-05 12:55:00,PTEN,,9.78499984741211,9.789999961853027,9.774999618530273,9.779999732971191,18971.0
2026-08-05 12:55:00,PTLO,,4.679999828338623,4.679999828338623,4.669899940490723,4.670000076293945,32305.0
2026-08-05 12:55:00,PTON,,6.505000114440918,6.505000114440918,6.5,6.505000114440918,12642.0
2026-08-05 12:55:00,PWP,,17.329999923706055,17.329999923706055,17.329999923706055,17.329999923706055,821.0
2026-08-05 12:55:00,PYPL,,58.20500183105469,58.209999084472656,58.20000076293945,58.209999084472656,3336.0
2026-08-05 12:55:00,PYXS,,3.190000057220459,3.190000057220459,3.190000057220459,3.190000057220459,378.0
2026-08-05 12:55:00,PZZA,,30.364999771118164,30.364999771118164,30.364999771118164,30.364999771118164,563.0
2026-08-05 12:55:00,QCOM,,158.7050018310547,158.80999755859375,158.6300048828125,158.6300048828125,10684.0
2026-08-05 12:55:00,QRVO,,94.93499755859375,94.94000244140625,94.93000030517578,94.93000030517578,1384.0
2026-08-05 12:55:00,SEED,,1.019700050354004,1.0199999809265137,1.0151000022888184,1.019700050354004,753.0
2026-08-05 12:55:00,STIM,,2.2899999618530273,2.2899999618530273,2.2899999618530273,2.2899999618530273,2675.0
2026-08-05 12:55:00,TARA,,4.059999942779541,4.059999942779541,4.059999942779541,4.059999942779541,1308.0
2026-08-05 12:55:00,WOOF,,2.944999933242798,2.944999933242798,2.944999933242798,2.944999933242798,4880.0
2026-08-05 12:56:00,FIZZ,,32.0,32.0,32.0,32.0,291.0
2026-08-05 12:56:00,KITT,,1.024999976158142,1.024999976158142,1.024999976158142,1.024999976158142,0.0
2026-08-05 12:56:00,MBRX,,0.4097000062465668,0.4097000062465668,0.4097000062465668,0.4097000062465668,172.0
2026-08-05 12:56:00,MDB,,375.2799987792969,375.5299987792969,375.2550048828125,375.5299987792969,1689.0
2026-08-05 12:56:00,MDLZ,,62.185001373291016,62.20500183105469,62.185001373291016,62.19499969482422,7268.0
2026-08-05 12:56:00,MNRO,,13.210000038146973,13.210000038146973,13.210000038146973,13.210000038146973,941.0
2026-08-05 12:56:00,MNST,,94.51499938964844,94.51499938964844,94.51000213623047,94.51000213623047,2081.0
2026-08-05 12:56:00,MPWR,,1344.7349853515625,1345.219970703125,1344.7349853515625,1345.02001953125,574.0
2026-08-05 12:56:00,MRNA,,56.98500061035156,57.0,56.967899322509766,56.967899322509766,2221.0
2026-08-05 12:56:00,MYGN,,3.115000009536743,3.125,3.115000009536743,3.115000009536743,7277.0
2026-08-05 12:56:00,MYPS,,0.7419000267982483,0.7419000267982483,0.7419000267982483,0.7419000267982483,4272.0
2026-08-05 12:56:00,NAMS,,27.79990005493164,27.79990005493164,27.545000076293945,27.545000076293945,2597.0
2026-08-05 12:56:00,NAMSW,,16.0,16.0,16.0,16.0,0.0
2026-08-05 12:56:00,NATR,,20.049999237060547,20.049999237060547,20.049999237060547,20.049999237060547,1023.0
2026-08-05 12:56:00,NAVI,,9.114999771118164,9.114999771118164,9.114999771118164,9.114999771118164,126.0
2026-08-05 12:56:00,NB,,5.088900089263916,5.088900089263916,5.079999923706055,5.079999923706055,1110.0
2026-08-05 12:56:00,NBIX,,163.14500427246094,163.2100067138672,163.10499572753906,163.1199951171875,1621.0
2026-08-05 12:56:00,NBTB,,53.45000076293945,53.45000076293945,53.43000030517578,53.43000030517578,748.0
2026-08-05 12:56:00,NDAQ,,94.88500213623047,94.90499877929688,94.87999725341797,94.90499877929688,3834.0
2026-08-05 12:56:00,NEO,,16.010000228881836,16.059999465942383,16.010000228881836,16.059999465942383,9213.0
2026-08-05 12:56:00,NEOG,,11.6899995803833,11.6899995803833,11.6899995803833,11.6899995803833,940.0
2026-08-05 12:56:00,NEWT,,15.029999732971191,15.029999732971191,15.029999732971191,15.029999732971191,140.0
2026-08-05 12:56:00,NFE,,0.3359000086784363,0.33649998903274536,0.3359000086784363,0.33649998903274536,1520.0
2026-08-05 12:56:00,NFLX,,73.25,73.28500366210938,73.25,73.28500366210938,32763.0
2026-08-05 12:56:00,NGNE,,35.4900016784668,35.4900016784668,35.375,35.375,422.0
2026-08-05 12:56:00,NICE,,97.30000305175781,97.31999969482422,97.30000305175781,97.31999969482422,1480.0
2026-08-05 12:56:00,NKTR,,73.23999786376953,73.23999786376953,73.23999786376953,73.23999786376953,121.0
2026-08-05 12:56:00,NMRK,,15.635000228881836,15.635000228881836,15.635000228881836,15.635000228881836,1093.0
2026-08-05 12:56:00,NN,,14.104999542236328,14.154999732971191,14.104999542236328,14.154999732971191,14540.0
2026-08-05 12:56:00,NNBR,,3.880000114440918,3.880000114440918,3.880000114440918,3.880000114440918,479.0
2026-08-05 12:56:00,NNDM,,1.5449999570846558,1.5449999570846558,1.5449999570846558,1.5449999570846558,627.0
2026-08-05 12:56:00,NNOX,,1.024999976158142,1.024999976158142,1.024999976158142,1.024999976158142,200.0
2026-08-05 12:56:00,NODK,,15.449999809265137,15.449999809265137,15.449999809265137,15.449999809265137,126.0
2026-08-05 12:56:00,NPCE,,13.489999771118164,13.5,13.470000267028809,13.470000267028809,2594.0
2026-08-05 12:56:00,NRDS,,9.130000114440918,9.130000114440918,9.130000114440918,9.130000114440918,310.0
2026-08-05 12:56:00,NRIX,,24.950000762939453,24.950000762939453,24.904600143432617,24.904600143432617,2253.0
2026-08-05 12:56:00,NRXP,,3.0394999980926514,3.0394999980926514,3.0350000858306885,3.0381999015808105,519.0
2026-08-05 12:56:00,NSSC,,40.2599983215332,40.26499938964844,40.2599983215332,40.26499938964844,993.0
2026-08-05 12:56:00,NTAP,,189.25999450683594,189.33999633789062,189.21499633789062,189.30999755859375,4690.0
2026-08-05 12:56:00,NTES,,127.6500015258789,127.6500015258789,127.62999725341797,127.62999725341797,1539.0
2026-08-05 12:56:00,NTGR,,24.299999237060547,24.299999237060547,24.299999237060547,24.299999237060547,647.0
2026-08-05 12:56:00,NTRA,,274.8800048828125,275.5799865722656,274.8800048828125,275.4200134277344,4087.0
2026-08-05 12:56:00,NTRS,,183.72500610351562,183.72500610351562,183.72500610351562,183.72500610351562,328.0
2026-08-05 12:56:00,NVAX,,7.630000114440918,7.639999866485596,7.630000114440918,7.639999866485596,7115.0
2026-08-05 12:56:00,NVCR,,16.100000381469727,16.100000381469727,16.100000381469727,16.100000381469727,1024.0
2026-08-05 12:56:00,NVDA,,221.37010192871094,221.50999450683594,221.27000427246094,221.31500244140625,127755.0
2026-08-05 12:56:00,NVTS,,12.524999618530273,12.524999618530273,12.520000457763672,12.520000457763672,3933.0
2026-08-05 12:56:00,NWL,,6.269999980926514,6.28000020980835,6.269999980926514,6.269999980926514,15544.0
2026-08-05 12:56:00,NWS,,32.224998474121094,32.224998474121094,32.209999084472656,32.209999084472656,1120.0
2026-08-05 12:56:00,NWSA,,28.19499969482422,28.19499969482422,28.190000534057617,28.190000534057617,3175.0
2026-08-05 12:56:00,NXPI,,233.14999389648438,233.23500061035156,233.14999389648438,233.19500732421875,6813.0
2026-08-05 12:56:00,NXST,,191.74000549316406,192.52999877929688,191.74000549316406,192.50999450683594,5898.0
2026-08-05 12:56:00,NXT,,98.91999816894531,98.94000244140625,98.86000061035156,98.94000244140625,8072.0
2026-08-05 12:56:00,OCGN,,1.2999999523162842,1.2999999523162842,1.2949999570846558,1.2999999523162842,2932.0
2026-08-05 12:56:00,OCUL,,8.574999809265137,8.574999809265137,8.574999809265137,8.574999809265137,1481.0
2026-08-05 12:56:00,ODFL,,214.61000061035156,214.7100067138672,214.61000061035156,214.7100067138672,1045.0
2026-08-05 12:56:00,OFIX,,10.550000190734863,10.550000190734863,10.460100173950195,10.529999732971191,11264.0
2026-08-05 12:56:00,OKTA,,147.99000549316406,147.9949951171875,147.99000549316406,147.9949951171875,1320.0
2026-08-05 12:56:00,OLLI,,78.18000030517578,78.2249984741211,78.18000030517578,78.2249984741211,864.0
2026-08-05 12:56:00,OMER,,12.880000114440918,12.880000114440918,12.880000114440918,12.880000114440918,1005.0
2026-08-05 12:56:00,OMH,,0.11289999634027481,0.11299999803304672,0.11289999634027481,0.11299999803304672,771.0
2026-08-05 12:56:00,ON,,78.1675033569336,78.23829650878906,78.15769958496094,78.19999694824219,16885.0
2026-08-05 12:56:00,ONDS,,8.890000343322754,8.898200035095215,8.869999885559082,8.898200035095215,458651.0
2026-08-05 12:56:00,ONFO,,0.0738999992609024,0.0738999992609024,0.0738999992609024,0.0738999992609024,2192.0
2026-08-05 12:56:00,OPCH,,23.3700008392334,23.3700008392334,23.350000381469727,23.350000381469727,4021.0
2026-08-05 12:56:00,OPEN,,3.8399999141693115,3.8450000286102295,3.8350000381469727,3.8399999141693115,77530.0
2026-08-05 12:56:00,OPK,,1.320099949836731,1.3250000476837158,1.320099949836731,1.3250000476837158,1876.0
2026-08-05 12:56:00,ORIC,,13.1899995803833,13.1899995803833,13.170000076293945,13.170000076293945,4882.0
2026-08-05 12:56:00,ORLY,,93.05500030517578,93.06999969482422,93.05000305175781,93.05999755859375,3804.0
2026-08-05 12:56:00,OSIS,,235.97999572753906,235.97999572753906,235.97999572753906,235.97999572753906,138.0
2026-08-05 12:56:00,OSS,,14.079999923706055,14.109600067138672,14.079999923706055,14.109600067138672,469.0
2026-08-05 12:56:00,OSUR,,4.135000228881836,4.135000228881836,4.135000228881836,4.135000228881836,324.0
2026-08-05 12:56:00,OTEX,,25.84000015258789,25.854999542236328,25.829999923706055,25.850000381469727,4205.0
2026-08-05 12:56:00,OTLK,,1.0199999809265137,1.0199999809265137,1.0199999809265137,1.0199999809265137,884.0
2026-08-05 12:56:00,OVBC,,42.80500030517578,42.80500030517578,42.80500030517578,42.80500030517578,103.0
2026-08-05 12:56:00,OVID,,2.5999999046325684,2.5999999046325684,2.5999999046325684,2.5999999046325684,3374.0
2026-08-05 12:56:00,OXLC,,9.154999732971191,9.154999732971191,9.154999732971191,9.154999732971191,889.0
2026-08-05 12:56:00,PAA,,23.209999084472656,23.21500015258789,23.209999084472656,23.209999084472656,2622.0
2026-08-05 12:56:00,PAAS,,48.06999969482422,48.11000061035156,48.060001373291016,48.099998474121094,3546.0
2026-08-05 12:56:00,PACB,,1.3949999809265137,1.3949999809265137,1.3899999856948853,1.3949999809265137,38041.0
2026-08-05 12:56:00,PAGP,,25.139999389648438,25.139999389648438,25.135000228881836,25.139999389648438,2380.0
2026-08-05 12:56:00,PALI,,2.140000104904175,2.140000104904175,2.130199909210205,2.140000104904175,1591.0
2026-08-05 12:56:00,PANW,,364.0050048828125,364.0050048828125,363.8999938964844,363.8999938964844,3111.0
2026-08-05 12:56:00,PAX,,11.494999885559082,11.515000343322754,11.494999885559082,11.505000114440918,9083.0
2026-08-05 12:56:00,PAYO,,7.130000114440918,7.130000114440918,7.125,7.125,649.0
2026-08-05 12:56:00,PAYX,,116.91999816894531,116.95999908447266,116.91999816894531,116.95999908447266,1595.0
2026-08-05 12:56:00,PCAR,,134.06500244140625,134.06500244140625,134.06500244140625,134.06500244140625,120.0
2026-08-05 12:56:00,PCRX,,24.584999084472656,24.584999084472656,24.510000228881836,24.510000228881836,4584.0
2026-08-05 12:56:00,PCT,,6.900000095367432,6.900000095367432,6.89109992980957,6.899899959564209,3160.0
2026-08-05 12:56:00,PCTY,,144.23500061035156,144.23500061035156,144.23500061035156,144.23500061035156,202.0
2026-08-05 12:56:00,PDD,,90.80000305175781,90.81999969482422,90.80000305175781,90.80999755859375,11211.0
2026-08-05 12:56:00,PDSB,,0.713100016117096,0.713100016117096,0.713100016117096,0.713100016117096,2583.0
2026-08-05 12:56:00,PECO,,41.39500045776367,41.39500045776367,41.39500045776367,41.39500045776367,915.0
2026-08-05 12:56:00,PEGA,,31.729999542236328,31.7450008392334,31.729999542236328,31.729999542236328,2050.0
2026-08-05 12:56:00,PENN,,19.834999084472656,19.84000015258789,19.829999923706055,19.84000015258789,2126.0
2026-08-05 12:56:00,PEP,,138.57000732421875,138.5800018310547,138.55999755859375,138.57000732421875,5114.0
2026-08-05 12:56:00,PEPG,,1.940000057220459,1.940000057220459,1.940000057220459,1.940000057220459,200.0
2026-08-05 12:56:00,PERI,,9.550000190734863,9.550000190734863,9.550000190734863,9.550000190734863,455.0
2026-08-05 12:56:00,PFG,,114.0999984741211,114.12999725341797,114.05000305175781,114.05999755859375,4042.0
2026-08-05 12:56:00,PGEN,,6.914999961853027,6.914999961853027,6.900000095367432,6.900000095367432,7689.0
2026-08-05 12:56:00,PGNY,,31.68000030517578,31.68000030517578,31.68000030517578,31.68000030517578,280.0
2026-08-05 12:56:00,PGY,,21.729999542236328,21.729999542236328,21.719999313354492,21.719999313354492,4570.0
2026-08-05 12:56:00,PLAB,,32.13999938964844,32.13999938964844,32.13999938964844,32.13999938964844,1134.0
2026-08-05 12:56:00,PLPC,,457.92498779296875,459.5299987792969,455.9700012207031,459.4725036621094,2919.0
2026-08-05 12:56:00,PLTK,,3.9200000762939453,3.950000047683716,3.9200000762939453,3.950000047683716,42867.0
2026-08-05 12:56:00,PLUG,,2.0899999141693115,2.0899999141693115,2.0799999237060547,2.0799999237060547,22373.0
2026-08-05 12:56:00,PLXS,,275.6199951171875,275.6199951171875,275.6099853515625,275.6099853515625,853.0
2026-08-05 12:56:00,PNTG,,39.07500076293945,39.090301513671875,39.07500076293945,39.090301513671875,234.0
2026-08-05 12:56:00,POET,,8.354999542236328,8.354999542236328,8.34000015258789,8.34000015258789,12861.0
2026-08-05 12:56:00,POOL,,206.97000122070312,206.97000122070312,206.97000122070312,206.97000122070312,201.0
2026-08-05 12:56:00,POWI,,62.244998931884766,62.26499938964844,62.244998931884766,62.26499938964844,790.0
2026-08-05 12:56:00,POWL,,213.14500427246094,213.14500427246094,213.14500427246094,213.14500427246094,110.0
2026-08-05 12:56:00,PPTA,,22.31999969482422,22.31999969482422,22.31999969482422,22.31999969482422,978.0
2026-08-05 12:56:00,PRAA,,17.389999389648438,17.43000030517578,17.389999389648438,17.395000457763672,3331.0
2026-08-05 12:56:00,PRAX,,313.9200134277344,313.9200134277344,313.9200134277344,313.9200134277344,302.0
2026-08-05 12:56:00,PRCH,,15.829999923706055,15.859999656677246,15.829999923706055,15.859999656677246,2952.0
2026-08-05 12:56:00,PRCT,,19.290000915527344,19.290000915527344,19.290000915527344,19.290000915527344,110.0
2026-08-05 12:56:00,PRIM,,84.9800033569336,85.0,84.88999938964844,84.88999938964844,2556.0
2026-08-05 12:56:00,PRLD,,4.550000190734863,4.559999942779541,4.550000190734863,4.559999942779541,1736.0
2026-08-05 12:56:00,PRME,,3.0899999141693115,3.0903000831604004,3.0899999141693115,3.0899999141693115,15272.0
2026-08-05 12:56:00,PRQR,,1.9198999404907227,1.9198999404907227,1.9198999404907227,1.9198999404907227,540.0
2026-08-05 12:56:00,PRTA,,8.539999961853027,8.539999961853027,8.53499984741211,8.53499984741211,1596.0
2026-08-05 12:56:00,PRVA,,24.389999389648438,24.389999389648438,24.389999389648438,24.389999389648438,646.0
2026-08-05 12:56:00,PSEC,,2.184999942779541,2.190000057220459,2.180000066757202,2.184999942779541,1483.0
2026-08-05 12:56:00,PSMT,,192.35000610351562,192.35000610351562,192.35000610351562,192.35000610351562,413.0
2026-08-05 12:56:00,PSNL,,13.515000343322754,13.520000457763672,13.515000343322754,13.520000457763672,1055.0
2026-08-05 12:56:00,PTC,,139.5050048828125,139.5050048828125,139.5050048828125,139.5050048828125,735.0
2026-08-05 12:56:00,PTEN,,9.78499984741211,9.789999961853027,9.78499984741211,9.789999961853027,7919.0
2026-08-05 12:56:00,PTLO,,4.679999828338623,4.695000171661377,4.675000190734863,4.679999828338623,16015.0
2026-08-05 12:56:00,PTON,,6.505000114440918,6.505000114440918,6.500100135803223,6.500100135803223,6183.0
2026-08-05 12:56:00,PWP,,17.329999923706055,17.329999923706055,17.31999969482422,17.31999969482422,966.0
2026-08-05 12:56:00,PYPL,,58.220001220703125,58.220001220703125,58.20500183105469,58.209999084472656,4976.0
2026-08-05 12:56:00,PYXS,,3.184999942779541,3.184999942779541,3.184999942779541,3.184999942779541,262.0
2026-08-05 12:56:00,PZZA,,30.364999771118164,30.364999771118164,30.351600646972656,30.351600646972656,1670.0
2026-08-05 12:56:00,QCOM,,158.61000061035156,158.75,158.58180236816406,158.7100067138672,8164.0
2026-08-05 12:56:00,QRVO,,94.93000030517578,94.95999908447266,94.93000030517578,94.95999908447266,973.0
2026-08-05 12:56:00,SEED,,1.0199999809265137,1.0199999809265137,1.019700050354004,1.019700050354004,701.0
2026-08-05 12:56:00,WOOF,,2.944999933242798,2.944999933242798,2.940000057220459,2.940000057220459,1025.0
2026-08-05 12:57:00,ACDC,,4.425000190734863,4.429999828338623,4.425000190734863,4.425000190734863,2159.0
2026-08-05 12:57:00,EYE,,23.170000076293945,23.174999237060547,23.170000076293945,23.174999237060547,792.0
2026-08-05 12:57:00,FIZZ,,32.0,32.0,32.0,32.0,548.0
2026-08-05 12:57:00,GLUE,,15.649999618530273,15.649999618530273,15.640000343322754,15.640000343322754,2546.0
2026-08-05 12:57:00,KITT,,1.0299999713897705,1.0299999713897705,1.0299999713897705,1.0299999713897705,392.0
2026-08-05 12:57:00,MDB,,375.82379150390625,375.87298583984375,375.4049987792969,375.510009765625,4100.0
2026-08-05 12:57:00,MDLZ,,62.20000076293945,62.20500183105469,62.18000030517578,62.18000030517578,9183.0
2026-08-05 12:57:00,MNST,,94.51499938964844,94.5199966430664,94.48999786376953,94.49500274658203,2446.0
2026-08-05 12:57:00,MNTS,,4.310500144958496,4.310500144958496,4.300000190734863,4.300000190734863,2162.0
2026-08-05 12:57:00,MORN,,197.25999450683594,197.25999450683594,197.25999450683594,197.25999450683594,1301.0
2026-08-05 12:57:00,MPWR,,1345.9749755859375,1346.280029296875,1344.949951171875,1344.989990234375,368.0
2026-08-05 12:57:00,MRNA,,57.0099983215332,57.040000915527344,57.0,57.02000045776367,7965.0
2026-08-05 12:57:00,MYGN,,3.125,3.125,3.119999885559082,3.119999885559082,4918.0
2026-08-05 12:57:00,MYRG,,340.0,340.0,339.989990234375,339.989990234375,733.0
2026-08-05 12:57:00,NAMS,,27.639999389648438,27.639999389648438,27.59000015258789,27.59000015258789,1039.0
2026-08-05 12:57:00,NAVI,,9.114999771118164,9.114999771118164,9.114999771118164,9.114999771118164,1014.0
2026-08-05 12:57:00,NB,,5.085000038146973,5.089700222015381,5.085000038146973,5.089700222015381,2251.0
2026-08-05 12:57:00,NBIX,,163.14999389648438,163.14999389648438,163.14999389648438,163.14999389648438,262.0
2026-08-05 12:57:00,NDAQ,,94.94000244140625,94.94000244140625,94.86000061035156,94.88500213623047,3161.0
2026-08-05 12:57:00,NEO,,16.0,16.010000228881836,16.0,16.010000228881836,1504.0
2026-08-05 12:57:00,NEOG,,11.6850004196167,11.6899995803833,11.6850004196167,11.6899995803833,3413.0
2026-08-05 12:57:00,NEWT,,15.050000190734863,15.050000190734863,15.045000076293945,15.045000076293945,571.0
2026-08-05 12:57:00,NFE,,0.3359000086784363,0.33649998903274536,0.3359000086784363,0.33649998903274536,1664.0
2026-08-05 12:57:00,NFLX,,73.23500061035156,73.25,73.2249984741211,73.24500274658203,48814.0
2026-08-05 12:57:00,NIU,,2.434999942779541,2.434999942779541,2.434999942779541,2.434999942779541,1254.0
2026-08-05 12:57:00,NKTR,,73.16999816894531,73.16999816894531,73.16999816894531,73.16999816894531,664.0
2026-08-05 12:57:00,NMFC,,7.334099769592285,7.334099769592285,7.334099769592285,7.334099769592285,353.0
2026-08-05 12:57:00,NMIH,,44.41999816894531,44.41999816894531,44.34000015258789,44.345001220703125,3793.0
2026-08-05 12:57:00,NMRK,,15.635000228881836,15.635000228881836,15.635000228881836,15.635000228881836,774.0
2026-08-05 12:57:00,NN,,14.164999961853027,14.164999961853027,14.109999656677246,14.119999885559082,7211.0
2026-08-05 12:57:00,NNBR,,3.890000104904175,3.890000104904175,3.875,3.875,2776.0
2026-08-05 12:57:00,NNDM,,1.5449999570846558,1.5449999570846558,1.5449999570846558,1.5449999570846558,1678.0
2026-08-05 12:57:00,NRDS,,9.130000114440918,9.130000114440918,9.130000114440918,9.130000114440918,627.0
2026-08-05 12:57:00,NRIX,,24.940000534057617,24.940000534057617,24.940000534057617,24.940000534057617,222.0
2026-08-05 12:57:00,NTAP,,189.4600067138672,189.4600067138672,189.2949981689453,189.2949981689453,3149.0
2026-08-05 12:57:00,NTCT,,41.720001220703125,41.720001220703125,41.720001220703125,41.720001220703125,225.0
2026-08-05 12:57:00,NTES,,127.66000366210938,127.66000366210938,127.66000366210938,127.66000366210938,1274.0
2026-08-05 12:57:00,NTNX,,60.67499923706055,60.67499923706055,60.67499923706055,60.67499923706055,983.0
2026-08-05 12:57:00,NTRA,,274.94500732421875,274.94500732421875,274.9049987792969,274.9049987792969,2342.0
2026-08-05 12:57:00,NTRS,,183.76499938964844,183.76499938964844,183.7550048828125,183.7550048828125,1891.0
2026-08-05 12:57:00,NUTX,,157.53500366210938,157.53500366210938,157.53500366210938,157.53500366210938,979.0
2026-08-05 12:57:00,NVAX,,7.639999866485596,7.639999866485596,7.635000228881836,7.635000228881836,9655.0
2026-08-05 12:57:00,NVCR,,16.110000610351562,16.110000610351562,16.110000610351562,16.110000610351562,1175.0
2026-08-05 12:57:00,NVDA,,221.47000122070312,221.48500061035156,221.33999633789062,221.3699951171875,144205.0
2026-08-05 12:57:00,NVMI,,410.7900085449219,410.7900085449219,410.7900085449219,410.7900085449219,205.0
2026-08-05 12:57:00,NVTS,,12.53499984741211,12.539999961853027,12.529999732971191,12.529999732971191,4527.0
2026-08-05 12:57:00,NWE,,68.76000213623047,68.76000213623047,68.76000213623047,68.76000213623047,229.0
2026-08-05 12:57:00,NWL,,6.275000095367432,6.275000095367432,6.269999980926514,6.269999980926514,4380.0
2026-08-05 12:57:00,NWS,,32.220001220703125,32.224998474121094,32.220001220703125,32.224998474121094,2913.0
2026-08-05 12:57:00,NWSA,,28.19499969482422,28.200000762939453,28.18000030517578,28.190000534057617,8726.0
2026-08-05 12:57:00,NXPI,,233.18499755859375,233.27999877929688,233.07000732421875,233.14999389648438,13967.0
2026-08-05 12:57:00,NXT,,98.9926986694336,99.00499725341797,98.92500305175781,98.92500305175781,1450.0
2026-08-05 12:57:00,NYXH,,1.4149999618530273,1.4249999523162842,1.4149999618530273,1.4199999570846558,13374.0
2026-08-05 12:57:00,OBT,,38.90999984741211,38.90999984741211,38.90999984741211,38.90999984741211,2529.0
2026-08-05 12:57:00,OCC,,15.930000305175781,15.930000305175781,15.84000015258789,15.890000343322754,1432.0
2026-08-05 12:57:00,OCFC,,19.780000686645508,19.780000686645508,19.774999618530273,19.774999618530273,1410.0
2026-08-05 12:57:00,OCGN,,1.3049999475479126,1.3087999820709229,1.2949999570846558,1.2949999570846558,33081.0
2026-08-05 12:57:00,OCS,,12.055000305175781,12.055000305175781,12.055000305175781,12.055000305175781,850.0
2026-08-05 12:57:00,OCSL,,12.149999618530273,12.15999984741211,12.140000343322754,12.15999984741211,3162.0
2026-08-05 12:57:00,ODFL,,214.60000610351562,214.7899932861328,214.60000610351562,214.7899932861328,1842.0
2026-08-05 12:57:00,OESX,,14.395000457763672,14.395000457763672,14.395000457763672,14.395000457763672,1727.0
2026-08-05 12:57:00,OKTA,,148.16000366210938,148.16000366210938,148.0399932861328,148.0399932861328,1668.0
2026-08-05 12:57:00,OLLI,,78.2699966430664,78.2699966430664,78.22149658203125,78.24500274658203,1529.0
2026-08-05 12:57:00,OLMA,,11.604999542236328,11.619999885559082,11.604999542236328,11.619999885559082,1584.0
2026-08-05 12:57:00,OMH,,0.11289999634027481,0.11289999634027481,0.11289999634027481,0.11289999634027481,1764.0
2026-08-05 12:57:00,ON,,78.24500274658203,78.25,78.16000366210938,78.16000366210938,27115.0
2026-08-05 12:57:00,ONB,,27.030000686645508,27.030000686645508,27.024999618530273,27.024999618530273,2753.0
2026-08-05 12:57:00,ONDS,,8.89050006866455,8.909899711608887,8.880000114440918,8.88640022277832,190777.0
2026-08-05 12:57:00,ONFO,,0.0738999992609024,0.07479999959468842,0.0738999992609024,0.0738999992609024,36257.0
2026-08-05 12:57:00,OPCH,,23.389999389648438,23.389999389648438,23.360000610351562,23.3700008392334,3086.0
2026-08-05 12:57:00,OPEN,,3.8399999141693115,3.8499999046325684,3.8399999141693115,3.8450000286102295,12442.0
2026-08-05 12:57:00,OPHC,,8.545000076293945,8.569899559020996,8.520000457763672,8.569899559020996,1915.0
2026-08-05 12:57:00,OPK,,1.3200000524520874,1.3250000476837158,1.3200000524520874,1.3200000524520874,3073.0
2026-08-05 12:57:00,OPRA,,19.8700008392334,19.8700008392334,19.8700008392334,19.8700008392334,284.0
2026-08-05 12:57:00,OPRT,,6.164999961853027,6.164999961853027,6.164999961853027,6.164999961853027,608.0
2026-08-05 12:57:00,ORGO,,2.3499999046325684,2.3499999046325684,2.3399999141693115,2.3399999141693115,2573.0
2026-08-05 12:57:00,ORLY,,93.07499694824219,93.08000183105469,93.07499694824219,93.08000183105469,1973.0
2026-08-05 12:57:00,ORRF,,43.2400016784668,43.2400016784668,43.2400016784668,43.2400016784668,179.0
2026-08-05 12:57:00,OSPN,,16.502599716186523,16.502599716186523,16.479999542236328,16.479999542236328,935.0
2026-08-05 12:57:00,OSS,,14.106200218200684,14.109999656677246,14.09000015258789,14.09000015258789,1294.0
2026-08-05 12:57:00,OSUR,,4.135000228881836,4.135000228881836,4.135000228881836,4.135000228881836,317.0
2026-08-05 12:57:00,OSW,,26.540000915527344,26.540000915527344,26.540000915527344,26.540000915527344,407.0
2026-08-05 12:57:00,OTEX,,25.834999084472656,25.844999313354492,25.829999923706055,25.84000015258789,5221.0
2026-08-05 12:57:00,OTLK,,1.0199999809265137,1.0199999809265137,1.0099999904632568,1.010200023651123,17375.0
2026-08-05 12:57:00,OTTR,,91.3301010131836,91.3301010131836,91.3301010131836,91.3301010131836,2285.0
2026-08-05 12:57:00,OXLC,,9.154999732971191,9.154999732971191,9.154999732971191,9.154999732971191,473.0
2026-08-05 12:57:00,PAA,,23.204999923706055,23.208999633789062,23.204999923706055,23.208999633789062,1986.0
2026-08-05 12:57:00,PAAS,,48.08810043334961,48.119998931884766,48.08000183105469,48.08810043334961,2883.0
2026-08-05 12:57:00,PACB,,1.3899999856948853,1.3949999809265137,1.3899999856948853,1.3949999809265137,41733.0
2026-08-05 12:57:00,PAGP,,25.1299991607666,25.1299991607666,25.1299991607666,25.1299991607666,308.0
2026-08-05 12:57:00,PALI,,2.140000104904175,2.140000104904175,2.134999990463257,2.140000104904175,821.0
2026-08-05 12:57:00,PANW,,364.4397888183594,364.44000244140625,364.0419006347656,364.0419006347656,5883.0
2026-08-05 12:57:00,PATK,,87.98139953613281,87.98139953613281,87.98139953613281,87.98139953613281,674.0
2026-08-05 12:57:00,PAX,,11.484999656677246,11.494999885559082,11.475000381469727,11.494999885559082,6594.0
2026-08-05 12:57:00,PAYO,,7.125,7.130000114440918,7.119999885559082,7.119999885559082,258278.0
2026-08-05 12:57:00,PAYX,,116.91500091552734,116.92500305175781,116.91500091552734,116.92500305175781,672.0
2026-08-05 12:57:00,PCAR,,134.1300048828125,134.1300048828125,134.0500030517578,134.0500030517578,3709.0
2026-08-05 12:57:00,PCT,,6.914999961853027,6.914999961853027,6.900000095367432,6.900000095367432,3769.0
2026-08-05 12:57:00,PCTY,,144.33999633789062,144.33999633789062,143.97000122070312,144.24000549316406,10152.0
2026-08-05 12:57:00,PDD,,90.80000305175781,90.80979919433594,90.79100036621094,90.79100036621094,530.0
2026-08-05 12:57:00,PECO,,41.36000061035156,41.380001068115234,41.36000061035156,41.380001068115234,2185.0
2026-08-05 12:57:00,PEGA,,31.729999542236328,31.729999542236328,31.719999313354492,31.719999313354492,1021.0
2026-08-05 12:57:00,PENN,,19.834999084472656,19.834999084472656,19.834999084472656,19.834999084472656,882.0
2026-08-05 12:57:00,PEP,,138.57000732421875,138.58999633789062,138.56739807128906,138.5782928466797,4288.0
2026-08-05 12:57:00,PEPG,,1.9450000524520874,1.9450000524520874,1.940000057220459,1.9450000524520874,660.0
2026-08-05 12:57:00,PESI,,17.809999465942383,17.809999465942383,17.68000030517578,17.700000762939453,4459.0
2026-08-05 12:57:00,PFG,,114.13999938964844,114.1500015258789,114.11499786376953,114.12000274658203,2601.0
2026-08-05 12:57:00,PGEN,,6.914999961853027,6.920000076293945,6.909999847412109,6.920000076293945,6574.0
2026-08-05 12:57:00,PGNY,,31.670000076293945,31.670000076293945,31.670000076293945,31.670000076293945,366.0
2026-08-05 12:57:00,PGY,,21.770000457763672,21.770000457763672,21.729999542236328,21.729999542236328,5130.0
2026-08-05 12:57:00,PLBY,,1.1449999809265137,1.1449999809265137,1.1449999809265137,1.1449999809265137,260.0
2026-08-05 12:57:00,PLPC,,458.4800109863281,458.4800109863281,458.4800109863281,458.4800109863281,162.0
2026-08-05 12:57:00,PLTK,,3.9200000762939453,3.9200000762939453,3.9200000762939453,3.9200000762939453,1214.0
2026-08-05 12:57:00,PLUG,,2.0899999141693115,2.0899999141693115,2.0799999237060547,2.0899999141693115,55288.0
2026-08-05 12:57:00,PNFP,,107.80500030517578,107.80500030517578,107.80500030517578,107.80500030517578,540.0
2026-08-05 12:57:00,PNTG,,39.0099983215332,39.0099983215332,39.0099983215332,39.0099983215332,184.0
2026-08-05 12:57:00,POET,,8.375,8.375,8.364999771118164,8.364999771118164,4105.0
2026-08-05 12:57:00,POOL,,206.86000061035156,206.86000061035156,206.69000244140625,206.69000244140625,1326.0
2026-08-05 12:57:00,POWI,,62.29999923706055,62.29999923706055,62.29999923706055,62.29999923706055,1172.0
2026-08-05 12:57:00,POWL,,213.25,213.25,213.13999938964844,213.13999938964844,1102.0
2026-08-05 12:57:00,PPTA,,22.329999923706055,22.329999923706055,22.329999923706055,22.329999923706055,1145.0
2026-08-05 12:57:00,PRCH,,15.850000381469727,15.869999885559082,15.829999923706055,15.829999923706055,2252.0
2026-08-05 12:57:00,PRCT,,19.28499984741211,19.290000915527344,19.28499984741211,19.290000915527344,2236.0
2026-08-05 12:57:00,PRGS,,42.04970169067383,42.04970169067383,42.04970169067383,42.04970169067383,160.0
2026-08-05 12:57:00,PRIM,,85.1500015258789,85.1500015258789,85.02999877929688,85.02999877929688,799.0
2026-08-05 12:57:00,PRME,,3.0850000381469727,3.0850000381469727,3.0850000381469727,3.0850000381469727,3573.0
2026-08-05 12:57:00,PRQR,,1.9149999618530273,1.9149999618530273,1.9149999618530273,1.9149999618530273,1524.0
2026-08-05 12:57:00,PRTA,,8.53499984741211,8.539999961853027,8.53499984741211,8.53499984741211,819.0
2026-08-05 12:57:00,PRVA,,24.43000030517578,24.43000030517578,24.3799991607666,24.3799991607666,8851.0
2026-08-05 12:57:00,PSEC,,2.184999942779541,2.190000057220459,2.180000066757202,2.185800075531006,17960.0
2026-08-05 12:57:00,PSMT,,192.3000030517578,192.3000030517578,192.3000030517578,192.3000030517578,409.0
2026-08-05 12:57:00,PSNL,,13.520000457763672,13.520000457763672,13.519000053405762,13.520000457763672,2555.0
2026-08-05 12:57:00,PTC,,139.47999572753906,139.49000549316406,139.4600067138672,139.49000549316406,843.0
2026-08-05 12:57:00,PTEN,,9.779999732971191,9.789999961853027,9.779999732971191,9.78499984741211,10456.0
2026-08-05 12:57:00,PTGX,,137.0800018310547,137.0800018310547,136.8000030517578,136.83999633789062,2458.0
2026-08-05 12:57:00,PTLO,,4.675000190734863,4.675000190734863,4.675000190734863,4.675000190734863,680.0
2026-08-05 12:57:00,PTON,,6.505000114440918,6.505000114440918,6.5,6.5040998458862305,5702.0
2026-08-05 12:57:00,PUBM,,13.460000038146973,13.460000038146973,13.460000038146973,13.460000038146973,569.0
2026-08-05 12:57:00,PWP,,17.360000610351562,17.3700008392334,17.31999969482422,17.34000015258789,4709.0
2026-08-05 12:57:00,PXS,,4.779900074005127,4.779900074005127,4.779900074005127,4.779900074005127,271.0
2026-08-05 12:57:00,PYPL,,58.22999954223633,58.22999954223633,58.21009826660156,58.224998474121094,5262.0
2026-08-05 12:57:00,PYXS,,3.194999933242798,3.194999933242798,3.190000057220459,3.190000057220459,1244.0
2026-08-05 12:57:00,PZZA,,30.34000015258789,30.34000015258789,30.299999237060547,30.31999969482422,5672.0
2026-08-05 12:57:00,QCOM,,158.63499450683594,158.69000244140625,158.58009338378906,158.64999389648438,6713.0
2026-08-05 12:57:00,QFIN,,13.210000038146973,13.210000038146973,13.210000038146973,13.210000038146973,1950.0
2026-08-05 12:57:00,QRVO,,94.94999694824219,94.94999694824219,94.94999694824219,94.94999694824219,381.0
2026-08-05 12:57:00,SEED,,1.0199999809265137,1.0199999809265137,1.0199999809265137,1.0199999809265137,2963.0
2026-08-05 12:57:00,TARA,,4.059999942779541,4.059999942779541,4.059999942779541,4.059999942779541,368.0
2026-08-05 12:57:00,WOOF,,2.940000057220459,2.944999933242798,2.940000057220459,2.940000057220459,2182.0
2026-08-05 12:58:00,ACDC,,4.434999942779541,4.434999942779541,4.429999828338623,4.429999828338623,16350.0
2026-08-05 12:58:00,EYE,,23.184999465942383,23.184999465942383,23.170000076293945,23.18000030517578,1837.0
2026-08-05 12:58:00,FIZZ,,32.040000915527344,32.040000915527344,32.040000915527344,32.040000915527344,204.0
2026-08-05 12:58:00,GLUE,,15.640000343322754,15.649999618530273,15.640000343322754,15.649999618530273,1436.0
2026-08-05 12:58:00,LUNG,,2.0,2.0,2.0,2.0,2025.0
2026-08-05 12:58:00,MDB,,375.8974914550781,376.1099853515625,375.8974914550781,376.1099853515625,602.0
2026-08-05 12:58:00,MDLZ,,62.189998626708984,62.20000076293945,62.189998626708984,62.189998626708984,4126.0
2026-08-05 12:58:00,MLTX,,17.719999313354492,17.739999771118164,17.719999313354492,17.739999771118164,661.0
2026-08-05 12:58:00,MNPR,,118.41000366210938,118.41000366210938,118.41000366210938,118.41000366210938,509.0
2026-08-05 12:58:00,MNST,,94.50499725341797,94.52999877929688,94.50499725341797,94.52999877929688,4102.0
2026-08-05 12:58:00,MNTK,,1.690000057220459,1.690000057220459,1.690000057220459,1.690000057220459,397.0
2026-08-05 12:58:00,MNTS,,4.300000190734863,4.304999828338623,4.300000190734863,4.304999828338623,2721.0
2026-08-05 12:58:00,MNTSW,,0.0027000000700354576,0.0027000000700354576,0.0027000000700354576,0.0027000000700354576,100052.0
2026-08-05 12:58:00,MPWR,,1346.324951171875,1348.739990234375,1345.969970703125,1345.969970703125,1385.0
2026-08-05 12:58:00,MRNA,,56.974998474121094,57.02000045776367,56.959999084472656,57.02000045776367,2525.0
2026-08-05 12:58:00,MYGN,,3.125,3.125,3.125,3.125,1334.0
2026-08-05 12:58:00,NAUT,,0.9420999884605408,0.9420999884605408,0.9420999884605408,0.9420999884605408,580.0
2026-08-05 12:58:00,NAVI,,9.125,9.130000114440918,9.125,9.130000114440918,3825.0
2026-08-05 12:58:00,NB,,5.079999923706055,5.079999923706055,5.079999923706055,5.079999923706055,3826.0
2026-08-05 12:58:00,NBIX,,163.14999389648438,163.14999389648438,163.14999389648438,163.14999389648438,722.0
2026-08-05 12:58:00,NDAQ,,94.93000030517578,94.93000030517578,94.93000030517578,94.93000030517578,987.0
2026-08-05 12:58:00,NEO,,16.010000228881836,16.019699096679688,15.989999771118164,16.0,5069.0
2026-08-05 12:58:00,NEOG,,11.6850004196167,11.694999694824219,11.6850004196167,11.6899995803833,5223.0
2026-08-05 12:58:00,NEON,,0.9350000023841858,0.9350000023841858,0.9350000023841858,0.9350000023841858,0.0
2026-08-05 12:58:00,NESR,,28.780000686645508,28.780000686645508,28.719999313354492,28.719999313354492,7079.0
2026-08-05 12:58:00,NEWT,,15.050000190734863,15.050000190734863,15.050000190734863,15.050000190734863,65.0
2026-08-05 12:58:00,NEXT,,6.409999847412109,6.414999961853027,6.409999847412109,6.414999961853027,1467.0
2026-08-05 12:58:00,NFLX,,73.21499633789062,73.23500061035156,73.20999908447266,73.23500061035156,38918.0
2026-08-05 12:58:00,NGNE,,35.470001220703125,35.470001220703125,35.470001220703125,35.470001220703125,200.0
2026-08-05 12:58:00,NKTR,,73.2249984741211,73.23999786376953,73.2249984741211,73.23999786376953,1595.0
2026-08-05 12:58:00,NMFC,,7.335000038146973,7.335000038146973,7.335000038146973,7.335000038146973,453.0
2026-08-05 12:58:00,NMIH,,44.439998626708984,44.439998626708984,44.439998626708984,44.439998626708984,259.0
2026-08-05 12:58:00,NMRK,,15.609999656677246,15.635000228881836,15.609999656677246,15.635000228881836,4044.0
2026-08-05 12:58:00,NN,,14.140000343322754,14.164999961853027,14.140000343322754,14.164999961853027,4835.0
2026-08-05 12:58:00,NNBR,,3.880000114440918,3.884999990463257,3.880000114440918,3.884999990463257,7147.0
2026-08-05 12:58:00,NNDM,,1.5449999570846558,1.5449999570846558,1.5449999570846558,1.5449999570846558,900.0
2026-08-05 12:58:00,NNOX,,1.024999976158142,1.024999976158142,1.024999976158142,1.024999976158142,3609.0
2026-08-05 12:58:00,NRIX,,24.950000762939453,24.969999313354492,24.950000762939453,24.969999313354492,634.0
2026-08-05 12:58:00,NTAP,,189.5749969482422,189.5749969482422,189.39999389648438,189.39999389648438,5229.0
2026-08-05 12:58:00,NTCT,,41.744998931884766,41.744998931884766,41.709999084472656,41.720001220703125,1024.0
2026-08-05 12:58:00,NTGR,,24.280000686645508,24.309999465942383,24.280000686645508,24.309999465942383,1023.0
2026-08-05 12:58:00,NTNX,,60.720001220703125,60.72999954223633,60.689998626708984,60.689998626708984,6369.0
2026-08-05 12:58:00,NTRS,,183.85000610351562,183.93499755859375,183.85000610351562,183.93499755859375,1791.0
2026-08-05 12:58:00,NVAX,,7.638599872589111,7.644999980926514,7.638599872589111,7.644999980926514,2312.0
2026-08-05 12:58:00,NVCR,,16.139999389648438,16.149999618530273,16.110000610351562,16.1299991607666,10125.0
2026-08-05 12:58:00,NVDA,,221.35000610351562,221.52999877929688,221.30999755859375,221.47999572753906,162275.0
2026-08-05 12:58:00,NVEC,,128.49099731445312,128.49099731445312,128.49099731445312,128.49099731445312,1413.0
2026-08-05 12:58:00,NVMI,,410.7149963378906,410.7149963378906,410.7149963378906,410.7149963378906,360.0
2026-08-05 12:58:00,NVTS,,12.510000228881836,12.550000190734863,12.505000114440918,12.531399726867676,18086.0
2026-08-05 12:58:00,NWBI,,15.949999809265137,15.949999809265137,15.949999809265137,15.949999809265137,212.0
2026-08-05 12:58:00,NWL,,6.244999885559082,6.275000095367432,6.239999771118164,6.269999980926514,44529.0
2026-08-05 12:58:00,NXPI,,233.05999755859375,233.1300048828125,233.02000427246094,233.1300048828125,5540.0
2026-08-05 12:58:00,NXT,,98.94000244140625,99.05999755859375,98.94000244140625,99.05999755859375,4100.0
2026-08-05 12:58:00,NYXH,,1.4149999618530273,1.4149999618530273,1.399999976158142,1.4149999618530273,11711.0
2026-08-05 12:58:00,OABI,,2.069999933242798,2.069999933242798,2.069999933242798,2.069999933242798,192.0
2026-08-05 12:58:00,OCC,,15.984999656677246,15.984999656677246,15.984999656677246,15.984999656677246,264.0
2026-08-05 12:58:00,OCFC,,19.774999618530273,19.774999618530273,19.774999618530273,19.774999618530273,805.0
2026-08-05 12:58:00,OCGN,,1.301300048828125,1.3055000305175781,1.2999999523162842,1.3049999475479126,33144.0
2026-08-05 12:58:00,OCSL,,12.154999732971191,12.154999732971191,12.154999732971191,12.154999732971191,352.0
2026-08-05 12:58:00,OCUL,,8.574999809265137,8.574999809265137,8.574999809265137,8.574999809265137,4735.0
2026-08-05 12:58:00,ODD,,15.3100004196167,15.3100004196167,15.3100004196167,15.3100004196167,265.0
2026-08-05 12:58:00,ODFL,,214.69000244140625,214.69000244140625,214.69000244140625,214.69000244140625,824.0
2026-08-05 12:58:00,OFIX,,10.579999923706055,10.579999923706055,10.569999694824219,10.569999694824219,2187.0
2026-08-05 12:58:00,OFS,,3.4700000286102295,3.589900016784668,3.4700000286102295,3.589900016784668,685.0
2026-08-05 12:58:00,OGI,,0.9498999714851379,0.9498999714851379,0.9498999714851379,0.9498999714851379,627.0
2026-08-05 12:58:00,OKTA,,148.17999267578125,148.17999267578125,148.14999389648438,148.14999389648438,1612.0
2026-08-05 12:58:00,OLB,,0.3000999987125397,0.3000999987125397,0.3000999987125397,0.3000999987125397,804.0
2026-08-05 12:58:00,OLLI,,78.20500183105469,78.21499633789062,78.19000244140625,78.19000244140625,2277.0
2026-08-05 12:58:00,OMER,,12.880000114440918,12.880000114440918,12.880000114440918,12.880000114440918,1221.0
2026-08-05 12:58:00,OMH,,0.1128000020980835,0.11299999803304672,0.1128000020980835,0.11299999803304672,29500.0
2026-08-05 12:58:00,ON,,78.2300033569336,78.30999755859375,78.20999908447266,78.2300033569336,28309.0
2026-08-05 12:58:00,ONB,,27.03499984741211,27.045000076293945,27.030099868774414,27.040000915527344,5280.0
2026-08-05 12:58:00,ONDS,,8.899700164794922,8.899999618530273,8.885000228881836,8.895000457763672,253650.0
2026-08-05 12:58:00,ONFO,,0.07410000264644623,0.07460000365972519,0.07410000264644623,0.07450000196695328,12947.0
2026-08-05 12:58:00,OPAL,,2.325000047683716,2.325000047683716,2.319999933242798,2.319999933242798,2163.0
2026-08-05 12:58:00,OPEN,,3.8499999046325684,3.8499999046325684,3.8399999141693115,3.8499999046325684,62639.0
2026-08-05 12:58:00,OPK,,1.3200000524520874,1.3289999961853027,1.3200000524520874,1.3200000524520874,3129.0
2026-08-05 12:58:00,OPRA,,19.899999618530273,19.899999618530273,19.899999618530273,19.899999618530273,460.0
2026-08-05 12:58:00,OPRX,,6.925000190734863,6.925000190734863,6.925000190734863,6.925000190734863,151.0
2026-08-05 12:58:00,ORLY,,93.08999633789062,93.08999633789062,93.08000183105469,93.08499908447266,15128.0
2026-08-05 12:58:00,ORMP,,4.429999828338623,4.429999828338623,4.429999828338623,4.429999828338623,339.0
2026-08-05 12:58:00,ORRF,,43.27000045776367,43.27000045776367,43.27000045776367,43.27000045776367,673.0
2026-08-05 12:58:00,OSIS,,236.00999450683594,236.00999450683594,236.00999450683594,236.00999450683594,502.0
2026-08-05 12:58:00,OSPN,,16.434999465942383,16.450000762939453,16.434999465942383,16.450000762939453,1555.0
2026-08-05 12:58:00,OSS,,14.075300216674805,14.108799934387207,14.075300216674805,14.108799934387207,1404.0
2026-08-05 12:58:00,OSUR,,4.135000228881836,4.135000228881836,4.135000228881836,4.135000228881836,193.0
2026-08-05 12:58:00,OSW,,26.540000915527344,26.540000915527344,26.540000915527344,26.540000915527344,314.0
2026-08-05 12:58:00,OTEX,,25.84000015258789,25.84000015258789,25.834999084472656,25.834999084472656,2138.0
2026-08-05 12:58:00,OTLK,,1.0149999856948853,1.0199999809265137,1.0149999856948853,1.0149999856948853,1313.0
2026-08-05 12:58:00,OTLY,,14.399999618530273,14.40999984741211,14.399999618530273,14.40999984741211,729.0
2026-08-05 12:58:00,OXLC,,9.149999618530273,9.149999618530273,9.149999618530273,9.149999618530273,657.0
2026-08-05 12:58:00,PAA,,23.190000534057617,23.19499969482422,23.190000534057617,23.19499969482422,1599.0
2026-08-05 12:58:00,PAAS,,48.060001373291016,48.099998474121094,48.060001373291016,48.08000183105469,3878.0
2026-08-05 12:58:00,PACB,,1.3899999856948853,1.399999976158142,1.3899999856948853,1.399999976158142,1089.0
2026-08-05 12:58:00,PALI,,2.134999990463257,2.140000104904175,2.134999990463257,2.140000104904175,3183.0
2026-08-05 12:58:00,PANW,,364.4700012207031,364.6700134277344,364.4700012207031,364.57000732421875,5632.0
2026-08-05 12:58:00,PAX,,11.475000381469727,11.475000381469727,11.475000381469727,11.475000381469727,1779.0
2026-08-05 12:58:00,PAYO,,7.130000114440918,7.130000114440918,7.130000114440918,7.130000114440918,535.0
2026-08-05 12:58:00,PAYX,,116.91999816894531,116.93000030517578,116.91500091552734,116.91500091552734,2125.0
2026-08-05 12:58:00,PCRX,,24.479999542236328,24.479999542236328,24.479999542236328,24.479999542236328,215.0
2026-08-05 12:58:00,PCT,,6.900000095367432,6.914999961853027,6.900000095367432,6.910999774932861,2750.0
2026-08-05 12:58:00,PCTY,,144.19500732421875,144.40499877929688,144.19500732421875,144.2449951171875,3307.0
2026-08-05 12:58:00,PDD,,90.75,90.79000091552734,90.75,90.79000091552734,4706.0
2026-08-05 12:58:00,PEBO,,41.709999084472656,41.709999084472656,41.709999084472656,41.709999084472656,547.0
2026-08-05 12:58:00,PEGA,,31.719999313354492,31.739999771118164,31.719999313354492,31.739999771118164,2323.0
2026-08-05 12:58:00,PENN,,19.850000381469727,19.860000610351562,19.81999969482422,19.829999923706055,6425.0
2026-08-05 12:58:00,PEP,,138.54010009765625,138.57000732421875,138.5301971435547,138.57000732421875,6170.0
2026-08-05 12:58:00,PEPG,,1.940000057220459,1.9500000476837158,1.940000057220459,1.9500000476837158,183.0
2026-08-05 12:58:00,PERI,,9.545000076293945,9.545000076293945,9.545000076293945,9.545000076293945,701.0
2026-08-05 12:58:00,PFBC,,106.33999633789062,106.33999633789062,106.33999633789062,106.33999633789062,216.0
2026-08-05 12:58:00,PFG,,114.12000274658203,114.13999938964844,114.11000061035156,114.13999938964844,2955.0
2026-08-05 12:58:00,PGEN,,6.909999847412109,6.920000076293945,6.909999847412109,6.920000076293945,7845.0
2026-08-05 12:58:00,PGNY,,31.65999984741211,31.670000076293945,31.65999984741211,31.670000076293945,586.0
2026-08-05 12:58:00,PGY,,21.719999313354492,21.770000457763672,21.719999313354492,21.770000457763672,4564.0
2026-08-05 12:58:00,PHAT,,8.489999771118164,8.489999771118164,8.484999656677246,8.484999656677246,2074.0
2026-08-05 12:58:00,PLPC,,459.1000061035156,459.1000061035156,458.8699951171875,458.8699951171875,773.0
2026-08-05 12:58:00,PLUG,,2.0799999237060547,2.0899999141693115,2.0799999237060547,2.0880000591278076,12012.0
2026-08-05 12:58:00,POET,,8.360400199890137,8.380000114440918,8.359999656677246,8.380000114440918,5845.0
2026-08-05 12:58:00,POWL,,213.26499938964844,213.27499389648438,213.26499938964844,213.27499389648438,198.0
2026-08-05 12:58:00,PPC,,26.290000915527344,26.309999465942383,26.280000686645508,26.280000686645508,3174.0
2026-08-05 12:58:00,PPTA,,22.309999465942383,22.315000534057617,22.299999237060547,22.309999465942383,1900.0
2026-08-05 12:58:00,PRAX,,314.364990234375,314.364990234375,314.25,314.25,484.0
2026-08-05 12:58:00,PRCH,,15.850799560546875,15.850799560546875,15.835000038146973,15.84000015258789,1243.0
2026-08-05 12:58:00,PRCT,,19.299999237060547,19.309999465942383,19.290000915527344,19.299999237060547,3230.0
2026-08-05 12:58:00,PRGS,,42.029998779296875,42.029998779296875,42.0,42.0099983215332,1678.0
2026-08-05 12:58:00,PRIM,,85.04000091552734,85.18000030517578,85.04000091552734,85.1500015258789,2394.0
2026-08-05 12:58:00,PRME,,3.0850000381469727,3.0850000381469727,3.0850000381469727,3.0850000381469727,364.0
2026-08-05 12:58:00,PRTA,,8.539999961853027,8.545000076293945,8.539999961853027,8.545000076293945,833.0
2026-08-05 12:58:00,PRVA,,24.459999084472656,24.459999084472656,24.440000534057617,24.440000534057617,5175.0
2026-08-05 12:58:00,PSEC,,2.184999942779541,2.184999942779541,2.184999942779541,2.184999942779541,512.0
2026-08-05 12:58:00,PSNL,,13.515000343322754,13.520000457763672,13.515000343322754,13.520000457763672,767.0
2026-08-05 12:58:00,PTC,,139.47000122070312,139.47999572753906,139.4600067138672,139.47999572753906,1305.0
2026-08-05 12:58:00,PTCT,,69.06500244140625,69.06500244140625,69.06500244140625,69.06500244140625,469.0
2026-08-05 12:58:00,PTEN,,9.78499984741211,9.795000076293945,9.779999732971191,9.779999732971191,100307.0
2026-08-05 12:58:00,PTGX,,136.8000030517578,136.93499755859375,136.77999877929688,136.83999633789062,3330.0
2026-08-05 12:58:00,PTLO,,4.664999961853027,4.670000076293945,4.664999961853027,4.670000076293945,12953.0
2026-08-05 12:58:00,PTON,,6.505000114440918,6.505000114440918,6.5,6.5,4670.0
2026-08-05 12:58:00,PWP,,17.350000381469727,17.350000381469727,17.350000381469727,17.350000381469727,893.0
2026-08-05 12:58:00,PYPL,,58.20500183105469,58.220001220703125,58.19499969482422,58.220001220703125,5232.0
2026-08-05 12:58:00,QCOM,,158.5,158.67999267578125,158.46499633789062,158.66000366210938,11496.0
2026-08-05 12:58:00,QFIN,,13.210000038146973,13.210000038146973,13.210000038146973,13.210000038146973,1055.0
2026-08-05 12:58:00,QRVO,,94.94999694824219,94.95999908447266,94.94999694824219,94.95999908447266,871.0
2026-08-05 12:58:00,SEED,,1.0299999713897705,1.0393999814987183,1.0299999713897705,1.0393999814987183,517.0
2026-08-05 12:58:00,STIM,,2.2850000858306885,2.2850000858306885,2.2850000858306885,2.2850000858306885,632.0
2026-08-05 12:58:00,TARA,,4.054999828338623,4.054999828338623,4.054999828338623,4.054999828338623,315.0
2026-08-05 12:58:00,WOOF,,2.944999933242798,2.944999933242798,2.940000057220459,2.9400999546051025,1168.0
2026-08-05 12:59:00,ACDC,,4.421000003814697,4.429999828338623,4.421000003814697,4.425000190734863,2941.0
2026-08-05 12:59:00,BPOP,,177.45010375976562,177.45010375976562,177.45010375976562,177.45010375976562,576.0
2026-08-05 12:59:00,CNXN,,84.84339904785156,84.84339904785156,84.84339904785156,84.84339904785156,832.0
2026-08-05 12:59:00,EYE,,23.174999237060547,23.190000534057617,23.174999237060547,23.184999465942383,4497.0
2026-08-05 12:59:00,FIZZ,,32.05500030517578,32.060001373291016,31.959999084472656,32.02000045776367,8527.0
2026-08-05 12:59:00,KIDS,,21.564800262451172,21.6200008392334,21.54490089416504,21.545000076293945,1780.0
2026-08-05 12:59:00,LUNG,,2.0,2.0,2.0,2.0,981.0
2026-08-05 12:59:00,MCRI,,124.21549987792969,124.21549987792969,124.21549987792969,124.21549987792969,769.0
2026-08-05 12:59:00,MDB,,375.7799987792969,375.9800109863281,375.7200012207031,375.75,1477.0
2026-08-05 12:59:00,MDLZ,,62.220001220703125,62.22999954223633,62.20500183105469,62.209999084472656,8061.0
2026-08-05 12:59:00,MLTX,,17.709999084472656,17.709999084472656,17.700000762939453,17.700000762939453,1868.0
2026-08-05 12:59:00,MNPR,,119.15499877929688,119.15499877929688,119.15499877929688,119.15499877929688,1441.0
2026-08-05 12:59:00,MNST,,94.48999786376953,94.51000213623047,94.48999786376953,94.51000213623047,5408.0
2026-08-05 12:59:00,MPWR,,1346.3050537109375,1347.22998046875,1346.3050537109375,1347.22998046875,337.0
2026-08-05 12:59:00,MRNA,,56.97999954223633,56.97999954223633,56.95000076293945,56.95500183105469,4973.0
2026-08-05 12:59:00,MYGN,,3.125,3.125,3.125,3.125,417.0
2026-08-05 12:59:00,MYPS,,0.73089998960495,0.73089998960495,0.7307999730110168,0.7307999730110168,309.0
2026-08-05 12:59:00,MYRG,,340.1000061035156,340.1000061035156,340.1000061035156,340.1000061035156,1017.0
2026-08-05 12:59:00,NAMS,,27.600000381469727,27.670000076293945,27.56999969482422,27.649999618530273,4860.0
2026-08-05 12:59:00,NAVI,,9.125,9.125,9.125,9.125,549.0
2026-08-05 12:59:00,NB,,5.070000171661377,5.075399875640869,5.070000171661377,5.075399875640869,5315.0
2026-08-05 12:59:00,NBIX,,163.27000427246094,163.2899932861328,163.03500366210938,163.03500366210938,911.0
2026-08-05 12:59:00,NBTB,,53.4474983215332,53.4474983215332,53.4474983215332,53.4474983215332,1584.0
2026-08-05 12:59:00,NDAQ,,94.94999694824219,94.94999694824219,94.91999816894531,94.91999816894531,1347.0
2026-08-05 12:59:00,NDSN,,311.05999755859375,311.05999755859375,311.05999755859375,311.05999755859375,326.0
2026-08-05 12:59:00,NEO,,16.020000457763672,16.020000457763672,16.010000228881836,16.010000228881836,6665.0
2026-08-05 12:59:00,NEOG,,11.6850004196167,11.68910026550293,11.680000305175781,11.680000305175781,3624.0
2026-08-05 12:59:00,NESR,,28.770000457763672,28.770000457763672,28.7450008392334,28.7450008392334,1128.0
2026-08-05 12:59:00,NEWT,,15.029999732971191,15.039999961853027,15.029999732971191,15.039999961853027,1084.0
2026-08-05 12:59:00,NEXT,,6.414999961853027,6.414999961853027,6.414999961853027,6.414999961853027,516.0
2026-08-05 12:59:00,NFE,,0.335999995470047,0.335999995470047,0.335999995470047,0.335999995470047,395.0
2026-08-05 12:59:00,NFLX,,73.25499725341797,73.25499725341797,73.2040023803711,73.21499633789062,28383.0
2026-08-05 12:59:00,NGNE,,35.540000915527344,35.540000915527344,35.39500045776367,35.39500045776367,843.0
2026-08-05 12:59:00,NICE,,97.16999816894531,97.16999816894531,97.08999633789062,97.08999633789062,1753.0
2026-08-05 12:59:00,NKTR,,73.30000305175781,73.30000305175781,73.22250366210938,73.22250366210938,2242.0
2026-08-05 12:59:00,NN,,14.140000343322754,14.149999618530273,14.138099670410156,14.138099670410156,1581.0
2026-08-05 12:59:00,NNDM,,1.5449999570846558,1.5449999570846558,1.5449999570846558,1.5449999570846558,678.0
2026-08-05 12:59:00,NODK,,15.441800117492676,15.441800117492676,15.441800117492676,15.441800117492676,326.0
2026-08-05 12:59:00,NOVT,,156.4499969482422,156.4600067138672,156.4499969482422,156.4600067138672,1469.0
2026-08-05 12:59:00,NRDS,,9.135000228881836,9.135000228881836,9.130000114440918,9.130000114440918,1127.0
2026-08-05 12:59:00,NRIM,,26.93000030517578,26.950000762939453,26.93000030517578,26.950000762939453,614.0
2026-08-05 12:59:00,NSSC,,40.224998474121094,40.224998474121094,40.224998474121094,40.224998474121094,109.0
2026-08-05 12:59:00,NTAP,,189.3699951171875,189.59750366210938,189.3300018310547,189.5749969482422,12576.0
2026-08-05 12:59:00,NTCT,,41.72999954223633,41.72999954223633,41.72999954223633,41.72999954223633,444.0
2026-08-05 12:59:00,NTGR,,24.31999969482422,24.31999969482422,24.290000915527344,24.290000915527344,2215.0
2026-08-05 12:59:00,NTNX,,60.709999084472656,60.709999084472656,60.66999816894531,60.709999084472656,6326.0
2026-08-05 12:59:00,NTRA,,274.6600036621094,275.00250244140625,274.6600036621094,275.00250244140625,6943.0
2026-08-05 12:59:00,NTRS,,183.85499572753906,183.85499572753906,183.85000610351562,183.85000610351562,717.0
2026-08-05 12:59:00,NVAX,,7.639900207519531,7.639900207519531,7.635000228881836,7.635499954223633,2138.0
2026-08-05 12:59:00,NVCR,,16.1299991607666,16.1299991607666,16.1200008392334,16.1299991607666,1588.0
2026-08-05 12:59:00,NVDA,,221.33999633789062,221.43699645996094,221.3101043701172,221.33999633789062,151530.0
2026-08-05 12:59:00,NVMI,,410.5851135253906,410.5851135253906,410.5851135253906,410.5851135253906,158.0
2026-08-05 12:59:00,NVTS,,12.505000114440918,12.515000343322754,12.505000114440918,12.505000114440918,5643.0
2026-08-05 12:59:00,NWBI,,15.944999694824219,15.944999694824219,15.944999694824219,15.944999694824219,1955.0
2026-08-05 12:59:00,NWE,,68.7300033569336,68.73500061035156,68.7300033569336,68.73500061035156,968.0
2026-08-05 12:59:00,NWGL,,0.26499998569488525,0.26499998569488525,0.26489999890327454,0.26489999890327454,4149.0
2026-08-05 12:59:00,NWL,,6.255000114440918,6.255000114440918,6.239999771118164,6.244999885559082,13848.0
2026-08-05 12:59:00,NWPX,,127.125,127.125,127.125,127.125,1187.0
2026-08-05 12:59:00,NWS,,32.23500061035156,32.23500061035156,32.23500061035156,32.23500061035156,271.0
2026-08-05 12:59:00,NWSA,,28.200000762939453,28.200000762939453,28.200000762939453,28.200000762939453,1533.0
2026-08-05 12:59:00,NXPI,,232.8300018310547,233.05499267578125,232.8300018310547,233.0,17362.0
2026-08-05 12:59:00,NXST,,191.92999267578125,192.0,191.92999267578125,192.0,1073.0
2026-08-05 12:59:00,NXT,,98.80999755859375,98.8499984741211,98.73999786376953,98.8499984741211,3163.0
2026-08-05 12:59:00,OABI,,2.065000057220459,2.065000057220459,2.065000057220459,2.065000057220459,802.0
2026-08-05 12:59:00,OCFC,,19.795000076293945,19.795000076293945,19.774999618530273,19.77989959716797,10199.0
2026-08-05 12:59:00,OCGN,,1.3099000453948975,1.309999942779541,1.2999999523162842,1.3049999475479126,35053.0
2026-08-05 12:59:00,ODD,,15.354999542236328,15.354999542236328,15.354999542236328,15.354999542236328,387.0
2026-08-05 12:59:00,ODFL,,214.73500061035156,214.73500061035156,214.7050018310547,214.7050018310547,1424.0
2026-08-05 12:59:00,OFIX,,10.550000190734863,10.5600004196167,10.550000190734863,10.550000190734863,546.0
2026-08-05 12:59:00,OKTA,,148.25999450683594,148.25999450683594,148.25999450683594,148.25999450683594,526.0
2026-08-05 12:59:00,OLLI,,78.20500183105469,78.20500183105469,78.19999694824219,78.20500183105469,2408.0
2026-08-05 12:59:00,OMCL,,37.33000183105469,37.334999084472656,37.29999923706055,37.31999969482422,1799.0
2026-08-05 12:59:00,OMER,,12.890000343322754,12.890000343322754,12.88129997253418,12.88129997253418,688.0
2026-08-05 12:59:00,OMH,,0.11289999634027481,0.11289999634027481,0.11289999634027481,0.11289999634027481,7647.0
2026-08-05 12:59:00,ON,,78.21499633789062,78.25,78.19999694824219,78.2249984741211,26934.0
2026-08-05 12:59:00,ONB,,27.045000076293945,27.045000076293945,27.024999618530273,27.030000686645508,17644.0
2026-08-05 12:59:00,ONDS,,8.885000228881836,8.899900436401367,8.880000114440918,8.895099639892578,159435.0
2026-08-05 12:59:00,ONFO,,0.07410000264644623,0.07450000196695328,0.07410000264644623,0.07450000196695328,12062.0
2026-08-05 12:59:00,ONMD,,0.6739000082015991,0.6739000082015991,0.6739000082015991,0.6739000082015991,1004.0
2026-08-05 12:59:00,OPAL,,2.3299999237060547,2.3299999237060547,2.3299999237060547,2.3299999237060547,843.0
2026-08-05 12:59:00,OPCH,,23.420000076293945,23.43000030517578,23.3799991607666,23.3799991607666,8393.0
2026-08-05 12:59:00,OPEN,,3.8450000286102295,3.8499999046325684,3.8399999141693115,3.8499999046325684,21599.0
2026-08-05 12:59:00,OPK,,1.3250000476837158,1.3250000476837158,1.3200000524520874,1.3200000524520874,4940.0
2026-08-05 12:59:00,OPRA,,19.889999389648438,19.889999389648438,19.889999389648438,19.889999389648438,867.0
2026-08-05 12:59:00,OPRT,,6.159999847412109,6.159999847412109,6.159999847412109,6.159999847412109,1590.0
2026-08-05 12:59:00,ORIC,,13.170000076293945,13.170000076293945,13.170000076293945,13.170000076293945,1062.0
2026-08-05 12:59:00,ORLY,,93.06999969482422,93.11000061035156,93.06999969482422,93.0999984741211,4900.0
2026-08-05 12:59:00,ORRF,,43.26499938964844,43.26499938964844,43.26499938964844,43.26499938964844,206.0
2026-08-05 12:59:00,OSBC,,25.795000076293945,25.795000076293945,25.790000915527344,25.790000915527344,3009.0
2026-08-05 12:59:00,OSPN,,16.5049991607666,16.510000228881836,16.43000030517578,16.43000030517578,17877.0
2026-08-05 12:59:00,OSW,,26.530000686645508,26.549999237060547,26.524999618530273,26.549999237060547,12061.0
2026-08-05 12:59:00,OTEX,,25.860000610351562,25.860000610351562,25.825000762939453,25.834999084472656,4384.0
2026-08-05 12:59:00,OTLK,,1.0199999809265137,1.0199999809265137,1.0099999904632568,1.0199999809265137,2303.0
2026-08-05 12:59:00,OVBC,,42.81999969482422,42.81999969482422,42.81999969482422,42.81999969482422,509.0
2026-08-05 12:59:00,OVID,,2.6050000190734863,2.6050000190734863,2.6050000190734863,2.6050000190734863,443.0
2026-08-05 12:59:00,OXSQ,,1.4950000047683716,1.4950000047683716,1.4950000047683716,1.4950000047683716,669.0
2026-08-05 12:59:00,PAA,,23.190000534057617,23.190000534057617,23.180999755859375,23.186399459838867,701.0
2026-08-05 12:59:00,PAAS,,48.08000183105469,48.099998474121094,48.060001373291016,48.064998626708984,8568.0
2026-08-05 12:59:00,PACB,,1.3899999856948853,1.3949999809265137,1.3899999856948853,1.3899999856948853,4955.0
2026-08-05 12:59:00,PAGP,,25.125,25.1299991607666,25.125,25.1299991607666,2147.0
2026-08-05 12:59:00,PALI,,2.136699914932251,2.136699914932251,2.134999990463257,2.134999990463257,1451.0
2026-08-05 12:59:00,PANL,,7.239999771118164,7.239999771118164,7.239999771118164,7.239999771118164,741.0
2026-08-05 12:59:00,PANW,,364.6300048828125,364.739990234375,364.42010498046875,364.42010498046875,5501.0
2026-08-05 12:59:00,PAX,,11.470000267028809,11.475000381469727,11.460000038146973,11.460000038146973,10358.0
2026-08-05 12:59:00,PAYO,,7.125,7.1290998458862305,7.125,7.1290998458862305,2622.0
2026-08-05 12:59:00,PAYS,,9.119999885559082,9.119999885559082,9.119999885559082,9.119999885559082,1192.0
2026-08-05 12:59:00,PAYX,,116.95999908447266,116.95999908447266,116.9000015258789,116.91000366210938,4933.0
2026-08-05 12:59:00,PCAR,,134.05999755859375,134.07000732421875,134.05999755859375,134.05999755859375,2708.0
2026-08-05 12:59:00,PCRX,,24.475000381469727,24.475000381469727,24.475000381469727,24.475000381469727,293.0
2026-08-05 12:59:00,PCSA,,2.174999952316284,2.174999952316284,2.174999952316284,2.174999952316284,553.0
2026-08-05 12:59:00,PCT,,6.9028000831604,6.90500020980835,6.900000095367432,6.900000095367432,1578.0
2026-08-05 12:59:00,PCTY,,144.19500732421875,144.19500732421875,144.19500732421875,144.19500732421875,544.0
2026-08-05 12:59:00,PDD,,90.75499725341797,90.75499725341797,90.72059631347656,90.75499725341797,9978.0
2026-08-05 12:59:00,PDLB,,20.510000228881836,20.510000228881836,20.510000228881836,20.510000228881836,763.0
2026-08-05 12:59:00,PECO,,41.36000061035156,41.369998931884766,41.345001220703125,41.369998931884766,2926.0
2026-08-05 12:59:00,PEGA,,31.75,31.75,31.725000381469727,31.725000381469727,1433.0
2026-08-05 12:59:00,PENN,,19.850000381469727,19.850000381469727,19.850000381469727,19.850000381469727,3903.0
2026-08-05 12:59:00,PEP,,138.52999877929688,138.52999877929688,138.50999450683594,138.52999877929688,6641.0
2026-08-05 12:59:00,PEPG,,1.940000057220459,1.940000057220459,1.940000057220459,1.940000057220459,214.0
2026-08-05 12:59:00,PFBC,,106.3311996459961,106.37000274658203,106.3311996459961,106.37000274658203,738.0
2026-08-05 12:59:00,PGC,,46.70000076293945,46.70000076293945,46.66550064086914,46.66550064086914,2181.0
2026-08-05 12:59:00,PGEN,,6.929999828338623,6.929999828338623,6.909999847412109,6.914999961853027,7510.0
2026-08-05 12:59:00,PGNY,,31.680099487304688,31.680099487304688,31.674999237060547,31.674999237060547,1380.0
2026-08-05 12:59:00,PGY,,21.700000762939453,21.700000762939453,21.68000030517578,21.690000534057617,3295.0
2026-08-05 12:59:00,PHAT,,8.479999542236328,8.48009967803955,8.479999542236328,8.48009967803955,2715.0
2026-08-05 12:59:00,PHIO,,1.0399999618530273,1.0449999570846558,1.0399999618530273,1.0449999570846558,580.0
2026-08-05 12:59:00,PLAB,,32.14500045776367,32.14500045776367,32.14500045776367,32.14500045776367,553.0
2026-08-05 12:59:00,PLBY,,1.1449999809265137,1.1449999809265137,1.1449999809265137,1.1449999809265137,252.0
2026-08-05 12:59:00,PLRX,,1.065000057220459,1.065000057220459,1.065000057220459,1.065000057220459,113.0
2026-08-05 12:59:00,PLTK,,3.920099973678589,3.920099973678589,3.920099973678589,3.920099973678589,1199.0
2026-08-05 12:59:00,PLUG,,2.0799999237060547,2.0899999141693115,2.0799999237060547,2.0850000381469727,11807.0
2026-08-05 12:59:00,PLXS,,276.8522033691406,276.8522033691406,276.7049865722656,276.7049865722656,693.0
2026-08-05 12:59:00,PNFP,,107.80500030517578,107.80500030517578,107.68000030517578,107.80500030517578,1064.0
2026-08-05 12:59:00,PNRG,,183.1300048828125,183.13999938964844,183.1300048828125,183.13999938964844,1287.0
2026-08-05 12:59:00,PNTG,,39.04499816894531,39.150001525878906,39.04499816894531,39.150001525878906,3260.0
2026-08-05 12:59:00,POET,,8.364999771118164,8.369999885559082,8.364999771118164,8.369999885559082,3068.0
2026-08-05 12:59:00,POWL,,213.26499938964844,213.26499938964844,213.26499938964844,213.26499938964844,327.0
2026-08-05 12:59:00,PPC,,26.40999984741211,26.40999984741211,26.309999465942383,26.309999465942383,11340.0
2026-08-05 12:59:00,PPIH,,25.905000686645508,25.905000686645508,25.905000686645508,25.905000686645508,1401.0
2026-08-05 12:59:00,PPTA,,22.309999465942383,22.309999465942383,22.299999237060547,22.299999237060547,2205.0
2026-08-05 12:59:00,PRAA,,17.37619972229004,17.37619972229004,17.37619972229004,17.37619972229004,1674.0
2026-08-05 12:59:00,PRAX,,314.5299987792969,314.5299987792969,314.25,314.25,323.0
2026-08-05 12:59:00,PRCH,,15.845000267028809,15.854999542236328,15.84000015258789,15.854999542236328,1871.0
2026-08-05 12:59:00,PRCT,,19.270000457763672,19.299999237060547,19.209999084472656,19.299999237060547,13215.0
2026-08-05 12:59:00,PRDO,,32.92499923706055,32.92499923706055,32.92499923706055,32.92499923706055,677.0
2026-08-05 12:59:00,PRGS,,41.99169921875,41.99169921875,41.99169921875,41.99169921875,818.0
2026-08-05 12:59:00,PRIM,,85.05010223388672,85.05010223388672,85.04499816894531,85.04499816894531,1141.0
2026-08-05 12:59:00,PRLD,,4.550000190734863,4.559999942779541,4.550000190734863,4.559999942779541,652.0
2026-08-05 12:59:00,PRME,,3.0799999237060547,3.0799999237060547,3.0799999237060547,3.0799999237060547,6486.0
2026-08-05 12:59:00,PRTA,,8.539999961853027,8.539999961853027,8.53499984741211,8.53499984741211,229.0
2026-08-05 12:59:00,PRVA,,24.450000762939453,24.459999084472656,24.450000762939453,24.459999084472656,4459.0
2026-08-05 12:59:00,PSEC,,2.1898999214172363,2.1898999214172363,2.184999942779541,2.184999942779541,1787.0
2026-08-05 12:59:00,PSMT,,192.27999877929688,192.27999877929688,192.27999877929688,192.27999877929688,1400.0
2026-08-05 12:59:00,PSNL,,13.510000228881836,13.510000228881836,13.510000228881836,13.510000228881836,475.0
2026-08-05 12:59:00,PTCT,,69.06999969482422,69.06999969482422,69.06999969482422,69.06999969482422,1228.0
2026-08-05 12:59:00,PTEN,,9.795000076293945,9.795000076293945,9.781000137329102,9.78499984741211,56785.0
2026-08-05 12:59:00,PTGX,,136.92999267578125,136.92999267578125,136.92999267578125,136.92999267578125,835.0
2026-08-05 12:59:00,PTLO,,4.664999961853027,4.664999961853027,4.664999961853027,4.664999961853027,2064.0
2026-08-05 12:59:00,PTON,,6.505000114440918,6.505000114440918,6.5,6.5,2114.0
2026-08-05 12:59:00,PWP,,17.329999923706055,17.34000015258789,17.329999923706055,17.329999923706055,973.0
2026-08-05 12:59:00,PYPL,,58.20500183105469,58.209999084472656,58.189998626708984,58.20500183105469,6169.0
2026-08-05 12:59:00,PZZA,,30.350000381469727,30.350000381469727,30.309999465942383,30.309999465942383,4315.0
2026-08-05 12:59:00,QCOM,,158.55999755859375,158.57949829101562,158.4949951171875,158.52000427246094,10561.0
2026-08-05 12:59:00,QFIN,,13.194999694824219,13.199999809265137,13.194999694824219,13.199999809265137,2087.0
2026-08-05 12:59:00,QRVO,,94.94000244140625,94.94000244140625,94.93000030517578,94.93000030517578,584.0
2026-08-05 12:59:00,SEED,,1.0099999904632568,1.0299999713897705,1.0099999904632568,1.0299999713897705,8111.0
2026-08-05 12:59:00,STIM,,2.2802000045776367,2.2802000045776367,2.2802000045776367,2.2802000045776367,446.0
2026-08-05 12:59:00,TARA,,4.054999828338623,4.054999828338623,4.054999828338623,4.054999828338623,429.0
2026-08-05 12:59:00,WOOF,,2.944999933242798,2.944999933242798,2.940000057220459,2.944999933242798,1849.0
2026-08-05 13:00:00,EYE,,23.190000534057617,23.209999084472656,23.184999465942383,23.184999465942383,4094.0
2026-08-05 13:00:00,FIZZ,,32.10499954223633,32.10499954223633,32.10499954223633,32.10499954223633,486.0
2026-08-05 13:00:00,GLUE,,15.680000305175781,15.6850004196167,15.65999984741211,15.65999984741211,2432.0
2026-08-05 13:00:00,KIDS,,21.450000762939453,21.489999771118164,21.399999618530273,21.469999313354492,4848.0
2026-08-05 13:00:00,LUNG,,2.005000114440918,2.005000114440918,2.005000114440918,2.005000114440918,904.0
2026-08-05 13:00:00,MDB,,375.8299865722656,376.05999755859375,375.8299865722656,376.05999755859375,746.0
2026-08-05 13:00:00,MDLZ,,62.255001068115234,62.255001068115234,62.209999084472656,62.22999954223633,15316.0
2026-08-05 13:00:00,MLTX,,17.690000534057617,17.690000534057617,17.690000534057617,17.690000534057617,3185.0
2026-08-05 13:00:00,MNRO,,13.199999809265137,13.21500015258789,13.199999809265137,13.210800170898438,2623.0
2026-08-05 13:00:00,MNST,,94.46499633789062,94.4800033569336,94.46499633789062,94.4800033569336,3611.0
2026-08-05 13:00:00,MNTSW,,0.00279999990016222,0.002899999963119626,0.00279999990016222,0.00279999990016222,10798.0
2026-08-05 13:00:00,MPWR,,1344.969970703125,1346.31005859375,1344.2650146484375,1346.31005859375,785.0
2026-08-05 13:00:00,MRNA,,56.9900016784668,57.06999969482422,56.9900016784668,57.02000045776367,4748.0
2026-08-05 13:00:00,MYGN,,3.125,3.125,3.125,3.125,1686.0
2026-08-05 13:00:00,NAMS,,27.684999465942383,27.684999465942383,27.612499237060547,27.6299991607666,2051.0
2026-08-05 13:00:00,NATR,,20.1200008392334,20.1200008392334,20.1200008392334,20.1200008392334,265.0
2026-08-05 13:00:00,NAUT,,0.9430000185966492,0.9430000185966492,0.9430000185966492,0.9430000185966492,223.0
2026-08-05 13:00:00,NAVI,,9.130000114440918,9.130000114440918,9.130000114440918,9.130000114440918,495.0
2026-08-05 13:00:00,NB,,5.079999923706055,5.079999923706055,5.071199893951416,5.079999923706055,2604.0
2026-08-05 13:00:00,NBIX,,163.22000122070312,163.22999572753906,163.2100067138672,163.2100067138672,1975.0
2026-08-05 13:00:00,NBN,,134.4149932861328,134.4149932861328,134.4149932861328,134.4149932861328,414.0
2026-08-05 13:00:00,NDAQ,,94.97000122070312,94.9800033569336,94.97000122070312,94.9800033569336,679.0
2026-08-05 13:00:00,NDLS,,17.810100555419922,17.83009910583496,17.799999237060547,17.829999923706055,3652.0
2026-08-05 13:00:00,NECB,,27.25,27.25,27.2189998626709,27.2189998626709,693.0
2026-08-05 13:00:00,NEGG,,16.7898006439209,16.7898006439209,16.75,16.780000686645508,831.0
2026-08-05 13:00:00,NEO,,16.020000457763672,16.030000686645508,16.020000457763672,16.030000686645508,2316.0
2026-08-05 13:00:00,NEOG,,11.6850004196167,11.694999694824219,11.6850004196167,11.6899995803833,5072.0
2026-08-05 13:00:00,NEOV,,2.819999933242798,2.825000047683716,2.819999933242798,2.825000047683716,2561.0
2026-08-05 13:00:00,NESR,,28.790000915527344,28.790000915527344,28.770000457763672,28.770000457763672,2884.0
2026-08-05 13:00:00,NEWT,,15.044699668884277,15.079999923706055,15.029999732971191,15.077500343322754,4626.0
2026-08-05 13:00:00,NEXT,,6.425000190734863,6.425000190734863,6.410099983215332,6.410099983215332,5608.0
2026-08-05 13:00:00,NFLX,,73.23500061035156,73.26000213623047,73.2300033569336,73.25,48548.0
2026-08-05 13:00:00,NGNE,,35.46500015258789,35.46500015258789,35.46500015258789,35.46500015258789,349.0
2026-08-05 13:00:00,NICE,,97.16999816894531,97.16999816894531,97.16999816894531,97.16999816894531,1318.0
2026-08-05 13:00:00,NIU,,2.434999942779541,2.434999942779541,2.434999942779541,2.434999942779541,533.0
2026-08-05 13:00:00,NMFC,,7.335000038146973,7.335000038146973,7.335000038146973,7.335000038146973,106.0
2026-08-05 13:00:00,NMIH,,44.435001373291016,44.435001373291016,44.435001373291016,44.435001373291016,536.0
2026-08-05 13:00:00,NMRK,,15.600000381469727,15.604999542236328,15.600000381469727,15.604999542236328,1759.0
2026-08-05 13:00:00,NN,,14.140000343322754,14.154999732971191,14.140000343322754,14.140000343322754,5166.0
2026-08-05 13:00:00,NNDM,,1.5399999618530273,1.5449999570846558,1.5399999618530273,1.5449999570846558,439.0
2026-08-05 13:00:00,NRDS,,9.135000228881836,9.135000228881836,9.135000228881836,9.135000228881836,2035.0
2026-08-05 13:00:00,NRIX,,25.059999465942383,25.059999465942383,24.93000030517578,24.93000030517578,9811.0
2026-08-05 13:00:00,NRXP,,3.0350000858306885,3.0399999618530273,3.0350000858306885,3.0399999618530273,3239.0
2026-08-05 13:00:00,NSSC,,40.224998474121094,40.224998474121094,40.224998474121094,40.224998474121094,1210.0
2026-08-05 13:00:00,NTAP,,189.27999877929688,189.27999877929688,189.27999877929688,189.27999877929688,949.0
2026-08-05 13:00:00,NTCT,,41.70500183105469,41.744998931884766,41.70500183105469,41.744998931884766,1169.0
2026-08-05 13:00:00,NTES,,127.7300033569336,127.7300033569336,127.68000030517578,127.68499755859375,1756.0
2026-08-05 13:00:00,NTGR,,24.325000762939453,24.325000762939453,24.325000762939453,24.325000762939453,501.0
2026-08-05 13:00:00,NTNX,,60.70500183105469,60.70500183105469,60.66999816894531,60.70000076293945,4459.0
2026-08-05 13:00:00,NTRA,,274.010009765625,274.54998779296875,274.0,274.4700012207031,4922.0
2026-08-05 13:00:00,NTRB,,2.880000114440918,2.880000114440918,2.880000114440918,2.880000114440918,1001.0
2026-08-05 13:00:00,NTRS,,183.85499572753906,183.85499572753906,183.85499572753906,183.85499572753906,611.0
2026-08-05 13:00:00,NVAX,,7.639999866485596,7.639999866485596,7.635000228881836,7.639999866485596,3266.0
2026-08-05 13:00:00,NVCR,,16.1299991607666,16.1299991607666,16.1299991607666,16.1299991607666,1106.0
2026-08-05 13:00:00,NVDA,,221.35000610351562,221.4799041748047,221.1999969482422,221.32000732421875,292870.0
2026-08-05 13:00:00,NVMI,,410.0199890136719,410.510009765625,409.68499755859375,410.510009765625,466.0
2026-08-05 13:00:00,NVTS,,12.484999656677246,12.524999618530273,12.460000038146973,12.505000114440918,17928.0
2026-08-05 13:00:00,NWBI,,15.944999694824219,15.944999694824219,15.944999694824219,15.944999694824219,276.0
2026-08-05 13:00:00,NWL,,6.253600120544434,6.255000114440918,6.25,6.25,5439.0
2026-08-05 13:00:00,NWPX,,127.125,127.125,127.125,127.125,482.0
2026-08-05 13:00:00,NWS,,32.244998931884766,32.244998931884766,32.244998931884766,32.244998931884766,1685.0
2026-08-05 13:00:00,NWSA,,28.21500015258789,28.21500015258789,28.204999923706055,28.209999084472656,6299.0
2026-08-05 13:00:00,NXPI,,232.4949951171875,232.88999938964844,232.4949951171875,232.88999938964844,4424.0
2026-08-05 13:00:00,NXST,,191.9949951171875,192.1199951171875,191.9949951171875,192.1199951171875,2422.0
2026-08-05 13:00:00,NXT,,98.75,98.8499984741211,98.70999908447266,98.82250213623047,5849.0
2026-08-05 13:00:00,OCFC,,19.790000915527344,19.790000915527344,19.790000915527344,19.790000915527344,2418.0
2026-08-05 13:00:00,OCGN,,1.309999942779541,1.309999942779541,1.309999942779541,1.309999942779541,1495.0
2026-08-05 13:00:00,OCUL,,8.569999694824219,8.574999809265137,8.569999694824219,8.574999809265137,3083.0
2026-08-05 13:00:00,ODD,,15.3100004196167,15.329999923706055,15.300000190734863,15.329999923706055,3173.0
2026-08-05 13:00:00,ODFL,,214.75,214.83999633789062,214.64999389648438,214.83999633789062,4148.0
2026-08-05 13:00:00,OESX,,14.420000076293945,14.420000076293945,14.399999618530273,14.399999618530273,811.0
2026-08-05 13:00:00,OFIX,,10.600000381469727,10.600000381469727,10.539999961853027,10.579999923706055,9840.0
2026-08-05 13:00:00,OFS,,3.5750999450683594,3.5750999450683594,3.5750999450683594,3.5750999450683594,400.0
2026-08-05 13:00:00,OGI,,0.9495000243186951,0.9495000243186951,0.9488000273704529,0.9488000273704529,656.0
2026-08-05 13:00:00,OKTA,,148.3000030517578,148.32000732421875,148.2899932861328,148.2899932861328,2996.0
2026-08-05 13:00:00,OLB,,0.30889999866485596,0.30889999866485596,0.30880001187324524,0.30880001187324524,800.0
2026-08-05 13:00:00,OLLI,,78.16000366210938,78.22000122070312,78.16000366210938,78.22000122070312,4545.0
2026-08-05 13:00:00,OM,,5.010000228881836,5.010000228881836,5.010000228881836,5.010000228881836,102.0
2026-08-05 13:00:00,OMCL,,37.369998931884766,37.369998931884766,37.369998931884766,37.369998931884766,496.0
2026-08-05 13:00:00,OMER,,12.890000343322754,12.890000343322754,12.890000343322754,12.890000343322754,200.0
2026-08-05 13:00:00,OMH,,0.11289999634027481,0.11289999634027481,0.11289999634027481,0.11289999634027481,0.0
2026-08-05 13:00:00,ON,,78.16000366210938,78.29000091552734,78.08999633789062,78.21499633789062,24792.0
2026-08-05 13:00:00,ONB,,27.05500030517578,27.05500030517578,27.04010009765625,27.04010009765625,6599.0
2026-08-05 13:00:00,ONCY,,0.7975999712944031,0.7975999712944031,0.7975999712944031,0.7975999712944031,251.0
2026-08-05 13:00:00,ONDS,,8.881799697875977,8.899900436401367,8.854999542236328,8.888199806213379,496101.0
2026-08-05 13:00:00,ONFO,,0.07410000264644623,0.07450000196695328,0.07410000264644623,0.07410000264644623,4735.0
2026-08-05 13:00:00,OPCH,,23.420000076293945,23.43000030517578,23.399999618530273,23.43000030517578,3804.0
2026-08-05 13:00:00,OPEN,,3.8399999141693115,3.8499999046325684,3.8399999141693115,3.8499999046325684,26253.0
2026-08-05 13:00:00,OPHC,,8.539999961853027,8.569999694824219,8.539999961853027,8.569999694824219,302.0
2026-08-05 13:00:00,OPI,,18.638099670410156,18.638099670410156,18.638099670410156,18.638099670410156,1933.0
2026-08-05 13:00:00,OPK,,1.320099949836731,1.3250000476837158,1.3200000524520874,1.3200000524520874,1697.0
2026-08-05 13:00:00,OPRT,,6.159999847412109,6.159999847412109,6.150000095367432,6.159999847412109,2101.0
2026-08-05 13:00:00,OPRX,,6.925000190734863,6.925000190734863,6.925000190734863,6.925000190734863,321.0
2026-08-05 13:00:00,ORGO,,2.3399999141693115,2.3399999141693115,2.3399999141693115,2.3399999141693115,516.0
2026-08-05 13:00:00,ORIC,,13.164999961853027,13.170000076293945,13.164999961853027,13.170000076293945,4115.0
2026-08-05 13:00:00,ORLY,,93.12000274658203,93.12000274658203,93.0999984741211,93.0999984741211,3482.0
2026-08-05 13:00:00,ORRF,,43.26499938964844,43.26499938964844,43.26499938964844,43.26499938964844,1061.0
2026-08-05 13:00:00,OSBC,,25.790000915527344,25.795000076293945,25.790000915527344,25.795000076293945,5757.0
2026-08-05 13:00:00,OSPN,,16.510000228881836,16.510000228881836,16.510000228881836,16.510000228881836,756.0
2026-08-05 13:00:00,OSS,,14.050000190734863,14.050000190734863,14.030099868774414,14.030099868774414,1570.0
2026-08-05 13:00:00,OSW,,26.510000228881836,26.549999237060547,26.510000228881836,26.540000915527344,4135.0
2026-08-05 13:00:00,OTEX,,25.850000381469727,25.860000610351562,25.850000381469727,25.860000610351562,850.0
2026-08-05 13:00:00,OTLK,,1.0099999904632568,1.0199999809265137,1.0099999904632568,1.0099999904632568,2335.0
2026-08-05 13:00:00,OXSQ,,1.5,1.5,1.4970999956130981,1.4970999956130981,1562.0
2026-08-05 13:00:00,PAA,,23.195999145507812,23.195999145507812,23.184999465942383,23.184999465942383,2313.0
2026-08-05 13:00:00,PAAS,,48.06999969482422,48.130001068115234,48.06999969482422,48.08000183105469,7710.0
2026-08-05 13:00:00,PACB,,1.3799999952316284,1.399999976158142,1.3799999952316284,1.3899999856948853,38501.0
2026-08-05 13:00:00,PALI,,2.134999990463257,2.140000104904175,2.134999990463257,2.140000104904175,1544.0
2026-08-05 13:00:00,PANL,,7.244999885559082,7.244999885559082,7.244999885559082,7.244999885559082,1448.0
2026-08-05 13:00:00,PANW,,364.4549865722656,364.6300048828125,364.25,364.6300048828125,4907.0
2026-08-05 13:00:00,PATK,,87.88500213623047,87.97000122070312,87.88500213623047,87.97000122070312,1649.0
2026-08-05 13:00:00,PAVS,,4.9552001953125,4.9552001953125,4.9552001953125,4.9552001953125,1031.0
2026-08-05 13:00:00,PAX,,11.475000381469727,11.475000381469727,11.46500015258789,11.46660041809082,19149.0
2026-08-05 13:00:00,PAYO,,7.130000114440918,7.130000114440918,7.119999885559082,7.130000114440918,2408.0
2026-08-05 13:00:00,PAYS,,9.109999656677246,9.109999656677246,9.109999656677246,9.109999656677246,757.0
2026-08-05 13:00:00,PAYX,,117.00499725341797,117.00499725341797,116.9800033569336,116.99500274658203,2464.0
2026-08-05 13:00:00,PCAR,,134.0399932861328,134.1199951171875,134.0399932861328,134.10000610351562,1779.0
2026-08-05 13:00:00,PCRX,,24.559999465942383,24.559999465942383,24.559999465942383,24.559999465942383,764.0
2026-08-05 13:00:00,PCT,,6.889999866485596,6.90500020980835,6.889999866485596,6.900000095367432,5022.0
2026-08-05 13:00:00,PCTY,,144.38999938964844,144.47000122070312,144.38999938964844,144.47000122070312,426.0
2026-08-05 13:00:00,PDD,,90.74030303955078,90.75499725341797,90.73999786376953,90.74009704589844,3407.0
2026-08-05 13:00:00,PDFS,,50.21500015258789,50.21500015258789,50.21500015258789,50.21500015258789,405.0
2026-08-05 13:00:00,PEBO,,41.72999954223633,41.72999954223633,41.720001220703125,41.720001220703125,2475.0
2026-08-05 13:00:00,PECO,,41.36989974975586,41.36989974975586,41.36989974975586,41.36989974975586,1580.0
2026-08-05 13:00:00,PEGA,,31.75,31.75,31.74720001220703,31.75,807.0
2026-08-05 13:00:00,PENN,,19.844999313354492,19.850000381469727,19.84000015258789,19.850000381469727,2770.0
2026-08-05 13:00:00,PEP,,138.5601043701172,138.5800018310547,138.50999450683594,138.52999877929688,5080.0
2026-08-05 13:00:00,PEPG,,1.9450000524520874,1.9450000524520874,1.9450000524520874,1.9450000524520874,437.0
2026-08-05 13:00:00,PFG,,114.16000366210938,114.16000366210938,114.11000061035156,114.11000061035156,1099.0
2026-08-05 13:00:00,PGEN,,6.925000190734863,6.929999828338623,6.920000076293945,6.925000190734863,9168.0
2026-08-05 13:00:00,PGNY,,31.700000762939453,31.700000762939453,31.67009925842285,31.67009925842285,683.0
2026-08-05 13:00:00,PGY,,21.690000534057617,21.700000762939453,21.68000030517578,21.699899673461914,5411.0
2026-08-05 13:00:00,PHAT,,8.484999656677246,8.484999656677246,8.484999656677246,8.484999656677246,242.0
2026-08-05 13:00:00,PHVS,,33.380001068115234,33.380001068115234,33.380001068115234,33.380001068115234,332.0
2026-08-05 13:00:00,PLAB,,32.099998474121094,32.099998474121094,32.099998474121094,32.099998474121094,456.0
2026-08-05 13:00:00,PLPC,,464.5799865722656,464.5799865722656,462.8500061035156,462.8500061035156,603.0
2026-08-05 13:00:00,PLRX,,1.065000057220459,1.065000057220459,1.065000057220459,1.065000057220459,218.0
2026-08-05 13:00:00,PLTK,,3.9149999618530273,3.9200000762939453,3.9149999618530273,3.9200000762939453,8387.0
2026-08-05 13:00:00,PLUG,,2.0899999141693115,2.0899999141693115,2.0799999237060547,2.087399959564209,32738.0
2026-08-05 13:00:00,PNBK,,1.1299999952316284,1.1299999952316284,1.1299999952316284,1.1299999952316284,410.0
2026-08-05 13:00:00,PNTG,,39.14500045776367,39.18000030517578,39.04499816894531,39.04499816894531,9555.0
2026-08-05 13:00:00,POET,,8.354999542236328,8.375,8.350000381469727,8.370599746704102,11412.0
2026-08-05 13:00:00,POOL,,206.66000366210938,206.72000122070312,206.5,206.69000244140625,3499.0
2026-08-05 13:00:00,POWI,,62.18000030517578,62.29999923706055,62.18000030517578,62.29999923706055,3340.0
2026-08-05 13:00:00,POWL,,213.00999450683594,213.24000549316406,212.85000610351562,213.24000549316406,1813.0
2026-08-05 13:00:00,PPC,,26.420000076293945,26.420000076293945,26.4060001373291,26.4060001373291,1242.0
2026-08-05 13:00:00,PPTA,,22.280000686645508,22.299999237060547,22.270000457763672,22.299999237060547,2139.0
2026-08-05 13:00:00,PRAX,,314.9700012207031,314.9700012207031,314.7699890136719,314.7699890136719,654.0
2026-08-05 13:00:00,PRCH,,15.869999885559082,15.880000114440918,15.85990047454834,15.85990047454834,3283.0
2026-08-05 13:00:00,PRCT,,19.31999969482422,19.325000762939453,19.270000457763672,19.270000457763672,7119.0
2026-08-05 13:00:00,PRIM,,85.0999984741211,85.16000366210938,85.02999877929688,85.05999755859375,4664.0
2026-08-05 13:00:00,PRME,,3.0810999870300293,3.0810999870300293,3.0810999870300293,3.0810999870300293,3879.0
2026-08-05 13:00:00,PROK,,1.6399999856948853,1.6399999856948853,1.6399999856948853,1.6399999856948853,694.0
2026-08-05 13:00:00,PRSO,,0.6891999840736389,0.6891999840736389,0.6891999840736389,0.6891999840736389,508.0
2026-08-05 13:00:00,PRTA,,8.539999961853027,8.539999961853027,8.539999961853027,8.539999961853027,246.0
2026-08-05 13:00:00,PRVA,,24.459999084472656,24.459999084472656,24.459999084472656,24.459999084472656,1185.0
2026-08-05 13:00:00,PSEC,,2.190000057220459,2.190000057220459,2.184999942779541,2.190000057220459,1663.0
2026-08-05 13:00:00,PSNL,,13.520000457763672,13.520000457763672,13.520000457763672,13.520000457763672,1090.0
2026-08-05 13:00:00,PSNY,,14.039999961853027,14.039999961853027,14.039999961853027,14.039999961853027,156.0
2026-08-05 13:00:00,PTC,,139.48500061035156,139.48500061035156,139.48500061035156,139.48500061035156,784.0
2026-08-05 13:00:00,PTEN,,9.8149995803833,9.8149995803833,9.789999961853027,9.795000076293945,51253.0
2026-08-05 13:00:00,PTLO,,4.669899940490723,4.670000076293945,4.661099910736084,4.661099910736084,4166.0
2026-08-05 13:00:00,PTON,,6.510000228881836,6.514999866485596,6.5,6.505000114440918,38659.0
2026-08-05 13:00:00,PUBM,,13.449999809265137,13.460000038146973,13.449999809265137,13.460000038146973,2987.0
2026-08-05 13:00:00,PWP,,17.33989906311035,17.33989906311035,17.33989906311035,17.33989906311035,656.0
2026-08-05 13:00:00,PYPD,,4.525000095367432,4.525000095367432,4.525000095367432,4.525000095367432,829.0
2026-08-05 13:00:00,PYPL,,58.25,58.25,58.22999954223633,58.23500061035156,5570.0
2026-08-05 13:00:00,PYXS,,3.200000047683716,3.200000047683716,3.200000047683716,3.200000047683716,672.0
2026-08-05 13:00:00,PZZA,,30.34000015258789,30.34000015258789,30.34000015258789,30.34000015258789,952.0
2026-08-05 13:00:00,QCOM,,158.39999389648438,158.64779663085938,158.3300018310547,158.61000061035156,9078.0
2026-08-05 13:00:00,QRVO,,94.91000366210938,94.98999786376953,94.86000061035156,94.91999816894531,1310.0
2026-08-05 13:00:00,SEED,,1.0199999809265137,1.0199999809265137,1.010699987411499,1.0199999809265137,1190.0
2026-08-05 13:01:00,ACDC,,4.440000057220459,4.445000171661377,4.425000190734863,4.425000190734863,7632.0
2026-08-05 13:01:00,BPOP,,177.58990478515625,177.58990478515625,177.58990478515625,177.58990478515625,409.0
2026-08-05 13:01:00,EYE,,23.18000030517578,23.190000534057617,23.18000030517578,23.18000030517578,2650.0
2026-08-05 13:01:00,GLUE,,15.670000076293945,15.670000076293945,15.670000076293945,15.670000076293945,658.0
2026-08-05 13:01:00,KIDS,,21.399999618530273,21.440000534057617,21.399999618530273,21.399999618530273,1308.0
2026-08-05 13:01:00,KITT,,1.024999976158142,1.024999976158142,1.024999976158142,1.024999976158142,615.0
2026-08-05 13:01:00,MDB,,375.8599853515625,376.1199951171875,375.8599853515625,375.8900146484375,649.0
2026-08-05 13:01:00,MDLZ,,62.209999084472656,62.25,62.20000076293945,62.25,48271.0
2026-08-05 13:01:00,MNRO,,13.199999809265137,13.199999809265137,13.199999809265137,13.199999809265137,1825.0
2026-08-05 13:01:00,MNST,,94.4800033569336,94.4800033569336,94.4749984741211,94.4749984741211,2195.0
2026-08-05 13:01:00,MORN,,197.02000427246094,197.02000427246094,197.02000427246094,197.02000427246094,370.0
2026-08-05 13:01:00,MPWR,,1344.969970703125,1345.22998046875,1344.969970703125,1345.22998046875,323.0
2026-08-05 13:01:00,MRNA,,57.04999923706055,57.04999923706055,56.9900016784668,57.02000045776367,4706.0
2026-08-05 13:01:00,MYGN,,3.125,3.130000114440918,3.1201000213623047,3.125,4173.0
2026-08-05 13:01:00,NAMS,,27.690000534057617,27.694400787353516,27.579999923706055,27.690000534057617,9930.0
2026-08-05 13:01:00,NAUT,,0.9430999755859375,0.9430999755859375,0.9430000185966492,0.9430000185966492,2212.0
2026-08-05 13:01:00,NAVI,,9.120200157165527,9.125,9.120200157165527,9.125,383.0
2026-08-05 13:01:00,NB,,5.065000057220459,5.070000171661377,5.065000057220459,5.070000171661377,15406.0
2026-08-05 13:01:00,NBIX,,163.4550018310547,163.4550018310547,163.13499450683594,163.13499450683594,3396.0
2026-08-05 13:01:00,NDAQ,,94.95500183105469,94.95500183105469,94.94999694824219,94.95500183105469,1855.0
2026-08-05 13:01:00,NEGG,,16.850000381469727,16.850000381469727,16.850000381469727,16.850000381469727,1402.0
2026-08-05 13:01:00,NEO,,16.0,16.014999389648438,16.0,16.014999389648438,1334.0
2026-08-05 13:01:00,NEOV,,2.819999933242798,2.819999933242798,2.819999933242798,2.819999933242798,1663.0
2026-08-05 13:01:00,NESR,,28.809999465942383,28.809999465942383,28.809999465942383,28.809999465942383,1825.0
2026-08-05 13:01:00,NEWT,,15.050000190734863,15.050000190734863,15.050000190734863,15.050000190734863,313.0
2026-08-05 13:01:00,NEXT,,6.429999828338623,6.429999828338623,6.425000190734863,6.429999828338623,871.0
2026-08-05 13:01:00,NFLX,,73.24500274658203,73.26000213623047,73.2300033569336,73.23999786376953,38512.0
2026-08-05 13:01:00,NGNE,,35.61000061035156,35.65999984741211,35.61000061035156,35.65999984741211,123.0
2026-08-05 13:01:00,NICE,,97.16999816894531,97.41000366210938,97.16999816894531,97.41000366210938,1039.0
2026-08-05 13:01:00,NKTR,,73.33000183105469,73.33000183105469,73.33000183105469,73.33000183105469,1648.0
2026-08-05 13:01:00,NKTX,,2.2200000286102295,2.2200000286102295,2.2200000286102295,2.2200000286102295,303.0
2026-08-05 13:01:00,NMFC,,7.335000038146973,7.335000038146973,7.335000038146973,7.335000038146973,694.0
2026-08-05 13:01:00,NMIH,,44.470001220703125,44.474998474121094,44.470001220703125,44.474998474121094,1312.0
2026-08-05 13:01:00,NMRK,,15.604999542236328,15.604999542236328,15.604999542236328,15.604999542236328,1218.0
2026-08-05 13:01:00,NN,,14.140000343322754,14.140000343322754,14.140000343322754,14.140000343322754,844.0
2026-08-05 13:01:00,NNBR,,3.880000114440918,3.880000114440918,3.875,3.880000114440918,946.0
2026-08-05 13:01:00,NNDM,,1.5449999570846558,1.5449999570846558,1.5399999618530273,1.5449999570846558,1390.0
2026-08-05 13:01:00,NOVT,,156.57000732421875,156.7449951171875,156.57000732421875,156.63499450683594,2944.0
2026-08-05 13:01:00,NPCE,,13.449999809265137,13.449999809265137,13.449999809265137,13.449999809265137,402.0
2026-08-05 13:01:00,NRC,,19.6200008392334,19.6200008392334,19.6200008392334,19.6200008392334,297.0
2026-08-05 13:01:00,NRDS,,9.145000457763672,9.145000457763672,9.135000228881836,9.135000228881836,8277.0
2026-08-05 13:01:00,NRXP,,3.0450000762939453,3.0450000762939453,3.0350000858306885,3.0350000858306885,1554.0
2026-08-05 13:01:00,NSSC,,40.17499923706055,40.17499923706055,40.17499923706055,40.17499923706055,331.0
2026-08-05 13:01:00,NTAP,,189.60499572753906,189.60499572753906,189.27499389648438,189.27499389648438,4556.0
2026-08-05 13:01:00,NTCT,,41.7599983215332,41.7599983215332,41.7599983215332,41.7599983215332,559.0
2026-08-05 13:01:00,NTES,,127.7300033569336,127.7300033569336,127.7300033569336,127.7300033569336,1653.0
2026-08-05 13:01:00,NTGR,,24.3700008392334,24.3700008392334,24.3700008392334,24.3700008392334,126.0
2026-08-05 13:01:00,NTNX,,60.70500183105469,60.70500183105469,60.70500183105469,60.70500183105469,1325.0
2026-08-05 13:01:00,NTRS,,183.75999450683594,183.77999877929688,183.75999450683594,183.77999877929688,2526.0
2026-08-05 13:01:00,NVAX,,7.635000228881836,7.635000228881836,7.635000228881836,7.635000228881836,960.0
2026-08-05 13:01:00,NVCT,,20.165000915527344,20.165000915527344,20.1200008392334,20.139999389648438,4708.0
2026-08-05 13:01:00,NVDA,,221.39999389648438,221.42990112304688,221.23550415039062,221.36000061035156,201630.0
2026-08-05 13:01:00,NVMI,,410.3800048828125,410.3800048828125,410.1400146484375,410.1400146484375,318.0
2026-08-05 13:01:00,NVTS,,12.489999771118164,12.498700141906738,12.479999542236328,12.489999771118164,7960.0
2026-08-05 13:01:00,NWBI,,15.944999694824219,15.949999809265137,15.944999694824219,15.949999809265137,938.0
2026-08-05 13:01:00,NWE,,68.79000091552734,68.79000091552734,68.78500366210938,68.78500366210938,450.0
2026-08-05 13:01:00,NWL,,6.25,6.255000114440918,6.25,6.25,23461.0
2026-08-05 13:01:00,NWPX,,127.98999786376953,127.98999786376953,127.48999786376953,127.48999786376953,2702.0
2026-08-05 13:01:00,NWS,,32.244998931884766,32.244998931884766,32.244998931884766,32.244998931884766,833.0
2026-08-05 13:01:00,NWSA,,28.204999923706055,28.21500015258789,28.204999923706055,28.209999084472656,1769.0
2026-08-05 13:01:00,NXPI,,232.69500732421875,232.6999969482422,232.6699981689453,232.6699981689453,1670.0
2026-08-05 13:01:00,NXT,,98.69999694824219,98.86000061035156,98.68000030517578,98.81999969482422,2536.0
2026-08-05 13:01:00,NXTC,,5.019999980926514,5.079999923706055,5.019999980926514,5.079999923706055,1801.0
2026-08-05 13:01:00,OCFC,,19.799999237060547,19.799999237060547,19.799999237060547,19.799999237060547,1779.0
2026-08-05 13:01:00,OCS,,12.069999694824219,12.069999694824219,12.069999694824219,12.069999694824219,224.0
2026-08-05 13:01:00,OCSL,,12.170000076293945,12.170000076293945,12.154999732971191,12.154999732971191,2621.0
2026-08-05 13:01:00,OCUL,,8.5649995803833,8.5649995803833,8.5600004196167,8.5649995803833,2297.0
2026-08-05 13:01:00,ODFL,,214.72999572753906,214.75,214.72999572753906,214.75,3215.0
2026-08-05 13:01:00,OESX,,14.529999732971191,14.529999732971191,14.444999694824219,14.444999694824219,1315.0
2026-08-05 13:01:00,OFIX,,10.5600004196167,10.600000381469727,10.5600004196167,10.600000381469727,1978.0
2026-08-05 13:01:00,OKTA,,148.30999755859375,148.3800048828125,148.3000030517578,148.3000030517578,1268.0
2026-08-05 13:01:00,OLLI,,78.16000366210938,78.18499755859375,78.08999633789062,78.16000366210938,9670.0
2026-08-05 13:01:00,OLMA,,11.604999542236328,11.604999542236328,11.604999542236328,11.604999542236328,777.0
2026-08-05 13:01:00,OMCL,,37.334999084472656,37.34000015258789,37.33000183105469,37.34000015258789,12246.0
2026-08-05 13:01:00,OMER,,12.899999618530273,12.899999618530273,12.89009952545166,12.89009952545166,942.0
2026-08-05 13:01:00,ON,,78.17680358886719,78.19499969482422,78.12999725341797,78.16000366210938,14664.0
2026-08-05 13:01:00,ONB,,27.05500030517578,27.05500030517578,27.041799545288086,27.049999237060547,6494.0
2026-08-05 13:01:00,ONDS,,8.890000343322754,8.899999618530273,8.880000114440918,8.885000228881836,333913.0
2026-08-05 13:01:00,ONFO,,0.07450000196695328,0.07450000196695328,0.07450000196695328,0.07450000196695328,1210.0
2026-08-05 13:01:00,OPAL,,2.3399999141693115,2.3399999141693115,2.3399999141693115,2.3399999141693115,132.0
2026-08-05 13:01:00,OPCH,,23.43000030517578,23.43000030517578,23.40999984741211,23.40999984741211,2391.0
2026-08-05 13:01:00,OPEN,,3.8499999046325684,3.8499999046325684,3.8399999141693115,3.8399999141693115,48389.0
2026-08-05 13:01:00,OPK,,1.3200000524520874,1.3200000524520874,1.3200000524520874,1.3200000524520874,2613.0
2026-08-05 13:01:00,OPRA,,19.889999389648438,19.889999389648438,19.889999389648438,19.889999389648438,193.0
2026-08-05 13:01:00,ORGO,,2.3399999141693115,2.3399999141693115,2.3399999141693115,2.3399999141693115,4357.0
2026-08-05 13:01:00,ORIC,,13.15999984741211,13.15999984741211,13.145000457763672,13.149999618530273,8034.0
2026-08-05 13:01:00,ORLY,,93.125,93.13500213623047,93.08999633789062,93.0999984741211,4851.0
2026-08-05 13:01:00,ORMP,,4.420000076293945,4.420000076293945,4.420000076293945,4.420000076293945,1137.0
2026-08-05 13:01:00,ORRF,,43.26499938964844,43.26499938964844,43.26499938964844,43.26499938964844,356.0
2026-08-05 13:01:00,OSPN,,16.5,16.5,16.479999542236328,16.479999542236328,933.0
2026-08-05 13:01:00,OSS,,13.96500015258789,14.010000228881836,13.96500015258789,14.010000228881836,3710.0
2026-08-05 13:01:00,OSUR,,4.130000114440918,4.130000114440918,4.130000114440918,4.130000114440918,289.0
2026-08-05 13:01:00,OTEX,,25.84000015258789,25.850000381469727,25.84000015258789,25.850000381469727,2495.0
2026-08-05 13:01:00,OTLK,,1.0199999809265137,1.0199999809265137,1.0199999809265137,1.0199999809265137,822.0
2026-08-05 13:01:00,OVID,,2.609999895095825,2.609999895095825,2.5999999046325684,2.5999999046325684,3812.0
2026-08-05 13:01:00,OXLC,,9.15880012512207,9.15880012512207,9.15880012512207,9.15880012512207,212.0
2026-08-05 13:01:00,PAA,,23.209999084472656,23.209999084472656,23.200000762939453,23.200000762939453,2132.0
2026-08-05 13:01:00,PAAS,,48.09000015258789,48.10499954223633,48.08000183105469,48.08000183105469,3304.0
2026-08-05 13:01:00,PACB,,1.3799999952316284,1.3849999904632568,1.375,1.3799999952316284,145973.0
2026-08-05 13:01:00,PALI,,2.140000104904175,2.140000104904175,2.140000104904175,2.140000104904175,582.0
2026-08-05 13:01:00,PANW,,364.42498779296875,364.42498779296875,364.3252868652344,364.3252868652344,1997.0
2026-08-05 13:01:00,PATK,,87.90499877929688,87.90499877929688,87.90499877929688,87.90499877929688,2371.0
2026-08-05 13:01:00,PAVS,,4.849999904632568,4.880000114440918,4.849999904632568,4.880000114440918,1084.0
2026-08-05 13:01:00,PAX,,11.489999771118164,11.494999885559082,11.479999542236328,11.479999542236328,3884.0
2026-08-05 13:01:00,PAYO,,7.130000114440918,7.130000114440918,7.119999885559082,7.125,3427.0
2026-08-05 13:01:00,PAYX,,116.99250030517578,116.99250030517578,116.94999694824219,116.94999694824219,3290.0
2026-08-05 13:01:00,PBYI,,7.980000019073486,7.980000019073486,7.96999979019165,7.96999979019165,1382.0
2026-08-05 13:01:00,PCAR,,134.1999969482422,134.1999969482422,134.0399932861328,134.0399932861328,2837.0
2026-08-05 13:01:00,PCRX,,24.559999465942383,24.559999465942383,24.559999465942383,24.559999465942383,401.0
2026-08-05 13:01:00,PCT,,6.8927998542785645,6.8927998542785645,6.889999866485596,6.889999866485596,3375.0
2026-08-05 13:01:00,PCTY,,144.38999938964844,144.38999938964844,144.38999938964844,144.38999938964844,890.0
2026-08-05 13:01:00,PCYO,,10.550000190734863,10.550000190734863,10.550000190734863,10.550000190734863,113.0
2026-08-05 13:01:00,PDD,,90.75,90.76000213623047,90.75,90.75,5125.0
2026-08-05 13:01:00,PDFS,,50.209999084472656,50.209999084472656,50.209999084472656,50.209999084472656,296.0
2026-08-05 13:01:00,PDLB,,20.489999771118164,20.489999771118164,20.489999771118164,20.489999771118164,273.0
2026-08-05 13:01:00,PECO,,41.34000015258789,41.34000015258789,41.310001373291016,41.34000015258789,6001.0
2026-08-05 13:01:00,PEGA,,31.690000534057617,31.75,31.690000534057617,31.75,3701.0
2026-08-05 13:01:00,PENN,,19.829999923706055,19.84000015258789,19.825000762939453,19.834999084472656,3881.0
2026-08-05 13:01:00,PEP,,138.61000061035156,138.61500549316406,138.57000732421875,138.5800018310547,6993.0
2026-08-05 13:01:00,PEPG,,1.9450000524520874,1.9500000476837158,1.940000057220459,1.940000057220459,7620.0
2026-08-05 13:01:00,PESI,,17.84000015258789,17.850000381469727,17.84000015258789,17.850000381469727,3161.0
2026-08-05 13:01:00,PFG,,114.12999725341797,114.1449966430664,114.12000274658203,114.12000274658203,3205.0
2026-08-05 13:01:00,PGC,,46.720001220703125,46.720001220703125,46.720001220703125,46.720001220703125,366.0
2026-08-05 13:01:00,PGEN,,6.925000190734863,6.925000190734863,6.909999847412109,6.920000076293945,14753.0
2026-08-05 13:01:00,PGNY,,31.700000762939453,31.719999313354492,31.700000762939453,31.700000762939453,2940.0
2026-08-05 13:01:00,PGY,,21.690000534057617,21.690000534057617,21.68000030517578,21.690000534057617,5430.0
2026-08-05 13:01:00,PHAT,,8.484999656677246,8.484999656677246,8.484999656677246,8.484999656677246,2914.0
2026-08-05 13:01:00,PHVS,,33.42499923706055,33.5099983215332,33.42499923706055,33.5,1144.0
2026-08-05 13:01:00,PIII,,10.164999961853027,10.164999961853027,10.164999961853027,10.164999961853027,192.0
2026-08-05 13:01:00,PLBY,,1.1449999809265137,1.1449999809265137,1.1399999856948853,1.1399999856948853,6425.0
2026-08-05 13:01:00,PLUG,,2.0820000171661377,2.0899999141693115,2.0799999237060547,2.0850000381469727,31617.0
2026-08-05 13:01:00,PMVP,,1.184999942779541,1.184999942779541,1.184999942779541,1.184999942779541,3045.0
2026-08-05 13:01:00,PNFP,,107.94000244140625,107.94000244140625,107.73999786376953,107.73999786376953,750.0
2026-08-05 13:01:00,PNTG,,39.08000183105469,39.099998474121094,39.029998779296875,39.099998474121094,4709.0
2026-08-05 13:01:00,POET,,8.375,8.375,8.364999771118164,8.364999771118164,14238.0
2026-08-05 13:01:00,POWI,,62.16999816894531,62.16999816894531,62.16999816894531,62.16999816894531,1062.0
2026-08-05 13:01:00,POWL,,213.25999450683594,213.3300018310547,213.1999969482422,213.22000122070312,705.0
2026-08-05 13:01:00,PPC,,26.420000076293945,26.440000534057617,26.40999984741211,26.40999984741211,2477.0
2026-08-05 13:01:00,PPTA,,22.290000915527344,22.299999237060547,22.290000915527344,22.290000915527344,2403.0
2026-08-05 13:01:00,PRAX,,315.2550048828125,315.2550048828125,315.0,315.1199951171875,721.0
2026-08-05 13:01:00,PRCH,,15.869999885559082,15.869999885559082,15.869999885559082,15.869999885559082,909.0
2026-08-05 13:01:00,PRDO,,32.970001220703125,32.970001220703125,32.92499923706055,32.92499923706055,605.0
2026-08-05 13:01:00,PRFX,,1.1200000047683716,1.1200000047683716,1.1200000047683716,1.1200000047683716,753.0
2026-08-05 13:01:00,PRGS,,42.040000915527344,42.040000915527344,42.040000915527344,42.040000915527344,470.0
2026-08-05 13:01:00,PRIM,,85.29000091552734,85.30000305175781,85.12000274658203,85.17500305175781,5155.0
2026-08-05 13:01:00,PRLD,,4.570000171661377,4.570000171661377,4.570000171661377,4.570000171661377,348.0
2026-08-05 13:01:00,PRME,,3.0799999237060547,3.0799999237060547,3.0799999237060547,3.0799999237060547,1852.0
2026-08-05 13:01:00,PRQR,,1.9149999618530273,1.9149999618530273,1.9149999618530273,1.9149999618530273,505.0
2026-08-05 13:01:00,PRVA,,24.440000534057617,24.459999084472656,24.399999618530273,24.440000534057617,6209.0
2026-08-05 13:01:00,PSEC,,2.190000057220459,2.190000057220459,2.190000057220459,2.190000057220459,1276.0
2026-08-05 13:01:00,PSNL,,13.539999961853027,13.539999961853027,13.529999732971191,13.529999732971191,1393.0
2026-08-05 13:01:00,PTCT,,69.11000061035156,69.12000274658203,69.07499694824219,69.11000061035156,3249.0
2026-08-05 13:01:00,PTEN,,9.819999694824219,9.819999694824219,9.808899879455566,9.8149995803833,10330.0
2026-08-05 13:01:00,PTGX,,136.75,136.77000427246094,136.72999572753906,136.77000427246094,1590.0
2026-08-05 13:01:00,PTLO,,4.660900115966797,4.670000076293945,4.660900115966797,4.664999961853027,9032.0
2026-08-05 13:01:00,PTON,,6.505000114440918,6.505000114440918,6.5,6.505000114440918,7092.0
2026-08-05 13:01:00,PWP,,17.329999923706055,17.329999923706055,17.329999923706055,17.329999923706055,122.0
2026-08-05 13:01:00,PYPL,,58.25,58.255001068115234,58.22999954223633,58.244998931884766,12923.0
2026-08-05 13:01:00,PZZA,,30.309999465942383,30.329999923706055,30.309999465942383,30.329999923706055,1839.0
2026-08-05 13:01:00,QCOM,,158.4499969482422,158.47000122070312,158.38499450683594,158.4499969482422,13345.0
2026-08-05 13:01:00,QFIN,,13.199999809265137,13.199999809265137,13.199999809265137,13.199999809265137,524.0
2026-08-05 13:01:00,QRVO,,94.91999816894531,94.95999908447266,94.87999725341797,94.95999908447266,2342.0
2026-08-05 13:01:00,TARA,,4.054999828338623,4.054999828338623,4.054999828338623,4.054999828338623,507.0
2026-08-05 13:01:00,WOOF,,2.944999933242798,2.944999933242798,2.940000057220459,2.9400999546051025,28041.0
2026-08-05 13:02:00,ACDC,,4.434999942779541,4.445000171661377,4.434999942779541,4.445000171661377,7783.0
2026-08-05 13:02:00,EYE,,23.18000030517578,23.18000030517578,23.18000030517578,23.18000030517578,569.0
2026-08-05 13:02:00,GLUE,,15.65999984741211,15.675000190734863,15.65999984741211,15.670000076293945,1301.0
2026-08-05 13:02:00,LUNG,,1.9950000047683716,2.0,1.9950000047683716,2.0,5554.0
2026-08-05 13:02:00,MCRI,,124.20999908447266,124.20999908447266,124.20999908447266,124.20999908447266,646.0
2026-08-05 13:02:00,MDB,,375.2699890136719,375.739990234375,375.2699890136719,375.739990234375,1528.0
2026-08-05 13:02:00,MDLZ,,62.290000915527344,62.290000915527344,62.20000076293945,62.209999084472656,50842.0
2026-08-05 13:02:00,MNRO,,13.210000038146973,13.210000038146973,13.210000038146973,13.210000038146973,1910.0
2026-08-05 13:02:00,MNST,,94.4800033569336,94.4800033569336,94.4800033569336,94.4800033569336,1699.0
2026-08-05 13:02:00,MNYWW,,0.04019999876618385,0.04019999876618385,0.04010000079870224,0.04010000079870224,0.0
2026-08-05 13:02:00,MPWR,,1341.6800537109375,1344.969970703125,1341.6600341796875,1344.969970703125,951.0
2026-08-05 13:02:00,MRNA,,56.95000076293945,57.029998779296875,56.95000076293945,56.9900016784668,3531.0
2026-08-05 13:02:00,MYGN,,3.119999885559082,3.125,3.115000009536743,3.125,49200.0
2026-08-05 13:02:00,MYPS,,0.7364000082015991,0.7364000082015991,0.7364000082015991,0.7364000082015991,200.0
2026-08-05 13:02:00,NAMS,,27.479999542236328,27.65999984741211,27.479999542236328,27.65999984741211,2846.0
2026-08-05 13:02:00,NAUT,,0.942300021648407,0.942300021648407,0.942300021648407,0.942300021648407,5440.0
2026-08-05 13:02:00,NAVI,,9.125,9.125,9.125,9.125,156.0
2026-08-05 13:02:00,NB,,5.060100078582764,5.060100078582764,5.059999942779541,5.059999942779541,1089.0
2026-08-05 13:02:00,NCMI,,4.130000114440918,4.130000114440918,4.130000114440918,4.130000114440918,529.0
2026-08-05 13:02:00,NDAQ,,94.91999816894531,94.91999816894531,94.91999816894531,94.91999816894531,1140.0
2026-08-05 13:02:00,NDSN,,311.05999755859375,311.05999755859375,311.05999755859375,311.05999755859375,316.0
2026-08-05 13:02:00,NEO,,15.970000267028809,16.0,15.970000267028809,16.0,3854.0
2026-08-05 13:02:00,NEOG,,11.65999984741211,11.680000305175781,11.65999984741211,11.680000305175781,2279.0
2026-08-05 13:02:00,NEON,,0.9350000023841858,0.9350000023841858,0.9350000023841858,0.9350000023841858,1049.0
2026-08-05 13:02:00,NEOV,,2.819999933242798,2.8299999237060547,2.819999933242798,2.819999933242798,4147.0
2026-08-05 13:02:00,NESR,,28.780000686645508,28.81999969482422,28.780000686645508,28.809999465942383,3583.0
2026-08-05 13:02:00,NEXT,,6.429999828338623,6.429999828338623,6.429999828338623,6.429999828338623,3282.0
2026-08-05 13:02:00,NFE,,0.335999995470047,0.335999995470047,0.335999995470047,0.335999995470047,705.0
2026-08-05 13:02:00,NFLX,,73.20500183105469,73.24620056152344,73.19999694824219,73.24500274658203,37035.0
2026-08-05 13:02:00,NKTR,,73.27999877929688,73.29000091552734,73.27999877929688,73.29000091552734,809.0
2026-08-05 13:02:00,NKTX,,2.2249999046325684,2.2249999046325684,2.2200000286102295,2.2200000286102295,1066.0
2026-08-05 13:02:00,NMRK,,15.59000015258789,15.609999656677246,15.59000015258789,15.609999656677246,3277.0
2026-08-05 13:02:00,NN,,14.125,14.149999618530273,14.125,14.149999618530273,2733.0
2026-08-05 13:02:00,NNBR,,3.880000114440918,3.884999990463257,3.875,3.875,12835.0
2026-08-05 13:02:00,NNDM,,1.5449999570846558,1.5449999570846558,1.5399999618530273,1.5449999570846558,2800.0
2026-08-05 13:02:00,NOVT,,156.4600067138672,156.48500061035156,156.4600067138672,156.48500061035156,2902.0
2026-08-05 13:02:00,NRDS,,9.164999961853027,9.175000190734863,9.149900436401367,9.149900436401367,4238.0
2026-08-05 13:02:00,NRIX,,25.059999465942383,25.059999465942383,25.059999465942383,25.059999465942383,211.0
2026-08-05 13:02:00,NRSN,,0.5299999713897705,0.5299999713897705,0.5299999713897705,0.5299999713897705,5335.0
2026-08-05 13:02:00,NRXP,,3.0350000858306885,3.049999952316284,3.0350000858306885,3.049999952316284,2222.0
2026-08-05 13:02:00,NSSC,,40.17499923706055,40.17499923706055,40.16999816894531,40.16999816894531,874.0
2026-08-05 13:02:00,NTAP,,189.38999938964844,189.42999267578125,189.38999938964844,189.39500427246094,3618.0
2026-08-05 13:02:00,NTCT,,41.744998931884766,41.744998931884766,41.744998931884766,41.744998931884766,601.0
2026-08-05 13:02:00,NTGR,,24.34000015258789,24.34000015258789,24.34000015258789,24.34000015258789,257.0
2026-08-05 13:02:00,NTNX,,60.630001068115234,60.68000030517578,60.630001068115234,60.68000030517578,3519.0
2026-08-05 13:02:00,NTRA,,274.1600036621094,274.1600036621094,274.1600036621094,274.1600036621094,287.0
2026-08-05 13:02:00,NUWE,,1.725000023841858,1.725000023841858,1.725000023841858,1.725000023841858,575.0
2026-08-05 13:02:00,NVAX,,7.630000114440918,7.635000228881836,7.630000114440918,7.635000228881836,3521.0
2026-08-05 13:02:00,NVCR,,16.06999969482422,16.110000610351562,16.06999969482422,16.110000610351562,3019.0
2026-08-05 13:02:00,NVDA,,221.2100067138672,221.48500061035156,221.2100067138672,221.4149932861328,159335.0
2026-08-05 13:02:00,NVMI,,410.1099853515625,410.5799865722656,410.1099853515625,410.5799865722656,451.0
2026-08-05 13:02:00,NVTS,,12.46500015258789,12.489999771118164,12.46500015258789,12.479999542236328,5907.0
2026-08-05 13:02:00,NWBI,,15.949999809265137,15.949999809265137,15.947999954223633,15.947999954223633,2050.0
2026-08-05 13:02:00,NWL,,6.25,6.260000228881836,6.25,6.255000114440918,4758.0
2026-08-05 13:02:00,NWS,,32.244998931884766,32.244998931884766,32.23500061035156,32.2400016784668,2061.0
2026-08-05 13:02:00,NWSA,,28.209999084472656,28.209999084472656,28.204999923706055,28.204999923706055,2057.0
2026-08-05 13:02:00,NXPI,,232.47999572753906,232.6824951171875,232.47999572753906,232.6824951171875,2402.0
2026-08-05 13:02:00,NXT,,98.69999694824219,98.83499908447266,98.69999694824219,98.83499908447266,3350.0
2026-08-05 13:02:00,NXTC,,5.019999980926514,5.059999942779541,4.949999809265137,5.010000228881836,10251.0
2026-08-05 13:02:00,NYXH,,1.4149999618530273,1.4149999618530273,1.4149999618530273,1.4149999618530273,600.0
2026-08-05 13:02:00,OBIO,,4.239999771118164,4.239999771118164,4.239999771118164,4.239999771118164,568.0
2026-08-05 13:02:00,OCG,,1.684999942779541,1.684999942779541,1.684999942779541,1.684999942779541,180.0
2026-08-05 13:02:00,OCGN,,1.2999999523162842,1.2999999523162842,1.2999999523162842,1.2999999523162842,686.0
2026-08-05 13:02:00,OCS,,12.029999732971191,12.029999732971191,12.029999732971191,12.029999732971191,930.0
2026-08-05 13:02:00,OCSL,,12.161100387573242,12.161100387573242,12.161100387573242,12.161100387573242,1407.0
2026-08-05 13:02:00,OCUL,,8.550000190734863,8.5600004196167,8.550000190734863,8.5600004196167,5233.0
2026-08-05 13:02:00,ODD,,15.279999732971191,15.3100004196167,15.279999732971191,15.3100004196167,1637.0
2026-08-05 13:02:00,ODFL,,214.61000061035156,214.74000549316406,214.61000061035156,214.74000549316406,2192.0
2026-08-05 13:02:00,OESX,,14.539999961853027,14.539999961853027,14.539999961853027,14.539999961853027,844.0
2026-08-05 13:02:00,OFIX,,10.550000190734863,10.574999809265137,10.550000190734863,10.574999809265137,1380.0
2026-08-05 13:02:00,OKTA,,148.18499755859375,148.31500244140625,148.16000366210938,148.31500244140625,2648.0
2026-08-05 13:02:00,OLLI,,78.16999816894531,78.16999816894531,78.12000274658203,78.12000274658203,1431.0
2026-08-05 13:02:00,OMCL,,37.34000015258789,37.34000015258789,37.310001373291016,37.334999084472656,1856.0
2026-08-05 13:02:00,OMER,,12.899999618530273,12.899999618530273,12.899999618530273,12.899999618530273,1028.0
2026-08-05 13:02:00,OMH,,0.11309999972581863,0.11309999972581863,0.11309999972581863,0.11309999972581863,9708.0
2026-08-05 13:02:00,ON,,78.0999984741211,78.20999908447266,78.0999984741211,78.16000366210938,14132.0
2026-08-05 13:02:00,ONB,,27.049999237060547,27.049999237060547,27.049999237060547,27.049999237060547,1372.0
2026-08-05 13:02:00,ONDS,,8.885000228881836,8.899999618530273,8.880000114440918,8.895000457763672,223324.0
2026-08-05 13:02:00,ONFO,,0.07419999688863754,0.07460000365972519,0.07419999688863754,0.07440000027418137,32699.0
2026-08-05 13:02:00,OPAL,,2.3350000381469727,2.3350000381469727,2.3350000381469727,2.3350000381469727,200.0
2026-08-05 13:02:00,OPCH,,23.43000030517578,23.43000030517578,23.399999618530273,23.40999984741211,8510.0
2026-08-05 13:02:00,OPEN,,3.8399999141693115,3.8499999046325684,3.8350000381469727,3.8450000286102295,49976.0
2026-08-05 13:02:00,OPK,,1.3200000524520874,1.3300000429153442,1.3200000524520874,1.320099949836731,1738.0
2026-08-05 13:02:00,OPRA,,19.850000381469727,19.850000381469727,19.850000381469727,19.850000381469727,355.0
2026-08-05 13:02:00,OPRT,,6.150000095367432,6.150000095367432,6.150000095367432,6.150000095367432,228.0
2026-08-05 13:02:00,OPRX,,6.929999828338623,6.929999828338623,6.929999828338623,6.929999828338623,1048.0
2026-08-05 13:02:00,ORIC,,13.119999885559082,13.119999885559082,13.119999885559082,13.119999885559082,230.0
2026-08-05 13:02:00,ORLY,,93.0999984741211,93.1050033569336,93.08999633789062,93.1050033569336,2570.0
2026-08-05 13:02:00,OSS,,13.989999771118164,13.989999771118164,13.950699806213379,13.950699806213379,2452.0
2026-08-05 13:02:00,OTEX,,25.80500030517578,25.829999923706055,25.80500030517578,25.829999923706055,2541.0
2026-08-05 13:02:00,OTLK,,1.0199999809265137,1.0199999809265137,1.0099999904632568,1.0199999809265137,3103.0
2026-08-05 13:02:00,OVID,,2.6050000190734863,2.6050000190734863,2.6050000190734863,2.6050000190734863,259.0
2026-08-05 13:02:00,OXLC,,9.149999618530273,9.149999618530273,9.149999618530273,9.149999618530273,157.0
2026-08-05 13:02:00,PAA,,23.209999084472656,23.209999084472656,23.209999084472656,23.209999084472656,1637.0
2026-08-05 13:02:00,PAAS,,48.060001373291016,48.11000061035156,48.060001373291016,48.09000015258789,6295.0
2026-08-05 13:02:00,PACB,,1.3710999488830566,1.3799999952316284,1.3700000047683716,1.3799999952316284,87757.0
2026-08-05 13:02:00,PAGP,,25.15999984741211,25.15999984741211,25.15999984741211,25.15999984741211,359.0
2026-08-05 13:02:00,PAHC,,35.650001525878906,35.80500030517578,35.650001525878906,35.80500030517578,1228.0
2026-08-05 13:02:00,PALI,,2.134999990463257,2.139699935913086,2.134999990463257,2.139699935913086,12150.0
2026-08-05 13:02:00,PANW,,364.135009765625,364.3399963378906,364.01019287109375,364.3399963378906,3361.0
2026-08-05 13:02:00,PAVS,,4.840099811553955,4.840099811553955,4.840099811553955,4.840099811553955,272.0
2026-08-05 13:02:00,PAX,,11.475000381469727,11.475000381469727,11.475000381469727,11.475000381469727,418.0
2026-08-05 13:02:00,PAYO,,7.125,7.125,7.119999885559082,7.119999885559082,1850.0
2026-08-05 13:02:00,PAYX,,116.94999694824219,116.94999694824219,116.92500305175781,116.92500305175781,1692.0
2026-08-05 13:02:00,PBYI,,7.980000019073486,7.980000019073486,7.980000019073486,7.980000019073486,595.0
2026-08-05 13:02:00,PCAR,,134.11000061035156,134.21499633789062,134.11000061035156,134.21499633789062,2882.0
2026-08-05 13:02:00,PCRX,,24.549999237060547,24.559999465942383,24.479999542236328,24.479999542236328,873.0
2026-08-05 13:02:00,PCT,,6.900000095367432,6.900000095367432,6.900000095367432,6.900000095367432,4563.0
2026-08-05 13:02:00,PCTY,,144.0500030517578,144.19500732421875,144.0500030517578,144.1699981689453,609.0
2026-08-05 13:02:00,PCYO,,10.569999694824219,10.569999694824219,10.569999694824219,10.569999694824219,202.0
2026-08-05 13:02:00,PDD,,90.68000030517578,90.73999786376953,90.68000030517578,90.73999786376953,7852.0
2026-08-05 13:02:00,PDLB,,20.489999771118164,20.489999771118164,20.489999771118164,20.489999771118164,140.0
2026-08-05 13:02:00,PECO,,41.31999969482422,41.31999969482422,41.314998626708984,41.31999969482422,1169.0
2026-08-05 13:02:00,PEGA,,31.670000076293945,31.684999465942383,31.670000076293945,31.684999465942383,3686.0
2026-08-05 13:02:00,PENN,,19.84000015258789,19.84000015258789,19.829999923706055,19.829999923706055,1409.0
2026-08-05 13:02:00,PEP,,138.58970642089844,138.58970642089844,138.55499267578125,138.55999755859375,4948.0
2026-08-05 13:02:00,PEPG,,1.940000057220459,1.9450000524520874,1.940000057220459,1.9450000524520874,166.0
2026-08-05 13:02:00,PERI,,9.539999961853027,9.539999961853027,9.539999961853027,9.539999961853027,363.0
2026-08-05 13:02:00,PESI,,17.860000610351562,17.860000610351562,17.850000381469727,17.850000381469727,888.0
2026-08-05 13:02:00,PFG,,114.1500015258789,114.1500015258789,114.1500015258789,114.1500015258789,758.0
2026-08-05 13:02:00,PGC,,46.75,46.77000045776367,46.75,46.77000045776367,300.0
2026-08-05 13:02:00,PGEN,,6.918799877166748,6.925000190734863,6.914999961853027,6.920000076293945,7115.0
2026-08-05 13:02:00,PGY,,21.639999389648438,21.690000534057617,21.639999389648438,21.68000030517578,5905.0
2026-08-05 13:02:00,PHVS,,33.54499816894531,33.54499816894531,33.54499816894531,33.54499816894531,106.0
2026-08-05 13:02:00,PKOH,,41.1349983215332,41.1349983215332,41.119998931884766,41.119998931884766,477.0
2026-08-05 13:02:00,PLAB,,32.040000915527344,32.08000183105469,32.040000915527344,32.08000183105469,2081.0
2026-08-05 13:02:00,PLMR,,133.67999267578125,133.8800048828125,133.67999267578125,133.7899932861328,2156.0
2026-08-05 13:02:00,PLPC,,464.5799865722656,464.5799865722656,463.3999938964844,463.3999938964844,1448.0
2026-08-05 13:02:00,PLTK,,3.9149999618530273,3.9149999618530273,3.9149999618530273,3.9149999618530273,722.0
2026-08-05 13:02:00,PLUG,,2.0850000381469727,2.0859999656677246,2.0799999237060547,2.0850000381469727,38216.0
2026-08-05 13:02:00,PNBK,,1.1299999952316284,1.1299999952316284,1.1299999952316284,1.1299999952316284,200.0
2026-08-05 13:02:00,PNTG,,39.01499938964844,39.08000183105469,39.01499938964844,39.08000183105469,1354.0
2026-08-05 13:02:00,POET,,8.354999542236328,8.369999885559082,8.350000381469727,8.359999656677246,6755.0
2026-08-05 13:02:00,POWL,,213.1649932861328,213.27999877929688,212.97999572753906,213.27999877929688,596.0
2026-08-05 13:02:00,PPC,,26.43000030517578,26.43000030517578,26.43000030517578,26.43000030517578,261.0
2026-08-05 13:02:00,PPTA,,22.280000686645508,22.280000686645508,22.274999618530273,22.274999618530273,1162.0
2026-08-05 13:02:00,PRAA,,17.360000610351562,17.3700008392334,17.360000610351562,17.3700008392334,1539.0
2026-08-05 13:02:00,PRCH,,15.845000267028809,15.850000381469727,15.845000267028809,15.850000381469727,643.0
2026-08-05 13:02:00,PRCT,,19.200000762939453,19.290000915527344,19.200000762939453,19.290000915527344,7975.0
2026-08-05 13:02:00,PRIM,,85.22000122070312,85.32209777832031,85.22000122070312,85.27999877929688,1397.0
2026-08-05 13:02:00,PRLD,,4.570000171661377,4.570000171661377,4.570000171661377,4.570000171661377,781.0
2026-08-05 13:02:00,PRME,,3.075000047683716,3.0799999237060547,3.075000047683716,3.0799999237060547,1996.0
2026-08-05 13:02:00,PRQR,,1.9249999523162842,1.9249999523162842,1.9149999618530273,1.9149999618530273,12119.0
2026-08-05 13:02:00,PRVA,,24.43000030517578,24.440000534057617,24.43000030517578,24.440000534057617,980.0
2026-08-05 13:02:00,PRZO,,0.5407999753952026,0.5407999753952026,0.5407999753952026,0.5407999753952026,1020.0
2026-08-05 13:02:00,PSEC,,2.184999942779541,2.184999942779541,2.184999942779541,2.184999942779541,850.0
2026-08-05 13:02:00,PSNL,,13.510000228881836,13.539999961853027,13.510000228881836,13.539999961853027,3380.0
2026-08-05 13:02:00,PTC,,139.36000061035156,139.47500610351562,139.27999877929688,139.47500610351562,3893.0
2026-08-05 13:02:00,PTEN,,9.819999694824219,9.824999809265137,9.819999694824219,9.819999694824219,4100.0
2026-08-05 13:02:00,PTON,,6.501200199127197,6.505000114440918,6.5,6.5,13245.0
2026-08-05 13:02:00,PUBM,,13.4399995803833,13.449999809265137,13.4399995803833,13.449999809265137,2089.0
2026-08-05 13:02:00,PWP,,17.31999969482422,17.34000015258789,17.309999465942383,17.329999923706055,2130.0
2026-08-05 13:02:00,PYPL,,58.210201263427734,58.2599983215332,58.20000076293945,58.2599983215332,7304.0
2026-08-05 13:02:00,PZZA,,30.30500030517578,30.3799991607666,30.30500030517578,30.31999969482422,6578.0
2026-08-05 13:02:00,QCOM,,158.38999938964844,158.5491943359375,158.38999938964844,158.41000366210938,6578.0
2026-08-05 13:02:00,QFIN,,13.1899995803833,13.194999694824219,13.1850004196167,13.194999694824219,6066.0
2026-08-05 13:02:00,QQQX,,30.45989990234375,30.45989990234375,30.45989990234375,30.45989990234375,590.0
2026-08-05 13:02:00,QRVO,,94.94000244140625,94.94999694824219,94.91999816894531,94.91999816894531,651.0
2026-08-05 13:02:00,SEED,,1.0,1.027999997138977,1.0,1.027999997138977,3235.0
2026-08-05 13:02:00,STIM,,2.2799999713897705,2.2799999713897705,2.2799999713897705,2.2799999713897705,341.0
2026-08-05 13:02:00,TARA,,4.054999828338623,4.054999828338623,4.054999828338623,4.054999828338623,587.0
2026-08-05 13:03:00,ACDC,,4.434999942779541,4.434999942779541,4.434999942779541,4.434999942779541,7772.0
2026-08-05 13:03:00,BPOP,,177.63999938964844,177.63999938964844,177.63999938964844,177.63999938964844,536.0
2026-08-05 13:03:00,DTIL,,7.565000057220459,7.565000057220459,7.565000057220459,7.565000057220459,243.0
2026-08-05 13:03:00,EYE,,23.170000076293945,23.18000030517578,23.170000076293945,23.174999237060547,2173.0
2026-08-05 13:03:00,FIZZ,,32.150001525878906,32.150001525878906,32.125,32.125,293.0
2026-08-05 13:03:00,GLUE,,15.654999732971191,15.654999732971191,15.649999618530273,15.649999618530273,1356.0
2026-08-05 13:03:00,LUNG,,2.0,2.0,2.0,2.0,1784.0
2026-08-05 13:03:00,MDLZ,,62.244998931884766,62.290000915527344,62.2400016784668,62.279998779296875,25096.0
2026-08-05 13:03:00,MNRO,,13.229999542236328,13.239999771118164,13.220000267028809,13.220000267028809,6649.0
2026-08-05 13:03:00,MNST,,94.4800033569336,94.4800033569336,94.47000122070312,94.47000122070312,3650.0
2026-08-05 13:03:00,MNTS,,4.289999961853027,4.289999961853027,4.289999961853027,4.289999961853027,256.0
2026-08-05 13:03:00,MORN,,197.0399932861328,197.0399932861328,197.0399932861328,197.0399932861328,490.0
2026-08-05 13:03:00,MPWR,,1339.4150390625,1342.449951171875,1339.1199951171875,1342.449951171875,963.0
2026-08-05 13:03:00,MRNA,,56.93000030517578,56.939998626708984,56.93000030517578,56.939998626708984,1446.0
2026-08-05 13:03:00,MYGN,,3.115000009536743,3.119999885559082,3.115000009536743,3.119999885559082,2099.0
2026-08-05 13:03:00,MYPS,,0.7307999730110168,0.7307999730110168,0.7307999730110168,0.7307999730110168,27.0
2026-08-05 13:03:00,NAMS,,27.5,27.5,27.489999771118164,27.489999771118164,627.0
2026-08-05 13:03:00,NAVI,,9.125,9.125,9.125,9.125,871.0
2026-08-05 13:03:00,NB,,5.050000190734863,5.059999942779541,5.050000190734863,5.059999942779541,2678.0
2026-08-05 13:03:00,NBIX,,163.49000549316406,163.49000549316406,163.28500366210938,163.2899932861328,3404.0
2026-08-05 13:03:00,NBTX,,39.70000076293945,39.709999084472656,39.70000076293945,39.709999084472656,6196.0
2026-08-05 13:03:00,NDAQ,,94.94000244140625,94.94000244140625,94.94000244140625,94.94000244140625,1229.0
2026-08-05 13:03:00,NEO,,15.970000267028809,15.970000267028809,15.96500015258789,15.96500015258789,1992.0
2026-08-05 13:03:00,NEOV,,2.815000057220459,2.819999933242798,2.809999942779541,2.819999933242798,4913.0
2026-08-05 13:03:00,NESR,,28.780000686645508,28.780000686645508,28.780000686645508,28.780000686645508,1569.0
2026-08-05 13:03:00,NEWT,,15.050000190734863,15.050000190734863,15.050000190734863,15.050000190734863,1128.0
2026-08-05 13:03:00,NEXT,,6.429999828338623,6.429999828338623,6.429999828338623,6.429999828338623,667.0
2026-08-05 13:03:00,NFLX,,73.16200256347656,73.22000122070312,73.15499877929688,73.20999908447266,55917.0
2026-08-05 13:03:00,NGNE,,35.599998474121094,35.599998474121094,35.599998474121094,35.599998474121094,260.0
2026-08-05 13:03:00,NIU,,2.434999942779541,2.434999942779541,2.434999942779541,2.434999942779541,200.0
2026-08-05 13:03:00,NKTR,,73.23999786376953,73.23999786376953,73.23999786376953,73.23999786376953,752.0
2026-08-05 13:03:00,NKTX,,2.2249999046325684,2.2249999046325684,2.2249999046325684,2.2249999046325684,660.0
2026-08-05 13:03:00,NMRK,,15.600000381469727,15.600000381469727,15.579999923706055,15.579999923706055,4530.0
2026-08-05 13:03:00,NN,,14.100000381469727,14.125,14.100000381469727,14.125,11948.0
2026-08-05 13:03:00,NNBR,,3.880000114440918,3.880000114440918,3.875,3.875,1554.0
2026-08-05 13:03:00,NNDM,,1.5449999570846558,1.5449999570846558,1.5449999570846558,1.5449999570846558,501.0
2026-08-05 13:03:00,NRDS,,9.154999732971191,9.15999984741211,9.154999732971191,9.15999984741211,1742.0
2026-08-05 13:03:00,NRIX,,25.020000457763672,25.020000457763672,25.020000457763672,25.020000457763672,650.0
2026-08-05 13:03:00,NRXP,,3.0350000858306885,3.0350000858306885,3.0350000858306885,3.0350000858306885,3.0
2026-08-05 13:03:00,NTGR,,24.360000610351562,24.360000610351562,24.360000610351562,24.360000610351562,468.0
2026-08-05 13:03:00,NTNX,,60.66999816894531,60.66999816894531,60.650001525878906,60.650001525878906,1625.0
2026-08-05 13:03:00,NTRA,,274.260009765625,274.3900146484375,274.1600036621094,274.16009521484375,997.0
2026-08-05 13:03:00,NUWE,,1.7200000286102295,1.7200000286102295,1.7200000286102295,1.7200000286102295,2421.0
2026-08-05 13:03:00,NVAX,,7.625,7.630000114440918,7.625,7.630000114440918,2506.0
2026-08-05 13:03:00,NVCT,,20.165000915527344,20.165000915527344,20.165000915527344,20.165000915527344,138.0
2026-08-05 13:03:00,NVDA,,221.1968994140625,221.27000427246094,221.08999633789062,221.22000122070312,168725.0
2026-08-05 13:03:00,NVTS,,12.449999809265137,12.466300010681152,12.449999809265137,12.460000038146973,14078.0
2026-08-05 13:03:00,NWE,,68.76000213623047,68.76000213623047,68.76000213623047,68.76000213623047,209.0
2026-08-05 13:03:00,NWL,,6.251100063323975,6.255000114440918,6.25,6.255000114440918,5890.0
2026-08-05 13:03:00,NWS,,32.25,32.25,32.244998931884766,32.244998931884766,747.0
2026-08-05 13:03:00,NWSA,,28.21500015258789,28.21500015258789,28.204999923706055,28.204999923706055,1973.0
2026-08-05 13:03:00,NXPI,,232.49000549316406,232.56500244140625,232.40499877929688,232.4600067138672,6091.0
2026-08-05 13:03:00,NXT,,98.6500015258789,98.76000213623047,98.63999938964844,98.67500305175781,4244.0
2026-08-05 13:03:00,NYXH,,1.409999966621399,1.409999966621399,1.409999966621399,1.409999966621399,480.0
2026-08-05 13:03:00,OBIO,,4.21999979019165,4.230000019073486,4.21999979019165,4.230000019073486,788.0
2026-08-05 13:03:00,OCGN,,1.2999999523162842,1.3049999475479126,1.2899999618530273,1.3049999475479126,69742.0
2026-08-05 13:03:00,ODFL,,214.36000061035156,214.625,214.36000061035156,214.57000732421875,6148.0
2026-08-05 13:03:00,OFIX,,10.539999961853027,10.539999961853027,10.529999732971191,10.529999732971191,1189.0
2026-08-05 13:03:00,OKTA,,147.9199981689453,148.19000244140625,147.9199981689453,148.1300048828125,3641.0
2026-08-05 13:03:00,OLLI,,78.18000030517578,78.19000244140625,78.18000030517578,78.19000244140625,3913.0
2026-08-05 13:03:00,OMCL,,37.34000015258789,37.349998474121094,37.29349899291992,37.349998474121094,6393.0
2026-08-05 13:03:00,OMH,,0.11420000344514847,0.11490000039339066,0.11330000311136246,0.11330000311136246,56574.0
2026-08-05 13:03:00,ON,,78.08090209960938,78.1500015258789,78.05999755859375,78.0999984741211,14848.0
2026-08-05 13:03:00,ONB,,27.057300567626953,27.065000534057617,27.05500030517578,27.059999465942383,15073.0
2026-08-05 13:03:00,ONDS,,8.875,8.890000343322754,8.869999885559082,8.885000228881836,330483.0
2026-08-05 13:03:00,ONFO,,0.07440000027418137,0.07440000027418137,0.07440000027418137,0.07440000027418137,8522.0
2026-08-05 13:03:00,ONMD,,0.6776999831199646,0.6776999831199646,0.6776999831199646,0.6776999831199646,329.0
2026-08-05 13:03:00,OPCH,,23.415000915527344,23.420000076293945,23.415000915527344,23.420000076293945,1303.0
2026-08-05 13:03:00,OPEN,,3.8399999141693115,3.8399999141693115,3.825000047683716,3.8399999141693115,98623.0
2026-08-05 13:03:00,OPHC,,8.550000190734863,8.550000190734863,8.550000190734863,8.550000190734863,457.0
2026-08-05 13:03:00,OPK,,1.3250000476837158,1.3250000476837158,1.3200000524520874,1.3200000524520874,687.0
2026-08-05 13:03:00,OPRA,,19.875,19.875,19.875,19.875,196.0
2026-08-05 13:03:00,OPRT,,6.159999847412109,6.159999847412109,6.159999847412109,6.159999847412109,1534.0
2026-08-05 13:03:00,ORIC,,13.109999656677246,13.109999656677246,13.109999656677246,13.109999656677246,1986.0
2026-08-05 13:03:00,ORLY,,93.11000061035156,93.125,93.11000061035156,93.125,1369.0
2026-08-05 13:03:00,OSBC,,25.774999618530273,25.774999618530273,25.774999618530273,25.774999618530273,1004.0
2026-08-05 13:03:00,OSS,,13.96500015258789,13.96500015258789,13.96500015258789,13.96500015258789,966.0
2026-08-05 13:03:00,OTEX,,25.829999923706055,25.829999923706055,25.815000534057617,25.815000534057617,2477.0
2026-08-05 13:03:00,OTLK,,1.0199999809265137,1.0199999809265137,1.0149999856948853,1.0199999809265137,874.0
2026-08-05 13:03:00,OVID,,2.6050000190734863,2.6050000190734863,2.5999999046325684,2.5999999046325684,1590.0
2026-08-05 13:03:00,PAA,,23.200000762939453,23.209999084472656,23.200000762939453,23.204999923706055,7970.0
2026-08-05 13:03:00,PAAS,,48.02000045776367,48.04999923706055,48.01499938964844,48.04999923706055,4437.0
2026-08-05 13:03:00,PACB,,1.3799999952316284,1.3799999952316284,1.3700000047683716,1.3700000047683716,4339.0
2026-08-05 13:03:00,PAGP,,25.165000915527344,25.165000915527344,25.15999984741211,25.15999984741211,878.0
2026-08-05 13:03:00,PAHC,,35.5099983215332,35.5099983215332,35.5099983215332,35.5099983215332,545.0
2026-08-05 13:03:00,PANW,,363.9800109863281,364.2950134277344,363.9800109863281,364.04998779296875,3555.0
2026-08-05 13:03:00,PAVS,,4.84089994430542,4.850100040435791,4.84089994430542,4.850100040435791,502.0
2026-08-05 13:03:00,PAX,,11.460000038146973,11.470999717712402,11.460000038146973,11.470000267028809,4500.0
2026-08-05 13:03:00,PAYO,,7.125,7.125,7.119999885559082,7.119999885559082,1001.0
2026-08-05 13:03:00,PAYS,,9.130000114440918,9.130000114440918,9.130000114440918,9.130000114440918,952.0
2026-08-05 13:03:00,PAYX,,117.04000091552734,117.04000091552734,116.9749984741211,116.9749984741211,1779.0
2026-08-05 13:03:00,PCAR,,134.13999938964844,134.13999938964844,134.13999938964844,134.13999938964844,1683.0
2026-08-05 13:03:00,PCRX,,24.559999465942383,24.559999465942383,24.549999237060547,24.559999465942383,1903.0
2026-08-05 13:03:00,PCT,,6.880000114440918,6.885000228881836,6.880000114440918,6.885000228881836,3730.0
2026-08-05 13:03:00,PCTY,,144.0500030517578,144.13999938964844,144.03500366210938,144.03500366210938,1112.0
2026-08-05 13:03:00,PDD,,90.62999725341797,90.68000030517578,90.62999725341797,90.66999816894531,11726.0
2026-08-05 13:03:00,PDFS,,50.18000030517578,50.18000030517578,50.18000030517578,50.18000030517578,945.0
2026-08-05 13:03:00,PECO,,41.33000183105469,41.33000183105469,41.33000183105469,41.33000183105469,379.0
2026-08-05 13:03:00,PENN,,19.84000015258789,19.84000015258789,19.829999923706055,19.829999923706055,829.0
2026-08-05 13:03:00,PEP,,138.57179260253906,138.57510375976562,138.55999755859375,138.57510375976562,3344.0
2026-08-05 13:03:00,PEPG,,1.940000057220459,1.9450000524520874,1.940000057220459,1.9450000524520874,208.0
2026-08-05 13:03:00,PFG,,114.18000030517578,114.18000030517578,114.1050033569336,114.12999725341797,3680.0
2026-08-05 13:03:00,PGC,,46.74169921875,46.74169921875,46.74169921875,46.74169921875,550.0
2026-08-05 13:03:00,PGEN,,6.875,6.909999847412109,6.875,6.900000095367432,14462.0
2026-08-05 13:03:00,PGY,,21.6299991607666,21.64539909362793,21.60099983215332,21.6299991607666,8930.0
2026-08-05 13:03:00,PHVS,,33.43000030517578,33.43000030517578,33.43000030517578,33.43000030517578,218.0
2026-08-05 13:03:00,PLAB,,32.04999923706055,32.04999923706055,32.03499984741211,32.040000915527344,1098.0
2026-08-05 13:03:00,PLTK,,3.934999942779541,3.934999942779541,3.9198999404907227,3.9200000762939453,18243.0
2026-08-05 13:03:00,PLUG,,2.0822999477386475,2.0899999141693115,2.0799999237060547,2.0850000381469727,106944.0
2026-08-05 13:03:00,PLXS,,275.92999267578125,276.0,275.8599853515625,275.8599853515625,2016.0
2026-08-05 13:03:00,PNBK,,1.1299999952316284,1.1299999952316284,1.1299999952316284,1.1299999952316284,101.0
2026-08-05 13:03:00,PNFP,,107.83499908447266,107.83499908447266,107.83499908447266,107.83499908447266,224.0
2026-08-05 13:03:00,POET,,8.34000015258789,8.350000381469727,8.335000038146973,8.350000381469727,3443.0
2026-08-05 13:03:00,POOL,,206.4199981689453,206.69000244140625,206.38999938964844,206.69000244140625,2756.0
2026-08-05 13:03:00,POWL,,212.4600067138672,212.9250030517578,212.42999267578125,212.9250030517578,1162.0
2026-08-05 13:03:00,PPC,,26.43000030517578,26.43000030517578,26.43000030517578,26.43000030517578,1098.0
2026-08-05 13:03:00,PPTA,,22.270000457763672,22.270000457763672,22.270000457763672,22.270000457763672,911.0
2026-08-05 13:03:00,PRAX,,314.3999938964844,314.7650146484375,314.3999938964844,314.6600036621094,716.0
2026-08-05 13:03:00,PRCH,,15.845000267028809,15.850000381469727,15.845000267028809,15.850000381469727,1969.0
2026-08-05 13:03:00,PRCT,,19.200000762939453,19.200000762939453,19.200000762939453,19.200000762939453,1659.0
2026-08-05 13:03:00,PRIM,,85.08000183105469,85.08000183105469,85.0199966430664,85.06999969482422,2141.0
2026-08-05 13:03:00,PRME,,3.075000047683716,3.075000047683716,3.075000047683716,3.075000047683716,1492.0
2026-08-05 13:03:00,PRTA,,8.529999732971191,8.529999732971191,8.529999732971191,8.529999732971191,351.0
2026-08-05 13:03:00,PRVA,,24.43000030517578,24.43000030517578,24.40999984741211,24.40999984741211,1610.0
2026-08-05 13:03:00,PRZO,,0.5400000214576721,0.5408999919891357,0.5400000214576721,0.5408999919891357,9335.0
2026-08-05 13:03:00,PSEC,,2.184999942779541,2.184999942779541,2.184999942779541,2.184999942779541,789.0
2026-08-05 13:03:00,PSNY,,13.895000457763672,13.970000267028809,13.850000381469727,13.90999984741211,5010.0
2026-08-05 13:03:00,PTC,,139.35000610351562,139.35000610351562,139.35000610351562,139.35000610351562,650.0
2026-08-05 13:03:00,PTEN,,9.8100004196167,9.8149995803833,9.8100004196167,9.8149995803833,4851.0
2026-08-05 13:03:00,PTLO,,4.644999980926514,4.659999847412109,4.644999980926514,4.659999847412109,3968.0
2026-08-05 13:03:00,PTON,,6.494999885559082,6.5,6.489999771118164,6.5,12436.0
2026-08-05 13:03:00,PWP,,17.329999923706055,17.329999923706055,17.309999465942383,17.329999923706055,1806.0
2026-08-05 13:03:00,PYPD,,4.519999980926514,4.519999980926514,4.519999980926514,4.519999980926514,214.0
2026-08-05 13:03:00,PYPL,,58.23500061035156,58.244998931884766,58.23500061035156,58.23500061035156,6486.0
2026-08-05 13:03:00,QCOM,,158.36000061035156,158.42999267578125,158.27000427246094,158.3800048828125,13801.0
2026-08-05 13:03:00,QFIN,,13.199999809265137,13.199999809265137,13.199999809265137,13.199999809265137,699.0
2026-08-05 13:03:00,QRVO,,94.87999725341797,94.87999725341797,94.87999725341797,94.87999725341797,1161.0
2026-08-05 13:03:00,SEED,,0.9994000196456909,1.0,0.9994000196456909,1.0,6300.0
2026-08-05 13:03:00,STIM,,2.2799999713897705,2.2799999713897705,2.2799999713897705,2.2799999713897705,1045.0
2026-08-05 13:03:00,TARA,,4.054999828338623,4.054999828338623,4.054999828338623,4.054999828338623,1448.0
2026-08-05 13:04:00,ACDC,,4.425000190734863,4.434999942779541,4.425000190734863,4.434999942779541,2915.0
2026-08-05 13:04:00,BPOP,,177.53500366210938,177.53500366210938,177.53500366210938,177.53500366210938,994.0
2026-08-05 13:04:00,DTIL,,7.550000190734863,7.550000190734863,7.550000190734863,7.550000190734863,316.0
2026-08-05 13:04:00,EYE,,23.15999984741211,23.18000030517578,23.149999618530273,23.18000030517578,4885.0
2026-08-05 13:04:00,FIZZ,,32.165000915527344,32.18000030517578,32.150001525878906,32.150001525878906,6418.0
2026-08-05 13:04:00,GLUE,,15.635000228881836,15.640000343322754,15.635000228881836,15.640000343322754,1675.0
2026-08-05 13:04:00,KIDS,,21.325000762939453,21.325000762939453,21.325000762939453,21.325000762939453,696.0
2026-08-05 13:04:00,LUNG,,2.005000114440918,2.005000114440918,2.005000114440918,2.005000114440918,752.0
2026-08-05 13:04:00,MBRX,,0.4041000008583069,0.4124000072479248,0.4041000008583069,0.4124000072479248,28150.0
2026-08-05 13:04:00,MCRI,,123.87999725341797,124.08999633789062,123.86000061035156,124.08000183105469,3032.0
2026-08-05 13:04:00,MDB,,374.7300109863281,375.2699890136719,374.7099914550781,375.2699890136719,1666.0
2026-08-05 13:04:00,MDLZ,,62.29999923706055,62.29999923706055,62.23500061035156,62.244998931884766,18504.0
2026-08-05 13:04:00,MNRO,,13.1899995803833,13.1899995803833,13.1899995803833,13.1899995803833,1417.0
2026-08-05 13:04:00,MNST,,94.5,94.5,94.5,94.5,2629.0
2026-08-05 13:04:00,MNTS,,4.300000190734863,4.300000190734863,4.2982001304626465,4.2982001304626465,533.0
2026-08-05 13:04:00,MODD,,2.059999942779541,2.109999895095825,2.059999942779541,2.0999999046325684,8884.0
2026-08-05 13:04:00,MPAA,,13.859999656677246,13.859999656677246,13.859999656677246,13.859999656677246,300.0
2026-08-05 13:04:00,MPWR,,1337.114990234375,1339.4300537109375,1336.719970703125,1339.4300537109375,1188.0
2026-08-05 13:04:00,MYGN,,3.115000009536743,3.115000009536743,3.115000009536743,3.115000009536743,1356.0
2026-08-05 13:04:00,NAMS,,27.459999084472656,27.530000686645508,27.459999084472656,27.530000686645508,841.0
2026-08-05 13:04:00,NAUT,,0.9413999915122986,0.9422000050544739,0.9404000043869019,0.9422000050544739,8211.0
2026-08-05 13:04:00,NAVI,,9.119999885559082,9.119999885559082,9.119999885559082,9.119999885559082,2308.0
2026-08-05 13:04:00,NB,,5.050000190734863,5.050000190734863,5.045000076293945,5.050000190734863,12921.0
2026-08-05 13:04:00,NBIX,,163.61500549316406,163.64999389648438,163.5,163.5,4084.0
2026-08-05 13:04:00,NBTB,,53.40999984741211,53.415000915527344,53.40999984741211,53.415000915527344,933.0
2026-08-05 13:04:00,NDAQ,,94.91000366210938,94.956298828125,94.91000366210938,94.956298828125,3070.0
2026-08-05 13:04:00,NDSN,,310.7900085449219,310.7900085449219,310.7900085449219,310.7900085449219,328.0
2026-08-05 13:04:00,NEGG,,16.69499969482422,16.700000762939453,16.69499969482422,16.700000762939453,2097.0
2026-08-05 13:04:00,NEO,,15.979999542236328,15.979999542236328,15.949999809265137,15.96500015258789,14972.0
2026-08-05 13:04:00,NEOG,,11.65999984741211,11.664999961853027,11.65999984741211,11.664999961853027,523.0
2026-08-05 13:04:00,NEOV,,2.809999942779541,2.809999942779541,2.809999942779541,2.809999942779541,1648.0
2026-08-05 13:04:00,NESR,,28.760000228881836,28.78499984741211,28.760000228881836,28.78499984741211,5557.0
2026-08-05 13:04:00,NEWT,,15.050000190734863,15.050000190734863,15.050000190734863,15.050000190734863,700.0
2026-08-05 13:04:00,NEXT,,6.429999828338623,6.440000057220459,6.429999828338623,6.440000057220459,4996.0
2026-08-05 13:04:00,NFE,,0.3361000120639801,0.3361000120639801,0.3361000120639801,0.3361000120639801,158.0
2026-08-05 13:04:00,NFLX,,73.2300033569336,73.2300033569336,73.16010284423828,73.16619873046875,52065.0
2026-08-05 13:04:00,NICE,,97.31999969482422,97.31999969482422,97.31999969482422,97.31999969482422,559.0
2026-08-05 13:04:00,NIU,,2.434999942779541,2.434999942779541,2.434999942779541,2.434999942779541,290.0
2026-08-05 13:04:00,NKTX,,2.2200000286102295,2.2200000286102295,2.2200000286102295,2.2200000286102295,806.0
2026-08-05 13:04:00,NMFC,,7.335000038146973,7.335000038146973,7.335000038146973,7.335000038146973,792.0
2026-08-05 13:04:00,NMIH,,44.459999084472656,44.459999084472656,44.459999084472656,44.459999084472656,1091.0
2026-08-05 13:04:00,NMRA,,1.6150000095367432,1.6150000095367432,1.6150000095367432,1.6150000095367432,800.0
2026-08-05 13:04:00,NN,,14.085000038146973,14.104999542236328,14.085000038146973,14.100000381469727,2490.0
2026-08-05 13:04:00,NNDM,,1.5449999570846558,1.5449999570846558,1.5449999570846558,1.5449999570846558,500.0
2026-08-05 13:04:00,NNOX,,1.0211999416351318,1.0211999416351318,1.0211999416351318,1.0211999416351318,189.0
2026-08-05 13:04:00,NPCE,,13.430000305175781,13.430000305175781,13.430000305175781,13.430000305175781,200.0
2026-08-05 13:04:00,NRC,,19.575000762939453,19.577499389648438,19.575000762939453,19.575000762939453,1543.0
2026-08-05 13:04:00,NRIM,,26.96500015258789,26.96500015258789,26.96500015258789,26.96500015258789,390.0
2026-08-05 13:04:00,NRIX,,25.049999237060547,25.049999237060547,25.049999237060547,25.049999237060547,207.0
2026-08-05 13:04:00,NRXP,,3.0350000858306885,3.0350000858306885,3.0250000953674316,3.0350000858306885,3682.0
2026-08-05 13:04:00,NSSC,,40.1599006652832,40.1599006652832,40.1599006652832,40.1599006652832,765.0
2026-08-05 13:04:00,NTAP,,189.39999389648438,189.39999389648438,189.3000030517578,189.30999755859375,1214.0
2026-08-05 13:04:00,NTCT,,41.66999816894531,41.70000076293945,41.66999816894531,41.70000076293945,882.0
2026-08-05 13:04:00,NTES,,127.63500213623047,127.63999938964844,127.63500213623047,127.63999938964844,1343.0
2026-08-05 13:04:00,NTGR,,24.309999465942383,24.309999465942383,24.309999465942383,24.309999465942383,915.0
2026-08-05 13:04:00,NTNX,,60.61000061035156,60.63999938964844,60.61000061035156,60.63999938964844,1519.0
2026-08-05 13:04:00,NTRA,,274.7900085449219,274.7900085449219,274.3900146484375,274.3900146484375,2425.0
2026-08-05 13:04:00,NTRS,,183.66000366210938,183.80999755859375,183.66000366210938,183.8000030517578,3464.0
2026-08-05 13:04:00,NVAX,,7.625,7.625,7.625,7.625,494.0
2026-08-05 13:04:00,NVCR,,16.030000686645508,16.040000915527344,16.030000686645508,16.040000915527344,1531.0
2026-08-05 13:04:00,NVCT,,20.1200008392334,20.165000915527344,20.110000610351562,20.165000915527344,4833.0
2026-08-05 13:04:00,NVDA,,220.78500366210938,221.1999969482422,220.77000427246094,221.19000244140625,322972.0
2026-08-05 13:04:00,NVEC,,129.2624969482422,129.2725067138672,129.2624969482422,129.2725067138672,550.0
2026-08-05 13:04:00,NVMI,,409.6099853515625,409.6099853515625,409.6099853515625,409.6099853515625,529.0
2026-08-05 13:04:00,NVTS,,12.420000076293945,12.4399995803833,12.414999961853027,12.4399995803833,18385.0
2026-08-05 13:04:00,NWBI,,15.944999694824219,15.944999694824219,15.944999694824219,15.944999694824219,348.0
2026-08-05 13:04:00,NWE,,68.75,68.75,68.75,68.75,656.0
2026-08-05 13:04:00,NWL,,6.264999866485596,6.264999866485596,6.255000114440918,6.255000114440918,31886.0
2026-08-05 13:04:00,NWS,,32.244998931884766,32.2599983215332,32.2400016784668,32.25,5337.0
2026-08-05 13:04:00,NWSA,,28.219999313354492,28.219999313354492,28.209999084472656,28.21500015258789,3900.0
2026-08-05 13:04:00,NXPI,,232.27999877929688,232.32000732421875,232.27999877929688,232.32000732421875,2036.0
2026-08-05 13:04:00,NXT,,98.51000213623047,98.5999984741211,98.51000213623047,98.5999984741211,2009.0
2026-08-05 13:04:00,NXTC,,4.949999809265137,5.019999980926514,4.949999809265137,5.019999980926514,392.0
2026-08-05 13:04:00,OCGN,,1.2955000400543213,1.2955000400543213,1.2955000400543213,1.2955000400543213,1440.0
2026-08-05 13:04:00,OCSL,,12.15999984741211,12.164999961853027,12.15999984741211,12.15999984741211,3018.0
2026-08-05 13:04:00,OCUL,,8.53499984741211,8.53499984741211,8.529999732971191,8.529999732971191,1301.0
2026-08-05 13:04:00,ODFL,,214.1999969482422,214.31500244140625,214.1699981689453,214.30999755859375,1305.0
2026-08-05 13:04:00,OFLX,,30.139999389648438,30.18000030517578,30.139999389648438,30.18000030517578,819.0
2026-08-05 13:04:00,OKTA,,147.77999877929688,148.02999877929688,147.77000427246094,148.02999877929688,2402.0
2026-08-05 13:04:00,OLMA,,11.59000015258789,11.59000015258789,11.59000015258789,11.59000015258789,1075.0
2026-08-05 13:04:00,OMCL,,37.349998474121094,37.349998474121094,37.30110168457031,37.30110168457031,794.0
2026-08-05 13:04:00,OMH,,0.11540000140666962,0.11550000309944153,0.11309999972581863,0.11309999972581863,77172.0
2026-08-05 13:04:00,ON,,77.95500183105469,78.0999984741211,77.95500183105469,78.0999984741211,15422.0
2026-08-05 13:04:00,ONB,,27.049999237060547,27.05500030517578,27.049999237060547,27.05500030517578,2864.0
2026-08-05 13:04:00,ONCY,,0.7950999736785889,0.7950999736785889,0.7950999736785889,0.7950999736785889,359.0
2026-08-05 13:04:00,ONDS,,8.854999542236328,8.880000114440918,8.835000038146973,8.870499610900879,560870.0
2026-08-05 13:04:00,ONFO,,0.0729999989271164,0.07440000027418137,0.0729999989271164,0.07440000027418137,35731.0
2026-08-05 13:04:00,ONMD,,0.6776000261306763,0.6776000261306763,0.6776000261306763,0.6776000261306763,494.0
2026-08-05 13:04:00,OPCH,,23.40999984741211,23.420000076293945,23.399999618530273,23.399999618530273,9328.0
2026-08-05 13:04:00,OPEN,,3.825000047683716,3.8399999141693115,3.819999933242798,3.8399999141693115,130997.0
2026-08-05 13:04:00,OPK,,1.3200000524520874,1.3200000524520874,1.3200000524520874,1.3200000524520874,710.0
2026-08-05 13:04:00,ORGO,,2.3399999141693115,2.3450000286102295,2.3399999141693115,2.3450000286102295,1010.0
2026-08-05 13:04:00,ORIC,,13.100000381469727,13.100000381469727,13.100000381469727,13.100000381469727,1289.0
2026-08-05 13:04:00,ORLY,,93.0999984741211,93.1050033569336,93.08999633789062,93.0999984741211,4790.0
2026-08-05 13:04:00,OSBC,,25.760000228881836,25.760000228881836,25.760000228881836,25.760000228881836,695.0
2026-08-05 13:04:00,OSIS,,235.67999267578125,235.69000244140625,235.6699981689453,235.69000244140625,519.0
2026-08-05 13:04:00,OSPN,,16.479999542236328,16.479999542236328,16.479999542236328,16.479999542236328,400.0
2026-08-05 13:04:00,OSS,,13.890000343322754,13.930000305175781,13.890000343322754,13.904999732971191,377.0
2026-08-05 13:04:00,OSUR,,4.130000114440918,4.135000228881836,4.130000114440918,4.135000228881836,678.0
2026-08-05 13:04:00,OTEX,,25.81999969482422,25.81999969482422,25.81999969482422,25.81999969482422,800.0
2026-08-05 13:04:00,OTLK,,1.01010000705719,1.0199999809265137,1.01010000705719,1.0199999809265137,5905.0
2026-08-05 13:04:00,OVID,,2.6050000190734863,2.6050000190734863,2.6050000190734863,2.6050000190734863,356.0
2026-08-05 13:04:00,OXSQ,,1.4950000047683716,1.4950000047683716,1.4950000047683716,1.4950000047683716,447.0
2026-08-05 13:04:00,PAA,,23.200000762939453,23.200000762939453,23.184999465942383,23.193899154663086,16418.0
2026-08-05 13:04:00,PAAS,,47.970001220703125,48.0099983215332,47.939998626708984,48.0099983215332,9896.0
2026-08-05 13:04:00,PACB,,1.375,1.375,1.3700000047683716,1.3700000047683716,7820.0
2026-08-05 13:04:00,PAGP,,25.149999618530273,25.149999618530273,25.149999618530273,25.149999618530273,2321.0
2026-08-05 13:04:00,PALI,,2.140000104904175,2.140000104904175,2.140000104904175,2.140000104904175,1042.0
2026-08-05 13:04:00,PANW,,363.68499755859375,364.0,363.510009765625,363.8399963378906,8132.0
2026-08-05 13:04:00,PAX,,11.458999633789062,11.458999633789062,11.458999633789062,11.458999633789062,1211.0
2026-08-05 13:04:00,PAYO,,7.119999885559082,7.125,7.119999885559082,7.125,1183.0
2026-08-05 13:04:00,PAYX,,117.05000305175781,117.06500244140625,117.02999877929688,117.05500030517578,2394.0
2026-08-05 13:04:00,PBYI,,7.960000038146973,7.960000038146973,7.960000038146973,7.960000038146973,778.0
2026-08-05 13:04:00,PCAR,,134.02999877929688,134.02999877929688,133.94000244140625,134.0,4199.0
2026-08-05 13:04:00,PCT,,6.864999771118164,6.875,6.860000133514404,6.875,4363.0
2026-08-05 13:04:00,PCTY,,144.03500366210938,144.03500366210938,144.03500366210938,144.03500366210938,284.0
2026-08-05 13:04:00,PDD,,90.68000030517578,90.68000030517578,90.57279968261719,90.5999984741211,18918.0
2026-08-05 13:04:00,PDFS,,49.91999816894531,50.09000015258789,49.904998779296875,50.09000015258789,5465.0
2026-08-05 13:04:00,PECO,,41.349998474121094,41.349998474121094,41.33000183105469,41.33000183105469,1522.0
2026-08-05 13:04:00,PENN,,19.84000015258789,19.84000015258789,19.829999923706055,19.829999923706055,3818.0
2026-08-05 13:04:00,PEP,,138.6199951171875,138.6199951171875,138.55999755859375,138.55999755859375,5891.0
2026-08-05 13:04:00,PEPG,,1.9500000476837158,1.9500000476837158,1.9450000524520874,1.9450000524520874,528.0
2026-08-05 13:04:00,PERI,,9.53499984741211,9.53499984741211,9.53499984741211,9.53499984741211,139.0
2026-08-05 13:04:00,PESI,,17.854999542236328,17.854999542236328,17.854999542236328,17.854999542236328,1137.0
2026-08-05 13:04:00,PGC,,46.7599983215332,46.7599983215332,46.7599983215332,46.7599983215332,1747.0
2026-08-05 13:04:00,PGEN,,6.875,6.880000114440918,6.869999885559082,6.875,4248.0
2026-08-05 13:04:00,PGY,,21.6200008392334,21.6299991607666,21.6200008392334,21.625,2447.0
2026-08-05 13:04:00,PHVS,,33.43000030517578,33.43000030517578,33.43000030517578,33.43000030517578,706.0
2026-08-05 13:04:00,PKOH,,41.11000061035156,41.11000061035156,41.11000061035156,41.11000061035156,374.0
2026-08-05 13:04:00,PLAB,,32.0099983215332,32.040000915527344,32.0099983215332,32.040000915527344,907.0
2026-08-05 13:04:00,PLBY,,1.1399999856948853,1.1399999856948853,1.1399999856948853,1.1399999856948853,116.0
2026-08-05 13:04:00,PLSE,,37.0099983215332,37.04999923706055,37.0099983215332,37.04999923706055,578.0
2026-08-05 13:04:00,PLTK,,3.930000066757202,3.934999942779541,3.930000066757202,3.934999942779541,2289.0
2026-08-05 13:04:00,PLUG,,2.0799999237060547,2.0850000381469727,2.069999933242798,2.0850000381469727,144732.0
2026-08-05 13:04:00,PLXS,,276.0,276.0,275.30999755859375,275.30999755859375,3305.0
2026-08-05 13:04:00,PMN,,13.15999984741211,13.15999984741211,13.15999984741211,13.15999984741211,223.0
2026-08-05 13:04:00,PNFP,,107.70999908447266,107.83499908447266,107.70999908447266,107.83499908447266,1662.0
2026-08-05 13:04:00,PNTG,,39.04999923706055,39.04999923706055,39.04999923706055,39.04999923706055,240.0
2026-08-05 13:04:00,POET,,8.3149995803833,8.329999923706055,8.3149995803833,8.329999923706055,7168.0
2026-08-05 13:04:00,POOL,,206.2375030517578,206.2375030517578,206.16000366210938,206.16000366210938,567.0
2026-08-05 13:04:00,POWI,,61.970001220703125,62.06999969482422,61.970001220703125,62.02000045776367,4730.0
2026-08-05 13:04:00,PPTA,,22.219999313354492,22.2406005859375,22.219999313354492,22.2406005859375,2063.0
2026-08-05 13:04:00,PRCH,,15.819999694824219,15.819999694824219,15.819999694824219,15.819999694824219,516.0
2026-08-05 13:04:00,PRCT,,19.200000762939453,19.219999313354492,19.200000762939453,19.200000762939453,741.0
2026-08-05 13:04:00,PRDO,,32.904998779296875,32.935001373291016,32.904998779296875,32.935001373291016,1202.0
2026-08-05 13:04:00,PRIM,,84.91999816894531,84.95999908447266,84.88999938964844,84.9000015258789,2194.0
2026-08-05 13:04:00,PRLD,,4.559999942779541,4.559999942779541,4.559999942779541,4.559999942779541,669.0
2026-08-05 13:04:00,PRME,,3.0729000568389893,3.0729000568389893,3.0729000568389893,3.0729000568389893,908.0
2026-08-05 13:04:00,PROF,,8.050000190734863,8.050000190734863,8.050000190734863,8.050000190734863,412.0
2026-08-05 13:04:00,PROK,,1.6349999904632568,1.6349999904632568,1.6349999904632568,1.6349999904632568,712.0
2026-08-05 13:04:00,PRQR,,1.9249999523162842,1.9249999523162842,1.9249999523162842,1.9249999523162842,208.0
2026-08-05 13:04:00,PRTA,,8.520000457763672,8.520000457763672,8.520000457763672,8.520000457763672,494.0
2026-08-05 13:04:00,PSEC,,2.184999942779541,2.184999942779541,2.184999942779541,2.184999942779541,613.0
2026-08-05 13:04:00,PSNL,,13.494999885559082,13.494999885559082,13.489999771118164,13.489999771118164,2563.0
2026-08-05 13:04:00,PTCT,,69.08999633789062,69.08999633789062,69.05000305175781,69.05000305175781,1056.0
2026-08-05 13:04:00,PTEN,,9.809800148010254,9.8149995803833,9.805000305175781,9.810099601745605,6182.0
2026-08-05 13:04:00,PTLO,,4.644999980926514,4.644999980926514,4.644999980926514,4.644999980926514,447.0
2026-08-05 13:04:00,PTON,,6.494999885559082,6.5,6.489999771118164,6.5,13475.0
2026-08-05 13:04:00,PUBM,,13.444999694824219,13.444999694824219,13.444999694824219,13.444999694824219,994.0
2026-08-05 13:04:00,PWP,,17.31999969482422,17.31999969482422,17.31999969482422,17.31999969482422,1378.0
2026-08-05 13:04:00,PYPL,,58.2400016784668,58.25,58.230098724365234,58.230098724365234,3756.0
2026-08-05 13:04:00,PZZA,,30.25,30.280000686645508,30.219999313354492,30.280000686645508,8531.0
2026-08-05 13:04:00,QCOM,,158.1699981689453,158.36000061035156,158.1699981689453,158.36000061035156,4557.0
2026-08-05 13:04:00,QRVO,,94.83499908447266,94.83499908447266,94.83499908447266,94.83499908447266,615.0
2026-08-05 13:04:00,SEED,,1.0096999406814575,1.0096999406814575,1.0,1.0096999406814575,998.0
2026-08-05 13:04:00,STIM,,2.279099941253662,2.279099941253662,2.279099941253662,2.279099941253662,249.0
2026-08-05 13:04:00,TARA,,4.053899765014648,4.059999942779541,4.053899765014648,4.059999942779541,604.0
2026-08-05 13:04:00,WOOF,,2.944999933242798,2.944999933242798,2.944999933242798,2.944999933242798,289.0
2026-08-05 13:05:00,ACDC,,4.429999828338623,4.429999828338623,4.420000076293945,4.425000190734863,15395.0
2026-08-05 13:05:00,CNXN,,84.93000030517578,84.93000030517578,84.81999969482422,84.93000030517578,1898.0
2026-08-05 13:05:00,FIZZ,,32.22999954223633,32.22999954223633,32.15999984741211,32.165000915527344,1995.0
2026-08-05 13:05:00,GLUE,,15.670000076293945,15.670000076293945,15.640000343322754,15.640000343322754,4743.0
2026-08-05 13:05:00,LUNG,,2.005000114440918,2.005000114440918,2.005000114440918,2.005000114440918,1299.0
2026-08-05 13:05:00,MBRX,,0.40470001101493835,0.4065999984741211,0.4041000008583069,0.4041000008583069,1101.0
2026-08-05 13:05:00,MDB,,375.6000061035156,375.6000061035156,374.9649963378906,375.1499938964844,2288.0
2026-08-05 13:05:00,MDLZ,,62.310001373291016,62.32500076293945,62.28499984741211,62.29499816894531,20765.0
2026-08-05 13:05:00,MNST,,94.54000091552734,94.55500030517578,94.52999877929688,94.55000305175781,6280.0
2026-08-05 13:05:00,MNTS,,4.289999961853027,4.289999961853027,4.289999961853027,4.289999961853027,317.0
2026-08-05 13:05:00,MNTSW,,0.0035000001080334187,0.0035000001080334187,0.0035000001080334187,0.0035000001080334187,2370.0
2026-08-05 13:05:00,MOVE,,12.0,12.0,12.0,12.0,1753.0
2026-08-05 13:05:00,MPAA,,13.8100004196167,13.84000015258789,13.8100004196167,13.84000015258789,573.0
2026-08-05 13:05:00,MPWR,,1337.800048828125,1337.800048828125,1336.050048828125,1337.06005859375,921.0
2026-08-05 13:05:00,MRNA,,56.900001525878906,56.970001220703125,56.88999938964844,56.92499923706055,5265.0
2026-08-05 13:05:00,MSGM,,4.46999979019165,4.46999979019165,4.46999979019165,4.46999979019165,747.0
2026-08-05 13:05:00,MYGN,,3.115000009536743,3.115000009536743,3.115000009536743,3.115000009536743,1848.0
2026-08-05 13:05:00,NAMS,,27.530000686645508,27.530000686645508,27.46500015258789,27.520000457763672,878.0
2026-08-05 13:05:00,NAUT,,0.9399999976158142,0.9415000081062317,0.9399999976158142,0.940500020980835,6977.0
2026-08-05 13:05:00,NB,,5.069900035858154,5.069900035858154,5.050000190734863,5.050000190734863,13897.0
2026-08-05 13:05:00,NBIX,,163.75999450683594,163.75999450683594,163.75999450683594,163.75999450683594,939.0
2026-08-05 13:05:00,NBTB,,53.400001525878906,53.400001525878906,53.400001525878906,53.400001525878906,768.0
2026-08-05 13:05:00,NCNA,,1.309999942779541,1.309999942779541,1.309999942779541,1.309999942779541,373.0
2026-08-05 13:05:00,NDAQ,,94.9000015258789,94.94999694824219,94.9000015258789,94.93000030517578,2993.0
2026-08-05 13:05:00,NEO,,16.024999618530273,16.024999618530273,15.989999771118164,15.989999771118164,6312.0
2026-08-05 13:05:00,NEOG,,11.664999961853027,11.664999961853027,11.664999961853027,11.664999961853027,2104.0
2026-08-05 13:05:00,NEOV,,2.8399999141693115,2.8450000286102295,2.805000066757202,2.805000066757202,44762.0
2026-08-05 13:05:00,NESR,,28.770000457763672,28.770000457763672,28.770000457763672,28.770000457763672,970.0
2026-08-05 13:05:00,NEWT,,15.050000190734863,15.050000190734863,15.050000190734863,15.050000190734863,289.0
2026-08-05 13:05:00,NEXT,,6.445000171661377,6.445000171661377,6.440000057220459,6.440000057220459,3957.0
2026-08-05 13:05:00,NFE,,0.3370000123977661,0.3370000123977661,0.3370000123977661,0.3370000123977661,265.0
2026-08-05 13:05:00,NFLX,,73.24500274658203,73.2750015258789,73.21499633789062,73.22000122070312,60797.0
2026-08-05 13:05:00,NGNE,,35.56999969482422,35.56999969482422,35.56999969482422,35.56999969482422,234.0
2026-08-05 13:05:00,NICE,,97.23999786376953,97.33000183105469,97.23999786376953,97.33000183105469,857.0
2026-08-05 13:05:00,NKTX,,2.2249999046325684,2.2249999046325684,2.2200000286102295,2.2200000286102295,1943.0
2026-08-05 13:05:00,NMRK,,15.619999885559082,15.619999885559082,15.609999656677246,15.609999656677246,3221.0
2026-08-05 13:05:00,NN,,14.085000038146973,14.085000038146973,14.085000038146973,14.085000038146973,494.0
2026-08-05 13:05:00,NNBR,,3.880000114440918,3.880000114440918,3.875,3.875,637.0
2026-08-05 13:05:00,NNDM,,1.5449999570846558,1.5449999570846558,1.5399999618530273,1.5449999570846558,1092.0
2026-08-05 13:05:00,NPCE,,13.4350004196167,13.4350004196167,13.4350004196167,13.4350004196167,400.0
2026-08-05 13:05:00,NRDS,,9.149999618530273,9.149999618530273,9.149999618530273,9.149999618530273,552.0
2026-08-05 13:05:00,NRIX,,25.100000381469727,25.100000381469727,25.010000228881836,25.059999465942383,15483.0
2026-08-05 13:05:00,NRXP,,3.0350000858306885,3.0350000858306885,3.0350000858306885,3.0350000858306885,2872.0
2026-08-05 13:05:00,NSSC,,40.11000061035156,40.11000061035156,40.099998474121094,40.099998474121094,1081.0
2026-08-05 13:05:00,NTAP,,189.3699951171875,189.3699951171875,189.25,189.27000427246094,1851.0
2026-08-05 13:05:00,NTCT,,41.67499923706055,41.67499923706055,41.67499923706055,41.67499923706055,1076.0
2026-08-05 13:05:00,NTES,,127.67500305175781,127.69000244140625,127.67500305175781,127.68000030517578,1541.0
2026-08-05 13:05:00,NTNX,,60.70000076293945,60.70000076293945,60.630001068115234,60.630001068115234,2724.0
2026-08-05 13:05:00,NTRA,,275.0799865722656,275.0799865722656,274.82000732421875,274.82000732421875,1506.0
2026-08-05 13:05:00,NTRS,,183.7050018310547,183.7050018310547,183.6999969482422,183.6999969482422,930.0
2026-08-05 13:05:00,NUWE,,1.7280000448226929,1.7280000448226929,1.7280000448226929,1.7280000448226929,843.0
2026-08-05 13:05:00,NVAX,,7.635000228881836,7.635000228881836,7.619999885559082,7.619999885559082,3657.0
2026-08-05 13:05:00,NVCR,,16.049999237060547,16.049999237060547,16.049999237060547,16.049999237060547,553.0
2026-08-05 13:05:00,NVCT,,20.1299991607666,20.15999984741211,20.1299991607666,20.15999984741211,1429.0
2026-08-05 13:05:00,NVDA,,220.89999389648438,220.939697265625,220.6300048828125,220.77000427246094,201254.0
2026-08-05 13:05:00,NVMI,,408.95001220703125,408.95001220703125,408.95001220703125,408.95001220703125,1003.0
2026-08-05 13:05:00,NVTS,,12.41510009765625,12.425000190734863,12.40999984741211,12.420000076293945,6380.0
2026-08-05 13:05:00,NWBI,,15.944999694824219,15.944999694824219,15.944999694824219,15.944999694824219,604.0
2026-08-05 13:05:00,NWL,,6.264999866485596,6.275000095367432,6.260000228881836,6.260000228881836,22892.0
2026-08-05 13:05:00,NWS,,32.28499984741211,32.28499984741211,32.27000045776367,32.27000045776367,831.0
2026-08-05 13:05:00,NWSA,,28.235000610351562,28.235000610351562,28.225000381469727,28.235000610351562,3961.0
2026-08-05 13:05:00,NXPI,,232.14500427246094,232.14500427246094,232.0,232.00840759277344,1893.0
2026-08-05 13:05:00,NXPL,,6.001699924468994,6.045000076293945,6.001699924468994,6.045000076293945,3482.0
2026-08-05 13:05:00,NXT,,98.58999633789062,98.69000244140625,98.36009979248047,98.69000244140625,1344.0
2026-08-05 13:05:00,OABI,,2.065000057220459,2.065000057220459,2.065000057220459,2.065000057220459,263.0
2026-08-05 13:05:00,OCFC,,19.799999237060547,19.799999237060547,19.799999237060547,19.799999237060547,1796.0
2026-08-05 13:05:00,OCGN,,1.2949999570846558,1.2949999570846558,1.2949999570846558,1.2949999570846558,1703.0
2026-08-05 13:05:00,OCSL,,12.15999984741211,12.15999984741211,12.15999984741211,12.15999984741211,282.0
2026-08-05 13:05:00,OCUL,,8.539999961853027,8.539999961853027,8.53499984741211,8.53499984741211,2311.0
2026-08-05 13:05:00,ODD,,15.295000076293945,15.295000076293945,15.295000076293945,15.295000076293945,250.0
2026-08-05 13:05:00,ODFL,,214.30999755859375,214.30999755859375,214.18499755859375,214.22999572753906,3524.0
2026-08-05 13:05:00,OGI,,0.9487000107765198,0.9487000107765198,0.9487000107765198,0.9487000107765198,852.0
2026-08-05 13:05:00,OKTA,,147.97999572753906,147.97999572753906,147.875,147.91000366210938,5458.0
2026-08-05 13:05:00,OLMA,,11.59469985961914,11.59469985961914,11.59469985961914,11.59469985961914,315.0
2026-08-05 13:05:00,OM,,5.010000228881836,5.010000228881836,5.010000228881836,5.010000228881836,244.0
2026-08-05 13:05:00,OMCL,,37.380001068115234,37.380001068115234,37.380001068115234,37.380001068115234,365.0
2026-08-05 13:05:00,OMER,,12.899999618530273,12.899999618530273,12.899999618530273,12.899999618530273,594.0
2026-08-05 13:05:00,OMH,,0.11490000039339066,0.11680000275373459,0.11490000039339066,0.11540000140666962,164436.0
2026-08-05 13:05:00,ON,,77.91500091552734,77.96009826660156,77.9000015258789,77.94999694824219,18455.0
2026-08-05 13:05:00,ONB,,27.05500030517578,27.05500030517578,27.05500030517578,27.05500030517578,2008.0
2026-08-05 13:05:00,ONDS,,8.850099563598633,8.859999656677246,8.850000381469727,8.850099563598633,202026.0
2026-08-05 13:05:00,ONFO,,0.0729999989271164,0.0738999992609024,0.0729999989271164,0.07370000332593918,21402.0
2026-08-05 13:05:00,OPCH,,23.450000762939453,23.450000762939453,23.420000076293945,23.420000076293945,1823.0
2026-08-05 13:05:00,OPEN,,3.8350000381469727,3.8399999141693115,3.819999933242798,3.829900026321411,116274.0
2026-08-05 13:05:00,OPRT,,6.139999866485596,6.159999847412109,6.139999866485596,6.150000095367432,3982.0
2026-08-05 13:05:00,ORGO,,2.3450000286102295,2.3450000286102295,2.3399999141693115,2.3399999141693115,613.0
2026-08-05 13:05:00,ORIC,,13.130000114440918,13.130000114440918,13.119999885559082,13.119999885559082,1000.0
2026-08-05 13:05:00,ORLY,,93.08000183105469,93.11499786376953,93.08000183105469,93.11000061035156,5357.0
2026-08-05 13:05:00,OSIS,,235.36000061035156,235.36000061035156,235.36000061035156,235.36000061035156,380.0
2026-08-05 13:05:00,OSS,,13.90999984741211,13.90999984741211,13.890000343322754,13.890000343322754,1003.0
2026-08-05 13:05:00,OTEX,,25.829999923706055,25.829999923706055,25.815000534057617,25.815000534057617,928.0
2026-08-05 13:05:00,OTLK,,1.0149999856948853,1.0199999809265137,1.0149999856948853,1.0199999809265137,1542.0
2026-08-05 13:05:00,OTLY,,14.359999656677246,14.359999656677246,14.359999656677246,14.359999656677246,622.0
2026-08-05 13:05:00,OTTR,,91.53500366210938,91.53500366210938,91.53500366210938,91.53500366210938,179.0
2026-08-05 13:05:00,OVID,,2.6050000190734863,2.6050000190734863,2.6050000190734863,2.6050000190734863,646.0
2026-08-05 13:05:00,OXLC,,9.150099754333496,9.150099754333496,9.150099754333496,9.150099754333496,2011.0
2026-08-05 13:05:00,OXSQ,,1.4950000047683716,1.4950000047683716,1.4950000047683716,1.4950000047683716,758.0
2026-08-05 13:05:00,PAA,,23.20509910583496,23.20509910583496,23.204999923706055,23.204999923706055,3085.0
2026-08-05 13:05:00,PAAS,,47.97999954223633,48.0099983215332,47.959999084472656,47.970001220703125,3730.0
2026-08-05 13:05:00,PACB,,1.375,1.3774000406265259,1.3700000047683716,1.3700000047683716,9823.0
2026-08-05 13:05:00,PAGP,,25.15999984741211,25.15999984741211,25.15999984741211,25.15999984741211,1008.0
2026-08-05 13:05:00,PALI,,2.140000104904175,2.140000104904175,2.134999990463257,2.140000104904175,2032.0
2026-08-05 13:05:00,PANL,,7.244999885559082,7.244999885559082,7.244999885559082,7.244999885559082,2145.0
2026-08-05 13:05:00,PANW,,364.29998779296875,364.29998779296875,363.6700134277344,363.6700134277344,3300.0
2026-08-05 13:05:00,PAYO,,7.119999885559082,7.130000114440918,7.119999885559082,7.119999885559082,1054.0
2026-08-05 13:05:00,PAYX,,117.08999633789062,117.0999984741211,117.08999633789062,117.0999984741211,1218.0
2026-08-05 13:05:00,PCAR,,134.02999877929688,134.02999877929688,134.02999877929688,134.02999877929688,2987.0
2026-08-05 13:05:00,PCT,,6.875,6.880000114440918,6.869999885559082,6.869999885559082,6462.0
2026-08-05 13:05:00,PCTY,,144.00999450683594,144.3699951171875,144.00999450683594,144.3699951171875,378.0
2026-08-05 13:05:00,PDD,,90.86000061035156,90.875,90.66000366210938,90.68499755859375,26796.0
2026-08-05 13:05:00,PDFS,,50.099998474121094,50.099998474121094,49.875,49.875,3192.0
2026-08-05 13:05:00,PECO,,41.36000061035156,41.36000061035156,41.36000061035156,41.36000061035156,642.0
2026-08-05 13:05:00,PEGA,,31.699899673461914,31.699899673461914,31.690000534057617,31.690000534057617,1037.0
2026-08-05 13:05:00,PENN,,19.864999771118164,19.8799991607666,19.84000015258789,19.84000015258789,8850.0
2026-08-05 13:05:00,PEP,,138.64999389648438,138.66990661621094,138.6479034423828,138.64999389648438,6286.0
2026-08-05 13:05:00,PEPG,,1.9450000524520874,1.9450000524520874,1.9450000524520874,1.9450000524520874,1433.0
2026-08-05 13:05:00,PERI,,9.539999961853027,9.539999961853027,9.539999961853027,9.539999961853027,109.0
2026-08-05 13:05:00,PFG,,114.125,114.125,114.125,114.125,818.0
2026-08-05 13:05:00,PGEN,,6.885000228881836,6.894999980926514,6.875,6.875,10522.0
2026-08-05 13:05:00,PGY,,21.6200008392334,21.6299991607666,21.610000610351562,21.6299991607666,7169.0
2026-08-05 13:05:00,PHAT,,8.489899635314941,8.489899635314941,8.489899635314941,8.489899635314941,131.0
2026-08-05 13:05:00,PLAB,,32.0099983215332,32.0099983215332,32.0,32.0,2016.0
2026-08-05 13:05:00,PLBY,,1.1399999856948853,1.1399999856948853,1.1399999856948853,1.1399999856948853,200.0
2026-08-05 13:05:00,PLMR,,133.38999938964844,133.38999938964844,133.38999938964844,133.38999938964844,313.0
2026-08-05 13:05:00,PLUG,,2.069999933242798,2.0799999237060547,2.069999933242798,2.069999933242798,49253.0
2026-08-05 13:05:00,PNBK,,1.1299999952316284,1.1299999952316284,1.1299999952316284,1.1299999952316284,533.0
2026-08-05 13:05:00,PNFP,,107.70999908447266,107.70999908447266,107.69999694824219,107.69999694824219,964.0
2026-08-05 13:05:00,POET,,8.3149995803833,8.319999694824219,8.3100004196167,8.3100004196167,10826.0
2026-08-05 13:05:00,POOL,,206.1199951171875,206.22500610351562,206.1199951171875,206.22500610351562,2689.0
2026-08-05 13:05:00,POWI,,61.904998779296875,61.91999816894531,61.904998779296875,61.91999816894531,1261.0
2026-08-05 13:05:00,POWL,,212.32000732421875,212.32000732421875,212.11000061035156,212.19000244140625,1791.0
2026-08-05 13:05:00,PPC,,26.449899673461914,26.449899673461914,26.41010093688965,26.421499252319336,1989.0
2026-08-05 13:05:00,PPTA,,22.225000381469727,22.229999542236328,22.200000762939453,22.204099655151367,1751.0
2026-08-05 13:05:00,PRAX,,315.0899963378906,315.0899963378906,314.8800048828125,314.8800048828125,928.0
2026-08-05 13:05:00,PRCH,,15.829999923706055,15.84000015258789,15.829999923706055,15.84000015258789,412.0
2026-08-05 13:05:00,PRCT,,19.200000762939453,19.21500015258789,19.200000762939453,19.200000762939453,1997.0
2026-08-05 13:05:00,PRDO,,32.86000061035156,32.900001525878906,32.86000061035156,32.900001525878906,2041.0
2026-08-05 13:05:00,PRIM,,85.0199966430664,85.0199966430664,84.98500061035156,84.98500061035156,701.0
2026-08-05 13:05:00,PRME,,3.075000047683716,3.075000047683716,3.069999933242798,3.075000047683716,3114.0
2026-08-05 13:05:00,PRQR,,1.9299999475479126,1.9299999475479126,1.9299999475479126,1.9299999475479126,106.0
2026-08-05 13:05:00,PRTA,,8.520000457763672,8.520000457763672,8.515000343322754,8.515000343322754,1666.0
2026-08-05 13:05:00,PRTH,,6.605000019073486,6.605000019073486,6.605000019073486,6.605000019073486,1448.0
2026-08-05 13:05:00,PRVA,,24.43000030517578,24.43000030517578,24.415000915527344,24.415000915527344,6511.0
2026-08-05 13:05:00,PRZO,,0.5360999703407288,0.5360999703407288,0.5360999703407288,0.5360999703407288,539.0
2026-08-05 13:05:00,PSEC,,2.184999942779541,2.184999942779541,2.184999942779541,2.184999942779541,734.0
2026-08-05 13:05:00,PSNL,,13.539999961853027,13.539999961853027,13.5,13.5,3741.0
2026-08-05 13:05:00,PSNY,,13.819999694824219,13.819999694824219,13.819999694824219,13.819999694824219,111.0
2026-08-05 13:05:00,PTC,,139.38999938964844,139.44000244140625,139.2100067138672,139.2100067138672,2768.0
2026-08-05 13:05:00,PTCT,,69.08999633789062,69.08999633789062,69.08999633789062,69.08999633789062,634.0
2026-08-05 13:05:00,PTEN,,9.8149995803833,9.8149995803833,9.8100004196167,9.8100004196167,3640.0
2026-08-05 13:05:00,PTGX,,136.39999389648438,136.61000061035156,136.39999389648438,136.61000061035156,7466.0
2026-08-05 13:05:00,PTON,,6.5,6.5,6.489999771118164,6.489999771118164,13954.0
2026-08-05 13:05:00,PWP,,17.309999465942383,17.309999465942383,17.309999465942383,17.309999465942383,1433.0
2026-08-05 13:05:00,PXLW,,6.389999866485596,6.389999866485596,6.389999866485596,6.389999866485596,389.0
2026-08-05 13:05:00,PYPL,,58.2400016784668,58.255001068115234,58.2400016784668,58.25,6328.0
2026-08-05 13:05:00,PYXS,,3.190000057220459,3.190000057220459,3.190000057220459,3.190000057220459,1143.0
2026-08-05 13:05:00,PZZA,,30.25,30.25,30.25,30.25,413.0
2026-08-05 13:05:00,QCOM,,158.14999389648438,158.1699981689453,158.0500030517578,158.16000366210938,7341.0
2026-08-05 13:05:00,QRVO,,94.80000305175781,94.80999755859375,94.78500366210938,94.80999755859375,1119.0
2026-08-05 13:05:00,SEED,,1.0049999952316284,1.0096999406814575,1.0049999952316284,1.0096999406814575,692.0
2026-08-05 13:05:00,STIM,,2.2799999713897705,2.2799999713897705,2.2750000953674316,2.2750000953674316,1176.0
2026-08-05 13:05:00,TARA,,4.059999942779541,4.059999942779541,4.059999942779541,4.059999942779541,1020.0
2026-08-05 13:05:00,WOOF,,2.940000057220459,2.940000057220459,2.940000057220459,2.940000057220459,4881.0
2026-08-05 13:06:00,ACDC,,4.425000190734863,4.425000190734863,4.420000076293945,4.420000076293945,7964.0
2026-08-05 13:06:00,DTIL,,7.554999828338623,7.554999828338623,7.554999828338623,7.554999828338623,369.0
2026-08-05 13:06:00,EYE,,23.149999618530273,23.149999618530273,23.149999618530273,23.149999618530273,1092.0
2026-08-05 13:06:00,FIZZ,,32.130001068115234,32.19499969482422,32.130001068115234,32.19499969482422,2904.0
2026-08-05 13:06:00,GLUE,,15.640000343322754,15.65999984741211,15.640000343322754,15.65999984741211,2680.0
2026-08-05 13:06:00,MBRX,,0.40950000286102295,0.40950000286102295,0.40529999136924744,0.40529999136924744,3500.0
2026-08-05 13:06:00,MDB,,375.4100036621094,375.4100036621094,375.4100036621094,375.4100036621094,521.0
2026-08-05 13:06:00,MDLZ,,62.27000045776367,62.29999923706055,62.27000045776367,62.29999923706055,8474.0
2026-08-05 13:06:00,MNRO,,13.1899995803833,13.1899995803833,13.1899995803833,13.1899995803833,575.0
2026-08-05 13:06:00,MNST,,94.55000305175781,94.55000305175781,94.55000305175781,94.55000305175781,149.0
2026-08-05 13:06:00,MNTS,,4.28000020980835,4.28000020980835,4.28000020980835,4.28000020980835,2148.0
2026-08-05 13:06:00,MODD,,2.130000114440918,2.130000114440918,2.130000114440918,2.130000114440918,566.0
2026-08-05 13:06:00,MPWR,,1334.6300048828125,1338.06005859375,1334.6300048828125,1338.06005859375,567.0
2026-08-05 13:06:00,MRNA,,56.83000183105469,56.93410110473633,56.83000183105469,56.90999984741211,6393.0
2026-08-05 13:06:00,MYGN,,3.115000009536743,3.115000009536743,3.115000009536743,3.115000009536743,1727.0
2026-08-05 13:06:00,MYRG,,339.2799987792969,339.5849914550781,339.2799987792969,339.5849914550781,267.0
2026-08-05 13:06:00,NAMS,,27.389999389648438,27.469999313354492,27.389999389648438,27.469999313354492,1136.0
2026-08-05 13:06:00,NAUT,,0.9390000104904175,0.9390000104904175,0.9355999827384949,0.9355999827384949,1705.0
2026-08-05 13:06:00,NAVI,,9.145000457763672,9.145000457763672,9.114999771118164,9.114999771118164,8966.0
2026-08-05 13:06:00,NB,,5.070000171661377,5.070000171661377,5.059999942779541,5.070000171661377,3103.0
2026-08-05 13:06:00,NBIX,,163.57000732421875,163.63999938964844,163.4600067138672,163.60499572753906,10144.0
2026-08-05 13:06:00,NDAQ,,94.8949966430664,94.91999816894531,94.88999938964844,94.91999816894531,2538.0
2026-08-05 13:06:00,NEGG,,16.649999618530273,16.649999618530273,16.649999618530273,16.649999618530273,305.0
2026-08-05 13:06:00,NEO,,16.040000915527344,16.040000915527344,16.040000915527344,16.040000915527344,1508.0
2026-08-05 13:06:00,NEOG,,11.675000190734863,11.675000190734863,11.640000343322754,11.670000076293945,23019.0
2026-08-05 13:06:00,NEOV,,2.8201000690460205,2.8299999237060547,2.819999933242798,2.8299999237060547,3263.0
2026-08-05 13:06:00,NESR,,28.764999389648438,28.764999389648438,28.75,28.75,2757.0
2026-08-05 13:06:00,NEWT,,15.050000190734863,15.050000190734863,15.050000190734863,15.050000190734863,332.0
2026-08-05 13:06:00,NEXT,,6.440000057220459,6.445000171661377,6.440000057220459,6.445000171661377,3555.0
2026-08-05 13:06:00,NFLX,,73.2300033569336,73.26000213623047,73.22000122070312,73.23999786376953,30669.0
2026-08-05 13:06:00,NICE,,97.33989715576172,97.33989715576172,97.33989715576172,97.33989715576172,602.0
2026-08-05 13:06:00,NIU,,2.434999942779541,2.434999942779541,2.434999942779541,2.434999942779541,745.0
2026-08-05 13:06:00,NKTX,,2.2149999141693115,2.2200000286102295,2.2149999141693115,2.2200000286102295,2329.0
2026-08-05 13:06:00,NMFC,,7.335000038146973,7.335000038146973,7.335000038146973,7.335000038146973,490.0
2026-08-05 13:06:00,NMIH,,44.46500015258789,44.46500015258789,44.46500015258789,44.46500015258789,459.0
2026-08-05 13:06:00,NMRA,,1.6100000143051147,1.6150000095367432,1.6100000143051147,1.6150000095367432,291.0
2026-08-05 13:06:00,NMRK,,15.625,15.625,15.625,15.625,645.0
2026-08-05 13:06:00,NN,,14.079999923706055,14.09000015258789,14.079999923706055,14.09000015258789,6132.0
2026-08-05 13:06:00,NNBR,,3.8761000633239746,3.884999990463257,3.875,3.884999990463257,6852.0
2026-08-05 13:06:00,NNDM,,1.5449999570846558,1.5449999570846558,1.5399999618530273,1.5449999570846558,1096.0
2026-08-05 13:06:00,NNOX,,1.0299999713897705,1.0299999713897705,1.024999976158142,1.024999976158142,683.0
2026-08-05 13:06:00,NPCE,,13.430000305175781,13.444999694824219,13.430000305175781,13.430000305175781,2288.0
2026-08-05 13:06:00,NRIM,,26.950000762939453,26.950000762939453,26.950000762939453,26.950000762939453,526.0
2026-08-05 13:06:00,NRIX,,25.010000228881836,25.100000381469727,25.010000228881836,25.100000381469727,3553.0
2026-08-05 13:06:00,NRXP,,3.0450000762939453,3.0499000549316406,3.0450000762939453,3.0499000549316406,2622.0
2026-08-05 13:06:00,NSYS,,14.300000190734863,14.300000190734863,14.300000190734863,14.300000190734863,1081.0
2026-08-05 13:06:00,NTAP,,189.375,189.375,189.3699951171875,189.3699951171875,2581.0
2026-08-05 13:06:00,NTES,,127.63999938964844,127.63999938964844,127.63999938964844,127.63999938964844,1768.0
2026-08-05 13:06:00,NTGR,,24.280000686645508,24.309999465942383,24.280000686645508,24.309999465942383,2407.0
2026-08-05 13:06:00,NTNX,,60.68000030517578,60.70000076293945,60.66999816894531,60.70000076293945,1393.0
2026-08-05 13:06:00,NTRA,,275.1600036621094,275.1600036621094,275.1600036621094,275.1600036621094,324.0
2026-08-05 13:06:00,NTRS,,183.7050018310547,183.7050018310547,183.7050018310547,183.7050018310547,1140.0
2026-08-05 13:06:00,NUWE,,1.7000000476837158,1.7101000547409058,1.7000000476837158,1.7100000381469727,2281.0
2026-08-05 13:06:00,NVAX,,7.619999885559082,7.630000114440918,7.614999771118164,7.630000114440918,7567.0
2026-08-05 13:06:00,NVCR,,16.059999465942383,16.059999465942383,16.059999465942383,16.059999465942383,635.0
2026-08-05 13:06:00,NVDA,,220.7100067138672,220.9499969482422,220.6082000732422,220.90989685058594,179801.0
2026-08-05 13:06:00,NVTS,,12.385000228881836,12.425000190734863,12.369999885559082,12.416999816894531,43653.0
2026-08-05 13:06:00,NWBI,,15.944999694824219,15.949999809265137,15.9399995803833,15.944999694824219,1111.0
2026-08-05 13:06:00,NWE,,68.7300033569336,68.73999786376953,68.7300033569336,68.73999786376953,529.0
2026-08-05 13:06:00,NWL,,6.264999866485596,6.264999866485596,6.260000228881836,6.260000228881836,6297.0
2026-08-05 13:06:00,NWPX,,127.66999816894531,127.66999816894531,127.66999816894531,127.66999816894531,1197.0
2026-08-05 13:06:00,NWS,,32.26499938964844,32.290000915527344,32.26499938964844,32.28499984741211,4364.0
2026-08-05 13:06:00,NWSA,,28.219999313354492,28.229999542236328,28.209999084472656,28.229999542236328,7757.0
2026-08-05 13:06:00,NXPI,,232.0050048828125,232.2899932861328,232.0,232.2899932861328,5175.0
2026-08-05 13:06:00,NXPL,,5.998000144958496,6.045000076293945,5.993899822235107,5.993899822235107,601.0
2026-08-05 13:06:00,NXT,,98.52999877929688,98.69999694824219,98.5199966430664,98.66999816894531,5788.0
2026-08-05 13:06:00,OCFC,,19.795000076293945,19.795000076293945,19.795000076293945,19.795000076293945,521.0
2026-08-05 13:06:00,OCGN,,1.2949999570846558,1.2949999570846558,1.2899999618530273,1.2899999618530273,4046.0
2026-08-05 13:06:00,OCSL,,12.145000457763672,12.154999732971191,12.145000457763672,12.154999732971191,9620.0
2026-08-05 13:06:00,OCUL,,8.539999961853027,8.545000076293945,8.539999961853027,8.545000076293945,2802.0
2026-08-05 13:06:00,ODD,,15.300000190734863,15.300000190734863,15.300000190734863,15.300000190734863,571.0
2026-08-05 13:06:00,ODFL,,214.38999938964844,214.38999938964844,214.3249969482422,214.3249969482422,2195.0
2026-08-05 13:06:00,OESX,,14.430000305175781,14.430000305175781,14.430000305175781,14.430000305175781,242.0
2026-08-05 13:06:00,OKTA,,148.07000732421875,148.07000732421875,148.02499389648438,148.02499389648438,831.0
2026-08-05 13:06:00,OLMA,,11.579999923706055,11.579999923706055,11.579999923706055,11.579999923706055,188.0
2026-08-05 13:06:00,OMCL,,37.334999084472656,37.38999938964844,37.31999969482422,37.38999938964844,10249.0
2026-08-05 13:06:00,OMER,,12.875,12.890000343322754,12.875,12.890000343322754,989.0
2026-08-05 13:06:00,OMEX,,0.7401000261306763,0.7401000261306763,0.7401000261306763,0.7401000261306763,1910.0
2026-08-05 13:06:00,OMH,,0.11840000003576279,0.11840000003576279,0.11490000039339066,0.11559999734163284,91542.0
2026-08-05 13:06:00,OMQS,,0.10010000318288803,0.10010000318288803,0.10010000318288803,0.10010000318288803,0.0
2026-08-05 13:06:00,ON,,77.83000183105469,78.01000213623047,77.81500244140625,77.9800033569336,16931.0
2026-08-05 13:06:00,ONB,,27.05500030517578,27.059900283813477,27.049999237060547,27.05500030517578,5159.0
2026-08-05 13:06:00,ONCO,,0.7949000000953674,0.7949000000953674,0.7949000000953674,0.7949000000953674,201.0
2026-08-05 13:06:00,ONCY,,0.7975000143051147,0.7975000143051147,0.7975000143051147,0.7975000143051147,119.0
2026-08-05 13:06:00,ONDS,,8.824999809265137,8.85990047454834,8.824999809265137,8.854999542236328,542037.0
2026-08-05 13:06:00,ONFO,,0.07320000231266022,0.07320000231266022,0.0731000006198883,0.0731000006198883,5055.0
2026-08-05 13:06:00,OPCH,,23.440000534057617,23.440000534057617,23.440000534057617,23.440000534057617,978.0
2026-08-05 13:06:00,OPEN,,3.8350000381469727,3.8399999141693115,3.8299999237060547,3.8299999237060547,122007.0
2026-08-05 13:06:00,OPHC,,8.550000190734863,8.550000190734863,8.550000190734863,8.550000190734863,124.0
2026-08-05 13:06:00,OPK,,1.3250000476837158,1.3250000476837158,1.3200000524520874,1.3250000476837158,842.0
2026-08-05 13:06:00,ORIC,,13.119999885559082,13.119999885559082,13.119999885559082,13.119999885559082,1194.0
2026-08-05 13:06:00,ORLY,,93.12000274658203,93.12000274658203,93.07499694824219,93.07499694824219,3724.0
2026-08-05 13:06:00,ORRF,,43.279998779296875,43.279998779296875,43.279998779296875,43.279998779296875,450.0
2026-08-05 13:06:00,OSS,,13.880000114440918,13.880000114440918,13.880000114440918,13.880000114440918,549.0
2026-08-05 13:06:00,OTEX,,25.825000762939453,25.825000762939453,25.825000762939453,25.825000762939453,710.0
2026-08-05 13:06:00,OTLK,,1.0199999809265137,1.0199999809265137,1.0199999809265137,1.0199999809265137,624.0
2026-08-05 13:06:00,OTLY,,14.399999618530273,14.40999984741211,14.399999618530273,14.40999984741211,41.0
2026-08-05 13:06:00,OTTR,,91.66000366210938,91.7300033569336,91.66000366210938,91.7300033569336,3024.0
2026-08-05 13:06:00,OVID,,2.5950000286102295,2.6050000190734863,2.5899999141693115,2.6050000190734863,25950.0
2026-08-05 13:06:00,PAAS,,47.97999954223633,48.0,47.97999954223633,47.97999954223633,3702.0
2026-08-05 13:06:00,PACB,,1.379699945449829,1.379699945449829,1.3700000047683716,1.3700000047683716,5938.0
2026-08-05 13:06:00,PALI,,2.134999990463257,2.134999990463257,2.134999990463257,2.134999990463257,5624.0
2026-08-05 13:06:00,PANW,,364.04998779296875,364.30999755859375,363.95001220703125,364.1549987792969,6624.0
2026-08-05 13:06:00,PATK,,87.83000183105469,87.83999633789062,87.83000183105469,87.83999633789062,367.0
2026-08-05 13:06:00,PAX,,11.454999923706055,11.454999923706055,11.454999923706055,11.454999923706055,3360.0
2026-08-05 13:06:00,PAYO,,7.125,7.130000114440918,7.119999885559082,7.125,1123.0
2026-08-05 13:06:00,PAYX,,117.12999725341797,117.12999725341797,117.08000183105469,117.08000183105469,3283.0
2026-08-05 13:06:00,PCRX,,24.530000686645508,24.530000686645508,24.530000686645508,24.530000686645508,555.0
2026-08-05 13:06:00,PCT,,6.860000133514404,6.875,6.860000133514404,6.875,1454.0
2026-08-05 13:06:00,PCTY,,144.60000610351562,144.60000610351562,144.11500549316406,144.11500549316406,2150.0
2026-08-05 13:06:00,PDD,,90.7750015258789,90.79000091552734,90.75,90.79000091552734,19574.0
2026-08-05 13:06:00,PDLB,,20.479999542236328,20.479999542236328,20.479999542236328,20.479999542236328,116.0
2026-08-05 13:06:00,PECO,,41.3400993347168,41.3400993347168,41.34000015258789,41.34000015258789,1197.0
2026-08-05 13:06:00,PEGA,,31.725000381469727,31.725000381469727,31.690000534057617,31.690000534057617,2950.0
2026-08-05 13:06:00,PENN,,19.864999771118164,19.864999771118164,19.864999771118164,19.864999771118164,1251.0
2026-08-05 13:06:00,PEP,,138.625,138.66000366210938,138.61500549316406,138.61500549316406,3893.0
2026-08-05 13:06:00,PERI,,9.539999961853027,9.539999961853027,9.539999961853027,9.539999961853027,205.0
2026-08-05 13:06:00,PESI,,17.729999542236328,17.729999542236328,17.729999542236328,17.729999542236328,1007.0
2026-08-05 13:06:00,PFG,,114.04000091552734,114.04000091552734,114.04000091552734,114.04000091552734,392.0
2026-08-05 13:06:00,PGEN,,6.835000038146973,6.885000228881836,6.829999923706055,6.885000228881836,10882.0
2026-08-05 13:06:00,PGNY,,31.719999313354492,31.719999313354492,31.719999313354492,31.719999313354492,504.0
2026-08-05 13:06:00,PGY,,21.579999923706055,21.6200008392334,21.579999923706055,21.6200008392334,14281.0
2026-08-05 13:06:00,PHAT,,8.460000038146973,8.470000267028809,8.460000038146973,8.470000267028809,4047.0
2026-08-05 13:06:00,PLAB,,31.979999542236328,32.03499984741211,31.979999542236328,32.03499984741211,1740.0
2026-08-05 13:06:00,PLPC,,464.0899963378906,464.0899963378906,464.0899963378906,464.0899963378906,112.0
2026-08-05 13:06:00,PLUG,,2.069999933242798,2.0799999237060547,2.069999933242798,2.075000047683716,25455.0
2026-08-05 13:06:00,PNFP,,107.73500061035156,107.73500061035156,107.69000244140625,107.69000244140625,785.0
2026-08-05 13:06:00,PNTG,,39.060001373291016,39.060001373291016,39.060001373291016,39.060001373291016,1457.0
2026-08-05 13:06:00,POET,,8.295000076293945,8.324999809265137,8.279999732971191,8.319999694824219,13470.0
2026-08-05 13:06:00,POWI,,61.970001220703125,61.970001220703125,61.939998626708984,61.939998626708984,1798.0
2026-08-05 13:06:00,POWL,,212.16000366210938,212.1699981689453,212.16000366210938,212.1699981689453,251.0
2026-08-05 13:06:00,PPC,,26.424999237060547,26.440000534057617,26.420000076293945,26.420000076293945,1401.0
2026-08-05 13:06:00,PPTA,,22.200000762939453,22.21500015258789,22.19499969482422,22.21500015258789,6990.0
2026-08-05 13:06:00,PRAA,,17.360000610351562,17.360000610351562,17.360000610351562,17.360000610351562,346.0
2026-08-05 13:06:00,PRAX,,314.989990234375,314.989990234375,314.989990234375,314.989990234375,182.0
2026-08-05 13:06:00,PRCH,,15.829999923706055,15.84000015258789,15.829999923706055,15.84000015258789,483.0
2026-08-05 13:06:00,PRCT,,19.190000534057617,19.219999313354492,19.18000030517578,19.209999084472656,7585.0
2026-08-05 13:06:00,PRDO,,32.82500076293945,32.86000061035156,32.82500076293945,32.86000061035156,954.0
2026-08-05 13:06:00,PRE,,18.579999923706055,18.579999923706055,18.579999923706055,18.579999923706055,404.0
2026-08-05 13:06:00,PRIM,,84.94499969482422,84.99500274658203,84.88999938964844,84.99500274658203,1074.0
2026-08-05 13:06:00,PRLD,,4.570000171661377,4.570000171661377,4.570000171661377,4.570000171661377,797.0
2026-08-05 13:06:00,PRME,,3.065000057220459,3.075000047683716,3.061000108718872,3.075000047683716,10923.0
2026-08-05 13:06:00,PRQR,,1.9149999618530273,1.9199999570846558,1.9149999618530273,1.9199999570846558,10925.0
2026-08-05 13:06:00,PRTA,,8.524999618530273,8.524999618530273,8.524999618530273,8.524999618530273,206.0
2026-08-05 13:06:00,PRVA,,24.450000762939453,24.450000762939453,24.440000534057617,24.440000534057617,2461.0
2026-08-05 13:06:00,PSEC,,2.184999942779541,2.184999942779541,2.184999942779541,2.184999942779541,1106.0
2026-08-05 13:06:00,PSNL,,13.52400016784668,13.52400016784668,13.52400016784668,13.52400016784668,1178.0
2026-08-05 13:06:00,PSNY,,13.8100004196167,13.8100004196167,13.8100004196167,13.8100004196167,156.0
2026-08-05 13:06:00,PTC,,139.38499450683594,139.38499450683594,139.38499450683594,139.38499450683594,272.0
2026-08-05 13:06:00,PTCT,,69.05999755859375,69.05999755859375,69.05000305175781,69.05000305175781,981.0
2026-08-05 13:06:00,PTEN,,9.805000305175781,9.8100004196167,9.805000305175781,9.8100004196167,4072.0
2026-08-05 13:06:00,PTLO,,4.644999980926514,4.644999980926514,4.644999980926514,4.644999980926514,999.0
2026-08-05 13:06:00,PTON,,6.5,6.505000114440918,6.5,6.505000114440918,2953.0
2026-08-05 13:06:00,PWP,,17.290000915527344,17.31999969482422,17.290000915527344,17.31999969482422,1918.0
2026-08-05 13:06:00,PYPL,,58.2400016784668,58.2400016784668,58.230499267578125,58.23500061035156,5239.0
2026-08-05 13:06:00,PZZA,,30.270000457763672,30.270000457763672,30.2549991607666,30.261999130249023,3798.0
2026-08-05 13:06:00,QCOM,,158.02000427246094,158.22000122070312,157.94000244140625,158.22000122070312,15249.0
2026-08-05 13:06:00,QFIN,,13.180000305175781,13.180000305175781,13.180000305175781,13.180000305175781,3374.0
2026-08-05 13:06:00,QQQX,,30.399999618530273,30.399999618530273,30.399999618530273,30.399999618530273,132.0
2026-08-05 13:06:00,QRVO,,94.76000213623047,94.81999969482422,94.7300033569336,94.78500366210938,1717.0
2026-08-05 13:06:00,SEED,,1.0099999904632568,1.0099999904632568,1.0096999406814575,1.0096999406814575,554.0
2026-08-05 13:07:00,ACDC,,4.425000190734863,4.425000190734863,4.420000076293945,4.425000190734863,1735.0
2026-08-05 13:07:00,EYE,,23.1299991607666,23.149999618530273,23.1299991607666,23.139999389648438,5125.0
2026-08-05 13:07:00,FIZZ,,32.130001068115234,32.1349983215332,32.11000061035156,32.1349983215332,1279.0
2026-08-05 13:07:00,GLUE,,15.649999618530273,15.649999618530273,15.640000343322754,15.649999618530273,1047.0
2026-08-05 13:07:00,KIDS,,21.329999923706055,21.329999923706055,21.329999923706055,21.329999923706055,311.0
2026-08-05 13:07:00,LUNG,,2.009999990463257,2.009999990463257,2.009999990463257,2.009999990463257,661.0
2026-08-05 13:07:00,MBRX,,0.40950000286102295,0.40950000286102295,0.40470001101493835,0.40950000286102295,6325.0
2026-08-05 13:07:00,MDLZ,,62.29999923706055,62.29999923706055,62.279998779296875,62.279998779296875,4007.0
2026-08-05 13:07:00,MLTX,,17.739999771118164,17.739999771118164,17.739999771118164,17.739999771118164,1274.0
2026-08-05 13:07:00,MNRO,,13.210000038146973,13.210000038146973,13.199999809265137,13.199999809265137,1578.0
2026-08-05 13:07:00,MNST,,94.54499816894531,94.54499816894531,94.54000091552734,94.54000091552734,3595.0
2026-08-05 13:07:00,MNTS,,4.268199920654297,4.269999980926514,4.25,4.269999980926514,6266.0
2026-08-05 13:07:00,MORN,,197.0500030517578,197.0500030517578,197.0500030517578,197.0500030517578,281.0
2026-08-05 13:07:00,MPWR,,1336.3800048828125,1337.6199951171875,1334.4100341796875,1334.6300048828125,967.0
2026-08-05 13:07:00,MRNA,,56.869998931884766,56.869998931884766,56.83000183105469,56.83000183105469,2745.0
2026-08-05 13:07:00,MVBF,,30.579999923706055,30.584999084472656,30.579999923706055,30.584999084472656,1375.0
2026-08-05 13:07:00,MYGN,,3.125,3.125,3.115000009536743,3.115000009536743,7105.0
2026-08-05 13:07:00,MYPS,,0.73089998960495,0.73089998960495,0.73089998960495,0.73089998960495,196.0
2026-08-05 13:07:00,MYRG,,339.6000061035156,339.6000061035156,339.6000061035156,339.6000061035156,632.0
2026-08-05 13:07:00,NAUT,,0.9384999871253967,0.9384999871253967,0.9384999871253967,0.9384999871253967,900.0
2026-08-05 13:07:00,NAVI,,9.145000457763672,9.145000457763672,9.145000457763672,9.145000457763672,749.0
2026-08-05 13:07:00,NB,,5.0609002113342285,5.070000171661377,5.0609002113342285,5.070000171661377,2920.0
2026-08-05 13:07:00,NBIX,,163.6992950439453,163.6992950439453,163.4499969482422,163.5749969482422,8118.0
2026-08-05 13:07:00,NCMI,,4.120999813079834,4.125,4.120999813079834,4.125,2815.0
2026-08-05 13:07:00,NDAQ,,94.9000015258789,94.9000015258789,94.9000015258789,94.9000015258789,690.0
2026-08-05 13:07:00,NDSN,,310.8299865722656,310.8299865722656,310.8299865722656,310.8299865722656,283.0
2026-08-05 13:07:00,NECB,,27.3799991607666,27.389999389648438,27.3799991607666,27.389999389648438,337.0
2026-08-05 13:07:00,NEO,,16.059999465942383,16.059999465942383,16.040000915527344,16.040000915527344,6297.0
2026-08-05 13:07:00,NEOG,,11.65999984741211,11.675000190734863,11.649999618530273,11.670000076293945,12785.0
2026-08-05 13:07:00,NEOV,,2.8289999961853027,2.8289999961853027,2.8289999961853027,2.8289999961853027,211.0
2026-08-05 13:07:00,NFE,,0.33660000562667847,0.33660000562667847,0.33660000562667847,0.33660000562667847,303.0
2026-08-05 13:07:00,NFLX,,73.23500061035156,73.25509643554688,73.20500183105469,73.23500061035156,33913.0
2026-08-05 13:07:00,NGNE,,35.54999923706055,35.54999923706055,35.54999923706055,35.54999923706055,346.0
2026-08-05 13:07:00,NICE,,97.41999816894531,97.43000030517578,97.33999633789062,97.33999633789062,2257.0
2026-08-05 13:07:00,NIU,,2.440000057220459,2.440000057220459,2.440000057220459,2.440000057220459,6305.0
2026-08-05 13:07:00,NKTR,,73.20999908447266,73.20999908447266,73.20999908447266,73.20999908447266,711.0
2026-08-05 13:07:00,NKTX,,2.2100000381469727,2.2100000381469727,2.2100000381469727,2.2100000381469727,242.0
2026-08-05 13:07:00,NMFC,,7.335000038146973,7.339900016784668,7.335000038146973,7.335000038146973,3646.0
2026-08-05 13:07:00,NMIH,,44.42499923706055,44.470001220703125,44.42499923706055,44.470001220703125,2305.0
2026-08-05 13:07:00,NMRK,,15.635000228881836,15.635000228881836,15.630000114440918,15.630000114440918,1403.0
2026-08-05 13:07:00,NN,,14.09000015258789,14.140000343322754,14.085000038146973,14.09000015258789,28125.0
2026-08-05 13:07:00,NNDM,,1.5449999570846558,1.5449999570846558,1.5399999618530273,1.5399999618530273,477.0
2026-08-05 13:07:00,NPCE,,13.430000305175781,13.449999809265137,13.430000305175781,13.430000305175781,3114.0
2026-08-05 13:07:00,NRC,,19.635000228881836,19.635000228881836,19.600000381469727,19.600000381469727,606.0
2026-08-05 13:07:00,NRXP,,3.049999952316284,3.049999952316284,3.0399999618530273,3.0450000762939453,4406.0
2026-08-05 13:07:00,NTAP,,189.24000549316406,189.47999572753906,189.24000549316406,189.375,18738.0
2026-08-05 13:07:00,NTNX,,60.67499923706055,60.709999084472656,60.67499923706055,60.68000030517578,9448.0
2026-08-05 13:07:00,NTRA,,275.45001220703125,275.45001220703125,275.29998779296875,275.29998779296875,1214.0
2026-08-05 13:07:00,NUWE,,1.7000000476837158,1.7100000381469727,1.7000000476837158,1.7100000381469727,554.0
2026-08-05 13:07:00,NVAX,,7.630000114440918,7.630000114440918,7.619999885559082,7.619999885559082,4038.0
2026-08-05 13:07:00,NVDA,,220.8520050048828,220.9550018310547,220.625,220.71499633789062,151570.0
2026-08-05 13:07:00,NVTS,,12.380000114440918,12.390000343322754,12.359999656677246,12.375,41621.0
2026-08-05 13:07:00,NWBI,,15.942299842834473,15.944999694824219,15.942299842834473,15.944999694824219,608.0
2026-08-05 13:07:00,NWL,,6.260000228881836,6.275000095367432,6.260000228881836,6.264999866485596,41843.0
2026-08-05 13:07:00,NWS,,32.27000045776367,32.27000045776367,32.27000045776367,32.27000045776367,664.0
2026-08-05 13:07:00,NWSA,,28.219999313354492,28.219999313354492,28.209999084472656,28.209999084472656,6594.0
2026-08-05 13:07:00,NXPI,,231.97000122070312,232.07000732421875,231.88999938964844,231.94000244140625,3603.0
2026-08-05 13:07:00,NXST,,191.625,191.7050018310547,191.625,191.7050018310547,1223.0
2026-08-05 13:07:00,NXT,,98.66000366210938,98.66000366210938,98.51000213623047,98.51000213623047,1870.0
2026-08-05 13:07:00,NYXH,,1.4149999618530273,1.4149999618530273,1.409999966621399,1.409999966621399,501.0
2026-08-05 13:07:00,OCFC,,19.799999237060547,19.799999237060547,19.795000076293945,19.795000076293945,2263.0
2026-08-05 13:07:00,OCGN,,1.2899999618530273,1.2963000535964966,1.2899999618530273,1.2899999618530273,3784.0
2026-08-05 13:07:00,OCUL,,8.550000190734863,8.550000190734863,8.53499984741211,8.53499984741211,2435.0
2026-08-05 13:07:00,ODD,,15.319999694824219,15.319999694824219,15.295000076293945,15.295000076293945,1061.0
2026-08-05 13:07:00,OESX,,14.380000114440918,14.380000114440918,14.300000190734863,14.300000190734863,591.0
2026-08-05 13:07:00,OFIX,,10.510000228881836,10.524999618530273,10.510000228881836,10.524999618530273,778.0
2026-08-05 13:07:00,OFLX,,30.239999771118164,30.239999771118164,30.239999771118164,30.239999771118164,1446.0
2026-08-05 13:07:00,OGI,,0.9480000138282776,0.9480000138282776,0.9480000138282776,0.9480000138282776,100.0
2026-08-05 13:07:00,OKTA,,148.02999877929688,148.02999877929688,148.01499938964844,148.01499938964844,559.0
2026-08-05 13:07:00,OMER,,12.875,12.875,12.875,12.875,143.0
2026-08-05 13:07:00,OMH,,0.11620000004768372,0.11840000003576279,0.11620000004768372,0.11840000003576279,109289.0
2026-08-05 13:07:00,ON,,77.80999755859375,77.84500122070312,77.80000305175781,77.83999633789062,12400.0
2026-08-05 13:07:00,ONB,,27.05500030517578,27.05500030517578,27.049999237060547,27.049999237060547,4626.0
2026-08-05 13:07:00,ONDS,,8.835000038146973,8.84000015258789,8.819999694824219,8.824999809265137,140670.0
2026-08-05 13:07:00,ONFO,,0.07320000231266022,0.07440000027418137,0.0731000006198883,0.0731000006198883,8621.0
2026-08-05 13:07:00,OPAL,,2.3450000286102295,2.3450000286102295,2.3389999866485596,2.3389999866485596,879.0
2026-08-05 13:07:00,OPCH,,23.43000030517578,23.43000030517578,23.43000030517578,23.43000030517578,2003.0
2026-08-05 13:07:00,OPEN,,3.8399999141693115,3.8399999141693115,3.8299999237060547,3.8350000381469727,93816.0
2026-08-05 13:07:00,OPK,,1.3200000524520874,1.3200000524520874,1.3200000524520874,1.3200000524520874,637.0
2026-08-05 13:07:00,OPRA,,19.8799991607666,19.8799991607666,19.8799991607666,19.8799991607666,244.0
2026-08-05 13:07:00,OPRX,,6.90749979019165,6.90749979019165,6.90749979019165,6.90749979019165,1700.0
2026-08-05 13:07:00,ORIC,,13.079999923706055,13.079999923706055,13.079999923706055,13.079999923706055,1004.0
2026-08-05 13:07:00,ORLY,,93.16000366210938,93.16500091552734,93.12000274658203,93.12000274658203,5318.0
2026-08-05 13:07:00,OSPN,,16.44499969482422,16.5049991607666,16.440000534057617,16.5049991607666,2090.0
2026-08-05 13:07:00,OSS,,13.854999542236328,13.854999542236328,13.854999542236328,13.854999542236328,444.0
2026-08-05 13:07:00,OSUR,,4.135000228881836,4.135000228881836,4.135000228881836,4.135000228881836,391.0
2026-08-05 13:07:00,OSW,,26.510000228881836,26.510000228881836,26.469999313354492,26.489999771118164,4522.0
2026-08-05 13:07:00,OTEX,,25.815000534057617,25.829999923706055,25.815000534057617,25.829999923706055,2415.0
2026-08-05 13:07:00,OTLK,,1.0199999809265137,1.0199999809265137,1.0149999856948853,1.0149999856948853,14524.0
2026-08-05 13:07:00,OVID,,2.5950000286102295,2.5999999046325684,2.5950000286102295,2.5950000286102295,23756.0
2026-08-05 13:07:00,OXLC,,9.145000457763672,9.149999618530273,9.145000457763672,9.149999618530273,1295.0
2026-08-05 13:07:00,PAA,,23.200000762939453,23.207700729370117,23.200000762939453,23.207700729370117,3827.0
2026-08-05 13:07:00,PAAS,,47.9900016784668,48.040000915527344,47.98500061035156,48.0093994140625,3093.0
2026-08-05 13:07:00,PACB,,1.3799999952316284,1.3799999952316284,1.3700000047683716,1.3700000047683716,4004.0
2026-08-05 13:07:00,PAGP,,25.149999618530273,25.149999618530273,25.149999618530273,25.149999618530273,1373.0
2026-08-05 13:07:00,PALI,,2.140000104904175,2.140000104904175,2.134999990463257,2.140000104904175,1913.0
2026-08-05 13:07:00,PANW,,364.1099853515625,364.1099853515625,364.0299987792969,364.07501220703125,1388.0
2026-08-05 13:07:00,PAVS,,4.920000076293945,4.920000076293945,4.920000076293945,4.920000076293945,369.0
2026-08-05 13:07:00,PAYO,,7.125,7.125,7.125,7.125,1189.0
2026-08-05 13:07:00,PAYX,,117.0999984741211,117.13500213623047,117.0999984741211,117.125,1854.0
2026-08-05 13:07:00,PCAR,,134.17999267578125,134.21499633789062,134.1300048828125,134.16000366210938,4679.0
2026-08-05 13:07:00,PCRX,,24.424999237060547,24.510000228881836,24.40999984741211,24.510000228881836,2387.0
2026-08-05 13:07:00,PCSA,,2.1572999954223633,2.1572999954223633,2.1572999954223633,2.1572999954223633,30.0
2026-08-05 13:07:00,PCT,,6.875,6.875,6.864999771118164,6.864999771118164,7611.0
2026-08-05 13:07:00,PCTY,,144.6649932861328,144.6649932861328,144.50999450683594,144.50999450683594,943.0
2026-08-05 13:07:00,PDD,,90.768798828125,90.79000091552734,90.768798828125,90.77999877929688,5625.0
2026-08-05 13:07:00,PDFS,,50.1150016784668,50.1150016784668,50.1150016784668,50.1150016784668,1017.0
2026-08-05 13:07:00,PECO,,41.345001220703125,41.345001220703125,41.345001220703125,41.345001220703125,1486.0
2026-08-05 13:07:00,PEGA,,31.719999313354492,31.729999542236328,31.719999313354492,31.729999542236328,1998.0
2026-08-05 13:07:00,PENN,,19.850000381469727,19.8700008392334,19.850000381469727,19.864999771118164,4761.0
2026-08-05 13:07:00,PEP,,138.69500732421875,138.69500732421875,138.6300048828125,138.6300048828125,5645.0
2026-08-05 13:07:00,PESI,,17.81999969482422,17.81999969482422,17.81999969482422,17.81999969482422,200.0
2026-08-05 13:07:00,PFG,,114.06500244140625,114.06500244140625,114.06500244140625,114.06500244140625,337.0
2026-08-05 13:07:00,PGEN,,6.835000038146973,6.849999904632568,6.8302001953125,6.835000038146973,15792.0
2026-08-05 13:07:00,PGNY,,31.71500015258789,31.71500015258789,31.71500015258789,31.71500015258789,321.0
2026-08-05 13:07:00,PGY,,21.594200134277344,21.6200008392334,21.559999465942383,21.56999969482422,4301.0
2026-08-05 13:07:00,PHAT,,8.479999542236328,8.479999542236328,8.479999542236328,8.479999542236328,934.0
2026-08-05 13:07:00,PLBY,,1.1435999870300293,1.1435999870300293,1.1435999870300293,1.1435999870300293,6147.0
2026-08-05 13:07:00,PLMR,,133.5850067138672,133.6649932861328,133.47999572753906,133.6649932861328,847.0
2026-08-05 13:07:00,PLUG,,2.069999933242798,2.0799999237060547,2.069999933242798,2.069999933242798,48973.0
2026-08-05 13:07:00,PNFP,,107.62000274658203,107.62000274658203,107.62000274658203,107.62000274658203,682.0
2026-08-05 13:07:00,POET,,8.3100004196167,8.3100004196167,8.289999961853027,8.295000076293945,21590.0
2026-08-05 13:07:00,POOL,,205.77000427246094,205.77000427246094,205.75,205.75,1356.0
2026-08-05 13:07:00,POWL,,212.15499877929688,212.15499877929688,212.15499877929688,212.15499877929688,304.0
2026-08-05 13:07:00,PPC,,26.440000534057617,26.440000534057617,26.43000030517578,26.43000030517578,1933.0
2026-08-05 13:07:00,PPTA,,22.219999313354492,22.219999313354492,22.219999313354492,22.219999313354492,530.0
2026-08-05 13:07:00,PRAA,,17.350000381469727,17.350000381469727,17.34000015258789,17.34000015258789,1963.0
2026-08-05 13:07:00,PRAX,,315.05499267578125,315.19500732421875,315.0,315.19500732421875,283.0
2026-08-05 13:07:00,PRCH,,15.84000015258789,15.84000015258789,15.819999694824219,15.819999694824219,1168.0
2026-08-05 13:07:00,PRCT,,19.223899841308594,19.223899841308594,19.190000534057617,19.190000534057617,5710.0
2026-08-05 13:07:00,PRGS,,42.0099983215332,42.0099983215332,42.0099983215332,42.0099983215332,262.0
2026-08-05 13:07:00,PRIM,,85.02999877929688,85.22000122070312,84.9800033569336,85.01000213623047,3940.0
2026-08-05 13:07:00,PRME,,3.065000057220459,3.065000057220459,3.059999942779541,3.065000057220459,1247.0
2026-08-05 13:07:00,PRQR,,1.9049999713897705,1.9149999618530273,1.9049999713897705,1.9149999618530273,9893.0
2026-08-05 13:07:00,PRSO,,0.6942999958992004,0.6942999958992004,0.6942999958992004,0.6942999958992004,308.0
2026-08-05 13:07:00,PRVA,,24.440000534057617,24.440000534057617,24.440000534057617,24.440000534057617,812.0
2026-08-05 13:07:00,PRZO,,0.5371000170707703,0.5371000170707703,0.5371000170707703,0.5371000170707703,552.0
2026-08-05 13:07:00,PSEC,,2.184999942779541,2.1888999938964844,2.180000066757202,2.184999942779541,8836.0
2026-08-05 13:07:00,PTC,,139.47000122070312,139.55999755859375,139.4600067138672,139.4600067138672,1843.0
2026-08-05 13:07:00,PTCT,,69.04000091552734,69.04000091552734,69.04000091552734,69.04000091552734,271.0
2026-08-05 13:07:00,PTEN,,9.8100004196167,9.8100004196167,9.800000190734863,9.805000305175781,5079.0
2026-08-05 13:07:00,PTLO,,4.656099796295166,4.659999847412109,4.644999980926514,4.644999980926514,6936.0
2026-08-05 13:07:00,PTON,,6.505000114440918,6.505000114440918,6.505000114440918,6.505000114440918,3550.0
2026-08-05 13:07:00,PWP,,17.280000686645508,17.280000686645508,17.280000686645508,17.280000686645508,570.0
2026-08-05 13:07:00,PYPL,,58.220001220703125,58.25,58.220001220703125,58.22999954223633,8202.0
2026-08-05 13:07:00,PZZA,,30.25,30.270000457763672,30.25,30.25,8735.0
2026-08-05 13:07:00,QCOM,,158.0800018310547,158.2050018310547,158.02049255371094,158.0500030517578,5491.0
2026-08-05 13:07:00,QFIN,,13.175000190734863,13.175000190734863,13.175000190734863,13.175000190734863,1777.0
2026-08-05 13:07:00,QRVO,,94.7699966430664,94.7699966430664,94.73999786376953,94.7699966430664,758.0
2026-08-05 13:07:00,SEED,,0.9800000190734863,1.0099999904632568,0.9800000190734863,1.0099999904632568,6142.0
2026-08-05 13:07:00,TARA,,4.054999828338623,4.054999828338623,4.054999828338623,4.054999828338623,756.0
2026-08-05 13:08:00,ACDC,,4.425000190734863,4.425000190734863,4.420000076293945,4.420000076293945,2732.0
2026-08-05 13:08:00,BPOP,,177.55999755859375,177.57000732421875,177.55999755859375,177.55999755859375,768.0
2026-08-05 13:08:00,DTIL,,7.559999942779541,7.559999942779541,7.554999828338623,7.554999828338623,641.0
2026-08-05 13:08:00,EYE,,23.170000076293945,23.184999465942383,23.15999984741211,23.15999984741211,4092.0
2026-08-05 13:08:00,GLUE,,15.649999618530273,15.649999618530273,15.649999618530273,15.649999618530273,684.0
2026-08-05 13:08:00,KIDS,,21.325000762939453,21.325000762939453,21.325000762939453,21.325000762939453,226.0
2026-08-05 13:08:00,MBRX,,0.40950000286102295,0.40950000286102295,0.40950000286102295,0.40950000286102295,801.0
2026-08-05 13:08:00,MDB,,375.4599914550781,375.4599914550781,375.4599914550781,375.4599914550781,350.0
2026-08-05 13:08:00,MDLZ,,62.314998626708984,62.33000183105469,62.26499938964844,62.29999923706055,20267.0
2026-08-05 13:08:00,MNRO,,13.229999542236328,13.229999542236328,13.229999542236328,13.229999542236328,1518.0
2026-08-05 13:08:00,MNST,,94.58999633789062,94.58999633789062,94.55999755859375,94.55999755859375,5734.0
2026-08-05 13:08:00,MNTS,,4.260000228881836,4.260000228881836,4.25,4.25,566.0
2026-08-05 13:08:00,MOVE,,11.979999542236328,11.979999542236328,11.979999542236328,11.979999542236328,254.0
2026-08-05 13:08:00,MPAA,,13.770000457763672,13.770000457763672,13.770000457763672,13.770000457763672,440.0
2026-08-05 13:08:00,MPWR,,1336.22998046875,1336.2550048828125,1334.4100341796875,1335.8800048828125,1032.0
2026-08-05 13:08:00,MRNA,,56.80500030517578,56.849998474121094,56.77000045776367,56.84000015258789,9903.0
2026-08-05 13:08:00,MYGN,,3.115000009536743,3.119999885559082,3.115000009536743,3.119999885559082,3287.0
2026-08-05 13:08:00,MYPS,,0.7419999837875366,0.7419999837875366,0.7419000267982483,0.7419999837875366,2414.0
2026-08-05 13:08:00,NAMS,,27.43000030517578,27.43000030517578,27.43000030517578,27.43000030517578,148.0
2026-08-05 13:08:00,NAUT,,0.9347000122070312,0.9350000023841858,0.9347000122070312,0.9350000023841858,401.0
2026-08-05 13:08:00,NB,,5.065000057220459,5.065000057220459,5.065000057220459,5.065000057220459,704.0
2026-08-05 13:08:00,NBIX,,163.47500610351562,163.5749969482422,163.47500610351562,163.5749969482422,775.0
2026-08-05 13:08:00,NCMI,,4.125,4.125,4.125,4.125,2833.0
2026-08-05 13:08:00,NDAQ,,94.88999938964844,94.88999938964844,94.875,94.875,1524.0
2026-08-05 13:08:00,NDSN,,311.05999755859375,311.05999755859375,311.05999755859375,311.05999755859375,272.0
2026-08-05 13:08:00,NEO,,16.049999237060547,16.049999237060547,16.049999237060547,16.049999237060547,1167.0
2026-08-05 13:08:00,NEOG,,11.654999732971191,11.654999732971191,11.649999618530273,11.649999618530273,891.0
2026-08-05 13:08:00,NEOV,,2.8299999237060547,2.8299999237060547,2.8269999027252197,2.8269999027252197,1619.0
2026-08-05 13:08:00,NEXT,,6.434999942779541,6.434999942779541,6.429999828338623,6.429999828338623,1676.0
2026-08-05 13:08:00,NFLX,,73.24980163574219,73.26000213623047,73.2249984741211,73.2300033569336,18050.0
2026-08-05 13:08:00,NICE,,97.41999816894531,97.41999816894531,97.41999816894531,97.41999816894531,673.0
2026-08-05 13:08:00,NIU,,2.444999933242798,2.444999933242798,2.444999933242798,2.444999933242798,445.0
2026-08-05 13:08:00,NKTX,,2.2100000381469727,2.2200000286102295,2.2100000381469727,2.2200000286102295,1076.0
2026-08-05 13:08:00,NMIH,,44.43000030517578,44.43000030517578,44.43000030517578,44.43000030517578,932.0
2026-08-05 13:08:00,NMRA,,1.6150000095367432,1.6150000095367432,1.6150000095367432,1.6150000095367432,1020.0
2026-08-05 13:08:00,NMRK,,15.635000228881836,15.635000228881836,15.635000228881836,15.635000228881836,293.0
2026-08-05 13:08:00,NN,,14.069999694824219,14.09000015258789,14.069999694824219,14.09000015258789,4246.0
2026-08-05 13:08:00,NNBR,,3.884999990463257,3.884999990463257,3.884999990463257,3.884999990463257,521.0
2026-08-05 13:08:00,NNDM,,1.5399999618530273,1.5449999570846558,1.5399999618530273,1.5449999570846558,1101.0
2026-08-05 13:08:00,NPCE,,13.399999618530273,13.399999618530273,13.399999618530273,13.399999618530273,451.0
2026-08-05 13:08:00,NRIX,,25.045000076293945,25.045000076293945,25.045000076293945,25.045000076293945,1737.0
2026-08-05 13:08:00,NRXP,,3.0399999618530273,3.0450000762939453,3.0399999618530273,3.0450000762939453,260.0
2026-08-05 13:08:00,NSSC,,40.125,40.125,40.125,40.125,449.0
2026-08-05 13:08:00,NTNX,,60.686100006103516,60.686100006103516,60.66999816894531,60.67499923706055,2296.0
2026-08-05 13:08:00,NTRA,,275.5899963378906,275.5899963378906,275.5899963378906,275.5899963378906,701.0
2026-08-05 13:08:00,NUWE,,1.7000000476837158,1.7000000476837158,1.7000000476837158,1.7000000476837158,1300.0
2026-08-05 13:08:00,NVAX,,7.625,7.630000114440918,7.625,7.630000114440918,2772.0
2026-08-05 13:08:00,NVCR,,16.040000915527344,16.050100326538086,16.040000915527344,16.050100326538086,4046.0
2026-08-05 13:08:00,NVDA,,220.8699951171875,220.94000244140625,220.72999572753906,220.8594970703125,182968.0
2026-08-05 13:08:00,NVMI,,408.5899963378906,408.5899963378906,408.44000244140625,408.44000244140625,462.0
2026-08-05 13:08:00,NVTS,,12.369999885559082,12.385000228881836,12.364999771118164,12.380000114440918,13435.0
2026-08-05 13:08:00,NWBI,,15.949999809265137,15.949999809265137,15.944999694824219,15.944999694824219,1050.0
2026-08-05 13:08:00,NWE,,68.75,68.75,68.75,68.75,1271.0
2026-08-05 13:08:00,NWL,,6.255000114440918,6.269999980926514,6.255000114440918,6.264999866485596,19629.0
2026-08-05 13:08:00,NWS,,32.2599983215332,32.27000045776367,32.2599983215332,32.27000045776367,1622.0
2026-08-05 13:08:00,NXPI,,231.85000610351562,231.86000061035156,231.75999450683594,231.86000061035156,3654.0
2026-08-05 13:08:00,NXST,,191.55999755859375,191.5800018310547,191.55999755859375,191.5800018310547,558.0
2026-08-05 13:08:00,NXT,,98.6449966430664,98.66999816894531,98.5,98.51499938964844,1683.0
2026-08-05 13:08:00,NXTC,,4.9994001388549805,4.9994001388549805,4.9994001388549805,4.9994001388549805,669.0
2026-08-05 13:08:00,OCC,,16.0,16.0,16.0,16.0,532.0
2026-08-05 13:08:00,OCGN,,1.2999000549316406,1.2999999523162842,1.2899999618530273,1.2899999618530273,2704.0
2026-08-05 13:08:00,OCSL,,12.154999732971191,12.154999732971191,12.145000457763672,12.149999618530273,3487.0
2026-08-05 13:08:00,OCUL,,8.545000076293945,8.545000076293945,8.545000076293945,8.545000076293945,374.0
2026-08-05 13:08:00,ODFL,,214.21499633789062,214.21499633789062,214.21499633789062,214.21499633789062,186.0
2026-08-05 13:08:00,OESX,,14.619999885559082,14.619999885559082,14.25,14.619999885559082,5659.0
2026-08-05 13:08:00,OKTA,,148.03500366210938,148.03500366210938,148.02499389648438,148.02499389648438,1106.0
2026-08-05 13:08:00,OLLI,,78.22000122070312,78.25,78.16999816894531,78.16999816894531,2569.0
2026-08-05 13:08:00,OLMA,,11.585000038146973,11.585000038146973,11.585000038146973,11.585000038146973,282.0
2026-08-05 13:08:00,OMCL,,37.3650016784668,37.38999938964844,37.35499954223633,37.38999938964844,4091.0
2026-08-05 13:08:00,OMER,,12.882100105285645,12.890000343322754,12.882100105285645,12.890000343322754,1717.0
2026-08-05 13:08:00,OMH,,0.11659999936819077,0.11659999936819077,0.11500000208616257,0.11620000004768372,54210.0
2026-08-05 13:08:00,ON,,77.79000091552734,77.83999633789062,77.76000213623047,77.82460021972656,18212.0
2026-08-05 13:08:00,ONB,,27.059900283813477,27.059900283813477,27.05500030517578,27.05500030517578,1746.0
2026-08-05 13:08:00,ONDS,,8.835000038146973,8.84000015258789,8.8149995803833,8.831399917602539,203710.0
2026-08-05 13:08:00,ONFO,,0.0738999992609024,0.07450000196695328,0.07320000231266022,0.0737999975681305,5373.0
2026-08-05 13:08:00,OPAL,,2.3499999046325684,2.3499999046325684,2.3499999046325684,2.3499999046325684,386.0
2026-08-05 13:08:00,OPCH,,23.450000762939453,23.450000762939453,23.450000762939453,23.450000762939453,364.0
2026-08-05 13:08:00,OPEN,,3.8350000381469727,3.8399999141693115,3.8299999237060547,3.8299999237060547,75334.0
2026-08-05 13:08:00,OPK,,1.3200000524520874,1.3200000524520874,1.3200000524520874,1.3200000524520874,1751.0
2026-08-05 13:08:00,OPRA,,19.850000381469727,19.850000381469727,19.850000381469727,19.850000381469727,202.0
2026-08-05 13:08:00,ORGO,,2.3399999141693115,2.3399999141693115,2.3399999141693115,2.3399999141693115,769.0
2026-08-05 13:08:00,ORIC,,13.104999542236328,13.104999542236328,13.104999542236328,13.104999542236328,682.0
2026-08-05 13:08:00,ORLY,,93.16500091552734,93.18000030517578,93.1500015258789,93.16000366210938,3736.0
2026-08-05 13:08:00,OSPN,,16.459999084472656,16.459999084472656,16.450000762939453,16.459999084472656,3678.0
2026-08-05 13:08:00,OSS,,13.829999923706055,13.859600067138672,13.829999923706055,13.859600067138672,1405.0
2026-08-05 13:08:00,OSW,,26.514999389648438,26.514999389648438,26.514999389648438,26.514999389648438,670.0
2026-08-05 13:08:00,OTEX,,25.829999923706055,25.829999923706055,25.829999923706055,25.829999923706055,617.0
2026-08-05 13:08:00,OTLK,,1.0199999809265137,1.0199999809265137,1.0149999856948853,1.0199999809265137,1152.0
2026-08-05 13:08:00,OXLCN,,24.815000534057617,24.815000534057617,24.815000534057617,24.815000534057617,0.0
2026-08-05 13:08:00,OXSQ,,1.4900000095367432,1.4950000047683716,1.4900000095367432,1.4950000047683716,1345.0
2026-08-05 13:08:00,PAA,,23.190000534057617,23.190000534057617,23.190000534057617,23.190000534057617,1414.0
2026-08-05 13:08:00,PAAS,,47.970001220703125,48.0099983215332,47.96099853515625,48.005001068115234,3318.0
2026-08-05 13:08:00,PACB,,1.375,1.375,1.3700000047683716,1.3700000047683716,31006.0
2026-08-05 13:08:00,PAGP,,25.149999618530273,25.149999618530273,25.149999618530273,25.149999618530273,2114.0
2026-08-05 13:08:00,PALI,,2.140000104904175,2.140000104904175,2.134999990463257,2.134999990463257,2614.0
2026-08-05 13:08:00,PANW,,364.176513671875,364.176513671875,363.875,363.9150085449219,3804.0
2026-08-05 13:08:00,PATK,,87.98999786376953,87.98999786376953,87.98999786376953,87.98999786376953,381.0
2026-08-05 13:08:00,PAYO,,7.125,7.125,7.119999885559082,7.125,1539.0
2026-08-05 13:08:00,PAYX,,117.13999938964844,117.13999938964844,117.08999633789062,117.08999633789062,3760.0
2026-08-05 13:08:00,PCAR,,134.14999389648438,134.14999389648438,134.14999389648438,134.14999389648438,637.0
2026-08-05 13:08:00,PCRX,,24.360000610351562,24.40999984741211,24.360000610351562,24.40999984741211,1108.0
2026-08-05 13:08:00,PCTY,,144.53500366210938,144.53500366210938,144.53500366210938,144.53500366210938,815.0
2026-08-05 13:08:00,PCYO,,10.550000190734863,10.550000190734863,10.550000190734863,10.550000190734863,508.0
2026-08-05 13:08:00,PDD,,90.77999877929688,90.77999877929688,90.7699966430664,90.7699966430664,975.0
2026-08-05 13:08:00,PDFS,,49.9900016784668,50.0,49.9900016784668,50.0,1463.0
2026-08-05 13:08:00,PECO,,41.33000183105469,41.349998474121094,41.33000183105469,41.349998474121094,616.0
2026-08-05 13:08:00,PEGA,,31.725000381469727,31.725000381469727,31.710100173950195,31.710100173950195,760.0
2026-08-05 13:08:00,PENN,,19.860000610351562,19.860000610351562,19.850000381469727,19.850000381469727,2169.0
2026-08-05 13:08:00,PEP,,138.6999969482422,138.7299041748047,138.67999267578125,138.7100067138672,5698.0
2026-08-05 13:08:00,PERI,,9.539999961853027,9.539999961853027,9.539999961853027,9.539999961853027,1240.0
2026-08-05 13:08:00,PESI,,17.774999618530273,17.829999923706055,17.774999618530273,17.829999923706055,1110.0
2026-08-05 13:08:00,PFG,,114.01000213623047,114.06500244140625,114.0,114.06500244140625,925.0
2026-08-05 13:08:00,PFIS,,72.01000213623047,72.01000213623047,72.01000213623047,72.01000213623047,186.0
2026-08-05 13:08:00,PGEN,,6.849999904632568,6.869999885559082,6.829999923706055,6.829999923706055,42718.0
2026-08-05 13:08:00,PGY,,21.549999237060547,21.59000015258789,21.549999237060547,21.59000015258789,4207.0
2026-08-05 13:08:00,PLAB,,32.01499938964844,32.01499938964844,32.01499938964844,32.01499938964844,1506.0
2026-08-05 13:08:00,PLMR,,133.69000244140625,133.83999633789062,133.69000244140625,133.83999633789062,3512.0
2026-08-05 13:08:00,PLTK,,3.924999952316284,3.930000066757202,3.924999952316284,3.930000066757202,7138.0
2026-08-05 13:08:00,PLUG,,2.075000047683716,2.0799999237060547,2.069999933242798,2.079900026321411,38127.0
2026-08-05 13:08:00,PMN,,13.265000343322754,13.265000343322754,13.265000343322754,13.265000343322754,674.0
2026-08-05 13:08:00,PNFP,,107.74500274658203,107.74500274658203,107.74500274658203,107.74500274658203,489.0
2026-08-05 13:08:00,PNTG,,39.04999923706055,39.130001068115234,39.04999923706055,39.130001068115234,5298.0
2026-08-05 13:08:00,POCI,,4.244999885559082,4.244999885559082,4.244999885559082,4.244999885559082,300.0
2026-08-05 13:08:00,POET,,8.305000305175781,8.305000305175781,8.300000190734863,8.305000305175781,6688.0
2026-08-05 13:08:00,POOL,,206.30999755859375,206.3300018310547,206.05999755859375,206.05999755859375,2634.0
2026-08-05 13:08:00,POWI,,61.90999984741211,61.90999984741211,61.90999984741211,61.90999984741211,242.0
2026-08-05 13:08:00,POWL,,212.25,212.30999755859375,212.25,212.30999755859375,497.0
2026-08-05 13:08:00,PPTA,,22.209999084472656,22.209999084472656,22.209999084472656,22.209999084472656,547.0
2026-08-05 13:08:00,PRAX,,315.010009765625,315.30999755859375,315.0,315.29998779296875,710.0
2026-08-05 13:08:00,PRCH,,15.84000015258789,15.850000381469727,15.819999694824219,15.819999694824219,5200.0
2026-08-05 13:08:00,PRCT,,19.219999313354492,19.239999771118164,19.21500015258789,19.21500015258789,2073.0
2026-08-05 13:08:00,PRDO,,32.834999084472656,32.834999084472656,32.834999084472656,32.834999084472656,502.0
2026-08-05 13:08:00,PRIM,,85.11509704589844,85.11509704589844,85.0,85.0,608.0
2026-08-05 13:08:00,PRME,,3.065000057220459,3.065000057220459,3.065000057220459,3.065000057220459,796.0
2026-08-05 13:08:00,PROK,,1.6349999904632568,1.6349999904632568,1.6349999904632568,1.6349999904632568,837.0
2026-08-05 13:08:00,PRPL,,9.150099754333496,9.150099754333496,9.150099754333496,9.150099754333496,1115.0
2026-08-05 13:08:00,PRQR,,1.9049999713897705,1.9049999713897705,1.9049999713897705,1.9049999713897705,720.0
2026-08-05 13:08:00,PRVA,,24.43000030517578,24.43000030517578,24.420000076293945,24.43000030517578,2509.0
2026-08-05 13:08:00,PSEC,,2.180000066757202,2.190000057220459,2.180000066757202,2.184999942779541,37558.0
2026-08-05 13:08:00,PSMT,,192.55499267578125,192.55499267578125,192.55499267578125,192.55499267578125,422.0
2026-08-05 13:08:00,PSNL,,13.545000076293945,13.545000076293945,13.545000076293945,13.545000076293945,219.0
2026-08-05 13:08:00,PTCT,,69.09500122070312,69.09500122070312,69.09500122070312,69.09500122070312,337.0
2026-08-05 13:08:00,PTEN,,9.805000305175781,9.8100004196167,9.805000305175781,9.8100004196167,5215.0
2026-08-05 13:08:00,PTLO,,4.650000095367432,4.657599925994873,4.650000095367432,4.657599925994873,816.0
2026-08-05 13:08:00,PTON,,6.514999866485596,6.514999866485596,6.510000228881836,6.510000228881836,9509.0
2026-08-05 13:08:00,PWP,,17.299999237060547,17.299999237060547,17.299999237060547,17.299999237060547,327.0
2026-08-05 13:08:00,PYPL,,58.209999084472656,58.209999084472656,58.20000076293945,58.209999084472656,4034.0
2026-08-05 13:08:00,PYXS,,3.190000057220459,3.190000057220459,3.190000057220459,3.190000057220459,588.0
2026-08-05 13:08:00,PZZA,,30.2549991607666,30.2549991607666,30.2549991607666,30.2549991607666,614.0
2026-08-05 13:08:00,QCOM,,158.0850067138672,158.15499877929688,158.03500366210938,158.14999389648438,5374.0
2026-08-05 13:08:00,QFIN,,13.175000190734863,13.175000190734863,13.175000190734863,13.175000190734863,436.0
2026-08-05 13:08:00,QRVO,,94.76000213623047,94.7699966430664,94.76000213623047,94.7699966430664,875.0
2026-08-05 13:08:00,SEED,,0.996999979019165,0.996999979019165,0.9965000152587891,0.9965000152587891,447.0
2026-08-05 13:08:00,TARA,,4.059999942779541,4.059999942779541,4.059999942779541,4.059999942779541,106.0
2026-08-05 13:09:00,ACDC,,4.420000076293945,4.420000076293945,4.409999847412109,4.420000076293945,6154.0
2026-08-05 13:09:00,BPOP,,177.6199951171875,177.6300048828125,177.6199951171875,177.6199951171875,891.0
2026-08-05 13:09:00,DTIL,,7.56820011138916,7.56820011138916,7.56820011138916,7.56820011138916,310.0
2026-08-05 13:09:00,EYE,,23.184999465942383,23.184999465942383,23.184999465942383,23.184999465942383,1051.0
2026-08-05 13:09:00,GLUE,,15.649999618530273,15.65999984741211,15.649999618530273,15.65999984741211,1916.0
2026-08-05 13:09:00,KIDS,,21.514999389648438,21.514999389648438,21.399999618530273,21.399999618530273,2037.0
2026-08-05 13:09:00,LUNG,,1.9950000047683716,2.0,1.9950000047683716,2.0,6123.0
2026-08-05 13:09:00,MDB,,375.5400085449219,375.70001220703125,375.42999267578125,375.42999267578125,791.0
2026-08-05 13:09:00,MDLZ,,62.349998474121094,62.349998474121094,62.31999969482422,62.31999969482422,14685.0
2026-08-05 13:09:00,MLTX,,17.800199508666992,17.81999969482422,17.760000228881836,17.760000228881836,21038.0
2026-08-05 13:09:00,MNST,,94.56999969482422,94.61000061035156,94.56999969482422,94.58999633789062,5253.0
2026-08-05 13:09:00,MNTK,,1.684999942779541,1.684999942779541,1.684999942779541,1.684999942779541,396.0
2026-08-05 13:09:00,MNTS,,4.255000114440918,4.260000228881836,4.25,4.260000228881836,2498.0
2026-08-05 13:09:00,MORN,,197.22999572753906,197.22999572753906,197.08999633789062,197.08999633789062,1379.0
2026-08-05 13:09:00,MPWR,,1333.56005859375,1335.1600341796875,1333.56005859375,1334.4599609375,598.0
2026-08-05 13:09:00,MRNA,,56.775001525878906,56.79999923706055,56.75,56.77000045776367,4504.0
2026-08-05 13:09:00,MYGN,,3.115000009536743,3.115000009536743,3.115000009536743,3.115000009536743,1320.0
2026-08-05 13:09:00,NAMS,,27.3700008392334,27.420000076293945,27.3700008392334,27.420000076293945,1676.0
2026-08-05 13:09:00,NAUT,,0.9343000054359436,0.9343000054359436,0.9343000054359436,0.9343000054359436,107.0
2026-08-05 13:09:00,NB,,5.065000057220459,5.070000171661377,5.065000057220459,5.070000171661377,861.0
2026-08-05 13:09:00,NBIX,,163.52999877929688,163.52999877929688,163.36000061035156,163.46499633789062,5410.0
2026-08-05 13:09:00,NDAQ,,94.98999786376953,95.01000213623047,94.93499755859375,94.93499755859375,4479.0
2026-08-05 13:09:00,NEO,,16.05500030517578,16.05500030517578,16.040000915527344,16.040000915527344,1040.0
2026-08-05 13:09:00,NEOG,,11.630000114440918,11.654999732971191,11.630000114440918,11.654999732971191,10399.0
2026-08-05 13:09:00,NEOV,,2.819999933242798,2.819999933242798,2.819999933242798,2.819999933242798,1173.0
2026-08-05 13:09:00,NESR,,28.760000228881836,28.760000228881836,28.760000228881836,28.760000228881836,899.0
2026-08-05 13:09:00,NEWT,,15.050000190734863,15.050000190734863,15.010000228881836,15.050000190734863,3039.0
2026-08-05 13:09:00,NEXT,,6.425000190734863,6.429999828338623,6.425000190734863,6.429999828338623,15218.0
2026-08-05 13:09:00,NFLX,,73.26499938964844,73.27989959716797,73.2300033569336,73.24120330810547,28355.0
2026-08-05 13:09:00,NGNE,,35.529998779296875,35.529998779296875,35.529998779296875,35.529998779296875,231.0
2026-08-05 13:09:00,NICE,,97.58000183105469,97.58000183105469,97.44000244140625,97.44000244140625,2231.0
2026-08-05 13:09:00,NIU,,2.444999933242798,2.444999933242798,2.444999933242798,2.444999933242798,316.0
2026-08-05 13:09:00,NKTX,,2.2149999141693115,2.2200000286102295,2.2149999141693115,2.2149999141693115,25548.0
2026-08-05 13:09:00,NMFC,,7.335000038146973,7.340000152587891,7.335000038146973,7.340000152587891,1766.0
2026-08-05 13:09:00,NMRK,,15.609999656677246,15.645000457763672,15.609999656677246,15.635000228881836,6298.0
2026-08-05 13:09:00,NN,,14.069999694824219,14.069999694824219,14.069999694824219,14.069999694824219,1889.0
2026-08-05 13:09:00,NNBR,,3.884999990463257,3.884999990463257,3.880000114440918,3.880000114440918,412.0
2026-08-05 13:09:00,NNDM,,1.5449999570846558,1.5449999570846558,1.5399999618530273,1.5399999618530273,400.0
2026-08-05 13:09:00,NOVT,,156.11000061035156,156.11000061035156,156.11000061035156,156.11000061035156,2156.0
2026-08-05 13:09:00,NRXP,,3.049999952316284,3.049999952316284,3.0450000762939453,3.0450000762939453,6401.0
2026-08-05 13:09:00,NSSC,,40.099998474121094,40.099998474121094,40.099998474121094,40.099998474121094,376.0
2026-08-05 13:09:00,NTAP,,189.3800048828125,189.3800048828125,189.3300018310547,189.3800048828125,1761.0
2026-08-05 13:09:00,NTNX,,60.7599983215332,60.7599983215332,60.709999084472656,60.709999084472656,2821.0
2026-08-05 13:09:00,NTRA,,275.3699951171875,275.3699951171875,275.3699951171875,275.3699951171875,1551.0
2026-08-05 13:09:00,NTRS,,183.77000427246094,183.77000427246094,183.77000427246094,183.77000427246094,117.0
2026-08-05 13:09:00,NUWE,,1.7000000476837158,1.7000000476837158,1.7000000476837158,1.7000000476837158,148.0
2026-08-05 13:09:00,NVAX,,7.625,7.625,7.619999885559082,7.619999885559082,1911.0
2026-08-05 13:09:00,NVCR,,16.030000686645508,16.030000686645508,16.030000686645508,16.030000686645508,1225.0
2026-08-05 13:09:00,NVDA,,220.9600067138672,221.05999755859375,220.8699951171875,220.9600067138672,167510.0
2026-08-05 13:09:00,NVMI,,408.614990234375,408.614990234375,408.614990234375,408.614990234375,247.0
2026-08-05 13:09:00,NVTS,,12.360199928283691,12.375,12.359999656677246,12.369999885559082,12696.0
2026-08-05 13:09:00,NWBI,,15.944999694824219,15.944999694824219,15.944999694824219,15.944999694824219,651.0
2026-08-05 13:09:00,NWL,,6.244999885559082,6.251100063323975,6.239999771118164,6.25,12593.0
2026-08-05 13:09:00,NWS,,32.27000045776367,32.27000045776367,32.27000045776367,32.27000045776367,3025.0
2026-08-05 13:09:00,NWSA,,28.229999542236328,28.235000610351562,28.219999313354492,28.229999542236328,5343.0
2026-08-05 13:09:00,NXPI,,231.5500030517578,231.97000122070312,231.5399932861328,231.9600067138672,3036.0
2026-08-05 13:09:00,NXT,,98.52999877929688,98.6500015258789,98.52999877929688,98.6500015258789,3354.0
2026-08-05 13:09:00,NYXH,,1.4149999618530273,1.4149999618530273,1.4149999618530273,1.4149999618530273,572.0
2026-08-05 13:09:00,OABI,,2.061000108718872,2.061000108718872,2.061000108718872,2.061000108718872,557.0
2026-08-05 13:09:00,OCCI,,2.4600000381469727,2.4700000286102295,2.4600000381469727,2.4700000286102295,2200.0
2026-08-05 13:09:00,OCFC,,19.81999969482422,19.81999969482422,19.809999465942383,19.809999465942383,2170.0
2026-08-05 13:09:00,OCGN,,1.2899999618530273,1.2949999570846558,1.2899999618530273,1.2899999618530273,5419.0
2026-08-05 13:09:00,OCSL,,12.15999984741211,12.164999961853027,12.15999984741211,12.15999984741211,1648.0
2026-08-05 13:09:00,OCUL,,8.545000076293945,8.545000076293945,8.545000076293945,8.545000076293945,771.0
2026-08-05 13:09:00,ODD,,15.34000015258789,15.34000015258789,15.34000015258789,15.34000015258789,907.0
2026-08-05 13:09:00,ODFL,,214.23500061035156,214.23500061035156,214.1999969482422,214.2100067138672,1704.0
2026-08-05 13:09:00,OFIX,,10.5,10.5,10.5,10.5,2324.0
2026-08-05 13:09:00,OGI,,0.9492999911308289,0.9492999911308289,0.9487000107765198,0.9487000107765198,404.0
2026-08-05 13:09:00,OKTA,,148.1300048828125,148.1300048828125,147.9001007080078,148.02000427246094,1815.0
2026-08-05 13:09:00,OKYO,,1.6200000047683716,1.6200000047683716,1.6200000047683716,1.6200000047683716,5122.0
2026-08-05 13:09:00,OLLI,,78.20999908447266,78.20999908447266,78.20999908447266,78.20999908447266,581.0
2026-08-05 13:09:00,OLMA,,11.59000015258789,11.600000381469727,11.59000015258789,11.600000381469727,2109.0
2026-08-05 13:09:00,OMH,,0.11699999868869781,0.11699999868869781,0.11500000208616257,0.11500000208616257,96180.0
2026-08-05 13:09:00,ON,,77.73999786376953,77.83000183105469,77.7300033569336,77.79869842529297,16899.0
2026-08-05 13:09:00,ONB,,27.06220054626465,27.06999969482422,27.05500030517578,27.05500030517578,3697.0
2026-08-05 13:09:00,ONDS,,8.835000038146973,8.84000015258789,8.829999923706055,8.830100059509277,142485.0
2026-08-05 13:09:00,ONFO,,0.07410000264644623,0.07450000196695328,0.07320000231266022,0.07450000196695328,5615.0
2026-08-05 13:09:00,OPCH,,23.434999465942383,23.459999084472656,23.43000030517578,23.440000534057617,3101.0
2026-08-05 13:09:00,OPEN,,3.8350000381469727,3.8399999141693115,3.8299999237060547,3.8399999141693115,16451.0
2026-08-05 13:09:00,ORLY,,93.16999816894531,93.19000244140625,93.15499877929688,93.15899658203125,9278.0
2026-08-05 13:09:00,OSS,,13.824999809265137,13.824999809265137,13.824999809265137,13.824999809265137,1391.0
2026-08-05 13:09:00,OTEX,,25.860000610351562,25.860000610351562,25.825000762939453,25.825000762939453,4043.0
2026-08-05 13:09:00,OTLK,,1.0199999809265137,1.0199999809265137,1.0149999856948853,1.0199999809265137,3193.0
2026-08-05 13:09:00,OVID,,2.6050000190734863,2.609999895095825,2.5999999046325684,2.6050000190734863,28152.0
2026-08-05 13:09:00,PAA,,23.204999923706055,23.209999084472656,23.194000244140625,23.200000762939453,8569.0
2026-08-05 13:09:00,PAAS,,47.95000076293945,47.97999954223633,47.95000076293945,47.970001220703125,5076.0
2026-08-05 13:09:00,PACB,,1.375,1.375,1.3700000047683716,1.375,56919.0
2026-08-05 13:09:00,PAGP,,25.155000686645508,25.15999984741211,25.149999618530273,25.149999618530273,12372.0
2026-08-05 13:09:00,PANW,,364.29998779296875,364.29998779296875,364.0899963378906,364.0899963378906,2546.0
2026-08-05 13:09:00,PAX,,11.425000190734863,11.425000190734863,11.425000190734863,11.425000190734863,502.0
2026-08-05 13:09:00,PAYO,,7.119999885559082,7.125,7.119999885559082,7.125,884.0
2026-08-05 13:09:00,PAYS,,9.130000114440918,9.130000114440918,9.130000114440918,9.130000114440918,1744.0
2026-08-05 13:09:00,PAYX,,117.23999786376953,117.23999786376953,117.16000366210938,117.16000366210938,2592.0
2026-08-05 13:09:00,PBYI,,8.0,8.0,7.980000019073486,7.980000019073486,575.0
2026-08-05 13:09:00,PCAR,,134.13499450683594,134.14500427246094,134.1199951171875,134.125,1462.0
2026-08-05 13:09:00,PCRX,,24.290000915527344,24.321399688720703,24.290000915527344,24.299999237060547,1253.0
2026-08-05 13:09:00,PCT,,6.867099761962891,6.867099761962891,6.867099761962891,6.867099761962891,886.0
2026-08-05 13:09:00,PCTY,,144.60000610351562,144.6199951171875,144.60000610351562,144.60000610351562,1968.0
2026-08-05 13:09:00,PDD,,90.78500366210938,90.78500366210938,90.78500366210938,90.78500366210938,2081.0
2026-08-05 13:09:00,PDLB,,20.450000762939453,20.450000762939453,20.450000762939453,20.450000762939453,560.0
2026-08-05 13:09:00,PEBO,,41.7400016784668,41.7400016784668,41.7400016784668,41.7400016784668,1056.0
2026-08-05 13:09:00,PECO,,41.345001220703125,41.345001220703125,41.345001220703125,41.345001220703125,1177.0
2026-08-05 13:09:00,PEGA,,31.739999771118164,31.739999771118164,31.729999542236328,31.729999542236328,2690.0
2026-08-05 13:09:00,PENN,,19.850000381469727,19.850000381469727,19.850000381469727,19.850000381469727,1171.0
2026-08-05 13:09:00,PEP,,138.71499633789062,138.72000122070312,138.69000244140625,138.69000244140625,5309.0
2026-08-05 13:09:00,PEPG,,1.9450000524520874,1.9450000524520874,1.9450000524520874,1.9450000524520874,3054.0
2026-08-05 13:09:00,PFG,,114.08000183105469,114.0999984741211,114.05500030517578,114.05500030517578,2869.0
2026-08-05 13:09:00,PGC,,46.790000915527344,46.790000915527344,46.779998779296875,46.779998779296875,1363.0
2026-08-05 13:09:00,PGEN,,6.864999771118164,6.880000114440918,6.840000152587891,6.855000019073486,26876.0
2026-08-05 13:09:00,PGNY,,31.729999542236328,31.729999542236328,31.729999542236328,31.729999542236328,458.0
2026-08-05 13:09:00,PGY,,21.56999969482422,21.56999969482422,21.549999237060547,21.549999237060547,3099.0
2026-08-05 13:09:00,PLMR,,134.2100067138672,134.4499969482422,134.0500030517578,134.0500030517578,1049.0
2026-08-05 13:09:00,PLSE,,37.063899993896484,37.063899993896484,37.063899993896484,37.063899993896484,279.0
2026-08-05 13:09:00,PLTK,,3.924999952316284,3.924999952316284,3.924999952316284,3.924999952316284,437.0
2026-08-05 13:09:00,PLUG,,2.0799999237060547,2.0799999237060547,2.069999933242798,2.075000047683716,22690.0
2026-08-05 13:09:00,PNBK,,1.1299999952316284,1.1299999952316284,1.1299999952316284,1.1299999952316284,1172.0
2026-08-05 13:09:00,PNFP,,107.75499725341797,107.75499725341797,107.75499725341797,107.75499725341797,590.0
2026-08-05 13:09:00,PNTG,,39.09000015258789,39.09000015258789,39.09000015258789,39.09000015258789,211.0
2026-08-05 13:09:00,POET,,8.305000305175781,8.305000305175781,8.300399780273438,8.300399780273438,1930.0
2026-08-05 13:09:00,POOL,,206.1300048828125,206.1699981689453,206.1300048828125,206.1300048828125,388.0
2026-08-05 13:09:00,POWI,,61.89440155029297,61.89440155029297,61.89440155029297,61.89440155029297,761.0
2026-08-05 13:09:00,POWL,,211.97999572753906,212.2449951171875,211.97999572753906,212.24000549316406,1221.0
2026-08-05 13:09:00,PPTA,,22.229999542236328,22.239999771118164,22.219999313354492,22.219999313354492,2632.0
2026-08-05 13:09:00,PRAX,,315.2099914550781,315.2099914550781,315.0050048828125,315.0050048828125,846.0
2026-08-05 13:09:00,PRCH,,15.84000015258789,15.84000015258789,15.84000015258789,15.84000015258789,1358.0
2026-08-05 13:09:00,PRCT,,19.239999771118164,19.239999771118164,19.209999084472656,19.229999542236328,1688.0
2026-08-05 13:09:00,PRDO,,32.86000061035156,32.86000061035156,32.86000061035156,32.86000061035156,899.0
2026-08-05 13:09:00,PRIM,,84.93000030517578,85.1500015258789,84.86499786376953,85.1500015258789,3695.0
2026-08-05 13:09:00,PRLD,,4.565000057220459,4.565000057220459,4.565000057220459,4.565000057220459,316.0
2026-08-05 13:09:00,PRME,,3.059999942779541,3.059999942779541,3.059999942779541,3.059999942779541,882.0
2026-08-05 13:09:00,PRQR,,1.9049999713897705,1.9049999713897705,1.9049999713897705,1.9049999713897705,980.0
2026-08-05 13:09:00,PRTA,,8.515000343322754,8.515000343322754,8.515000343322754,8.515000343322754,310.0
2026-08-05 13:09:00,PRVA,,24.399999618530273,24.399999618530273,24.399999618530273,24.399999618530273,669.0
2026-08-05 13:09:00,PSEC,,2.184999942779541,2.190000057220459,2.184999942779541,2.184999942779541,1147.0
2026-08-05 13:09:00,PSNL,,13.539999961853027,13.539999961853027,13.539999961853027,13.539999961853027,323.0
2026-08-05 13:09:00,PTC,,139.4600067138672,139.4600067138672,139.4600067138672,139.4600067138672,1431.0
2026-08-05 13:09:00,PTCT,,69.04000091552734,69.08000183105469,69.04000091552734,69.08000183105469,871.0
2026-08-05 13:09:00,PTEN,,9.805000305175781,9.805000305175781,9.805000305175781,9.805000305175781,2408.0
2026-08-05 13:09:00,PTLO,,4.65500020980835,4.659999847412109,4.65500020980835,4.659999847412109,3272.0
2026-08-05 13:09:00,PTON,,6.510000228881836,6.514999866485596,6.510000228881836,6.514999866485596,11188.0
2026-08-05 13:09:00,PUBM,,13.444999694824219,13.444999694824219,13.444999694824219,13.444999694824219,467.0
2026-08-05 13:09:00,PWP,,17.28499984741211,17.28499984741211,17.28499984741211,17.28499984741211,542.0
2026-08-05 13:09:00,PYPL,,58.224998474121094,58.22999954223633,58.209999084472656,58.209999084472656,6860.0
2026-08-05 13:09:00,PZZA,,30.190000534057617,30.2549991607666,30.190000534057617,30.2549991607666,4446.0
2026-08-05 13:09:00,QCOM,,158.0050048828125,158.10499572753906,158.0,158.0050048828125,4801.0
2026-08-05 13:09:00,QFIN,,13.175000190734863,13.175000190734863,13.175000190734863,13.175000190734863,1812.0
2026-08-05 13:09:00,QRVO,,94.76000213623047,94.76000213623047,94.73500061035156,94.73500061035156,1049.0
2026-08-05 13:09:00,SEED,,1.0,1.0,1.0,1.0,3800.0
2026-08-05 13:09:00,TARA,,4.054999828338623,4.059999942779541,4.054999828338623,4.059999942779541,421.0
2026-08-05 13:10:00,ACDC,,4.414999961853027,4.417500019073486,4.414999961853027,4.417500019073486,2558.0
2026-08-05 13:10:00,BPOP,,177.6199951171875,177.6199951171875,177.6199951171875,177.6199951171875,594.0
2026-08-05 13:10:00,DTIL,,7.539999961853027,7.539999961853027,7.539999961853027,7.539999961853027,1010.0
2026-08-05 13:10:00,GLUE,,15.65999984741211,15.65999984741211,15.65999984741211,15.65999984741211,867.0
2026-08-05 13:10:00,KIDS,,21.360000610351562,21.43000030517578,21.350000381469727,21.420000076293945,2303.0
2026-08-05 13:10:00,MDB,,375.5299987792969,375.70989990234375,375.5299987792969,375.5299987792969,376.0
2026-08-05 13:10:00,MDLZ,,62.3650016784668,62.3650016784668,62.334999084472656,62.345001220703125,16770.0
2026-08-05 13:10:00,MLTX,,17.81999969482422,17.81999969482422,17.81999969482422,17.81999969482422,611.0
2026-08-05 13:10:00,MNST,,94.58000183105469,94.58000183105469,94.55999755859375,94.560302734375,5104.0
2026-08-05 13:10:00,MNTK,,1.684999942779541,1.684999942779541,1.684999942779541,1.684999942779541,262.0
2026-08-05 13:10:00,MNTS,,4.25,4.259900093078613,4.25,4.255000114440918,690.0
2026-08-05 13:10:00,MODD,,2.0601000785827637,2.0601000785827637,2.0601000785827637,2.0601000785827637,332.0
2026-08-05 13:10:00,MOVE,,11.710000038146973,11.710000038146973,11.710000038146973,11.710000038146973,534.0
2026-08-05 13:10:00,MPWR,,1332.6099853515625,1333.780029296875,1331.5400390625,1333.56005859375,853.0
2026-08-05 13:10:00,MRNA,,56.7400016784668,56.75,56.7400016784668,56.75,1822.0
2026-08-05 13:10:00,MYGN,,3.115000009536743,3.115000009536743,3.115000009536743,3.115000009536743,830.0
2026-08-05 13:10:00,NAMS,,27.40999984741211,27.40999984741211,27.40999984741211,27.40999984741211,370.0
2026-08-05 13:10:00,NATR,,20.079999923706055,20.079999923706055,20.079999923706055,20.079999923706055,349.0
2026-08-05 13:10:00,NAUT,,0.9344000220298767,0.934499979019165,0.9340000152587891,0.9340000152587891,413.0
2026-08-05 13:10:00,NAVI,,9.14799976348877,9.14799976348877,9.14799976348877,9.14799976348877,921.0
2026-08-05 13:10:00,NB,,5.054999828338623,5.059999942779541,5.054999828338623,5.059999942779541,52332.0
2026-08-05 13:10:00,NBIX,,163.44749450683594,163.44749450683594,163.44749450683594,163.44749450683594,612.0
2026-08-05 13:10:00,NBTB,,53.40999984741211,53.40999984741211,53.40999984741211,53.40999984741211,231.0
2026-08-05 13:10:00,NDAQ,,94.93000030517578,94.9800033569336,94.93000030517578,94.9800033569336,3037.0
2026-08-05 13:10:00,NDSN,,311.05499267578125,311.05499267578125,310.7900085449219,310.7900085449219,174.0
2026-08-05 13:10:00,NEO,,16.040000915527344,16.05500030517578,16.040000915527344,16.05500030517578,1041.0
2026-08-05 13:10:00,NEOG,,11.630000114440918,11.635000228881836,11.630000114440918,11.635000228881836,6698.0
2026-08-05 13:10:00,NEOV,,2.8350000381469727,2.8550000190734863,2.819999933242798,2.819999933242798,34298.0
2026-08-05 13:10:00,NESR,,28.760000228881836,28.764999389648438,28.760000228881836,28.764999389648438,1825.0
2026-08-05 13:10:00,NEXT,,6.425000190734863,6.425000190734863,6.425000190734863,6.425000190734863,1225.0
2026-08-05 13:10:00,NFE,,0.33660000562667847,0.33660000562667847,0.33660000562667847,0.33660000562667847,400.0
2026-08-05 13:10:00,NFLX,,73.22000122070312,73.27989959716797,73.21499633789062,73.26499938964844,57144.0
2026-08-05 13:10:00,NICE,,97.625,97.625,97.61250305175781,97.625,1161.0
2026-08-05 13:10:00,NKTR,,73.2300033569336,73.2300033569336,73.2300033569336,73.2300033569336,427.0
2026-08-05 13:10:00,NN,,14.079999923706055,14.09000015258789,14.055000305175781,14.069999694824219,7961.0
2026-08-05 13:10:00,NNBR,,3.9000000953674316,3.9000000953674316,3.884999990463257,3.884999990463257,2115.0
2026-08-05 13:10:00,NNDM,,1.5449999570846558,1.5449999570846558,1.5399999618530273,1.5449999570846558,800.0
2026-08-05 13:10:00,NNOX,,1.024999976158142,1.024999976158142,1.0199999809265137,1.0199999809265137,5950.0
2026-08-05 13:10:00,NRDS,,9.154999732971191,9.154999732971191,9.154999732971191,9.154999732971191,513.0
2026-08-05 13:10:00,NRXP,,3.059999942779541,3.059999942779541,3.059999942779541,3.059999942779541,5878.0
2026-08-05 13:10:00,NSSC,,40.12409973144531,40.12409973144531,40.12409973144531,40.12409973144531,1033.0
2026-08-05 13:10:00,NTAP,,189.33999633789062,189.38999938964844,189.3000030517578,189.33999633789062,7995.0
2026-08-05 13:10:00,NTGR,,24.290000915527344,24.290000915527344,24.290000915527344,24.290000915527344,285.0
2026-08-05 13:10:00,NTNX,,60.7400016784668,60.7400016784668,60.7400016784668,60.7400016784668,6600.0
2026-08-05 13:10:00,NTRS,,183.63999938964844,183.77000427246094,183.63999938964844,183.77000427246094,1127.0
2026-08-05 13:10:00,NVAX,,7.614999771118164,7.619999885559082,7.614999771118164,7.614999771118164,1168.0
2026-08-05 13:10:00,NVCR,,16.010000228881836,16.040000915527344,16.0,16.040000915527344,1312.0
2026-08-05 13:10:00,NVDA,,220.96499633789062,221.0,220.8300018310547,220.97999572753906,203604.0
2026-08-05 13:10:00,NVMI,,407.82000732421875,407.82000732421875,407.82000732421875,407.82000732421875,282.0
2026-08-05 13:10:00,NVTS,,12.359999656677246,12.364999771118164,12.350000381469727,12.364999771118164,32775.0
2026-08-05 13:10:00,NVX,,0.40049999952316284,0.40049999952316284,0.40049999952316284,0.40049999952316284,451.0
2026-08-05 13:10:00,NWBI,,15.944999694824219,15.944999694824219,15.944999694824219,15.944999694824219,804.0
2026-08-05 13:10:00,NWL,,6.239999771118164,6.25,6.239999771118164,6.244999885559082,5591.0
2026-08-05 13:10:00,NWS,,32.2400016784668,32.2400016784668,32.2400016784668,32.2400016784668,627.0
2026-08-05 13:10:00,NWSA,,28.204999923706055,28.209999084472656,28.204999923706055,28.209999084472656,1285.0
2026-08-05 13:10:00,NXL,,0.35109999775886536,0.353300005197525,0.35100001096725464,0.353300005197525,1254.0
2026-08-05 13:10:00,NXPI,,231.57000732421875,231.58999633789062,231.44000244140625,231.58999633789062,6753.0
2026-08-05 13:10:00,NXST,,191.58999633789062,191.58999633789062,191.58999633789062,191.58999633789062,893.0
2026-08-05 13:10:00,NXT,,98.43499755859375,98.44000244140625,98.43499755859375,98.44000244140625,984.0
2026-08-05 13:10:00,OCCI,,2.4700000286102295,2.4700000286102295,2.4700000286102295,2.4700000286102295,4025.0
2026-08-05 13:10:00,OCFC,,19.860000610351562,19.860000610351562,19.829999923706055,19.829999923706055,7776.0
2026-08-05 13:10:00,OCSL,,12.15999984741211,12.170000076293945,12.149999618530273,12.149999618530273,17916.0
2026-08-05 13:10:00,OCUL,,8.539999961853027,8.545000076293945,8.539999961853027,8.545000076293945,1600.0
2026-08-05 13:10:00,ODD,,15.329999923706055,15.329999923706055,15.329999923706055,15.329999923706055,539.0
2026-08-05 13:10:00,ODFL,,214.2100067138672,214.27999877929688,214.2100067138672,214.2100067138672,1857.0
2026-08-05 13:10:00,OFIX,,10.574999809265137,10.574999809265137,10.515000343322754,10.515000343322754,1454.0
2026-08-05 13:10:00,OKTA,,148.0749969482422,148.0749969482422,148.0749969482422,148.0749969482422,1280.0
2026-08-05 13:10:00,OKYO,,1.6100000143051147,1.6100000143051147,1.6100000143051147,1.6100000143051147,5530.0
2026-08-05 13:10:00,OLLI,,78.20999908447266,78.23999786376953,78.20999908447266,78.20999908447266,1796.0
2026-08-05 13:10:00,OMCL,,37.369998931884766,37.38999938964844,37.369998931884766,37.38999938964844,4622.0
2026-08-05 13:10:00,OMH,,0.11569999903440475,0.11699999868869781,0.11559999734163284,0.11699999868869781,42066.0
2026-08-05 13:10:00,ON,,77.69000244140625,77.73999786376953,77.66999816894531,77.73999786376953,18552.0
2026-08-05 13:10:00,ONB,,27.065000534057617,27.06999969482422,27.065000534057617,27.065000534057617,4369.0
2026-08-05 13:10:00,ONBPP,,24.81999969482422,24.81999969482422,24.81999969482422,24.81999969482422,200.0
2026-08-05 13:10:00,ONCY,,0.7975000143051147,0.7975000143051147,0.7975000143051147,0.7975000143051147,302.0
2026-08-05 13:10:00,ONDS,,8.84000015258789,8.84000015258789,8.829999923706055,8.835000038146973,162652.0
2026-08-05 13:10:00,ONFO,,0.0746999979019165,0.0746999979019165,0.07410000264644623,0.07410000264644623,5455.0
2026-08-05 13:10:00,OPCH,,23.440000534057617,23.450000762939453,23.440000534057617,23.450000762939453,1966.0
2026-08-05 13:10:00,OPEN,,3.837899923324585,3.8399999141693115,3.8299999237060547,3.8399999141693115,33896.0
2026-08-05 13:10:00,OPHC,,8.55739974975586,8.55739974975586,8.55739974975586,8.55739974975586,402.0
2026-08-05 13:10:00,OPK,,1.3200000524520874,1.3200000524520874,1.3200000524520874,1.3200000524520874,3732.0
2026-08-05 13:10:00,OPRA,,19.850000381469727,19.850000381469727,19.850000381469727,19.850000381469727,155.0
2026-08-05 13:10:00,OPRT,,6.139999866485596,6.159999847412109,6.119900226593018,6.125,25020.0
2026-08-05 13:10:00,ORGO,,2.3450000286102295,2.3450000286102295,2.3399999141693115,2.3399999141693115,1903.0
2026-08-05 13:10:00,ORIC,,13.079999923706055,13.09000015258789,13.079999923706055,13.09000015258789,2057.0
2026-08-05 13:10:00,ORLY,,93.16999816894531,93.18499755859375,93.16999816894531,93.16999816894531,2340.0
2026-08-05 13:10:00,ORMP,,4.420000076293945,4.420000076293945,4.420000076293945,4.420000076293945,5161.0
2026-08-05 13:10:00,OSBC,,25.774999618530273,25.774999618530273,25.770000457763672,25.770000457763672,2231.0
2026-08-05 13:10:00,OSS,,13.800000190734863,13.8100004196167,13.800000190734863,13.8100004196167,820.0
2026-08-05 13:10:00,OSUR,,4.130000114440918,4.130000114440918,4.130000114440918,4.130000114440918,561.0
2026-08-05 13:10:00,OSW,,26.5,26.5,26.5,26.5,1399.0
2026-08-05 13:10:00,OTEX,,25.84000015258789,25.84000015258789,25.84000015258789,25.84000015258789,788.0
2026-08-05 13:10:00,OTLK,,1.0149999856948853,1.0199999809265137,1.01010000705719,1.0199999809265137,2380.0
2026-08-05 13:10:00,OVID,,2.5999999046325684,2.609999895095825,2.5999999046325684,2.609999895095825,41685.0
2026-08-05 13:10:00,OXLC,,9.145000457763672,9.145000457763672,9.145000457763672,9.145000457763672,271.0
2026-08-05 13:10:00,PAA,,23.219999313354492,23.219999313354492,23.204999923706055,23.204999923706055,2636.0
2026-08-05 13:10:00,PAAS,,47.92499923706055,47.939998626708984,47.92499923706055,47.939998626708984,1563.0
2026-08-05 13:10:00,PACB,,1.3700000047683716,1.370300054550171,1.3700000047683716,1.3700000047683716,52860.0
2026-08-05 13:10:00,PAGP,,25.15999984741211,25.15999984741211,25.15999984741211,25.15999984741211,1853.0
2026-08-05 13:10:00,PALI,,2.140000104904175,2.140000104904175,2.140000104904175,2.140000104904175,472.0
2026-08-05 13:10:00,PANW,,364.40899658203125,364.40899658203125,364.0299987792969,364.0299987792969,4107.0
2026-08-05 13:10:00,PAX,,11.425000190734863,11.425000190734863,11.425000190734863,11.425000190734863,966.0
2026-08-05 13:10:00,PAYO,,7.125,7.125,7.119999885559082,7.119999885559082,2672.0
2026-08-05 13:10:00,PAYX,,117.23999786376953,117.23999786376953,117.21499633789062,117.23500061035156,1623.0
2026-08-05 13:10:00,PCAR,,134.14500427246094,134.15499877929688,134.14500427246094,134.15499877929688,1176.0
2026-08-05 13:10:00,PCRX,,24.270000457763672,24.290000915527344,24.270000457763672,24.290000915527344,1645.0
2026-08-05 13:10:00,PCT,,6.855000019073486,6.864999771118164,6.855000019073486,6.864999771118164,4585.0
2026-08-05 13:10:00,PCTY,,144.65499877929688,144.65499877929688,144.52499389648438,144.5500030517578,966.0
2026-08-05 13:10:00,PDD,,90.79000091552734,90.81999969482422,90.79000091552734,90.80000305175781,5690.0
2026-08-05 13:10:00,PECO,,41.349998474121094,41.349998474121094,41.34000015258789,41.34000015258789,1433.0
2026-08-05 13:10:00,PEGA,,31.739999771118164,31.739999771118164,31.739999771118164,31.739999771118164,1017.0
2026-08-05 13:10:00,PENN,,19.850000381469727,19.860000610351562,19.850000381469727,19.850000381469727,3763.0
2026-08-05 13:10:00,PEP,,138.72509765625,138.74000549316406,138.72509765625,138.74000549316406,4989.0
2026-08-05 13:10:00,PFBC,,106.54000091552734,106.54000091552734,106.54000091552734,106.54000091552734,1779.0
2026-08-05 13:10:00,PGEN,,6.849999904632568,6.860000133514404,6.849999904632568,6.855000019073486,10050.0
2026-08-05 13:10:00,PGNY,,31.739999771118164,31.739999771118164,31.739999771118164,31.739999771118164,727.0
2026-08-05 13:10:00,PGY,,21.534299850463867,21.559999465942383,21.534299850463867,21.559999465942383,2328.0
2026-08-05 13:10:00,PHAT,,8.470000267028809,8.470000267028809,8.470000267028809,8.470000267028809,2204.0
2026-08-05 13:10:00,PLTK,,3.922300100326538,3.922300100326538,3.922300100326538,3.922300100326538,771.0
2026-08-05 13:10:00,PLUG,,2.069999933242798,2.0799999237060547,2.069999933242798,2.075000047683716,10408.0
2026-08-05 13:10:00,PLXS,,275.0,275.0,275.0,275.0,505.0
2026-08-05 13:10:00,PNTG,,39.095001220703125,39.095001220703125,39.084999084472656,39.084999084472656,761.0
2026-08-05 13:10:00,POCI,,4.244999885559082,4.244999885559082,4.244999885559082,4.244999885559082,2100.0
2026-08-05 13:10:00,POET,,8.28499984741211,8.295000076293945,8.280400276184082,8.289999961853027,28468.0
2026-08-05 13:10:00,POOL,,206.0500030517578,206.0500030517578,206.0500030517578,206.0500030517578,949.0
2026-08-05 13:10:00,POWI,,61.869998931884766,61.869998931884766,61.86000061035156,61.86000061035156,948.0
2026-08-05 13:10:00,POWL,,211.75010681152344,211.75010681152344,211.75010681152344,211.75010681152344,189.0
2026-08-05 13:10:00,PPC,,26.434999465942383,26.434999465942383,26.434999465942383,26.434999465942383,584.0
2026-08-05 13:10:00,PRCH,,15.829999923706055,15.829999923706055,15.829999923706055,15.829999923706055,653.0
2026-08-05 13:10:00,PRCT,,19.229999542236328,19.229999542236328,19.209999084472656,19.21500015258789,2892.0
2026-08-05 13:10:00,PRGS,,42.029998779296875,42.029998779296875,42.029998779296875,42.029998779296875,699.0
2026-08-05 13:10:00,PRIM,,84.44000244140625,84.73999786376953,84.44000244140625,84.73999786376953,2241.0
2026-08-05 13:10:00,PRME,,3.065000057220459,3.065999984741211,3.059999942779541,3.059999942779541,11226.0
2026-08-05 13:10:00,PRTA,,8.515000343322754,8.515000343322754,8.515000343322754,8.515000343322754,201.0
2026-08-05 13:10:00,PRVA,,24.399999618530273,24.399999618530273,24.399999618530273,24.399999618530273,1444.0
2026-08-05 13:10:00,PRZO,,0.5371999740600586,0.5371999740600586,0.5371999740600586,0.5371999740600586,618.0
2026-08-05 13:10:00,PSEC,,2.190000057220459,2.190000057220459,2.184999942779541,2.184999942779541,803.0
2026-08-05 13:10:00,PSNL,,13.520000457763672,13.529999732971191,13.520000457763672,13.529999732971191,1591.0
2026-08-05 13:10:00,PSNY,,13.819999694824219,13.819999694824219,13.819999694824219,13.819999694824219,323.0
2026-08-05 13:10:00,PTCT,,68.94499969482422,69.06999969482422,68.94499969482422,69.01000213623047,25507.0
2026-08-05 13:10:00,PTEN,,9.795000076293945,9.805000305175781,9.795000076293945,9.805000305175781,12110.0
2026-08-05 13:10:00,PTON,,6.505000114440918,6.505000114440918,6.5,6.505000114440918,8789.0
2026-08-05 13:10:00,PUBM,,13.4350004196167,13.4399995803833,13.4350004196167,13.4399995803833,1703.0
2026-08-05 13:10:00,PWP,,17.280000686645508,17.280000686645508,17.270000457763672,17.270000457763672,1141.0
2026-08-05 13:10:00,PYPL,,58.220001220703125,58.22050094604492,58.220001220703125,58.22050094604492,2634.0
2026-08-05 13:10:00,PZZA,,30.149999618530273,30.19700050354004,30.149999618530273,30.190000534057617,4629.0
2026-08-05 13:10:00,QCOM,,157.7899932861328,157.9600067138672,157.77000427246094,157.9600067138672,11511.0
2026-08-05 13:10:00,QFIN,,13.176400184631348,13.176400184631348,13.175000190734863,13.175000190734863,1636.0
2026-08-05 13:10:00,QRVO,,94.66999816894531,94.75,94.66999816894531,94.7249984741211,2171.0
2026-08-05 13:10:00,SEED,,1.0199999809265137,1.0199999809265137,1.0199999809265137,1.0199999809265137,0.0
2026-08-05 13:10:00,TARA,,4.054999828338623,4.054999828338623,4.054999828338623,4.054999828338623,223.0
2026-08-05 13:11:00,ACDC,,4.40500020980835,4.409999847412109,4.40500020980835,4.409999847412109,3930.0
2026-08-05 13:11:00,BPOP,,177.66000366210938,177.66000366210938,177.64999389648438,177.64999389648438,2077.0
2026-08-05 13:11:00,EYE,,23.190000534057617,23.19499969482422,23.190000534057617,23.19499969482422,2448.0
2026-08-05 13:11:00,FIZZ,,32.15999984741211,32.15999984741211,32.130001068115234,32.130001068115234,1347.0
2026-08-05 13:11:00,FRST,,16.389999389648438,16.389999389648438,16.389999389648438,16.389999389648438,499.0
2026-08-05 13:11:00,GLUE,,15.640000343322754,15.640000343322754,15.640000343322754,15.640000343322754,925.0
2026-08-05 13:11:00,MDB,,375.8900146484375,375.8900146484375,375.4599914550781,375.7099914550781,1678.0
2026-08-05 13:11:00,MDLZ,,62.30500030517578,62.380001068115234,62.29999923706055,62.380001068115234,16943.0
2026-08-05 13:11:00,MLTX,,17.799999237060547,17.799999237060547,17.799999237060547,17.799999237060547,415.0
2026-08-05 13:11:00,MNRO,,13.229999542236328,13.229999542236328,13.229999542236328,13.229999542236328,3628.0
2026-08-05 13:11:00,MNST,,94.56999969482422,94.58000183105469,94.55999755859375,94.58000183105469,5212.0
2026-08-05 13:11:00,MNTS,,4.25,4.25,4.25,4.25,6717.0
2026-08-05 13:11:00,MPWR,,1333.31005859375,1333.93994140625,1330.449951171875,1330.449951171875,795.0
2026-08-05 13:11:00,MRNA,,56.7400016784668,56.7599983215332,56.709999084472656,56.720001220703125,3115.0
2026-08-05 13:11:00,MYGN,,3.1050000190734863,3.109999895095825,3.1050000190734863,3.109999895095825,3610.0
2026-08-05 13:11:00,MYRG,,339.2099914550781,339.3800048828125,339.2099914550781,339.3800048828125,703.0
2026-08-05 13:11:00,NAMS,,27.309999465942383,27.3799991607666,27.309999465942383,27.3700008392334,3172.0
2026-08-05 13:11:00,NAUT,,0.9330999851226807,0.9330999851226807,0.9330999851226807,0.9330999851226807,737.0
2026-08-05 13:11:00,NAVI,,9.145000457763672,9.145000457763672,9.145000457763672,9.145000457763672,1060.0
2026-08-05 13:11:00,NB,,5.070000171661377,5.070000171661377,5.054999828338623,5.054999828338623,5612.0
2026-08-05 13:11:00,NBIX,,163.4499969482422,163.4499969482422,163.44000244140625,163.44000244140625,1171.0
2026-08-05 13:11:00,NBTB,,53.404998779296875,53.404998779296875,53.404998779296875,53.404998779296875,189.0
2026-08-05 13:11:00,NCMI,,4.125,4.125,4.125,4.125,918.0
2026-08-05 13:11:00,NDAQ,,94.91500091552734,94.95449829101562,94.91500091552734,94.95449829101562,1793.0
2026-08-05 13:11:00,NDSN,,311.05999755859375,311.05999755859375,311.05499267578125,311.05499267578125,343.0
2026-08-05 13:11:00,NEGG,,16.670000076293945,16.729999542236328,16.670000076293945,16.729999542236328,479.0
2026-08-05 13:11:00,NEO,,16.040000915527344,16.040000915527344,16.030000686645508,16.030000686645508,4298.0
2026-08-05 13:11:00,NEOG,,11.630000114440918,11.640000343322754,11.630000114440918,11.635000228881836,5138.0
2026-08-05 13:11:00,NEON,,0.9362999796867371,0.9362999796867371,0.9362999796867371,0.9362999796867371,0.0
2026-08-05 13:11:00,NEOV,,2.8499999046325684,2.8499999046325684,2.8350000381469727,2.8350000381469727,5966.0
2026-08-05 13:11:00,NESR,,28.700000762939453,28.700000762939453,28.700000762939453,28.700000762939453,1367.0
2026-08-05 13:11:00,NEWT,,14.989999771118164,14.989999771118164,14.989999771118164,14.989999771118164,158.0
2026-08-05 13:11:00,NEXT,,6.414999961853027,6.425000190734863,6.414999961853027,6.425000190734863,2455.0
2026-08-05 13:11:00,NFE,,0.33660000562667847,0.33660000562667847,0.33660000562667847,0.33660000562667847,3650.0
2026-08-05 13:11:00,NFLX,,73.21499633789062,73.2300033569336,73.20500183105469,73.21499633789062,43298.0
2026-08-05 13:11:00,NGNE,,35.439998626708984,35.439998626708984,35.439998626708984,35.439998626708984,200.0
2026-08-05 13:11:00,NKTR,,73.18000030517578,73.20999908447266,73.18000030517578,73.20999908447266,1660.0
2026-08-05 13:11:00,NKTX,,2.2100000381469727,2.2100000381469727,2.2100000381469727,2.2100000381469727,275.0
2026-08-05 13:11:00,NMFC,,7.324999809265137,7.329999923706055,7.324999809265137,7.329999923706055,2555.0
2026-08-05 13:11:00,NMIH,,44.470001220703125,44.470001220703125,44.470001220703125,44.470001220703125,1249.0
2026-08-05 13:11:00,NMRK,,15.619999885559082,15.619999885559082,15.609999656677246,15.609999656677246,1765.0
2026-08-05 13:11:00,NN,,14.069999694824219,14.079999923706055,14.069999694824219,14.079999923706055,1512.0
2026-08-05 13:11:00,NNBR,,3.9000000953674316,3.9000000953674316,3.890000104904175,3.890000104904175,548.0
2026-08-05 13:11:00,NNDM,,1.534999966621399,1.5449999570846558,1.534999966621399,1.5449999570846558,19107.0
2026-08-05 13:11:00,NOVT,,155.92999267578125,155.9499969482422,155.92999267578125,155.9499969482422,378.0
2026-08-05 13:11:00,NRC,,19.6299991607666,19.6299991607666,19.6299991607666,19.6299991607666,214.0
2026-08-05 13:11:00,NRIX,,25.0,25.03499984741211,24.989999771118164,25.010000228881836,5266.0
2026-08-05 13:11:00,NRXP,,3.055000066757202,3.055000066757202,3.055000066757202,3.055000066757202,1949.0
2026-08-05 13:11:00,NTAP,,189.56500244140625,189.56500244140625,189.33999633789062,189.3800048828125,18641.0
2026-08-05 13:11:00,NTCT,,41.630001068115234,41.630001068115234,41.630001068115234,41.630001068115234,2439.0
2026-08-05 13:11:00,NTES,,127.5999984741211,127.65499877929688,127.5999984741211,127.5999984741211,1924.0
2026-08-05 13:11:00,NTGR,,24.260000228881836,24.260000228881836,24.260000228881836,24.260000228881836,1327.0
2026-08-05 13:11:00,NTNX,,60.76499938964844,60.76499938964844,60.7400016784668,60.7400016784668,5499.0
2026-08-05 13:11:00,NTRS,,183.7100067138672,183.7100067138672,183.7100067138672,183.7100067138672,427.0
2026-08-05 13:11:00,NUWE,,1.7100000381469727,1.7100000381469727,1.7100000381469727,1.7100000381469727,1267.0
2026-08-05 13:11:00,NVAX,,7.619900226593018,7.619900226593018,7.611000061035156,7.614999771118164,3215.0
2026-08-05 13:11:00,NVCR,,16.020000457763672,16.020000457763672,16.020000457763672,16.020000457763672,1019.0
2026-08-05 13:11:00,NVCT,,20.104999542236328,20.1299991607666,20.100000381469727,20.1299991607666,1343.0
2026-08-05 13:11:00,NVDA,,221.32000732421875,221.3300018310547,220.88999938964844,220.89450073242188,231648.0
2026-08-05 13:11:00,NVMI,,407.2799987792969,407.2799987792969,407.2799987792969,407.2799987792969,585.0
2026-08-05 13:11:00,NVTS,,12.399999618530273,12.399999618530273,12.354999542236328,12.354999542236328,13851.0
2026-08-05 13:11:00,NWBI,,15.9399995803833,15.9399995803833,15.9399995803833,15.9399995803833,288.0
2026-08-05 13:11:00,NWL,,6.244999885559082,6.244999885559082,6.239999771118164,6.244999885559082,4527.0
2026-08-05 13:11:00,NWS,,32.25,32.25,32.25,32.25,956.0
2026-08-05 13:11:00,NWSA,,28.204999923706055,28.204999923706055,28.200000762939453,28.204999923706055,3949.0
2026-08-05 13:11:00,NXPI,,231.86500549316406,231.96449279785156,231.5050048828125,231.5050048828125,5325.0
2026-08-05 13:11:00,NXST,,191.4550018310547,191.4550018310547,191.4550018310547,191.4550018310547,959.0
2026-08-05 13:11:00,NXT,,98.55000305175781,98.55000305175781,98.36000061035156,98.36000061035156,4806.0
2026-08-05 13:11:00,OCCI,,2.4600000381469727,2.4600000381469727,2.4600000381469727,2.4600000381469727,600.0
2026-08-05 13:11:00,OCFC,,19.844999313354492,19.850000381469727,19.844999313354492,19.850000381469727,1085.0
2026-08-05 13:11:00,OCS,,12.0,12.010000228881836,11.954999923706055,12.0,2964.0
2026-08-05 13:11:00,OCSL,,12.15999984741211,12.15999984741211,12.154999732971191,12.154999732971191,707.0
2026-08-05 13:11:00,OCUL,,8.53499984741211,8.53499984741211,8.531000137329102,8.531000137329102,564.0
2026-08-05 13:11:00,ODFL,,214.2386016845703,214.2386016845703,214.2386016845703,214.2386016845703,1017.0
2026-08-05 13:11:00,OFIX,,10.574999809265137,10.574999809265137,10.574999809265137,10.574999809265137,179.0
2026-08-05 13:11:00,OFS,,3.4700000286102295,3.4700000286102295,3.4700000286102295,3.4700000286102295,0.0
2026-08-05 13:11:00,OKTA,,148.17999267578125,148.17999267578125,148.05999755859375,148.10000610351562,3062.0
2026-08-05 13:11:00,OKYO,,1.6150000095367432,1.6150000095367432,1.6150000095367432,1.6150000095367432,1715.0
2026-08-05 13:11:00,OLLI,,78.19999694824219,78.19999694824219,78.19999694824219,78.19999694824219,1363.0
2026-08-05 13:11:00,OMCL,,37.38999938964844,37.38999938964844,37.38999938964844,37.38999938964844,3175.0
2026-08-05 13:11:00,OMER,,12.869999885559082,12.880000114440918,12.869999885559082,12.880000114440918,928.0
2026-08-05 13:11:00,OMH,,0.1160999983549118,0.11699999868869781,0.11400000005960464,0.1168999969959259,45405.0
2026-08-05 13:11:00,ON,,77.80999755859375,77.81500244140625,77.6449966430664,77.68000030517578,22579.0
2026-08-05 13:11:00,ONB,,27.059999465942383,27.06100082397461,27.059999465942383,27.06100082397461,2594.0
2026-08-05 13:11:00,ONBPP,,24.81999969482422,24.81999969482422,24.81999969482422,24.81999969482422,300.0
2026-08-05 13:11:00,ONDS,,8.845000267028809,8.850000381469727,8.8100004196167,8.835000038146973,504205.0
2026-08-05 13:11:00,ONFO,,0.0746999979019165,0.0746999979019165,0.0746999979019165,0.0746999979019165,27769.0
2026-08-05 13:11:00,OPCH,,23.450000762939453,23.459999084472656,23.43000030517578,23.440000534057617,3267.0
2026-08-05 13:11:00,OPEN,,3.8350000381469727,3.8399999141693115,3.8299999237060547,3.8350000381469727,138503.0
2026-08-05 13:11:00,OPHC,,8.569999694824219,8.569999694824219,8.465399742126465,8.520000457763672,7581.0
2026-08-05 13:11:00,OPK,,1.315000057220459,1.3250000476837158,1.315000057220459,1.3208999633789062,28296.0
2026-08-05 13:11:00,OPRA,,19.8799991607666,19.8799991607666,19.8799991607666,19.8799991607666,475.0
2026-08-05 13:11:00,OPXS,,11.850000381469727,11.850000381469727,11.600000381469727,11.600000381469727,1251.0
2026-08-05 13:11:00,ORGO,,2.3450000286102295,2.3450000286102295,2.3399999141693115,2.3399999141693115,744.0
2026-08-05 13:11:00,ORIC,,13.069999694824219,13.069999694824219,13.0649995803833,13.0649995803833,1383.0
2026-08-05 13:11:00,ORLY,,93.12999725341797,93.19000244140625,93.125,93.18000030517578,11406.0
2026-08-05 13:11:00,OSS,,13.850000381469727,13.850000381469727,13.789999961853027,13.800000190734863,3992.0
2026-08-05 13:11:00,OSUR,,4.130000114440918,4.130000114440918,4.130000114440918,4.130000114440918,166.0
2026-08-05 13:11:00,OTEX,,25.834999084472656,25.84000015258789,25.834999084472656,25.834999084472656,1560.0
2026-08-05 13:11:00,OTLK,,1.0199999809265137,1.0199999809265137,1.0199999809265137,1.0199999809265137,1273.0
2026-08-05 13:11:00,PAA,,23.21500015258789,23.219999313354492,23.21500015258789,23.219999313354492,977.0
2026-08-05 13:11:00,PAAS,,47.97999954223633,47.97999954223633,47.88999938964844,47.97999954223633,2983.0
2026-08-05 13:11:00,PACB,,1.375,1.3789000511169434,1.3700000047683716,1.3789000511169434,1090.0
2026-08-05 13:11:00,PAGP,,25.170000076293945,25.170000076293945,25.170000076293945,25.170000076293945,1674.0
2026-08-05 13:11:00,PALI,,2.140000104904175,2.140000104904175,2.13070011138916,2.134999990463257,5918.0
2026-08-05 13:11:00,PANW,,364.625,364.6300048828125,364.3699951171875,364.3699951171875,3731.0
2026-08-05 13:11:00,PATK,,87.91000366210938,87.91000366210938,87.91000366210938,87.91000366210938,697.0
2026-08-05 13:11:00,PAX,,11.430000305175781,11.430000305175781,11.414999961853027,11.414999961853027,13352.0
2026-08-05 13:11:00,PAYO,,7.130000114440918,7.130000114440918,7.119999885559082,7.119999885559082,1381.0
2026-08-05 13:11:00,PAYX,,117.24500274658203,117.2699966430664,117.24500274658203,117.2699966430664,1377.0
2026-08-05 13:11:00,PBYI,,7.989999771118164,7.989999771118164,7.989999771118164,7.989999771118164,1524.0
2026-08-05 13:11:00,PCAR,,134.08999633789062,134.1199951171875,134.05999755859375,134.1199951171875,3204.0
2026-08-05 13:11:00,PCT,,6.849999904632568,6.849999904632568,6.849999904632568,6.849999904632568,581.0
2026-08-05 13:11:00,PCTY,,144.66000366210938,144.66000366210938,144.66000366210938,144.66000366210938,360.0
2026-08-05 13:11:00,PDD,,90.79000091552734,90.83000183105469,90.79000091552734,90.80500030517578,13931.0
2026-08-05 13:11:00,PDEX,,67.81999969482422,67.81999969482422,67.81999969482422,67.81999969482422,707.0
2026-08-05 13:11:00,PDFS,,49.900001525878906,49.900001525878906,49.900001525878906,49.900001525878906,302.0
2026-08-05 13:11:00,PECO,,41.33000183105469,41.33000183105469,41.31999969482422,41.31999969482422,739.0
2026-08-05 13:11:00,PEGA,,31.75,31.760000228881836,31.739999771118164,31.75,5011.0
2026-08-05 13:11:00,PENN,,19.8700008392334,19.8700008392334,19.860000610351562,19.860000610351562,2290.0
2026-08-05 13:11:00,PEP,,138.61500549316406,138.74000549316406,138.60000610351562,138.73500061035156,5558.0
2026-08-05 13:11:00,PERI,,9.539999961853027,9.539999961853027,9.539999961853027,9.539999961853027,480.0
2026-08-05 13:11:00,PESI,,17.795000076293945,17.795000076293945,17.795000076293945,17.795000076293945,1250.0
2026-08-05 13:11:00,PFG,,114.00749969482422,114.05999755859375,114.00749969482422,114.05999755859375,1362.0
2026-08-05 13:11:00,PFIS,,71.98999786376953,71.98999786376953,71.98999786376953,71.98999786376953,1056.0
2026-08-05 13:11:00,PGEN,,6.855000019073486,6.855000019073486,6.849999904632568,6.855000019073486,4553.0
2026-08-05 13:11:00,PGY,,21.549999237060547,21.549999237060547,21.530000686645508,21.530000686645508,5667.0
2026-08-05 13:11:00,PLAB,,31.959999084472656,31.959999084472656,31.959999084472656,31.959999084472656,1121.0
2026-08-05 13:11:00,PLBY,,1.1399999856948853,1.1399999856948853,1.1399999856948853,1.1399999856948853,8660.0
2026-08-05 13:11:00,PLMR,,134.4550018310547,134.4550018310547,134.4550018310547,134.4550018310547,428.0
2026-08-05 13:11:00,PLPC,,462.82000732421875,462.82000732421875,460.95001220703125,460.95001220703125,497.0
2026-08-05 13:11:00,PLRX,,1.059999942779541,1.059999942779541,1.059999942779541,1.059999942779541,5164.0
2026-08-05 13:11:00,PLSE,,37.08000183105469,37.08000183105469,37.08000183105469,37.08000183105469,345.0
2026-08-05 13:11:00,PLUG,,2.079900026321411,2.079900026321411,2.069999933242798,2.075000047683716,22613.0
2026-08-05 13:11:00,PLXS,,275.010009765625,275.0299987792969,275.010009765625,275.0299987792969,909.0
2026-08-05 13:11:00,PNFP,,107.75,107.75,107.75,107.75,842.0
2026-08-05 13:11:00,PNRG,,183.33999633789062,183.33999633789062,183.33999633789062,183.33999633789062,876.0
2026-08-05 13:11:00,POCI,,4.260000228881836,4.260000228881836,4.254000186920166,4.254000186920166,277.0
2026-08-05 13:11:00,POET,,8.300000190734863,8.300000190734863,8.279999732971191,8.279999732971191,15995.0
2026-08-05 13:11:00,POOL,,206.30499267578125,206.30499267578125,206.30499267578125,206.30499267578125,300.0
2026-08-05 13:11:00,POWI,,61.84000015258789,61.84000015258789,61.84000015258789,61.84000015258789,1111.0
2026-08-05 13:11:00,POWL,,211.7550048828125,211.8000030517578,211.74000549316406,211.77499389648438,2265.0
2026-08-05 13:11:00,PPC,,26.43000030517578,26.43000030517578,26.43000030517578,26.43000030517578,967.0
2026-08-05 13:11:00,PPTA,,22.209999084472656,22.209999084472656,22.184999465942383,22.184999465942383,1544.0
2026-08-05 13:11:00,PRAX,,315.2900085449219,315.2900085449219,315.2900085449219,315.2900085449219,291.0
2026-08-05 13:11:00,PRCH,,15.829999923706055,15.829999923706055,15.829999923706055,15.829999923706055,434.0
2026-08-05 13:11:00,PRCT,,19.235000610351562,19.235000610351562,19.209999084472656,19.209999084472656,4277.0
2026-08-05 13:11:00,PRGS,,42.099998474121094,42.099998474121094,42.099998474121094,42.099998474121094,980.0
2026-08-05 13:11:00,PRIM,,84.45999908447266,84.625,84.44000244140625,84.44000244140625,2087.0
2026-08-05 13:11:00,PRME,,3.065000057220459,3.065000057220459,3.055000066757202,3.059999942779541,8644.0
2026-08-05 13:11:00,PROK,,1.6349999904632568,1.6349999904632568,1.6299999952316284,1.6299999952316284,7868.0
2026-08-05 13:11:00,PROV,,18.100000381469727,18.100000381469727,18.100000381469727,18.100000381469727,446.0
2026-08-05 13:11:00,PSEC,,2.180000066757202,2.190000057220459,2.180000066757202,2.184999942779541,1818.0
2026-08-05 13:11:00,PSMT,,192.72999572753906,192.72999572753906,192.55499267578125,192.55499267578125,2567.0
2026-08-05 13:11:00,PSNL,,13.510000228881836,13.510000228881836,13.510000228881836,13.510000228881836,313.0
2026-08-05 13:11:00,PTC,,139.5050048828125,139.52000427246094,139.5050048828125,139.51499938964844,1011.0
2026-08-05 13:11:00,PTCT,,69.00499725341797,69.05999755859375,68.9800033569336,69.01000213623047,4569.0
2026-08-05 13:11:00,PTEN,,9.79889965057373,9.79889965057373,9.78499984741211,9.795000076293945,141674.0
2026-08-05 13:11:00,PTLO,,4.650100231170654,4.650100231170654,4.650100231170654,4.650100231170654,2369.0
2026-08-05 13:11:00,PTON,,6.505000114440918,6.505099773406982,6.5,6.5,2759.0
2026-08-05 13:11:00,PWP,,17.299999237060547,17.30500030517578,17.260000228881836,17.280000686645508,2966.0
2026-08-05 13:11:00,PYPD,,4.519999980926514,4.520100116729736,4.519999980926514,4.520100116729736,403.0
2026-08-05 13:11:00,PYPL,,58.220001220703125,58.22999954223633,58.220001220703125,58.22999954223633,9141.0
2026-08-05 13:11:00,PZZA,,30.139999389648438,30.15999984741211,30.1200008392334,30.149999618530273,8674.0
2026-08-05 13:11:00,QCOM,,157.94000244140625,157.94000244140625,157.7100067138672,157.75,11775.0
2026-08-05 13:11:00,QRVO,,94.73999786376953,94.73999786376953,94.63500213623047,94.66000366210938,2532.0
2026-08-05 13:11:00,SEED,,1.0099999904632568,1.0099999904632568,1.0099999904632568,1.0099999904632568,508.0
2026-08-05 13:11:00,TARA,,4.054999828338623,4.054999828338623,4.054999828338623,4.054999828338623,140.0
2026-08-05 13:12:00,ACDC,,4.40500020980835,4.40500020980835,4.400000095367432,4.400000095367432,1109.0
2026-08-05 13:12:00,BPOP,,177.7899932861328,177.7899932861328,177.6699981689453,177.6699981689453,3653.0
2026-08-05 13:12:00,CNXN,,85.05999755859375,85.05999755859375,85.05500030517578,85.05500030517578,1037.0
2026-08-05 13:12:00,FIZZ,,32.130001068115234,32.15999984741211,32.099998474121094,32.15999984741211,6449.0
2026-08-05 13:12:00,GLUE,,15.630000114440918,15.640000343322754,15.630000114440918,15.640000343322754,772.0
2026-08-05 13:12:00,LUNG,,1.9950000047683716,1.9950000047683716,1.9950000047683716,1.9950000047683716,1355.0
2026-08-05 13:12:00,MBRX,,0.40950000286102295,0.40950000286102295,0.40950000286102295,0.40950000286102295,400.0
2026-08-05 13:12:00,MDB,,375.82501220703125,376.1199951171875,375.82501220703125,375.989990234375,1853.0
2026-08-05 13:12:00,MDLZ,,62.27000045776367,62.32500076293945,62.2599983215332,62.30500030517578,18640.0
2026-08-05 13:12:00,MLTX,,17.774999618530273,17.780000686645508,17.774999618530273,17.780000686645508,1562.0
2026-08-05 13:12:00,MNPR,,118.54000091552734,118.54000091552734,118.54000091552734,118.54000091552734,506.0
2026-08-05 13:12:00,MNST,,94.55999755859375,94.56999969482422,94.55999755859375,94.56999969482422,1509.0
2026-08-05 13:12:00,MNTS,,4.25,4.255000114440918,4.25,4.255000114440918,3393.0
2026-08-05 13:12:00,MOVE,,11.979999542236328,11.979999542236328,11.979999542236328,11.979999542236328,239.0
2026-08-05 13:12:00,MPWR,,1333.510009765625,1334.6199951171875,1333.260009765625,1333.47998046875,840.0
2026-08-05 13:12:00,MRNA,,56.70000076293945,56.769901275634766,56.689998626708984,56.769901275634766,9032.0
2026-08-05 13:12:00,MYGN,,3.1050000190734863,3.1050000190734863,3.1050000190734863,3.1050000190734863,295.0
2026-08-05 13:12:00,MYRG,,339.75,339.75,339.75,339.75,425.0
2026-08-05 13:12:00,NAMS,,27.334999084472656,27.334999084472656,27.334999084472656,27.334999084472656,388.0
2026-08-05 13:12:00,NB,,5.070099830627441,5.074999809265137,5.070099830627441,5.074999809265137,1056.0
2026-08-05 13:12:00,NBIX,,163.33999633789062,163.33999633789062,163.33999633789062,163.33999633789062,310.0
2026-08-05 13:12:00,NBTB,,53.439998626708984,53.439998626708984,53.400001525878906,53.400001525878906,1593.0
2026-08-05 13:12:00,NDAQ,,94.91999816894531,94.93000030517578,94.91999816894531,94.93000030517578,731.0
2026-08-05 13:12:00,NDSN,,310.8900146484375,310.8900146484375,310.8900146484375,310.8900146484375,115.0
2026-08-05 13:12:00,NEO,,16.040000915527344,16.040000915527344,16.030000686645508,16.030000686645508,1913.0
2026-08-05 13:12:00,NEOV,,2.8499999046325684,2.85260009765625,2.8399999141693115,2.8399999141693115,12564.0
2026-08-05 13:12:00,NEWT,,15.045000076293945,15.045000076293945,14.989999771118164,15.005000114440918,3459.0
2026-08-05 13:12:00,NEXT,,6.414999961853027,6.414999961853027,6.409999847412109,6.414999961853027,2077.0
2026-08-05 13:12:00,NFE,,0.33660000562667847,0.33660000562667847,0.33660000562667847,0.33660000562667847,0.0
2026-08-05 13:12:00,NFLX,,73.24500274658203,73.29499816894531,73.20999908447266,73.21499633789062,86055.0
2026-08-05 13:12:00,NGNE,,35.439998626708984,35.439998626708984,35.435001373291016,35.435001373291016,212.0
2026-08-05 13:12:00,NIU,,2.444999933242798,2.444999933242798,2.444999933242798,2.444999933242798,252.0
2026-08-05 13:12:00,NKTX,,2.2049999237060547,2.2149999141693115,2.2049999237060547,2.2149999141693115,2267.0
2026-08-05 13:12:00,NMFC,,7.324999809265137,7.324999809265137,7.324999809265137,7.324999809265137,463.0
2026-08-05 13:12:00,NMRK,,15.630000114440918,15.630000114440918,15.630000114440918,15.630000114440918,2022.0
2026-08-05 13:12:00,NN,,14.100000381469727,14.130000114440918,14.069999694824219,14.069999694824219,18856.0
2026-08-05 13:12:00,NNBR,,3.9000000953674316,3.9000000953674316,3.9000000953674316,3.9000000953674316,344.0
2026-08-05 13:12:00,NNDM,,1.534999966621399,1.534999966621399,1.534999966621399,1.534999966621399,1981.0
2026-08-05 13:12:00,NNOX,,1.0199999809265137,1.0199999809265137,1.0199999809265137,1.0199999809265137,234.0
2026-08-05 13:12:00,NOVT,,155.9949951171875,155.9949951171875,155.9949951171875,155.9949951171875,461.0
2026-08-05 13:12:00,NRDS,,9.154999732971191,9.154999732971191,9.154999732971191,9.154999732971191,467.0
2026-08-05 13:12:00,NRIM,,27.010000228881836,27.010000228881836,26.969999313354492,26.969999313354492,1834.0
2026-08-05 13:12:00,NRIX,,25.020000457763672,25.020000457763672,24.979999542236328,25.0,3003.0
2026-08-05 13:12:00,NSSC,,40.25,40.25,40.130001068115234,40.130001068115234,1975.0
2026-08-05 13:12:00,NTAP,,189.73500061035156,189.73500061035156,189.56500244140625,189.58749389648438,3937.0
2026-08-05 13:12:00,NTES,,127.65499877929688,127.65499877929688,127.65499877929688,127.65499877929688,273.0
2026-08-05 13:12:00,NTNX,,60.78499984741211,60.790000915527344,60.77000045776367,60.77000045776367,4112.0
2026-08-05 13:12:00,NTRA,,275.1099853515625,275.1099853515625,274.989990234375,274.989990234375,4386.0
2026-08-05 13:12:00,NTRS,,183.72000122070312,183.77999877929688,183.72000122070312,183.75999450683594,2049.0
2026-08-05 13:12:00,NVAX,,7.610000133514404,7.619900226593018,7.610000133514404,7.614999771118164,2235.0
2026-08-05 13:12:00,NVCR,,16.020000457763672,16.020000457763672,16.020000457763672,16.020000457763672,851.0
2026-08-05 13:12:00,NVCT,,20.219999313354492,20.219999313354492,20.1299991607666,20.1299991607666,820.0
2026-08-05 13:12:00,NVDA,,221.4149932861328,221.4499053955078,221.29049682617188,221.31500244140625,169050.0
2026-08-05 13:12:00,NVMI,,408.1700134277344,408.1700134277344,408.1700134277344,408.1700134277344,502.0
2026-08-05 13:12:00,NVTS,,12.4350004196167,12.4350004196167,12.399999618530273,12.40999984741211,13499.0
2026-08-05 13:12:00,NWBI,,15.960000038146973,15.960000038146973,15.949999809265137,15.949999809265137,3718.0
2026-08-05 13:12:00,NWGL,,0.26499998569488525,0.26499998569488525,0.26499998569488525,0.26499998569488525,1489.0
2026-08-05 13:12:00,NWL,,6.239999771118164,6.244999885559082,6.239999771118164,6.244999885559082,5050.0
2026-08-05 13:12:00,NWPX,,127.3499984741211,127.3499984741211,127.3499984741211,127.3499984741211,415.0
2026-08-05 13:12:00,NWS,,32.27000045776367,32.27000045776367,32.2599983215332,32.2599983215332,2225.0
2026-08-05 13:12:00,NWSA,,28.225000381469727,28.225000381469727,28.209999084472656,28.209999084472656,3664.0
2026-08-05 13:12:00,NXPI,,231.8350067138672,231.88999938964844,231.6999969482422,231.86500549316406,3615.0
2026-08-05 13:12:00,NXT,,98.55500030517578,98.6500015258789,98.5,98.6500015258789,2827.0
2026-08-05 13:12:00,OCCI,,2.4800000190734863,2.4800000190734863,2.4690001010894775,2.4690001010894775,30.0
2026-08-05 13:12:00,OCFC,,19.844999313354492,19.850000381469727,19.84000015258789,19.84000015258789,2601.0
2026-08-05 13:12:00,OCGN,,1.2999999523162842,1.2999999523162842,1.2949999570846558,1.2999999523162842,1390.0
2026-08-05 13:12:00,OCSL,,12.130000114440918,12.150899887084961,12.130000114440918,12.150899887084961,3466.0
2026-08-05 13:12:00,OCUL,,8.529999732971191,8.53499984741211,8.529999732971191,8.53499984741211,3857.0
2026-08-05 13:12:00,ODD,,15.347999572753906,15.347999572753906,15.335000038146973,15.335000038146973,447.0
2026-08-05 13:12:00,ODFL,,214.05999755859375,214.11000061035156,214.05999755859375,214.09500122070312,989.0
2026-08-05 13:12:00,OFIX,,10.574999809265137,10.574999809265137,10.574999809265137,10.574999809265137,1032.0
2026-08-05 13:12:00,OLMA,,11.539999961853027,11.569999694824219,11.539999961853027,11.569999694824219,2742.0
2026-08-05 13:12:00,OMCL,,37.3650016784668,37.369998931884766,37.33000183105469,37.36000061035156,10108.0
2026-08-05 13:12:00,OMER,,12.859999656677246,12.859999656677246,12.859999656677246,12.859999656677246,1381.0
2026-08-05 13:12:00,OMH,,0.11540000140666962,0.1160999983549118,0.11420000344514847,0.1160999983549118,24752.0
2026-08-05 13:12:00,ON,,77.83000183105469,77.83999633789062,77.75499725341797,77.80999755859375,15751.0
2026-08-05 13:12:00,ONB,,27.059999465942383,27.059999465942383,27.05500030517578,27.05500030517578,3912.0
2026-08-05 13:12:00,ONDS,,8.854999542236328,8.859999656677246,8.84000015258789,8.845000267028809,331078.0
2026-08-05 13:12:00,OPCH,,23.454999923706055,23.454999923706055,23.454999923706055,23.454999923706055,2471.0
2026-08-05 13:12:00,OPEN,,3.8301000595092773,3.8399999141693115,3.8299999237060547,3.839900016784668,49015.0
2026-08-05 13:12:00,OPK,,1.315000057220459,1.3200000524520874,1.315000057220459,1.315000057220459,5289.0
2026-08-05 13:12:00,ORGO,,2.341099977493286,2.341099977493286,2.341099977493286,2.341099977493286,1325.0
2026-08-05 13:12:00,ORIC,,13.0600004196167,13.060799598693848,13.0600004196167,13.060799598693848,3027.0
2026-08-05 13:12:00,ORLY,,93.15499877929688,93.16000366210938,93.12999725341797,93.13999938964844,23223.0
2026-08-05 13:12:00,ORRF,,43.26499938964844,43.26499938964844,43.26499938964844,43.26499938964844,1389.0
2026-08-05 13:12:00,OSBC,,25.780000686645508,25.780000686645508,25.774999618530273,25.774999618530273,2121.0
2026-08-05 13:12:00,OSIS,,235.9499969482422,235.9499969482422,235.8300018310547,235.8300018310547,421.0
2026-08-05 13:12:00,OSPN,,16.559999465942383,16.559999465942383,16.540000915527344,16.540000915527344,680.0
2026-08-05 13:12:00,OSS,,13.873499870300293,13.873499870300293,13.850000381469727,13.850000381469727,1627.0
2026-08-05 13:12:00,OTEX,,25.860000610351562,25.860000610351562,25.850000381469727,25.850000381469727,869.0
2026-08-05 13:12:00,OTLK,,1.0199999809265137,1.0199999809265137,1.0149999856948853,1.0199999809265137,1343.0
2026-08-05 13:12:00,OVBC,,42.54999923706055,42.54999923706055,42.54999923706055,42.54999923706055,700.0
2026-08-05 13:12:00,OVID,,2.5999999046325684,2.5999999046325684,2.5999999046325684,2.5999999046325684,2539.0
2026-08-05 13:12:00,OXLC,,9.144399642944336,9.144399642944336,9.144399642944336,9.144399642944336,1760.0
2026-08-05 13:12:00,PAA,,23.21500015258789,23.21500015258789,23.21500015258789,23.21500015258789,720.0
2026-08-05 13:12:00,PAAS,,48.0,48.0099983215332,47.97999954223633,47.97999954223633,3962.0
2026-08-05 13:12:00,PACB,,1.375,1.375,1.3700000047683716,1.3700000047683716,16500.0
2026-08-05 13:12:00,PALI,,2.140000104904175,2.140000104904175,2.134999990463257,2.134999990463257,1527.0
2026-08-05 13:12:00,PANW,,364.80999755859375,364.80999755859375,364.5461120605469,364.75,3543.0
2026-08-05 13:12:00,PAX,,11.444999694824219,11.449999809265137,11.4399995803833,11.4399995803833,15638.0
2026-08-05 13:12:00,PAYO,,7.119999885559082,7.125,7.119999885559082,7.125,707.0
2026-08-05 13:12:00,PAYX,,117.2583999633789,117.2583999633789,117.23999786376953,117.23999786376953,1909.0
2026-08-05 13:12:00,PCAR,,134.1300048828125,134.1300048828125,134.0850067138672,134.0850067138672,3442.0
2026-08-05 13:12:00,PCB,,27.8799991607666,28.024999618530273,27.8799991607666,28.024999618530273,1941.0
2026-08-05 13:12:00,PCRX,,24.31999969482422,24.389999389648438,24.209999084472656,24.209999084472656,11952.0
2026-08-05 13:12:00,PCT,,6.864999771118164,6.864999771118164,6.860000133514404,6.860000133514404,3461.0
2026-08-05 13:12:00,PCTY,,144.57000732421875,144.66000366210938,144.57000732421875,144.66000366210938,1264.0
2026-08-05 13:12:00,PDD,,90.77999877929688,90.80000305175781,90.77999877929688,90.79000091552734,1549.0
2026-08-05 13:12:00,PDSB,,0.7087000012397766,0.7087000012397766,0.7087000012397766,0.7087000012397766,101.0
2026-08-05 13:12:00,PECO,,41.334999084472656,41.334999084472656,41.334999084472656,41.334999084472656,1718.0
2026-08-05 13:12:00,PEGA,,31.75,31.75,31.75,31.75,992.0
2026-08-05 13:12:00,PENN,,19.885000228881836,19.889999389648438,19.8799991607666,19.8799991607666,2063.0
2026-08-05 13:12:00,PEP,,138.6199951171875,138.63999938964844,138.61000061035156,138.61000061035156,6704.0
2026-08-05 13:12:00,PESI,,17.81999969482422,17.81999969482422,17.81999969482422,17.81999969482422,208.0
2026-08-05 13:12:00,PFG,,113.9000015258789,113.99500274658203,113.9000015258789,113.99500274658203,1255.0
2026-08-05 13:12:00,PGEN,,6.855000019073486,6.860000133514404,6.849999904632568,6.849999904632568,2898.0
2026-08-05 13:12:00,PGNY,,31.7549991607666,31.7549991607666,31.7549991607666,31.7549991607666,1600.0
2026-08-05 13:12:00,PGY,,21.579999923706055,21.579999923706055,21.55500030517578,21.559999465942383,4497.0
2026-08-05 13:12:00,PHAT,,8.460000038146973,8.460000038146973,8.460000038146973,8.460000038146973,2609.0
2026-08-05 13:12:00,PHVS,,33.349998474121094,33.439998626708984,33.349998474121094,33.439998626708984,1780.0
2026-08-05 13:12:00,PLAB,,31.9950008392334,32.02000045776367,31.9950008392334,32.02000045776367,662.0
2026-08-05 13:12:00,PLRX,,1.065000057220459,1.065000057220459,1.065000057220459,1.065000057220459,3982.0
2026-08-05 13:12:00,PLUG,,2.0799999237060547,2.0799999237060547,2.069999933242798,2.075000047683716,37491.0
2026-08-05 13:12:00,PLXS,,275.4599914550781,275.4599914550781,275.4599914550781,275.4599914550781,1406.0
2026-08-05 13:12:00,PNBK,,1.1299999952316284,1.1299999952316284,1.1299999952316284,1.1299999952316284,293.0
2026-08-05 13:12:00,POET,,8.300000190734863,8.305000305175781,8.295000076293945,8.300000190734863,6277.0
2026-08-05 13:12:00,POOL,,205.97999572753906,205.97999572753906,205.97999572753906,205.97999572753906,792.0
2026-08-05 13:12:00,POWL,,212.1300048828125,212.1300048828125,211.5601043701172,211.82000732421875,1238.0
2026-08-05 13:12:00,PPC,,26.43000030517578,26.450000762939453,26.43000030517578,26.440000534057617,4486.0
2026-08-05 13:12:00,PPTA,,22.2450008392334,22.2450008392334,22.239999771118164,22.239999771118164,2659.0
2026-08-05 13:12:00,PRAA,,17.31999969482422,17.31999969482422,17.31999969482422,17.31999969482422,1245.0
2026-08-05 13:12:00,PRAX,,314.5799865722656,314.5799865722656,314.5799865722656,314.5799865722656,380.0
2026-08-05 13:12:00,PRCH,,15.84000015258789,15.845000267028809,15.829999923706055,15.829999923706055,1942.0
2026-08-05 13:12:00,PRCT,,19.229999542236328,19.239999771118164,19.219999313354492,19.235000610351562,8153.0
2026-08-05 13:12:00,PRIM,,84.54000091552734,84.62000274658203,84.45999908447266,84.45999908447266,5469.0
2026-08-05 13:12:00,PRME,,3.069999933242798,3.069999933242798,3.055000066757202,3.059999942779541,11088.0
2026-08-05 13:12:00,PROF,,8.069999694824219,8.069999694824219,8.050000190734863,8.050000190734863,1790.0
2026-08-05 13:12:00,PROK,,1.6349999904632568,1.6349999904632568,1.6349999904632568,1.6349999904632568,195.0
2026-08-05 13:12:00,PRTA,,8.510000228881836,8.510000228881836,8.510000228881836,8.510000228881836,1284.0
2026-08-05 13:12:00,PRVA,,24.399999618530273,24.40999984741211,24.389999389648438,24.399999618530273,3034.0
2026-08-05 13:12:00,PSEC,,2.184999942779541,2.184999942779541,2.180000066757202,2.180000066757202,1924.0
2026-08-05 13:12:00,PSNL,,13.520000457763672,13.520000457763672,13.520000457763672,13.520000457763672,684.0
2026-08-05 13:12:00,PTC,,139.5050048828125,139.5050048828125,139.5050048828125,139.5050048828125,645.0
2026-08-05 13:12:00,PTEN,,9.795000076293945,9.800000190734863,9.795000076293945,9.800000190734863,3547.0
2026-08-05 13:12:00,PTGX,,135.74000549316406,136.08999633789062,135.74000549316406,136.08999633789062,6833.0
2026-08-05 13:12:00,PTON,,6.505000114440918,6.509900093078613,6.505000114440918,6.505000114440918,7061.0
2026-08-05 13:12:00,PUBM,,13.414999961853027,13.414999961853027,13.414999961853027,13.414999961853027,529.0
2026-08-05 13:12:00,PULM,,1.7055000066757202,1.7055000066757202,1.7055000066757202,1.7055000066757202,2697.0
2026-08-05 13:12:00,PYPD,,4.534999847412109,4.534999847412109,4.534999847412109,4.534999847412109,184.0
2026-08-05 13:12:00,PYPL,,58.24599838256836,58.24599838256836,58.22999954223633,58.22999954223633,5462.0
2026-08-05 13:12:00,PYXS,,3.1821000576019287,3.1821000576019287,3.1821000576019287,3.1821000576019287,289.0
2026-08-05 13:12:00,PZZA,,30.135000228881836,30.139999389648438,30.1200008392334,30.139999389648438,1485.0
2026-08-05 13:12:00,QCOM,,158.0,158.0500030517578,157.9199981689453,157.99000549316406,10586.0
2026-08-05 13:12:00,QFIN,,13.175000190734863,13.175000190734863,13.175000190734863,13.175000190734863,1358.0
2026-08-05 13:12:00,QRVO,,94.7699966430664,94.7699966430664,94.76000213623047,94.76000213623047,1260.0
2026-08-05 13:12:00,SEED,,1.029099941253662,1.029099941253662,1.0098999738693237,1.0099999904632568,1066.0
2026-08-05 13:12:00,STIM,,2.2750000953674316,2.2750000953674316,2.2750000953674316,2.2750000953674316,2657.0
2026-08-05 13:12:00,TARA,,4.025000095367432,4.054999828338623,4.010000228881836,4.054999828338623,29841.0
2026-08-05 13:13:00,ACDC,,4.389999866485596,4.400000095367432,4.389999866485596,4.400000095367432,6784.0
2026-08-05 13:13:00,BPOP,,177.72999572753906,177.72999572753906,177.72999572753906,177.72999572753906,662.0
2026-08-05 13:13:00,FRST,,16.399999618530273,16.399999618530273,16.399999618530273,16.399999618530273,1436.0
2026-08-05 13:13:00,GLUE,,15.630000114440918,15.630000114440918,15.630000114440918,15.630000114440918,342.0
2026-08-05 13:13:00,MDB,,375.8500061035156,376.010009765625,375.4599914550781,375.4599914550781,669.0
2026-08-05 13:13:00,MDLZ,,62.29999923706055,62.29999923706055,62.255001068115234,62.2599983215332,18235.0
2026-08-05 13:13:00,MNST,,94.55999755859375,94.55999755859375,94.55000305175781,94.55999755859375,6053.0
2026-08-05 13:13:00,MNTS,,4.260000228881836,4.260000228881836,4.255000114440918,4.255000114440918,3264.0
2026-08-05 13:13:00,MPWR,,1334.4300537109375,1334.800048828125,1333.3699951171875,1333.3699951171875,957.0
2026-08-05 13:13:00,MRNA,,56.71500015258789,56.744998931884766,56.709999084472656,56.709999084472656,2281.0
2026-08-05 13:13:00,MVBF,,30.825000762939453,30.825000762939453,30.825000762939453,30.825000762939453,681.0
2026-08-05 13:13:00,MYGN,,3.115000009536743,3.115000009536743,3.1050000190734863,3.1050000190734863,10453.0
2026-08-05 13:13:00,NAMS,,27.209999084472656,27.280000686645508,27.209999084472656,27.274999618530273,712.0
2026-08-05 13:13:00,NATR,,20.045000076293945,20.079999923706055,20.045000076293945,20.079999923706055,1454.0
2026-08-05 13:13:00,NAUT,,0.9330999851226807,0.9330999851226807,0.9330999851226807,0.9330999851226807,634.0
2026-08-05 13:13:00,NAVI,,9.149999618530273,9.149999618530273,9.140000343322754,9.140000343322754,2974.0
2026-08-05 13:13:00,NB,,5.074999809265137,5.074999809265137,5.074999809265137,5.074999809265137,893.0
2026-08-05 13:13:00,NBIX,,163.34500122070312,163.34500122070312,163.34500122070312,163.34500122070312,413.0
2026-08-05 13:13:00,NCMI,,4.119999885559082,4.119999885559082,4.119999885559082,4.119999885559082,1610.0
2026-08-05 13:13:00,NDAQ,,94.94999694824219,94.94999694824219,94.93000030517578,94.93000030517578,1723.0
2026-08-05 13:13:00,NDSN,,311.07000732421875,311.07000732421875,311.07000732421875,311.07000732421875,264.0
2026-08-05 13:13:00,NEO,,16.049999237060547,16.049999237060547,16.030000686645508,16.030000686645508,1252.0
2026-08-05 13:13:00,NEOG,,11.635000228881836,11.645000457763672,11.635000228881836,11.640000343322754,6140.0
2026-08-05 13:13:00,NEOV,,2.8399999141693115,2.8489999771118164,2.8399999141693115,2.8489999771118164,2354.0
2026-08-05 13:13:00,NESR,,28.719999313354492,28.725000381469727,28.700000762939453,28.725000381469727,3230.0
2026-08-05 13:13:00,NFE,,0.33660000562667847,0.336899995803833,0.33660000562667847,0.336899995803833,1300.0
2026-08-05 13:13:00,NFLX,,73.26000213623047,73.2699966430664,73.23999786376953,73.24500274658203,127153.0
2026-08-05 13:13:00,NKTX,,2.2100000381469727,2.2100000381469727,2.200000047683716,2.200000047683716,5327.0
2026-08-05 13:13:00,NMFC,,7.324999809265137,7.335000038146973,7.324999809265137,7.329999923706055,5515.0
2026-08-05 13:13:00,NMFCZ,,25.099899291992188,25.099899291992188,25.099899291992188,25.099899291992188,729.0
2026-08-05 13:13:00,NMRA,,1.6150000095367432,1.6150000095367432,1.6150000095367432,1.6150000095367432,106.0
2026-08-05 13:13:00,NN,,14.119999885559082,14.130000114440918,14.079999923706055,14.079999923706055,8732.0
2026-08-05 13:13:00,NNBR,,3.9000000953674316,3.9000000953674316,3.9000000953674316,3.9000000953674316,730.0
2026-08-05 13:13:00,NRDS,,9.130000114440918,9.145000457763672,9.130000114440918,9.140000343322754,6014.0
2026-08-05 13:13:00,NRIM,,27.06999969482422,27.06999969482422,27.040000915527344,27.040000915527344,740.0
2026-08-05 13:13:00,NTAP,,189.47000122070312,189.85000610351562,189.47000122070312,189.74000549316406,9493.0
2026-08-05 13:13:00,NTES,,127.62000274658203,127.62000274658203,127.62000274658203,127.62000274658203,556.0
2026-08-05 13:13:00,NTNX,,60.779998779296875,60.810001373291016,60.779998779296875,60.79999923706055,4414.0
2026-08-05 13:13:00,NTRS,,183.77999877929688,183.77999877929688,183.75999450683594,183.75999450683594,1096.0
2026-08-05 13:13:00,NVDA,,221.27999877929688,221.4199981689453,221.22999572753906,221.4199981689453,182270.0
2026-08-05 13:13:00,NVMI,,408.32501220703125,408.32501220703125,407.95001220703125,407.95001220703125,506.0
2026-08-05 13:13:00,NVTS,,12.40999984741211,12.4399995803833,12.40999984741211,12.4399995803833,12929.0
2026-08-05 13:13:00,NWL,,6.244999885559082,6.244999885559082,6.239999771118164,6.241099834442139,4599.0
2026-08-05 13:13:00,NWPX,,127.69000244140625,127.69000244140625,127.56999969482422,127.56999969482422,1464.0
2026-08-05 13:13:00,NWSA,,28.225000381469727,28.225000381469727,28.225000381469727,28.225000381469727,906.0
2026-08-05 13:13:00,NXPI,,231.7100067138672,231.82000732421875,231.5800018310547,231.74000549316406,4741.0
2026-08-05 13:13:00,NXT,,98.67980194091797,98.67980194091797,98.67980194091797,98.67980194091797,562.0
2026-08-05 13:13:00,NXTC,,5.010000228881836,5.06879997253418,5.010000228881836,5.06879997253418,317.0
2026-08-05 13:13:00,OBIO,,4.21999979019165,4.21999979019165,4.21999979019165,4.21999979019165,382.0
2026-08-05 13:13:00,OCGN,,1.2999999523162842,1.2999999523162842,1.2949999570846558,1.2999999523162842,7697.0
2026-08-05 13:13:00,OCSL,,12.135000228881836,12.135000228881836,12.135000228881836,12.135000228881836,202.0
2026-08-05 13:13:00,ODD,,15.329999923706055,15.329999923706055,15.329999923706055,15.329999923706055,215.0
2026-08-05 13:13:00,ODFL,,214.1699981689453,214.22999572753906,214.13999938964844,214.22999572753906,1967.0
2026-08-05 13:13:00,OFIX,,10.539999961853027,10.539999961853027,10.539999961853027,10.539999961853027,1963.0
2026-08-05 13:13:00,OGI,,0.9480000138282776,0.9480000138282776,0.9480000138282776,0.9480000138282776,424.0
2026-08-05 13:13:00,OKTA,,148.35000610351562,148.35000610351562,148.35000610351562,148.35000610351562,794.0
2026-08-05 13:13:00,OLLI,,78.25,78.25,78.20500183105469,78.20500183105469,1069.0
2026-08-05 13:13:00,OMCL,,37.3650016784668,37.3650016784668,37.3650016784668,37.3650016784668,269.0
2026-08-05 13:13:00,OMH,,0.11400000005960464,0.1151999980211258,0.11309999972581863,0.11460000276565552,68756.0
2026-08-05 13:13:00,ON,,77.70999908447266,77.80999755859375,77.69999694824219,77.80999755859375,11449.0
2026-08-05 13:13:00,ONDS,,8.845000267028809,8.859999656677246,8.844300270080566,8.854999542236328,164121.0
2026-08-05 13:13:00,ONFO,,0.0746999979019165,0.0746999979019165,0.07410000264644623,0.07410000264644623,7301.0
2026-08-05 13:13:00,OPAL,,2.3350000381469727,2.3450000286102295,2.3350000381469727,2.3450000286102295,3607.0
2026-08-05 13:13:00,OPEN,,3.839900016784668,3.8399999141693115,3.8299999237060547,3.8350000381469727,41031.0
2026-08-05 13:13:00,OPK,,1.3176000118255615,1.3200000524520874,1.315000057220459,1.3200000524520874,7132.0
2026-08-05 13:13:00,OPRX,,6.920000076293945,6.920000076293945,6.920000076293945,6.920000076293945,2431.0
2026-08-05 13:13:00,ORIC,,13.029999732971191,13.050000190734863,13.029999732971191,13.050000190734863,1753.0
2026-08-05 13:13:00,ORLY,,93.18000030517578,93.18000030517578,93.16000366210938,93.16000366210938,13744.0
2026-08-05 13:13:00,OSBC,,25.790000915527344,25.790000915527344,25.790000915527344,25.790000915527344,997.0
2026-08-05 13:13:00,OSIS,,236.41000366210938,236.42999267578125,236.41000366210938,236.4199981689453,535.0
2026-08-05 13:13:00,OSPN,,16.520000457763672,16.540000915527344,16.520000457763672,16.540000915527344,1672.0
2026-08-05 13:13:00,OSS,,13.859999656677246,13.859999656677246,13.859999656677246,13.859999656677246,928.0
2026-08-05 13:13:00,OSW,,26.520000457763672,26.520000457763672,26.520000457763672,26.520000457763672,1388.0
2026-08-05 13:13:00,OTEX,,25.850000381469727,25.854999542236328,25.850000381469727,25.854999542236328,1931.0
2026-08-05 13:13:00,OTLK,,1.01010000705719,1.0199999809265137,1.01010000705719,1.01010000705719,2480.0
2026-08-05 13:13:00,OTLY,,14.395500183105469,14.395500183105469,14.395500183105469,14.395500183105469,407.0
2026-08-05 13:13:00,PAA,,23.21500015258789,23.2189998626709,23.21500015258789,23.21500015258789,1036.0
2026-08-05 13:13:00,PAAS,,47.939998626708984,47.9900016784668,47.935001373291016,47.9900016784668,5129.0
2026-08-05 13:13:00,PACB,,1.3700000047683716,1.3700000047683716,1.3700000047683716,1.3700000047683716,21733.0
2026-08-05 13:13:00,PAGP,,25.15999984741211,25.15999984741211,25.15999984741211,25.15999984741211,839.0
2026-08-05 13:13:00,PAHC,,35.54779815673828,35.54779815673828,35.54779815673828,35.54779815673828,440.0
2026-08-05 13:13:00,PALI,,2.140000104904175,2.140000104904175,2.140000104904175,2.140000104904175,1163.0
2026-08-05 13:13:00,PANW,,364.94000244140625,365.125,364.8349914550781,364.95001220703125,11958.0
2026-08-05 13:13:00,PAYO,,7.130000114440918,7.130000114440918,7.125,7.125,1003.0
2026-08-05 13:13:00,PAYX,,117.31999969482422,117.31999969482422,117.29000091552734,117.29000091552734,1422.0
2026-08-05 13:13:00,PCAR,,134.1699981689453,134.1699981689453,134.1300048828125,134.1300048828125,2849.0
2026-08-05 13:13:00,PCB,,28.059999465942383,28.06999969482422,28.049999237060547,28.049999237060547,2384.0
2026-08-05 13:13:00,PCRX,,24.389999389648438,24.389999389648438,24.389999389648438,24.389999389648438,830.0
2026-08-05 13:13:00,PCT,,6.861000061035156,6.861000061035156,6.861000061035156,6.861000061035156,140.0
2026-08-05 13:13:00,PCTY,,144.64999389648438,144.66000366210938,144.56500244140625,144.66000366210938,2781.0
2026-08-05 13:13:00,PDD,,90.77999877929688,90.80000305175781,90.77999877929688,90.80000305175781,3448.0
2026-08-05 13:13:00,PEGA,,31.760000228881836,31.760000228881836,31.760000228881836,31.760000228881836,928.0
2026-08-05 13:13:00,PENN,,19.860000610351562,19.8799991607666,19.860000610351562,19.8799991607666,3433.0
2026-08-05 13:13:00,PEP,,138.6199951171875,138.63999938964844,138.6199951171875,138.625,4977.0
2026-08-05 13:13:00,PGEN,,6.855000019073486,6.869999885559082,6.84499979019165,6.855000019073486,35177.0
2026-08-05 13:13:00,PGY,,21.579999923706055,21.584999084472656,21.579999923706055,21.579999923706055,3664.0
2026-08-05 13:13:00,PHVS,,33.45000076293945,33.45000076293945,33.34000015258789,33.34000015258789,614.0
2026-08-05 13:13:00,PLPC,,461.1549987792969,461.9049987792969,461.1549987792969,461.9049987792969,422.0
2026-08-05 13:13:00,PLTK,,3.924999952316284,3.924999952316284,3.924999952316284,3.924999952316284,2112.0
2026-08-05 13:13:00,PLUG,,2.0764000415802,2.0799999237060547,2.075000047683716,2.0799999237060547,7317.0
2026-08-05 13:13:00,PNFP,,107.73999786376953,107.74500274658203,107.73999786376953,107.74500274658203,551.0
2026-08-05 13:13:00,PNTG,,39.099998474121094,39.099998474121094,39.099998474121094,39.099998474121094,151.0
2026-08-05 13:13:00,POET,,8.289600372314453,8.300000190734863,8.289600372314453,8.295000076293945,1903.0
2026-08-05 13:13:00,POOL,,206.10000610351562,206.10000610351562,205.85000610351562,205.91000366210938,1349.0
2026-08-05 13:13:00,POWI,,61.875,61.875,61.875,61.875,387.0
2026-08-05 13:13:00,POWL,,212.09500122070312,212.41000366210938,212.08999633789062,212.08999633789062,623.0
2026-08-05 13:13:00,PPTA,,22.239999771118164,22.2450008392334,22.229999542236328,22.2450008392334,1435.0
2026-08-05 13:13:00,PRCH,,15.90999984741211,15.90999984741211,15.8302001953125,15.8302001953125,3828.0
2026-08-05 13:13:00,PRCT,,19.190000534057617,19.235000610351562,19.190000534057617,19.235000610351562,7661.0
2026-08-05 13:13:00,PRDO,,32.81999969482422,32.849998474121094,32.81999969482422,32.849998474121094,1121.0
2026-08-05 13:13:00,PRIM,,84.41000366210938,84.51000213623047,84.27999877929688,84.43000030517578,3194.0
2026-08-05 13:13:00,PRME,,3.069999933242798,3.069999933242798,3.069999933242798,3.069999933242798,1572.0
2026-08-05 13:13:00,PRQR,,1.9049999713897705,1.9049999713897705,1.9049999713897705,1.9049999713897705,1885.0
2026-08-05 13:13:00,PRVA,,24.40999984741211,24.40999984741211,24.40999984741211,24.40999984741211,1545.0
2026-08-05 13:13:00,PRZO,,0.5400999784469604,0.5400999784469604,0.5400999784469604,0.5400999784469604,1.0
2026-08-05 13:13:00,PSEC,,2.190000057220459,2.190000057220459,2.180000066757202,2.180000066757202,1579.0
2026-08-05 13:13:00,PSNL,,13.529999732971191,13.529999732971191,13.529999732971191,13.529999732971191,1036.0
2026-08-05 13:13:00,PTC,,139.66000366210938,139.6699981689453,139.57000732421875,139.57000732421875,1751.0
2026-08-05 13:13:00,PTEN,,9.779999732971191,9.795000076293945,9.774999618530273,9.795000076293945,56895.0
2026-08-05 13:13:00,PTLO,,4.650000095367432,4.650000095367432,4.650000095367432,4.650000095367432,2159.0
2026-08-05 13:13:00,PTON,,6.529900074005127,6.53000020980835,6.505000114440918,6.505000114440918,19293.0
2026-08-05 13:13:00,PWP,,17.30500030517578,17.30500030517578,17.30500030517578,17.30500030517578,1128.0
2026-08-05 13:13:00,PYPL,,58.244998931884766,58.25,58.2400016784668,58.244998931884766,5214.0
2026-08-05 13:13:00,PYXS,,3.1700000762939453,3.180000066757202,3.1700000762939453,3.180000066757202,2323.0
2026-08-05 13:13:00,PZZA,,30.1200008392334,30.145000457763672,30.1200008392334,30.145000457763672,3668.0
2026-08-05 13:13:00,QCOM,,157.9199981689453,157.99989318847656,157.875,157.9600067138672,8957.0
2026-08-05 13:13:00,QCRH,,105.38999938964844,105.38999938964844,105.38999938964844,105.38999938964844,362.0
2026-08-05 13:13:00,QRVO,,94.74500274658203,94.76000213623047,94.73500061035156,94.73500061035156,1765.0
2026-08-05 13:13:00,SEED,,1.0199999809265137,1.029099941253662,1.0199999809265137,1.029099941253662,601.0
2026-08-05 13:13:00,TARA,,4.025000095367432,4.025000095367432,4.025000095367432,4.025000095367432,303.0
2026-08-05 13:13:00,WOOF,,2.944999933242798,2.944999933242798,2.944999933242798,2.944999933242798,200.0
2026-08-05 13:14:00,ACDC,,4.389999866485596,4.394999980926514,4.389999866485596,4.389999866485596,555.0
2026-08-05 13:14:00,BPOP,,177.72500610351562,177.72500610351562,177.72500610351562,177.72500610351562,780.0
2026-08-05 13:14:00,CASH,,89.1500015258789,89.1500015258789,89.1500015258789,89.1500015258789,829.0
2026-08-05 13:14:00,CNXN,,85.1500015258789,85.1500015258789,85.1500015258789,85.1500015258789,763.0
2026-08-05 13:14:00,DTIL,,7.519999980926514,7.53000020980835,7.519999980926514,7.53000020980835,595.0
2026-08-05 13:14:00,EYE,,23.19499969482422,23.204999923706055,23.19499969482422,23.204999923706055,992.0
2026-08-05 13:14:00,GLUE,,15.619999885559082,15.635000228881836,15.609999656677246,15.635000228881836,2098.0
2026-08-05 13:14:00,MBRX,,0.40049999952316284,0.40400001406669617,0.39500001072883606,0.40400001406669617,26687.0
2026-08-05 13:14:00,MDB,,375.82000732421875,375.8299865722656,375.57000732421875,375.8299865722656,997.0
2026-08-05 13:14:00,MDLZ,,62.41999816894531,62.439998626708984,62.310001373291016,62.310001373291016,27833.0
2026-08-05 13:14:00,MLTX,,17.770000457763672,17.770000457763672,17.770000457763672,17.770000457763672,945.0
2026-08-05 13:14:00,MNST,,94.54000091552734,94.55000305175781,94.54000091552734,94.55000305175781,4384.0
2026-08-05 13:14:00,MNTSW,,0.0032999999821186066,0.0034000000450760126,0.0032999999821186066,0.0034000000450760126,11465.0
2026-08-05 13:14:00,MORN,,197.33999633789062,197.33999633789062,197.33999633789062,197.33999633789062,1041.0
2026-08-05 13:14:00,MOVE,,12.079999923706055,12.079999923706055,12.079999923706055,12.079999923706055,940.0
2026-08-05 13:14:00,MPWR,,1333.7149658203125,1335.719970703125,1333.7149658203125,1334.4200439453125,236.0
2026-08-05 13:14:00,MRNA,,56.68000030517578,56.7400016784668,56.68000030517578,56.71500015258789,9836.0
2026-08-05 13:14:00,MYGN,,3.115000009536743,3.115000009536743,3.115000009536743,3.115000009536743,412.0
2026-08-05 13:14:00,NATR,,20.010000228881836,20.010000228881836,20.010000228881836,20.010000228881836,624.0
2026-08-05 13:14:00,NAUT,,0.9381999969482422,0.9415000081062317,0.9330000281333923,0.9330000281333923,23991.0
2026-08-05 13:14:00,NAVI,,9.140000343322754,9.140000343322754,9.140000343322754,9.140000343322754,602.0
2026-08-05 13:14:00,NB,,5.074999809265137,5.074999809265137,5.074999809265137,5.074999809265137,963.0
2026-08-05 13:14:00,NBIX,,163.25,163.41000366210938,163.25,163.3936004638672,1814.0
2026-08-05 13:14:00,NCPL,,0.4174000024795532,0.4174000024795532,0.4174000024795532,0.4174000024795532,200.0
2026-08-05 13:14:00,NDAQ,,94.94999694824219,94.97000122070312,94.94999694824219,94.97000122070312,1391.0
2026-08-05 13:14:00,NEO,,16.040000915527344,16.049999237060547,16.040000915527344,16.049999237060547,1460.0
2026-08-05 13:14:00,NEOV,,2.8352999687194824,2.8352999687194824,2.8352999687194824,2.8352999687194824,520.0
2026-08-05 13:14:00,NESR,,28.690000534057617,28.690000534057617,28.690000534057617,28.690000534057617,1566.0
2026-08-05 13:14:00,NEXT,,6.414999961853027,6.414999961853027,6.409999847412109,6.409999847412109,941.0
2026-08-05 13:14:00,NFE,,0.33660000562667847,0.33660000562667847,0.33660000562667847,0.33660000562667847,2048.0
2026-08-05 13:14:00,NFLX,,73.29499816894531,73.30500030517578,73.2699966430664,73.2699966430664,39739.0
2026-08-05 13:14:00,NGNE,,35.227500915527344,35.439998626708984,35.227500915527344,35.439998626708984,2073.0
2026-08-05 13:14:00,NICE,,97.93000030517578,97.93000030517578,97.91000366210938,97.91000366210938,1948.0
2026-08-05 13:14:00,NKTR,,73.16000366210938,73.16000366210938,73.1500015258789,73.1500015258789,622.0
2026-08-05 13:14:00,NKTX,,2.2149999141693115,2.2149999141693115,2.2149999141693115,2.2149999141693115,683.0
2026-08-05 13:14:00,NMFCZ,,25.100000381469727,25.110000610351562,25.100000381469727,25.110000610351562,600.0
2026-08-05 13:14:00,NMRA,,1.6150000095367432,1.6150000095367432,1.6150000095367432,1.6150000095367432,1063.0
2026-08-05 13:14:00,NN,,14.095000267028809,14.100000381469727,14.080100059509277,14.100000381469727,3506.0
2026-08-05 13:14:00,NNBR,,3.9000000953674316,3.9000000953674316,3.890000104904175,3.9000000953674316,718.0
2026-08-05 13:14:00,NNDM,,1.534999966621399,1.534999966621399,1.534999966621399,1.534999966621399,181.0
2026-08-05 13:14:00,NRIX,,25.030000686645508,25.049999237060547,25.030000686645508,25.049999237060547,3068.0
2026-08-05 13:14:00,NTAP,,189.4600067138672,189.46499633789062,189.38999938964844,189.38999938964844,1767.0
2026-08-05 13:14:00,NTNX,,60.78499984741211,60.790000915527344,60.78499984741211,60.790000915527344,1448.0
2026-08-05 13:14:00,NTRA,,275.0798034667969,275.485107421875,275.0798034667969,275.4849853515625,1065.0
2026-08-05 13:14:00,NTRS,,183.7899932861328,183.7899932861328,183.77999877929688,183.7899932861328,1126.0
2026-08-05 13:14:00,NVAX,,7.599999904632568,7.610000133514404,7.590000152587891,7.610000133514404,27453.0
2026-08-05 13:14:00,NVCR,,16.030000686645508,16.030000686645508,16.020000457763672,16.020000457763672,897.0
2026-08-05 13:14:00,NVCT,,20.219999313354492,20.219999313354492,20.219999313354492,20.219999313354492,200.0
2026-08-05 13:14:00,NVDA,,221.3800048828125,221.4499969482422,221.24000549316406,221.25,122536.0
2026-08-05 13:14:00,NVEC,,129.30999755859375,129.30999755859375,129.3000030517578,129.3000030517578,1150.0
2026-08-05 13:14:00,NVMI,,408.32501220703125,408.32501220703125,408.32501220703125,408.32501220703125,244.0
2026-08-05 13:14:00,NVTS,,12.420000076293945,12.425000190734863,12.399999618530273,12.40999984741211,13269.0
2026-08-05 13:14:00,NWBI,,15.954999923706055,15.960000038146973,15.954999923706055,15.960000038146973,1263.0
2026-08-05 13:14:00,NWE,,68.75499725341797,68.75499725341797,68.75499725341797,68.75499725341797,175.0
2026-08-05 13:14:00,NWL,,6.239999771118164,6.244999885559082,6.239999771118164,6.239999771118164,3419.0
2026-08-05 13:14:00,NWS,,32.29999923706055,32.29999923706055,32.279998779296875,32.279998779296875,1037.0
2026-08-05 13:14:00,NWSA,,28.235000610351562,28.235000610351562,28.219999313354492,28.225000381469727,3477.0
2026-08-05 13:14:00,NXPI,,231.6199951171875,231.6999969482422,231.55999755859375,231.55999755859375,3815.0
2026-08-05 13:14:00,NXST,,191.4550018310547,191.4550018310547,191.4550018310547,191.4550018310547,190.0
2026-08-05 13:14:00,NXT,,98.63999938964844,98.63999938964844,98.52999877929688,98.52999877929688,751.0
2026-08-05 13:14:00,OABI,,2.0601000785827637,2.0601000785827637,2.0601000785827637,2.0601000785827637,252.0
2026-08-05 13:14:00,OBIO,,4.215000152587891,4.215000152587891,4.215000152587891,4.215000152587891,2041.0
2026-08-05 13:14:00,OCFC,,19.860000610351562,19.860000610351562,19.854999542236328,19.854999542236328,3104.0
2026-08-05 13:14:00,OCGN,,1.2949999570846558,1.2999999523162842,1.2899999618530273,1.2999999523162842,5448.0
2026-08-05 13:14:00,OCSL,,12.135000228881836,12.135000228881836,12.135000228881836,12.135000228881836,328.0
2026-08-05 13:14:00,ODD,,15.34000015258789,15.350000381469727,15.34000015258789,15.350000381469727,3514.0
2026-08-05 13:14:00,ODFL,,214.08999633789062,214.1699981689453,214.07000732421875,214.1699981689453,1244.0
2026-08-05 13:14:00,OFIX,,10.550000190734863,10.550000190734863,10.550000190734863,10.550000190734863,1791.0
2026-08-05 13:14:00,OLLI,,78.16999816894531,78.19999694824219,78.16999816894531,78.19999694824219,1580.0
2026-08-05 13:14:00,OLMA,,11.550000190734863,11.550000190734863,11.550000190734863,11.550000190734863,854.0
2026-08-05 13:14:00,OMER,,12.859999656677246,12.859999656677246,12.850000381469727,12.850000381469727,613.0
2026-08-05 13:14:00,OMH,,0.11410000175237656,0.11410000175237656,0.11309999972581863,0.11309999972581863,10784.0
2026-08-05 13:14:00,ON,,77.69000244140625,77.73999786376953,77.68000030517578,77.70999908447266,11243.0
2026-08-05 13:14:00,ONCY,,0.7975999712944031,0.7975999712944031,0.7975999712944031,0.7975999712944031,1063.0
2026-08-05 13:14:00,ONDS,,8.895000457763672,8.895000457763672,8.845000267028809,8.845000267028809,378273.0
2026-08-05 13:14:00,ONMD,,0.6776000261306763,0.6776000261306763,0.6776000261306763,0.6776000261306763,794.0
2026-08-05 13:14:00,OPCH,,23.450000762939453,23.46500015258789,23.450000762939453,23.450000762939453,4630.0
2026-08-05 13:14:00,OPEN,,3.839900016784668,3.8399999141693115,3.8299999237060547,3.8350000381469727,27669.0
2026-08-05 13:14:00,ORIC,,13.005000114440918,13.005000114440918,12.989999771118164,13.0,3126.0
2026-08-05 13:14:00,ORLY,,93.18000030517578,93.18099975585938,93.16000366210938,93.18000030517578,11391.0
2026-08-05 13:14:00,ORMP,,4.410200119018555,4.410200119018555,4.410200119018555,4.410200119018555,316.0
2026-08-05 13:14:00,OSS,,13.854999542236328,13.854999542236328,13.854999542236328,13.854999542236328,309.0
2026-08-05 13:14:00,OSUR,,4.130000114440918,4.130000114440918,4.130000114440918,4.130000114440918,294.0
2026-08-05 13:14:00,OSW,,26.530000686645508,26.530000686645508,26.530000686645508,26.530000686645508,1349.0
2026-08-05 13:14:00,OTEX,,25.854999542236328,25.860000610351562,25.850000381469727,25.850000381469727,2016.0
2026-08-05 13:14:00,OTLK,,1.0199999809265137,1.0199999809265137,1.0099999904632568,1.0199999809265137,643.0
2026-08-05 13:14:00,OVID,,2.6050000190734863,2.6050000190734863,2.5999999046325684,2.6050000190734863,18028.0
2026-08-05 13:14:00,OXSQ,,1.4950000047683716,1.4950000047683716,1.4950000047683716,1.4950000047683716,826.0
2026-08-05 13:14:00,PAA,,23.204999923706055,23.21500015258789,23.204999923706055,23.21500015258789,4740.0
2026-08-05 13:14:00,PAAS,,47.915000915527344,47.939998626708984,47.90999984741211,47.939998626708984,3281.0
2026-08-05 13:14:00,PACB,,1.3700000047683716,1.375,1.3700000047683716,1.3700000047683716,7626.0
2026-08-05 13:14:00,PALI,,2.134999990463257,2.140000104904175,2.134999990463257,2.140000104904175,7007.0
2026-08-05 13:14:00,PANW,,365.30999755859375,365.3299865722656,364.739990234375,364.7699890136719,19329.0
2026-08-05 13:14:00,PAX,,11.444999694824219,11.444999694824219,11.444999694824219,11.444999694824219,2063.0
2026-08-05 13:14:00,PAYO,,7.122200012207031,7.130000114440918,7.119999885559082,7.130000114440918,1311.0
2026-08-05 13:14:00,PAYX,,117.37000274658203,117.37999725341797,117.3550033569336,117.37999725341797,2890.0
2026-08-05 13:14:00,PBYI,,7.989999771118164,7.989999771118164,7.989999771118164,7.989999771118164,1076.0
2026-08-05 13:14:00,PCRX,,24.399999618530273,24.399999618530273,24.389999389648438,24.389999389648438,657.0
2026-08-05 13:14:00,PCSA,,2.200000047683716,2.200000047683716,2.200000047683716,2.200000047683716,198.0
2026-08-05 13:14:00,PCT,,6.855000019073486,6.860000133514404,6.855000019073486,6.860000133514404,1372.0
2026-08-05 13:14:00,PCTY,,144.9425048828125,144.97500610351562,144.77999877929688,144.77999877929688,3177.0
2026-08-05 13:14:00,PDD,,90.80000305175781,90.80000305175781,90.79000091552734,90.79000091552734,2196.0
2026-08-05 13:14:00,PDFS,,49.970001220703125,49.970001220703125,49.90999984741211,49.90999984741211,1844.0
2026-08-05 13:14:00,PEGA,,31.770000457763672,31.770000457763672,31.75,31.770000457763672,18313.0
2026-08-05 13:14:00,PENN,,19.8700008392334,19.875,19.8700008392334,19.875,1799.0
2026-08-05 13:14:00,PEP,,138.70700073242188,138.70700073242188,138.63999938964844,138.64999389648438,6023.0
2026-08-05 13:14:00,PEPG,,1.940000057220459,1.940000057220459,1.940000057220459,1.940000057220459,1978.0
2026-08-05 13:14:00,PFG,,114.01000213623047,114.01499938964844,113.9800033569336,113.9800033569336,486.0
2026-08-05 13:14:00,PGEN,,6.84499979019165,6.855000019073486,6.840000152587891,6.855000019073486,17142.0
2026-08-05 13:14:00,PGY,,21.56999969482422,21.59000015258789,21.56999969482422,21.579999923706055,2690.0
2026-08-05 13:14:00,PHAT,,8.449999809265137,8.449999809265137,8.449999809265137,8.449999809265137,994.0
2026-08-05 13:14:00,PLAB,,32.0099983215332,32.0099983215332,32.0099983215332,32.0099983215332,429.0
2026-08-05 13:14:00,PLMR,,134.14999389648438,134.14999389648438,134.14999389648438,134.14999389648438,465.0
2026-08-05 13:14:00,PLPC,,462.0899963378906,462.0899963378906,461.8999938964844,461.8999938964844,717.0
2026-08-05 13:14:00,PLSE,,37.099998474121094,37.11759948730469,37.099998474121094,37.11759948730469,638.0
2026-08-05 13:14:00,PLUG,,2.069999933242798,2.0799999237060547,2.069999933242798,2.075000047683716,10516.0
2026-08-05 13:14:00,PNBK,,1.1299999952316284,1.1299999952316284,1.1299999952316284,1.1299999952316284,348.0
2026-08-05 13:14:00,PNFP,,107.76000213623047,107.76000213623047,107.76000213623047,107.76000213623047,344.0
2026-08-05 13:14:00,PNTG,,39.095298767089844,39.11000061035156,39.08000183105469,39.11000061035156,1388.0
2026-08-05 13:14:00,POET,,8.28499984741211,8.289999961853027,8.279999732971191,8.289999961853027,8293.0
2026-08-05 13:14:00,POWI,,61.904998779296875,61.904998779296875,61.904998779296875,61.904998779296875,1141.0
2026-08-05 13:14:00,POWL,,212.125,212.25,212.05499267578125,212.05499267578125,661.0
2026-08-05 13:14:00,PPTA,,22.2450008392334,22.260000228881836,22.2450008392334,22.260000228881836,956.0
2026-08-05 13:14:00,PRAX,,314.5199890136719,314.5199890136719,314.5199890136719,314.5199890136719,166.0
2026-08-05 13:14:00,PRCH,,15.920000076293945,15.930000305175781,15.895000457763672,15.895000457763672,2277.0
2026-08-05 13:14:00,PRCT,,19.229999542236328,19.229999542236328,19.209999084472656,19.209999084472656,3451.0
2026-08-05 13:14:00,PRIM,,84.31999969482422,84.43000030517578,84.30000305175781,84.41000366210938,1883.0
2026-08-05 13:14:00,PRLD,,4.550000190734863,4.559999942779541,4.550000190734863,4.559999942779541,1076.0
2026-08-05 13:14:00,PRME,,3.065000057220459,3.069999933242798,3.060499906539917,3.060499906539917,1336.0
2026-08-05 13:14:00,PROK,,1.6349999904632568,1.6349999904632568,1.6349999904632568,1.6349999904632568,3365.0
2026-08-05 13:14:00,PRTA,,8.5,8.5,8.5,8.5,651.0
2026-08-05 13:14:00,PRVA,,24.420000076293945,24.420000076293945,24.40999984741211,24.40999984741211,1043.0
2026-08-05 13:14:00,PRZO,,0.5401999950408936,0.5401999950408936,0.5401999950408936,0.5401999950408936,2900.0
2026-08-05 13:14:00,PSEC,,2.184999942779541,2.190000057220459,2.184999942779541,2.190000057220459,1125.0
2026-08-05 13:14:00,PSNL,,13.529999732971191,13.529999732971191,13.529999732971191,13.529999732971191,1219.0
2026-08-05 13:14:00,PSNY,,13.819999694824219,13.819999694824219,13.819999694824219,13.819999694824219,366.0
2026-08-05 13:14:00,PTC,,139.63499450683594,139.63499450683594,139.63499450683594,139.63499450683594,414.0
2026-08-05 13:14:00,PTCT,,68.9800033569336,68.9800033569336,68.9800033569336,68.9800033569336,1191.0
2026-08-05 13:14:00,PTEN,,9.779999732971191,9.779999732971191,9.774999618530273,9.779999732971191,3511.0
2026-08-05 13:14:00,PTLO,,4.644999980926514,4.644999980926514,4.644999980926514,4.644999980926514,1086.0
2026-08-05 13:14:00,PTON,,6.534999847412109,6.534999847412109,6.525000095367432,6.525000095367432,11234.0
2026-08-05 13:14:00,PUBM,,13.404999732971191,13.414999961853027,13.404999732971191,13.414999961853027,2083.0
2026-08-05 13:14:00,PWP,,17.30500030517578,17.30500030517578,17.30500030517578,17.30500030517578,753.0
2026-08-05 13:14:00,PYPL,,58.290000915527344,58.290000915527344,58.25,58.25,6789.0
2026-08-05 13:14:00,PZZA,,30.06999969482422,30.110000610351562,30.06999969482422,30.110000610351562,4198.0
2026-08-05 13:14:00,QCOM,,157.9499969482422,157.97999572753906,157.85000610351562,157.91000366210938,4337.0
2026-08-05 13:14:00,QCRH,,105.33999633789062,105.4000015258789,105.33999633789062,105.38999938964844,1907.0
2026-08-05 13:14:00,QFIN,,13.175000190734863,13.175000190734863,13.175000190734863,13.175000190734863,393.0
2026-08-05 13:14:00,QRVO,,94.81999969482422,94.83000183105469,94.7699966430664,94.7699966430664,3023.0
2026-08-05 13:14:00,SEED,,1.0199999809265137,1.024999976158142,1.0006999969482422,1.024999976158142,2600.0
2026-08-05 13:14:00,STIM,,2.2699999809265137,2.2699999809265137,2.2699999809265137,2.2699999809265137,121.0
2026-08-05 13:14:00,TARA,,4.025000095367432,4.025000095367432,4.025000095367432,4.025000095367432,121.0
2026-08-05 13:14:00,WOOF,,2.9410998821258545,2.9410998821258545,2.9410998821258545,2.9410998821258545,1631.0
2026-08-05 13:15:00,ACDC,,4.40500020980835,4.40500020980835,4.394999980926514,4.394999980926514,7641.0
2026-08-05 13:15:00,EYE,,23.190000534057617,23.19499969482422,23.190000534057617,23.19499969482422,3130.0
2026-08-05 13:15:00,GLUE,,15.619999885559082,15.619999885559082,15.619999885559082,15.619999885559082,262.0
2026-08-05 13:15:00,MDB,,375.7200012207031,375.7300109863281,375.7200012207031,375.7300109863281,803.0
2026-08-05 13:15:00,MDLZ,,62.5,62.52000045776367,62.41999816894531,62.41999816894531,53351.0
2026-08-05 13:15:00,MNRO,,13.229999542236328,13.239999771118164,13.229999542236328,13.239999771118164,2804.0
2026-08-05 13:15:00,MNST,,94.58000183105469,94.58000183105469,94.54499816894531,94.54499816894531,4716.0
2026-08-05 13:15:00,MOVE,,12.109999656677246,12.134499549865723,12.109999656677246,12.134499549865723,1433.0
2026-08-05 13:15:00,MPWR,,1337.0,1337.0,1333.989990234375,1334.199951171875,1405.0
2026-08-05 13:15:00,MRNA,,56.7400016784668,56.7400016784668,56.66999816894531,56.68000030517578,3250.0
2026-08-05 13:15:00,MYGN,,3.1050000190734863,3.109999895095825,3.1050000190734863,3.109999895095825,2727.0
2026-08-05 13:15:00,MYPS,,0.7439000010490417,0.7439000010490417,0.7439000010490417,0.7439000010490417,1141.0
2026-08-05 13:15:00,MYRG,,340.2200012207031,340.2200012207031,340.2200012207031,340.2200012207031,352.0
2026-08-05 13:15:00,NAMS,,27.170000076293945,27.2450008392334,27.170000076293945,27.2450008392334,697.0
2026-08-05 13:15:00,NAUT,,0.940500020980835,0.940500020980835,0.9351000189781189,0.9351000189781189,4957.0
2026-08-05 13:15:00,NAVI,,9.140000343322754,9.140000343322754,9.140000343322754,9.140000343322754,809.0
2026-08-05 13:15:00,NB,,5.070000171661377,5.070000171661377,5.070000171661377,5.070000171661377,4640.0
2026-08-05 13:15:00,NBIX,,163.28500366210938,163.3000030517578,163.25,163.3000030517578,1781.0
2026-08-05 13:15:00,NDAQ,,94.88999938964844,94.94000244140625,94.88999938964844,94.94000244140625,3049.0
2026-08-05 13:15:00,NDLS,,17.78499984741211,17.78499984741211,17.78499984741211,17.78499984741211,1348.0
2026-08-05 13:15:00,NDSN,,311.2550048828125,311.2550048828125,311.0849914550781,311.2550048828125,237.0
2026-08-05 13:15:00,NEO,,16.040000915527344,16.049999237060547,16.03499984741211,16.049999237060547,2828.0
2026-08-05 13:15:00,NEOG,,11.635000228881836,11.635000228881836,11.630000114440918,11.630000114440918,1227.0
2026-08-05 13:15:00,NEWT,,15.0600004196167,15.0600004196167,15.0600004196167,15.0600004196167,543.0
2026-08-05 13:15:00,NEXT,,6.425000190734863,6.425000190734863,6.414999961853027,6.414999961853027,4151.0
2026-08-05 13:15:00,NFE,,0.33660000562667847,0.33660000562667847,0.33660000562667847,0.33660000562667847,200.0
2026-08-05 13:15:00,NFLX,,73.30500030517578,73.30989837646484,73.27999877929688,73.29000091552734,32152.0
2026-08-05 13:15:00,NKTR,,73.15499877929688,73.15499877929688,73.15499877929688,73.15499877929688,196.0
2026-08-05 13:15:00,NMFCZ,,25.110000610351562,25.110000610351562,25.110000610351562,25.110000610351562,20.0
2026-08-05 13:15:00,NMRK,,15.635000228881836,15.635000228881836,15.630000114440918,15.630000114440918,741.0
2026-08-05 13:15:00,NN,,14.079999923706055,14.100000381469727,14.074999809265137,14.079999923706055,18491.0
2026-08-05 13:15:00,NNBR,,3.890000104904175,3.8949999809265137,3.890000104904175,3.8949999809265137,778.0
2026-08-05 13:15:00,NNDM,,1.534999966621399,1.534999966621399,1.534999966621399,1.534999966621399,1193.0
2026-08-05 13:15:00,NPCE,,13.390000343322754,13.390000343322754,13.369999885559082,13.369999885559082,596.0
2026-08-05 13:15:00,NRIX,,25.049999237060547,25.049999237060547,25.045000076293945,25.045000076293945,1143.0
2026-08-05 13:15:00,NTAP,,189.5800018310547,189.58999633789062,189.46499633789062,189.46499633789062,2890.0
2026-08-05 13:15:00,NTES,,127.62999725341797,127.70999908447266,127.61000061035156,127.61000061035156,3128.0
2026-08-05 13:15:00,NTNX,,60.790000915527344,60.790000915527344,60.779998779296875,60.790000915527344,2728.0
2026-08-05 13:15:00,NTRA,,275.8999938964844,275.8999938964844,275.7699890136719,275.7699890136719,662.0
2026-08-05 13:15:00,NTRS,,183.75999450683594,183.7949981689453,183.75999450683594,183.7949981689453,727.0
2026-08-05 13:15:00,NVAX,,7.605000019073486,7.605000019073486,7.59499979019165,7.599999904632568,1749.0
2026-08-05 13:15:00,NVCR,,16.040000915527344,16.040000915527344,16.030000686645508,16.030000686645508,921.0
2026-08-05 13:15:00,NVCT,,20.219999313354492,20.219999313354492,20.219999313354492,20.219999313354492,1.0
2026-08-05 13:15:00,NVDA,,221.46499633789062,221.50999450683594,221.22999572753906,221.3800048828125,294633.0
2026-08-05 13:15:00,NVMI,,407.8599853515625,408.3299865722656,407.8599853515625,408.3299865722656,1496.0
2026-08-05 13:15:00,NVTS,,12.4399995803833,12.4399995803833,12.404999732971191,12.420000076293945,12129.0
2026-08-05 13:15:00,NWE,,68.7300033569336,68.7300033569336,68.7300033569336,68.7300033569336,572.0
2026-08-05 13:15:00,NWL,,6.244999885559082,6.244999885559082,6.239999771118164,6.240099906921387,6429.0
2026-08-05 13:15:00,NWPX,,127.91000366210938,127.91000366210938,127.91000366210938,127.91000366210938,832.0
2026-08-05 13:15:00,NWS,,32.279998779296875,32.28499984741211,32.279998779296875,32.28499984741211,2826.0
2026-08-05 13:15:00,NWSA,,28.2450008392334,28.2450008392334,28.235000610351562,28.235000610351562,4036.0
2026-08-05 13:15:00,NXPI,,231.74000549316406,231.75999450683594,231.625,231.75999450683594,2844.0
2026-08-05 13:15:00,NXT,,98.6500015258789,98.6500015258789,98.52999877929688,98.54000091552734,4496.0
2026-08-05 13:15:00,OABI,,2.059999942779541,2.059999942779541,2.059999942779541,2.059999942779541,259.0
2026-08-05 13:15:00,OCCI,,2.4800000190734863,2.4800000190734863,2.4800000190734863,2.4800000190734863,200.0
2026-08-05 13:15:00,OCFC,,19.850000381469727,19.850000381469727,19.850000381469727,19.850000381469727,1549.0
2026-08-05 13:15:00,OCGN,,1.2999999523162842,1.2999999523162842,1.2949999570846558,1.2999999523162842,2651.0
2026-08-05 13:15:00,OCSL,,12.130000114440918,12.130000114440918,12.130000114440918,12.130000114440918,683.0
2026-08-05 13:15:00,OCUL,,8.53499984741211,8.53499984741211,8.529999732971191,8.529999732971191,1927.0
2026-08-05 13:15:00,ODD,,15.350000381469727,15.350000381469727,15.350000381469727,15.350000381469727,390.0
2026-08-05 13:15:00,ODFL,,214.33999633789062,214.33999633789062,214.19000244140625,214.22999572753906,6074.0
2026-08-05 13:15:00,OESX,,14.595000267028809,14.595000267028809,14.595000267028809,14.595000267028809,324.0
2026-08-05 13:15:00,OFIX,,10.529999732971191,10.550000190734863,10.529999732971191,10.550000190734863,1086.0
2026-08-05 13:15:00,OKTA,,148.25999450683594,148.3000030517578,148.25999450683594,148.27499389648438,1192.0
2026-08-05 13:15:00,OLLI,,78.0,78.15499877929688,77.98999786376953,78.0,12270.0
2026-08-05 13:15:00,OLMA,,11.550000190734863,11.5600004196167,11.550000190734863,11.5600004196167,1501.0
2026-08-05 13:15:00,OMCL,,37.34000015258789,37.34000015258789,37.33000183105469,37.34000015258789,2776.0
2026-08-05 13:15:00,OMER,,12.850000381469727,12.850000381469727,12.850000381469727,12.850000381469727,871.0
2026-08-05 13:15:00,OMH,,0.1136000007390976,0.11429999768733978,0.1136000007390976,0.11420000344514847,2519.0
2026-08-05 13:15:00,ON,,77.75,77.76000213623047,77.58999633789062,77.75,19740.0
2026-08-05 13:15:00,ONB,,27.06999969482422,27.06999969482422,27.06999969482422,27.06999969482422,1397.0
2026-08-05 13:15:00,ONCO,,0.7972999811172485,0.7972999811172485,0.7972999811172485,0.7972999811172485,220.0
2026-08-05 13:15:00,ONDS,,8.914999961853027,8.920000076293945,8.880000114440918,8.890000343322754,421922.0
2026-08-05 13:15:00,ONFO,,0.07450000196695328,0.07450000196695328,0.07450000196695328,0.07450000196695328,3282.0
2026-08-05 13:15:00,OPEN,,3.8499999046325684,3.8499999046325684,3.8299999237060547,3.8299999237060547,102936.0
2026-08-05 13:15:00,OPHC,,8.569999694824219,8.569999694824219,8.569999694824219,8.569999694824219,3060.0
2026-08-05 13:15:00,OPK,,1.3109999895095825,1.3109999895095825,1.3109999895095825,1.3109999895095825,1583.0
2026-08-05 13:15:00,ORGO,,2.3399999141693115,2.3399999141693115,2.3399999141693115,2.3399999141693115,1726.0
2026-08-05 13:15:00,ORIC,,13.005000114440918,13.005000114440918,12.979999542236328,12.979999542236328,8789.0
2026-08-05 13:15:00,ORLY,,93.18499755859375,93.22000122070312,93.18000030517578,93.18000030517578,17400.0
2026-08-05 13:15:00,OSIS,,236.36000061035156,236.36000061035156,236.36000061035156,236.36000061035156,179.0
2026-08-05 13:15:00,OSS,,13.859999656677246,13.869999885559082,13.84000015258789,13.84000015258789,2527.0
2026-08-05 13:15:00,OTLK,,1.0199999809265137,1.0199999809265137,1.0099999904632568,1.0149999856948853,7720.0
2026-08-05 13:15:00,OVID,,2.5999999046325684,2.609999895095825,2.5999999046325684,2.6050000190734863,26117.0
2026-08-05 13:15:00,OXLC,,9.14009952545166,9.14009952545166,9.14009952545166,9.14009952545166,1009.0
2026-08-05 13:15:00,PAA,,23.204999923706055,23.20509910583496,23.204999923706055,23.204999923706055,2638.0
2026-08-05 13:15:00,PAAS,,47.93000030517578,47.93000030517578,47.900001525878906,47.900001525878906,3443.0
2026-08-05 13:15:00,PACB,,1.3650000095367432,1.3776999711990356,1.3650000095367432,1.3700000047683716,91838.0
2026-08-05 13:15:00,PAGP,,25.149999618530273,25.149999618530273,25.149999618530273,25.149999618530273,131.0
2026-08-05 13:15:00,PALI,,2.140000104904175,2.140000104904175,2.130000114440918,2.140000104904175,1619.0
2026-08-05 13:15:00,PANL,,7.235000133514404,7.235000133514404,7.230000019073486,7.230000019073486,2088.0
2026-08-05 13:15:00,PANW,,365.5,365.8349914550781,365.1000061035156,365.17999267578125,21612.0
2026-08-05 13:15:00,PAVM,,5.088699817657471,5.088699817657471,5.088699817657471,5.088699817657471,789.0
2026-08-05 13:15:00,PAVS,,4.999199867248535,4.999199867248535,4.999199867248535,4.999199867248535,200.0
2026-08-05 13:15:00,PAYS,,9.149999618530273,9.149999618530273,9.149999618530273,9.149999618530273,1062.0
2026-08-05 13:15:00,PAYX,,117.33000183105469,117.36000061035156,117.33000183105469,117.36000061035156,1632.0
2026-08-05 13:15:00,PCAR,,134.25,134.25,134.1999969482422,134.1999969482422,2047.0
2026-08-05 13:15:00,PCT,,6.875,6.875,6.855000019073486,6.855000019073486,2848.0
2026-08-05 13:15:00,PCTY,,144.9600067138672,144.97999572753906,144.9600067138672,144.97500610351562,1252.0
2026-08-05 13:15:00,PDD,,90.94999694824219,90.97000122070312,90.8280029296875,90.83000183105469,24727.0
2026-08-05 13:15:00,PDFS,,49.939998626708984,49.939998626708984,49.939998626708984,49.939998626708984,859.0
2026-08-05 13:15:00,PECO,,41.369998931884766,41.369998931884766,41.31999969482422,41.33000183105469,4418.0
2026-08-05 13:15:00,PEGA,,31.780000686645508,31.780000686645508,31.760000228881836,31.770000457763672,2014.0
2026-08-05 13:15:00,PENN,,19.875,19.8799991607666,19.875,19.8799991607666,2183.0
2026-08-05 13:15:00,PEP,,138.6699981689453,138.6999969482422,138.66009521484375,138.6699981689453,4426.0
2026-08-05 13:15:00,PEPG,,1.9500000476837158,1.9500000476837158,1.9450000524520874,1.9450000524520874,2414.0
2026-08-05 13:15:00,PERI,,9.539999961853027,9.539999961853027,9.539999961853027,9.539999961853027,964.0
2026-08-05 13:15:00,PFG,,114.01000213623047,114.02999877929688,114.01000213623047,114.02999877929688,1181.0
2026-08-05 13:15:00,PGEN,,6.849999904632568,6.855000019073486,6.840000152587891,6.840000152587891,17272.0
2026-08-05 13:15:00,PGY,,21.58989906311035,21.59000015258789,21.549999237060547,21.559999465942383,6953.0
2026-08-05 13:15:00,PHAT,,8.4399995803833,8.4399995803833,8.4399995803833,8.4399995803833,2992.0
2026-08-05 13:15:00,PHVS,,33.34000015258789,33.439998626708984,33.34000015258789,33.439998626708984,2303.0
2026-08-05 13:15:00,PLAB,,31.989999771118164,31.9950008392334,31.969999313354492,31.9950008392334,1644.0
2026-08-05 13:15:00,PLPC,,462.8500061035156,462.8500061035156,462.3999938964844,462.3999938964844,757.0
2026-08-05 13:15:00,PLUG,,2.075000047683716,2.0799999237060547,2.069999933242798,2.075000047683716,31326.0
2026-08-05 13:15:00,PNBK,,1.1349999904632568,1.1349999904632568,1.1349999904632568,1.1349999904632568,94.0
2026-08-05 13:15:00,PNFP,,107.66999816894531,107.66999816894531,107.66999816894531,107.66999816894531,153.0
2026-08-05 13:15:00,PNTG,,39.060001373291016,39.060001373291016,39.060001373291016,39.060001373291016,2395.0
2026-08-05 13:15:00,POET,,8.289999961853027,8.289999961853027,8.270000457763672,8.270000457763672,8384.0
2026-08-05 13:15:00,POOL,,206.01499938964844,206.04750061035156,206.01499938964844,206.02000427246094,740.0
2026-08-05 13:15:00,POWL,,212.50999450683594,212.6199951171875,212.39500427246094,212.39500427246094,1107.0
2026-08-05 13:15:00,PPTA,,22.270000457763672,22.270000457763672,22.229999542236328,22.229999542236328,1483.0
2026-08-05 13:15:00,PRAX,,314.3399963378906,314.3399963378906,314.2200012207031,314.2200012207031,1395.0
2026-08-05 13:15:00,PRCH,,15.859999656677246,15.899999618530273,15.859999656677246,15.899999618530273,2973.0
2026-08-05 13:15:00,PRCT,,19.204999923706055,19.219999313354492,19.204999923706055,19.219999313354492,3319.0
2026-08-05 13:15:00,PRGS,,42.099998474121094,42.099998474121094,42.099998474121094,42.099998474121094,1163.0
2026-08-05 13:15:00,PRIM,,84.30000305175781,84.42500305175781,84.23999786376953,84.30999755859375,3333.0
2026-08-05 13:15:00,PRME,,3.065000057220459,3.065000057220459,3.0611000061035156,3.065000057220459,1980.0
2026-08-05 13:15:00,PRSO,,0.6891999840736389,0.6891999840736389,0.6891999840736389,0.6891999840736389,857.0
2026-08-05 13:15:00,PSEC,,2.190000057220459,2.190000057220459,2.180999994277954,2.190000057220459,5151.0
2026-08-05 13:15:00,PSMT,,192.65499877929688,192.65499877929688,192.65499877929688,192.65499877929688,247.0
2026-08-05 13:15:00,PSNL,,13.539999961853027,13.539999961853027,13.520000457763672,13.520000457763672,2373.0
2026-08-05 13:15:00,PTEN,,9.78499984741211,9.78499984741211,9.779800415039062,9.779999732971191,2567.0
2026-08-05 13:15:00,PTON,,6.514999866485596,6.534999847412109,6.510000228881836,6.534999847412109,19677.0
2026-08-05 13:15:00,PWP,,17.299999237060547,17.299999237060547,17.299999237060547,17.299999237060547,669.0
2026-08-05 13:15:00,PYPL,,58.244998931884766,58.275001525878906,58.2400016784668,58.275001525878906,7404.0
2026-08-05 13:15:00,PZZA,,30.100000381469727,30.100000381469727,30.059999465942383,30.06999969482422,4913.0
2026-08-05 13:15:00,QCOM,,158.07989501953125,158.07989501953125,157.80999755859375,157.89999389648438,6483.0
2026-08-05 13:15:00,QFIN,,13.1850004196167,13.1850004196167,13.1850004196167,13.1850004196167,393.0
2026-08-05 13:15:00,QRVO,,94.83000183105469,94.83000183105469,94.81999969482422,94.81999969482422,2347.0
2026-08-05 13:15:00,SEED,,1.0299999713897705,1.0299999713897705,1.0199999809265137,1.0199999809265137,128.0
2026-08-05 13:15:00,STIM,,2.2750000953674316,2.2750000953674316,2.2750000953674316,2.2750000953674316,954.0
2026-08-05 13:16:00,ACDC,,4.40500020980835,4.40500020980835,4.40500020980835,4.40500020980835,4273.0
2026-08-05 13:16:00,BPRN,,41.97999954223633,41.97999954223633,41.970001220703125,41.970001220703125,281.0
2026-08-05 13:16:00,CASH,,89.1050033569336,89.1050033569336,89.1050033569336,89.1050033569336,407.0
2026-08-05 13:16:00,CNXN,,85.15499877929688,85.15499877929688,85.15499877929688,85.15499877929688,470.0
2026-08-05 13:16:00,DTIL,,7.53000020980835,7.53000020980835,7.53000020980835,7.53000020980835,645.0
2026-08-05 13:16:00,GLUE,,15.630000114440918,15.630000114440918,15.630000114440918,15.630000114440918,1469.0
2026-08-05 13:16:00,LUNG,,2.0,2.0,2.0,2.0,187.0
2026-08-05 13:16:00,MBRX,,0.40049999952316284,0.40049999952316284,0.40049999952316284,0.40049999952316284,1262.0
2026-08-05 13:16:00,MCRI,,123.86000061035156,123.86000061035156,123.86000061035156,123.86000061035156,862.0
2026-08-05 13:16:00,MDB,,375.7250061035156,375.7250061035156,375.7200012207031,375.7200012207031,278.0
2026-08-05 13:16:00,MDLZ,,62.53499984741211,62.540000915527344,62.4900016784668,62.5099983215332,24607.0
2026-08-05 13:16:00,MLTX,,17.795000076293945,17.795000076293945,17.795000076293945,17.795000076293945,589.0
2026-08-05 13:16:00,MNST,,94.5199966430664,94.55999755859375,94.5199966430664,94.55999755859375,2786.0
2026-08-05 13:16:00,MPWR,,1334.1199951171875,1337.06005859375,1333.110107421875,1337.0,1232.0
2026-08-05 13:16:00,MRNA,,56.75,56.79999923706055,56.75,56.75,3118.0
2026-08-05 13:16:00,MYRG,,340.3800048828125,340.7149963378906,340.3800048828125,340.3800048828125,807.0
2026-08-05 13:16:00,NAMS,,27.329999923706055,27.329999923706055,27.2549991607666,27.2549991607666,1790.0
2026-08-05 13:16:00,NAUT,,0.9383999705314636,0.9383999705314636,0.9383999705314636,0.9383999705314636,6997.0
2026-08-05 13:16:00,NAVI,,9.145000457763672,9.145000457763672,9.145000457763672,9.145000457763672,234.0
2026-08-05 13:16:00,NB,,5.070000171661377,5.070000171661377,5.070000171661377,5.070000171661377,1224.0
2026-08-05 13:16:00,NBIX,,163.4149932861328,163.4149932861328,163.3300018310547,163.3300018310547,2161.0
2026-08-05 13:16:00,NBN,,134.46499633789062,134.46499633789062,134.46499633789062,134.46499633789062,1039.0
2026-08-05 13:16:00,NBTB,,53.459999084472656,53.459999084472656,53.459999084472656,53.459999084472656,906.0
2026-08-05 13:16:00,NCRA,,1.8300000429153442,1.8300000429153442,1.8200000524520874,1.8200000524520874,9500.0
2026-08-05 13:16:00,NDAQ,,94.88999938964844,94.91999816894531,94.88999938964844,94.91000366210938,3049.0
2026-08-05 13:16:00,NDSN,,311.30999755859375,311.30999755859375,311.2650146484375,311.30999755859375,636.0
2026-08-05 13:16:00,NEO,,16.049999237060547,16.049999237060547,16.049999237060547,16.049999237060547,998.0
2026-08-05 13:16:00,NEOG,,11.625,11.635000228881836,11.625,11.635000228881836,3060.0
2026-08-05 13:16:00,NEOV,,2.8399999141693115,2.8399999141693115,2.8399999141693115,2.8399999141693115,311.0
2026-08-05 13:16:00,NESR,,28.709999084472656,28.709999084472656,28.709999084472656,28.709999084472656,1519.0
2026-08-05 13:16:00,NEXT,,6.429999828338623,6.429999828338623,6.425000190734863,6.425000190734863,4639.0
2026-08-05 13:16:00,NFE,,0.33660000562667847,0.3370000123977661,0.3361999988555908,0.3370000123977661,2122.0
2026-08-05 13:16:00,NFLX,,73.29499816894531,73.31500244140625,73.28140258789062,73.30500030517578,24495.0
2026-08-05 13:16:00,NGNE,,35.38999938964844,35.40999984741211,35.380001068115234,35.380001068115234,3112.0
2026-08-05 13:16:00,NKTR,,73.22000122070312,73.2300033569336,73.20999908447266,73.2300033569336,822.0
2026-08-05 13:16:00,NKTX,,2.219099998474121,2.219099998474121,2.2149999141693115,2.2149999141693115,2880.0
2026-08-05 13:16:00,NMFC,,7.335000038146973,7.335000038146973,7.335000038146973,7.335000038146973,954.0
2026-08-05 13:16:00,NMIH,,44.470001220703125,44.470001220703125,44.470001220703125,44.470001220703125,209.0
2026-08-05 13:16:00,NMRK,,15.630000114440918,15.640000343322754,15.630000114440918,15.635000228881836,766.0
2026-08-05 13:16:00,NN,,14.119999885559082,14.119999885559082,14.09000015258789,14.100000381469727,16233.0
2026-08-05 13:16:00,NNBR,,3.890000104904175,3.9000000953674316,3.890000104904175,3.9000000953674316,2309.0
2026-08-05 13:16:00,NNDM,,1.5299999713897705,1.5312999486923218,1.5299999713897705,1.5312999486923218,1617.0
2026-08-05 13:16:00,NNOX,,1.0149999856948853,1.024999976158142,1.0,1.024999976158142,42513.0
2026-08-05 13:16:00,NOVT,,156.07000732421875,156.07000732421875,156.07000732421875,156.07000732421875,339.0
2026-08-05 13:16:00,NRC,,19.649999618530273,19.649999618530273,19.649999618530273,19.649999618530273,648.0
2026-08-05 13:16:00,NRDS,,9.154999732971191,9.154999732971191,9.135000228881836,9.135000228881836,5865.0
2026-08-05 13:16:00,NRXP,,3.055000066757202,3.055000066757202,3.055000066757202,3.055000066757202,803.0
2026-08-05 13:16:00,NTAP,,189.625,189.625,189.52999877929688,189.52999877929688,1496.0
2026-08-05 13:16:00,NTNX,,60.810001373291016,60.810001373291016,60.77000045776367,60.775001525878906,5690.0
2026-08-05 13:16:00,NTRA,,275.8399963378906,276.07000732421875,275.8399963378906,275.9800109863281,1793.0
2026-08-05 13:16:00,NTRS,,183.75,183.7899932861328,183.75,183.7899932861328,2132.0
2026-08-05 13:16:00,NUWE,,1.715000033378601,1.715000033378601,1.715000033378601,1.715000033378601,1754.0
2026-08-05 13:16:00,NVAX,,7.605000019073486,7.614999771118164,7.605000019073486,7.605000019073486,11387.0
2026-08-05 13:16:00,NVCR,,16.059999465942383,16.059999465942383,16.059999465942383,16.059999465942383,327.0
2026-08-05 13:16:00,NVCT,,20.219999313354492,20.219999313354492,20.09000015258789,20.09000015258789,300.0
2026-08-05 13:16:00,NVDA,,221.41000366210938,221.57000732421875,221.38999938964844,221.47000122070312,162212.0
2026-08-05 13:16:00,NVTS,,12.414999961853027,12.444999694824219,12.40999984741211,12.4399995803833,48265.0
2026-08-05 13:16:00,NWBI,,15.960000038146973,15.960000038146973,15.954999923706055,15.954999923706055,1014.0
2026-08-05 13:16:00,NWL,,6.244999885559082,6.244999885559082,6.239999771118164,6.244999885559082,4517.0
2026-08-05 13:16:00,NWS,,32.279998779296875,32.28499984741211,32.279998779296875,32.28499984741211,1264.0
2026-08-05 13:16:00,NWSA,,28.2450008392334,28.2549991607666,28.2450008392334,28.2549991607666,1756.0
2026-08-05 13:16:00,NXPI,,231.64999389648438,231.7449951171875,231.5500030517578,231.7449951171875,3284.0
2026-08-05 13:16:00,NXST,,191.58999633789062,191.58999633789062,191.58999633789062,191.58999633789062,2068.0
2026-08-05 13:16:00,NXT,,98.66000366210938,98.71499633789062,98.6500015258789,98.71499633789062,6277.0
2026-08-05 13:16:00,NXTC,,5.070000171661377,5.070000171661377,5.010000228881836,5.010000228881836,1445.0
2026-08-05 13:16:00,OCCI,,2.4800000190734863,2.4800000190734863,2.4800000190734863,2.4800000190734863,200.0
2026-08-05 13:16:00,OCFC,,19.850000381469727,19.850000381469727,19.850000381469727,19.850000381469727,572.0
2026-08-05 13:16:00,OCGN,,1.2999999523162842,1.2999999523162842,1.2949999570846558,1.2949999570846558,5556.0
2026-08-05 13:16:00,OCSL,,12.125,12.130000114440918,12.119999885559082,12.130000114440918,3178.0
2026-08-05 13:16:00,OCUL,,8.539999961853027,8.539999961853027,8.53499984741211,8.53499984741211,2174.0
2026-08-05 13:16:00,ODFL,,214.05999755859375,214.34500122070312,214.05999755859375,214.33999633789062,2649.0
2026-08-05 13:16:00,OFIX,,10.510000228881836,10.529999732971191,10.510000228881836,10.529999732971191,1330.0
2026-08-05 13:16:00,OKTA,,148.27999877929688,148.32000732421875,148.210205078125,148.32000732421875,2755.0
2026-08-05 13:16:00,OLB,,0.3061999976634979,0.3061999976634979,0.3061999976634979,0.3061999976634979,533.0
2026-08-05 13:16:00,OLLI,,78.08999633789062,78.12000274658203,78.08000183105469,78.08000183105469,1600.0
2026-08-05 13:16:00,OLMA,,11.569999694824219,11.569999694824219,11.569999694824219,11.569999694824219,1035.0
2026-08-05 13:16:00,OMCL,,37.185001373291016,37.3650016784668,37.15999984741211,37.36000061035156,12364.0
2026-08-05 13:16:00,OMER,,12.859999656677246,12.859999656677246,12.859999656677246,12.859999656677246,1108.0
2026-08-05 13:16:00,OMH,,0.11400000005960464,0.11400000005960464,0.1137000024318695,0.1137000024318695,12519.0
2026-08-05 13:16:00,ON,,77.6050033569336,77.76000213623047,77.58999633789062,77.7300033569336,18403.0
2026-08-05 13:16:00,ONB,,27.059999465942383,27.06999969482422,27.059999465942383,27.06999969482422,2850.0
2026-08-05 13:16:00,ONDS,,8.899900436401367,8.920000076293945,8.89009952545166,8.920000076293945,508471.0
2026-08-05 13:16:00,ONFO,,0.07450000196695328,0.0746999979019165,0.07450000196695328,0.07450000196695328,10228.0
2026-08-05 13:16:00,OPCH,,23.44499969482422,23.454999923706055,23.44499969482422,23.450000762939453,2887.0
2026-08-05 13:16:00,OPEN,,3.8450000286102295,3.8499999046325684,3.840100049972534,3.840100049972534,18502.0
2026-08-05 13:16:00,OPK,,1.315000057220459,1.315000057220459,1.315000057220459,1.315000057220459,228.0
2026-08-05 13:16:00,OPRA,,19.8799991607666,19.8799991607666,19.8799991607666,19.8799991607666,1464.0
2026-08-05 13:16:00,OPRT,,6.111999988555908,6.111999988555908,6.111999988555908,6.111999988555908,697.0
2026-08-05 13:16:00,OPRX,,6.929999828338623,6.929999828338623,6.929999828338623,6.929999828338623,158.0
2026-08-05 13:16:00,ORIC,,13.015000343322754,13.015000343322754,13.015000343322754,13.015000343322754,1238.0
2026-08-05 13:16:00,ORLY,,93.1500015258789,93.16999816894531,93.1500015258789,93.16500091552734,9102.0
2026-08-05 13:16:00,OSS,,13.920000076293945,13.920000076293945,13.920000076293945,13.920000076293945,1101.0
2026-08-05 13:16:00,OSUR,,4.130000114440918,4.130000114440918,4.130000114440918,4.130000114440918,163.0
2026-08-05 13:16:00,OTEX,,25.850000381469727,25.850000381469727,25.844999313354492,25.844999313354492,1725.0
2026-08-05 13:16:00,OTLK,,1.0199999809265137,1.0199999809265137,1.0099999904632568,1.0199999809265137,1679.0
2026-08-05 13:16:00,OVID,,2.5950000286102295,2.5999999046325684,2.5799999237060547,2.5999999046325684,46334.0
2026-08-05 13:16:00,OXLC,,9.145000457763672,9.145000457763672,9.145000457763672,9.145000457763672,327.0
2026-08-05 13:16:00,PAA,,23.19499969482422,23.21500015258789,23.19499969482422,23.21500015258789,3503.0
2026-08-05 13:16:00,PAAS,,47.92499923706055,47.959999084472656,47.915000915527344,47.939998626708984,2971.0
2026-08-05 13:16:00,PACB,,1.3650000095367432,1.3676999807357788,1.3650000095367432,1.3676999807357788,3175.0
2026-08-05 13:16:00,PAGP,,25.149999618530273,25.149999618530273,25.149999618530273,25.149999618530273,448.0
2026-08-05 13:16:00,PAHC,,35.5099983215332,35.5099983215332,35.5099983215332,35.5099983215332,174.0
2026-08-05 13:16:00,PALI,,2.140000104904175,2.140000104904175,2.140000104904175,2.140000104904175,966.0
2026-08-05 13:16:00,PANW,,365.32000732421875,365.6883850097656,365.30999755859375,365.5199890136719,8833.0
2026-08-05 13:16:00,PATK,,87.9000015258789,87.9000015258789,87.9000015258789,87.9000015258789,453.0
2026-08-05 13:16:00,PAVM,,5.139999866485596,5.139999866485596,5.139999866485596,5.139999866485596,359.0
2026-08-05 13:16:00,PAVS,,4.840000152587891,4.849999904632568,4.840000152587891,4.849999904632568,209.0
2026-08-05 13:16:00,PAX,,11.454999923706055,11.454999923706055,11.449999809265137,11.449999809265137,2413.0
2026-08-05 13:16:00,PAYO,,7.120100021362305,7.130000114440918,7.119999885559082,7.130000114440918,240524.0
2026-08-05 13:16:00,PAYX,,117.27999877929688,117.30999755859375,117.27999877929688,117.30999755859375,2692.0
2026-08-05 13:16:00,PBYI,,7.989999771118164,7.989999771118164,7.989999771118164,7.989999771118164,1040.0
2026-08-05 13:16:00,PCAR,,134.30499267578125,134.30999755859375,134.22000122070312,134.25,7766.0
2026-08-05 13:16:00,PCRX,,24.399999618530273,24.399999618530273,24.360000610351562,24.360000610351562,637.0
2026-08-05 13:16:00,PCTY,,144.83999633789062,144.8800048828125,144.83999633789062,144.8800048828125,1213.0
2026-08-05 13:16:00,PDD,,90.87000274658203,90.92500305175781,90.87000274658203,90.91999816894531,5384.0
2026-08-05 13:16:00,PDFS,,49.90999984741211,49.90999984741211,49.90999984741211,49.90999984741211,1083.0
2026-08-05 13:16:00,PEBO,,41.75,41.77000045776367,41.75,41.7599983215332,909.0
2026-08-05 13:16:00,PECO,,41.349998474121094,41.375,41.349998474121094,41.375,1225.0
2026-08-05 13:16:00,PEGA,,31.774999618530273,31.774999618530273,31.764999389648438,31.770000457763672,3000.0
2026-08-05 13:16:00,PENN,,19.8799991607666,19.8799991607666,19.875,19.875,1110.0
2026-08-05 13:16:00,PEP,,138.63999938964844,138.66000366210938,138.6199951171875,138.66000366210938,5282.0
2026-08-05 13:16:00,PEPG,,1.9407999515533447,1.9450000524520874,1.940000057220459,1.9450000524520874,2503.0
2026-08-05 13:16:00,PESI,,17.795000076293945,17.795000076293945,17.795000076293945,17.795000076293945,314.0
2026-08-05 13:16:00,PFG,,114.1500015258789,114.1500015258789,114.02999877929688,114.05000305175781,3920.0
2026-08-05 13:16:00,PGEN,,6.869999885559082,6.875,6.855000019073486,6.855000019073486,16488.0
2026-08-05 13:16:00,PGY,,21.575000762939453,21.579999923706055,21.570100784301758,21.579999923706055,2949.0
2026-08-05 13:16:00,PHAT,,8.449999809265137,8.449999809265137,8.449999809265137,8.449999809265137,1092.0
2026-08-05 13:16:00,PHVS,,33.36000061035156,33.36000061035156,33.36000061035156,33.36000061035156,114.0
2026-08-05 13:16:00,PKOH,,41.19499969482422,41.19499969482422,41.19499969482422,41.19499969482422,344.0
2026-08-05 13:16:00,PLSE,,37.16999816894531,37.16999816894531,37.16999816894531,37.16999816894531,716.0
2026-08-05 13:16:00,PLTK,,3.924999952316284,3.924999952316284,3.924999952316284,3.924999952316284,1155.0
2026-08-05 13:16:00,PLUG,,2.0799999237060547,2.0799999237060547,2.069999933242798,2.0739998817443848,13084.0
2026-08-05 13:16:00,PMCB,,0.5920000076293945,0.5920000076293945,0.5920000076293945,0.5920000076293945,3100.0
2026-08-05 13:16:00,PNFP,,107.72000122070312,107.7699966430664,107.72000122070312,107.72000122070312,1481.0
2026-08-05 13:16:00,POET,,8.300000190734863,8.300000190734863,8.291899681091309,8.295000076293945,2286.0
2026-08-05 13:16:00,POOL,,206.11000061035156,206.11000061035156,206.11000061035156,206.11000061035156,659.0
2026-08-05 13:16:00,PPBT,,1.4500000476837158,1.4500000476837158,1.4500000476837158,1.4500000476837158,1482.0
2026-08-05 13:16:00,PPTA,,22.280000686645508,22.280000686645508,22.264999389648438,22.270000457763672,956.0
2026-08-05 13:16:00,PRCH,,15.864999771118164,15.864999771118164,15.864999771118164,15.864999771118164,510.0
2026-08-05 13:16:00,PRCT,,19.204999923706055,19.209999084472656,19.204999923706055,19.209999084472656,1978.0
2026-08-05 13:16:00,PRIM,,84.36499786376953,84.36499786376953,84.33999633789062,84.33999633789062,2327.0
2026-08-05 13:16:00,PRME,,3.0699000358581543,3.069999933242798,3.0699000358581543,3.069999933242798,1767.0
2026-08-05 13:16:00,PRTA,,8.494999885559082,8.494999885559082,8.489999771118164,8.489999771118164,1456.0
2026-08-05 13:16:00,PRVA,,24.40999984741211,24.420000076293945,24.40999984741211,24.420000076293945,394.0
2026-08-05 13:16:00,PSEC,,2.190000057220459,2.190000057220459,2.184999942779541,2.190000057220459,1047.0
2026-08-05 13:16:00,PSMT,,192.65499877929688,192.65499877929688,192.65499877929688,192.65499877929688,336.0
2026-08-05 13:16:00,PSNL,,13.539999961853027,13.539999961853027,13.539999961853027,13.539999961853027,617.0
2026-08-05 13:16:00,PTC,,139.6649932861328,139.7899932861328,139.6649932861328,139.6649932861328,1976.0
2026-08-05 13:16:00,PTCT,,69.05999755859375,69.05999755859375,69.05000305175781,69.05000305175781,1214.0
2026-08-05 13:16:00,PTEN,,9.78499984741211,9.78499984741211,9.774999618530273,9.779999732971191,8385.0
2026-08-05 13:16:00,PTGX,,135.88999938964844,135.97999572753906,135.88999938964844,135.97999572753906,2275.0
2026-08-05 13:16:00,PTON,,6.514999866485596,6.515100002288818,6.510000228881836,6.514999866485596,5769.0
2026-08-05 13:16:00,PWP,,17.299999237060547,17.309999465942383,17.299999237060547,17.299999237060547,1772.0
2026-08-05 13:16:00,PYPL,,58.220001220703125,58.25,58.21500015258789,58.2400016784668,7060.0
2026-08-05 13:16:00,PYXS,,3.190000057220459,3.190000057220459,3.190000057220459,3.190000057220459,431.0
2026-08-05 13:16:00,PZZA,,30.129899978637695,30.129899978637695,30.100000381469727,30.1200008392334,2411.0
2026-08-05 13:16:00,QCOM,,157.89999389648438,158.08999633789062,157.89999389648438,158.00999450683594,8160.0
2026-08-05 13:16:00,QFIN,,13.1850004196167,13.1850004196167,13.1850004196167,13.1850004196167,397.0
2026-08-05 13:16:00,QRVO,,94.77999877929688,94.87999725341797,94.77999877929688,94.87999725341797,1842.0
2026-08-05 13:16:00,SEED,,1.0299999713897705,1.0299999713897705,1.0299999713897705,1.0299999713897705,1001.0
2026-08-05 13:16:00,TARA,,4.025000095367432,4.025000095367432,4.025000095367432,4.025000095367432,393.0
2026-08-05 13:16:00,WOOF,,2.944999933242798,2.944999933242798,2.944999933242798,2.944999933242798,105.0
2026-08-05 13:17:00,ACDC,,4.414999961853027,4.414999961853027,4.409999847412109,4.409999847412109,11098.0
2026-08-05 13:17:00,DTIL,,7.521900177001953,7.521900177001953,7.521900177001953,7.521900177001953,142.0
2026-08-05 13:17:00,EYE,,23.18000030517578,23.200000762939453,23.18000030517578,23.200000762939453,5030.0
2026-08-05 13:17:00,FIZZ,,32.119998931884766,32.14500045776367,32.1150016784668,32.14500045776367,4375.0
2026-08-05 13:17:00,GLUE,,15.640000343322754,15.649999618530273,15.640000343322754,15.649999618530273,544.0
2026-08-05 13:17:00,KIDS,,21.510000228881836,21.530000686645508,21.40999984741211,21.420000076293945,2980.0
2026-08-05 13:17:00,LUNG,,1.9991999864578247,1.9991999864578247,1.9991999864578247,1.9991999864578247,1069.0
2026-08-05 13:17:00,MBIO,,0.5942000150680542,0.5942000150680542,0.5942000150680542,0.5942000150680542,101.0
2026-08-05 13:17:00,MBRX,,0.40059998631477356,0.40059998631477356,0.40049999952316284,0.40049999952316284,24606.0
2026-08-05 13:17:00,MDB,,375.385009765625,375.5799865722656,375.385009765625,375.4599914550781,1826.0
2026-08-05 13:17:00,MDLZ,,62.564998626708984,62.564998626708984,62.529998779296875,62.53499984741211,17475.0
2026-08-05 13:17:00,MNPR,,118.69000244140625,118.69000244140625,118.69000244140625,118.69000244140625,728.0
2026-08-05 13:17:00,MNRO,,13.23799991607666,13.23799991607666,13.23799991607666,13.23799991607666,365.0
2026-08-05 13:17:00,MNST,,94.52999877929688,94.52999877929688,94.5199966430664,94.5199966430664,1375.0
2026-08-05 13:17:00,MNTS,,4.265600204467773,4.265600204467773,4.265600204467773,4.265600204467773,208.0
2026-08-05 13:17:00,MPWR,,1334.7750244140625,1336.6400146484375,1333.1099853515625,1336.6400146484375,390.0
2026-08-05 13:17:00,MRNA,,56.70500183105469,56.7400016784668,56.689998626708984,56.72999954223633,9576.0
2026-08-05 13:17:00,MYGN,,3.109999895095825,3.109999895095825,3.109999895095825,3.109999895095825,968.0
2026-08-05 13:17:00,NAMS,,27.344999313354492,27.344999313354492,27.262500762939453,27.329999923706055,2991.0
2026-08-05 13:17:00,NAUT,,0.9383000135421753,0.9383000135421753,0.9373999834060669,0.9373999834060669,790.0
2026-08-05 13:17:00,NAVI,,9.145000457763672,9.145000457763672,9.145000457763672,9.145000457763672,853.0
2026-08-05 13:17:00,NBIX,,163.4199981689453,163.4199981689453,163.39999389648438,163.41000366210938,787.0
2026-08-05 13:17:00,NDSN,,311.3299865722656,311.3299865722656,311.2149963378906,311.2149963378906,490.0
2026-08-05 13:17:00,NEO,,16.040000915527344,16.040000915527344,16.030000686645508,16.040000915527344,2775.0
2026-08-05 13:17:00,NEOG,,11.619999885559082,11.619999885559082,11.619999885559082,11.619999885559082,475.0
2026-08-05 13:17:00,NEOV,,2.8499999046325684,2.8499999046325684,2.8408000469207764,2.8408000469207764,1306.0
2026-08-05 13:17:00,NEWT,,15.050000190734863,15.050000190734863,15.050000190734863,15.050000190734863,242.0
2026-08-05 13:17:00,NEXT,,6.434999942779541,6.434999942779541,6.434999942779541,6.434999942779541,2712.0
2026-08-05 13:17:00,NFE,,0.33660000562667847,0.33660000562667847,0.33660000562667847,0.33660000562667847,406.0
2026-08-05 13:17:00,NFLX,,73.29000091552734,73.30000305175781,73.2699966430664,73.29499816894531,15533.0
2026-08-05 13:17:00,NICE,,98.02999877929688,98.02999877929688,98.02999877929688,98.02999877929688,1212.0
2026-08-05 13:17:00,NKTR,,73.10009765625,73.10009765625,73.10009765625,73.10009765625,2699.0
2026-08-05 13:17:00,NKTX,,2.2149999141693115,2.2200000286102295,2.2149999141693115,2.2200000286102295,2777.0
2026-08-05 13:17:00,NMIH,,44.4900016784668,44.4900016784668,44.4900016784668,44.4900016784668,489.0
2026-08-05 13:17:00,NMRK,,15.630000114440918,15.635899543762207,15.630000114440918,15.635899543762207,2530.0
2026-08-05 13:17:00,NN,,14.125,14.125,14.114999771118164,14.119999885559082,1446.0
2026-08-05 13:17:00,NNBR,,3.8949999809265137,3.9000000953674316,3.8949999809265137,3.8949999809265137,1290.0
2026-08-05 13:17:00,NNDM,,1.534999966621399,1.534999966621399,1.534999966621399,1.534999966621399,3815.0
2026-08-05 13:17:00,NNOX,,1.0104000568389893,1.0149999856948853,1.0104000568389893,1.0149999856948853,920.0
2026-08-05 13:17:00,NODK,,15.460000038146973,15.460000038146973,15.460000038146973,15.460000038146973,292.0
2026-08-05 13:17:00,NOVT,,156.00999450683594,156.00999450683594,156.00999450683594,156.00999450683594,842.0
2026-08-05 13:17:00,NRIX,,25.079999923706055,25.079999923706055,25.079999923706055,25.079999923706055,443.0
2026-08-05 13:17:00,NRSN,,0.5376999974250793,0.5376999974250793,0.5376999974250793,0.5376999974250793,217.0
2026-08-05 13:17:00,NRXP,,3.055000066757202,3.055000066757202,3.055000066757202,3.055000066757202,295.0
2026-08-05 13:17:00,NSSC,,40.21500015258789,40.21500015258789,40.21500015258789,40.21500015258789,991.0
2026-08-05 13:17:00,NTAP,,189.6649932861328,189.6649932861328,189.6649932861328,189.6649932861328,124.0
2026-08-05 13:17:00,NTES,,127.60980224609375,127.6500015258789,127.60980224609375,127.6500015258789,1288.0
2026-08-05 13:17:00,NTNX,,60.779998779296875,60.81999969482422,60.779998779296875,60.810001373291016,4283.0
2026-08-05 13:17:00,NTRA,,275.9049987792969,275.9049987792969,275.610107421875,275.7699890136719,2076.0
2026-08-05 13:17:00,NTRS,,183.7100067138672,183.7899932861328,183.6999969482422,183.72000122070312,4769.0
2026-08-05 13:17:00,NUWE,,1.7100000381469727,1.715000033378601,1.7100000381469727,1.715000033378601,1147.0
2026-08-05 13:17:00,NVAX,,7.619999885559082,7.619999885559082,7.605000019073486,7.605000019073486,6324.0
2026-08-05 13:17:00,NVCR,,16.065000534057617,16.100000381469727,16.030000686645508,16.049999237060547,13946.0
2026-08-05 13:17:00,NVCT,,20.219999313354492,20.219999313354492,20.219999313354492,20.219999313354492,231.0
2026-08-05 13:17:00,NVDA,,221.375,221.46400451660156,221.25999450683594,221.41000366210938,140910.0
2026-08-05 13:17:00,NVTS,,12.4350004196167,12.438599586486816,12.404999732971191,12.414999961853027,21721.0
2026-08-05 13:17:00,NWBI,,15.954999923706055,15.954999923706055,15.954999923706055,15.954999923706055,637.0
2026-08-05 13:17:00,NWGL,,0.26109999418258667,0.2621000111103058,0.26109999418258667,0.2621000111103058,5993.0
2026-08-05 13:17:00,NWL,,6.25,6.255000114440918,6.239999771118164,6.239999771118164,19835.0
2026-08-05 13:17:00,NWS,,32.27000045776367,32.28499984741211,32.27000045776367,32.28499984741211,1139.0
2026-08-05 13:17:00,NWSA,,28.235000610351562,28.239999771118164,28.235000610351562,28.239999771118164,1815.0
2026-08-05 13:17:00,NXPI,,231.35499572753906,231.49000549316406,231.17999267578125,231.49000549316406,5176.0
2026-08-05 13:17:00,NXT,,98.73500061035156,98.76000213623047,98.6144027709961,98.66000366210938,2541.0
2026-08-05 13:17:00,NXTC,,5.019999980926514,5.019999980926514,5.019999980926514,5.019999980926514,801.0
2026-08-05 13:17:00,OCCI,,2.4800000190734863,2.4800000190734863,2.4800000190734863,2.4800000190734863,100.0
2026-08-05 13:17:00,OCFC,,19.84510040283203,19.84510040283203,19.834999084472656,19.834999084472656,1195.0
2026-08-05 13:17:00,OCGN,,1.2949999570846558,1.2999999523162842,1.2949999570846558,1.2999999523162842,2557.0
2026-08-05 13:17:00,OCS,,12.0,12.0,11.949999809265137,11.960000038146973,2034.0
2026-08-05 13:17:00,OCUL,,8.539999961853027,8.545000076293945,8.520000457763672,8.539999961853027,12976.0
2026-08-05 13:17:00,OFIX,,10.520000457763672,10.520000457763672,10.520000457763672,10.520000457763672,1013.0
2026-08-05 13:17:00,OKTA,,148.35000610351562,148.42999267578125,148.32000732421875,148.3300018310547,1415.0
2026-08-05 13:17:00,OLLI,,78.13150024414062,78.13150024414062,78.13150024414062,78.13150024414062,1135.0
2026-08-05 13:17:00,OLMA,,11.569999694824219,11.569999694824219,11.569999694824219,11.569999694824219,2079.0
2026-08-05 13:17:00,OM,,5.010000228881836,5.010000228881836,5.010000228881836,5.010000228881836,105.0
2026-08-05 13:17:00,OMCL,,37.18000030517578,37.18000030517578,37.18000030517578,37.18000030517578,682.0
2026-08-05 13:17:00,OMH,,0.1136000007390976,0.11389999836683273,0.11320000141859055,0.1137000024318695,54744.0
2026-08-05 13:17:00,ON,,77.52999877929688,77.61000061035156,77.5,77.58999633789062,18370.0
2026-08-05 13:17:00,ONDS,,8.89490032196045,8.899999618530273,8.869999885559082,8.89009952545166,589831.0
2026-08-05 13:17:00,ONFO,,0.07460000365972519,0.07460000365972519,0.07460000365972519,0.07460000365972519,9857.0
2026-08-05 13:17:00,OPCH,,23.469999313354492,23.479999542236328,23.450000762939453,23.450000762939453,3957.0
2026-08-05 13:17:00,OPEN,,3.8450000286102295,3.8499999046325684,3.8399999141693115,3.8399999141693115,132099.0
2026-08-05 13:17:00,OPK,,1.315000057220459,1.315000057220459,1.315000057220459,1.315000057220459,2808.0
2026-08-05 13:17:00,ORGO,,2.3450000286102295,2.3450000286102295,2.3399999141693115,2.3399999141693115,1029.0
2026-08-05 13:17:00,ORIC,,13.029999732971191,13.029999732971191,13.029999732971191,13.029999732971191,986.0
2026-08-05 13:17:00,ORLY,,93.12000274658203,93.12999725341797,93.11000061035156,93.12999725341797,2610.0
2026-08-05 13:17:00,OSBC,,25.790000915527344,25.790000915527344,25.790000915527344,25.790000915527344,1508.0
2026-08-05 13:17:00,OSPN,,16.489999771118164,16.510000228881836,16.489999771118164,16.510000228881836,512.0
2026-08-05 13:17:00,OSS,,13.960000038146973,13.960000038146973,13.890000343322754,13.890000343322754,1762.0
2026-08-05 13:17:00,OSUR,,4.13100004196167,4.13100004196167,4.13100004196167,4.13100004196167,171.0
2026-08-05 13:17:00,OTEX,,25.864999771118164,25.8700008392334,25.860000610351562,25.860000610351562,2655.0
2026-08-05 13:17:00,OTLK,,1.0199999809265137,1.0199999809265137,1.010699987411499,1.0199999809265137,169660.0
2026-08-05 13:17:00,OVID,,2.5950000286102295,2.5950000286102295,2.5950000286102295,2.5950000286102295,2729.0
2026-08-05 13:17:00,OXLC,,9.145000457763672,9.145000457763672,9.145000457763672,9.145000457763672,297.0
2026-08-05 13:17:00,PAAS,,47.959999084472656,47.959999084472656,47.91999816894531,47.920799255371094,1816.0
2026-08-05 13:17:00,PACB,,1.3650000095367432,1.36899995803833,1.3650000095367432,1.3650000095367432,2364.0
2026-08-05 13:17:00,PAGP,,25.139999389648438,25.139999389648438,25.139999389648438,25.139999389648438,852.0
2026-08-05 13:17:00,PALI,,2.140000104904175,2.140000104904175,2.130000114440918,2.140000104904175,3550.0
2026-08-05 13:17:00,PANW,,365.239990234375,365.4100036621094,365.239990234375,365.4100036621094,1160.0
2026-08-05 13:17:00,PAX,,11.449999809265137,11.454999923706055,11.449999809265137,11.454999923706055,696.0
2026-08-05 13:17:00,PAYO,,7.125,7.125,7.119999885559082,7.125,1342.0
2026-08-05 13:17:00,PAYX,,117.29000091552734,117.30999755859375,117.29000091552734,117.30999755859375,1251.0
2026-08-05 13:17:00,PCAR,,134.27999877929688,134.32000732421875,134.27999877929688,134.2899932861328,2842.0
2026-08-05 13:17:00,PCT,,6.889999866485596,6.889999866485596,6.875,6.875,3509.0
2026-08-05 13:17:00,PCTY,,144.99000549316406,144.99000549316406,144.96499633789062,144.96499633789062,586.0
2026-08-05 13:17:00,PDD,,90.8499984741211,90.86499786376953,90.83999633789062,90.86499786376953,3858.0
2026-08-05 13:17:00,PDFS,,50.01499938964844,50.01499938964844,50.01499938964844,50.01499938964844,105.0
2026-08-05 13:17:00,PECO,,41.33000183105469,41.33000183105469,41.33000183105469,41.33000183105469,821.0
2026-08-05 13:17:00,PENN,,19.854999542236328,19.8700008392334,19.854999542236328,19.8700008392334,5075.0
2026-08-05 13:17:00,PEP,,138.66000366210938,138.66000366210938,138.63499450683594,138.63499450683594,4733.0
2026-08-05 13:17:00,PFG,,114.12999725341797,114.12999725341797,114.08999633789062,114.08999633789062,1536.0
2026-08-05 13:17:00,PGEN,,6.877099990844727,6.885000228881836,6.860000133514404,6.880000114440918,46953.0
2026-08-05 13:17:00,PGY,,21.600000381469727,21.600000381469727,21.579999923706055,21.579999923706055,1891.0
2026-08-05 13:17:00,PLAB,,31.979999542236328,31.979999542236328,31.979999542236328,31.979999542236328,534.0
2026-08-05 13:17:00,PLMR,,135.07249450683594,135.07249450683594,134.6199951171875,134.6199951171875,1235.0
2026-08-05 13:17:00,PLPC,,463.375,463.375,463.375,463.375,430.0
2026-08-05 13:17:00,PLRX,,1.065000057220459,1.065000057220459,1.065000057220459,1.065000057220459,200.0
2026-08-05 13:17:00,PLUG,,2.075000047683716,2.0799999237060547,2.075000047683716,2.075000047683716,3997.0
2026-08-05 13:17:00,PNFP,,107.77999877929688,107.80999755859375,107.77999877929688,107.77999877929688,3018.0
2026-08-05 13:17:00,POET,,8.300000190734863,8.300000190734863,8.295700073242188,8.297599792480469,1602.0
2026-08-05 13:17:00,POOL,,205.9499969482422,205.9949951171875,205.9499969482422,205.9949951171875,615.0
2026-08-05 13:17:00,POWL,,212.52000427246094,212.52000427246094,212.52000427246094,212.52000427246094,160.0
2026-08-05 13:17:00,PPC,,26.43000030517578,26.43000030517578,26.43000030517578,26.43000030517578,1702.0
2026-08-05 13:17:00,PPTA,,22.260000228881836,22.260000228881836,22.260000228881836,22.260000228881836,858.0
2026-08-05 13:17:00,PRAX,,314.8299865722656,314.8299865722656,314.8299865722656,314.8299865722656,463.0
2026-08-05 13:17:00,PRCH,,15.864999771118164,15.864999771118164,15.862500190734863,15.862500190734863,1136.0
2026-08-05 13:17:00,PRCT,,19.200000762939453,19.209999084472656,19.200000762939453,19.204999923706055,4240.0
2026-08-05 13:17:00,PRDO,,32.83000183105469,32.83000183105469,32.83000183105469,32.83000183105469,726.0
2026-08-05 13:17:00,PRIM,,84.41999816894531,84.58999633789062,84.25,84.25,8994.0
2026-08-05 13:17:00,PRME,,3.065000057220459,3.065000057220459,3.065000057220459,3.065000057220459,147.0
2026-08-05 13:17:00,PRTH,,6.605000019073486,6.605000019073486,6.605000019073486,6.605000019073486,384.0
2026-08-05 13:17:00,PRVA,,24.420000076293945,24.420000076293945,24.420000076293945,24.420000076293945,1137.0
2026-08-05 13:17:00,PSEC,,2.184999942779541,2.190000057220459,2.184999942779541,2.190000057220459,1090.0
2026-08-05 13:17:00,PSMT,,192.58999633789062,192.58999633789062,192.58999633789062,192.58999633789062,274.0
2026-08-05 13:17:00,PSNY,,13.914999961853027,13.914999961853027,13.914999961853027,13.914999961853027,221.0
2026-08-05 13:17:00,PTC,,139.72000122070312,139.72000122070312,139.72000122070312,139.72000122070312,283.0
2026-08-05 13:17:00,PTCT,,69.12999725341797,69.12999725341797,69.12000274658203,69.12000274658203,1775.0
2026-08-05 13:17:00,PTEN,,9.780099868774414,9.78499984741211,9.780099868774414,9.78499984741211,1296.0
2026-08-05 13:17:00,PTGX,,136.10000610351562,136.10000610351562,136.02000427246094,136.02999877929688,4109.0
2026-08-05 13:17:00,PTLO,,4.644999980926514,4.644999980926514,4.644999980926514,4.644999980926514,482.0
2026-08-05 13:17:00,PTON,,6.519899845123291,6.519999980926514,6.511199951171875,6.514999866485596,7214.0
2026-08-05 13:17:00,PYPL,,58.209999084472656,58.224998474121094,58.20000076293945,58.220001220703125,8121.0
2026-08-05 13:17:00,PYXS,,3.180000066757202,3.180000066757202,3.180000066757202,3.180000066757202,1224.0
2026-08-05 13:17:00,PZZA,,30.1200008392334,30.1200008392334,30.100000381469727,30.100000381469727,1865.0
2026-08-05 13:17:00,QCOM,,157.80499267578125,157.8699951171875,157.6999969482422,157.86500549316406,8947.0
2026-08-05 13:17:00,QFIN,,13.1850004196167,13.1850004196167,13.1850004196167,13.1850004196167,318.0
2026-08-05 13:17:00,QRVO,,94.7300033569336,94.76000213623047,94.7300033569336,94.76000213623047,1533.0
2026-08-05 13:17:00,SEED,,1.0299999713897705,1.0299999713897705,1.0299999713897705,1.0299999713897705,300.0
2026-08-05 13:17:00,TARA,,4.025000095367432,4.025000095367432,4.025000095367432,4.025000095367432,388.0
2026-08-05 13:17:00,WOOF,,2.944999933242798,2.944999933242798,2.940000057220459,2.944999933242798,3440.0
2026-08-05 13:18:00,ACDC,,4.414999961853027,4.414999961853027,4.414999961853027,4.414999961853027,792.0
2026-08-05 13:18:00,BPOP,,177.55499267578125,177.64999389648438,177.47000122070312,177.64999389648438,6358.0
2026-08-05 13:18:00,DTIL,,7.550000190734863,7.550000190734863,7.550000190734863,7.550000190734863,1141.0
2026-08-05 13:18:00,EYE,,23.200000762939453,23.200000762939453,23.200000762939453,23.200000762939453,3270.0
2026-08-05 13:18:00,GLUE,,15.645000457763672,15.670000076293945,15.640000343322754,15.670000076293945,3848.0
2026-08-05 13:18:00,KIDS,,21.5,21.5,21.454999923706055,21.454999923706055,1950.0
2026-08-05 13:18:00,LUNG,,2.005000114440918,2.005000114440918,2.0,2.005000114440918,602.0
2026-08-05 13:18:00,MBRX,,0.3977999985218048,0.3977999985218048,0.3977999985218048,0.3977999985218048,0.0
2026-08-05 13:18:00,MDB,,375.2300109863281,375.67999267578125,374.7900085449219,375.6700134277344,1618.0
2026-08-05 13:18:00,MDLZ,,62.57500076293945,62.579898834228516,62.54999923706055,62.564998626708984,12177.0
2026-08-05 13:18:00,MNRO,,13.260000228881836,13.260000228881836,13.239999771118164,13.239999771118164,1800.0
2026-08-05 13:18:00,MNST,,94.54000091552734,94.54000091552734,94.52999877929688,94.54000091552734,2817.0
2026-08-05 13:18:00,MNTS,,4.25,4.260000228881836,4.25,4.260000228881836,6670.0
2026-08-05 13:18:00,MPWR,,1334.2584228515625,1334.2584228515625,1332.93017578125,1332.93017578125,267.0
2026-08-05 13:18:00,MRNA,,56.790000915527344,56.79999923706055,56.720001220703125,56.72999954223633,5306.0
2026-08-05 13:18:00,MYGN,,3.0999999046325684,3.109999895095825,3.0999999046325684,3.109999895095825,2228.0
2026-08-05 13:18:00,NAMS,,27.424999237060547,27.450000762939453,27.344999313354492,27.344999313354492,9024.0
2026-08-05 13:18:00,NAUT,,0.9373999834060669,0.9373999834060669,0.9373999834060669,0.9373999834060669,670.0
2026-08-05 13:18:00,NB,,5.074999809265137,5.074999809265137,5.074999809265137,5.074999809265137,253.0
2026-08-05 13:18:00,NBIX,,163.40060424804688,163.5800018310547,163.40060424804688,163.55999755859375,1732.0
2026-08-05 13:18:00,NDAQ,,94.88999938964844,94.88999938964844,94.8499984741211,94.86000061035156,1626.0
2026-08-05 13:18:00,NDSN,,311.3399963378906,311.3550109863281,311.2799987792969,311.3550109863281,625.0
2026-08-05 13:18:00,NEOG,,11.619999885559082,11.625,11.619999885559082,11.619999885559082,2464.0
2026-08-05 13:18:00,NEOV,,2.8450000286102295,2.8450000286102295,2.8450000286102295,2.8450000286102295,2239.0
2026-08-05 13:18:00,NESR,,28.709999084472656,28.709999084472656,28.709999084472656,28.709999084472656,1089.0
2026-08-05 13:18:00,NEWT,,15.050000190734863,15.050000190734863,15.050000190734863,15.050000190734863,737.0
2026-08-05 13:18:00,NEXT,,6.425000190734863,6.434999942779541,6.420000076293945,6.434999942779541,2319.0
2026-08-05 13:18:00,NFE,,0.33660000562667847,0.33660000562667847,0.33660000562667847,0.33660000562667847,200.0
2026-08-05 13:18:00,NFLX,,73.32620239257812,73.33499908447266,73.27369689941406,73.2938003540039,29843.0
2026-08-05 13:18:00,NIU,,2.444999933242798,2.444999933242798,2.444999933242798,2.444999933242798,400.0
2026-08-05 13:18:00,NMIH,,44.5,44.5,44.5,44.5,734.0
2026-08-05 13:18:00,NMRK,,15.640000343322754,15.640000343322754,15.635000228881836,15.635000228881836,748.0
2026-08-05 13:18:00,NN,,14.145000457763672,14.149999618530273,14.125,14.130000114440918,4915.0
2026-08-05 13:18:00,NNBR,,3.9089999198913574,3.9149999618530273,3.8949999809265137,3.8959999084472656,9193.0
2026-08-05 13:18:00,NNDM,,1.534999966621399,1.534999966621399,1.534999966621399,1.534999966621399,1920.0
2026-08-05 13:18:00,NOVT,,155.97000122070312,155.97000122070312,155.97000122070312,155.97000122070312,468.0
2026-08-05 13:18:00,NPCE,,13.420000076293945,13.420000076293945,13.420000076293945,13.420000076293945,347.0
2026-08-05 13:18:00,NRIM,,27.110000610351562,27.110000610351562,27.049999237060547,27.049999237060547,1115.0
2026-08-05 13:18:00,NRIX,,25.079999923706055,25.079999923706055,25.079999923706055,25.079999923706055,1160.0
2026-08-05 13:18:00,NRXP,,3.055000066757202,3.055000066757202,3.055000066757202,3.055000066757202,775.0
2026-08-05 13:18:00,NTAP,,189.6699981689453,189.6699981689453,189.66000366210938,189.66000366210938,1519.0
2026-08-05 13:18:00,NTGR,,24.229999542236328,24.309999465942383,24.229999542236328,24.299999237060547,6222.0
2026-08-05 13:18:00,NTNX,,60.79999923706055,60.79999923706055,60.77000045776367,60.77000045776367,3672.0
2026-08-05 13:18:00,NTRA,,275.3800048828125,275.79998779296875,275.3800048828125,275.79998779296875,2065.0
2026-08-05 13:18:00,NTRS,,183.7949981689453,183.7949981689453,183.7899932861328,183.7949981689453,915.0
2026-08-05 13:18:00,NUWE,,1.7009999752044678,1.7009999752044678,1.7009999752044678,1.7009999752044678,1171.0
2026-08-05 13:18:00,NVAX,,7.614999771118164,7.614999771118164,7.614999771118164,7.614999771118164,3106.0
2026-08-05 13:18:00,NVCR,,16.075000762939453,16.075000762939453,16.06999969482422,16.06999969482422,1842.0
2026-08-05 13:18:00,NVDA,,221.4055938720703,221.4199981689453,221.2550048828125,221.41000366210938,171425.0
2026-08-05 13:18:00,NVMI,,408.19000244140625,408.19000244140625,408.19000244140625,408.19000244140625,302.0
2026-08-05 13:18:00,NVTS,,12.4399995803833,12.4399995803833,12.430000305175781,12.4350004196167,9294.0
2026-08-05 13:18:00,NWE,,68.66000366210938,68.71499633789062,68.65499877929688,68.71499633789062,1813.0
2026-08-05 13:18:00,NWL,,6.251299858093262,6.264999866485596,6.25,6.251100063323975,18513.0
2026-08-05 13:18:00,NWS,,32.275001525878906,32.275001525878906,32.275001525878906,32.275001525878906,300.0
2026-08-05 13:18:00,NWSA,,28.235000610351562,28.2450008392334,28.235000610351562,28.235000610351562,3456.0
2026-08-05 13:18:00,NXPI,,231.22999572753906,231.35499572753906,231.22999572753906,231.35499572753906,2223.0
2026-08-05 13:18:00,NXT,,98.79000091552734,98.83000183105469,98.75,98.77999877929688,3403.0
2026-08-05 13:18:00,NXTC,,5.079999923706055,5.079999923706055,5.079999923706055,5.079999923706055,0.0
2026-08-05 13:18:00,OCCI,,2.4800000190734863,2.4800000190734863,2.4800000190734863,2.4800000190734863,184.0
2026-08-05 13:18:00,OCFC,,19.850000381469727,19.850000381469727,19.850000381469727,19.850000381469727,471.0
2026-08-05 13:18:00,OCGN,,1.2999999523162842,1.2999999523162842,1.2949999570846558,1.2999999523162842,1633.0
2026-08-05 13:18:00,OCSL,,12.125,12.125,12.125,12.125,458.0
2026-08-05 13:18:00,OCUL,,8.555000305175781,8.555000305175781,8.550000190734863,8.555000305175781,3464.0
2026-08-05 13:18:00,ODD,,15.369999885559082,15.369999885559082,15.350000381469727,15.350000381469727,894.0
2026-08-05 13:18:00,ODFL,,214.15499877929688,214.16000366210938,214.00999450683594,214.16000366210938,5776.0
2026-08-05 13:18:00,OGI,,0.949999988079071,0.949999988079071,0.9492999911308289,0.9492999911308289,3899.0
2026-08-05 13:18:00,OKTA,,148.22000122070312,148.3249969482422,148.22000122070312,148.3249969482422,1575.0
2026-08-05 13:18:00,OLLI,,78.19999694824219,78.19999694824219,78.18000030517578,78.18000030517578,980.0
2026-08-05 13:18:00,OMEX,,0.7390000224113464,0.7390000224113464,0.7390000224113464,0.7390000224113464,400.0
2026-08-05 13:18:00,OMH,,0.11420000344514847,0.1143999993801117,0.1136000007390976,0.1143999993801117,17922.0
2026-08-05 13:18:00,ON,,77.49500274658203,77.52999877929688,77.4749984741211,77.51000213623047,21380.0
2026-08-05 13:18:00,ONB,,27.065000534057617,27.065000534057617,27.059999465942383,27.059999465942383,3535.0
2026-08-05 13:18:00,ONCY,,0.7947999835014343,0.7947999835014343,0.7947999835014343,0.7947999835014343,603.0
2026-08-05 13:18:00,ONDS,,8.890000343322754,8.899900436401367,8.880000114440918,8.890000343322754,394246.0
2026-08-05 13:18:00,ONFO,,0.0746999979019165,0.0746999979019165,0.0746999979019165,0.0746999979019165,9071.0
2026-08-05 13:18:00,OPAL,,2.3399999141693115,2.3399999141693115,2.3399999141693115,2.3399999141693115,350.0
2026-08-05 13:18:00,OPCH,,23.485000610351562,23.489999771118164,23.485000610351562,23.489999771118164,2909.0
2026-08-05 13:18:00,OPEN,,3.8550000190734863,3.859999895095825,3.8499999046325684,3.8499999046325684,90891.0
2026-08-05 13:18:00,OPRT,,6.125,6.125,6.110000133514404,6.110000133514404,414.0
2026-08-05 13:18:00,OPRX,,6.920000076293945,6.920000076293945,6.920000076293945,6.920000076293945,212.0
2026-08-05 13:18:00,ORIC,,13.045000076293945,13.045000076293945,13.039999961853027,13.039999961853027,1786.0
2026-08-05 13:18:00,ORLY,,93.12999725341797,93.13500213623047,93.11000061035156,93.13500213623047,9118.0
2026-08-05 13:18:00,OSPN,,16.489999771118164,16.489999771118164,16.489999771118164,16.489999771118164,716.0
2026-08-05 13:18:00,OSS,,13.989999771118164,14.0,13.989999771118164,13.989999771118164,1878.0
2026-08-05 13:18:00,OSUR,,4.130000114440918,4.135000228881836,4.130000114440918,4.135000228881836,525.0
2026-08-05 13:18:00,OTEX,,25.844999313354492,25.860000610351562,25.844999313354492,25.860000610351562,2768.0
2026-08-05 13:18:00,OTLK,,1.0299999713897705,1.0299999713897705,1.0199999809265137,1.0199999809265137,14913.0
2026-08-05 13:18:00,OVID,,2.5950000286102295,2.5950000286102295,2.5950000286102295,2.5950000286102295,1446.0
2026-08-05 13:18:00,OXLC,,9.145000457763672,9.149999618530273,9.145000457763672,9.145000457763672,1567.0
2026-08-05 13:18:00,PAA,,23.174999237060547,23.190000534057617,23.174999237060547,23.190000534057617,2970.0
2026-08-05 13:18:00,PAAS,,47.91999816894531,47.970001220703125,47.90999984741211,47.95000076293945,5258.0
2026-08-05 13:18:00,PACB,,1.3600000143051147,1.3694000244140625,1.3600000143051147,1.3650000095367432,15348.0
2026-08-05 13:18:00,PAGP,,25.1299991607666,25.1299991607666,25.1299991607666,25.1299991607666,904.0
2026-08-05 13:18:00,PAHC,,35.5099983215332,35.5099983215332,35.5099983215332,35.5099983215332,221.0
2026-08-05 13:18:00,PALI,,2.140000104904175,2.140000104904175,2.134999990463257,2.140000104904175,813.0
2026-08-05 13:18:00,PANW,,365.2200012207031,365.4674987792969,365.0201110839844,365.32000732421875,4664.0
2026-08-05 13:18:00,PATK,,87.9000015258789,87.9000015258789,87.9000015258789,87.9000015258789,432.0
2026-08-05 13:18:00,PAX,,11.4399995803833,11.444999694824219,11.4399995803833,11.444999694824219,1354.0
2026-08-05 13:18:00,PAYO,,7.119999885559082,7.125,7.119999885559082,7.119999885559082,2990.0
2026-08-05 13:18:00,PAYX,,117.26000213623047,117.2699966430664,117.25,117.26570129394531,1603.0
2026-08-05 13:18:00,PCAR,,134.2550048828125,134.2550048828125,134.25,134.25,1167.0
2026-08-05 13:18:00,PCRX,,24.56999969482422,24.56999969482422,24.440000534057617,24.450000762939453,8420.0
2026-08-05 13:18:00,PCT,,6.885000228881836,6.889999866485596,6.885000228881836,6.889999866485596,5143.0
2026-08-05 13:18:00,PCTY,,145.0399932861328,145.0399932861328,144.97999572753906,144.97999572753906,960.0
2026-08-05 13:18:00,PDD,,90.87999725341797,90.87999725341797,90.83000183105469,90.83000183105469,4463.0
2026-08-05 13:18:00,PDFS,,50.01499938964844,50.01499938964844,50.01499938964844,50.01499938964844,204.0
2026-08-05 13:18:00,PECO,,41.25,41.29999923706055,41.25,41.29999923706055,1976.0
2026-08-05 13:18:00,PEGA,,31.780000686645508,31.78499984741211,31.780000686645508,31.78499984741211,2385.0
2026-08-05 13:18:00,PENN,,19.8700008392334,19.8700008392334,19.860000610351562,19.860000610351562,2373.0
2026-08-05 13:18:00,PEP,,138.64010620117188,138.66000366210938,138.63999938964844,138.64999389648438,6788.0
2026-08-05 13:18:00,PFG,,114.13999938964844,114.13999938964844,114.12999725341797,114.12999725341797,961.0
2026-08-05 13:18:00,PGEN,,6.889699935913086,6.889699935913086,6.869999885559082,6.869999885559082,6146.0
2026-08-05 13:18:00,PGNY,,31.770000457763672,31.770000457763672,31.770000457763672,31.770000457763672,333.0
2026-08-05 13:18:00,PGY,,21.59000015258789,21.59000015258789,21.579999923706055,21.59000015258789,2084.0
2026-08-05 13:18:00,PHAT,,8.460000038146973,8.460000038146973,8.460000038146973,8.460000038146973,657.0
2026-08-05 13:18:00,PHVS,,33.435001373291016,33.435001373291016,33.435001373291016,33.435001373291016,1553.0
2026-08-05 13:18:00,PLMR,,135.08999633789062,135.08999633789062,135.08999633789062,135.08999633789062,162.0
2026-08-05 13:18:00,PLTK,,3.9284000396728516,3.9284000396728516,3.9284000396728516,3.9284000396728516,4600.0
2026-08-05 13:18:00,PLUG,,2.075000047683716,2.0799999237060547,2.075000047683716,2.0771000385284424,57681.0
2026-08-05 13:18:00,PNFP,,107.79000091552734,107.83000183105469,107.77999877929688,107.77999877929688,2693.0
2026-08-05 13:18:00,POET,,8.305000305175781,8.305000305175781,8.305000305175781,8.305000305175781,3025.0
2026-08-05 13:18:00,POOL,,205.9250030517578,205.9250030517578,205.9250030517578,205.9250030517578,1145.0
2026-08-05 13:18:00,POWI,,61.79010009765625,61.79010009765625,61.79010009765625,61.79010009765625,360.0
2026-08-05 13:18:00,POWL,,212.41000366210938,212.83999633789062,212.30999755859375,212.83999633789062,2941.0
2026-08-05 13:18:00,PPC,,26.43000030517578,26.440000534057617,26.43000030517578,26.440000534057617,1896.0
2026-08-05 13:18:00,PPTA,,22.270000457763672,22.270000457763672,22.260000228881836,22.260000228881836,1056.0
2026-08-05 13:18:00,PRCH,,15.890000343322754,15.890000343322754,15.875,15.875,831.0
2026-08-05 13:18:00,PRCT,,19.219999313354492,19.219999313354492,19.219999313354492,19.219999313354492,501.0
2026-08-05 13:18:00,PRIM,,84.4000015258789,84.41999816894531,84.22000122070312,84.41999816894531,3580.0
2026-08-05 13:18:00,PRLD,,4.570000171661377,4.570000171661377,4.559999942779541,4.559999942779541,1673.0
2026-08-05 13:18:00,PRME,,3.069999933242798,3.0789999961853027,3.069999933242798,3.069999933242798,8685.0
2026-08-05 13:18:00,PRVA,,24.40999984741211,24.415599822998047,24.40999984741211,24.415599822998047,3577.0
2026-08-05 13:18:00,PRZO,,0.5400999784469604,0.5400999784469604,0.5400999784469604,0.5400999784469604,0.0
2026-08-05 13:18:00,PSEC,,2.184999942779541,2.190000057220459,2.184999942779541,2.190000057220459,9592.0
2026-08-05 13:18:00,PSNL,,13.539999961853027,13.539999961853027,13.539999961853027,13.539999961853027,2395.0
2026-08-05 13:18:00,PSNY,,13.850000381469727,13.914999961853027,13.850000381469727,13.914999961853027,900.0
2026-08-05 13:18:00,PTC,,139.72500610351562,139.72500610351562,139.72500610351562,139.72500610351562,1829.0
2026-08-05 13:18:00,PTCT,,69.09500122070312,69.09500122070312,69.06999969482422,69.06999969482422,1049.0
2026-08-05 13:18:00,PTEN,,9.78499984741211,9.795000076293945,9.779999732971191,9.779999732971191,22402.0
2026-08-05 13:18:00,PTGX,,136.21499633789062,136.21499633789062,136.21499633789062,136.21499633789062,928.0
2026-08-05 13:18:00,PTLO,,4.650000095367432,4.650000095367432,4.639999866485596,4.639999866485596,3073.0
2026-08-05 13:18:00,PTON,,6.514999866485596,6.519999980926514,6.514999866485596,6.519899845123291,11384.0
2026-08-05 13:18:00,PWP,,17.299999237060547,17.309999465942383,17.299999237060547,17.299999237060547,1338.0
2026-08-05 13:18:00,PYPL,,58.224998474121094,58.224998474121094,58.209999084472656,58.209999084472656,3849.0
2026-08-05 13:18:00,PYXS,,3.184999942779541,3.184999942779541,3.180000066757202,3.180000066757202,2720.0
2026-08-05 13:18:00,PZZA,,30.1299991607666,30.1299991607666,30.1299991607666,30.1299991607666,1777.0
2026-08-05 13:18:00,QCOM,,157.86000061035156,157.87989807128906,157.77999877929688,157.8249969482422,10803.0
2026-08-05 13:18:00,QFIN,,13.1850004196167,13.1850004196167,13.1850004196167,13.1850004196167,535.0
2026-08-05 13:18:00,QRVO,,94.66999816894531,94.72000122070312,94.62999725341797,94.72000122070312,1407.0
2026-08-05 13:18:00,SEED,,1.0299999713897705,1.0299999713897705,1.0299999713897705,1.0299999713897705,454.0
2026-08-05 13:19:00,ACDC,,4.425000190734863,4.425000190734863,4.414999961853027,4.414999961853027,5110.0
2026-08-05 13:19:00,CASH,,89.1050033569336,89.1050033569336,89.1050033569336,89.1050033569336,501.0
2026-08-05 13:19:00,EYE,,23.200000762939453,23.209999084472656,23.200000762939453,23.209999084472656,1848.0
2026-08-05 13:19:00,LUNG,,2.005000114440918,2.005000114440918,2.005000114440918,2.005000114440918,316.0
2026-08-05 13:19:00,MBRX,,0.4009999930858612,0.4009999930858612,0.4007999897003174,0.4007999897003174,858.0
2026-08-05 13:19:00,MDB,,375.2349853515625,375.3299865722656,375.2349853515625,375.2349853515625,947.0
2026-08-05 13:19:00,MDLZ,,62.5099983215332,62.584999084472656,62.5,62.584999084472656,23370.0
2026-08-05 13:19:00,MLTX,,17.790000915527344,17.790000915527344,17.78499984741211,17.790000915527344,2079.0
2026-08-05 13:19:00,MNRO,,13.265000343322754,13.265000343322754,13.265000343322754,13.265000343322754,562.0
2026-08-05 13:19:00,MNST,,94.5208969116211,94.52999877929688,94.51000213623047,94.52999877929688,4516.0
2026-08-05 13:19:00,MNTK,,1.690000057220459,1.690000057220459,1.690000057220459,1.690000057220459,861.0
2026-08-05 13:19:00,MNTS,,4.264999866485596,4.268899917602539,4.264999866485596,4.268899917602539,2007.0
2026-08-05 13:19:00,MPAA,,13.789999961853027,13.789999961853027,13.789999961853027,13.789999961853027,317.0
2026-08-05 13:19:00,MPWR,,1334.780029296875,1335.8900146484375,1332.93994140625,1335.8900146484375,185.0
2026-08-05 13:19:00,MRNA,,56.78990173339844,56.78990173339844,56.78990173339844,56.78990173339844,613.0
2026-08-05 13:19:00,MYGN,,3.109999895095825,3.109999895095825,3.1050000190734863,3.109999895095825,3287.0
2026-08-05 13:19:00,MYPS,,0.7379999756813049,0.7379999756813049,0.7379999756813049,0.7379999756813049,35391.0
2026-08-05 13:19:00,NAMS,,27.530000686645508,27.530000686645508,27.40999984741211,27.40999984741211,2252.0
2026-08-05 13:19:00,NAUT,,0.9379000067710876,0.9379000067710876,0.9379000067710876,0.9379000067710876,280.0
2026-08-05 13:19:00,NAVI,,9.145000457763672,9.145000457763672,9.145000457763672,9.145000457763672,996.0
2026-08-05 13:19:00,NB,,5.090000152587891,5.090000152587891,5.079500198364258,5.079999923706055,16819.0
2026-08-05 13:19:00,NBIX,,163.42999267578125,163.48500061035156,163.3699951171875,163.48500061035156,1190.0
2026-08-05 13:19:00,NCPL,,0.41749998927116394,0.41749998927116394,0.41749998927116394,0.41749998927116394,100.0
2026-08-05 13:19:00,NDAQ,,94.80500030517578,94.86000061035156,94.77999877929688,94.8499984741211,5073.0
2026-08-05 13:19:00,NEO,,16.024999618530273,16.040000915527344,16.024999618530273,16.030000686645508,10850.0
2026-08-05 13:19:00,NEOG,,11.630000114440918,11.630000114440918,11.630000114440918,11.630000114440918,4500.0
2026-08-05 13:19:00,NEON,,0.9423999786376953,0.9423999786376953,0.9423999786376953,0.9423999786376953,5.0
2026-08-05 13:19:00,NEOV,,2.8450000286102295,2.8450000286102295,2.8450000286102295,2.8450000286102295,105.0
2026-08-05 13:19:00,NESR,,28.760000228881836,28.770000457763672,28.709999084472656,28.709999084472656,3953.0
2026-08-05 13:19:00,NEXT,,6.425000190734863,6.425000190734863,6.425000190734863,6.425000190734863,955.0
2026-08-05 13:19:00,NFE,,0.33660000562667847,0.33660000562667847,0.33640000224113464,0.33660000562667847,4342.0
2026-08-05 13:19:00,NFLX,,73.34500122070312,73.36000061035156,73.30000305175781,73.32499694824219,47845.0
2026-08-05 13:19:00,NICE,,98.0999984741211,98.16500091552734,97.95999908447266,98.0,4887.0
2026-08-05 13:19:00,NIU,,2.450000047683716,2.450000047683716,2.444999933242798,2.444999933242798,1341.0
2026-08-05 13:19:00,NMFC,,7.339900016784668,7.339900016784668,7.335000038146973,7.335000038146973,569.0
2026-08-05 13:19:00,NMRK,,15.649999618530273,15.649999618530273,15.635000228881836,15.635000228881836,3859.0
2026-08-05 13:19:00,NN,,14.149999618530273,14.15999984741211,14.140000343322754,14.149999618530273,5783.0
2026-08-05 13:19:00,NNBR,,3.9000000953674316,3.9100000858306885,3.9000000953674316,3.9100000858306885,2643.0
2026-08-05 13:19:00,NNDM,,1.534999966621399,1.534999966621399,1.534999966621399,1.534999966621399,911.0
2026-08-05 13:19:00,NOVT,,156.1750030517578,156.1750030517578,156.1750030517578,156.1750030517578,272.0
2026-08-05 13:19:00,NRIX,,25.09000015258789,25.100000381469727,25.09000015258789,25.100000381469727,1074.0
2026-08-05 13:19:00,NTAP,,189.60000610351562,189.6699981689453,189.60000610351562,189.65499877929688,9138.0
2026-08-05 13:19:00,NTES,,127.56999969482422,127.66999816894531,127.56999969482422,127.66999816894531,2555.0
2026-08-05 13:19:00,NTNX,,60.79999923706055,60.79999923706055,60.790000915527344,60.790000915527344,1530.0
2026-08-05 13:19:00,NTRA,,275.4949951171875,275.4949951171875,275.4949951171875,275.4949951171875,821.0
2026-08-05 13:19:00,NTRS,,183.7100067138672,183.7949981689453,183.7100067138672,183.7949981689453,2185.0
2026-08-05 13:19:00,NVCT,,20.229999542236328,20.229999542236328,20.229999542236328,20.229999542236328,200.0
2026-08-05 13:19:00,NVDA,,221.2449951171875,221.42990112304688,221.22000122070312,221.38999938964844,162015.0
2026-08-05 13:19:00,NVMI,,408.18499755859375,408.18499755859375,408.18499755859375,408.18499755859375,76.0
2026-08-05 13:19:00,NVTS,,12.449999809265137,12.46500015258789,12.4350004196167,12.4399995803833,18858.0
2026-08-05 13:19:00,NWBI,,15.954999923706055,15.954999923706055,15.954999923706055,15.954999923706055,886.0
2026-08-05 13:19:00,NWGL,,0.2721000015735626,0.2721000015735626,0.2721000015735626,0.2721000015735626,0.0
2026-08-05 13:19:00,NWL,,6.258999824523926,6.258999824523926,6.25,6.255000114440918,6204.0
2026-08-05 13:19:00,NWS,,32.27000045776367,32.275001525878906,32.27000045776367,32.275001525878906,1509.0
2026-08-05 13:19:00,NWSA,,28.229999542236328,28.239999771118164,28.229999542236328,28.229999542236328,1494.0
2026-08-05 13:19:00,NXPI,,231.46499633789062,231.47999572753906,231.35499572753906,231.35499572753906,4846.0
2026-08-05 13:19:00,NXST,,191.72999572753906,191.72999572753906,191.72999572753906,191.72999572753906,642.0
2026-08-05 13:19:00,NXT,,98.7750015258789,98.7750015258789,98.7750015258789,98.7750015258789,599.0
2026-08-05 13:19:00,OABI,,2.059999942779541,2.059999942779541,2.059999942779541,2.059999942779541,295.0
2026-08-05 13:19:00,OCCI,,2.4700000286102295,2.4700000286102295,2.4700000286102295,2.4700000286102295,2222.0
2026-08-05 13:19:00,OCGN,,1.2999999523162842,1.2999999523162842,1.2999999523162842,1.2999999523162842,771.0
2026-08-05 13:19:00,OCS,,12.015000343322754,12.015000343322754,12.015000343322754,12.015000343322754,792.0
2026-08-05 13:19:00,OCSL,,12.120100021362305,12.130000114440918,12.120100021362305,12.130000114440918,445.0
2026-08-05 13:19:00,ODFL,,214.2100067138672,214.2100067138672,214.1300048828125,214.1300048828125,2065.0
2026-08-05 13:19:00,OKTA,,148.30999755859375,148.30999755859375,148.19000244140625,148.22000122070312,1625.0
2026-08-05 13:19:00,OLLI,,78.22000122070312,78.22000122070312,78.22000122070312,78.22000122070312,678.0
2026-08-05 13:19:00,OLMA,,11.569999694824219,11.569999694824219,11.569999694824219,11.569999694824219,524.0
2026-08-05 13:19:00,OMH,,0.11490000039339066,0.11490000039339066,0.11420000344514847,0.11420000344514847,10798.0
2026-08-05 13:19:00,ON,,77.48999786376953,77.58000183105469,77.48999786376953,77.5199966430664,11242.0
2026-08-05 13:19:00,ONB,,27.05500030517578,27.059999465942383,27.05500030517578,27.059999465942383,2287.0
2026-08-05 13:19:00,ONCO,,0.7936000227928162,0.7936000227928162,0.7936000227928162,0.7936000227928162,130.0
2026-08-05 13:19:00,ONCY,,0.7949000000953674,0.7949000000953674,0.7949000000953674,0.7949000000953674,131.0
2026-08-05 13:19:00,ONDS,,8.904999732971191,8.90999984741211,8.891599655151367,8.895000457763672,216716.0
2026-08-05 13:19:00,ONFO,,0.07460000365972519,0.07460000365972519,0.07460000365972519,0.07460000365972519,14088.0
2026-08-05 13:19:00,OPAL,,2.3450000286102295,2.3450000286102295,2.3450000286102295,2.3450000286102295,2036.0
2026-08-05 13:19:00,OPCH,,23.479999542236328,23.479999542236328,23.469999313354492,23.469999313354492,1610.0
2026-08-05 13:19:00,OPEN,,3.8450000286102295,3.859999895095825,3.8399999141693115,3.8499999046325684,73354.0
2026-08-05 13:19:00,OPHC,,8.569999694824219,8.569999694824219,8.569999694824219,8.569999694824219,110.0
2026-08-05 13:19:00,OPK,,1.315000057220459,1.315000057220459,1.315000057220459,1.315000057220459,1195.0
2026-08-05 13:19:00,ORGO,,2.3399999141693115,2.3399999141693115,2.3399999141693115,2.3399999141693115,600.0
2026-08-05 13:19:00,ORLY,,93.0999984741211,93.12999725341797,93.08999633789062,93.12999725341797,10646.0
2026-08-05 13:19:00,OSIS,,235.79010009765625,235.79010009765625,235.79010009765625,235.79010009765625,280.0
2026-08-05 13:19:00,OSS,,13.90999984741211,14.0,13.90999984741211,14.0,4238.0
2026-08-05 13:19:00,OSW,,26.510000228881836,26.510000228881836,26.510000228881836,26.510000228881836,372.0
2026-08-05 13:19:00,OTEX,,25.84000015258789,25.84000015258789,25.84000015258789,25.84000015258789,451.0
2026-08-05 13:19:00,OTLK,,1.0299999713897705,1.0299999713897705,1.024999976158142,1.0299999713897705,13763.0
2026-08-05 13:19:00,OVID,,2.5899999141693115,2.5950000286102295,2.5899999141693115,2.5950000286102295,24445.0
2026-08-05 13:19:00,PAA,,23.18000030517578,23.18000030517578,23.174999237060547,23.174999237060547,3071.0
2026-08-05 13:19:00,PAAS,,47.915000915527344,47.928001403808594,47.90999984741211,47.91999816894531,3415.0
2026-08-05 13:19:00,PACB,,1.3550000190734863,1.3676999807357788,1.3550000190734863,1.3676999807357788,85714.0
2026-08-05 13:19:00,PAGP,,25.1299991607666,25.1299991607666,25.1299991607666,25.1299991607666,617.0
2026-08-05 13:19:00,PAHC,,35.5099983215332,35.5099983215332,35.5099983215332,35.5099983215332,715.0
2026-08-05 13:19:00,PALI,,2.140000104904175,2.140000104904175,2.140000104904175,2.140000104904175,803.0
2026-08-05 13:19:00,PANW,,365.2500915527344,365.6099853515625,365.0199890136719,365.2149963378906,7724.0
2026-08-05 13:19:00,PATK,,87.83000183105469,87.9000015258789,87.83000183105469,87.9000015258789,752.0
2026-08-05 13:19:00,PAVM,,5.070000171661377,5.070000171661377,5.070000171661377,5.070000171661377,525.0
2026-08-05 13:19:00,PAX,,11.439900398254395,11.439900398254395,11.439900398254395,11.439900398254395,2517.0
2026-08-05 13:19:00,PAYO,,7.125,7.125,7.119999885559082,7.119999885559082,1490.0
2026-08-05 13:19:00,PAYS,,9.149999618530273,9.149999618530273,9.149999618530273,9.149999618530273,1638.0
2026-08-05 13:19:00,PAYX,,117.23989868164062,117.23989868164062,117.21499633789062,117.22000122070312,1519.0
2026-08-05 13:19:00,PCAR,,134.2899932861328,134.2899932861328,134.26499938964844,134.26499938964844,492.0
2026-08-05 13:19:00,PCRX,,24.594999313354492,24.594999313354492,24.579999923706055,24.579999923706055,1049.0
2026-08-05 13:19:00,PCT,,6.885000228881836,6.885000228881836,6.880000114440918,6.885000228881836,2278.0
2026-08-05 13:19:00,PCTY,,145.02000427246094,145.02000427246094,145.02000427246094,145.02000427246094,780.0
2026-08-05 13:19:00,PDD,,90.87000274658203,90.91000366210938,90.87000274658203,90.91000366210938,8726.0
2026-08-05 13:19:00,PDFS,,50.05500030517578,50.05500030517578,50.05500030517578,50.05500030517578,343.0
2026-08-05 13:19:00,PECO,,41.25,41.25,41.23500061035156,41.2400016784668,1797.0
2026-08-05 13:19:00,PEGA,,31.725000381469727,31.764999389648438,31.725000381469727,31.764999389648438,3184.0
2026-08-05 13:19:00,PENN,,19.8799991607666,19.8799991607666,19.8700008392334,19.8700008392334,2731.0
2026-08-05 13:19:00,PEP,,138.64939880371094,138.66000366210938,138.6199951171875,138.66000366210938,31678.0
2026-08-05 13:19:00,PFG,,114.13999938964844,114.13999938964844,114.13999938964844,114.13999938964844,380.0
2026-08-05 13:19:00,PGEN,,6.900000095367432,6.909999847412109,6.885000228881836,6.885000228881836,23686.0
2026-08-05 13:19:00,PGNY,,31.760000228881836,31.760000228881836,31.75,31.760000228881836,1667.0
2026-08-05 13:19:00,PGY,,21.579999923706055,21.579999923706055,21.565000534057617,21.56999969482422,6773.0
2026-08-05 13:19:00,PHAT,,8.454999923706055,8.454999923706055,8.449999809265137,8.449999809265137,1821.0
2026-08-05 13:19:00,PLAB,,31.969999313354492,31.969999313354492,31.959999084472656,31.959999084472656,1357.0
2026-08-05 13:19:00,PLMR,,135.25,135.25,135.2100067138672,135.2100067138672,664.0
2026-08-05 13:19:00,PLSE,,37.29999923706055,37.29999923706055,37.29999923706055,37.29999923706055,195.0
2026-08-05 13:19:00,PLUG,,2.0799999237060547,2.0799999237060547,2.069999933242798,2.075000047683716,5496.0
2026-08-05 13:19:00,POCI,,4.28000020980835,4.300000190734863,4.28000020980835,4.28000020980835,4053.0
2026-08-05 13:19:00,POET,,8.3149995803833,8.319999694824219,8.305000305175781,8.3100004196167,9450.0
2026-08-05 13:19:00,POOL,,205.7949981689453,205.7949981689453,205.7949981689453,205.7949981689453,343.0
2026-08-05 13:19:00,POWI,,61.88999938964844,61.900001525878906,61.88999938964844,61.900001525878906,1549.0
2026-08-05 13:19:00,POWL,,212.42999267578125,212.47000122070312,212.3699951171875,212.38999938964844,1303.0
2026-08-05 13:19:00,PPC,,26.420000076293945,26.434999465942383,26.40999984741211,26.434999465942383,4250.0
2026-08-05 13:19:00,PPTA,,22.25,22.266300201416016,22.25,22.266300201416016,581.0
2026-08-05 13:19:00,PRCH,,15.875,15.875,15.875,15.875,621.0
2026-08-05 13:19:00,PRCT,,19.219999313354492,19.219999313354492,19.219999313354492,19.219999313354492,831.0
2026-08-05 13:19:00,PRIM,,84.41999816894531,84.41999816894531,84.41999816894531,84.41999816894531,348.0
2026-08-05 13:19:00,PRME,,3.069999933242798,3.069999933242798,3.069999933242798,3.069999933242798,1180.0
2026-08-05 13:19:00,PRVA,,24.40999984741211,24.40999984741211,24.40999984741211,24.40999984741211,464.0
2026-08-05 13:19:00,PSEC,,2.180000066757202,2.190000057220459,2.180000066757202,2.180000066757202,1059.0
2026-08-05 13:19:00,PSMT,,192.58999633789062,192.71499633789062,192.58999633789062,192.71499633789062,534.0
2026-08-05 13:19:00,PTCT,,69.04000091552734,69.04000091552734,69.04000091552734,69.04000091552734,979.0
2026-08-05 13:19:00,PTEN,,9.78499984741211,9.78499984741211,9.78499984741211,9.78499984741211,3188.0
2026-08-05 13:19:00,PTGX,,136.1699981689453,136.1699981689453,136.1699981689453,136.1699981689453,568.0
2026-08-05 13:19:00,PTON,,6.5167999267578125,6.5167999267578125,6.514999866485596,6.514999866485596,1428.0
2026-08-05 13:19:00,PUBM,,13.399999618530273,13.399999618530273,13.399999618530273,13.399999618530273,516.0
2026-08-05 13:19:00,PWP,,17.299999237060547,17.299999237060547,17.299999237060547,17.299999237060547,617.0
2026-08-05 13:19:00,PYPD,,4.550000190734863,4.550000190734863,4.550000190734863,4.550000190734863,1663.0
2026-08-05 13:19:00,PYPL,,58.21500015258789,58.224998474121094,58.20500183105469,58.21500015258789,8453.0
2026-08-05 13:19:00,PZZA,,30.1299991607666,30.149999618530273,30.1299991607666,30.139999389648438,3578.0
2026-08-05 13:19:00,QCOM,,157.77049255371094,157.9199981689453,157.77049255371094,157.8000030517578,16770.0
2026-08-05 13:19:00,QRVO,,94.63999938964844,94.63999938964844,94.61000061035156,94.63999938964844,1430.0
2026-08-05 13:19:00,SEED,,1.0299999713897705,1.0299999713897705,1.0299999713897705,1.0299999713897705,510.0
2026-08-05 13:19:00,STIM,,2.2799999713897705,2.2799999713897705,2.2799999713897705,2.2799999713897705,195.0
2026-08-05 13:19:00,TARA,,4.025000095367432,4.025000095367432,4.025000095367432,4.025000095367432,391.0
2026-08-05 13:20:00,ACDC,,4.425000190734863,4.425000190734863,4.425000190734863,4.425000190734863,7072.0
2026-08-05 13:20:00,CNXN,,84.95999908447266,84.95999908447266,84.95999908447266,84.95999908447266,2002.0
2026-08-05 13:20:00,EYE,,23.184999465942383,23.184999465942383,23.184999465942383,23.184999465942383,727.0
2026-08-05 13:20:00,GLUE,,15.65999984741211,15.664999961853027,15.65999984741211,15.664999961853027,321.0
2026-08-05 13:20:00,KIDS,,21.434999465942383,21.434999465942383,21.434999465942383,21.434999465942383,470.0
2026-08-05 13:20:00,MBRX,,0.3959999978542328,0.3986000120639801,0.3959999978542328,0.3986000120639801,4457.0
2026-08-05 13:20:00,MDB,,375.3500061035156,375.5,375.3500061035156,375.489990234375,1831.0
2026-08-05 13:20:00,MDLZ,,62.48500061035156,62.5,62.470001220703125,62.5,14305.0
2026-08-05 13:20:00,MLTX,,17.795000076293945,17.799999237060547,17.770000457763672,17.770000457763672,1885.0
2026-08-05 13:20:00,MNRO,,13.25,13.255000114440918,13.25,13.25,1366.0
2026-08-05 13:20:00,MNST,,94.5199966430664,94.5250015258789,94.5199966430664,94.5199966430664,2637.0
2026-08-05 13:20:00,MNTS,,4.25,4.25,4.25,4.25,436.0
2026-08-05 13:20:00,MORN,,197.36500549316406,197.36500549316406,197.36500549316406,197.36500549316406,639.0
2026-08-05 13:20:00,MPWR,,1335.0699462890625,1335.0699462890625,1334.02001953125,1334.780029296875,360.0
2026-08-05 13:20:00,MRNA,,56.79999923706055,56.79999923706055,56.72999954223633,56.72999954223633,4481.0
2026-08-05 13:20:00,MYGN,,3.109999895095825,3.109999895095825,3.1050000190734863,3.109999895095825,1333.0
2026-08-05 13:20:00,NAMS,,27.510000228881836,27.510000228881836,27.510000228881836,27.510000228881836,752.0
2026-08-05 13:20:00,NAUT,,0.9383999705314636,0.9383999705314636,0.9383999705314636,0.9383999705314636,1548.0
2026-08-05 13:20:00,NB,,5.099999904632568,5.099999904632568,5.099999904632568,5.099999904632568,1519.0
2026-08-05 13:20:00,NBIX,,163.69000244140625,163.6999969482422,163.4600067138672,163.4600067138672,2974.0
2026-08-05 13:20:00,NCPL,,0.41749998927116394,0.41749998927116394,0.41749998927116394,0.41749998927116394,1539.0
2026-08-05 13:20:00,NDAQ,,94.77999877929688,94.77999877929688,94.77999877929688,94.77999877929688,1005.0
2026-08-05 13:20:00,NDSN,,311.17999267578125,311.17999267578125,311.1499938964844,311.17999267578125,1935.0
2026-08-05 13:20:00,NEO,,16.010000228881836,16.010000228881836,16.010000228881836,16.010000228881836,811.0
2026-08-05 13:20:00,NEOG,,11.625,11.625,11.619999885559082,11.619999885559082,1711.0
2026-08-05 13:20:00,NEOV,,2.8498001098632812,2.8499999046325684,2.8498001098632812,2.8499999046325684,409.0
2026-08-05 13:20:00,NESR,,28.739999771118164,28.770000457763672,28.739999771118164,28.770000457763672,3904.0
2026-08-05 13:20:00,NEXT,,6.434999942779541,6.434999942779541,6.420000076293945,6.425000190734863,3639.0
2026-08-05 13:20:00,NFLX,,73.3550033569336,73.36000061035156,73.33999633789062,73.34500122070312,16749.0
2026-08-05 13:20:00,NICE,,98.26499938964844,98.26499938964844,98.26499938964844,98.26499938964844,339.0
2026-08-05 13:20:00,NIU,,2.4549999237060547,2.4549999237060547,2.4549999237060547,2.4549999237060547,216.0
2026-08-05 13:20:00,NKTX,,2.2149999141693115,2.2149999141693115,2.2149999141693115,2.2149999141693115,750.0
2026-08-05 13:20:00,NMFC,,7.335000038146973,7.335000038146973,7.335000038146973,7.335000038146973,237.0
2026-08-05 13:20:00,NMRA,,1.6150000095367432,1.6150000095367432,1.6150000095367432,1.6150000095367432,213.0
2026-08-05 13:20:00,NN,,14.149999618530273,14.149999618530273,14.149999618530273,14.149999618530273,2602.0
2026-08-05 13:20:00,NOVT,,156.14999389648438,156.14999389648438,156.14999389648438,156.14999389648438,548.0
2026-08-05 13:20:00,NRDS,,9.145000457763672,9.145000457763672,9.145000457763672,9.145000457763672,459.0
2026-08-05 13:20:00,NRIX,,25.065000534057617,25.09000015258789,25.0625,25.06999969482422,3588.0
2026-08-05 13:20:00,NTAP,,189.85499572753906,189.85499572753906,189.60000610351562,189.68499755859375,7936.0
2026-08-05 13:20:00,NTES,,127.63500213623047,127.66999816894531,127.62999725341797,127.66999816894531,2134.0
2026-08-05 13:20:00,NTNX,,60.79999923706055,60.81999969482422,60.779998779296875,60.79999923706055,7547.0
2026-08-05 13:20:00,NTRA,,275.05499267578125,275.05499267578125,274.9200134277344,274.9200134277344,1134.0
2026-08-05 13:20:00,NUWE,,1.6964999437332153,1.700700044631958,1.6964999437332153,1.700700044631958,976.0
2026-08-05 13:20:00,NVAX,,7.613800048828125,7.614999771118164,7.613800048828125,7.614999771118164,617.0
2026-08-05 13:20:00,NVCT,,20.229999542236328,20.229999542236328,20.229999542236328,20.229999542236328,103.0
2026-08-05 13:20:00,NVDA,,221.3372039794922,221.35000610351562,221.1699981689453,221.3372039794922,96787826.0
2026-08-05 13:20:00,NVMI,,408.135009765625,408.1400146484375,408.135009765625,408.1400146484375,145.0
2026-08-05 13:20:00,NVTS,,12.46500015258789,12.46500015258789,12.440099716186523,12.449999809265137,7041.0
2026-08-05 13:20:00,NWBI,,15.960000038146973,15.960000038146973,15.954999923706055,15.954999923706055,549.0
2026-08-05 13:20:00,NWL,,6.255000114440918,6.260000228881836,6.25,6.25,7555.0
2026-08-05 13:20:00,NWS,,32.290000915527344,32.29499816894531,32.275001525878906,32.275001525878906,2503.0
2026-08-05 13:20:00,NWSA,,28.2549991607666,28.264999389648438,28.235000610351562,28.235000610351562,27257.0
2026-08-05 13:20:00,NXPI,,231.46499633789062,231.46499633789062,231.3300018310547,231.46499633789062,3577.0
2026-08-05 13:20:00,NXT,,98.88999938964844,98.88999938964844,98.69999694824219,98.69999694824219,4669.0
2026-08-05 13:20:00,OCFC,,19.834999084472656,19.84000015258789,19.834999084472656,19.84000015258789,1889.0
2026-08-05 13:20:00,OCGN,,1.2999999523162842,1.2999999523162842,1.2949999570846558,1.2949999570846558,1878.0
2026-08-05 13:20:00,OCSL,,12.125,12.125,12.125,12.125,271.0
2026-08-05 13:20:00,OCUL,,8.5600004196167,8.5600004196167,8.555000305175781,8.555000305175781,2425.0
2026-08-05 13:20:00,ODD,,15.395000457763672,15.395000457763672,15.395000457763672,15.395000457763672,433.0
2026-08-05 13:20:00,OESX,,14.395000457763672,14.399999618530273,14.395000457763672,14.399999618530273,660.0
2026-08-05 13:20:00,OFIX,,10.520000457763672,10.520000457763672,10.520000457763672,10.520000457763672,234.0
2026-08-05 13:20:00,OKTA,,148.3300018310547,148.3300018310547,148.27999877929688,148.27999877929688,419.0
2026-08-05 13:20:00,OLLI,,78.16500091552734,78.16500091552734,78.16500091552734,78.16500091552734,2968.0
2026-08-05 13:20:00,OLMA,,11.585000038146973,11.59000015258789,11.585000038146973,11.59000015258789,856.0
2026-08-05 13:20:00,OMCL,,37.22999954223633,37.22999954223633,37.220001220703125,37.220001220703125,1369.0
2026-08-05 13:20:00,OMER,,12.875,12.875,12.875,12.875,468.0
2026-08-05 13:20:00,OMH,,0.11420000344514847,0.11420000344514847,0.11349999904632568,0.11349999904632568,2805.0
2026-08-05 13:20:00,ON,,77.48999786376953,77.51000213623047,77.44999694824219,77.4800033569336,12424.0
2026-08-05 13:20:00,ONB,,27.040000915527344,27.055099487304688,27.040000915527344,27.050100326538086,11082.0
2026-08-05 13:20:00,ONCY,,0.7943000197410583,0.7943000197410583,0.7943000197410583,0.7943000197410583,754.0
2026-08-05 13:20:00,ONDS,,8.919899940490723,8.920000076293945,8.901300430297852,8.901300430297852,209791.0
2026-08-05 13:20:00,ONFO,,0.0746999979019165,0.0746999979019165,0.0746999979019165,0.0746999979019165,6662.0
2026-08-05 13:20:00,OPCH,,23.479999542236328,23.489999771118164,23.479999542236328,23.479999542236328,1330.0
2026-08-05 13:20:00,OPEN,,3.8450000286102295,3.8499999046325684,3.8399999141693115,3.8450000286102295,20635.0
2026-08-05 13:20:00,OPHC,,8.569999694824219,8.569999694824219,8.569999694824219,8.569999694824219,704.0
2026-08-05 13:20:00,OPK,,1.309999942779541,1.309999942779541,1.309999942779541,1.309999942779541,1080.0
2026-08-05 13:20:00,OPRT,,6.110000133514404,6.110000133514404,6.110000133514404,6.110000133514404,347.0
2026-08-05 13:20:00,ORGO,,2.3399999141693115,2.3399999141693115,2.3399999141693115,2.3399999141693115,252.0
2026-08-05 13:20:00,ORLY,,93.0999984741211,93.0999984741211,93.06999969482422,93.08999633789062,3310.0
2026-08-05 13:20:00,OTEX,,25.834999084472656,25.834999084472656,25.834999084472656,25.834999084472656,464.0
2026-08-05 13:20:00,OTLK,,1.0299999713897705,1.0299999713897705,1.0199999809265137,1.024999976158142,5009.0
2026-08-05 13:20:00,OTLY,,14.4350004196167,14.4350004196167,14.4350004196167,14.4350004196167,105.0
2026-08-05 13:20:00,OTTR,,91.55999755859375,91.55999755859375,91.48999786376953,91.5,1706.0
2026-08-05 13:20:00,OVID,,2.5950000286102295,2.5950000286102295,2.5950000286102295,2.5950000286102295,1178.0
2026-08-05 13:20:00,OXLC,,9.145000457763672,9.145000457763672,9.145000457763672,9.145000457763672,3700.0
2026-08-05 13:20:00,OXSQ,,1.4950000047683716,1.4950000047683716,1.492900013923645,1.492900013923645,4144.0
2026-08-05 13:20:00,PAA,,23.174999237060547,23.190000534057617,23.174999237060547,23.190000534057617,2647.0
2026-08-05 13:20:00,PAAS,,47.93000030517578,47.93000030517578,47.90999984741211,47.90999984741211,3438.0
2026-08-05 13:20:00,PACB,,1.350000023841858,1.3589999675750732,1.350000023841858,1.3550000190734863,25893.0
2026-08-05 13:20:00,PAGP,,25.1299991607666,25.1299991607666,25.1299991607666,25.1299991607666,1963.0
2026-08-05 13:20:00,PALI,,2.140000104904175,2.140000104904175,2.134999990463257,2.140000104904175,939.0
2026-08-05 13:20:00,PANW,,365.4700012207031,365.57000732421875,365.4049987792969,365.4049987792969,1455.0
2026-08-05 13:20:00,PATK,,87.94000244140625,87.94999694824219,87.94000244140625,87.94000244140625,1353.0
2026-08-05 13:20:00,PAVM,,5.130000114440918,5.130000114440918,5.130000114440918,5.130000114440918,600.0
2026-08-05 13:20:00,PAX,,11.4350004196167,11.4399995803833,11.4350004196167,11.4399995803833,2053.0
2026-08-05 13:20:00,PAYO,,7.125,7.125,7.119999885559082,7.125,1910.0
2026-08-05 13:20:00,PAYX,,117.26499938964844,117.26499938964844,117.23999786376953,117.23999786376953,2950.0
2026-08-05 13:20:00,PCAR,,134.26499938964844,134.27000427246094,134.26499938964844,134.27000427246094,2240.0
2026-08-05 13:20:00,PCRX,,24.600000381469727,24.649999618530273,24.600000381469727,24.649999618530273,1098.0
2026-08-05 13:20:00,PCT,,6.885000228881836,6.889999866485596,6.885000228881836,6.885000228881836,1502.0
2026-08-05 13:20:00,PDD,,90.91000366210938,90.91000366210938,90.86000061035156,90.87000274658203,12433.0
2026-08-05 13:20:00,PEBO,,41.720001220703125,41.720001220703125,41.720001220703125,41.720001220703125,1008.0
2026-08-05 13:20:00,PECO,,41.26499938964844,41.26499938964844,41.26499938964844,41.26499938964844,954.0
2026-08-05 13:20:00,PENN,,19.875,19.8799991607666,19.875,19.8799991607666,3091.0
2026-08-05 13:20:00,PEP,,138.6300048828125,138.6479949951172,138.6199951171875,138.63499450683594,9662.0
2026-08-05 13:20:00,PEPG,,1.9450000524520874,1.9450000524520874,1.9450000524520874,1.9450000524520874,422.0
2026-08-05 13:20:00,PESI,,17.764999389648438,17.780000686645508,17.764999389648438,17.780000686645508,938.0
2026-08-05 13:20:00,PFG,,114.08499908447266,114.12000274658203,114.05999755859375,114.0999984741211,1532.0
2026-08-05 13:20:00,PGEN,,6.885000228881836,6.900000095367432,6.885000228881836,6.900000095367432,9239.0
2026-08-05 13:20:00,PGY,,21.56999969482422,21.579999923706055,21.56999969482422,21.579999923706055,1132.0
2026-08-05 13:20:00,PHVS,,33.52000045776367,33.52000045776367,33.52000045776367,33.52000045776367,247.0
2026-08-05 13:20:00,PLAB,,31.989999771118164,31.989999771118164,31.989999771118164,31.989999771118164,105.0
2026-08-05 13:20:00,PLBY,,1.1449999809265137,1.1449999809265137,1.1399999856948853,1.1449999809265137,6525.0
2026-08-05 13:20:00,PLMR,,134.72000122070312,134.85000610351562,134.72000122070312,134.85000610351562,898.0
2026-08-05 13:20:00,PLTK,,3.924999952316284,3.924999952316284,3.924999952316284,3.924999952316284,993.0
2026-08-05 13:20:00,PLUG,,2.0799999237060547,2.0799999237060547,2.069999933242798,2.0799999237060547,37006.0
2026-08-05 13:20:00,PNBK,,1.1299999952316284,1.1299999952316284,1.1299999952316284,1.1299999952316284,206.0
2026-08-05 13:20:00,PNFP,,107.59500122070312,107.69999694824219,107.51000213623047,107.66000366210938,5866.0
2026-08-05 13:20:00,POET,,8.329999923706055,8.329999923706055,8.3149995803833,8.3149995803833,2327.0
2026-08-05 13:20:00,PPC,,26.40999984741211,26.420000076293945,26.40999984741211,26.420000076293945,2213.0
2026-08-05 13:20:00,PPTA,,22.239999771118164,22.239999771118164,22.239999771118164,22.239999771118164,498.0
2026-08-05 13:20:00,PRAX,,316.2049865722656,316.2049865722656,315.510009765625,315.510009765625,1295.0
2026-08-05 13:20:00,PRCH,,15.854999542236328,15.875,15.84000015258789,15.875,5013.0
2026-08-05 13:20:00,PRCT,,19.110000610351562,19.209999084472656,19.110000610351562,19.209999084472656,17980.0
2026-08-05 13:20:00,PRIM,,84.22000122070312,84.45999908447266,84.22000122070312,84.41999816894531,2278.0
2026-08-05 13:20:00,PRME,,3.069999933242798,3.069999933242798,3.069999933242798,3.069999933242798,5792.0
2026-08-05 13:20:00,PRQR,,1.9049999713897705,1.9049999713897705,1.9049999713897705,1.9049999713897705,5703.0
2026-08-05 13:20:00,PRTH,,6.605000019073486,6.605000019073486,6.605000019073486,6.605000019073486,234.0
2026-08-05 13:20:00,PRVA,,24.399999618530273,24.405000686645508,24.399999618530273,24.399999618530273,1707.0
2026-08-05 13:20:00,PSEC,,2.180000066757202,2.190000057220459,2.180000066757202,2.184999942779541,1911.0
2026-08-05 13:20:00,PSNL,,13.510000228881836,13.510000228881836,13.510000228881836,13.510000228881836,824.0
2026-08-05 13:20:00,PSNY,,13.9399995803833,13.9399995803833,13.9399995803833,13.9399995803833,103.0
2026-08-05 13:20:00,PTC,,139.63999938964844,139.63999938964844,139.63999938964844,139.63999938964844,394.0
2026-08-05 13:20:00,PTEN,,9.78499984741211,9.78499984741211,9.78499984741211,9.78499984741211,901.0
2026-08-05 13:20:00,PTON,,6.500899791717529,6.514999866485596,6.5,6.514999866485596,12921.0
2026-08-05 13:20:00,PUBM,,13.390000343322754,13.390000343322754,13.390000343322754,13.390000343322754,1347.0
2026-08-05 13:20:00,PWP,,17.299999237060547,17.299999237060547,17.299999237060547,17.299999237060547,737.0
2026-08-05 13:20:00,PYPL,,58.2400016784668,58.244998931884766,58.220001220703125,58.220001220703125,13607.0
2026-08-05 13:20:00,PZZA,,30.100000381469727,30.1299991607666,30.100000381469727,30.114999771118164,2384.0
2026-08-05 13:20:00,QCOM,,157.77999877929688,157.82000732421875,157.67999267578125,157.82000732421875,8589.0
2026-08-05 13:20:00,QFIN,,13.1899995803833,13.1899995803833,13.180399894714355,13.180399894714355,12371.0
2026-08-05 13:20:00,QQQX,,30.389999389648438,30.389999389648438,30.389999389648438,30.389999389648438,300.0
2026-08-05 13:20:00,QRVO,,94.62000274658203,94.62999725341797,94.58000183105469,94.62999725341797,2104.0
2026-08-05 13:20:00,SEED,,1.0299999713897705,1.0299999713897705,1.0099999904632568,1.0299999713897705,1500.0
2026-08-05 13:20:00,STIM,,2.2799999713897705,2.2799999713897705,2.2799999713897705,2.2799999713897705,607.0
2026-08-05 13:20:00,TARA,,4.034999847412109,4.034999847412109,4.03000020980835,4.03000020980835,1872.0
2026-08-05 13:20:00,WOOF,,2.940000057220459,2.940000057220459,2.940000057220459,2.940000057220459,185.0
2026-08-05 13:21:00,ACDC,,4.414999961853027,4.420000076293945,4.40500020980835,4.420000076293945,8670.0
2026-08-05 13:21:00,EYE,,23.149999618530273,23.18000030517578,23.149999618530273,23.18000030517578,2524.0
2026-08-05 13:21:00,GLUE,,15.600000381469727,15.675000190734863,15.600000381469727,15.649999618530273,20017.0
2026-08-05 13:21:00,KIDS,,21.520000457763672,21.520000457763672,21.520000457763672,21.520000457763672,263.0
2026-08-05 13:21:00,KITT,,1.0200999975204468,1.0200999975204468,1.0200999975204468,1.0200999975204468,244.0
2026-08-05 13:21:00,LUNG,,2.005000114440918,2.005000114440918,2.005000114440918,2.005000114440918,399.0
2026-08-05 13:21:00,MBRX,,0.4099999964237213,0.4099999964237213,0.3970000147819519,0.3970000147819519,12388.0
2026-08-05 13:21:00,MDB,,374.8699951171875,375.2900085449219,374.8699951171875,375.260009765625,1083.0
2026-08-05 13:21:00,MDLZ,,62.505001068115234,62.51100158691406,62.5,62.5,8111.0
2026-08-05 13:21:00,MLTX,,17.790000915527344,17.790000915527344,17.790000915527344,17.790000915527344,597.0
2026-08-05 13:21:00,MNPR,,118.81999969482422,118.81999969482422,118.80999755859375,118.80999755859375,448.0
2026-08-05 13:21:00,MNRO,,13.25,13.25,13.25,13.25,2293.0
2026-08-05 13:21:00,MNST,,94.5250015258789,94.52999877929688,94.51000213623047,94.52999877929688,5319.0
2026-08-05 13:21:00,MNTS,,4.255000114440918,4.269999980926514,4.255000114440918,4.269999980926514,1263.0
2026-08-05 13:21:00,MODD,,2.0999999046325684,2.0999999046325684,2.0999999046325684,2.0999999046325684,201.0
2026-08-05 13:21:00,MPWR,,1334.0150146484375,1334.02001953125,1332.93994140625,1334.0,873.0
2026-08-05 13:21:00,MRNA,,56.75,56.81990051269531,56.75,56.810001373291016,8049.0
2026-08-05 13:21:00,MYGN,,3.125,3.125,3.1050000190734863,3.1050000190734863,13917.0
2026-08-05 13:21:00,MYRG,,340.29998779296875,340.29998779296875,340.29998779296875,340.29998779296875,136.0
2026-08-05 13:21:00,NAMS,,27.59000015258789,27.59000015258789,27.579999923706055,27.579999923706055,836.0
2026-08-05 13:21:00,NAUT,,0.9383999705314636,0.9383999705314636,0.9383999705314636,0.9383999705314636,1845.0
2026-08-05 13:21:00,NBIX,,163.64999389648438,163.69000244140625,163.64999389648438,163.69000244140625,1329.0
2026-08-05 13:21:00,NBTB,,53.439998626708984,53.439998626708984,53.439998626708984,53.439998626708984,1569.0
2026-08-05 13:21:00,NDAQ,,94.8499984741211,94.8499984741211,94.83000183105469,94.83000183105469,1603.0
2026-08-05 13:21:00,NDSN,,311.1650085449219,311.2200012207031,311.1400146484375,311.2200012207031,861.0
2026-08-05 13:21:00,NEO,,16.0,16.010000228881836,16.0,16.010000228881836,2766.0
2026-08-05 13:21:00,NEOG,,11.630000114440918,11.630000114440918,11.625,11.625,2782.0
2026-08-05 13:21:00,NEOV,,2.8399999141693115,2.840100049972534,2.8399999141693115,2.840100049972534,2589.0
2026-08-05 13:21:00,NESR,,28.729999542236328,28.729999542236328,28.729999542236328,28.729999542236328,290.0
2026-08-05 13:21:00,NEWT,,15.039999961853027,15.039999961853027,15.039999961853027,15.039999961853027,652.0
2026-08-05 13:21:00,NEXT,,6.434999942779541,6.434999942779541,6.434999942779541,6.434999942779541,4101.0
2026-08-05 13:21:00,NFE,,0.33660000562667847,0.33660000562667847,0.33660000562667847,0.33660000562667847,631.0
2026-08-05 13:21:00,NFLX,,73.40499877929688,73.42500305175781,73.3550033569336,73.3550033569336,32185.0
2026-08-05 13:21:00,NICE,,98.11000061035156,98.30500030517578,98.11000061035156,98.30500030517578,1734.0
2026-08-05 13:21:00,NIU,,2.4549999237060547,2.4549999237060547,2.4549999237060547,2.4549999237060547,200.0
2026-08-05 13:21:00,NKTX,,2.2100000381469727,2.2100000381469727,2.2100000381469727,2.2100000381469727,209.0
2026-08-05 13:21:00,NMFC,,7.340000152587891,7.340000152587891,7.340000152587891,7.340000152587891,1014.0
2026-08-05 13:21:00,NMRK,,15.654999732971191,15.65999984741211,15.645000457763672,15.645000457763672,3170.0
2026-08-05 13:21:00,NN,,14.179100036621094,14.194999694824219,14.149999618530273,14.15999984741211,8903.0
2026-08-05 13:21:00,NNBR,,3.9200000762939453,3.9200000762939453,3.890000104904175,3.9000000953674316,13029.0
2026-08-05 13:21:00,NNDM,,1.534999966621399,1.534999966621399,1.5299999713897705,1.5299999713897705,1269.0
2026-08-05 13:21:00,NRDS,,9.145000457763672,9.145000457763672,9.145000457763672,9.145000457763672,2280.0
2026-08-05 13:21:00,NRIX,,25.090099334716797,25.104999542236328,25.090099334716797,25.104999542236328,976.0
2026-08-05 13:21:00,NTAP,,189.75999450683594,189.77000427246094,189.75999450683594,189.77000427246094,786.0
2026-08-05 13:21:00,NTES,,127.70999908447266,127.70999908447266,127.63999938964844,127.63999938964844,714.0
2026-08-05 13:21:00,NTNX,,60.814998626708984,60.83000183105469,60.790000915527344,60.79999923706055,7288.0
2026-08-05 13:21:00,NTRA,,274.9200134277344,275.0,274.79998779296875,275.0,12064.0
2026-08-05 13:21:00,NUWE,,1.690000057220459,1.690000057220459,1.690000057220459,1.690000057220459,3540.0
2026-08-05 13:21:00,NVAX,,7.619999885559082,7.625,7.619999885559082,7.619999885559082,13589.0
2026-08-05 13:21:00,NVCR,,16.059999465942383,16.06999969482422,16.059999465942383,16.06999969482422,1369.0
2026-08-05 13:21:00,NVCT,,20.260000228881836,20.260000228881836,20.190000534057617,20.190000534057617,1737.0
2026-08-05 13:21:00,NVDA,,221.2301025390625,221.3491973876953,221.18499755859375,221.33999633789062,200087.0
2026-08-05 13:21:00,NVMI,,408.0,408.0050048828125,408.0,408.0050048828125,412.0
2026-08-05 13:21:00,NVTS,,12.45989990234375,12.46500015258789,12.449999809265137,12.460000038146973,39906.0
2026-08-05 13:21:00,NWL,,6.260000228881836,6.260000228881836,6.25,6.255000114440918,11678.0
2026-08-05 13:21:00,NWS,,32.29999923706055,32.29999923706055,32.29499816894531,32.29999923706055,2088.0
2026-08-05 13:21:00,NWSA,,28.260000228881836,28.270000457763672,28.260000228881836,28.269100189208984,4790.0
2026-08-05 13:21:00,NXPI,,231.1199951171875,231.46499633789062,231.1199951171875,231.46499633789062,6728.0
2026-08-05 13:21:00,NXST,,191.8000030517578,191.8000030517578,191.8000030517578,191.8000030517578,864.0
2026-08-05 13:21:00,NXT,,98.8550033569336,98.88999938964844,98.79000091552734,98.8053970336914,4921.0
2026-08-05 13:21:00,OCFC,,19.834999084472656,19.834999084472656,19.834999084472656,19.834999084472656,1317.0
2026-08-05 13:21:00,OCG,,1.6799999475479126,1.6799999475479126,1.6799999475479126,1.6799999475479126,578.0
2026-08-05 13:21:00,OCGN,,1.2999999523162842,1.2999999523162842,1.2999999523162842,1.2999999523162842,941.0
2026-08-05 13:21:00,OCSL,,12.125,12.125,12.125,12.125,495.0
2026-08-05 13:21:00,OCUL,,8.5649995803833,8.5649995803833,8.5649995803833,8.5649995803833,477.0
2026-08-05 13:21:00,ODD,,15.350000381469727,15.375,15.3100004196167,15.359999656677246,23940.0
2026-08-05 13:21:00,ODFL,,214.2100067138672,214.2100067138672,214.2100067138672,214.2100067138672,1244.0
2026-08-05 13:21:00,OESX,,14.558300018310547,14.558300018310547,14.220000267028809,14.220000267028809,1264.0
2026-08-05 13:21:00,OFIX,,10.510000228881836,10.510000228881836,10.5,10.5,2000.0
2026-08-05 13:21:00,OGI,,0.9449999928474426,0.9473999738693237,0.9449999928474426,0.9473999738693237,656.0
2026-08-05 13:21:00,OKTA,,148.12049865722656,148.32000732421875,148.12049865722656,148.32000732421875,1953.0
2026-08-05 13:21:00,OMCL,,37.2400016784668,37.2400016784668,37.2400016784668,37.2400016784668,5447.0
2026-08-05 13:21:00,OMH,,0.11420000344514847,0.11420000344514847,0.11420000344514847,0.11420000344514847,10405.0
2026-08-05 13:21:00,ON,,77.44000244140625,77.47000122070312,77.41999816894531,77.44000244140625,9489.0
2026-08-05 13:21:00,ONBPP,,24.829999923706055,24.829999923706055,24.829999923706055,24.829999923706055,145.0
2026-08-05 13:21:00,ONDS,,8.899900436401367,8.9197998046875,8.89009952545166,8.914999961853027,100104.0
2026-08-05 13:21:00,ONFO,,0.0746999979019165,0.0746999979019165,0.0746999979019165,0.0746999979019165,177.0
2026-08-05 13:21:00,OPCH,,23.479999542236328,23.479999542236328,23.469999313354492,23.469999313354492,1349.0
2026-08-05 13:21:00,OPEN,,3.8499999046325684,3.859999895095825,3.8399999141693115,3.8399999141693115,51596.0
2026-08-05 13:21:00,OPHC,,8.569999694824219,8.569999694824219,8.569999694824219,8.569999694824219,101.0
2026-08-05 13:21:00,OPK,,1.309999942779541,1.315000057220459,1.309999942779541,1.309999942779541,10982.0
2026-08-05 13:21:00,OPRA,,19.8799991607666,19.8799991607666,19.8799991607666,19.8799991607666,300.0
2026-08-05 13:21:00,OPRT,,6.150000095367432,6.170000076293945,6.150000095367432,6.150000095367432,9026.0
2026-08-05 13:21:00,OPRX,,6.920000076293945,6.929999828338623,6.900000095367432,6.920000076293945,6952.0
2026-08-05 13:21:00,ORGO,,2.3399999141693115,2.3399999141693115,2.3399999141693115,2.3399999141693115,200.0
2026-08-05 13:21:00,ORIC,,13.0600004196167,13.100000381469727,13.020000457763672,13.020000457763672,9643.0
2026-08-05 13:21:00,ORLY,,93.13500213623047,93.13500213623047,93.11000061035156,93.11000061035156,9845.0
2026-08-05 13:21:00,OSBC,,25.78499984741211,25.78499984741211,25.78499984741211,25.78499984741211,320.0
2026-08-05 13:21:00,OSPN,,16.450000762939453,16.489999771118164,16.450000762939453,16.489999771118164,2080.0
2026-08-05 13:21:00,OTEX,,25.834999084472656,25.834999084472656,25.834999084472656,25.834999084472656,239.0
2026-08-05 13:21:00,OTLK,,1.0299999713897705,1.0299999713897705,1.0199999809265137,1.0299999713897705,1437.0
2026-08-05 13:21:00,OTLY,,14.4350004196167,14.4350004196167,14.4350004196167,14.4350004196167,184.0
2026-08-05 13:21:00,OVID,,2.5950000286102295,2.5950000286102295,2.5899999141693115,2.5899999141693115,4133.0
2026-08-05 13:21:00,OXLC,,9.145000457763672,9.145000457763672,9.145000457763672,9.145000457763672,306.0
2026-08-05 13:21:00,OXSQ,,1.5,1.5049999952316284,1.4950000047683716,1.4950000047683716,48574.0
2026-08-05 13:21:00,PAA,,23.174999237060547,23.174999237060547,23.174999237060547,23.174999237060547,223.0
2026-08-05 13:21:00,PAAS,,47.88999938964844,47.91999816894531,47.869998931884766,47.91999816894531,3764.0
2026-08-05 13:21:00,PACB,,1.3594000339508057,1.3594000339508057,1.3594000339508057,1.3594000339508057,7176.0
2026-08-05 13:21:00,PAHC,,35.59000015258789,35.59000015258789,35.59000015258789,35.59000015258789,1108.0
2026-08-05 13:21:00,PALI,,2.134999990463257,2.140000104904175,2.134999990463257,2.140000104904175,2226.0
2026-08-05 13:21:00,PANW,,365.2900085449219,365.6499938964844,365.1700134277344,365.6499938964844,8000.0
2026-08-05 13:21:00,PAX,,11.444999694824219,11.444999694824219,11.444999694824219,11.444999694824219,3868.0
2026-08-05 13:21:00,PAYO,,7.125,7.125,7.125,7.125,871.0
2026-08-05 13:21:00,PAYX,,117.30000305175781,117.30999755859375,117.29000091552734,117.29000091552734,1651.0
2026-08-05 13:21:00,PCAR,,134.2449951171875,134.2449951171875,134.1999969482422,134.2100067138672,3641.0
2026-08-05 13:21:00,PCRX,,24.520000457763672,24.600000381469727,24.520000457763672,24.600000381469727,4434.0
2026-08-05 13:21:00,PCT,,6.885000228881836,6.885000228881836,6.885000228881836,6.885000228881836,1562.0
2026-08-05 13:21:00,PCTY,,144.93499755859375,145.1699981689453,144.93499755859375,145.1699981689453,367.0
2026-08-05 13:21:00,PDD,,90.91999816894531,90.91999816894531,90.88999938964844,90.88999938964844,4869.0
2026-08-05 13:21:00,PEGA,,31.735000610351562,31.735000610351562,31.735000610351562,31.735000610351562,1144.0
2026-08-05 13:21:00,PENN,,19.864999771118164,19.8700008392334,19.864999771118164,19.8700008392334,2633.0
2026-08-05 13:21:00,PEP,,138.66000366210938,138.6699981689453,138.63999938964844,138.63999938964844,6600.0
2026-08-05 13:21:00,PERI,,9.550000190734863,9.550000190734863,9.550000190734863,9.550000190734863,1646.0
2026-08-05 13:21:00,PESI,,17.729999542236328,17.729999542236328,17.729999542236328,17.729999542236328,467.0
2026-08-05 13:21:00,PFG,,114.08999633789062,114.08999633789062,114.08999633789062,114.08999633789062,330.0
2026-08-05 13:21:00,PGC,,46.716400146484375,46.716400146484375,46.716400146484375,46.716400146484375,1131.0
2026-08-05 13:21:00,PGEN,,6.894999980926514,6.894999980926514,6.880000114440918,6.880000114440918,9885.0
2026-08-05 13:21:00,PGY,,21.6299991607666,21.649999618530273,21.56999969482422,21.56999969482422,13382.0
2026-08-05 13:21:00,PHAT,,8.460000038146973,8.460000038146973,8.460000038146973,8.460000038146973,586.0
2026-08-05 13:21:00,PHVS,,33.3650016784668,33.5099983215332,33.3650016784668,33.5,2429.0
2026-08-05 13:21:00,PLAB,,31.969999313354492,31.989999771118164,31.969999313354492,31.989999771118164,1140.0
2026-08-05 13:21:00,PLUG,,2.069999933242798,2.0799999237060547,2.069999933242798,2.0799999237060547,43805.0
2026-08-05 13:21:00,PNFP,,107.59500122070312,107.5999984741211,107.55000305175781,107.55000305175781,2464.0
2026-08-05 13:21:00,PNTG,,39.064998626708984,39.064998626708984,39.064998626708984,39.064998626708984,241.0
2026-08-05 13:21:00,PODC,,3.4800000190734863,3.4800000190734863,3.4800000190734863,3.4800000190734863,263.0
2026-08-05 13:21:00,POET,,8.324999809265137,8.335000038146973,8.324999809265137,8.335000038146973,2675.0
2026-08-05 13:21:00,POWL,,212.13499450683594,212.27999877929688,212.0800018310547,212.27999877929688,1332.0
2026-08-05 13:21:00,PPC,,26.40999984741211,26.40999984741211,26.40999984741211,26.40999984741211,1188.0
2026-08-05 13:21:00,PPTA,,22.2450008392334,22.2450008392334,22.239999771118164,22.239999771118164,1100.0
2026-08-05 13:21:00,PRAA,,17.329999923706055,17.329999923706055,17.329999923706055,17.329999923706055,359.0
2026-08-05 13:21:00,PRCH,,15.859999656677246,15.859999656677246,15.84000015258789,15.859999656677246,6173.0
2026-08-05 13:21:00,PRCT,,19.059999465942383,19.110000610351562,19.059999465942383,19.100000381469727,4045.0
2026-08-05 13:21:00,PRE,,18.604999542236328,18.604999542236328,18.444000244140625,18.444000244140625,659.0
2026-08-05 13:21:00,PRIM,,84.19000244140625,84.33000183105469,84.19000244140625,84.33000183105469,2007.0
2026-08-05 13:21:00,PRLD,,4.559999942779541,4.559999942779541,4.559999942779541,4.559999942779541,630.0
2026-08-05 13:21:00,PROF,,8.100000381469727,8.109999656677246,8.100000381469727,8.109999656677246,412.0
2026-08-05 13:21:00,PRQR,,1.9049999713897705,1.909999966621399,1.9049999713897705,1.909999966621399,503.0
2026-08-05 13:21:00,PRSO,,0.6891000270843506,0.6891000270843506,0.6891000270843506,0.6891000270843506,345.0
2026-08-05 13:21:00,PSEC,,2.180000066757202,2.184999942779541,2.180000066757202,2.184999942779541,11842.0
2026-08-05 13:21:00,PSMT,,192.4499969482422,192.58999633789062,192.4499969482422,192.58999633789062,650.0
2026-08-05 13:21:00,PSNL,,13.5,13.5,13.5,13.5,632.0
2026-08-05 13:21:00,PSNY,,13.890000343322754,13.9399995803833,13.869999885559082,13.9399995803833,6226.0
2026-08-05 13:21:00,PTC,,139.67999267578125,139.77000427246094,139.67999267578125,139.6999969482422,3886.0
2026-08-05 13:21:00,PTCT,,69.08999633789062,69.08999633789062,69.08999633789062,69.08999633789062,520.0
2026-08-05 13:21:00,PTEN,,9.774999618530273,9.779999732971191,9.774999618530273,9.779999732971191,5441.0
2026-08-05 13:21:00,PTGX,,136.35000610351562,136.4499969482422,136.22000122070312,136.2550048828125,6490.0
2026-08-05 13:21:00,PTON,,6.505000114440918,6.506100177764893,6.5,6.5,7114.0
2026-08-05 13:21:00,PTPI,,0.0024999999441206455,0.0024999999441206455,0.0024999999441206455,0.0024999999441206455,1.0
2026-08-05 13:21:00,PUBM,,13.380000114440918,13.380000114440918,13.380000114440918,13.380000114440918,1620.0
2026-08-05 13:21:00,PWP,,17.30500030517578,17.309999465942383,17.30500030517578,17.309999465942383,3290.0
2026-08-05 13:21:00,PYPL,,58.2400016784668,58.2599983215332,58.2400016784668,58.2400016784668,5056.0
2026-08-05 13:21:00,PZZA,,30.1200008392334,30.125,30.1200008392334,30.125,1870.0
2026-08-05 13:21:00,QCOM,,157.67999267578125,157.77999877929688,157.66000366210938,157.67999267578125,11114.0
2026-08-05 13:21:00,QFIN,,13.199999809265137,13.199999809265137,13.1899995803833,13.1899995803833,2328.0
2026-08-05 13:21:00,QRVO,,94.51000213623047,94.5999984741211,94.49500274658203,94.5999984741211,4944.0
2026-08-05 13:21:00,SEED,,1.0199999809265137,1.0299999713897705,1.0189000368118286,1.0299999713897705,600.0
2026-08-05 13:21:00,TARA,,4.034999847412109,4.034999847412109,4.034999847412109,4.034999847412109,242.0
2026-08-05 13:21:00,WOOF,,2.940000057220459,2.940000057220459,2.940000057220459,2.940000057220459,503.0
2026-08-05 13:22:00,EYE,,23.139999389648438,23.145000457763672,23.139999389648438,23.139999389648438,660.0
2026-08-05 13:22:00,FIZZ,,32.09000015258789,32.10499954223633,32.09000015258789,32.10499954223633,1001.0
2026-08-05 13:22:00,GLUE,,15.59000015258789,15.619999885559082,15.59000015258789,15.600000381469727,12014.0
2026-08-05 13:22:00,KIDS,,21.3700008392334,21.434999465942383,21.360000610351562,21.434999465942383,1120.0
2026-08-05 13:22:00,KITT,,1.0199999809265137,1.0199999809265137,1.0199999809265137,1.0199999809265137,1505.0
2026-08-05 13:22:00,LUNG,,2.005000114440918,2.005000114440918,2.005000114440918,2.005000114440918,238.0
2026-08-05 13:22:00,MDB,,374.260009765625,374.6499938964844,374.07000732421875,374.6499938964844,2199.0
2026-08-05 13:22:00,MDLZ,,62.560001373291016,62.560001373291016,62.519901275634766,62.519901275634766,11079.0
2026-08-05 13:22:00,MLTX,,17.799999237060547,17.799999237060547,17.790000915527344,17.790000915527344,2562.0
2026-08-05 13:22:00,MNPR,,119.02999877929688,119.05000305175781,119.02999877929688,119.05000305175781,315.0
2026-08-05 13:22:00,MNST,,94.51000213623047,94.53500366210938,94.51000213623047,94.52999877929688,3654.0
2026-08-05 13:22:00,MPAA,,13.760000228881836,13.760000228881836,13.760000228881836,13.760000228881836,1747.0
2026-08-05 13:22:00,MPWR,,1332.02001953125,1332.9749755859375,1332.02001953125,1332.93994140625,1462.0
2026-08-05 13:22:00,MRNA,,56.7400016784668,56.755001068115234,56.709999084472656,56.75,6633.0
2026-08-05 13:22:00,MYGN,,3.125,3.130000114440918,3.125,3.125,621.0
2026-08-05 13:22:00,MYPS,,0.7203999757766724,0.7278000116348267,0.7203999757766724,0.7278000116348267,1172.0
2026-08-05 13:22:00,MYRG,,340.29998779296875,340.29998779296875,340.29998779296875,340.29998779296875,333.0
2026-08-05 13:22:00,NAAS,,3.2699999809265137,3.2699999809265137,3.2699999809265137,3.2699999809265137,2000.0
2026-08-05 13:22:00,NAMS,,27.524999618530273,27.532499313354492,27.524999618530273,27.532499313354492,467.0
2026-08-05 13:22:00,NAVI,,9.135000228881836,9.140000343322754,9.135000228881836,9.140000343322754,2289.0
2026-08-05 13:22:00,NB,,5.090000152587891,5.090000152587891,5.089900016784668,5.090000152587891,2140.0
2026-08-05 13:22:00,NBIX,,163.52999877929688,163.64999389648438,163.52999877929688,163.64999389648438,1707.0
2026-08-05 13:22:00,NEO,,15.984999656677246,16.0,15.979999542236328,16.0,2683.0
2026-08-05 13:22:00,NEOG,,11.619999885559082,11.630000114440918,11.619999885559082,11.630000114440918,6196.0
2026-08-05 13:22:00,NEOV,,2.8350000381469727,2.8450000286102295,2.8350000381469727,2.8350000381469727,31942.0
2026-08-05 13:22:00,NEPH,,3.5799999237060547,3.5799999237060547,3.5799999237060547,3.5799999237060547,100.0
2026-08-05 13:22:00,NESR,,28.709999084472656,28.729999542236328,28.709999084472656,28.729999542236328,1584.0
2026-08-05 13:22:00,NEWT,,15.050000190734863,15.050000190734863,15.050000190734863,15.050000190734863,490.0
2026-08-05 13:22:00,NEXT,,6.434999942779541,6.445000171661377,6.425000190734863,6.434999942779541,39934.0
2026-08-05 13:22:00,NFE,,0.33660000562667847,0.33660000562667847,0.33660000562667847,0.33660000562667847,1214.0
2026-08-05 13:22:00,NFLX,,73.43900299072266,73.45500183105469,73.3949966430664,73.40499877929688,44851.0
2026-08-05 13:22:00,NHTC,,1.5,1.7000000476837158,1.5,1.7000000476837158,79168.0
2026-08-05 13:22:00,NICE,,98.05000305175781,98.05000305175781,98.05000305175781,98.05000305175781,659.0
2026-08-05 13:22:00,NKTX,,2.2100000381469727,2.2100000381469727,2.2100000381469727,2.2100000381469727,262.0
2026-08-05 13:22:00,NMIH,,44.53499984741211,44.53499984741211,44.53499984741211,44.53499984741211,696.0
2026-08-05 13:22:00,NMRA,,1.6150000095367432,1.6150000095367432,1.6150000095367432,1.6150000095367432,495.0
2026-08-05 13:22:00,NMRK,,15.654999732971191,15.654999732971191,15.649999618530273,15.654999732971191,2313.0
2026-08-05 13:22:00,NN,,14.180000305175781,14.180000305175781,14.164999961853027,14.170000076293945,2569.0
2026-08-05 13:22:00,NNBR,,3.9100000858306885,3.9200000762939453,3.9000000953674316,3.9149999618530273,8219.0
2026-08-05 13:22:00,NNDM,,1.534999966621399,1.534999966621399,1.534999966621399,1.534999966621399,807.0
2026-08-05 13:22:00,NOVT,,155.9774932861328,156.02999877929688,155.84500122070312,155.97999572753906,3337.0
2026-08-05 13:22:00,NRDS,,9.145000457763672,9.145000457763672,9.140000343322754,9.140000343322754,1583.0
2026-08-05 13:22:00,NRIX,,25.0,25.104999542236328,25.0,25.09000015258789,5582.0
2026-08-05 13:22:00,NSSC,,40.209999084472656,40.209999084472656,40.18000030517578,40.18000030517578,1190.0
2026-08-05 13:22:00,NTAP,,189.75999450683594,189.8800048828125,189.72999572753906,189.8800048828125,3202.0
2026-08-05 13:22:00,NTCT,,41.689998626708984,41.689998626708984,41.689998626708984,41.689998626708984,1128.0
2026-08-05 13:22:00,NTES,,127.7300033569336,127.75,127.63999938964844,127.68499755859375,2166.0
2026-08-05 13:22:00,NTNX,,60.70000076293945,60.79999923706055,60.70000076293945,60.79999923706055,8450.0
2026-08-05 13:22:00,NTRA,,274.875,275.0,274.75,274.9800109863281,5445.0
2026-08-05 13:22:00,NTRS,,183.6999969482422,183.72999572753906,183.69000244140625,183.7100067138672,6005.0
2026-08-05 13:22:00,NVAX,,7.619999885559082,7.619999885559082,7.6194000244140625,7.6194000244140625,2495.0
2026-08-05 13:22:00,NVCR,,16.049999237060547,16.049999237060547,16.049999237060547,16.049999237060547,2159.0
2026-08-05 13:22:00,NVCT,,20.219999313354492,20.239999771118164,20.219999313354492,20.239999771118164,1563.0
2026-08-05 13:22:00,NVDA,,221.11000061035156,221.3000030517578,221.10330200195312,221.11000061035156,97200558.0
2026-08-05 13:22:00,NVMI,,407.6000061035156,408.1000061035156,407.5400085449219,408.1000061035156,751.0
2026-08-05 13:22:00,NVTS,,12.444999694824219,12.454999923706055,12.4399995803833,12.454999923706055,10832.0
2026-08-05 13:22:00,NWBI,,15.960000038146973,15.960000038146973,15.960000038146973,15.960000038146973,160.0
2026-08-05 13:22:00,NWL,,6.264999866485596,6.264999866485596,6.255000114440918,6.260000228881836,22494.0
2026-08-05 13:22:00,NWS,,32.290000915527344,32.310001373291016,32.27000045776367,32.290000915527344,8681.0
2026-08-05 13:22:00,NWSA,,28.264999389648438,28.274999618530273,28.235000610351562,28.25,26137.0
2026-08-05 13:22:00,NXPI,,231.15499877929688,231.24000549316406,231.0500030517578,231.11000061035156,4744.0
2026-08-05 13:22:00,NXT,,98.7300033569336,98.8550033569336,98.7300033569336,98.8550033569336,3512.0
2026-08-05 13:22:00,OBIO,,4.21999979019165,4.21999979019165,4.21999979019165,4.21999979019165,1449.0
2026-08-05 13:22:00,OCC,,15.880000114440918,15.880000114440918,15.880000114440918,15.880000114440918,133.0
2026-08-05 13:22:00,OCFC,,19.844999313354492,19.844999313354492,19.84000015258789,19.84000015258789,1695.0
2026-08-05 13:22:00,OCGN,,1.2899999618530273,1.2999999523162842,1.2899999618530273,1.2999999523162842,5252.0
2026-08-05 13:22:00,OCSL,,12.125,12.125,12.119999885559082,12.125,2680.0
2026-08-05 13:22:00,OCUL,,8.555000305175781,8.5649995803833,8.555000305175781,8.5649995803833,2619.0
2026-08-05 13:22:00,ODD,,15.350000381469727,15.350000381469727,15.350000381469727,15.350000381469727,1683.0
2026-08-05 13:22:00,ODFL,,214.00999450683594,214.00999450683594,214.00999450683594,214.00999450683594,559.0
2026-08-05 13:22:00,OFIX,,10.489999771118164,10.5,10.484999656677246,10.5,6798.0
2026-08-05 13:22:00,OKTA,,147.98500061035156,148.19000244140625,147.98500061035156,148.19000244140625,3406.0
2026-08-05 13:22:00,OLLI,,78.05500030517578,78.05500030517578,78.04000091552734,78.04000091552734,678.0
2026-08-05 13:22:00,OM,,5.010000228881836,5.010000228881836,4.989999771118164,4.989999771118164,481.0
2026-08-05 13:22:00,OMCL,,37.29999923706055,37.29999923706055,37.29999923706055,37.29999923706055,196.0
2026-08-05 13:22:00,OMER,,12.859999656677246,12.869999885559082,12.859999656677246,12.869999885559082,1383.0
2026-08-05 13:22:00,OMH,,0.11400000005960464,0.11400000005960464,0.11379999667406082,0.11389999836683273,13703.0
2026-08-05 13:22:00,ON,,77.38999938964844,77.44999694824219,77.37999725341797,77.41999816894531,19507.0
2026-08-05 13:22:00,ONB,,27.040000915527344,27.045000076293945,27.040000915527344,27.045000076293945,1295.0
2026-08-05 13:22:00,ONDS,,8.885000228881836,8.899999618530273,8.880000114440918,8.895000457763672,340607.0
2026-08-05 13:22:00,ONFO,,0.07410000264644623,0.07460000365972519,0.07400000095367432,0.07460000365972519,35226.0
2026-08-05 13:22:00,OPAL,,2.3450000286102295,2.3450000286102295,2.3450000286102295,2.3450000286102295,621.0
2026-08-05 13:22:00,OPCH,,23.459999084472656,23.46500015258789,23.459999084472656,23.46500015258789,2113.0
2026-08-05 13:22:00,OPEN,,3.8408000469207764,3.859999895095825,3.8399999141693115,3.8499999046325684,57177.0
2026-08-05 13:22:00,OPK,,1.309999942779541,1.309999942779541,1.309999942779541,1.309999942779541,1159.0
2026-08-05 13:22:00,OPRA,,19.850000381469727,19.850000381469727,19.850000381469727,19.850000381469727,381.0
2026-08-05 13:22:00,OPRT,,6.144999980926514,6.150000095367432,6.144999980926514,6.150000095367432,624.0
2026-08-05 13:22:00,ORGO,,2.3350000381469727,2.3399999141693115,2.3299999237060547,2.3399999141693115,6405.0
2026-08-05 13:22:00,ORLY,,93.1510009765625,93.15499877929688,93.13999938964844,93.13999938964844,6876.0
2026-08-05 13:22:00,OSBC,,25.81999969482422,25.81999969482422,25.790000915527344,25.790000915527344,4053.0
2026-08-05 13:22:00,OSS,,13.869999885559082,13.9399995803833,13.850000381469727,13.9399995803833,1199.0
2026-08-05 13:22:00,OSUR,,4.130000114440918,4.130000114440918,4.130000114440918,4.130000114440918,211.0
2026-08-05 13:22:00,OSW,,26.5049991607666,26.5049991607666,26.5049991607666,26.5049991607666,236.0
2026-08-05 13:22:00,OTEX,,25.81999969482422,25.834999084472656,25.815000534057617,25.834999084472656,3111.0
2026-08-05 13:22:00,OTLK,,1.024999976158142,1.0299999713897705,1.020400047302246,1.0299999713897705,10027.0
2026-08-05 13:22:00,OVID,,2.5999999046325684,2.6050000190734863,2.5950000286102295,2.5950000286102295,24576.0
2026-08-05 13:22:00,OXSQ,,1.5049999952316284,1.507099986076355,1.5049999952316284,1.507099986076355,5021.0
2026-08-05 13:22:00,PAA,,23.174999237060547,23.179899215698242,23.174999237060547,23.174999237060547,2243.0
2026-08-05 13:22:00,PAAS,,47.90999984741211,47.90999984741211,47.869998931884766,47.900001525878906,3776.0
2026-08-05 13:22:00,PACB,,1.3550000190734863,1.3550000190734863,1.3550000190734863,1.3550000190734863,5334.0
2026-08-05 13:22:00,PAGP,,25.12619972229004,25.12619972229004,25.125,25.125,2328.0
2026-08-05 13:22:00,PAHC,,35.70000076293945,35.70000076293945,35.650001525878906,35.650001525878906,1470.0
2026-08-05 13:22:00,PALI,,2.134999990463257,2.134999990463257,2.134999990463257,2.134999990463257,1198.0
2026-08-05 13:22:00,PANW,,364.55999755859375,365.5299987792969,364.55999755859375,365.2749938964844,7656.0
2026-08-05 13:22:00,PAX,,11.4350004196167,11.449999809265137,11.4350004196167,11.444999694824219,7222.0
2026-08-05 13:22:00,PAYO,,7.119999885559082,7.125,7.119999885559082,7.119999885559082,1708.0
2026-08-05 13:22:00,PAYX,,117.2699966430664,117.30000305175781,117.2699966430664,117.29000091552734,2453.0
2026-08-05 13:22:00,PCAR,,134.24000549316406,134.25999450683594,134.22999572753906,134.22999572753906,3567.0
2026-08-05 13:22:00,PCRX,,24.479999542236328,24.524999618530273,24.479999542236328,24.524999618530273,1797.0
2026-08-05 13:22:00,PCT,,6.879899978637695,6.880000114440918,6.875,6.880000114440918,5409.0
2026-08-05 13:22:00,PCTY,,145.14999389648438,145.14999389648438,144.9949951171875,144.9949951171875,734.0
2026-08-05 13:22:00,PDD,,90.83000183105469,90.8949966430664,90.83000183105469,90.8949966430664,10459.0
2026-08-05 13:22:00,PECO,,41.2400016784668,41.25,41.2400016784668,41.2400016784668,724.0
2026-08-05 13:22:00,PEGA,,31.709999084472656,31.719999313354492,31.709999084472656,31.719999313354492,1530.0
2026-08-05 13:22:00,PENN,,19.860000610351562,19.864999771118164,19.860000610351562,19.864999771118164,1533.0
2026-08-05 13:22:00,PEP,,138.6699981689453,138.6699981689453,138.64999389648438,138.66000366210938,5432.0
2026-08-05 13:22:00,PEPG,,1.9450000524520874,1.9450000524520874,1.9450000524520874,1.9450000524520874,491.0
2026-08-05 13:22:00,PFG,,114.0199966430664,114.1500015258789,114.01499938964844,114.1500015258789,3098.0
2026-08-05 13:22:00,PGEN,,6.880000114440918,6.900000095367432,6.880000114440918,6.900000095367432,7170.0
2026-08-05 13:22:00,PGNY,,31.75,31.75,31.75,31.75,1227.0
2026-08-05 13:22:00,PGY,,21.59000015258789,21.635000228881836,21.584999084472656,21.635000228881836,3672.0
2026-08-05 13:22:00,PHAT,,8.460000038146973,8.460000038146973,8.460000038146973,8.460000038146973,2003.0
2026-08-05 13:22:00,PKOH,,41.19499969482422,41.19499969482422,41.19499969482422,41.19499969482422,1340.0
2026-08-05 13:22:00,PLBY,,1.1399999856948853,1.1399999856948853,1.1399999856948853,1.1399999856948853,200.0
2026-08-05 13:22:00,PLRX,,1.065000057220459,1.065000057220459,1.065000057220459,1.065000057220459,1113.0
2026-08-05 13:22:00,PLTK,,3.930000066757202,3.930000066757202,3.930000066757202,3.930000066757202,1563.0
2026-08-05 13:22:00,PLUG,,2.075000047683716,2.0799999237060547,2.069999933242798,2.0766000747680664,12642.0
2026-08-05 13:22:00,PNFP,,107.5999984741211,107.5999984741211,107.5999984741211,107.5999984741211,352.0
2026-08-05 13:22:00,PNTG,,39.064998626708984,39.064998626708984,39.064998626708984,39.064998626708984,301.0
2026-08-05 13:22:00,POET,,8.319999694824219,8.324999809265137,8.3149995803833,8.319999694824219,7682.0
2026-08-05 13:22:00,POOL,,205.6999969482422,205.6999969482422,205.6999969482422,205.6999969482422,766.0
2026-08-05 13:22:00,POWI,,61.75,61.790000915527344,61.75,61.790000915527344,2352.0
2026-08-05 13:22:00,POWL,,211.80999755859375,212.07009887695312,211.80999755859375,212.07009887695312,982.0
2026-08-05 13:22:00,PPC,,26.40999984741211,26.40999984741211,26.40999984741211,26.40999984741211,730.0
2026-08-05 13:22:00,PPTA,,22.229999542236328,22.229999542236328,22.219999313354492,22.219999313354492,948.0
2026-08-05 13:22:00,PRCH,,15.850000381469727,15.850000381469727,15.829999923706055,15.850000381469727,808.0
2026-08-05 13:22:00,PRCT,,18.920000076293945,19.03499984741211,18.90999984741211,19.03499984741211,9936.0
2026-08-05 13:22:00,PRDO,,32.810001373291016,32.810001373291016,32.810001373291016,32.810001373291016,1142.0
2026-08-05 13:22:00,PRGS,,42.064998626708984,42.064998626708984,42.064998626708984,42.064998626708984,649.0
2026-08-05 13:22:00,PRIM,,84.2249984741211,84.27999877929688,84.2249984741211,84.2249984741211,1037.0
2026-08-05 13:22:00,PRLD,,4.570000171661377,4.570000171661377,4.570000171661377,4.570000171661377,748.0
2026-08-05 13:22:00,PROF,,8.095000267028809,8.095000267028809,8.09000015258789,8.09000015258789,301.0
2026-08-05 13:22:00,PRTH,,6.605000019073486,6.605000019073486,6.605000019073486,6.605000019073486,154.0
2026-08-05 13:22:00,PRVA,,24.3700008392334,24.389999389648438,24.3700008392334,24.389999389648438,2324.0
2026-08-05 13:22:00,PSEC,,2.190000057220459,2.190000057220459,2.180000066757202,2.184999942779541,2392.0
2026-08-05 13:22:00,PSNL,,13.489999771118164,13.489999771118164,13.484700202941895,13.489999771118164,1900.0
2026-08-05 13:22:00,PSNY,,13.984999656677246,14.0,13.984999656677246,14.0,648.0
2026-08-05 13:22:00,PTC,,139.6300048828125,139.6999969482422,139.6177978515625,139.6177978515625,990.0
2026-08-05 13:22:00,PTEN,,9.779999732971191,9.789999961853027,9.779899597167969,9.779899597167969,10288.0
2026-08-05 13:22:00,PTGX,,136.25999450683594,136.35000610351562,136.24000549316406,136.24000549316406,2875.0
2026-08-05 13:22:00,PTLO,,4.644999980926514,4.650000095367432,4.644999980926514,4.650000095367432,2835.0
2026-08-05 13:22:00,PTON,,6.494999885559082,6.500100135803223,6.494999885559082,6.5,6507.0
2026-08-05 13:22:00,PWP,,17.290000915527344,17.309999465942383,17.290000915527344,17.30500030517578,1986.0
2026-08-05 13:22:00,PXS,,4.769199848175049,4.769199848175049,4.769199848175049,4.769199848175049,507.0
2026-08-05 13:22:00,PYPL,,58.21500015258789,58.22999954223633,58.209999084472656,58.22999954223633,6504.0
2026-08-05 13:22:00,PZZA,,30.1200008392334,30.1200008392334,30.1200008392334,30.1200008392334,578.0
2026-08-05 13:22:00,QCOM,,157.60000610351562,157.77000427246094,157.60000610351562,157.72999572753906,14622.0
2026-08-05 13:22:00,QFIN,,13.194999694824219,13.194999694824219,13.194999694824219,13.194999694824219,490.0
2026-08-05 13:22:00,QRVO,,94.55999755859375,94.55999755859375,94.55000305175781,94.55999755859375,942.0
2026-08-05 13:22:00,SEED,,1.0299999713897705,1.0299999713897705,1.0199999809265137,1.0199999809265137,400.0
2026-08-05 13:22:00,STIM,,2.2799999713897705,2.2799999713897705,2.2750000953674316,2.2750000953674316,248.0
2026-08-05 13:22:00,WOOF,,2.944999933242798,2.944999933242798,2.940000057220459,2.940000057220459,1506.0
2026-08-05 13:23:00,ACDC,,4.414999961853027,4.414999961853027,4.414999961853027,4.414999961853027,1286.0
2026-08-05 13:23:00,DTIL,,7.545000076293945,7.545000076293945,7.545000076293945,7.545000076293945,869.0
2026-08-05 13:23:00,EYE,,23.139999389648438,23.149999618530273,23.139999389648438,23.149999618530273,2687.0
2026-08-05 13:23:00,GLUE,,15.619999885559082,15.619999885559082,15.595000267028809,15.595000267028809,40568.0
2026-08-05 13:23:00,KIDS,,21.34000015258789,21.350000381469727,21.34000015258789,21.350000381469727,945.0
2026-08-05 13:23:00,KITT,,1.0199999809265137,1.0290000438690186,1.0199999809265137,1.0290000438690186,3615.0
2026-08-05 13:23:00,LUNG,,2.005000114440918,2.005000114440918,2.005000114440918,2.005000114440918,426.0
2026-08-05 13:23:00,MBRX,,0.3977000117301941,0.39879998564720154,0.3977000117301941,0.39879998564720154,4165.0
2026-08-05 13:23:00,MDB,,374.0400085449219,374.2799987792969,374.010009765625,374.1700134277344,918.0
2026-08-05 13:23:00,MDLZ,,62.59000015258789,62.60499954223633,62.54999923706055,62.56999969482422,17830.0
2026-08-05 13:23:00,MNRO,,13.239999771118164,13.239999771118164,13.234999656677246,13.234999656677246,1494.0
2026-08-05 13:23:00,MNST,,94.5199966430664,94.5199966430664,94.51000213623047,94.51000213623047,1845.0
2026-08-05 13:23:00,MNTS,,4.260000228881836,4.260000228881836,4.25,4.25,1451.0
2026-08-05 13:23:00,MORN,,197.2899932861328,197.36500549316406,197.2899932861328,197.2899932861328,1527.0
2026-08-05 13:23:00,MPWR,,1332.1099853515625,1332.4200439453125,1331.31494140625,1331.9100341796875,526.0
2026-08-05 13:23:00,MRNA,,56.71500015258789,56.720001220703125,56.70000076293945,56.70000076293945,8281.0
2026-08-05 13:23:00,MYGN,,3.140000104904175,3.140000104904175,3.130000114440918,3.130000114440918,5768.0
2026-08-05 13:23:00,NAAS,,3.2699999809265137,3.2699999809265137,3.2699999809265137,3.2699999809265137,0.0
2026-08-05 13:23:00,NAMS,,27.645000457763672,27.645000457763672,27.479999542236328,27.56999969482422,3254.0
2026-08-05 13:23:00,NB,,5.091000080108643,5.09499979019165,5.090000152587891,5.090000152587891,7110.0
2026-08-05 13:23:00,NBIX,,163.5500030517578,163.5500030517578,163.5500030517578,163.5500030517578,883.0
2026-08-05 13:23:00,NDAQ,,94.8499984741211,94.8499984741211,94.81999969482422,94.82499694824219,916.0
2026-08-05 13:23:00,NEO,,16.010000228881836,16.010000228881836,15.984999656677246,15.984999656677246,6178.0
2026-08-05 13:23:00,NEOG,,11.614999771118164,11.625,11.614999771118164,11.625,2481.0
2026-08-05 13:23:00,NEOV,,2.8350000381469727,2.835900068283081,2.8350000381469727,2.8350000381469727,2367.0
2026-08-05 13:23:00,NESR,,28.729999542236328,28.739999771118164,28.729999542236328,28.729999542236328,3811.0
2026-08-05 13:23:00,NEXT,,6.445000171661377,6.445000171661377,6.440000057220459,6.440000057220459,3440.0
2026-08-05 13:23:00,NFLX,,73.41000366210938,73.43499755859375,73.40499877929688,73.43499755859375,21182.0
2026-08-05 13:23:00,NHTC,,1.6699999570846558,1.6699999570846558,1.6699999570846558,1.6699999570846558,786.0
2026-08-05 13:23:00,NICE,,98.07499694824219,98.07499694824219,98.07499694824219,98.07499694824219,985.0
2026-08-05 13:23:00,NIU,,2.4549999237060547,2.4549999237060547,2.4549999237060547,2.4549999237060547,46.0
2026-08-05 13:23:00,NKTR,,73.22000122070312,73.22000122070312,73.22000122070312,73.22000122070312,1105.0
2026-08-05 13:23:00,NKTX,,2.2149999141693115,2.2149999141693115,2.2149999141693115,2.2149999141693115,543.0
2026-08-05 13:23:00,NMFC,,7.340000152587891,7.340000152587891,7.340000152587891,7.340000152587891,6928.0
2026-08-05 13:23:00,NMIH,,44.53499984741211,44.53499984741211,44.53499984741211,44.53499984741211,344.0
2026-08-05 13:23:00,NMRK,,15.649999618530273,15.649999618530273,15.649999618530273,15.649999618530273,1755.0
2026-08-05 13:23:00,NN,,14.199999809265137,14.199999809265137,14.199999809265137,14.199999809265137,457.0
2026-08-05 13:23:00,NNDM,,1.534999966621399,1.534999966621399,1.534999966621399,1.534999966621399,655.0
2026-08-05 13:23:00,NOVT,,155.9499969482422,155.9499969482422,155.9499969482422,155.9499969482422,266.0
2026-08-05 13:23:00,NRXP,,3.055000066757202,3.055000066757202,3.050100088119507,3.050100088119507,733.0
2026-08-05 13:23:00,NTAP,,189.72000122070312,189.72000122070312,189.72000122070312,189.72000122070312,908.0
2026-08-05 13:23:00,NTNX,,60.724998474121094,60.724998474121094,60.70000076293945,60.709999084472656,6426.0
2026-08-05 13:23:00,NTRA,,274.7149963378906,274.95001220703125,274.29998779296875,274.875,21674.0
2026-08-05 13:23:00,NTRS,,183.77999877929688,183.8000030517578,183.72000122070312,183.72000122070312,3771.0
2026-08-05 13:23:00,NVAX,,7.614999771118164,7.614999771118164,7.614999771118164,7.614999771118164,307.0
2026-08-05 13:23:00,NVDA,,221.28500366210938,221.33999633789062,221.07000732421875,221.10000610351562,143863.0
2026-08-05 13:23:00,NVTS,,12.489999771118164,12.499799728393555,12.444999694824219,12.444999694824219,16192.0
2026-08-05 13:23:00,NWBI,,15.954999923706055,15.954999923706055,15.954999923706055,15.954999923706055,798.0
2026-08-05 13:23:00,NWL,,6.284999847412109,6.289999961853027,6.260000228881836,6.260000228881836,21203.0
2026-08-05 13:23:00,NWSA,,28.260000228881836,28.264999389648438,28.260000228881836,28.264999389648438,1012.0
2026-08-05 13:23:00,NXPI,,231.17999267578125,231.25999450683594,231.01499938964844,231.02000427246094,5484.0
2026-08-05 13:23:00,NXT,,98.8499984741211,98.8499984741211,98.83999633789062,98.83999633789062,2570.0
2026-08-05 13:23:00,OABI,,2.059999942779541,2.059999942779541,2.059999942779541,2.059999942779541,898.0
2026-08-05 13:23:00,OCC,,15.920000076293945,15.920000076293945,15.920000076293945,15.920000076293945,119.0
2026-08-05 13:23:00,OCGN,,1.284999966621399,1.2963000535964966,1.284999966621399,1.2963000535964966,48694.0
2026-08-05 13:23:00,OCSL,,12.130000114440918,12.130000114440918,12.130000114440918,12.130000114440918,200.0
2026-08-05 13:23:00,OCUL,,8.5649995803833,8.5649995803833,8.5649995803833,8.5649995803833,628.0
2026-08-05 13:23:00,ODFL,,213.89999389648438,214.01499938964844,213.77999877929688,214.00999450683594,4724.0
2026-08-05 13:23:00,OKTA,,147.97999572753906,147.97999572753906,147.9250030517578,147.9600067138672,2073.0
2026-08-05 13:23:00,OLLI,,78.0199966430664,78.0199966430664,77.98999786376953,77.98999786376953,2925.0
2026-08-05 13:23:00,OLMA,,11.59000015258789,11.59000015258789,11.59000015258789,11.59000015258789,793.0
2026-08-05 13:23:00,OMH,,0.11400000005960464,0.11400000005960464,0.11400000005960464,0.11400000005960464,5246.0
2026-08-05 13:23:00,ON,,77.52999877929688,77.52999877929688,77.4000015258789,77.4000015258789,23095.0
2026-08-05 13:23:00,ONCY,,0.7973999977111816,0.7973999977111816,0.7973999977111816,0.7973999977111816,321.0
2026-08-05 13:23:00,ONDS,,8.91510009765625,8.920000076293945,8.885000228881836,8.889900207519531,588263.0
2026-08-05 13:23:00,ONFO,,0.07410000264644623,0.07410000264644623,0.07400000095367432,0.07410000264644623,32622.0
2026-08-05 13:23:00,OPCH,,23.459999084472656,23.459999084472656,23.450000762939453,23.450000762939453,2106.0
2026-08-05 13:23:00,OPEN,,3.8399999141693115,3.8499999046325684,3.8299999237060547,3.8450000286102295,112975.0
2026-08-05 13:23:00,OPHC,,8.569999694824219,8.569999694824219,8.569999694824219,8.569999694824219,100.0
2026-08-05 13:23:00,OPK,,1.315000057220459,1.319100022315979,1.315000057220459,1.319100022315979,5423.0
2026-08-05 13:23:00,OPRA,,19.829999923706055,19.829999923706055,19.829999923706055,19.829999923706055,387.0
2026-08-05 13:23:00,OPRT,,6.15500020980835,6.15500020980835,6.15500020980835,6.15500020980835,260.0
2026-08-05 13:23:00,ORGO,,2.3350000381469727,2.3350000381469727,2.3350000381469727,2.3350000381469727,473.0
2026-08-05 13:23:00,ORIC,,13.069999694824219,13.069999694824219,13.0649995803833,13.0649995803833,1947.0
2026-08-05 13:23:00,ORLY,,93.16999816894531,93.16999816894531,93.16500091552734,93.16999816894531,3309.0
2026-08-05 13:23:00,ORRF,,43.31999969482422,43.31999969482422,43.31999969482422,43.31999969482422,430.0
2026-08-05 13:23:00,OSS,,13.920000076293945,13.920000076293945,13.920000076293945,13.920000076293945,1177.0
2026-08-05 13:23:00,OSUR,,4.130000114440918,4.130000114440918,4.130000114440918,4.130000114440918,749.0
2026-08-05 13:23:00,OTEX,,25.825000762939453,25.825000762939453,25.825000762939453,25.825000762939453,936.0
2026-08-05 13:23:00,OTLK,,1.0299999713897705,1.0299999713897705,1.024999976158142,1.0299999713897705,11011.0
2026-08-05 13:23:00,PAA,,23.174999237060547,23.174999237060547,23.174999237060547,23.174999237060547,666.0
2026-08-05 13:23:00,PAAS,,47.869998931884766,47.93000030517578,47.849998474121094,47.904998779296875,5709.0
2026-08-05 13:23:00,PACB,,1.350000023841858,1.3598999977111816,1.350000023841858,1.3588999509811401,24321.0
2026-08-05 13:23:00,PAHC,,35.689998626708984,35.689998626708984,35.689998626708984,35.689998626708984,593.0
2026-08-05 13:23:00,PALI,,2.128999948501587,2.134999990463257,2.125,2.134999990463257,29085.0
2026-08-05 13:23:00,PANW,,364.82501220703125,364.9100036621094,364.2200012207031,364.54998779296875,5496.0
2026-08-05 13:23:00,PATK,,87.9800033569336,87.9800033569336,87.9800033569336,87.9800033569336,460.0
2026-08-05 13:23:00,PAX,,11.414999961853027,11.425000190734863,11.414999961853027,11.425000190734863,1912.0
2026-08-05 13:23:00,PAYO,,7.125,7.125,7.125,7.125,549.0
2026-08-05 13:23:00,PAYX,,117.25499725341797,117.26000213623047,117.25499725341797,117.26000213623047,729.0
2026-08-05 13:23:00,PCAR,,134.16000366210938,134.17999267578125,134.16000366210938,134.17999267578125,2537.0
2026-08-05 13:23:00,PCRX,,24.5,24.5,24.489999771118164,24.489999771118164,841.0
2026-08-05 13:23:00,PCT,,6.885000228881836,6.885000228881836,6.875,6.875,2469.0
2026-08-05 13:23:00,PCTY,,144.80999755859375,144.80999755859375,144.80999755859375,144.80999755859375,686.0
2026-08-05 13:23:00,PDD,,90.83000183105469,90.83000183105469,90.80999755859375,90.80999755859375,4518.0
2026-08-05 13:23:00,PECO,,41.27000045776367,41.27000045776367,41.244998931884766,41.27000045776367,727.0
2026-08-05 13:23:00,PEGA,,31.700000762939453,31.700000762939453,31.700000762939453,31.700000762939453,1063.0
2026-08-05 13:23:00,PENN,,19.8799991607666,19.8799991607666,19.860000610351562,19.860000610351562,6539.0
2026-08-05 13:23:00,PEP,,138.6501007080078,138.6699981689453,138.6300048828125,138.6699981689453,2895.0
2026-08-05 13:23:00,PEPG,,1.9450000524520874,1.9450000524520874,1.9450000524520874,1.9450000524520874,333.0
2026-08-05 13:23:00,PESI,,17.780000686645508,17.780000686645508,17.780000686645508,17.780000686645508,1273.0
2026-08-05 13:23:00,PFG,,114.0199966430664,114.0199966430664,114.0199966430664,114.0199966430664,752.0
2026-08-05 13:23:00,PGEN,,6.894999980926514,6.900000095367432,6.869999885559082,6.880000114440918,19994.0
2026-08-05 13:23:00,PGY,,21.600000381469727,21.600000381469727,21.579999923706055,21.579999923706055,2712.0
2026-08-05 13:23:00,PLAB,,31.959999084472656,31.959999084472656,31.959999084472656,31.959999084472656,828.0
2026-08-05 13:23:00,PLBY,,1.149999976158142,1.149999976158142,1.149999976158142,1.149999976158142,58.0
2026-08-05 13:23:00,PLRX,,1.059999942779541,1.059999942779541,1.059999942779541,1.059999942779541,400.0
2026-08-05 13:23:00,PLTK,,3.930000066757202,3.930000066757202,3.930000066757202,3.930000066757202,276.0
2026-08-05 13:23:00,PLUG,,2.075000047683716,2.0799999237060547,2.0701000690460205,2.0701000690460205,27278.0
2026-08-05 13:23:00,PNBK,,1.1349999904632568,1.1349999904632568,1.1349999904632568,1.1349999904632568,100.0
2026-08-05 13:23:00,PNFP,,107.70999908447266,107.70999908447266,107.69000244140625,107.69999694824219,1085.0
2026-08-05 13:23:00,PNTG,,38.90999984741211,39.04999923706055,38.84000015258789,39.03499984741211,5092.0
2026-08-05 13:23:00,POET,,8.350000381469727,8.350000381469727,8.319999694824219,8.319999694824219,13108.0
2026-08-05 13:23:00,POWL,,211.9949951171875,211.9949951171875,211.92999267578125,211.9600067138672,1307.0
2026-08-05 13:23:00,PPC,,26.401399612426758,26.401399612426758,26.401399612426758,26.401399612426758,293.0
2026-08-05 13:23:00,PPTA,,22.25,22.25,22.25,22.25,188.0
2026-08-05 13:23:00,PRAX,,316.4200134277344,316.44000244140625,316.0400085449219,316.1400146484375,1810.0
2026-08-05 13:23:00,PRCH,,15.859999656677246,15.859999656677246,15.859999656677246,15.859999656677246,965.0
2026-08-05 13:23:00,PRCT,,18.90999984741211,18.950000762939453,18.8799991607666,18.8799991607666,8170.0
2026-08-05 13:23:00,PRDO,,32.81999969482422,32.81999969482422,32.81999969482422,32.81999969482422,693.0
2026-08-05 13:23:00,PRIM,,84.36000061035156,84.45500183105469,84.08999633789062,84.1500015258789,9001.0
2026-08-05 13:23:00,PRME,,3.075000047683716,3.0810000896453857,3.075000047683716,3.075000047683716,14243.0
2026-08-05 13:23:00,PRQR,,1.899999976158142,1.9049999713897705,1.899999976158142,1.9049999713897705,450.0
2026-08-05 13:23:00,PRTA,,8.489999771118164,8.489999771118164,8.489999771118164,8.489999771118164,240.0
2026-08-05 13:23:00,PRVA,,24.3700008392334,24.3700008392334,24.3700008392334,24.3700008392334,1165.0
2026-08-05 13:23:00,PSEC,,2.190000057220459,2.190000057220459,2.184999942779541,2.190000057220459,2634.0
2026-08-05 13:23:00,PSMT,,192.44000244140625,192.44000244140625,192.44000244140625,192.44000244140625,388.0
2026-08-05 13:23:00,PSNL,,13.489999771118164,13.489999771118164,13.479999542236328,13.479999542236328,876.0
2026-08-05 13:23:00,PSNY,,13.984999656677246,13.984999656677246,13.984999656677246,13.984999656677246,291.0
2026-08-05 13:23:00,PTC,,139.58999633789062,139.6699981689453,139.58999633789062,139.6699981689453,1067.0
2026-08-05 13:23:00,PTCT,,69.04000091552734,69.04000091552734,69.04000091552734,69.04000091552734,415.0
2026-08-05 13:23:00,PTEN,,9.774999618530273,9.779999732971191,9.774999618530273,9.779999732971191,5922.0
2026-08-05 13:23:00,PTLO,,4.644999980926514,4.644999980926514,4.644999980926514,4.644999980926514,343.0
2026-08-05 13:23:00,PTON,,6.496399879455566,6.496399879455566,6.494999885559082,6.494999885559082,4951.0
2026-08-05 13:23:00,PWP,,17.360000610351562,17.360000610351562,17.31999969482422,17.31999969482422,2171.0
2026-08-05 13:23:00,PYPL,,58.224998474121094,58.23500061035156,58.21500015258789,58.21500015258789,7602.0
2026-08-05 13:23:00,PYXS,,3.180000066757202,3.180000066757202,3.180000066757202,3.180000066757202,1069.0
2026-08-05 13:23:00,PZZA,,30.114999771118164,30.1200008392334,30.110000610351562,30.110000610351562,3583.0
2026-08-05 13:23:00,QCOM,,157.7550048828125,157.7794952392578,157.60000610351562,157.60000610351562,10803.0
2026-08-05 13:23:00,QFIN,,13.194999694824219,13.194999694824219,13.194999694824219,13.194999694824219,1701.0
2026-08-05 13:23:00,QRVO,,94.53500366210938,94.55999755859375,94.51000213623047,94.5199966430664,4330.0
2026-08-05 13:23:00,SEED,,1.0199999809265137,1.0299999713897705,1.0199999809265137,1.0299999713897705,700.0
2026-08-05 13:23:00,STIM,,2.2750000953674316,2.2750000953674316,2.2750000953674316,2.2750000953674316,397.0
2026-08-05 13:23:00,TARA,,4.034999847412109,4.034999847412109,4.034999847412109,4.034999847412109,103.0
2026-08-05 13:23:00,WOOF,,2.940000057220459,2.944999933242798,2.940000057220459,2.944999933242798,293.0
2026-08-05 13:24:00,ACDC,,4.420000076293945,4.420000076293945,4.414999961853027,4.414999961853027,6566.0
2026-08-05 13:24:00,CASH,,89.18000030517578,89.18000030517578,89.1050033569336,89.1050033569336,3058.0
2026-08-05 13:24:00,EYE,,23.18000030517578,23.18000030517578,23.165000915527344,23.165000915527344,1557.0
2026-08-05 13:24:00,FIZZ,,32.099998474121094,32.099998474121094,32.099998474121094,32.099998474121094,882.0
2026-08-05 13:24:00,GLUE,,15.609999656677246,15.609999656677246,15.609999656677246,15.609999656677246,4059.0
2026-08-05 13:24:00,KIDS,,21.440000534057617,21.440000534057617,21.3799991607666,21.3799991607666,440.0
2026-08-05 13:24:00,KITT,,1.0199999809265137,1.0199999809265137,1.0199999809265137,1.0199999809265137,2000.0
2026-08-05 13:24:00,LUNG,,2.0011000633239746,2.009999990463257,2.0011000633239746,2.009999990463257,1454.0
2026-08-05 13:24:00,MBRX,,0.40470001101493835,0.40470001101493835,0.4043000042438507,0.4043000042438507,1124.0
2026-08-05 13:24:00,MDB,,374.04998779296875,374.04998779296875,374.0,374.0,1556.0
2026-08-05 13:24:00,MDLZ,,62.60499954223633,62.619998931884766,62.584999084472656,62.584999084472656,13971.0
2026-08-05 13:24:00,MNPR,,119.0999984741211,119.0999984741211,119.0999984741211,119.0999984741211,274.0
2026-08-05 13:24:00,MNRO,,13.26200008392334,13.270000457763672,13.25,13.25,1089.0
2026-08-05 13:24:00,MNST,,94.54000091552734,94.54090118408203,94.5250015258789,94.5250015258789,4322.0
2026-08-05 13:24:00,MNTS,,4.260000228881836,4.269899845123291,4.260000228881836,4.269899845123291,695.0
2026-08-05 13:24:00,MOVE,,12.15999984741211,12.194999694824219,12.150099754333496,12.194999694824219,9925.0
2026-08-05 13:24:00,MPWR,,1332.1099853515625,1332.469970703125,1332.1099853515625,1332.1099853515625,406.0
2026-08-05 13:24:00,MRNA,,56.630001068115234,56.71500015258789,56.58000183105469,56.71500015258789,21024.0
2026-08-05 13:24:00,MYGN,,3.140000104904175,3.1449999809265137,3.140000104904175,3.140000104904175,5081.0
2026-08-05 13:24:00,MYRG,,340.45001220703125,340.4599914550781,340.45001220703125,340.4599914550781,605.0
2026-08-05 13:24:00,NAMS,,27.565000534057617,27.65999984741211,27.53499984741211,27.65999984741211,1655.0
2026-08-05 13:24:00,NAVI,,9.145000457763672,9.145000457763672,9.140000343322754,9.140000343322754,2730.0
2026-08-05 13:24:00,NB,,5.070000171661377,5.09499979019165,5.070000171661377,5.09499979019165,73087.0
2026-08-05 13:24:00,NBIX,,163.63999938964844,163.63999938964844,163.63999938964844,163.63999938964844,283.0
2026-08-05 13:24:00,NBTB,,53.43000030517578,53.43000030517578,53.43000030517578,53.43000030517578,1064.0
2026-08-05 13:24:00,NDAQ,,94.83499908447266,94.86000061035156,94.82499694824219,94.82499694824219,1603.0
2026-08-05 13:24:00,NEO,,16.010000228881836,16.011199951171875,16.010000228881836,16.011199951171875,1113.0
2026-08-05 13:24:00,NEOG,,11.619999885559082,11.625,11.619999885559082,11.619999885559082,9876.0
2026-08-05 13:24:00,NEOV,,2.8450000286102295,2.8499999046325684,2.8399999141693115,2.8399999141693115,3937.0
2026-08-05 13:24:00,NESR,,28.760000228881836,28.760000228881836,28.75,28.75,3169.0
2026-08-05 13:24:00,NEXT,,6.445000171661377,6.445000171661377,6.445000171661377,6.445000171661377,1255.0
2026-08-05 13:24:00,NFLX,,73.46499633789062,73.46499633789062,73.38999938964844,73.4000015258789,19614.0
2026-08-05 13:24:00,NHTC,,1.6200000047683716,1.649999976158142,1.6100000143051147,1.649999976158142,8615.0
2026-08-05 13:24:00,NKTX,,2.2149999141693115,2.2149999141693115,2.2149999141693115,2.2149999141693115,750.0
2026-08-05 13:24:00,NMRA,,1.6150000095367432,1.6150000095367432,1.6150000095367432,1.6150000095367432,631.0
2026-08-05 13:24:00,NMRK,,15.654999732971191,15.654999732971191,15.649999618530273,15.649999618530273,1388.0
2026-08-05 13:24:00,NN,,14.210000038146973,14.210000038146973,14.210000038146973,14.210000038146973,667.0
2026-08-05 13:24:00,NNBR,,3.875,3.9000000953674316,3.875,3.9000000953674316,9285.0
2026-08-05 13:24:00,NNDM,,1.534999966621399,1.534999966621399,1.534999966621399,1.534999966621399,1400.0
2026-08-05 13:24:00,NOVT,,156.02499389648438,156.02499389648438,155.99000549316406,155.99000549316406,698.0
2026-08-05 13:24:00,NPCE,,13.3503999710083,13.3503999710083,13.3503999710083,13.3503999710083,275.0
2026-08-05 13:24:00,NRC,,19.600000381469727,19.610000610351562,19.600000381469727,19.610000610351562,1298.0
2026-08-05 13:24:00,NRDS,,9.149999618530273,9.149999618530273,9.139100074768066,9.140000343322754,3216.0
2026-08-05 13:24:00,NRIX,,25.020000457763672,25.020000457763672,25.020000457763672,25.020000457763672,619.0
2026-08-05 13:24:00,NRSN,,0.5375999808311462,0.5375999808311462,0.5375999808311462,0.5375999808311462,540.0
2026-08-05 13:24:00,NRXP,,3.055000066757202,3.059999942779541,3.055000066757202,3.059999942779541,1451.0
2026-08-05 13:24:00,NSSC,,40.2599983215332,40.2599983215332,40.2599983215332,40.2599983215332,780.0
2026-08-05 13:24:00,NTAP,,189.8800048828125,189.9499969482422,189.72000122070312,189.72000122070312,9900.0
2026-08-05 13:24:00,NTCT,,41.720001220703125,41.72999954223633,41.720001220703125,41.72999954223633,1010.0
2026-08-05 13:24:00,NTES,,127.66000366210938,127.66000366210938,127.66000366210938,127.66000366210938,261.0
2026-08-05 13:24:00,NTNX,,60.72999954223633,60.72999954223633,60.72999954223633,60.72999954223633,5216.0
2026-08-05 13:24:00,NTRA,,274.4700012207031,274.8399963378906,274.2951965332031,274.7850036621094,3933.0
2026-08-05 13:24:00,NTRS,,184.02999877929688,184.02999877929688,183.86000061035156,183.86000061035156,3166.0
2026-08-05 13:24:00,NVAX,,7.614999771118164,7.614999771118164,7.610099792480469,7.610099792480469,6777.0
2026-08-05 13:24:00,NVCR,,16.079999923706055,16.100000381469727,16.079999923706055,16.100000381469727,722.0
2026-08-05 13:24:00,NVDA,,221.39999389648438,221.4199981689453,221.27999877929688,221.28500366210938,151349.0
2026-08-05 13:24:00,NVMI,,408.1600036621094,408.1600036621094,408.1600036621094,408.1600036621094,509.0
2026-08-05 13:24:00,NVTS,,12.5,12.510000228881836,12.489999771118164,12.489999771118164,13204.0
2026-08-05 13:24:00,NWBI,,15.96500015258789,15.96500015258789,15.960000038146973,15.960000038146973,2061.0
2026-08-05 13:24:00,NWL,,6.284999847412109,6.284999847412109,6.284999847412109,6.284999847412109,3192.0
2026-08-05 13:24:00,NWPX,,127.94999694824219,127.94999694824219,127.94999694824219,127.94999694824219,497.0
2026-08-05 13:24:00,NWS,,32.290000915527344,32.290000915527344,32.290000915527344,32.290000915527344,786.0
2026-08-05 13:24:00,NWSA,,28.264999389648438,28.270000457763672,28.260000228881836,28.260000228881836,2967.0
2026-08-05 13:24:00,NXPI,,231.18499755859375,231.22000122070312,231.15499877929688,231.15499877929688,2651.0
2026-08-05 13:24:00,NXT,,98.94999694824219,98.95999908447266,98.94999694824219,98.95999908447266,676.0
2026-08-05 13:24:00,OCGN,,1.2799999713897705,1.284999966621399,1.2799999713897705,1.2799999713897705,18343.0
2026-08-05 13:24:00,OCSL,,12.125,12.125,12.125,12.125,188.0
2026-08-05 13:24:00,OCUL,,8.574999809265137,8.574999809265137,8.569999694824219,8.569999694824219,1076.0
2026-08-05 13:24:00,ODFL,,213.8350067138672,213.97000122070312,213.8300018310547,213.8800048828125,2280.0
2026-08-05 13:24:00,OFIX,,10.479999542236328,10.479999542236328,10.479999542236328,10.479999542236328,882.0
2026-08-05 13:24:00,OFS,,3.4800000190734863,3.4800000190734863,3.4800000190734863,3.4800000190734863,201.0
2026-08-05 13:24:00,OKTA,,148.07000732421875,148.07000732421875,147.97500610351562,147.97500610351562,2695.0
2026-08-05 13:24:00,OLLI,,78.0,78.0250015258789,78.0,78.0,1020.0
2026-08-05 13:24:00,OLMA,,11.5600004196167,11.5600004196167,11.5600004196167,11.5600004196167,846.0
2026-08-05 13:24:00,OMCL,,37.29999923706055,37.29999923706055,37.29999923706055,37.29999923706055,249.0
2026-08-05 13:24:00,OMEX,,0.7300999760627747,0.7391999959945679,0.7300999760627747,0.730400025844574,14058.0
2026-08-05 13:24:00,OMH,,0.1145000010728836,0.1145000010728836,0.11400000005960464,0.11400000005960464,3327.0
2026-08-05 13:24:00,ON,,77.58999633789062,77.58999633789062,77.52999877929688,77.58000183105469,29552.0
2026-08-05 13:24:00,ONB,,27.05500030517578,27.05500030517578,27.040000915527344,27.049999237060547,4064.0
2026-08-05 13:24:00,ONDS,,8.904999732971191,8.919899940490723,8.899999618530273,8.914999961853027,123865.0
2026-08-05 13:24:00,ONEW,,12.53499984741211,12.53499984741211,12.53499984741211,12.53499984741211,124.0
2026-08-05 13:24:00,ONFO,,0.07410000264644623,0.07410000264644623,0.07410000264644623,0.07410000264644623,8109.0
2026-08-05 13:24:00,ONMD,,0.6735000014305115,0.6735000014305115,0.6735000014305115,0.6735000014305115,1579.0
2026-08-05 13:24:00,OPCH,,23.440000534057617,23.46500015258789,23.43000030517578,23.46500015258789,2402.0
2026-08-05 13:24:00,OPEN,,3.8350000381469727,3.8399999141693115,3.8299999237060547,3.8350000381469727,64580.0
2026-08-05 13:24:00,OPHC,,8.569999694824219,8.569999694824219,8.569999694824219,8.569999694824219,101.0
2026-08-05 13:24:00,OPK,,1.315000057220459,1.315000057220459,1.309999942779541,1.309999942779541,978.0
2026-08-05 13:24:00,OPRT,,6.150000095367432,6.150000095367432,6.150000095367432,6.150000095367432,1624.0
2026-08-05 13:24:00,ORGO,,2.3350000381469727,2.339900016784668,2.3350000381469727,2.339900016784668,2183.0
2026-08-05 13:24:00,ORIC,,13.0600004196167,13.0600004196167,13.0600004196167,13.0600004196167,676.0
2026-08-05 13:24:00,ORLY,,93.23999786376953,93.26000213623047,93.16999816894531,93.16999816894531,16500.0
2026-08-05 13:24:00,OSIS,,236.6199951171875,236.6199951171875,236.38499450683594,236.38499450683594,516.0
2026-08-05 13:24:00,OSW,,26.5,26.5,26.4950008392334,26.5,1014.0
2026-08-05 13:24:00,OTEX,,25.81999969482422,25.825000762939453,25.81999969482422,25.825000762939453,1741.0
2026-08-05 13:24:00,OTLK,,1.024999976158142,1.0299999713897705,1.024999976158142,1.0299999713897705,1737.0
2026-08-05 13:24:00,OTLY,,14.4350004196167,14.4350004196167,14.4350004196167,14.4350004196167,131.0
2026-08-05 13:24:00,OTTR,,91.36000061035156,91.36000061035156,91.36000061035156,91.36000061035156,1444.0
2026-08-05 13:24:00,OXSQ,,1.5,1.5,1.5,1.5,4565.0
2026-08-05 13:24:00,PAA,,23.174999237060547,23.174999237060547,23.170000076293945,23.174999237060547,790.0
2026-08-05 13:24:00,PAAS,,47.869998931884766,47.88999938964844,47.86000061035156,47.880001068115234,3036.0
2026-08-05 13:24:00,PACB,,1.3550000190734863,1.3550000190734863,1.350000023841858,1.3550000190734863,2167.0
2026-08-05 13:24:00,PAGP,,25.1299991607666,25.1299991607666,25.1299991607666,25.1299991607666,359.0
2026-08-05 13:24:00,PALI,,2.125,2.130000114440918,2.125,2.130000114440918,231.0
2026-08-05 13:24:00,PANW,,364.94000244140625,365.1000061035156,364.7200012207031,364.7200012207031,3000.0
2026-08-05 13:24:00,PATK,,88.05999755859375,88.05999755859375,87.98999786376953,87.98999786376953,1133.0
2026-08-05 13:24:00,PAX,,11.414999961853027,11.414999961853027,11.414999961853027,11.414999961853027,510.0
2026-08-05 13:24:00,PAYO,,7.125,7.125,7.125,7.125,825.0
2026-08-05 13:24:00,PAYX,,117.2699966430664,117.2699966430664,117.25499725341797,117.25499725341797,1609.0
2026-08-05 13:24:00,PCAR,,134.22999572753906,134.22999572753906,134.17999267578125,134.17999267578125,1284.0
2026-08-05 13:24:00,PCRX,,24.489999771118164,24.489999771118164,24.479999542236328,24.489999771118164,1129.0
2026-08-05 13:24:00,PCT,,6.875,6.885000228881836,6.875,6.885000228881836,3749.0
2026-08-05 13:24:00,PCTY,,144.88999938964844,145.07000732421875,144.88999938964844,145.05999755859375,1133.0
2026-08-05 13:24:00,PDD,,90.83000183105469,90.83000183105469,90.81999969482422,90.81999969482422,2153.0
2026-08-05 13:24:00,PDFS,,50.05500030517578,50.05500030517578,50.05500030517578,50.05500030517578,212.0
2026-08-05 13:24:00,PECO,,41.255001068115234,41.2599983215332,41.255001068115234,41.2599983215332,1356.0
2026-08-05 13:24:00,PEGA,,31.729999542236328,31.729999542236328,31.709999084472656,31.709999084472656,2411.0
2026-08-05 13:24:00,PENN,,19.8799991607666,19.8799991607666,19.8799991607666,19.8799991607666,875.0
2026-08-05 13:24:00,PEP,,138.6699981689453,138.67999267578125,138.64999389648438,138.64999389648438,7119.0
2026-08-05 13:24:00,PEPG,,1.9500000476837158,1.9500000476837158,1.9500000476837158,1.9500000476837158,267.0
2026-08-05 13:24:00,PERI,,9.539999961853027,9.539999961853027,9.539999961853027,9.539999961853027,331.0
2026-08-05 13:24:00,PFG,,114.08999633789062,114.0999984741211,114.08999633789062,114.0999984741211,1681.0
2026-08-05 13:24:00,PGEN,,6.894999980926514,6.894999980926514,6.889999866485596,6.889999866485596,4015.0
2026-08-05 13:24:00,PGNY,,31.7549991607666,31.7549991607666,31.7549991607666,31.7549991607666,322.0
2026-08-05 13:24:00,PGY,,21.635000228881836,21.635000228881836,21.6200008392334,21.6200008392334,1898.0
2026-08-05 13:24:00,PLBY,,1.1449999809265137,1.1449999809265137,1.1449999809265137,1.1449999809265137,1359.0
2026-08-05 13:24:00,PLSE,,37.185001373291016,37.185001373291016,37.185001373291016,37.185001373291016,287.0
2026-08-05 13:24:00,PLTK,,3.924999952316284,3.924999952316284,3.924999952316284,3.924999952316284,665.0
2026-08-05 13:24:00,PLUG,,2.0799999237060547,2.0799999237060547,2.069999933242798,2.075000047683716,7566.0
2026-08-05 13:24:00,PLXS,,275.42498779296875,275.42498779296875,275.42498779296875,275.42498779296875,1227.0
2026-08-05 13:24:00,PNBK,,1.1349999904632568,1.1349999904632568,1.1349999904632568,1.1349999904632568,300.0
2026-08-05 13:24:00,PNFP,,107.76000213623047,107.76000213623047,107.76000213623047,107.76000213623047,342.0
2026-08-05 13:24:00,PNTG,,39.01499938964844,39.060001373291016,38.95500183105469,38.95500183105469,11708.0
2026-08-05 13:24:00,POET,,8.34000015258789,8.354999542236328,8.335000038146973,8.354999542236328,10641.0
2026-08-05 13:24:00,POWL,,212.0,212.0,212.0,212.0,197.0
2026-08-05 13:24:00,PPC,,26.399999618530273,26.40999984741211,26.399999618530273,26.40999984741211,1324.0
2026-08-05 13:24:00,PPTA,,22.250999450683594,22.250999450683594,22.25,22.25,1468.0
2026-08-05 13:24:00,PRAA,,17.34000015258789,17.34000015258789,17.34000015258789,17.34000015258789,287.0
2026-08-05 13:24:00,PRCH,,15.859999656677246,15.859999656677246,15.859999656677246,15.859999656677246,1286.0
2026-08-05 13:24:00,PRCT,,18.915000915527344,18.950000762939453,18.90999984741211,18.950000762939453,7329.0
2026-08-05 13:24:00,PRFX,,1.1100000143051147,1.1100000143051147,1.1100000143051147,1.1100000143051147,1009.0
2026-08-05 13:24:00,PRIM,,84.55999755859375,84.6500015258789,84.33499908447266,84.33499908447266,1762.0
2026-08-05 13:24:00,PRME,,3.075000047683716,3.075000047683716,3.075000047683716,3.075000047683716,1092.0
2026-08-05 13:24:00,PRQR,,1.909999966621399,1.909999966621399,1.909999966621399,1.909999966621399,192.0
2026-08-05 13:24:00,PRTH,,6.605000019073486,6.605000019073486,6.605000019073486,6.605000019073486,203.0
2026-08-05 13:24:00,PRZO,,0.5403000116348267,0.5403000116348267,0.5403000116348267,0.5403000116348267,400.0
2026-08-05 13:24:00,PSEC,,2.190000057220459,2.190000057220459,2.184999942779541,2.190000057220459,1816.0
2026-08-05 13:24:00,PSMT,,192.58999633789062,192.58999633789062,192.58999633789062,192.58999633789062,436.0
2026-08-05 13:24:00,PTC,,139.64999389648438,139.64999389648438,139.5800018310547,139.63499450683594,2644.0
2026-08-05 13:24:00,PTCT,,69.02999877929688,69.08999633789062,69.02999877929688,69.08999633789062,6442.0
2026-08-05 13:24:00,PTEN,,9.774999618530273,9.774999618530273,9.774999618530273,9.774999618530273,1776.0
2026-08-05 13:24:00,PTLO,,4.64900016784668,4.64900016784668,4.645100116729736,4.645100116729736,556.0
2026-08-05 13:24:00,PTON,,6.5,6.505000114440918,6.494999885559082,6.496699810028076,11353.0
2026-08-05 13:24:00,PWP,,17.344999313354492,17.344999313354492,17.344999313354492,17.344999313354492,486.0
2026-08-05 13:24:00,PYPL,,58.2400016784668,58.2400016784668,58.220001220703125,58.224998474121094,4977.0
2026-08-05 13:24:00,PYXS,,3.180000066757202,3.180000066757202,3.180000066757202,3.180000066757202,153.0
2026-08-05 13:24:00,PZZA,,30.114999771118164,30.114999771118164,30.114999771118164,30.114999771118164,247.0
2026-08-05 13:24:00,QCOM,,157.8000030517578,157.8000030517578,157.69119262695312,157.77000427246094,10913.0
2026-08-05 13:24:00,QRVO,,94.56999969482422,94.56999969482422,94.48500061035156,94.56999969482422,3186.0
2026-08-05 13:24:00,SEED,,1.0299999713897705,1.0299999713897705,1.0299999713897705,1.0299999713897705,873.0
2026-08-05 13:24:00,TARA,,4.034999847412109,4.039999961853027,4.034999847412109,4.039999961853027,341.0
2026-08-05 13:24:00,WOOF,,2.940000057220459,2.940000057220459,2.940000057220459,2.940000057220459,702.0
2026-08-05 13:25:00,ACDC,,4.425000190734863,4.425000190734863,4.425000190734863,4.425000190734863,6638.0
2026-08-05 13:25:00,EYE,,23.170000076293945,23.18000030517578,23.170000076293945,23.18000030517578,2283.0
2026-08-05 13:25:00,GLUE,,15.614999771118164,15.614999771118164,15.614999771118164,15.614999771118164,2959.0
2026-08-05 13:25:00,KIDS,,21.440000534057617,21.440000534057617,21.440000534057617,21.440000534057617,741.0
2026-08-05 13:25:00,LUNG,,2.005000114440918,2.005000114440918,2.005000114440918,2.005000114440918,211.0
2026-08-05 13:25:00,MBRX,,0.40389999747276306,0.40389999747276306,0.40389999747276306,0.40389999747276306,742.0
2026-08-05 13:25:00,MDB,,374.375,374.375,374.375,374.375,479.0
2026-08-05 13:25:00,MDLZ,,62.63999938964844,62.63999938964844,62.60499954223633,62.6150016784668,9479.0
2026-08-05 13:25:00,MNRO,,13.25,13.260000228881836,13.25,13.260000228881836,2723.0
2026-08-05 13:25:00,MNST,,94.53500366210938,94.53500366210938,94.52999877929688,94.53500366210938,1894.0
2026-08-05 13:25:00,MNTS,,4.260000228881836,4.260000228881836,4.256700038909912,4.260000228881836,2687.0
2026-08-05 13:25:00,MPWR,,1335.449951171875,1335.449951171875,1332.864990234375,1333.530029296875,788.0
2026-08-05 13:25:00,MRNA,,56.676700592041016,56.676700592041016,56.599998474121094,56.619998931884766,12175.0
2026-08-05 13:25:00,MYGN,,3.134999990463257,3.140000104904175,3.134999990463257,3.140000104904175,967.0
2026-08-05 13:25:00,MYRG,,340.69000244140625,340.69000244140625,340.69000244140625,340.69000244140625,195.0
2026-08-05 13:25:00,NAMS,,27.575000762939453,27.575000762939453,27.5,27.549999237060547,1089.0
2026-08-05 13:25:00,NAUT,,0.9383000135421753,0.9383000135421753,0.9383000135421753,0.9383000135421753,395.0
2026-08-05 13:25:00,NB,,5.074999809265137,5.074999809265137,5.074999809265137,5.074999809265137,1193.0
2026-08-05 13:25:00,NBIX,,163.77999877929688,163.77999877929688,163.77999877929688,163.77999877929688,386.0
2026-08-05 13:25:00,NCMI,,4.125,4.125,4.125,4.125,1330.0
2026-08-05 13:25:00,NDAQ,,94.87000274658203,94.87000274658203,94.8499984741211,94.86000061035156,1050.0
2026-08-05 13:25:00,NEO,,16.030000686645508,16.040000915527344,16.024999618530273,16.024999618530273,3405.0
2026-08-05 13:25:00,NEOG,,11.609999656677246,11.609999656677246,11.609999656677246,11.609999656677246,1529.0
2026-08-05 13:25:00,NESR,,28.780000686645508,28.780000686645508,28.760000228881836,28.760000228881836,682.0
2026-08-05 13:25:00,NEWT,,15.050000190734863,15.050000190734863,15.050000190734863,15.050000190734863,757.0
2026-08-05 13:25:00,NFLX,,73.44999694824219,73.4800033569336,73.44499969482422,73.46499633789062,26440.0
2026-08-05 13:25:00,NICE,,98.0999984741211,98.12000274658203,98.0999984741211,98.12000274658203,1159.0
2026-08-05 13:25:00,NKTR,,73.2300033569336,73.2300033569336,73.2300033569336,73.2300033569336,706.0
2026-08-05 13:25:00,NKTX,,2.2249999046325684,2.2249999046325684,2.2149999141693115,2.2149999141693115,6355.0
2026-08-05 13:25:00,NMFC,,7.335000038146973,7.335000038146973,7.335000038146973,7.335000038146973,963.0
2026-08-05 13:25:00,NMIH,,44.529998779296875,44.54499816894531,44.529998779296875,44.54499816894531,618.0
2026-08-05 13:25:00,NMRK,,15.654999732971191,15.654999732971191,15.654999732971191,15.654999732971191,648.0
2026-08-05 13:25:00,NN,,14.220000267028809,14.220000267028809,14.210000038146973,14.210000038146973,1123.0
2026-08-05 13:25:00,NNBR,,3.880000114440918,3.880000114440918,3.880000114440918,3.880000114440918,1633.0
2026-08-05 13:25:00,NNDM,,1.534999966621399,1.534999966621399,1.534999966621399,1.534999966621399,1055.0
2026-08-05 13:25:00,NOVT,,156.67999267578125,156.67999267578125,156.09500122070312,156.1699981689453,11832.0
2026-08-05 13:25:00,NRDS,,9.154999732971191,9.154999732971191,9.149999618530273,9.149999618530273,720.0
2026-08-05 13:25:00,NRIX,,25.020000457763672,25.020000457763672,25.020000457763672,25.020000457763672,1277.0
2026-08-05 13:25:00,NTAP,,190.06500244140625,190.06500244140625,189.89999389648438,189.89999389648438,2816.0
2026-08-05 13:25:00,NTCT,,41.72010040283203,41.72010040283203,41.72010040283203,41.72010040283203,2717.0
2026-08-05 13:25:00,NTES,,127.63999938964844,127.7300033569336,127.63999938964844,127.72000122070312,1737.0
2026-08-05 13:25:00,NTGR,,24.239999771118164,24.239999771118164,24.239999771118164,24.239999771118164,417.0
2026-08-05 13:25:00,NTNX,,60.7400016784668,60.75,60.72999954223633,60.72999954223633,5948.0
2026-08-05 13:25:00,NTRA,,274.2699890136719,274.7149963378906,273.94000244140625,274.7149963378906,6437.0
2026-08-05 13:25:00,NVAX,,7.619999885559082,7.625,7.619999885559082,7.619999885559082,3125.0
2026-08-05 13:25:00,NVDA,,221.3800048828125,221.41799926757812,221.25999450683594,221.41799926757812,131804.0
2026-08-05 13:25:00,NVMI,,408.5799865722656,408.5799865722656,408.5799865722656,408.5799865722656,717.0
2026-08-05 13:25:00,NVNI,,1.1538000106811523,1.1538000106811523,1.1538000106811523,1.1538000106811523,514.0
2026-08-05 13:25:00,NVTS,,12.515000343322754,12.530599594116211,12.505000114440918,12.515000343322754,8140.0
2026-08-05 13:25:00,NWBI,,15.96500015258789,15.970000267028809,15.96500015258789,15.970000267028809,316.0
2026-08-05 13:25:00,NWE,,68.63999938964844,68.63999938964844,68.63999938964844,68.63999938964844,832.0
2026-08-05 13:25:00,NWL,,6.284999847412109,6.284999847412109,6.28000020980835,6.284999847412109,3819.0
2026-08-05 13:25:00,NWPX,,128.0,128.0,128.0,128.0,1312.0
2026-08-05 13:25:00,NWS,,32.279998779296875,32.29499816894531,32.279998779296875,32.29499816894531,2739.0
2026-08-05 13:25:00,NWSA,,28.260000228881836,28.270000457763672,28.260000228881836,28.270000457763672,3463.0
2026-08-05 13:25:00,NXPI,,231.25439453125,231.3300018310547,231.17999267578125,231.24000549316406,4832.0
2026-08-05 13:25:00,NXT,,99.0999984741211,99.0999984741211,98.94000244140625,98.95999908447266,4038.0
2026-08-05 13:25:00,OCFC,,19.895000457763672,19.895000457763672,19.850000381469727,19.850000381469727,15016.0
2026-08-05 13:25:00,OCSL,,12.140000343322754,12.140000343322754,12.130000114440918,12.130000114440918,887.0
2026-08-05 13:25:00,OCUL,,8.574999809265137,8.574999809265137,8.574999809265137,8.574999809265137,201.0
2026-08-05 13:25:00,ODD,,15.369999885559082,15.369999885559082,15.369999885559082,15.369999885559082,637.0
2026-08-05 13:25:00,ODFL,,213.86500549316406,213.97000122070312,213.86500549316406,213.97000122070312,995.0
2026-08-05 13:25:00,OKTA,,148.0500030517578,148.0500030517578,148.0500030517578,148.0500030517578,1479.0
2026-08-05 13:25:00,OLB,,0.3084999918937683,0.3084999918937683,0.3084999918937683,0.3084999918937683,6200.0
2026-08-05 13:25:00,OLLI,,78.19000244140625,78.19999694824219,77.98999786376953,77.99500274658203,21676.0
2026-08-05 13:25:00,OM,,5.010000228881836,5.010000228881836,5.010000228881836,5.010000228881836,356.0
2026-08-05 13:25:00,OMER,,12.880000114440918,12.880000114440918,12.869999885559082,12.875,1066.0
2026-08-05 13:25:00,OMH,,0.1143999993801117,0.1143999993801117,0.11400000005960464,0.11400000005960464,4709.0
2026-08-05 13:25:00,ON,,77.69999694824219,77.7125015258789,77.58000183105469,77.5895004272461,27410.0
2026-08-05 13:25:00,ONB,,27.05500030517578,27.05500030517578,27.049999237060547,27.05500030517578,6154.0
2026-08-05 13:25:00,ONDS,,8.914999961853027,8.920000076293945,8.899999618530273,8.904999732971191,367155.0
2026-08-05 13:25:00,ONFO,,0.07410000264644623,0.07410000264644623,0.07410000264644623,0.07410000264644623,49506.0
2026-08-05 13:25:00,ONMD,,0.6689000129699707,0.6689000129699707,0.6689000129699707,0.6689000129699707,423.0
2026-08-05 13:25:00,OPCH,,23.43000030517578,23.450000762939453,23.43000030517578,23.440000534057617,1639.0
2026-08-05 13:25:00,OPEN,,3.8350000381469727,3.8399999141693115,3.8299999237060547,3.8350000381469727,54476.0
2026-08-05 13:25:00,OPI,,18.530000686645508,18.530000686645508,18.530000686645508,18.530000686645508,336.0
2026-08-05 13:25:00,OPK,,1.309999942779541,1.315000057220459,1.309999942779541,1.309999942779541,8974.0
2026-08-05 13:25:00,OPRT,,6.150000095367432,6.150000095367432,6.150000095367432,6.150000095367432,916.0
2026-08-05 13:25:00,ORGO,,2.3350000381469727,2.3350000381469727,2.3350000381469727,2.3350000381469727,405.0
2026-08-05 13:25:00,ORLY,,93.27999877929688,93.27999877929688,93.23999786376953,93.23999786376953,6614.0
2026-08-05 13:25:00,ORRF,,43.36000061035156,43.36000061035156,43.34000015258789,43.34000015258789,1054.0
2026-08-05 13:25:00,OSS,,13.979999542236328,13.979999542236328,13.960000038146973,13.960000038146973,3626.0
2026-08-05 13:25:00,OTEX,,25.829999923706055,25.834999084472656,25.829999923706055,25.834999084472656,842.0
2026-08-05 13:25:00,OTLK,,1.0299999713897705,1.0299999713897705,1.024999976158142,1.0299999713897705,311.0
2026-08-05 13:25:00,OTLY,,14.4350004196167,14.4350004196167,14.4350004196167,14.4350004196167,2538.0
2026-08-05 13:25:00,OXSQ,,1.5,1.5049999952316284,1.5,1.5006999969482422,192492.0
2026-08-05 13:25:00,PAA,,23.174999237060547,23.18000030517578,23.174999237060547,23.18000030517578,3247.0
2026-08-05 13:25:00,PAAS,,47.880001068115234,47.880001068115234,47.849998474121094,47.86000061035156,3017.0
2026-08-05 13:25:00,PACB,,1.3550000190734863,1.3600000143051147,1.3550000190734863,1.3565000295639038,11249.0
2026-08-05 13:25:00,PAGP,,25.1299991607666,25.139999389648438,25.1299991607666,25.135000228881836,1447.0
2026-08-05 13:25:00,PALI,,2.130000114440918,2.130000114440918,2.130000114440918,2.130000114440918,528.0
2026-08-05 13:25:00,PANW,,364.989990234375,365.07000732421875,364.82000732421875,365.07000732421875,2973.0
2026-08-05 13:25:00,PAX,,11.414999961853027,11.414999961853027,11.414999961853027,11.414999961853027,1317.0
2026-08-05 13:25:00,PAYO,,7.119999885559082,7.125,7.119999885559082,7.125,1972.0
2026-08-05 13:25:00,PAYS,,9.14009952545166,9.14009952545166,9.14009952545166,9.14009952545166,682.0
2026-08-05 13:25:00,PAYX,,117.26000213623047,117.27989959716797,117.25,117.25,3036.0
2026-08-05 13:25:00,PCAR,,134.1999969482422,134.1999969482422,134.17999267578125,134.17999267578125,2830.0
2026-08-05 13:25:00,PCRX,,24.520000457763672,24.520000457763672,24.510000228881836,24.510000228881836,1018.0
2026-08-05 13:25:00,PCT,,6.875,6.875,6.875,6.875,610.0
2026-08-05 13:25:00,PCTY,,144.96499633789062,144.96499633789062,144.96499633789062,144.96499633789062,217.0
2026-08-05 13:25:00,PDD,,90.91000366210938,90.91000366210938,90.8499984741211,90.8499984741211,10667.0
2026-08-05 13:25:00,PDFS,,50.05500030517578,50.05500030517578,50.05500030517578,50.05500030517578,265.0
2026-08-05 13:25:00,PDLB,,20.540000915527344,20.540000915527344,20.479999542236328,20.479999542236328,1079.0
2026-08-05 13:25:00,PECO,,41.2599983215332,41.279998779296875,41.2599983215332,41.279998779296875,1530.0
2026-08-05 13:25:00,PEGA,,31.739999771118164,31.739999771118164,31.739999771118164,31.739999771118164,927.0
2026-08-05 13:25:00,PENN,,19.8799991607666,19.8799991607666,19.8799991607666,19.8799991607666,3270.0
2026-08-05 13:25:00,PEP,,138.64500427246094,138.6645050048828,138.63999938964844,138.6580047607422,11186.0
2026-08-05 13:25:00,PEPG,,1.9450000524520874,1.9450000524520874,1.940000057220459,1.940000057220459,359.0
2026-08-05 13:25:00,PERI,,9.545000076293945,9.545000076293945,9.545000076293945,9.545000076293945,518.0
2026-08-05 13:25:00,PFG,,114.1500015258789,114.16000366210938,114.1500015258789,114.16000366210938,1359.0
2026-08-05 13:25:00,PGEN,,6.869999885559082,6.900000095367432,6.869999885559082,6.894999980926514,16721.0
2026-08-05 13:25:00,PGNY,,31.770000457763672,31.770000457763672,31.760000228881836,31.760000228881836,861.0
2026-08-05 13:25:00,PGY,,21.665000915527344,21.670000076293945,21.649999618530273,21.649999618530273,3460.0
2026-08-05 13:25:00,PHAT,,8.470000267028809,8.470000267028809,8.470000267028809,8.470000267028809,596.0
2026-08-05 13:25:00,PIII,,10.100000381469727,10.100000381469727,10.100000381469727,10.100000381469727,405.0
2026-08-05 13:25:00,PLAB,,31.989999771118164,31.989999771118164,31.989999771118164,31.989999771118164,733.0
2026-08-05 13:25:00,PLMR,,134.6649932861328,134.6649932861328,134.6649932861328,134.6649932861328,436.0
2026-08-05 13:25:00,PLPC,,464.57000732421875,464.57000732421875,464.57000732421875,464.57000732421875,601.0
2026-08-05 13:25:00,PLTK,,3.930000066757202,3.930000066757202,3.924999952316284,3.924999952316284,1347.0
2026-08-05 13:25:00,PLUG,,2.075000047683716,2.0799999237060547,2.069999933242798,2.075000047683716,12904.0
2026-08-05 13:25:00,PNFP,,107.7750015258789,107.7750015258789,107.7750015258789,107.7750015258789,367.0
2026-08-05 13:25:00,POET,,8.359999656677246,8.364999771118164,8.346400260925293,8.350000381469727,13520.0
2026-08-05 13:25:00,POWI,,61.814998626708984,61.814998626708984,61.779998779296875,61.779998779296875,1157.0
2026-08-05 13:25:00,POWL,,212.35000610351562,212.35000610351562,212.2100067138672,212.24000549316406,716.0
2026-08-05 13:25:00,PPC,,26.399999618530273,26.399999618530273,26.389999389648438,26.389999389648438,2854.0
2026-08-05 13:25:00,PPIH,,25.8700008392334,25.8700008392334,25.8700008392334,25.8700008392334,175.0
2026-08-05 13:25:00,PPTA,,22.270000457763672,22.270000457763672,22.260000228881836,22.260000228881836,976.0
2026-08-05 13:25:00,PRAX,,316.8699951171875,316.9549865722656,316.2449951171875,316.44000244140625,1002.0
2026-08-05 13:25:00,PRCT,,18.860000610351562,18.93000030517578,18.84000015258789,18.93000030517578,7009.0
2026-08-05 13:25:00,PRDO,,32.81010055541992,32.81010055541992,32.81010055541992,32.81010055541992,727.0
2026-08-05 13:25:00,PRIM,,84.6449966430664,84.79000091552734,84.55500030517578,84.55500030517578,3338.0
2026-08-05 13:25:00,PRLD,,4.579999923706055,4.579999923706055,4.579999923706055,4.579999923706055,925.0
2026-08-05 13:25:00,PRTA,,8.515000343322754,8.520000457763672,8.494999885559082,8.494999885559082,2997.0
2026-08-05 13:25:00,PRVA,,24.3799991607666,24.3799991607666,24.3799991607666,24.3799991607666,453.0
2026-08-05 13:25:00,PRZO,,0.5401999950408936,0.5401999950408936,0.5401999950408936,0.5401999950408936,0.0
2026-08-05 13:25:00,PSEC,,2.180000066757202,2.1898999214172363,2.180000066757202,2.184999942779541,4150.0
2026-08-05 13:25:00,PSNL,,13.520000457763672,13.520000457763672,13.489999771118164,13.489999771118164,2720.0
2026-08-05 13:25:00,PSNY,,14.024999618530273,14.024999618530273,14.024999618530273,14.024999618530273,212.0
2026-08-05 13:25:00,PTC,,139.7050018310547,139.7050018310547,139.66000366210938,139.66000366210938,1371.0
2026-08-05 13:25:00,PTCT,,69.01000213623047,69.12000274658203,69.01000213623047,69.0199966430664,24412.0
2026-08-05 13:25:00,PTEN,,9.779999732971191,9.78499984741211,9.779999732971191,9.779999732971191,4608.0
2026-08-05 13:25:00,PTON,,6.505000114440918,6.505000114440918,6.5,6.5,7459.0
2026-08-05 13:25:00,PUBM,,13.380000114440918,13.380000114440918,13.380000114440918,13.380000114440918,1637.0
2026-08-05 13:25:00,PXS,,4.764999866485596,4.764999866485596,4.764999866485596,4.764999866485596,0.0
2026-08-05 13:25:00,PYPL,,58.220001220703125,58.2400016784668,58.220001220703125,58.2400016784668,3593.0
2026-08-05 13:25:00,PYXS,,3.1826000213623047,3.1826000213623047,3.1826000213623047,3.1826000213623047,503.0
2026-08-05 13:25:00,PZZA,,30.084999084472656,30.110000610351562,30.079999923706055,30.110000610351562,3982.0
2026-08-05 13:25:00,QCOM,,157.91000366210938,157.92999267578125,157.84500122070312,157.85000610351562,5932.0
2026-08-05 13:25:00,QFIN,,13.1899995803833,13.210000038146973,13.1899995803833,13.194999694824219,9935.0
2026-08-05 13:25:00,QRVO,,94.56500244140625,94.58000183105469,94.54000091552734,94.55999755859375,1938.0
2026-08-05 13:25:00,SEED,,1.0299999713897705,1.0299999713897705,1.0299999713897705,1.0299999713897705,1805.0
2026-08-05 13:25:00,STIM,,2.2799999713897705,2.2799999713897705,2.2750000953674316,2.2750000953674316,10239.0
2026-08-05 13:25:00,TARA,,4.034999847412109,4.034999847412109,4.034999847412109,4.034999847412109,252.0
2026-08-05 13:25:00,WOOF,,2.944999933242798,2.944999933242798,2.940000057220459,2.940000057220459,605.0
2026-08-05 13:26:00,ACDC,,4.425000190734863,4.425000190734863,4.425000190734863,4.425000190734863,2106.0
2026-08-05 13:26:00,DTIL,,7.570000171661377,7.570000171661377,7.570000171661377,7.570000171661377,105.0
2026-08-05 13:26:00,EYE,,23.170000076293945,23.170000076293945,23.170000076293945,23.170000076293945,909.0
2026-08-05 13:26:00,GLUE,,15.614999771118164,15.614999771118164,15.614999771118164,15.614999771118164,1179.0
2026-08-05 13:26:00,KIDS,,21.399999618530273,21.399999618530273,21.399999618530273,21.399999618530273,636.0
2026-08-05 13:26:00,KITT,,1.0299999713897705,1.0299999713897705,1.0199999809265137,1.0199999809265137,0.0
2026-08-05 13:26:00,KTTA,,0.4726000130176544,0.4726000130176544,0.4726000130176544,0.4726000130176544,601.0
2026-08-05 13:26:00,LUNG,,1.9950000047683716,2.0011000633239746,1.9950000047683716,2.0011000633239746,4780.0
2026-08-05 13:26:00,MBRX,,0.40389999747276306,0.40389999747276306,0.40389999747276306,0.40389999747276306,400.0
2026-08-05 13:26:00,MDB,,374.364990234375,374.54998779296875,374.239990234375,374.54998779296875,1587.0
2026-08-05 13:26:00,MDLZ,,62.56999969482422,62.64500045776367,62.560001373291016,62.64500045776367,30367.0
2026-08-05 13:26:00,MLTX,,17.780000686645508,17.780000686645508,17.780000686645508,17.780000686645508,492.0
2026-08-05 13:26:00,MNST,,94.50499725341797,94.52999877929688,94.5,94.52999877929688,4462.0
2026-08-05 13:26:00,MPWR,,1338.18994140625,1338.18994140625,1336.324951171875,1336.530029296875,614.0
2026-08-05 13:26:00,MYGN,,3.134999990463257,3.140000104904175,3.134999990463257,3.140000104904175,816.0
2026-08-05 13:26:00,MYPS,,0.7279999852180481,0.7279999852180481,0.7279999852180481,0.7279999852180481,628.0
2026-08-05 13:26:00,NAAS,,3.319999933242798,3.319999933242798,3.319999933242798,3.319999933242798,1215.0
2026-08-05 13:26:00,NAMS,,27.600000381469727,27.600000381469727,27.579999923706055,27.579999923706055,1995.0
2026-08-05 13:26:00,NAUT,,0.9383000135421753,0.9383000135421753,0.9383000135421753,0.9383000135421753,107.0
2026-08-05 13:26:00,NB,,5.074999809265137,5.074999809265137,5.070000171661377,5.074999809265137,5712.0
2026-08-05 13:26:00,NBIX,,163.64999389648438,163.77999877929688,163.52499389648438,163.77000427246094,7913.0
2026-08-05 13:26:00,NDAQ,,94.83000183105469,94.8499984741211,94.83000183105469,94.8499984741211,1014.0
2026-08-05 13:26:00,NEGG,,16.68000030517578,16.68000030517578,16.68000030517578,16.68000030517578,1358.0
2026-08-05 13:26:00,NEO,,16.020000457763672,16.040000915527344,16.014999389648438,16.040000915527344,2123.0
2026-08-05 13:26:00,NEON,,0.9423999786376953,0.9423999786376953,0.9423999786376953,0.9423999786376953,227.0
2026-08-05 13:26:00,NEOV,,2.8550000190734863,2.865000009536743,2.8499999046325684,2.8499999046325684,33147.0
2026-08-05 13:26:00,NESR,,28.780000686645508,28.780000686645508,28.780000686645508,28.780000686645508,917.0
2026-08-05 13:26:00,NEWT,,15.055000305175781,15.055000305175781,15.055000305175781,15.055000305175781,111.0
2026-08-05 13:26:00,NEXT,,6.440000057220459,6.445000171661377,6.440000057220459,6.445000171661377,1497.0
2026-08-05 13:26:00,NFLX,,73.45500183105469,73.45989990234375,73.44000244140625,73.45989990234375,19778.0
2026-08-05 13:26:00,NICE,,98.05999755859375,98.05999755859375,98.05999755859375,98.05999755859375,852.0
2026-08-05 13:26:00,NKTR,,73.3499984741211,73.3499984741211,73.33999633789062,73.33999633789062,434.0
2026-08-05 13:26:00,NKTX,,2.2249999046325684,2.2249999046325684,2.2249999046325684,2.2249999046325684,360.0
2026-08-05 13:26:00,NMRK,,15.694999694824219,15.694999694824219,15.654999732971191,15.654999732971191,33617.0
2026-08-05 13:26:00,NN,,14.229999542236328,14.239999771118164,14.229999542236328,14.229999542236328,2000.0
2026-08-05 13:26:00,NNBR,,3.890000104904175,3.890000104904175,3.884999990463257,3.884999990463257,435.0
2026-08-05 13:26:00,NNDM,,1.534999966621399,1.534999966621399,1.534999966621399,1.534999966621399,653.0
2026-08-05 13:26:00,NOVT,,156.91000366210938,156.91000366210938,156.5050048828125,156.69000244140625,3960.0
2026-08-05 13:26:00,NPCE,,13.369999885559082,13.369999885559082,13.369999885559082,13.369999885559082,778.0
2026-08-05 13:26:00,NRDS,,9.149999618530273,9.149999618530273,9.149999618530273,9.149999618530273,1132.0
2026-08-05 13:26:00,NRXP,,3.0689001083374023,3.0689001083374023,3.0689001083374023,3.0689001083374023,368.0
2026-08-05 13:26:00,NTAP,,190.1750030517578,190.3000030517578,190.0500030517578,190.06500244140625,1631.0
2026-08-05 13:26:00,NTNX,,60.79999923706055,60.79999923706055,60.7599983215332,60.7599983215332,2467.0
2026-08-05 13:26:00,NTRA,,274.739990234375,274.739990234375,274.3999938964844,274.3999938964844,1557.0
2026-08-05 13:26:00,NVCR,,16.06999969482422,16.09000015258789,16.06999969482422,16.09000015258789,2400.0
2026-08-05 13:26:00,NVDA,,221.4600067138672,221.5,221.36000061035156,221.3699951171875,201377.0
2026-08-05 13:26:00,NVMI,,408.7550048828125,408.7550048828125,408.7550048828125,408.7550048828125,619.0
2026-08-05 13:26:00,NVTS,,12.530099868774414,12.539999961853027,12.520000457763672,12.520000457763672,11375.0
2026-08-05 13:26:00,NWE,,68.68499755859375,68.68499755859375,68.67500305175781,68.67500305175781,1313.0
2026-08-05 13:26:00,NWL,,6.284999847412109,6.284999847412109,6.28000020980835,6.284999847412109,3221.0
2026-08-05 13:26:00,NWS,,32.279998779296875,32.279998779296875,32.279998779296875,32.279998779296875,462.0
2026-08-05 13:26:00,NWSA,,28.2549991607666,28.260000228881836,28.2549991607666,28.2549991607666,3345.0
2026-08-05 13:26:00,NXPI,,231.4499969482422,231.4499969482422,231.39999389648438,231.39999389648438,2725.0
2026-08-05 13:26:00,NXST,,191.80999755859375,191.80999755859375,191.80999755859375,191.80999755859375,1373.0
2026-08-05 13:26:00,NXT,,99.1050033569336,99.16000366210938,99.0999984741211,99.11000061035156,2998.0
2026-08-05 13:26:00,OCFC,,19.899999618530273,19.899999618530273,19.899999618530273,19.899999618530273,356.0
2026-08-05 13:26:00,OCSL,,12.125,12.135000228881836,12.125,12.130000114440918,2813.0
2026-08-05 13:26:00,OCUL,,8.574999809265137,8.574999809265137,8.574999809265137,8.574999809265137,1075.0
2026-08-05 13:26:00,ODD,,15.420000076293945,15.420000076293945,15.390000343322754,15.390000343322754,2366.0
2026-08-05 13:26:00,ODFL,,213.74000549316406,213.77000427246094,213.74000549316406,213.77000427246094,889.0
2026-08-05 13:26:00,OFIX,,10.479999542236328,10.5,10.470000267028809,10.5,14888.0
2026-08-05 13:26:00,OFS,,3.5199999809265137,3.5199999809265137,3.5199999809265137,3.5199999809265137,223.0
2026-08-05 13:26:00,OKTA,,147.9949951171875,148.05999755859375,147.92999267578125,148.05999755859375,12569.0
2026-08-05 13:26:00,OLMA,,11.600000381469727,11.600000381469727,11.600000381469727,11.600000381469727,1663.0
2026-08-05 13:26:00,OM,,5.010000228881836,5.010000228881836,5.010000228881836,5.010000228881836,327.0
2026-08-05 13:26:00,OMCL,,37.310001373291016,37.310001373291016,37.310001373291016,37.310001373291016,344.0
2026-08-05 13:26:00,OMER,,12.885000228881836,12.885000228881836,12.885000228881836,12.885000228881836,538.0
2026-08-05 13:26:00,ON,,77.72000122070312,77.7699966430664,77.68499755859375,77.72000122070312,19674.0
2026-08-05 13:26:00,ONCO,,0.7972000241279602,0.7972000241279602,0.7972000241279602,0.7972000241279602,440.0
2026-08-05 13:26:00,ONDS,,8.929499626159668,8.930000305175781,8.914999961853027,8.914999961853027,379072.0
2026-08-05 13:26:00,ONFO,,0.0729999989271164,0.07339999824762344,0.0729999989271164,0.07329999655485153,65057.0
2026-08-05 13:26:00,ONMD,,0.6643000245094299,0.6643000245094299,0.6643000245094299,0.6643000245094299,1816.0
2026-08-05 13:26:00,OPCH,,23.44499969482422,23.44499969482422,23.440000534057617,23.440000534057617,1504.0
2026-08-05 13:26:00,OPEN,,3.8450000286102295,3.8450000286102295,3.8299999237060547,3.8399999141693115,59187.0
2026-08-05 13:26:00,OPHC,,8.555000305175781,8.555000305175781,8.555000305175781,8.555000305175781,100.0
2026-08-05 13:26:00,OPK,,1.315000057220459,1.315000057220459,1.309999942779541,1.315000057220459,4351.0
2026-08-05 13:26:00,ORIC,,13.050000190734863,13.050000190734863,13.050000190734863,13.050000190734863,1320.0
2026-08-05 13:26:00,ORLY,,93.30000305175781,93.30000305175781,93.2699966430664,93.27999877929688,5612.0
2026-08-05 13:26:00,ORMP,,4.409999847412109,4.409999847412109,4.409999847412109,4.409999847412109,1030.0
2026-08-05 13:26:00,OSBC,,25.829999923706055,25.829999923706055,25.829999923706055,25.829999923706055,368.0
2026-08-05 13:26:00,OSS,,13.949999809265137,13.979999542236328,13.949999809265137,13.949999809265137,778.0
2026-08-05 13:26:00,OSUR,,4.125,4.125,4.125,4.125,701.0
2026-08-05 13:26:00,OSW,,26.510000228881836,26.514999389648438,26.510000228881836,26.514999389648438,1697.0
2026-08-05 13:26:00,OTEX,,25.844999313354492,25.844999313354492,25.825000762939453,25.825000762939453,1696.0
2026-08-05 13:26:00,OTLK,,1.0299999713897705,1.034999966621399,1.024999976158142,1.0299999713897705,97352.0
2026-08-05 13:26:00,OVID,,2.5950000286102295,2.5950000286102295,2.5950000286102295,2.5950000286102295,24016.0
2026-08-05 13:26:00,PAA,,23.184999465942383,23.184999465942383,23.174999237060547,23.174999237060547,855.0
2026-08-05 13:26:00,PAAS,,47.91999816894531,47.91999816894531,47.88999938964844,47.90999984741211,2810.0
2026-08-05 13:26:00,PACB,,1.350000023841858,1.3600000143051147,1.350000023841858,1.3550000190734863,6345.0
2026-08-05 13:26:00,PALI,,2.130000114440918,2.130000114440918,2.130000114440918,2.130000114440918,806.0
2026-08-05 13:26:00,PANW,,365.0849914550781,365.0849914550781,364.80010986328125,364.8699951171875,2593.0
2026-08-05 13:26:00,PATK,,88.0999984741211,88.0999984741211,88.0999984741211,88.0999984741211,1306.0
2026-08-05 13:26:00,PAX,,11.404999732971191,11.414999961853027,11.404999732971191,11.414999961853027,2186.0
2026-08-05 13:26:00,PAYO,,7.125,7.125,7.119999885559082,7.119999885559082,647.0
2026-08-05 13:26:00,PAYS,,9.15999984741211,9.15999984741211,9.15999984741211,9.15999984741211,224.0
2026-08-05 13:26:00,PAYX,,117.26000213623047,117.26000213623047,117.25,117.25,1489.0
2026-08-05 13:26:00,PCAR,,134.25999450683594,134.2899932861328,134.25999450683594,134.27000427246094,2010.0
2026-08-05 13:26:00,PCRX,,24.53499984741211,24.53499984741211,24.53499984741211,24.53499984741211,471.0
2026-08-05 13:26:00,PCT,,6.888800144195557,6.889999866485596,6.875,6.880000114440918,3630.0
2026-08-05 13:26:00,PCTY,,144.88250732421875,144.98500061035156,144.8800048828125,144.96499633789062,2378.0
2026-08-05 13:26:00,PDD,,90.91999816894531,90.93000030517578,90.90499877929688,90.91500091552734,13582.0
2026-08-05 13:26:00,PDSB,,0.7093999981880188,0.7093999981880188,0.7093999981880188,0.7093999981880188,102.0
2026-08-05 13:26:00,PEBO,,41.75,41.75,41.75,41.75,644.0
2026-08-05 13:26:00,PECO,,41.27000045776367,41.27000045776367,41.27000045776367,41.27000045776367,862.0
2026-08-05 13:26:00,PEGA,,31.739999771118164,31.75,31.739999771118164,31.75,2228.0
2026-08-05 13:26:00,PENN,,19.8799991607666,19.8799991607666,19.875,19.875,3801.0
2026-08-05 13:26:00,PEP,,138.6300048828125,138.65499877929688,138.6300048828125,138.64500427246094,11032.0
2026-08-05 13:26:00,PEPG,,1.9450000524520874,1.9450000524520874,1.940000057220459,1.940000057220459,393.0
2026-08-05 13:26:00,PERI,,9.550000190734863,9.550000190734863,9.550000190734863,9.550000190734863,503.0
2026-08-05 13:26:00,PFG,,114.1500015258789,114.1500015258789,114.12000274658203,114.12000274658203,452.0
2026-08-05 13:26:00,PGEN,,6.875,6.880000114440918,6.869999885559082,6.875,2474.0
2026-08-05 13:26:00,PGY,,21.665000915527344,21.68000030517578,21.665000915527344,21.670000076293945,2895.0
2026-08-05 13:26:00,PHAT,,8.460000038146973,8.470000267028809,8.460000038146973,8.470000267028809,668.0
2026-08-05 13:26:00,PHVS,,33.38999938964844,33.54999923706055,33.38999938964844,33.5099983215332,1195.0
2026-08-05 13:26:00,PIII,,10.199999809265137,10.199999809265137,10.199999809265137,10.199999809265137,659.0
2026-08-05 13:26:00,PLAB,,32.040000915527344,32.040000915527344,32.01499938964844,32.01499938964844,823.0
2026-08-05 13:26:00,PLPC,,466.0,466.92999267578125,465.8599853515625,466.92999267578125,1013.0
2026-08-05 13:26:00,PLTK,,3.940000057220459,3.944999933242798,3.930000066757202,3.930000066757202,3935.0
2026-08-05 13:26:00,PLUG,,2.0850000381469727,2.089900016784668,2.075000047683716,2.0799999237060547,268552.0
2026-08-05 13:26:00,PNFP,,107.92500305175781,107.92500305175781,107.86000061035156,107.86000061035156,1367.0
2026-08-05 13:26:00,PNRG,,184.4499969482422,184.4499969482422,184.44000244140625,184.44000244140625,739.0
2026-08-05 13:26:00,POET,,8.375,8.380000114440918,8.364999771118164,8.369999885559082,20741.0
2026-08-05 13:26:00,POWI,,61.869998931884766,61.869998931884766,61.869998931884766,61.869998931884766,481.0
2026-08-05 13:26:00,PPC,,26.399999618530273,26.399999618530273,26.399999618530273,26.399999618530273,1184.0
2026-08-05 13:26:00,PPTA,,22.28499984741211,22.28499984741211,22.28499984741211,22.28499984741211,808.0
2026-08-05 13:26:00,PRAX,,316.80999755859375,316.80999755859375,316.80999755859375,316.80999755859375,77.0
2026-08-05 13:26:00,PRCH,,15.854999542236328,15.854999542236328,15.854999542236328,15.854999542236328,1357.0
2026-08-05 13:26:00,PRCT,,18.860000610351562,18.889999389648438,18.854999542236328,18.875,5411.0
2026-08-05 13:26:00,PRIM,,84.80500030517578,84.8324966430664,84.58999633789062,84.63500213623047,6479.0
2026-08-05 13:26:00,PRME,,3.0899999141693115,3.0899999141693115,3.0799999237060547,3.0799999237060547,3930.0
2026-08-05 13:26:00,PRTA,,8.520000457763672,8.520000457763672,8.520000457763672,8.520000457763672,359.0
2026-08-05 13:26:00,PRTH,,6.605000019073486,6.605000019073486,6.605000019073486,6.605000019073486,554.0
2026-08-05 13:26:00,PRVA,,24.350000381469727,24.3700008392334,24.350000381469727,24.3700008392334,2304.0
2026-08-05 13:26:00,PSEC,,2.180000066757202,2.184999942779541,2.180000066757202,2.184999942779541,4606.0
2026-08-05 13:26:00,PSMT,,192.64999389648438,192.64999389648438,192.64999389648438,192.64999389648438,718.0
2026-08-05 13:26:00,PSNL,,13.479999542236328,13.510000228881836,13.470100402832031,13.510000228881836,12359.0
2026-08-05 13:26:00,PTC,,139.9199981689453,139.9199981689453,139.6699981689453,139.6699981689453,3246.0
2026-08-05 13:26:00,PTEN,,9.774999618530273,9.779999732971191,9.774999618530273,9.779999732971191,3033.0
2026-08-05 13:26:00,PTLO,,4.644999980926514,4.644999980926514,4.644999980926514,4.644999980926514,1474.0
2026-08-05 13:26:00,PTON,,6.505000114440918,6.505000114440918,6.505000114440918,6.505000114440918,3115.0
2026-08-05 13:26:00,PWP,,17.360000610351562,17.360000610351562,17.350000381469727,17.350000381469727,721.0
2026-08-05 13:26:00,PYPL,,58.220001220703125,58.22999954223633,58.21009826660156,58.22999954223633,9861.0
2026-08-05 13:26:00,PYXS,,3.180000066757202,3.184999942779541,3.180000066757202,3.184999942779541,1448.0
2026-08-05 13:26:00,PZZA,,30.104999542236328,30.104999542236328,30.084999084472656,30.084999084472656,2134.0
2026-08-05 13:26:00,QCOM,,157.98500061035156,158.0198974609375,157.9149932861328,157.9149932861328,8721.0
2026-08-05 13:26:00,QRVO,,94.66999816894531,94.66999816894531,94.59010314941406,94.62000274658203,2009.0
2026-08-05 13:26:00,SEED,,1.0299999713897705,1.0299999713897705,1.0299999713897705,1.0299999713897705,500.0
2026-08-05 13:26:00,TARA,,4.034999847412109,4.034999847412109,4.034999847412109,4.034999847412109,234.0
2026-08-05 13:26:00,WOOF,,2.934999942779541,2.944999933242798,2.930000066757202,2.944999933242798,40635.0
2026-08-05 13:27:00,ACDC,,4.429999828338623,4.434999942779541,4.425000190734863,4.429999828338623,16026.0
2026-08-05 13:27:00,DTIL,,7.559999942779541,7.570000171661377,7.550000190734863,7.550000190734863,1320.0
2026-08-05 13:27:00,EYE,,23.1299991607666,23.149999618530273,23.1299991607666,23.149999618530273,3974.0
2026-08-05 13:27:00,FIZZ,,32.08000183105469,32.08000183105469,32.08000183105469,32.08000183105469,1120.0
2026-08-05 13:27:00,GLUE,,15.609999656677246,15.614999771118164,15.595000267028809,15.614999771118164,7092.0
2026-08-05 13:27:00,KIDS,,21.424999237060547,21.424999237060547,21.424999237060547,21.424999237060547,421.0
2026-08-05 13:27:00,MBRX,,0.40380001068115234,0.40380001068115234,0.40380001068115234,0.40380001068115234,300.0
2026-08-05 13:27:00,MDB,,374.6199951171875,374.6199951171875,374.375,374.375,806.0
2026-08-05 13:27:00,MDLZ,,62.525001525878906,62.564998626708984,62.5099983215332,62.564998626708984,14130.0
2026-08-05 13:27:00,MNRO,,13.244999885559082,13.244999885559082,13.244999885559082,13.244999885559082,693.0
2026-08-05 13:27:00,MNST,,94.5,94.51499938964844,94.5,94.51499938964844,4220.0
2026-08-05 13:27:00,MNTS,,4.260200023651123,4.264999866485596,4.260200023651123,4.264999866485596,1609.0
2026-08-05 13:27:00,MPWR,,1338.239990234375,1338.5989990234375,1336.8299560546875,1337.489990234375,2401.0
2026-08-05 13:27:00,MRNA,,56.66999816894531,56.689998626708984,56.650001525878906,56.66999816894531,3178.0
2026-08-05 13:27:00,MYGN,,3.1389000415802,3.140000104904175,3.134999990463257,3.134999990463257,1858.0
2026-08-05 13:27:00,MYRG,,340.6700134277344,340.6700134277344,340.6700134277344,340.6700134277344,516.0
2026-08-05 13:27:00,NAMS,,27.739999771118164,27.739999771118164,27.600000381469727,27.65999984741211,8306.0
2026-08-05 13:27:00,NAUT,,0.9379000067710876,0.9379000067710876,0.9379000067710876,0.9379000067710876,386.0
2026-08-05 13:27:00,NB,,5.074999809265137,5.074999809265137,5.074999809265137,5.074999809265137,848.0
2026-08-05 13:27:00,NCRA,,1.7999999523162842,1.7999999523162842,1.7999999523162842,1.7999999523162842,0.0
2026-08-05 13:27:00,NDAQ,,94.8499984741211,94.8499984741211,94.82499694824219,94.83000183105469,1389.0
2026-08-05 13:27:00,NEO,,16.020000457763672,16.020000457763672,16.010000228881836,16.020000457763672,931.0
2026-08-05 13:27:00,NEOG,,11.614999771118164,11.614999771118164,11.614999771118164,11.614999771118164,1144.0
2026-08-05 13:27:00,NEOV,,2.849900007247925,2.8499999046325684,2.849900007247925,2.8499999046325684,2235.0
2026-08-05 13:27:00,NESR,,28.780000686645508,28.790000915527344,28.780000686645508,28.780000686645508,1853.0
2026-08-05 13:27:00,NEXT,,6.445000171661377,6.445000171661377,6.440000057220459,6.445000171661377,1237.0
2026-08-05 13:27:00,NFLX,,73.44999694824219,73.45999908447266,73.44499969482422,73.45500183105469,19757.0
2026-08-05 13:27:00,NGNE,,35.540000915527344,35.540000915527344,35.540000915527344,35.540000915527344,319.0
2026-08-05 13:27:00,NHTC,,1.6200000047683716,1.6200000047683716,1.6200000047683716,1.6200000047683716,453.0
2026-08-05 13:27:00,NIU,,2.4549999237060547,2.4549999237060547,2.4549999237060547,2.4549999237060547,200.0
2026-08-05 13:27:00,NKTR,,73.30500030517578,73.30500030517578,73.30500030517578,73.30500030517578,800.0
2026-08-05 13:27:00,NKTX,,2.2249999046325684,2.2249999046325684,2.2249999046325684,2.2249999046325684,347.0
2026-08-05 13:27:00,NMRK,,15.699999809265137,15.699999809265137,15.694999694824219,15.699999809265137,4617.0
2026-08-05 13:27:00,NN,,14.25,14.25,14.239999771118164,14.239999771118164,4771.0
2026-08-05 13:27:00,NNBR,,3.884999990463257,3.884999990463257,3.880000114440918,3.884999990463257,1515.0
2026-08-05 13:27:00,NNDM,,1.534999966621399,1.534999966621399,1.534999966621399,1.534999966621399,101.0
2026-08-05 13:27:00,NPCE,,13.390000343322754,13.390000343322754,13.369999885559082,13.369999885559082,984.0
2026-08-05 13:27:00,NRC,,19.559999465942383,19.559999465942383,19.559999465942383,19.559999465942383,1125.0
2026-08-05 13:27:00,NRIX,,25.040000915527344,25.040000915527344,25.020000457763672,25.020000457763672,2166.0
2026-08-05 13:27:00,NSSC,,40.334999084472656,40.334999084472656,40.334999084472656,40.334999084472656,267.0
2026-08-05 13:27:00,NTAP,,190.1699981689453,190.3000030517578,190.0800018310547,190.3000030517578,3371.0
2026-08-05 13:27:00,NTES,,127.7300033569336,127.7300033569336,127.69999694824219,127.69999694824219,522.0
2026-08-05 13:27:00,NTGR,,24.270000457763672,24.270000457763672,24.260000228881836,24.260000228881836,670.0
2026-08-05 13:27:00,NTNX,,60.78499984741211,60.79999923706055,60.779998779296875,60.79999923706055,3570.0
2026-08-05 13:27:00,NTRA,,274.42999267578125,274.42999267578125,274.42999267578125,274.42999267578125,2534.0
2026-08-05 13:27:00,NTRS,,183.92999267578125,184.07000732421875,183.92999267578125,184.07000732421875,1089.0
2026-08-05 13:27:00,NVAX,,7.625,7.625,7.625,7.625,506.0
2026-08-05 13:27:00,NVCR,,16.059999465942383,16.059999465942383,16.059999465942383,16.059999465942383,859.0
2026-08-05 13:27:00,NVDA,,221.35000610351562,221.55999755859375,221.30999755859375,221.4600067138672,256498.0
2026-08-05 13:27:00,NVTS,,12.539999961853027,12.539999961853027,12.529999732971191,12.53499984741211,11696.0
2026-08-05 13:27:00,NWBI,,15.970000267028809,15.970000267028809,15.970000267028809,15.970000267028809,309.0
2026-08-05 13:27:00,NWL,,6.280099868774414,6.284999847412109,6.280099868774414,6.284999847412109,2646.0
2026-08-05 13:27:00,NWS,,32.29499816894531,32.29499816894531,32.279998779296875,32.279998779296875,1286.0
2026-08-05 13:27:00,NWSA,,28.28499984741211,28.28499984741211,28.2549991607666,28.2549991607666,8674.0
2026-08-05 13:27:00,NXPI,,231.4499969482422,231.47000122070312,231.38999938964844,231.38999938964844,2639.0
2026-08-05 13:27:00,NXT,,99.05999755859375,99.15499877929688,99.05999755859375,99.12000274658203,5482.0
2026-08-05 13:27:00,NYXH,,1.4149999618530273,1.4149999618530273,1.4149999618530273,1.4149999618530273,434.0
2026-08-05 13:27:00,OCC,,15.955100059509277,15.955100059509277,15.920000076293945,15.920000076293945,1528.0
2026-08-05 13:27:00,OCFC,,19.889999389648438,19.889999389648438,19.889999389648438,19.889999389648438,1459.0
2026-08-05 13:27:00,OCGN,,1.2899999618530273,1.2899999618530273,1.284999966621399,1.284999966621399,3131.0
2026-08-05 13:27:00,OCS,,12.015000343322754,12.015000343322754,12.015000343322754,12.015000343322754,783.0
2026-08-05 13:27:00,OCUL,,8.574999809265137,8.579999923706055,8.574999809265137,8.579999923706055,1075.0
2026-08-05 13:27:00,ODFL,,213.6999969482422,213.6999969482422,213.6999969482422,213.6999969482422,826.0
2026-08-05 13:27:00,OFIX,,10.470000267028809,10.470000267028809,10.470000267028809,10.470000267028809,237.0
2026-08-05 13:27:00,OGI,,0.9473999738693237,0.9473999738693237,0.9473999738693237,0.9473999738693237,3449.0
2026-08-05 13:27:00,OKTA,,148.05999755859375,148.0800018310547,148.00250244140625,148.00250244140625,3173.0
2026-08-05 13:27:00,OMCL,,37.29999923706055,37.29999923706055,37.29999923706055,37.29999923706055,434.0
2026-08-05 13:27:00,OMER,,12.885000228881836,12.885000228881836,12.885000228881836,12.885000228881836,1156.0
2026-08-05 13:27:00,OMH,,0.11490000039339066,0.11490000039339066,0.11349999904632568,0.11389999836683273,17023.0
2026-08-05 13:27:00,ON,,77.70500183105469,77.74500274658203,77.67009735107422,77.69999694824219,14236.0
2026-08-05 13:27:00,ONDS,,8.925000190734863,8.930000305175781,8.920000076293945,8.928199768066406,162269.0
2026-08-05 13:27:00,ONFO,,0.07329999655485153,0.07339999824762344,0.07249999791383743,0.0729999989271164,113069.0
2026-08-05 13:27:00,OPCH,,23.459999084472656,23.459999084472656,23.449899673461914,23.449899673461914,3573.0
2026-08-05 13:27:00,OPEN,,3.8399999141693115,3.8499999046325684,3.8299999237060547,3.8450000286102295,174173.0
2026-08-05 13:27:00,OPHC,,8.555000305175781,8.555000305175781,8.555000305175781,8.555000305175781,200.0
2026-08-05 13:27:00,OPK,,1.315000057220459,1.3200000524520874,1.309999942779541,1.309999942779541,1145.0
2026-08-05 13:27:00,OPRA,,19.8799991607666,19.8799991607666,19.860000610351562,19.860000610351562,1529.0
2026-08-05 13:27:00,OPRT,,6.159999847412109,6.159999847412109,6.150000095367432,6.150000095367432,2006.0
2026-08-05 13:27:00,OPRX,,6.869999885559082,6.869999885559082,6.869999885559082,6.869999885559082,362.0
2026-08-05 13:27:00,ORIC,,13.020000457763672,13.050000190734863,13.020000457763672,13.050000190734863,4097.0
2026-08-05 13:27:00,ORLY,,93.32499694824219,93.32499694824219,93.30999755859375,93.32499694824219,3411.0
2026-08-05 13:27:00,ORRF,,43.38999938964844,43.38999938964844,43.38999938964844,43.38999938964844,1087.0
2026-08-05 13:27:00,OSPN,,16.469999313354492,16.479999542236328,16.469999313354492,16.469999313354492,1811.0
2026-08-05 13:27:00,OTEX,,25.834999084472656,25.84000015258789,25.834999084472656,25.84000015258789,1428.0
2026-08-05 13:27:00,OTLK,,1.027999997138977,1.0299999713897705,1.027999997138977,1.0299999713897705,9391.0
2026-08-05 13:27:00,OTLY,,14.390000343322754,14.390000343322754,14.390000343322754,14.390000343322754,807.0
2026-08-05 13:27:00,OVID,,2.5950000286102295,2.5950000286102295,2.5899999141693115,2.5899999141693115,934.0
2026-08-05 13:27:00,OXLCM,,25.059999465942383,25.059999465942383,25.059999465942383,25.059999465942383,322.0
2026-08-05 13:27:00,PAA,,23.174999237060547,23.18000030517578,23.174999237060547,23.18000030517578,2495.0
2026-08-05 13:27:00,PAAS,,47.959999084472656,47.959999084472656,47.91999816894531,47.91999816894531,2491.0
2026-08-05 13:27:00,PACB,,1.3550000190734863,1.3550000190734863,1.350000023841858,1.350000023841858,1847.0
2026-08-05 13:27:00,PAGP,,25.135000228881836,25.135000228881836,25.135000228881836,25.135000228881836,116.0
2026-08-05 13:27:00,PAHC,,35.599998474121094,35.599998474121094,35.599998474121094,35.599998474121094,121.0
2026-08-05 13:27:00,PALI,,2.130000114440918,2.130000114440918,2.130000114440918,2.130000114440918,15041.0
2026-08-05 13:27:00,PANW,,365.2900085449219,365.2900085449219,365.1199951171875,365.1600036621094,3709.0
2026-08-05 13:27:00,PAX,,11.404999732971191,11.404999732971191,11.404999732971191,11.404999732971191,675.0
2026-08-05 13:27:00,PAYO,,7.119999885559082,7.125,7.119999885559082,7.125,896.0
2026-08-05 13:27:00,PAYX,,117.30000305175781,117.30000305175781,117.27999877929688,117.29000091552734,1446.0
2026-08-05 13:27:00,PCAR,,134.32000732421875,134.35000610351562,134.22999572753906,134.25999450683594,3312.0
2026-08-05 13:27:00,PCRX,,24.479999542236328,24.540000915527344,24.469999313354492,24.5,4697.0
2026-08-05 13:27:00,PCT,,6.889999866485596,6.889999866485596,6.889999866485596,6.889999866485596,772.0
2026-08-05 13:27:00,PCTY,,145.05999755859375,145.05999755859375,145.01499938964844,145.01499938964844,1000.0
2026-08-05 13:27:00,PDD,,90.94999694824219,91.0,90.91999816894531,90.91999816894531,22133.0
2026-08-05 13:27:00,PDFS,,50.05500030517578,50.05500030517578,50.05500030517578,50.05500030517578,498.0
2026-08-05 13:27:00,PECO,,41.27000045776367,41.27000045776367,41.27000045776367,41.27000045776367,1192.0
2026-08-05 13:27:00,PENN,,19.8700008392334,19.875,19.8700008392334,19.875,3250.0
2026-08-05 13:27:00,PEP,,138.6143035888672,138.61500549316406,138.61000061035156,138.61000061035156,3875.0
2026-08-05 13:27:00,PEPG,,1.940000057220459,1.9450000524520874,1.940000057220459,1.9450000524520874,349.0
2026-08-05 13:27:00,PERI,,9.550000190734863,9.550000190734863,9.550000190734863,9.550000190734863,264.0
2026-08-05 13:27:00,PFG,,114.16999816894531,114.19999694824219,114.16999816894531,114.16999816894531,3208.0
2026-08-05 13:27:00,PGEN,,6.864999771118164,6.875,6.860000133514404,6.875,14188.0
2026-08-05 13:27:00,PGY,,21.68000030517578,21.68000030517578,21.68000030517578,21.68000030517578,1388.0
2026-08-05 13:27:00,PHAT,,8.455400466918945,8.470000267028809,8.449999809265137,8.470000267028809,5043.0
2026-08-05 13:27:00,PHVS,,33.5,33.560001373291016,33.46500015258789,33.46500015258789,2145.0
2026-08-05 13:27:00,PLTK,,3.944999933242798,3.944999933242798,3.934999942779541,3.934999942779541,2387.0
2026-08-05 13:27:00,PLUG,,2.080199956893921,2.0899999141693115,2.0799999237060547,2.0799999237060547,106961.0
2026-08-05 13:27:00,PMN,,13.265000343322754,13.265000343322754,13.265000343322754,13.265000343322754,305.0
2026-08-05 13:27:00,POET,,8.359999656677246,8.378100395202637,8.359999656677246,8.375,3810.0
2026-08-05 13:27:00,POOL,,205.58999633789062,205.58999633789062,205.58999633789062,205.58999633789062,284.0
2026-08-05 13:27:00,POWI,,61.869998931884766,61.869998931884766,61.869998931884766,61.869998931884766,1895.0
2026-08-05 13:27:00,POWL,,212.468994140625,212.468994140625,212.19000244140625,212.19000244140625,2320.0
2026-08-05 13:27:00,PPC,,26.389999389648438,26.389999389648438,26.389999389648438,26.389999389648438,1909.0
2026-08-05 13:27:00,PPTA,,22.309999465942383,22.309999465942383,22.299999237060547,22.299999237060547,1239.0
2026-08-05 13:27:00,PRAA,,17.360000610351562,17.360000610351562,17.360000610351562,17.360000610351562,343.0
2026-08-05 13:27:00,PRAX,,317.6300048828125,317.69000244140625,316.989990234375,316.989990234375,837.0
2026-08-05 13:27:00,PRCH,,15.880000114440918,15.880000114440918,15.84000015258789,15.859999656677246,7050.0
2026-08-05 13:27:00,PRCT,,18.799999237060547,18.889999389648438,18.799999237060547,18.889999389648438,7580.0
2026-08-05 13:27:00,PRIM,,84.80500030517578,84.9551010131836,84.80500030517578,84.9551010131836,589.0
2026-08-05 13:27:00,PRME,,3.0799999237060547,3.0899999141693115,3.079900026321411,3.0899999141693115,5444.0
2026-08-05 13:27:00,PRPL,,9.274999618530273,9.274999618530273,9.274999618530273,9.274999618530273,376.0
2026-08-05 13:27:00,PRVA,,24.34000015258789,24.34000015258789,24.34000015258789,24.34000015258789,1566.0
2026-08-05 13:27:00,PSEC,,2.184999942779541,2.184999942779541,2.180000066757202,2.180000066757202,6044.0
2026-08-05 13:27:00,PSNL,,13.479999542236328,13.479999542236328,13.479999542236328,13.479999542236328,1826.0
2026-08-05 13:27:00,PTC,,139.85000610351562,139.85000610351562,139.85000610351562,139.85000610351562,476.0
2026-08-05 13:27:00,PTEN,,9.800000190734863,9.805000305175781,9.779999732971191,9.779999732971191,25718.0
2026-08-05 13:27:00,PTON,,6.494999885559082,6.505000114440918,6.494999885559082,6.505000114440918,10950.0
2026-08-05 13:27:00,PWP,,17.36989974975586,17.36989974975586,17.354999542236328,17.354999542236328,855.0
2026-08-05 13:27:00,PYPD,,4.563199996948242,4.563199996948242,4.563199996948242,4.563199996948242,218.0
2026-08-05 13:27:00,PYPL,,58.21500015258789,58.220001220703125,58.209999084472656,58.220001220703125,2866.0
2026-08-05 13:27:00,PYXS,,3.190000057220459,3.190000057220459,3.180000066757202,3.180000066757202,11573.0
2026-08-05 13:27:00,PZZA,,30.114999771118164,30.11949920654297,30.100000381469727,30.11949920654297,3500.0
2026-08-05 13:27:00,QCOM,,157.97999572753906,158.02999877929688,157.9499969482422,158.01950073242188,7746.0
2026-08-05 13:27:00,QQQX,,30.420000076293945,30.450000762939453,30.420000076293945,30.450000762939453,896.0
2026-08-05 13:27:00,QRVO,,94.6449966430664,94.6449966430664,94.63999938964844,94.63999938964844,1383.0
2026-08-05 13:27:00,SEED,,1.0299999713897705,1.0299999713897705,1.0299999713897705,1.0299999713897705,920.0
2026-08-05 13:27:00,TARA,,4.034999847412109,4.034999847412109,4.034999847412109,4.034999847412109,650.0
2026-08-05 13:27:00,WOOF,,2.940000057220459,2.940000057220459,2.934999942779541,2.934999942779541,5163.0
2026-08-05 13:28:00,BPOP,,177.47999572753906,177.47999572753906,177.3800048828125,177.4199981689453,1450.0
2026-08-05 13:28:00,FIZZ,,32.084999084472656,32.084999084472656,32.060001373291016,32.060001373291016,1026.0
2026-08-05 13:28:00,GLUE,,15.600000381469727,15.600000381469727,15.600000381469727,15.600000381469727,1690.0
2026-08-05 13:28:00,KIDS,,21.424999237060547,21.424999237060547,21.424999237060547,21.424999237060547,991.0
2026-08-05 13:28:00,KITT,,1.0199999809265137,1.0199999809265137,1.0199999809265137,1.0199999809265137,1360.0
2026-08-05 13:28:00,MBRX,,0.40380001068115234,0.40380001068115234,0.40380001068115234,0.40380001068115234,300.0
2026-08-05 13:28:00,MDB,,374.79998779296875,374.79998779296875,374.6099853515625,374.6099853515625,1511.0
2026-08-05 13:28:00,MDLZ,,62.51499938964844,62.529998779296875,62.5099983215332,62.52000045776367,12018.0
2026-08-05 13:28:00,MLTX,,17.780000686645508,17.780000686645508,17.780000686645508,17.780000686645508,1039.0
2026-08-05 13:28:00,MNRO,,13.25,13.25,13.239999771118164,13.239999771118164,2230.0
2026-08-05 13:28:00,MNST,,94.5,94.51000213623047,94.49500274658203,94.51000213623047,5165.0
2026-08-05 13:28:00,MNTS,,4.264999866485596,4.264999866485596,4.264999866485596,4.264999866485596,1219.0
2026-08-05 13:28:00,MOVE,,12.020000457763672,12.020000457763672,12.020000457763672,12.020000457763672,405.0
2026-08-05 13:28:00,MPWR,,1337.1099853515625,1337.8900146484375,1336.3800048828125,1336.8599853515625,1065.0
2026-08-05 13:28:00,MRNA,,56.630001068115234,56.68000030517578,56.630001068115234,56.645301818847656,2511.0
2026-08-05 13:28:00,MYGN,,3.134999990463257,3.140000104904175,3.134999990463257,3.140000104904175,2877.0
2026-08-05 13:28:00,NAAS,,3.3299999237060547,3.3299999237060547,3.3299999237060547,3.3299999237060547,591.0
2026-08-05 13:28:00,NAMS,,27.649999618530273,27.649999618530273,27.649999618530273,27.649999618530273,2144.0
2026-08-05 13:28:00,NAUT,,0.9387999773025513,0.9387999773025513,0.9383999705314636,0.9383999705314636,1117.0
2026-08-05 13:28:00,NAVI,,9.170000076293945,9.170000076293945,9.14799976348877,9.14799976348877,6570.0
2026-08-05 13:28:00,NB,,5.076000213623047,5.076000213623047,5.076000213623047,5.076000213623047,2118.0
2026-08-05 13:28:00,NBIX,,163.5749969482422,163.5749969482422,163.5749969482422,163.5749969482422,723.0
2026-08-05 13:28:00,NDAQ,,94.87999725341797,94.87999725341797,94.8499984741211,94.8499984741211,1061.0
2026-08-05 13:28:00,NDSN,,311.3699951171875,311.3699951171875,311.3699951171875,311.3699951171875,101.0
2026-08-05 13:28:00,NEGG,,16.799999237060547,16.799999237060547,16.760000228881836,16.760000228881836,514.0
2026-08-05 13:28:00,NEO,,16.020000457763672,16.020000457763672,16.010000228881836,16.010000228881836,1214.0
2026-08-05 13:28:00,NEOG,,11.609999656677246,11.625,11.609999656677246,11.614999771118164,55237.0
2026-08-05 13:28:00,NEOV,,2.8499999046325684,2.8499999046325684,2.8499999046325684,2.8499999046325684,219.0
2026-08-05 13:28:00,NESR,,28.770000457763672,28.780000686645508,28.760000228881836,28.780000686645508,1281.0
2026-08-05 13:28:00,NEXT,,6.445000171661377,6.445000171661377,6.441100120544434,6.445000171661377,5995.0
2026-08-05 13:28:00,NFE,,0.3395000100135803,0.3395000100135803,0.3370000123977661,0.3370000123977661,3715.0
2026-08-05 13:28:00,NFLX,,73.46009826660156,73.47000122070312,73.44999694824219,73.45999908447266,19367.0
2026-08-05 13:28:00,NHTC,,1.6298999786376953,1.6298999786376953,1.6298999786376953,1.6298999786376953,1158.0
2026-08-05 13:28:00,NICE,,98.62000274658203,98.62000274658203,98.16000366210938,98.16000366210938,5656.0
2026-08-05 13:28:00,NIU,,2.4649999141693115,2.4649999141693115,2.4600000381469727,2.4600000381469727,1815.0
2026-08-05 13:28:00,NKTR,,73.33999633789062,73.33999633789062,73.29750061035156,73.30999755859375,869.0
2026-08-05 13:28:00,NKTX,,2.2200000286102295,2.2200000286102295,2.2200000286102295,2.2200000286102295,152.0
2026-08-05 13:28:00,NMFC,,7.34499979019165,7.34499979019165,7.335000038146973,7.340000152587891,14712.0
2026-08-05 13:28:00,NMIH,,44.54499816894531,44.54499816894531,44.54499816894531,44.54499816894531,284.0
2026-08-05 13:28:00,NN,,14.319999694824219,14.324999809265137,14.260000228881836,14.260000228881836,26797.0
2026-08-05 13:28:00,NNBR,,3.884999990463257,3.884999990463257,3.884999990463257,3.884999990463257,478.0
2026-08-05 13:28:00,NNDM,,1.5299999713897705,1.534999966621399,1.5299999713897705,1.534999966621399,2111.0
2026-08-05 13:28:00,NNOX,,1.0099999904632568,1.0099999904632568,1.0099999904632568,1.0099999904632568,285.0
2026-08-05 13:28:00,NODK,,15.440099716186523,15.440099716186523,15.440099716186523,15.440099716186523,128.0
2026-08-05 13:28:00,NOVT,,157.5749969482422,157.5749969482422,157.30999755859375,157.30999755859375,1550.0
2026-08-05 13:28:00,NRXP,,3.069999933242798,3.069999933242798,3.0590999126434326,3.0590999126434326,1248.0
2026-08-05 13:28:00,NSSC,,40.36000061035156,40.36000061035156,40.36000061035156,40.36000061035156,282.0
2026-08-05 13:28:00,NTAP,,190.16000366210938,190.2899932861328,190.16000366210938,190.28500366210938,2462.0
2026-08-05 13:28:00,NTES,,127.61000061035156,127.66999816894531,127.61000061035156,127.66999816894531,1477.0
2026-08-05 13:28:00,NTGR,,24.290000915527344,24.290000915527344,24.270000457763672,24.270000457763672,1522.0
2026-08-05 13:28:00,NTNX,,60.83000183105469,60.83000183105469,60.79999923706055,60.79999923706055,4821.0
2026-08-05 13:28:00,NTRA,,274.44000244140625,274.44000244140625,274.3999938964844,274.3999938964844,616.0
2026-08-05 13:28:00,NTRS,,183.9499969482422,184.05990600585938,183.9499969482422,184.05990600585938,936.0
2026-08-05 13:28:00,NUTX,,158.4600067138672,158.4600067138672,158.4600067138672,158.4600067138672,3000.0
2026-08-05 13:28:00,NVAX,,7.630000114440918,7.630000114440918,7.619999885559082,7.619999885559082,10567.0
2026-08-05 13:28:00,NVCR,,16.059999465942383,16.059999465942383,16.059999465942383,16.059999465942383,547.0
2026-08-05 13:28:00,NVDA,,221.27499389648438,221.38999938964844,221.22999572753906,221.36000061035156,117866.0
2026-08-05 13:28:00,NVEC,,129.57000732421875,129.57000732421875,129.57000732421875,129.57000732421875,673.0
2026-08-05 13:28:00,NVTS,,12.515000343322754,12.539899826049805,12.510100364685059,12.53499984741211,11128.0
2026-08-05 13:28:00,NWBI,,15.970000267028809,15.970000267028809,15.961000442504883,15.961000442504883,247.0
2026-08-05 13:28:00,NWL,,6.284999847412109,6.284999847412109,6.2804999351501465,6.2804999351501465,1346.0
2026-08-05 13:28:00,NWS,,32.30500030517578,32.310001373291016,32.30500030517578,32.310001373291016,932.0
2026-08-05 13:28:00,NWSA,,28.28499984741211,28.299999237060547,28.28499984741211,28.290000915527344,3038.0
2026-08-05 13:28:00,NXPI,,231.27000427246094,231.44000244140625,231.27000427246094,231.44000244140625,2556.0
2026-08-05 13:28:00,NXT,,99.0,99.11499786376953,99.0,99.05999755859375,2797.0
2026-08-05 13:28:00,NXTC,,5.0,5.0,5.0,5.0,507.0
2026-08-05 13:28:00,OCFC,,19.885000228881836,19.885000228881836,19.885000228881836,19.885000228881836,1539.0
2026-08-05 13:28:00,OCGN,,1.2899999618530273,1.2899999618530273,1.284999966621399,1.2899999618530273,2836.0
2026-08-05 13:28:00,OCSL,,12.140000343322754,12.140000343322754,12.130000114440918,12.130000114440918,706.0
2026-08-05 13:28:00,OCUL,,8.574999809265137,8.574999809265137,8.570300102233887,8.574999809265137,3174.0
2026-08-05 13:28:00,ODFL,,213.6199951171875,213.6199951171875,213.6199951171875,213.6199951171875,900.0
2026-08-05 13:28:00,OESX,,14.579999923706055,14.579999923706055,14.46500015258789,14.46500015258789,2118.0
2026-08-05 13:28:00,OFIX,,10.470000267028809,10.470000267028809,10.470000267028809,10.470000267028809,4198.0
2026-08-05 13:28:00,OKTA,,148.1699981689453,148.1699981689453,148.1699981689453,148.1699981689453,934.0
2026-08-05 13:28:00,OLLI,,78.16999816894531,78.16999816894531,78.16999816894531,78.16999816894531,1037.0
2026-08-05 13:28:00,OLMA,,11.59000015258789,11.609999656677246,11.585000038146973,11.609999656677246,5203.0
2026-08-05 13:28:00,OMEX,,0.7304999828338623,0.7304999828338623,0.7304999828338623,0.7304999828338623,471.0
2026-08-05 13:28:00,OMH,,0.11479999870061874,0.11490000039339066,0.11479999870061874,0.11490000039339066,25274.0
2026-08-05 13:28:00,ON,,77.62999725341797,77.72000122070312,77.61000061035156,77.71499633789062,28284.0
2026-08-05 13:28:00,ONB,,27.045000076293945,27.05500030517578,27.045000076293945,27.05500030517578,7803.0
2026-08-05 13:28:00,ONCO,,0.7936000227928162,0.7936000227928162,0.7936000227928162,0.7936000227928162,1769.0
2026-08-05 13:28:00,ONDS,,8.919899940490723,8.929800033569336,8.90999984741211,8.920000076293945,190211.0
2026-08-05 13:28:00,ONFO,,0.07329999655485153,0.07339999824762344,0.0729999989271164,0.0731000006198883,26702.0
2026-08-05 13:28:00,ONMD,,0.667900025844574,0.667900025844574,0.6678000092506409,0.6678000092506409,762.0
2026-08-05 13:28:00,OPEN,,3.8324999809265137,3.8499999046325684,3.8299999237060547,3.839900016784668,118091.0
2026-08-05 13:28:00,OPK,,1.315000057220459,1.3200000524520874,1.309999942779541,1.3200000524520874,873.0
2026-08-05 13:28:00,OPRX,,6.847700119018555,6.847700119018555,6.847700119018555,6.847700119018555,851.0
2026-08-05 13:28:00,ORGO,,2.3350000381469727,2.3350000381469727,2.3350000381469727,2.3350000381469727,113.0
2026-08-05 13:28:00,ORIC,,13.005000114440918,13.020000457763672,12.989999771118164,13.020000457763672,7236.0
2026-08-05 13:28:00,ORLY,,93.30999755859375,93.30999755859375,93.30999755859375,93.30999755859375,4283.0
2026-08-05 13:28:00,OSBC,,25.829999923706055,25.829999923706055,25.829999923706055,25.829999923706055,691.0
2026-08-05 13:28:00,OSPN,,16.485000610351562,16.485000610351562,16.485000610351562,16.485000610351562,1119.0
2026-08-05 13:28:00,OSS,,13.960000038146973,13.960000038146973,13.960000038146973,13.960000038146973,607.0
2026-08-05 13:28:00,OTEX,,25.834999084472656,25.834999084472656,25.834999084472656,25.834999084472656,713.0
2026-08-05 13:28:00,OVID,,2.5950000286102295,2.5950000286102295,2.5899999141693115,2.5899999141693115,1043.0
2026-08-05 13:28:00,OXLC,,9.145000457763672,9.145000457763672,9.145000457763672,9.145000457763672,2413.0
2026-08-05 13:28:00,PAA,,23.174999237060547,23.174999237060547,23.174999237060547,23.174999237060547,1841.0
2026-08-05 13:28:00,PAAS,,47.959999084472656,47.9900016784668,47.95000076293945,47.959999084472656,5027.0
2026-08-05 13:28:00,PACB,,1.353600025177002,1.3550000190734863,1.350000023841858,1.350000023841858,3553.0
2026-08-05 13:28:00,PAGP,,25.1299991607666,25.135000228881836,25.1299991607666,25.135000228881836,851.0
2026-08-05 13:28:00,PAHC,,35.599998474121094,35.599998474121094,35.599998474121094,35.599998474121094,521.0
2026-08-05 13:28:00,PALI,,2.140000104904175,2.140000104904175,2.140000104904175,2.140000104904175,1451.0
2026-08-05 13:28:00,PANW,,365.69000244140625,365.69000244140625,365.489990234375,365.5459899902344,2034.0
2026-08-05 13:28:00,PAX,,11.404999732971191,11.404999732971191,11.404999732971191,11.404999732971191,1417.0
2026-08-05 13:28:00,PAYO,,7.125,7.125,7.119999885559082,7.125,699.0
2026-08-05 13:28:00,PAYS,,9.15999984741211,9.15999984741211,9.15999984741211,9.15999984741211,641.0
2026-08-05 13:28:00,PAYX,,117.3499984741211,117.3499984741211,117.30020141601562,117.30999755859375,3239.0
2026-08-05 13:28:00,PCAR,,134.27999877929688,134.32000732421875,134.27999877929688,134.32000732421875,1343.0
2026-08-05 13:28:00,PCRX,,24.5,24.5,24.469999313354492,24.469999313354492,1166.0
2026-08-05 13:28:00,PCT,,6.889999866485596,6.889999866485596,6.885000228881836,6.889999866485596,2607.0
2026-08-05 13:28:00,PCTY,,145.2899932861328,145.2899932861328,145.05999755859375,145.05999755859375,2398.0
2026-08-05 13:28:00,PDD,,90.93000030517578,90.95500183105469,90.93000030517578,90.94999694824219,3783.0
2026-08-05 13:28:00,PEBO,,41.72999954223633,41.72999954223633,41.72999954223633,41.72999954223633,263.0
2026-08-05 13:28:00,PEGA,,31.764999389648438,31.764999389648438,31.75,31.75,1736.0
2026-08-05 13:28:00,PENN,,19.860000610351562,19.8700008392334,19.860000610351562,19.8700008392334,2603.0
2026-08-05 13:28:00,PEP,,138.6300048828125,138.6300048828125,138.60000610351562,138.61000061035156,8484.0
2026-08-05 13:28:00,PEPG,,1.9450000524520874,1.9450000524520874,1.9450000524520874,1.9450000524520874,572.0
2026-08-05 13:28:00,PFG,,114.1500015258789,114.18499755859375,114.1500015258789,114.18499755859375,442.0
2026-08-05 13:28:00,PGC,,46.75,46.75,46.75,46.75,737.0
2026-08-05 13:28:00,PGEN,,6.869999885559082,6.875,6.864999771118164,6.869999885559082,5803.0
2026-08-05 13:28:00,PGNY,,31.770000457763672,31.770000457763672,31.770000457763672,31.770000457763672,495.0
2026-08-05 13:28:00,PGY,,21.68000030517578,21.707199096679688,21.670000076293945,21.690000534057617,2864.0
2026-08-05 13:28:00,PHAT,,8.454999923706055,8.460000038146973,8.454999923706055,8.460000038146973,1869.0
2026-08-05 13:28:00,PLAB,,32.0099983215332,32.0099983215332,32.0099983215332,32.0099983215332,206.0
2026-08-05 13:28:00,PLSE,,37.290000915527344,37.290000915527344,37.290000915527344,37.290000915527344,400.0
2026-08-05 13:28:00,PLUG,,2.0850000381469727,2.0899999141693115,2.0799999237060547,2.0799999237060547,60960.0
2026-08-05 13:28:00,PMVP,,1.1852999925613403,1.1852999925613403,1.1852999925613403,1.1852999925613403,6561.0
2026-08-05 13:28:00,PNFP,,107.8499984741211,107.92500305175781,107.8499984741211,107.92500305175781,1052.0
2026-08-05 13:28:00,POET,,8.359999656677246,8.364999771118164,8.359999656677246,8.364999771118164,1159.0
2026-08-05 13:28:00,POOL,,205.47000122070312,205.5800018310547,205.47000122070312,205.5800018310547,1587.0
2026-08-05 13:28:00,POWI,,61.869998931884766,61.869998931884766,61.869998931884766,61.869998931884766,993.0
2026-08-05 13:28:00,POWL,,212.36000061035156,212.3800048828125,212.36000061035156,212.3800048828125,359.0
2026-08-05 13:28:00,PPC,,26.389999389648438,26.389999389648438,26.389999389648438,26.389999389648438,1288.0
2026-08-05 13:28:00,PPTA,,22.34000015258789,22.34000015258789,22.34000015258789,22.34000015258789,1605.0
2026-08-05 13:28:00,PRAX,,317.6499938964844,317.6499938964844,316.8550109863281,317.3500061035156,2192.0
2026-08-05 13:28:00,PRCH,,15.869999885559082,15.880000114440918,15.869999885559082,15.880000114440918,2094.0
2026-08-05 13:28:00,PRCT,,18.799999237060547,18.8700008392334,18.770000457763672,18.834999084472656,40245.0
2026-08-05 13:28:00,PRIM,,85.29000091552734,85.29000091552734,84.80500030517578,84.80500030517578,7038.0
2026-08-05 13:28:00,PRME,,3.0799999237060547,3.0799999237060547,3.075000047683716,3.075000047683716,695.0
2026-08-05 13:28:00,PROK,,1.6399999856948853,1.6399999856948853,1.6349999904632568,1.6349999904632568,1618.0
2026-08-05 13:28:00,PRQR,,1.9049999713897705,1.9049999713897705,1.9049999713897705,1.9049999713897705,733.0
2026-08-05 13:28:00,PRTA,,8.515000343322754,8.520000457763672,8.515000343322754,8.515000343322754,1466.0
2026-08-05 13:28:00,PSEC,,2.190000057220459,2.190000057220459,2.184999942779541,2.190000057220459,1299.0
2026-08-05 13:28:00,PSNL,,13.470000267028809,13.47599983215332,13.470000267028809,13.47599983215332,3612.0
2026-08-05 13:28:00,PSNY,,14.210000038146973,14.210000038146973,14.210000038146973,14.210000038146973,632.0
2026-08-05 13:28:00,PTC,,139.97000122070312,139.97000122070312,139.88999938964844,139.88999938964844,2206.0
2026-08-05 13:28:00,PTEN,,9.795000076293945,9.800000190734863,9.795000076293945,9.800000190734863,3983.0
2026-08-05 13:28:00,PTGX,,136.77999877929688,136.80499267578125,136.20550537109375,136.30999755859375,24367.0
2026-08-05 13:28:00,PTON,,6.494999885559082,6.494999885559082,6.494999885559082,6.494999885559082,3000.0
2026-08-05 13:28:00,PWP,,17.350000381469727,17.3700008392334,17.350000381469727,17.3700008392334,5757.0
2026-08-05 13:28:00,PYPL,,58.220001220703125,58.22999954223633,58.20500183105469,58.22999954223633,5380.0
2026-08-05 13:28:00,PZZA,,30.110000610351562,30.114999771118164,30.100000381469727,30.110000610351562,2793.0
2026-08-05 13:28:00,QCOM,,157.85000610351562,157.99000549316406,157.85000610351562,157.9499969482422,10014.0
2026-08-05 13:28:00,QRVO,,94.53500366210938,94.6449966430664,94.53500366210938,94.6449966430664,1767.0
2026-08-05 13:28:00,SEED,,1.0299999713897705,1.0299999713897705,1.0246000289916992,1.0299999713897705,900.0
2026-08-05 13:28:00,TARA,,4.034999847412109,4.034999847412109,4.034999847412109,4.034999847412109,283.0
2026-08-05 13:29:00,ACDC,,4.425000190734863,4.425000190734863,4.425000190734863,4.425000190734863,775.0
2026-08-05 13:29:00,CPOP,,0.3598000109195709,0.3598000109195709,0.3598000109195709,0.3598000109195709,320.0
2026-08-05 13:29:00,DTIL,,7.519999980926514,7.539999961853027,7.519999980926514,7.539999961853027,1677.0
2026-08-05 13:29:00,EYE,,23.190000534057617,23.190000534057617,23.1299991607666,23.145000457763672,5647.0
2026-08-05 13:29:00,GLUE,,15.600000381469727,15.609999656677246,15.600000381469727,15.600000381469727,3630.0
2026-08-05 13:29:00,MBRX,,0.40380001068115234,0.40380001068115234,0.39750000834465027,0.40380001068115234,25098.0
2026-08-05 13:29:00,MDB,,374.239990234375,374.57000732421875,374.239990234375,374.57000732421875,1029.0
2026-08-05 13:29:00,MDLZ,,62.53499984741211,62.53499984741211,62.51499938964844,62.51499938964844,9092.0
2026-08-05 13:29:00,MNPR,,119.23999786376953,119.25,119.23999786376953,119.25,554.0
2026-08-05 13:29:00,MNST,,94.49500274658203,94.5,94.49500274658203,94.5,2103.0
2026-08-05 13:29:00,MNTS,,4.264999866485596,4.264999866485596,4.264999866485596,4.264999866485596,3539.0
2026-08-05 13:29:00,MPWR,,1335.510009765625,1337.02001953125,1335.22998046875,1337.02001953125,657.0
2026-08-05 13:29:00,MRNA,,56.61000061035156,56.64500045776367,56.61000061035156,56.64500045776367,1222.0
2026-08-05 13:29:00,MYGN,,3.134999990463257,3.134999990463257,3.134999990463257,3.134999990463257,1433.0
2026-08-05 13:29:00,NAMS,,27.7450008392334,27.7450008392334,27.729999542236328,27.739999771118164,1391.0
2026-08-05 13:29:00,NAUT,,0.9387999773025513,0.9387999773025513,0.9387999773025513,0.9387999773025513,102.0
2026-08-05 13:29:00,NAVI,,9.170000076293945,9.175000190734863,9.170000076293945,9.175000190734863,602.0
2026-08-05 13:29:00,NB,,5.070099830627441,5.070099830627441,5.070099830627441,5.070099830627441,1686.0
2026-08-05 13:29:00,NBIX,,163.5800018310547,163.5800018310547,163.51499938964844,163.51499938964844,2303.0
2026-08-05 13:29:00,NBTB,,53.41999816894531,53.41999816894531,53.41999816894531,53.41999816894531,3149.0
2026-08-05 13:29:00,NDAQ,,94.87999725341797,94.87999725341797,94.86000061035156,94.87000274658203,1212.0
2026-08-05 13:29:00,NDSN,,311.375,311.375,311.2348937988281,311.2348937988281,337.0
2026-08-05 13:29:00,NEGG,,16.84000015258789,16.84000015258789,16.84000015258789,16.84000015258789,125.0
2026-08-05 13:29:00,NEO,,16.030000686645508,16.030000686645508,16.020000457763672,16.020000457763672,1331.0
2026-08-05 13:29:00,NEOG,,11.614999771118164,11.614999771118164,11.614999771118164,11.614999771118164,1885.0
2026-08-05 13:29:00,NEON,,0.9380000233650208,0.9380000233650208,0.9380000233650208,0.9380000233650208,640.0
2026-08-05 13:29:00,NEOV,,2.8450000286102295,2.849900007247925,2.8399999141693115,2.849900007247925,1462.0
2026-08-05 13:29:00,NESR,,28.719999313354492,28.75,28.719999313354492,28.75,2238.0
2026-08-05 13:29:00,NEWT,,15.050000190734863,15.050000190734863,15.050000190734863,15.050000190734863,405.0
2026-08-05 13:29:00,NEXT,,6.44950008392334,6.44950008392334,6.44950008392334,6.44950008392334,1928.0
2026-08-05 13:29:00,NFLX,,73.48500061035156,73.48999786376953,73.4645004272461,73.46499633789062,29775.0
2026-08-05 13:29:00,NGNE,,35.52000045776367,35.52000045776367,35.52000045776367,35.52000045776367,297.0
2026-08-05 13:29:00,NICE,,98.58999633789062,98.66000366210938,98.58499908447266,98.66000366210938,3995.0
2026-08-05 13:29:00,NKTR,,73.26000213623047,73.33000183105469,73.26000213623047,73.33000183105469,1418.0
2026-08-05 13:29:00,NKTX,,2.2300000190734863,2.2300000190734863,2.2249999046325684,2.2249999046325684,1234.0
2026-08-05 13:29:00,NMFC,,7.340000152587891,7.340000152587891,7.340000152587891,7.340000152587891,683.0
2026-08-05 13:29:00,NMRK,,15.694999694824219,15.694999694824219,15.694999694824219,15.694999694824219,1450.0
2026-08-05 13:29:00,NN,,14.479999542236328,14.529500007629395,14.289899826049805,14.3100004196167,72898.0
2026-08-05 13:29:00,NNBR,,3.880000114440918,3.890000104904175,3.880000114440918,3.890000104904175,1027.0
2026-08-05 13:29:00,NNDM,,1.534999966621399,1.534999966621399,1.534999966621399,1.534999966621399,2208.0
2026-08-05 13:29:00,NODK,,15.520000457763672,15.520000457763672,15.520000457763672,15.520000457763672,649.0
2026-08-05 13:29:00,NOVT,,157.1999969482422,157.1999969482422,157.13999938964844,157.13999938964844,1007.0
2026-08-05 13:29:00,NRC,,19.579999923706055,19.59000015258789,19.579999923706055,19.59000015258789,1033.0
2026-08-05 13:29:00,NRIX,,25.030000686645508,25.030000686645508,25.0,25.0,2649.0
2026-08-05 13:29:00,NRXP,,3.069999933242798,3.069999933242798,3.069999933242798,3.069999933242798,68.0
2026-08-05 13:29:00,NTAP,,190.02999877929688,190.16000366210938,190.00999450683594,190.16000366210938,3160.0
2026-08-05 13:29:00,NTES,,127.66000366210938,127.66000366210938,127.66000366210938,127.66000366210938,798.0
2026-08-05 13:29:00,NTNX,,60.810001373291016,60.84000015258789,60.80500030517578,60.84000015258789,3547.0
2026-08-05 13:29:00,NTRA,,274.45001220703125,274.45001220703125,274.44000244140625,274.44000244140625,744.0
2026-08-05 13:29:00,NTRS,,183.88999938964844,183.94000244140625,183.88999938964844,183.88999938964844,2681.0
2026-08-05 13:29:00,NUWE,,1.6950000524520874,1.6950000524520874,1.6950000524520874,1.6950000524520874,591.0
2026-08-05 13:29:00,NVCR,,16.06999969482422,16.06999969482422,16.06999969482422,16.06999969482422,1198.0
2026-08-05 13:29:00,NVDA,,221.0500030517578,221.24000549316406,221.02000427246094,221.24000549316406,131113.0
2026-08-05 13:29:00,NVMI,,408.6099853515625,408.6099853515625,408.6099853515625,408.6099853515625,133.0
2026-08-05 13:29:00,NVTS,,12.484999656677246,12.510000228881836,12.482000350952148,12.510000228881836,7474.0
2026-08-05 13:29:00,NWBI,,15.96500015258789,15.96500015258789,15.96500015258789,15.96500015258789,827.0
2026-08-05 13:29:00,NWE,,68.68000030517578,68.68000030517578,68.68000030517578,68.68000030517578,418.0
2026-08-05 13:29:00,NWL,,6.289999961853027,6.289999961853027,6.284999847412109,6.284999847412109,11700.0
2026-08-05 13:29:00,NWS,,32.314998626708984,32.314998626708984,32.310001373291016,32.310001373291016,1303.0
2026-08-05 13:29:00,NWSA,,28.290000915527344,28.290000915527344,28.290000915527344,28.290000915527344,852.0
2026-08-05 13:29:00,NXPI,,231.16000366210938,231.2899932861328,231.16000366210938,231.27000427246094,4639.0
2026-08-05 13:29:00,NXT,,98.91169738769531,99.0999984741211,98.91169738769531,99.0999984741211,3597.0
2026-08-05 13:29:00,NXTC,,5.050000190734863,5.090000152587891,5.050000190734863,5.090000152587891,337.0
2026-08-05 13:29:00,OCC,,16.059999465942383,16.059999465942383,16.059999465942383,16.059999465942383,824.0
2026-08-05 13:29:00,OCFC,,19.895000457763672,19.895000457763672,19.885000228881836,19.885000228881836,4023.0
2026-08-05 13:29:00,OCGN,,1.2899999618530273,1.2899999618530273,1.284999966621399,1.2899999618530273,1249.0
2026-08-05 13:29:00,OCSL,,12.114999771118164,12.135000228881836,12.114999771118164,12.135000228881836,3572.0
2026-08-05 13:29:00,ODFL,,213.8300018310547,213.8300018310547,213.8300018310547,213.8300018310547,441.0
2026-08-05 13:29:00,OFIX,,10.470000267028809,10.470000267028809,10.470000267028809,10.470000267028809,367.0
2026-08-05 13:29:00,OKTA,,148.2100067138672,148.2100067138672,148.2100067138672,148.2100067138672,832.0
2026-08-05 13:29:00,OLLI,,78.18000030517578,78.18000030517578,78.18000030517578,78.18000030517578,812.0
2026-08-05 13:29:00,OLMA,,11.595000267028809,11.595000267028809,11.595000267028809,11.595000267028809,1606.0
2026-08-05 13:29:00,OMCL,,37.310001373291016,37.310001373291016,37.310001373291016,37.310001373291016,873.0
2026-08-05 13:29:00,OMER,,12.880000114440918,12.885000228881836,12.880000114440918,12.885000228881836,3208.0
2026-08-05 13:29:00,OMEX,,0.739799976348877,0.739799976348877,0.739799976348877,0.739799976348877,1044.0
2026-08-05 13:29:00,OMH,,0.1151999980211258,0.1151999980211258,0.11490000039339066,0.11490000039339066,12265.0
2026-08-05 13:29:00,ON,,77.51000213623047,77.6500015258789,77.51000213623047,77.6500015258789,18348.0
2026-08-05 13:29:00,ONB,,27.045000076293945,27.049999237060547,27.03499984741211,27.045000076293945,7356.0
2026-08-05 13:29:00,ONCY,,0.796999990940094,0.796999990940094,0.796999990940094,0.796999990940094,2000.0
2026-08-05 13:29:00,ONDS,,8.910099983215332,8.920000076293945,8.90999984741211,8.910099983215332,199274.0
2026-08-05 13:29:00,ONEW,,12.592700004577637,12.592700004577637,12.592700004577637,12.592700004577637,1129.0
2026-08-05 13:29:00,ONFO,,0.07349999994039536,0.07349999994039536,0.07339999824762344,0.07339999824762344,10705.0
2026-08-05 13:29:00,ONMD,,0.667900025844574,0.667900025844574,0.667900025844574,0.667900025844574,105.0
2026-08-05 13:29:00,OPAL,,2.3499999046325684,2.3499999046325684,2.3499999046325684,2.3499999046325684,282.0
2026-08-05 13:29:00,OPCH,,23.440000534057617,23.44499969482422,23.440000534057617,23.440000534057617,1853.0
2026-08-05 13:29:00,OPEN,,3.8299999237060547,3.8399999141693115,3.8299999237060547,3.8350000381469727,60247.0
2026-08-05 13:29:00,OPHC,,8.555000305175781,8.555000305175781,8.555000305175781,8.555000305175781,100.0
2026-08-05 13:29:00,OPK,,1.309999942779541,1.3200000524520874,1.309999942779541,1.3200000524520874,1269.0
2026-08-05 13:29:00,OPRX,,6.889999866485596,6.889999866485596,6.889999866485596,6.889999866485596,451.0
2026-08-05 13:29:00,ORGO,,2.3299999237060547,2.3299999237060547,2.3299999237060547,2.3299999237060547,200.0
2026-08-05 13:29:00,ORIC,,13.0,13.0,13.0,13.0,1362.0
2026-08-05 13:29:00,ORLY,,93.31999969482422,93.31999969482422,93.30999755859375,93.30999755859375,1381.0
2026-08-05 13:29:00,OSS,,13.954999923706055,13.954999923706055,13.954999923706055,13.954999923706055,109.0
2026-08-05 13:29:00,OSUR,,4.119999885559082,4.119999885559082,4.119999885559082,4.119999885559082,697.0
2026-08-05 13:29:00,OTEX,,25.860000610351562,25.860000610351562,25.844999313354492,25.844999313354492,2090.0
2026-08-05 13:29:00,OTLK,,1.0210000276565552,1.0270999670028687,1.0210000276565552,1.0210000276565552,2230.0
2026-08-05 13:29:00,OVID,,2.5799999237060547,2.5950000286102295,2.5799999237060547,2.5899999141693115,21623.0
2026-08-05 13:29:00,OXLC,,9.145000457763672,9.145000457763672,9.145000457763672,9.145000457763672,1162.0
2026-08-05 13:29:00,PAAS,,47.970001220703125,47.9900016784668,47.95000076293945,47.970001220703125,3539.0
2026-08-05 13:29:00,PACB,,1.3550000190734863,1.3550000190734863,1.350000023841858,1.3550000190734863,9888.0
2026-08-05 13:29:00,PALI,,2.134999990463257,2.134999990463257,2.134999990463257,2.134999990463257,185.0
2026-08-05 13:29:00,PANW,,365.5799865722656,365.5799865722656,365.29998779296875,365.5,9086.0
2026-08-05 13:29:00,PAX,,11.404999732971191,11.404999732971191,11.404999732971191,11.404999732971191,1138.0
2026-08-05 13:29:00,PAYO,,7.119999885559082,7.125,7.119999885559082,7.125,2103.0
2026-08-05 13:29:00,PAYX,,117.38999938964844,117.4000015258789,117.3499984741211,117.3499984741211,3273.0
2026-08-05 13:29:00,PCAR,,134.3000030517578,134.3000030517578,134.26499938964844,134.26499938964844,1221.0
2026-08-05 13:29:00,PCRX,,24.594999313354492,24.649999618530273,24.520000457763672,24.520000457763672,6043.0
2026-08-05 13:29:00,PCT,,6.875,6.880000114440918,6.875,6.880000114440918,9600.0
2026-08-05 13:29:00,PCTY,,145.1750030517578,145.28500366210938,145.1750030517578,145.28500366210938,1290.0
2026-08-05 13:29:00,PDD,,90.95999908447266,90.9800033569336,90.94999694824219,90.94999694824219,4424.0
2026-08-05 13:29:00,PDEX,,67.7249984741211,67.7249984741211,67.7249984741211,67.7249984741211,286.0
2026-08-05 13:29:00,PDFS,,50.05500030517578,50.05500030517578,50.05500030517578,50.05500030517578,2429.0
2026-08-05 13:29:00,PEBO,,41.7400016784668,41.7400016784668,41.7400016784668,41.7400016784668,403.0
2026-08-05 13:29:00,PECO,,41.279998779296875,41.29999923706055,41.279998779296875,41.28499984741211,3139.0
2026-08-05 13:29:00,PEGA,,31.790000915527344,31.790000915527344,31.770000457763672,31.770000457763672,1791.0
2026-08-05 13:29:00,PENN,,19.854999542236328,19.854999542236328,19.854999542236328,19.854999542236328,1524.0
2026-08-05 13:29:00,PEP,,138.63999938964844,138.63999938964844,138.6051025390625,138.61000061035156,3218.0
2026-08-05 13:29:00,PERI,,9.550000190734863,9.550000190734863,9.550000190734863,9.550000190734863,173.0
2026-08-05 13:29:00,PFG,,114.1449966430664,114.1449966430664,114.1449966430664,114.1449966430664,191.0
2026-08-05 13:29:00,PGEN,,6.875,6.880000114440918,6.869999885559082,6.869999885559082,11513.0
2026-08-05 13:29:00,PGY,,21.690000534057617,21.690000534057617,21.68000030517578,21.690000534057617,2066.0
2026-08-05 13:29:00,PLAB,,32.0099983215332,32.0099983215332,32.0099983215332,32.0099983215332,1092.0
2026-08-05 13:29:00,PLUG,,2.0850000381469727,2.089900016784668,2.0850000381469727,2.089900016784668,3801.0
2026-08-05 13:29:00,PLXS,,275.75,275.75,275.75,275.75,374.0
2026-08-05 13:29:00,PNFP,,107.80999755859375,107.81009674072266,107.80999755859375,107.81009674072266,1650.0
2026-08-05 13:29:00,POET,,8.350000381469727,8.359999656677246,8.350000381469727,8.359999656677246,3201.0
2026-08-05 13:29:00,POWL,,212.33999633789062,212.33999633789062,212.33999633789062,212.33999633789062,200.0
2026-08-05 13:29:00,PPC,,26.399999618530273,26.399999618530273,26.399999618530273,26.399999618530273,1848.0
2026-08-05 13:29:00,PPTA,,22.375,22.375,22.360000610351562,22.360000610351562,1155.0
2026-08-05 13:29:00,PRCH,,15.869999885559082,15.869999885559082,15.869999885559082,15.869999885559082,550.0
2026-08-05 13:29:00,PRCT,,18.815000534057617,18.81999969482422,18.770000457763672,18.809999465942383,29975.0
2026-08-05 13:29:00,PRDO,,32.81999969482422,32.81999969482422,32.81999969482422,32.81999969482422,260.0
2026-08-05 13:29:00,PRGS,,42.130001068115234,42.130001068115234,42.11000061035156,42.11000061035156,704.0
2026-08-05 13:29:00,PRIM,,85.18000030517578,85.30999755859375,85.18000030517578,85.18000030517578,1168.0
2026-08-05 13:29:00,PRME,,3.075000047683716,3.075000047683716,3.075000047683716,3.075000047683716,513.0
2026-08-05 13:29:00,PRQR,,1.9049999713897705,1.9049999713897705,1.9049999713897705,1.9049999713897705,416.0
2026-08-05 13:29:00,PRTA,,8.524999618530273,8.524999618530273,8.520000457763672,8.520000457763672,953.0
2026-08-05 13:29:00,PRVA,,24.350000381469727,24.350000381469727,24.350000381469727,24.350000381469727,453.0
2026-08-05 13:29:00,PSEC,,2.184999942779541,2.190000057220459,2.1800999641418457,2.184999942779541,3725.0
2026-08-05 13:29:00,PTC,,139.9958038330078,139.9958038330078,139.9958038330078,139.9958038330078,523.0
2026-08-05 13:29:00,PTEN,,9.800000190734863,9.800000190734863,9.795000076293945,9.795000076293945,4718.0
2026-08-05 13:29:00,PTGX,,136.6199951171875,136.7949981689453,136.5800018310547,136.6699981689453,4678.0
2026-08-05 13:29:00,PTLO,,4.644999980926514,4.644999980926514,4.644999980926514,4.644999980926514,340.0
2026-08-05 13:29:00,PTON,,6.494999885559082,6.494999885559082,6.494999885559082,6.494999885559082,2162.0
2026-08-05 13:29:00,PUBM,,13.380000114440918,13.380000114440918,13.380000114440918,13.380000114440918,737.0
2026-08-05 13:29:00,PYPL,,58.2400016784668,58.2400016784668,58.21500015258789,58.21500015258789,3041.0
2026-08-05 13:29:00,PZZA,,30.114999771118164,30.129899978637695,30.114999771118164,30.129899978637695,1550.0
2026-08-05 13:29:00,QCOM,,157.69000244140625,157.8300018310547,157.66000366210938,157.8300018310547,11783.0
2026-08-05 13:29:00,QRVO,,94.48999786376953,94.53500366210938,94.48999786376953,94.53500366210938,1593.0
2026-08-05 13:29:00,SEED,,1.0299999713897705,1.0299999713897705,1.0299999713897705,1.0299999713897705,721.0
2026-08-05 13:29:00,TARA,,4.039999961853027,4.039999961853027,4.034999847412109,4.034999847412109,301.0
2026-08-05 13:29:00,WOOF,,2.934999942779541,2.940000057220459,2.934999942779541,2.940000057220459,14791.0
2026-08-05 13:30:00,ACDC,,4.414999961853027,4.429999828338623,4.414999961853027,4.429999828338623,4462.0
2026-08-05 13:30:00,EYE,,23.190000534057617,23.190000534057617,23.190000534057617,23.190000534057617,1417.0
2026-08-05 13:30:00,FIZZ,,32.11000061035156,32.11000061035156,32.11000061035156,32.11000061035156,292.0
2026-08-05 13:30:00,GLUE,,15.59000015258789,15.59000015258789,15.579999923706055,15.59000015258789,2899.0
2026-08-05 13:30:00,KIDS,,21.530000686645508,21.530000686645508,21.530000686645508,21.530000686645508,139.0
2026-08-05 13:30:00,LUNG,,1.9910999536514282,1.9910999536514282,1.9910999536514282,1.9910999536514282,303.0
2026-08-05 13:30:00,MBRX,,0.4032000005245209,0.40380001068115234,0.4032000005245209,0.40380001068115234,1163.0
2026-08-05 13:30:00,MDB,,373.7699890136719,374.1199951171875,373.7699890136719,374.1199951171875,646.0
2026-08-05 13:30:00,MDLZ,,62.61000061035156,62.61000061035156,62.505001068115234,62.53499984741211,33218.0
2026-08-05 13:30:00,MLTX,,17.76799964904785,17.76799964904785,17.76799964904785,17.76799964904785,244.0
2026-08-05 13:30:00,MNPR,,119.25,119.25,119.25,119.25,1749.0
2026-08-05 13:30:00,MNRO,,13.239999771118164,13.244999885559082,13.239999771118164,13.239999771118164,1094.0
2026-08-05 13:30:00,MNST,,94.4800033569336,94.48999786376953,94.47750091552734,94.48999786376953,3144.0
2026-08-05 13:30:00,MNTS,,4.269000053405762,4.269000053405762,4.260000228881836,4.264999866485596,3056.0
2026-08-05 13:30:00,MPWR,,1337.8199462890625,1337.8199462890625,1335.22998046875,1335.22998046875,218.0
2026-08-05 13:30:00,MRNA,,56.59000015258789,56.60139846801758,56.529998779296875,56.60139846801758,4891.0
2026-08-05 13:30:00,MYGN,,3.1301000118255615,3.134999990463257,3.1301000118255615,3.134999990463257,4166.0
2026-08-05 13:30:00,NAMS,,27.670000076293945,27.7549991607666,27.670000076293945,27.7549991607666,10744.0
2026-08-05 13:30:00,NAUT,,0.9387999773025513,0.9387999773025513,0.9387999773025513,0.9387999773025513,438.0
2026-08-05 13:30:00,NB,,5.065000057220459,5.070000171661377,5.065000057220459,5.070000171661377,3780.0
2026-08-05 13:30:00,NBIX,,163.43499755859375,163.61000061035156,163.3699951171875,163.61000061035156,11162.0
2026-08-05 13:30:00,NDAQ,,94.93499755859375,94.93499755859375,94.9000015258789,94.91000366210938,2143.0
2026-08-05 13:30:00,NEO,,16.030000686645508,16.030000686645508,16.024999618530273,16.024999618530273,2870.0
2026-08-05 13:30:00,NEOG,,11.619999885559082,11.625,11.619999885559082,11.619999885559082,4477.0
2026-08-05 13:30:00,NEON,,0.9423999786376953,0.9423999786376953,0.9423999786376953,0.9423999786376953,75.0
2026-08-05 13:30:00,NEOV,,2.8499999046325684,2.8550000190734863,2.849900007247925,2.849900007247925,7472.0
2026-08-05 13:30:00,NESR,,28.770000457763672,28.770000457763672,28.700000762939453,28.700000762939453,3273.0
2026-08-05 13:30:00,NEXT,,6.434999942779541,6.440000057220459,6.434999942779541,6.440000057220459,2903.0
2026-08-05 13:30:00,NFLX,,73.51000213623047,73.5199966430664,73.48999786376953,73.48999786376953,29782.0
2026-08-05 13:30:00,NICE,,98.62359619140625,98.62359619140625,98.5,98.5,979.0
2026-08-05 13:30:00,NIU,,2.4649999141693115,2.4649999141693115,2.4649999141693115,2.4649999141693115,110.0
2026-08-05 13:30:00,NKTX,,2.2200000286102295,2.2249999046325684,2.2200000286102295,2.2249999046325684,3404.0
2026-08-05 13:30:00,NMIH,,44.540000915527344,44.54499816894531,44.53499984741211,44.54499816894531,1539.0
2026-08-05 13:30:00,NMRK,,15.699999809265137,15.704999923706055,15.699999809265137,15.699999809265137,4531.0
2026-08-05 13:30:00,NN,,14.35949993133545,14.489999771118164,14.279999732971191,14.489999771118164,73541.0
2026-08-05 13:30:00,NNBR,,3.8450000286102295,3.880000114440918,3.8399999141693115,3.880000114440918,17013.0
2026-08-05 13:30:00,NRDS,,9.15999984741211,9.15999984741211,9.149100303649902,9.15999984741211,3056.0
2026-08-05 13:30:00,NRIX,,25.030000686645508,25.030000686645508,25.024999618530273,25.024999618530273,1160.0
2026-08-05 13:30:00,NSSC,,40.32500076293945,40.32500076293945,40.32500076293945,40.32500076293945,429.0
2026-08-05 13:30:00,NTAP,,190.15499877929688,190.15499877929688,190.00999450683594,190.00999450683594,854.0
2026-08-05 13:30:00,NTES,,127.55000305175781,127.63999938964844,127.55000305175781,127.63999938964844,715.0
2026-08-05 13:30:00,NTNX,,60.80500030517578,60.810001373291016,60.790000915527344,60.79999923706055,2221.0
2026-08-05 13:30:00,NTRA,,274.3399963378906,274.4200134277344,274.25,274.25,978.0
2026-08-05 13:30:00,NTRS,,183.8699951171875,183.8800048828125,183.8699951171875,183.8800048828125,1887.0
2026-08-05 13:30:00,NUWE,,1.6950000524520874,1.6950000524520874,1.6950000524520874,1.6950000524520874,1270.0
2026-08-05 13:30:00,NVAX,,7.625,7.625,7.625,7.625,506.0
2026-08-05 13:30:00,NVCR,,16.100000381469727,16.100000381469727,16.079999923706055,16.079999923706055,2078.0
2026-08-05 13:30:00,NVCT,,20.18000030517578,20.18000030517578,20.18000030517578,20.18000030517578,214.0
2026-08-05 13:30:00,NVDA,,220.9199981689453,221.0800018310547,220.91000366210938,221.05999755859375,178131.0
2026-08-05 13:30:00,NVMI,,408.1099853515625,408.1099853515625,408.1099853515625,408.1099853515625,1156.0
2026-08-05 13:30:00,NVTS,,12.454999923706055,12.484999656677246,12.454999923706055,12.484999656677246,12494.0
2026-08-05 13:30:00,NWL,,6.300000190734863,6.300000190734863,6.295000076293945,6.295000076293945,795.0
2026-08-05 13:30:00,NWS,,32.349998474121094,32.3650016784668,32.34000015258789,32.34000015258789,8029.0
2026-08-05 13:30:00,NWSA,,28.34000015258789,28.360000610351562,28.299999237060547,28.299999237060547,16795.0
2026-08-05 13:30:00,NXPI,,231.13499450683594,231.2100067138672,231.01499938964844,231.01499938964844,2642.0
2026-08-05 13:30:00,NXT,,99.04000091552734,99.04000091552734,98.97000122070312,98.97000122070312,2900.0
2026-08-05 13:30:00,OABI,,2.061000108718872,2.061000108718872,2.061000108718872,2.061000108718872,1465.0
2026-08-05 13:30:00,OCGN,,1.2897000312805176,1.2899999618530273,1.2897000312805176,1.2899999618530273,1183.0
2026-08-05 13:30:00,OCSL,,12.109999656677246,12.114999771118164,12.109999656677246,12.109999656677246,1275.0
2026-08-05 13:30:00,OCUL,,8.570099830627441,8.570099830627441,8.570099830627441,8.570099830627441,262.0
2026-08-05 13:30:00,ODD,,15.420000076293945,15.420000076293945,15.40999984741211,15.40999984741211,800.0
2026-08-05 13:30:00,ODFL,,213.66000366210938,213.66000366210938,213.63999938964844,213.63999938964844,1809.0
2026-08-05 13:30:00,OFIX,,10.470000267028809,10.470000267028809,10.470000267028809,10.470000267028809,337.0
2026-08-05 13:30:00,OKTA,,148.19000244140625,148.19000244140625,148.14999389648438,148.14999389648438,933.0
2026-08-05 13:30:00,OLLI,,78.25,78.25,78.19999694824219,78.22000122070312,1944.0
2026-08-05 13:30:00,OMH,,0.1151999980211258,0.1152999997138977,0.1151999980211258,0.1152999997138977,1815.0
2026-08-05 13:30:00,ON,,77.5199966430664,77.52999877929688,77.44999694824219,77.5,17193.0
2026-08-05 13:30:00,ONB,,27.040000915527344,27.040000915527344,27.040000915527344,27.040000915527344,751.0
2026-08-05 13:30:00,ONCY,,0.796999990940094,0.796999990940094,0.796999990940094,0.796999990940094,0.0
2026-08-05 13:30:00,ONDS,,8.908599853515625,8.920000076293945,8.899999618530273,8.914999961853027,352033.0
2026-08-05 13:30:00,ONFO,,0.07349999994039536,0.07349999994039536,0.07349999994039536,0.07349999994039536,1801.0
2026-08-05 13:30:00,OPCH,,23.459999084472656,23.459999084472656,23.450000762939453,23.450000762939453,2157.0
2026-08-05 13:30:00,OPEN,,3.8299999237060547,3.8399999141693115,3.819999933242798,3.8299999237060547,129831.0
2026-08-05 13:30:00,OPRT,,6.179999828338623,6.179999828338623,6.179999828338623,6.179999828338623,250.0
2026-08-05 13:30:00,ORGO,,2.3399999141693115,2.3399999141693115,2.3399999141693115,2.3399999141693115,57.0
2026-08-05 13:30:00,ORLY,,93.37000274658203,93.375,93.33499908447266,93.33499908447266,4012.0
2026-08-05 13:30:00,ORRF,,43.310001373291016,43.31999969482422,43.310001373291016,43.31999969482422,465.0
2026-08-05 13:30:00,OSIS,,237.0,237.0,236.61000061035156,236.69000244140625,753.0
2026-08-05 13:30:00,OSS,,13.920000076293945,13.973799705505371,13.920000076293945,13.973799705505371,3281.0
2026-08-05 13:30:00,OSUR,,4.119999885559082,4.119999885559082,4.119999885559082,4.119999885559082,115.0
2026-08-05 13:30:00,OTLK,,1.0299999713897705,1.0399999618530273,1.0199999809265137,1.0199999809265137,33157.0
2026-08-05 13:30:00,OTTR,,91.69000244140625,91.69000244140625,91.62999725341797,91.62999725341797,2113.0
2026-08-05 13:30:00,OVID,,2.5899999141693115,2.5899999141693115,2.5850000381469727,2.5850000381469727,19114.0
2026-08-05 13:30:00,OXLC,,9.145000457763672,9.145000457763672,9.145000457763672,9.145000457763672,1695.0
2026-08-05 13:30:00,OXSQ,,1.5049999952316284,1.5099999904632568,1.5,1.5049999952316284,2018.0
2026-08-05 13:30:00,PAA,,23.174999237060547,23.174999237060547,23.170000076293945,23.170000076293945,2318.0
2026-08-05 13:30:00,PAAS,,47.970001220703125,47.97999954223633,47.94499969482422,47.970001220703125,4141.0
2026-08-05 13:30:00,PACB,,1.3550000190734863,1.3550000190734863,1.350000023841858,1.350000023841858,1569.0
2026-08-05 13:30:00,PAGP,,25.125,25.125,25.125,25.125,1125.0
2026-08-05 13:30:00,PALI,,2.140000104904175,2.140000104904175,2.140000104904175,2.140000104904175,741.0
2026-08-05 13:30:00,PANL,,7.224999904632568,7.230000019073486,7.224999904632568,7.230000019073486,1389.0
2026-08-05 13:30:00,PANW,,365.6890869140625,365.6890869140625,365.29998779296875,365.55999755859375,9622.0
2026-08-05 13:30:00,PATK,,88.18499755859375,88.18499755859375,88.16000366210938,88.16000366210938,1530.0
2026-08-05 13:30:00,PAX,,11.404999732971191,11.404999732971191,11.404999732971191,11.404999732971191,370.0
2026-08-05 13:30:00,PAYO,,7.125,7.125,7.125,7.125,909.0
2026-08-05 13:30:00,PAYS,,9.15999984741211,9.15999984741211,9.15999984741211,9.15999984741211,268.0
2026-08-05 13:30:00,PAYX,,117.38999938964844,117.38999938964844,117.34500122070312,117.37999725341797,2678.0
2026-08-05 13:30:00,PBYI,,8.0,8.0,8.0,8.0,2444.0
2026-08-05 13:30:00,PCAR,,134.38999938964844,134.38999938964844,134.2899932861328,134.2899932861328,3816.0
2026-08-05 13:30:00,PCRX,,24.760000228881836,24.760000228881836,24.594999313354492,24.594999313354492,2770.0
2026-08-05 13:30:00,PCT,,6.885000228881836,6.885000228881836,6.875,6.880000114440918,7823.0
2026-08-05 13:30:00,PCTY,,145.0800018310547,145.0800018310547,145.0800018310547,145.0800018310547,473.0
2026-08-05 13:30:00,PCYO,,10.562600135803223,10.562600135803223,10.562600135803223,10.562600135803223,133.0
2026-08-05 13:30:00,PDD,,90.97000122070312,90.98999786376953,90.94999694824219,90.94999694824219,9330.0
2026-08-05 13:30:00,PDFS,,50.164398193359375,50.164398193359375,50.164398193359375,50.164398193359375,528.0
2026-08-05 13:30:00,PDSB,,0.7093999981880188,0.7093999981880188,0.7093999981880188,0.7093999981880188,200.0
2026-08-05 13:30:00,PEGA,,31.809999465942383,31.809999465942383,31.780000686645508,31.780000686645508,3513.0
2026-08-05 13:30:00,PENN,,19.854999542236328,19.854999542236328,19.854999542236328,19.854999542236328,3078.0
2026-08-05 13:30:00,PEP,,138.58999633789062,138.6649932861328,138.55999755859375,138.63999938964844,12767.0
2026-08-05 13:30:00,PEPG,,1.9789999723434448,1.9800000190734863,1.940000057220459,1.940000057220459,36424.0
2026-08-05 13:30:00,PERI,,9.5600004196167,9.5600004196167,9.5600004196167,9.5600004196167,280.0
2026-08-05 13:30:00,PESI,,17.800500869750977,17.800500869750977,17.800500869750977,17.800500869750977,184.0
2026-08-05 13:30:00,PFG,,114.14250183105469,114.14250183105469,114.14250183105469,114.14250183105469,226.0
2026-08-05 13:30:00,PGEN,,6.875,6.875,6.864999771118164,6.875,28836.0
2026-08-05 13:30:00,PGNY,,31.760000228881836,31.760000228881836,31.760000228881836,31.760000228881836,1589.0
2026-08-05 13:30:00,PGY,,21.739999771118164,21.75,21.690000534057617,21.700000762939453,18429.0
2026-08-05 13:30:00,PHAT,,8.454999923706055,8.454999923706055,8.454999923706055,8.454999923706055,497.0
2026-08-05 13:30:00,PLAB,,32.0,32.0,32.0,32.0,340.0
2026-08-05 13:30:00,PLBY,,1.1399999856948853,1.1399999856948853,1.1399999856948853,1.1399999856948853,6564.0
2026-08-05 13:30:00,PLPC,,463.94500732421875,463.94500732421875,463.94500732421875,463.94500732421875,138.0
2026-08-05 13:30:00,PLRX,,1.059999942779541,1.0611000061035156,1.059999942779541,1.0611000061035156,547.0
2026-08-05 13:30:00,PLSE,,37.29999923706055,37.29999923706055,37.29999923706055,37.29999923706055,102.0
2026-08-05 13:30:00,PLTK,,3.934999942779541,3.934999942779541,3.934999942779541,3.934999942779541,597.0
2026-08-05 13:30:00,PLUG,,2.0850000381469727,2.0899999141693115,2.0799999237060547,2.0850000381469727,38737.0
2026-08-05 13:30:00,PLXS,,275.70001220703125,276.0199890136719,275.70001220703125,275.7099914550781,2742.0
2026-08-05 13:30:00,PNBK,,1.1299999952316284,1.1299999952316284,1.1299999952316284,1.1299999952316284,508.0
2026-08-05 13:30:00,PNFP,,107.77999877929688,107.79000091552734,107.77999877929688,107.79000091552734,1804.0
2026-08-05 13:30:00,POET,,8.345000267028809,8.350000381469727,8.345000267028809,8.350000381469727,7409.0
2026-08-05 13:30:00,POOL,,205.49000549316406,205.49000549316406,205.49000549316406,205.49000549316406,508.0
2026-08-05 13:30:00,POWI,,61.755001068115234,61.755001068115234,61.755001068115234,61.755001068115234,243.0
2026-08-05 13:30:00,POWL,,212.35989379882812,212.35989379882812,212.039306640625,212.08999633789062,2343.0
2026-08-05 13:30:00,PPTA,,22.329999923706055,22.389999389648438,22.329999923706055,22.385000228881836,5654.0
2026-08-05 13:30:00,PRAA,,17.375,17.375,17.375,17.375,108.0
2026-08-05 13:30:00,PRAX,,317.42999267578125,317.7699890136719,317.42999267578125,317.43499755859375,734.0
2026-08-05 13:30:00,PRCH,,15.854999542236328,15.869999885559082,15.854999542236328,15.869999885559082,919.0
2026-08-05 13:30:00,PRCT,,18.78499984741211,18.799999237060547,18.700000762939453,18.790000915527344,7856.0
2026-08-05 13:30:00,PRE,,18.604999542236328,18.604999542236328,18.604999542236328,18.604999542236328,415.0
2026-08-05 13:30:00,PRGS,,42.150001525878906,42.150001525878906,42.13999938964844,42.150001525878906,2046.0
2026-08-05 13:30:00,PRIM,,85.26000213623047,85.38999938964844,85.15579986572266,85.38999938964844,2699.0
2026-08-05 13:30:00,PRME,,3.075000047683716,3.075000047683716,3.075000047683716,3.075000047683716,1278.0
2026-08-05 13:30:00,PRQR,,1.9049999713897705,1.9049999713897705,1.9049999713897705,1.9049999713897705,105.0
2026-08-05 13:30:00,PRTH,,6.610000133514404,6.610000133514404,6.610000133514404,6.610000133514404,112.0
2026-08-05 13:30:00,PRVA,,24.360000610351562,24.360000610351562,24.350000381469727,24.360000610351562,2087.0
2026-08-05 13:30:00,PSEC,,2.190000057220459,2.190000057220459,2.184999942779541,2.190000057220459,12921.0
2026-08-05 13:30:00,PSMT,,192.4600067138672,192.4600067138672,192.4600067138672,192.4600067138672,500.0
2026-08-05 13:30:00,PSNL,,13.479999542236328,13.479999542236328,13.479999542236328,13.479999542236328,1063.0
2026-08-05 13:30:00,PSNY,,14.1899995803833,14.1899995803833,14.1899995803833,14.1899995803833,1106.0
2026-08-05 13:30:00,PTC,,140.02499389648438,140.02499389648438,139.97000122070312,139.97000122070312,1612.0
2026-08-05 13:30:00,PTCT,,68.94000244140625,68.94000244140625,68.94000244140625,68.94000244140625,617.0
2026-08-05 13:30:00,PTEN,,9.795000076293945,9.800000190734863,9.795000076293945,9.795000076293945,4916.0
2026-08-05 13:30:00,PTGX,,136.63999938964844,136.75999450683594,136.63999938964844,136.6999969482422,1208.0
2026-08-05 13:30:00,PTLO,,4.644999980926514,4.644999980926514,4.644999980926514,4.644999980926514,1058.0
2026-08-05 13:30:00,PTON,,6.489999771118164,6.494999885559082,6.489999771118164,6.494999885559082,3336.0
2026-08-05 13:30:00,PUBM,,13.399999618530273,13.399999618530273,13.390000343322754,13.390000343322754,4474.0
2026-08-05 13:30:00,PWP,,17.3700008392334,17.3700008392334,17.354999542236328,17.354999542236328,498.0
2026-08-05 13:30:00,PYPL,,58.2599983215332,58.2599983215332,58.22999954223633,58.244998931884766,6241.0
2026-08-05 13:30:00,PZZA,,30.09000015258789,30.12969970703125,30.09000015258789,30.1200008392334,7688.0
2026-08-05 13:30:00,QCOM,,157.61500549316406,157.6699981689453,157.5500030517578,157.61500549316406,8621.0
2026-08-05 13:30:00,QFIN,,13.1899995803833,13.199999809265137,13.1899995803833,13.199999809265137,1714.0
2026-08-05 13:30:00,QQQX,,30.424999237060547,30.424999237060547,30.424999237060547,30.424999237060547,123.0
2026-08-05 13:30:00,QRVO,,94.58000183105469,94.58000183105469,94.45999908447266,94.45999908447266,2750.0
2026-08-05 13:30:00,SEED,,1.0299999713897705,1.0299999713897705,1.0299999713897705,1.0299999713897705,549.0
2026-08-05 13:30:00,STIM,,2.2799999713897705,2.2799999713897705,2.2750000953674316,2.2750000953674316,1803.0
2026-08-05 13:30:00,TARA,,4.030099868774414,4.039999961853027,4.03000020980835,4.034999847412109,911.0
2026-08-05 13:31:00,ACDC,,4.420000076293945,4.420000076293945,4.414999961853027,4.414999961853027,2315.0
2026-08-05 13:31:00,BPOP,,177.40499877929688,177.40499877929688,177.40499877929688,177.40499877929688,1699.0
2026-08-05 13:31:00,EYE,,23.204999923706055,23.204999923706055,23.204999923706055,23.204999923706055,460.0
2026-08-05 13:31:00,FIZZ,,32.11000061035156,32.11000061035156,32.095001220703125,32.095001220703125,1079.0
2026-08-05 13:31:00,GLUE,,15.579999923706055,15.59000015258789,15.579999923706055,15.59000015258789,539.0
2026-08-05 13:31:00,KITT,,1.027999997138977,1.027999997138977,1.027999997138977,1.027999997138977,584.0
2026-08-05 13:31:00,KTTAW,,0.007899999618530273,0.007899999618530273,0.007899999618530273,0.007899999618530273,10000.0
2026-08-05 13:31:00,LUNG,,2.005000114440918,2.005000114440918,1.9950000047683716,2.0,1543.0
2026-08-05 13:31:00,MBRX,,0.3968999981880188,0.4032000005245209,0.3968999981880188,0.4032000005245209,9474.0
2026-08-05 13:31:00,MDB,,373.92999267578125,374.30499267578125,373.92999267578125,374.30499267578125,549.0
2026-08-05 13:31:00,MDLZ,,62.599998474121094,62.625,62.59000015258789,62.61000061035156,11296.0
2026-08-05 13:31:00,MLTX,,17.75,17.760000228881836,17.75,17.760000228881836,1012.0
2026-08-05 13:31:00,MNPR,,119.66999816894531,119.66999816894531,119.66999816894531,119.66999816894531,824.0
2026-08-05 13:31:00,MNRO,,13.25,13.25,13.25,13.25,2701.0
2026-08-05 13:31:00,MNST,,94.51000213623047,94.5199966430664,94.48999786376953,94.48999786376953,2810.0
2026-08-05 13:31:00,MOVE,,12.020000457763672,12.020000457763672,12.020000457763672,12.020000457763672,151.0
2026-08-05 13:31:00,MPWR,,1340.699951171875,1340.9100341796875,1337.77001953125,1337.8699951171875,1951.0
2026-08-05 13:31:00,MRNA,,56.61000061035156,56.619998931884766,56.58000183105469,56.59000015258789,7038.0
2026-08-05 13:31:00,MYPS,,0.7260000109672546,0.7260000109672546,0.7260000109672546,0.7260000109672546,445.0
2026-08-05 13:31:00,NAMS,,27.684999465942383,27.684999465942383,27.68000030517578,27.68000030517578,468.0
2026-08-05 13:31:00,NAVI,,9.180000305175781,9.180000305175781,9.180000305175781,9.180000305175781,596.0
2026-08-05 13:31:00,NB,,5.079999923706055,5.079999923706055,5.065000057220459,5.065000057220459,5110.0
2026-08-05 13:31:00,NDAQ,,94.94000244140625,94.94000244140625,94.9000015258789,94.91999816894531,1467.0
2026-08-05 13:31:00,NEGG,,16.68000030517578,16.68000030517578,16.68000030517578,16.68000030517578,2162.0
2026-08-05 13:31:00,NEO,,16.030000686645508,16.03499984741211,16.030000686645508,16.03499984741211,1086.0
2026-08-05 13:31:00,NEOV,,2.8399999141693115,2.8499999046325684,2.8399999141693115,2.845900058746338,3476.0
2026-08-05 13:31:00,NESR,,28.760000228881836,28.760000228881836,28.760000228881836,28.760000228881836,343.0
2026-08-05 13:31:00,NEWT,,15.055000305175781,15.055000305175781,15.055000305175781,15.055000305175781,186.0
2026-08-05 13:31:00,NEXT,,6.445000171661377,6.445000171661377,6.445000171661377,6.445000171661377,1845.0
2026-08-05 13:31:00,NFLX,,73.45500183105469,73.51000213623047,73.45010375976562,73.51000213623047,27141.0
2026-08-05 13:31:00,NHTC,,1.6399999856948853,1.6399999856948853,1.6399999856948853,1.6399999856948853,375.0
2026-08-05 13:31:00,NIU,,2.4649999141693115,2.4649999141693115,2.4649999141693115,2.4649999141693115,200.0
2026-08-05 13:31:00,NMFC,,7.335000038146973,7.335000038146973,7.335000038146973,7.335000038146973,656.0
2026-08-05 13:31:00,NMIH,,44.56999969482422,44.56999969482422,44.56999969482422,44.56999969482422,790.0
2026-08-05 13:31:00,NMRK,,15.694999694824219,15.694999694824219,15.694999694824219,15.694999694824219,478.0
2026-08-05 13:31:00,NN,,14.365300178527832,14.390000343322754,14.34000015258789,14.35949993133545,17194.0
2026-08-05 13:31:00,NNBR,,3.8673999309539795,3.869999885559082,3.8399999141693115,3.8399999141693115,9381.0
2026-08-05 13:31:00,NNDM,,1.5299999713897705,1.5299999713897705,1.5299999713897705,1.5299999713897705,200.0
2026-08-05 13:31:00,NPCE,,13.354999542236328,13.354999542236328,13.354999542236328,13.354999542236328,138.0
2026-08-05 13:31:00,NRC,,19.579999923706055,19.59000015258789,19.53499984741211,19.53499984741211,938.0
2026-08-05 13:31:00,NRDS,,9.154999732971191,9.154999732971191,9.149999618530273,9.149999618530273,1983.0
2026-08-05 13:31:00,NRIX,,25.0,25.0,25.0,25.0,249.0
2026-08-05 13:31:00,NRXP,,3.0696001052856445,3.0696001052856445,3.0696001052856445,3.0696001052856445,894.0
2026-08-05 13:31:00,NTAP,,190.27999877929688,190.27999877929688,190.125,190.125,4167.0
2026-08-05 13:31:00,NTNX,,60.779998779296875,60.79999923706055,60.77000045776367,60.79999923706055,1557.0
2026-08-05 13:31:00,NTRA,,274.510009765625,274.510009765625,274.3900146484375,274.5050048828125,3260.0
2026-08-05 13:31:00,NTRS,,183.8800048828125,183.88999938964844,183.8800048828125,183.88999938964844,568.0
2026-08-05 13:31:00,NUWE,,1.7000000476837158,1.7000000476837158,1.6990000009536743,1.6990000009536743,4588.0
2026-08-05 13:31:00,NVAX,,7.625,7.625,7.625,7.625,414.0
2026-08-05 13:31:00,NVCR,,16.079999923706055,16.079999923706055,16.079999923706055,16.079999923706055,1108.0
2026-08-05 13:31:00,NVCT,,20.21500015258789,20.21500015258789,20.21500015258789,20.21500015258789,101.0
2026-08-05 13:31:00,NVDA,,220.91000366210938,220.99000549316406,220.80999755859375,220.92999267578125,203169.0
2026-08-05 13:31:00,NVEC,,129.42999267578125,129.42999267578125,129.42999267578125,129.42999267578125,1430.0
2026-08-05 13:31:00,NVTS,,12.489899635314941,12.489999771118164,12.460000038146973,12.460000038146973,4852.0
2026-08-05 13:31:00,NWBI,,15.96500015258789,15.96500015258789,15.96500015258789,15.96500015258789,432.0
2026-08-05 13:31:00,NWE,,68.66999816894531,68.66999816894531,68.66999816894531,68.66999816894531,475.0
2026-08-05 13:31:00,NWL,,6.284999847412109,6.300000190734863,6.284999847412109,6.298999786376953,57202.0
2026-08-05 13:31:00,NWSA,,28.329999923706055,28.329999923706055,28.329999923706055,28.329999923706055,2180.0
2026-08-05 13:31:00,NXPI,,231.25999450683594,231.27999877929688,231.1300048828125,231.2100067138672,6021.0
2026-08-05 13:31:00,NXT,,98.9800033569336,99.05000305175781,98.9800033569336,99.05000305175781,2750.0
2026-08-05 13:31:00,OCC,,16.149999618530273,16.149999618530273,16.149999618530273,16.149999618530273,631.0
2026-08-05 13:31:00,OCGN,,1.2799999713897705,1.2899999618530273,1.2799999713897705,1.2899999618530273,1307.0
2026-08-05 13:31:00,OCS,,12.0,12.0,12.0,12.0,408.0
2026-08-05 13:31:00,OCUL,,8.574999809265137,8.574999809265137,8.574999809265137,8.574999809265137,1329.0
2026-08-05 13:31:00,ODD,,15.425000190734863,15.425000190734863,15.425000190734863,15.425000190734863,1201.0
2026-08-05 13:31:00,ODFL,,213.8000030517578,213.8000030517578,213.8000030517578,213.8000030517578,1816.0
2026-08-05 13:31:00,OESX,,14.613800048828125,14.613800048828125,14.613800048828125,14.613800048828125,727.0
2026-08-05 13:31:00,OFIX,,10.470000267028809,10.470000267028809,10.470000267028809,10.470000267028809,594.0
2026-08-05 13:31:00,OKTA,,148.0850067138672,148.1750030517578,148.0800018310547,148.1750030517578,3211.0
2026-08-05 13:31:00,OLLI,,78.20999908447266,78.23999786376953,78.20999908447266,78.23999786376953,2455.0
2026-08-05 13:31:00,OMH,,0.1151999980211258,0.1151999980211258,0.1151999980211258,0.1151999980211258,4470.0
2026-08-05 13:31:00,ON,,77.58999633789062,77.58999633789062,77.51000213623047,77.55999755859375,10859.0
2026-08-05 13:31:00,ONB,,27.03499984741211,27.03499984741211,27.03499984741211,27.03499984741211,3036.0
2026-08-05 13:31:00,ONDS,,8.925000190734863,8.930000305175781,8.899999618530273,8.90999984741211,311906.0
2026-08-05 13:31:00,ONFO,,0.07289999723434448,0.07329999655485153,0.07249999791383743,0.07329999655485153,85146.0
2026-08-05 13:31:00,ONMD,,0.6610999703407288,0.6620000004768372,0.6610000133514404,0.6618000268936157,10000.0
2026-08-05 13:31:00,OPCH,,23.454999923706055,23.469999313354492,23.454999923706055,23.469999313354492,2174.0
2026-08-05 13:31:00,OPEN,,3.819999933242798,3.8299999237060547,3.819999933242798,3.8299999237060547,54425.0
2026-08-05 13:31:00,OPHC,,8.555000305175781,8.555000305175781,8.555000305175781,8.555000305175781,203.0
2026-08-05 13:31:00,OPK,,1.315000057220459,1.3200000524520874,1.315000057220459,1.315000057220459,5099.0
2026-08-05 13:31:00,OPRX,,6.900000095367432,6.900000095367432,6.900000095367432,6.900000095367432,868.0
2026-08-05 13:31:00,ORIC,,13.039999961853027,13.050000190734863,12.989999771118164,12.989999771118164,14232.0
2026-08-05 13:31:00,ORLY,,93.41000366210938,93.41999816894531,93.36000061035156,93.37000274658203,7285.0
2026-08-05 13:31:00,ORRF,,43.310001373291016,43.310001373291016,43.310001373291016,43.310001373291016,1268.0
2026-08-05 13:31:00,OSIS,,236.88999938964844,236.88999938964844,236.8699951171875,236.8699951171875,321.0
2026-08-05 13:31:00,OSS,,13.916999816894531,13.916999816894531,13.916999816894531,13.916999816894531,246.0
2026-08-05 13:31:00,OSUR,,4.125,4.125,4.125,4.125,648.0
2026-08-05 13:31:00,OSW,,26.520000457763672,26.520000457763672,26.520000457763672,26.520000457763672,281.0
2026-08-05 13:31:00,OTEX,,25.850000381469727,25.850000381469727,25.850000381469727,25.850000381469727,366.0
2026-08-05 13:31:00,OTLK,,1.034999966621399,1.0399999618530273,1.034999966621399,1.0399999618530273,7550.0
2026-08-05 13:31:00,OTTR,,91.6500015258789,91.6500015258789,91.6500015258789,91.6500015258789,1913.0
2026-08-05 13:31:00,OXSQ,,1.5099999904632568,1.5099999904632568,1.5099999904632568,1.5099999904632568,570.0
2026-08-05 13:31:00,PAA,,23.174999237060547,23.174999237060547,23.165000915527344,23.165000915527344,1824.0
2026-08-05 13:31:00,PAAS,,47.95000076293945,47.97999954223633,47.91999816894531,47.97999954223633,5565.0
2026-08-05 13:31:00,PACB,,1.350100040435791,1.3598999977111816,1.350000023841858,1.3550000190734863,49092.0
2026-08-05 13:31:00,PAGP,,25.135000228881836,25.135000228881836,25.1299991607666,25.1299991607666,1279.0
2026-08-05 13:31:00,PALI,,2.134999990463257,2.140000104904175,2.130199909210205,2.130199909210205,8014.0
2026-08-05 13:31:00,PANW,,365.43499755859375,365.4700012207031,365.4100036621094,365.4700012207031,2002.0
2026-08-05 13:31:00,PAVS,,4.872900009155273,4.872900009155273,4.872900009155273,4.872900009155273,288.0
2026-08-05 13:31:00,PAX,,11.404999732971191,11.404999732971191,11.404999732971191,11.404999732971191,405.0
2026-08-05 13:31:00,PAYO,,7.125,7.130000114440918,7.125,7.125,459.0
2026-08-05 13:31:00,PAYX,,117.37999725341797,117.37999725341797,117.37000274658203,117.37000274658203,2315.0
2026-08-05 13:31:00,PBYI,,8.0,8.0,8.0,8.0,375.0
2026-08-05 13:31:00,PCAR,,134.38999938964844,134.38999938964844,134.33999633789062,134.33999633789062,3396.0
2026-08-05 13:31:00,PCRX,,24.649999618530273,24.700000762939453,24.649999618530273,24.700000762939453,1591.0
2026-08-05 13:31:00,PCT,,6.885000228881836,6.885000228881836,6.885000228881836,6.885000228881836,2511.0
2026-08-05 13:31:00,PCTY,,145.1199951171875,145.1199951171875,145.1199951171875,145.1199951171875,251.0
2026-08-05 13:31:00,PDD,,90.94499969482422,90.98500061035156,90.94499969482422,90.98500061035156,4460.0
2026-08-05 13:31:00,PDLB,,20.450000762939453,20.450000762939453,20.450000762939453,20.450000762939453,123.0
2026-08-05 13:31:00,PEBO,,41.72999954223633,41.744998931884766,41.72999954223633,41.744998931884766,954.0
2026-08-05 13:31:00,PECO,,41.275001525878906,41.275001525878906,41.275001525878906,41.275001525878906,255.0
2026-08-05 13:31:00,PEGA,,31.790000915527344,31.799999237060547,31.78499984741211,31.799999237060547,2009.0
2026-08-05 13:31:00,PEP,,138.64999389648438,138.66000366210938,138.59500122070312,138.60000610351562,5137.0
2026-08-05 13:31:00,PEPG,,1.975000023841858,1.975000023841858,1.9700000286102295,1.9700000286102295,1406.0
2026-08-05 13:31:00,PERI,,9.5600004196167,9.5600004196167,9.5600004196167,9.5600004196167,226.0
2026-08-05 13:31:00,PESI,,17.825000762939453,17.825000762939453,17.825000762939453,17.825000762939453,4465.0
2026-08-05 13:31:00,PFG,,114.1500015258789,114.1500015258789,114.1500015258789,114.1500015258789,649.0
2026-08-05 13:31:00,PGEN,,6.84499979019165,6.869999885559082,6.835000038146973,6.869999885559082,32945.0
2026-08-05 13:31:00,PGY,,21.729999542236328,21.75,21.729999542236328,21.739999771118164,2452.0
2026-08-05 13:31:00,PHAT,,8.45580005645752,8.45580005645752,8.45580005645752,8.45580005645752,687.0
2026-08-05 13:31:00,PHVS,,33.54999923706055,33.54999923706055,33.529998779296875,33.529998779296875,411.0
2026-08-05 13:31:00,PLAB,,32.0,32.0,32.0,32.0,820.0
2026-08-05 13:31:00,PLMR,,134.63999938964844,134.63999938964844,134.63999938964844,134.63999938964844,1499.0
2026-08-05 13:31:00,PLRX,,1.059999942779541,1.059999942779541,1.059999942779541,1.059999942779541,7280.0
2026-08-05 13:31:00,PLSE,,37.185001373291016,37.185001373291016,37.185001373291016,37.185001373291016,296.0
2026-08-05 13:31:00,PLUG,,2.0822999477386475,2.0899999141693115,2.0799999237060547,2.0850000381469727,26466.0
2026-08-05 13:31:00,PNBK,,1.1349999904632568,1.1349999904632568,1.1349999904632568,1.1349999904632568,294.0
2026-08-05 13:31:00,PNTG,,38.994998931884766,39.0,38.96390151977539,38.96390151977539,840.0
2026-08-05 13:31:00,POET,,8.35990047454834,8.35990047454834,8.350000381469727,8.354999542236328,4012.0
2026-08-05 13:31:00,POWI,,61.849998474121094,61.849998474121094,61.849998474121094,61.849998474121094,1004.0
2026-08-05 13:31:00,POWL,,212.5,212.5,212.1300048828125,212.1300048828125,751.0
2026-08-05 13:31:00,PPC,,26.399999618530273,26.399999618530273,26.399999618530273,26.399999618530273,621.0
2026-08-05 13:31:00,PPTA,,22.290000915527344,22.309999465942383,22.290000915527344,22.309999465942383,905.0
2026-08-05 13:31:00,PRAA,,17.375,17.375,17.375,17.375,520.0
2026-08-05 13:31:00,PRAX,,316.8999938964844,317.42498779296875,316.8999938964844,317.42498779296875,564.0
2026-08-05 13:31:00,PRCH,,15.854999542236328,15.854999542236328,15.854999542236328,15.854999542236328,396.0
2026-08-05 13:31:00,PRCT,,18.799999237060547,18.80500030517578,18.770000457763672,18.770000457763672,1606.0
2026-08-05 13:31:00,PRGS,,42.189998626708984,42.189998626708984,42.189998626708984,42.189998626708984,141.0
2026-08-05 13:31:00,PRIM,,85.3499984741211,85.4000015258789,85.19000244140625,85.19999694824219,2328.0
2026-08-05 13:31:00,PRLD,,4.579999923706055,4.579999923706055,4.579999923706055,4.579999923706055,644.0
2026-08-05 13:31:00,PRME,,3.075000047683716,3.075000047683716,3.075000047683716,3.075000047683716,4605.0
2026-08-05 13:31:00,PRQR,,1.909999966621399,1.909999966621399,1.909999966621399,1.909999966621399,103.0
2026-08-05 13:31:00,PRTA,,8.5,8.520000457763672,8.5,8.520000457763672,3875.0
2026-08-05 13:31:00,PRTH,,6.605000019073486,6.610000133514404,6.605000019073486,6.610000133514404,605.0
2026-08-05 13:31:00,PRVA,,24.350000381469727,24.350000381469727,24.344999313354492,24.350000381469727,1269.0
2026-08-05 13:31:00,PSEC,,2.184999942779541,2.190000057220459,2.180000066757202,2.180000066757202,5663.0
2026-08-05 13:31:00,PSNL,,13.479999542236328,13.479999542236328,13.479999542236328,13.479999542236328,573.0
2026-08-05 13:31:00,PTCT,,68.88500213623047,68.91999816894531,68.88500213623047,68.88999938964844,1291.0
2026-08-05 13:31:00,PTEN,,9.800000190734863,9.800000190734863,9.795000076293945,9.800000190734863,37256.0
2026-08-05 13:31:00,PTGX,,136.5,136.67999267578125,136.5,136.67999267578125,585.0
2026-08-05 13:31:00,PTLO,,4.644999980926514,4.650000095367432,4.644999980926514,4.650000095367432,885.0
2026-08-05 13:31:00,PTON,,6.494999885559082,6.494999885559082,6.489999771118164,6.494999885559082,4857.0
2026-08-05 13:31:00,PWP,,17.34000015258789,17.360000610351562,17.34000015258789,17.360000610351562,571.0
2026-08-05 13:31:00,PYPD,,4.554999828338623,4.554999828338623,4.554999828338623,4.554999828338623,179.0
2026-08-05 13:31:00,PYPL,,58.25,58.26499938964844,58.25,58.26499938964844,8701.0
2026-08-05 13:31:00,PYXS,,3.1600000858306885,3.190000057220459,3.1600000858306885,3.190000057220459,24737.0
2026-08-05 13:31:00,PZZA,,30.09000015258789,30.09000015258789,30.09000015258789,30.09000015258789,1102.0
2026-08-05 13:31:00,QCOM,,157.83999633789062,157.83999633789062,157.61500549316406,157.61500549316406,9420.0
2026-08-05 13:31:00,QFIN,,13.1899995803833,13.1899995803833,13.1899995803833,13.1899995803833,1527.0
2026-08-05 13:31:00,QRVO,,94.63999938964844,94.63999938964844,94.58000183105469,94.58000183105469,2348.0
2026-08-05 13:31:00,SEED,,1.0299999713897705,1.0299999713897705,1.010699987411499,1.010699987411499,510.0
2026-08-05 13:31:00,STIM,,2.2850000858306885,2.2850000858306885,2.2850000858306885,2.2850000858306885,1156.0
2026-08-05 13:31:00,STKS,,1.75,1.75,1.75,1.75,179.0
2026-08-05 13:31:00,WOOF,,2.940000057220459,2.940000057220459,2.940000057220459,2.940000057220459,3146.0
2026-08-05 13:32:00,ACDC,,4.414999961853027,4.414999961853027,4.414999961853027,4.414999961853027,2668.0
2026-08-05 13:32:00,EYE,,23.209999084472656,23.209999084472656,23.204999923706055,23.204999923706055,2207.0
2026-08-05 13:32:00,GLUE,,15.59000015258789,15.59000015258789,15.59000015258789,15.59000015258789,392.0
2026-08-05 13:32:00,KIDS,,21.4950008392334,21.4950008392334,21.4950008392334,21.4950008392334,272.0
2026-08-05 13:32:00,MBRX,,0.39320001006126404,0.3955000042915344,0.39320001006126404,0.3955000042915344,14233.0
2026-08-05 13:32:00,MCRI,,123.83000183105469,123.83000183105469,123.83000183105469,123.83000183105469,1477.0
2026-08-05 13:32:00,MDB,,373.42999267578125,373.7099914550781,373.42999267578125,373.7099914550781,375.0
2026-08-05 13:32:00,MDLZ,,62.57500076293945,62.60499954223633,62.56999969482422,62.60499954223633,8976.0
2026-08-05 13:32:00,MLTX,,17.7450008392334,17.7450008392334,17.7450008392334,17.7450008392334,1251.0
2026-08-05 13:32:00,MNST,,94.56500244140625,94.56999969482422,94.5,94.51000213623047,9033.0
2026-08-05 13:32:00,MNTS,,4.269999980926514,4.269999980926514,4.25,4.258200168609619,7415.0
2026-08-05 13:32:00,MPWR,,1338.8399658203125,1340.280029296875,1338.8399658203125,1340.280029296875,739.0
2026-08-05 13:32:00,MRNA,,56.68000030517578,56.68000030517578,56.625,56.630001068115234,2410.0
2026-08-05 13:32:00,MYGN,,3.125,3.130000114440918,3.125,3.130000114440918,3841.0
2026-08-05 13:32:00,NAMS,,27.68000030517578,27.690000534057617,27.68000030517578,27.684999465942383,638.0
2026-08-05 13:32:00,NAUT,,0.9386000037193298,0.9386000037193298,0.9386000037193298,0.9386000037193298,299.0
2026-08-05 13:32:00,NAVI,,9.1850004196167,9.1850004196167,9.175000190734863,9.175000190734863,2472.0
2026-08-05 13:32:00,NB,,5.079999923706055,5.079999923706055,5.074999809265137,5.074999809265137,2051.0
2026-08-05 13:32:00,NBIX,,163.4149932861328,163.50999450683594,163.4149932861328,163.50999450683594,1086.0
2026-08-05 13:32:00,NDAQ,,94.87999725341797,94.91000366210938,94.87999725341797,94.91000366210938,1435.0
2026-08-05 13:32:00,NDSN,,311.5400085449219,311.5400085449219,311.3949890136719,311.3949890136719,520.0
2026-08-05 13:32:00,NEO,,16.030000686645508,16.040000915527344,16.030000686645508,16.030000686645508,15996.0
2026-08-05 13:32:00,NEOG,,11.619999885559082,11.635000228881836,11.619999885559082,11.628000259399414,8922.0
2026-08-05 13:32:00,NEOV,,2.815000057220459,2.8350000381469727,2.815000057220459,2.8350000381469727,8958.0
2026-08-05 13:32:00,NESR,,28.7450008392334,28.760000228881836,28.735000610351562,28.735000610351562,1256.0
2026-08-05 13:32:00,NEWT,,15.055000305175781,15.0649995803833,15.055000305175781,15.0649995803833,1937.0
2026-08-05 13:32:00,NFE,,0.33799999952316284,0.33799999952316284,0.33799999952316284,0.33799999952316284,1394.0
2026-08-05 13:32:00,NFLX,,73.4749984741211,73.48999786376953,73.45999908447266,73.45999908447266,34023.0
2026-08-05 13:32:00,NGNE,,35.404998779296875,35.529998779296875,35.404998779296875,35.529998779296875,379.0
2026-08-05 13:32:00,NICE,,98.69999694824219,98.69999694824219,98.62999725341797,98.62999725341797,2090.0
2026-08-05 13:32:00,NIU,,2.4649999141693115,2.4649999141693115,2.4649999141693115,2.4649999141693115,10.0
2026-08-05 13:32:00,NKTR,,73.21499633789062,73.21499633789062,73.21499633789062,73.21499633789062,286.0
2026-08-05 13:32:00,NMIH,,44.540000915527344,44.560001373291016,44.540000915527344,44.560001373291016,3574.0
2026-08-05 13:32:00,NMRA,,1.6150000095367432,1.6150000095367432,1.6150000095367432,1.6150000095367432,1140.0
2026-08-05 13:32:00,NMRK,,15.6899995803833,15.6899995803833,15.6899995803833,15.6899995803833,1331.0
2026-08-05 13:32:00,NN,,14.359999656677246,14.380000114440918,14.329999923706055,14.369999885559082,14347.0
2026-08-05 13:32:00,NNBR,,3.875,3.875,3.869999885559082,3.875,3275.0
2026-08-05 13:32:00,NNDM,,1.534999966621399,1.534999966621399,1.534999966621399,1.534999966621399,444.0
2026-08-05 13:32:00,NOVT,,157.52499389648438,157.52499389648438,157.52499389648438,157.52499389648438,396.0
2026-08-05 13:32:00,NRDS,,9.137700080871582,9.14900016784668,9.137700080871582,9.14900016784668,2592.0
2026-08-05 13:32:00,NRIX,,25.0,25.0,25.0,25.0,155.0
2026-08-05 13:32:00,NSSC,,40.34000015258789,40.34000015258789,40.34000015258789,40.34000015258789,1741.0
2026-08-05 13:32:00,NTAP,,190.27999877929688,190.4199981689453,190.22999572753906,190.22999572753906,22285.0
2026-08-05 13:32:00,NTES,,127.65989685058594,127.65989685058594,127.65989685058594,127.65989685058594,883.0
2026-08-05 13:32:00,NTGR,,24.280000686645508,24.280000686645508,24.280000686645508,24.280000686645508,569.0
2026-08-05 13:32:00,NTNX,,60.790000915527344,60.79999923706055,60.77000045776367,60.775001525878906,5139.0
2026-08-05 13:32:00,NTRA,,274.19000244140625,274.29998779296875,274.19000244140625,274.29998779296875,1438.0
2026-08-05 13:32:00,NTRS,,183.9600067138672,183.96499633789062,183.9600067138672,183.9600067138672,501.0
2026-08-05 13:32:00,NUWE,,1.7100000381469727,1.7100000381469727,1.7000999450683594,1.7100000381469727,534.0
2026-08-05 13:32:00,NVAX,,7.639999866485596,7.639999866485596,7.630000114440918,7.630000114440918,3291.0
2026-08-05 13:32:00,NVCR,,16.06999969482422,16.06999969482422,16.06999969482422,16.06999969482422,1011.0
2026-08-05 13:32:00,NVCT,,20.21500015258789,20.21500015258789,20.21500015258789,20.21500015258789,307.0
2026-08-05 13:32:00,NVDA,,221.10000610351562,221.16000366210938,220.8699951171875,220.9250030517578,139652.0
2026-08-05 13:32:00,NVTS,,12.5,12.505000114440918,12.475000381469727,12.489999771118164,15546.0
2026-08-05 13:32:00,NVX,,0.40139999985694885,0.40139999985694885,0.40139999985694885,0.40139999985694885,768.0
2026-08-05 13:32:00,NWE,,68.62999725341797,68.6500015258789,68.62999725341797,68.6500015258789,1397.0
2026-08-05 13:32:00,NWL,,6.284999847412109,6.284999847412109,6.284999847412109,6.284999847412109,1060.0
2026-08-05 13:32:00,NWS,,32.31999969482422,32.33000183105469,32.31999969482422,32.33000183105469,1199.0
2026-08-05 13:32:00,NWSA,,28.31999969482422,28.329999923706055,28.30500030517578,28.309999465942383,20577.0
2026-08-05 13:32:00,NXPI,,231.44000244140625,231.44000244140625,231.14999389648438,231.24000549316406,2851.0
2026-08-05 13:32:00,NXST,,192.10000610351562,192.10000610351562,191.9499969482422,191.9499969482422,2236.0
2026-08-05 13:32:00,NXT,,99.08000183105469,99.08000183105469,98.90170288085938,99.0,4310.0
2026-08-05 13:32:00,OCFC,,19.889999389648438,19.889999389648438,19.889999389648438,19.889999389648438,113.0
2026-08-05 13:32:00,OCGN,,1.2799999713897705,1.2863999605178833,1.2799999713897705,1.2863999605178833,3293.0
2026-08-05 13:32:00,OCSL,,12.109999656677246,12.109999656677246,12.109999656677246,12.109999656677246,156.0
2026-08-05 13:32:00,OCUL,,8.574999809265137,8.574999809265137,8.574999809265137,8.574999809265137,921.0
2026-08-05 13:32:00,ODD,,15.4399995803833,15.4399995803833,15.40999984741211,15.422699928283691,2444.0
2026-08-05 13:32:00,ODFL,,213.7100067138672,213.7100067138672,213.7100067138672,213.7100067138672,751.0
2026-08-05 13:32:00,OFIX,,10.46500015258789,10.479999542236328,10.449999809265137,10.479999542236328,10418.0
2026-08-05 13:32:00,OKTA,,148.14500427246094,148.14500427246094,148.08999633789062,148.08999633789062,2022.0
2026-08-05 13:32:00,OMH,,0.1152999997138977,0.1152999997138977,0.1151999980211258,0.1151999980211258,12591.0
2026-08-05 13:32:00,ON,,77.66000366210938,77.66999816894531,77.55000305175781,77.58999633789062,57642.0
2026-08-05 13:32:00,ONB,,27.03499984741211,27.03499984741211,27.030000686645508,27.03499984741211,2508.0
2026-08-05 13:32:00,ONDS,,8.925000190734863,8.9350004196167,8.899999618530273,8.930000305175781,597012.0
2026-08-05 13:32:00,ONFO,,0.07289999723434448,0.07329999655485153,0.07289999723434448,0.07329999655485153,11742.0
2026-08-05 13:32:00,ONMD,,0.667900025844574,0.667900025844574,0.667900025844574,0.667900025844574,100.0
2026-08-05 13:32:00,OPBK,,15.819999694824219,15.819999694824219,15.819999694824219,15.819999694824219,283.0
2026-08-05 13:32:00,OPCH,,23.454999923706055,23.459999084472656,23.454999923706055,23.459999084472656,1672.0
2026-08-05 13:32:00,OPEN,,3.8299999237060547,3.8299999237060547,3.819999933242798,3.819999933242798,138252.0
2026-08-05 13:32:00,OPK,,1.315000057220459,1.3200000524520874,1.315000057220459,1.3200000524520874,1470.0
2026-08-05 13:32:00,OPRA,,19.889999389648438,19.889999389648438,19.889999389648438,19.889999389648438,396.0
2026-08-05 13:32:00,OPRT,,6.170000076293945,6.179999828338623,6.170000076293945,6.179999828338623,463.0
2026-08-05 13:32:00,OPRX,,6.909999847412109,6.909999847412109,6.909999847412109,6.909999847412109,309.0
2026-08-05 13:32:00,ORGO,,2.3399999141693115,2.3399999141693115,2.3399999141693115,2.3399999141693115,2005.0
2026-08-05 13:32:00,ORIC,,13.020000457763672,13.050000190734863,13.0,13.050000190734863,18334.0
2026-08-05 13:32:00,ORLY,,93.40499877929688,93.40499877929688,93.4000015258789,93.40499877929688,1570.0
2026-08-05 13:32:00,OSPN,,16.549999237060547,16.549999237060547,16.549999237060547,16.549999237060547,2079.0
2026-08-05 13:32:00,OSS,,14.005000114440918,14.005000114440918,13.949999809265137,13.949999809265137,6406.0
2026-08-05 13:32:00,OSUR,,4.125,4.125,4.125,4.125,617.0
2026-08-05 13:32:00,OSW,,26.520000457763672,26.520000457763672,26.520000457763672,26.520000457763672,1147.0
2026-08-05 13:32:00,OTEX,,25.885000228881836,25.885000228881836,25.844999313354492,25.844999313354492,5758.0
2026-08-05 13:32:00,OVID,,2.5999999046325684,2.5999999046325684,2.5999999046325684,2.5999999046325684,5040.0
2026-08-05 13:32:00,PAA,,23.170000076293945,23.170000076293945,23.170000076293945,23.170000076293945,202.0
2026-08-05 13:32:00,PAAS,,48.02000045776367,48.02000045776367,47.93000030517578,47.95000076293945,5376.0
2026-08-05 13:32:00,PACB,,1.3550000190734863,1.3600000143051147,1.350000023841858,1.350000023841858,23754.0
2026-08-05 13:32:00,PAGP,,25.1299991607666,25.1299991607666,25.1299991607666,25.1299991607666,1366.0
2026-08-05 13:32:00,PALI,,2.134999990463257,2.134999990463257,2.134999990463257,2.134999990463257,1360.0
2026-08-05 13:32:00,PANW,,364.9599914550781,365.25,364.94000244140625,365.25,6305.0
2026-08-05 13:32:00,PAX,,11.404999732971191,11.404999732971191,11.404999732971191,11.404999732971191,435.0
2026-08-05 13:32:00,PAYO,,7.125,7.125,7.119999885559082,7.119999885559082,427.0
2026-08-05 13:32:00,PBYI,,8.0,8.0,8.0,8.0,1404.0
2026-08-05 13:32:00,PCAR,,134.35000610351562,134.375,134.35000610351562,134.375,1776.0
2026-08-05 13:32:00,PCRX,,24.649999618530273,24.7450008392334,24.649999618530273,24.649999618530273,6065.0
2026-08-05 13:32:00,PCT,,6.885000228881836,6.885000228881836,6.885000228881836,6.885000228881836,459.0
2026-08-05 13:32:00,PCTY,,144.99000549316406,144.99000549316406,144.86000061035156,144.94000244140625,2040.0
2026-08-05 13:32:00,PDD,,90.95500183105469,90.95500183105469,90.94499969482422,90.94499969482422,990.0
2026-08-05 13:32:00,PECO,,41.275001525878906,41.275001525878906,41.2599983215332,41.2599983215332,960.0
2026-08-05 13:32:00,PEGA,,31.780000686645508,31.78499984741211,31.780000686645508,31.78499984741211,1080.0
2026-08-05 13:32:00,PENN,,19.860000610351562,19.8700008392334,19.860000610351562,19.860000610351562,4232.0
2026-08-05 13:32:00,PEP,,138.64999389648438,138.67999267578125,138.64500427246094,138.6699981689453,2900.0
2026-08-05 13:32:00,PERI,,9.550000190734863,9.550000190734863,9.550000190734863,9.550000190734863,268.0
2026-08-05 13:32:00,PFG,,114.20999908447266,114.22000122070312,114.19999694824219,114.19999694824219,4364.0
2026-08-05 13:32:00,PGEN,,6.84499979019165,6.849999904632568,6.835000038146973,6.840000152587891,16365.0
2026-08-05 13:32:00,PGY,,21.760000228881836,21.760000228881836,21.719999313354492,21.729999542236328,6680.0
2026-08-05 13:32:00,PHAT,,8.454999923706055,8.459699630737305,8.4350004196167,8.449999809265137,14127.0
2026-08-05 13:32:00,PHVS,,33.54999923706055,33.54999923706055,33.54999923706055,33.54999923706055,297.0
2026-08-05 13:32:00,PLPC,,466.94000244140625,466.94000244140625,466.760009765625,466.760009765625,189.0
2026-08-05 13:32:00,PLUG,,2.0850000381469727,2.0899999141693115,2.0799999237060547,2.0850000381469727,24190.0
2026-08-05 13:32:00,PNFP,,107.63999938964844,107.66999816894531,107.63999938964844,107.66999816894531,817.0
2026-08-05 13:32:00,PNTG,,38.97999954223633,38.97999954223633,38.97999954223633,38.97999954223633,1064.0
2026-08-05 13:32:00,POET,,8.364999771118164,8.364999771118164,8.359999656677246,8.359999656677246,4060.0
2026-08-05 13:32:00,POOL,,205.39999389648438,205.39999389648438,205.39999389648438,205.39999389648438,226.0
2026-08-05 13:32:00,POWI,,61.790000915527344,61.83000183105469,61.790000915527344,61.83000183105469,817.0
2026-08-05 13:32:00,POWL,,212.36000061035156,212.53500366210938,212.26519775390625,212.52999877929688,722.0
2026-08-05 13:32:00,PPC,,26.399999618530273,26.408000946044922,26.399999618530273,26.408000946044922,2493.0
2026-08-05 13:32:00,PPTA,,22.329999923706055,22.329999923706055,22.31999969482422,22.31999969482422,1056.0
2026-08-05 13:32:00,PRAX,,316.8949890136719,316.8949890136719,316.8949890136719,316.8949890136719,176.0
2026-08-05 13:32:00,PRCH,,15.845000267028809,15.845000267028809,15.845000267028809,15.845000267028809,630.0
2026-08-05 13:32:00,PRCT,,18.774999618530273,18.78499984741211,18.729999542236328,18.780000686645508,3903.0
2026-08-05 13:32:00,PRDO,,32.83000183105469,32.83000183105469,32.82500076293945,32.82500076293945,1431.0
2026-08-05 13:32:00,PRIM,,85.2300033569336,85.2300033569336,85.2300033569336,85.2300033569336,675.0
2026-08-05 13:32:00,PRME,,3.0799999237060547,3.0799999237060547,3.075000047683716,3.075000047683716,1837.0
2026-08-05 13:32:00,PROF,,8.069999694824219,8.069999694824219,8.069999694824219,8.069999694824219,228.0
2026-08-05 13:32:00,PROK,,1.6349999904632568,1.6349999904632568,1.6349999904632568,1.6349999904632568,2823.0
2026-08-05 13:32:00,PRQR,,1.9049999713897705,1.9071999788284302,1.9049999713897705,1.9071999788284302,2352.0
2026-08-05 13:32:00,PRVA,,24.350000381469727,24.350000381469727,24.350000381469727,24.350000381469727,1132.0
2026-08-05 13:32:00,PSEC,,2.184999942779541,2.190000057220459,2.180000066757202,2.184999942779541,1743.0
2026-08-05 13:32:00,PSNL,,13.470000267028809,13.470000267028809,13.470000267028809,13.470000267028809,1230.0
2026-08-05 13:32:00,PTCT,,68.9000015258789,68.94000244140625,68.9000015258789,68.91999816894531,3556.0
2026-08-05 13:32:00,PTEN,,9.795000076293945,9.795000076293945,9.795000076293945,9.795000076293945,6568.0
2026-08-05 13:32:00,PTGX,,136.38999938964844,136.38999938964844,136.38999938964844,136.38999938964844,931.0
2026-08-05 13:32:00,PTLO,,4.638199806213379,4.644999980926514,4.638199806213379,4.639999866485596,24943.0
2026-08-05 13:32:00,PTON,,6.489999771118164,6.494999885559082,6.489999771118164,6.494999885559082,3179.0
2026-08-05 13:32:00,PWP,,17.3700008392334,17.3700008392334,17.360000610351562,17.360000610351562,1189.0
2026-08-05 13:32:00,PYPL,,58.27000045776367,58.27000045776367,58.25,58.25,3329.0
2026-08-05 13:32:00,PYXS,,3.1772000789642334,3.1772000789642334,3.1600000858306885,3.1649999618530273,1736.0
2026-08-05 13:32:00,PZZA,,30.09000015258789,30.09000015258789,30.09000015258789,30.09000015258789,835.0
2026-08-05 13:32:00,QCOM,,157.82000732421875,157.8300018310547,157.73500061035156,157.77999877929688,25085.0
2026-08-05 13:32:00,QRVO,,94.66000366210938,94.66000366210938,94.63999938964844,94.63999938964844,844.0
2026-08-05 13:32:00,SEED,,1.0199999809265137,1.0199999809265137,1.0199999809265137,1.0199999809265137,594.0
2026-08-05 13:32:00,TARA,,4.034999847412109,4.039999961853027,4.034999847412109,4.039999961853027,419.0
2026-08-05 13:32:00,WOOF,,2.9600000381469727,2.9600000381469727,2.944999933242798,2.944999933242798,10149.0
2026-08-05 13:33:00,ACDC,,4.414999961853027,4.420000076293945,4.414999961853027,4.414999961853027,1194.0
2026-08-05 13:33:00,DTIL,,7.480000019073486,7.489999771118164,7.449999809265137,7.489999771118164,13840.0
2026-08-05 13:33:00,EYE,,23.219999313354492,23.219999313354492,23.209999084472656,23.209999084472656,686.0
2026-08-05 13:33:00,GLUE,,15.579999923706055,15.579999923706055,15.579999923706055,15.579999923706055,1505.0
2026-08-05 13:33:00,LUNG,,2.0,2.0,2.0,2.0,206.0
2026-08-05 13:33:00,MBRX,,0.39959999918937683,0.39959999918937683,0.3953000009059906,0.3953000009059906,9704.0
2026-08-05 13:33:00,MDB,,373.989990234375,373.989990234375,373.69500732421875,373.8699951171875,1255.0
2026-08-05 13:33:00,MDLZ,,62.564998626708984,62.61000061035156,62.55500030517578,62.57500076293945,51046.0
2026-08-05 13:33:00,MNPR,,119.52999877929688,119.52999877929688,119.52999877929688,119.52999877929688,1470.0
2026-08-05 13:33:00,MNRO,,13.260000228881836,13.260000228881836,13.260000228881836,13.260000228881836,1268.0
2026-08-05 13:33:00,MNST,,94.54000091552734,94.58499908447266,94.54000091552734,94.56999969482422,6432.0
2026-08-05 13:33:00,MNTS,,4.260000228881836,4.270100116729736,4.260000228881836,4.270100116729736,2054.0
2026-08-05 13:33:00,MODD,,2.0899999141693115,2.0899999141693115,2.0899999141693115,2.0899999141693115,175.0
2026-08-05 13:33:00,MOVE,,12.020000457763672,12.020000457763672,12.020000457763672,12.020000457763672,153.0
2026-08-05 13:33:00,MPWR,,1339.18505859375,1340.27001953125,1339.155029296875,1339.155029296875,251.0
2026-08-05 13:33:00,MRNA,,56.71989822387695,56.71989822387695,56.68000030517578,56.68000030517578,1336.0
2026-08-05 13:33:00,MYGN,,3.119999885559082,3.125,3.119999885559082,3.125,1710.0
2026-08-05 13:33:00,NAUT,,0.9388999938964844,0.9398000240325928,0.9388999938964844,0.9398000240325928,1224.0
2026-08-05 13:33:00,NAVI,,9.194999694824219,9.194999694824219,9.1899995803833,9.1899995803833,3188.0
2026-08-05 13:33:00,NB,,5.086599826812744,5.090000152587891,5.085000038146973,5.085000038146973,1651.0
2026-08-05 13:33:00,NBIX,,163.3800048828125,163.3800048828125,163.3800048828125,163.3800048828125,368.0
2026-08-05 13:33:00,NCMI,,4.125,4.125,4.125,4.125,337.0
2026-08-05 13:33:00,NCRA,,1.809999942779541,1.809999942779541,1.809999942779541,1.809999942779541,200.0
2026-08-05 13:33:00,NDAQ,,94.9000015258789,94.91000366210938,94.875,94.875,1893.0
2026-08-05 13:33:00,NDSN,,311.614990234375,311.614990234375,311.6099853515625,311.6099853515625,559.0
2026-08-05 13:33:00,NEGG,,16.8700008392334,16.8700008392334,16.8700008392334,16.8700008392334,188.0
2026-08-05 13:33:00,NEO,,16.024999618530273,16.024999618530273,16.024999618530273,16.024999618530273,2290.0
2026-08-05 13:33:00,NEOG,,11.614999771118164,11.619999885559082,11.609999656677246,11.619999885559082,3884.0
2026-08-05 13:33:00,NEON,,0.9415000081062317,0.9415000081062317,0.9415000081062317,0.9415000081062317,1013.0
2026-08-05 13:33:00,NEOV,,2.815000057220459,2.8155999183654785,2.815000057220459,2.8155999183654785,7817.0
2026-08-05 13:33:00,NESR,,28.770000457763672,28.770000457763672,28.770000457763672,28.770000457763672,690.0
2026-08-05 13:33:00,NFE,,0.33799999952316284,0.33799999952316284,0.33799999952316284,0.33799999952316284,0.0
2026-08-05 13:33:00,NFLX,,73.50499725341797,73.5198974609375,73.4800033569336,73.4800033569336,27676.0
2026-08-05 13:33:00,NICE,,99.20999908447266,99.20999908447266,98.69999694824219,98.69999694824219,3783.0
2026-08-05 13:33:00,NKTR,,73.27999877929688,73.27999877929688,73.27999877929688,73.27999877929688,835.0
2026-08-05 13:33:00,NMFC,,7.335000038146973,7.335000038146973,7.335000038146973,7.335000038146973,763.0
2026-08-05 13:33:00,NMIH,,44.540000915527344,44.540000915527344,44.540000915527344,44.540000915527344,2334.0
2026-08-05 13:33:00,NMRK,,15.710000038146973,15.710000038146973,15.6850004196167,15.6850004196167,3927.0
2026-08-05 13:33:00,NN,,14.34000015258789,14.359999656677246,14.34000015258789,14.359999656677246,3850.0
2026-08-05 13:33:00,NNBR,,3.875,3.875,3.869999885559082,3.875,662.0
2026-08-05 13:33:00,NNDM,,1.5499999523162842,1.5499999523162842,1.534999966621399,1.534999966621399,56192.0
2026-08-05 13:33:00,NOVT,,157.67999267578125,157.67999267578125,157.67999267578125,157.67999267578125,530.0
2026-08-05 13:33:00,NRDS,,9.135000228881836,9.135000228881836,9.135000228881836,9.135000228881836,482.0
2026-08-05 13:33:00,NRIM,,27.100000381469727,27.100000381469727,27.100000381469727,27.100000381469727,200.0
2026-08-05 13:33:00,NRIX,,25.0,25.049999237060547,25.0,25.049999237060547,238.0
2026-08-05 13:33:00,NTAP,,190.25999450683594,190.27999877929688,190.1699981689453,190.27999877929688,4591.0
2026-08-05 13:33:00,NTES,,127.64739990234375,127.64739990234375,127.6050033569336,127.6050033569336,1769.0
2026-08-05 13:33:00,NTNX,,60.81999969482422,60.81999969482422,60.790000915527344,60.790000915527344,3664.0
2026-08-05 13:33:00,NTRS,,183.91000366210938,183.91000366210938,183.91000366210938,183.91000366210938,1005.0
2026-08-05 13:33:00,NUWE,,1.7100000381469727,1.7100000381469727,1.7100000381469727,1.7100000381469727,1219.0
2026-08-05 13:33:00,NVAX,,7.639999866485596,7.639999866485596,7.639999866485596,7.639999866485596,2324.0
2026-08-05 13:33:00,NVCR,,16.010000228881836,16.049999237060547,16.010000228881836,16.049999237060547,7482.0
2026-08-05 13:33:00,NVCT,,20.25,20.25,20.25,20.25,200.0
2026-08-05 13:33:00,NVDA,,221.16990661621094,221.1999969482422,220.97000122070312,221.11000061035156,116383.0
2026-08-05 13:33:00,NVTS,,12.470000267028809,12.494999885559082,12.46500015258789,12.494999885559082,8405.0
2026-08-05 13:33:00,NWBI,,15.960000038146973,15.96500015258789,15.960000038146973,15.96500015258789,458.0
2026-08-05 13:33:00,NWL,,6.284999847412109,6.2895002365112305,6.284999847412109,6.2895002365112305,7806.0
2026-08-05 13:33:00,NWS,,32.34000015258789,32.34000015258789,32.34000015258789,32.34000015258789,357.0
2026-08-05 13:33:00,NWSA,,28.334999084472656,28.334999084472656,28.329999923706055,28.329999923706055,2068.0
2026-08-05 13:33:00,NXPI,,231.47999572753906,231.47999572753906,231.3000030517578,231.3000030517578,3494.0
2026-08-05 13:33:00,NXST,,192.0050048828125,192.0050048828125,192.0050048828125,192.0050048828125,873.0
2026-08-05 13:33:00,NXT,,99.03500366210938,99.03500366210938,99.02999877929688,99.02999877929688,1834.0
2026-08-05 13:33:00,OCFC,,19.885000228881836,19.885000228881836,19.885000228881836,19.885000228881836,1167.0
2026-08-05 13:33:00,OCGN,,1.288699984550476,1.2899999618530273,1.2799999713897705,1.2799999713897705,4661.0
2026-08-05 13:33:00,OCSL,,12.104999542236328,12.104999542236328,12.100000381469727,12.104999542236328,2930.0
2026-08-05 13:33:00,OCUL,,8.569999694824219,8.574999809265137,8.569999694824219,8.574999809265137,8389.0
2026-08-05 13:33:00,ODD,,15.425000190734863,15.425000190734863,15.40999984741211,15.420000076293945,1281.0
2026-08-05 13:33:00,ODFL,,213.80499267578125,213.80499267578125,213.6750030517578,213.6750030517578,1890.0
2026-08-05 13:33:00,OESX,,14.720000267028809,14.720000267028809,14.720000267028809,14.720000267028809,382.0
2026-08-05 13:33:00,OFIX,,10.4399995803833,10.458000183105469,10.4399995803833,10.458000183105469,1236.0
2026-08-05 13:33:00,OGI,,0.9498999714851379,0.9498999714851379,0.9498999714851379,0.9498999714851379,1190.0
2026-08-05 13:33:00,OMCL,,37.29999923706055,37.29999923706055,37.28499984741211,37.28499984741211,2966.0
2026-08-05 13:33:00,OMER,,12.869999885559082,12.869999885559082,12.869999885559082,12.869999885559082,976.0
2026-08-05 13:33:00,OMH,,0.1151999980211258,0.1152999997138977,0.1151999980211258,0.1152999997138977,4666.0
2026-08-05 13:33:00,ON,,77.58999633789062,77.66000366210938,77.55000305175781,77.66000366210938,18540.0
2026-08-05 13:33:00,ONB,,27.040000915527344,27.040000915527344,27.040000915527344,27.040000915527344,2064.0
2026-08-05 13:33:00,ONCO,,0.7972999811172485,0.7972999811172485,0.7972999811172485,0.7972999811172485,2037.0
2026-08-05 13:33:00,ONDS,,8.901800155639648,8.930000305175781,8.899999618530273,8.926400184631348,292973.0
2026-08-05 13:33:00,ONFO,,0.07360000163316727,0.07360000163316727,0.07289999723434448,0.07289999723434448,35389.0
2026-08-05 13:33:00,OPAL,,2.3499999046325684,2.3499999046325684,2.3499999046325684,2.3499999046325684,174.0
2026-08-05 13:33:00,OPCH,,23.43000030517578,23.450000762939453,23.43000030517578,23.44499969482422,1912.0
2026-08-05 13:33:00,OPEN,,3.803999900817871,3.8299999237060547,3.799999952316284,3.8201000690460205,231325.0
2026-08-05 13:33:00,OPHC,,8.555000305175781,8.555000305175781,8.460000038146973,8.555000305175781,1678.0
2026-08-05 13:33:00,OPRT,,6.175000190734863,6.175000190734863,6.175000190734863,6.175000190734863,1033.0
2026-08-05 13:33:00,ORIC,,13.020000457763672,13.039999961853027,13.020000457763672,13.039999961853027,2010.0
2026-08-05 13:33:00,ORLY,,93.46499633789062,93.4749984741211,93.38999938964844,93.38999938964844,11103.0
2026-08-05 13:33:00,OSBC,,25.81999969482422,25.81999969482422,25.81999969482422,25.81999969482422,420.0
2026-08-05 13:33:00,OSPN,,16.6299991607666,16.6299991607666,16.55739974975586,16.55739974975586,4932.0
2026-08-05 13:33:00,OSS,,13.970000267028809,13.989999771118164,13.970000267028809,13.989999771118164,1284.0
2026-08-05 13:33:00,OTEX,,25.899999618530273,25.899999618530273,25.895000457763672,25.895000457763672,1634.0
2026-08-05 13:33:00,OTLK,,1.034999966621399,1.0399999618530273,1.0299999713897705,1.0299999713897705,897.0
2026-08-05 13:33:00,OTTR,,91.95999908447266,91.95999908447266,91.87000274658203,91.87999725341797,2027.0
2026-08-05 13:33:00,OXSQ,,1.5049999952316284,1.5049999952316284,1.5049999952316284,1.5049999952316284,721.0
2026-08-05 13:33:00,PAA,,23.165000915527344,23.170000076293945,23.165000915527344,23.170000076293945,1709.0
2026-08-05 13:33:00,PAAS,,48.08000183105469,48.09000015258789,48.0099983215332,48.029998779296875,10981.0
2026-08-05 13:33:00,PACB,,1.350100040435791,1.3550000190734863,1.350000023841858,1.350000023841858,14741.0
2026-08-05 13:33:00,PALI,,2.140000104904175,2.140000104904175,2.134999990463257,2.140000104904175,3343.0
2026-08-05 13:33:00,PANW,,364.8299865722656,365.1300048828125,364.79998779296875,364.82000732421875,3738.0
2026-08-05 13:33:00,PAX,,11.395000457763672,11.404999732971191,11.390000343322754,11.404999732971191,3999.0
2026-08-05 13:33:00,PAYO,,7.125,7.130000114440918,7.119999885559082,7.119999885559082,691.0
2026-08-05 13:33:00,PAYX,,117.38500213623047,117.38500213623047,117.33999633789062,117.33999633789062,1506.0
2026-08-05 13:33:00,PCAR,,134.4499969482422,134.4499969482422,134.4199981689453,134.44000244140625,6392.0
2026-08-05 13:33:00,PCRX,,24.645000457763672,24.645000457763672,24.645000457763672,24.645000457763672,332.0
2026-08-05 13:33:00,PCT,,6.885000228881836,6.889999866485596,6.880000114440918,6.885000228881836,2915.0
2026-08-05 13:33:00,PCTY,,145.11000061035156,145.11000061035156,144.94500732421875,144.95750427246094,1082.0
2026-08-05 13:33:00,PDD,,90.94999694824219,90.96499633789062,90.93000030517578,90.95500183105469,9426.0
2026-08-05 13:33:00,PDLB,,20.5049991607666,20.510000228881836,20.5049991607666,20.510000228881836,318.0
2026-08-05 13:33:00,PEBK,,43.45000076293945,43.45000076293945,43.43000030517578,43.43000030517578,603.0
2026-08-05 13:33:00,PECO,,41.279998779296875,41.279998779296875,41.279998779296875,41.279998779296875,319.0
2026-08-05 13:33:00,PEGA,,31.790000915527344,31.790000915527344,31.760000228881836,31.760000228881836,1834.0
2026-08-05 13:33:00,PENN,,19.8700008392334,19.8700008392334,19.8700008392334,19.8700008392334,211.0
2026-08-05 13:33:00,PEP,,138.67999267578125,138.67999267578125,138.63999938964844,138.63999938964844,4109.0
2026-08-05 13:33:00,PERI,,9.550000190734863,9.550000190734863,9.550000190734863,9.550000190734863,426.0
2026-08-05 13:33:00,PFG,,114.16500091552734,114.16500091552734,114.16000366210938,114.16000366210938,1378.0
2026-08-05 13:33:00,PGEN,,6.84499979019165,6.855000019073486,6.84499979019165,6.84499979019165,5655.0
2026-08-05 13:33:00,PGNY,,31.7450008392334,31.7450008392334,31.739999771118164,31.739999771118164,2919.0
2026-08-05 13:33:00,PGY,,21.75,21.75,21.735000610351562,21.75,2140.0
2026-08-05 13:33:00,PHVS,,33.560001373291016,33.560001373291016,33.560001373291016,33.560001373291016,548.0
2026-08-05 13:33:00,PLTK,,3.934999942779541,3.940000057220459,3.930299997329712,3.930299997329712,8094.0
2026-08-05 13:33:00,PLUG,,2.0799999237060547,2.089900016784668,2.0799999237060547,2.0850000381469727,27881.0
2026-08-05 13:33:00,PLXS,,275.0,276.0199890136719,275.0,276.0199890136719,14511.0
2026-08-05 13:33:00,PNBK,,1.1349999904632568,1.1399999856948853,1.1349999904632568,1.1399999856948853,2880.0
2026-08-05 13:33:00,PNFP,,107.66000366210938,107.66000366210938,107.66000366210938,107.66000366210938,1609.0
2026-08-05 13:33:00,PODC,,3.5,3.509999990463257,3.5,3.509999990463257,827.0
2026-08-05 13:33:00,POET,,8.350000381469727,8.369999885559082,8.34000015258789,8.364999771118164,11629.0
2026-08-05 13:33:00,POOL,,205.52999877929688,205.52999877929688,205.52999877929688,205.52999877929688,1191.0
2026-08-05 13:33:00,POWI,,61.77000045776367,61.77000045776367,61.77000045776367,61.77000045776367,380.0
2026-08-05 13:33:00,POWL,,212.63499450683594,212.74000549316406,212.47999572753906,212.6300048828125,1896.0
2026-08-05 13:33:00,PPTA,,22.360000610351562,22.3700008392334,22.350000381469727,22.360000610351562,1486.0
2026-08-05 13:33:00,PRCH,,15.8100004196167,15.829999923706055,15.8100004196167,15.829999923706055,3049.0
2026-08-05 13:33:00,PRCT,,18.770000457763672,18.780000686645508,18.75,18.770000457763672,6176.0
2026-08-05 13:33:00,PRGS,,42.189998626708984,42.189998626708984,42.189998626708984,42.189998626708984,598.0
2026-08-05 13:33:00,PRIM,,85.19999694824219,85.38999938964844,85.19999694824219,85.36000061035156,1506.0
2026-08-05 13:33:00,PRLD,,4.579999923706055,4.579999923706055,4.579999923706055,4.579999923706055,443.0
2026-08-05 13:33:00,PRQR,,1.9049999713897705,1.9049999713897705,1.9049999713897705,1.9049999713897705,209.0
2026-08-05 13:33:00,PRVA,,24.329999923706055,24.344999313354492,24.329999923706055,24.344999313354492,2210.0
2026-08-05 13:33:00,PRZO,,0.5450999736785889,0.5450999736785889,0.5450999736785889,0.5450999736785889,2000.0
2026-08-05 13:33:00,PSEC,,2.180000066757202,2.190000057220459,2.180000066757202,2.184999942779541,3004.0
2026-08-05 13:33:00,PSNL,,13.479999542236328,13.479999542236328,13.479999542236328,13.479999542236328,576.0
2026-08-05 13:33:00,PTC,,140.02000427246094,140.02000427246094,139.8699951171875,139.97000122070312,2457.0
2026-08-05 13:33:00,PTEN,,9.795000076293945,9.795000076293945,9.795000076293945,9.795000076293945,4182.0
2026-08-05 13:33:00,PTGX,,136.39999389648438,136.55999755859375,136.39999389648438,136.55999755859375,779.0
2026-08-05 13:33:00,PTLO,,4.635000228881836,4.635000228881836,4.635000228881836,4.635000228881836,1453.0
2026-08-05 13:33:00,PTON,,6.494999885559082,6.494999885559082,6.489999771118164,6.494999885559082,3164.0
2026-08-05 13:33:00,PUBM,,13.40999984741211,13.40999984741211,13.40999984741211,13.40999984741211,1194.0
2026-08-05 13:33:00,PWP,,17.3700008392334,17.3700008392334,17.350000381469727,17.360000610351562,1572.0
2026-08-05 13:33:00,PYPD,,4.559999942779541,4.559999942779541,4.559999942779541,4.559999942779541,127.0
2026-08-05 13:33:00,PYPL,,58.290000915527344,58.290000915527344,58.26499938964844,58.27000045776367,3272.0
2026-08-05 13:33:00,PYXS,,3.1649999618530273,3.1649999618530273,3.1649999618530273,3.1649999618530273,889.0
2026-08-05 13:33:00,PZZA,,30.030000686645508,30.084999084472656,30.030000686645508,30.06999969482422,23416.0
2026-08-05 13:33:00,QCOM,,157.7866973876953,157.86000061035156,157.72000122070312,157.8300018310547,7735.0
2026-08-05 13:33:00,QFIN,,13.1899995803833,13.199999809265137,13.1899995803833,13.1899995803833,5166.0
2026-08-05 13:33:00,QRVO,,94.6500015258789,94.66999816894531,94.58999633789062,94.66999816894531,2724.0
2026-08-05 13:33:00,SEED,,1.0149999856948853,1.0199999809265137,1.0099999904632568,1.0199999809265137,5264.0
2026-08-05 13:33:00,TARA,,4.039999961853027,4.039999961853027,4.039999961853027,4.039999961853027,96.0
2026-08-05 13:33:00,WOOF,,2.9600000381469727,2.9600000381469727,2.9600000381469727,2.9600000381469727,3600.0
2026-08-05 13:34:00,ACDC,,4.414999961853027,4.414999961853027,4.414999961853027,4.414999961853027,1410.0
2026-08-05 13:34:00,CNXN,,84.94000244140625,84.94000244140625,84.94000244140625,84.94000244140625,136.0
2026-08-05 13:34:00,DTIL,,7.480000019073486,7.5,7.46999979019165,7.5,1902.0
2026-08-05 13:34:00,EYE,,23.219999313354492,23.219999313354492,23.209999084472656,23.209999084472656,1213.0
2026-08-05 13:34:00,GLUE,,15.569999694824219,15.579999923706055,15.569999694824219,15.579999923706055,2433.0
2026-08-05 13:34:00,LUNG,,1.9950000047683716,2.0,1.9950000047683716,2.0,5475.0
2026-08-05 13:34:00,MBRX,,0.4011000096797943,0.4011000096797943,0.4011000096797943,0.4011000096797943,887.0
2026-08-05 13:34:00,MDB,,374.1700134277344,374.2799987792969,374.0,374.0,1690.0
2026-08-05 13:34:00,MDLZ,,62.584999084472656,62.595001220703125,62.54999923706055,62.564998626708984,20238.0
2026-08-05 13:34:00,MLTX,,17.739999771118164,17.739999771118164,17.739999771118164,17.739999771118164,925.0
2026-08-05 13:34:00,MNRO,,13.25,13.25,13.25,13.25,1523.0
2026-08-05 13:34:00,MNST,,94.61499786376953,94.62999725341797,94.55500030517578,94.55500030517578,13181.0
2026-08-05 13:34:00,MORN,,197.74000549316406,197.75999450683594,197.74000549316406,197.75999450683594,492.0
2026-08-05 13:34:00,MPWR,,1337.0699462890625,1339.22998046875,1337.0699462890625,1339.22998046875,892.0
2026-08-05 13:34:00,MRNA,,56.68000030517578,56.68000030517578,56.630001068115234,56.65999984741211,4196.0
2026-08-05 13:34:00,MYGN,,3.125,3.125,3.119999885559082,3.119999885559082,1665.0
2026-08-05 13:34:00,MYRG,,340.5150146484375,340.5150146484375,340.5150146484375,340.5150146484375,1219.0
2026-08-05 13:34:00,NAMS,,27.424999237060547,27.6200008392334,27.3799991607666,27.6200008392334,5398.0
2026-08-05 13:34:00,NB,,5.079999923706055,5.085000038146973,5.079999923706055,5.085000038146973,5422.0
2026-08-05 13:34:00,NBIX,,163.22000122070312,163.38999938964844,163.22000122070312,163.38999938964844,1874.0
2026-08-05 13:34:00,NDAQ,,94.9800033569336,94.9800033569336,94.91999816894531,94.91999816894531,2115.0
2026-08-05 13:34:00,NDSN,,311.7149963378906,311.7149963378906,311.7149963378906,311.7149963378906,105.0
2026-08-05 13:34:00,NEGG,,16.8700008392334,16.8700008392334,16.8700008392334,16.8700008392334,284.0
2026-08-05 13:34:00,NEO,,16.010000228881836,16.010000228881836,15.994999885559082,15.994999885559082,3536.0
2026-08-05 13:34:00,NEOV,,2.811199903488159,2.811199903488159,2.811199903488159,2.811199903488159,207.0
2026-08-05 13:34:00,NESR,,28.739999771118164,28.760000228881836,28.739999771118164,28.760000228881836,5612.0
2026-08-05 13:34:00,NEXT,,6.445000171661377,6.445000171661377,6.445000171661377,6.445000171661377,2947.0
2026-08-05 13:34:00,NFE,,0.33799999952316284,0.3395000100135803,0.33799999952316284,0.3395000100135803,1949.0
2026-08-05 13:34:00,NFLX,,73.57499694824219,73.58499908447266,73.50499725341797,73.50499725341797,38945.0
2026-08-05 13:34:00,NGNE,,35.560001373291016,35.560001373291016,35.560001373291016,35.560001373291016,328.0
2026-08-05 13:34:00,NHTC,,1.6399999856948853,1.6399999856948853,1.6399999856948853,1.6399999856948853,632.0
2026-08-05 13:34:00,NICE,,99.19999694824219,99.19999694824219,98.93000030517578,98.94999694824219,3378.0
2026-08-05 13:34:00,NKTX,,2.2049999237060547,2.2100000381469727,2.2049999237060547,2.2049999237060547,626.0
2026-08-05 13:34:00,NMRK,,15.729999542236328,15.729999542236328,15.720000267028809,15.720000267028809,2197.0
2026-08-05 13:34:00,NN,,14.479999542236328,14.479999542236328,14.324999809265137,14.324999809265137,28483.0
2026-08-05 13:34:00,NNBR,,3.865000009536743,3.869999885559082,3.865000009536743,3.869999885559082,3593.0
2026-08-05 13:34:00,NNDM,,1.5499999523162842,1.5549999475479126,1.5496000051498413,1.5499999523162842,65720.0
2026-08-05 13:34:00,NPCE,,13.329999923706055,13.329999923706055,13.329999923706055,13.329999923706055,408.0
2026-08-05 13:34:00,NRIM,,27.100000381469727,27.100000381469727,27.09000015258789,27.100000381469727,947.0
2026-08-05 13:34:00,NRIX,,24.93000030517578,25.040000915527344,24.93000030517578,25.040000915527344,4137.0
2026-08-05 13:34:00,NRXP,,3.069999933242798,3.069999933242798,3.069999933242798,3.069999933242798,402.0
2026-08-05 13:34:00,NTAP,,190.1699981689453,190.39500427246094,190.11000061035156,190.38499450683594,21200.0
2026-08-05 13:34:00,NTGR,,24.280000686645508,24.280000686645508,24.280000686645508,24.280000686645508,1024.0
2026-08-05 13:34:00,NTNX,,60.849998474121094,60.880001068115234,60.810001373291016,60.810001373291016,6640.0
2026-08-05 13:34:00,NTRA,,273.9599914550781,274.3924865722656,273.8500061035156,274.31500244140625,22699.0
2026-08-05 13:34:00,NVAX,,7.630000114440918,7.630000114440918,7.630000114440918,7.630000114440918,8316.0
2026-08-05 13:34:00,NVCR,,16.020000457763672,16.020000457763672,16.020000457763672,16.020000457763672,1483.0
2026-08-05 13:34:00,NVCT,,20.21500015258789,20.21500015258789,20.21500015258789,20.21500015258789,200.0
2026-08-05 13:34:00,NVDA,,221.02000427246094,221.27000427246094,221.0,221.17999267578125,161282.0
2026-08-05 13:34:00,NVMI,,408.5,408.5,408.5,408.5,574.0
2026-08-05 13:34:00,NVTS,,12.46500015258789,12.484999656677246,12.46500015258789,12.479999542236328,6890.0
2026-08-05 13:34:00,NWBI,,15.954999923706055,15.96500015258789,15.954999923706055,15.96500015258789,4388.0
2026-08-05 13:34:00,NWE,,68.66500091552734,68.66500091552734,68.66500091552734,68.66500091552734,940.0
2026-08-05 13:34:00,NWFL,,34.25,34.25,33.970001220703125,33.970001220703125,2993.0
2026-08-05 13:34:00,NWL,,6.284999847412109,6.289999961853027,6.284999847412109,6.284999847412109,7713.0
2026-08-05 13:34:00,NWS,,32.349998474121094,32.35499954223633,32.349998474121094,32.349998474121094,2940.0
2026-08-05 13:34:00,NWSA,,28.325000762939453,28.34000015258789,28.325000762939453,28.334999084472656,9028.0
2026-08-05 13:34:00,NXPI,,231.50999450683594,231.6999969482422,231.50999450683594,231.63999938964844,4830.0
2026-08-05 13:34:00,NXST,,191.41000366210938,191.86000061035156,191.36000061035156,191.86000061035156,3791.0
2026-08-05 13:34:00,NXT,,98.94000244140625,98.98999786376953,98.88999938964844,98.98999786376953,5428.0
2026-08-05 13:34:00,NXTC,,5.050000190734863,5.050000190734863,5.050000190734863,5.050000190734863,226.0
2026-08-05 13:34:00,NYXH,,1.4149999618530273,1.4149999618530273,1.4149999618530273,1.4149999618530273,1061.0
2026-08-05 13:34:00,OCGN,,1.2799999713897705,1.2899999618530273,1.2799999713897705,1.284999966621399,8706.0
2026-08-05 13:34:00,OCSL,,12.104999542236328,12.104999542236328,12.100000381469727,12.104999542236328,2040.0
2026-08-05 13:34:00,OCUL,,8.574999809265137,8.579999923706055,8.574999809265137,8.579999923706055,2565.0
2026-08-05 13:34:00,ODFL,,213.72500610351562,213.72500610351562,213.72500610351562,213.72500610351562,598.0
2026-08-05 13:34:00,OESX,,14.350600242614746,14.529999732971191,14.350000381469727,14.529999732971191,1204.0
2026-08-05 13:34:00,OFIX,,10.40999984741211,10.420000076293945,10.40999984741211,10.420000076293945,3658.0
2026-08-05 13:34:00,OKTA,,148.13999938964844,148.13999938964844,148.13999938964844,148.13999938964844,1184.0
2026-08-05 13:34:00,OLLI,,78.20500183105469,78.20500183105469,78.20500183105469,78.20500183105469,783.0
2026-08-05 13:34:00,OMCL,,37.31999969482422,37.34000015258789,37.25,37.28499984741211,12771.0
2026-08-05 13:34:00,OMER,,12.859999656677246,12.869999885559082,12.859999656677246,12.859999656677246,4171.0
2026-08-05 13:34:00,OMH,,0.11460000276565552,0.11500000208616257,0.11420000344514847,0.11500000208616257,28424.0
2026-08-05 13:34:00,ON,,77.62999725341797,77.66000366210938,77.52999877929688,77.5999984741211,43315.0
2026-08-05 13:34:00,ONB,,27.05500030517578,27.05500030517578,27.045000076293945,27.045000076293945,5576.0
2026-08-05 13:34:00,ONDS,,8.909899711608887,8.920000076293945,8.895000457763672,8.904999732971191,463622.0
2026-08-05 13:34:00,ONFO,,0.07339999824762344,0.07360000163316727,0.07329999655485153,0.07360000163316727,12831.0
2026-08-05 13:34:00,ONMD,,0.667900025844574,0.667900025844574,0.6610999703407288,0.6610999703407288,841.0
2026-08-05 13:34:00,OPAL,,2.3499999046325684,2.3499999046325684,2.3499999046325684,2.3499999046325684,139.0
2026-08-05 13:34:00,OPCH,,23.440000534057617,23.450000762939453,23.420000076293945,23.420000076293945,3021.0
2026-08-05 13:34:00,OPEN,,3.799999952316284,3.809999942779541,3.7899999618530273,3.800800085067749,98807.0
2026-08-05 13:34:00,OPHC,,8.5600004196167,8.5600004196167,8.5600004196167,8.5600004196167,200.0
2026-08-05 13:34:00,OPK,,1.315000057220459,1.315000057220459,1.315000057220459,1.315000057220459,2375.0
2026-08-05 13:34:00,OPRA,,19.864999771118164,19.864999771118164,19.864999771118164,19.864999771118164,447.0
2026-08-05 13:34:00,OPRT,,6.179999828338623,6.179999828338623,6.179999828338623,6.179999828338623,175.0
2026-08-05 13:34:00,ORIC,,13.015000343322754,13.015000343322754,13.015000343322754,13.015000343322754,1787.0
2026-08-05 13:34:00,ORLY,,93.51000213623047,93.51000213623047,93.45999908447266,93.45999908447266,7505.0
2026-08-05 13:34:00,ORMP,,4.400000095367432,4.400000095367432,4.400000095367432,4.400000095367432,2515.0
2026-08-05 13:34:00,OSBC,,25.81999969482422,25.81999969482422,25.81999969482422,25.81999969482422,606.0
2026-08-05 13:34:00,OSIS,,236.30999755859375,236.64999389648438,236.30999755859375,236.64999389648438,669.0
2026-08-05 13:34:00,OSPN,,16.65999984741211,16.65999984741211,16.649999618530273,16.649999618530273,2865.0
2026-08-05 13:34:00,OSS,,13.970000267028809,13.970000267028809,13.970000267028809,13.970000267028809,1363.0
2026-08-05 13:34:00,OSW,,26.530000686645508,26.530000686645508,26.520000457763672,26.520000457763672,3460.0
2026-08-05 13:34:00,OTEX,,25.920000076293945,25.920000076293945,25.915000915527344,25.920000076293945,1330.0
2026-08-05 13:34:00,OTLK,,1.024999976158142,1.034999966621399,1.0200999975204468,1.031999945640564,252308.0
2026-08-05 13:34:00,OXLC,,9.154999732971191,9.154999732971191,9.145000457763672,9.149999618530273,1726.0
2026-08-05 13:34:00,OXSQ,,1.5049999952316284,1.5099999904632568,1.5049999952316284,1.5099999904632568,483.0
2026-08-05 13:34:00,PAA,,23.165000915527344,23.170000076293945,23.165000915527344,23.165000915527344,4421.0
2026-08-05 13:34:00,PAAS,,48.02000045776367,48.11000061035156,48.02000045776367,48.099998474121094,5953.0
2026-08-05 13:34:00,PACB,,1.3550000190734863,1.3595999479293823,1.350000023841858,1.3502000570297241,30615.0
2026-08-05 13:34:00,PAGP,,25.125,25.125,25.1200008392334,25.120100021362305,2382.0
2026-08-05 13:34:00,PALI,,2.140000104904175,2.140000104904175,2.134999990463257,2.140000104904175,2291.0
2026-08-05 13:34:00,PANW,,364.78009033203125,365.0799865722656,364.78009033203125,364.989990234375,8103.0
2026-08-05 13:34:00,PATK,,88.31999969482422,88.31999969482422,88.31999969482422,88.31999969482422,891.0
2026-08-05 13:34:00,PAX,,11.404999732971191,11.404999732971191,11.399999618530273,11.399999618530273,3914.0
2026-08-05 13:34:00,PAYO,,7.125,7.125,7.119999885559082,7.125,1645.0
2026-08-05 13:34:00,PAYS,,9.15999984741211,9.15999984741211,9.149999618530273,9.149999618530273,1445.0
2026-08-05 13:34:00,PAYX,,117.49500274658203,117.49500274658203,117.37000274658203,117.38500213623047,4023.0
2026-08-05 13:34:00,PCAR,,134.47000122070312,134.47000122070312,134.39999389648438,134.4199981689453,4826.0
2026-08-05 13:34:00,PCRX,,24.645000457763672,24.645000457763672,24.645000457763672,24.645000457763672,494.0
2026-08-05 13:34:00,PCT,,6.885000228881836,6.885000228881836,6.880000114440918,6.885000228881836,7468.0
2026-08-05 13:34:00,PCTY,,144.97250366210938,145.11000061035156,144.94000244140625,144.94000244140625,1134.0
2026-08-05 13:34:00,PDD,,90.91000366210938,90.94499969482422,90.9000015258789,90.93990325927734,4984.0
2026-08-05 13:34:00,PDFS,,49.83000183105469,49.90999984741211,49.83000183105469,49.90999984741211,883.0
2026-08-05 13:34:00,PDSB,,0.7102000117301941,0.7102000117301941,0.7102000117301941,0.7102000117301941,100.0
2026-08-05 13:34:00,PEBO,,41.724998474121094,41.724998474121094,41.724998474121094,41.724998474121094,1112.0
2026-08-05 13:34:00,PECO,,41.26499938964844,41.26499938964844,41.26499938964844,41.26499938964844,1068.0
2026-08-05 13:34:00,PEGA,,31.81999969482422,31.81999969482422,31.790000915527344,31.790000915527344,3279.0
2026-08-05 13:34:00,PENN,,19.8700008392334,19.8700008392334,19.860000610351562,19.860000610351562,1464.0
2026-08-05 13:34:00,PEP,,138.74000549316406,138.77499389648438,138.6699981689453,138.6699981689453,6381.0
2026-08-05 13:34:00,PEPG,,1.975000023841858,1.9800000190734863,1.975000023841858,1.9800000190734863,4860.0
2026-08-05 13:34:00,PGEN,,6.840000152587891,6.84499979019165,6.829999923706055,6.84499979019165,6595.0
2026-08-05 13:34:00,PGY,,21.719999313354492,21.729999542236328,21.719999313354492,21.729999542236328,1607.0
2026-08-05 13:34:00,PHAT,,8.460000038146973,8.460000038146973,8.460000038146973,8.460000038146973,3791.0
2026-08-05 13:34:00,PLAB,,32.04999923706055,32.04999923706055,32.04999923706055,32.04999923706055,1348.0
2026-08-05 13:34:00,PLPC,,467.55999755859375,467.55999755859375,467.55999755859375,467.55999755859375,227.0
2026-08-05 13:34:00,PLSE,,37.119998931884766,37.119998931884766,37.119998931884766,37.119998931884766,286.0
2026-08-05 13:34:00,PLTK,,3.9310998916625977,3.9310998916625977,3.9310998916625977,3.9310998916625977,283.0
2026-08-05 13:34:00,PLUG,,2.0850000381469727,2.0899999141693115,2.0826001167297363,2.0826001167297363,19715.0
2026-08-05 13:34:00,PLXS,,275.32000732421875,275.989990234375,274.5299987792969,275.32501220703125,14730.0
2026-08-05 13:34:00,PMCB,,0.5983999967575073,0.5983999967575073,0.5983999967575073,0.5983999967575073,2209.0
2026-08-05 13:34:00,PNBK,,1.1399999856948853,1.1399999856948853,1.1399999856948853,1.1399999856948853,3162.0
2026-08-05 13:34:00,PNTG,,38.96500015258789,38.96500015258789,38.959999084472656,38.959999084472656,1068.0
2026-08-05 13:34:00,POET,,8.345000267028809,8.364999771118164,8.345000267028809,8.364999771118164,3389.0
2026-08-05 13:34:00,POLA,,1.809999942779541,1.809999942779541,1.809999942779541,1.809999942779541,851.0
2026-08-05 13:34:00,POOL,,205.7899932861328,205.7899932861328,205.5399932861328,205.5800018310547,2654.0
2026-08-05 13:34:00,POWI,,61.709999084472656,61.709999084472656,61.709999084472656,61.709999084472656,1363.0
2026-08-05 13:34:00,POWL,,212.05999755859375,212.63499450683594,212.05999755859375,212.63499450683594,1770.0
2026-08-05 13:34:00,PPC,,26.440000534057617,26.440000534057617,26.399999618530273,26.399999618530273,5704.0
2026-08-05 13:34:00,PPSI,,3.0,3.0,3.0,3.0,1255.0
2026-08-05 13:34:00,PPTA,,22.360000610351562,22.3700008392334,22.360000610351562,22.3700008392334,2040.0
2026-08-05 13:34:00,PRAA,,17.3799991607666,17.3799991607666,17.3799991607666,17.3799991607666,1014.0
2026-08-05 13:34:00,PRAX,,316.8599853515625,316.8900146484375,316.0299987792969,316.8900146484375,1633.0
2026-08-05 13:34:00,PRCH,,15.819999694824219,15.819999694824219,15.819999694824219,15.819999694824219,623.0
2026-08-05 13:34:00,PRCT,,18.709999084472656,18.790000915527344,18.709999084472656,18.770000457763672,10241.0
2026-08-05 13:34:00,PRE,,18.530000686645508,18.530000686645508,18.530000686645508,18.530000686645508,409.0
2026-08-05 13:34:00,PRIM,,85.18000030517578,85.37000274658203,85.05999755859375,85.19000244140625,6266.0
2026-08-05 13:34:00,PRLD,,4.579999923706055,4.579999923706055,4.579999923706055,4.579999923706055,919.0
2026-08-05 13:34:00,PRME,,3.069999933242798,3.069999933242798,3.069999933242798,3.069999933242798,4382.0
2026-08-05 13:34:00,PROK,,1.6449999809265137,1.6449999809265137,1.6399999856948853,1.6399999856948853,5873.0
2026-08-05 13:34:00,PRQR,,1.909999966621399,1.909999966621399,1.909999966621399,1.909999966621399,103.0
2026-08-05 13:34:00,PRTA,,8.5,8.5,8.5,8.5,677.0
2026-08-05 13:34:00,PRVA,,24.260000228881836,24.309999465942383,24.260000228881836,24.309999465942383,5045.0
2026-08-05 13:34:00,PRZO,,0.5403000116348267,0.5403000116348267,0.5403000116348267,0.5403000116348267,400.0
2026-08-05 13:34:00,PSEC,,2.184999942779541,2.190000057220459,2.180000066757202,2.190000057220459,2369.0
2026-08-05 13:34:00,PSNL,,13.460000038146973,13.470000267028809,13.460000038146973,13.470000267028809,5307.0
2026-08-05 13:34:00,PTC,,140.05499267578125,140.05499267578125,140.05499267578125,140.05499267578125,798.0
2026-08-05 13:34:00,PTCT,,68.94999694824219,68.94999694824219,68.94000244140625,68.94000244140625,1888.0
2026-08-05 13:34:00,PTEN,,9.78499984741211,9.795000076293945,9.78499984741211,9.789999961853027,9991.0
2026-08-05 13:34:00,PTGX,,136.66000366210938,136.66000366210938,136.66000366210938,136.66000366210938,212.0
2026-08-05 13:34:00,PTLO,,4.639999866485596,4.639999866485596,4.635000228881836,4.635000228881836,1124.0
2026-08-05 13:34:00,PTON,,6.510000228881836,6.510000228881836,6.494999885559082,6.5,21122.0
2026-08-05 13:34:00,PWP,,17.3700008392334,17.3700008392334,17.360000610351562,17.360000610351562,933.0
2026-08-05 13:34:00,PYPL,,58.279998779296875,58.310001373291016,58.279998779296875,58.29999923706055,31631.0
2026-08-05 13:34:00,PZZA,,30.049999237060547,30.092500686645508,30.0,30.014999389648438,42058.0
2026-08-05 13:34:00,QCOM,,157.74000549316406,157.86000061035156,157.7104034423828,157.82000732421875,8682.0
2026-08-05 13:34:00,QRVO,,94.61000061035156,94.61000061035156,94.54499816894531,94.5999984741211,2717.0
2026-08-05 13:34:00,SEED,,1.006500005722046,1.006500005722046,1.006500005722046,1.006500005722046,900.0
2026-08-05 13:34:00,STIM,,2.2799999713897705,2.2799999713897705,2.2799999713897705,2.2799999713897705,1630.0
2026-08-05 13:34:00,TARA,,4.034999847412109,4.034999847412109,4.034999847412109,4.034999847412109,200.0
2026-08-05 13:35:00,ACDC,,4.425000190734863,4.425000190734863,4.420000076293945,4.420000076293945,2391.0
2026-08-05 13:35:00,BPRN,,41.93000030517578,41.93000030517578,41.93000030517578,41.93000030517578,332.0
2026-08-05 13:35:00,CNXN,,85.11000061035156,85.11000061035156,85.11000061035156,85.11000061035156,514.0
2026-08-05 13:35:00,EYE,,23.21500015258789,23.21500015258789,23.21500015258789,23.21500015258789,237.0
2026-08-05 13:35:00,GLUE,,15.574999809265137,15.579999923706055,15.574999809265137,15.579999923706055,1086.0
2026-08-05 13:35:00,KIDS,,21.40999984741211,21.540000915527344,21.395000457763672,21.540000915527344,9642.0
2026-08-05 13:35:00,MBRX,,0.39899998903274536,0.4011000096797943,0.39899998903274536,0.4011000096797943,6411.0
2026-08-05 13:35:00,MDB,,374.82501220703125,374.82501220703125,374.6300048828125,374.6300048828125,1221.0
2026-08-05 13:35:00,MDLZ,,62.59000015258789,62.59000015258789,62.57500076293945,62.584999084472656,13421.0
2026-08-05 13:35:00,MNRO,,13.239999771118164,13.239999771118164,13.239999771118164,13.239999771118164,1109.0
2026-08-05 13:35:00,MNST,,94.59500122070312,94.62000274658203,94.58999633789062,94.62000274658203,3397.0
2026-08-05 13:35:00,MNTS,,4.2606000900268555,4.2606000900268555,4.2606000900268555,4.2606000900268555,2046.0
2026-08-05 13:35:00,MORN,,197.56500244140625,197.56500244140625,197.56500244140625,197.56500244140625,855.0
2026-08-05 13:35:00,MPWR,,1338.8599853515625,1338.989990234375,1337.9150390625,1337.9150390625,1213.0
2026-08-05 13:35:00,MRNA,,56.689998626708984,56.709999084472656,56.66230010986328,56.685001373291016,1953.0
2026-08-05 13:35:00,MYGN,,3.125,3.130000114440918,3.125,3.125,7875.0
2026-08-05 13:35:00,NAMS,,27.5,27.5,27.43000030517578,27.43000030517578,3843.0
2026-08-05 13:35:00,NB,,5.090000152587891,5.090000152587891,5.090000152587891,5.090000152587891,1357.0
2026-08-05 13:35:00,NBTB,,53.43000030517578,53.43000030517578,53.43000030517578,53.43000030517578,385.0
2026-08-05 13:35:00,NCMI,,4.130000114440918,4.130000114440918,4.130000114440918,4.130000114440918,1638.0
2026-08-05 13:35:00,NDAQ,,94.97000122070312,94.97000122070312,94.95999908447266,94.97000122070312,1523.0
2026-08-05 13:35:00,NDSN,,311.69500732421875,311.69500732421875,311.5,311.5400085449219,571.0
2026-08-05 13:35:00,NEO,,16.0,16.0,15.989999771118164,15.989999771118164,1026.0
2026-08-05 13:35:00,NEOV,,2.8350000381469727,2.8350000381469727,2.809999942779541,2.809999942779541,4345.0
2026-08-05 13:35:00,NEWT,,15.0600004196167,15.069999694824219,15.0600004196167,15.0600004196167,659.0
2026-08-05 13:35:00,NFLX,,73.5250015258789,73.56999969482422,73.5250015258789,73.56999969482422,22603.0
2026-08-05 13:35:00,NICE,,99.12000274658203,99.22000122070312,98.68009948730469,99.13999938964844,3106.0
2026-08-05 13:35:00,NIU,,2.4649999141693115,2.4649999141693115,2.4649999141693115,2.4649999141693115,913.0
2026-08-05 13:35:00,NKSH,,41.040000915527344,41.040000915527344,41.040000915527344,41.040000915527344,721.0
2026-08-05 13:35:00,NKTX,,2.2100000381469727,2.2100000381469727,2.2100000381469727,2.2100000381469727,5605.0
2026-08-05 13:35:00,NMRK,,15.720000267028809,15.720000267028809,15.720000267028809,15.720000267028809,510.0
2026-08-05 13:35:00,NN,,14.539999961853027,14.545000076293945,14.449999809265137,14.479999542236328,21591.0
2026-08-05 13:35:00,NNBR,,3.869999885559082,3.869999885559082,3.865000009536743,3.865000009536743,449.0
2026-08-05 13:35:00,NNDM,,1.5499999523162842,1.5499999523162842,1.5499999523162842,1.5499999523162842,200.0
2026-08-05 13:35:00,NNOX,,1.0149999856948853,1.0149999856948853,1.0149999856948853,1.0149999856948853,391.0
2026-08-05 13:35:00,NOVT,,157.6300048828125,157.6300048828125,157.6300048828125,157.6300048828125,617.0
2026-08-05 13:35:00,NPCE,,13.350000381469727,13.350000381469727,13.327500343322754,13.349900245666504,1460.0
2026-08-05 13:35:00,NRDS,,9.135000228881836,9.135000228881836,9.135000228881836,9.135000228881836,1411.0
2026-08-05 13:35:00,NRIX,,24.985000610351562,24.985000610351562,24.979999542236328,24.979999542236328,1709.0
2026-08-05 13:35:00,NTAP,,190.22999572753906,190.3000030517578,190.16000366210938,190.16000366210938,15417.0
2026-08-05 13:35:00,NTES,,127.58999633789062,127.58999633789062,127.58999633789062,127.58999633789062,1125.0
2026-08-05 13:35:00,NTNX,,60.900001525878906,60.900001525878906,60.86000061035156,60.86000061035156,1690.0
2026-08-05 13:35:00,NTRA,,273.9599914550781,273.9599914550781,273.9599914550781,273.9599914550781,531.0
2026-08-05 13:35:00,NTRS,,184.0,184.0,184.0,184.0,208.0
2026-08-05 13:35:00,NVAX,,7.630000114440918,7.630000114440918,7.625,7.628799915313721,3539.0
2026-08-05 13:35:00,NVCR,,16.040000915527344,16.040000915527344,16.040000915527344,16.040000915527344,858.0
2026-08-05 13:35:00,NVCT,,20.21500015258789,20.21500015258789,20.21500015258789,20.21500015258789,587.0
2026-08-05 13:35:00,NVDA,,221.0500030517578,221.1300048828125,221.0,221.02499389648438,136670.0
2026-08-05 13:35:00,NVTS,,12.494999885559082,12.5,12.470000267028809,12.470000267028809,9380.0
2026-08-05 13:35:00,NWBI,,15.960000038146973,15.960000038146973,15.960000038146973,15.960000038146973,2901.0
2026-08-05 13:35:00,NWL,,6.284999847412109,6.284999847412109,6.284999847412109,6.284999847412109,2593.0
2026-08-05 13:35:00,NWS,,32.345001220703125,32.345001220703125,32.34000015258789,32.34000015258789,1259.0
2026-08-05 13:35:00,NWSA,,28.329999923706055,28.329999923706055,28.329999923706055,28.329999923706055,1673.0
2026-08-05 13:35:00,NXPI,,231.52000427246094,231.52000427246094,231.51499938964844,231.51499938964844,1216.0
2026-08-05 13:35:00,NXT,,99.0199966430664,99.08499908447266,98.94999694824219,98.95500183105469,8398.0
2026-08-05 13:35:00,OBIO,,4.224999904632568,4.224999904632568,4.21999979019165,4.21999979019165,1120.0
2026-08-05 13:35:00,OCFC,,19.895000457763672,19.895000457763672,19.889999389648438,19.889999389648438,1132.0
2026-08-05 13:35:00,OCGN,,1.2799999713897705,1.2899999618530273,1.2799999713897705,1.284999966621399,5327.0
2026-08-05 13:35:00,OCS,,12.024999618530273,12.024999618530273,12.024999618530273,12.024999618530273,147.0
2026-08-05 13:35:00,OCSL,,12.100000381469727,12.104999542236328,12.100000381469727,12.104999542236328,402.0
2026-08-05 13:35:00,ODD,,15.430000305175781,15.430000305175781,15.430000305175781,15.430000305175781,621.0
2026-08-05 13:35:00,ODFL,,213.64999389648438,213.69000244140625,213.55999755859375,213.69000244140625,1963.0
2026-08-05 13:35:00,OESX,,14.437700271606445,14.710000038146973,14.437700271606445,14.710000038146973,398.0
2026-08-05 13:35:00,OFIX,,10.40999984741211,10.40999984741211,10.40999984741211,10.40999984741211,459.0
2026-08-05 13:35:00,OKTA,,148.14999389648438,148.14999389648438,148.14999389648438,148.14999389648438,702.0
2026-08-05 13:35:00,OLLI,,78.27999877929688,78.27999877929688,78.26000213623047,78.26000213623047,519.0
2026-08-05 13:35:00,OLMA,,11.579999923706055,11.579999923706055,11.579999923706055,11.579999923706055,673.0
2026-08-05 13:35:00,OM,,5.010000228881836,5.010000228881836,5.010000228881836,5.010000228881836,256.0
2026-08-05 13:35:00,OMCL,,37.369998931884766,37.369998931884766,37.369998931884766,37.369998931884766,870.0
2026-08-05 13:35:00,OMH,,0.11630000174045563,0.11630000174045563,0.11490000039339066,0.11500000208616257,23071.0
2026-08-05 13:35:00,ON,,77.65499877929688,77.70999908447266,77.5999984741211,77.63999938964844,18559.0
2026-08-05 13:35:00,ONB,,27.059999465942383,27.059999465942383,27.05500030517578,27.059999465942383,2650.0
2026-08-05 13:35:00,ONDS,,8.9350004196167,8.9399995803833,8.904999732971191,8.914999961853027,377951.0
2026-08-05 13:35:00,ONFO,,0.07339999824762344,0.07349999994039536,0.07329999655485153,0.07349999994039536,11311.0
2026-08-05 13:35:00,OPCH,,23.434999465942383,23.459999084472656,23.434999465942383,23.450000762939453,2288.0
2026-08-05 13:35:00,OPEN,,3.7950000762939453,3.799999952316284,3.7899999618530273,3.7976999282836914,83817.0
2026-08-05 13:35:00,OPHC,,8.5600004196167,8.5600004196167,8.5600004196167,8.5600004196167,157.0
2026-08-05 13:35:00,OPK,,1.309999942779541,1.309999942779541,1.309999942779541,1.309999942779541,541.0
2026-08-05 13:35:00,OPRA,,19.883899688720703,19.883899688720703,19.883899688720703,19.883899688720703,544.0
2026-08-05 13:35:00,OPRT,,6.179999828338623,6.179999828338623,6.179999828338623,6.179999828338623,194.0
2026-08-05 13:35:00,ORLY,,93.52999877929688,93.55000305175781,93.5,93.51000213623047,8140.0
2026-08-05 13:35:00,OSBC,,25.829999923706055,25.829999923706055,25.81999969482422,25.81999969482422,1628.0
2026-08-05 13:35:00,OSIS,,236.5,236.5500030517578,236.41000366210938,236.41000366210938,879.0
2026-08-05 13:35:00,OSPN,,16.639999389648438,16.670000076293945,16.6299991607666,16.670000076293945,3102.0
2026-08-05 13:35:00,OSS,,14.039999961853027,14.039999961853027,14.020000457763672,14.020000457763672,742.0
2026-08-05 13:35:00,OTEX,,25.950000762939453,25.950000762939453,25.929000854492188,25.929000854492188,1533.0
2026-08-05 13:35:00,OTLK,,1.0210000276565552,1.0210000276565552,1.0210000276565552,1.0210000276565552,2192.0
2026-08-05 13:35:00,OTTR,,91.95999908447266,91.98999786376953,91.95999908447266,91.98999786376953,1009.0
2026-08-05 13:35:00,OVID,,2.6050000190734863,2.6050000190734863,2.6050000190734863,2.6050000190734863,903.0
2026-08-05 13:35:00,OXSQ,,1.5049999952316284,1.5049999952316284,1.5049999952316284,1.5049999952316284,794.0
2026-08-05 13:35:00,PAA,,23.165000915527344,23.165000915527344,23.165000915527344,23.165000915527344,941.0
2026-08-05 13:35:00,PAAS,,48.08000183105469,48.08000183105469,48.05009841918945,48.060001373291016,1811.0
2026-08-05 13:35:00,PACB,,1.350000023841858,1.3509999513626099,1.350000023841858,1.350000023841858,5394.0
2026-08-05 13:35:00,PAGP,,25.125,25.125,25.125,25.125,1828.0
2026-08-05 13:35:00,PALI,,2.1050000190734863,2.134999990463257,2.1050000190734863,2.134999990463257,41738.0
2026-08-05 13:35:00,PANW,,365.07000732421875,365.0899963378906,364.93499755859375,365.04998779296875,3919.0
2026-08-05 13:35:00,PATK,,88.30000305175781,88.30000305175781,88.30000305175781,88.30000305175781,800.0
2026-08-05 13:35:00,PAYO,,7.125,7.125,7.119999885559082,7.119999885559082,1000.0
2026-08-05 13:35:00,PAYX,,117.5,117.5,117.5,117.5,905.0
2026-08-05 13:35:00,PCAR,,134.47999572753906,134.52000427246094,134.47999572753906,134.50999450683594,1155.0
2026-08-05 13:35:00,PCRX,,24.65999984741211,24.65999984741211,24.6299991607666,24.645000457763672,1939.0
2026-08-05 13:35:00,PCT,,6.894999980926514,6.894999980926514,6.885000228881836,6.889999866485596,10279.0
2026-08-05 13:35:00,PCTY,,145.07249450683594,145.14999389648438,145.0050048828125,145.0050048828125,1774.0
2026-08-05 13:35:00,PDD,,90.90499877929688,90.91000366210938,90.87000274658203,90.9000015258789,5914.0
2026-08-05 13:35:00,PDFS,,50.04499816894531,50.04499816894531,49.93000030517578,49.93000030517578,1875.0
2026-08-05 13:35:00,PEBO,,41.7400016784668,41.7400016784668,41.73500061035156,41.73500061035156,1004.0
2026-08-05 13:35:00,PECO,,41.2599983215332,41.27000045776367,41.2599983215332,41.27000045776367,520.0
2026-08-05 13:35:00,PENN,,19.864999771118164,19.8700008392334,19.860000610351562,19.8700008392334,6666.0
2026-08-05 13:35:00,PEP,,138.7100067138672,138.735107421875,138.7100067138672,138.73500061035156,9392.0
2026-08-05 13:35:00,PEPG,,1.9800000190734863,1.9800000190734863,1.9800000190734863,1.9800000190734863,2115.0
2026-08-05 13:35:00,PESI,,17.78499984741211,17.78499984741211,17.78499984741211,17.78499984741211,1192.0
2026-08-05 13:35:00,PGC,,46.78499984741211,46.78499984741211,46.779998779296875,46.779998779296875,2301.0
2026-08-05 13:35:00,PGEN,,6.824999809265137,6.840000152587891,6.824999809265137,6.840000152587891,12092.0
2026-08-05 13:35:00,PGY,,21.774999618530273,21.780000686645508,21.704999923706055,21.719999313354492,8149.0
2026-08-05 13:35:00,PLMR,,133.78500366210938,134.27000427246094,133.78500366210938,134.27000427246094,1170.0
2026-08-05 13:35:00,PLPC,,467.54998779296875,467.54998779296875,467.54998779296875,467.54998779296875,175.0
2026-08-05 13:35:00,PLTK,,3.934999942779541,3.940000057220459,3.934999942779541,3.940000057220459,550.0
2026-08-05 13:35:00,PLUG,,2.0799999237060547,2.0850000381469727,2.0799999237060547,2.0850000381469727,9012.0
2026-08-05 13:35:00,PLXS,,275.95001220703125,275.95001220703125,275.6650085449219,275.6650085449219,229.0
2026-08-05 13:35:00,PNBK,,1.149899959564209,1.149899959564209,1.149899959564209,1.149899959564209,2598.0
2026-08-05 13:35:00,PNFP,,107.80000305175781,107.80000305175781,107.59750366210938,107.65499877929688,4550.0
2026-08-05 13:35:00,PNTG,,39.0099983215332,39.0099983215332,38.9900016784668,38.9900016784668,887.0
2026-08-05 13:35:00,POET,,8.350000381469727,8.350000381469727,8.34000015258789,8.350000381469727,2217.0
2026-08-05 13:35:00,POOL,,205.77999877929688,205.77999877929688,205.52999877929688,205.6199951171875,2012.0
2026-08-05 13:35:00,POWI,,61.755001068115234,61.755001068115234,61.755001068115234,61.755001068115234,370.0
2026-08-05 13:35:00,POWL,,212.3300018310547,212.3300018310547,212.19000244140625,212.19000244140625,539.0
2026-08-05 13:35:00,PPTA,,22.389999389648438,22.389999389648438,22.3799991607666,22.3799991607666,692.0
2026-08-05 13:35:00,PRAX,,316.552490234375,316.5975036621094,316.552490234375,316.5975036621094,274.0
2026-08-05 13:35:00,PRCH,,15.854999542236328,15.869999885559082,15.829999923706055,15.84000015258789,3565.0
2026-08-05 13:35:00,PRCT,,18.719999313354492,18.780000686645508,18.719999313354492,18.739999771118164,7810.0
2026-08-05 13:35:00,PRIM,,85.19000244140625,85.30999755859375,85.18000030517578,85.18000030517578,1231.0
2026-08-05 13:35:00,PRME,,3.065000057220459,3.065000057220459,3.065000057220459,3.065000057220459,11109.0
2026-08-05 13:35:00,PROK,,1.6411999464035034,1.6411999464035034,1.6411999464035034,1.6411999464035034,244.0
2026-08-05 13:35:00,PRQR,,1.9000999927520752,1.9000999927520752,1.9000999927520752,1.9000999927520752,309.0
2026-08-05 13:35:00,PRSO,,0.6891000270843506,0.6891000270843506,0.6891000270843506,0.6891000270843506,369.0
2026-08-05 13:35:00,PRVA,,24.190000534057617,24.274999618530273,24.190000534057617,24.274999618530273,10622.0
2026-08-05 13:35:00,PSEC,,2.184999942779541,2.190000057220459,2.180000066757202,2.180000066757202,1862.0
2026-08-05 13:35:00,PSNL,,13.489999771118164,13.489999771118164,13.479999542236328,13.479999542236328,1926.0
2026-08-05 13:35:00,PSNY,,14.104999542236328,14.210000038146973,14.100000381469727,14.100000381469727,3825.0
2026-08-05 13:35:00,PTC,,140.02499389648438,140.02499389648438,140.02499389648438,140.02499389648438,346.0
2026-08-05 13:35:00,PTCT,,68.95500183105469,68.95500183105469,68.95500183105469,68.95500183105469,649.0
2026-08-05 13:35:00,PTEN,,9.78499984741211,9.789999961853027,9.78499984741211,9.789999961853027,11401.0
2026-08-05 13:35:00,PTGX,,136.64999389648438,136.64999389648438,136.64999389648438,136.64999389648438,1498.0
2026-08-05 13:35:00,PTLO,,4.625,4.644999980926514,4.625,4.644999980926514,7499.0
2026-08-05 13:35:00,PTON,,6.514999866485596,6.514999866485596,6.5142998695373535,6.514999866485596,9094.0
2026-08-05 13:35:00,PWP,,17.399999618530273,17.399999618530273,17.3700008392334,17.3700008392334,3362.0
2026-08-05 13:35:00,PYPL,,58.28499984741211,58.28499984741211,58.27000045776367,58.279998779296875,5911.0
2026-08-05 13:35:00,PYXS,,3.1649999618530273,3.1700000762939453,3.1649999618530273,3.1700000762939453,1166.0
2026-08-05 13:35:00,PZZA,,30.09000015258789,30.100000381469727,30.0,30.045000076293945,56178.0
2026-08-05 13:35:00,QCOM,,157.83999633789062,157.83999633789062,157.7375030517578,157.7375030517578,10858.0
2026-08-05 13:35:00,QQQX,,30.477399826049805,30.477399826049805,30.477399826049805,30.477399826049805,198.0
2026-08-05 13:35:00,QRVO,,94.6500015258789,94.6500015258789,94.59500122070312,94.6050033569336,1642.0
2026-08-05 13:35:00,SEED,,1.0099999904632568,1.0099999904632568,1.0099999904632568,1.0099999904632568,304.0
2026-08-05 13:35:00,STIM,,2.2750000953674316,2.2750000953674316,2.2750000953674316,2.2750000953674316,426.0
2026-08-05 13:35:00,TARA,,4.034999847412109,4.034999847412109,4.034999847412109,4.034999847412109,277.0
2026-08-05 13:35:00,WOOF,,2.9649999141693115,2.9649999141693115,2.9600000381469727,2.9600000381469727,7336.0
2026-08-05 13:36:00,ACDC,,4.425000190734863,4.434999942779541,4.425000190734863,4.425000190734863,11319.0
2026-08-05 13:36:00,BPRN,,41.86000061035156,41.86000061035156,41.86000061035156,41.86000061035156,328.0
2026-08-05 13:36:00,EYE,,23.219999313354492,23.229999542236328,23.200000762939453,23.21500015258789,7213.0
2026-08-05 13:36:00,GLUE,,15.59000015258789,15.59000015258789,15.59000015258789,15.59000015258789,1927.0
2026-08-05 13:36:00,KIDS,,21.415000915527344,21.415000915527344,21.415000915527344,21.415000915527344,1424.0
2026-08-05 13:36:00,MBRX,,0.39899998903274536,0.39899998903274536,0.39899998903274536,0.39899998903274536,400.0
2026-08-05 13:36:00,MDB,,374.8299865722656,374.8299865722656,374.8299865722656,374.8299865722656,824.0
2026-08-05 13:36:00,MDLZ,,62.599998474121094,62.599998474121094,62.58000183105469,62.595001220703125,14960.0
2026-08-05 13:36:00,MLTX,,17.709999084472656,17.719999313354492,17.709999084472656,17.719999313354492,964.0
2026-08-05 13:36:00,MNRO,,13.229999542236328,13.229999542236328,13.229999542236328,13.229999542236328,1000.0
2026-08-05 13:36:00,MNST,,94.6449966430664,94.6500015258789,94.58000183105469,94.59500122070312,15290.0
2026-08-05 13:36:00,MPWR,,1339.1199951171875,1339.4599609375,1338.2850341796875,1338.2850341796875,342.0
2026-08-05 13:36:00,MRNA,,56.720001220703125,56.7400016784668,56.70000076293945,56.70000076293945,3606.0
2026-08-05 13:36:00,MVBF,,30.68000030517578,30.68000030517578,30.68000030517578,30.68000030517578,246.0
2026-08-05 13:36:00,MYGN,,3.140000104904175,3.140000104904175,3.125,3.125,9158.0
2026-08-05 13:36:00,NAMS,,27.489999771118164,27.514999389648438,27.489999771118164,27.489999771118164,1187.0
2026-08-05 13:36:00,NATR,,20.017000198364258,20.017000198364258,20.010000228881836,20.010000228881836,4271.0
2026-08-05 13:36:00,NAUT,,0.9398999810218811,0.9398999810218811,0.9398999810218811,0.9398999810218811,283.0
2026-08-05 13:36:00,NB,,5.099999904632568,5.099999904632568,5.099999904632568,5.099999904632568,31856.0
2026-08-05 13:36:00,NBIX,,163.2050018310547,163.2050018310547,163.2050018310547,163.2050018310547,869.0
2026-08-05 13:36:00,NDAQ,,94.94000244140625,94.9800033569336,94.9000015258789,94.95999908447266,2520.0
2026-08-05 13:36:00,NDSN,,311.6400146484375,311.6400146484375,311.6400146484375,311.6400146484375,119.0
2026-08-05 13:36:00,NECB,,27.360000610351562,27.360000610351562,27.360000610351562,27.360000610351562,108.0
2026-08-05 13:36:00,NEO,,16.020000457763672,16.020000457763672,16.014999389648438,16.014999389648438,2878.0
2026-08-05 13:36:00,NEOG,,11.614999771118164,11.614999771118164,11.609999656677246,11.609999656677246,2155.0
2026-08-05 13:36:00,NEOV,,2.831199884414673,2.8399999141693115,2.831199884414673,2.8399999141693115,2462.0
2026-08-05 13:36:00,NESR,,28.75,28.75,28.735000610351562,28.739999771118164,2090.0
2026-08-05 13:36:00,NEWT,,15.09000015258789,15.09000015258789,15.0649995803833,15.069999694824219,4796.0
2026-08-05 13:36:00,NEXT,,6.440000057220459,6.440899848937988,6.440000057220459,6.440899848937988,3625.0
2026-08-05 13:36:00,NFE,,0.3395000100135803,0.3395000100135803,0.33640000224113464,0.33799999952316284,1050.0
2026-08-05 13:36:00,NFLX,,73.5198974609375,73.5250015258789,73.49500274658203,73.5199966430664,20329.0
2026-08-05 13:36:00,NGNE,,35.560001373291016,35.560001373291016,35.560001373291016,35.560001373291016,261.0
2026-08-05 13:36:00,NICE,,99.05000305175781,99.05000305175781,99.04989624023438,99.04989624023438,2685.0
2026-08-05 13:36:00,NKSH,,41.2599983215332,41.2599983215332,41.2599983215332,41.2599983215332,447.0
2026-08-05 13:36:00,NKTR,,73.25499725341797,73.25499725341797,73.25499725341797,73.25499725341797,1296.0
2026-08-05 13:36:00,NMIH,,44.53499984741211,44.53499984741211,44.53499984741211,44.53499984741211,1343.0
2026-08-05 13:36:00,NMRK,,15.710000038146973,15.720000267028809,15.710000038146973,15.720000267028809,3738.0
2026-08-05 13:36:00,NN,,14.529999732971191,14.609999656677246,14.529999732971191,14.5600004196167,14588.0
2026-08-05 13:36:00,NNBR,,3.865000009536743,3.865000009536743,3.859999895095825,3.865000009536743,1029.0
2026-08-05 13:36:00,NNDM,,1.5513999462127686,1.559999942779541,1.5513999462127686,1.5549999475479126,1216.0
2026-08-05 13:36:00,NRIX,,25.030000686645508,25.030000686645508,25.020000457763672,25.020000457763672,1275.0
2026-08-05 13:36:00,NRXP,,3.059999942779541,3.059999942779541,3.059999942779541,3.059999942779541,146.0
2026-08-05 13:36:00,NTAP,,190.24000549316406,190.35000610351562,190.24000549316406,190.28500366210938,12264.0
2026-08-05 13:36:00,NTCT,,41.790000915527344,41.790000915527344,41.77000045776367,41.779998779296875,2823.0
2026-08-05 13:36:00,NTNX,,60.935001373291016,60.935001373291016,60.90999984741211,60.90999984741211,6825.0
2026-08-05 13:36:00,NTRA,,274.2049865722656,274.2049865722656,274.2049865722656,274.2049865722656,2774.0
2026-08-05 13:36:00,NTRB,,2.840100049972534,2.840100049972534,2.840100049972534,2.840100049972534,216.0
2026-08-05 13:36:00,NTRS,,184.0749969482422,184.0749969482422,183.9801025390625,184.07000732421875,1792.0
2026-08-05 13:36:00,NUWE,,1.6950000524520874,1.6950000524520874,1.6900999546051025,1.6900999546051025,4495.0
2026-08-05 13:36:00,NVAX,,7.635000228881836,7.635000228881836,7.625,7.630000114440918,18186.0
2026-08-05 13:36:00,NVCR,,16.059999465942383,16.059999465942383,16.059999465942383,16.059999465942383,1085.0
2026-08-05 13:36:00,NVDA,,221.0850067138672,221.14999389648438,220.97999572753906,221.0749969482422,107548.0
2026-08-05 13:36:00,NVTS,,12.494999885559082,12.520000457763672,12.484999656677246,12.494999885559082,18577.0
2026-08-05 13:36:00,NWBI,,15.970000267028809,15.970000267028809,15.970000267028809,15.970000267028809,788.0
2026-08-05 13:36:00,NWE,,68.69999694824219,68.69999694824219,68.69999694824219,68.69999694824219,353.0
2026-08-05 13:36:00,NWL,,6.289999961853027,6.295000076293945,6.289999961853027,6.289999961853027,10182.0
2026-08-05 13:36:00,NWS,,32.34000015258789,32.34000015258789,32.33000183105469,32.34000015258789,1266.0
2026-08-05 13:36:00,NWSA,,28.334999084472656,28.334999084472656,28.329999923706055,28.329999923706055,4122.0
2026-08-05 13:36:00,NXPI,,231.69000244140625,231.69000244140625,231.57000732421875,231.6699981689453,4170.0
2026-08-05 13:36:00,NXST,,191.44500732421875,191.44500732421875,191.44500732421875,191.44500732421875,367.0
2026-08-05 13:36:00,NXT,,99.08000183105469,99.08999633789062,99.05999755859375,99.05999755859375,1614.0
2026-08-05 13:36:00,NXTC,,5.050000190734863,5.050000190734863,5.050000190734863,5.050000190734863,129.0
2026-08-05 13:36:00,OBIO,,4.215000152587891,4.215000152587891,4.215000152587891,4.215000152587891,2363.0
2026-08-05 13:36:00,OCFC,,19.899999618530273,19.899999618530273,19.899999618530273,19.899999618530273,394.0
2026-08-05 13:36:00,OCGN,,1.2900999784469604,1.2999999523162842,1.2899999618530273,1.2899999618530273,40193.0
2026-08-05 13:36:00,OCS,,12.024999618530273,12.024999618530273,12.024999618530273,12.024999618530273,689.0
2026-08-05 13:36:00,OCSL,,12.095000267028809,12.100000381469727,12.095000267028809,12.100000381469727,3356.0
2026-08-05 13:36:00,OCUL,,8.600000381469727,8.600000381469727,8.585000038146973,8.585000038146973,3915.0
2026-08-05 13:36:00,ODFL,,213.64500427246094,213.64500427246094,213.64500427246094,213.64500427246094,600.0
2026-08-05 13:36:00,OKTA,,148.3699951171875,148.3699951171875,148.15750122070312,148.15750122070312,2638.0
2026-08-05 13:36:00,OLLI,,78.15570068359375,78.2699966430664,78.15570068359375,78.2699966430664,973.0
2026-08-05 13:36:00,OLMA,,11.600000381469727,11.600000381469727,11.579999923706055,11.579999923706055,2939.0
2026-08-05 13:36:00,OM,,5.010000228881836,5.010000228881836,5.010000228881836,5.010000228881836,5.0
2026-08-05 13:36:00,OMCL,,37.435001373291016,37.435001373291016,37.38999938964844,37.38999938964844,1650.0
2026-08-05 13:36:00,OMER,,12.859999656677246,12.859999656677246,12.859999656677246,12.859999656677246,919.0
2026-08-05 13:36:00,OMH,,0.11569999903440475,0.11569999903440475,0.11569999903440475,0.11569999903440475,0.0
2026-08-05 13:36:00,ON,,77.63500213623047,77.7300033569336,77.625,77.66000366210938,19389.0
2026-08-05 13:36:00,ONB,,27.06999969482422,27.06999969482422,27.065000534057617,27.065000534057617,2160.0
2026-08-05 13:36:00,ONCY,,0.796999990940094,0.796999990940094,0.796999990940094,0.796999990940094,2553.0
2026-08-05 13:36:00,ONDS,,8.925000190734863,8.9399995803833,8.925000190734863,8.9350004196167,319265.0
2026-08-05 13:36:00,ONFO,,0.07339999824762344,0.07339999824762344,0.07329999655485153,0.07329999655485153,4591.0
2026-08-05 13:36:00,OPAL,,2.3499999046325684,2.3499999046325684,2.3459999561309814,2.3459999561309814,311.0
2026-08-05 13:36:00,OPCH,,23.440000534057617,23.440000534057617,23.440000534057617,23.440000534057617,1248.0
2026-08-05 13:36:00,OPEN,,3.7999000549316406,3.799999952316284,3.7899999618530273,3.7950000762939453,44914.0
2026-08-05 13:36:00,OPHC,,8.574999809265137,8.649999618530273,8.574999809265137,8.630000114440918,1973.0
2026-08-05 13:36:00,OPK,,1.315000057220459,1.315000057220459,1.315000057220459,1.315000057220459,469.0
2026-08-05 13:36:00,OPRT,,6.179999828338623,6.179999828338623,6.179999828338623,6.179999828338623,131.0
2026-08-05 13:36:00,ORIC,,13.045000076293945,13.045000076293945,13.024999618530273,13.024999618530273,1941.0
2026-08-05 13:36:00,ORLY,,93.5199966430664,93.5199966430664,93.5,93.51000213623047,2843.0
2026-08-05 13:36:00,OSPN,,16.68000030517578,16.68000030517578,16.6299991607666,16.6299991607666,1648.0
2026-08-05 13:36:00,OSS,,14.069999694824219,14.069999694824219,14.069999694824219,14.069999694824219,206.0
2026-08-05 13:36:00,OSUR,,4.121099948883057,4.125,4.121099948883057,4.125,3202.0
2026-08-05 13:36:00,OTEX,,25.940000534057617,25.94499969482422,25.93899917602539,25.94499969482422,2816.0
2026-08-05 13:36:00,OTLK,,1.0298999547958374,1.0298999547958374,1.0298999547958374,1.0298999547958374,250.0
2026-08-05 13:36:00,OVBC,,42.66999816894531,42.66999816894531,42.66999816894531,42.66999816894531,723.0
2026-08-05 13:36:00,OVID,,2.609999895095825,2.609999895095825,2.609999895095825,2.609999895095825,642.0
2026-08-05 13:36:00,OXSQ,,1.5049999952316284,1.5049999952316284,1.5049999952316284,1.5049999952316284,335.0
2026-08-05 13:36:00,PAA,,23.174999237060547,23.174999237060547,23.165000915527344,23.165000915527344,5254.0
2026-08-05 13:36:00,PAAS,,48.064998626708984,48.119998931884766,48.060001373291016,48.099998474121094,5672.0
2026-08-05 13:36:00,PACB,,1.350000023841858,1.3550000190734863,1.350000023841858,1.350000023841858,3122.0
2026-08-05 13:36:00,PAGP,,25.139999389648438,25.139999389648438,25.139999389648438,25.139999389648438,4132.0
2026-08-05 13:36:00,PAHC,,35.599998474121094,35.599998474121094,35.599998474121094,35.599998474121094,333.0
2026-08-05 13:36:00,PALI,,2.1050000190734863,2.1050000190734863,2.0999999046325684,2.0999999046325684,10687.0
2026-08-05 13:36:00,PANW,,365.3800048828125,365.3800048828125,365.0299987792969,365.0299987792969,4096.0
2026-08-05 13:36:00,PAX,,11.400899887084961,11.404999732971191,11.400899887084961,11.404999732971191,2854.0
2026-08-05 13:36:00,PAYO,,7.125,7.130000114440918,7.125,7.130000114440918,719.0
2026-08-05 13:36:00,PAYS,,9.15999984741211,9.15999984741211,9.15999984741211,9.15999984741211,115.0
2026-08-05 13:36:00,PAYX,,117.45999908447266,117.4800033569336,117.45999908447266,117.4800033569336,1757.0
2026-08-05 13:36:00,PBYI,,8.0,8.0,8.0,8.0,1073.0
2026-08-05 13:36:00,PCAR,,134.3699951171875,134.5,134.3699951171875,134.47500610351562,2997.0
2026-08-05 13:36:00,PCRX,,24.655000686645508,24.719999313354492,24.655000686645508,24.700000762939453,2674.0
2026-08-05 13:36:00,PCT,,6.894999980926514,6.900000095367432,6.894999980926514,6.900000095367432,1455.0
2026-08-05 13:36:00,PCTY,,145.2100067138672,145.2100067138672,145.06500244140625,145.06500244140625,775.0
2026-08-05 13:36:00,PDD,,90.88999938964844,90.91999816894531,90.88999938964844,90.91000366210938,3363.0
2026-08-05 13:36:00,PDEX,,67.33000183105469,67.51499938964844,67.33000183105469,67.51499938964844,1189.0
2026-08-05 13:36:00,PDFS,,49.90299987792969,49.90299987792969,49.90299987792969,49.90299987792969,885.0
2026-08-05 13:36:00,PEBO,,41.744998931884766,41.744998931884766,41.744998931884766,41.744998931884766,195.0
2026-08-05 13:36:00,PECO,,41.2400016784668,41.25,41.22999954223633,41.25,2454.0
2026-08-05 13:36:00,PEGA,,31.829999923706055,31.829999923706055,31.825000762939453,31.829999923706055,1708.0
2026-08-05 13:36:00,PENN,,19.850000381469727,19.860000610351562,19.850000381469727,19.860000610351562,4473.0
2026-08-05 13:36:00,PEP,,138.71499633789062,138.72999572753906,138.6999969482422,138.7100067138672,5576.0
2026-08-05 13:36:00,PERI,,9.5600004196167,9.5600004196167,9.555000305175781,9.555000305175781,486.0
2026-08-05 13:36:00,PGEN,,6.835000038146973,6.835000038146973,6.820000171661377,6.820000171661377,8946.0
2026-08-05 13:36:00,PGNY,,31.770000457763672,31.770000457763672,31.760000228881836,31.760000228881836,567.0
2026-08-05 13:36:00,PGY,,21.770000457763672,21.799999237060547,21.770000457763672,21.780000686645508,5110.0
2026-08-05 13:36:00,PHVS,,33.619998931884766,33.619998931884766,33.619998931884766,33.619998931884766,133.0
2026-08-05 13:36:00,PLPC,,467.8500061035156,467.8500061035156,467.8399963378906,467.8399963378906,1322.0
2026-08-05 13:36:00,PLTK,,3.934999942779541,3.934999942779541,3.934999942779541,3.934999942779541,688.0
2026-08-05 13:36:00,PLUG,,2.0899999141693115,2.0899999141693115,2.0799999237060547,2.0850000381469727,26352.0
2026-08-05 13:36:00,PLXS,,275.8800048828125,275.95001220703125,275.8800048828125,275.94000244140625,1271.0
2026-08-05 13:36:00,PNFP,,107.79000091552734,107.79000091552734,107.79000091552734,107.79000091552734,949.0
2026-08-05 13:36:00,PNTG,,39.02000045776367,39.02000045776367,39.02000045776367,39.02000045776367,335.0
2026-08-05 13:36:00,POET,,8.359999656677246,8.364999771118164,8.359999656677246,8.359999656677246,12152.0
2026-08-05 13:36:00,POOL,,205.69000244140625,205.69000244140625,205.69000244140625,205.69000244140625,123.0
2026-08-05 13:36:00,POWI,,61.86000061035156,61.86000061035156,61.779998779296875,61.84000015258789,1267.0
2026-08-05 13:36:00,POWL,,212.3699951171875,212.3699951171875,212.36500549316406,212.36500549316406,254.0
2026-08-05 13:36:00,PPTA,,22.3799991607666,22.38789939880371,22.3799991607666,22.38789939880371,1737.0
2026-08-05 13:36:00,PRAX,,317.0,317.0,317.0,317.0,453.0
2026-08-05 13:36:00,PRCH,,15.869999885559082,15.869999885559082,15.859999656677246,15.859999656677246,1811.0
2026-08-05 13:36:00,PRCT,,18.649999618530273,18.739999771118164,18.649999618530273,18.709999084472656,5944.0
2026-08-05 13:36:00,PRGS,,42.23500061035156,42.23500061035156,42.20000076293945,42.20000076293945,1122.0
2026-08-05 13:36:00,PRIM,,84.98999786376953,85.18000030517578,84.91999816894531,85.18000030517578,5198.0
2026-08-05 13:36:00,PRME,,3.069999933242798,3.069999933242798,3.069999933242798,3.069999933242798,865.0
2026-08-05 13:36:00,PRQR,,1.9049999713897705,1.9049999713897705,1.9049999713897705,1.9049999713897705,1236.0
2026-08-05 13:36:00,PRTA,,8.489999771118164,8.489999771118164,8.489999771118164,8.489999771118164,279.0
2026-08-05 13:36:00,PSEC,,2.190000057220459,2.190000057220459,2.180000066757202,2.190000057220459,2426.0
2026-08-05 13:36:00,PSMT,,192.44000244140625,192.44000244140625,192.44000244140625,192.44000244140625,340.0
2026-08-05 13:36:00,PSNL,,13.479999542236328,13.484999656677246,13.479999542236328,13.484999656677246,1046.0
2026-08-05 13:36:00,PSNY,,14.149999618530273,14.149999618530273,14.114999771118164,14.114999771118164,812.0
2026-08-05 13:36:00,PTC,,140.00999450683594,140.00999450683594,140.00999450683594,140.00999450683594,800.0
2026-08-05 13:36:00,PTCT,,69.01000213623047,69.01000213623047,68.95500183105469,68.95500183105469,2688.0
2026-08-05 13:36:00,PTEN,,9.78499984741211,9.789999961853027,9.78499984741211,9.78499984741211,4811.0
2026-08-05 13:36:00,PTGX,,136.5800018310547,136.5800018310547,136.5800018310547,136.5800018310547,853.0
2026-08-05 13:36:00,PTLO,,4.621099948883057,4.621099948883057,4.621099948883057,4.621099948883057,297.0
2026-08-05 13:36:00,PTON,,6.514999866485596,6.514999866485596,6.514999866485596,6.514999866485596,2083.0
2026-08-05 13:36:00,PWP,,17.385000228881836,17.385000228881836,17.385000228881836,17.385000228881836,1958.0
2026-08-05 13:36:00,PYPD,,4.559999942779541,4.559999942779541,4.559999942779541,4.559999942779541,933.0
2026-08-05 13:36:00,PYPL,,58.23509979248047,58.279998779296875,58.209999084472656,58.279998779296875,10558.0
2026-08-05 13:36:00,PZZA,,30.030000686645508,30.06999969482422,29.97330093383789,30.059999465942383,27278.0
2026-08-05 13:36:00,QCOM,,157.77999877929688,157.91000366210938,157.76499938964844,157.85000610351562,9419.0
2026-08-05 13:36:00,QCRH,,105.41000366210938,105.41000366210938,105.41000366210938,105.41000366210938,885.0
2026-08-05 13:36:00,QRVO,,94.61499786376953,94.66999816894531,94.61499786376953,94.6500015258789,2516.0
2026-08-05 13:36:00,SEED,,1.0049999952316284,1.0099999904632568,1.0049999952316284,1.0049999952316284,900.0
2026-08-05 13:36:00,STIM,,2.2850000858306885,2.2850000858306885,2.2799999713897705,2.2799999713897705,1200.0
2026-08-05 13:36:00,TARA,,4.034999847412109,4.034999847412109,4.034999847412109,4.034999847412109,256.0
2026-08-05 13:37:00,ACDC,,4.425000190734863,4.425000190734863,4.420000076293945,4.425000190734863,14838.0
2026-08-05 13:37:00,EYE,,23.219999313354492,23.219999313354492,23.219999313354492,23.219999313354492,807.0
2026-08-05 13:37:00,FIZZ,,32.119998931884766,32.119998931884766,32.119998931884766,32.119998931884766,161.0
2026-08-05 13:37:00,GLUE,,15.59000015258789,15.59000015258789,15.59000015258789,15.59000015258789,158.0
2026-08-05 13:37:00,KTTA,,0.4693000018596649,0.4693000018596649,0.4693000018596649,0.4693000018596649,1823.0
2026-08-05 13:37:00,LUNG,,1.9850000143051147,1.9902000427246094,1.9800000190734863,1.9900000095367432,3158.0
2026-08-05 13:37:00,MBRX,,0.39899998903274536,0.39899998903274536,0.39899998903274536,0.39899998903274536,240.0
2026-08-05 13:37:00,MDB,,375.0350036621094,375.0350036621094,375.0350036621094,375.0350036621094,332.0
2026-08-05 13:37:00,MDLZ,,62.6349983215332,62.64500045776367,62.599998474121094,62.61000061035156,32412.0
2026-08-05 13:37:00,MNPR,,119.53500366210938,119.53500366210938,119.33999633789062,119.33999633789062,981.0
2026-08-05 13:37:00,MNST,,94.66000366210938,94.66000366210938,94.63500213623047,94.66000366210938,13442.0
2026-08-05 13:37:00,MNTS,,4.260000228881836,4.260000228881836,4.260000228881836,4.260000228881836,285.0
2026-08-05 13:37:00,MPWR,,1339.4300537109375,1339.4300537109375,1338.1199951171875,1338.31005859375,510.0
2026-08-05 13:37:00,MRNA,,56.70249938964844,56.70249938964844,56.692501068115234,56.70000076293945,6828.0
2026-08-05 13:37:00,MYGN,,3.1500000953674316,3.1500000953674316,3.140000104904175,3.140000104904175,3827.0
2026-08-05 13:37:00,NAMS,,27.40999984741211,27.440000534057617,27.40999984741211,27.43000030517578,1576.0
2026-08-05 13:37:00,NAUT,,0.9387000203132629,0.9387000203132629,0.9376000165939331,0.9376000165939331,579.0
2026-08-05 13:37:00,NB,,5.114999771118164,5.114999771118164,5.110000133514404,5.110000133514404,5056.0
2026-08-05 13:37:00,NBIX,,163.2698974609375,163.2698974609375,163.05999755859375,163.05999755859375,747.0
2026-08-05 13:37:00,NDAQ,,94.91500091552734,94.91500091552734,94.91500091552734,94.91500091552734,200.0
2026-08-05 13:37:00,NDSN,,311.4800109863281,311.5199890136719,311.4100036621094,311.5199890136719,1187.0
2026-08-05 13:37:00,NECB,,27.420000076293945,27.420000076293945,27.420000076293945,27.420000076293945,488.0
2026-08-05 13:37:00,NEGG,,16.920000076293945,16.920000076293945,16.920000076293945,16.920000076293945,102.0
2026-08-05 13:37:00,NEO,,16.020000457763672,16.020000457763672,16.020000457763672,16.020000457763672,967.0
2026-08-05 13:37:00,NEOG,,11.600000381469727,11.625,11.600000381469727,11.614999771118164,15121.0
2026-08-05 13:37:00,NEOV,,2.8450000286102295,2.8450000286102295,2.8399999141693115,2.8399999141693115,751.0
2026-08-05 13:37:00,NEXT,,6.445000171661377,6.445000171661377,6.440000057220459,6.440000057220459,4221.0
2026-08-05 13:37:00,NFE,,0.3395000100135803,0.3395000100135803,0.3395000100135803,0.3395000100135803,160.0
2026-08-05 13:37:00,NFLX,,73.50499725341797,73.51499938964844,73.49500274658203,73.51499938964844,21096.0
2026-08-05 13:37:00,NICE,,98.98999786376953,98.98999786376953,98.98999786376953,98.98999786376953,1065.0
2026-08-05 13:37:00,NKSH,,40.97999954223633,40.97999954223633,40.97999954223633,40.97999954223633,138.0
2026-08-05 13:37:00,NKTX,,2.2149999141693115,2.2149999141693115,2.2149999141693115,2.2149999141693115,272.0
2026-08-05 13:37:00,NMRK,,15.710000038146973,15.710000038146973,15.710000038146973,15.710000038146973,260.0
2026-08-05 13:37:00,NNBR,,3.869999885559082,3.869999885559082,3.865000009536743,3.865000009536743,1131.0
2026-08-05 13:37:00,NNDM,,1.559999942779541,1.559999942779541,1.5549999475479126,1.5549999475479126,100.0
2026-08-05 13:37:00,NPCE,,13.354999542236328,13.354999542236328,13.354999542236328,13.354999542236328,428.0
2026-08-05 13:37:00,NRIX,,24.989999771118164,25.0,24.989999771118164,25.0,1687.0
2026-08-05 13:37:00,NRSN,,0.5313000082969666,0.5313000082969666,0.5313000082969666,0.5313000082969666,500.0
2026-08-05 13:37:00,NRXP,,3.055000066757202,3.069999933242798,3.055000066757202,3.069999933242798,6714.0
2026-08-05 13:37:00,NTAP,,190.1999969482422,190.27499389648438,190.1999969482422,190.27000427246094,2857.0
2026-08-05 13:37:00,NTCT,,41.81999969482422,41.81999969482422,41.81999969482422,41.81999969482422,550.0
2026-08-05 13:37:00,NTNX,,60.875,60.935001373291016,60.869998931884766,60.935001373291016,4735.0
2026-08-05 13:37:00,NVAX,,7.635000228881836,7.635000228881836,7.635000228881836,7.635000228881836,806.0
2026-08-05 13:37:00,NVCR,,16.040000915527344,16.059999465942383,16.040000915527344,16.059999465942383,1487.0
2026-08-05 13:37:00,NVCT,,20.202499389648438,20.202499389648438,20.18000030517578,20.18000030517578,828.0
2026-08-05 13:37:00,NVDA,,221.0850067138672,221.17999267578125,221.0,221.0800018310547,188011.0
2026-08-05 13:37:00,NVMI,,408.0350036621094,408.0849914550781,408.0350036621094,408.0849914550781,522.0
2026-08-05 13:37:00,NVTS,,12.475000381469727,12.494999885559082,12.470000267028809,12.494999885559082,4541.0
2026-08-05 13:37:00,NWBI,,15.960200309753418,15.960200309753418,15.960200309753418,15.960200309753418,417.0
2026-08-05 13:37:00,NWL,,6.295000076293945,6.295000076293945,6.289999961853027,6.289999961853027,2509.0
2026-08-05 13:37:00,NWS,,32.33000183105469,32.33000183105469,32.33000183105469,32.33000183105469,601.0
2026-08-05 13:37:00,NWSA,,28.329999923706055,28.329999923706055,28.329999923706055,28.329999923706055,3078.0
2026-08-05 13:37:00,NXPI,,231.68499755859375,231.68499755859375,231.57000732421875,231.68499755859375,1909.0
2026-08-05 13:37:00,NXT,,99.00499725341797,99.00499725341797,98.98999786376953,98.98999786376953,2265.0
2026-08-05 13:37:00,OBIO,,4.215000152587891,4.215000152587891,4.215000152587891,4.215000152587891,725.0
2026-08-05 13:37:00,OCFC,,19.899999618530273,19.899999618530273,19.899999618530273,19.899999618530273,108.0
2026-08-05 13:37:00,OCGN,,1.2899999618530273,1.2999999523162842,1.2899999618530273,1.2899999618530273,31728.0
2026-08-05 13:37:00,OCSL,,12.095000267028809,12.095000267028809,12.095000267028809,12.095000267028809,200.0
2026-08-05 13:37:00,ODFL,,213.63999938964844,213.63999938964844,213.57000732421875,213.57000732421875,1643.0
2026-08-05 13:37:00,OFIX,,10.399999618530273,10.404999732971191,10.385000228881836,10.404999732971191,6448.0
2026-08-05 13:37:00,OKTA,,148.44000244140625,148.44000244140625,148.24000549316406,148.42999267578125,910.0
2026-08-05 13:37:00,OLLI,,78.0999984741211,78.16999816894531,78.0999984741211,78.12000274658203,1497.0
2026-08-05 13:37:00,OLMA,,11.600000381469727,11.600000381469727,11.600000381469727,11.600000381469727,1472.0
2026-08-05 13:37:00,OMCL,,37.42499923706055,37.42499923706055,37.42499923706055,37.42499923706055,477.0
2026-08-05 13:37:00,OMER,,12.845000267028809,12.850000381469727,12.845000267028809,12.850000381469727,2388.0
2026-08-05 13:37:00,OMH,,0.11580000072717667,0.11630000174045563,0.11559999734163284,0.11569999903440475,9235.0
2026-08-05 13:37:00,ON,,77.62999725341797,77.6500015258789,77.56999969482422,77.62000274658203,12786.0
2026-08-05 13:37:00,ONB,,27.065000534057617,27.06999969482422,27.065000534057617,27.06999969482422,8800.0
2026-08-05 13:37:00,ONDS,,8.934300422668457,8.949999809265137,8.920000076293945,8.925000190734863,601657.0
2026-08-05 13:37:00,ONFO,,0.07339999824762344,0.07339999824762344,0.07339999824762344,0.07339999824762344,12368.0
2026-08-05 13:37:00,OPAL,,2.3499999046325684,2.3499999046325684,2.3499999046325684,2.3499999046325684,204.0
2026-08-05 13:37:00,OPCH,,23.450000762939453,23.450000762939453,23.440000534057617,23.440000534057617,2268.0
2026-08-05 13:37:00,OPEN,,3.815000057220459,3.819999933242798,3.7950000762939453,3.7950000762939453,209823.0
2026-08-05 13:37:00,OPHC,,8.574999809265137,8.574999809265137,8.574999809265137,8.574999809265137,234.0
2026-08-05 13:37:00,OPK,,1.315000057220459,1.315000057220459,1.315000057220459,1.315000057220459,595.0
2026-08-05 13:37:00,OPRT,,6.179999828338623,6.179999828338623,6.179999828338623,6.179999828338623,191.0
2026-08-05 13:37:00,OPRX,,6.960000038146973,6.960000038146973,6.920000076293945,6.920000076293945,3178.0
2026-08-05 13:37:00,ORGO,,2.3350000381469727,2.3399999141693115,2.3299999237060547,2.3299999237060547,2634.0
2026-08-05 13:37:00,ORIC,,13.055000305175781,13.055000305175781,13.055000305175781,13.055000305175781,618.0
2026-08-05 13:37:00,ORLY,,93.50499725341797,93.5199966430664,93.50499725341797,93.5199966430664,3708.0
2026-08-05 13:37:00,OSPN,,16.697500228881836,16.697500228881836,16.697500228881836,16.697500228881836,585.0
2026-08-05 13:37:00,OSS,,14.020000457763672,14.0649995803833,13.979999542236328,14.0600004196167,8101.0
2026-08-05 13:37:00,OSUR,,4.125,4.125,4.125,4.125,244.0
2026-08-05 13:37:00,OTEX,,25.950000762939453,25.950000762939453,25.950000762939453,25.950000762939453,919.0
2026-08-05 13:37:00,OTLK,,1.024999976158142,1.024999976158142,1.0200999975204468,1.0200999975204468,6878.0
2026-08-05 13:37:00,OVID,,2.609999895095825,2.609999895095825,2.609999895095825,2.609999895095825,366.0
2026-08-05 13:37:00,OXLC,,9.154999732971191,9.154999732971191,9.154999732971191,9.154999732971191,351.0
2026-08-05 13:37:00,OXSQ,,1.5049999952316284,1.5049999952316284,1.5049999952316284,1.5049999952316284,1186.0
2026-08-05 13:37:00,PAA,,23.165000915527344,23.165000915527344,23.165000915527344,23.165000915527344,1301.0
2026-08-05 13:37:00,PAAS,,48.09000015258789,48.099998474121094,48.05929946899414,48.060001373291016,3720.0
2026-08-05 13:37:00,PACB,,1.3487000465393066,1.350100040435791,1.340000033378601,1.350000023841858,92302.0
2026-08-05 13:37:00,PAGP,,25.1299991607666,25.1299991607666,25.1299991607666,25.1299991607666,868.0
2026-08-05 13:37:00,PANL,,7.210000038146973,7.210000038146973,7.210000038146973,7.210000038146973,563.0
2026-08-05 13:37:00,PANW,,365.44000244140625,365.44000244140625,365.1600036621094,365.2200012207031,4608.0
2026-08-05 13:37:00,PAX,,11.395000457763672,11.395000457763672,11.395000457763672,11.395000457763672,569.0
2026-08-05 13:37:00,PAYO,,7.119999885559082,7.125,7.119999885559082,7.119999885559082,4684.0
2026-08-05 13:37:00,PAYX,,117.43000030517578,117.4749984741211,117.43000030517578,117.44000244140625,3225.0
2026-08-05 13:37:00,PCAR,,134.3800048828125,134.3800048828125,134.3699951171875,134.3699951171875,1495.0
2026-08-05 13:37:00,PCRX,,24.65999984741211,24.65999984741211,24.65999984741211,24.65999984741211,240.0
2026-08-05 13:37:00,PCT,,6.89709997177124,6.89709997177124,6.894999980926514,6.894999980926514,4018.0
2026-08-05 13:37:00,PCTY,,145.17999267578125,145.3249969482422,145.17999267578125,145.3249969482422,743.0
2026-08-05 13:37:00,PDD,,90.88269805908203,90.88269805908203,90.87999725341797,90.87999725341797,2381.0
2026-08-05 13:37:00,PECO,,41.220001220703125,41.220001220703125,41.220001220703125,41.220001220703125,1208.0
2026-08-05 13:37:00,PEGA,,31.854999542236328,31.854999542236328,31.84000015258789,31.84000015258789,829.0
2026-08-05 13:37:00,PEP,,138.74000549316406,138.7550048828125,138.72999572753906,138.72999572753906,3024.0
2026-08-05 13:37:00,PFG,,114.31999969482422,114.31999969482422,114.2300033569336,114.2300033569336,5073.0
2026-08-05 13:37:00,PGEN,,6.804999828338623,6.835000038146973,6.769999980926514,6.835000038146973,85985.0
2026-08-05 13:37:00,PGY,,21.790000915527344,21.790000915527344,21.770000457763672,21.770000457763672,1494.0
2026-08-05 13:37:00,PHAT,,8.454999923706055,8.454999923706055,8.454999923706055,8.454999923706055,1081.0
2026-08-05 13:37:00,PLMR,,133.90499877929688,133.90499877929688,133.90499877929688,133.90499877929688,356.0
2026-08-05 13:37:00,PLTK,,3.934999942779541,3.950000047683716,3.934999942779541,3.940000057220459,52959.0
2026-08-05 13:37:00,PLUG,,2.0850000381469727,2.0899999141693115,2.0799999237060547,2.0799999237060547,67842.0
2026-08-05 13:37:00,PLXS,,276.010009765625,276.010009765625,276.0,276.0,1538.0
2026-08-05 13:37:00,PNFP,,107.7300033569336,107.7300033569336,107.7300033569336,107.7300033569336,418.0
2026-08-05 13:37:00,POET,,8.354999542236328,8.354999542236328,8.354999542236328,8.354999542236328,2770.0
2026-08-05 13:37:00,POOL,,205.77000427246094,205.77000427246094,205.77000427246094,205.77000427246094,261.0
2026-08-05 13:37:00,POWI,,61.77000045776367,61.779998779296875,61.77000045776367,61.779998779296875,852.0
2026-08-05 13:37:00,POWL,,212.50999450683594,212.50999450683594,212.125,212.27499389648438,720.0
2026-08-05 13:37:00,PPC,,26.434999465942383,26.434999465942383,26.434999465942383,26.434999465942383,891.0
2026-08-05 13:37:00,PPTA,,22.41900062561035,22.420000076293945,22.399999618530273,22.399999618530273,1596.0
2026-08-05 13:37:00,PRAX,,317.5400085449219,317.5400085449219,316.92498779296875,317.05999755859375,324.0
2026-08-05 13:37:00,PRCT,,18.709999084472656,18.709999084472656,18.610000610351562,18.635000228881836,6784.0
2026-08-05 13:37:00,PRIM,,84.98500061035156,85.0,84.98500061035156,84.98500061035156,1030.0
2026-08-05 13:37:00,PRLD,,4.574999809265137,4.574999809265137,4.574999809265137,4.574999809265137,745.0
2026-08-05 13:37:00,PRME,,3.065000057220459,3.065000057220459,3.065000057220459,3.065000057220459,357.0
2026-08-05 13:37:00,PROK,,1.6349999904632568,1.6449999809265137,1.6349999904632568,1.6449999809265137,17115.0
2026-08-05 13:37:00,PRQR,,1.9049999713897705,1.9049999713897705,1.9049999713897705,1.9049999713897705,1021.0
2026-08-05 13:37:00,PRVA,,24.204999923706055,24.209999084472656,24.204999923706055,24.209999084472656,1646.0
2026-08-05 13:37:00,PSEC,,2.190000057220459,2.190000057220459,2.184999942779541,2.190000057220459,1758.0
2026-08-05 13:37:00,PSNL,,13.484999656677246,13.484999656677246,13.484999656677246,13.484999656677246,881.0
2026-08-05 13:37:00,PSNY,,14.154999732971191,14.154999732971191,14.154999732971191,14.154999732971191,191.0
2026-08-05 13:37:00,PTC,,140.00999450683594,140.00999450683594,140.00999450683594,140.00999450683594,594.0
2026-08-05 13:37:00,PTCT,,68.95500183105469,68.95500183105469,68.95500183105469,68.95500183105469,894.0
2026-08-05 13:37:00,PTEN,,9.789999961853027,9.795000076293945,9.789999961853027,9.789999961853027,6261.0
2026-08-05 13:37:00,PTLO,,4.625,4.625,4.625,4.625,230.0
2026-08-05 13:37:00,PTON,,6.505000114440918,6.514999866485596,6.5,6.510000228881836,17253.0
2026-08-05 13:37:00,PWP,,17.3799991607666,17.385000228881836,17.3700008392334,17.385000228881836,1703.0
2026-08-05 13:37:00,PYPD,,4.587500095367432,4.590000152587891,4.579999923706055,4.579999923706055,1138.0
2026-08-05 13:37:00,PYPL,,58.25,58.25,58.2400016784668,58.25,4057.0
2026-08-05 13:37:00,PYXS,,3.1600000858306885,3.1649999618530273,3.1600000858306885,3.1649999618530273,578.0
2026-08-05 13:37:00,PZZA,,30.03499984741211,30.079999923706055,30.030000686645508,30.040000915527344,8011.0
2026-08-05 13:37:00,QCOM,,157.8699951171875,157.9199981689453,157.74000549316406,157.7899932861328,9505.0
2026-08-05 13:37:00,QFIN,,13.194999694824219,13.194999694824219,13.194999694824219,13.194999694824219,136.0
2026-08-05 13:37:00,QRVO,,94.63999938964844,94.63999938964844,94.62000274658203,94.62000274658203,661.0
2026-08-05 13:37:00,SEED,,1.0049999952316284,1.0099999904632568,1.0,1.0049999952316284,1246.0
2026-08-05 13:37:00,TARA,,4.039999961853027,4.039999961853027,4.034999847412109,4.034999847412109,370.0
2026-08-05 13:37:00,WOOF,,2.9649999141693115,2.9649999141693115,2.9649999141693115,2.9649999141693115,4580.0
2026-08-05 13:38:00,ACDC,,4.425000190734863,4.425000190734863,4.425000190734863,4.425000190734863,1066.0
2026-08-05 13:38:00,BPOP,,177.4600067138672,177.4600067138672,177.4499969482422,177.4600067138672,464.0
2026-08-05 13:38:00,BPRN,,41.744998931884766,41.744998931884766,41.744998931884766,41.744998931884766,385.0
2026-08-05 13:38:00,DTIL,,7.473100185394287,7.473100185394287,7.473100185394287,7.473100185394287,519.0
2026-08-05 13:38:00,EYE,,23.200000762939453,23.209999084472656,23.200000762939453,23.209999084472656,2150.0
2026-08-05 13:38:00,FIZZ,,32.11000061035156,32.11000061035156,32.11000061035156,32.11000061035156,831.0
2026-08-05 13:38:00,GLUE,,15.550000190734863,15.59000015258789,15.550000190734863,15.59000015258789,4456.0
2026-08-05 13:38:00,KIDS,,21.389999389648438,21.405000686645508,21.31999969482422,21.3700008392334,4261.0
2026-08-05 13:38:00,LUNG,,1.9850000143051147,1.9850000143051147,1.9850000143051147,1.9850000143051147,222.0
2026-08-05 13:38:00,MBRX,,0.39899998903274536,0.39899998903274536,0.39899998903274536,0.39899998903274536,667.0
2026-08-05 13:38:00,MDB,,374.9599914550781,375.0400085449219,374.8999938964844,375.0400085449219,1874.0
2026-08-05 13:38:00,MDLZ,,62.63999938964844,62.654998779296875,62.625,62.63999938964844,21787.0
2026-08-05 13:38:00,MNST,,94.63999938964844,94.66999816894531,94.63500213623047,94.6604995727539,6831.0
2026-08-05 13:38:00,MNTS,,4.260000228881836,4.260000228881836,4.260000228881836,4.260000228881836,570.0
2026-08-05 13:38:00,MOVE,,12.015000343322754,12.015000343322754,12.015000343322754,12.015000343322754,179.0
2026-08-05 13:38:00,MPWR,,1339.02001953125,1339.02001953125,1339.02001953125,1339.02001953125,97.0
2026-08-05 13:38:00,MRNA,,56.70000076293945,56.72999954223633,56.67499923706055,56.70500183105469,4758.0
2026-08-05 13:38:00,MYGN,,3.1500000953674316,3.1500000953674316,3.1403000354766846,3.1403000354766846,2475.0
2026-08-05 13:38:00,NAMS,,27.610000610351562,27.610000610351562,27.450000762939453,27.450000762939453,3482.0
2026-08-05 13:38:00,NB,,5.111100196838379,5.111100196838379,5.111100196838379,5.111100196838379,652.0
2026-08-05 13:38:00,NBIX,,163.08999633789062,163.25,163.08999633789062,163.25,991.0
2026-08-05 13:38:00,NBTB,,53.41999816894531,53.41999816894531,53.41999816894531,53.41999816894531,468.0
2026-08-05 13:38:00,NDAQ,,94.93000030517578,94.94000244140625,94.92500305175781,94.94000244140625,864.0
2026-08-05 13:38:00,NEGG,,16.774999618530273,16.889999389648438,16.670000076293945,16.889999389648438,1747.0
2026-08-05 13:38:00,NEO,,16.010000228881836,16.020000457763672,16.010000228881836,16.020000457763672,1088.0
2026-08-05 13:38:00,NEOG,,11.604999542236328,11.604999542236328,11.604999542236328,11.604999542236328,971.0
2026-08-05 13:38:00,NEOV,,2.8399999141693115,2.8450000286102295,2.8399999141693115,2.8450000286102295,1229.0
2026-08-05 13:38:00,NEWT,,15.09000015258789,15.09000015258789,15.09000015258789,15.09000015258789,424.0
2026-08-05 13:38:00,NEXT,,6.429999828338623,6.445000171661377,6.429999828338623,6.445000171661377,8114.0
2026-08-05 13:38:00,NFE,,0.3382999897003174,0.3395000100135803,0.3382999897003174,0.3395000100135803,215.0
2026-08-05 13:38:00,NFLX,,73.4749984741211,73.53500366210938,73.47010040283203,73.50499725341797,27901.0
2026-08-05 13:38:00,NGNE,,35.54999923706055,35.54999923706055,35.54999923706055,35.54999923706055,301.0
2026-08-05 13:38:00,NICE,,98.81500244140625,98.93499755859375,98.5999984741211,98.93499755859375,10773.0
2026-08-05 13:38:00,NKTR,,73.22000122070312,73.22000122070312,73.22000122070312,73.22000122070312,2209.0
2026-08-05 13:38:00,NKTX,,2.2149999141693115,2.2149999141693115,2.2149999141693115,2.2149999141693115,1419.0
2026-08-05 13:38:00,NMFC,,7.335000038146973,7.335000038146973,7.335000038146973,7.335000038146973,495.0
2026-08-05 13:38:00,NMIH,,44.53499984741211,44.53499984741211,44.53499984741211,44.53499984741211,675.0
2026-08-05 13:38:00,NMRA,,1.6150000095367432,1.6150000095367432,1.6150000095367432,1.6150000095367432,1123.0
2026-08-05 13:38:00,NMRK,,15.704999923706055,15.704999923706055,15.704999923706055,15.704999923706055,1189.0
2026-08-05 13:38:00,NN,,14.470000267028809,14.508199691772461,14.470000267028809,14.470100402832031,1899.0
2026-08-05 13:38:00,NNBR,,3.859999895095825,3.865000009536743,3.859999895095825,3.865000009536743,5914.0
2026-08-05 13:38:00,NNDM,,1.5549999475479126,1.559999942779541,1.5549999475479126,1.5549999475479126,6419.0
2026-08-05 13:38:00,NNOX,,1.0149999856948853,1.0149999856948853,1.0149999856948853,1.0149999856948853,1680.0
2026-08-05 13:38:00,NOVT,,157.19000244140625,157.4499969482422,157.19000244140625,157.4499969482422,1802.0
2026-08-05 13:38:00,NRC,,19.600000381469727,19.600000381469727,19.600000381469727,19.600000381469727,109.0
2026-08-05 13:38:00,NRDS,,9.140000343322754,9.140000343322754,9.140000343322754,9.140000343322754,1246.0
2026-08-05 13:38:00,NRIM,,27.06999969482422,27.06999969482422,27.06999969482422,27.06999969482422,1808.0
2026-08-05 13:38:00,NRIX,,24.989999771118164,24.989999771118164,24.989999771118164,24.989999771118164,1274.0
2026-08-05 13:38:00,NRXP,,3.055000066757202,3.059999942779541,3.055000066757202,3.059999942779541,850.0
2026-08-05 13:38:00,NTAP,,190.08999633789062,190.2050018310547,190.05999755859375,190.2050018310547,4911.0
2026-08-05 13:38:00,NTES,,127.61000061035156,127.61000061035156,127.55999755859375,127.55999755859375,525.0
2026-08-05 13:38:00,NTNX,,60.88999938964844,60.900001525878906,60.869998931884766,60.875,3307.0
2026-08-05 13:38:00,NTRS,,184.15499877929688,184.15499877929688,184.1199951171875,184.1199951171875,1905.0
2026-08-05 13:38:00,NUWE,,1.690000057220459,1.690000057220459,1.690000057220459,1.690000057220459,1125.0
2026-08-05 13:38:00,NVCR,,16.049999237060547,16.049999237060547,16.040000915527344,16.040000915527344,1537.0
2026-08-05 13:38:00,NVCT,,20.020000457763672,20.25,20.020000457763672,20.25,2220.0
2026-08-05 13:38:00,NVDA,,221.02000427246094,221.10000610351562,220.9499969482422,221.08999633789062,108170.0
2026-08-05 13:38:00,NVTS,,12.478699684143066,12.484999656677246,12.470000267028809,12.475000381469727,5063.0
2026-08-05 13:38:00,NWE,,68.63999938964844,68.63999938964844,68.63999938964844,68.63999938964844,1945.0
2026-08-05 13:38:00,NWL,,6.300000190734863,6.300000190734863,6.289999961853027,6.295000076293945,4252.0
2026-08-05 13:38:00,NWS,,32.310001373291016,32.310001373291016,32.310001373291016,32.310001373291016,1588.0
2026-08-05 13:38:00,NWSA,,28.31999969482422,28.325000762939453,28.31999969482422,28.31999969482422,4675.0
2026-08-05 13:38:00,NXPI,,231.8249969482422,231.86000061035156,231.75999450683594,231.8000030517578,6980.0
2026-08-05 13:38:00,NXT,,98.98999786376953,98.98999786376953,98.98999786376953,98.98999786376953,583.0
2026-08-05 13:38:00,OCFC,,19.90999984741211,19.90999984741211,19.899999618530273,19.899999618530273,10039.0
2026-08-05 13:38:00,OCGN,,1.2949999570846558,1.2949999570846558,1.2949999570846558,1.2949999570846558,2074.0
2026-08-05 13:38:00,OCSL,,12.100000381469727,12.100000381469727,12.095000267028809,12.095000267028809,2003.0
2026-08-05 13:38:00,OCUL,,8.595000267028809,8.595000267028809,8.595000267028809,8.595000267028809,994.0
2026-08-05 13:38:00,ODFL,,213.65499877929688,213.65499877929688,213.55999755859375,213.58999633789062,1057.0
2026-08-05 13:38:00,OKTA,,148.3699951171875,148.3699951171875,148.24000549316406,148.35000610351562,1711.0
2026-08-05 13:38:00,OLLI,,78.12000274658203,78.12000274658203,78.12000274658203,78.12000274658203,546.0
2026-08-05 13:38:00,OLMA,,11.600000381469727,11.600000381469727,11.600000381469727,11.600000381469727,1308.0
2026-08-05 13:38:00,OMCL,,37.41999816894531,37.41999816894531,37.41999816894531,37.41999816894531,135.0
2026-08-05 13:38:00,OMER,,12.84000015258789,12.850000381469727,12.84000015258789,12.850000381469727,2341.0
2026-08-05 13:38:00,OMH,,0.1151999980211258,0.1151999980211258,0.1151999980211258,0.1151999980211258,999.0
2026-08-05 13:38:00,ON,,77.69000244140625,77.71119689941406,77.62000274658203,77.62000274658203,13791.0
2026-08-05 13:38:00,ONDS,,8.920000076293945,8.944999694824219,8.920000076293945,8.9350004196167,779900.0
2026-08-05 13:38:00,ONFO,,0.07339999824762344,0.07339999824762344,0.07339999824762344,0.07339999824762344,6706.0
2026-08-05 13:38:00,OPCH,,23.5049991607666,23.520000457763672,23.440000534057617,23.44499969482422,9698.0
2026-08-05 13:38:00,OPEN,,3.815000057220459,3.819999933242798,3.809999942779541,3.809999942779541,77477.0
2026-08-05 13:38:00,OPK,,1.315000057220459,1.315000057220459,1.315000057220459,1.315000057220459,845.0
2026-08-05 13:38:00,OPRA,,19.889999389648438,19.899999618530273,19.889999389648438,19.899999618530273,1274.0
2026-08-05 13:38:00,OPRT,,6.179999828338623,6.179999828338623,6.179999828338623,6.179999828338623,598.0
2026-08-05 13:38:00,OPRX,,6.920000076293945,6.920000076293945,6.920000076293945,6.920000076293945,1526.0
2026-08-05 13:38:00,ORGO,,2.3350000381469727,2.3350000381469727,2.3350000381469727,2.3350000381469727,1175.0
2026-08-05 13:38:00,ORIC,,13.03499984741211,13.055000305175781,13.03499984741211,13.055000305175781,2878.0
2026-08-05 13:38:00,ORLY,,93.48999786376953,93.51000213623047,93.48999786376953,93.51000213623047,2955.0
2026-08-05 13:38:00,OSIS,,236.47000122070312,236.47000122070312,236.47000122070312,236.47000122070312,286.0
2026-08-05 13:38:00,OSPN,,16.65999984741211,16.65999984741211,16.65999984741211,16.65999984741211,340.0
2026-08-05 13:38:00,OSS,,14.029999732971191,14.029999732971191,14.029999732971191,14.029999732971191,3364.0
2026-08-05 13:38:00,OSUR,,4.119999885559082,4.119999885559082,4.119999885559082,4.119999885559082,476.0
2026-08-05 13:38:00,OTEX,,25.940000534057617,25.950000762939453,25.934999465942383,25.950000762939453,3906.0
2026-08-05 13:38:00,OTLK,,1.024999976158142,1.024999976158142,1.024999976158142,1.024999976158142,5654.0
2026-08-05 13:38:00,OTTR,,91.9000015258789,91.9000015258789,91.9000015258789,91.9000015258789,455.0
2026-08-05 13:38:00,OVID,,2.609999895095825,2.609999895095825,2.6050000190734863,2.6050000190734863,2243.0
2026-08-05 13:38:00,OXLC,,9.154999732971191,9.154999732971191,9.154999732971191,9.154999732971191,131.0
2026-08-05 13:38:00,PAA,,23.174999237060547,23.174999237060547,23.170000076293945,23.170000076293945,968.0
2026-08-05 13:38:00,PAAS,,48.119998931884766,48.13999938964844,48.08000183105469,48.09000015258789,4537.0
2026-08-05 13:38:00,PACB,,1.3450000286102295,1.350000023841858,1.340000033378601,1.3450000286102295,33422.0
2026-08-05 13:38:00,PAGP,,25.1299991607666,25.1299991607666,25.1299991607666,25.1299991607666,392.0
2026-08-05 13:38:00,PAHC,,35.599998474121094,35.599998474121094,35.599998474121094,35.599998474121094,532.0
2026-08-05 13:38:00,PANW,,365.31500244140625,365.55999755859375,365.1700134277344,365.55999755859375,6481.0
2026-08-05 13:38:00,PAX,,11.414999961853027,11.414999961853027,11.399999618530273,11.399999618530273,4843.0
2026-08-05 13:38:00,PAYO,,7.119999885559082,7.125,7.119999885559082,7.119999885559082,1072.0
2026-08-05 13:38:00,PAYS,,9.15999984741211,9.15999984741211,9.15999984741211,9.15999984741211,472.0
2026-08-05 13:38:00,PAYX,,117.47000122070312,117.47000122070312,117.38500213623047,117.41000366210938,4481.0
2026-08-05 13:38:00,PCAR,,134.3699951171875,134.39999389648438,134.3699951171875,134.3699951171875,1036.0
2026-08-05 13:38:00,PCRX,,24.6299991607666,24.6299991607666,24.6299991607666,24.6299991607666,278.0
2026-08-05 13:38:00,PCT,,6.894999980926514,6.90500020980835,6.894999980926514,6.894999980926514,4585.0
2026-08-05 13:38:00,PCTY,,145.38999938964844,145.38999938964844,145.3800048828125,145.3800048828125,1670.0
2026-08-05 13:38:00,PCYO,,10.574999809265137,10.574999809265137,10.574999809265137,10.574999809265137,109.0
2026-08-05 13:38:00,PDD,,90.83000183105469,90.88999938964844,90.83000183105469,90.88500213623047,10137.0
2026-08-05 13:38:00,PEBO,,41.720001220703125,41.720001220703125,41.720001220703125,41.720001220703125,743.0
2026-08-05 13:38:00,PECO,,41.21500015258789,41.22999954223633,41.21500015258789,41.22999954223633,720.0
2026-08-05 13:38:00,PEGA,,31.81999969482422,31.844999313354492,31.81999969482422,31.844999313354492,1862.0
2026-08-05 13:38:00,PENN,,19.829999923706055,19.850000381469727,19.829999923706055,19.850000381469727,4390.0
2026-08-05 13:38:00,PEP,,138.77000427246094,138.7949981689453,138.75619506835938,138.77000427246094,4502.0
2026-08-05 13:38:00,PERI,,9.5600004196167,9.5600004196167,9.5600004196167,9.5600004196167,637.0
2026-08-05 13:38:00,PGEN,,6.784999847412109,6.800000190734863,6.78000020980835,6.800000190734863,45135.0
2026-08-05 13:38:00,PGNY,,31.75,31.75,31.75,31.75,847.0
2026-08-05 13:38:00,PGY,,21.809999465942383,21.809999465942383,21.78499984741211,21.790000915527344,4159.0
2026-08-05 13:38:00,PLBY,,1.1399999856948853,1.1399999856948853,1.1399999856948853,1.1399999856948853,123.0
2026-08-05 13:38:00,PLMR,,133.60000610351562,133.60000610351562,133.58999633789062,133.58999633789062,757.0
2026-08-05 13:38:00,PLSE,,37.310001373291016,37.310001373291016,37.310001373291016,37.310001373291016,199.0
2026-08-05 13:38:00,PLUG,,2.0820999145507812,2.0880000591278076,2.0799999237060547,2.0799999237060547,4805.0
2026-08-05 13:38:00,PMEC,,0.43650001287460327,0.43650001287460327,0.43650001287460327,0.43650001287460327,2572.0
2026-08-05 13:38:00,PNFP,,107.79499816894531,107.79499816894531,107.79499816894531,107.79499816894531,398.0
2026-08-05 13:38:00,POCI,,4.289999961853027,4.300000190734863,4.289999961853027,4.300000190734863,3276.0
2026-08-05 13:38:00,POET,,8.354999542236328,8.354999542236328,8.350000381469727,8.350000381469727,13495.0
2026-08-05 13:38:00,POOL,,205.97000122070312,205.97000122070312,205.97000122070312,205.97000122070312,191.0
2026-08-05 13:38:00,POWI,,61.77000045776367,61.77000045776367,61.77000045776367,61.77000045776367,927.0
2026-08-05 13:38:00,PPTA,,22.415000915527344,22.415000915527344,22.415000915527344,22.415000915527344,1119.0
2026-08-05 13:38:00,PRAX,,317.5400085449219,317.5400085449219,317.5400085449219,317.5400085449219,173.0
2026-08-05 13:38:00,PRCH,,15.850000381469727,15.854999542236328,15.84000015258789,15.84000015258789,1605.0
2026-08-05 13:38:00,PRCT,,18.71500015258789,18.71500015258789,18.65999984741211,18.670000076293945,1478.0
2026-08-05 13:38:00,PRGS,,42.25,42.25,42.25,42.25,415.0
2026-08-05 13:38:00,PRIM,,84.87000274658203,84.87000274658203,84.87000274658203,84.87000274658203,363.0
2026-08-05 13:38:00,PRME,,3.065000057220459,3.065000057220459,3.065000057220459,3.065000057220459,221.0
2026-08-05 13:38:00,PROK,,1.6349999904632568,1.6349999904632568,1.6349999904632568,1.6349999904632568,159.0
2026-08-05 13:38:00,PRTA,,8.489999771118164,8.489999771118164,8.489999771118164,8.489999771118164,257.0
2026-08-05 13:38:00,PRTH,,6.605000019073486,6.605000019073486,6.605000019073486,6.605000019073486,296.0
2026-08-05 13:38:00,PRVA,,24.139999389648438,24.190000534057617,24.139999389648438,24.190000534057617,2903.0
2026-08-05 13:38:00,PRZO,,0.5404000282287598,0.5404000282287598,0.5404000282287598,0.5404000282287598,0.0
2026-08-05 13:38:00,PSEC,,2.190000057220459,2.190000057220459,2.184999942779541,2.190000057220459,1280.0
2026-08-05 13:38:00,PSMT,,192.13999938964844,192.44000244140625,192.13999938964844,192.41000366210938,1789.0
2026-08-05 13:38:00,PTC,,140.1199951171875,140.1199951171875,140.1199951171875,140.1199951171875,1264.0
2026-08-05 13:38:00,PTEN,,9.78499984741211,9.78499984741211,9.779999732971191,9.78499984741211,8289.0
2026-08-05 13:38:00,PTLO,,4.625,4.625,4.625,4.625,221.0
2026-08-05 13:38:00,PTON,,6.505000114440918,6.510000228881836,6.505000114440918,6.505000114440918,8186.0
2026-08-05 13:38:00,PUBM,,13.399999618530273,13.40999984741211,13.399999618530273,13.40999984741211,1836.0
2026-08-05 13:38:00,PWP,,17.459999084472656,17.469999313354492,17.3700008392334,17.3799991607666,7310.0
2026-08-05 13:38:00,PYPL,,58.2599983215332,58.26499938964844,58.2400016784668,58.25,5440.0
2026-08-05 13:38:00,PYXS,,3.1700000762939453,3.1700000762939453,3.1700000762939453,3.1700000762939453,500.0
2026-08-05 13:38:00,PZZA,,30.010000228881836,30.049999237060547,30.010000228881836,30.049999237060547,3448.0
2026-08-05 13:38:00,QCOM,,157.99000549316406,157.99000549316406,157.8699951171875,157.8699951171875,6496.0
2026-08-05 13:38:00,QFIN,,13.194999694824219,13.194999694824219,13.194999694824219,13.194999694824219,1003.0
2026-08-05 13:38:00,QRVO,,94.6500015258789,94.6500015258789,94.5999984741211,94.5999984741211,1076.0
2026-08-05 13:38:00,SEED,,1.0096999406814575,1.0096999406814575,1.0,1.0049999952316284,1100.0
2026-08-05 13:38:00,STIM,,2.2850000858306885,2.2850000858306885,2.2850000858306885,2.2850000858306885,687.0
2026-08-05 13:38:00,TARA,,4.034999847412109,4.034999847412109,4.034999847412109,4.034999847412109,16.0
2026-08-05 13:39:00,ACDC,,4.414999961853027,4.425000190734863,4.414999961853027,4.425000190734863,3623.0
2026-08-05 13:39:00,BPOP,,177.47999572753906,177.47999572753906,177.44000244140625,177.4499969482422,1051.0
2026-08-05 13:39:00,CNXN,,85.16000366210938,85.16000366210938,85.16000366210938,85.16000366210938,1148.0
2026-08-05 13:39:00,EYE,,23.190000534057617,23.190000534057617,23.190000534057617,23.190000534057617,509.0
2026-08-05 13:39:00,GLUE,,15.5649995803833,15.5649995803833,15.5649995803833,15.5649995803833,186.0
2026-08-05 13:39:00,KIDS,,21.389999389648438,21.420000076293945,21.315000534057617,21.420000076293945,21252.0
2026-08-05 13:39:00,MBRX,,0.39899998903274536,0.39899998903274536,0.39899998903274536,0.39899998903274536,350.0
2026-08-05 13:39:00,MDB,,374.760009765625,374.760009765625,374.6600036621094,374.6600036621094,705.0
2026-08-05 13:39:00,MDLZ,,62.68000030517578,62.689998626708984,62.65999984741211,62.65999984741211,16481.0
2026-08-05 13:39:00,MLTX,,17.725000381469727,17.730100631713867,17.725000381469727,17.730100631713867,2300.0
2026-08-05 13:39:00,MNRO,,13.21500015258789,13.220000267028809,13.210000038146973,13.210000038146973,2402.0
2026-08-05 13:39:00,MNST,,94.61000061035156,94.66000366210938,94.61000061035156,94.63999938964844,21933.0
2026-08-05 13:39:00,MPWR,,1339.25,1339.25,1338.0999755859375,1338.10009765625,884.0
2026-08-05 13:39:00,MRNA,,56.689998626708984,56.70000076293945,56.689998626708984,56.70000076293945,851.0
2026-08-05 13:39:00,MYGN,,3.1500000953674316,3.1500000953674316,3.1449999809265137,3.1500000953674316,1627.0
2026-08-05 13:39:00,NAMS,,27.545000076293945,27.600000381469727,27.545000076293945,27.600000381469727,891.0
2026-08-05 13:39:00,NAUT,,0.9388999938964844,0.9388999938964844,0.9387000203132629,0.9387000203132629,1024.0
2026-08-05 13:39:00,NB,,5.10099983215332,5.110000133514404,5.10099983215332,5.110000133514404,2581.0
2026-08-05 13:39:00,NBIX,,162.8800048828125,163.02999877929688,162.8350067138672,163.02999877929688,8812.0
2026-08-05 13:39:00,NCRA,,1.8250000476837158,1.8250000476837158,1.8250000476837158,1.8250000476837158,464.0
2026-08-05 13:39:00,NDAQ,,94.91000366210938,94.91999816894531,94.9000015258789,94.91999816894531,2365.0
2026-08-05 13:39:00,NDSN,,311.32000732421875,311.32000732421875,311.32000732421875,311.32000732421875,223.0
2026-08-05 13:39:00,NEGG,,16.649999618530273,16.649999618530273,16.649999618530273,16.649999618530273,327.0
2026-08-05 13:39:00,NEO,,16.014999389648438,16.014999389648438,16.014999389648438,16.014999389648438,820.0
2026-08-05 13:39:00,NEOG,,11.604999542236328,11.604999542236328,11.604999542236328,11.604999542236328,1937.0
2026-08-05 13:39:00,NEON,,0.9598000049591064,0.9598000049591064,0.9598000049591064,0.9598000049591064,123.0
2026-08-05 13:39:00,NESR,,28.7450008392334,28.7450008392334,28.7450008392334,28.7450008392334,477.0
2026-08-05 13:39:00,NEWT,,15.095000267028809,15.100000381469727,15.095000267028809,15.100000381469727,1062.0
2026-08-05 13:39:00,NEXT,,6.440000057220459,6.440000057220459,6.434999942779541,6.440000057220459,6472.0
2026-08-05 13:39:00,NFE,,0.3382999897003174,0.3382999897003174,0.3382999897003174,0.3382999897003174,666.0
2026-08-05 13:39:00,NFLX,,73.4749984741211,73.48500061035156,73.47000122070312,73.4749984741211,23715.0
2026-08-05 13:39:00,NKTR,,73.29000091552734,73.29000091552734,73.29000091552734,73.29000091552734,2100.0
2026-08-05 13:39:00,NMRK,,15.71500015258789,15.71500015258789,15.710000038146973,15.710000038146973,3185.0
2026-08-05 13:39:00,NN,,14.454999923706055,14.510000228881836,14.4399995803833,14.479999542236328,16440.0
2026-08-05 13:39:00,NNBR,,3.8550000190734863,3.8550000190734863,3.8550000190734863,3.8550000190734863,339.0
2026-08-05 13:39:00,NNDM,,1.5449999570846558,1.5549999475479126,1.5399999618530273,1.5549999475479126,22356.0
2026-08-05 13:39:00,NRSN,,0.5375000238418579,0.5375000238418579,0.5374000072479248,0.5374000072479248,1353.0
2026-08-05 13:39:00,NTAP,,190.1199951171875,190.1199951171875,190.1199951171875,190.1199951171875,2388.0
2026-08-05 13:39:00,NTNX,,60.88999938964844,60.88999938964844,60.88999938964844,60.88999938964844,985.0
2026-08-05 13:39:00,NTRA,,273.8800048828125,274.4599914550781,273.8800048828125,274.4599914550781,3756.0
2026-08-05 13:39:00,NUWE,,1.6991000175476074,1.6991000175476074,1.6991000175476074,1.6991000175476074,2759.0
2026-08-05 13:39:00,NVAX,,7.635000228881836,7.639999866485596,7.635000228881836,7.635000228881836,20117.0
2026-08-05 13:39:00,NVDA,,221.0428924560547,221.0749969482422,220.9600067138672,221.04010009765625,100119.0
2026-08-05 13:39:00,NVMI,,408.54998779296875,408.54998779296875,408.3299865722656,408.3299865722656,1006.0
2026-08-05 13:39:00,NVTS,,12.475000381469727,12.479900360107422,12.46500015258789,12.475000381469727,3141.0
2026-08-05 13:39:00,NWBI,,15.969900131225586,15.969900131225586,15.969900131225586,15.969900131225586,534.0
2026-08-05 13:39:00,NWL,,6.315000057220459,6.315000057220459,6.300000190734863,6.300000190734863,33456.0
2026-08-05 13:39:00,NWS,,32.345001220703125,32.345001220703125,32.345001220703125,32.345001220703125,1545.0
2026-08-05 13:39:00,NWSA,,28.325000762939453,28.325000762939453,28.325000762939453,28.325000762939453,1473.0
2026-08-05 13:39:00,NXPI,,231.77000427246094,231.77499389648438,231.6999969482422,231.77499389648438,2752.0
2026-08-05 13:39:00,NXST,,191.23500061035156,191.46499633789062,191.23500061035156,191.46499633789062,555.0
2026-08-05 13:39:00,NXT,,98.7300033569336,98.94499969482422,98.6449966430664,98.9000015258789,6748.0
2026-08-05 13:39:00,OCFC,,19.905000686645508,19.905000686645508,19.905000686645508,19.905000686645508,1116.0
2026-08-05 13:39:00,OCGN,,1.2999999523162842,1.2999999523162842,1.2899999618530273,1.2999999523162842,1091.0
2026-08-05 13:39:00,OCUL,,8.595000267028809,8.595000267028809,8.595000267028809,8.595000267028809,664.0
2026-08-05 13:39:00,ODD,,15.430000305175781,15.430000305175781,15.430000305175781,15.430000305175781,927.0
2026-08-05 13:39:00,ODFL,,213.65499877929688,213.65499877929688,213.65499877929688,213.65499877929688,967.0
2026-08-05 13:39:00,OESX,,14.71500015258789,14.71500015258789,14.71500015258789,14.71500015258789,188.0
2026-08-05 13:39:00,OFIX,,10.399999618530273,10.399999618530273,10.399999618530273,10.399999618530273,1687.0
2026-08-05 13:39:00,OKTA,,148.34500122070312,148.34500122070312,148.34500122070312,148.34500122070312,183.0
2026-08-05 13:39:00,OLLI,,78.13999938964844,78.13999938964844,78.13999938964844,78.13999938964844,454.0
2026-08-05 13:39:00,OLMA,,11.600000381469727,11.600000381469727,11.600000381469727,11.600000381469727,16.0
2026-08-05 13:39:00,OM,,5.010000228881836,5.010000228881836,5.010000228881836,5.010000228881836,427.0
2026-08-05 13:39:00,OMCL,,37.41999816894531,37.41999816894531,37.41999816894531,37.41999816894531,1006.0
2026-08-05 13:39:00,OMH,,0.11599999666213989,0.11649999767541885,0.1151999980211258,0.11599999666213989,26973.0
2026-08-05 13:39:00,ON,,77.68000030517578,77.7300033569336,77.68000030517578,77.69999694824219,10360.0
2026-08-05 13:39:00,ONB,,27.065000534057617,27.065000534057617,27.065000534057617,27.065000534057617,2382.0
2026-08-05 13:39:00,ONCY,,0.7980999946594238,0.7980999946594238,0.7980999946594238,0.7980999946594238,0.0
2026-08-05 13:39:00,ONDS,,8.925000190734863,8.9399995803833,8.914999961853027,8.925000190734863,339179.0
2026-08-05 13:39:00,ONFO,,0.07339999824762344,0.07339999824762344,0.07329999655485153,0.07329999655485153,5393.0
2026-08-05 13:39:00,OPAL,,2.349900007247925,2.3499999046325684,2.349900007247925,2.3499999046325684,1961.0
2026-08-05 13:39:00,OPCH,,23.5,23.520000457763672,23.489999771118164,23.520000457763672,5557.0
2026-08-05 13:39:00,OPEN,,3.815000057220459,3.819999933242798,3.809999942779541,3.815000057220459,31701.0
2026-08-05 13:39:00,OPK,,1.309999942779541,1.315000057220459,1.309999942779541,1.315000057220459,5937.0
2026-08-05 13:39:00,OPRX,,6.900000095367432,6.900000095367432,6.900000095367432,6.900000095367432,729.0
2026-08-05 13:39:00,ORGO,,2.338900089263916,2.338900089263916,2.338900089263916,2.338900089263916,385.0
2026-08-05 13:39:00,ORLY,,93.51000213623047,93.5199966430664,93.49500274658203,93.49500274658203,5016.0
2026-08-05 13:39:00,OSPN,,16.690000534057617,16.7185001373291,16.68000030517578,16.7185001373291,1153.0
2026-08-05 13:39:00,OSW,,26.530000686645508,26.530000686645508,26.530000686645508,26.530000686645508,1156.0
2026-08-05 13:39:00,OTEX,,25.934999465942383,25.934999465942383,25.934999465942383,25.934999465942383,1172.0
2026-08-05 13:39:00,OTTR,,91.98999786376953,92.0,91.98999786376953,92.0,1254.0
2026-08-05 13:39:00,OVID,,2.5999999046325684,2.609999895095825,2.5999999046325684,2.609999895095825,3291.0
2026-08-05 13:39:00,PAA,,23.174999237060547,23.174999237060547,23.15999984741211,23.170000076293945,19099.0
2026-08-05 13:39:00,PAAS,,48.13999938964844,48.150001525878906,48.119998931884766,48.119998931884766,3605.0
2026-08-05 13:39:00,PACB,,1.3464000225067139,1.3499000072479248,1.3464000225067139,1.3499000072479248,1092.0
2026-08-05 13:39:00,PAGP,,25.135000228881836,25.135000228881836,25.135000228881836,25.135000228881836,1038.0
2026-08-05 13:39:00,PANL,,7.239999771118164,7.239999771118164,7.21999979019165,7.21999979019165,4585.0
2026-08-05 13:39:00,PANW,,365.4100036621094,365.4100036621094,365.1600036621094,365.19000244140625,4935.0
2026-08-05 13:39:00,PATK,,88.3550033569336,88.3550033569336,88.3499984741211,88.3499984741211,1064.0
2026-08-05 13:39:00,PAX,,11.414999961853027,11.414999961853027,11.414999961853027,11.414999961853027,950.0
2026-08-05 13:39:00,PAYO,,7.125,7.125,7.125,7.125,1874.0
2026-08-05 13:39:00,PAYX,,117.4749984741211,117.4749984741211,117.4749984741211,117.4749984741211,2218.0
2026-08-05 13:39:00,PCAR,,134.4199981689453,134.4199981689453,134.40499877929688,134.40499877929688,1130.0
2026-08-05 13:39:00,PCRX,,24.6200008392334,24.6299991607666,24.579999923706055,24.6299991607666,4064.0
2026-08-05 13:39:00,PCT,,6.885000228881836,6.889999866485596,6.885000228881836,6.889999866485596,5060.0
2026-08-05 13:39:00,PDD,,90.83999633789062,90.8499984741211,90.83000183105469,90.83000183105469,4990.0
2026-08-05 13:39:00,PDLB,,20.5,20.5,20.5,20.5,663.0
2026-08-05 13:39:00,PEBK,,43.404998779296875,43.404998779296875,43.404998779296875,43.404998779296875,163.0
2026-08-05 13:39:00,PECO,,41.209999084472656,41.21500015258789,41.209999084472656,41.21500015258789,1573.0
2026-08-05 13:39:00,PEGA,,31.84000015258789,31.84000015258789,31.829999923706055,31.834999084472656,1089.0
2026-08-05 13:39:00,PENN,,19.829999923706055,19.84000015258789,19.829999923706055,19.829999923706055,2682.0
2026-08-05 13:39:00,PEP,,138.76010131835938,138.77000427246094,138.75999450683594,138.75999450683594,3702.0
2026-08-05 13:39:00,PESI,,17.834999084472656,17.834999084472656,17.834999084472656,17.834999084472656,146.0
2026-08-05 13:39:00,PFG,,114.30000305175781,114.35250091552734,114.30000305175781,114.34750366210938,1606.0
2026-08-05 13:39:00,PGC,,46.75,46.75,46.75,46.75,1151.0
2026-08-05 13:39:00,PGEN,,6.755000114440918,6.78000020980835,6.75,6.78000020980835,34134.0
2026-08-05 13:39:00,PGNY,,31.760000228881836,31.760000228881836,31.760000228881836,31.760000228881836,639.0
2026-08-05 13:39:00,PGY,,21.860000610351562,21.860000610351562,21.81999969482422,21.81999969482422,4899.0
2026-08-05 13:39:00,PHAT,,8.444999694824219,8.449999809265137,8.444999694824219,8.449999809265137,11317.0
2026-08-05 13:39:00,PLAB,,32.04999923706055,32.04999923706055,32.04999923706055,32.04999923706055,351.0
2026-08-05 13:39:00,PLMR,,133.57000732421875,133.57000732421875,133.57000732421875,133.57000732421875,277.0
2026-08-05 13:39:00,PLSE,,37.185001373291016,37.185001373291016,37.185001373291016,37.185001373291016,414.0
2026-08-05 13:39:00,PLTK,,3.934999942779541,3.934999942779541,3.934999942779541,3.934999942779541,585.0
2026-08-05 13:39:00,PLUG,,2.0845000743865967,2.0899999141693115,2.0799999237060547,2.0850000381469727,16224.0
2026-08-05 13:39:00,PNFP,,107.80500030517578,107.80500030517578,107.80500030517578,107.80500030517578,336.0
2026-08-05 13:39:00,PNTG,,38.959999084472656,38.959999084472656,38.959999084472656,38.959999084472656,868.0
2026-08-05 13:39:00,POET,,8.350000381469727,8.350000381469727,8.349800109863281,8.350000381469727,14325.0
2026-08-05 13:39:00,POOL,,205.6999969482422,205.6999969482422,205.6999969482422,205.6999969482422,539.0
2026-08-05 13:39:00,POWI,,61.88999938964844,61.900001525878906,61.88999938964844,61.900001525878906,951.0
2026-08-05 13:39:00,POWL,,212.55999755859375,212.55999755859375,212.55999755859375,212.55999755859375,200.0
2026-08-05 13:39:00,PPC,,26.450000762939453,26.450000762939453,26.434999465942383,26.434999465942383,761.0
2026-08-05 13:39:00,PPTA,,22.459999084472656,22.459999084472656,22.450000762939453,22.459999084472656,1164.0
2026-08-05 13:39:00,PRCH,,15.819999694824219,15.819999694824219,15.819999694824219,15.819999694824219,323.0
2026-08-05 13:39:00,PRCT,,18.739999771118164,18.780000686645508,18.719999313354492,18.75,3321.0
2026-08-05 13:39:00,PRDO,,32.83000183105469,32.83000183105469,32.83000183105469,32.83000183105469,181.0
2026-08-05 13:39:00,PRIM,,85.0999984741211,85.0999984741211,84.94999694824219,85.04000091552734,1707.0
2026-08-05 13:39:00,PRME,,3.065000057220459,3.065000057220459,3.065000057220459,3.065000057220459,741.0
2026-08-05 13:39:00,PROK,,1.6349999904632568,1.6349999904632568,1.6349999904632568,1.6349999904632568,630.0
2026-08-05 13:39:00,PRVA,,24.15999984741211,24.15999984741211,24.15999984741211,24.15999984741211,2358.0
2026-08-05 13:39:00,PRZO,,0.5450999736785889,0.5450999736785889,0.5450999736785889,0.5450999736785889,84.0
2026-08-05 13:39:00,PSEC,,2.190000057220459,2.190000057220459,2.184999942779541,2.190000057220459,2099.0
2026-08-05 13:39:00,PSMT,,192.13999938964844,192.13999938964844,192.13999938964844,192.13999938964844,627.0
2026-08-05 13:39:00,PSNL,,13.470000267028809,13.479999542236328,13.470000267028809,13.479999542236328,3801.0
2026-08-05 13:39:00,PTEN,,9.78499984741211,9.789999961853027,9.780200004577637,9.780200004577637,4852.0
2026-08-05 13:39:00,PTON,,6.514999866485596,6.519000053405762,6.5,6.508999824523926,11930.0
2026-08-05 13:39:00,PWP,,17.520000457763672,17.520000457763672,17.440000534057617,17.459999084472656,7558.0
2026-08-05 13:39:00,PYPL,,58.275001525878906,58.2775993347168,58.255001068115234,58.255001068115234,4173.0
2026-08-05 13:39:00,PYXS,,3.1600000858306885,3.1600000858306885,3.1600000858306885,3.1600000858306885,1205.0
2026-08-05 13:39:00,PZZA,,30.000999450683594,30.000999450683594,30.0,30.0,1481.0
2026-08-05 13:39:00,QCOM,,157.92999267578125,158.02999877929688,157.90750122070312,158.01499938964844,7361.0
2026-08-05 13:39:00,QFIN,,13.194999694824219,13.194999694824219,13.194999694824219,13.194999694824219,916.0
2026-08-05 13:39:00,QRVO,,94.66999816894531,94.66999816894531,94.61000061035156,94.61000061035156,1946.0
2026-08-05 13:39:00,SEED,,1.0099999904632568,1.0099999904632568,1.0096999406814575,1.0096999406814575,1514.0
2026-08-05 13:39:00,TARA,,4.034999847412109,4.034999847412109,4.034999847412109,4.034999847412109,324.0
2026-08-05 13:40:00,ACDC,,4.414999961853027,4.414999961853027,4.414999961853027,4.414999961853027,1331.0
2026-08-05 13:40:00,DTIL,,7.5,7.5,7.5,7.5,884.0
2026-08-05 13:40:00,EYE,,23.200000762939453,23.200000762939453,23.190000534057617,23.200000762939453,3318.0
2026-08-05 13:40:00,GLUE,,15.5600004196167,15.569999694824219,15.5600004196167,15.569999694824219,357.0
2026-08-05 13:40:00,KIDS,,21.389999389648438,21.389999389648438,21.360000610351562,21.389999389648438,3579.0
2026-08-05 13:40:00,MBRX,,0.39899998903274536,0.4047999978065491,0.39899998903274536,0.39899998903274536,2984.0
2026-08-05 13:40:00,MCRI,,123.46499633789062,123.6500015258789,123.46499633789062,123.6500015258789,1060.0
2026-08-05 13:40:00,MDB,,374.6600036621094,374.9700012207031,374.6600036621094,374.9549865722656,1748.0
2026-08-05 13:40:00,MDLZ,,62.654998779296875,62.72999954223633,62.654998779296875,62.685001373291016,131235.0
2026-08-05 13:40:00,MNRO,,13.21500015258789,13.21500015258789,13.21500015258789,13.21500015258789,1051.0
2026-08-05 13:40:00,MNST,,94.62750244140625,94.62750244140625,94.58000183105469,94.58000183105469,6477.0
2026-08-05 13:40:00,MNTS,,4.279900074005127,4.28000020980835,4.269999980926514,4.269999980926514,7119.0
2026-08-05 13:40:00,MPWR,,1339.699951171875,1340.3199462890625,1338.56005859375,1338.5699462890625,680.0
2026-08-05 13:40:00,MRNA,,56.70000076293945,56.70000076293945,56.65999984741211,56.65999984741211,2380.0
2026-08-05 13:40:00,MYGN,,3.1500000953674316,3.1500000953674316,3.1449999809265137,3.1500000953674316,2761.0
2026-08-05 13:40:00,MYPS,,0.7303000092506409,0.7303000092506409,0.7303000092506409,0.7303000092506409,498.0
2026-08-05 13:40:00,NAVI,,9.194999694824219,9.194999694824219,9.194999694824219,9.194999694824219,397.0
2026-08-05 13:40:00,NB,,5.110000133514404,5.119999885559082,5.110000133514404,5.119999885559082,5414.0
2026-08-05 13:40:00,NBIX,,163.02000427246094,163.0500030517578,163.02000427246094,163.02000427246094,2070.0
2026-08-05 13:40:00,NBTB,,53.41999816894531,53.42499923706055,53.41999816894531,53.42499923706055,1345.0
2026-08-05 13:40:00,NCMI,,4.135000228881836,4.135000228881836,4.135000228881836,4.135000228881836,596.0
2026-08-05 13:40:00,NDAQ,,94.93000030517578,94.93000030517578,94.9000015258789,94.9000015258789,1850.0
2026-08-05 13:40:00,NDSN,,311.2799987792969,311.44000244140625,311.2799987792969,311.44000244140625,235.0
2026-08-05 13:40:00,NEO,,16.030000686645508,16.030000686645508,16.020000457763672,16.020000457763672,2831.0
2026-08-05 13:40:00,NEOG,,11.614999771118164,11.614999771118164,11.604999542236328,11.604999542236328,7347.0
2026-08-05 13:40:00,NEON,,0.9598000049591064,0.9598000049591064,0.9598000049591064,0.9598000049591064,1033.0
2026-08-05 13:40:00,NEOV,,2.8399999141693115,2.8399999141693115,2.8399999141693115,2.8399999141693115,168.0
2026-08-05 13:40:00,NESR,,28.770000457763672,28.770000457763672,28.760000228881836,28.760000228881836,1481.0
2026-08-05 13:40:00,NEXT,,6.434999942779541,6.445000171661377,6.434999942779541,6.445000171661377,2183.0
2026-08-05 13:40:00,NFE,,0.3395000100135803,0.3395000100135803,0.3382999897003174,0.3382999897003174,401.0
2026-08-05 13:40:00,NFLX,,73.48999786376953,73.51000213623047,73.47000122070312,73.4800033569336,57578.0
2026-08-05 13:40:00,NGNE,,35.54999923706055,35.54999923706055,35.54999923706055,35.54999923706055,280.0
2026-08-05 13:40:00,NICE,,98.66000366210938,98.66000366210938,98.66000366210938,98.66000366210938,1374.0
2026-08-05 13:40:00,NKTR,,73.37000274658203,73.37000274658203,73.33000183105469,73.33999633789062,1473.0
2026-08-05 13:40:00,NMFC,,7.34499979019165,7.34499979019165,7.340000152587891,7.340000152587891,2599.0
2026-08-05 13:40:00,NN,,14.494999885559082,14.510000228881836,14.4399995803833,14.470000267028809,13345.0
2026-08-05 13:40:00,NNBR,,3.8550000190734863,3.859999895095825,3.8550000190734863,3.8550000190734863,1053.0
2026-08-05 13:40:00,NNDM,,1.5449999570846558,1.5449999570846558,1.5399999618530273,1.5399999618530273,1402.0
2026-08-05 13:40:00,NRIX,,25.110000610351562,25.110000610351562,25.010000228881836,25.020000457763672,3260.0
2026-08-05 13:40:00,NRSN,,0.5376999974250793,0.5376999974250793,0.5374000072479248,0.5374000072479248,1516.0
2026-08-05 13:40:00,NTAP,,190.13499450683594,190.13999938964844,190.07000732421875,190.13499450683594,6291.0
2026-08-05 13:40:00,NTCT,,41.810001373291016,41.81999969482422,41.810001373291016,41.81999969482422,758.0
2026-08-05 13:40:00,NTES,,127.59500122070312,127.59500122070312,127.59500122070312,127.59500122070312,1280.0
2026-08-05 13:40:00,NTGR,,24.299999237060547,24.299999237060547,24.299999237060547,24.299999237060547,815.0
2026-08-05 13:40:00,NTNX,,60.93000030517578,60.95000076293945,60.88999938964844,60.93000030517578,3353.0
2026-08-05 13:40:00,NTRA,,274.17498779296875,274.17498779296875,274.0199890136719,274.0199890136719,719.0
2026-08-05 13:40:00,NTRS,,184.3249969482422,184.3249969482422,184.27999877929688,184.27999877929688,1115.0
2026-08-05 13:40:00,NVAX,,7.635000228881836,7.650000095367432,7.635000228881836,7.639999866485596,17116.0
2026-08-05 13:40:00,NVDA,,221.3350067138672,221.3350067138672,221.0399932861328,221.0500030517578,151012.0
2026-08-05 13:40:00,NVMI,,408.92999267578125,408.92999267578125,408.92999267578125,408.92999267578125,293.0
2026-08-05 13:40:00,NVTS,,12.489999771118164,12.489999771118164,12.470000267028809,12.475000381469727,17815.0
2026-08-05 13:40:00,NWBI,,15.96500015258789,15.970000267028809,15.96500015258789,15.96500015258789,1092.0
2026-08-05 13:40:00,NWL,,6.295000076293945,6.309999942779541,6.289999961853027,6.309999942779541,45643.0
2026-08-05 13:40:00,NWS,,32.36000061035156,32.36000061035156,32.349998474121094,32.349998474121094,1508.0
2026-08-05 13:40:00,NWSA,,28.329999923706055,28.344999313354492,28.329999923706055,28.329999923706055,8567.0
2026-08-05 13:40:00,NXPI,,231.85000610351562,231.92999267578125,231.77999877929688,231.77999877929688,4924.0
2026-08-05 13:40:00,NXST,,192.1300048828125,192.1300048828125,191.6999969482422,191.8000030517578,7296.0
2026-08-05 13:40:00,NXT,,98.5999984741211,98.72000122070312,98.5999984741211,98.72000122070312,2618.0
2026-08-05 13:40:00,NXTC,,5.099899768829346,5.099899768829346,5.099899768829346,5.099899768829346,1669.0
2026-08-05 13:40:00,OBIO,,4.21999979019165,4.21999979019165,4.21999979019165,4.21999979019165,716.0
2026-08-05 13:40:00,OCGN,,1.2999999523162842,1.2999999523162842,1.2899999618530273,1.2949999570846558,796.0
2026-08-05 13:40:00,OCSL,,12.130000114440918,12.130000114440918,12.109999656677246,12.109999656677246,1375.0
2026-08-05 13:40:00,OCUL,,8.595000267028809,8.595000267028809,8.595000267028809,8.595000267028809,1222.0
2026-08-05 13:40:00,ODFL,,213.66000366210938,213.83999633789062,213.66000366210938,213.6699981689453,2938.0
2026-08-05 13:40:00,OFIX,,10.399999618530273,10.399999618530273,10.399999618530273,10.399999618530273,1528.0
2026-08-05 13:40:00,OKTA,,148.32200622558594,148.3524932861328,148.32200622558594,148.34500122070312,761.0
2026-08-05 13:40:00,OLLI,,78.19999694824219,78.19999694824219,78.08999633789062,78.08999633789062,1960.0
2026-08-05 13:40:00,OLMA,,11.600000381469727,11.600000381469727,11.600000381469727,11.600000381469727,538.0
2026-08-05 13:40:00,OMCL,,37.470001220703125,37.470001220703125,37.415000915527344,37.415000915527344,1614.0
2026-08-05 13:40:00,OMH,,0.11590000241994858,0.1160999983549118,0.11559999734163284,0.1160999983549118,13475.0
2026-08-05 13:40:00,ON,,77.78500366210938,77.81999969482422,77.66500091552734,77.68000030517578,21812.0
2026-08-05 13:40:00,ONB,,27.05500030517578,27.06999969482422,27.05500030517578,27.065000534057617,15321.0
2026-08-05 13:40:00,ONCY,,0.7971000075340271,0.7990000247955322,0.7971000075340271,0.7990000247955322,208.0
2026-08-05 13:40:00,ONDS,,8.9350004196167,8.9399995803833,8.920100212097168,8.925000190734863,480386.0
2026-08-05 13:40:00,ONFO,,0.07339999824762344,0.07339999824762344,0.07339999824762344,0.07339999824762344,4639.0
2026-08-05 13:40:00,OPCH,,23.510000228881836,23.510000228881836,23.4950008392334,23.5,1857.0
2026-08-05 13:40:00,OPEN,,3.815000057220459,3.819999933242798,3.8108999729156494,3.815000057220459,21674.0
2026-08-05 13:40:00,OPHC,,8.699999809265137,8.699999809265137,8.640000343322754,8.640000343322754,2638.0
2026-08-05 13:40:00,OPI,,18.6200008392334,18.6299991607666,18.594999313354492,18.594999313354492,2118.0
2026-08-05 13:40:00,OPK,,1.309999942779541,1.309999942779541,1.309999942779541,1.309999942779541,461.0
2026-08-05 13:40:00,OPRT,,6.179999828338623,6.179999828338623,6.179999828338623,6.179999828338623,614.0
2026-08-05 13:40:00,ORGO,,2.3350000381469727,2.3350000381469727,2.3350000381469727,2.3350000381469727,241.0
2026-08-05 13:40:00,ORIC,,13.024999618530273,13.039999961853027,13.024999618530273,13.029999732971191,2251.0
2026-08-05 13:40:00,ORLY,,93.58000183105469,93.58000183105469,93.50499725341797,93.50499725341797,7918.0
2026-08-05 13:40:00,OSBC,,25.82990074157715,25.82990074157715,25.82990074157715,25.82990074157715,190.0
2026-08-05 13:40:00,OSIS,,237.02499389648438,237.02499389648438,237.02499389648438,237.02499389648438,453.0
2026-08-05 13:40:00,OSS,,14.050000190734863,14.050000190734863,14.050000190734863,14.050000190734863,610.0
2026-08-05 13:40:00,OSW,,26.549999237060547,26.549999237060547,26.549999237060547,26.549999237060547,309.0
2026-08-05 13:40:00,OTEX,,25.954999923706055,25.959999084472656,25.954999923706055,25.954999923706055,1964.0
2026-08-05 13:40:00,OTTR,,92.0199966430664,92.0199966430664,92.0199966430664,92.0199966430664,2309.0
2026-08-05 13:40:00,OXLC,,9.157699584960938,9.157699584960938,9.154999732971191,9.154999732971191,3852.0
2026-08-05 13:40:00,OXSQ,,1.5049999952316284,1.5049999952316284,1.5049999952316284,1.5049999952316284,548.0
2026-08-05 13:40:00,OXSQG,,23.950000762939453,23.950000762939453,23.950000762939453,23.950000762939453,0.0
2026-08-05 13:40:00,PAA,,23.165000915527344,23.190000534057617,23.149999618530273,23.18000030517578,15496.0
2026-08-05 13:40:00,PAAS,,48.17499923706055,48.189998626708984,48.13999938964844,48.13999938964844,2442.0
2026-08-05 13:40:00,PACB,,1.3450000286102295,1.350000023841858,1.3450000286102295,1.3450000286102295,1443.0
2026-08-05 13:40:00,PAGP,,25.1299991607666,25.135000228881836,25.1299991607666,25.135000228881836,1920.0
2026-08-05 13:40:00,PALI,,2.1050000190734863,2.1050000190734863,2.1050000190734863,2.1050000190734863,877.0
2026-08-05 13:40:00,PANL,,7.25,7.25,7.25,7.25,258.0
2026-08-05 13:40:00,PANW,,365.70001220703125,365.70001220703125,365.364990234375,365.4100036621094,4211.0
2026-08-05 13:40:00,PATK,,88.43000030517578,88.43000030517578,88.38999938964844,88.38999938964844,2001.0
2026-08-05 13:40:00,PAX,,11.414999961853027,11.414999961853027,11.414999961853027,11.414999961853027,1379.0
2026-08-05 13:40:00,PAYO,,7.125,7.130000114440918,7.119999885559082,7.130000114440918,878.0
2026-08-05 13:40:00,PAYX,,117.59500122070312,117.59500122070312,117.5,117.52999877929688,2759.0
2026-08-05 13:40:00,PCAR,,134.4600067138672,134.5,134.39500427246094,134.39500427246094,3037.0
2026-08-05 13:40:00,PCRX,,24.6200008392334,24.6200008392334,24.6200008392334,24.6200008392334,381.0
2026-08-05 13:40:00,PCT,,6.894999980926514,6.894999980926514,6.889999866485596,6.889999866485596,5445.0
2026-08-05 13:40:00,PCTY,,145.3800048828125,145.63999938964844,145.3800048828125,145.63999938964844,2586.0
2026-08-05 13:40:00,PDD,,90.87000274658203,90.87000274658203,90.8499984741211,90.8499984741211,2986.0
2026-08-05 13:40:00,PECO,,41.25,41.25,41.220001220703125,41.220001220703125,2690.0
2026-08-05 13:40:00,PEGA,,31.860000610351562,31.885000228881836,31.84000015258789,31.84000015258789,3221.0
2026-08-05 13:40:00,PENN,,19.825000762939453,19.829999923706055,19.825000762939453,19.825000762939453,2319.0
2026-08-05 13:40:00,PEP,,138.77000427246094,138.77000427246094,138.72000122070312,138.75999450683594,8284.0
2026-08-05 13:40:00,PERI,,9.569999694824219,9.569999694824219,9.569999694824219,9.569999694824219,1791.0
2026-08-05 13:40:00,PGEN,,6.745999813079834,6.764999866485596,6.739999771118164,6.755000114440918,30473.0
2026-08-05 13:40:00,PGNY,,31.790000915527344,31.790000915527344,31.790000915527344,31.790000915527344,2937.0
2026-08-05 13:40:00,PGY,,21.860000610351562,21.8700008392334,21.860000610351562,21.860000610351562,2435.0
2026-08-05 13:40:00,PHAT,,8.449999809265137,8.449999809265137,8.449999809265137,8.449999809265137,668.0
2026-08-05 13:40:00,PHVS,,33.63999938964844,33.63999938964844,33.63999938964844,33.63999938964844,196.0
2026-08-05 13:40:00,PLAB,,32.099998474121094,32.099998474121094,32.09000015258789,32.09000015258789,895.0
2026-08-05 13:40:00,PLBY,,1.1449999809265137,1.1449999809265137,1.1399999856948853,1.1399999856948853,6849.0
2026-08-05 13:40:00,PLMR,,134.60499572753906,134.60499572753906,133.7949981689453,133.7949981689453,14017.0
2026-08-05 13:40:00,PLTK,,3.924999952316284,3.930000066757202,3.924999952316284,3.930000066757202,5989.0
2026-08-05 13:40:00,PLUG,,2.0799999237060547,2.0899999141693115,2.0799999237060547,2.0850000381469727,9795.0
2026-08-05 13:40:00,PLXS,,276.0899963378906,276.0899963378906,276.0899963378906,276.0899963378906,625.0
2026-08-05 13:40:00,PNBK,,1.1449999809265137,1.1449999809265137,1.1449999809265137,1.1449999809265137,175.0
2026-08-05 13:40:00,PNFP,,107.7699966430664,107.81999969482422,107.7699966430664,107.80500030517578,2387.0
2026-08-05 13:40:00,POET,,8.364999771118164,8.368599891662598,8.364299774169922,8.364999771118164,6681.0
2026-08-05 13:40:00,POOL,,205.69000244140625,205.7050018310547,205.69000244140625,205.7050018310547,1487.0
2026-08-05 13:40:00,POWI,,61.88999938964844,61.88999938964844,61.88999938964844,61.88999938964844,699.0
2026-08-05 13:40:00,POWL,,212.52999877929688,212.6300048828125,212.52999877929688,212.6300048828125,649.0
2026-08-05 13:40:00,PPC,,26.434999465942383,26.449899673461914,26.434999465942383,26.449899673461914,419.0
2026-08-05 13:40:00,PPTA,,22.469999313354492,22.469999313354492,22.469999313354492,22.469999313354492,977.0
2026-08-05 13:40:00,PRCH,,15.829999923706055,15.829999923706055,15.829999923706055,15.829999923706055,144.0
2026-08-05 13:40:00,PRCT,,18.709999084472656,18.75,18.709999084472656,18.729999542236328,5815.0
2026-08-05 13:40:00,PRDO,,32.84000015258789,32.84000015258789,32.84000015258789,32.84000015258789,1915.0
2026-08-05 13:40:00,PRGS,,42.27000045776367,42.27000045776367,42.27000045776367,42.27000045776367,677.0
2026-08-05 13:40:00,PRIM,,84.81500244140625,85.19999694824219,84.81500244140625,85.08999633789062,4497.0
2026-08-05 13:40:00,PRME,,3.065000057220459,3.065000057220459,3.065000057220459,3.065000057220459,765.0
2026-08-05 13:40:00,PROK,,1.6349999904632568,1.6349999904632568,1.6349999904632568,1.6349999904632568,1073.0
2026-08-05 13:40:00,PRTA,,8.494999885559082,8.494999885559082,8.494999885559082,8.494999885559082,362.0
2026-08-05 13:40:00,PSEC,,2.184999942779541,2.190000057220459,2.184999942779541,2.184999942779541,2686.0
2026-08-05 13:40:00,PSMT,,191.7899932861328,192.11000061035156,191.7899932861328,192.11000061035156,1274.0
2026-08-05 13:40:00,PSNL,,13.524999618530273,13.524999618530273,13.479999542236328,13.479999542236328,3778.0
2026-08-05 13:40:00,PSNY,,14.229999542236328,14.239999771118164,14.220000267028809,14.220000267028809,2061.0
2026-08-05 13:40:00,PTC,,140.22000122070312,140.22000122070312,140.22000122070312,140.22000122070312,855.0
2026-08-05 13:40:00,PTCT,,68.95999908447266,68.96749877929688,68.95999908447266,68.95999908447266,682.0
2026-08-05 13:40:00,PTEN,,9.774999618530273,9.78499984741211,9.774999618530273,9.779999732971191,17944.0
2026-08-05 13:40:00,PTLO,,4.614999771118164,4.619999885559082,4.614999771118164,4.619999885559082,3062.0
2026-08-05 13:40:00,PTON,,6.514999866485596,6.514999866485596,6.510000228881836,6.514999866485596,6682.0
2026-08-05 13:40:00,PWP,,17.475000381469727,17.510000228881836,17.459999084472656,17.510000228881836,3556.0
2026-08-05 13:40:00,PYPL,,58.290000915527344,58.300201416015625,58.279998779296875,58.279998779296875,6371.0
2026-08-05 13:40:00,PYXS,,3.1600000858306885,3.1600000858306885,3.1600000858306885,3.1600000858306885,235.0
2026-08-05 13:40:00,PZZA,,29.979999542236328,30.049999237060547,29.979999542236328,30.010000228881836,32271.0
2026-08-05 13:40:00,QCOM,,158.05499267578125,158.0800018310547,157.8715057373047,157.91949462890625,5048.0
2026-08-05 13:40:00,QFIN,,13.199999809265137,13.199999809265137,13.194999694824219,13.194999694824219,1593.0
2026-08-05 13:40:00,QRVO,,94.69000244140625,94.69000244140625,94.66999816894531,94.66999816894531,2134.0
2026-08-05 13:40:00,SEED,,1.0199999809265137,1.0199999809265137,1.0099999904632568,1.0099999904632568,3319.0
2026-08-05 13:40:00,TARA,,4.034999847412109,4.034999847412109,4.034999847412109,4.034999847412109,489.0
2026-08-05 13:40:00,WOOF,,2.9649999141693115,2.9649999141693115,2.9649999141693115,2.9649999141693115,983.0
2026-08-05 13:41:00,BPOP,,177.4600067138672,177.4600067138672,177.4600067138672,177.4600067138672,2071.0
2026-08-05 13:41:00,EYE,,23.15999984741211,23.190000534057617,23.155000686645508,23.190000534057617,4769.0
2026-08-05 13:41:00,FIZZ,,32.209999084472656,32.209999084472656,32.13999938964844,32.13999938964844,14910.0
2026-08-05 13:41:00,GLUE,,15.5600004196167,15.579999923706055,15.5600004196167,15.579999923706055,1347.0
2026-08-05 13:41:00,KIDS,,21.469999313354492,21.510000228881836,21.469999313354492,21.479999542236328,924.0
2026-08-05 13:41:00,LUNG,,1.9808000326156616,1.9808000326156616,1.9808000326156616,1.9808000326156616,1120.0
2026-08-05 13:41:00,MBRX,,0.39899998903274536,0.4047999978065491,0.39899998903274536,0.4047999978065491,0.0
2026-08-05 13:41:00,MCRI,,123.40499877929688,123.40499877929688,123.40499877929688,123.40499877929688,663.0
2026-08-05 13:41:00,MDB,,375.2200012207031,375.2200012207031,374.8550109863281,374.864990234375,2278.0
2026-08-05 13:41:00,MDLZ,,62.709999084472656,62.709999084472656,62.654998779296875,62.66999816894531,10648.0
2026-08-05 13:41:00,MNST,,94.68000030517578,94.68000030517578,94.54499816894531,94.63999938964844,49955.0
2026-08-05 13:41:00,MNTS,,4.269999980926514,4.2789998054504395,4.269999980926514,4.2789998054504395,361.0
2026-08-05 13:41:00,MODD,,2.0799999237060547,2.0799999237060547,2.069999933242798,2.069999933242798,2650.0
2026-08-05 13:41:00,MORN,,197.47999572753906,197.47999572753906,197.47999572753906,197.47999572753906,571.0
2026-08-05 13:41:00,MPWR,,1338.1099853515625,1339.699951171875,1338.1099853515625,1339.699951171875,509.0
2026-08-05 13:41:00,MRNA,,56.7400016784668,56.7400016784668,56.6505012512207,56.68000030517578,4099.0
2026-08-05 13:41:00,MVBF,,30.810100555419922,30.810100555419922,30.810100555419922,30.810100555419922,906.0
2026-08-05 13:41:00,MYGN,,3.1449999809265137,3.1500000953674316,3.1449999809265137,3.1500000953674316,2066.0
2026-08-05 13:41:00,MYPS,,0.7383000254631042,0.7383000254631042,0.7378000020980835,0.7378000020980835,734.0
2026-08-05 13:41:00,NAMS,,27.549999237060547,27.549999237060547,27.549999237060547,27.549999237060547,5428.0
2026-08-05 13:41:00,NAUT,,0.9387000203132629,0.9387000203132629,0.9387000203132629,0.9387000203132629,104.0
2026-08-05 13:41:00,NAVI,,9.181099891662598,9.1899995803833,9.181099891662598,9.1899995803833,3356.0
2026-08-05 13:41:00,NB,,5.099999904632568,5.10099983215332,5.099999904632568,5.099999904632568,2776.0
2026-08-05 13:41:00,NBIX,,163.02000427246094,163.02499389648438,163.02000427246094,163.02499389648438,1105.0
2026-08-05 13:41:00,NBTB,,53.380001068115234,53.380001068115234,53.380001068115234,53.380001068115234,697.0
2026-08-05 13:41:00,NDAQ,,94.91999816894531,94.91999816894531,94.91999816894531,94.91999816894531,783.0
2026-08-05 13:41:00,NDSN,,311.5849914550781,311.5849914550781,311.42999267578125,311.42999267578125,1519.0
2026-08-05 13:41:00,NEO,,16.030000686645508,16.040000915527344,16.030000686645508,16.030000686645508,1568.0
2026-08-05 13:41:00,NEOG,,11.604999542236328,11.604999542236328,11.600000381469727,11.604999542236328,4921.0
2026-08-05 13:41:00,NEON,,0.9498000144958496,0.9498000144958496,0.9498000144958496,0.9498000144958496,1200.0
2026-08-05 13:41:00,NESR,,28.780000686645508,28.780000686645508,28.780000686645508,28.780000686645508,519.0
2026-08-05 13:41:00,NEXT,,6.445000171661377,6.445000171661377,6.440000057220459,6.440000057220459,3384.0
2026-08-05 13:41:00,NFE,,0.33820000290870667,0.33820000290870667,0.33820000290870667,0.33820000290870667,60.0
2026-08-05 13:41:00,NFLX,,73.45999908447266,73.50499725341797,73.45999908447266,73.49500274658203,20755.0
2026-08-05 13:41:00,NIU,,2.4649999141693115,2.4649999141693115,2.4649999141693115,2.4649999141693115,980.0
2026-08-05 13:41:00,NMRK,,15.71500015258789,15.71500015258789,15.71500015258789,15.71500015258789,551.0
2026-08-05 13:41:00,NN,,14.505000114440918,14.529999732971191,14.490500450134277,14.510000228881836,7262.0
2026-08-05 13:41:00,NNBR,,3.859999895095825,3.859999895095825,3.859999895095825,3.859999895095825,234.0
2026-08-05 13:41:00,NNDM,,1.5449999570846558,1.5449999570846558,1.5449999570846558,1.5449999570846558,3126.0
2026-08-05 13:41:00,NOVT,,157.22999572753906,157.39999389648438,157.22000122070312,157.39999389648438,4898.0
2026-08-05 13:41:00,NPCE,,13.369999885559082,13.369999885559082,13.359999656677246,13.359999656677246,1424.0
2026-08-05 13:41:00,NRIX,,25.1299991607666,25.1299991607666,25.1299991607666,25.1299991607666,396.0
2026-08-05 13:41:00,NRSN,,0.5375999808311462,0.5375999808311462,0.5375999808311462,0.5375999808311462,600.0
2026-08-05 13:41:00,NRXP,,3.065000057220459,3.065000057220459,3.065000057220459,3.065000057220459,153.0
2026-08-05 13:41:00,NTAP,,189.63999938964844,190.07000732421875,189.63999938964844,190.07000732421875,5964.0
2026-08-05 13:41:00,NTES,,127.58000183105469,127.58000183105469,127.58000183105469,127.58000183105469,1058.0
2026-08-05 13:41:00,NTNX,,60.875,60.90999984741211,60.875,60.900001525878906,2434.0
2026-08-05 13:41:00,NTRA,,274.25,274.5299987792969,274.25,274.44000244140625,2577.0
2026-08-05 13:41:00,NUWE,,1.690999984741211,1.690999984741211,1.690999984741211,1.690999984741211,12127.0
2026-08-05 13:41:00,NVAX,,7.639999866485596,7.639999866485596,7.639999866485596,7.639999866485596,3453.0
2026-08-05 13:41:00,NVCR,,16.059999465942383,16.059999465942383,16.049999237060547,16.049999237060547,5065.0
2026-08-05 13:41:00,NVCT,,20.020000457763672,20.020000457763672,20.020000457763672,20.020000457763672,105.0
2026-08-05 13:41:00,NVDA,,221.22999572753906,221.34500122070312,221.1999969482422,221.32730102539062,109714.0
2026-08-05 13:41:00,NVMI,,408.44000244140625,408.44000244140625,408.42999267578125,408.44000244140625,421.0
2026-08-05 13:41:00,NVTS,,12.460000038146973,12.489999771118164,12.460000038146973,12.484999656677246,6210.0
2026-08-05 13:41:00,NWBI,,15.95009994506836,15.960000038146973,15.95009994506836,15.960000038146973,3086.0
2026-08-05 13:41:00,NWL,,6.284999847412109,6.289999961853027,6.284999847412109,6.289999961853027,9716.0
2026-08-05 13:41:00,NWS,,32.35499954223633,32.35499954223633,32.35499954223633,32.35499954223633,2047.0
2026-08-05 13:41:00,NWSA,,28.334999084472656,28.334999084472656,28.325000762939453,28.325000762939453,2609.0
2026-08-05 13:41:00,NXPI,,231.60499572753906,231.80999755859375,231.60499572753906,231.80999755859375,2800.0
2026-08-05 13:41:00,NXT,,98.58999633789062,98.66999816894531,98.58999633789062,98.66999816894531,1376.0
2026-08-05 13:41:00,OCCI,,2.483299970626831,2.483299970626831,2.483299970626831,2.483299970626831,723.0
2026-08-05 13:41:00,OCFC,,19.895000457763672,19.895000457763672,19.895000457763672,19.895000457763672,445.0
2026-08-05 13:41:00,OCGN,,1.2999999523162842,1.2999999523162842,1.2899999618530273,1.2999999523162842,1541.0
2026-08-05 13:41:00,OCS,,12.024999618530273,12.024999618530273,12.024999618530273,12.024999618530273,906.0
2026-08-05 13:41:00,OCUL,,8.604999542236328,8.604999542236328,8.590100288391113,8.590100288391113,10185.0
2026-08-05 13:41:00,ODFL,,213.66000366210938,213.66000366210938,213.66000366210938,213.66000366210938,622.0
2026-08-05 13:41:00,OFIX,,10.390000343322754,10.390000343322754,10.390000343322754,10.390000343322754,399.0
2026-08-05 13:41:00,OKTA,,148.36000061035156,148.41000366210938,148.36000061035156,148.41000366210938,1028.0
2026-08-05 13:41:00,OLLI,,78.12999725341797,78.12999725341797,78.12999725341797,78.12999725341797,465.0
2026-08-05 13:41:00,OM,,5.025000095367432,5.025000095367432,5.019999980926514,5.019999980926514,1314.0
2026-08-05 13:41:00,OMER,,12.850000381469727,12.850000381469727,12.829999923706055,12.84000015258789,1438.0
2026-08-05 13:41:00,OMH,,0.11580000072717667,0.11649999767541885,0.11580000072717667,0.11649999767541885,10359.0
2026-08-05 13:41:00,ON,,77.66000366210938,77.80000305175781,77.6500015258789,77.80000305175781,9407.0
2026-08-05 13:41:00,ONB,,27.049999237060547,27.049999237060547,27.049999237060547,27.049999237060547,2859.0
2026-08-05 13:41:00,ONDS,,8.920000076293945,8.9399995803833,8.920000076293945,8.930000305175781,465850.0
2026-08-05 13:41:00,ONFO,,0.07339999824762344,0.07339999824762344,0.07329999655485153,0.07339999824762344,29823.0
2026-08-05 13:41:00,OPAL,,2.3550000190734863,2.3550000190734863,2.3550000190734863,2.3550000190734863,539.0
2026-08-05 13:41:00,OPCH,,23.489999771118164,23.489999771118164,23.489999771118164,23.489999771118164,677.0
2026-08-05 13:41:00,OPEN,,3.8199000358581543,3.819999933242798,3.809999942779541,3.815000057220459,18355.0
2026-08-05 13:41:00,OPHC,,8.630000114440918,8.630000114440918,8.630000114440918,8.630000114440918,200.0
2026-08-05 13:41:00,OPK,,1.315000057220459,1.315000057220459,1.315000057220459,1.315000057220459,1074.0
2026-08-05 13:41:00,ORGO,,2.3320000171661377,2.3320000171661377,2.3320000171661377,2.3320000171661377,456.0
2026-08-05 13:41:00,ORLY,,93.55000305175781,93.58999633789062,93.55000305175781,93.56999969482422,7347.0
2026-08-05 13:41:00,OSBC,,25.815000534057617,25.815000534057617,25.815000534057617,25.815000534057617,1429.0
2026-08-05 13:41:00,OSS,,14.029999732971191,14.029999732971191,14.029999732971191,14.029999732971191,605.0
2026-08-05 13:41:00,OSW,,26.514999389648438,26.530000686645508,26.514999389648438,26.530000686645508,676.0
2026-08-05 13:41:00,OTLK,,1.0250999927520752,1.0250999927520752,1.0250999927520752,1.0250999927520752,308.0
2026-08-05 13:41:00,OXLC,,9.154999732971191,9.154999732971191,9.154999732971191,9.154999732971191,128.0
2026-08-05 13:41:00,OXSQ,,1.5049999952316284,1.5049999952316284,1.5049999952316284,1.5049999952316284,1944.0
2026-08-05 13:41:00,OXSQG,,23.950000762939453,23.950000762939453,23.950000762939453,23.950000762939453,418.0
2026-08-05 13:41:00,PAA,,23.170000076293945,23.170000076293945,23.162200927734375,23.165000915527344,4498.0
2026-08-05 13:41:00,PAAS,,48.150001525878906,48.16999816894531,48.13999938964844,48.16999816894531,6797.0
2026-08-05 13:41:00,PACB,,1.3450000286102295,1.3450000286102295,1.340000033378601,1.3450000286102295,9315.0
2026-08-05 13:41:00,PAGP,,25.1299991607666,25.1299991607666,25.12220001220703,25.12220001220703,2635.0
2026-08-05 13:41:00,PALI,,2.1050000190734863,2.1050000190734863,2.1050000190734863,2.1050000190734863,1619.0
2026-08-05 13:41:00,PANL,,7.249000072479248,7.249000072479248,7.249000072479248,7.249000072479248,401.0
2026-08-05 13:41:00,PANW,,365.4599914550781,365.79998779296875,365.3699951171875,365.6499938964844,12908.0
2026-08-05 13:41:00,PATK,,88.19999694824219,88.29000091552734,88.19999694824219,88.29000091552734,1288.0
2026-08-05 13:41:00,PAYO,,7.119999885559082,7.125,7.119999885559082,7.125,1275.0
2026-08-05 13:41:00,PAYS,,9.15999984741211,9.15999984741211,9.15999984741211,9.15999984741211,781.0
2026-08-05 13:41:00,PAYX,,117.51499938964844,117.51499938964844,117.51000213623047,117.51499938964844,1333.0
2026-08-05 13:41:00,PCAR,,134.40499877929688,134.4199981689453,134.39999389648438,134.4199981689453,3112.0
2026-08-05 13:41:00,PCRX,,24.6200008392334,24.6200008392334,24.6200008392334,24.6200008392334,398.0
2026-08-05 13:41:00,PCT,,6.899899959564209,6.899899959564209,6.899899959564209,6.899899959564209,2054.0
2026-08-05 13:41:00,PCTY,,145.30999755859375,145.32000732421875,145.30999755859375,145.32000732421875,1245.0
2026-08-05 13:41:00,PDD,,90.87999725341797,90.9000015258789,90.87249755859375,90.88999938964844,5006.0
2026-08-05 13:41:00,PDSB,,0.7103999853134155,0.7103999853134155,0.7103999853134155,0.7103999853134155,239.0
2026-08-05 13:41:00,PEGA,,31.84000015258789,31.860000610351562,31.84000015258789,31.860000610351562,1248.0
2026-08-05 13:41:00,PENN,,19.809999465942383,19.81999969482422,19.80500030517578,19.81999969482422,4769.0
2026-08-05 13:41:00,PEP,,138.80999755859375,138.80999755859375,138.7550048828125,138.77000427246094,5853.0
2026-08-05 13:41:00,PGEN,,6.739999771118164,6.759900093078613,6.730000019073486,6.744999885559082,21880.0
2026-08-05 13:41:00,PGY,,21.829999923706055,21.850000381469727,21.829999923706055,21.850000381469727,6095.0
2026-08-05 13:41:00,PHAT,,8.449999809265137,8.449999809265137,8.449999809265137,8.449999809265137,1210.0
2026-08-05 13:41:00,PHVS,,33.53499984741211,33.53499984741211,33.53499984741211,33.53499984741211,355.0
2026-08-05 13:41:00,PLMR,,134.9600067138672,135.25999450683594,134.56500244140625,134.56500244140625,1764.0
2026-08-05 13:41:00,PLTK,,3.924999952316284,3.924999952316284,3.9200000762939453,3.924999952316284,2822.0
2026-08-05 13:41:00,PLUG,,2.0850000381469727,2.0850000381469727,2.0850000381469727,2.0850000381469727,2363.0
2026-08-05 13:41:00,PNTG,,38.970001220703125,38.970001220703125,38.970001220703125,38.970001220703125,220.0
2026-08-05 13:41:00,PODC,,3.4600000381469727,3.4600000381469727,3.4600000381469727,3.4600000381469727,459.0
2026-08-05 13:41:00,POET,,8.350000381469727,8.364999771118164,8.350000381469727,8.364999771118164,6859.0
2026-08-05 13:41:00,POLA,,1.7999999523162842,1.7999999523162842,1.7999999523162842,1.7999999523162842,295.0
2026-08-05 13:41:00,POOL,,205.88999938964844,205.88999938964844,205.72000122070312,205.75,3693.0
2026-08-05 13:41:00,POWL,,212.28500366210938,212.28500366210938,212.28500366210938,212.28500366210938,327.0
2026-08-05 13:41:00,PPC,,26.440000534057617,26.450000762939453,26.440000534057617,26.450000762939453,1871.0
2026-08-05 13:41:00,PPTA,,22.469999313354492,22.5049991607666,22.469999313354492,22.5049991607666,1752.0
2026-08-05 13:41:00,PRAA,,17.389999389648438,17.389999389648438,17.389999389648438,17.389999389648438,841.0
2026-08-05 13:41:00,PRAX,,316.5899963378906,316.5899963378906,316.5899963378906,316.5899963378906,99.0
2026-08-05 13:41:00,PRCH,,15.829999923706055,15.829999923706055,15.829999923706055,15.829999923706055,2543.0
2026-08-05 13:41:00,PRCT,,18.709999084472656,18.73940086364746,18.684999465942383,18.719999313354492,6624.0
2026-08-05 13:41:00,PRGS,,42.209999084472656,42.22999954223633,42.209999084472656,42.220001220703125,981.0
2026-08-05 13:41:00,PRIM,,85.0,85.05000305175781,84.81999969482422,85.0,3688.0
2026-08-05 13:41:00,PRME,,3.065000057220459,3.065000057220459,3.065000057220459,3.065000057220459,475.0
2026-08-05 13:41:00,PROF,,8.09000015258789,8.09000015258789,8.09000015258789,8.09000015258789,300.0
2026-08-05 13:41:00,PROK,,1.6390000581741333,1.6390000581741333,1.6390000581741333,1.6390000581741333,861.0
2026-08-05 13:41:00,PRTA,,8.5,8.5,8.494999885559082,8.494999885559082,922.0
2026-08-05 13:41:00,PRTH,,6.610000133514404,6.610000133514404,6.606100082397461,6.610000133514404,977.0
2026-08-05 13:41:00,PRVA,,24.190000534057617,24.190000534057617,24.190000534057617,24.190000534057617,952.0
2026-08-05 13:41:00,PSEC,,2.188999891281128,2.188999891281128,2.184999942779541,2.184999942779541,1762.0
2026-08-05 13:41:00,PSMT,,191.44500732421875,191.89999389648438,191.3800048828125,191.89999389648438,2516.0
2026-08-05 13:41:00,PSNL,,13.539999961853027,13.539999961853027,13.515000343322754,13.520000457763672,2649.0
2026-08-05 13:41:00,PSNY,,14.346199989318848,14.346199989318848,14.346199989318848,14.346199989318848,1151.0
2026-08-05 13:41:00,PTC,,140.21499633789062,140.21499633789062,140.19000244140625,140.19000244140625,657.0
2026-08-05 13:41:00,PTCT,,69.0199966430664,69.08499908447266,68.95500183105469,68.95500183105469,8218.0
2026-08-05 13:41:00,PTEN,,9.78499984741211,9.78499984741211,9.78499984741211,9.78499984741211,2295.0
2026-08-05 13:41:00,PTGX,,136.4600067138672,136.6300048828125,136.36500549316406,136.6300048828125,7093.0
2026-08-05 13:41:00,PTLO,,4.614999771118164,4.614999771118164,4.614999771118164,4.614999771118164,757.0
2026-08-05 13:41:00,PTON,,6.514999866485596,6.514999866485596,6.510000228881836,6.514999866485596,5378.0
2026-08-05 13:41:00,PWP,,17.489999771118164,17.489999771118164,17.467500686645508,17.467500686645508,1392.0
2026-08-05 13:41:00,PYPD,,4.59499979019165,4.599999904632568,4.585000038146973,4.585000038146973,3862.0
2026-08-05 13:41:00,PYPL,,58.244998931884766,58.27000045776367,58.2400016784668,58.27000045776367,4468.0
2026-08-05 13:41:00,PZZA,,30.030000686645508,30.030000686645508,29.985000610351562,29.985000610351562,2950.0
2026-08-05 13:41:00,QCOM,,157.9199981689453,158.0800018310547,157.9199981689453,158.0800018310547,5762.0
2026-08-05 13:41:00,QRVO,,94.66000366210938,94.66999816894531,94.63999938964844,94.66500091552734,1289.0
2026-08-05 13:41:00,SEED,,1.0199999809265137,1.0199999809265137,1.0149999856948853,1.0199999809265137,734.0
2026-08-05 13:42:00,ACDC,,4.420000076293945,4.420000076293945,4.420000076293945,4.420000076293945,2231.0
2026-08-05 13:42:00,EYE,,23.15999984741211,23.15999984741211,23.15999984741211,23.15999984741211,407.0
2026-08-05 13:42:00,FIZZ,,32.099998474121094,32.13999938964844,32.099998474121094,32.13999938964844,1737.0
2026-08-05 13:42:00,GLUE,,15.579999923706055,15.579999923706055,15.5600004196167,15.5600004196167,1972.0
2026-08-05 13:42:00,KIDS,,21.43000030517578,21.43000030517578,21.43000030517578,21.43000030517578,158.0
2026-08-05 13:42:00,MBRX,,0.39320001006126404,0.39739999175071716,0.39320001006126404,0.39739999175071716,1639.0
2026-08-05 13:42:00,MDB,,374.9599914550781,375.260009765625,374.9599914550781,375.2200012207031,1119.0
2026-08-05 13:42:00,MDLZ,,62.69499969482422,62.724998474121094,62.665000915527344,62.720001220703125,48750.0
2026-08-05 13:42:00,MLTX,,17.7450008392334,17.7450008392334,17.739999771118164,17.739999771118164,879.0
2026-08-05 13:42:00,MNRO,,13.210000038146973,13.210000038146973,13.210000038146973,13.210000038146973,858.0
2026-08-05 13:42:00,MNST,,94.68000030517578,94.69000244140625,94.66999816894531,94.68000030517578,9528.0
2026-08-05 13:42:00,MNTK,,1.690000057220459,1.690000057220459,1.690000057220459,1.690000057220459,145.0
2026-08-05 13:42:00,MNTS,,4.28000020980835,4.28000020980835,4.278299808502197,4.278299808502197,1839.0
2026-08-05 13:42:00,MPWR,,1337.9849853515625,1337.9849853515625,1337.47998046875,1337.4849853515625,122.0
2026-08-05 13:42:00,MRNA,,56.650001525878906,56.7400016784668,56.650001525878906,56.72999954223633,5418.0
2026-08-05 13:42:00,MYGN,,3.1549999713897705,3.1649999618530273,3.1500000953674316,3.1500000953674316,11385.0
2026-08-05 13:42:00,MYRG,,341.1400146484375,341.1400146484375,341.05999755859375,341.05999755859375,653.0
2026-08-05 13:42:00,NAUT,,0.9387000203132629,0.9387000203132629,0.9387000203132629,0.9387000203132629,462.0
2026-08-05 13:42:00,NAVI,,9.1850004196167,9.1850004196167,9.1850004196167,9.1850004196167,827.0
2026-08-05 13:42:00,NBIX,,163.11500549316406,163.11500549316406,163.11500549316406,163.11500549316406,1138.0
2026-08-05 13:42:00,NDAQ,,94.92500305175781,94.94000244140625,94.92500305175781,94.94000244140625,1527.0
2026-08-05 13:42:00,NDSN,,311.25,311.29998779296875,311.25,311.25,124.0
2026-08-05 13:42:00,NEO,,16.030000686645508,16.030000686645508,16.020000457763672,16.020000457763672,889.0
2026-08-05 13:42:00,NEOG,,11.604999542236328,11.604999542236328,11.604999542236328,11.604999542236328,551.0
2026-08-05 13:42:00,NEON,,0.9452000260353088,0.9452000260353088,0.9452000260353088,0.9452000260353088,0.0
2026-08-05 13:42:00,NEOV,,2.8399999141693115,2.8399999141693115,2.8350000381469727,2.8350000381469727,10064.0
2026-08-05 13:42:00,NESR,,28.75,28.760000228881836,28.75,28.760000228881836,2718.0
2026-08-05 13:42:00,NEWT,,15.100000381469727,15.100000381469727,15.100000381469727,15.100000381469727,544.0
2026-08-05 13:42:00,NEXT,,6.445000171661377,6.449999809265137,6.445000171661377,6.449999809265137,1095.0
2026-08-05 13:42:00,NFE,,0.3391999900341034,0.3391999900341034,0.33820000290870667,0.33820000290870667,374.0
2026-08-05 13:42:00,NFLX,,73.48500061035156,73.4999008178711,73.47000122070312,73.4749984741211,19721.0
2026-08-05 13:42:00,NGNE,,35.47999954223633,35.47999954223633,35.47999954223633,35.47999954223633,109.0
2026-08-05 13:42:00,NICE,,99.05999755859375,99.05999755859375,98.97000122070312,98.97000122070312,5164.0
2026-08-05 13:42:00,NMFC,,7.349999904632568,7.349999904632568,7.349999904632568,7.349999904632568,964.0
2026-08-05 13:42:00,NN,,14.505000114440918,14.520000457763672,14.5,14.510000228881836,5599.0
2026-08-05 13:42:00,NNBR,,3.8499999046325684,3.859999895095825,3.8499999046325684,3.8550000190734863,8460.0
2026-08-05 13:42:00,NRC,,19.600000381469727,19.600000381469727,19.600000381469727,19.600000381469727,297.0
2026-08-05 13:42:00,NRDS,,9.140000343322754,9.140000343322754,9.140000343322754,9.140000343322754,312.0
2026-08-05 13:42:00,NRIM,,27.040000915527344,27.040000915527344,27.040000915527344,27.040000915527344,716.0
2026-08-05 13:42:00,NRSN,,0.5376999974250793,0.5376999974250793,0.5376999974250793,0.5376999974250793,3392.0
2026-08-05 13:42:00,NRXP,,3.055000066757202,3.059999942779541,3.055000066757202,3.059999942779541,1226.0
2026-08-05 13:42:00,NTAP,,189.63999938964844,189.72000122070312,189.63999938964844,189.72000122070312,1225.0
2026-08-05 13:42:00,NTGR,,24.2549991607666,24.260000228881836,24.2549991607666,24.260000228881836,2567.0
2026-08-05 13:42:00,NTNX,,60.875,60.875,60.875,60.875,1248.0
2026-08-05 13:42:00,NTRS,,184.34500122070312,184.34500122070312,184.34500122070312,184.34500122070312,382.0
2026-08-05 13:42:00,NVAX,,7.635000228881836,7.635000228881836,7.635000228881836,7.635000228881836,1722.0
2026-08-05 13:42:00,NVCR,,16.049999237060547,16.049999237060547,16.049999237060547,16.049999237060547,1251.0
2026-08-05 13:42:00,NVDA,,221.3000030517578,221.33999633789062,221.15420532226562,221.22500610351562,99814.0
2026-08-05 13:42:00,NVMI,,408.42999267578125,408.42999267578125,408.42999267578125,408.42999267578125,568.0
2026-08-05 13:42:00,NVTS,,12.46500015258789,12.469799995422363,12.460000038146973,12.469799995422363,4646.0
2026-08-05 13:42:00,NVX,,0.40059998631477356,0.40059998631477356,0.40059998631477356,0.40059998631477356,136.0
2026-08-05 13:42:00,NWBI,,15.944999694824219,15.955100059509277,15.9399995803833,15.949999809265137,6692.0
2026-08-05 13:42:00,NWGL,,0.2531000077724457,0.2531000077724457,0.2531000077724457,0.2531000077724457,1626.0
2026-08-05 13:42:00,NWL,,6.284999847412109,6.284999847412109,6.284999847412109,6.284999847412109,2006.0
2026-08-05 13:42:00,NWS,,32.36000061035156,32.3650016784668,32.36000061035156,32.3650016784668,1091.0
2026-08-05 13:42:00,NWSA,,28.34000015258789,28.34000015258789,28.334999084472656,28.34000015258789,1419.0
2026-08-05 13:42:00,NXGL,,0.3968000113964081,0.3968000113964081,0.3968000113964081,0.3968000113964081,1005.0
2026-08-05 13:42:00,NXPI,,231.49000549316406,231.60499572753906,231.49000549316406,231.60499572753906,1459.0
2026-08-05 13:42:00,NXT,,98.56999969482422,98.58000183105469,98.52999877929688,98.54000091552734,3254.0
2026-08-05 13:42:00,NXTC,,5.092199802398682,5.092199802398682,5.092199802398682,5.092199802398682,500.0
2026-08-05 13:42:00,OCFC,,19.895000457763672,19.895000457763672,19.895000457763672,19.895000457763672,1022.0
2026-08-05 13:42:00,OCGN,,1.2999999523162842,1.2999999523162842,1.2899999618530273,1.2999999523162842,1526.0
2026-08-05 13:42:00,OCUL,,8.604999542236328,8.604999542236328,8.600000381469727,8.600000381469727,850.0
2026-08-05 13:42:00,ODD,,15.430000305175781,15.435600280761719,15.414999961853027,15.430000305175781,3043.0
2026-08-05 13:42:00,ODFL,,213.77000427246094,213.77000427246094,213.75999450683594,213.76499938964844,838.0
2026-08-05 13:42:00,OFIX,,10.390000343322754,10.390000343322754,10.390000343322754,10.390000343322754,272.0
2026-08-05 13:42:00,OKTA,,148.34500122070312,148.34500122070312,148.32000732421875,148.32000732421875,1127.0
2026-08-05 13:42:00,OKYO,,1.6100000143051147,1.6100000143051147,1.6100000143051147,1.6100000143051147,4829.0
2026-08-05 13:42:00,OLLI,,78.19999694824219,78.19999694824219,78.19999694824219,78.19999694824219,844.0
2026-08-05 13:42:00,OLMA,,11.609999656677246,11.609999656677246,11.609999656677246,11.609999656677246,329.0
2026-08-05 13:42:00,OMH,,0.11559999734163284,0.11599999666213989,0.11550000309944153,0.11580000072717667,8445.0
2026-08-05 13:42:00,ON,,77.70500183105469,77.72000122070312,77.62999725341797,77.65499877929688,8305.0
2026-08-05 13:42:00,ONB,,27.045000076293945,27.045000076293945,27.040000915527344,27.040000915527344,4696.0
2026-08-05 13:42:00,ONDS,,8.919899940490723,8.930000305175781,8.90999984741211,8.925000190734863,281249.0
2026-08-05 13:42:00,ONFO,,0.07329999655485153,0.07339999824762344,0.07329999655485153,0.07339999824762344,25281.0
2026-08-05 13:42:00,OPCH,,23.5,23.510000228881836,23.489999771118164,23.510000228881836,1176.0
2026-08-05 13:42:00,OPEN,,3.825000047683716,3.8299999237060547,3.809999942779541,3.815000057220459,97591.0
2026-08-05 13:42:00,OPHC,,8.630000114440918,8.630000114440918,8.630000114440918,8.630000114440918,100.0
2026-08-05 13:42:00,ORGO,,2.3350000381469727,2.3350000381469727,2.3299999237060547,2.3299999237060547,1187.0
2026-08-05 13:42:00,ORIC,,13.039999961853027,13.050000190734863,13.039999961853027,13.039999961853027,1637.0
2026-08-05 13:42:00,ORLY,,93.51000213623047,93.55000305175781,93.51000213623047,93.51000213623047,3876.0
2026-08-05 13:42:00,OSBC,,25.81100082397461,25.81100082397461,25.80500030517578,25.80500030517578,1200.0
2026-08-05 13:42:00,OSW,,26.520000457763672,26.520000457763672,26.520000457763672,26.520000457763672,2283.0
2026-08-05 13:42:00,OTEX,,25.954999923706055,25.969999313354492,25.954999923706055,25.954999923706055,2906.0
2026-08-05 13:42:00,OTLK,,1.020300030708313,1.024999976158142,1.020300030708313,1.024999976158142,6439.0
2026-08-05 13:42:00,OVID,,2.6050000190734863,2.6050000190734863,2.6050000190734863,2.6050000190734863,644.0
2026-08-05 13:42:00,OXLC,,9.154999732971191,9.154999732971191,9.154999732971191,9.154999732971191,204.0
2026-08-05 13:42:00,PAA,,23.174999237060547,23.174999237060547,23.165000915527344,23.165000915527344,3474.0
2026-08-05 13:42:00,PAAS,,48.18000030517578,48.18000030517578,48.13999938964844,48.15999984741211,7646.0
2026-08-05 13:42:00,PACB,,1.3450000286102295,1.3499000072479248,1.3322999477386475,1.340000033378601,129502.0
2026-08-05 13:42:00,PAGP,,25.135000228881836,25.135000228881836,25.135000228881836,25.135000228881836,236.0
2026-08-05 13:42:00,PALI,,2.109999895095825,2.109999895095825,2.1050000190734863,2.1098999977111816,4241.0
2026-08-05 13:42:00,PANL,,7.244999885559082,7.244999885559082,7.244999885559082,7.244999885559082,114.0
2026-08-05 13:42:00,PANW,,365.8349914550781,365.8349914550781,365.6600036621094,365.6600036621094,2329.0
2026-08-05 13:42:00,PAX,,11.425000190734863,11.425000190734863,11.420000076293945,11.420000076293945,1074.0
2026-08-05 13:42:00,PAYO,,7.125,7.130000114440918,7.119999885559082,7.119999885559082,1146.0
2026-08-05 13:42:00,PAYX,,117.52999877929688,117.52999877929688,117.5250015258789,117.5250015258789,1171.0
2026-08-05 13:42:00,PCAR,,134.47000122070312,134.47000122070312,134.44000244140625,134.47000122070312,1933.0
2026-08-05 13:42:00,PCRX,,24.645000457763672,24.65999984741211,24.6200008392334,24.6200008392334,6118.0
2026-08-05 13:42:00,PCT,,6.894999980926514,6.900000095367432,6.894999980926514,6.894999980926514,1136.0
2026-08-05 13:42:00,PCTY,,145.3350067138672,145.3350067138672,145.16000366210938,145.16000366210938,576.0
2026-08-05 13:42:00,PDD,,90.87000274658203,90.87000274658203,90.86000061035156,90.86000061035156,3687.0
2026-08-05 13:42:00,PDEX,,67.125,67.125,67.125,67.125,714.0
2026-08-05 13:42:00,PECO,,41.279998779296875,41.279998779296875,41.279998779296875,41.279998779296875,887.0
2026-08-05 13:42:00,PEGA,,31.850000381469727,31.850000381469727,31.844999313354492,31.844999313354492,1090.0
2026-08-05 13:42:00,PENN,,19.80500030517578,19.80500030517578,19.80500030517578,19.80500030517578,924.0
2026-08-05 13:42:00,PEP,,138.78500366210938,138.8000946044922,138.77999877929688,138.8000030517578,5648.0
2026-08-05 13:42:00,PFG,,114.41000366210938,114.44499969482422,114.37000274658203,114.37000274658203,3662.0
2026-08-05 13:42:00,PGEN,,6.760000228881836,6.769899845123291,6.744999885559082,6.744999885559082,15155.0
2026-08-05 13:42:00,PGY,,21.850000381469727,21.850000381469727,21.829999923706055,21.829999923706055,1778.0
2026-08-05 13:42:00,PHAT,,8.460000038146973,8.460000038146973,8.454999923706055,8.454999923706055,787.0
2026-08-05 13:42:00,PLAB,,32.060001373291016,32.07500076293945,32.04999923706055,32.07500076293945,1519.0
2026-08-05 13:42:00,PLRX,,1.0549999475479126,1.0549999475479126,1.0549999475479126,1.0549999475479126,211.0
2026-08-05 13:42:00,PLTK,,3.901400089263916,3.9200000762939453,3.901400089263916,3.9200000762939453,27654.0
2026-08-05 13:42:00,PLUG,,2.0799999237060547,2.0896999835968018,2.0799999237060547,2.0850000381469727,6995.0
2026-08-05 13:42:00,PNFP,,107.69000244140625,107.75,107.69000244140625,107.75,2358.0
2026-08-05 13:42:00,PNTG,,38.959999084472656,39.0099983215332,38.959999084472656,39.0099983215332,2429.0
2026-08-05 13:42:00,POET,,8.34000015258789,8.350000381469727,8.34000015258789,8.350000381469727,1992.0
2026-08-05 13:42:00,POOL,,205.86000061035156,205.86000061035156,205.82000732421875,205.82000732421875,283.0
2026-08-05 13:42:00,POWI,,61.95000076293945,61.959999084472656,61.88999938964844,61.88999938964844,3622.0
2026-08-05 13:42:00,PPC,,26.440000534057617,26.440000534057617,26.440000534057617,26.440000534057617,689.0
2026-08-05 13:42:00,PPTA,,22.450000762939453,22.450000762939453,22.440000534057617,22.440000534057617,6473.0
2026-08-05 13:42:00,PRAX,,316.989990234375,316.989990234375,316.989990234375,316.989990234375,403.0
2026-08-05 13:42:00,PRCT,,18.674999237060547,18.71500015258789,18.6299991607666,18.71500015258789,9057.0
2026-08-05 13:42:00,PRDO,,32.81999969482422,32.81999969482422,32.81999969482422,32.81999969482422,500.0
2026-08-05 13:42:00,PRME,,3.065000057220459,3.069999933242798,3.065000057220459,3.0699000358581543,4379.0
2026-08-05 13:42:00,PROF,,8.09000015258789,8.09000015258789,8.09000015258789,8.09000015258789,301.0
2026-08-05 13:42:00,PRVA,,24.18000030517578,24.209999084472656,24.18000030517578,24.209999084472656,1595.0
2026-08-05 13:42:00,PSEC,,2.184999942779541,2.184999942779541,2.184999942779541,2.184999942779541,1076.0
2026-08-05 13:42:00,PSMT,,191.64999389648438,191.64999389648438,191.64999389648438,191.64999389648438,2685.0
2026-08-05 13:42:00,PSNL,,13.539999961853027,13.543299674987793,13.539999961853027,13.543299674987793,8514.0
2026-08-05 13:42:00,PTC,,140.2100067138672,140.2100067138672,140.2100067138672,140.2100067138672,989.0
2026-08-05 13:42:00,PTEN,,9.78499984741211,9.789999961853027,9.78339958190918,9.789999961853027,6817.0
2026-08-05 13:42:00,PTGX,,136.77000427246094,136.77000427246094,136.5,136.5,5470.0
2026-08-05 13:42:00,PTLO,,4.614999771118164,4.619999885559082,4.614999771118164,4.619999885559082,9735.0
2026-08-05 13:42:00,PTON,,6.514999866485596,6.514999866485596,6.510000228881836,6.510000228881836,8460.0
2026-08-05 13:42:00,PWP,,17.459999084472656,17.469999313354492,17.459999084472656,17.469999313354492,846.0
2026-08-05 13:42:00,PYPL,,58.25,58.25,58.2400016784668,58.2400016784668,4033.0
2026-08-05 13:42:00,PYXS,,3.164799928665161,3.164799928665161,3.1600000858306885,3.1600000858306885,1268.0
2026-08-05 13:42:00,PZZA,,30.020000457763672,30.030000686645508,30.020000457763672,30.030000686645508,1670.0
2026-08-05 13:42:00,QCOM,,157.90499877929688,157.90499877929688,157.83999633789062,157.89500427246094,5632.0
2026-08-05 13:42:00,QQQX,,30.424999237060547,30.424999237060547,30.424999237060547,30.424999237060547,1000.0
2026-08-05 13:42:00,QRVO,,94.59500122070312,94.6449966430664,94.59500122070312,94.6449966430664,1481.0
2026-08-05 13:42:00,SEED,,1.0149999856948853,1.0199999809265137,1.01010000705719,1.0199999809265137,1307.0
2026-08-05 13:42:00,TARA,,4.034999847412109,4.034999847412109,4.034999847412109,4.034999847412109,386.0
2026-08-05 13:43:00,ACDC,,4.425000190734863,4.425000190734863,4.420000076293945,4.420000076293945,17828.0
2026-08-05 13:43:00,BPRN,,41.970001220703125,41.970001220703125,41.970001220703125,41.970001220703125,110.0
2026-08-05 13:43:00,EYE,,23.15999984741211,23.18000030517578,23.149999618530273,23.170000076293945,11972.0
2026-08-05 13:43:00,FIZZ,,32.119998931884766,32.119998931884766,32.119998931884766,32.119998931884766,766.0
2026-08-05 13:43:00,GLUE,,15.59000015258789,15.59000015258789,15.585000038146973,15.585000038146973,1765.0
2026-08-05 13:43:00,KIDS,,21.440000534057617,21.440000534057617,21.440000534057617,21.440000534057617,884.0
2026-08-05 13:43:00,KITT,,1.0099999904632568,1.0199999809265137,1.0099999904632568,1.0199999809265137,959.0
2026-08-05 13:43:00,LUNG,,1.9850000143051147,1.9850000143051147,1.9850000143051147,1.9850000143051147,126.0
2026-08-05 13:43:00,MBRX,,0.39739999175071716,0.39739999175071716,0.39739999175071716,0.39739999175071716,0.0
2026-08-05 13:43:00,MDB,,374.9750061035156,374.9750061035156,374.70001220703125,374.95001220703125,1107.0
2026-08-05 13:43:00,MDLZ,,62.66999816894531,62.70000076293945,62.66999816894531,62.70000076293945,11015.0
2026-08-05 13:43:00,MLTX,,17.739999771118164,17.739999771118164,17.739999771118164,17.739999771118164,2367.0
2026-08-05 13:43:00,MNRO,,13.210000038146973,13.210000038146973,13.199999809265137,13.199999809265137,2750.0
2026-08-05 13:43:00,MNST,,94.73999786376953,94.74500274658203,94.69000244140625,94.69000244140625,12071.0
2026-08-05 13:43:00,MNTS,,4.275000095367432,4.279399871826172,4.275000095367432,4.279399871826172,766.0
2026-08-05 13:43:00,MORN,,197.4774932861328,197.48500061035156,197.4774932861328,197.48500061035156,1193.0
2026-08-05 13:43:00,MPWR,,1337.989990234375,1338.405029296875,1337.8599853515625,1338.010009765625,562.0
2026-08-05 13:43:00,MRNA,,56.689998626708984,56.72999954223633,56.68000030517578,56.68000030517578,2676.0
2026-08-05 13:43:00,MVBF,,30.84000015258789,30.84000015258789,30.84000015258789,30.84000015258789,758.0
2026-08-05 13:43:00,MYGN,,3.1649999618530273,3.1649999618530273,3.1549999713897705,3.1600000858306885,5198.0
2026-08-05 13:43:00,NAMS,,27.6200008392334,27.6200008392334,27.565000534057617,27.565000534057617,644.0
2026-08-05 13:43:00,NBTB,,53.400001525878906,53.400001525878906,53.38999938964844,53.38999938964844,473.0
2026-08-05 13:43:00,NDAQ,,94.9000015258789,94.9000015258789,94.88500213623047,94.88500213623047,1331.0
2026-08-05 13:43:00,NDSN,,310.8800048828125,311.25,310.8800048828125,311.25,1023.0
2026-08-05 13:43:00,NEO,,16.030000686645508,16.030000686645508,16.030000686645508,16.030000686645508,1421.0
2026-08-05 13:43:00,NEOG,,11.595000267028809,11.600000381469727,11.595000267028809,11.600000381469727,3981.0
2026-08-05 13:43:00,NEOV,,2.8450000286102295,2.8499999046325684,2.839900016784668,2.839900016784668,14711.0
2026-08-05 13:43:00,NESR,,28.739999771118164,28.7450008392334,28.739999771118164,28.7450008392334,1079.0
2026-08-05 13:43:00,NEWT,,15.109999656677246,15.109999656677246,15.095000267028809,15.095000267028809,1347.0
2026-08-05 13:43:00,NEXT,,6.445000171661377,6.445000171661377,6.445000171661377,6.445000171661377,699.0
2026-08-05 13:43:00,NFE,,0.33899998664855957,0.3400999903678894,0.33899998664855957,0.3391999900341034,6236.0
2026-08-05 13:43:00,NFLX,,73.48500061035156,73.5,73.47000122070312,73.48999786376953,14720.0
2026-08-05 13:43:00,NGNE,,35.560001373291016,35.560001373291016,35.560001373291016,35.560001373291016,299.0
2026-08-05 13:43:00,NKSH,,41.369998931884766,41.369998931884766,41.34000015258789,41.34000015258789,355.0
2026-08-05 13:43:00,NKTR,,73.48999786376953,73.48999786376953,73.45999908447266,73.45999908447266,706.0
2026-08-05 13:43:00,NMFCZ,,25.110000610351562,25.110000610351562,25.110000610351562,25.110000610351562,636.0
2026-08-05 13:43:00,NMIH,,44.53499984741211,44.53499984741211,44.53499984741211,44.53499984741211,302.0
2026-08-05 13:43:00,NMRK,,15.744999885559082,15.744999885559082,15.720000267028809,15.720000267028809,5797.0
2026-08-05 13:43:00,NN,,14.460000038146973,14.510000228881836,14.460000038146973,14.489999771118164,7592.0
2026-08-05 13:43:00,NNBR,,3.8499999046325684,3.8550000190734863,3.8499999046325684,3.8550000190734863,1031.0
2026-08-05 13:43:00,NNDM,,1.5449999570846558,1.5449999570846558,1.5399999618530273,1.5449999570846558,1856.0
2026-08-05 13:43:00,NNOX,,1.0149999856948853,1.0149999856948853,1.0149999856948853,1.0149999856948853,914.0
2026-08-05 13:43:00,NOVT,,157.2449951171875,157.2449951171875,157.2449951171875,157.2449951171875,342.0
2026-08-05 13:43:00,NPCE,,13.4399995803833,13.460000038146973,13.425000190734863,13.425000190734863,3911.0
2026-08-05 13:43:00,NRC,,19.600000381469727,19.600000381469727,19.56999969482422,19.56999969482422,467.0
2026-08-05 13:43:00,NRDS,,9.149999618530273,9.149999618530273,9.133999824523926,9.135000228881836,9389.0
2026-08-05 13:43:00,NRIM,,27.030000686645508,27.030000686645508,27.030000686645508,27.030000686645508,1241.0
2026-08-05 13:43:00,NRIX,,25.149999618530273,25.170000076293945,25.1299991607666,25.170000076293945,6432.0
2026-08-05 13:43:00,NRSN,,0.5479000210762024,0.5479000210762024,0.5479000210762024,0.5479000210762024,700.0
2026-08-05 13:43:00,NRXP,,3.0799999237060547,3.0799999237060547,3.055000066757202,3.059999942779541,5086.0
2026-08-05 13:43:00,NTAP,,189.72509765625,189.72509765625,189.72000122070312,189.72000122070312,2173.0
2026-08-05 13:43:00,NTCT,,41.90999984741211,41.92499923706055,41.86000061035156,41.86000061035156,3474.0
2026-08-05 13:43:00,NTES,,127.625,127.625,127.625,127.625,520.0
2026-08-05 13:43:00,NTGR,,24.274999618530273,24.274999618530273,24.274999618530273,24.274999618530273,789.0
2026-08-05 13:43:00,NTNX,,60.939998626708984,60.939998626708984,60.877498626708984,60.877498626708984,6414.0
2026-08-05 13:43:00,NTRS,,184.3699951171875,184.3699951171875,184.3699951171875,184.3699951171875,265.0
2026-08-05 13:43:00,NTWK,,4.270100116729736,4.270100116729736,4.270100116729736,4.270100116729736,2177.0
2026-08-05 13:43:00,NVCR,,16.065000534057617,16.065000534057617,16.049999237060547,16.049999237060547,924.0
2026-08-05 13:43:00,NVCT,,20.084999084472656,20.084999084472656,20.084999084472656,20.084999084472656,184.0
2026-08-05 13:43:00,NVDA,,221.3300018310547,221.44000244140625,221.3000030517578,221.32000732421875,153388.0
2026-08-05 13:43:00,NVMI,,409.2300109863281,409.2300109863281,409.2300109863281,409.2300109863281,281.0
2026-08-05 13:43:00,NVTS,,12.460000038146973,12.465100288391113,12.454999923706055,12.465100288391113,9185.0
2026-08-05 13:43:00,NWBI,,15.949999809265137,15.949999809265137,15.944999694824219,15.944999694824219,349.0
2026-08-05 13:43:00,NWL,,6.284999847412109,6.289999961853027,6.284999847412109,6.289999961853027,2143.0
2026-08-05 13:43:00,NWS,,32.36000061035156,32.369998931884766,32.36000061035156,32.369998931884766,404.0
2026-08-05 13:43:00,NWSA,,28.329999923706055,28.33099937438965,28.329999923706055,28.329999923706055,2148.0
2026-08-05 13:43:00,NXPI,,231.7100067138672,231.7100067138672,231.52999877929688,231.61500549316406,2866.0
2026-08-05 13:43:00,NXTC,,5.099999904632568,5.099999904632568,5.099999904632568,5.099999904632568,0.0
2026-08-05 13:43:00,OCC,,16.09000015258789,16.09000015258789,15.989999771118164,15.989999771118164,2194.0
2026-08-05 13:43:00,OCFC,,19.90999984741211,19.90999984741211,19.899999618530273,19.899999618530273,3578.0
2026-08-05 13:43:00,OCGN,,1.2998000383377075,1.2999999523162842,1.2899999618530273,1.2899999618530273,2952.0
2026-08-05 13:43:00,OCS,,12.0600004196167,12.0600004196167,12.024999618530273,12.024999618530273,4599.0
2026-08-05 13:43:00,OCUL,,8.604999542236328,8.609999656677246,8.604999542236328,8.604999542236328,2348.0
2026-08-05 13:43:00,ODD,,15.420000076293945,15.420000076293945,15.420000076293945,15.420000076293945,1775.0
2026-08-05 13:43:00,ODFL,,213.72999572753906,213.82000732421875,213.69000244140625,213.82000732421875,5290.0
2026-08-05 13:43:00,OESX,,14.619999885559082,14.619999885559082,14.619999885559082,14.619999885559082,1795.0
2026-08-05 13:43:00,OKTA,,148.30499267578125,148.3488006591797,148.30499267578125,148.3488006591797,2135.0
2026-08-05 13:43:00,OLLI,,78.16999816894531,78.16999816894531,78.16999816894531,78.16999816894531,1193.0
2026-08-05 13:43:00,OLMA,,11.614999771118164,11.614999771118164,11.609999656677246,11.609999656677246,2070.0
2026-08-05 13:43:00,OMER,,12.859999656677246,12.869999885559082,12.835000038146973,12.869999885559082,6801.0
2026-08-05 13:43:00,OMEX,,0.7418000102043152,0.7418000102043152,0.7400000095367432,0.7400000095367432,707.0
2026-08-05 13:43:00,OMH,,0.11490000039339066,0.11490000039339066,0.11400000005960464,0.11490000039339066,3689.0
2026-08-05 13:43:00,ON,,77.72000122070312,77.75,77.63999938964844,77.72000122070312,21138.0
2026-08-05 13:43:00,ONB,,27.045000076293945,27.045000076293945,27.040000915527344,27.040000915527344,3793.0
2026-08-05 13:43:00,ONDS,,8.914999961853027,8.920000076293945,8.900099754333496,8.90999984741211,298748.0
2026-08-05 13:43:00,ONFO,,0.07370000332593918,0.07370000332593918,0.07329999655485153,0.07339999824762344,24631.0
2026-08-05 13:43:00,ONMD,,0.6757000088691711,0.6757000088691711,0.675599992275238,0.675599992275238,962.0
2026-08-05 13:43:00,OPCH,,23.5,23.5,23.485000610351562,23.489999771118164,4651.0
2026-08-05 13:43:00,OPEN,,3.829900026321411,3.8299999237060547,3.819999933242798,3.825000047683716,78095.0
2026-08-05 13:43:00,OPHC,,8.6899995803833,8.6899995803833,8.6899995803833,8.6899995803833,138.0
2026-08-05 13:43:00,OPK,,1.315000057220459,1.315000057220459,1.315000057220459,1.315000057220459,1122.0
2026-08-05 13:43:00,ORIC,,13.050000190734863,13.050000190734863,13.050000190734863,13.050000190734863,820.0
2026-08-05 13:43:00,ORLY,,93.5250015258789,93.55999755859375,93.51000213623047,93.5250015258789,5518.0
2026-08-05 13:43:00,ORMP,,4.400000095367432,4.400000095367432,4.389999866485596,4.389999866485596,2501.0
2026-08-05 13:43:00,OSBC,,25.825000762939453,25.825000762939453,25.825000762939453,25.825000762939453,263.0
2026-08-05 13:43:00,OSPN,,16.690000534057617,16.690000534057617,16.649999618530273,16.649999618530273,1724.0
2026-08-05 13:43:00,OSS,,14.020000457763672,14.020000457763672,14.020000457763672,14.020000457763672,829.0
2026-08-05 13:43:00,OSW,,26.530000686645508,26.530000686645508,26.530000686645508,26.530000686645508,1117.0
2026-08-05 13:43:00,OTEX,,25.934999465942383,25.954999923706055,25.934999465942383,25.954999923706055,4105.0
2026-08-05 13:43:00,OTLK,,1.024999976158142,1.0299999713897705,1.0211000442504883,1.0211000442504883,32506.0
2026-08-05 13:43:00,OVID,,2.6050000190734863,2.609999895095825,2.6050000190734863,2.609999895095825,1277.0
2026-08-05 13:43:00,OXSQ,,1.5049999952316284,1.5049999952316284,1.5049999952316284,1.5049999952316284,176.0
2026-08-05 13:43:00,PAA,,23.174999237060547,23.174999237060547,23.174999237060547,23.174999237060547,781.0
2026-08-05 13:43:00,PAAS,,48.16999816894531,48.189998626708984,48.15999984741211,48.18000030517578,14830.0
2026-08-05 13:43:00,PACB,,1.3494000434875488,1.3494000434875488,1.340000033378601,1.340000033378601,5252.0
2026-08-05 13:43:00,PAGP,,25.13010025024414,25.13010025024414,25.13010025024414,25.13010025024414,217.0
2026-08-05 13:43:00,PAHC,,35.599998474121094,35.599998474121094,35.599998474121094,35.599998474121094,470.0
2026-08-05 13:43:00,PALI,,2.1098999977111816,2.109999895095825,2.1050000190734863,2.109999895095825,18046.0
2026-08-05 13:43:00,PANL,,7.25,7.25,7.25,7.25,539.0
2026-08-05 13:43:00,PANW,,366.1199951171875,366.1499938964844,365.7149963378906,365.7149963378906,9780.0
2026-08-05 13:43:00,PAX,,11.425000190734863,11.425000190734863,11.425000190734863,11.425000190734863,1012.0
2026-08-05 13:43:00,PAYO,,7.125,7.130000114440918,7.119999885559082,7.125,1113.0
2026-08-05 13:43:00,PAYS,,9.170000076293945,9.170000076293945,9.170000076293945,9.170000076293945,334.0
2026-08-05 13:43:00,PAYX,,117.6500015258789,117.6500015258789,117.5199966430664,117.55999755859375,5002.0
2026-08-05 13:43:00,PCAR,,134.4550018310547,134.4550018310547,134.41000366210938,134.44000244140625,2898.0
2026-08-05 13:43:00,PCRX,,24.55500030517578,24.559999465942383,24.55500030517578,24.559999465942383,420.0
2026-08-05 13:43:00,PCT,,6.894999980926514,6.900000095367432,6.894999980926514,6.894999980926514,1373.0
2026-08-05 13:43:00,PCTY,,145.17999267578125,145.3350067138672,145.16000366210938,145.16000366210938,558.0
2026-08-05 13:43:00,PDD,,90.88999938964844,90.88999938964844,90.87999725341797,90.87999725341797,2400.0
2026-08-05 13:43:00,PDFS,,50.06999969482422,50.06999969482422,50.06999969482422,50.06999969482422,457.0
2026-08-05 13:43:00,PEBO,,41.689998626708984,41.70000076293945,41.689998626708984,41.70000076293945,467.0
2026-08-05 13:43:00,PECO,,41.29499816894531,41.29499816894531,41.29499816894531,41.29499816894531,228.0
2026-08-05 13:43:00,PEGA,,31.850000381469727,31.850000381469727,31.850000381469727,31.850000381469727,837.0
2026-08-05 13:43:00,PENN,,19.799999237060547,19.799999237060547,19.790000915527344,19.799999237060547,4579.0
2026-08-05 13:43:00,PEP,,138.77999877929688,138.77999877929688,138.77999877929688,138.77999877929688,2300.0
2026-08-05 13:43:00,PEPG,,1.9800000190734863,1.9800000190734863,1.9800000190734863,1.9800000190734863,3437.0
2026-08-05 13:43:00,PERI,,9.569999694824219,9.569999694824219,9.569999694824219,9.569999694824219,544.0
2026-08-05 13:43:00,PESI,,17.844999313354492,17.8799991607666,17.844999313354492,17.8799991607666,439.0
2026-08-05 13:43:00,PETS,,1.975000023841858,1.975000023841858,1.975000023841858,1.975000023841858,119.0
2026-08-05 13:43:00,PGEN,,6.760000228881836,6.764999866485596,6.755000114440918,6.760000228881836,17808.0
2026-08-05 13:43:00,PGY,,21.829999923706055,21.844999313354492,21.829999923706055,21.84000015258789,9068.0
2026-08-05 13:43:00,PHAT,,8.460000038146973,8.460000038146973,8.460000038146973,8.460000038146973,845.0
2026-08-05 13:43:00,PHUN,,2.1600000858306885,2.1600000858306885,2.1600000858306885,2.1600000858306885,368.0
2026-08-05 13:43:00,PHVS,,33.42499923706055,33.439998626708984,33.42499923706055,33.439998626708984,512.0
2026-08-05 13:43:00,PLAB,,32.09000015258789,32.09000015258789,32.09000015258789,32.09000015258789,848.0
2026-08-05 13:43:00,PLMR,,134.8699951171875,135.1699981689453,134.8699951171875,135.1699981689453,906.0
2026-08-05 13:43:00,PLPC,,468.9200134277344,468.9200134277344,468.9200134277344,468.9200134277344,143.0
2026-08-05 13:43:00,PLSE,,37.31999969482422,37.31999969482422,37.17499923706055,37.17499923706055,1869.0
2026-08-05 13:43:00,PLTK,,3.8949999809265137,3.9000000953674316,3.8949999809265137,3.9000000953674316,1336.0
2026-08-05 13:43:00,PLUG,,2.089900016784668,2.089900016784668,2.0799999237060547,2.0799999237060547,10191.0
2026-08-05 13:43:00,PNFP,,107.74500274658203,107.74500274658203,107.73999786376953,107.73999786376953,735.0
2026-08-05 13:43:00,POET,,8.345000267028809,8.350000381469727,8.34000015258789,8.345000267028809,15554.0
2026-08-05 13:43:00,POOL,,205.92999267578125,205.92999267578125,205.92999267578125,205.92999267578125,356.0
2026-08-05 13:43:00,POWI,,62.1349983215332,62.1349983215332,62.10499954223633,62.10499954223633,664.0
2026-08-05 13:43:00,POWL,,212.44500732421875,212.4499969482422,212.44500732421875,212.4499969482422,504.0
2026-08-05 13:43:00,PPC,,26.43000030517578,26.43000030517578,26.43000030517578,26.43000030517578,596.0
2026-08-05 13:43:00,PPTA,,22.469999313354492,22.469999313354492,22.469999313354492,22.469999313354492,898.0
2026-08-05 13:43:00,PRAX,,317.8699951171875,317.8699951171875,317.3699951171875,317.7200012207031,1373.0
2026-08-05 13:43:00,PRCH,,15.829999923706055,15.829999923706055,15.829999923706055,15.829999923706055,577.0
2026-08-05 13:43:00,PRCT,,18.649999618530273,18.674999237060547,18.649999618530273,18.665000915527344,1925.0
2026-08-05 13:43:00,PRDO,,32.83000183105469,32.83000183105469,32.81999969482422,32.81999969482422,1032.0
2026-08-05 13:43:00,PRGS,,42.279998779296875,42.279998779296875,42.2400016784668,42.25,925.0
2026-08-05 13:43:00,PRIM,,85.19999694824219,85.19999694824219,85.06500244140625,85.16999816894531,2080.0
2026-08-05 13:43:00,PRLD,,4.579999923706055,4.579999923706055,4.575099945068359,4.575099945068359,2280.0
2026-08-05 13:43:00,PRME,,3.069999933242798,3.069999933242798,3.069999933242798,3.069999933242798,5587.0
2026-08-05 13:43:00,PROK,,1.6449999809265137,1.6449999809265137,1.6399999856948853,1.6399999856948853,5298.0
2026-08-05 13:43:00,PRQR,,1.909999966621399,1.909999966621399,1.909999966621399,1.909999966621399,220.0
2026-08-05 13:43:00,PRTA,,8.520000457763672,8.520000457763672,8.510000228881836,8.510000228881836,889.0
2026-08-05 13:43:00,PRVA,,24.219999313354492,24.219999313354492,24.200000762939453,24.200000762939453,1345.0
2026-08-05 13:43:00,PSEC,,2.184999942779541,2.184999942779541,2.180000066757202,2.180000066757202,4087.0
2026-08-05 13:43:00,PSMT,,191.64999389648438,191.64999389648438,191.64999389648438,191.64999389648438,204.0
2026-08-05 13:43:00,PSNL,,13.545000076293945,13.550000190734863,13.543999671936035,13.550000190734863,738.0
2026-08-05 13:43:00,PTC,,140.3000030517578,140.32000732421875,140.22999572753906,140.3000030517578,2493.0
2026-08-05 13:43:00,PTCT,,69.1050033569336,69.16999816894531,69.0999984741211,69.16999816894531,3281.0
2026-08-05 13:43:00,PTEN,,9.774999618530273,9.78499984741211,9.770000457763672,9.779999732971191,19573.0
2026-08-05 13:43:00,PTGX,,137.07000732421875,137.07000732421875,137.07000732421875,137.07000732421875,333.0
2026-08-05 13:43:00,PTLO,,4.614999771118164,4.614999771118164,4.614999771118164,4.614999771118164,1396.0
2026-08-05 13:43:00,PTON,,6.514999866485596,6.519999980926514,6.510000228881836,6.514999866485596,5704.0
2026-08-05 13:43:00,PUBM,,13.399999618530273,13.399999618530273,13.399999618530273,13.399999618530273,300.0
2026-08-05 13:43:00,PWP,,17.459999084472656,17.459999084472656,17.459999084472656,17.459999084472656,662.0
2026-08-05 13:43:00,PYPD,,4.59499979019165,4.59499979019165,4.59499979019165,4.59499979019165,0.0
2026-08-05 13:43:00,PYPL,,58.22999954223633,58.2599983215332,58.224998474121094,58.2599983215332,10651.0
2026-08-05 13:43:00,PYXS,,3.1649999618530273,3.1649999618530273,3.1649999618530273,3.1649999618530273,181.0
2026-08-05 13:43:00,PZZA,,30.020000457763672,30.030000686645508,30.010000228881836,30.014999389648438,8649.0
2026-08-05 13:43:00,QCOM,,157.97470092773438,158.00999450683594,157.9149932861328,157.94000244140625,11478.0
2026-08-05 13:43:00,QFIN,,13.194999694824219,13.194999694824219,13.194999694824219,13.194999694824219,257.0
2026-08-05 13:43:00,QQQX,,30.369699478149414,30.369699478149414,30.369699478149414,30.369699478149414,0.0
2026-08-05 13:43:00,QRVO,,94.58999633789062,94.62000274658203,94.58999633789062,94.5999984741211,1846.0
2026-08-05 13:43:00,SEED,,1.0199999809265137,1.0199999809265137,1.019700050354004,1.0199999809265137,307.0
2026-08-05 13:43:00,STIM,,2.2850000858306885,2.2850000858306885,2.2850000858306885,2.2850000858306885,438.0
2026-08-05 13:43:00,TARA,,4.034999847412109,4.039999961853027,4.03000020980835,4.03000020980835,811.0
2026-08-05 13:44:00,ACDC,,4.425000190734863,4.429999828338623,4.420000076293945,4.429999828338623,4948.0
2026-08-05 13:44:00,BPRN,,41.92559814453125,41.92559814453125,41.92559814453125,41.92559814453125,641.0
2026-08-05 13:44:00,CNXN,,85.38999938964844,85.38999938964844,85.22000122070312,85.22000122070312,1172.0
2026-08-05 13:44:00,DTIL,,7.5,7.5,7.5,7.5,600.0
2026-08-05 13:44:00,GLUE,,15.569999694824219,15.574999809265137,15.569999694824219,15.574999809265137,1219.0
2026-08-05 13:44:00,LUNG,,1.9889999628067017,1.9889999628067017,1.9800000190734863,1.9850000143051147,833.0
2026-08-05 13:44:00,MBRX,,0.39820000529289246,0.39820000529289246,0.39820000529289246,0.39820000529289246,837.0
2026-08-05 13:44:00,MDB,,375.0199890136719,375.2799987792969,374.9599914550781,375.0199890136719,1194.0
2026-08-05 13:44:00,MDLZ,,62.685001373291016,62.69499969482422,62.650001525878906,62.665000915527344,33409.0
2026-08-05 13:44:00,MNST,,94.79000091552734,94.80500030517578,94.7300033569336,94.7300033569336,6067.0
2026-08-05 13:44:00,MNTS,,4.27810001373291,4.2789998054504395,4.275000095367432,4.275000095367432,1351.0
2026-08-05 13:44:00,MOVE,,12.359999656677246,12.479999542236328,12.09000015258789,12.09000015258789,14325.0
2026-08-05 13:44:00,MPWR,,1337.030029296875,1337.8599853515625,1336.7900390625,1337.8599853515625,883.0
2026-08-05 13:44:00,MRNA,,56.709999084472656,56.720001220703125,56.689998626708984,56.689998626708984,3636.0
2026-08-05 13:44:00,MYGN,,3.1549999713897705,3.1600000858306885,3.1549999713897705,3.1600000858306885,4053.0
2026-08-05 13:44:00,NAMS,,27.6299991607666,27.6299991607666,27.600000381469727,27.6200008392334,2209.0
2026-08-05 13:44:00,NAUT,,0.9398999810218811,0.9398999810218811,0.939300000667572,0.939300000667572,3350.0
2026-08-05 13:44:00,NAVI,,9.1850004196167,9.1850004196167,9.1850004196167,9.1850004196167,126.0
2026-08-05 13:44:00,NB,,5.080100059509277,5.09499979019165,5.080100059509277,5.09499979019165,6715.0
2026-08-05 13:44:00,NBIX,,163.17999267578125,163.21499633789062,163.17999267578125,163.21499633789062,3472.0
2026-08-05 13:44:00,NCRA,,1.809999942779541,1.809999942779541,1.809999942779541,1.809999942779541,0.0
2026-08-05 13:44:00,NDAQ,,94.93000030517578,94.94999694824219,94.92500305175781,94.92500305175781,3165.0
2026-08-05 13:44:00,NDSN,,310.8999938964844,310.8999938964844,310.8299865722656,310.885009765625,172.0
2026-08-05 13:44:00,NEO,,16.030000686645508,16.030000686645508,16.020000457763672,16.030000686645508,1816.0
2026-08-05 13:44:00,NEOG,,11.600000381469727,11.600000381469727,11.595000267028809,11.595000267028809,3459.0
2026-08-05 13:44:00,NEOV,,2.8450000286102295,2.8450000286102295,2.841200113296509,2.8450000286102295,2330.0
2026-08-05 13:44:00,NESR,,28.760000228881836,28.760000228881836,28.75,28.75,1585.0
2026-08-05 13:44:00,NEXT,,6.440499782562256,6.440499782562256,6.440499782562256,6.440499782562256,2378.0
2026-08-05 13:44:00,NFLX,,73.53500366210938,73.54000091552734,73.48999786376953,73.48999786376953,23441.0
2026-08-05 13:44:00,NGNE,,35.56999969482422,35.56999969482422,35.56999969482422,35.56999969482422,165.0
2026-08-05 13:44:00,NICE,,99.12999725341797,99.3949966430664,99.01200103759766,99.22000122070312,11474.0
2026-08-05 13:44:00,NKTR,,73.41999816894531,73.41999816894531,73.4000015258789,73.41000366210938,2252.0
2026-08-05 13:44:00,NKTX,,2.2149999141693115,2.2149999141693115,2.2149999141693115,2.2149999141693115,1114.0
2026-08-05 13:44:00,NMIH,,44.54999923706055,44.54999923706055,44.53499984741211,44.54800033569336,2762.0
2026-08-05 13:44:00,NMRA,,1.6150000095367432,1.6150000095367432,1.6100000143051147,1.6100000143051147,6209.0
2026-08-05 13:44:00,NMRK,,15.760000228881836,15.760000228881836,15.760000228881836,15.760000228881836,683.0
2026-08-05 13:44:00,NN,,14.470000267028809,14.479999542236328,14.460000038146973,14.46500015258789,5349.0
2026-08-05 13:44:00,NNBR,,3.8499999046325684,3.8552000522613525,3.8499999046325684,3.8552000522613525,697.0
2026-08-05 13:44:00,NNDM,,1.5449999570846558,1.5449999570846558,1.5399999618530273,1.5449999570846558,877.0
2026-08-05 13:44:00,NNOX,,1.017300009727478,1.017300009727478,1.017300009727478,1.017300009727478,123.0
2026-08-05 13:44:00,NPCE,,13.550000190734863,13.579999923706055,13.520000457763672,13.520000457763672,4692.0
2026-08-05 13:44:00,NRDS,,9.15999984741211,9.15999984741211,9.149999618530273,9.149999618530273,4826.0
2026-08-05 13:44:00,NRIX,,25.145000457763672,25.149999618530273,25.145000457763672,25.149999618530273,1581.0
2026-08-05 13:44:00,NTAP,,189.88999938964844,189.97000122070312,189.72500610351562,189.72500610351562,5422.0
2026-08-05 13:44:00,NTNX,,60.970001220703125,60.970001220703125,60.95000076293945,60.95000076293945,2198.0
2026-08-05 13:44:00,NTRS,,184.31500244140625,184.3699951171875,184.31500244140625,184.3699951171875,1367.0
2026-08-05 13:44:00,NVCR,,16.05500030517578,16.059999465942383,16.049999237060547,16.059999465942383,1115.0
2026-08-05 13:44:00,NVDA,,221.2779998779297,221.36000061035156,221.27000427246094,221.3300018310547,131467.0
2026-08-05 13:44:00,NVMI,,409.0400085449219,409.42498779296875,408.92999267578125,409.42498779296875,918.0
2026-08-05 13:44:00,NVTS,,12.444999694824219,12.453900337219238,12.443599700927734,12.449999809265137,5745.0
2026-08-05 13:44:00,NWBI,,15.949999809265137,15.949999809265137,15.9399995803833,15.9399995803833,1801.0
2026-08-05 13:44:00,NWE,,68.68000030517578,68.68000030517578,68.68000030517578,68.68000030517578,1014.0
2026-08-05 13:44:00,NWL,,6.275000095367432,6.284999847412109,6.275000095367432,6.284999847412109,24310.0
2026-08-05 13:44:00,NWS,,32.36000061035156,32.36000061035156,32.36000061035156,32.36000061035156,919.0
2026-08-05 13:44:00,NWSA,,28.329999923706055,28.334999084472656,28.329999923706055,28.334999084472656,1280.0
2026-08-05 13:44:00,NXPI,,231.5050048828125,231.63999938964844,231.4600067138672,231.63999938964844,3198.0
2026-08-05 13:44:00,NXT,,98.44000244140625,98.56999969482422,98.44000244140625,98.56749725341797,2493.0
2026-08-05 13:44:00,OABI,,2.065000057220459,2.065000057220459,2.065000057220459,2.065000057220459,471.0
2026-08-05 13:44:00,OCFC,,19.90999984741211,19.90999984741211,19.90999984741211,19.90999984741211,2039.0
2026-08-05 13:44:00,OCGN,,1.2949999570846558,1.2949999570846558,1.2949999570846558,1.2949999570846558,2803.0
2026-08-05 13:44:00,OCSL,,12.145000457763672,12.145000457763672,12.145000457763672,12.145000457763672,575.0
2026-08-05 13:44:00,OCUL,,8.59000015258789,8.60200023651123,8.59000015258789,8.60200023651123,7124.0
2026-08-05 13:44:00,ODD,,15.430000305175781,15.430000305175781,15.430000305175781,15.430000305175781,142.0
2026-08-05 13:44:00,ODFL,,213.7050018310547,213.71499633789062,213.5800018310547,213.58999633789062,1398.0
2026-08-05 13:44:00,OESX,,14.875499725341797,14.875499725341797,14.399999618530273,14.399999618530273,1304.0
2026-08-05 13:44:00,OFIX,,10.390000343322754,10.390000343322754,10.390000343322754,10.390000343322754,156.0
2026-08-05 13:44:00,OKTA,,148.27000427246094,148.30499267578125,148.27000427246094,148.30499267578125,656.0
2026-08-05 13:44:00,OLB,,0.30390000343322754,0.30390000343322754,0.30390000343322754,0.30390000343322754,748.0
2026-08-05 13:44:00,OMCL,,37.4900016784668,37.4900016784668,37.4900016784668,37.4900016784668,207.0
2026-08-05 13:44:00,OMER,,12.859999656677246,12.859999656677246,12.859999656677246,12.859999656677246,138.0
2026-08-05 13:44:00,OMH,,0.11500000208616257,0.11500000208616257,0.11400000005960464,0.11479999870061874,265.0
2026-08-05 13:44:00,ON,,77.67500305175781,77.76959991455078,77.66999816894531,77.7300033569336,8942.0
2026-08-05 13:44:00,ONB,,27.040000915527344,27.040000915527344,27.040000915527344,27.040000915527344,2996.0
2026-08-05 13:44:00,ONDS,,8.904999732971191,8.920000076293945,8.899999618530273,8.917400360107422,239305.0
2026-08-05 13:44:00,OPCH,,23.5,23.5049991607666,23.489999771118164,23.4950008392334,2545.0
2026-08-05 13:44:00,OPEN,,3.825000047683716,3.8299999237060547,3.825000047683716,3.825000047683716,23812.0
2026-08-05 13:44:00,OPHC,,8.630000114440918,8.630000114440918,8.630000114440918,8.630000114440918,100.0
2026-08-05 13:44:00,OPK,,1.315000057220459,1.315000057220459,1.315000057220459,1.315000057220459,1182.0
2026-08-05 13:44:00,ORGO,,2.3350000381469727,2.3350000381469727,2.3350000381469727,2.3350000381469727,1140.0
2026-08-05 13:44:00,ORIC,,13.050000190734863,13.050000190734863,13.050000190734863,13.050000190734863,1388.0
2026-08-05 13:44:00,ORLY,,93.58999633789062,93.58999633789062,93.5,93.5250015258789,10478.0
2026-08-05 13:44:00,ORMP,,4.400000095367432,4.400000095367432,4.394999980926514,4.394999980926514,520.0
2026-08-05 13:44:00,OSBC,,25.81999969482422,25.81999969482422,25.81999969482422,25.81999969482422,553.0
2026-08-05 13:44:00,OSPN,,16.729999542236328,16.735000610351562,16.729999542236328,16.735000610351562,542.0
2026-08-05 13:44:00,OSS,,14.03499984741211,14.03499984741211,14.03499984741211,14.03499984741211,195.0
2026-08-05 13:44:00,OSUR,,4.125,4.125,4.125,4.125,1073.0
2026-08-05 13:44:00,OTEX,,25.94499969482422,25.94499969482422,25.934999465942383,25.940000534057617,2375.0
2026-08-05 13:44:00,OTLK,,1.024999976158142,1.024999976158142,1.0199999809265137,1.0199999809265137,1766.0
2026-08-05 13:44:00,OVBC,,42.75,42.75,42.75,42.75,408.0
2026-08-05 13:44:00,OVID,,2.609999895095825,2.609999895095825,2.609999895095825,2.609999895095825,1014.0
2026-08-05 13:44:00,OXLC,,9.154999732971191,9.15999984741211,9.154999732971191,9.154999732971191,3401.0
2026-08-05 13:44:00,OXSQ,,1.5003999471664429,1.5003999471664429,1.5003999471664429,1.5003999471664429,10091.0
2026-08-05 13:44:00,PAA,,23.174999237060547,23.174999237060547,23.165000915527344,23.170000076293945,5232.0
2026-08-05 13:44:00,PAAS,,48.13999938964844,48.18000030517578,48.130001068115234,48.16999816894531,6251.0
2026-08-05 13:44:00,PACB,,1.340000033378601,1.3450000286102295,1.340000033378601,1.340000033378601,8121.0
2026-08-05 13:44:00,PAGP,,25.1299991607666,25.1299991607666,25.1299991607666,25.1299991607666,850.0
2026-08-05 13:44:00,PALI,,2.119999885559082,2.119999885559082,2.109999895095825,2.109999895095825,23501.0
2026-08-05 13:44:00,PANL,,7.255000114440918,7.255000114440918,7.255000114440918,7.255000114440918,3084.0
2026-08-05 13:44:00,PANW,,365.70001220703125,365.9549865722656,365.70001220703125,365.7699890136719,6344.0
2026-08-05 13:44:00,PAX,,11.4350004196167,11.4350004196167,11.430000305175781,11.430000305175781,4447.0
2026-08-05 13:44:00,PAYO,,7.125,7.125,7.119999885559082,7.119999885559082,856.0
2026-08-05 13:44:00,PAYS,,9.175000190734863,9.175000190734863,9.170000076293945,9.170000076293945,1479.0
2026-08-05 13:44:00,PAYX,,117.70999908447266,117.7300033569336,117.69000244140625,117.7300033569336,4807.0
2026-08-05 13:44:00,PCAR,,134.4550018310547,134.47999572753906,134.4550018310547,134.4600067138672,1670.0
2026-08-05 13:44:00,PCRX,,24.639999389648438,24.639999389648438,24.545000076293945,24.549999237060547,18990.0
2026-08-05 13:44:00,PCSA,,2.190000057220459,2.200000047683716,2.180000066757202,2.190000057220459,4660.0
2026-08-05 13:44:00,PCT,,6.900000095367432,6.90500020980835,6.894999980926514,6.894999980926514,6781.0
2026-08-05 13:44:00,PCTY,,145.56500244140625,145.56500244140625,145.3350067138672,145.3350067138672,1564.0
2026-08-05 13:44:00,PCYO,,10.640000343322754,10.640000343322754,10.59000015258789,10.59000015258789,4300.0
2026-08-05 13:44:00,PDD,,90.88999938964844,90.9000015258789,90.86000061035156,90.86199951171875,3618.0
2026-08-05 13:44:00,PEBK,,43.25,43.25,43.25,43.25,613.0
2026-08-05 13:44:00,PEBO,,41.720001220703125,41.720001220703125,41.720001220703125,41.720001220703125,10568.0
2026-08-05 13:44:00,PECO,,41.29999923706055,41.29999923706055,41.279998779296875,41.290000915527344,1971.0
2026-08-05 13:44:00,PEGA,,31.8799991607666,31.8799991607666,31.8700008392334,31.8700008392334,1212.0
2026-08-05 13:44:00,PENN,,19.795000076293945,19.799999237060547,19.790000915527344,19.79010009765625,1553.0
2026-08-05 13:44:00,PEP,,138.77499389648438,138.8000030517578,138.77000427246094,138.77999877929688,7033.0
2026-08-05 13:44:00,PEPG,,1.9850000143051147,1.9850000143051147,1.9850000143051147,1.9850000143051147,950.0
2026-08-05 13:44:00,PFG,,114.38500213623047,114.38500213623047,114.38500213623047,114.38500213623047,156.0
2026-08-05 13:44:00,PGEN,,6.75,6.769999980926514,6.75,6.769999980926514,31923.0
2026-08-05 13:44:00,PGY,,21.84000015258789,21.84000015258789,21.829999923706055,21.829999923706055,2601.0
2026-08-05 13:44:00,PHAT,,8.460000038146973,8.460000038146973,8.460000038146973,8.460000038146973,1585.0
2026-08-05 13:44:00,PHIO,,1.0399999618530273,1.0399999618530273,1.0399999618530273,1.0399999618530273,3300.0
2026-08-05 13:44:00,PLAB,,32.08000183105469,32.08000183105469,32.08000183105469,32.08000183105469,124.0
2026-08-05 13:44:00,PLPC,,469.7200012207031,469.7200012207031,469.7200012207031,469.7200012207031,116.0
2026-08-05 13:44:00,PLTK,,3.8949999809265137,3.8949999809265137,3.8949999809265137,3.8949999809265137,1420.0
2026-08-05 13:44:00,PLUG,,2.0850000381469727,2.0899999141693115,2.0850000381469727,2.0899999141693115,255339.0
2026-08-05 13:44:00,PNBK,,1.1399999856948853,1.1399999856948853,1.1399999856948853,1.1399999856948853,173.0
2026-08-05 13:44:00,PNFP,,107.75499725341797,107.75499725341797,107.75499725341797,107.75499725341797,1133.0
2026-08-05 13:44:00,POET,,8.329999923706055,8.345000267028809,8.320099830627441,8.345000267028809,14965.0
2026-08-05 13:44:00,POOL,,205.9499969482422,205.9499969482422,205.9499969482422,205.9499969482422,203.0
2026-08-05 13:44:00,POWI,,62.04999923706055,62.1349983215332,62.04999923706055,62.1349983215332,686.0
2026-08-05 13:44:00,POWL,,212.44500732421875,212.44500732421875,212.44500732421875,212.44500732421875,462.0
2026-08-05 13:44:00,PPC,,26.440000534057617,26.440000534057617,26.43000030517578,26.43000030517578,3658.0
2026-08-05 13:44:00,PPIH,,25.895000457763672,25.895000457763672,25.895000457763672,25.895000457763672,455.0
2026-08-05 13:44:00,PPTA,,22.456199645996094,22.46500015258789,22.456199645996094,22.46500015258789,3255.0
2026-08-05 13:44:00,PRCH,,15.84000015258789,15.84000015258789,15.84000015258789,15.84000015258789,2126.0
2026-08-05 13:44:00,PRCT,,18.739999771118164,18.739999771118164,18.674999237060547,18.674999237060547,4935.0
2026-08-05 13:44:00,PRDO,,32.849998474121094,32.849998474121094,32.84000015258789,32.84000015258789,934.0
2026-08-05 13:44:00,PRGS,,42.29999923706055,42.29999923706055,42.29999923706055,42.29999923706055,247.0
2026-08-05 13:44:00,PRIM,,85.08499908447266,85.19999694824219,85.06999969482422,85.06999969482422,2761.0
2026-08-05 13:44:00,PRME,,3.059999942779541,3.069999933242798,3.059999942779541,3.0657999515533447,733.0
2026-08-05 13:44:00,PRTA,,8.520000457763672,8.520000457763672,8.520000457763672,8.520000457763672,494.0
2026-08-05 13:44:00,PRVA,,24.229999542236328,24.229999542236328,24.219999313354492,24.219999313354492,1869.0
2026-08-05 13:44:00,PSEC,,2.184999942779541,2.190000057220459,2.184999942779541,2.190000057220459,573.0
2026-08-05 13:44:00,PSMT,,191.64999389648438,191.64999389648438,191.64999389648438,191.64999389648438,901.0
2026-08-05 13:44:00,PSNL,,13.539999961853027,13.539999961853027,13.539999961853027,13.539999961853027,1256.0
2026-08-05 13:44:00,PTC,,140.27999877929688,140.27999877929688,140.27999877929688,140.27999877929688,492.0
2026-08-05 13:44:00,PTEN,,9.75,9.774999618530273,9.75,9.774999618530273,19141.0
2026-08-05 13:44:00,PTGX,,137.11500549316406,137.11500549316406,137.11500549316406,137.11500549316406,241.0
2026-08-05 13:44:00,PTON,,6.519000053405762,6.519999980926514,6.510000228881836,6.514999866485596,11288.0
2026-08-05 13:44:00,PUBM,,13.420000076293945,13.420000076293945,13.399999618530273,13.399999618530273,3290.0
2026-08-05 13:44:00,PWP,,17.489999771118164,17.4950008392334,17.450000762939453,17.469999313354492,3710.0
2026-08-05 13:44:00,PYPL,,58.255001068115234,58.2599983215332,58.22999954223633,58.22999954223633,3797.0
2026-08-05 13:44:00,PYXS,,3.1649999618530273,3.1649999618530273,3.1649999618530273,3.1649999618530273,233.0
2026-08-05 13:44:00,PZZA,,30.010000228881836,30.024999618530273,30.0,30.020000457763672,4769.0
2026-08-05 13:44:00,QCOM,,157.9600067138672,157.9600067138672,157.9199981689453,157.92999267578125,3958.0
2026-08-05 13:44:00,QFIN,,13.194999694824219,13.199999809265137,13.194999694824219,13.199999809265137,416.0
2026-08-05 13:44:00,QRVO,,94.63999938964844,94.63999938964844,94.625,94.63999938964844,1192.0
2026-08-05 13:44:00,SEED,,1.0199999809265137,1.0199999809265137,1.0199999809265137,1.0199999809265137,500.0
2026-08-05 13:44:00,STIM,,2.2850000858306885,2.2850000858306885,2.2850000858306885,2.2850000858306885,5564.0
2026-08-05 13:44:00,TARA,,4.039999961853027,4.039999961853027,4.034999847412109,4.034999847412109,223.0
2026-08-05 13:45:00,ACDC,,4.414999961853027,4.425000190734863,4.414999961853027,4.425000190734863,7081.0
2026-08-05 13:45:00,DTIL,,7.480000019073486,7.489999771118164,7.480000019073486,7.489999771118164,1724.0
2026-08-05 13:45:00,EYE,,23.170000076293945,23.170000076293945,23.15999984741211,23.15999984741211,8248.0
2026-08-05 13:45:00,GLUE,,15.5600004196167,15.569999694824219,15.550000190734863,15.5600004196167,2563.0
2026-08-05 13:45:00,LUNG,,1.9900000095367432,1.9900000095367432,1.9800000190734863,1.9800000190734863,2347.0
2026-08-05 13:45:00,MDB,,374.7099914550781,374.7300109863281,374.44000244140625,374.70001220703125,1694.0
2026-08-05 13:45:00,MDLZ,,62.685001373291016,62.70500183105469,62.66999816894531,62.685001373291016,13793.0
2026-08-05 13:45:00,MNPR,,119.19999694824219,120.0,119.19000244140625,119.8499984741211,6018.0
2026-08-05 13:45:00,MNRO,,13.220000267028809,13.220000267028809,13.220000267028809,13.220000267028809,1545.0
2026-08-05 13:45:00,MNST,,94.80999755859375,94.80999755859375,94.7699966430664,94.79499816894531,12184.0
2026-08-05 13:45:00,MNTK,,1.684999942779541,1.684999942779541,1.684999942779541,1.684999942779541,881.0
2026-08-05 13:45:00,MNTS,,4.2789998054504395,4.2789998054504395,4.270899772644043,4.275000095367432,6052.0
2026-08-05 13:45:00,MPWR,,1336.4849853515625,1336.719970703125,1335.25,1336.719970703125,434.0
2026-08-05 13:45:00,MRNA,,56.71500015258789,56.720001220703125,56.68000030517578,56.68000030517578,3795.0
2026-08-05 13:45:00,MYSZ,,0.4000000059604645,0.4000000059604645,0.4000000059604645,0.4000000059604645,219.0
2026-08-05 13:45:00,NAMS,,27.68000030517578,27.68000030517578,27.68000030517578,27.68000030517578,347.0
2026-08-05 13:45:00,NAVI,,9.194999694824219,9.194999694824219,9.1899995803833,9.1899995803833,2521.0
2026-08-05 13:45:00,NB,,5.085000038146973,5.090000152587891,5.079999923706055,5.079999923706055,2451.0
2026-08-05 13:45:00,NDAQ,,94.90899658203125,94.94000244140625,94.90899658203125,94.94000244140625,4081.0
2026-08-05 13:45:00,NDSN,,311.1099853515625,311.125,310.8299865722656,310.8299865722656,907.0
2026-08-05 13:45:00,NEGG,,16.68000030517578,16.68000030517578,16.68000030517578,16.68000030517578,108.0
2026-08-05 13:45:00,NEO,,16.0,16.020000457763672,16.0,16.020000457763672,4869.0
2026-08-05 13:45:00,NEOG,,11.595000267028809,11.595000267028809,11.595000267028809,11.595000267028809,864.0
2026-08-05 13:45:00,NEOV,,2.8399999141693115,2.8399999141693115,2.8350000381469727,2.8399999141693115,5661.0
2026-08-05 13:45:00,NESR,,28.729999542236328,28.760000228881836,28.729999542236328,28.760000228881836,4002.0
2026-08-05 13:45:00,NEWT,,15.135000228881836,15.140000343322754,15.119999885559082,15.130000114440918,904.0
2026-08-05 13:45:00,NEXT,,6.434999942779541,6.440000057220459,6.434999942779541,6.440000057220459,1196.0
2026-08-05 13:45:00,NFLX,,73.50499725341797,73.53500366210938,73.4800033569336,73.53500366210938,22642.0
2026-08-05 13:45:00,NGNE,,35.52000045776367,35.52000045776367,35.52000045776367,35.52000045776367,274.0
2026-08-05 13:45:00,NICE,,99.0199966430664,99.12999725341797,99.0,99.12999725341797,5855.0
2026-08-05 13:45:00,NMFC,,7.349999904632568,7.349999904632568,7.349999904632568,7.349999904632568,1056.0
2026-08-05 13:45:00,NMRA,,1.6150000095367432,1.6150000095367432,1.6150000095367432,1.6150000095367432,1453.0
2026-08-05 13:45:00,NN,,14.420000076293945,14.449999809265137,14.420000076293945,14.449999809265137,1291.0
2026-08-05 13:45:00,NNBR,,3.859999895095825,3.859999895095825,3.859999895095825,3.859999895095825,271.0
2026-08-05 13:45:00,NNDM,,1.5449999570846558,1.5449999570846558,1.5399999618530273,1.5449999570846558,2947.0
2026-08-05 13:45:00,NOVT,,157.25,157.25,157.25,157.25,281.0
2026-08-05 13:45:00,NPCE,,13.550000190734863,13.550000190734863,13.550000190734863,13.550000190734863,512.0
2026-08-05 13:45:00,NRC,,19.600000381469727,19.600000381469727,19.600000381469727,19.600000381469727,664.0
2026-08-05 13:45:00,NRDS,,9.149999618530273,9.149999618530273,9.149999618530273,9.149999618530273,1813.0
2026-08-05 13:45:00,NRIX,,25.1200008392334,25.1200008392334,25.1200008392334,25.1200008392334,1453.0
2026-08-05 13:45:00,NSSC,,40.31999969482422,40.31999969482422,40.31999969482422,40.31999969482422,1796.0
2026-08-05 13:45:00,NTAP,,189.6750030517578,189.77000427246094,189.6699981689453,189.77000427246094,3512.0
2026-08-05 13:45:00,NTCT,,41.89500045776367,41.900001525878906,41.849998474121094,41.849998474121094,633.0
2026-08-05 13:45:00,NTES,,127.58000183105469,127.5999984741211,127.58000183105469,127.5999984741211,1474.0
2026-08-05 13:45:00,NTNX,,60.959999084472656,60.974998474121094,60.94499969482422,60.974998474121094,2571.0
2026-08-05 13:45:00,NTRA,,274.2250061035156,274.2900085449219,274.2250061035156,274.2900085449219,764.0
2026-08-05 13:45:00,NTRS,,184.25999450683594,184.27999877929688,184.25999450683594,184.27999877929688,714.0
2026-08-05 13:45:00,NUWE,,1.7000000476837158,1.7000000476837158,1.7000000476837158,1.7000000476837158,336.0
2026-08-05 13:45:00,NVAX,,7.630000114440918,7.630000114440918,7.630000114440918,7.630000114440918,1704.0
2026-08-05 13:45:00,NVCR,,16.049999237060547,16.049999237060547,16.049999237060547,16.049999237060547,433.0
2026-08-05 13:45:00,NVDA,,221.1699981689453,221.28500366210938,221.02000427246094,221.1699981689453,100554590.0
2026-08-05 13:45:00,NVEC,,129.8800048828125,129.8800048828125,129.8800048828125,129.8800048828125,351.0
2026-08-05 13:45:00,NVMI,,408.6600036621094,408.6600036621094,408.6600036621094,408.6600036621094,659.0
2026-08-05 13:45:00,NVTS,,12.42020034790039,12.444999694824219,12.40999984741211,12.4399995803833,27171.0
2026-08-05 13:45:00,NWL,,6.275000095367432,6.275000095367432,6.275000095367432,6.275000095367432,1042.0
2026-08-05 13:45:00,NWS,,32.349998474121094,32.349998474121094,32.349998474121094,32.349998474121094,1056.0
2026-08-05 13:45:00,NWSA,,28.344999313354492,28.344999313354492,28.325000762939453,28.334999084472656,7298.0
2026-08-05 13:45:00,NXPI,,231.5500030517578,231.5500030517578,231.25999450683594,231.25999450683594,4783.0
2026-08-05 13:45:00,NXT,,98.5250015258789,98.5250015258789,98.20999908447266,98.37000274658203,5119.0
2026-08-05 13:45:00,OCGN,,1.2949999570846558,1.2949999570846558,1.2949999570846558,1.2949999570846558,2523.0
2026-08-05 13:45:00,OCSL,,12.130000114440918,12.140000343322754,12.130000114440918,12.140000343322754,1949.0
2026-08-05 13:45:00,OCUL,,8.595000267028809,8.595000267028809,8.595000267028809,8.595000267028809,1173.0
2026-08-05 13:45:00,ODD,,15.4399995803833,15.449999809265137,15.430000305175781,15.430000305175781,3936.0
2026-08-05 13:45:00,ODFL,,213.71499633789062,213.71499633789062,213.71499633789062,213.71499633789062,386.0
2026-08-05 13:45:00,OFIX,,10.40999984741211,10.430000305175781,10.390000343322754,10.390000343322754,2867.0
2026-08-05 13:45:00,OKTA,,148.22999572753906,148.24000549316406,148.1199951171875,148.24000549316406,3336.0
2026-08-05 13:45:00,OMCL,,37.470001220703125,37.4900016784668,37.421600341796875,37.421600341796875,1115.0
2026-08-05 13:45:00,OMER,,12.859999656677246,12.859999656677246,12.859999656677246,12.859999656677246,443.0
2026-08-05 13:45:00,OMEX,,0.7418000102043152,0.7418000102043152,0.7418000102043152,0.7418000102043152,100.0
2026-08-05 13:45:00,OMH,,0.11410000175237656,0.11500000208616257,0.11410000175237656,0.11500000208616257,12139.0
2026-08-05 13:45:00,ON,,77.75,77.7699966430664,77.55000305175781,77.62999725341797,22257.0
2026-08-05 13:45:00,ONB,,27.045000076293945,27.045000076293945,27.040000915527344,27.040000915527344,4561.0
2026-08-05 13:45:00,ONDS,,8.904999732971191,8.90999984741211,8.890000343322754,8.901800155639648,220418.0
2026-08-05 13:45:00,ONFO,,0.07419999688863754,0.07419999688863754,0.07400000095367432,0.07400000095367432,26016.0
2026-08-05 13:45:00,OPCH,,23.5,23.510000228881836,23.5,23.510000228881836,2679.0
2026-08-05 13:45:00,OPEN,,3.825000047683716,3.8299999237060547,3.819999933242798,3.825500011444092,53264.0
2026-08-05 13:45:00,OPK,,1.315000057220459,1.315000057220459,1.315000057220459,1.315000057220459,419.0
2026-08-05 13:45:00,OPRT,,6.179999828338623,6.179999828338623,6.179999828338623,6.179999828338623,215.0
2026-08-05 13:45:00,ORIC,,13.039999961853027,13.039999961853027,13.039999961853027,13.039999961853027,264.0
2026-08-05 13:45:00,ORLY,,93.5199966430664,93.62000274658203,93.5199966430664,93.57499694824219,13343.0
2026-08-05 13:45:00,ORMP,,4.409999847412109,4.409999847412109,4.40500020980835,4.40500020980835,3000.0
2026-08-05 13:45:00,OSPN,,16.72170066833496,16.72170066833496,16.72170066833496,16.72170066833496,831.0
2026-08-05 13:45:00,OSS,,14.006099700927734,14.010000228881836,14.006099700927734,14.010000228881836,1259.0
2026-08-05 13:45:00,OTEX,,25.934999465942383,25.940000534057617,25.924999237060547,25.940000534057617,3944.0
2026-08-05 13:45:00,OTLK,,1.0211000442504883,1.024999976158142,1.0199999809265137,1.024999976158142,4077.0
2026-08-05 13:45:00,OTLY,,14.4399995803833,14.449999809265137,14.399999618530273,14.399999618530273,652.0
2026-08-05 13:45:00,OVID,,2.609999895095825,2.609999895095825,2.609999895095825,2.609999895095825,706.0
2026-08-05 13:45:00,OXSQ,,1.5099999904632568,1.5099999904632568,1.5049999952316284,1.5049999952316284,1606.0
2026-08-05 13:45:00,PAA,,23.170000076293945,23.170000076293945,23.170000076293945,23.170000076293945,1187.0
2026-08-05 13:45:00,PAAS,,48.18000030517578,48.18000030517578,48.11000061035156,48.130001068115234,6040.0
2026-08-05 13:45:00,PACB,,1.340000033378601,1.3451000452041626,1.340000033378601,1.340000033378601,9025.0
2026-08-05 13:45:00,PAHC,,35.619998931884766,35.619998931884766,35.61000061035156,35.619998931884766,3042.0
2026-08-05 13:45:00,PALI,,2.1198999881744385,2.119999885559082,2.1198999881744385,2.119999885559082,1503.0
2026-08-05 13:45:00,PANW,,365.7300109863281,365.8599853515625,365.4224853515625,365.67999267578125,10341.0
2026-08-05 13:45:00,PATK,,88.30000305175781,88.30000305175781,88.30000305175781,88.30000305175781,891.0
2026-08-05 13:45:00,PAX,,11.430000305175781,11.4350004196167,11.430000305175781,11.4350004196167,2585.0
2026-08-05 13:45:00,PAYO,,7.119999885559082,7.125,7.119999885559082,7.125,1227.0
2026-08-05 13:45:00,PAYX,,117.70500183105469,117.72000122070312,117.69999694824219,117.72000122070312,2683.0
2026-08-05 13:45:00,PBYI,,8.029999732971191,8.029999732971191,8.029999732971191,8.029999732971191,269.0
2026-08-05 13:45:00,PCAR,,134.47999572753906,134.5,134.4600067138672,134.4600067138672,2061.0
2026-08-05 13:45:00,PCRX,,24.665000915527344,24.670000076293945,24.59000015258789,24.639999389648438,4133.0
2026-08-05 13:45:00,PCSA,,2.200000047683716,2.200000047683716,2.200000047683716,2.200000047683716,319.0
2026-08-05 13:45:00,PCT,,6.890100002288818,6.890100002288818,6.890100002288818,6.890100002288818,1614.0
2026-08-05 13:45:00,PDD,,90.91000366210938,90.91000366210938,90.87999725341797,90.87999725341797,4907.0
2026-08-05 13:45:00,PDFS,,49.95000076293945,49.95000076293945,49.95000076293945,49.95000076293945,762.0
2026-08-05 13:45:00,PDLB,,20.4950008392334,20.4950008392334,20.4950008392334,20.4950008392334,112.0
2026-08-05 13:45:00,PECO,,41.29499816894531,41.29499816894531,41.29499816894531,41.29499816894531,307.0
2026-08-05 13:45:00,PEGA,,31.829999923706055,31.860000610351562,31.829999923706055,31.860000610351562,1905.0
2026-08-05 13:45:00,PENN,,19.790000915527344,19.799999237060547,19.790000915527344,19.799999237060547,5921.0
2026-08-05 13:45:00,PEP,,138.75010681152344,138.8000030517578,138.75010681152344,138.77999877929688,4240.0
2026-08-05 13:45:00,PESI,,17.84000015258789,17.84000015258789,17.84000015258789,17.84000015258789,410.0
2026-08-05 13:45:00,PFG,,114.37999725341797,114.40499877929688,114.37999725341797,114.40499877929688,598.0
2026-08-05 13:45:00,PGEN,,6.764999866485596,6.764999866485596,6.739999771118164,6.744999885559082,19354.0
2026-08-05 13:45:00,PGNY,,31.78499984741211,31.790000915527344,31.78499984741211,31.790000915527344,2219.0
2026-08-05 13:45:00,PGY,,21.850000381469727,21.850000381469727,21.820100784301758,21.834999084472656,3383.0
2026-08-05 13:45:00,PHUN,,2.1600000858306885,2.1600000858306885,2.1549999713897705,2.1549999713897705,1324.0
2026-08-05 13:45:00,PHVS,,33.53499984741211,33.592498779296875,33.53499984741211,33.592498779296875,364.0
2026-08-05 13:45:00,PLAB,,32.06999969482422,32.06999969482422,32.04499816894531,32.064998626708984,1383.0
2026-08-05 13:45:00,PLMR,,134.74000549316406,134.74000549316406,134.74000549316406,134.74000549316406,546.0
2026-08-05 13:45:00,PLUG,,2.069999933242798,2.0850000381469727,2.069999933242798,2.0850000381469727,1078477.0
2026-08-05 13:45:00,PLXS,,275.7300109863281,275.7300109863281,275.7300109863281,275.7300109863281,584.0
2026-08-05 13:45:00,POET,,8.3100004196167,8.319999694824219,8.300000190734863,8.319999694824219,20851.0
2026-08-05 13:45:00,POOL,,206.07000732421875,206.07000732421875,205.9499969482422,205.9499969482422,1350.0
2026-08-05 13:45:00,POWI,,62.04499816894531,62.06629943847656,62.04499816894531,62.06460189819336,1078.0
2026-08-05 13:45:00,POWL,,212.08999633789062,212.22000122070312,212.08999633789062,212.22000122070312,1884.0
2026-08-05 13:45:00,PPC,,26.450000762939453,26.450000762939453,26.450000762939453,26.450000762939453,884.0
2026-08-05 13:45:00,PPTA,,22.450000762939453,22.450000762939453,22.424999237060547,22.424999237060547,1845.0
2026-08-05 13:45:00,PRAX,,317.40008544921875,317.6650085449219,316.8900146484375,317.4049987792969,5902.0
2026-08-05 13:45:00,PRCT,,18.649999618530273,18.75,18.649999618530273,18.75,5786.0
2026-08-05 13:45:00,PRDO,,32.83000183105469,32.83000183105469,32.83000183105469,32.83000183105469,532.0
2026-08-05 13:45:00,PRGS,,42.279998779296875,42.279998779296875,42.279998779296875,42.279998779296875,628.0
2026-08-05 13:45:00,PRIM,,85.20999908447266,85.20999908447266,85.19999694824219,85.19999694824219,557.0
2026-08-05 13:45:00,PRME,,3.065000057220459,3.069999933242798,3.065000057220459,3.069999933242798,1744.0
2026-08-05 13:45:00,PRTH,,6.605000019073486,6.605000019073486,6.605000019073486,6.605000019073486,551.0
2026-08-05 13:45:00,PRVA,,24.235000610351562,24.270000457763672,24.229999542236328,24.229999542236328,10601.0
2026-08-05 13:45:00,PSEC,,2.180000066757202,2.190000057220459,2.180000066757202,2.184999942779541,17549.0
2026-08-05 13:45:00,PTC,,140.3000030517578,140.3699951171875,140.3000030517578,140.3699951171875,4239.0
2026-08-05 13:45:00,PTEN,,9.755000114440918,9.755000114440918,9.75,9.755000114440918,24780.0
2026-08-05 13:45:00,PTGX,,136.80999755859375,136.80999755859375,136.80999755859375,136.80999755859375,1633.0
2026-08-05 13:45:00,PTLO,,4.614999771118164,4.614999771118164,4.614999771118164,4.614999771118164,223.0
2026-08-05 13:45:00,PTON,,6.514999866485596,6.525000095367432,6.510000228881836,6.519999980926514,19406.0
2026-08-05 13:45:00,PWP,,17.475000381469727,17.475000381469727,17.475000381469727,17.475000381469727,111.0
2026-08-05 13:45:00,PYPD,,4.59499979019165,4.59499979019165,4.59499979019165,4.59499979019165,257.0
2026-08-05 13:45:00,PYPL,,58.22999954223633,58.25,58.224998474121094,58.25,5683.0
2026-08-05 13:45:00,PYXS,,3.1649999618530273,3.1649999618530273,3.1649999618530273,3.1649999618530273,112.0
2026-08-05 13:45:00,PZZA,,30.030000686645508,30.040000915527344,30.010000228881836,30.010000228881836,6127.0
2026-08-05 13:45:00,QCOM,,157.8000030517578,157.8699951171875,157.6304931640625,157.8699951171875,11565.0
2026-08-05 13:45:00,QFIN,,13.199999809265137,13.199999809265137,13.194999694824219,13.194999694824219,2603.0
2026-08-05 13:45:00,QRVO,,94.6500015258789,94.6500015258789,94.56999969482422,94.625,3445.0
2026-08-05 13:45:00,SEED,,1.0149999856948853,1.0299999713897705,1.0149999856948853,1.0199999809265137,4106.0
2026-08-05 13:45:00,TARA,,4.034999847412109,4.034999847412109,4.034999847412109,4.034999847412109,200.0
2026-08-05 13:45:00,WOOF,,2.9700000286102295,2.9700000286102295,2.9649999141693115,2.9649999141693115,792.0
2026-08-05 13:46:00,ACDC,,4.409999847412109,4.414999961853027,4.409999847412109,4.409999847412109,3736.0
2026-08-05 13:46:00,BPRN,,41.97999954223633,41.97999954223633,41.970001220703125,41.970001220703125,926.0
2026-08-05 13:46:00,CNXN,,85.43000030517578,85.43000030517578,85.43000030517578,85.43000030517578,333.0
2026-08-05 13:46:00,DTIL,,7.510000228881836,7.510000228881836,7.510000228881836,7.510000228881836,140.0
2026-08-05 13:46:00,FIZZ,,32.1150016784668,32.1150016784668,32.1150016784668,32.1150016784668,424.0
2026-08-05 13:46:00,GLUE,,15.579999923706055,15.579999923706055,15.569999694824219,15.569999694824219,1270.0
2026-08-05 13:46:00,MDB,,374.6600036621094,374.6600036621094,374.6600036621094,374.6600036621094,777.0
2026-08-05 13:46:00,MDLZ,,62.665000915527344,62.69499969482422,62.65999984741211,62.67020034790039,10401.0
2026-08-05 13:46:00,MNST,,94.80000305175781,94.80999755859375,94.79000091552734,94.80000305175781,3991.0
2026-08-05 13:46:00,MNTS,,4.289999961853027,4.289999961853027,4.270100116729736,4.270100116729736,2480.0
2026-08-05 13:46:00,MPWR,,1337.718994140625,1338.06005859375,1336.905029296875,1336.905029296875,1012.0
2026-08-05 13:46:00,MRNA,,56.744998931884766,56.75,56.71500015258789,56.71500015258789,1828.0
2026-08-05 13:46:00,MYGN,,3.1549999713897705,3.1600000858306885,3.1549999713897705,3.1600000858306885,11098.0
2026-08-05 13:46:00,NAMS,,27.670000076293945,27.68000030517578,27.670000076293945,27.674999237060547,1472.0
2026-08-05 13:46:00,NAUT,,0.9399999976158142,0.9399999976158142,0.9399999976158142,0.9399999976158142,2471.0
2026-08-05 13:46:00,NAVI,,9.194999694824219,9.194999694824219,9.194999694824219,9.194999694824219,270.0
2026-08-05 13:46:00,NB,,5.085000038146973,5.090000152587891,5.079999923706055,5.089799880981445,12369.0
2026-08-05 13:46:00,NBTB,,53.400001525878906,53.400001525878906,53.400001525878906,53.400001525878906,522.0
2026-08-05 13:46:00,NCMI,,4.139999866485596,4.139999866485596,4.139999866485596,4.139999866485596,322.0
2026-08-05 13:46:00,NDAQ,,94.93000030517578,94.93000030517578,94.9000015258789,94.9000015258789,507.0
2026-08-05 13:46:00,NDSN,,310.92999267578125,310.92999267578125,310.92999267578125,310.92999267578125,173.0
2026-08-05 13:46:00,NEGG,,16.500099182128906,16.500099182128906,16.500099182128906,16.500099182128906,4502.0
2026-08-05 13:46:00,NEO,,16.010000228881836,16.010000228881836,16.0,16.0,1825.0
2026-08-05 13:46:00,NEOG,,11.600000381469727,11.600000381469727,11.600000381469727,11.600000381469727,3444.0
2026-08-05 13:46:00,NEWT,,15.135000228881836,15.135000228881836,15.130000114440918,15.130000114440918,1105.0
2026-08-05 13:46:00,NEXT,,6.429999828338623,6.440000057220459,6.429999828338623,6.440000057220459,3566.0
2026-08-05 13:46:00,NFE,,0.337799996137619,0.337799996137619,0.337799996137619,0.337799996137619,2000.0
2026-08-05 13:46:00,NFLX,,73.55000305175781,73.55500030517578,73.50499725341797,73.50499725341797,23247.0
2026-08-05 13:46:00,NGNE,,35.39500045776367,35.39500045776367,35.39500045776367,35.39500045776367,364.0
2026-08-05 13:46:00,NICE,,98.94999694824219,99.01499938964844,98.9000015258789,98.93000030517578,5522.0
2026-08-05 13:46:00,NKSH,,41.30500030517578,41.369998931884766,41.17499923706055,41.29999923706055,1836.0
2026-08-05 13:46:00,NKTR,,73.31500244140625,73.43000030517578,73.30999755859375,73.43000030517578,853.0
2026-08-05 13:46:00,NKTX,,2.2149999141693115,2.2149999141693115,2.2149999141693115,2.2149999141693115,463.0
2026-08-05 13:46:00,NMIH,,44.56999969482422,44.599998474121094,44.56999969482422,44.56999969482422,3074.0
2026-08-05 13:46:00,NMRA,,1.6150000095367432,1.6150000095367432,1.6150000095367432,1.6150000095367432,586.0
2026-08-05 13:46:00,NMRK,,15.774999618530273,15.774999618530273,15.770000457763672,15.770000457763672,3033.0
2026-08-05 13:46:00,NN,,14.460000038146973,14.460000038146973,14.425000190734863,14.430000305175781,4301.0
2026-08-05 13:46:00,NNBR,,3.859999895095825,3.865000009536743,3.8499999046325684,3.8499999046325684,9671.0
2026-08-05 13:46:00,NNDM,,1.5449999570846558,1.5449999570846558,1.5449999570846558,1.5449999570846558,309.0
2026-08-05 13:46:00,NNOX,,1.0149999856948853,1.0149999856948853,1.0149999856948853,1.0149999856948853,380.0
2026-08-05 13:46:00,NOVT,,157.25,157.25,157.25,157.25,296.0
2026-08-05 13:46:00,NRDS,,9.149999618530273,9.149999618530273,9.140000343322754,9.140000343322754,1696.0
2026-08-05 13:46:00,NRIX,,25.170000076293945,25.18000030517578,25.139999389648438,25.139999389648438,1674.0
2026-08-05 13:46:00,NRXP,,3.109999895095825,3.109999895095825,3.0850000381469727,3.0850000381469727,8888.0
2026-08-05 13:46:00,NTAP,,189.9499969482422,189.9499969482422,189.6999969482422,189.6999969482422,3650.0
2026-08-05 13:46:00,NTCT,,41.95000076293945,41.95000076293945,41.93000030517578,41.939998626708984,1489.0
2026-08-05 13:46:00,NTES,,127.66000366210938,127.66000366210938,127.58000183105469,127.61000061035156,1928.0
2026-08-05 13:46:00,NTNX,,60.939998626708984,60.970001220703125,60.939998626708984,60.94499969482422,3925.0
2026-08-05 13:46:00,NTRA,,273.4649963378906,274.2250061035156,273.3999938964844,274.2250061035156,18276.0
2026-08-05 13:46:00,NTRS,,184.13999938964844,184.25999450683594,184.13999938964844,184.25999450683594,5148.0
2026-08-05 13:46:00,NUWE,,1.7000000476837158,1.7000000476837158,1.7000000476837158,1.7000000476837158,1101.0
2026-08-05 13:46:00,NVAX,,7.635000228881836,7.635000228881836,7.630000114440918,7.630000114440918,4108.0
2026-08-05 13:46:00,NVCR,,16.049999237060547,16.049999237060547,16.049999237060547,16.049999237060547,1694.0
2026-08-05 13:46:00,NVDA,,220.97999572753906,221.19000244140625,220.97999572753906,221.18499755859375,153817.0
2026-08-05 13:46:00,NVEC,,130.47999572753906,130.47999572753906,129.8800048828125,129.8800048828125,3272.0
2026-08-05 13:46:00,NVTS,,12.4399995803833,12.449999809265137,12.425000190734863,12.430000305175781,8705.0
2026-08-05 13:46:00,NWBI,,15.944999694824219,15.944999694824219,15.944999694824219,15.944999694824219,303.0
2026-08-05 13:46:00,NWE,,68.69999694824219,68.70999908447266,68.69999694824219,68.69999694824219,1865.0
2026-08-05 13:46:00,NWFL,,34.16999816894531,34.16999816894531,34.16999816894531,34.16999816894531,875.0
2026-08-05 13:46:00,NWL,,6.284999847412109,6.284999847412109,6.275000095367432,6.275000095367432,20082.0
2026-08-05 13:46:00,NWS,,32.34000015258789,32.36000061035156,32.334999084472656,32.36000061035156,4702.0
2026-08-05 13:46:00,NWSA,,28.315000534057617,28.34000015258789,28.30500030517578,28.34000015258789,10622.0
2026-08-05 13:46:00,NXL,,0.35600000619888306,0.35600000619888306,0.35600000619888306,0.35600000619888306,7097.0
2026-08-05 13:46:00,NXPI,,231.49000549316406,231.5500030517578,231.36000061035156,231.5500030517578,3665.0
2026-08-05 13:46:00,NXT,,98.46499633789062,98.5250015258789,98.37000274658203,98.5250015258789,1968.0
2026-08-05 13:46:00,NXTC,,5.050000190734863,5.050000190734863,5.050000190734863,5.050000190734863,203.0
2026-08-05 13:46:00,OCGN,,1.2899999618530273,1.2914999723434448,1.2899999618530273,1.2914999723434448,2252.0
2026-08-05 13:46:00,OCUL,,8.614999771118164,8.614999771118164,8.600000381469727,8.600000381469727,2299.0
2026-08-05 13:46:00,ODFL,,214.0,214.0,213.75999450683594,213.75999450683594,4597.0
2026-08-05 13:46:00,OESX,,14.619999885559082,14.619999885559082,14.619999885559082,14.619999885559082,375.0
2026-08-05 13:46:00,OFIX,,10.449999809265137,10.449999809265137,10.40999984741211,10.40999984741211,8415.0
2026-08-05 13:46:00,OKTA,,148.2449951171875,148.2449951171875,148.2100067138672,148.2100067138672,1437.0
2026-08-05 13:46:00,OLLI,,78.125,78.125,78.125,78.125,1374.0
2026-08-05 13:46:00,OLMA,,11.609999656677246,11.609999656677246,11.609999656677246,11.609999656677246,1540.0
2026-08-05 13:46:00,OM,,5.039999961853027,5.039999961853027,5.039999961853027,5.039999961853027,201.0
2026-08-05 13:46:00,OMCL,,37.43000030517578,37.459999084472656,37.40999984741211,37.459999084472656,5913.0
2026-08-05 13:46:00,OMER,,12.819999694824219,12.859999656677246,12.819999694824219,12.859999656677246,2993.0
2026-08-05 13:46:00,OMH,,0.11500000208616257,0.11500000208616257,0.11500000208616257,0.11500000208616257,6156.0
2026-08-05 13:46:00,ON,,77.79000091552734,77.79630279541016,77.71499633789062,77.75,11172.0
2026-08-05 13:46:00,ONB,,27.045000076293945,27.049999237060547,27.045000076293945,27.049999237060547,4644.0
2026-08-05 13:46:00,ONDS,,8.916399955749512,8.925000190734863,8.904999732971191,8.90999984741211,205008.0
2026-08-05 13:46:00,ONFO,,0.07419999688863754,0.07419999688863754,0.07400000095367432,0.07400000095367432,18665.0
2026-08-05 13:46:00,OPCH,,23.5049991607666,23.5049991607666,23.5,23.5049991607666,2752.0
2026-08-05 13:46:00,OPEN,,3.825000047683716,3.8399999141693115,3.819999933242798,3.825000047683716,140950.0
2026-08-05 13:46:00,OPHC,,8.630000114440918,8.630000114440918,8.630000114440918,8.630000114440918,100.0
2026-08-05 13:46:00,OPK,,1.315000057220459,1.3199000358581543,1.315000057220459,1.315000057220459,673.0
2026-08-05 13:46:00,OPRA,,19.920000076293945,19.920000076293945,19.920000076293945,19.920000076293945,1455.0
2026-08-05 13:46:00,OPRT,,6.179999828338623,6.179999828338623,6.179999828338623,6.179999828338623,567.0
2026-08-05 13:46:00,ORGO,,2.3350000381469727,2.3399999141693115,2.3350000381469727,2.3399999141693115,864.0
2026-08-05 13:46:00,ORIC,,13.039999961853027,13.050000190734863,13.039999961853027,13.039999961853027,1357.0
2026-08-05 13:46:00,ORLY,,93.5250015258789,93.52999877929688,93.51000213623047,93.5199966430664,6922.0
2026-08-05 13:46:00,OSPN,,16.7450008392334,16.7450008392334,16.7450008392334,16.7450008392334,889.0
2026-08-05 13:46:00,OSS,,14.0,14.0,14.0,14.0,368.0
2026-08-05 13:46:00,OSUR,,4.125,4.125,4.125,4.125,771.0
2026-08-05 13:46:00,OSW,,26.530000686645508,26.530000686645508,26.530000686645508,26.530000686645508,1725.0
2026-08-05 13:46:00,OTEX,,25.940000534057617,25.940000534057617,25.940000534057617,25.940000534057617,930.0
2026-08-05 13:46:00,OTTR,,92.37999725341797,92.45999908447266,92.37999725341797,92.45999908447266,914.0
2026-08-05 13:46:00,OVBC,,42.779998779296875,42.779998779296875,42.779998779296875,42.779998779296875,1401.0
2026-08-05 13:46:00,OVID,,2.6050000190734863,2.609999895095825,2.6012001037597656,2.6012001037597656,2349.0
2026-08-05 13:46:00,OXLC,,9.15999984741211,9.160099983215332,9.15999984741211,9.160099983215332,319.0
2026-08-05 13:46:00,OXSQ,,1.5099999904632568,1.5099999904632568,1.5099999904632568,1.5099999904632568,451.0
2026-08-05 13:46:00,PAA,,23.110000610351562,23.16510009765625,23.110000610351562,23.165000915527344,13340.0
2026-08-05 13:46:00,PAAS,,48.21989822387695,48.21989822387695,48.185001373291016,48.185001373291016,1086.0
2026-08-05 13:46:00,PACB,,1.340000033378601,1.3499000072479248,1.340000033378601,1.340000033378601,6723.0
2026-08-05 13:46:00,PAGP,,25.075000762939453,25.124399185180664,25.075000762939453,25.124399185180664,4582.0
2026-08-05 13:46:00,PALI,,2.1198999881744385,2.119999885559082,2.1198999881744385,2.119999885559082,10550.0
2026-08-05 13:46:00,PANL,,7.255000114440918,7.255000114440918,7.255000114440918,7.255000114440918,1515.0
2026-08-05 13:46:00,PANW,,365.82000732421875,365.8599853515625,365.6737060546875,365.82000732421875,4343.0
2026-08-05 13:46:00,PAX,,11.420000076293945,11.425000190734863,11.420000076293945,11.425000190734863,1004.0
2026-08-05 13:46:00,PAYO,,7.125,7.125,7.119999885559082,7.119999885559082,2856.0
2026-08-05 13:46:00,PAYX,,117.66999816894531,117.66999816894531,117.62000274658203,117.6500015258789,1287.0
2026-08-05 13:46:00,PCAR,,134.50999450683594,134.5399932861328,134.50999450683594,134.5399932861328,3573.0
2026-08-05 13:46:00,PCRX,,24.790000915527344,24.790000915527344,24.790000915527344,24.790000915527344,532.0
2026-08-05 13:46:00,PCT,,6.900000095367432,6.900000095367432,6.900000095367432,6.900000095367432,4276.0
2026-08-05 13:46:00,PCTY,,145.88499450683594,145.88499450683594,145.85000610351562,145.85000610351562,912.0
2026-08-05 13:46:00,PDD,,90.91999816894531,90.93000030517578,90.9000015258789,90.91999816894531,7000.0
2026-08-05 13:46:00,PDLB,,20.520000457763672,20.520000457763672,20.520000457763672,20.520000457763672,123.0
2026-08-05 13:46:00,PECO,,41.28499984741211,41.29999923706055,41.28499984741211,41.29999923706055,1279.0
2026-08-05 13:46:00,PEGA,,31.864999771118164,31.864999771118164,31.834999084472656,31.84000015258789,1669.0
2026-08-05 13:46:00,PENN,,19.809999465942383,19.815000534057617,19.790000915527344,19.790000915527344,4628.0
2026-08-05 13:46:00,PEP,,138.7100067138672,138.77000427246094,138.7100067138672,138.75999450683594,5525.0
2026-08-05 13:46:00,PEPG,,1.9850000143051147,1.9850000143051147,1.9850000143051147,1.9850000143051147,565.0
2026-08-05 13:46:00,PERI,,9.569999694824219,9.569999694824219,9.569999694824219,9.569999694824219,349.0
2026-08-05 13:46:00,PESI,,17.8799991607666,17.901899337768555,17.8799991607666,17.8799991607666,6698.0
2026-08-05 13:46:00,PFG,,114.27999877929688,114.37999725341797,114.27999877929688,114.37999725341797,2600.0
2026-08-05 13:46:00,PGEN,,6.769999980926514,6.775000095367432,6.760000228881836,6.764999866485596,15611.0
2026-08-05 13:46:00,PGNY,,31.809999465942383,31.809999465942383,31.78499984741211,31.78499984741211,1821.0
2026-08-05 13:46:00,PGY,,21.864999771118164,21.864999771118164,21.850000381469727,21.850000381469727,2940.0
2026-08-05 13:46:00,PHAT,,8.454999923706055,8.454999923706055,8.454999923706055,8.454999923706055,612.0
2026-08-05 13:46:00,PLAB,,32.11000061035156,32.11000061035156,32.09000015258789,32.09000015258789,584.0
2026-08-05 13:46:00,PLBY,,1.149999976158142,1.149999976158142,1.1299999952316284,1.1399999856948853,101890.0
2026-08-05 13:46:00,PLPC,,469.9700012207031,469.9700012207031,469.95001220703125,469.95001220703125,178.0
2026-08-05 13:46:00,PLUG,,2.075000047683716,2.0799999237060547,2.0701000690460205,2.0701000690460205,13654.0
2026-08-05 13:46:00,PMVP,,1.184999942779541,1.184999942779541,1.184999942779541,1.184999942779541,3155.0
2026-08-05 13:46:00,PNBK,,1.1399999856948853,1.1449999809265137,1.1399999856948853,1.1449999809265137,1206.0
2026-08-05 13:46:00,PNTG,,39.0,39.02000045776367,38.970001220703125,39.0099983215332,6347.0
2026-08-05 13:46:00,PODC,,3.490000009536743,3.490000009536743,3.490000009536743,3.490000009536743,589.0
2026-08-05 13:46:00,POET,,8.329999923706055,8.329999923706055,8.3100004196167,8.3149995803833,20330.0
2026-08-05 13:46:00,POOL,,206.5,206.5,206.5,206.5,105.0
2026-08-05 13:46:00,POWI,,62.08000183105469,62.08000183105469,62.04499816894531,62.04499816894531,1429.0
2026-08-05 13:46:00,POWL,,212.1199951171875,212.1199951171875,212.1199951171875,212.1199951171875,476.0
2026-08-05 13:46:00,PPC,,26.44499969482422,26.44499969482422,26.44499969482422,26.44499969482422,574.0
2026-08-05 13:46:00,PPTA,,22.479999542236328,22.479999542236328,22.469999313354492,22.469999313354492,6492.0
2026-08-05 13:46:00,PRAX,,317.6499938964844,317.70001220703125,317.4100036621094,317.614990234375,2007.0
2026-08-05 13:46:00,PRCH,,15.859999656677246,15.880000114440918,15.843999862670898,15.859999656677246,3257.0
2026-08-05 13:46:00,PRCT,,18.625,18.665000915527344,18.600000381469727,18.649999618530273,5346.0
2026-08-05 13:46:00,PRDO,,32.83000183105469,32.83000183105469,32.79999923706055,32.79999923706055,1623.0
2026-08-05 13:46:00,PRGS,,42.369998931884766,42.369998931884766,42.369998931884766,42.369998931884766,324.0
2026-08-05 13:46:00,PRIM,,85.19999694824219,85.19999694824219,85.1050033569336,85.1050033569336,297.0
2026-08-05 13:46:00,PRME,,3.0799999237060547,3.0799999237060547,3.069999933242798,3.069999933242798,7318.0
2026-08-05 13:46:00,PROK,,1.6449999809265137,1.6449999809265137,1.6449999809265137,1.6449999809265137,465.0
2026-08-05 13:46:00,PRQR,,1.9049999713897705,1.9049999713897705,1.9049999713897705,1.9049999713897705,104.0
2026-08-05 13:46:00,PRVA,,24.239999771118164,24.260000228881836,24.235000610351562,24.260000228881836,2093.0
2026-08-05 13:46:00,PSEC,,2.180000066757202,2.188999891281128,2.180000066757202,2.188999891281128,22864.0
2026-08-05 13:46:00,PSNL,,13.5600004196167,13.5600004196167,13.539999961853027,13.539999961853027,1657.0
2026-08-05 13:46:00,PTCT,,69.26000213623047,69.26000213623047,69.16000366210938,69.16000366210938,3649.0
2026-08-05 13:46:00,PTEN,,9.734999656677246,9.755000114440918,9.734999656677246,9.755000114440918,7031.0
2026-08-05 13:46:00,PTLO,,4.614999771118164,4.614999771118164,4.614999771118164,4.614999771118164,694.0
2026-08-05 13:46:00,PTON,,6.514999866485596,6.514999866485596,6.510000228881836,6.510000228881836,5049.0
2026-08-05 13:46:00,PUBM,,13.414999961853027,13.414999961853027,13.414999961853027,13.414999961853027,1133.0
2026-08-05 13:46:00,PWP,,17.475000381469727,17.475000381469727,17.475000381469727,17.475000381469727,559.0
2026-08-05 13:46:00,PYPD,,4.602200031280518,4.602200031280518,4.602200031280518,4.602200031280518,646.0
2026-08-05 13:46:00,PYPL,,58.25,58.255001068115234,58.224998474121094,58.22999954223633,5745.0
2026-08-05 13:46:00,PYXS,,3.1649999618530273,3.1649999618530273,3.1649999618530273,3.1649999618530273,371.0
2026-08-05 13:46:00,PZZA,,30.040000915527344,30.05500030517578,30.020000457763672,30.020000457763672,5687.0
2026-08-05 13:46:00,QCOM,,157.9199981689453,157.9199981689453,157.77020263671875,157.80999755859375,7354.0
2026-08-05 13:46:00,QRVO,,94.7300033569336,94.7699966430664,94.66999816894531,94.66999816894531,2452.0
2026-08-05 13:46:00,SEED,,1.0199999809265137,1.0199999809265137,1.0149999856948853,1.0149999856948853,1244.0
2026-08-05 13:46:00,TARA,,4.034999847412109,4.034999847412109,4.034999847412109,4.034999847412109,76.0
2026-08-05 13:46:00,WOOF,,2.9649999141693115,2.9667999744415283,2.9649999141693115,2.9649999141693115,3200.0
2026-08-05 13:47:00,ACDC,,4.40500020980835,4.40500020980835,4.40500020980835,4.40500020980835,3246.0
2026-08-05 13:47:00,CASH,,89.29000091552734,89.29000091552734,89.29000091552734,89.29000091552734,561.0
2026-08-05 13:47:00,CPOP,,0.36000001430511475,0.36000001430511475,0.36000001430511475,0.36000001430511475,549.0
2026-08-05 13:47:00,FIZZ,,32.06999969482422,32.15999984741211,32.06999969482422,32.15999984741211,3312.0
2026-08-05 13:47:00,GLUE,,15.59000015258789,15.59000015258789,15.59000015258789,15.59000015258789,947.0
2026-08-05 13:47:00,KIDS,,21.68000030517578,21.68000030517578,21.68000030517578,21.68000030517578,472.0
2026-08-05 13:47:00,LUNG,,1.9950000047683716,1.9950000047683716,1.9950000047683716,1.9950000047683716,304.0
2026-08-05 13:47:00,MBRX,,0.4059000015258789,0.4059000015258789,0.4059000015258789,0.4059000015258789,2861.0
2026-08-05 13:47:00,MDB,,375.6000061035156,375.69500732421875,374.92999267578125,374.92999267578125,3430.0
2026-08-05 13:47:00,MDLZ,,62.625,62.685001373291016,62.625,62.66999816894531,13054.0
2026-08-05 13:47:00,MNRO,,13.210000038146973,13.210000038146973,13.210000038146973,13.210000038146973,2297.0
2026-08-05 13:47:00,MNST,,94.80000305175781,94.82499694824219,94.79000091552734,94.80999755859375,5725.0
2026-08-05 13:47:00,MOVE,,12.14840030670166,12.14840030670166,12.14840030670166,12.14840030670166,392.0
2026-08-05 13:47:00,MPWR,,1339.030029296875,1339.25,1336.5899658203125,1337.22998046875,888.0
2026-08-05 13:47:00,MRNA,,56.72999954223633,56.75,56.720001220703125,56.7400016784668,2376.0
2026-08-05 13:47:00,MYGN,,3.1549999713897705,3.1600000858306885,3.1549999713897705,3.1600000858306885,2080.0
2026-08-05 13:47:00,MYRG,,340.69500732421875,340.69500732421875,340.69000244140625,340.69000244140625,358.0
2026-08-05 13:47:00,NAMS,,27.825000762939453,27.825000762939453,27.729999542236328,27.739999771118164,853.0
2026-08-05 13:47:00,NAUT,,0.9399999976158142,0.9399999976158142,0.9398999810218811,0.9398999810218811,4820.0
2026-08-05 13:47:00,NAVI,,9.199999809265137,9.199999809265137,9.199999809265137,9.199999809265137,2033.0
2026-08-05 13:47:00,NB,,5.085000038146973,5.090000152587891,5.085000038146973,5.085000038146973,4501.0
2026-08-05 13:47:00,NBTB,,53.400001525878906,53.400001525878906,53.400001525878906,53.400001525878906,1072.0
2026-08-05 13:47:00,NDAQ,,94.93000030517578,94.93000030517578,94.92500305175781,94.92500305175781,1688.0
2026-08-05 13:47:00,NDSN,,310.8949890136719,310.8949890136719,310.8949890136719,310.8949890136719,110.0
2026-08-05 13:47:00,NEGG,,16.450000762939453,16.450000762939453,16.450000762939453,16.450000762939453,329.0
2026-08-05 13:47:00,NEO,,16.024999618530273,16.024999618530273,16.010000228881836,16.010000228881836,5278.0
2026-08-05 13:47:00,NEOV,,2.8299999237060547,2.8299999237060547,2.8299999237060547,2.8299999237060547,560.0
2026-08-05 13:47:00,NESR,,28.719999313354492,28.719999313354492,28.719999313354492,28.719999313354492,1645.0
2026-08-05 13:47:00,NEWT,,15.130000114440918,15.130000114440918,15.130000114440918,15.130000114440918,122.0
2026-08-05 13:47:00,NEXT,,6.420000076293945,6.429999828338623,6.420000076293945,6.425000190734863,2926.0
2026-08-05 13:47:00,NFLX,,73.6050033569336,73.6050033569336,73.54499816894531,73.54499816894531,37308.0
2026-08-05 13:47:00,NGNE,,35.5,35.5,35.5,35.5,1461.0
2026-08-05 13:47:00,NICE,,98.91999816894531,98.95500183105469,98.86000061035156,98.94499969482422,4623.0
2026-08-05 13:47:00,NIU,,2.4649999141693115,2.4649999141693115,2.4649999141693115,2.4649999141693115,549.0
2026-08-05 13:47:00,NKTX,,2.2149999141693115,2.2200000286102295,2.2149999141693115,2.2149999141693115,928.0
2026-08-05 13:47:00,NMRK,,15.760000228881836,15.760000228881836,15.760000228881836,15.760000228881836,1577.0
2026-08-05 13:47:00,NN,,14.4350004196167,14.449999809265137,14.4350004196167,14.449999809265137,1985.0
2026-08-05 13:47:00,NNBR,,3.869999885559082,3.869999885559082,3.859999895095825,3.869999885559082,3448.0
2026-08-05 13:47:00,NNDM,,1.5449999570846558,1.5449999570846558,1.5399999618530273,1.5449999570846558,1600.0
2026-08-05 13:47:00,NNOX,,1.0099999904632568,1.0099999904632568,1.0099999904632568,1.0099999904632568,35.0
2026-08-05 13:47:00,NOVT,,156.97000122070312,157.25,156.84500122070312,157.25,4401.0
2026-08-05 13:47:00,NRDS,,9.154999732971191,9.154999732971191,9.145000457763672,9.145000457763672,5901.0
2026-08-05 13:47:00,NRIX,,25.15220069885254,25.209999084472656,25.15220069885254,25.209999084472656,3421.0
2026-08-05 13:47:00,NRXP,,3.109999895095825,3.109999895095825,3.109999895095825,3.109999895095825,132.0
2026-08-05 13:47:00,NTAP,,190.02000427246094,190.02000427246094,189.85000610351562,189.8800048828125,6946.0
2026-08-05 13:47:00,NTCT,,41.904998779296875,41.904998779296875,41.904998779296875,41.904998779296875,853.0
2026-08-05 13:47:00,NTNX,,60.95000076293945,60.95000076293945,60.95000076293945,60.95000076293945,781.0
2026-08-05 13:47:00,NTRA,,273.4700012207031,273.4700012207031,273.4700012207031,273.4700012207031,521.0
2026-08-05 13:47:00,NTRS,,184.1999969482422,184.1999969482422,184.15499877929688,184.15499877929688,3781.0
2026-08-05 13:47:00,NVAX,,7.625,7.635000228881836,7.625,7.635000228881836,4012.0
2026-08-05 13:47:00,NVCR,,16.079999923706055,16.09000015258789,16.05500030517578,16.05500030517578,5738.0
2026-08-05 13:47:00,NVCT,,20.09000015258789,20.09000015258789,20.084999084472656,20.084999084472656,309.0
2026-08-05 13:47:00,NVDA,,221.10000610351562,221.1199951171875,220.8699951171875,220.9600067138672,186511.0
2026-08-05 13:47:00,NVEC,,131.28500366210938,131.28500366210938,131.0500030517578,131.0500030517578,1311.0
2026-08-05 13:47:00,NVTS,,12.460000038146973,12.46500015258789,12.430000305175781,12.444999694824219,8327.0
2026-08-05 13:47:00,NWBI,,15.954999923706055,15.954999923706055,15.949999809265137,15.949999809265137,5194.0
2026-08-05 13:47:00,NWL,,6.284999847412109,6.284999847412109,6.28000020980835,6.28000020980835,1614.0
2026-08-05 13:47:00,NWPX,,128.4199981689453,128.4199981689453,128.3000030517578,128.3000030517578,603.0
2026-08-05 13:47:00,NWSA,,28.31999969482422,28.31999969482422,28.315000534057617,28.315000534057617,2218.0
2026-08-05 13:47:00,NXPI,,231.69000244140625,231.69000244140625,231.5399932861328,231.5399932861328,3413.0
2026-08-05 13:47:00,NXST,,192.22999572753906,192.22999572753906,191.82510375976562,191.82510375976562,1166.0
2026-08-05 13:47:00,NXT,,98.50499725341797,98.50499725341797,98.5,98.5,1048.0
2026-08-05 13:47:00,NXTC,,5.099999904632568,5.099999904632568,5.099999904632568,5.099999904632568,339.0
2026-08-05 13:47:00,OABI,,2.065000057220459,2.065000057220459,2.065000057220459,2.065000057220459,394.0
2026-08-05 13:47:00,OCC,,16.1299991607666,16.1299991607666,16.1200008392334,16.1200008392334,1144.0
2026-08-05 13:47:00,OCFC,,19.915000915527344,19.915000915527344,19.90999984741211,19.90999984741211,1028.0
2026-08-05 13:47:00,OCGN,,1.2949999570846558,1.2999999523162842,1.2949999570846558,1.2999999523162842,9117.0
2026-08-05 13:47:00,OCS,,12.079999923706055,12.079999923706055,12.079999923706055,12.079999923706055,186.0
2026-08-05 13:47:00,OCSL,,12.104999542236328,12.121999740600586,12.104999542236328,12.121999740600586,3113.0
2026-08-05 13:47:00,OCUL,,8.604999542236328,8.609999656677246,8.604999542236328,8.609999656677246,2964.0
2026-08-05 13:47:00,OFIX,,10.420000076293945,10.420000076293945,10.420000076293945,10.420000076293945,201.0
2026-08-05 13:47:00,OGI,,0.9542999863624573,0.9542999863624573,0.9542999863624573,0.9542999863624573,156.0
2026-08-05 13:47:00,OKTA,,148.27000427246094,148.30999755859375,148.23500061035156,148.23500061035156,1807.0
2026-08-05 13:47:00,OLLI,,78.23999786376953,78.23999786376953,78.19999694824219,78.19999694824219,10073.0
2026-08-05 13:47:00,OM,,5.039999961853027,5.039999961853027,5.039999961853027,5.039999961853027,110.0
2026-08-05 13:47:00,OMEX,,0.7418000102043152,0.7418000102043152,0.7418000102043152,0.7418000102043152,125.0
2026-08-05 13:47:00,OMH,,0.11500000208616257,0.11500000208616257,0.11500000208616257,0.11500000208616257,228.0
2026-08-05 13:47:00,ON,,78.0199966430664,78.02999877929688,77.77999877929688,77.77999877929688,21484.0
2026-08-05 13:47:00,ONB,,27.049999237060547,27.049999237060547,27.04990005493164,27.04990005493164,2713.0
2026-08-05 13:47:00,ONCY,,0.7971000075340271,0.7971000075340271,0.7971000075340271,0.7971000075340271,500.0
2026-08-05 13:47:00,ONDS,,8.922300338745117,8.930000305175781,8.90999984741211,8.919899940490723,265202.0
2026-08-05 13:47:00,ONFO,,0.07410000264644623,0.07419999688863754,0.07400000095367432,0.07400000095367432,32974.0
2026-08-05 13:47:00,OPAL,,2.359999895095825,2.359999895095825,2.359999895095825,2.359999895095825,625.0
2026-08-05 13:47:00,OPCH,,23.485000610351562,23.510000228881836,23.485000610351562,23.4950008392334,3812.0
2026-08-05 13:47:00,OPEN,,3.829900026321411,3.8299999237060547,3.819999933242798,3.825000047683716,36605.0
2026-08-05 13:47:00,OPHC,,8.630000114440918,8.630000114440918,8.630000114440918,8.630000114440918,285.0
2026-08-05 13:47:00,OPK,,1.315000057220459,1.315000057220459,1.315000057220459,1.315000057220459,5127.0
2026-08-05 13:47:00,ORGO,,2.3350000381469727,2.3350000381469727,2.3350000381469727,2.3350000381469727,1744.0
2026-08-05 13:47:00,ORIC,,13.020000457763672,13.020000457763672,13.020000457763672,13.020000457763672,1616.0
2026-08-05 13:47:00,ORLY,,93.48999786376953,93.5199966430664,93.47989654541016,93.51000213623047,10188.0
2026-08-05 13:47:00,OSS,,14.024999618530273,14.024999618530273,14.024999618530273,14.024999618530273,405.0
2026-08-05 13:47:00,OTLK,,1.0299999713897705,1.0299999713897705,1.024999976158142,1.024999976158142,1023.0
2026-08-05 13:47:00,OTLY,,14.4350004196167,14.4399995803833,14.4350004196167,14.4399995803833,812.0
2026-08-05 13:47:00,OVID,,2.609999895095825,2.609999895095825,2.6050000190734863,2.609999895095825,5410.0
2026-08-05 13:47:00,OXLC,,9.164999961853027,9.164999961853027,9.164999961853027,9.164999961853027,6386.0
2026-08-05 13:47:00,OXSQ,,1.5099999904632568,1.5099999904632568,1.5099999904632568,1.5099999904632568,920.0
2026-08-05 13:47:00,PAA,,23.094999313354492,23.114999771118164,23.09000015258789,23.114999771118164,10016.0
2026-08-05 13:47:00,PAAS,,48.2599983215332,48.2599983215332,48.20000076293945,48.220001220703125,8003.0
2026-08-05 13:47:00,PACB,,1.350000023841858,1.350000023841858,1.340000033378601,1.340000033378601,2622.0
2026-08-05 13:47:00,PAGP,,25.06999969482422,25.094999313354492,25.06999969482422,25.079999923706055,4390.0
2026-08-05 13:47:00,PALI,,2.124000072479248,2.125,2.1198999881744385,2.119999885559082,6053.0
2026-08-05 13:47:00,PANW,,365.82000732421875,366.0199890136719,365.82000732421875,365.9150085449219,2696.0
2026-08-05 13:47:00,PAX,,11.425000190734863,11.425000190734863,11.425000190734863,11.425000190734863,2217.0
2026-08-05 13:47:00,PAYO,,7.130000114440918,7.130000114440918,7.119999885559082,7.125,891.0
2026-08-05 13:47:00,PAYS,,9.171099662780762,9.171099662780762,9.171099662780762,9.171099662780762,257.0
2026-08-05 13:47:00,PAYX,,117.71499633789062,117.71499633789062,117.66500091552734,117.66500091552734,3694.0
2026-08-05 13:47:00,PCAR,,134.47000122070312,134.50999450683594,134.47000122070312,134.5,3299.0
2026-08-05 13:47:00,PCRX,,24.68000030517578,24.729999542236328,24.68000030517578,24.729999542236328,1044.0
2026-08-05 13:47:00,PCT,,6.894999980926514,6.894999980926514,6.894999980926514,6.894999980926514,1810.0
2026-08-05 13:47:00,PCTY,,145.85499572753906,145.85499572753906,145.85499572753906,145.85499572753906,513.0
2026-08-05 13:47:00,PDD,,90.88999938964844,90.91000366210938,90.88999938964844,90.9000015258789,4975.0
2026-08-05 13:47:00,PEBK,,43.29999923706055,43.29999923706055,43.29999923706055,43.29999923706055,588.0
2026-08-05 13:47:00,PEGA,,31.860000610351562,31.860000610351562,31.860000610351562,31.860000610351562,440.0
2026-08-05 13:47:00,PENN,,19.81999969482422,19.81999969482422,19.815000534057617,19.815000534057617,5033.0
2026-08-05 13:47:00,PEP,,138.64500427246094,138.6999969482422,138.64500427246094,138.6999969482422,3365.0
2026-08-05 13:47:00,PERI,,9.5600004196167,9.5649995803833,9.5600004196167,9.5649995803833,304.0
2026-08-05 13:47:00,PESI,,17.860000610351562,17.860000610351562,17.860000610351562,17.860000610351562,408.0
2026-08-05 13:47:00,PFG,,114.23999786376953,114.23999786376953,114.23999786376953,114.23999786376953,717.0
2026-08-05 13:47:00,PGEN,,6.75,6.775000095367432,6.735000133514404,6.775000095367432,22043.0
2026-08-05 13:47:00,PGY,,21.84000015258789,21.860000610351562,21.84000015258789,21.860000610351562,3004.0
2026-08-05 13:47:00,PHAT,,8.454999923706055,8.454999923706055,8.454999923706055,8.454999923706055,341.0
2026-08-05 13:47:00,PHIO,,1.0499999523162842,1.0499999523162842,1.0499999523162842,1.0499999523162842,0.0
2026-08-05 13:47:00,PLAB,,32.09000015258789,32.09000015258789,32.06999969482422,32.06999969482422,661.0
2026-08-05 13:47:00,PLBY,,1.1549999713897705,1.159999966621399,1.149999976158142,1.149999976158142,10962.0
2026-08-05 13:47:00,PLPC,,469.9700012207031,469.9700012207031,469.9700012207031,469.9700012207031,522.0
2026-08-05 13:47:00,PLTK,,3.890000104904175,3.8949999809265137,3.890000104904175,3.8949999809265137,1878.0
2026-08-05 13:47:00,PLUG,,2.075000047683716,2.075000047683716,2.069999933242798,2.075000047683716,21602.0
2026-08-05 13:47:00,PLXS,,275.4100036621094,275.4100036621094,275.4100036621094,275.4100036621094,653.0
2026-08-05 13:47:00,PNFP,,107.7699966430664,107.7699966430664,107.74500274658203,107.7699966430664,785.0
2026-08-05 13:47:00,PNTG,,38.974998474121094,39.0,38.974998474121094,39.0,1985.0
2026-08-05 13:47:00,POET,,8.329999923706055,8.329999923706055,8.319999694824219,8.320500373840332,5732.0
2026-08-05 13:47:00,POOL,,206.5,206.5,206.5,206.5,203.0
2026-08-05 13:47:00,POWI,,62.16999816894531,62.16999816894531,62.07500076293945,62.07500076293945,1075.0
2026-08-05 13:47:00,POWL,,212.1649932861328,212.30999755859375,212.1649932861328,212.30999755859375,858.0
2026-08-05 13:47:00,PPC,,26.43000030517578,26.43000030517578,26.43000030517578,26.43000030517578,306.0
2026-08-05 13:47:00,PPTA,,22.46500015258789,22.46500015258789,22.459999084472656,22.459999084472656,1361.0
2026-08-05 13:47:00,PRCH,,15.880000114440918,15.880000114440918,15.880000114440918,15.880000114440918,766.0
2026-08-05 13:47:00,PRCT,,18.635000228881836,18.66990089416504,18.610000610351562,18.635000228881836,2795.0
2026-08-05 13:47:00,PRFX,,1.1200000047683716,1.1200000047683716,1.1200000047683716,1.1200000047683716,673.0
2026-08-05 13:47:00,PRIM,,85.11000061035156,85.22000122070312,85.11000061035156,85.22000122070312,1189.0
2026-08-05 13:47:00,PRME,,3.0799999237060547,3.0799999237060547,3.065000057220459,3.075000047683716,22982.0
2026-08-05 13:47:00,PROF,,8.0600004196167,8.069999694824219,8.0600004196167,8.069999694824219,210.0
2026-08-05 13:47:00,PRQR,,1.9049999713897705,1.909999966621399,1.9049999713897705,1.909999966621399,9348.0
2026-08-05 13:47:00,PRTA,,8.515000343322754,8.515000343322754,8.515000343322754,8.515000343322754,620.0
2026-08-05 13:47:00,PRZO,,0.5403000116348267,0.5403000116348267,0.5403000116348267,0.5403000116348267,6000.0
2026-08-05 13:47:00,PSEC,,2.184999942779541,2.184999942779541,2.184999942779541,2.184999942779541,494.0
2026-08-05 13:47:00,PSNL,,13.550000190734863,13.550000190734863,13.550000190734863,13.550000190734863,1775.0
2026-08-05 13:47:00,PTCT,,69.19499969482422,69.19499969482422,69.18000030517578,69.19000244140625,1024.0
2026-08-05 13:47:00,PTEN,,9.734999656677246,9.734999656677246,9.732399940490723,9.734999656677246,2655.0
2026-08-05 13:47:00,PTLO,,4.610000133514404,4.610000133514404,4.610000133514404,4.610000133514404,758.0
2026-08-05 13:47:00,PTON,,6.510000228881836,6.514999866485596,6.510000228881836,6.514999866485596,6225.0
2026-08-05 13:47:00,PWP,,17.489999771118164,17.489999771118164,17.489999771118164,17.489999771118164,911.0
2026-08-05 13:47:00,PYPD,,4.630000114440918,4.630000114440918,4.610000133514404,4.616300106048584,2612.0
2026-08-05 13:47:00,PYPL,,58.275001525878906,58.276100158691406,58.25,58.255001068115234,4919.0
2026-08-05 13:47:00,PZZA,,30.049999237060547,30.049999237060547,30.024999618530273,30.024999618530273,1267.0
2026-08-05 13:47:00,QCOM,,158.0,158.02999877929688,157.8715057373047,157.9199981689453,7353.0
2026-08-05 13:47:00,QFIN,,13.199999809265137,13.204999923706055,13.194999694824219,13.194999694824219,4221.0
2026-08-05 13:47:00,QRVO,,94.7699966430664,94.80000305175781,94.76499938964844,94.7699966430664,1089.0
2026-08-05 13:47:00,SEED,,1.0199999809265137,1.0199999809265137,1.0199999809265137,1.0199999809265137,200.0
2026-08-05 13:47:00,TARA,,4.039999961853027,4.039999961853027,4.039999961853027,4.039999961853027,143.0
2026-08-05 13:47:00,WOOF,,2.9700000286102295,2.9700000286102295,2.9700000286102295,2.9700000286102295,678.0
2026-08-05 13:48:00,ACDC,,4.40500020980835,4.40500020980835,4.40500020980835,4.40500020980835,1011.0
2026-08-05 13:48:00,BPOP,,177.60000610351562,177.60000610351562,177.55999755859375,177.58999633789062,4790.0
2026-08-05 13:48:00,CNXN,,85.48500061035156,85.48500061035156,85.48500061035156,85.48500061035156,452.0
2026-08-05 13:48:00,DTIL,,7.5,7.5,7.5,7.5,894.0
2026-08-05 13:48:00,EYE,,23.139999389648438,23.170000076293945,23.139999389648438,23.165000915527344,4421.0
2026-08-05 13:48:00,FRST,,16.40999984741211,16.40999984741211,16.40999984741211,16.40999984741211,512.0
2026-08-05 13:48:00,GLUE,,15.579999923706055,15.59000015258789,15.579999923706055,15.59000015258789,2163.0
2026-08-05 13:48:00,LUNG,,1.9950000047683716,1.9950000047683716,1.9950000047683716,1.9950000047683716,136.0
2026-08-05 13:48:00,MDB,,375.34100341796875,375.69500732421875,375.3399963378906,375.69500732421875,1733.0
2026-08-05 13:48:00,MDLZ,,62.6150016784668,62.625,62.584999084472656,62.619998931884766,9644.0
2026-08-05 13:48:00,MNPR,,119.29000091552734,119.58000183105469,119.29000091552734,119.58000183105469,1257.0
2026-08-05 13:48:00,MNST,,94.79499816894531,94.80000305175781,94.79000091552734,94.80000305175781,3067.0
2026-08-05 13:48:00,MNTS,,4.275000095367432,4.275000095367432,4.269999980926514,4.275000095367432,1603.0
2026-08-05 13:48:00,MPWR,,1339.8900146484375,1340.0699462890625,1338.6400146484375,1338.6400146484375,303.0
2026-08-05 13:48:00,MYGN,,3.1549999713897705,3.1549999713897705,3.1500000953674316,3.1549999713897705,3667.0
2026-08-05 13:48:00,NAMS,,27.78499984741211,27.78499984741211,27.719999313354492,27.774999618530273,577.0
2026-08-05 13:48:00,NATR,,20.020000457763672,20.020000457763672,20.020000457763672,20.020000457763672,173.0
2026-08-05 13:48:00,NAUT,,0.9398999810218811,0.9398999810218811,0.9398999810218811,0.9398999810218811,339.0
2026-08-05 13:48:00,NAVI,,9.180000305175781,9.1899995803833,9.180000305175781,9.1899995803833,2334.0
2026-08-05 13:48:00,NB,,5.090099811553955,5.09499979019165,5.090000152587891,5.090000152587891,3340.0
2026-08-05 13:48:00,NCRA,,1.8350000381469727,1.8350000381469727,1.8350000381469727,1.8350000381469727,301.0
2026-08-05 13:48:00,NDAQ,,94.96499633789062,94.98999786376953,94.94999694824219,94.94999694824219,2625.0
2026-08-05 13:48:00,NDSN,,310.8999938964844,311.11199951171875,310.8999938964844,311.11199951171875,315.0
2026-08-05 13:48:00,NEGG,,16.770000457763672,16.770000457763672,16.770000457763672,16.770000457763672,136.0
2026-08-05 13:48:00,NEO,,16.030000686645508,16.030000686645508,16.030000686645508,16.030000686645508,377.0
2026-08-05 13:48:00,NEON,,0.9458000063896179,0.9458000063896179,0.9458000063896179,0.9458000063896179,922.0
2026-08-05 13:48:00,NEOV,,2.8350000381469727,2.8350000381469727,2.8350000381469727,2.8350000381469727,239.0
2026-08-05 13:48:00,NESR,,28.71500015258789,28.71500015258789,28.71500015258789,28.71500015258789,433.0
2026-08-05 13:48:00,NEWT,,15.130000114440918,15.140000343322754,15.130000114440918,15.140000343322754,1081.0
2026-08-05 13:48:00,NEXT,,6.420000076293945,6.425000190734863,6.420000076293945,6.425000190734863,794.0
2026-08-05 13:48:00,NFE,,0.33899998664855957,0.33899998664855957,0.33899998664855957,0.33899998664855957,0.0
2026-08-05 13:48:00,NFLX,,73.62000274658203,73.63990020751953,73.59500122070312,73.6050033569336,52439.0
2026-08-05 13:48:00,NICE,,98.89749908447266,98.90750122070312,98.89749908447266,98.90750122070312,439.0
2026-08-05 13:48:00,NKTX,,2.2149999141693115,2.2149999141693115,2.2149999141693115,2.2149999141693115,388.0
2026-08-05 13:48:00,NMRA,,1.6150000095367432,1.6150000095367432,1.6150000095367432,1.6150000095367432,194.0
2026-08-05 13:48:00,NMRK,,15.75,15.75,15.75,15.75,1322.0
2026-08-05 13:48:00,NN,,14.4350004196167,14.4350004196167,14.4350004196167,14.4350004196167,401.0
2026-08-05 13:48:00,NNDM,,1.5449999570846558,1.5449999570846558,1.5399999618530273,1.5449999570846558,1701.0
2026-08-05 13:48:00,NOVT,,156.60499572753906,156.67999267578125,156.60499572753906,156.67999267578125,490.0
2026-08-05 13:48:00,NPCE,,13.59000015258789,13.600000381469727,13.555000305175781,13.555000305175781,6233.0
2026-08-05 13:48:00,NRIX,,25.15999984741211,25.15999984741211,25.15999984741211,25.15999984741211,1628.0
2026-08-05 13:48:00,NRSN,,0.5479000210762024,0.5479000210762024,0.5478000044822693,0.5478000044822693,1318.0
2026-08-05 13:48:00,NRXP,,3.0999999046325684,3.0999999046325684,3.0999999046325684,3.0999999046325684,1308.0
2026-08-05 13:48:00,NTAP,,190.00999450683594,190.00999450683594,189.99000549316406,189.99000549316406,2562.0
2026-08-05 13:48:00,NTNX,,61.019500732421875,61.019500732421875,60.95000076293945,60.95000076293945,3743.0
2026-08-05 13:48:00,NTRA,,273.0199890136719,273.4649963378906,273.0199890136719,273.44000244140625,13471.0
2026-08-05 13:48:00,NTRS,,184.24000549316406,184.25999450683594,184.2100067138672,184.25999450683594,1303.0
2026-08-05 13:48:00,NUTX,,157.77000427246094,157.77000427246094,157.5800018310547,157.5800018310547,2411.0
2026-08-05 13:48:00,NUWE,,1.6900999546051025,1.6900999546051025,1.6900999546051025,1.6900999546051025,946.0
2026-08-05 13:48:00,NVAX,,7.635000228881836,7.635000228881836,7.630000114440918,7.630000114440918,2170.0
2026-08-05 13:48:00,NVCT,,20.09000015258789,20.09000015258789,20.09000015258789,20.09000015258789,161.0
2026-08-05 13:48:00,NVDA,,221.11000061035156,221.14999389648438,221.07000732421875,221.08999633789062,95851.0
2026-08-05 13:48:00,NVTS,,12.449999809265137,12.460000038146973,12.449999809265137,12.454999923706055,4054.0
2026-08-05 13:48:00,NWBI,,15.950300216674805,15.950300216674805,15.950300216674805,15.950300216674805,302.0
2026-08-05 13:48:00,NWE,,68.62000274658203,68.62999725341797,68.5999984741211,68.5999984741211,2535.0
2026-08-05 13:48:00,NWL,,6.284999847412109,6.284999847412109,6.284999847412109,6.284999847412109,4003.0
2026-08-05 13:48:00,NWS,,32.31999969482422,32.34000015258789,32.31999969482422,32.34000015258789,2539.0
2026-08-05 13:48:00,NWSA,,28.295000076293945,28.309999465942383,28.290000915527344,28.309999465942383,7404.0
2026-08-05 13:48:00,NXPI,,231.6699981689453,231.77999877929688,231.66000366210938,231.7550048828125,5145.0
2026-08-05 13:48:00,NXT,,98.61000061035156,98.63999938964844,98.61000061035156,98.62999725341797,3640.0
2026-08-05 13:48:00,OCFC,,19.94499969482422,19.94499969482422,19.920000076293945,19.920000076293945,3597.0
2026-08-05 13:48:00,OCGN,,1.2999999523162842,1.2999999523162842,1.2899999618530273,1.2949999570846558,18518.0
2026-08-05 13:48:00,OCSL,,12.104999542236328,12.104999542236328,12.104999542236328,12.104999542236328,179.0
2026-08-05 13:48:00,OCUL,,8.609999656677246,8.609999656677246,8.60099983215332,8.60099983215332,1908.0
2026-08-05 13:48:00,ODFL,,213.82000732421875,213.82000732421875,213.82000732421875,213.82000732421875,2076.0
2026-08-05 13:48:00,OESX,,14.869999885559082,14.869999885559082,14.869999885559082,14.869999885559082,163.0
2026-08-05 13:48:00,OFIX,,10.399999618530273,10.399999618530273,10.399999618530273,10.399999618530273,702.0
2026-08-05 13:48:00,OKTA,,148.2899932861328,148.2949981689453,148.2899932861328,148.2949981689453,631.0
2026-08-05 13:48:00,OMCL,,37.43000030517578,37.439998626708984,37.40999984741211,37.43000030517578,5657.0
2026-08-05 13:48:00,OMER,,12.829999923706055,12.829999923706055,12.819999694824219,12.819999694824219,894.0
2026-08-05 13:48:00,OMH,,0.11500000208616257,0.11500000208616257,0.11500000208616257,0.11500000208616257,2231.0
2026-08-05 13:48:00,ON,,77.94999694824219,78.04000091552734,77.94999694824219,78.0199966430664,10131.0
2026-08-05 13:48:00,ONDS,,8.904999732971191,8.930000305175781,8.901800155639648,8.925000190734863,116382.0
2026-08-05 13:48:00,ONFO,,0.07410000264644623,0.07410000264644623,0.07410000264644623,0.07410000264644623,1311.0
2026-08-05 13:48:00,OPCH,,23.5,23.510000228881836,23.475000381469727,23.479999542236328,2484.0
2026-08-05 13:48:00,OPEN,,3.819999933242798,3.8299999237060547,3.819999933242798,3.825000047683716,27617.0
2026-08-05 13:48:00,OPK,,1.3199000358581543,1.3199000358581543,1.3199000358581543,1.3199000358581543,3081.0
2026-08-05 13:48:00,OPRT,,6.179999828338623,6.179999828338623,6.179999828338623,6.179999828338623,249.0
2026-08-05 13:48:00,OPRX,,6.929999828338623,6.929999828338623,6.929999828338623,6.929999828338623,2366.0
2026-08-05 13:48:00,ORGO,,2.3350000381469727,2.3350000381469727,2.3350000381469727,2.3350000381469727,1015.0
2026-08-05 13:48:00,ORIC,,13.03499984741211,13.03499984741211,13.03499984741211,13.03499984741211,1084.0
2026-08-05 13:48:00,ORLY,,93.48999786376953,93.48999786376953,93.4800033569336,93.48999786376953,6845.0
2026-08-05 13:48:00,OSBC,,25.81999969482422,25.81999969482422,25.81999969482422,25.81999969482422,923.0
2026-08-05 13:48:00,OSS,,14.050000190734863,14.050000190734863,14.039999961853027,14.039999961853027,1075.0
2026-08-05 13:48:00,OTEX,,25.924999237060547,25.93000030517578,25.924999237060547,25.93000030517578,900.0
2026-08-05 13:48:00,OTLK,,1.024999976158142,1.024999976158142,1.020799994468689,1.0241999626159668,4110.0
2026-08-05 13:48:00,OTLY,,14.4350004196167,14.4350004196167,14.4350004196167,14.4350004196167,520.0
2026-08-05 13:48:00,OTTR,,92.47000122070312,92.47000122070312,92.47000122070312,92.47000122070312,400.0
2026-08-05 13:48:00,OVBC,,42.78499984741211,42.78499984741211,42.78499984741211,42.78499984741211,125.0
2026-08-05 13:48:00,OVID,,2.609999895095825,2.609999895095825,2.609999895095825,2.609999895095825,538.0
2026-08-05 13:48:00,OXSQ,,1.5049999952316284,1.5049999952316284,1.5049999952316284,1.5049999952316284,770.0
2026-08-05 13:48:00,PAA,,23.09000015258789,23.094999313354492,23.09000015258789,23.094999313354492,1361.0
2026-08-05 13:48:00,PAAS,,48.279998779296875,48.29999923706055,48.25,48.2599983215332,4507.0
2026-08-05 13:48:00,PACB,,1.3450000286102295,1.3450000286102295,1.340000033378601,1.340000033378601,3373.0
2026-08-05 13:48:00,PALI,,2.130000114440918,2.130000114440918,2.125,2.125,1356.0
2026-08-05 13:48:00,PANW,,366.5299987792969,366.5299987792969,365.989990234375,366.0,5722.0
2026-08-05 13:48:00,PATK,,88.19999694824219,88.20999908447266,88.19999694824219,88.20999908447266,1544.0
2026-08-05 13:48:00,PAYO,,7.125,7.125,7.125,7.125,2574.0
2026-08-05 13:48:00,PAYX,,117.67900085449219,117.69999694824219,117.66999816894531,117.69999694824219,2581.0
2026-08-05 13:48:00,PBYI,,8.020000457763672,8.020000457763672,8.020000457763672,8.020000457763672,217.0
2026-08-05 13:48:00,PCAR,,134.47999572753906,134.5,134.47500610351562,134.49000549316406,1976.0
2026-08-05 13:48:00,PCRX,,24.6299991607666,24.6299991607666,24.610000610351562,24.610000610351562,1227.0
2026-08-05 13:48:00,PCT,,6.894999980926514,6.897600173950195,6.894999980926514,6.894999980926514,3018.0
2026-08-05 13:48:00,PCTY,,145.4600067138672,145.57000732421875,145.4600067138672,145.57000732421875,477.0
2026-08-05 13:48:00,PDD,,90.87999725341797,90.8949966430664,90.87000274658203,90.8949966430664,3006.0
2026-08-05 13:48:00,PDFS,,49.94499969482422,49.94499969482422,49.93000030517578,49.93000030517578,532.0
2026-08-05 13:48:00,PEBK,,43.29499816894531,43.29999923706055,43.29499816894531,43.29999923706055,1482.0
2026-08-05 13:48:00,PECO,,41.26499938964844,41.275001525878906,41.220001220703125,41.275001525878906,15082.0
2026-08-05 13:48:00,PEGA,,31.8700008392334,31.8700008392334,31.860000610351562,31.860000610351562,2106.0
2026-08-05 13:48:00,PENN,,19.795000076293945,19.809999465942383,19.795000076293945,19.809999465942383,2949.0
2026-08-05 13:48:00,PEP,,138.625,138.63670349121094,138.625,138.6300048828125,3952.0
2026-08-05 13:48:00,PFG,,114.33000183105469,114.33000183105469,114.30999755859375,114.30999755859375,2030.0
2026-08-05 13:48:00,PGEN,,6.744999885559082,6.755000114440918,6.739999771118164,6.755000114440918,6817.0
2026-08-05 13:48:00,PGY,,21.844999313354492,21.844999313354492,21.829999923706055,21.84000015258789,1011.0
2026-08-05 13:48:00,PHAT,,8.454999923706055,8.454999923706055,8.454999923706055,8.454999923706055,408.0
2026-08-05 13:48:00,PHVS,,33.46500015258789,33.4900016784668,33.46500015258789,33.4900016784668,943.0
2026-08-05 13:48:00,PLBY,,1.1549999713897705,1.1549999713897705,1.1549999713897705,1.1549999713897705,544.0
2026-08-05 13:48:00,PLMR,,134.89999389648438,134.89999389648438,134.89999389648438,134.89999389648438,542.0
2026-08-05 13:48:00,PLUG,,2.075000047683716,2.0799999237060547,2.069999933242798,2.075000047683716,28569.0
2026-08-05 13:48:00,PNFP,,107.79499816894531,107.86000061035156,107.79000091552734,107.86000061035156,2069.0
2026-08-05 13:48:00,POET,,8.34000015258789,8.34000015258789,8.329999923706055,8.329999923706055,7701.0
2026-08-05 13:48:00,POOL,,206.7100067138672,206.7100067138672,206.36000061035156,206.36000061035156,2194.0
2026-08-05 13:48:00,POWI,,62.18000030517578,62.18000030517578,62.16999816894531,62.16999816894531,2701.0
2026-08-05 13:48:00,POWL,,212.32000732421875,212.36000061035156,212.22000122070312,212.32000732421875,676.0
2026-08-05 13:48:00,PPC,,26.426799774169922,26.426799774169922,26.426799774169922,26.426799774169922,597.0
2026-08-05 13:48:00,PPTA,,22.489999771118164,22.489999771118164,22.489999771118164,22.489999771118164,892.0
2026-08-05 13:48:00,PRAA,,17.360000610351562,17.360000610351562,17.360000610351562,17.360000610351562,2711.0
2026-08-05 13:48:00,PRAX,,318.43499755859375,318.43499755859375,317.2850036621094,317.2850036621094,1203.0
2026-08-05 13:48:00,PRCH,,15.880000114440918,15.885000228881836,15.859999656677246,15.885000228881836,2298.0
2026-08-05 13:48:00,PRCT,,18.68000030517578,18.68000030517578,18.635000228881836,18.635000228881836,3052.0
2026-08-05 13:48:00,PRGS,,42.349998474121094,42.349998474121094,42.31999969482422,42.31999969482422,517.0
2026-08-05 13:48:00,PRIM,,84.98999786376953,85.08999633789062,84.95999908447266,85.05999755859375,2968.0
2026-08-05 13:48:00,PRQR,,1.9149999618530273,1.9199999570846558,1.909999966621399,1.909999966621399,8638.0
2026-08-05 13:48:00,PRVA,,24.200000762939453,24.229999542236328,24.190000534057617,24.229999542236328,3226.0
2026-08-05 13:48:00,PSEC,,2.184999942779541,2.184999942779541,2.184999942779541,2.184999942779541,1288.0
2026-08-05 13:48:00,PSNL,,13.555000305175781,13.555000305175781,13.550000190734863,13.555000305175781,1319.0
2026-08-05 13:48:00,PTCT,,69.19000244140625,69.19000244140625,69.19000244140625,69.19000244140625,600.0
2026-08-05 13:48:00,PTEN,,9.734999656677246,9.734999656677246,9.729999542236328,9.734999656677246,9894.0
2026-08-05 13:48:00,PTON,,6.505000114440918,6.510000228881836,6.505000114440918,6.510000228881836,9112.0
2026-08-05 13:48:00,PUBM,,13.430000305175781,13.430000305175781,13.430000305175781,13.430000305175781,636.0
2026-08-05 13:48:00,PYPD,,4.625,4.625,4.625,4.625,425.0
2026-08-05 13:48:00,PYPL,,58.279998779296875,58.279998779296875,58.27000045776367,58.27000045776367,3407.0
2026-08-05 13:48:00,PYXS,,3.1649999618530273,3.1649999618530273,3.1649999618530273,3.1649999618530273,386.0
2026-08-05 13:48:00,PZZA,,30.049999237060547,30.059999465942383,30.049999237060547,30.059999465942383,7341.0
2026-08-05 13:48:00,QCOM,,158.00999450683594,158.02999877929688,157.9499969482422,158.02000427246094,16418.0
2026-08-05 13:48:00,QCRH,,105.4749984741211,105.4749984741211,105.4749984741211,105.4749984741211,331.0
2026-08-05 13:48:00,QFIN,,13.194999694824219,13.194999694824219,13.194999694824219,13.194999694824219,169.0
2026-08-05 13:48:00,QQQX,,30.43000030517578,30.43000030517578,30.43000030517578,30.43000030517578,966.0
2026-08-05 13:48:00,QRVO,,94.73999786376953,94.79000091552734,94.73999786376953,94.79000091552734,2367.0
2026-08-05 13:48:00,SEED,,1.0199999809265137,1.0199999809265137,1.0199999809265137,1.0199999809265137,500.0
2026-08-05 13:48:00,STIM,,2.2850000858306885,2.2850000858306885,2.2850000858306885,2.2850000858306885,934.0
2026-08-05 13:48:00,TARA,,4.039999961853027,4.039999961853027,4.034999847412109,4.034999847412109,318.0
2026-08-05 13:48:00,WOOF,,2.950000047683716,2.9649999141693115,2.950000047683716,2.9649999141693115,37524.0
2026-08-05 13:49:00,ACDC,,4.425000190734863,4.425000190734863,4.40500020980835,4.409999847412109,25356.0
2026-08-05 13:49:00,CPOP,,0.3601999878883362,0.3601999878883362,0.3601999878883362,0.3601999878883362,264.0
2026-08-05 13:49:00,EYE,,23.139999389648438,23.139999389648438,23.139999389648438,23.139999389648438,2258.0
2026-08-05 13:49:00,GLUE,,15.579999923706055,15.579999923706055,15.579999923706055,15.579999923706055,885.0
2026-08-05 13:49:00,LUNG,,2.0,2.0,2.0,2.0,1321.0
2026-08-05 13:49:00,MCRI,,123.43000030517578,123.43000030517578,123.43000030517578,123.43000030517578,547.0
2026-08-05 13:49:00,MDB,,375.70001220703125,376.0199890136719,375.70001220703125,375.70001220703125,1205.0
2026-08-05 13:49:00,MDLZ,,62.625,62.6349983215332,62.61000061035156,62.619998931884766,13490.0
2026-08-05 13:49:00,MLTX,,17.750099182128906,17.750099182128906,17.750099182128906,17.750099182128906,1452.0
2026-08-05 13:49:00,MNRO,,13.180000305175781,13.180000305175781,13.180000305175781,13.180000305175781,386.0
2026-08-05 13:49:00,MNST,,94.79010009765625,94.79499816894531,94.77999877929688,94.79499816894531,4965.0
2026-08-05 13:49:00,MNTS,,4.270899772644043,4.270899772644043,4.270899772644043,4.270899772644043,527.0
2026-08-05 13:49:00,MPWR,,1339.5699462890625,1341.199951171875,1339.5699462890625,1340.25,1109.0
2026-08-05 13:49:00,MRNA,,56.779998779296875,56.779998779296875,56.7400016784668,56.75,3393.0
2026-08-05 13:49:00,MYGN,,3.1549999713897705,3.1600000858306885,3.1549999713897705,3.1549999713897705,2557.0
2026-08-05 13:49:00,NAMS,,27.84000015258789,27.84000015258789,27.7450008392334,27.7450008392334,1914.0
2026-08-05 13:49:00,NB,,5.09499979019165,5.09499979019165,5.09499979019165,5.09499979019165,3186.0
2026-08-05 13:49:00,NDAQ,,95.05000305175781,95.05000305175781,94.98999786376953,94.98999786376953,3486.0
2026-08-05 13:49:00,NDSN,,311.07501220703125,311.07501220703125,310.8800048828125,310.8800048828125,348.0
2026-08-05 13:49:00,NEO,,16.030000686645508,16.030000686645508,16.030000686645508,16.030000686645508,1135.0
2026-08-05 13:49:00,NEOG,,11.600000381469727,11.600000381469727,11.600000381469727,11.600000381469727,2150.0
2026-08-05 13:49:00,NEOV,,2.8350000381469727,2.8350000381469727,2.8350000381469727,2.8350000381469727,456.0
2026-08-05 13:49:00,NESR,,28.739999771118164,28.739999771118164,28.729999542236328,28.729999542236328,1372.0
2026-08-05 13:49:00,NEXT,,6.425000190734863,6.425000190734863,6.425000190734863,6.425000190734863,236.0
2026-08-05 13:49:00,NFE,,0.33899998664855957,0.33899998664855957,0.33899998664855957,0.33899998664855957,138.0
2026-08-05 13:49:00,NFLX,,73.61000061035156,73.62000274658203,73.60389709472656,73.62000274658203,20659.0
2026-08-05 13:49:00,NICE,,99.20999908447266,99.20999908447266,99.0,99.0,2420.0
2026-08-05 13:49:00,NKTR,,73.21009826660156,73.21009826660156,73.21009826660156,73.21009826660156,531.0
2026-08-05 13:49:00,NKTX,,2.2249999046325684,2.2300000190734863,2.2149999141693115,2.2149999141693115,5685.0
2026-08-05 13:49:00,NMRA,,1.6150000095367432,1.6200000047683716,1.6150000095367432,1.6150000095367432,4377.0
2026-08-05 13:49:00,NMRK,,15.750100135803223,15.750100135803223,15.750100135803223,15.750100135803223,1016.0
2026-08-05 13:49:00,NN,,14.43970012664795,14.43970012664795,14.43970012664795,14.43970012664795,968.0
2026-08-05 13:49:00,NNDM,,1.5449999570846558,1.5449999570846558,1.5449999570846558,1.5449999570846558,701.0
2026-08-05 13:49:00,NNOX,,1.0099999904632568,1.0149999856948853,1.0099999904632568,1.0103000402450562,953.0
2026-08-05 13:49:00,NOVT,,156.60499572753906,156.60499572753906,156.60499572753906,156.60499572753906,386.0
2026-08-05 13:49:00,NPCE,,13.529999732971191,13.529999732971191,13.529999732971191,13.529999732971191,567.0
2026-08-05 13:49:00,NRDS,,9.149999618530273,9.152000427246094,9.149999618530273,9.152000427246094,2052.0
2026-08-05 13:49:00,NRIX,,25.190000534057617,25.200000762939453,25.170000076293945,25.200000762939453,1177.0
2026-08-05 13:49:00,NRSN,,0.5659999847412109,0.5659999847412109,0.5659999847412109,0.5659999847412109,1081.0
2026-08-05 13:49:00,NRXP,,3.0950000286102295,3.0999999046325684,3.0950000286102295,3.0950000286102295,1131.0
2026-08-05 13:49:00,NTAP,,190.02999877929688,190.02999877929688,190.02999877929688,190.02999877929688,883.0
2026-08-05 13:49:00,NTCT,,41.95500183105469,41.959999084472656,41.95500183105469,41.959999084472656,756.0
2026-08-05 13:49:00,NTES,,127.58999633789062,127.58999633789062,127.58999633789062,127.58999633789062,396.0
2026-08-05 13:49:00,NTGR,,24.299999237060547,24.299999237060547,24.299999237060547,24.299999237060547,212.0
2026-08-05 13:49:00,NTNX,,61.025001525878906,61.029998779296875,61.0099983215332,61.0099983215332,2211.0
2026-08-05 13:49:00,NTRA,,273.19000244140625,273.19000244140625,273.19000244140625,273.19000244140625,637.0
2026-08-05 13:49:00,NTRS,,184.32000732421875,184.32000732421875,184.32000732421875,184.32000732421875,870.0
2026-08-05 13:49:00,NVAX,,7.635000228881836,7.635000228881836,7.635000228881836,7.635000228881836,1920.0
2026-08-05 13:49:00,NVCT,,20.040000915527344,20.094999313354492,20.040000915527344,20.094999313354492,1534.0
2026-08-05 13:49:00,NVDA,,221.10000610351562,221.18780517578125,221.08999633789062,221.11000061035156,108448.0
2026-08-05 13:49:00,NVMI,,409.31500244140625,409.3599853515625,409.31500244140625,409.3599853515625,339.0
2026-08-05 13:49:00,NVTS,,12.444999694824219,12.454999923706055,12.444999694824219,12.454999923706055,4138.0
2026-08-05 13:49:00,NWL,,6.284999847412109,6.284999847412109,6.284999847412109,6.284999847412109,1496.0
2026-08-05 13:49:00,NWS,,32.310001373291016,32.31999969482422,32.310001373291016,32.31999969482422,839.0
2026-08-05 13:49:00,NWSA,,28.290000915527344,28.295000076293945,28.290000915527344,28.295000076293945,1386.0
2026-08-05 13:49:00,NXGL,,0.40779998898506165,0.40779998898506165,0.4000000059604645,0.4000000059604645,2886.0
2026-08-05 13:49:00,NXPI,,231.69500732421875,231.69500732421875,231.68499755859375,231.68499755859375,2967.0
2026-08-05 13:49:00,NXST,,191.83999633789062,191.83999633789062,191.83999633789062,191.83999633789062,975.0
2026-08-05 13:49:00,OCGN,,1.2949999570846558,1.2999999523162842,1.2949999570846558,1.2999999523162842,1092.0
2026-08-05 13:49:00,OCS,,12.074999809265137,12.104999542236328,12.074999809265137,12.104999542236328,552.0
2026-08-05 13:49:00,OCSL,,12.100000381469727,12.100000381469727,12.100000381469727,12.100000381469727,3123.0
2026-08-05 13:49:00,OCUL,,8.609999656677246,8.609999656677246,8.609999656677246,8.609999656677246,1896.0
2026-08-05 13:49:00,ODD,,15.420000076293945,15.420000076293945,15.420000076293945,15.420000076293945,1091.0
2026-08-05 13:49:00,ODFL,,213.76499938964844,213.79750061035156,213.76499938964844,213.79750061035156,1407.0
2026-08-05 13:49:00,OESX,,14.694999694824219,14.694999694824219,14.694999694824219,14.694999694824219,1914.0
2026-08-05 13:49:00,OFIX,,10.40999984741211,10.420000076293945,10.40999984741211,10.420000076293945,2856.0
2026-08-05 13:49:00,OKTA,,148.39999389648438,148.39999389648438,148.38499450683594,148.38499450683594,905.0
2026-08-05 13:49:00,OLLI,,78.19999694824219,78.20999908447266,78.19999694824219,78.20999908447266,2739.0
2026-08-05 13:49:00,OLMA,,11.619999885559082,11.619999885559082,11.619999885559082,11.619999885559082,1226.0
2026-08-05 13:49:00,OMCL,,37.415000915527344,37.415000915527344,37.415000915527344,37.415000915527344,389.0
2026-08-05 13:49:00,OMER,,12.824999809265137,12.824999809265137,12.824999809265137,12.824999809265137,386.0
2026-08-05 13:49:00,OMEX,,0.75,0.75,0.75,0.75,950.0
2026-08-05 13:49:00,OMH,,0.11460000276565552,0.11460000276565552,0.11460000276565552,0.11460000276565552,787.0
2026-08-05 13:49:00,ON,,77.94999694824219,78.04000091552734,77.94000244140625,77.98999786376953,12847.0
2026-08-05 13:49:00,ONB,,27.065000534057617,27.065000534057617,27.049999237060547,27.059999465942383,8595.0
2026-08-05 13:49:00,ONCY,,0.7972000241279602,0.7972000241279602,0.7972000241279602,0.7972000241279602,135.0
2026-08-05 13:49:00,ONDS,,8.914999961853027,8.920000076293945,8.904999732971191,8.909899711608887,179724.0
2026-08-05 13:49:00,ONFO,,0.07410000264644623,0.07410000264644623,0.07410000264644623,0.07410000264644623,9308.0
2026-08-05 13:49:00,OPCH,,23.489999771118164,23.510000228881836,23.479999542236328,23.489999771118164,4279.0
2026-08-05 13:49:00,OPEN,,3.819999933242798,3.8299999237060547,3.819999933242798,3.8299999237060547,20969.0
2026-08-05 13:49:00,ORGO,,2.3350000381469727,2.3350000381469727,2.3350000381469727,2.3350000381469727,1167.0
2026-08-05 13:49:00,ORIC,,13.029999732971191,13.029999732971191,13.029999732971191,13.029999732971191,959.0
2026-08-05 13:49:00,ORLY,,93.45999908447266,93.4800033569336,93.44999694824219,93.4800033569336,8785.0
2026-08-05 13:49:00,ORRF,,43.27000045776367,43.27000045776367,43.27000045776367,43.27000045776367,333.0
2026-08-05 13:49:00,OSBC,,25.829999923706055,25.829999923706055,25.829999923706055,25.829999923706055,1418.0
2026-08-05 13:49:00,OSIS,,236.92999267578125,236.92999267578125,236.85000610351562,236.85000610351562,221.0
2026-08-05 13:49:00,OSPN,,16.7450008392334,16.7450008392334,16.7450008392334,16.7450008392334,202.0
2026-08-05 13:49:00,OSS,,14.020000457763672,14.06350040435791,14.010000228881836,14.050000190734863,5299.0
2026-08-05 13:49:00,OTEX,,25.93000030517578,25.93000030517578,25.93000030517578,25.93000030517578,901.0
2026-08-05 13:49:00,OTLK,,1.024999976158142,1.0299999713897705,1.024999976158142,1.024999976158142,2093.0
2026-08-05 13:49:00,OVID,,2.6050000190734863,2.609999895095825,2.6050000190734863,2.6050000190734863,1172.0
2026-08-05 13:49:00,OXSQ,,1.5099999904632568,1.5099999904632568,1.5099999904632568,1.5099999904632568,237.0
2026-08-05 13:49:00,PAA,,23.110000610351562,23.114999771118164,23.079999923706055,23.079999923706055,14079.0
2026-08-05 13:49:00,PAAS,,48.275001525878906,48.29999923706055,48.275001525878906,48.290000915527344,3566.0
2026-08-05 13:49:00,PACB,,1.3499000072479248,1.350000023841858,1.3450000286102295,1.3450000286102295,2054.0
2026-08-05 13:49:00,PAGP,,25.079999923706055,25.079999923706055,25.065000534057617,25.065000534057617,2997.0
2026-08-05 13:49:00,PALI,,2.125,2.130000114440918,2.125,2.130000114440918,11287.0
2026-08-05 13:49:00,PANW,,366.2099914550781,366.5299987792969,366.0899963378906,366.2101135253906,6463.0
2026-08-05 13:49:00,PAYO,,7.125,7.125,7.119999885559082,7.119999885559082,2119.0
2026-08-05 13:49:00,PAYS,,9.175000190734863,9.175000190734863,9.175000190734863,9.175000190734863,284.0
2026-08-05 13:49:00,PAYX,,117.80000305175781,117.80000305175781,117.73999786376953,117.73999786376953,1483.0
2026-08-05 13:49:00,PCAR,,134.50999450683594,134.52999877929688,134.50999450683594,134.52999877929688,2425.0
2026-08-05 13:49:00,PCT,,6.894999980926514,6.894999980926514,6.894999980926514,6.894999980926514,1320.0
2026-08-05 13:49:00,PCTY,,145.39999389648438,145.39999389648438,145.39999389648438,145.39999389648438,334.0
2026-08-05 13:49:00,PDD,,90.88500213623047,90.88500213623047,90.88500213623047,90.88500213623047,757.0
2026-08-05 13:49:00,PDLB,,20.510000228881836,20.510000228881836,20.510000228881836,20.510000228881836,166.0
2026-08-05 13:49:00,PECO,,41.244998931884766,41.26499938964844,41.244998931884766,41.26499938964844,1641.0
2026-08-05 13:49:00,PENN,,19.780000686645508,19.780000686645508,19.780000686645508,19.780000686645508,1377.0
2026-08-05 13:49:00,PEP,,138.60499572753906,138.6199951171875,138.60499572753906,138.6199951171875,3751.0
2026-08-05 13:49:00,PEPG,,1.9850000143051147,1.9850000143051147,1.9850000143051147,1.9850000143051147,1127.0
2026-08-05 13:49:00,PERI,,9.569999694824219,9.569999694824219,9.569999694824219,9.569999694824219,585.0
2026-08-05 13:49:00,PFG,,114.28500366210938,114.28500366210938,114.28500366210938,114.28500366210938,260.0
2026-08-05 13:49:00,PGEN,,6.724999904632568,6.744999885559082,6.71999979019165,6.744999885559082,23329.0
2026-08-05 13:49:00,PGNY,,31.790000915527344,31.790000915527344,31.790000915527344,31.790000915527344,1403.0
2026-08-05 13:49:00,PGY,,21.84000015258789,21.850000381469727,21.829999923706055,21.850000381469727,2112.0
2026-08-05 13:49:00,PHAT,,8.460000038146973,8.460000038146973,8.460000038146973,8.460000038146973,217.0
2026-08-05 13:49:00,PLAB,,32.1150016784668,32.1150016784668,32.11000061035156,32.11000061035156,814.0
2026-08-05 13:49:00,PLUG,,2.075000047683716,2.0799999237060547,2.075000047683716,2.075000047683716,50235.0
2026-08-05 13:49:00,PNFP,,107.79000091552734,107.79000091552734,107.79000091552734,107.79000091552734,427.0
2026-08-05 13:49:00,POET,,8.345000267028809,8.349900245666504,8.34000015258789,8.340999603271484,9628.0
2026-08-05 13:49:00,POOL,,206.57000732421875,206.75,206.44000244140625,206.75,535.0
2026-08-05 13:49:00,POWL,,212.5399932861328,212.5399932861328,212.5399932861328,212.5399932861328,212.0
2026-08-05 13:49:00,PPC,,26.40999984741211,26.420000076293945,26.40999984741211,26.420000076293945,1780.0
2026-08-05 13:49:00,PPTA,,22.514999389648438,22.520000457763672,22.489999771118164,22.5,2534.0
2026-08-05 13:49:00,PRAX,,319.07000732421875,319.07000732421875,318.25,318.25,441.0
2026-08-05 13:49:00,PRCH,,15.850000381469727,15.869999885559082,15.850000381469727,15.869999885559082,1904.0
2026-08-05 13:49:00,PRCT,,18.649999618530273,18.670000076293945,18.639999389648438,18.670000076293945,3430.0
2026-08-05 13:49:00,PRGS,,42.310001373291016,42.33000183105469,42.310001373291016,42.33000183105469,1108.0
2026-08-05 13:49:00,PRIM,,84.93000030517578,85.11000061035156,84.91999816894531,85.0999984741211,3722.0
2026-08-05 13:49:00,PRME,,3.075000047683716,3.075000047683716,3.075000047683716,3.075000047683716,5546.0
2026-08-05 13:49:00,PRQR,,1.9149999618530273,1.9149999618530273,1.9149999618530273,1.9149999618530273,632.0
2026-08-05 13:49:00,PRSO,,0.6891000270843506,0.6891000270843506,0.6891000270843506,0.6891000270843506,1187.0
2026-08-05 13:49:00,PRVA,,24.200000762939453,24.200000762939453,24.200000762939453,24.200000762939453,283.0
2026-08-05 13:49:00,PRZO,,0.5450000166893005,0.5450000166893005,0.5450000166893005,0.5450000166893005,0.0
2026-08-05 13:49:00,PSEC,,2.184999942779541,2.184999942779541,2.184999942779541,2.184999942779541,927.0
2026-08-05 13:49:00,PSMT,,191.5500030517578,191.5500030517578,191.5500030517578,191.5500030517578,1207.0
2026-08-05 13:49:00,PSNY,,14.239999771118164,14.239999771118164,14.239999771118164,14.239999771118164,344.0
2026-08-05 13:49:00,PTCT,,69.19000244140625,69.19000244140625,69.19000244140625,69.19000244140625,1312.0
2026-08-05 13:49:00,PTEN,,9.734999656677246,9.734999656677246,9.729999542236328,9.729999542236328,46678.0
2026-08-05 13:49:00,PTGX,,136.77000427246094,136.77000427246094,136.77000427246094,136.77000427246094,448.0
2026-08-05 13:49:00,PTLO,,4.625,4.625,4.614999771118164,4.614999771118164,9389.0
2026-08-05 13:49:00,PTON,,6.505000114440918,6.505000114440918,6.5,6.505000114440918,4001.0
2026-08-05 13:49:00,PWP,,17.485000610351562,17.489999771118164,17.459999084472656,17.489999771118164,2802.0
2026-08-05 13:49:00,PYPL,,58.31999969482422,58.31999969482422,58.29499816894531,58.29999923706055,13028.0
2026-08-05 13:49:00,PYXS,,3.177999973297119,3.177999973297119,3.177999973297119,3.177999973297119,614.0
2026-08-05 13:49:00,PZZA,,30.06999969482422,30.06999969482422,30.06999969482422,30.06999969482422,1549.0
2026-08-05 13:49:00,QCOM,,158.0800018310547,158.1300048828125,158.0,158.02999877929688,15777.0
2026-08-05 13:49:00,QFIN,,13.194999694824219,13.194999694824219,13.194999694824219,13.194999694824219,577.0
2026-08-05 13:49:00,QRVO,,94.7699966430664,94.77999877929688,94.7699966430664,94.77999877929688,738.0
2026-08-05 13:49:00,SEED,,1.01010000705719,1.0199999809265137,1.0099999904632568,1.0199999809265137,1660.0
2026-08-05 13:49:00,WOOF,,2.9549999237060547,2.9549999237060547,2.9549999237060547,2.9549999237060547,542.0
2026-08-05 13:50:00,ACDC,,4.425000190734863,4.425000190734863,4.425000190734863,4.425000190734863,1226.0
2026-08-05 13:50:00,CPOP,,0.36010000109672546,0.36010000109672546,0.36010000109672546,0.36010000109672546,68.0
2026-08-05 13:50:00,GLUE,,15.579999923706055,15.59000015258789,15.574999809265137,15.579999923706055,3047.0
2026-08-05 13:50:00,KIDS,,21.614999771118164,21.614999771118164,21.614999771118164,21.614999771118164,375.0
2026-08-05 13:50:00,LUNG,,1.9950000047683716,1.9950000047683716,1.9950000047683716,1.9950000047683716,944.0
2026-08-05 13:50:00,MBRX,,0.4016000032424927,0.4043000042438507,0.40149998664855957,0.4016000032424927,2000.0
2026-08-05 13:50:00,MDB,,375.6300048828125,375.95001220703125,375.6300048828125,375.70001220703125,720.0
2026-08-05 13:50:00,MDLZ,,62.619998931884766,62.6349983215332,62.6150016784668,62.625,10194.0
2026-08-05 13:50:00,MLTX,,17.770000457763672,17.780000686645508,17.770000457763672,17.774999618530273,1369.0
2026-08-05 13:50:00,MNRO,,13.175000190734863,13.175000190734863,13.175000190734863,13.175000190734863,856.0
2026-08-05 13:50:00,MNST,,94.7750015258789,94.79000091552734,94.76499938964844,94.79000091552734,6543.0
2026-08-05 13:50:00,MNTS,,4.295000076293945,4.295000076293945,4.28000020980835,4.28000020980835,1002.0
2026-08-05 13:50:00,MPWR,,1341.06494140625,1341.260009765625,1340.1600341796875,1340.1600341796875,1007.0
2026-08-05 13:50:00,MRNA,,56.779998779296875,56.869998931884766,56.779998779296875,56.810001373291016,5142.0
2026-08-05 13:50:00,MYGN,,3.1549999713897705,3.1600000858306885,3.1549999713897705,3.1549999713897705,4215.0
2026-08-05 13:50:00,NAMS,,27.809999465942383,27.809999465942383,27.809999465942383,27.809999465942383,416.0
2026-08-05 13:50:00,NATR,,19.990100860595703,20.020000457763672,19.990100860595703,20.0,4050.0
2026-08-05 13:50:00,NAUT,,0.940500020980835,0.940500020980835,0.9401999711990356,0.9404000043869019,6240.0
2026-08-05 13:50:00,NB,,5.099999904632568,5.099999904632568,5.099999904632568,5.099999904632568,2340.0
2026-08-05 13:50:00,NBIX,,163.13999938964844,163.13999938964844,163.03500366210938,163.0500030517578,1213.0
2026-08-05 13:50:00,NBN,,134.98500061035156,134.98500061035156,134.98500061035156,134.98500061035156,194.0
2026-08-05 13:50:00,NBTB,,53.36000061035156,53.38999938964844,53.36000061035156,53.38999938964844,1214.0
2026-08-05 13:50:00,NDAQ,,95.02999877929688,95.1500015258789,95.02999877929688,95.06999969482422,2388.0
2026-08-05 13:50:00,NDSN,,310.79998779296875,310.8699951171875,310.79998779296875,310.8699951171875,840.0
2026-08-05 13:50:00,NEO,,16.030000686645508,16.030000686645508,16.030000686645508,16.030000686645508,865.0
2026-08-05 13:50:00,NEOG,,11.595000267028809,11.595000267028809,11.595000267028809,11.595000267028809,1364.0
2026-08-05 13:50:00,NEOV,,2.8499999046325684,2.8499999046325684,2.839900016784668,2.8399999141693115,13780.0
2026-08-05 13:50:00,NESR,,28.75,28.760000228881836,28.722200393676758,28.739999771118164,3362.0
2026-08-05 13:50:00,NEWT,,15.130000114440918,15.130000114440918,15.125,15.125,276.0
2026-08-05 13:50:00,NEXT,,6.429999828338623,6.440000057220459,6.425000190734863,6.425000190734863,5450.0
2026-08-05 13:50:00,NFLX,,73.58989715576172,73.5999984741211,73.56999969482422,73.5999984741211,35160.0
2026-08-05 13:50:00,NGNE,,35.69499969482422,35.69499969482422,35.66999816894531,35.66999816894531,319.0
2026-08-05 13:50:00,NICE,,99.15039825439453,99.15039825439453,99.15039825439453,99.15039825439453,719.0
2026-08-05 13:50:00,NKTR,,73.32499694824219,73.32499694824219,73.32499694824219,73.32499694824219,1243.0
2026-08-05 13:50:00,NKTX,,2.2200000286102295,2.2200000286102295,2.2200000286102295,2.2200000286102295,1924.0
2026-08-05 13:50:00,NMRK,,15.75,15.75,15.75,15.75,277.0
2026-08-05 13:50:00,NN,,14.420000076293945,14.449999809265137,14.420000076293945,14.425000190734863,11878.0
2026-08-05 13:50:00,NNBR,,3.865000009536743,3.865000009536743,3.859999895095825,3.865000009536743,841.0
2026-08-05 13:50:00,NNDM,,1.5449999570846558,1.5449999570846558,1.541200041770935,1.5449999570846558,2318.0
2026-08-05 13:50:00,NOVT,,156.61000061035156,156.61000061035156,156.61000061035156,156.61000061035156,360.0
2026-08-05 13:50:00,NRDS,,9.145000457763672,9.147199630737305,9.145000457763672,9.147199630737305,2358.0
2026-08-05 13:50:00,NRIX,,25.15999984741211,25.184999465942383,25.149999618530273,25.184999465942383,3987.0
2026-08-05 13:50:00,NTAP,,190.0,190.0399932861328,189.92999267578125,190.02999877929688,8356.0
2026-08-05 13:50:00,NTGR,,24.334999084472656,24.334999084472656,24.299999237060547,24.299999237060547,5744.0
2026-08-05 13:50:00,NTNX,,61.029998779296875,61.029998779296875,61.01499938964844,61.029998779296875,5358.0
2026-08-05 13:50:00,NTRA,,273.8800048828125,273.8800048828125,273.42999267578125,273.489990234375,3497.0
2026-08-05 13:50:00,NTRS,,184.35000610351562,184.35000610351562,184.35000610351562,184.35000610351562,567.0
2026-08-05 13:50:00,NVAX,,7.639999866485596,7.639999866485596,7.639999866485596,7.639999866485596,4857.0
2026-08-05 13:50:00,NVCR,,16.09000015258789,16.09000015258789,16.09000015258789,16.09000015258789,114.0
2026-08-05 13:50:00,NVDA,,221.07000732421875,221.2100067138672,221.05999755859375,221.08999633789062,127039.0
2026-08-05 13:50:00,NVMI,,409.302490234375,409.302490234375,409.302490234375,409.302490234375,157.0
2026-08-05 13:50:00,NVTS,,12.465100288391113,12.484999656677246,12.449999809265137,12.449999809265137,10842.0
2026-08-05 13:50:00,NWBI,,15.954999923706055,15.954999923706055,15.954999923706055,15.954999923706055,1334.0
2026-08-05 13:50:00,NWL,,6.284999847412109,6.284999847412109,6.284999847412109,6.284999847412109,2215.0
2026-08-05 13:50:00,NWS,,32.310001373291016,32.314998626708984,32.310001373291016,32.310001373291016,1143.0
2026-08-05 13:50:00,NWSA,,28.290000915527344,28.290000915527344,28.28499984741211,28.290000915527344,2896.0
2026-08-05 13:50:00,NXPI,,231.70750427246094,231.80999755859375,231.6999969482422,231.72000122070312,5132.0
2026-08-05 13:50:00,NXT,,98.61000061035156,98.69000244140625,98.55999755859375,98.62999725341797,2497.0
2026-08-05 13:50:00,OABI,,2.065000057220459,2.065000057220459,2.065000057220459,2.065000057220459,300.0
2026-08-05 13:50:00,OCFC,,19.934999465942383,19.950000762939453,19.934999465942383,19.950000762939453,12046.0
2026-08-05 13:50:00,OCG,,1.690000057220459,1.690000057220459,1.690000057220459,1.690000057220459,724.0
2026-08-05 13:50:00,OCGN,,1.2999999523162842,1.2999999523162842,1.2949999570846558,1.2999999523162842,2072.0
2026-08-05 13:50:00,OCUL,,8.625,8.625,8.625,8.625,1230.0
2026-08-05 13:50:00,ODD,,15.3100004196167,15.40999984741211,15.270000457763672,15.40999984741211,49853.0
2026-08-05 13:50:00,ODFL,,213.80999755859375,213.80999755859375,213.80999755859375,213.80999755859375,257.0
2026-08-05 13:50:00,OESX,,14.617899894714355,14.779999732971191,14.5,14.501999855041504,4502.0
2026-08-05 13:50:00,OFIX,,10.449999809265137,10.449999809265137,10.449999809265137,10.449999809265137,5898.0
2026-08-05 13:50:00,OFS,,3.4800000190734863,3.4800000190734863,3.4800000190734863,3.4800000190734863,113.0
2026-08-05 13:50:00,OKTA,,148.27999877929688,148.48989868164062,148.27999877929688,148.48989868164062,2180.0
2026-08-05 13:50:00,OLLI,,78.16999816894531,78.16999816894531,78.16999816894531,78.16999816894531,1168.0
2026-08-05 13:50:00,OLMA,,11.619999885559082,11.619999885559082,11.619999885559082,11.619999885559082,749.0
2026-08-05 13:50:00,OMER,,12.829999923706055,12.850000381469727,12.829999923706055,12.850000381469727,2137.0
2026-08-05 13:50:00,OMH,,0.11400000005960464,0.11500000208616257,0.11400000005960464,0.11500000208616257,2160.0
2026-08-05 13:50:00,ON,,78.00499725341797,78.08999633789062,77.94999694824219,77.94999694824219,16950.0
2026-08-05 13:50:00,ONB,,27.065000534057617,27.065000534057617,27.059999465942383,27.062000274658203,4746.0
2026-08-05 13:50:00,ONBPO,,24.803800582885742,24.803800582885742,24.803800582885742,24.803800582885742,411.0
2026-08-05 13:50:00,ONCY,,0.7972000241279602,0.7972000241279602,0.7972000241279602,0.7972000241279602,317.0
2026-08-05 13:50:00,ONDS,,8.920100212097168,8.9399995803833,8.914999961853027,8.914999961853027,368562.0
2026-08-05 13:50:00,ONFO,,0.07400000095367432,0.07410000264644623,0.07400000095367432,0.07410000264644623,10286.0
2026-08-05 13:50:00,OPCH,,23.5049991607666,23.520000457763672,23.5,23.5,2051.0
2026-08-05 13:50:00,OPEN,,3.8201000690460205,3.8299999237060547,3.819999933242798,3.825000047683716,34845.0
2026-08-05 13:50:00,OPHC,,8.630000114440918,8.630000114440918,8.630000114440918,8.630000114440918,132.0
2026-08-05 13:50:00,OPK,,1.315000057220459,1.315000057220459,1.315000057220459,1.315000057220459,1396.0
2026-08-05 13:50:00,OPRT,,6.184999942779541,6.184999942779541,6.179999828338623,6.179999828338623,1375.0
2026-08-05 13:50:00,ORGO,,2.3350000381469727,2.3399999141693115,2.3350000381469727,2.3350000381469727,3797.0
2026-08-05 13:50:00,ORIC,,13.029999732971191,13.045000076293945,13.029999732971191,13.045000076293945,2099.0
2026-08-05 13:50:00,ORLY,,93.4000015258789,93.44999694824219,93.375,93.44999694824219,8716.0
2026-08-05 13:50:00,OSIS,,236.86500549316406,237.00999450683594,236.86500549316406,237.00999450683594,685.0
2026-08-05 13:50:00,OSPN,,16.7450008392334,16.7450008392334,16.7450008392334,16.7450008392334,915.0
2026-08-05 13:50:00,OTEX,,25.934999465942383,25.934999465942383,25.934999465942383,25.934999465942383,645.0
2026-08-05 13:50:00,OTLK,,1.0299999713897705,1.0299999713897705,1.0210000276565552,1.0298999547958374,2292.0
2026-08-05 13:50:00,OTLY,,14.418000221252441,14.4350004196167,14.418000221252441,14.4350004196167,381.0
2026-08-05 13:50:00,OVID,,2.6050000190734863,2.609999895095825,2.6050000190734863,2.609999895095825,4873.0
2026-08-05 13:50:00,OXLCN,,24.815099716186523,24.815099716186523,24.815099716186523,24.815099716186523,450.0
2026-08-05 13:50:00,OXSQ,,1.5099999904632568,1.5099999904632568,1.5099999904632568,1.5099999904632568,373.0
2026-08-05 13:50:00,PAA,,23.114999771118164,23.125,23.104999542236328,23.104999542236328,10207.0
2026-08-05 13:50:00,PAAS,,48.275001525878906,48.29999923706055,48.26499938964844,48.279998779296875,7816.0
2026-08-05 13:50:00,PACB,,1.3450000286102295,1.3482999801635742,1.340000033378601,1.3450000286102295,4953.0
2026-08-05 13:50:00,PAGP,,25.100000381469727,25.100000381469727,25.100000381469727,25.100000381469727,287.0
2026-08-05 13:50:00,PALI,,2.130000114440918,2.130000114440918,2.130000114440918,2.130000114440918,1067.0
2026-08-05 13:50:00,PANW,,365.8699951171875,366.2099914550781,365.7850036621094,366.2099914550781,8756.0
2026-08-05 13:50:00,PAX,,11.425000190734863,11.425000190734863,11.425000190734863,11.425000190734863,2038.0
2026-08-05 13:50:00,PAYO,,7.125,7.125,7.125,7.125,1796.0
2026-08-05 13:50:00,PAYX,,117.80000305175781,117.81999969482422,117.7750015258789,117.78500366210938,3255.0
2026-08-05 13:50:00,PBYI,,8.020000457763672,8.020000457763672,8.020000457763672,8.020000457763672,230.0
2026-08-05 13:50:00,PCAR,,134.43499755859375,134.5399932861328,134.43499755859375,134.52999877929688,2955.0
2026-08-05 13:50:00,PCRX,,24.709999084472656,24.709999084472656,24.709999084472656,24.709999084472656,1410.0
2026-08-05 13:50:00,PCT,,6.909999847412109,6.909999847412109,6.900000095367432,6.900000095367432,8145.0
2026-08-05 13:50:00,PCTY,,145.69000244140625,145.69000244140625,145.4499969482422,145.4499969482422,2064.0
2026-08-05 13:50:00,PDD,,90.88999938964844,90.88999938964844,90.87000274658203,90.88999938964844,7281.0
2026-08-05 13:50:00,PDEX,,67.69000244140625,67.69000244140625,67.69000244140625,67.69000244140625,482.0
2026-08-05 13:50:00,PDFS,,50.095001220703125,50.095001220703125,50.04999923706055,50.04999923706055,1658.0
2026-08-05 13:50:00,PDLB,,20.575000762939453,20.575000762939453,20.469999313354492,20.510000228881836,8203.0
2026-08-05 13:50:00,PDSB,,0.7150999903678894,0.7152000069618225,0.7150999903678894,0.7152000069618225,313.0
2026-08-05 13:50:00,PEBK,,43.314998626708984,43.314998626708984,43.314998626708984,43.314998626708984,119.0
2026-08-05 13:50:00,PECO,,41.22999954223633,41.22999954223633,41.22999954223633,41.22999954223633,303.0
2026-08-05 13:50:00,PEGA,,31.8799991607666,31.889999389648438,31.87030029296875,31.889999389648438,1625.0
2026-08-05 13:50:00,PENN,,19.774999618530273,19.774999618530273,19.774999618530273,19.774999618530273,1953.0
2026-08-05 13:50:00,PEP,,138.6199951171875,138.6199951171875,138.58999633789062,138.58999633789062,12590.0
2026-08-05 13:50:00,PESI,,17.875,17.875,17.875,17.875,560.0
2026-08-05 13:50:00,PFG,,114.29000091552734,114.29000091552734,114.29000091552734,114.29000091552734,886.0
2026-08-05 13:50:00,PGEN,,6.724999904632568,6.739999771118164,6.71999979019165,6.730000019073486,14401.0
2026-08-05 13:50:00,PGY,,21.875,21.8799991607666,21.84000015258789,21.84000015258789,1825.0
2026-08-05 13:50:00,PHAT,,8.470000267028809,8.470000267028809,8.460000038146973,8.460000038146973,1639.0
2026-08-05 13:50:00,PKBK,,34.274898529052734,34.274898529052734,34.274898529052734,34.274898529052734,781.0
2026-08-05 13:50:00,PLAB,,32.11000061035156,32.119998931884766,32.11000061035156,32.119998931884766,389.0
2026-08-05 13:50:00,PLBC,,61.32500076293945,61.32500076293945,61.32500076293945,61.32500076293945,3181.0
2026-08-05 13:50:00,PLSE,,37.43000030517578,37.45000076293945,37.28499984741211,37.28499984741211,3971.0
2026-08-05 13:50:00,PLTK,,3.884999990463257,3.890000104904175,3.884999990463257,3.890000104904175,3430.0
2026-08-05 13:50:00,PLUG,,2.0850000381469727,2.0899999141693115,2.0722999572753906,2.0725998878479004,252887.0
2026-08-05 13:50:00,PNBK,,1.1399999856948853,1.1399999856948853,1.1399999856948853,1.1399999856948853,445.0
2026-08-05 13:50:00,PNFP,,107.79499816894531,107.79499816894531,107.79499816894531,107.79499816894531,711.0
2026-08-05 13:50:00,PNTG,,38.97999954223633,38.97999954223633,38.95000076293945,38.970001220703125,6190.0
2026-08-05 13:50:00,POCI,,4.269999980926514,4.28000020980835,4.269999980926514,4.28000020980835,1054.0
2026-08-05 13:50:00,POET,,8.348099708557129,8.359999656677246,8.340100288391113,8.345000267028809,29386.0
2026-08-05 13:50:00,POWL,,212.30999755859375,212.30999755859375,212.30999755859375,212.30999755859375,528.0
2026-08-05 13:50:00,PPC,,26.420000076293945,26.420000076293945,26.420000076293945,26.420000076293945,661.0
2026-08-05 13:50:00,PPTA,,22.510000228881836,22.514999389648438,22.510000228881836,22.514999389648438,873.0
2026-08-05 13:50:00,PRAX,,318.57501220703125,318.57501220703125,318.57501220703125,318.57501220703125,336.0
2026-08-05 13:50:00,PRCT,,18.6299991607666,18.690000534057617,18.6299991607666,18.670000076293945,8024.0
2026-08-05 13:50:00,PRE,,18.5,18.510000228881836,18.5,18.510000228881836,1143.0
2026-08-05 13:50:00,PRIM,,84.9000015258789,84.91000366210938,84.86000061035156,84.87000274658203,3944.0
2026-08-05 13:50:00,PRME,,3.075000047683716,3.075000047683716,3.075000047683716,3.075000047683716,443.0
2026-08-05 13:50:00,PROK,,1.6449999809265137,1.6449999809265137,1.6449999809265137,1.6449999809265137,131.0
2026-08-05 13:50:00,PRVA,,24.204999923706055,24.204999923706055,24.200000762939453,24.200000762939453,1535.0
2026-08-05 13:50:00,PSEC,,2.190000057220459,2.190000057220459,2.184999942779541,2.190000057220459,893.0
2026-08-05 13:50:00,PSNL,,13.59000015258789,13.59000015258789,13.59000015258789,13.59000015258789,514.0
2026-08-05 13:50:00,PTEN,,9.760000228881836,9.760000228881836,9.734999656677246,9.734999656677246,24858.0
2026-08-05 13:50:00,PTGX,,137.0050048828125,137.0050048828125,137.0050048828125,137.0050048828125,676.0
2026-08-05 13:50:00,PTLO,,4.630000114440918,4.635000228881836,4.630000114440918,4.635000228881836,7205.0
2026-08-05 13:50:00,PTON,,6.5,6.505000114440918,6.5,6.505000114440918,7680.0
2026-08-05 13:50:00,PUBM,,13.430000305175781,13.430000305175781,13.430000305175781,13.430000305175781,297.0
2026-08-05 13:50:00,PYPD,,4.627200126647949,4.627200126647949,4.625,4.625,390.0
2026-08-05 13:50:00,PYPL,,58.33000183105469,58.3650016784668,58.33000183105469,58.334999084472656,15167.0
2026-08-05 13:50:00,PYXS,,3.1700000762939453,3.1700000762939453,3.1700000762939453,3.1700000762939453,312.0
2026-08-05 13:50:00,PZZA,,30.06999969482422,30.07990074157715,30.059999465942383,30.059999465942383,3980.0
2026-08-05 13:50:00,QCOM,,158.10499572753906,158.16000366210938,158.0399932861328,158.0800018310547,7477.0
2026-08-05 13:50:00,QFIN,,13.194999694824219,13.194999694824219,13.194999694824219,13.194999694824219,224.0
2026-08-05 13:50:00,QQQX,,30.3612003326416,30.3612003326416,30.3612003326416,30.3612003326416,517.0
2026-08-05 13:50:00,QRVO,,94.75,94.7699966430664,94.75,94.7699966430664,1823.0
2026-08-05 13:50:00,SEED,,1.0199999809265137,1.0199999809265137,1.0199999809265137,1.0199999809265137,600.0
2026-08-05 13:50:00,STIM,,2.2750000953674316,2.2850000858306885,2.2750000953674316,2.2850000858306885,4127.0
2026-08-05 13:50:00,TARA,,4.034999847412109,4.039999961853027,4.034999847412109,4.039999961853027,559.0
2026-08-05 13:51:00,ACDC,,4.440000057220459,4.445000171661377,4.429999828338623,4.429999828338623,4378.0
2026-08-05 13:51:00,DTIL,,7.514999866485596,7.514999866485596,7.514999866485596,7.514999866485596,505.0
2026-08-05 13:51:00,EYE,,23.145000457763672,23.145000457763672,23.1299991607666,23.1299991607666,4834.0
2026-08-05 13:51:00,GLUE,,15.585000038146973,15.585000038146973,15.5649995803833,15.569999694824219,3943.0
2026-08-05 13:51:00,KITT,,1.024999976158142,1.024999976158142,1.024999976158142,1.024999976158142,101.0
2026-08-05 13:51:00,MBIO,,0.5999000072479248,0.5999000072479248,0.5999000072479248,0.5999000072479248,264.0
2026-08-05 13:51:00,MBRX,,0.4016000032424927,0.4099000096321106,0.4016000032424927,0.4016000032424927,388.0
2026-08-05 13:51:00,MDB,,375.9700012207031,375.9700012207031,375.70001220703125,375.70001220703125,458.0
2026-08-05 13:51:00,MDLZ,,62.625,62.63750076293945,62.61000061035156,62.625,12316.0
2026-08-05 13:51:00,MLTX,,17.75,17.75,17.75,17.75,460.0
2026-08-05 13:51:00,MNPR,,119.72000122070312,119.72000122070312,119.41000366210938,119.41000366210938,1439.0
2026-08-05 13:51:00,MNRO,,13.180000305175781,13.180000305175781,13.180000305175781,13.180000305175781,724.0
2026-08-05 13:51:00,MNST,,94.7699966430664,94.79000091552734,94.76000213623047,94.7750015258789,8969.0
2026-08-05 13:51:00,MORN,,197.5,197.5,197.5,197.5,522.0
2026-08-05 13:51:00,MPWR,,1343.0899658203125,1343.0899658203125,1340.760009765625,1340.760009765625,1326.0
2026-08-05 13:51:00,MRNA,,56.84000015258789,56.880001068115234,56.790000915527344,56.79999923706055,3459.0
2026-08-05 13:51:00,MYGN,,3.1549999713897705,3.1549999713897705,3.1549999713897705,3.1549999713897705,2661.0
2026-08-05 13:51:00,MYRG,,340.8599853515625,340.8599853515625,340.8599853515625,340.8599853515625,336.0
2026-08-05 13:51:00,NAMS,,27.80500030517578,27.84000015258789,27.80500030517578,27.84000015258789,533.0
2026-08-05 13:51:00,NAUT,,0.940500020980835,0.940500020980835,0.940500020980835,0.940500020980835,1642.0
2026-08-05 13:51:00,NAVI,,9.170000076293945,9.175000190734863,9.170000076293945,9.175000190734863,905.0
2026-08-05 13:51:00,NB,,5.105000019073486,5.105000019073486,5.099999904632568,5.099999904632568,2204.0
2026-08-05 13:51:00,NBIX,,163.01499938964844,163.0850067138672,162.92999267578125,163.02000427246094,2284.0
2026-08-05 13:51:00,NBTB,,53.34000015258789,53.349998474121094,53.33000183105469,53.349998474121094,1451.0
2026-08-05 13:51:00,NCMI,,4.135000228881836,4.135000228881836,4.135000228881836,4.135000228881836,104.0
2026-08-05 13:51:00,NDAQ,,95.05500030517578,95.05500030517578,95.02999877929688,95.02999877929688,1479.0
2026-08-05 13:51:00,NEO,,16.030000686645508,16.040000915527344,16.020000457763672,16.020000457763672,1647.0
2026-08-05 13:51:00,NEOG,,11.617500305175781,11.619999885559082,11.600000381469727,11.600000381469727,7682.0
2026-08-05 13:51:00,NEOV,,2.8499999046325684,2.8499999046325684,2.8450000286102295,2.8450000286102295,4231.0
2026-08-05 13:51:00,NESR,,28.780000686645508,28.780000686645508,28.760000228881836,28.760000228881836,2069.0
2026-08-05 13:51:00,NEWT,,15.149999618530273,15.149999618530273,15.149999618530273,15.149999618530273,307.0
2026-08-05 13:51:00,NEXT,,6.440000057220459,6.440000057220459,6.434999942779541,6.434999942779541,2694.0
2026-08-05 13:51:00,NFE,,0.33899998664855957,0.33899998664855957,0.33899998664855957,0.33899998664855957,783.0
2026-08-05 13:51:00,NFLX,,73.59500122070312,73.5999984741211,73.57499694824219,73.58499908447266,31815.0
2026-08-05 13:51:00,NGNE,,35.4900016784668,35.4900016784668,35.4900016784668,35.4900016784668,113.0
2026-08-05 13:51:00,NKTX,,2.2249999046325684,2.2249999046325684,2.2200000286102295,2.2200000286102295,3653.0
2026-08-05 13:51:00,NMIH,,44.529998779296875,44.529998779296875,44.529998779296875,44.529998779296875,983.0
2026-08-05 13:51:00,NMRK,,15.755000114440918,15.755000114440918,15.755000114440918,15.755000114440918,490.0
2026-08-05 13:51:00,NN,,14.414999961853027,14.425000190734863,14.40999984741211,14.40999984741211,6931.0
2026-08-05 13:51:00,NNBR,,3.859999895095825,3.865000009536743,3.859999895095825,3.859999895095825,606.0
2026-08-05 13:51:00,NNDM,,1.5449999570846558,1.5449999570846558,1.5399999618530273,1.5399999618530273,1500.0
2026-08-05 13:51:00,NOVT,,156.61000061035156,156.61000061035156,156.61000061035156,156.61000061035156,670.0
2026-08-05 13:51:00,NPCE,,13.600000381469727,13.600000381469727,13.5649995803833,13.5649995803833,11642.0
2026-08-05 13:51:00,NRDS,,9.145000457763672,9.145000457763672,9.145000457763672,9.145000457763672,2681.0
2026-08-05 13:51:00,NRIM,,27.049999237060547,27.049999237060547,27.049999237060547,27.049999237060547,306.0
2026-08-05 13:51:00,NRIX,,25.174999237060547,25.174999237060547,25.174999237060547,25.174999237060547,1138.0
2026-08-05 13:51:00,NRXP,,3.0950000286102295,3.0950000286102295,3.0950000286102295,3.0950000286102295,1215.0
2026-08-05 13:51:00,NTAP,,190.13499450683594,190.1999969482422,190.01499938964844,190.02000427246094,38340.0
2026-08-05 13:51:00,NTCT,,41.959999084472656,41.959999084472656,41.959999084472656,41.959999084472656,271.0
2026-08-05 13:51:00,NTES,,127.66500091552734,127.69000244140625,127.66500091552734,127.69000244140625,2119.0
2026-08-05 13:51:00,NTGR,,24.3700008392334,24.3700008392334,24.3700008392334,24.3700008392334,941.0
2026-08-05 13:51:00,NTNX,,61.060001373291016,61.060001373291016,61.01499938964844,61.01499938964844,4404.0
2026-08-05 13:51:00,NTRS,,184.4499969482422,184.4499969482422,184.4499969482422,184.4499969482422,688.0
2026-08-05 13:51:00,NUWE,,1.690000057220459,1.7000000476837158,1.690000057220459,1.7000000476837158,3744.0
2026-08-05 13:51:00,NVCR,,16.100000381469727,16.100000381469727,16.09000015258789,16.09000015258789,1285.0
2026-08-05 13:51:00,NVDA,,221.1699981689453,221.22000122070312,221.0500030517578,221.07000732421875,110582.0
2026-08-05 13:51:00,NVMI,,409.4200134277344,409.4200134277344,409.4200134277344,409.4200134277344,471.0
2026-08-05 13:51:00,NVTS,,12.481399536132812,12.484999656677246,12.454999923706055,12.460000038146973,9136.0
2026-08-05 13:51:00,NWGL,,0.27149999141693115,0.27149999141693115,0.27149999141693115,0.27149999141693115,377.0
2026-08-05 13:51:00,NWL,,6.284999847412109,6.289999961853027,6.28000020980835,6.284999847412109,5171.0
2026-08-05 13:51:00,NWPX,,128.40499877929688,128.40499877929688,127.87570190429688,127.87570190429688,1558.0
2026-08-05 13:51:00,NWS,,32.33000183105469,32.34000015258789,32.31999969482422,32.31999969482422,3934.0
2026-08-05 13:51:00,NWSA,,28.30500030517578,28.30500030517578,28.28499984741211,28.28499984741211,6511.0
2026-08-05 13:51:00,NXPI,,231.81500244140625,231.8300018310547,231.74000549316406,231.74000549316406,2900.0
2026-08-05 13:51:00,NXT,,98.58000183105469,98.58000183105469,98.58000183105469,98.58000183105469,1305.0
2026-08-05 13:51:00,OABI,,2.0601000785827637,2.0601000785827637,2.0601000785827637,2.0601000785827637,433.0
2026-08-05 13:51:00,OBIO,,4.21999979019165,4.21999979019165,4.21999979019165,4.21999979019165,136.0
2026-08-05 13:51:00,OCFC,,19.940000534057617,19.940000534057617,19.934999465942383,19.934999465942383,5975.0
2026-08-05 13:51:00,OCGN,,1.2949999570846558,1.2999999523162842,1.2949999570846558,1.2999999523162842,4635.0
2026-08-05 13:51:00,OCUL,,8.625,8.625,8.619999885559082,8.625,1799.0
2026-08-05 13:51:00,ODD,,15.390000343322754,15.390000343322754,15.329999923706055,15.345000267028809,3964.0
2026-08-05 13:51:00,ODFL,,213.82000732421875,213.82000732421875,213.82000732421875,213.82000732421875,1251.0
2026-08-05 13:51:00,OKTA,,148.2100067138672,148.22999572753906,148.1999969482422,148.22000122070312,3392.0
2026-08-05 13:51:00,OLLI,,78.16500091552734,78.16500091552734,78.16500091552734,78.16500091552734,620.0
2026-08-05 13:51:00,OLMA,,11.604999542236328,11.604999542236328,11.604999542236328,11.604999542236328,697.0
2026-08-05 13:51:00,OM,,5.039999961853027,5.039999961853027,5.039999961853027,5.039999961853027,337.0
2026-08-05 13:51:00,OMCL,,37.415000915527344,37.415000915527344,37.415000915527344,37.415000915527344,825.0
2026-08-05 13:51:00,OMER,,12.8100004196167,12.829999923706055,12.8100004196167,12.829999923706055,1163.0
2026-08-05 13:51:00,OMH,,0.1145000010728836,0.1145000010728836,0.1145000010728836,0.1145000010728836,97.0
2026-08-05 13:51:00,ON,,78.03500366210938,78.08000183105469,77.9801025390625,78.0,12293.0
2026-08-05 13:51:00,ONB,,27.059999465942383,27.059999465942383,27.059999465942383,27.059999465942383,2369.0
2026-08-05 13:51:00,ONDS,,8.944999694824219,8.949999809265137,8.924300193786621,8.925000190734863,315478.0
2026-08-05 13:51:00,ONFO,,0.07410000264644623,0.07419999688863754,0.07400000095367432,0.07400000095367432,18806.0
2026-08-05 13:51:00,OPBK,,15.875,15.875,15.850000381469727,15.850000381469727,1698.0
2026-08-05 13:51:00,OPCH,,23.4950008392334,23.5049991607666,23.4950008392334,23.5049991607666,1178.0
2026-08-05 13:51:00,OPEN,,3.8350000381469727,3.8399999141693115,3.819999933242798,3.8299999237060547,190325.0
2026-08-05 13:51:00,OPHC,,8.630000114440918,8.630000114440918,8.630000114440918,8.630000114440918,2039.0
2026-08-05 13:51:00,OPK,,1.315000057220459,1.315000057220459,1.315000057220459,1.315000057220459,2017.0
2026-08-05 13:51:00,OPRT,,6.184999942779541,6.184999942779541,6.184999942779541,6.184999942779541,379.0
2026-08-05 13:51:00,ORGO,,2.3350000381469727,2.3350000381469727,2.3350000381469727,2.3350000381469727,797.0
2026-08-05 13:51:00,ORIC,,13.010000228881836,13.029999732971191,13.010000228881836,13.024999618530273,2164.0
2026-08-05 13:51:00,ORLY,,93.33499908447266,93.37000274658203,93.32890319824219,93.37000274658203,2596.0
2026-08-05 13:51:00,OSS,,14.100000381469727,14.100000381469727,14.100000381469727,14.100000381469727,858.0
2026-08-05 13:51:00,OSUR,,4.125,4.125,4.125,4.125,587.0
2026-08-05 13:51:00,OSW,,26.524999618530273,26.524999618530273,26.524999618530273,26.524999618530273,432.0
2026-08-05 13:51:00,OTEX,,25.934999465942383,25.940000534057617,25.934999465942383,25.934999465942383,1713.0
2026-08-05 13:51:00,OTLK,,1.0299999713897705,1.0299999713897705,1.024999976158142,1.024999976158142,3252.0
2026-08-05 13:51:00,OTTR,,92.29499816894531,92.29499816894531,92.18000030517578,92.18000030517578,909.0
2026-08-05 13:51:00,OVID,,2.609999895095825,2.609999895095825,2.6050000190734863,2.6050000190734863,1439.0
2026-08-05 13:51:00,OXLC,,9.164999961853027,9.164999961853027,9.164999961853027,9.164999961853027,322.0
2026-08-05 13:51:00,OXSQ,,1.5049999952316284,1.5099999904632568,1.5049999952316284,1.5099999904632568,2557.0
2026-08-05 13:51:00,PAA,,23.1200008392334,23.125,23.1200008392334,23.1200008392334,4254.0
2026-08-05 13:51:00,PAAS,,48.290000915527344,48.290000915527344,48.2599983215332,48.26499938964844,2948.0
2026-08-05 13:51:00,PACB,,1.3450000286102295,1.350000023841858,1.340000033378601,1.350000023841858,14062.0
2026-08-05 13:51:00,PAHC,,35.625,35.625,35.619998931884766,35.619998931884766,2007.0
2026-08-05 13:51:00,PALI,,2.130000114440918,2.130000114440918,2.130000114440918,2.130000114440918,652.0
2026-08-05 13:51:00,PANW,,365.7262878417969,365.9700012207031,365.7262878417969,365.864990234375,5446.0
2026-08-05 13:51:00,PAX,,11.430000305175781,11.430000305175781,11.430000305175781,11.430000305175781,524.0
2026-08-05 13:51:00,PAYO,,7.125,7.125,7.119999885559082,7.119999885559082,1108.0
2026-08-05 13:51:00,PAYS,,9.180000305175781,9.180000305175781,9.180000305175781,9.180000305175781,1322.0
2026-08-05 13:51:00,PAYX,,117.79000091552734,117.83000183105469,117.73999786376953,117.81999969482422,6323.0
2026-08-05 13:51:00,PCAR,,134.44000244140625,134.4600067138672,134.41000366210938,134.41000366210938,2736.0
2026-08-05 13:51:00,PCT,,6.909999847412109,6.909999847412109,6.90500020980835,6.90500020980835,2327.0
2026-08-05 13:51:00,PDD,,90.93000030517578,90.93000030517578,90.88999938964844,90.88999938964844,10378.0
2026-08-05 13:51:00,PDEX,,67.6500015258789,67.6500015258789,67.58000183105469,67.58000183105469,1136.0
2026-08-05 13:51:00,PEBK,,43.33000183105469,43.33000183105469,43.33000183105469,43.33000183105469,155.0
2026-08-05 13:51:00,PECO,,41.2400016784668,41.2400016784668,41.2400016784668,41.2400016784668,1762.0
2026-08-05 13:51:00,PEGA,,31.889999389648438,31.899999618530273,31.889999389648438,31.899999618530273,338.0
2026-08-05 13:51:00,PENN,,19.790000915527344,19.790000915527344,19.780000686645508,19.780000686645508,4108.0
2026-08-05 13:51:00,PEP,,138.625,138.63499450683594,138.61000061035156,138.6300048828125,3665.0
2026-08-05 13:51:00,PFBC,,106.66999816894531,106.66999816894531,106.66999816894531,106.66999816894531,670.0
2026-08-05 13:51:00,PFG,,114.23999786376953,114.29000091552734,114.23999786376953,114.29000091552734,1470.0
2026-08-05 13:51:00,PGEN,,6.724999904632568,6.730000019073486,6.71999979019165,6.724999904632568,11525.0
2026-08-05 13:51:00,PGY,,21.931800842285156,21.931800842285156,21.875,21.875,11691.0
2026-08-05 13:51:00,PHAT,,8.460599899291992,8.460599899291992,8.460000038146973,8.460000038146973,611.0
2026-08-05 13:51:00,PLAB,,32.22999954223633,32.22999954223633,32.130001068115234,32.130001068115234,3311.0
2026-08-05 13:51:00,PLBY,,1.1549999713897705,1.1549999713897705,1.1549999713897705,1.1549999713897705,351.0
2026-08-05 13:51:00,PLUG,,2.0850000381469727,2.0899999141693115,2.0799999237060547,2.0799999237060547,12012.0
2026-08-05 13:51:00,PNFP,,107.94000244140625,107.94000244140625,107.80500030517578,107.80999755859375,3392.0
2026-08-05 13:51:00,POET,,8.35770034790039,8.359999656677246,8.350000381469727,8.350000381469727,5237.0
2026-08-05 13:51:00,POOL,,206.1300048828125,206.25,206.1300048828125,206.25,1482.0
2026-08-05 13:51:00,POWI,,62.099998474121094,62.11000061035156,62.099998474121094,62.099998474121094,709.0
2026-08-05 13:51:00,PPC,,26.424999237060547,26.424999237060547,26.424999237060547,26.424999237060547,375.0
2026-08-05 13:51:00,PPTA,,22.5,22.5,22.479999542236328,22.489999771118164,1886.0
2026-08-05 13:51:00,PRCH,,15.869999885559082,15.869999885559082,15.869999885559082,15.869999885559082,536.0
2026-08-05 13:51:00,PRCT,,18.670000076293945,18.68000030517578,18.6299991607666,18.655000686645508,2364.0
2026-08-05 13:51:00,PRIM,,84.91999816894531,84.91999816894531,84.9000015258789,84.9000015258789,578.0
2026-08-05 13:51:00,PRME,,3.0850000381469727,3.0850000381469727,3.069999933242798,3.069999933242798,15319.0
2026-08-05 13:51:00,PROK,,1.6449999809265137,1.6449999809265137,1.6449999809265137,1.6449999809265137,759.0
2026-08-05 13:51:00,PRQR,,1.9149999618530273,1.9149999618530273,1.9149999618530273,1.9149999618530273,522.0
2026-08-05 13:51:00,PRTH,,6.605000019073486,6.605000019073486,6.605000019073486,6.605000019073486,587.0
2026-08-05 13:51:00,PRVA,,24.209999084472656,24.209999084472656,24.209999084472656,24.209999084472656,762.0
2026-08-05 13:51:00,PSEC,,2.184999942779541,2.184999942779541,2.184999942779541,2.184999942779541,1081.0
2026-08-05 13:51:00,PSNL,,13.609999656677246,13.609999656677246,13.609999656677246,13.609999656677246,2074.0
2026-08-05 13:51:00,PTEN,,9.789999961853027,9.795000076293945,9.765000343322754,9.765000343322754,57150.0
2026-08-05 13:51:00,PTLO,,4.635000228881836,4.635000228881836,4.635000228881836,4.635000228881836,2186.0
2026-08-05 13:51:00,PTON,,6.514999866485596,6.514999866485596,6.509900093078613,6.509900093078613,17435.0
2026-08-05 13:51:00,PUBM,,13.4399995803833,13.4399995803833,13.4399995803833,13.4399995803833,1008.0
2026-08-05 13:51:00,PYPL,,58.34000015258789,58.34000015258789,58.31999969482422,58.34000015258789,10338.0
2026-08-05 13:51:00,PYXS,,3.1700000762939453,3.1700000762939453,3.1700000762939453,3.1700000762939453,296.0
2026-08-05 13:51:00,PZZA,,30.1200008392334,30.1200008392334,30.079999923706055,30.079999923706055,8474.0
2026-08-05 13:51:00,QCOM,,158.17999267578125,158.19000244140625,158.0850067138672,158.0850067138672,7558.0
2026-08-05 13:51:00,QFIN,,13.199999809265137,13.199999809265137,13.199999809265137,13.199999809265137,1906.0
2026-08-05 13:51:00,QRVO,,94.7699966430664,94.7699966430664,94.72000122070312,94.72000122070312,1262.0
2026-08-05 13:51:00,SEED,,1.0199999809265137,1.0199999809265137,1.0149999856948853,1.0149999856948853,300.0
2026-08-05 13:51:00,TARA,,4.039999961853027,4.039999961853027,4.03000020980835,4.03000020980835,575.0
2026-08-05 13:51:00,WOOF,,2.9649999141693115,2.9649999141693115,2.950000047683716,2.950000047683716,10182.0
2026-08-05 13:52:00,ACDC,,4.445000171661377,4.445000171661377,4.440000057220459,4.440000057220459,8300.0
2026-08-05 13:52:00,CNXN,,85.61000061035156,85.66000366210938,85.55000305175781,85.56999969482422,2623.0
2026-08-05 13:52:00,EYE,,23.155000686645508,23.15999984741211,23.139999389648438,23.145000457763672,3483.0
2026-08-05 13:52:00,MBRX,,0.4007999897003174,0.4016000032424927,0.4007999897003174,0.4016000032424927,928.0
2026-08-05 13:52:00,MDB,,375.6300048828125,375.68499755859375,375.3900146484375,375.68499755859375,1066.0
2026-08-05 13:52:00,MDLZ,,62.625,62.64500045776367,62.6150016784668,62.630001068115234,15090.0
2026-08-05 13:52:00,MNRO,,13.180000305175781,13.180000305175781,13.180000305175781,13.180000305175781,1220.0
2026-08-05 13:52:00,MNST,,94.76000213623047,94.77999877929688,94.76000213623047,94.77999877929688,3706.0
2026-08-05 13:52:00,MNTS,,4.295000076293945,4.295000076293945,4.295000076293945,4.295000076293945,111.0
2026-08-05 13:52:00,MOVE,,12.270000457763672,12.270000457763672,12.270000457763672,12.270000457763672,625.0
2026-08-05 13:52:00,MPWR,,1342.675048828125,1343.0899658203125,1342.4100341796875,1343.02001953125,596.0
2026-08-05 13:52:00,MRNA,,56.81999969482422,56.83000183105469,56.81999969482422,56.83000183105469,390.0
2026-08-05 13:52:00,MYGN,,3.1549999713897705,3.1549999713897705,3.1549999713897705,3.1549999713897705,4255.0
2026-08-05 13:52:00,MYPS,,0.7337999939918518,0.7337999939918518,0.7337999939918518,0.7337999939918518,569.0
2026-08-05 13:52:00,MYRG,,340.6424865722656,340.6424865722656,340.4800109863281,340.4800109863281,657.0
2026-08-05 13:52:00,NAMS,,27.84000015258789,27.844999313354492,27.790000915527344,27.84000015258789,2710.0
2026-08-05 13:52:00,NATR,,20.049999237060547,20.05500030517578,20.020000457763672,20.020000457763672,2699.0
2026-08-05 13:52:00,NAUT,,0.9409000277519226,0.9409000277519226,0.9398999810218811,0.9398999810218811,2801.0
2026-08-05 13:52:00,NAVI,,9.164999961853027,9.170000076293945,9.164999961853027,9.170000076293945,1645.0
2026-08-05 13:52:00,NB,,5.10099983215332,5.10099983215332,5.10099983215332,5.10099983215332,1068.0
2026-08-05 13:52:00,NBIX,,162.94500732421875,162.96229553222656,162.93499755859375,162.93499755859375,898.0
2026-08-05 13:52:00,NCMI,,4.130000114440918,4.130000114440918,4.130000114440918,4.130000114440918,308.0
2026-08-05 13:52:00,NDAQ,,95.08000183105469,95.08000183105469,95.08000183105469,95.08000183105469,671.0
2026-08-05 13:52:00,NDSN,,310.57000732421875,310.57000732421875,310.57000732421875,310.57000732421875,264.0
2026-08-05 13:52:00,NEGG,,16.739999771118164,16.739999771118164,16.739999771118164,16.739999771118164,312.0
2026-08-05 13:52:00,NEO,,16.024999618530273,16.030000686645508,16.020000457763672,16.030000686645508,2329.0
2026-08-05 13:52:00,NEOG,,11.604999542236328,11.614999771118164,11.604999542236328,11.614999771118164,3527.0
2026-08-05 13:52:00,NEON,,0.9427000284194946,0.9427000284194946,0.9427000284194946,0.9427000284194946,101.0
2026-08-05 13:52:00,NEWT,,15.145000457763672,15.145000457763672,15.145000457763672,15.145000457763672,641.0
2026-08-05 13:52:00,NFLX,,73.58940124511719,73.6050033569336,73.58499908447266,73.59500122070312,24414.0
2026-08-05 13:52:00,NGNE,,35.599998474121094,35.599998474121094,35.4900016784668,35.4900016784668,389.0
2026-08-05 13:52:00,NICE,,99.18000030517578,99.18000030517578,99.18000030517578,99.18000030517578,804.0
2026-08-05 13:52:00,NIU,,2.4649999141693115,2.4649999141693115,2.4649999141693115,2.4649999141693115,971.0
2026-08-05 13:52:00,NKSH,,41.40999984741211,41.40999984741211,41.40999984741211,41.40999984741211,371.0
2026-08-05 13:52:00,NKTX,,2.2249999046325684,2.2249999046325684,2.2249999046325684,2.2249999046325684,1200.0
2026-08-05 13:52:00,NMFC,,7.355000019073486,7.355000019073486,7.355000019073486,7.355000019073486,502.0
2026-08-05 13:52:00,NMRK,,15.770000457763672,15.770000457763672,15.760000228881836,15.760000228881836,1765.0
2026-08-05 13:52:00,NN,,14.420000076293945,14.425000190734863,14.420000076293945,14.425000190734863,829.0
2026-08-05 13:52:00,NNBR,,3.8550000190734863,3.859999895095825,3.8499999046325684,3.859999895095825,3342.0
2026-08-05 13:52:00,NNDM,,1.5449999570846558,1.5449999570846558,1.5449999570846558,1.5449999570846558,954.0
2026-08-05 13:52:00,NOVT,,155.9949951171875,156.4199981689453,155.9949951171875,156.4199981689453,2207.0
2026-08-05 13:52:00,NPCE,,13.710000038146973,13.710000038146973,13.59000015258789,13.59000015258789,5164.0
2026-08-05 13:52:00,NRDS,,9.145000457763672,9.145000457763672,9.145000457763672,9.145000457763672,2593.0
2026-08-05 13:52:00,NRIX,,25.15999984741211,25.174999237060547,25.1299991607666,25.174999237060547,4223.0
2026-08-05 13:52:00,NRXP,,3.109999895095825,3.109999895095825,3.109999895095825,3.109999895095825,300.0
2026-08-05 13:52:00,NSSC,,40.40999984741211,40.40999984741211,40.40999984741211,40.40999984741211,322.0
2026-08-05 13:52:00,NTAP,,190.1199951171875,190.1750030517578,190.1199951171875,190.14999389648438,4442.0
2026-08-05 13:52:00,NTNX,,61.04999923706055,61.0620002746582,61.040000915527344,61.060001373291016,4422.0
2026-08-05 13:52:00,NTRA,,273.9599914550781,273.9599914550781,273.92999267578125,273.92999267578125,1262.0
2026-08-05 13:52:00,NVAX,,7.635000228881836,7.63700008392334,7.635000228881836,7.635000228881836,761.0
2026-08-05 13:52:00,NVCR,,16.09000015258789,16.100000381469727,16.09000015258789,16.100000381469727,1633.0
2026-08-05 13:52:00,NVDA,,221.13999938964844,221.1699981689453,221.07000732421875,221.16990661621094,134240.0
2026-08-05 13:52:00,NVEC,,131.7899932861328,131.7899932861328,131.7899932861328,131.7899932861328,194.0
2026-08-05 13:52:00,NVMI,,409.5050048828125,409.5050048828125,409.5050048828125,409.5050048828125,132.0
2026-08-05 13:52:00,NVTS,,12.475000381469727,12.484999656677246,12.470000267028809,12.479999542236328,6565.0
2026-08-05 13:52:00,NWBI,,15.954999923706055,15.960000038146973,15.954999923706055,15.960000038146973,1375.0
2026-08-05 13:52:00,NWL,,6.284999847412109,6.295000076293945,6.284999847412109,6.289999961853027,20288.0
2026-08-05 13:52:00,NWSA,,28.309999465942383,28.309999465942383,28.30500030517578,28.30500030517578,3609.0
2026-08-05 13:52:00,NXGL,,0.3968999981880188,0.3968999981880188,0.3968999981880188,0.3968999981880188,0.0
2026-08-05 13:52:00,NXPI,,231.7100067138672,231.81500244140625,231.7100067138672,231.81500244140625,2147.0
2026-08-05 13:52:00,NXST,,191.88499450683594,191.88499450683594,191.88499450683594,191.88499450683594,595.0
2026-08-05 13:52:00,NXT,,98.58499908447266,98.58499908447266,98.58499908447266,98.58499908447266,1919.0
2026-08-05 13:52:00,OCGN,,1.2999999523162842,1.2999999523162842,1.2899999618530273,1.2949999570846558,4522.0
2026-08-05 13:52:00,OCSL,,12.114999771118164,12.114999771118164,12.114999771118164,12.114999771118164,1350.0
2026-08-05 13:52:00,OCUL,,8.619999885559082,8.619999885559082,8.619999885559082,8.619999885559082,1319.0
2026-08-05 13:52:00,ODFL,,213.9423065185547,213.9423065185547,213.9423065185547,213.9423065185547,1393.0
2026-08-05 13:52:00,OKTA,,148.05499267578125,148.16000366210938,148.05499267578125,148.16000366210938,1576.0
2026-08-05 13:52:00,OLLI,,78.2699966430664,78.2699966430664,78.19000244140625,78.22000122070312,4448.0
2026-08-05 13:52:00,OMH,,0.1145000010728836,0.11500000208616257,0.1145000010728836,0.11500000208616257,1830.0
2026-08-05 13:52:00,ON,,77.98999786376953,78.05000305175781,77.98999786376953,78.04000091552734,10427.0
2026-08-05 13:52:00,ONB,,27.065000534057617,27.065000534057617,27.065000534057617,27.065000534057617,1863.0
2026-08-05 13:52:00,ONCY,,0.7990000247955322,0.7990000247955322,0.7990000247955322,0.7990000247955322,220.0
2026-08-05 13:52:00,ONDS,,8.939900398254395,8.949999809265137,8.930000305175781,8.944999694824219,207595.0
2026-08-05 13:52:00,ONFO,,0.07329999655485153,0.07410000264644623,0.07329999655485153,0.07410000264644623,12414.0
2026-08-05 13:52:00,OPAL,,2.369999885559082,2.375,2.369999885559082,2.369999885559082,2806.0
2026-08-05 13:52:00,OPCH,,23.46500015258789,23.489999771118164,23.44499969482422,23.489999771118164,6785.0
2026-08-05 13:52:00,OPEN,,3.8299999237060547,3.8399999141693115,3.8299999237060547,3.8399999141693115,31713.0
2026-08-05 13:52:00,OPK,,1.315000057220459,1.315000057220459,1.315000057220459,1.315000057220459,1553.0
2026-08-05 13:52:00,OPRT,,6.184999942779541,6.184999942779541,6.184999942779541,6.184999942779541,447.0
2026-08-05 13:52:00,OPRX,,6.902500152587891,6.902500152587891,6.902500152587891,6.902500152587891,496.0
2026-08-05 13:52:00,ORGO,,2.3350000381469727,2.3350000381469727,2.3350000381469727,2.3350000381469727,468.0
2026-08-05 13:52:00,ORLY,,93.37999725341797,93.41000366210938,93.3499984741211,93.3499984741211,10132.0
2026-08-05 13:52:00,OSPN,,16.764999389648438,16.78499984741211,16.735000610351562,16.770000457763672,3162.0
2026-08-05 13:52:00,OSUR,,4.130000114440918,4.130000114440918,4.130000114440918,4.130000114440918,1986.0
2026-08-05 13:52:00,OTEX,,25.924999237060547,25.934999465942383,25.924999237060547,25.934999465942383,1696.0
2026-08-05 13:52:00,OTLK,,1.024999976158142,1.024999976158142,1.024999976158142,1.024999976158142,2743.0
2026-08-05 13:52:00,OVID,,2.609999895095825,2.609999895095825,2.6050000190734863,2.609999895095825,1937.0
2026-08-05 13:52:00,OXLC,,9.164999961853027,9.164999961853027,9.164999961853027,9.164999961853027,213.0
2026-08-05 13:52:00,OXSQ,,1.5,1.5099999904632568,1.5,1.5099999904632568,11609.0
2026-08-05 13:52:00,PAA,,23.125,23.125,23.125,23.125,2034.0
2026-08-05 13:52:00,PAAS,,48.25,48.290000915527344,48.25,48.28499984741211,8532.0
2026-08-05 13:52:00,PACB,,1.3450000286102295,1.350000023841858,1.3450000286102295,1.3450000286102295,1827.0
2026-08-05 13:52:00,PAGP,,25.104999542236328,25.104999542236328,25.100000381469727,25.100000381469727,1442.0
2026-08-05 13:52:00,PALI,,2.125499963760376,2.130000114440918,2.121299982070923,2.130000114440918,3901.0
2026-08-05 13:52:00,PANW,,365.68499755859375,365.8500061035156,365.6099853515625,365.8500061035156,19463.0
2026-08-05 13:52:00,PAYO,,7.125,7.125,7.125,7.125,1404.0
2026-08-05 13:52:00,PAYX,,117.73500061035156,117.79000091552734,117.73500061035156,117.79000091552734,2573.0
2026-08-05 13:52:00,PCAR,,134.4250030517578,134.4250030517578,134.4250030517578,134.4250030517578,467.0
2026-08-05 13:52:00,PCRX,,24.65999984741211,24.670000076293945,24.649999618530273,24.65999984741211,1908.0
2026-08-05 13:52:00,PCT,,6.914999961853027,6.914999961853027,6.90500020980835,6.90500020980835,19897.0
2026-08-05 13:52:00,PCTY,,145.49749755859375,145.82000732421875,145.4949951171875,145.82000732421875,3054.0
2026-08-05 13:52:00,PDD,,90.9000015258789,90.94000244140625,90.88999938964844,90.9374008178711,5232.0
2026-08-05 13:52:00,PDEX,,67.65499877929688,67.65499877929688,67.6500015258789,67.6500015258789,934.0
2026-08-05 13:52:00,PDFS,,50.27000045776367,50.27000045776367,50.150001525878906,50.150001525878906,1411.0
2026-08-05 13:52:00,PECO,,41.23500061035156,41.23500061035156,41.23500061035156,41.23500061035156,669.0
2026-08-05 13:52:00,PEGA,,31.8700008392334,31.889999389648438,31.8700008392334,31.889999389648438,2498.0
2026-08-05 13:52:00,PENN,,19.80500030517578,19.80500030517578,19.799999237060547,19.799999237060547,1597.0
2026-08-05 13:52:00,PEP,,138.6199951171875,138.6199951171875,138.6199951171875,138.6199951171875,1541.0
2026-08-05 13:52:00,PESI,,17.889999389648438,17.899999618530273,17.889999389648438,17.899999618530273,872.0
2026-08-05 13:52:00,PFG,,114.24500274658203,114.2699966430664,114.24500274658203,114.2699966430664,1114.0
2026-08-05 13:52:00,PGEN,,6.724999904632568,6.724999904632568,6.710000038146973,6.71999979019165,14388.0
2026-08-05 13:52:00,PGY,,21.915000915527344,21.920000076293945,21.90999984741211,21.920000076293945,6138.0
2026-08-05 13:52:00,PHAT,,8.460000038146973,8.460000038146973,8.460000038146973,8.460000038146973,878.0
2026-08-05 13:52:00,PLAB,,32.19499969482422,32.19499969482422,32.19499969482422,32.19499969482422,477.0
2026-08-05 13:52:00,PLMR,,134.51499938964844,134.51499938964844,134.51499938964844,134.51499938964844,831.0
2026-08-05 13:52:00,PLSE,,37.685001373291016,37.685001373291016,37.685001373291016,37.685001373291016,357.0
2026-08-05 13:52:00,PLUG,,2.0799999237060547,2.0899999141693115,2.0799999237060547,2.089900016784668,6967.0
2026-08-05 13:52:00,PNFP,,108.0,108.02999877929688,107.98999786376953,107.98999786376953,1146.0
2026-08-05 13:52:00,POCI,,4.279900074005127,4.28000020980835,4.279900074005127,4.28000020980835,2915.0
2026-08-05 13:52:00,POET,,8.350099563598633,8.354999542236328,8.350099563598633,8.354999542236328,391.0
2026-08-05 13:52:00,POWI,,62.150001525878906,62.165000915527344,62.150001525878906,62.165000915527344,1500.0
2026-08-05 13:52:00,PPC,,26.43829917907715,26.43829917907715,26.420000076293945,26.420000076293945,1587.0
2026-08-05 13:52:00,PPTA,,22.489999771118164,22.489999771118164,22.489999771118164,22.489999771118164,2182.0
2026-08-05 13:52:00,PRAX,,318.5799865722656,318.5799865722656,318.5799865722656,318.5799865722656,342.0
2026-08-05 13:52:00,PRCH,,15.859999656677246,15.859999656677246,15.850000381469727,15.850000381469727,1365.0
2026-08-05 13:52:00,PRCT,,18.649999618530273,18.690000534057617,18.649999618530273,18.68000030517578,3228.0
2026-08-05 13:52:00,PRDO,,32.81999969482422,32.82500076293945,32.81999969482422,32.82500076293945,583.0
2026-08-05 13:52:00,PRGS,,42.355098724365234,42.355098724365234,42.34000015258789,42.34000015258789,1694.0
2026-08-05 13:52:00,PRIM,,84.93000030517578,84.98999786376953,84.91000366210938,84.91000366210938,1384.0
2026-08-05 13:52:00,PRME,,3.089900016784668,3.089900016784668,3.089900016784668,3.089900016784668,428.0
2026-08-05 13:52:00,PRQR,,1.9149999618530273,1.9149999618530273,1.9149999618530273,1.9149999618530273,412.0
2026-08-05 13:52:00,PRTA,,8.510000228881836,8.510000228881836,8.510000228881836,8.510000228881836,431.0
2026-08-05 13:52:00,PRVA,,24.190000534057617,24.209999084472656,24.190000534057617,24.209999084472656,2321.0
2026-08-05 13:52:00,PSEC,,2.184999942779541,2.190000057220459,2.1800999641418457,2.1800999641418457,1518.0
2026-08-05 13:52:00,PSNL,,13.604999542236328,13.604999542236328,13.600000381469727,13.600000381469727,2014.0
2026-08-05 13:52:00,PSNY,,14.239999771118164,14.239999771118164,14.239999771118164,14.239999771118164,147.0
2026-08-05 13:52:00,PTC,,140.33999633789062,140.33999633789062,140.33999633789062,140.33999633789062,1572.0
2026-08-05 13:52:00,PTCT,,69.19999694824219,69.20999908447266,69.19999694824219,69.20999908447266,564.0
2026-08-05 13:52:00,PTEN,,9.795000076293945,9.795000076293945,9.789999961853027,9.795000076293945,4817.0
2026-08-05 13:52:00,PTLO,,4.635000228881836,4.635000228881836,4.635000228881836,4.635000228881836,759.0
2026-08-05 13:52:00,PTON,,6.519999980926514,6.519999980926514,6.519999980926514,6.519999980926514,5584.0
2026-08-05 13:52:00,PWP,,17.489999771118164,17.489999771118164,17.469999313354492,17.485000610351562,1730.0
2026-08-05 13:52:00,PYPL,,58.33000183105469,58.345001220703125,58.31999969482422,58.345001220703125,7389.0
2026-08-05 13:52:00,PZZA,,30.14189910888672,30.14189910888672,30.1200008392334,30.1299991607666,1508.0
2026-08-05 13:52:00,QCOM,,158.0500030517578,158.10000610351562,157.97999572753906,158.08999633789062,7740.0
2026-08-05 13:52:00,QRVO,,94.70010375976562,94.7699966430664,94.70010375976562,94.7699966430664,1710.0
2026-08-05 13:52:00,SEED,,1.0199999809265137,1.0199999809265137,1.0199999809265137,1.0199999809265137,820.0
2026-08-05 13:52:00,TARA,,4.039999961853027,4.039999961853027,4.039999961853027,4.039999961853027,154.0
2026-08-05 13:52:00,WOOF,,2.961199998855591,2.961199998855591,2.9600000381469727,2.9600000381469727,1946.0
2026-08-05 13:53:00,ACDC,,4.434999942779541,4.440000057220459,4.434999942779541,4.440000057220459,4180.0
2026-08-05 13:53:00,CNXN,,86.08000183105469,86.08000183105469,85.94499969482422,85.94499969482422,629.0
2026-08-05 13:53:00,DTIL,,7.5,7.5,7.5,7.5,1004.0
2026-08-05 13:53:00,EYE,,23.18000030517578,23.18000030517578,23.15999984741211,23.170000076293945,3159.0
2026-08-05 13:53:00,FRST,,16.43000030517578,16.43000030517578,16.43000030517578,16.43000030517578,494.0
2026-08-05 13:53:00,GLUE,,15.5600004196167,15.569999694824219,15.5600004196167,15.569999694824219,1521.0
2026-08-05 13:53:00,LUNG,,1.9950000047683716,1.9950000047683716,1.9950000047683716,1.9950000047683716,300.0
2026-08-05 13:53:00,MDB,,375.489990234375,375.6700134277344,375.2449951171875,375.6700134277344,2838.0
2026-08-05 13:53:00,MDLZ,,62.6349983215332,62.6349983215332,62.619998931884766,62.625,6649.0
2026-08-05 13:53:00,MLTX,,17.75589942932129,17.75589942932129,17.739999771118164,17.75,1085.0
2026-08-05 13:53:00,MNPR,,119.52999877929688,119.88500213623047,119.5199966430664,119.69999694824219,4994.0
2026-08-05 13:53:00,MNST,,94.7699966430664,94.7699966430664,94.76000213623047,94.76000213623047,3230.0
2026-08-05 13:53:00,MNTS,,4.295000076293945,4.295000076293945,4.295000076293945,4.295000076293945,712.0
2026-08-05 13:53:00,MPWR,,1342.280029296875,1342.8399658203125,1340.4599609375,1342.780029296875,1514.0
2026-08-05 13:53:00,MRNA,,56.76499938964844,56.79999923706055,56.7599983215332,56.790000915527344,2378.0
2026-08-05 13:53:00,MYGN,,3.1449999809265137,3.1500000953674316,3.1449999809265137,3.1500000953674316,4415.0
2026-08-05 13:53:00,NAMS,,27.600000381469727,27.780000686645508,27.600000381469727,27.780000686645508,19641.0
2026-08-05 13:53:00,NATR,,20.045000076293945,20.045000076293945,20.045000076293945,20.045000076293945,467.0
2026-08-05 13:53:00,NAUT,,0.9483000040054321,0.9483000040054321,0.9483000040054321,0.9483000040054321,350.0
2026-08-05 13:53:00,NAVI,,9.167200088500977,9.167200088500977,9.167200088500977,9.167200088500977,643.0
2026-08-05 13:53:00,NB,,5.085000038146973,5.10099983215332,5.085000038146973,5.099999904632568,12292.0
2026-08-05 13:53:00,NBIX,,162.91000366210938,162.9250030517578,162.91000366210938,162.9250030517578,1297.0
2026-08-05 13:53:00,NBTB,,53.34000015258789,53.34000015258789,53.34000015258789,53.34000015258789,742.0
2026-08-05 13:53:00,NDAQ,,95.01000213623047,95.04000091552734,95.01000213623047,95.04000091552734,629.0
2026-08-05 13:53:00,NEGG,,16.760000228881836,16.760000228881836,16.760000228881836,16.760000228881836,148.0
2026-08-05 13:53:00,NEO,,16.03499984741211,16.03499984741211,16.03499984741211,16.03499984741211,1640.0
2026-08-05 13:53:00,NEOG,,11.609999656677246,11.609999656677246,11.609999656677246,11.609999656677246,2458.0
2026-08-05 13:53:00,NESR,,28.75,28.75,28.75,28.75,760.0
2026-08-05 13:53:00,NEWT,,15.15999984741211,15.15999984741211,15.15999984741211,15.15999984741211,74.0
2026-08-05 13:53:00,NEXT,,6.445000171661377,6.445000171661377,6.440000057220459,6.440000057220459,476.0
2026-08-05 13:53:00,NFLX,,73.5999984741211,73.62000274658203,73.5801010131836,73.58499908447266,18598.0
2026-08-05 13:53:00,NICE,,99.12000274658203,99.12999725341797,99.12000274658203,99.12999725341797,390.0
2026-08-05 13:53:00,NKTR,,73.19000244140625,73.19000244140625,73.19000244140625,73.19000244140625,668.0
2026-08-05 13:53:00,NMRA,,1.6150000095367432,1.6150000095367432,1.6150000095367432,1.6150000095367432,1870.0
2026-08-05 13:53:00,NMRK,,15.770099639892578,15.770099639892578,15.770099639892578,15.770099639892578,1224.0
2026-08-05 13:53:00,NN,,14.399999618530273,14.40999984741211,14.395000457763672,14.399999618530273,3498.0
2026-08-05 13:53:00,NNDM,,1.5449999570846558,1.5449999570846558,1.5399999618530273,1.5449999570846558,628.0
2026-08-05 13:53:00,NPCE,,13.699999809265137,13.699999809265137,13.699999809265137,13.699999809265137,332.0
2026-08-05 13:53:00,NRC,,19.59000015258789,19.59000015258789,19.59000015258789,19.59000015258789,282.0
2026-08-05 13:53:00,NRDS,,9.145000457763672,9.154999732971191,9.145000457763672,9.14900016784668,4156.0
2026-08-05 13:53:00,NRIX,,25.079999923706055,25.1299991607666,25.079999923706055,25.1299991607666,1996.0
2026-08-05 13:53:00,NRSN,,0.5404000282287598,0.5529999732971191,0.5404000282287598,0.5529999732971191,523.0
2026-08-05 13:53:00,NRXP,,3.100100040435791,3.100100040435791,3.100100040435791,3.100100040435791,187.0
2026-08-05 13:53:00,NTAP,,190.01499938964844,190.1300048828125,189.89999389648438,190.1300048828125,12068.0
2026-08-05 13:53:00,NTCT,,41.90999984741211,42.0,41.90999984741211,41.96500015258789,2510.0
2026-08-05 13:53:00,NTES,,127.72000122070312,127.72000122070312,127.72000122070312,127.72000122070312,943.0
2026-08-05 13:53:00,NTGR,,24.329999923706055,24.329999923706055,24.329999923706055,24.329999923706055,1089.0
2026-08-05 13:53:00,NTNX,,61.04999923706055,61.060001373291016,61.04999923706055,61.04999923706055,2239.0
2026-08-05 13:53:00,NVAX,,7.630000114440918,7.638899803161621,7.630000114440918,7.638899803161621,2409.0
2026-08-05 13:53:00,NVCR,,16.079999923706055,16.094999313354492,16.079999923706055,16.094999313354492,2298.0
2026-08-05 13:53:00,NVDA,,220.99000549316406,221.14939880371094,220.88999938964844,220.99000549316406,101639603.0
2026-08-05 13:53:00,NVMI,,409.1499938964844,409.1499938964844,409.1499938964844,409.1499938964844,359.0
2026-08-05 13:53:00,NVTS,,12.460000038146973,12.475000381469727,12.454999923706055,12.470000267028809,8283.0
2026-08-05 13:53:00,NWBI,,15.954999923706055,15.954999923706055,15.954999923706055,15.954999923706055,116.0
2026-08-05 13:53:00,NWL,,6.289999961853027,6.295000076293945,6.284999847412109,6.284999847412109,5660.0
2026-08-05 13:53:00,NWS,,32.349998474121094,32.349998474121094,32.349998474121094,32.349998474121094,457.0
2026-08-05 13:53:00,NWSA,,28.309999465942383,28.309999465942383,28.30500030517578,28.30500030517578,3287.0
2026-08-05 13:53:00,NXPI,,231.78500366210938,231.78500366210938,231.76499938964844,231.76499938964844,2034.0
2026-08-05 13:53:00,NXT,,98.2300033569336,98.41000366210938,98.22000122070312,98.37000274658203,1515.0
2026-08-05 13:53:00,OCGN,,1.2999999523162842,1.2999999523162842,1.2899999618530273,1.2999999523162842,1357.0
2026-08-05 13:53:00,OCUL,,8.614999771118164,8.614999771118164,8.614999771118164,8.614999771118164,4006.0
2026-08-05 13:53:00,ODD,,15.460000038146973,15.460000038146973,15.460000038146973,15.460000038146973,529.0
2026-08-05 13:53:00,ODFL,,213.4499969482422,213.7100067138672,213.39999389648438,213.6999969482422,4922.0
2026-08-05 13:53:00,OESX,,14.789999961853027,14.789999961853027,14.789999961853027,14.789999961853027,145.0
2026-08-05 13:53:00,OFIX,,10.449999809265137,10.449999809265137,10.449999809265137,10.449999809265137,2900.0
2026-08-05 13:53:00,OKTA,,147.94000244140625,148.02000427246094,147.94000244140625,148.02000427246094,1504.0
2026-08-05 13:53:00,OLLI,,78.24009704589844,78.25499725341797,78.2249984741211,78.25499725341797,1161.0
2026-08-05 13:53:00,OLMA,,11.595000267028809,11.595000267028809,11.595000267028809,11.595000267028809,367.0
2026-08-05 13:53:00,OMCL,,37.415000915527344,37.415000915527344,37.415000915527344,37.415000915527344,308.0
2026-08-05 13:53:00,OMER,,12.800000190734863,12.819999694824219,12.800000190734863,12.819999694824219,653.0
2026-08-05 13:53:00,OMH,,0.11420000344514847,0.11500000208616257,0.11420000344514847,0.11500000208616257,52135.0
2026-08-05 13:53:00,ON,,78.0,78.0199966430664,77.94999694824219,78.0199966430664,9749.0
2026-08-05 13:53:00,ONB,,27.059999465942383,27.065000534057617,27.059999465942383,27.065000534057617,2006.0
2026-08-05 13:53:00,ONCY,,0.7954000234603882,0.7954000234603882,0.7954000234603882,0.7954000234603882,200.0
2026-08-05 13:53:00,ONDS,,8.944199562072754,8.944999694824219,8.930000305175781,8.939900398254395,204995.0
2026-08-05 13:53:00,ONEW,,12.595000267028809,12.600000381469727,12.595000267028809,12.600000381469727,513.0
2026-08-05 13:53:00,ONFO,,0.07329999655485153,0.07419999688863754,0.07329999655485153,0.07419999688863754,77939.0
2026-08-05 13:53:00,OPAL,,2.365000009536743,2.369999885559082,2.365000009536743,2.369999885559082,1062.0
2026-08-05 13:53:00,OPCH,,23.450000762939453,23.469999313354492,23.450000762939453,23.469999313354492,2726.0
2026-08-05 13:53:00,OPEN,,3.835099935531616,3.8399999141693115,3.8201000690460205,3.8299999237060547,199688.0
2026-08-05 13:53:00,OPRT,,6.184999942779541,6.184999942779541,6.184999942779541,6.184999942779541,119.0
2026-08-05 13:53:00,ORIC,,12.989999771118164,13.0,12.979999542236328,13.0,2901.0
2026-08-05 13:53:00,ORLY,,93.23500061035156,93.375,93.20999908447266,93.375,55218.0
2026-08-05 13:53:00,OSBC,,25.84000015258789,25.84000015258789,25.84000015258789,25.84000015258789,701.0
2026-08-05 13:53:00,OSPN,,16.809999465942383,16.809999465942383,16.79990005493164,16.79990005493164,1966.0
2026-08-05 13:53:00,OSS,,13.994999885559082,14.09000015258789,13.970000267028809,14.09000015258789,13873.0
2026-08-05 13:53:00,OSW,,26.530000686645508,26.530000686645508,26.530000686645508,26.530000686645508,669.0
2026-08-05 13:53:00,OTEX,,25.924999237060547,25.924999237060547,25.924999237060547,25.924999237060547,1965.0
2026-08-05 13:53:00,OTLK,,1.0233999490737915,1.024999976158142,1.0233999490737915,1.024999976158142,986.0
2026-08-05 13:53:00,OTTR,,92.19000244140625,92.22000122070312,92.19000244140625,92.22000122070312,1470.0
2026-08-05 13:53:00,OVBC,,42.80500030517578,42.80500030517578,42.80500030517578,42.80500030517578,569.0
2026-08-05 13:53:00,OVID,,2.6050000190734863,2.6050000190734863,2.6050000190734863,2.6050000190734863,1753.0
2026-08-05 13:53:00,OXLC,,9.170000076293945,9.170000076293945,9.170000076293945,9.170000076293945,314.0
2026-08-05 13:53:00,OXSQ,,1.5049999952316284,1.5049999952316284,1.5049999952316284,1.5049999952316284,1190.0
2026-08-05 13:53:00,PAA,,23.114999771118164,23.1200008392334,23.110000610351562,23.1200008392334,9504.0
2026-08-05 13:53:00,PAAS,,48.22999954223633,48.25,48.220001220703125,48.244998931884766,7391.0
2026-08-05 13:53:00,PACB,,1.3450000286102295,1.3450000286102295,1.340000033378601,1.3450000286102295,6471.0
2026-08-05 13:53:00,PAGP,,25.09000015258789,25.104999542236328,25.09000015258789,25.104999542236328,2045.0
2026-08-05 13:53:00,PALI,,2.130000114440918,2.130000114440918,2.130000114440918,2.130000114440918,1344.0
2026-08-05 13:53:00,PANW,,365.2900085449219,365.9150085449219,365.2900085449219,365.7900085449219,18131.0
2026-08-05 13:53:00,PAX,,11.420000076293945,11.425000190734863,11.420000076293945,11.425000190734863,1615.0
2026-08-05 13:53:00,PAYO,,7.119999885559082,7.130000114440918,7.119999885559082,7.130000114440918,1608.0
2026-08-05 13:53:00,PAYX,,117.69000244140625,117.7249984741211,117.69000244140625,117.7249984741211,1819.0
2026-08-05 13:53:00,PBYI,,8.005000114440918,8.020000457763672,8.005000114440918,8.020000457763672,826.0
2026-08-05 13:53:00,PCAR,,134.40499877929688,134.4199981689453,134.38999938964844,134.39999389648438,2314.0
2026-08-05 13:53:00,PCT,,6.9019999504089355,6.909999847412109,6.9019999504089355,6.909999847412109,2864.0
2026-08-05 13:53:00,PDD,,90.91000366210938,90.91000366210938,90.9000015258789,90.9000015258789,1364.0
2026-08-05 13:53:00,PDFS,,50.2400016784668,50.2400016784668,50.099998474121094,50.13999938964844,2513.0
2026-08-05 13:53:00,PECO,,41.25,41.25,41.2400016784668,41.25,3669.0
2026-08-05 13:53:00,PEGA,,31.8799991607666,31.895000457763672,31.8799991607666,31.8799991607666,2440.0
2026-08-05 13:53:00,PENN,,19.790000915527344,19.809999465942383,19.790000915527344,19.80500030517578,4936.0
2026-08-05 13:53:00,PEP,,138.625,138.625,138.59500122070312,138.60000610351562,3862.0
2026-08-05 13:53:00,PEPG,,1.9850000143051147,1.9850000143051147,1.9850000143051147,1.9850000143051147,875.0
2026-08-05 13:53:00,PERI,,9.569999694824219,9.569999694824219,9.569999694824219,9.569999694824219,461.0
2026-08-05 13:53:00,PFG,,114.2300033569336,114.2300033569336,114.2300033569336,114.2300033569336,501.0
2026-08-05 13:53:00,PGEN,,6.730000019073486,6.730000019073486,6.710000038146973,6.728899955749512,24664.0
2026-08-05 13:53:00,PGNY,,31.774999618530273,31.780000686645508,31.774999618530273,31.780000686645508,1400.0
2026-08-05 13:53:00,PGY,,21.8799991607666,21.90999984741211,21.8700008392334,21.90999984741211,2351.0
2026-08-05 13:53:00,PHAT,,8.449999809265137,8.460000038146973,8.444999694824219,8.460000038146973,2988.0
2026-08-05 13:53:00,PLAB,,32.209999084472656,32.209999084472656,32.189998626708984,32.19499969482422,614.0
2026-08-05 13:53:00,PLBY,,1.159999966621399,1.159999966621399,1.159999966621399,1.159999966621399,188.0
2026-08-05 13:53:00,PLUG,,2.0799999237060547,2.088399887084961,2.0799999237060547,2.080899953842163,34555.0
2026-08-05 13:53:00,PLXS,,275.3900146484375,275.3900146484375,275.3900146484375,275.3900146484375,491.0
2026-08-05 13:53:00,PNFP,,108.07499694824219,108.07499694824219,108.01000213623047,108.01000213623047,719.0
2026-08-05 13:53:00,PNTG,,38.93000030517578,38.93000030517578,38.93000030517578,38.93000030517578,1339.0
2026-08-05 13:53:00,POET,,8.345000267028809,8.350000381469727,8.339900016784668,8.350000381469727,6083.0
2026-08-05 13:53:00,POWI,,62.06999969482422,62.06999969482422,62.06999969482422,62.06999969482422,929.0
2026-08-05 13:53:00,POWL,,212.22999572753906,212.2949981689453,212.00999450683594,212.08999633789062,2086.0
2026-08-05 13:53:00,PPC,,26.43000030517578,26.440000534057617,26.43000030517578,26.440000534057617,2297.0
2026-08-05 13:53:00,PPIH,,25.94499969482422,25.94499969482422,25.94499969482422,25.94499969482422,331.0
2026-08-05 13:53:00,PRAX,,318.1400146484375,318.5849914550781,318.1400146484375,318.5849914550781,601.0
2026-08-05 13:53:00,PRCH,,15.829999923706055,15.890000343322754,15.829999923706055,15.845000267028809,6012.0
2026-08-05 13:53:00,PRCT,,18.639999389648438,18.670000076293945,18.639999389648438,18.670000076293945,4075.0
2026-08-05 13:53:00,PRDO,,32.810001373291016,32.814998626708984,32.810001373291016,32.814998626708984,2633.0
2026-08-05 13:53:00,PRIM,,84.94499969482422,85.02999877929688,84.91999816894531,85.01000213623047,1733.0
2026-08-05 13:53:00,PRME,,3.075000047683716,3.0799999237060547,3.075000047683716,3.0799999237060547,4886.0
2026-08-05 13:53:00,PRTA,,8.510000228881836,8.510000228881836,8.510000228881836,8.510000228881836,719.0
2026-08-05 13:53:00,PRVA,,24.18000030517578,24.18000030517578,24.18000030517578,24.18000030517578,884.0
2026-08-05 13:53:00,PRZO,,0.5403000116348267,0.5403000116348267,0.5403000116348267,0.5403000116348267,11000.0
2026-08-05 13:53:00,PSEC,,2.184999942779541,2.184999942779541,2.184999942779541,2.184999942779541,1387.0
2026-08-05 13:53:00,PSNL,,13.579999923706055,13.590100288391113,13.579999923706055,13.590100288391113,5384.0
2026-08-05 13:53:00,PTC,,140.33999633789062,140.36500549316406,140.33999633789062,140.33999633789062,1394.0
2026-08-05 13:53:00,PTCT,,69.0999984741211,69.16000366210938,69.06999969482422,69.16000366210938,1692.0
2026-08-05 13:53:00,PTEN,,9.78499984741211,9.789999961853027,9.78499984741211,9.789999961853027,3710.0
2026-08-05 13:53:00,PTON,,6.510000228881836,6.519999980926514,6.510000228881836,6.519999980926514,3813.0
2026-08-05 13:53:00,PUBM,,13.4350004196167,13.4350004196167,13.4350004196167,13.4350004196167,247.0
2026-08-05 13:53:00,PWP,,17.489999771118164,17.5,17.489999771118164,17.5,2131.0
2026-08-05 13:53:00,PYPD,,4.625,4.625,4.625,4.625,220.0
2026-08-05 13:53:00,PYPL,,58.31999969482422,58.33000183105469,58.314998626708984,58.33000183105469,4670.0
2026-08-05 13:53:00,PYXS,,3.1600000858306885,3.180000066757202,3.1600000858306885,3.180000066757202,1077.0
2026-08-05 13:53:00,PZZA,,30.149999618530273,30.155000686645508,30.149999618530273,30.149999618530273,3245.0
2026-08-05 13:53:00,QCOM,,158.0,158.02999877929688,157.96499633789062,158.02999877929688,4967.0
2026-08-05 13:53:00,QFIN,,13.199999809265137,13.199999809265137,13.199999809265137,13.199999809265137,523.0
2026-08-05 13:53:00,QRVO,,94.72000122070312,94.75,94.69999694824219,94.73500061035156,1083.0
2026-08-05 13:53:00,SEED,,1.011299967765808,1.011299967765808,1.011299967765808,1.011299967765808,200.0
2026-08-05 13:53:00,STIM,,2.2750000953674316,2.2750000953674316,2.274600028991699,2.274600028991699,1001.0
2026-08-05 13:54:00,ACDC,,4.440000057220459,4.445000171661377,4.434999942779541,4.434999942779541,6632.0
2026-08-05 13:54:00,BPRN,,41.97999954223633,41.97999954223633,41.97999954223633,41.97999954223633,972.0
2026-08-05 13:54:00,CNXN,,85.9800033569336,85.9800033569336,85.9800033569336,85.9800033569336,532.0
2026-08-05 13:54:00,EYE,,23.18000030517578,23.190000534057617,23.18000030517578,23.184999465942383,908.0
2026-08-05 13:54:00,GLUE,,15.5600004196167,15.579999923706055,15.5600004196167,15.579999923706055,834.0
2026-08-05 13:54:00,KIDS,,21.6200008392334,21.6200008392334,21.6200008392334,21.6200008392334,204.0
2026-08-05 13:54:00,LUNG,,1.9950000047683716,1.9950000047683716,1.9950000047683716,1.9950000047683716,324.0
2026-08-05 13:54:00,MBRX,,0.4007999897003174,0.4034000039100647,0.4007999897003174,0.4034000039100647,1183.0
2026-08-05 13:54:00,MCRI,,123.58999633789062,123.58999633789062,123.58999633789062,123.58999633789062,470.0
2026-08-05 13:54:00,MDB,,375.3399963378906,375.6698913574219,375.25,375.25,1658.0
2026-08-05 13:54:00,MDLZ,,62.6349983215332,62.63999938964844,62.61000061035156,62.63999938964844,10371.0
2026-08-05 13:54:00,MLTX,,17.729999542236328,17.729999542236328,17.729999542236328,17.729999542236328,1056.0
2026-08-05 13:54:00,MNST,,94.80000305175781,94.80000305175781,94.7699966430664,94.7699966430664,5005.0
2026-08-05 13:54:00,MNTS,,4.295000076293945,4.295000076293945,4.295000076293945,4.295000076293945,6309.0
2026-08-05 13:54:00,MPWR,,1342.2149658203125,1342.6600341796875,1342.2149658203125,1342.52001953125,359.0
2026-08-05 13:54:00,MRNA,,56.72999954223633,56.790000915527344,56.720001220703125,56.720001220703125,3883.0
2026-08-05 13:54:00,MYGN,,3.1449999809265137,3.1500000953674316,3.1449999809265137,3.1449999809265137,2461.0
2026-08-05 13:54:00,MYRG,,340.69000244140625,340.69000244140625,340.69000244140625,340.69000244140625,281.0
2026-08-05 13:54:00,NAMS,,27.399999618530273,27.600000381469727,27.385000228881836,27.600000381469727,2241.0
2026-08-05 13:54:00,NAUT,,0.9484999775886536,0.9484999775886536,0.9476000070571899,0.9476000070571899,887.0
2026-08-05 13:54:00,NAVI,,9.1850004196167,9.199999809265137,9.170000076293945,9.170000076293945,14954.0
2026-08-05 13:54:00,NB,,5.09499979019165,5.09499979019165,5.085000038146973,5.090000152587891,2695.0
2026-08-05 13:54:00,NBIX,,162.92999267578125,162.92999267578125,162.92999267578125,162.92999267578125,291.0
2026-08-05 13:54:00,NBN,,134.99000549316406,134.99000549316406,134.8699951171875,134.8699951171875,819.0
2026-08-05 13:54:00,NBTB,,53.34000015258789,53.34000015258789,53.34000015258789,53.34000015258789,915.0
2026-08-05 13:54:00,NCMI,,4.139999866485596,4.139999866485596,4.139999866485596,4.139999866485596,1549.0
2026-08-05 13:54:00,NDAQ,,95.0199966430664,95.0199966430664,94.98999786376953,95.01000213623047,1997.0
2026-08-05 13:54:00,NDSN,,310.6499938964844,310.760009765625,310.6499938964844,310.739990234375,1048.0
2026-08-05 13:54:00,NEO,,16.049999237060547,16.059999465942383,16.029300689697266,16.029300689697266,4740.0
2026-08-05 13:54:00,NEOG,,11.619999885559082,11.630000114440918,11.614999771118164,11.614999771118164,5917.0
2026-08-05 13:54:00,NEON,,0.9506000280380249,0.9506000280380249,0.9506000280380249,0.9506000280380249,407.0
2026-08-05 13:54:00,NEOV,,2.8350000381469727,2.8350000381469727,2.8350000381469727,2.8350000381469727,1319.0
2026-08-05 13:54:00,NESR,,28.75,28.760000228881836,28.739999771118164,28.760000228881836,3153.0
2026-08-05 13:54:00,NEWT,,15.145000457763672,15.145000457763672,15.145000457763672,15.145000457763672,412.0
2026-08-05 13:54:00,NEXT,,6.4390997886657715,6.440000057220459,6.429999828338623,6.440000057220459,5453.0
2026-08-05 13:54:00,NFLX,,73.57499694824219,73.60990142822266,73.56999969482422,73.6050033569336,20187.0
2026-08-05 13:54:00,NGNE,,35.66999816894531,35.66999816894531,35.66999816894531,35.66999816894531,438.0
2026-08-05 13:54:00,NICE,,99.05000305175781,99.19000244140625,99.02999877929688,99.1500015258789,2403.0
2026-08-05 13:54:00,NKSH,,41.40999984741211,41.599998474121094,41.40999984741211,41.599998474121094,909.0
2026-08-05 13:54:00,NKTR,,73.3499984741211,73.3499984741211,73.16000366210938,73.16000366210938,572.0
2026-08-05 13:54:00,NKTX,,2.2200000286102295,2.2200000286102295,2.2149999141693115,2.2149999141693115,3516.0
2026-08-05 13:54:00,NMIH,,44.54999923706055,44.54999923706055,44.54999923706055,44.54999923706055,654.0
2026-08-05 13:54:00,NMRK,,15.789999961853027,15.789999961853027,15.789999961853027,15.789999961853027,631.0
2026-08-05 13:54:00,NN,,14.40999984741211,14.40999984741211,14.40999984741211,14.40999984741211,1736.0
2026-08-05 13:54:00,NNBR,,3.859999895095825,3.859999895095825,3.859999895095825,3.859999895095825,729.0
2026-08-05 13:54:00,NNDM,,1.5449999570846558,1.5449999570846558,1.5449999570846558,1.5449999570846558,400.0
2026-08-05 13:54:00,NPCE,,13.699999809265137,13.699999809265137,13.699999809265137,13.699999809265137,1065.0
2026-08-05 13:54:00,NRDS,,9.163999557495117,9.170000076293945,9.149999618530273,9.149999618530273,4169.0
2026-08-05 13:54:00,NRIM,,27.030000686645508,27.040000915527344,27.030000686645508,27.040000915527344,2128.0
2026-08-05 13:54:00,NRIX,,25.06999969482422,25.079999923706055,25.059999465942383,25.059999465942383,1231.0
2026-08-05 13:54:00,NSSC,,40.41999816894531,40.41999816894531,40.3849983215332,40.3849983215332,397.0
2026-08-05 13:54:00,NTAP,,189.97000122070312,190.02499389648438,189.97000122070312,190.02499389648438,2948.0
2026-08-05 13:54:00,NTCT,,41.90999984741211,41.90999984741211,41.90999984741211,41.90999984741211,277.0
2026-08-05 13:54:00,NTES,,127.67500305175781,127.7249984741211,127.66999816894531,127.7249984741211,1656.0
2026-08-05 13:54:00,NTNX,,61.05500030517578,61.05500030517578,61.04999923706055,61.04999923706055,1302.0
2026-08-05 13:54:00,NTRA,,273.69000244140625,273.69000244140625,273.69000244140625,273.69000244140625,519.0
2026-08-05 13:54:00,NTRSO,,18.399999618530273,18.399999618530273,18.399999618530273,18.399999618530273,805.0
2026-08-05 13:54:00,NVCR,,16.079999923706055,16.079999923706055,16.079999923706055,16.079999923706055,3832.0
2026-08-05 13:54:00,NVDA,,220.97000122070312,221.00999450683594,220.9199981689453,220.97999572753906,166391.0
2026-08-05 13:54:00,NVEC,,130.69000244140625,131.3000030517578,130.69000244140625,131.3000030517578,571.0
2026-08-05 13:54:00,NVMI,,408.6700134277344,409.18499755859375,408.6700134277344,409.18499755859375,518.0
2026-08-05 13:54:00,NVTS,,12.45009994506836,12.470000267028809,12.449999809265137,12.46500015258789,5290.0
2026-08-05 13:54:00,NWBI,,15.954999923706055,15.954999923706055,15.954999923706055,15.954999923706055,899.0
2026-08-05 13:54:00,NWE,,68.68000030517578,68.68000030517578,68.62999725341797,68.62999725341797,1089.0
2026-08-05 13:54:00,NWFL,,34.16999816894531,34.16999816894531,34.099998474121094,34.099998474121094,1371.0
2026-08-05 13:54:00,NWL,,6.300000190734863,6.300000190734863,6.300000190734863,6.300000190734863,549.0
2026-08-05 13:54:00,NWPX,,128.14999389648438,128.14999389648438,128.14999389648438,128.14999389648438,577.0
2026-08-05 13:54:00,NWS,,32.34000015258789,32.36000061035156,32.34000015258789,32.36000061035156,3372.0
2026-08-05 13:54:00,NWSA,,28.30500030517578,28.315000534057617,28.30500030517578,28.315000534057617,3620.0
2026-08-05 13:54:00,NXPI,,231.78250122070312,231.78500366210938,231.72000122070312,231.78500366210938,3770.0
2026-08-05 13:54:00,NXT,,98.33499908447266,98.33999633789062,98.23999786376953,98.23999786376953,1684.0
2026-08-05 13:54:00,NXTC,,5.159999847412109,5.159999847412109,5.159999847412109,5.159999847412109,239.0
2026-08-05 13:54:00,OABI,,2.065000057220459,2.065000057220459,2.065000057220459,2.065000057220459,847.0
2026-08-05 13:54:00,OBT,,38.880001068115234,38.900001525878906,38.880001068115234,38.900001525878906,1583.0
2026-08-05 13:54:00,OCGN,,1.2999999523162842,1.2999999523162842,1.2949999570846558,1.2999999523162842,1778.0
2026-08-05 13:54:00,ODD,,15.414999961853027,15.414999961853027,15.414999961853027,15.414999961853027,1641.0
2026-08-05 13:54:00,ODFL,,213.77000427246094,213.77000427246094,213.5749969482422,213.6199951171875,6748.0
2026-08-05 13:54:00,OESX,,14.850000381469727,14.864999771118164,14.649999618530273,14.649999618530273,974.0
2026-08-05 13:54:00,OFIX,,10.395000457763672,10.449999809265137,10.395000457763672,10.449999809265137,4206.0
2026-08-05 13:54:00,OKTA,,147.86000061035156,147.92999267578125,147.86000061035156,147.92999267578125,1021.0
2026-08-05 13:54:00,OLLI,,78.22000122070312,78.22000122070312,78.22000122070312,78.22000122070312,304.0
2026-08-05 13:54:00,OLMA,,11.600000381469727,11.600000381469727,11.59000015258789,11.59000015258789,1747.0
2026-08-05 13:54:00,OM,,5.054999828338623,5.054999828338623,5.03000020980835,5.03000020980835,1908.0
2026-08-05 13:54:00,OMCL,,37.415000915527344,37.439998626708984,37.415000915527344,37.439998626708984,796.0
2026-08-05 13:54:00,OMER,,12.819999694824219,12.819999694824219,12.800000190734863,12.800000190734863,1007.0
2026-08-05 13:54:00,ON,,77.97000122070312,78.0199966430664,77.94000244140625,78.01000213623047,19850.0
2026-08-05 13:54:00,ONB,,27.059999465942383,27.069900512695312,27.059999465942383,27.059999465942383,9408.0
2026-08-05 13:54:00,ONDS,,8.947500228881836,8.949999809265137,8.9399995803833,8.944999694824219,38785.0
2026-08-05 13:54:00,ONFO,,0.07329999655485153,0.07410000264644623,0.07329999655485153,0.07329999655485153,15961.0
2026-08-05 13:54:00,OPAL,,2.369999885559082,2.369999885559082,2.369999885559082,2.369999885559082,347.0
2026-08-05 13:54:00,OPCH,,23.450000762939453,23.450000762939453,23.420000076293945,23.440000534057617,5079.0
2026-08-05 13:54:00,OPEN,,3.8399999141693115,3.8499999046325684,3.8299999237060547,3.8399999141693115,115832.0
2026-08-05 13:54:00,OPRT,,6.184999942779541,6.184999942779541,6.184999942779541,6.184999942779541,118.0
2026-08-05 13:54:00,ORGO,,2.3350000381469727,2.3350000381469727,2.3350000381469727,2.3350000381469727,507.0
2026-08-05 13:54:00,ORIC,,13.010000228881836,13.020000457763672,13.010000228881836,13.020000457763672,2547.0
2026-08-05 13:54:00,ORLY,,93.16500091552734,93.2300033569336,93.1500015258789,93.2300033569336,37946.0
2026-08-05 13:54:00,OSPN,,16.799999237060547,16.799999237060547,16.795000076293945,16.799999237060547,2680.0
2026-08-05 13:54:00,OSS,,13.979999542236328,13.979999542236328,13.979999542236328,13.979999542236328,594.0
2026-08-05 13:54:00,OSUR,,4.135000228881836,4.135000228881836,4.135000228881836,4.135000228881836,854.0
2026-08-05 13:54:00,OSW,,26.530000686645508,26.530000686645508,26.530000686645508,26.530000686645508,699.0
2026-08-05 13:54:00,OTLK,,1.024999976158142,1.0299999713897705,1.024999976158142,1.0299999713897705,1299.0
2026-08-05 13:54:00,OVID,,2.6050000190734863,2.609999895095825,2.6050000190734863,2.609999895095825,651.0
2026-08-05 13:54:00,OXSQ,,1.5049999952316284,1.5049999952316284,1.5049999952316284,1.5049999952316284,4500.0
2026-08-05 13:54:00,PAA,,23.100000381469727,23.104999542236328,23.094999313354492,23.104999542236328,6791.0
2026-08-05 13:54:00,PAAS,,48.20000076293945,48.2400016784668,48.20000076293945,48.23310089111328,4868.0
2026-08-05 13:54:00,PACB,,1.3450000286102295,1.3450000286102295,1.3450000286102295,1.3450000286102295,1464.0
2026-08-05 13:54:00,PAGP,,25.075000762939453,25.075000762939453,25.075000762939453,25.075000762939453,1127.0
2026-08-05 13:54:00,PALI,,2.130000114440918,2.130000114440918,2.130000114440918,2.130000114440918,811.0
2026-08-05 13:54:00,PANW,,364.9800109863281,365.2898864746094,364.9800109863281,365.19500732421875,10784.0
2026-08-05 13:54:00,PAX,,11.425000190734863,11.425000190734863,11.425000190734863,11.425000190734863,890.0
2026-08-05 13:54:00,PAYO,,7.119999885559082,7.130000114440918,7.119999885559082,7.125,1112.0
2026-08-05 13:54:00,PAYX,,117.68000030517578,117.72000122070312,117.67500305175781,117.70500183105469,3830.0
2026-08-05 13:54:00,PBYI,,8.005000114440918,8.005000114440918,8.005000114440918,8.005000114440918,1001.0
2026-08-05 13:54:00,PCAR,,134.4600067138672,134.49000549316406,134.44000244140625,134.49000549316406,2072.0
2026-08-05 13:54:00,PCRX,,24.704999923706055,24.704999923706055,24.635000228881836,24.635000228881836,1985.0
2026-08-05 13:54:00,PCT,,6.90500020980835,6.90500020980835,6.90500020980835,6.90500020980835,6852.0
2026-08-05 13:54:00,PCTY,,145.6699981689453,145.6699981689453,145.52999877929688,145.52999877929688,452.0
2026-08-05 13:54:00,PDD,,90.91000366210938,90.94000244140625,90.9000015258789,90.91999816894531,6112.0
2026-08-05 13:54:00,PEBK,,43.33000183105469,43.33000183105469,43.33000183105469,43.33000183105469,664.0
2026-08-05 13:54:00,PEGA,,31.8700008392334,31.8700008392334,31.8700008392334,31.8700008392334,1450.0
2026-08-05 13:54:00,PENN,,19.809999465942383,19.809999465942383,19.795000076293945,19.795000076293945,2467.0
2026-08-05 13:54:00,PEP,,138.63999938964844,138.63999938964844,138.61000061035156,138.61000061035156,1940.0
2026-08-05 13:54:00,PERI,,9.5649995803833,9.5649995803833,9.5649995803833,9.5649995803833,327.0
2026-08-05 13:54:00,PFG,,114.19000244140625,114.2300033569336,114.19000244140625,114.2300033569336,575.0
2026-08-05 13:54:00,PGEN,,6.747499942779541,6.75,6.735000133514404,6.735000133514404,16664.0
2026-08-05 13:54:00,PGY,,21.899999618530273,21.899999618530273,21.889999389648438,21.889999389648438,3204.0
2026-08-05 13:54:00,PHAT,,8.4399995803833,8.4399995803833,8.4399995803833,8.4399995803833,708.0
2026-08-05 13:54:00,PHIO,,1.0399999618530273,1.0399999618530273,1.0399999618530273,1.0399999618530273,314.0
2026-08-05 13:54:00,PHVS,,33.650001525878906,33.650001525878906,33.650001525878906,33.650001525878906,157.0
2026-08-05 13:54:00,PIIIW,,0.014700000174343586,0.014700000174343586,0.014700000174343586,0.014700000174343586,3333.0
2026-08-05 13:54:00,PLAB,,32.20000076293945,32.209999084472656,32.185001373291016,32.209999084472656,1274.0
2026-08-05 13:54:00,PLSE,,37.66999816894531,37.66999816894531,37.66999816894531,37.66999816894531,238.0
2026-08-05 13:54:00,PLUG,,2.0799999237060547,2.0899999141693115,2.0799999237060547,2.0799999237060547,41682.0
2026-08-05 13:54:00,PNFP,,107.97000122070312,108.0199966430664,107.97000122070312,108.0199966430664,3941.0
2026-08-05 13:54:00,POET,,8.345000267028809,8.350000381469727,8.345000267028809,8.350000381469727,4552.0
2026-08-05 13:54:00,POWI,,61.939998626708984,62.04999923706055,61.849998474121094,62.04999923706055,34240.0
2026-08-05 13:54:00,PPTA,,22.454999923706055,22.459999084472656,22.454999923706055,22.459999084472656,1682.0
2026-08-05 13:54:00,PRAA,,17.385000228881836,17.385000228881836,17.3799991607666,17.3799991607666,845.0
2026-08-05 13:54:00,PRCH,,15.819999694824219,15.84000015258789,15.819999694824219,15.84000015258789,1863.0
2026-08-05 13:54:00,PRCT,,18.6200008392334,18.639999389648438,18.610000610351562,18.6200008392334,5020.0
2026-08-05 13:54:00,PRIM,,85.0199966430664,85.0199966430664,84.93000030517578,84.94999694824219,3105.0
2026-08-05 13:54:00,PRME,,3.0701000690460205,3.0701000690460205,3.0701000690460205,3.0701000690460205,7021.0
2026-08-05 13:54:00,PROF,,8.0600004196167,8.069999694824219,8.0600004196167,8.069999694824219,338.0
2026-08-05 13:54:00,PRQR,,1.934999942779541,1.940000057220459,1.9149999618530273,1.9149999618530273,60358.0
2026-08-05 13:54:00,PRVA,,24.190000534057617,24.190000534057617,24.170000076293945,24.170000076293945,1722.0
2026-08-05 13:54:00,PSEC,,2.190000057220459,2.190000057220459,2.180000066757202,2.184999942779541,9713.0
2026-08-05 13:54:00,PSNL,,13.569999694824219,13.569999694824219,13.5600004196167,13.5600004196167,1147.0
2026-08-05 13:54:00,PTC,,140.33999633789062,140.33999633789062,140.33999633789062,140.33999633789062,978.0
2026-08-05 13:54:00,PTCT,,69.13999938964844,69.13999938964844,69.1050033569336,69.1050033569336,1528.0
2026-08-05 13:54:00,PTEN,,9.78499984741211,9.78499984741211,9.779999732971191,9.779999732971191,4115.0
2026-08-05 13:54:00,PTON,,6.514999866485596,6.525000095367432,6.514999866485596,6.514999866485596,29252.0
2026-08-05 13:54:00,PUBM,,13.430000305175781,13.430000305175781,13.430000305175781,13.430000305175781,1783.0
2026-08-05 13:54:00,PYPL,,58.310001373291016,58.31999969482422,58.310001373291016,58.31999969482422,7330.0
2026-08-05 13:54:00,PYXS,,3.1700000762939453,3.1700000762939453,3.1600000858306885,3.1600000858306885,467.0
2026-08-05 13:54:00,PZZA,,30.1299991607666,30.139999389648438,30.1200008392334,30.139999389648438,6802.0
2026-08-05 13:54:00,QCOM,,157.9499969482422,158.05999755859375,157.9499969482422,158.02000427246094,6991.0
2026-08-05 13:54:00,QFIN,,13.194999694824219,13.199999809265137,13.194999694824219,13.199999809265137,1017.0
2026-08-05 13:54:00,QRVO,,94.70999908447266,94.73999786376953,94.70999908447266,94.73999786376953,1132.0
2026-08-05 13:54:00,SEED,,1.01010000705719,1.01010000705719,1.01010000705719,1.01010000705719,1070.0
2026-08-05 13:54:00,STIM,,2.2750000953674316,2.2750000953674316,2.2750000953674316,2.2750000953674316,0.0
2026-08-05 13:54:00,TARA,,4.034999847412109,4.039999961853027,4.034999847412109,4.039999961853027,769.0
2026-08-05 13:55:00,ACDC,,4.445000171661377,4.445000171661377,4.434999942779541,4.440000057220459,13680.0
2026-08-05 13:55:00,BPRN,,41.97999954223633,41.97999954223633,41.97999954223633,41.97999954223633,251.0
2026-08-05 13:55:00,CPOP,,0.3603000044822693,0.3603000044822693,0.3603000044822693,0.3603000044822693,300.0
2026-08-05 13:55:00,EYE,,23.184999465942383,23.184999465942383,23.184999465942383,23.184999465942383,930.0
2026-08-05 13:55:00,FIZZ,,32.08000183105469,32.08000183105469,32.08000183105469,32.08000183105469,153.0
2026-08-05 13:55:00,GLUE,,15.550000190734863,15.550000190734863,15.550000190734863,15.550000190734863,988.0
2026-08-05 13:55:00,KIDS,,21.545000076293945,21.56999969482422,21.545000076293945,21.56999969482422,1237.0
2026-08-05 13:55:00,LUNG,,1.9950000047683716,1.9950000047683716,1.9950000047683716,1.9950000047683716,336.0
2026-08-05 13:55:00,MDB,,375.2049865722656,375.70001220703125,375.0,375.6000061035156,2975.0
2026-08-05 13:55:00,MDLZ,,62.63999938964844,62.63999938964844,62.630001068115234,62.6349983215332,5008.0
2026-08-05 13:55:00,MNRO,,13.180000305175781,13.180000305175781,13.180000305175781,13.180000305175781,1446.0
2026-08-05 13:55:00,MNST,,94.81999969482422,94.83000183105469,94.79000091552734,94.80000305175781,8505.0
2026-08-05 13:55:00,MORN,,197.48500061035156,197.9199981689453,197.48500061035156,197.48500061035156,2742.0
2026-08-05 13:55:00,MPWR,,1342.510009765625,1342.699951171875,1342.0,1342.030029296875,789.0
2026-08-05 13:55:00,MRNA,,56.7400016784668,56.779998779296875,56.720001220703125,56.76499938964844,8088.0
2026-08-05 13:55:00,MYGN,,3.1500000953674316,3.1500000953674316,3.140000104904175,3.1449999809265137,1335.0
2026-08-05 13:55:00,NAMS,,27.399999618530273,27.399999618530273,27.350000381469727,27.3700008392334,2844.0
2026-08-05 13:55:00,NAVI,,9.1850004196167,9.1850004196167,9.1850004196167,9.1850004196167,1232.0
2026-08-05 13:55:00,NB,,5.09499979019165,5.09499979019165,5.085000038146973,5.090000152587891,3062.0
2026-08-05 13:55:00,NBIX,,162.94500732421875,162.9499969482422,162.94500732421875,162.9499969482422,953.0
2026-08-05 13:55:00,NBN,,135.05999755859375,135.05999755859375,135.0500030517578,135.05999755859375,1038.0
2026-08-05 13:55:00,NDAQ,,95.0199966430664,95.0199966430664,95.01000213623047,95.01000213623047,1641.0
2026-08-05 13:55:00,NDSN,,310.55499267578125,310.6400146484375,310.5400085449219,310.55499267578125,683.0
2026-08-05 13:55:00,NEGG,,16.729999542236328,16.729999542236328,16.729999542236328,16.729999542236328,250.0
2026-08-05 13:55:00,NEO,,16.040000915527344,16.049999237060547,16.040000915527344,16.049999237060547,2132.0
2026-08-05 13:55:00,NEXT,,6.445000171661377,6.445000171661377,6.440000057220459,6.440000057220459,1800.0
2026-08-05 13:55:00,NFE,,0.33899998664855957,0.33899998664855957,0.33899998664855957,0.33899998664855957,544.0
2026-08-05 13:55:00,NFLX,,73.55999755859375,73.58499908447266,73.55000305175781,73.56500244140625,27726.0
2026-08-05 13:55:00,NICE,,99.20999908447266,99.31500244140625,99.16999816894531,99.18000030517578,3642.0
2026-08-05 13:55:00,NMFC,,7.355000019073486,7.355000019073486,7.355000019073486,7.355000019073486,500.0
2026-08-05 13:55:00,NMRA,,1.610700011253357,1.610700011253357,1.610700011253357,1.610700011253357,274.0
2026-08-05 13:55:00,NN,,14.404999732971191,14.404999732971191,14.399999618530273,14.399999618530273,2671.0
2026-08-05 13:55:00,NNBR,,3.859999895095825,3.859999895095825,3.8550000190734863,3.8550000190734863,357.0
2026-08-05 13:55:00,NNDM,,1.5449999570846558,1.5449999570846558,1.5399999618530273,1.5449999570846558,1440.0
2026-08-05 13:55:00,NRIX,,25.065000534057617,25.09000015258789,25.065000534057617,25.065000534057617,2017.0
2026-08-05 13:55:00,NRXP,,3.0999999046325684,3.0999999046325684,3.0999999046325684,3.0999999046325684,200.0
2026-08-05 13:55:00,NSSC,,40.43000030517578,40.43000030517578,40.43000030517578,40.43000030517578,543.0
2026-08-05 13:55:00,NTAP,,189.88999938964844,189.89999389648438,189.88999938964844,189.89999389648438,2533.0
2026-08-05 13:55:00,NTES,,127.67500305175781,127.67500305175781,127.67500305175781,127.67500305175781,796.0
2026-08-05 13:55:00,NTNX,,61.04999923706055,61.060001373291016,61.04999923706055,61.04999923706055,2984.0
2026-08-05 13:55:00,NTRA,,273.6400146484375,273.6400146484375,273.6400146484375,273.6400146484375,269.0
2026-08-05 13:55:00,NTRB,,2.8534998893737793,2.8534998893737793,2.8534998893737793,2.8534998893737793,808.0
2026-08-05 13:55:00,NTRS,,184.38999938964844,184.38999938964844,184.3699951171875,184.3699951171875,407.0
2026-08-05 13:55:00,NUWE,,1.7096999883651733,1.7096999883651733,1.7096999883651733,1.7096999883651733,210.0
2026-08-05 13:55:00,NVAX,,7.625,7.625,7.625,7.625,518.0
2026-08-05 13:55:00,NVCT,,19.959999084472656,20.0,19.959999084472656,20.0,279.0
2026-08-05 13:55:00,NVDA,,220.85000610351562,220.97000122070312,220.69000244140625,220.97000122070312,196451.0
2026-08-05 13:55:00,NVEC,,131.55999755859375,131.55999755859375,131.55999755859375,131.55999755859375,326.0
2026-08-05 13:55:00,NVMI,,408.5950012207031,408.5950012207031,408.5950012207031,408.5950012207031,83.0
2026-08-05 13:55:00,NVTS,,12.470000267028809,12.470000267028809,12.449999809265137,12.450200080871582,12063.0
2026-08-05 13:55:00,NWBI,,15.960000038146973,15.960000038146973,15.960000038146973,15.960000038146973,2272.0
2026-08-05 13:55:00,NWL,,6.295000076293945,6.295000076293945,6.295000076293945,6.295000076293945,4623.0
2026-08-05 13:55:00,NWS,,32.32500076293945,32.32500076293945,32.32500076293945,32.32500076293945,405.0
2026-08-05 13:55:00,NWSA,,28.299999237060547,28.30500030517578,28.295000076293945,28.299999237060547,4894.0
2026-08-05 13:55:00,NXPI,,231.75,231.75,231.66000366210938,231.75,3520.0
2026-08-05 13:55:00,NXST,,191.89500427246094,191.98880004882812,191.89500427246094,191.89500427246094,742.0
2026-08-05 13:55:00,NXT,,98.41999816894531,98.41999816894531,98.3499984741211,98.3499984741211,1677.0
2026-08-05 13:55:00,OCFC,,19.954999923706055,19.954999923706055,19.94499969482422,19.950000762939453,3598.0
2026-08-05 13:55:00,OCGN,,1.2999999523162842,1.2999999523162842,1.2899999618530273,1.2899999618530273,2830.0
2026-08-05 13:55:00,OESX,,14.859999656677246,14.859999656677246,14.649999618530273,14.649999618530273,1569.0
2026-08-05 13:55:00,OKTA,,147.91000366210938,147.9199981689453,147.88999938964844,147.88999938964844,1997.0
2026-08-05 13:55:00,OKYO,,1.6100000143051147,1.6100000143051147,1.6050000190734863,1.6050000190734863,3040.0
2026-08-05 13:55:00,OLLI,,78.26000213623047,78.26000213623047,78.19000244140625,78.19000244140625,1172.0
2026-08-05 13:55:00,OM,,5.070000171661377,5.070000171661377,5.070000171661377,5.070000171661377,1.0
2026-08-05 13:55:00,OMER,,12.8100004196167,12.8100004196167,12.8100004196167,12.8100004196167,695.0
2026-08-05 13:55:00,OMH,,0.1145000010728836,0.1145000010728836,0.1145000010728836,0.1145000010728836,6520.0
2026-08-05 13:55:00,ON,,77.94499969482422,77.95999908447266,77.9000015258789,77.91999816894531,11696.0
2026-08-05 13:55:00,ONB,,27.075000762939453,27.075000762939453,27.06999969482422,27.06999969482422,6738.0
2026-08-05 13:55:00,ONDS,,8.944999694824219,8.949999809265137,8.9399995803833,8.944999694824219,168607.0
2026-08-05 13:55:00,ONFO,,0.0738999992609024,0.07419999688863754,0.07329999655485153,0.07419999688863754,35241.0
2026-08-05 13:55:00,ONMD,,0.675599992275238,0.675599992275238,0.675599992275238,0.675599992275238,366.0
2026-08-05 13:55:00,OPCH,,23.44499969482422,23.459999084472656,23.44499969482422,23.459999084472656,1339.0
2026-08-05 13:55:00,OPEN,,3.8350000381469727,3.8399999141693115,3.8299999237060547,3.839900016784668,24258.0
2026-08-05 13:55:00,OPHC,,8.630000114440918,8.630000114440918,8.630000114440918,8.630000114440918,305.0
2026-08-05 13:55:00,OPRT,,6.190000057220459,6.190000057220459,6.184999942779541,6.184999942779541,625.0
2026-08-05 13:55:00,ORGO,,2.3350000381469727,2.3350000381469727,2.3350000381469727,2.3350000381469727,142.0
2026-08-05 13:55:00,ORIC,,13.010000228881836,13.010000228881836,13.0,13.0,1274.0
2026-08-05 13:55:00,ORLY,,93.1500015258789,93.18000030517578,93.13269805908203,93.16999816894531,11001.0
2026-08-05 13:55:00,ORRF,,43.27000045776367,43.27000045776367,43.27000045776367,43.27000045776367,1864.0
2026-08-05 13:55:00,OSPN,,16.75,16.799999237060547,16.75,16.780000686645508,2019.0
2026-08-05 13:55:00,OTEX,,25.924999237060547,25.93000030517578,25.915000915527344,25.915000915527344,992.0
2026-08-05 13:55:00,OTLK,,1.0298999547958374,1.0298999547958374,1.024999976158142,1.0259000062942505,7001.0
2026-08-05 13:55:00,OVID,,2.609999895095825,2.609999895095825,2.609999895095825,2.609999895095825,978.0
2026-08-05 13:55:00,OXSQ,,1.5,1.5099999904632568,1.5,1.500100016593933,1917.0
2026-08-05 13:55:00,PAA,,23.110000610351562,23.114999771118164,23.110000610351562,23.114999771118164,1967.0
2026-08-05 13:55:00,PAAS,,48.18000030517578,48.20000076293945,48.17499923706055,48.20000076293945,8222.0
2026-08-05 13:55:00,PACB,,1.350000023841858,1.350000023841858,1.340000033378601,1.3450000286102295,8718.0
2026-08-05 13:55:00,PALI,,2.130000114440918,2.130000114440918,2.125,2.130000114440918,1166.0
2026-08-05 13:55:00,PANL,,7.25,7.25,7.25,7.25,1399.0
2026-08-05 13:55:00,PANW,,365.0299987792969,365.07000732421875,365.0299987792969,365.0299987792969,1752.0
2026-08-05 13:55:00,PATK,,88.32499694824219,88.32499694824219,88.32499694824219,88.32499694824219,158.0
2026-08-05 13:55:00,PAX,,11.425000190734863,11.425000190734863,11.425000190734863,11.425000190734863,1640.0
2026-08-05 13:55:00,PAYO,,7.125,7.125,7.119999885559082,7.125,726.0
2026-08-05 13:55:00,PAYX,,117.7300033569336,117.7300033569336,117.69000244140625,117.69499969482422,4600.0
2026-08-05 13:55:00,PCAR,,134.49000549316406,134.49000549316406,134.49000549316406,134.49000549316406,657.0
2026-08-05 13:55:00,PCRX,,24.690000534057617,24.739999771118164,24.68000030517578,24.68000030517578,1144.0
2026-08-05 13:55:00,PCT,,6.90500020980835,6.909999847412109,6.90500020980835,6.909999847412109,1562.0
2026-08-05 13:55:00,PCTY,,145.6699981689453,145.6699981689453,145.5050048828125,145.5050048828125,206.0
2026-08-05 13:55:00,PDD,,90.91000366210938,90.91000366210938,90.91000366210938,90.91000366210938,1597.0
2026-08-05 13:55:00,PDEX,,67.94499969482422,67.94499969482422,67.94499969482422,67.94499969482422,295.0
2026-08-05 13:55:00,PECO,,41.23500061035156,41.2400016784668,41.22999954223633,41.22999954223633,1091.0
2026-08-05 13:55:00,PEGA,,31.8700008392334,31.8700008392334,31.8700008392334,31.8700008392334,619.0
2026-08-05 13:55:00,PENN,,19.809999465942383,19.809999465942383,19.809999465942383,19.809999465942383,1143.0
2026-08-05 13:55:00,PEP,,138.66000366210938,138.66000366210938,138.64999389648438,138.64999389648438,4010.0
2026-08-05 13:55:00,PEPG,,1.9701000452041626,1.9800000190734863,1.9701000452041626,1.9800000190734863,3825.0
2026-08-05 13:55:00,PERI,,9.569999694824219,9.569999694824219,9.569999694824219,9.569999694824219,567.0
2026-08-05 13:55:00,PFG,,114.27999877929688,114.27999877929688,114.23999786376953,114.23999786376953,1653.0
2026-08-05 13:55:00,PGC,,46.779998779296875,46.779998779296875,46.779998779296875,46.779998779296875,601.0
2026-08-05 13:55:00,PGEN,,6.760000228881836,6.764999866485596,6.735000133514404,6.75,39206.0
2026-08-05 13:55:00,PGY,,21.959999084472656,21.959999084472656,21.920000076293945,21.920000076293945,2734.0
2026-08-05 13:55:00,PKOH,,41.13999938964844,41.13999938964844,41.13999938964844,41.13999938964844,178.0
2026-08-05 13:55:00,PLAB,,32.189998626708984,32.189998626708984,32.15999984741211,32.16999816894531,3930.0
2026-08-05 13:55:00,PLBY,,1.1549999713897705,1.1549999713897705,1.1549999713897705,1.1549999713897705,1490.0
2026-08-05 13:55:00,PLPC,,466.2049865722656,466.2049865722656,466.2049865722656,466.2049865722656,543.0
2026-08-05 13:55:00,PLSE,,37.65999984741211,37.65999984741211,37.65999984741211,37.65999984741211,102.0
2026-08-05 13:55:00,PLUG,,2.0799999237060547,2.0850000381469727,2.0799999237060547,2.0850000381469727,6830.0
2026-08-05 13:55:00,PLXS,,275.9200134277344,275.9200134277344,275.9200134277344,275.9200134277344,1010.0
2026-08-05 13:55:00,PMN,,13.1899995803833,13.1899995803833,13.1899995803833,13.1899995803833,420.0
2026-08-05 13:55:00,PNFP,,108.0199966430664,108.0199966430664,107.91000366210938,107.97000122070312,1777.0
2026-08-05 13:55:00,PNTG,,38.80500030517578,38.91999816894531,38.779998779296875,38.91999816894531,12987.0
2026-08-05 13:55:00,POET,,8.350000381469727,8.350000381469727,8.336700439453125,8.34000015258789,9292.0
2026-08-05 13:55:00,POWL,,212.22500610351562,212.22500610351562,212.22500610351562,212.22500610351562,1030.0
2026-08-05 13:55:00,PRCT,,18.6299991607666,18.649999618530273,18.6299991607666,18.639999389648438,2259.0
2026-08-05 13:55:00,PRDO,,32.900001525878906,32.900001525878906,32.86000061035156,32.86000061035156,1855.0
2026-08-05 13:55:00,PRIM,,84.94499969482422,84.94499969482422,84.94499969482422,84.94499969482422,3320.0
2026-08-05 13:55:00,PRME,,3.075000047683716,3.075000047683716,3.075000047683716,3.075000047683716,591.0
2026-08-05 13:55:00,PRQR,,1.934999942779541,1.934999942779541,1.934999942779541,1.934999942779541,335.0
2026-08-05 13:55:00,PRTA,,8.505000114440918,8.505000114440918,8.505000114440918,8.505000114440918,399.0
2026-08-05 13:55:00,PSEC,,2.184999942779541,2.190000057220459,2.184999942779541,2.190000057220459,1340.0
2026-08-05 13:55:00,PTC,,140.30999755859375,140.30999755859375,140.30999755859375,140.30999755859375,592.0
2026-08-05 13:55:00,PTEN,,9.789999961853027,9.789999961853027,9.78499984741211,9.789999961853027,4060.0
2026-08-05 13:55:00,PTLO,,4.635000228881836,4.635000228881836,4.635000228881836,4.635000228881836,941.0
2026-08-05 13:55:00,PTON,,6.514999866485596,6.519999980926514,6.514999866485596,6.519999980926514,4011.0
2026-08-05 13:55:00,PWP,,17.489999771118164,17.5,17.479999542236328,17.5,2761.0
2026-08-05 13:55:00,PYPL,,58.290000915527344,58.314998626708984,58.290000915527344,58.314998626708984,9777.0
2026-08-05 13:55:00,PYXS,,3.180000066757202,3.180000066757202,3.180000066757202,3.180000066757202,296.0
2026-08-05 13:55:00,PZZA,,30.15999984741211,30.15999984741211,30.1299991607666,30.1299991607666,3766.0
2026-08-05 13:55:00,QCOM,,158.05999755859375,158.05999755859375,157.8800048828125,157.92999267578125,11211.0
2026-08-05 13:55:00,QCRH,,105.55999755859375,105.55999755859375,105.55999755859375,105.55999755859375,204.0
2026-08-05 13:55:00,QQQX,,30.43000030517578,30.43000030517578,30.43000030517578,30.43000030517578,557.0
2026-08-05 13:55:00,QRVO,,94.72000122070312,94.72000122070312,94.66999816894531,94.69999694824219,2600.0
2026-08-05 13:55:00,SEED,,1.0099999904632568,1.0099999904632568,1.0099999904632568,1.0099999904632568,1403.0
2026-08-05 13:55:00,STIM,,2.2699999809265137,2.2699999809265137,2.2699999809265137,2.2699999809265137,867.0
2026-08-05 13:56:00,ACDC,,4.440000057220459,4.445000171661377,4.434999942779541,4.445000171661377,5519.0
2026-08-05 13:56:00,BPRN,,41.97999954223633,41.97999954223633,41.97999954223633,41.97999954223633,296.0
2026-08-05 13:56:00,CPOP,,0.35569998621940613,0.35569998621940613,0.35569998621940613,0.35569998621940613,4199.0
2026-08-05 13:56:00,EYE,,23.165000915527344,23.170000076293945,23.165000915527344,23.170000076293945,1363.0
2026-08-05 13:56:00,FIZZ,,32.09000015258789,32.09000015258789,32.08000183105469,32.08000183105469,2231.0
2026-08-05 13:56:00,GLUE,,15.569999694824219,15.569999694824219,15.569999694824219,15.569999694824219,684.0
2026-08-05 13:56:00,LUNG,,1.9950000047683716,1.9950000047683716,1.9900000095367432,1.9950000047683716,344.0
2026-08-05 13:56:00,MBRX,,0.4058000147342682,0.4058000147342682,0.4058000147342682,0.4058000147342682,341.0
2026-08-05 13:56:00,MDB,,374.70001220703125,374.70001220703125,374.70001220703125,374.70001220703125,316.0
2026-08-05 13:56:00,MDLZ,,62.654998779296875,62.65999984741211,62.64500045776367,62.650001525878906,10041.0
2026-08-05 13:56:00,MNRO,,13.180000305175781,13.1850004196167,13.180000305175781,13.180000305175781,1674.0
2026-08-05 13:56:00,MNST,,94.81999969482422,94.81999969482422,94.80500030517578,94.81999969482422,3413.0
2026-08-05 13:56:00,MPWR,,1342.0699462890625,1342.550048828125,1341.530029296875,1342.43994140625,1388.0
2026-08-05 13:56:00,MRNA,,56.7400016784668,56.744998931884766,56.7400016784668,56.744998931884766,2918.0
2026-08-05 13:56:00,MYGN,,3.1500000953674316,3.1500000953674316,3.140000104904175,3.140000104904175,2383.0
2026-08-05 13:56:00,MYRG,,341.0400085449219,341.0400085449219,340.9800109863281,341.0400085449219,615.0
2026-08-05 13:56:00,NATR,,20.045000076293945,20.045000076293945,20.045000076293945,20.045000076293945,312.0
2026-08-05 13:56:00,NB,,5.090000152587891,5.09499979019165,5.090000152587891,5.09499979019165,5254.0
2026-08-05 13:56:00,NDAQ,,95.05999755859375,95.05999755859375,95.02999877929688,95.05000305175781,1274.0
2026-08-05 13:56:00,NDSN,,310.6499938964844,310.6499938964844,310.3699951171875,310.55999755859375,537.0
2026-08-05 13:56:00,NEGG,,16.770000457763672,16.770000457763672,16.770000457763672,16.770000457763672,159.0
2026-08-05 13:56:00,NEO,,16.030000686645508,16.040000915527344,16.030000686645508,16.040000915527344,1873.0
2026-08-05 13:56:00,NEOG,,11.619999885559082,11.629899978637695,11.614999771118164,11.619999885559082,7277.0
2026-08-05 13:56:00,NESR,,28.770000457763672,28.770000457763672,28.739999771118164,28.739999771118164,2371.0
2026-08-05 13:56:00,NEWT,,15.149999618530273,15.149999618530273,15.149999618530273,15.149999618530273,109.0
2026-08-05 13:56:00,NEXT,,6.440000057220459,6.440000057220459,6.440000057220459,6.440000057220459,2110.0
2026-08-05 13:56:00,NFE,,0.34040001034736633,0.34040001034736633,0.337799996137619,0.33899998664855957,2886.0
2026-08-05 13:56:00,NFLX,,73.56500244140625,73.56999969482422,73.55500030517578,73.55999755859375,20025.0
2026-08-05 13:56:00,NGNE,,35.5,35.5,35.5,35.5,704.0
2026-08-05 13:56:00,NKTX,,2.2249999046325684,2.2300000190734863,2.2249999046325684,2.2300000190734863,3564.0
2026-08-05 13:56:00,NMIH,,44.560001373291016,44.560001373291016,44.560001373291016,44.560001373291016,670.0
2026-08-05 13:56:00,NMRK,,15.78499984741211,15.78499984741211,15.78499984741211,15.78499984741211,1029.0
2026-08-05 13:56:00,NN,,14.399999618530273,14.404999732971191,14.39009952545166,14.404999732971191,3886.0
2026-08-05 13:56:00,NNBR,,3.8519999980926514,3.859999895095825,3.8519999980926514,3.859999895095825,6548.0
2026-08-05 13:56:00,NNDM,,1.5399999618530273,1.5449999570846558,1.5399999618530273,1.5449999570846558,800.0
2026-08-05 13:56:00,NNOX,,1.0149999856948853,1.0149999856948853,1.0149999856948853,1.0149999856948853,1385.0
2026-08-05 13:56:00,NRDS,,9.170000076293945,9.170000076293945,9.16349983215332,9.16349983215332,990.0
2026-08-05 13:56:00,NRIX,,25.049999237060547,25.06570053100586,25.049999237060547,25.06570053100586,1579.0
2026-08-05 13:56:00,NRXP,,3.102099895477295,3.102099895477295,3.102099895477295,3.102099895477295,342.0
2026-08-05 13:56:00,NSSC,,40.3400993347168,40.3400993347168,40.3400993347168,40.3400993347168,938.0
2026-08-05 13:56:00,NTAP,,189.93499755859375,189.94000244140625,189.9199981689453,189.92999267578125,3699.0
2026-08-05 13:56:00,NTCT,,41.93000030517578,41.93000030517578,41.93000030517578,41.93000030517578,1149.0
2026-08-05 13:56:00,NTES,,127.7699966430664,127.7699966430664,127.76000213623047,127.76000213623047,1727.0
2026-08-05 13:56:00,NTNX,,61.03499984741211,61.04999923706055,61.02000045776367,61.04999923706055,3072.0
2026-08-05 13:56:00,NTRA,,273.8999938964844,274.0400085449219,273.8999938964844,274.0400085449219,1159.0
2026-08-05 13:56:00,NTRS,,184.39950561523438,184.46499633789062,184.3800048828125,184.3800048828125,2124.0
2026-08-05 13:56:00,NVAX,,7.630000114440918,7.630000114440918,7.625,7.625,1057.0
2026-08-05 13:56:00,NVCR,,16.110000610351562,16.110000610351562,16.110000610351562,16.110000610351562,447.0
2026-08-05 13:56:00,NVDA,,220.77000427246094,220.914306640625,220.71499633789062,220.8592987060547,126812.0
2026-08-05 13:56:00,NVMI,,408.5899963378906,408.5899963378906,408.5899963378906,408.5899963378906,435.0
2026-08-05 13:56:00,NVTS,,12.489899635314941,12.489899635314941,12.469900131225586,12.475000381469727,8744.0
2026-08-05 13:56:00,NVVE,,0.9000999927520752,0.9000999927520752,0.9000999927520752,0.9000999927520752,100.0
2026-08-05 13:56:00,NWE,,68.73999786376953,68.73999786376953,68.73999786376953,68.73999786376953,308.0
2026-08-05 13:56:00,NWL,,6.295000076293945,6.300000190734863,6.289999961853027,6.296899795532227,23950.0
2026-08-05 13:56:00,NWS,,32.32500076293945,32.32500076293945,32.32500076293945,32.32500076293945,1189.0
2026-08-05 13:56:00,NWSA,,28.295000076293945,28.309999465942383,28.295000076293945,28.299999237060547,4712.0
2026-08-05 13:56:00,NXPI,,231.8300018310547,231.86500549316406,231.8300018310547,231.83999633789062,5794.0
2026-08-05 13:56:00,NXST,,191.89999389648438,191.89999389648438,191.89999389648438,191.89999389648438,446.0
2026-08-05 13:56:00,NXT,,98.5,98.5,98.41999816894531,98.48999786376953,3378.0
2026-08-05 13:56:00,OBIO,,4.215000152587891,4.215000152587891,4.215000152587891,4.215000152587891,479.0
2026-08-05 13:56:00,OCFC,,19.950199127197266,19.959999084472656,19.950199127197266,19.959999084472656,4989.0
2026-08-05 13:56:00,OCGN,,1.2999999523162842,1.2999999523162842,1.2949999570846558,1.2999999523162842,7555.0
2026-08-05 13:56:00,OCS,,12.069999694824219,12.069999694824219,12.069999694824219,12.069999694824219,1088.0
2026-08-05 13:56:00,OCUL,,8.614999771118164,8.614999771118164,8.614999771118164,8.614999771118164,1620.0
2026-08-05 13:56:00,ODFL,,213.61000061035156,213.63499450683594,213.5,213.63499450683594,1767.0
2026-08-05 13:56:00,OFIX,,10.420000076293945,10.420000076293945,10.395000457763672,10.395000457763672,1532.0
2026-08-05 13:56:00,OGI,,0.9542999863624573,0.9542999863624573,0.954200029373169,0.954200029373169,1274.0
2026-08-05 13:56:00,OKTA,,147.88999938964844,147.90499877929688,147.88999938964844,147.90499877929688,1955.0
2026-08-05 13:56:00,OLLI,,78.25990295410156,78.25990295410156,78.25990295410156,78.25990295410156,748.0
2026-08-05 13:56:00,OMCL,,37.415000915527344,37.415000915527344,37.415000915527344,37.415000915527344,605.0
2026-08-05 13:56:00,OMH,,0.11490000039339066,0.11580000072717667,0.11490000039339066,0.1151999980211258,7091.0
2026-08-05 13:56:00,ON,,77.94499969482422,77.96499633789062,77.91000366210938,77.96499633789062,12748.0
2026-08-05 13:56:00,ONB,,27.075000762939453,27.07819938659668,27.075000762939453,27.075000762939453,2787.0
2026-08-05 13:56:00,ONDS,,8.97070026397705,8.979999542236328,8.930000305175781,8.942899703979492,367370.0
2026-08-05 13:56:00,ONFO,,0.0738999992609024,0.07400000095367432,0.07329999655485153,0.07400000095367432,44136.0
2026-08-05 13:56:00,OPCH,,23.459999084472656,23.459999084472656,23.44499969482422,23.44499969482422,4993.0
2026-08-05 13:56:00,OPEN,,3.8350000381469727,3.8399999141693115,3.8299999237060547,3.8350000381469727,33377.0
2026-08-05 13:56:00,OPHC,,8.630000114440918,8.630000114440918,8.630000114440918,8.630000114440918,104.0
2026-08-05 13:56:00,OPK,,1.315000057220459,1.3177000284194946,1.315000057220459,1.3177000284194946,4827.0
2026-08-05 13:56:00,ORGO,,2.3350000381469727,2.3350000381469727,2.3350000381469727,2.3350000381469727,503.0
2026-08-05 13:56:00,ORIC,,13.010000228881836,13.010000228881836,13.0,13.0,1711.0
2026-08-05 13:56:00,ORLY,,93.08000183105469,93.21499633789062,93.06500244140625,93.1500015258789,18032.0
2026-08-05 13:56:00,OSBC,,25.84000015258789,25.84000015258789,25.84000015258789,25.84000015258789,1107.0
2026-08-05 13:56:00,OSPN,,16.735000610351562,16.760000228881836,16.729999542236328,16.760000228881836,4954.0
2026-08-05 13:56:00,OSS,,13.989999771118164,13.989999771118164,13.970000267028809,13.970000267028809,719.0
2026-08-05 13:56:00,OTEX,,25.934999465942383,25.934999465942383,25.924999237060547,25.924999237060547,2437.0
2026-08-05 13:56:00,OTLK,,1.024999976158142,1.024999976158142,1.024999976158142,1.024999976158142,1561.0
2026-08-05 13:56:00,OTLY,,14.40999984741211,14.40999984741211,14.399999618530273,14.40999984741211,1476.0
2026-08-05 13:56:00,OVID,,2.609999895095825,2.609999895095825,2.6050000190734863,2.609999895095825,898.0
2026-08-05 13:56:00,OXLCM,,25.06999969482422,25.09000015258789,25.06999969482422,25.08989906311035,3727.0
2026-08-05 13:56:00,OXSQ,,1.5,1.5,1.5,1.5,420.0
2026-08-05 13:56:00,PAA,,23.110000610351562,23.110000610351562,23.110000610351562,23.110000610351562,3724.0
2026-08-05 13:56:00,PAAS,,48.220001220703125,48.220001220703125,48.18000030517578,48.18000030517578,5436.0
2026-08-05 13:56:00,PACB,,1.3488999605178833,1.350000023841858,1.340000033378601,1.340000033378601,1410.0
2026-08-05 13:56:00,PAGP,,25.094999313354492,25.094999313354492,25.094999313354492,25.094999313354492,570.0
2026-08-05 13:56:00,PALI,,2.130000114440918,2.130000114440918,2.130000114440918,2.130000114440918,1592.0
2026-08-05 13:56:00,PANW,,365.4100036621094,365.4100036621094,365.0199890136719,365.0400085449219,6606.0
2026-08-05 13:56:00,PATK,,88.33000183105469,88.33000183105469,88.33000183105469,88.33000183105469,424.0
2026-08-05 13:56:00,PAYO,,7.125,7.125,7.125,7.125,2266.0
2026-08-05 13:56:00,PAYX,,117.75499725341797,117.76000213623047,117.75,117.76000213623047,2113.0
2026-08-05 13:56:00,PCAR,,134.5050048828125,134.5449981689453,134.46499633789062,134.47000122070312,5309.0
2026-08-05 13:56:00,PCRX,,24.649999618530273,24.649999618530273,24.649999618530273,24.649999618530273,1554.0
2026-08-05 13:56:00,PCT,,6.909999847412109,6.914999961853027,6.90500020980835,6.906499862670898,14250.0
2026-08-05 13:56:00,PCTY,,145.5050048828125,145.64999389648438,145.39999389648438,145.64999389648438,1052.0
2026-08-05 13:56:00,PDD,,90.94000244140625,90.95999908447266,90.91000366210938,90.91000366210938,9939.0
2026-08-05 13:56:00,PECO,,41.220001220703125,41.220001220703125,41.209999084472656,41.220001220703125,2426.0
2026-08-05 13:56:00,PEGA,,31.860000610351562,31.8700008392334,31.860000610351562,31.8700008392334,1793.0
2026-08-05 13:56:00,PENN,,19.799999237060547,19.809999465942383,19.799999237060547,19.809999465942383,5754.0
2026-08-05 13:56:00,PEP,,138.66000366210938,138.69000244140625,138.66000366210938,138.6699981689453,4065.0
2026-08-05 13:56:00,PERI,,9.569999694824219,9.569999694824219,9.569999694824219,9.569999694824219,134.0
2026-08-05 13:56:00,PESI,,17.939899444580078,17.939899444580078,17.895000457763672,17.895000457763672,533.0
2026-08-05 13:56:00,PFG,,114.23999786376953,114.29000091552734,114.23999786376953,114.29000091552734,3220.0
2026-08-05 13:56:00,PGC,,46.689998626708984,46.779998779296875,46.68000030517578,46.779998779296875,1971.0
2026-08-05 13:56:00,PGEN,,6.760000228881836,6.769999980926514,6.760000228881836,6.760000228881836,8208.0
2026-08-05 13:56:00,PGY,,21.940000534057617,21.940000534057617,21.93000030517578,21.93000030517578,709.0
2026-08-05 13:56:00,PHVS,,33.470001220703125,33.470001220703125,33.459999084472656,33.470001220703125,815.0
2026-08-05 13:56:00,PKOH,,41.22999954223633,41.22999954223633,41.22999954223633,41.22999954223633,817.0
2026-08-05 13:56:00,PLSE,,37.45500183105469,37.45500183105469,37.45500183105469,37.45500183105469,127.0
2026-08-05 13:56:00,PLUG,,2.0850000381469727,2.0899999141693115,2.0799999237060547,2.0850000381469727,23494.0
2026-08-05 13:56:00,PNFP,,108.0199966430664,108.0199966430664,108.0,108.0199966430664,1765.0
2026-08-05 13:56:00,PNRG,,185.3000030517578,185.3000030517578,185.3000030517578,185.3000030517578,880.0
2026-08-05 13:56:00,PNTG,,38.79999923706055,38.810001373291016,38.79499816894531,38.810001373291016,15842.0
2026-08-05 13:56:00,POET,,8.354999542236328,8.354999542236328,8.345000267028809,8.345000267028809,4182.0
2026-08-05 13:56:00,POOL,,206.08999633789062,206.08999633789062,206.08999633789062,206.08999633789062,855.0
2026-08-05 13:56:00,POWI,,61.939998626708984,61.939998626708984,61.939998626708984,61.939998626708984,1071.0
2026-08-05 13:56:00,POWL,,212.65499877929688,212.66000366210938,212.22999572753906,212.22999572753906,2324.0
2026-08-05 13:56:00,PPC,,26.424999237060547,26.440000534057617,26.40999984741211,26.440000534057617,4091.0
2026-08-05 13:56:00,PPIH,,25.94499969482422,25.94499969482422,25.94499969482422,25.94499969482422,125.0
2026-08-05 13:56:00,PPTA,,22.479999542236328,22.479999542236328,22.459999084472656,22.46500015258789,4463.0
2026-08-05 13:56:00,PRAX,,317.8999938964844,317.8999938964844,317.8999938964844,317.8999938964844,213.0
2026-08-05 13:56:00,PRCT,,18.6299991607666,18.6299991607666,18.6299991607666,18.6299991607666,1482.0
2026-08-05 13:56:00,PRIM,,84.94499969482422,85.02999877929688,84.94499969482422,85.0199966430664,2731.0
2026-08-05 13:56:00,PRME,,3.0850000381469727,3.0850000381469727,3.0799999237060547,3.0799999237060547,3141.0
2026-08-05 13:56:00,PROK,,1.6449999809265137,1.6449999809265137,1.6449999809265137,1.6449999809265137,621.0
2026-08-05 13:56:00,PRQR,,1.9299999475479126,1.9299999475479126,1.9299999475479126,1.9299999475479126,235.0
2026-08-05 13:56:00,PRSO,,0.6909000277519226,0.6909000277519226,0.6909000277519226,0.6909000277519226,250.0
2026-08-05 13:56:00,PRTH,,6.610000133514404,6.610000133514404,6.605000019073486,6.605000019073486,442.0
2026-08-05 13:56:00,PRVA,,24.18000030517578,24.190000534057617,24.18000030517578,24.190000534057617,800.0
2026-08-05 13:56:00,PSEC,,2.184999942779541,2.190000057220459,2.184999942779541,2.190000057220459,1961.0
2026-08-05 13:56:00,PSNL,,13.585000038146973,13.589900016784668,13.569999694824219,13.569999694824219,575.0
2026-08-05 13:56:00,PSNY,,14.180000305175781,14.180000305175781,14.180000305175781,14.180000305175781,105.0
2026-08-05 13:56:00,PTC,,140.27999877929688,140.27999877929688,140.22000122070312,140.23370361328125,1426.0
2026-08-05 13:56:00,PTCT,,69.12000274658203,69.12000274658203,69.12000274658203,69.12000274658203,448.0
2026-08-05 13:56:00,PTEN,,9.800000190734863,9.800000190734863,9.789999961853027,9.789999961853027,6948.0
2026-08-05 13:56:00,PTON,,6.525000095367432,6.525000095367432,6.519999980926514,6.519999980926514,24492.0
2026-08-05 13:56:00,PYPL,,58.275001525878906,58.30500030517578,58.2599983215332,58.29499816894531,10597.0
2026-08-05 13:56:00,PZZA,,30.190000534057617,30.190000534057617,30.15999984741211,30.15999984741211,4027.0
2026-08-05 13:56:00,QCOM,,158.1300048828125,158.1300048828125,158.02999877929688,158.0800018310547,5376.0
2026-08-05 13:56:00,QCRH,,105.52749633789062,105.52749633789062,105.52749633789062,105.52749633789062,465.0
2026-08-05 13:56:00,QFIN,,13.199999809265137,13.199999809265137,13.194999694824219,13.194999694824219,868.0
2026-08-05 13:56:00,QRVO,,94.76000213623047,94.7699966430664,94.72000122070312,94.7699966430664,2539.0
2026-08-05 13:56:00,SEED,,1.0149999856948853,1.0149999856948853,1.0099999904632568,1.0149999856948853,1132.0
2026-08-05 13:56:00,TARA,,4.034999847412109,4.034999847412109,4.034999847412109,4.034999847412109,292.0
2026-08-05 13:56:00,WOOF,,2.9549999237060547,2.9600000381469727,2.950000047683716,2.9600000381469727,14751.0
2026-08-05 13:57:00,ACDC,,4.445000171661377,4.445000171661377,4.445000171661377,4.445000171661377,1935.0
2026-08-05 13:57:00,BPRN,,41.814998626708984,41.97999954223633,41.814998626708984,41.97999954223633,302.0
2026-08-05 13:57:00,CNXN,,86.15499877929688,86.15499877929688,86.15499877929688,86.15499877929688,411.0
2026-08-05 13:57:00,CPOP,,0.35659998655319214,0.35659998655319214,0.3531000018119812,0.3531999886035919,1106.0
2026-08-05 13:57:00,DTIL,,7.5,7.5,7.5,7.5,1684.0
2026-08-05 13:57:00,EYE,,23.15999984741211,23.165000915527344,23.15999984741211,23.15999984741211,3166.0
2026-08-05 13:57:00,FIZZ,,32.08000183105469,32.08000183105469,32.08000183105469,32.08000183105469,657.0
2026-08-05 13:57:00,GLUE,,15.569999694824219,15.569999694824219,15.569999694824219,15.569999694824219,1212.0
2026-08-05 13:57:00,KITTW,,0.013799999840557575,0.013899999670684338,0.013799999840557575,0.013899999670684338,5754.0
2026-08-05 13:57:00,KTTA,,0.4666000008583069,0.4666000008583069,0.4666000008583069,0.4666000008583069,219.0
2026-08-05 13:57:00,MBRX,,0.4077000021934509,0.4077000021934509,0.4077000021934509,0.4077000021934509,650.0
2026-08-05 13:57:00,MDB,,375.73291015625,375.73291015625,375.0249938964844,375.0249938964844,2622.0
2026-08-05 13:57:00,MDLZ,,62.64500045776367,62.654998779296875,62.63999938964844,62.654998779296875,8942.0
2026-08-05 13:57:00,MLTX,,17.75,17.75,17.75,17.75,560.0
2026-08-05 13:57:00,MNRO,,13.1899995803833,13.1899995803833,13.170000076293945,13.170000076293945,3364.0
2026-08-05 13:57:00,MNST,,94.83000183105469,94.83999633789062,94.80000305175781,94.80999755859375,6601.0
2026-08-05 13:57:00,MORN,,198.26499938964844,198.26499938964844,198.26499938964844,198.26499938964844,1193.0
2026-08-05 13:57:00,MPWR,,1343.1500244140625,1343.1500244140625,1342.219970703125,1342.219970703125,676.0
2026-08-05 13:57:00,MRNA,,56.72999954223633,56.72999954223633,56.724998474121094,56.72999954223633,1051.0
2026-08-05 13:57:00,MYGN,,3.140000104904175,3.140000104904175,3.140000104904175,3.140000104904175,577.0
2026-08-05 13:57:00,MYRG,,340.92999267578125,341.0899963378906,340.92999267578125,341.0899963378906,175.0
2026-08-05 13:57:00,NAMS,,27.389999389648438,27.420000076293945,27.329999923706055,27.375,3016.0
2026-08-05 13:57:00,NATR,,20.100000381469727,20.100000381469727,20.100000381469727,20.100000381469727,127.0
2026-08-05 13:57:00,NAUT,,0.9555000066757202,0.9555000066757202,0.9555000066757202,0.9555000066757202,883.0
2026-08-05 13:57:00,NAVI,,9.180000305175781,9.180000305175781,9.180000305175781,9.180000305175781,1807.0
2026-08-05 13:57:00,NBIX,,162.9600067138672,162.97360229492188,162.89500427246094,162.96499633789062,3422.0
2026-08-05 13:57:00,NBTB,,53.36000061035156,53.36000061035156,53.349998474121094,53.36000061035156,1244.0
2026-08-05 13:57:00,NDAQ,,94.95999908447266,95.0,94.95999908447266,95.0,1100.0
2026-08-05 13:57:00,NDSN,,310.6499938964844,310.7349853515625,310.6499938964844,310.6499938964844,377.0
2026-08-05 13:57:00,NEO,,16.024999618530273,16.030000686645508,16.020000457763672,16.030000686645508,2122.0
2026-08-05 13:57:00,NEON,,0.949999988079071,0.949999988079071,0.949999988079071,0.949999988079071,516.0
2026-08-05 13:57:00,NESR,,28.78499984741211,28.78499984741211,28.780000686645508,28.780000686645508,1772.0
2026-08-05 13:57:00,NEWT,,15.149999618530273,15.149999618530273,15.149999618530273,15.149999618530273,245.0
2026-08-05 13:57:00,NFLX,,73.53500366210938,73.55999755859375,73.51499938964844,73.55999755859375,22136.0
2026-08-05 13:57:00,NHTC,,1.6349999904632568,1.6349999904632568,1.6349999904632568,1.6349999904632568,1296.0
2026-08-05 13:57:00,NICE,,99.10030364990234,99.23500061035156,99.10030364990234,99.23500061035156,2700.0
2026-08-05 13:57:00,NMFCZ,,25.099899291992188,25.099899291992188,25.099899291992188,25.099899291992188,984.0
2026-08-05 13:57:00,NMRA,,1.6150000095367432,1.6150000095367432,1.6150000095367432,1.6150000095367432,214.0
2026-08-05 13:57:00,NMRK,,15.779999732971191,15.779999732971191,15.779999732971191,15.779999732971191,4181.0
2026-08-05 13:57:00,NNBR,,3.8499999046325684,3.8550000190734863,3.8499999046325684,3.8499999046325684,920.0
2026-08-05 13:57:00,NNDM,,1.5449999570846558,1.5449999570846558,1.5449999570846558,1.5449999570846558,500.0
2026-08-05 13:57:00,NOVT,,156.33999633789062,156.33999633789062,155.9600067138672,156.1699981689453,8196.0
2026-08-05 13:57:00,NRDS,,9.164999961853027,9.164999961853027,9.164999961853027,9.164999961853027,137.0
2026-08-05 13:57:00,NRXP,,3.1050000190734863,3.1050000190734863,3.1050000190734863,3.1050000190734863,102.0
2026-08-05 13:57:00,NTAP,,189.8699951171875,189.88999938964844,189.86000061035156,189.88999938964844,3279.0
2026-08-05 13:57:00,NTNX,,61.04249954223633,61.04999923706055,61.03499984741211,61.040000915527344,2045.0
2026-08-05 13:57:00,NTRA,,274.1400146484375,274.1400146484375,274.1000061035156,274.1000061035156,1723.0
2026-08-05 13:57:00,NTRS,,184.41000366210938,184.41000366210938,184.41000366210938,184.41000366210938,468.0
2026-08-05 13:57:00,NUWE,,1.7100000381469727,1.7100000381469727,1.6920000314712524,1.6920000314712524,700.0
2026-08-05 13:57:00,NVAX,,7.625,7.625,7.619999885559082,7.619999885559082,345.0
2026-08-05 13:57:00,NVCR,,16.110000610351562,16.110000610351562,16.110000610351562,16.110000610351562,1425.0
2026-08-05 13:57:00,NVCT,,20.0,20.0,20.0,20.0,119.0
2026-08-05 13:57:00,NVDA,,220.91000366210938,220.9199981689453,220.68060302734375,220.77000427246094,150962.0
2026-08-05 13:57:00,NVTS,,12.505000114440918,12.505000114440918,12.489999771118164,12.489999771118164,7957.0
2026-08-05 13:57:00,NWBI,,15.96500015258789,15.96500015258789,15.96500015258789,15.96500015258789,519.0
2026-08-05 13:57:00,NWL,,6.295000076293945,6.300000190734863,6.295000076293945,6.295000076293945,3199.0
2026-08-05 13:57:00,NWS,,32.31999969482422,32.334999084472656,32.31999969482422,32.334999084472656,2664.0
2026-08-05 13:57:00,NWSA,,28.28499984741211,28.30500030517578,28.28499984741211,28.295000076293945,6255.0
2026-08-05 13:57:00,NXPI,,231.85000610351562,231.85000610351562,231.85000610351562,231.85000610351562,2887.0
2026-08-05 13:57:00,NXST,,191.92999267578125,192.08999633789062,191.92999267578125,192.08999633789062,907.0
2026-08-05 13:57:00,NXT,,98.55000305175781,98.55000305175781,98.5199966430664,98.53500366210938,4605.0
2026-08-05 13:57:00,OCFC,,19.934999465942383,19.959999084472656,19.934999465942383,19.954999923706055,18221.0
2026-08-05 13:57:00,OCGN,,1.2949999570846558,1.2999999523162842,1.2949999570846558,1.2999999523162842,2006.0
2026-08-05 13:57:00,OCS,,12.069999694824219,12.079999923706055,12.069999694824219,12.079999923706055,406.0
2026-08-05 13:57:00,ODD,,15.350000381469727,15.390000343322754,15.350000381469727,15.390000343322754,6403.0
2026-08-05 13:57:00,ODFL,,213.6999969482422,213.82000732421875,213.6999969482422,213.8000030517578,3296.0
2026-08-05 13:57:00,OKTA,,147.91000366210938,147.9499969482422,147.90499877929688,147.90499877929688,3269.0
2026-08-05 13:57:00,OLLI,,78.30999755859375,78.31999969482422,78.2699966430664,78.31999969482422,4207.0
2026-08-05 13:57:00,OMCL,,37.41999816894531,37.41999816894531,37.40999984741211,37.40999984741211,4369.0
2026-08-05 13:57:00,OMER,,12.819999694824219,12.819999694824219,12.8100004196167,12.8100004196167,862.0
2026-08-05 13:57:00,OMH,,0.1151999980211258,0.1151999980211258,0.1151999980211258,0.1151999980211258,9160.0
2026-08-05 13:57:00,ON,,77.98999786376953,77.98999786376953,77.93000030517578,77.95999908447266,15534.0
2026-08-05 13:57:00,ONB,,27.06999969482422,27.075000762939453,27.06999969482422,27.070100784301758,3142.0
2026-08-05 13:57:00,ONDS,,8.979999542236328,8.989999771118164,8.970000267028809,8.975000381469727,345828.0
2026-08-05 13:57:00,ONEW,,12.619999885559082,12.619999885559082,12.595000267028809,12.595000267028809,377.0
2026-08-05 13:57:00,ONFO,,0.0737999975681305,0.0738999992609024,0.0737999975681305,0.0737999975681305,43744.0
2026-08-05 13:57:00,OPCH,,23.450000762939453,23.459999084472656,23.440000534057617,23.454999923706055,4661.0
2026-08-05 13:57:00,OPEN,,3.8299999237060547,3.8399999141693115,3.8299999237060547,3.8350000381469727,32066.0
2026-08-05 13:57:00,OPHC,,8.630000114440918,8.630000114440918,8.630000114440918,8.630000114440918,102.0
2026-08-05 13:57:00,OPK,,1.315000057220459,1.315000057220459,1.3122999668121338,1.315000057220459,1893.0
2026-08-05 13:57:00,OPRA,,19.915000915527344,19.915000915527344,19.915000915527344,19.915000915527344,251.0
2026-08-05 13:57:00,OPRT,,6.184999942779541,6.190000057220459,6.184999942779541,6.190000057220459,645.0
2026-08-05 13:57:00,ORGO,,2.3399999141693115,2.3399999141693115,2.3399999141693115,2.3399999141693115,328.0
2026-08-05 13:57:00,ORIC,,13.020000457763672,13.020000457763672,13.020000457763672,13.020000457763672,500.0
2026-08-05 13:57:00,ORLY,,93.08999633789062,93.08999633789062,93.05000305175781,93.08999633789062,6524.0
2026-08-05 13:57:00,OSIS,,237.1699981689453,237.1699981689453,237.1699981689453,237.1699981689453,256.0
2026-08-05 13:57:00,OSPN,,16.780000686645508,16.780000686645508,16.719999313354492,16.719999313354492,4014.0
2026-08-05 13:57:00,OSS,,13.990099906921387,13.990099906921387,13.990099906921387,13.990099906921387,373.0
2026-08-05 13:57:00,OSW,,26.530000686645508,26.530000686645508,26.520000457763672,26.520000457763672,2118.0
2026-08-05 13:57:00,OTEX,,25.934999465942383,25.934999465942383,25.934999465942383,25.934999465942383,1210.0
2026-08-05 13:57:00,OTLK,,1.024999976158142,1.02839994430542,1.0199999809265137,1.024999976158142,20403.0
2026-08-05 13:57:00,OTLY,,14.40999984741211,14.40999984741211,14.40999984741211,14.40999984741211,374.0
2026-08-05 13:57:00,OVID,,2.6050000190734863,2.609999895095825,2.6050000190734863,2.609999895095825,1535.0
2026-08-05 13:57:00,OXLC,,9.164999961853027,9.164999961853027,9.164999961853027,9.164999961853027,208.0
2026-08-05 13:57:00,OXSQ,,1.5,1.507699966430664,1.5,1.507699966430664,1008.0
2026-08-05 13:57:00,PAA,,23.11949920654297,23.11949920654297,23.11949920654297,23.11949920654297,291.0
2026-08-05 13:57:00,PAAS,,48.25,48.27000045776367,48.220001220703125,48.220001220703125,7772.0
2026-08-05 13:57:00,PACB,,1.350000023841858,1.350000023841858,1.3450000286102295,1.3450000286102295,1451.0
2026-08-05 13:57:00,PAGP,,25.100000381469727,25.100000381469727,25.100000381469727,25.100000381469727,765.0
2026-08-05 13:57:00,PAHC,,35.619998931884766,35.619998931884766,35.619998931884766,35.619998931884766,1102.0
2026-08-05 13:57:00,PALI,,2.130000114440918,2.130000114440918,2.130000114440918,2.130000114440918,947.0
2026-08-05 13:57:00,PANW,,365.44000244140625,365.6499938964844,365.42999267578125,365.42999267578125,4144.0
2026-08-05 13:57:00,PAX,,11.425000190734863,11.430000305175781,11.425000190734863,11.430000305175781,1259.0
2026-08-05 13:57:00,PAYO,,7.119999885559082,7.125,7.119999885559082,7.125,730.0
2026-08-05 13:57:00,PAYX,,117.76899719238281,117.76899719238281,117.7300033569336,117.73999786376953,2494.0
2026-08-05 13:57:00,PCAR,,134.33999633789062,134.47999572753906,134.33999633789062,134.47999572753906,10454.0
2026-08-05 13:57:00,PCT,,6.900000095367432,6.900000095367432,6.900000095367432,6.900000095367432,2120.0
2026-08-05 13:57:00,PCTY,,145.64999389648438,145.64999389648438,145.3300018310547,145.3300018310547,642.0
2026-08-05 13:57:00,PDD,,90.9000015258789,90.94000244140625,90.9000015258789,90.94000244140625,7566.0
2026-08-05 13:57:00,PDEX,,68.31500244140625,68.31500244140625,68.31500244140625,68.31500244140625,287.0
2026-08-05 13:57:00,PDLB,,20.5,20.53499984741211,20.5,20.5,2289.0
2026-08-05 13:57:00,PECO,,41.224998474121094,41.224998474121094,41.224998474121094,41.224998474121094,465.0
2026-08-05 13:57:00,PEGA,,31.850000381469727,31.854999542236328,31.850000381469727,31.854999542236328,2209.0
2026-08-05 13:57:00,PEP,,138.6699981689453,138.69000244140625,138.6649932861328,138.6649932861328,2966.0
2026-08-05 13:57:00,PERI,,9.5649995803833,9.5649995803833,9.5649995803833,9.5649995803833,353.0
2026-08-05 13:57:00,PESI,,17.899999618530273,17.899999618530273,17.899999618530273,17.899999618530273,501.0
2026-08-05 13:57:00,PFG,,114.23999786376953,114.25,114.2300033569336,114.25,1412.0
2026-08-05 13:57:00,PGEN,,6.764999866485596,6.769999980926514,6.760000228881836,6.769999980926514,8949.0
2026-08-05 13:57:00,PGY,,21.90999984741211,21.950000762939453,21.90999984741211,21.950000762939453,3975.0
2026-08-05 13:57:00,PHIO,,1.0399999618530273,1.0399999618530273,1.0399999618530273,1.0399999618530273,1491.0
2026-08-05 13:57:00,PLRX,,1.059999942779541,1.059999942779541,1.059999942779541,1.059999942779541,335.0
2026-08-05 13:57:00,PLSE,,37.63999938964844,37.63999938964844,37.63999938964844,37.63999938964844,184.0
2026-08-05 13:57:00,PLTK,,3.880000114440918,3.880000114440918,3.880000114440918,3.880000114440918,579.0
2026-08-05 13:57:00,PLUG,,2.082900047302246,2.088900089263916,2.0799999237060547,2.0850000381469727,5588.0
2026-08-05 13:57:00,PLXS,,275.4599914550781,275.4599914550781,275.4599914550781,275.4599914550781,955.0
2026-08-05 13:57:00,PNFP,,108.05999755859375,108.05999755859375,108.04000091552734,108.04000091552734,561.0
2026-08-05 13:57:00,PNTG,,38.814998626708984,38.84000015258789,38.79499816894531,38.79999923706055,22509.0
2026-08-05 13:57:00,POET,,8.354999542236328,8.359999656677246,8.354999542236328,8.354999542236328,1517.0
2026-08-05 13:57:00,POOL,,205.97250366210938,206.0800018310547,205.97250366210938,206.0800018310547,7990.0
2026-08-05 13:57:00,POWL,,212.67999267578125,212.8000030517578,212.47500610351562,212.7899932861328,2122.0
2026-08-05 13:57:00,PPC,,26.420000076293945,26.420000076293945,26.40999984741211,26.40999984741211,769.0
2026-08-05 13:57:00,PPTA,,22.479999542236328,22.479999542236328,22.479999542236328,22.479999542236328,1211.0
2026-08-05 13:57:00,PRCT,,18.65999984741211,18.670000076293945,18.649999618530273,18.65999984741211,3405.0
2026-08-05 13:57:00,PRDO,,32.90999984741211,32.90999984741211,32.90999984741211,32.90999984741211,659.0
2026-08-05 13:57:00,PRIM,,85.20999908447266,85.20999908447266,85.02999877929688,85.02999877929688,9275.0
2026-08-05 13:57:00,PRME,,3.0799999237060547,3.0850000381469727,3.0799999237060547,3.0850000381469727,5476.0
2026-08-05 13:57:00,PROK,,1.6449999809265137,1.6449999809265137,1.6449999809265137,1.6449999809265137,272.0
2026-08-05 13:57:00,PRQR,,1.934999942779541,1.940000057220459,1.934999942779541,1.9391000270843506,12800.0
2026-08-05 13:57:00,PRVA,,24.190000534057617,24.190000534057617,24.190000534057617,24.190000534057617,696.0
2026-08-05 13:57:00,PSEC,,2.190000057220459,2.190000057220459,2.184999942779541,2.190000057220459,1155.0
2026-08-05 13:57:00,PSMT,,191.61500549316406,191.61500549316406,191.42999267578125,191.42999267578125,1265.0
2026-08-05 13:57:00,PSNL,,13.569999694824219,13.569999694824219,13.569999694824219,13.569999694824219,961.0
2026-08-05 13:57:00,PSNY,,14.180000305175781,14.180000305175781,14.180000305175781,14.180000305175781,312.0
2026-08-05 13:57:00,PTC,,140.2449951171875,140.2899932861328,140.22999572753906,140.2899932861328,3354.0
2026-08-05 13:57:00,PTCT,,69.18499755859375,69.18499755859375,69.13999938964844,69.13999938964844,1276.0
2026-08-05 13:57:00,PTEN,,9.810199737548828,9.8149995803833,9.799799919128418,9.800000190734863,17097.0
2026-08-05 13:57:00,PTGX,,136.97000122070312,136.97000122070312,136.97000122070312,136.97000122070312,1013.0
2026-08-05 13:57:00,PTON,,6.519999980926514,6.519999980926514,6.519999980926514,6.519999980926514,5209.0
2026-08-05 13:57:00,PWP,,17.489999771118164,17.489999771118164,17.489999771118164,17.489999771118164,799.0
2026-08-05 13:57:00,PYPL,,58.2400016784668,58.275001525878906,58.2400016784668,58.270198822021484,5396.0
2026-08-05 13:57:00,PYXS,,3.1600000858306885,3.1600000858306885,3.1600000858306885,3.1600000858306885,106.0
2026-08-05 13:57:00,PZZA,,30.190000534057617,30.199899673461914,30.190000534057617,30.190000534057617,1731.0
2026-08-05 13:57:00,QCOM,,158.1699981689453,158.17559814453125,158.08999633789062,158.13499450683594,5657.0
2026-08-05 13:57:00,QRVO,,94.80000305175781,94.86000061035156,94.7699966430664,94.7699966430664,6470.0
2026-08-05 13:57:00,SEED,,1.019700050354004,1.019700050354004,1.019700050354004,1.019700050354004,500.0
2026-08-05 13:57:00,TARA,,4.034999847412109,4.034999847412109,4.034999847412109,4.034999847412109,312.0
2026-08-05 13:57:00,WOOF,,2.950000047683716,2.950200080871582,2.950000047683716,2.9500999450683594,2390.0
2026-08-05 13:58:00,ACDC,,4.454999923706055,4.454999923706055,4.445000171661377,4.445000171661377,11946.0
2026-08-05 13:58:00,BPOP,,177.57000732421875,177.63499450683594,177.55999755859375,177.63499450683594,2628.0
2026-08-05 13:58:00,BPRN,,41.97999954223633,41.97999954223633,41.97999954223633,41.97999954223633,164.0
2026-08-05 13:58:00,CASH,,89.5,89.5,89.47000122070312,89.47000122070312,487.0
2026-08-05 13:58:00,CNXN,,86.15499877929688,86.15499877929688,86.15499877929688,86.15499877929688,1094.0
2026-08-05 13:58:00,FRST,,16.440000534057617,16.440000534057617,16.440000534057617,16.440000534057617,590.0
2026-08-05 13:58:00,GLUE,,15.579999923706055,15.579999923706055,15.569999694824219,15.569999694824219,1614.0
2026-08-05 13:58:00,KIDS,,21.545000076293945,21.545000076293945,21.545000076293945,21.545000076293945,1382.0
2026-08-05 13:58:00,KITT,,1.0250999927520752,1.0250999927520752,1.024999976158142,1.0250999927520752,7513.0
2026-08-05 13:58:00,LUNG,,1.9950000047683716,1.9950000047683716,1.9950000047683716,1.9950000047683716,589.0
2026-08-05 13:58:00,MBRX,,0.4050000011920929,0.4050000011920929,0.4000000059604645,0.4000000059604645,836.0
2026-08-05 13:58:00,MDB,,375.239990234375,375.6099853515625,375.239990234375,375.6099853515625,465.0
2026-08-05 13:58:00,MDLZ,,62.650001525878906,62.654998779296875,62.6349983215332,62.64500045776367,13765.0
2026-08-05 13:58:00,MNST,,94.82499694824219,94.83000183105469,94.80999755859375,94.80999755859375,5369.0
2026-08-05 13:58:00,MORN,,198.30999755859375,198.46249389648438,198.19000244140625,198.27999877929688,6144.0
2026-08-05 13:58:00,MPWR,,1343.5899658203125,1344.949951171875,1343.5899658203125,1343.9749755859375,1515.0
2026-08-05 13:58:00,MRNA,,56.76499938964844,56.76499938964844,56.689998626708984,56.720001220703125,9672.0
2026-08-05 13:58:00,MYGN,,3.140000104904175,3.1449999809265137,3.140000104904175,3.1449999809265137,2850.0
2026-08-05 13:58:00,MYRG,,341.2200012207031,341.2200012207031,341.2200012207031,341.2200012207031,339.0
2026-08-05 13:58:00,NAMS,,27.385000228881836,27.385000228881836,27.385000228881836,27.385000228881836,819.0
2026-08-05 13:58:00,NAVI,,9.170000076293945,9.170000076293945,9.170000076293945,9.170000076293945,1422.0
2026-08-05 13:58:00,NB,,5.09499979019165,5.09499979019165,5.09499979019165,5.09499979019165,729.0
2026-08-05 13:58:00,NBIX,,162.8300018310547,162.9600067138672,162.8300018310547,162.9600067138672,3209.0
2026-08-05 13:58:00,NDAQ,,94.91999816894531,94.95999908447266,94.9000015258789,94.95999908447266,3298.0
2026-08-05 13:58:00,NDSN,,310.75,310.75,310.75,310.75,56.0
2026-08-05 13:58:00,NEO,,16.030000686645508,16.045000076293945,16.030000686645508,16.030000686645508,6802.0
2026-08-05 13:58:00,NEOG,,11.609999656677246,11.609999656677246,11.609999656677246,11.609999656677246,875.0
2026-08-05 13:58:00,NEOV,,2.8371999263763428,2.8371999263763428,2.8371999263763428,2.8371999263763428,2019.0
2026-08-05 13:58:00,NEPH,,3.4932000637054443,3.4932000637054443,3.4932000637054443,3.4932000637054443,155.0
2026-08-05 13:58:00,NESR,,28.794700622558594,28.794700622558594,28.780000686645508,28.780000686645508,1928.0
2026-08-05 13:58:00,NEWT,,15.149999618530273,15.149999618530273,15.149999618530273,15.149999618530273,201.0
2026-08-05 13:58:00,NFLX,,73.49019622802734,73.54000091552734,73.49019622802734,73.53500366210938,23466.0
2026-08-05 13:58:00,NICE,,99.1500015258789,99.22000122070312,99.1500015258789,99.1500015258789,717.0
2026-08-05 13:58:00,NKSH,,41.619998931884766,41.619998931884766,41.619998931884766,41.619998931884766,190.0
2026-08-05 13:58:00,NKTR,,73.31999969482422,73.31999969482422,73.18000030517578,73.18000030517578,846.0
2026-08-05 13:58:00,NMFC,,7.34499979019165,7.349999904632568,7.34499979019165,7.349999904632568,1042.0
2026-08-05 13:58:00,NMRK,,15.770000457763672,15.770000457763672,15.770000457763672,15.770000457763672,1990.0
2026-08-05 13:58:00,NN,,14.399999618530273,14.403900146484375,14.399999618530273,14.403900146484375,971.0
2026-08-05 13:58:00,NNBR,,3.8450000286102295,3.8499999046325684,3.8399999141693115,3.8499999046325684,2912.0
2026-08-05 13:58:00,NNDM,,1.5449999570846558,1.5449999570846558,1.5449999570846558,1.5449999570846558,208.0
2026-08-05 13:58:00,NOVT,,156.14999389648438,156.14999389648438,156.14999389648438,156.14999389648438,467.0
2026-08-05 13:58:00,NRDS,,9.149999618530273,9.15999984741211,9.149999618530273,9.15999984741211,3006.0
2026-08-05 13:58:00,NRIX,,25.065000534057617,25.065000534057617,25.065000534057617,25.065000534057617,125.0
2026-08-05 13:58:00,NRXP,,3.106300115585327,3.106300115585327,3.0999999046325684,3.0999999046325684,378.0
2026-08-05 13:58:00,NTAP,,189.86000061035156,189.86000061035156,189.83999633789062,189.83999633789062,1447.0
2026-08-05 13:58:00,NTCT,,41.88999938964844,41.88999938964844,41.88999938964844,41.88999938964844,763.0
2026-08-05 13:58:00,NTNX,,61.01499938964844,61.040000915527344,61.01499938964844,61.040000915527344,1365.0
2026-08-05 13:58:00,NTRA,,274.6099853515625,274.6099853515625,274.45001220703125,274.45001220703125,2014.0
2026-08-05 13:58:00,NTRS,,184.24000549316406,184.36000061035156,184.24000549316406,184.36000061035156,3513.0
2026-08-05 13:58:00,NUWE,,1.690000057220459,1.690000057220459,1.690000057220459,1.690000057220459,500.0
2026-08-05 13:58:00,NVAX,,7.630000114440918,7.630000114440918,7.630000114440918,7.630000114440918,911.0
2026-08-05 13:58:00,NVDA,,220.9550018310547,220.97950744628906,220.8699951171875,220.9199981689453,107483.0
2026-08-05 13:58:00,NVMI,,409.0,409.0,409.0,409.0,545.0
2026-08-05 13:58:00,NVTS,,12.5,12.515000343322754,12.5,12.508700370788574,5847.0
2026-08-05 13:58:00,NWBI,,15.96500015258789,15.96500015258789,15.96500015258789,15.96500015258789,2271.0
2026-08-05 13:58:00,NWL,,6.295000076293945,6.300000190734863,6.289999961853027,6.295000076293945,2460.0
2026-08-05 13:58:00,NWS,,32.31990051269531,32.32500076293945,32.314998626708984,32.32500076293945,2203.0
2026-08-05 13:58:00,NWSA,,28.290000915527344,28.295000076293945,28.28499984741211,28.290000915527344,7697.0
2026-08-05 13:58:00,NXPI,,231.97000122070312,231.97000122070312,231.97000122070312,231.97000122070312,599.0
2026-08-05 13:58:00,NXT,,98.47000122070312,98.57959747314453,98.44499969482422,98.54499816894531,7480.0
2026-08-05 13:58:00,OBIO,,4.215000152587891,4.215000152587891,4.215000152587891,4.215000152587891,915.0
2026-08-05 13:58:00,OCFC,,19.940000534057617,19.950000762939453,19.934999465942383,19.934999465942383,10903.0
2026-08-05 13:58:00,OCGN,,1.2999999523162842,1.2999999523162842,1.2999999523162842,1.2999999523162842,12008.0
2026-08-05 13:58:00,OCS,,12.029999732971191,12.069999694824219,12.015000343322754,12.069999694824219,2169.0
2026-08-05 13:58:00,OCSL,,12.114999771118164,12.114999771118164,12.104999542236328,12.104999542236328,1243.0
2026-08-05 13:58:00,OCUL,,8.619999885559082,8.619999885559082,8.614999771118164,8.614999771118164,3510.0
2026-08-05 13:58:00,ODD,,15.369999885559082,15.37030029296875,15.369999885559082,15.37030029296875,1236.0
2026-08-05 13:58:00,OFIX,,10.420000076293945,10.460000038146973,10.420000076293945,10.420000076293945,4895.0
2026-08-05 13:58:00,OKTA,,147.77999877929688,147.85000610351562,147.77999877929688,147.85000610351562,2050.0
2026-08-05 13:58:00,OKYO,,1.6100000143051147,1.6100000143051147,1.6089999675750732,1.6089999675750732,1774.0
2026-08-05 13:58:00,OLLI,,78.33000183105469,78.33999633789062,78.31999969482422,78.33999633789062,2497.0
2026-08-05 13:58:00,OMCL,,37.415000915527344,37.42499923706055,37.400001525878906,37.42499923706055,2048.0
2026-08-05 13:58:00,OMER,,12.819999694824219,12.819999694824219,12.819999694824219,12.819999694824219,962.0
2026-08-05 13:58:00,OMEX,,0.7468000054359436,0.7468000054359436,0.7468000054359436,0.7468000054359436,3011.0
2026-08-05 13:58:00,ON,,78.04000091552734,78.06999969482422,77.9800033569336,77.9800033569336,26189.0
2026-08-05 13:58:00,ONB,,27.065000534057617,27.075000762939453,27.065000534057617,27.06999969482422,12863.0
2026-08-05 13:58:00,ONCY,,0.7978000044822693,0.7978000044822693,0.7978000044822693,0.7978000044822693,879.0
2026-08-05 13:58:00,ONDS,,8.969900131225586,8.979999542236328,8.960100173950195,8.975000381469727,469745.0
2026-08-05 13:58:00,ONEW,,12.604999542236328,12.619999885559082,12.600000381469727,12.600000381469727,1586.0
2026-08-05 13:58:00,ONFO,,0.0738999992609024,0.0738999992609024,0.0738999992609024,0.0738999992609024,11248.0
2026-08-05 13:58:00,OPCH,,23.450000762939453,23.459999084472656,23.450000762939453,23.450000762939453,1579.0
2026-08-05 13:58:00,OPEN,,3.819999933242798,3.8399999141693115,3.819999933242798,3.839900016784668,107150.0
2026-08-05 13:58:00,OPK,,1.315000057220459,1.315000057220459,1.309999942779541,1.309999942779541,21392.0
2026-08-05 13:58:00,OPRT,,6.184999942779541,6.184999942779541,6.184999942779541,6.184999942779541,215.0
2026-08-05 13:58:00,ORGO,,2.3350000381469727,2.3350000381469727,2.3350000381469727,2.3350000381469727,569.0
2026-08-05 13:58:00,ORIC,,13.03499984741211,13.03499984741211,13.020000457763672,13.024999618530273,1860.0
2026-08-05 13:58:00,ORLY,,92.95500183105469,93.06999969482422,92.94999694824219,93.06999969482422,37997.0
2026-08-05 13:58:00,OSPN,,16.690000534057617,16.719999313354492,16.690000534057617,16.719999313354492,1385.0
2026-08-05 13:58:00,OSS,,14.0,14.0,14.0,14.0,1912.0
2026-08-05 13:58:00,OTEX,,25.934999465942383,25.934999465942383,25.920000076293945,25.93000030517578,4502.0
2026-08-05 13:58:00,OTLK,,1.0299999713897705,1.0299999713897705,1.024999976158142,1.024999976158142,1294.0
2026-08-05 13:58:00,OVID,,2.609999895095825,2.609999895095825,2.609999895095825,2.609999895095825,419.0
2026-08-05 13:58:00,OXSQ,,1.5,1.5099999904632568,1.5,1.5099999904632568,1022.0
2026-08-05 13:58:00,PAA,,23.114999771118164,23.1200008392334,23.114999771118164,23.1200008392334,1580.0
2026-08-05 13:58:00,PAAS,,48.22999954223633,48.2400016784668,48.209999084472656,48.23500061035156,5459.0
2026-08-05 13:58:00,PACB,,1.3450000286102295,1.3450000286102295,1.3450000286102295,1.3450000286102295,2611.0
2026-08-05 13:58:00,PALI,,2.130000114440918,2.130000114440918,2.125,2.130000114440918,2629.0
2026-08-05 13:58:00,PANW,,365.3800048828125,365.70001220703125,365.31500244140625,365.70001220703125,3732.0
2026-08-05 13:58:00,PAX,,11.414999961853027,11.425000190734863,11.414999961853027,11.425000190734863,5170.0
2026-08-05 13:58:00,PAYO,,7.125,7.125,7.122200012207031,7.125,1412.0
2026-08-05 13:58:00,PAYX,,117.72000122070312,117.74500274658203,117.70999908447266,117.73999786376953,2733.0
2026-08-05 13:58:00,PCAR,,134.3000030517578,134.33999633789062,134.3000030517578,134.33999633789062,4060.0
2026-08-05 13:58:00,PCTY,,145.3300018310547,145.3300018310547,145.3300018310547,145.3300018310547,663.0
2026-08-05 13:58:00,PDD,,90.87999725341797,90.9000015258789,90.87999725341797,90.9000015258789,3210.0
2026-08-05 13:58:00,PDEX,,68.30999755859375,68.30999755859375,68.30999755859375,68.30999755859375,486.0
2026-08-05 13:58:00,PECO,,41.25,41.25,41.22999954223633,41.2400016784668,4701.0
2026-08-05 13:58:00,PEGA,,31.825000762939453,31.850000381469727,31.825000762939453,31.850000381469727,2841.0
2026-08-05 13:58:00,PENN,,19.780000686645508,19.790000915527344,19.780000686645508,19.790000915527344,1947.0
2026-08-05 13:58:00,PEP,,138.69500732421875,138.69500732421875,138.6699981689453,138.6699981689453,4354.0
2026-08-05 13:58:00,PERI,,9.5649995803833,9.5649995803833,9.5649995803833,9.5649995803833,171.0
2026-08-05 13:58:00,PFG,,114.16500091552734,114.20999908447266,114.1500015258789,114.20999908447266,2021.0
2026-08-05 13:58:00,PGEN,,6.795000076293945,6.795000076293945,6.769999980926514,6.769999980926514,24710.0
2026-08-05 13:58:00,PGNY,,31.760000228881836,31.780000686645508,31.760000228881836,31.770000457763672,2235.0
2026-08-05 13:58:00,PGY,,21.8799991607666,21.920000076293945,21.8799991607666,21.90999984741211,3184.0
2026-08-05 13:58:00,PHAT,,8.4399995803833,8.4399995803833,8.4399995803833,8.4399995803833,2958.0
2026-08-05 13:58:00,PHVS,,33.602500915527344,33.602500915527344,33.602500915527344,33.602500915527344,835.0
2026-08-05 13:58:00,PLTK,,3.884999990463257,3.884999990463257,3.884999990463257,3.884999990463257,298.0
2026-08-05 13:58:00,PLUG,,2.0899999141693115,2.0899999141693115,2.0799999237060547,2.0850000381469727,7065.0
2026-08-05 13:58:00,PLXS,,276.04998779296875,276.04998779296875,276.0400085449219,276.0400085449219,2098.0
2026-08-05 13:58:00,PMN,,13.265000343322754,13.265000343322754,13.265000343322754,13.265000343322754,0.0
2026-08-05 13:58:00,PNBK,,1.1399999856948853,1.1399999856948853,1.1399999856948853,1.1399999856948853,2326.0
2026-08-05 13:58:00,PNFP,,107.95999908447266,108.02999877929688,107.95999908447266,108.0199966430664,6142.0
2026-08-05 13:58:00,PNRG,,185.9499969482422,185.9499969482422,185.90499877929688,185.90499877929688,830.0
2026-08-05 13:58:00,PNTG,,38.83000183105469,38.86000061035156,38.810001373291016,38.810001373291016,3490.0
2026-08-05 13:58:00,POET,,8.350000381469727,8.364999771118164,8.350000381469727,8.364999771118164,4381.0
2026-08-05 13:58:00,POOL,,205.60000610351562,205.60000610351562,205.50999450683594,205.50999450683594,997.0
2026-08-05 13:58:00,POWI,,61.94499969482422,62.060001373291016,61.94499969482422,62.0,3045.0
2026-08-05 13:58:00,POWL,,212.4801025390625,212.4801025390625,212.4801025390625,212.4801025390625,92.0
2026-08-05 13:58:00,PPC,,26.420000076293945,26.420000076293945,26.420000076293945,26.420000076293945,540.0
2026-08-05 13:58:00,PPTA,,22.475000381469727,22.479999542236328,22.469999313354492,22.469999313354492,9396.0
2026-08-05 13:58:00,PRAA,,17.389999389648438,17.389999389648438,17.389999389648438,17.389999389648438,855.0
2026-08-05 13:58:00,PRAX,,318.1199951171875,318.8500061035156,318.1199951171875,318.2749938964844,557.0
2026-08-05 13:58:00,PRCH,,15.8100004196167,15.8100004196167,15.8100004196167,15.8100004196167,907.0
2026-08-05 13:58:00,PRCT,,18.649999618530273,18.65999984741211,18.649999618530273,18.655000686645508,2952.0
2026-08-05 13:58:00,PRGS,,42.32400131225586,42.32400131225586,42.32400131225586,42.32400131225586,649.0
2026-08-05 13:58:00,PRIM,,85.2750015258789,85.2750015258789,85.23999786376953,85.2699966430664,840.0
2026-08-05 13:58:00,PRQR,,1.9450000524520874,1.9550000429153442,1.934999942779541,1.9397000074386597,37268.0
2026-08-05 13:58:00,PRTA,,8.505000114440918,8.505000114440918,8.505000114440918,8.505000114440918,231.0
2026-08-05 13:58:00,PRTH,,6.650000095367432,6.650000095367432,6.610000133514404,6.610000133514404,11449.0
2026-08-05 13:58:00,PRVA,,24.190000534057617,24.190000534057617,24.190000534057617,24.190000534057617,242.0
2026-08-05 13:58:00,PRZO,,0.5407000184059143,0.5407000184059143,0.5407000184059143,0.5407000184059143,13072.0
2026-08-05 13:58:00,PSEC,,2.184999942779541,2.184999942779541,2.184999942779541,2.184999942779541,567.0
2026-08-05 13:58:00,PTEN,,9.8149995803833,9.819100379943848,9.8149995803833,9.8149995803833,5077.0
2026-08-05 13:58:00,PTLO,,4.635000228881836,4.635000228881836,4.635000228881836,4.635000228881836,1338.0
2026-08-05 13:58:00,PTON,,6.525000095367432,6.525000095367432,6.525000095367432,6.525000095367432,4913.0
2026-08-05 13:58:00,PUBM,,13.4350004196167,13.4350004196167,13.430000305175781,13.430000305175781,665.0
2026-08-05 13:58:00,PWP,,17.485000610351562,17.5,17.485000610351562,17.5,1081.0
2026-08-05 13:58:00,PYPL,,58.19499969482422,58.244998931884766,58.19499969482422,58.244998931884766,7035.0
2026-08-05 13:58:00,PYXS,,3.1700000762939453,3.180000066757202,3.1700000762939453,3.1700000762939453,553.0
2026-08-05 13:58:00,PZZA,,30.19499969482422,30.200000762939453,30.190000534057617,30.190000534057617,2869.0
2026-08-05 13:58:00,QCOM,,158.23129272460938,158.23129272460938,158.13999938964844,158.19000244140625,4280.0
2026-08-05 13:58:00,QFIN,,13.194999694824219,13.194999694824219,13.1899995803833,13.1899995803833,1906.0
2026-08-05 13:58:00,QRVO,,94.81999969482422,94.83999633789062,94.7925033569336,94.83999633789062,1893.0
2026-08-05 13:58:00,SEED,,1.0199999809265137,1.0199999809265137,1.0199999809265137,1.0199999809265137,500.0
2026-08-05 13:58:00,TARA,,4.034999847412109,4.034999847412109,4.034999847412109,4.034999847412109,200.0
2026-08-05 13:59:00,ACDC,,4.454999923706055,4.460000038146973,4.454999923706055,4.454999923706055,3459.0
2026-08-05 13:59:00,BPOP,,177.55999755859375,177.67990112304688,177.55999755859375,177.67990112304688,4042.0
2026-08-05 13:59:00,CASH,,89.55500030517578,89.55500030517578,89.55500030517578,89.55500030517578,505.0
2026-08-05 13:59:00,CPOP,,0.35659998655319214,0.35659998655319214,0.35659998655319214,0.35659998655319214,1000.0
2026-08-05 13:59:00,EYE,,23.139999389648438,23.15999984741211,23.1299991607666,23.15999984741211,5327.0
2026-08-05 13:59:00,FIZZ,,32.099998474121094,32.099998474121094,32.099998474121094,32.099998474121094,658.0
2026-08-05 13:59:00,GLUE,,15.579999923706055,15.59000015258789,15.579999923706055,15.59000015258789,1460.0
2026-08-05 13:59:00,MDB,,374.8999938964844,374.8999938964844,374.8999938964844,374.8999938964844,223.0
2026-08-05 13:59:00,MDLZ,,62.65999984741211,62.665000915527344,62.63999938964844,62.654998779296875,15002.0
2026-08-05 13:59:00,MLTX,,17.725000381469727,17.7549991607666,17.725000381469727,17.739999771118164,1556.0
2026-08-05 13:59:00,MNST,,94.80999755859375,94.83000183105469,94.80999755859375,94.83000183105469,5261.0
2026-08-05 13:59:00,MNTS,,4.291800022125244,4.291800022125244,4.291800022125244,4.291800022125244,1625.0
2026-08-05 13:59:00,MORN,,198.2550048828125,198.2550048828125,198.2550048828125,198.2550048828125,1295.0
2026-08-05 13:59:00,MOVE,,12.149999618530273,12.149999618530273,12.149999618530273,12.149999618530273,561.0
2026-08-05 13:59:00,MPWR,,1344.9200439453125,1344.9200439453125,1343.6943359375,1343.81005859375,1129.0
2026-08-05 13:59:00,MRNA,,56.689998626708984,56.779998779296875,56.689998626708984,56.77000045776367,8133.0
2026-08-05 13:59:00,MVBF,,30.674999237060547,30.674999237060547,30.674999237060547,30.674999237060547,159.0
2026-08-05 13:59:00,MYGN,,3.1449999809265137,3.1449999809265137,3.140000104904175,3.140000104904175,2092.0
2026-08-05 13:59:00,MYRG,,341.12249755859375,341.12249755859375,341.12249755859375,341.12249755859375,253.0
2026-08-05 13:59:00,NAMS,,27.385000228881836,27.385000228881836,27.385000228881836,27.385000228881836,158.0
2026-08-05 13:59:00,NAUT,,0.948199987411499,0.9555000066757202,0.948199987411499,0.9555000066757202,2250.0
2026-08-05 13:59:00,NAVI,,9.164999961853027,9.164999961853027,9.164999961853027,9.164999961853027,1303.0
2026-08-05 13:59:00,NB,,5.090000152587891,5.090000152587891,5.090000152587891,5.090000152587891,2419.0
2026-08-05 13:59:00,NBIX,,162.8350067138672,162.83999633789062,162.82000732421875,162.83999633789062,1733.0
2026-08-05 13:59:00,NBTB,,53.31999969482422,53.31999969482422,53.314998626708984,53.314998626708984,711.0
2026-08-05 13:59:00,NCRA,,1.809999942779541,1.809999942779541,1.809999942779541,1.809999942779541,174.0
2026-08-05 13:59:00,NDAQ,,94.90499877929688,94.94000244140625,94.90499877929688,94.94000244140625,787.0
2026-08-05 13:59:00,NDSN,,310.5799865722656,310.7550048828125,310.57000732421875,310.57000732421875,215.0
2026-08-05 13:59:00,NECB,,27.336000442504883,27.336000442504883,27.200000762939453,27.200000762939453,680.0
2026-08-05 13:59:00,NEOV,,2.8399999141693115,2.8399999141693115,2.8399999141693115,2.8399999141693115,374.0
2026-08-05 13:59:00,NESR,,28.770000457763672,28.774999618530273,28.770000457763672,28.774999618530273,539.0
2026-08-05 13:59:00,NEWT,,15.149999618530273,15.149999618530273,15.149999618530273,15.149999618530273,447.0
2026-08-05 13:59:00,NEXT,,6.449999809265137,6.449999809265137,6.449999809265137,6.449999809265137,7134.0
2026-08-05 13:59:00,NFLX,,73.5199966430664,73.5250015258789,73.48999786376953,73.49500274658203,20841.0
2026-08-05 13:59:00,NGNE,,35.5,35.5,35.5,35.5,669.0
2026-08-05 13:59:00,NICE,,99.06999969482422,99.1500015258789,99.06999969482422,99.1500015258789,570.0
2026-08-05 13:59:00,NKTR,,73.26000213623047,73.26000213623047,73.26000213623047,73.26000213623047,135.0
2026-08-05 13:59:00,NMRA,,1.6150000095367432,1.6150000095367432,1.6150000095367432,1.6150000095367432,695.0
2026-08-05 13:59:00,NMRK,,15.75,15.75,15.75,15.75,966.0
2026-08-05 13:59:00,NN,,14.40999984741211,14.40999984741211,14.390000343322754,14.40999984741211,4021.0
2026-08-05 13:59:00,NNBR,,3.8550000190734863,3.8550000190734863,3.8450000286102295,3.8450000286102295,9092.0
2026-08-05 13:59:00,NNDM,,1.5449999570846558,1.5449999570846558,1.5414999723434448,1.5449999570846558,1056.0
2026-08-05 13:59:00,NNOX,,1.0149999856948853,1.0149999856948853,1.0149999856948853,1.0149999856948853,151.0
2026-08-05 13:59:00,NRIX,,25.040000915527344,25.065000534057617,25.040000915527344,25.065000534057617,2002.0
2026-08-05 13:59:00,NRXP,,3.0950000286102295,3.1050000190734863,3.0899999141693115,3.1050000190734863,1533.0
2026-08-05 13:59:00,NTAP,,189.63999938964844,189.80499267578125,189.63999938964844,189.80499267578125,8991.0
2026-08-05 13:59:00,NTGR,,24.290000915527344,24.354999542236328,24.280000686645508,24.354999542236328,5423.0
2026-08-05 13:59:00,NTNX,,61.04999923706055,61.04999923706055,60.9900016784668,60.9900016784668,5817.0
2026-08-05 13:59:00,NTRS,,184.3249969482422,184.3249969482422,184.2100067138672,184.2899932861328,3492.0
2026-08-05 13:59:00,NUTX,,156.75,156.75,156.67999267578125,156.67999267578125,1419.0
2026-08-05 13:59:00,NVAX,,7.625,7.625,7.625,7.625,1054.0
2026-08-05 13:59:00,NVCR,,16.09000015258789,16.100000381469727,16.09000015258789,16.100000381469727,3322.0
2026-08-05 13:59:00,NVDA,,220.81500244140625,220.9499969482422,220.75,220.93499755859375,136863.0
2026-08-05 13:59:00,NVMI,,408.8949890136719,408.8949890136719,408.8949890136719,408.8949890136719,177.0
2026-08-05 13:59:00,NVTS,,12.47700023651123,12.494999885559082,12.47700023651123,12.494999885559082,7496.0
2026-08-05 13:59:00,NWBI,,15.96500015258789,15.96500015258789,15.96500015258789,15.96500015258789,801.0
2026-08-05 13:59:00,NWL,,6.295000076293945,6.300000190734863,6.289999961853027,6.295000076293945,3573.0
2026-08-05 13:59:00,NWPX,,127.5,128.0,127.5,127.91000366210938,2284.0
2026-08-05 13:59:00,NWS,,32.32500076293945,32.33000183105469,32.32500076293945,32.33000183105469,1077.0
2026-08-05 13:59:00,NWSA,,28.299999237060547,28.30500030517578,28.295000076293945,28.299999237060547,7528.0
2026-08-05 13:59:00,NXPI,,231.94000244140625,232.0500030517578,231.94000244140625,232.0500030517578,5073.0
2026-08-05 13:59:00,NXST,,191.60000610351562,191.74000549316406,191.58999633789062,191.61000061035156,2580.0
2026-08-05 13:59:00,NXT,,98.50499725341797,98.54000091552734,98.46009826660156,98.51000213623047,2168.0
2026-08-05 13:59:00,OCFC,,19.950000762939453,19.950000762939453,19.93000030517578,19.934999465942383,4756.0
2026-08-05 13:59:00,OCGN,,1.2999999523162842,1.2999999523162842,1.2949999570846558,1.2999999523162842,2772.0
2026-08-05 13:59:00,OCUL,,8.619999885559082,8.629899978637695,8.619999885559082,8.625,3074.0
2026-08-05 13:59:00,ODFL,,213.6699981689453,213.75999450683594,213.6699981689453,213.75999450683594,950.0
2026-08-05 13:59:00,OESX,,14.880000114440918,14.880000114440918,14.880000114440918,14.880000114440918,110.0
2026-08-05 13:59:00,OFIX,,10.425000190734863,10.449999809265137,10.395000457763672,10.399999618530273,2862.0
2026-08-05 13:59:00,OFLX,,30.280000686645508,30.280000686645508,30.280000686645508,30.280000686645508,121.0
2026-08-05 13:59:00,OKTA,,147.8800048828125,147.8800048828125,147.7050018310547,147.7050018310547,4048.0
2026-08-05 13:59:00,OLLI,,78.27999877929688,78.29000091552734,78.27999877929688,78.29000091552734,690.0
2026-08-05 13:59:00,OLMA,,11.609999656677246,11.609999656677246,11.609999656677246,11.609999656677246,483.0
2026-08-05 13:59:00,OMCL,,37.415000915527344,37.415000915527344,37.412498474121094,37.412498474121094,730.0
2026-08-05 13:59:00,OMEX,,0.7493000030517578,0.7493000030517578,0.7493000030517578,0.7493000030517578,1111.0
2026-08-05 13:59:00,OMH,,0.11500000208616257,0.11500000208616257,0.11500000208616257,0.11500000208616257,4005.0
2026-08-05 13:59:00,ON,,78.01000213623047,78.05000305175781,77.9800033569336,78.04000091552734,13782.0
2026-08-05 13:59:00,ONB,,27.05500030517578,27.065000534057617,27.05500030517578,27.059999465942383,3749.0
2026-08-05 13:59:00,ONDS,,8.96500015258789,8.979999542236328,8.960000038146973,8.970000267028809,309324.0
2026-08-05 13:59:00,ONFO,,0.07400000095367432,0.07410000264644623,0.07400000095367432,0.07410000264644623,16305.0
2026-08-05 13:59:00,OPAL,,2.365000009536743,2.365000009536743,2.365000009536743,2.365000009536743,200.0
2026-08-05 13:59:00,OPBK,,15.850000381469727,15.850000381469727,15.850000381469727,15.850000381469727,1025.0
2026-08-05 13:59:00,OPCH,,23.440000534057617,23.450000762939453,23.420000076293945,23.440000534057617,8550.0
2026-08-05 13:59:00,OPEN,,3.825000047683716,3.8299999237060547,3.819999933242798,3.8299999237060547,29293.0
2026-08-05 13:59:00,OPHC,,8.694999694824219,8.699999809265137,8.670000076293945,8.699999809265137,4723.0
2026-08-05 13:59:00,OPK,,1.309999942779541,1.315000057220459,1.309999942779541,1.315000057220459,3854.0
2026-08-05 13:59:00,OPRA,,19.93440055847168,19.93440055847168,19.93440055847168,19.93440055847168,1980.0
2026-08-05 13:59:00,OPRT,,6.179999828338623,6.184999942779541,6.179999828338623,6.184999942779541,1010.0
2026-08-05 13:59:00,ORIC,,13.050000190734863,13.0600004196167,13.039999961853027,13.039999961853027,3635.0
2026-08-05 13:59:00,ORLY,,92.94499969482422,92.95999908447266,92.94000244140625,92.95500183105469,5872.0
2026-08-05 13:59:00,OSBC,,25.84000015258789,25.84000015258789,25.84000015258789,25.84000015258789,231.0
2026-08-05 13:59:00,OSIS,,237.23500061035156,237.23500061035156,237.23500061035156,237.23500061035156,283.0
2026-08-05 13:59:00,OSPN,,16.69499969482422,16.729999542236328,16.69499969482422,16.729999542236328,553.0
2026-08-05 13:59:00,OSS,,13.989999771118164,14.0,13.989999771118164,14.0,1162.0
2026-08-05 13:59:00,OSW,,26.514999389648438,26.514999389648438,26.514999389648438,26.514999389648438,801.0
2026-08-05 13:59:00,OTEX,,25.934999465942383,25.934999465942383,25.93000030517578,25.93000030517578,1895.0
2026-08-05 13:59:00,OTLK,,1.0299999713897705,1.0299999713897705,1.0299999713897705,1.0299999713897705,851.0
2026-08-05 13:59:00,OVID,,2.609999895095825,2.609999895095825,2.6050000190734863,2.6050000190734863,682.0
2026-08-05 13:59:00,OXLC,,9.165499687194824,9.165499687194824,9.164999961853027,9.164999961853027,389.0
2026-08-05 13:59:00,OXSQ,,1.5,1.5,1.5,1.5,316.0
2026-08-05 13:59:00,PAA,,23.128000259399414,23.128000259399414,23.114999771118164,23.114999771118164,6168.0
2026-08-05 13:59:00,PAAS,,48.140499114990234,48.220001220703125,48.140499114990234,48.220001220703125,6195.0
2026-08-05 13:59:00,PACB,,1.3450000286102295,1.3459999561309814,1.3450000286102295,1.3450000286102295,9263.0
2026-08-05 13:59:00,PAGP,,25.110000610351562,25.110000610351562,25.100000381469727,25.100000381469727,3603.0
2026-08-05 13:59:00,PALI,,2.125,2.130000114440918,2.125,2.130000114440918,1247.0
2026-08-05 13:59:00,PANW,,365.7200012207031,365.7200012207031,365.4200134277344,365.42999267578125,4863.0
2026-08-05 13:59:00,PATK,,88.25,88.25,88.25,88.25,865.0
2026-08-05 13:59:00,PAX,,11.40999984741211,11.414999961853027,11.40999984741211,11.414999961853027,4762.0
2026-08-05 13:59:00,PAYO,,7.119999885559082,7.119999885559082,7.119999885559082,7.119999885559082,2022.0
2026-08-05 13:59:00,PAYS,,9.149999618530273,9.180000305175781,9.130000114440918,9.180000305175781,33659.0
2026-08-05 13:59:00,PAYX,,117.75,117.75,117.73999786376953,117.73999786376953,1798.0
2026-08-05 13:59:00,PCAR,,134.3350067138672,134.3489990234375,134.3000030517578,134.3000030517578,1195.0
2026-08-05 13:59:00,PCT,,6.90500020980835,6.90500020980835,6.90500020980835,6.90500020980835,3208.0
2026-08-05 13:59:00,PCTY,,145.25,145.25,145.25,145.25,2034.0
2026-08-05 13:59:00,PDD,,90.86000061035156,90.86499786376953,90.8550033569336,90.86499786376953,4522.0
2026-08-05 13:59:00,PDLB,,20.53499984741211,20.53499984741211,20.53499984741211,20.53499984741211,398.0
2026-08-05 13:59:00,PECO,,41.260101318359375,41.27009963989258,41.2599983215332,41.27000045776367,4400.0
2026-08-05 13:59:00,PENN,,19.774999618530273,19.780000686645508,19.77400016784668,19.774999618530273,2071.0
2026-08-05 13:59:00,PEP,,138.67999267578125,138.6999969482422,138.67999267578125,138.69500732421875,2494.0
2026-08-05 13:59:00,PFG,,114.15499877929688,114.16500091552734,114.15499877929688,114.16500091552734,533.0
2026-08-05 13:59:00,PGEN,,6.769999980926514,6.795000076293945,6.769999980926514,6.789999961853027,10619.0
2026-08-05 13:59:00,PGNY,,31.739999771118164,31.739999771118164,31.735000610351562,31.739999771118164,833.0
2026-08-05 13:59:00,PGY,,21.84000015258789,21.860000610351562,21.84000015258789,21.860000610351562,1353.0
2026-08-05 13:59:00,PHAT,,8.430000305175781,8.430000305175781,8.430000305175781,8.430000305175781,1597.0
2026-08-05 13:59:00,PLBY,,1.1549999713897705,1.1549999713897705,1.1549999713897705,1.1549999713897705,1058.0
2026-08-05 13:59:00,PLSE,,37.63999938964844,37.63999938964844,37.474998474121094,37.474998474121094,546.0
2026-08-05 13:59:00,PLTK,,3.884999990463257,3.884999990463257,3.884999990463257,3.884999990463257,450.0
2026-08-05 13:59:00,PLUG,,2.0799999237060547,2.0899999141693115,2.0799999237060547,2.0850000381469727,5691.0
2026-08-05 13:59:00,PNFP,,107.94999694824219,108.0,107.94499969482422,107.94499969482422,4821.0
2026-08-05 13:59:00,PNTG,,38.834999084472656,38.834999084472656,38.834999084472656,38.834999084472656,290.0
2026-08-05 13:59:00,POET,,8.350000381469727,8.354999542236328,8.350000381469727,8.354999542236328,6996.0
2026-08-05 13:59:00,POOL,,205.64500427246094,205.64500427246094,205.5500030517578,205.5500030517578,478.0
2026-08-05 13:59:00,POWI,,61.94499969482422,61.94499969482422,61.94499969482422,61.94499969482422,134.0
2026-08-05 13:59:00,POWL,,212.3101043701172,212.4801025390625,212.3101043701172,212.4801025390625,1129.0
2026-08-05 13:59:00,PPC,,26.420000076293945,26.420000076293945,26.420000076293945,26.420000076293945,1016.0
2026-08-05 13:59:00,PPIH,,25.94499969482422,25.94499969482422,25.94499969482422,25.94499969482422,177.0
2026-08-05 13:59:00,PPTA,,22.420000076293945,22.475000381469727,22.420000076293945,22.475000381469727,1967.0
2026-08-05 13:59:00,PRAX,,318.94000244140625,318.94000244140625,318.94000244140625,318.94000244140625,319.0
2026-08-05 13:59:00,PRCH,,15.819999694824219,15.845000267028809,15.8100004196167,15.8100004196167,4905.0
2026-08-05 13:59:00,PRCT,,18.649999618530273,18.665000915527344,18.639999389648438,18.649999618530273,5611.0
2026-08-05 13:59:00,PRDO,,32.95000076293945,32.96500015258789,32.900001525878906,32.90999984741211,4212.0
2026-08-05 13:59:00,PRIM,,85.12000274658203,85.27999877929688,85.12000274658203,85.27999877929688,4058.0
2026-08-05 13:59:00,PROK,,1.6399999856948853,1.6399999856948853,1.6399999856948853,1.6399999856948853,1552.0
2026-08-05 13:59:00,PRQR,,1.9450000524520874,1.9500000476837158,1.934999942779541,1.9401999711990356,50688.0
2026-08-05 13:59:00,PRTA,,8.505000114440918,8.505000114440918,8.505000114440918,8.505000114440918,328.0
2026-08-05 13:59:00,PRTH,,6.650000095367432,6.650000095367432,6.650000095367432,6.650000095367432,848.0
2026-08-05 13:59:00,PRVA,,24.190000534057617,24.190000534057617,24.190000534057617,24.190000534057617,503.0
2026-08-05 13:59:00,PSEC,,2.184999942779541,2.190000057220459,2.184999942779541,2.184999942779541,1154.0
2026-08-05 13:59:00,PSNL,,13.539999961853027,13.579999923706055,13.539999961853027,13.579999923706055,5884.0
2026-08-05 13:59:00,PTC,,140.0500030517578,140.0500030517578,140.0500030517578,140.0500030517578,876.0
2026-08-05 13:59:00,PTCT,,69.19999694824219,69.19999694824219,69.19999694824219,69.19999694824219,1034.0
2026-08-05 13:59:00,PTEN,,9.8149995803833,9.824999809265137,9.8149995803833,9.819999694824219,13052.0
2026-08-05 13:59:00,PTLO,,4.625,4.630000114440918,4.625,4.630000114440918,1481.0
2026-08-05 13:59:00,PTON,,6.519999980926514,6.53000020980835,6.519999980926514,6.519999980926514,5561.0
2026-08-05 13:59:00,PUBM,,13.420000076293945,13.420000076293945,13.420000076293945,13.420000076293945,1258.0
2026-08-05 13:59:00,PWP,,17.459999084472656,17.489999771118164,17.459999084472656,17.479999542236328,1585.0
2026-08-05 13:59:00,PYPL,,58.19499969482422,58.20500183105469,58.185001373291016,58.20500183105469,8717.0
2026-08-05 13:59:00,PYXS,,3.1600000858306885,3.1600000858306885,3.1600000858306885,3.1600000858306885,354.0
2026-08-05 13:59:00,PZZA,,30.19499969482422,30.235000610351562,30.19499969482422,30.209999084472656,2324.0
2026-08-05 13:59:00,QCOM,,158.14999389648438,158.2100067138672,158.11000061035156,158.17999267578125,10605.0
2026-08-05 13:59:00,QFIN,,13.194999694824219,13.199999809265137,13.194999694824219,13.199999809265137,1055.0
2026-08-05 13:59:00,QRVO,,94.77999877929688,94.78510284423828,94.77010345458984,94.77010345458984,1541.0
2026-08-05 13:59:00,SEED,,1.0199999809265137,1.0199999809265137,1.0149999856948853,1.0149999856948853,1738.0
2026-08-05 13:59:00,TARA,,4.034999847412109,4.034999847412109,4.034999847412109,4.034999847412109,335.0
2026-08-05 14:00:00,ACDC,,4.454999923706055,4.454999923706055,4.449999809265137,4.449999809265137,1507.0
2026-08-05 14:00:00,EYE,,23.139999389648438,23.139999389648438,23.139999389648438,23.139999389648438,795.0
2026-08-05 14:00:00,GLUE,,15.574999809265137,15.574999809265137,15.574999809265137,15.574999809265137,554.0
2026-08-05 14:00:00,MBIO,,0.5999000072479248,0.5999000072479248,0.5999000072479248,0.5999000072479248,551.0
2026-08-05 14:00:00,MBRX,,0.3984000086784363,0.3984000086784363,0.3984000086784363,0.3984000086784363,286.0
2026-08-05 14:00:00,MDB,,375.5299987792969,375.5899963378906,375.19000244140625,375.3575134277344,2007.0
2026-08-05 14:00:00,MDLZ,,62.67499923706055,62.685001373291016,62.654998779296875,62.654998779296875,11117.0
2026-08-05 14:00:00,MNST,,94.79499816894531,94.81500244140625,94.79000091552734,94.80000305175781,5509.0
2026-08-05 14:00:00,MPWR,,1346.239990234375,1346.4000244140625,1344.199951171875,1344.3499755859375,2596.0
2026-08-05 14:00:00,MRNA,,56.650001525878906,56.685001373291016,56.650001525878906,56.685001373291016,2425.0
2026-08-05 14:00:00,MYGN,,3.140000104904175,3.1449999809265137,3.140000104904175,3.1449999809265137,1382.0
2026-08-05 14:00:00,MYRG,,340.7900085449219,340.82000732421875,340.4200134277344,340.69000244140625,3240.0
2026-08-05 14:00:00,NAMS,,27.385000228881836,27.385000228881836,27.385000228881836,27.385000228881836,613.0
2026-08-05 14:00:00,NAUT,,0.948199987411499,0.948199987411499,0.948199987411499,0.948199987411499,0.0
2026-08-05 14:00:00,NB,,5.080999851226807,5.090000152587891,5.080999851226807,5.090000152587891,2719.0
2026-08-05 14:00:00,NBIX,,162.75,162.89999389648438,162.75,162.89999389648438,4053.0
2026-08-05 14:00:00,NBTB,,53.349998474121094,53.349998474121094,53.34000015258789,53.34000015258789,1194.0
2026-08-05 14:00:00,NCMI,,4.139999866485596,4.139999866485596,4.139999866485596,4.139999866485596,602.0
2026-08-05 14:00:00,NCNA,,1.315000057220459,1.315000057220459,1.315000057220459,1.315000057220459,252.0
2026-08-05 14:00:00,NDAQ,,94.87999725341797,94.94000244140625,94.87000274658203,94.94000244140625,3787.0
2026-08-05 14:00:00,NDSN,,310.6199951171875,310.6199951171875,310.6199951171875,310.6199951171875,136.0
2026-08-05 14:00:00,NECB,,27.31999969482422,27.31999969482422,27.200000762939453,27.200000762939453,801.0
2026-08-05 14:00:00,NEGG,,16.760000228881836,16.760000228881836,16.760000228881836,16.760000228881836,230.0
2026-08-05 14:00:00,NEO,,16.010000228881836,16.010000228881836,16.010000228881836,16.010000228881836,499.0
2026-08-05 14:00:00,NEOG,,11.614999771118164,11.614999771118164,11.609999656677246,11.609999656677246,2614.0
2026-08-05 14:00:00,NEOV,,2.8299999237060547,2.8350000381469727,2.8299999237060547,2.8350000381469727,3848.0
2026-08-05 14:00:00,NESR,,28.809999465942383,28.809999465942383,28.790000915527344,28.809999465942383,509.0
2026-08-05 14:00:00,NEXT,,6.454999923706055,6.454999923706055,6.449999809265137,6.454999923706055,6195.0
2026-08-05 14:00:00,NFE,,0.3391999900341034,0.3391999900341034,0.3391999900341034,0.3391999900341034,732.0
2026-08-05 14:00:00,NFLX,,73.53500366210938,73.53500366210938,73.5199966430664,73.5199966430664,15168.0
2026-08-05 14:00:00,NICE,,99.22000122070312,99.2300033569336,99.22000122070312,99.2300033569336,1670.0
2026-08-05 14:00:00,NKSH,,41.584999084472656,41.584999084472656,41.584999084472656,41.584999084472656,131.0
2026-08-05 14:00:00,NKTR,,73.19000244140625,73.2300033569336,73.19000244140625,73.2300033569336,759.0
2026-08-05 14:00:00,NMFC,,7.34499979019165,7.349999904632568,7.34499979019165,7.349999904632568,580.0
2026-08-05 14:00:00,NMFCZ,,25.11009979248047,25.11009979248047,25.11009979248047,25.11009979248047,3908.0
2026-08-05 14:00:00,NMRK,,15.744999885559082,15.744999885559082,15.744999885559082,15.744999885559082,971.0
2026-08-05 14:00:00,NN,,14.375,14.414999961853027,14.359999656677246,14.414999961853027,11616.0
2026-08-05 14:00:00,NNBR,,3.8550000190734863,3.865000009536743,3.8550000190734863,3.859999895095825,728.0
2026-08-05 14:00:00,NNDM,,1.5449999570846558,1.5449999570846558,1.5449999570846558,1.5449999570846558,400.0
2026-08-05 14:00:00,NNOX,,1.0149999856948853,1.0149999856948853,1.0,1.0099999904632568,30386.0
2026-08-05 14:00:00,NOVT,,156.3249969482422,156.3249969482422,156.0,156.0,773.0
2026-08-05 14:00:00,NRC,,19.559999465942383,19.559999465942383,19.559999465942383,19.559999465942383,430.0
2026-08-05 14:00:00,NRDS,,9.145000457763672,9.145000457763672,9.145000457763672,9.145000457763672,371.0
2026-08-05 14:00:00,NSSC,,40.400001525878906,40.400001525878906,40.400001525878906,40.400001525878906,545.0
2026-08-05 14:00:00,NTAP,,189.67999267578125,189.77000427246094,189.6699981689453,189.6699981689453,9092.0
2026-08-05 14:00:00,NTNX,,61.029998779296875,61.084999084472656,61.029998779296875,61.060001373291016,10104.0
2026-08-05 14:00:00,NTRA,,274.4100036621094,274.6300048828125,274.4100036621094,274.4100036621094,887.0
2026-08-05 14:00:00,NTRS,,184.1999969482422,184.1999969482422,184.1999969482422,184.1999969482422,930.0
2026-08-05 14:00:00,NUWE,,1.7000000476837158,1.7000000476837158,1.7000000476837158,1.7000000476837158,355.0
2026-08-05 14:00:00,NVAX,,7.614999771118164,7.619999885559082,7.614999771118164,7.619999885559082,2614.0
2026-08-05 14:00:00,NVCR,,16.09000015258789,16.09000015258789,16.079999923706055,16.079999923706055,682.0
2026-08-05 14:00:00,NVDA,,220.9149932861328,220.94000244140625,220.7465057373047,220.82000732421875,174092.0
2026-08-05 14:00:00,NVEC,,131.55999755859375,131.55999755859375,131.55999755859375,131.55999755859375,756.0
2026-08-05 14:00:00,NVMI,,408.4599914550781,408.6099853515625,408.44500732421875,408.6099853515625,595.0
2026-08-05 14:00:00,NVTS,,12.475000381469727,12.479999542236328,12.46500015258789,12.479999542236328,12746.0
2026-08-05 14:00:00,NWE,,68.7699966430664,68.7699966430664,68.7699966430664,68.7699966430664,328.0
2026-08-05 14:00:00,NWL,,6.295000076293945,6.300000190734863,6.289999961853027,6.295000076293945,4086.0
2026-08-05 14:00:00,NWPX,,127.66000366210938,127.66000366210938,127.66000366210938,127.66000366210938,791.0
2026-08-05 14:00:00,NWS,,32.34000015258789,32.34000015258789,32.34000015258789,32.34000015258789,1547.0
2026-08-05 14:00:00,NWSA,,28.309999465942383,28.325000762939453,28.309999465942383,28.309999465942383,4766.0
2026-08-05 14:00:00,NXGL,,0.4000000059604645,0.4000000059604645,0.4000000059604645,0.4000000059604645,200.0
2026-08-05 14:00:00,NXPI,,231.9499969482422,231.9499969482422,231.94000244140625,231.94000244140625,2431.0
2026-08-05 14:00:00,NXST,,191.74000549316406,191.74000549316406,191.61000061035156,191.7100067138672,906.0
2026-08-05 14:00:00,NXT,,98.47000122070312,98.53500366210938,98.47000122070312,98.52999877929688,4465.0
2026-08-05 14:00:00,OBIO,,4.215000152587891,4.215000152587891,4.215000152587891,4.215000152587891,1380.0
2026-08-05 14:00:00,OCFC,,19.934999465942383,19.950000762939453,19.934999465942383,19.950000762939453,6028.0
2026-08-05 14:00:00,OCGN,,1.2999999523162842,1.2999999523162842,1.2999999523162842,1.2999999523162842,1695.0
2026-08-05 14:00:00,OCSL,,12.100000381469727,12.109999656677246,12.100000381469727,12.109999656677246,1090.0
2026-08-05 14:00:00,OCUL,,8.606499671936035,8.609999656677246,8.606499671936035,8.609999656677246,2323.0
2026-08-05 14:00:00,ODD,,15.354999542236328,15.354999542236328,15.350000381469727,15.350000381469727,3007.0
2026-08-05 14:00:00,ODFL,,213.52999877929688,213.6699981689453,213.52999877929688,213.6699981689453,1814.0
2026-08-05 14:00:00,OESX,,14.880000114440918,14.880000114440918,14.880000114440918,14.880000114440918,544.0
2026-08-05 14:00:00,OFLX,,30.360000610351562,30.360000610351562,30.360000610351562,30.360000610351562,322.0
2026-08-05 14:00:00,OKTA,,147.9199981689453,147.97999572753906,147.8800048828125,147.89999389648438,2325.0
2026-08-05 14:00:00,OLLI,,78.28500366210938,78.28500366210938,78.28500366210938,78.28500366210938,1585.0
2026-08-05 14:00:00,OLMA,,11.600000381469727,11.600000381469727,11.600000381469727,11.600000381469727,709.0
2026-08-05 14:00:00,OMCL,,37.38999938964844,37.38999938964844,37.380001068115234,37.38999938964844,1776.0
2026-08-05 14:00:00,OMH,,0.11500000208616257,0.1151999980211258,0.11490000039339066,0.1151999980211258,2333.0
2026-08-05 14:00:00,ON,,77.98999786376953,78.02999877929688,77.95999908447266,78.01499938964844,17432.0
2026-08-05 14:00:00,ONB,,27.049999237060547,27.05500030517578,27.045000076293945,27.049999237060547,10272.0
2026-08-05 14:00:00,ONBPO,,24.815000534057617,24.815000534057617,24.815000534057617,24.815000534057617,1456.0
2026-08-05 14:00:00,ONCY,,0.7983999848365784,0.7983999848365784,0.7983999848365784,0.7983999848365784,591.0
2026-08-05 14:00:00,ONDS,,8.96500015258789,8.970000267028809,8.949999809265137,8.970000267028809,508558.0
2026-08-05 14:00:00,ONFO,,0.07400000095367432,0.07400000095367432,0.0738999992609024,0.07400000095367432,18184.0
2026-08-05 14:00:00,OPAL,,2.369999885559082,2.369999885559082,2.369999885559082,2.369999885559082,92.0
2026-08-05 14:00:00,OPCH,,23.450000762939453,23.459999084472656,23.440000534057617,23.450000762939453,3931.0
2026-08-05 14:00:00,OPEN,,3.825000047683716,3.8299999237060547,3.805000066757202,3.825000047683716,258452.0
2026-08-05 14:00:00,OPHC,,8.744999885559082,8.744999885559082,8.729999542236328,8.729999542236328,455.0
2026-08-05 14:00:00,OPK,,1.315000057220459,1.315000057220459,1.309999942779541,1.309999942779541,967.0
2026-08-05 14:00:00,OPRT,,6.175000190734863,6.175000190734863,6.175000190734863,6.175000190734863,166.0
2026-08-05 14:00:00,ORGO,,2.3450000286102295,2.3450000286102295,2.3350000381469727,2.3350000381469727,15726.0
2026-08-05 14:00:00,ORIC,,13.010000228881836,13.020000457763672,13.010000228881836,13.020000457763672,631.0
2026-08-05 14:00:00,ORLY,,92.95500183105469,92.95500183105469,92.94000244140625,92.94000244140625,2836.0
2026-08-05 14:00:00,OSBC,,25.829999923706055,25.84000015258789,25.829999923706055,25.84000015258789,1881.0
2026-08-05 14:00:00,OSIS,,236.97000122070312,237.11000061035156,236.97000122070312,237.11000061035156,696.0
2026-08-05 14:00:00,OSS,,14.010000228881836,14.010000228881836,14.0,14.0,2735.0
2026-08-05 14:00:00,OSUR,,4.135000228881836,4.139999866485596,4.135000228881836,4.139999866485596,2173.0
2026-08-05 14:00:00,OTEX,,25.950000762939453,25.950000762939453,25.940000534057617,25.940000534057617,2164.0
2026-08-05 14:00:00,OTLK,,1.0299999713897705,1.0299999713897705,1.0299999713897705,1.0299999713897705,3154.0
2026-08-05 14:00:00,OTTR,,92.3949966430664,92.3949966430664,92.29000091552734,92.3949966430664,1522.0
2026-08-05 14:00:00,OVID,,2.609999895095825,2.609999895095825,2.6098999977111816,2.609999895095825,794.0
2026-08-05 14:00:00,OXSQ,,1.5,1.5098999738693237,1.5,1.5098999738693237,604.0
2026-08-05 14:00:00,PAA,,23.1299991607666,23.135000228881836,23.1200008392334,23.135000228881836,4606.0
2026-08-05 14:00:00,PAAS,,48.13999938964844,48.17499923706055,48.13999938964844,48.1526985168457,6649.0
2026-08-05 14:00:00,PACB,,1.3450000286102295,1.350000023841858,1.340000033378601,1.3450000286102295,7563.0
2026-08-05 14:00:00,PAGP,,25.100000381469727,25.110000610351562,25.100000381469727,25.110000610351562,13805.0
2026-08-05 14:00:00,PALI,,2.130000114440918,2.130000114440918,2.130000114440918,2.130000114440918,1308.0
2026-08-05 14:00:00,PANW,,365.6499938964844,365.8399963378906,365.5799865722656,365.8299865722656,5113.0
2026-08-05 14:00:00,PATK,,88.13500213623047,88.30000305175781,88.13500213623047,88.23999786376953,1696.0
2026-08-05 14:00:00,PAYO,,7.125,7.125,7.119999885559082,7.125,1972.0
2026-08-05 14:00:00,PAYS,,9.149999618530273,9.149999618530273,9.149999618530273,9.149999618530273,415.0
2026-08-05 14:00:00,PAYX,,117.7750015258789,117.79000091552734,117.76000213623047,117.76000213623047,4094.0
2026-08-05 14:00:00,PCAR,,134.3000030517578,134.33999633789062,134.2949981689453,134.33999633789062,2574.0
2026-08-05 14:00:00,PCRX,,24.610000610351562,24.610000610351562,24.610000610351562,24.610000610351562,118.0
2026-08-05 14:00:00,PCSA,,2.190000057220459,2.1951000690460205,2.190000057220459,2.1951000690460205,1286.0
2026-08-05 14:00:00,PCT,,6.90500020980835,6.909999847412109,6.900000095367432,6.90880012512207,13681.0
2026-08-05 14:00:00,PDD,,90.86000061035156,90.86000061035156,90.86000061035156,90.86000061035156,2208.0
2026-08-05 14:00:00,PDLB,,20.485000610351562,20.530000686645508,20.485000610351562,20.524999618530273,1164.0
2026-08-05 14:00:00,PECO,,41.2599983215332,41.27000045776367,41.2599983215332,41.27000045776367,2118.0
2026-08-05 14:00:00,PEGA,,31.815000534057617,31.829999923706055,31.809999465942383,31.81999969482422,2453.0
2026-08-05 14:00:00,PENN,,19.7549991607666,19.780000686645508,19.7549991607666,19.780000686645508,4639.0
2026-08-05 14:00:00,PEP,,138.67999267578125,138.7100067138672,138.67999267578125,138.67999267578125,4985.0
2026-08-05 14:00:00,PERI,,9.569999694824219,9.569999694824219,9.569999694824219,9.569999694824219,688.0
2026-08-05 14:00:00,PFG,,114.16000366210938,114.16000366210938,114.16000366210938,114.16000366210938,586.0
2026-08-05 14:00:00,PGC,,46.595001220703125,46.619998931884766,46.595001220703125,46.619998931884766,570.0
2026-08-05 14:00:00,PGEN,,6.764999866485596,6.769999980926514,6.75,6.769999980926514,12438.0
2026-08-05 14:00:00,PGNY,,31.729999542236328,31.729999542236328,31.729999542236328,31.729999542236328,786.0
2026-08-05 14:00:00,PGY,,21.850000381469727,21.860000610351562,21.850000381469727,21.850000381469727,2079.0
2026-08-05 14:00:00,PHAT,,8.40999984741211,8.40999984741211,8.40999984741211,8.40999984741211,472.0
2026-08-05 14:00:00,PLAB,,32.17499923706055,32.185001373291016,32.17499923706055,32.185001373291016,1153.0
2026-08-05 14:00:00,PLBY,,1.1649999618530273,1.1658999919891357,1.159999966621399,1.159999966621399,9453.0
2026-08-05 14:00:00,PLSE,,37.630001068115234,37.630001068115234,37.47999954223633,37.47999954223633,291.0
2026-08-05 14:00:00,PLUG,,2.0850000381469727,2.0899999141693115,2.0799999237060547,2.0850000381469727,5784.0
2026-08-05 14:00:00,PMVP,,1.1749999523162842,1.184999942779541,1.1749999523162842,1.1820000410079956,11862.0
2026-08-05 14:00:00,PNBK,,1.1399999856948853,1.1399999856948853,1.1399999856948853,1.1399999856948853,200.0
2026-08-05 14:00:00,PNFP,,107.96499633789062,108.0,107.93000030517578,107.93000030517578,7600.0
2026-08-05 14:00:00,POET,,8.345000267028809,8.359999656677246,8.345000267028809,8.359999656677246,23685.0
2026-08-05 14:00:00,POWI,,61.94499969482422,61.94499969482422,61.94499969482422,61.94499969482422,459.0
2026-08-05 14:00:00,POWL,,211.99009704589844,212.5050048828125,211.99009704589844,212.5050048828125,494.0
2026-08-05 14:00:00,PPSI,,2.984999895095825,2.984999895095825,2.984999895095825,2.984999895095825,430.0
2026-08-05 14:00:00,PRAX,,318.7900085449219,318.7900085449219,318.7900085449219,318.7900085449219,48.0
2026-08-05 14:00:00,PRCT,,18.56999969482422,18.649999618530273,18.56999969482422,18.639999389648438,7718.0
2026-08-05 14:00:00,PRDO,,32.93000030517578,32.95000076293945,32.93000030517578,32.95000076293945,991.0
2026-08-05 14:00:00,PRIM,,84.81500244140625,85.08999633789062,84.80000305175781,85.08999633789062,3701.0
2026-08-05 14:00:00,PROK,,1.6449999809265137,1.6449999809265137,1.6449999809265137,1.6449999809265137,1188.0
2026-08-05 14:00:00,PRTA,,8.510000228881836,8.510000228881836,8.510000228881836,8.510000228881836,871.0
2026-08-05 14:00:00,PRVA,,24.15999984741211,24.190000534057617,24.15999984741211,24.190000534057617,1489.0
2026-08-05 14:00:00,PSEC,,2.184999942779541,2.18969988822937,2.184999942779541,2.18969988822937,814.0
2026-08-05 14:00:00,PSMT,,191.41000366210938,191.41000366210938,191.41000366210938,191.41000366210938,673.0
2026-08-05 14:00:00,PSNL,,13.529999732971191,13.529999732971191,13.529999732971191,13.529999732971191,471.0
2026-08-05 14:00:00,PTC,,140.02499389648438,140.02999877929688,139.9600067138672,139.9600067138672,2242.0
2026-08-05 14:00:00,PTEN,,9.824999809265137,9.824999809265137,9.8149995803833,9.819999694824219,8402.0
2026-08-05 14:00:00,PTLO,,4.625,4.625,4.625,4.625,907.0
2026-08-05 14:00:00,PTON,,6.519999980926514,6.525000095367432,6.514999866485596,6.519999980926514,8141.0
2026-08-05 14:00:00,PWP,,17.469999313354492,17.469999313354492,17.469999313354492,17.469999313354492,1169.0
2026-08-05 14:00:00,PXS,,4.75,4.75,4.75,4.75,668.0
2026-08-05 14:00:00,PYPD,,4.590000152587891,4.590000152587891,4.590000152587891,4.590000152587891,147.0
2026-08-05 14:00:00,PYPL,,58.18000030517578,58.21500015258789,58.18000030517578,58.189998626708984,6665.0
2026-08-05 14:00:00,PZZA,,30.149999618530273,30.190000534057617,30.149999618530273,30.190000534057617,2600.0
2026-08-05 14:00:00,QCOM,,158.1750030517578,158.22500610351562,158.12579345703125,158.12579345703125,7106.0
2026-08-05 14:00:00,QFIN,,13.199999809265137,13.199999809265137,13.199999809265137,13.199999809265137,657.0
2026-08-05 14:00:00,QRVO,,94.81999969482422,94.83000183105469,94.78500366210938,94.78500366210938,1691.0
2026-08-05 14:00:00,SEED,,1.0199999809265137,1.0199999809265137,1.0149999856948853,1.0199999809265137,800.0
2026-08-05 14:00:00,STIM,,2.265000104904175,2.2699999809265137,2.265000104904175,2.2699999809265137,1720.0
2026-08-05 14:01:00,ACDC,,4.454999923706055,4.460000038146973,4.454999923706055,4.454999923706055,722.0
2026-08-05 14:01:00,BPOP,,177.57000732421875,177.57000732421875,177.57000732421875,177.57000732421875,274.0
2026-08-05 14:01:00,CASH,,89.38999938964844,89.44999694824219,89.38999938964844,89.44999694824219,581.0
2026-08-05 14:01:00,CPOP,,0.3531999886035919,0.3531999886035919,0.3531999886035919,0.3531999886035919,0.0
2026-08-05 14:01:00,EYE,,23.1299991607666,23.149999618530273,23.1299991607666,23.139999389648438,2689.0
2026-08-05 14:01:00,GLUE,,15.5600004196167,15.5600004196167,15.5600004196167,15.5600004196167,1341.0
2026-08-05 14:01:00,LUNG,,2.0,2.0,2.0,2.0,175.0
2026-08-05 14:01:00,MBRX,,0.4007999897003174,0.4058000147342682,0.4007999897003174,0.4007999897003174,1937.0
2026-08-05 14:01:00,MCRI,,123.13999938964844,123.13999938964844,123.12000274658203,123.12000274658203,1608.0
2026-08-05 14:01:00,MDLZ,,62.67499923706055,62.685001373291016,62.66999816894531,62.685001373291016,10581.0
2026-08-05 14:01:00,MLTX,,17.700000762939453,17.719999313354492,17.700000762939453,17.719999313354492,1656.0
2026-08-05 14:01:00,MNPR,,119.69999694824219,119.69999694824219,119.69999694824219,119.69999694824219,259.0
2026-08-05 14:01:00,MNRO,,13.180000305175781,13.180000305175781,13.180000305175781,13.180000305175781,577.0
2026-08-05 14:01:00,MNST,,94.82499694824219,94.82499694824219,94.80000305175781,94.80000305175781,3724.0
2026-08-05 14:01:00,MNTS,,4.28000020980835,4.28000020980835,4.270100116729736,4.28000020980835,6727.0
2026-08-05 14:01:00,MORN,,198.22000122070312,198.22000122070312,198.19000244140625,198.22000122070312,1348.0
2026-08-05 14:01:00,MPWR,,1346.39501953125,1346.39501953125,1346.06005859375,1346.239990234375,307.0
2026-08-05 14:01:00,MRNA,,56.6349983215332,56.650001525878906,56.61000061035156,56.630001068115234,3217.0
2026-08-05 14:01:00,MYGN,,3.1500000953674316,3.1500000953674316,3.140000104904175,3.140000104904175,3410.0
2026-08-05 14:01:00,MYRG,,340.7749938964844,340.7749938964844,340.7749938964844,340.7749938964844,406.0
2026-08-05 14:01:00,NAMS,,27.385000228881836,27.385000228881836,27.385000228881836,27.385000228881836,1277.0
2026-08-05 14:01:00,NATR,,20.079999923706055,20.079999923706055,20.079999923706055,20.079999923706055,535.0
2026-08-05 14:01:00,NB,,5.079800128936768,5.079999923706055,5.079800128936768,5.079999923706055,3395.0
2026-08-05 14:01:00,NBIX,,162.67999267578125,162.67999267578125,162.67999267578125,162.67999267578125,695.0
2026-08-05 14:01:00,NCRA,,1.8006000518798828,1.809999942779541,1.8006000518798828,1.809999942779541,600.0
2026-08-05 14:01:00,NDAQ,,94.87999725341797,94.90499877929688,94.85009765625,94.87999725341797,1987.0
2026-08-05 14:01:00,NDSN,,310.4750061035156,310.5799865722656,310.4649963378906,310.5799865722656,1140.0
2026-08-05 14:01:00,NECB,,27.184999465942383,27.184999465942383,27.184999465942383,27.184999465942383,101.0
2026-08-05 14:01:00,NEGG,,16.809999465942383,16.809999465942383,16.809999465942383,16.809999465942383,182.0
2026-08-05 14:01:00,NEO,,16.0,16.010000228881836,16.0,16.010000228881836,1946.0
2026-08-05 14:01:00,NEOG,,11.595000267028809,11.609999656677246,11.595000267028809,11.609999656677246,5912.0
2026-08-05 14:01:00,NEOV,,2.8262999057769775,2.8262999057769775,2.8262999057769775,2.8262999057769775,310.0
2026-08-05 14:01:00,NESR,,28.790000915527344,28.790000915527344,28.790000915527344,28.790000915527344,1744.0
2026-08-05 14:01:00,NEXT,,6.454999923706055,6.454999923706055,6.454999923706055,6.454999923706055,567.0
2026-08-05 14:01:00,NFE,,0.3391999900341034,0.3391999900341034,0.3391999900341034,0.3391999900341034,105.0
2026-08-05 14:01:00,NFLX,,73.53990173339844,73.56999969482422,73.53500366210938,73.53500366210938,15134.0
2026-08-05 14:01:00,NICE,,99.20999908447266,99.22000122070312,99.20999908447266,99.22000122070312,1452.0
2026-08-05 14:01:00,NIU,,2.4649999141693115,2.4649999141693115,2.4649999141693115,2.4649999141693115,538.0
2026-08-05 14:01:00,NKTR,,72.99500274658203,73.16999816894531,72.99500274658203,73.16999816894531,2939.0
2026-08-05 14:01:00,NMFC,,7.34499979019165,7.34499979019165,7.34499979019165,7.34499979019165,6844.0
2026-08-05 14:01:00,NMIH,,44.560001373291016,44.560001373291016,44.540000915527344,44.540000915527344,1633.0
2026-08-05 14:01:00,NN,,14.425000190734863,14.460000038146973,14.375,14.375,30366.0
2026-08-05 14:01:00,NNBR,,3.8399999141693115,3.8550000190734863,3.8399999141693115,3.8550000190734863,1233.0
2026-08-05 14:01:00,NNDM,,1.5449999570846558,1.5449999570846558,1.5399999618530273,1.5449999570846558,2136.0
2026-08-05 14:01:00,NNOX,,1.0149999856948853,1.0149999856948853,1.0149999856948853,1.0149999856948853,578.0
2026-08-05 14:01:00,NOVT,,156.10000610351562,156.56129455566406,155.97999572753906,156.56129455566406,2851.0
2026-08-05 14:01:00,NRDS,,9.11989974975586,9.140000343322754,9.109999656677246,9.140000343322754,11935.0
2026-08-05 14:01:00,NRIX,,24.989999771118164,25.049999237060547,24.989999771118164,25.049999237060547,2657.0
2026-08-05 14:01:00,NTAP,,189.72000122070312,189.72000122070312,189.6999969482422,189.6999969482422,917.0
2026-08-05 14:01:00,NTCT,,41.79999923706055,41.939998626708984,41.79999923706055,41.939998626708984,2810.0
2026-08-05 14:01:00,NTGR,,24.290000915527344,24.290000915527344,24.290000915527344,24.290000915527344,609.0
2026-08-05 14:01:00,NTNX,,60.93000030517578,61.02000045776367,60.93000030517578,61.02000045776367,5601.0
2026-08-05 14:01:00,NTRA,,274.1400146484375,274.42999267578125,274.1400146484375,274.42999267578125,1704.0
2026-08-05 14:01:00,NTRS,,184.27499389648438,184.27499389648438,184.27499389648438,184.27499389648438,679.0
2026-08-05 14:01:00,NVAX,,7.614999771118164,7.614999771118164,7.614999771118164,7.614999771118164,420.0
2026-08-05 14:01:00,NVCR,,16.09000015258789,16.09000015258789,16.079999923706055,16.079999923706055,608.0
2026-08-05 14:01:00,NVCT,,19.9950008392334,20.0,19.9950008392334,20.0,1456.0
2026-08-05 14:01:00,NVDA,,220.97000122070312,221.05369567871094,220.91000366210938,220.92999267578125,177681.0
2026-08-05 14:01:00,NVMI,,408.30999755859375,408.5799865722656,408.30999755859375,408.5799865722656,396.0
2026-08-05 14:01:00,NVTS,,12.475000381469727,12.479999542236328,12.461400032043457,12.475000381469727,5229.0
2026-08-05 14:01:00,NWBI,,15.96500015258789,15.96500015258789,15.96500015258789,15.96500015258789,540.0
2026-08-05 14:01:00,NWE,,68.76499938964844,68.76499938964844,68.76499938964844,68.76499938964844,129.0
2026-08-05 14:01:00,NWL,,6.295000076293945,6.299900054931641,6.295000076293945,6.295000076293945,2180.0
2026-08-05 14:01:00,NWS,,32.334999084472656,32.34000015258789,32.334999084472656,32.34000015258789,1876.0
2026-08-05 14:01:00,NWSA,,28.299999237060547,28.309999465942383,28.299999237060547,28.309999465942383,4605.0
2026-08-05 14:01:00,NXPI,,232.02000427246094,232.0399932861328,231.9499969482422,232.0399932861328,2455.0
2026-08-05 14:01:00,NXST,,191.5800018310547,191.77000427246094,191.5,191.61000061035156,2280.0
2026-08-05 14:01:00,NXT,,98.4000015258789,98.41000366210938,98.4000015258789,98.41000366210938,2097.0
2026-08-05 14:01:00,OBIO,,4.215000152587891,4.215000152587891,4.215000152587891,4.215000152587891,835.0
2026-08-05 14:01:00,OCFC,,19.934999465942383,19.940000534057617,19.934999465942383,19.940000534057617,2696.0
2026-08-05 14:01:00,OCS,,12.0600004196167,12.0600004196167,12.0600004196167,12.0600004196167,394.0
2026-08-05 14:01:00,OCSL,,12.109999656677246,12.109999656677246,12.109999656677246,12.109999656677246,474.0
2026-08-05 14:01:00,OCUL,,8.595000267028809,8.604999542236328,8.595000267028809,8.604999542236328,1953.0
2026-08-05 14:01:00,ODFL,,213.59500122070312,213.59500122070312,213.59500122070312,213.59500122070312,1146.0
2026-08-05 14:01:00,OESX,,14.880000114440918,14.880000114440918,14.880000114440918,14.880000114440918,184.0
2026-08-05 14:01:00,OFIX,,10.380000114440918,10.40999984741211,10.380000114440918,10.40999984741211,681.0
2026-08-05 14:01:00,OKTA,,147.82000732421875,147.93499755859375,147.80999755859375,147.93499755859375,8332.0
2026-08-05 14:01:00,OLB,,0.30889999866485596,0.30889999866485596,0.30889999866485596,0.30889999866485596,645.0
2026-08-05 14:01:00,OM,,5.070000171661377,5.070000171661377,5.070000171661377,5.070000171661377,164.0
2026-08-05 14:01:00,OMER,,12.789999961853027,12.800000190734863,12.789999961853027,12.800000190734863,665.0
2026-08-05 14:01:00,OMH,,0.11490000039339066,0.11490000039339066,0.1143999993801117,0.1143999993801117,2940.0
2026-08-05 14:01:00,ON,,77.97000122070312,78.04000091552734,77.97000122070312,77.98999786376953,16110.0
2026-08-05 14:01:00,ONB,,27.040000915527344,27.049999237060547,27.040000915527344,27.049999237060547,2933.0
2026-08-05 14:01:00,ONDS,,8.960100173950195,8.979999542236328,8.949999809265137,8.96500015258789,729440.0
2026-08-05 14:01:00,ONFO,,0.07400000095367432,0.07400000095367432,0.07400000095367432,0.07400000095367432,4658.0
2026-08-05 14:01:00,OPCH,,23.44499969482422,23.450000762939453,23.440000534057617,23.440000534057617,2940.0
2026-08-05 14:01:00,OPEN,,3.815000057220459,3.8201000690460205,3.809999942779541,3.8201000690460205,117680.0
2026-08-05 14:01:00,OPHC,,8.744999885559082,8.744999885559082,8.744999885559082,8.744999885559082,139.0
2026-08-05 14:01:00,OPK,,1.309999942779541,1.309999942779541,1.309999942779541,1.309999942779541,363.0
2026-08-05 14:01:00,OPRT,,6.170000076293945,6.175000190734863,6.170000076293945,6.175000190734863,653.0
2026-08-05 14:01:00,ORIC,,13.0,13.015000343322754,13.0,13.015000343322754,3015.0
2026-08-05 14:01:00,ORLY,,92.94999694824219,92.94999694824219,92.93000030517578,92.93000030517578,6093.0
2026-08-05 14:01:00,OSPN,,16.700000762939453,16.700000762939453,16.700000762939453,16.700000762939453,200.0
2026-08-05 14:01:00,OSS,,14.029999732971191,14.029999732971191,14.029999732971191,14.029999732971191,190.0
2026-08-05 14:01:00,OSUR,,4.135000228881836,4.135000228881836,4.135000228881836,4.135000228881836,505.0
2026-08-05 14:01:00,OTEX,,25.93000030517578,25.950000762939453,25.915000915527344,25.950000762939453,10282.0
2026-08-05 14:01:00,OTLK,,1.0299999713897705,1.0299999713897705,1.0298999547958374,1.0299999713897705,12509.0
2026-08-05 14:01:00,OVID,,2.6050000190734863,2.6050000190734863,2.6050000190734863,2.6050000190734863,664.0
2026-08-05 14:01:00,OXLC,,9.164999961853027,9.164999961853027,9.164999961853027,9.164999961853027,303.0
2026-08-05 14:01:00,OXSQ,,1.5,1.5,1.5,1.5,314.0
2026-08-05 14:01:00,PAA,,23.1299991607666,23.135000228881836,23.1299991607666,23.135000228881836,4608.0
2026-08-05 14:01:00,PAAS,,48.16529846191406,48.16999816894531,48.130001068115234,48.13999938964844,2084.0
2026-08-05 14:01:00,PACB,,1.3488999605178833,1.3488999605178833,1.3488999605178833,1.3488999605178833,1355.0
2026-08-05 14:01:00,PAGP,,25.104999542236328,25.110000610351562,25.100000381469727,25.110000610351562,4390.0
2026-08-05 14:01:00,PALI,,2.130000114440918,2.130000114440918,2.125,2.130000114440918,2212.0
2026-08-05 14:01:00,PANL,,7.260000228881836,7.260000228881836,7.260000228881836,7.260000228881836,700.0
2026-08-05 14:01:00,PANW,,365.6300048828125,365.7300109863281,365.5,365.6700134277344,3796.0
2026-08-05 14:01:00,PAYO,,7.119999885559082,7.125,7.119999885559082,7.125,665.0
2026-08-05 14:01:00,PAYX,,117.76000213623047,117.7699966430664,117.75,117.7699966430664,2230.0
2026-08-05 14:01:00,PBYI,,8.029999732971191,8.029999732971191,8.015000343322754,8.015000343322754,1027.0
2026-08-05 14:01:00,PCAR,,134.10499572753906,134.32000732421875,134.0749969482422,134.25999450683594,20888.0
2026-08-05 14:01:00,PCRX,,24.575000762939453,24.639999389648438,24.56999969482422,24.639999389648438,1890.0
2026-08-05 14:01:00,PCT,,6.900000095367432,6.909999847412109,6.900000095367432,6.90500020980835,1876.0
2026-08-05 14:01:00,PCTY,,145.4600067138672,145.4600067138672,145.4600067138672,145.4600067138672,349.0
2026-08-05 14:01:00,PDD,,90.87999725341797,90.87999725341797,90.87000274658203,90.87000274658203,1924.0
2026-08-05 14:01:00,PEGA,,31.815000534057617,31.815000534057617,31.815000534057617,31.815000534057617,368.0
2026-08-05 14:01:00,PENN,,19.764999389648438,19.764999389648438,19.764999389648438,19.764999389648438,1514.0
2026-08-05 14:01:00,PEP,,138.69000244140625,138.7100067138672,138.660400390625,138.67999267578125,4928.0
2026-08-05 14:01:00,PFG,,114.1050033569336,114.15499877929688,114.05999755859375,114.15499877929688,15727.0
2026-08-05 14:01:00,PGEN,,6.78000020980835,6.78000020980835,6.75,6.760000228881836,18559.0
2026-08-05 14:01:00,PGY,,21.84000015258789,21.84000015258789,21.829999923706055,21.829999923706055,1899.0
2026-08-05 14:01:00,PHAT,,8.420000076293945,8.420000076293945,8.420000076293945,8.420000076293945,1445.0
2026-08-05 14:01:00,PLAB,,32.18000030517578,32.18000030517578,32.165000915527344,32.165000915527344,517.0
2026-08-05 14:01:00,PLBY,,1.1649999618530273,1.1649999618530273,1.1649999618530273,1.1649999618530273,1713.0
2026-08-05 14:01:00,PLRX,,1.0597000122070312,1.059999942779541,1.0597000122070312,1.059999942779541,4252.0
2026-08-05 14:01:00,PLTK,,3.880000114440918,3.880000114440918,3.880000114440918,3.880000114440918,918.0
2026-08-05 14:01:00,PLUG,,2.0850000381469727,2.0899999141693115,2.0799999237060547,2.0850000381469727,17440.0
2026-08-05 14:01:00,PMVP,,1.1749999523162842,1.1749999523162842,1.1749999523162842,1.1749999523162842,533.0
2026-08-05 14:01:00,PNBK,,1.1449999809265137,1.1449999809265137,1.1449999809265137,1.1449999809265137,100.0
2026-08-05 14:01:00,PNFP,,107.87000274658203,107.93000030517578,107.87000274658203,107.93000030517578,2731.0
2026-08-05 14:01:00,POET,,8.34000015258789,8.34000015258789,8.335000038146973,8.34000015258789,3059.0
2026-08-05 14:01:00,POWI,,61.94499969482422,61.94499969482422,61.94499969482422,61.94499969482422,315.0
2026-08-05 14:01:00,POWL,,211.83999633789062,212.1699981689453,211.8000030517578,212.1699981689453,1404.0
2026-08-05 14:01:00,PPC,,26.450000762939453,26.450000762939453,26.43000030517578,26.43000030517578,2603.0
2026-08-05 14:01:00,PPTA,,22.399999618530273,22.424999237060547,22.399999618530273,22.424999237060547,5905.0
2026-08-05 14:01:00,PRAA,,17.3799991607666,17.3799991607666,17.3799991607666,17.3799991607666,556.0
2026-08-05 14:01:00,PRAX,,318.2200012207031,318.635009765625,318.2200012207031,318.635009765625,799.0
2026-08-05 14:01:00,PRCH,,15.800000190734863,15.800000190734863,15.800000190734863,15.800000190734863,2420.0
2026-08-05 14:01:00,PRCT,,18.655000686645508,18.65999984741211,18.469999313354492,18.56999969482422,44845.0
2026-08-05 14:01:00,PRE,,18.399999618530273,18.40999984741211,18.399999618530273,18.40999984741211,1823.0
2026-08-05 14:01:00,PRIM,,84.83000183105469,84.91999816894531,84.7300033569336,84.80750274658203,1951.0
2026-08-05 14:01:00,PRLD,,4.579999923706055,4.579999923706055,4.579999923706055,4.579999923706055,222.0
2026-08-05 14:01:00,PRME,,3.071199893951416,3.071199893951416,3.069999933242798,3.069999933242798,721.0
2026-08-05 14:01:00,PROF,,8.0649995803833,8.069999694824219,8.0649995803833,8.069999694824219,736.0
2026-08-05 14:01:00,PRQR,,1.9550000429153442,1.9550000429153442,1.9450000524520874,1.9450000524520874,5975.0
2026-08-05 14:01:00,PRTH,,6.650000095367432,6.650000095367432,6.650000095367432,6.650000095367432,636.0
2026-08-05 14:01:00,PRVA,,24.170000076293945,24.170000076293945,24.170000076293945,24.170000076293945,1577.0
2026-08-05 14:01:00,PSEC,,2.184999942779541,2.184999942779541,2.180000066757202,2.180000066757202,1495.0
2026-08-05 14:01:00,PSNL,,13.529999732971191,13.53499984741211,13.529999732971191,13.529999732971191,2259.0
2026-08-05 14:01:00,PSNY,,14.25,14.25,14.25,14.25,280.0
2026-08-05 14:01:00,PTCT,,69.12000274658203,69.12000274658203,69.12000274658203,69.12000274658203,561.0
2026-08-05 14:01:00,PTEN,,9.824999809265137,9.824999809265137,9.8149995803833,9.819999694824219,6530.0
2026-08-05 14:01:00,PTLO,,4.625,4.630000114440918,4.625,4.630000114440918,766.0
2026-08-05 14:01:00,PTON,,6.514999866485596,6.519999980926514,6.514999866485596,6.514999866485596,5738.0
2026-08-05 14:01:00,PWP,,17.459999084472656,17.479999542236328,17.450000762939453,17.479999542236328,3232.0
2026-08-05 14:01:00,PYPL,,58.18000030517578,58.189998626708984,58.170101165771484,58.17499923706055,7933.0
2026-08-05 14:01:00,PZZA,,30.18000030517578,30.18000030517578,30.170000076293945,30.170000076293945,1386.0
2026-08-05 14:01:00,QCOM,,158.39999389648438,158.39999389648438,158.1649932861328,158.39999389648438,15516.0
2026-08-05 14:01:00,QCRH,,105.5199966430664,105.5199966430664,105.5199966430664,105.5199966430664,171.0
2026-08-05 14:01:00,QFIN,,13.194999694824219,13.194999694824219,13.194999694824219,13.194999694824219,326.0
2026-08-05 14:01:00,QRVO,,94.83000183105469,94.83000183105469,94.79000091552734,94.79000091552734,1664.0
2026-08-05 14:01:00,SEED,,1.0149999856948853,1.0149999856948853,1.0149999856948853,1.0149999856948853,200.0
2026-08-05 14:01:00,TARA,,4.034999847412109,4.034999847412109,4.034999847412109,4.034999847412109,400.0
2026-08-05 14:01:00,WOOF,,2.950000047683716,2.9549999237060547,2.950000047683716,2.9549999237060547,812.0
2026-08-05 14:02:00,ACDC,,4.465000152587891,4.465000152587891,4.4542999267578125,4.454999923706055,11126.0
2026-08-05 14:02:00,BPOP,,177.4600067138672,177.4600067138672,177.4600067138672,177.4600067138672,1194.0
2026-08-05 14:02:00,DTIL,,7.489999771118164,7.489999771118164,7.489999771118164,7.489999771118164,937.0
2026-08-05 14:02:00,EYE,,23.139999389648438,23.149999618530273,23.139999389648438,23.149999618530273,2442.0
2026-08-05 14:02:00,FRST,,16.420000076293945,16.420000076293945,16.420000076293945,16.420000076293945,624.0
2026-08-05 14:02:00,GLUE,,15.53499984741211,15.5600004196167,15.53499984741211,15.5600004196167,3327.0
2026-08-05 14:02:00,LUNG,,1.9950000047683716,1.9950000047683716,1.9950000047683716,1.9950000047683716,490.0
2026-08-05 14:02:00,MBRX,,0.4007999897003174,0.4007999897003174,0.4007999897003174,0.4007999897003174,367.0
2026-08-05 14:02:00,MDB,,375.4100036621094,375.5199890136719,375.1449890136719,375.5199890136719,1078.0
2026-08-05 14:02:00,MDLZ,,62.68000030517578,62.68000030517578,62.66450119018555,62.67499923706055,10883.0
2026-08-05 14:02:00,MLTX,,17.66830062866211,17.670000076293945,17.65999984741211,17.670000076293945,2047.0
2026-08-05 14:02:00,MNRO,,13.180000305175781,13.180000305175781,13.170000076293945,13.170000076293945,417.0
2026-08-05 14:02:00,MNST,,94.76499938964844,94.81999969482422,94.7300033569336,94.81999969482422,22009.0
2026-08-05 14:02:00,MNTS,,4.275000095367432,4.275000095367432,4.269999980926514,4.269999980926514,3276.0
2026-08-05 14:02:00,MORN,,198.22500610351562,198.22500610351562,198.22000122070312,198.22000122070312,903.0
2026-08-05 14:02:00,MOVE,,12.130000114440918,12.130000114440918,12.109999656677246,12.130000114440918,721.0
2026-08-05 14:02:00,MPWR,,1348.0,1348.0,1345.6800537109375,1345.6800537109375,715.0
2026-08-05 14:02:00,MRNA,,56.6349983215332,56.63999938964844,56.630001068115234,56.6349983215332,2619.0
2026-08-05 14:02:00,MYGN,,3.1449999809265137,3.1449999809265137,3.140000104904175,3.1449999809265137,3498.0
2026-08-05 14:02:00,MYRG,,340.2650146484375,340.2650146484375,339.8599853515625,339.8599853515625,538.0
2026-08-05 14:02:00,NAMS,,27.325000762939453,27.329999923706055,27.31999969482422,27.329999923706055,2051.0
2026-08-05 14:02:00,NAUT,,0.9480999708175659,0.9480999708175659,0.9480999708175659,0.9480999708175659,658.0
2026-08-05 14:02:00,NAVI,,9.154999732971191,9.15999984741211,9.154999732971191,9.15999984741211,1665.0
2026-08-05 14:02:00,NB,,5.079999923706055,5.079999923706055,5.079999923706055,5.079999923706055,2947.0
2026-08-05 14:02:00,NBIX,,162.76499938964844,162.77999877929688,162.76499938964844,162.77499389648438,2519.0
2026-08-05 14:02:00,NBTB,,53.32500076293945,53.32500076293945,53.32500076293945,53.32500076293945,531.0
2026-08-05 14:02:00,NCMI,,4.130000114440918,4.140100002288818,4.130000114440918,4.135000228881836,11136.0
2026-08-05 14:02:00,NCRA,,1.809999942779541,1.809999942779541,1.809999942779541,1.809999942779541,54.0
2026-08-05 14:02:00,NDAQ,,94.93000030517578,94.93000030517578,94.93000030517578,94.93000030517578,554.0
2026-08-05 14:02:00,NDSN,,310.20001220703125,310.20001220703125,310.20001220703125,310.20001220703125,295.0
2026-08-05 14:02:00,NECB,,27.184999465942383,27.184999465942383,27.184999465942383,27.184999465942383,260.0
2026-08-05 14:02:00,NEGG,,16.770000457763672,16.770000457763672,16.770000457763672,16.770000457763672,214.0
2026-08-05 14:02:00,NEO,,16.0,16.0,16.0,16.0,1475.0
2026-08-05 14:02:00,NEOG,,11.600000381469727,11.600000381469727,11.600000381469727,11.600000381469727,3149.0
2026-08-05 14:02:00,NESR,,28.770000457763672,28.770000457763672,28.770000457763672,28.770000457763672,712.0
2026-08-05 14:02:00,NEWT,,15.140000343322754,15.140000343322754,15.140000343322754,15.140000343322754,107.0
2026-08-05 14:02:00,NEXT,,6.454999923706055,6.454999923706055,6.449999809265137,6.454999923706055,1109.0
2026-08-05 14:02:00,NFE,,0.3391999900341034,0.3391999900341034,0.3391999900341034,0.3391999900341034,708.0
2026-08-05 14:02:00,NFLX,,73.52999877929688,73.55000305175781,73.51499938964844,73.54000091552734,20292.0
2026-08-05 14:02:00,NICE,,99.16000366210938,99.16000366210938,99.16000366210938,99.16000366210938,855.0
2026-08-05 14:02:00,NKTR,,73.00499725341797,73.00499725341797,73.00499725341797,73.00499725341797,109.0
2026-08-05 14:02:00,NKTX,,2.2249999046325684,2.2249999046325684,2.2249999046325684,2.2249999046325684,1335.0
2026-08-05 14:02:00,NMIH,,44.55500030517578,44.55500030517578,44.55500030517578,44.55500030517578,614.0
2026-08-05 14:02:00,NMRA,,1.6050000190734863,1.6100000143051147,1.6050000190734863,1.6100000143051147,4641.0
2026-08-05 14:02:00,NMRK,,15.739999771118164,15.739999771118164,15.739999771118164,15.739999771118164,1628.0
2026-08-05 14:02:00,NN,,14.370100021362305,14.430000305175781,14.370100021362305,14.420000076293945,34183.0
2026-08-05 14:02:00,NNBR,,3.8399999141693115,3.8399999141693115,3.8399999141693115,3.8399999141693115,6370.0
2026-08-05 14:02:00,NNDM,,1.5413000583648682,1.5449999570846558,1.5399999618530273,1.5399999618530273,2014.0
2026-08-05 14:02:00,NRIX,,24.934999465942383,24.969999313354492,24.934999465942383,24.969999313354492,857.0
2026-08-05 14:02:00,NRXP,,3.0899999141693115,3.0910000801086426,3.0899999141693115,3.0910000801086426,735.0
2026-08-05 14:02:00,NSSC,,40.41999816894531,40.41999816894531,40.400001525878906,40.400001525878906,888.0
2026-08-05 14:02:00,NTAP,,189.7949981689453,189.86000061035156,189.72000122070312,189.72000122070312,4692.0
2026-08-05 14:02:00,NTES,,127.55999755859375,127.55999755859375,127.55999755859375,127.55999755859375,221.0
2026-08-05 14:02:00,NTGR,,24.299999237060547,24.31999969482422,24.299999237060547,24.299999237060547,9974.0
2026-08-05 14:02:00,NTNX,,60.93000030517578,60.95899963378906,60.93000030517578,60.93000030517578,4230.0
2026-08-05 14:02:00,NTRA,,274.2799987792969,274.2799987792969,274.2799987792969,274.2799987792969,982.0
2026-08-05 14:02:00,NTRS,,184.22999572753906,184.22999572753906,184.22999572753906,184.22999572753906,2023.0
2026-08-05 14:02:00,NVAX,,7.610000133514404,7.610000133514404,7.610000133514404,7.610000133514404,3435.0
2026-08-05 14:02:00,NVCR,,16.06999969482422,16.09000015258789,16.06999969482422,16.09000015258789,3621.0
2026-08-05 14:02:00,NVCT,,19.9950008392334,19.9950008392334,19.9950008392334,19.9950008392334,283.0
2026-08-05 14:02:00,NVDA,,220.9300994873047,221.07000732421875,220.92999267578125,220.97999572753906,112901.0
2026-08-05 14:02:00,NVMI,,408.2550048828125,408.2550048828125,408.2550048828125,408.2550048828125,514.0
2026-08-05 14:02:00,NVTS,,12.489999771118164,12.489999771118164,12.479999542236328,12.479999542236328,9112.0
2026-08-05 14:02:00,NWBI,,15.954999923706055,15.960000038146973,15.954999923706055,15.960000038146973,818.0
2026-08-05 14:02:00,NWE,,68.7699966430664,68.7699966430664,68.7699966430664,68.7699966430664,799.0
2026-08-05 14:02:00,NWL,,6.290500164031982,6.295000076293945,6.289999961853027,6.295000076293945,5470.0
2026-08-05 14:02:00,NWS,,32.32500076293945,32.32500076293945,32.32500076293945,32.32500076293945,400.0
2026-08-05 14:02:00,NWSA,,28.28499984741211,28.299999237060547,28.28499984741211,28.299999237060547,2708.0
2026-08-05 14:02:00,NXGL,,0.4000000059604645,0.4000000059604645,0.4000000059604645,0.4000000059604645,100.0
2026-08-05 14:02:00,NXPI,,232.0800018310547,232.125,232.02999877929688,232.02999877929688,5749.0
2026-08-05 14:02:00,NXT,,98.3949966430664,98.3949966430664,98.31999969482422,98.37999725341797,8922.0
2026-08-05 14:02:00,OABI,,2.065000057220459,2.069999933242798,2.065000057220459,2.069999933242798,1092.0
2026-08-05 14:02:00,OCFC,,19.934999465942383,19.940000534057617,19.93000030517578,19.934999465942383,3496.0
2026-08-05 14:02:00,OCGN,,1.2999999523162842,1.2999999523162842,1.2999999523162842,1.2999999523162842,1563.0
2026-08-05 14:02:00,OCUL,,8.59000015258789,8.595000267028809,8.59000015258789,8.595000267028809,3709.0
2026-08-05 14:02:00,ODFL,,213.32000732421875,213.44000244140625,213.3000030517578,213.44000244140625,2974.0
2026-08-05 14:02:00,OFIX,,10.390000343322754,10.390000343322754,10.390000343322754,10.390000343322754,459.0
2026-08-05 14:02:00,OKTA,,147.77000427246094,147.77000427246094,147.77000427246094,147.77000427246094,1152.0
2026-08-05 14:02:00,OLLI,,78.3499984741211,78.36000061035156,78.33999633789062,78.36000061035156,2768.0
2026-08-05 14:02:00,OLMA,,11.5600004196167,11.569999694824219,11.5600004196167,11.569999694824219,698.0
2026-08-05 14:02:00,OMCL,,37.36000061035156,37.39500045776367,37.36000061035156,37.39500045776367,1318.0
2026-08-05 14:02:00,OMER,,12.760000228881836,12.770000457763672,12.760000228881836,12.770000457763672,1280.0
2026-08-05 14:02:00,OMH,,0.11410000175237656,0.11429999768733978,0.11400000005960464,0.11420000344514847,31933.0
2026-08-05 14:02:00,ON,,78.0250015258789,78.04000091552734,77.94999694824219,77.94999694824219,16177.0
2026-08-05 14:02:00,ONB,,27.030000686645508,27.030000686645508,27.024999618530273,27.030000686645508,5217.0
2026-08-05 14:02:00,ONBPP,,24.82990074157715,24.829999923706055,24.81999969482422,24.81999969482422,5041.0
2026-08-05 14:02:00,ONDS,,8.95009994506836,8.970000267028809,8.949999809265137,8.96500015258789,135007.0
2026-08-05 14:02:00,ONFO,,0.07400000095367432,0.07400000095367432,0.07400000095367432,0.07400000095367432,4793.0
2026-08-05 14:02:00,OPCH,,23.440000534057617,23.44499969482422,23.43000030517578,23.440000534057617,2451.0
2026-08-05 14:02:00,OPEN,,3.815000057220459,3.819999933242798,3.809999942779541,3.815000057220459,76676.0
2026-08-05 14:02:00,OPK,,1.315000057220459,1.315000057220459,1.315000057220459,1.315000057220459,2544.0
2026-08-05 14:02:00,OPRT,,6.164999961853027,6.164999961853027,6.164999961853027,6.164999961853027,279.0
2026-08-05 14:02:00,ORGO,,2.3450000286102295,2.3450000286102295,2.3399999141693115,2.3399999141693115,2239.0
2026-08-05 14:02:00,ORIC,,12.970000267028809,12.970000267028809,12.970000267028809,12.970000267028809,657.0
2026-08-05 14:02:00,ORLY,,92.93499755859375,92.94000244140625,92.91999816894531,92.94000244140625,6354.0
2026-08-05 14:02:00,OSPN,,16.649999618530273,16.719999313354492,16.649999618530273,16.700000762939453,7213.0
2026-08-05 14:02:00,OSS,,14.0,14.0,14.0,14.0,556.0
2026-08-05 14:02:00,OSUR,,4.139999866485596,4.139999866485596,4.139999866485596,4.139999866485596,1870.0
2026-08-05 14:02:00,OTEX,,25.905000686645508,25.924999237060547,25.905000686645508,25.924999237060547,4186.0
2026-08-05 14:02:00,OTLK,,1.0299999713897705,1.0299999713897705,1.024999976158142,1.024999976158142,3451.0
2026-08-05 14:02:00,OTLY,,14.399999618530273,14.399999618530273,14.399999618530273,14.399999618530273,212.0
2026-08-05 14:02:00,OVID,,2.6050000190734863,2.609999895095825,2.6050000190734863,2.609999895095825,4607.0
2026-08-05 14:02:00,OXLC,,9.164999961853027,9.170000076293945,9.164999961853027,9.170000076293945,429.0
2026-08-05 14:02:00,OXSQ,,1.5,1.5099999904632568,1.5,1.5,8734.0
2026-08-05 14:02:00,PAA,,23.139999389648438,23.139999389648438,23.139999389648438,23.139999389648438,4661.0
2026-08-05 14:02:00,PAAS,,48.16999816894531,48.189998626708984,48.15999984741211,48.15999984741211,7196.0
2026-08-05 14:02:00,PACB,,1.3450000286102295,1.350000023841858,1.3450000286102295,1.3499000072479248,2028.0
2026-08-05 14:02:00,PAHC,,35.619998931884766,35.63999938964844,35.619998931884766,35.63999938964844,1104.0
2026-08-05 14:02:00,PALI,,2.130000114440918,2.130000114440918,2.1257998943328857,2.130000114440918,1886.0
2026-08-05 14:02:00,PANL,,7.25,7.25,7.25,7.25,2022.0
2026-08-05 14:02:00,PANW,,365.57501220703125,365.7099914550781,365.5400085449219,365.6400146484375,6146.0
2026-08-05 14:02:00,PATK,,87.93000030517578,88.15499877929688,87.93000030517578,88.15499877929688,1591.0
2026-08-05 14:02:00,PAX,,11.40999984741211,11.40999984741211,11.40999984741211,11.40999984741211,2301.0
2026-08-05 14:02:00,PAYO,,7.119999885559082,7.125,7.119999885559082,7.125,1554.0
2026-08-05 14:02:00,PAYS,,9.149999618530273,9.157999992370605,9.149999618530273,9.157999992370605,852.0
2026-08-05 14:02:00,PAYX,,117.7300033569336,117.79000091552734,117.72000122070312,117.79000091552734,4090.0
2026-08-05 14:02:00,PBYI,,8.010000228881836,8.010000228881836,8.010000228881836,8.010000228881836,823.0
2026-08-05 14:02:00,PCAR,,134.1699981689453,134.1699981689453,134.1699981689453,134.1699981689453,2586.0
2026-08-05 14:02:00,PCRX,,24.489999771118164,24.549999237060547,24.489999771118164,24.549999237060547,2419.0
2026-08-05 14:02:00,PCT,,6.90500020980835,6.90500020980835,6.900000095367432,6.900000095367432,2478.0
2026-08-05 14:02:00,PCTY,,145.3350067138672,145.3350067138672,145.25999450683594,145.25999450683594,710.0
2026-08-05 14:02:00,PDD,,90.88999938964844,90.88999938964844,90.87999725341797,90.88999938964844,1574.0
2026-08-05 14:02:00,PDLB,,20.4950008392334,20.4950008392334,20.4950008392334,20.4950008392334,302.0
2026-08-05 14:02:00,PECO,,41.290000915527344,41.290000915527344,41.279998779296875,41.279998779296875,3045.0
2026-08-05 14:02:00,PEGA,,31.790000915527344,31.809999465942383,31.790000915527344,31.809999465942383,2119.0
2026-08-05 14:02:00,PENN,,19.770000457763672,19.770000457763672,19.760000228881836,19.770000457763672,5806.0
2026-08-05 14:02:00,PEP,,138.69110107421875,138.72000122070312,138.66000366210938,138.72000122070312,6556.0
2026-08-05 14:02:00,PEPG,,1.965000033378601,1.9700000286102295,1.965000033378601,1.9700000286102295,1438.0
2026-08-05 14:02:00,PERI,,9.5600004196167,9.5600004196167,9.5600004196167,9.5600004196167,389.0
2026-08-05 14:02:00,PFG,,114.11000061035156,114.12999725341797,114.11000061035156,114.12999725341797,1154.0
2026-08-05 14:02:00,PGEN,,6.78000020980835,6.78000020980835,6.764999866485596,6.779900074005127,9052.0
2026-08-05 14:02:00,PGNY,,31.729999542236328,31.729999542236328,31.729999542236328,31.729999542236328,610.0
2026-08-05 14:02:00,PGY,,21.80500030517578,21.844999313354492,21.799999237060547,21.844999313354492,2020.0
2026-08-05 14:02:00,PHAT,,8.404999732971191,8.40999984741211,8.404999732971191,8.40999984741211,962.0
2026-08-05 14:02:00,PLAB,,32.185001373291016,32.189998626708984,32.185001373291016,32.189998626708984,860.0
2026-08-05 14:02:00,PLSE,,37.619998931884766,37.619998931884766,37.619998931884766,37.619998931884766,429.0
2026-08-05 14:02:00,PLTK,,3.890000104904175,3.890000104904175,3.890000104904175,3.890000104904175,389.0
2026-08-05 14:02:00,PLUG,,2.0799999237060547,2.0850000381469727,2.0799999237060547,2.0850000381469727,3592.0
2026-08-05 14:02:00,PNBK,,1.1399999856948853,1.1399999856948853,1.1399999856948853,1.1399999856948853,100.0
2026-08-05 14:02:00,PNFP,,107.88999938964844,107.91000366210938,107.88999938964844,107.91000366210938,1032.0
2026-08-05 14:02:00,POET,,8.34000015258789,8.345000267028809,8.329999923706055,8.329999923706055,6479.0
2026-08-05 14:02:00,POOL,,205.75999450683594,205.75999450683594,205.63999938964844,205.63999938964844,1631.0
2026-08-05 14:02:00,POWI,,61.96500015258789,61.96500015258789,61.96500015258789,61.96500015258789,991.0
2026-08-05 14:02:00,POWL,,211.8000030517578,211.8000030517578,211.8000030517578,211.8000030517578,542.0
2026-08-05 14:02:00,PPC,,26.44499969482422,26.44499969482422,26.44499969482422,26.44499969482422,525.0
2026-08-05 14:02:00,PPIH,,25.97249984741211,25.97249984741211,25.97249984741211,25.97249984741211,782.0
2026-08-05 14:02:00,PPTA,,22.424999237060547,22.43000030517578,22.420000076293945,22.43000030517578,1599.0
2026-08-05 14:02:00,PRAA,,17.3799991607666,17.3799991607666,17.360000610351562,17.360000610351562,1706.0
2026-08-05 14:02:00,PRAX,,317.5,317.6400146484375,317.5,317.6400146484375,830.0
2026-08-05 14:02:00,PRCH,,15.789999961853027,15.789999961853027,15.774999618530273,15.774999618530273,2039.0
2026-08-05 14:02:00,PRCT,,18.610000610351562,18.65999984741211,18.610000610351562,18.655000686645508,3633.0
2026-08-05 14:02:00,PRDO,,32.86000061035156,32.900001525878906,32.86000061035156,32.900001525878906,2973.0
2026-08-05 14:02:00,PRGS,,42.27000045776367,42.279998779296875,42.27000045776367,42.279998779296875,1508.0
2026-08-05 14:02:00,PRIM,,84.82499694824219,84.82499694824219,84.82499694824219,84.82499694824219,637.0
2026-08-05 14:02:00,PRLD,,4.570000171661377,4.570000171661377,4.570000171661377,4.570000171661377,538.0
2026-08-05 14:02:00,PRME,,3.069999933242798,3.069999933242798,3.065000057220459,3.069999933242798,4310.0
2026-08-05 14:02:00,PROK,,1.6399999856948853,1.6399999856948853,1.6399999856948853,1.6399999856948853,13008.0
2026-08-05 14:02:00,PRQR,,1.9450000524520874,1.9500000476837158,1.9450000524520874,1.9500000476837158,8738.0
2026-08-05 14:02:00,PRTA,,8.489999771118164,8.489999771118164,8.489999771118164,8.489999771118164,525.0
2026-08-05 14:02:00,PRVA,,24.170000076293945,24.170000076293945,24.170000076293945,24.170000076293945,722.0
2026-08-05 14:02:00,PSEC,,2.184999942779541,2.184999942779541,2.184999942779541,2.184999942779541,6393.0
2026-08-05 14:02:00,PSMT,,190.75,191.11000061035156,190.75,191.11000061035156,1563.0
2026-08-05 14:02:00,PSNL,,13.524999618530273,13.529999732971191,13.524999618530273,13.529999732971191,828.0
2026-08-05 14:02:00,PTC,,139.99000549316406,139.99000549316406,139.99000549316406,139.99000549316406,659.0
2026-08-05 14:02:00,PTCT,,69.06500244140625,69.08499908447266,69.06500244140625,69.08499908447266,749.0
2026-08-05 14:02:00,PTEN,,9.824999809265137,9.829999923706055,9.824999809265137,9.829999923706055,3785.0
2026-08-05 14:02:00,PTGX,,136.89500427246094,136.89500427246094,136.8699951171875,136.8800048828125,826.0
2026-08-05 14:02:00,PTLO,,4.625,4.625,4.625,4.625,686.0
2026-08-05 14:02:00,PTON,,6.505000114440918,6.514999866485596,6.505000114440918,6.514999866485596,18716.0
2026-08-05 14:02:00,PWP,,17.489999771118164,17.489999771118164,17.469999313354492,17.469999313354492,1279.0
2026-08-05 14:02:00,PYPL,,58.154998779296875,58.185001373291016,58.14500045776367,58.185001373291016,10299.0
2026-08-05 14:02:00,PYXS,,3.1549999713897705,3.1700000762939453,3.1549999713897705,3.1700000762939453,2826.0
2026-08-05 14:02:00,PZZA,,30.040000915527344,30.18000030517578,30.030000686645508,30.18000030517578,15126.0
2026-08-05 14:02:00,QCOM,,158.3800048828125,158.52999877929688,158.3300018310547,158.33999633789062,27599.0
2026-08-05 14:02:00,QCRH,,105.41000366210938,105.44000244140625,105.37999725341797,105.41999816894531,1235.0
2026-08-05 14:02:00,QFIN,,13.194999694824219,13.194999694824219,13.194999694824219,13.194999694824219,3445.0
2026-08-05 14:02:00,QRVO,,94.78500366210938,94.80999755859375,94.7699966430664,94.80999755859375,3384.0
2026-08-05 14:02:00,SEED,,1.0199999809265137,1.0199999809265137,1.0149999856948853,1.0149999856948853,10967.0
2026-08-05 14:02:00,TARA,,4.03000020980835,4.034999847412109,4.03000020980835,4.034999847412109,3570.0
2026-08-05 14:02:00,WOOF,,2.944999933242798,2.950000047683716,2.944999933242798,2.950000047683716,9435.0
2026-08-05 14:03:00,ACDC,,4.465000152587891,4.465000152587891,4.460000038146973,4.460000038146973,4083.0
2026-08-05 14:03:00,CPOP,,0.3531999886035919,0.3531999886035919,0.3531999886035919,0.3531999886035919,411.0
2026-08-05 14:03:00,FIZZ,,32.09000015258789,32.09000015258789,32.09000015258789,32.09000015258789,326.0
2026-08-05 14:03:00,FRST,,16.40999984741211,16.40999984741211,16.40999984741211,16.40999984741211,1347.0
2026-08-05 14:03:00,GLUE,,15.539999961853027,15.539999961853027,15.53499984741211,15.53499984741211,2605.0
2026-08-05 14:03:00,MDB,,376.010009765625,376.010009765625,375.23291015625,375.23291015625,3656.0
2026-08-05 14:03:00,MDLZ,,62.70000076293945,62.71500015258789,62.69499969482422,62.69499969482422,18268.0
2026-08-05 14:03:00,MLEC,,7.099999904632568,7.099999904632568,7.099999904632568,7.099999904632568,889.0
2026-08-05 14:03:00,MNPR,,119.08999633789062,119.08999633789062,119.08999633789062,119.08999633789062,727.0
2026-08-05 14:03:00,MNRO,,13.175000190734863,13.175000190734863,13.170000076293945,13.170000076293945,2403.0
2026-08-05 14:03:00,MNST,,94.78500366210938,94.79000091552734,94.7699966430664,94.7699966430664,6207.0
2026-08-05 14:03:00,MNTS,,4.269899845123291,4.269899845123291,4.264999866485596,4.264999866485596,3381.0
2026-08-05 14:03:00,MORN,,198.25,198.25,198.25,198.25,976.0
2026-08-05 14:03:00,MOVE,,12.210000038146973,12.210000038146973,12.210000038146973,12.210000038146973,2483.0
2026-08-05 14:03:00,MPWR,,1349.4000244140625,1350.0,1346.9849853515625,1348.0,1779.0
2026-08-05 14:03:00,MRNA,,56.599998474121094,56.63999938964844,56.58000183105469,56.63999938964844,3652.0
2026-08-05 14:03:00,MVBF,,30.84000015258789,30.84000015258789,30.84000015258789,30.84000015258789,313.0
2026-08-05 14:03:00,MYGN,,3.1449999809265137,3.1449999809265137,3.140000104904175,3.1449999809265137,3448.0
2026-08-05 14:03:00,MYRG,,340.8999938964844,340.8999938964844,340.44000244140625,340.44000244140625,575.0
2026-08-05 14:03:00,NAMS,,27.31999969482422,27.354999542236328,27.260000228881836,27.280000686645508,20162.0
2026-08-05 14:03:00,NB,,5.074999809265137,5.079999923706055,5.074999809265137,5.079999923706055,2694.0
2026-08-05 14:03:00,NBIX,,162.6750030517578,162.75999450683594,162.6750030517578,162.75999450683594,1698.0
2026-08-05 14:03:00,NBN,,134.83999633789062,134.83999633789062,134.83999633789062,134.83999633789062,200.0
2026-08-05 14:03:00,NCRA,,1.809999942779541,1.809999942779541,1.809999942779541,1.809999942779541,1134.0
2026-08-05 14:03:00,NDAQ,,94.93000030517578,94.93000030517578,94.93000030517578,94.93000030517578,898.0
2026-08-05 14:03:00,NDSN,,310.3949890136719,310.3949890136719,310.2099914550781,310.2099914550781,573.0
2026-08-05 14:03:00,NEO,,16.0,16.0,16.0,16.0,2760.0
2026-08-05 14:03:00,NEOG,,11.600000381469727,11.600000381469727,11.600000381469727,11.600000381469727,771.0
2026-08-05 14:03:00,NEOV,,2.809999942779541,2.8289999961853027,2.809999942779541,2.825000047683716,8254.0
2026-08-05 14:03:00,NESR,,28.729999542236328,28.75,28.719999313354492,28.75,5512.0
2026-08-05 14:03:00,NEWT,,15.119999885559082,15.140000343322754,15.119999885559082,15.140000343322754,315.0
2026-08-05 14:03:00,NEXT,,6.449999809265137,6.449999809265137,6.449999809265137,6.449999809265137,215.0
2026-08-05 14:03:00,NFLX,,73.53009796142578,73.54000091552734,73.5250015258789,73.5250015258789,16036.0
2026-08-05 14:03:00,NICE,,99.22000122070312,99.22000122070312,99.16000366210938,99.16000366210938,4421.0
2026-08-05 14:03:00,NIU,,2.4549999237060547,2.4549999237060547,2.4549999237060547,2.4549999237060547,1880.0
2026-08-05 14:03:00,NKTR,,72.99500274658203,72.99500274658203,72.99500274658203,72.99500274658203,1561.0
2026-08-05 14:03:00,NKTX,,2.2249999046325684,2.2249999046325684,2.2249999046325684,2.2249999046325684,382.0
2026-08-05 14:03:00,NMFC,,7.329999923706055,7.340000152587891,7.329999923706055,7.340000152587891,3146.0
2026-08-05 14:03:00,NMRA,,1.5950000286102295,1.600000023841858,1.5950000286102295,1.600000023841858,3311.0
2026-08-05 14:03:00,NMRK,,15.739999771118164,15.739999771118164,15.739999771118164,15.739999771118164,260.0
2026-08-05 14:03:00,NN,,14.399999618530273,14.399999618530273,14.380000114440918,14.390000343322754,4869.0
2026-08-05 14:03:00,NNBR,,3.8299999237060547,3.8399999141693115,3.8299999237060547,3.8399999141693115,6774.0
2026-08-05 14:03:00,NNDM,,1.5449999570846558,1.5449999570846558,1.5449999570846558,1.5449999570846558,200.0
2026-08-05 14:03:00,NNOX,,1.0149999856948853,1.0149999856948853,1.0149999856948853,1.0149999856948853,1310.0
2026-08-05 14:03:00,NOVT,,156.0800018310547,156.0800018310547,156.0749969482422,156.0749969482422,441.0
2026-08-05 14:03:00,NRC,,19.575000762939453,19.575000762939453,19.575000762939453,19.575000762939453,450.0
2026-08-05 14:03:00,NRDS,,9.100000381469727,9.100000381469727,9.100000381469727,9.100000381469727,448.0
2026-08-05 14:03:00,NRIX,,24.959999084472656,24.959999084472656,24.934999465942383,24.934999465942383,4274.0
2026-08-05 14:03:00,NRXP,,3.0899999141693115,3.0899999141693115,3.0899999141693115,3.0899999141693115,1023.0
2026-08-05 14:03:00,NTAP,,189.76499938964844,189.80999755859375,189.63999938964844,189.8000030517578,10468.0
2026-08-05 14:03:00,NTES,,127.66999816894531,127.66999816894531,127.56999969482422,127.58000183105469,4495.0
2026-08-05 14:03:00,NTNX,,60.970001220703125,60.970001220703125,60.935001373291016,60.935001373291016,2771.0
2026-08-05 14:03:00,NTRS,,184.27999877929688,184.27999877929688,184.27999877929688,184.27999877929688,229.0
2026-08-05 14:03:00,NUWE,,1.6920000314712524,1.6920000314712524,1.6920000314712524,1.6920000314712524,1496.0
2026-08-05 14:03:00,NVAX,,7.599999904632568,7.610000133514404,7.599999904632568,7.610000133514404,7222.0
2026-08-05 14:03:00,NVCR,,16.059999465942383,16.059999465942383,16.059999465942383,16.059999465942383,3494.0
2026-08-05 14:03:00,NVDA,,220.89999389648438,220.97999572753906,220.85000610351562,220.94500732421875,100347.0
2026-08-05 14:03:00,NVTS,,12.475000381469727,12.479999542236328,12.470000267028809,12.479999542236328,6357.0
2026-08-05 14:03:00,NWBI,,15.960000038146973,15.960000038146973,15.960000038146973,15.960000038146973,1403.0
2026-08-05 14:03:00,NWE,,68.80000305175781,68.80000305175781,68.80000305175781,68.80000305175781,231.0
2026-08-05 14:03:00,NWL,,6.295000076293945,6.295000076293945,6.295000076293945,6.295000076293945,3464.0
2026-08-05 14:03:00,NWS,,32.33000183105469,32.33000183105469,32.31999969482422,32.31999969482422,1298.0
2026-08-05 14:03:00,NWSA,,28.299999237060547,28.299999237060547,28.28499984741211,28.28499984741211,4219.0
2026-08-05 14:03:00,NXGL,,0.4000000059604645,0.4000000059604645,0.4000000059604645,0.4000000059604645,100.0
2026-08-05 14:03:00,NXPI,,232.03500366210938,232.0800018310547,231.89999389648438,232.0800018310547,1728.0
2026-08-05 14:03:00,NXST,,191.88999938964844,191.97000122070312,191.5,191.5,4440.0
2026-08-05 14:03:00,NXT,,98.29000091552734,98.43000030517578,98.26000213623047,98.30000305175781,7976.0
2026-08-05 14:03:00,NYXH,,1.4149999618530273,1.4149999618530273,1.4149999618530273,1.4149999618530273,1422.0
2026-08-05 14:03:00,OABI,,2.059999942779541,2.059999942779541,2.059999942779541,2.059999942779541,443.0
2026-08-05 14:03:00,OCFC,,19.934999465942383,19.940000534057617,19.93000030517578,19.93000030517578,2304.0
2026-08-05 14:03:00,OCGN,,1.2999999523162842,1.2999999523162842,1.2899999618530273,1.2949999570846558,157981.0
2026-08-05 14:03:00,OCS,,12.029999732971191,12.029999732971191,12.029999732971191,12.029999732971191,402.0
2026-08-05 14:03:00,OCSL,,12.114999771118164,12.114999771118164,12.114999771118164,12.114999771118164,173.0
2026-08-05 14:03:00,OCUL,,8.585000038146973,8.585000038146973,8.579999923706055,8.579999923706055,561.0
2026-08-05 14:03:00,ODFL,,213.35000610351562,213.38999938964844,213.35000610351562,213.36000061035156,3597.0
2026-08-05 14:03:00,OESX,,14.875,15.069999694824219,14.875,14.875,2165.0
2026-08-05 14:03:00,OFIX,,10.420000076293945,10.425000190734863,10.390000343322754,10.390000343322754,3097.0
2026-08-05 14:03:00,OFS,,3.5299999713897705,3.5299999713897705,3.5299999713897705,3.5299999713897705,102.0
2026-08-05 14:03:00,OKTA,,147.75,147.75,147.7100067138672,147.7100067138672,1645.0
2026-08-05 14:03:00,OLLI,,78.40499877929688,78.40499877929688,78.40499877929688,78.40499877929688,978.0
2026-08-05 14:03:00,OMH,,0.1145000010728836,0.1145000010728836,0.11410000175237656,0.11410000175237656,3091.0
2026-08-05 14:03:00,ON,,78.04000091552734,78.05999755859375,77.95999908447266,78.0250015258789,15101.0
2026-08-05 14:03:00,ONB,,27.030000686645508,27.03499984741211,27.030000686645508,27.030000686645508,1664.0
2026-08-05 14:03:00,ONBPP,,24.846099853515625,24.846099853515625,24.846099853515625,24.846099853515625,0.0
2026-08-05 14:03:00,ONCY,,0.7990999817848206,0.7990999817848206,0.7990999817848206,0.7990999817848206,283.0
2026-08-05 14:03:00,ONDS,,8.9350004196167,8.960000038146973,8.930000305175781,8.960000038146973,387496.0
2026-08-05 14:03:00,ONEW,,12.550000190734863,12.569999694824219,12.550000190734863,12.569999694824219,462.0
2026-08-05 14:03:00,ONFO,,0.07400000095367432,0.07400000095367432,0.0738999992609024,0.07400000095367432,43708.0
2026-08-05 14:03:00,OPAL,,2.365000009536743,2.365000009536743,2.365000009536743,2.365000009536743,1227.0
2026-08-05 14:03:00,OPCH,,23.440000534057617,23.440000534057617,23.424999237060547,23.424999237060547,2234.0
2026-08-05 14:03:00,OPEN,,3.805000066757202,3.819999933242798,3.805000066757202,3.815000057220459,138410.0
2026-08-05 14:03:00,OPRT,,6.150000095367432,6.159999847412109,6.150000095367432,6.159999847412109,763.0
2026-08-05 14:03:00,ORIC,,12.925000190734863,12.96500015258789,12.925000190734863,12.96500015258789,4502.0
2026-08-05 14:03:00,ORLY,,92.98999786376953,92.98999786376953,92.92500305175781,92.92500305175781,7490.0
2026-08-05 14:03:00,OSBC,,25.829999923706055,25.829999923706055,25.81999969482422,25.829999923706055,2341.0
2026-08-05 14:03:00,OSIS,,236.9199981689453,236.9199981689453,236.9199981689453,236.9199981689453,654.0
2026-08-05 14:03:00,OSPN,,16.639999389648438,16.645000457763672,16.639999389648438,16.645000457763672,836.0
2026-08-05 14:03:00,OSS,,13.960000038146973,13.989999771118164,13.960000038146973,13.989999771118164,2963.0
2026-08-05 14:03:00,OSW,,26.5,26.5,26.5,26.5,398.0
2026-08-05 14:03:00,OTEX,,25.90999984741211,25.90999984741211,25.905000686645508,25.905000686645508,974.0
2026-08-05 14:03:00,OTLK,,1.0299999713897705,1.0299999713897705,1.024999976158142,1.024999976158142,911.0
2026-08-05 14:03:00,OVID,,2.5999999046325684,2.5999999046325684,2.5999999046325684,2.5999999046325684,10760.0
2026-08-05 14:03:00,OVLY,,33.4900016784668,33.5,33.4900016784668,33.5,421.0
2026-08-05 14:03:00,OXLC,,9.180000305175781,9.180000305175781,9.164999961853027,9.170000076293945,3752.0
2026-08-05 14:03:00,OXSQ,,1.5,1.5,1.5,1.5,438.0
2026-08-05 14:03:00,PAAS,,48.119998931884766,48.165000915527344,48.09000015258789,48.165000915527344,4941.0
2026-08-05 14:03:00,PACB,,1.3450000286102295,1.3494000434875488,1.340000033378601,1.340000033378601,12909.0
2026-08-05 14:03:00,PAGP,,25.1200008392334,25.1200008392334,25.1200008392334,25.1200008392334,764.0
2026-08-05 14:03:00,PALI,,2.130000114440918,2.130000114440918,2.125,2.125,1606.0
2026-08-05 14:03:00,PANW,,365.6099853515625,365.6099853515625,365.2900085449219,365.4800109863281,7751.0
2026-08-05 14:03:00,PATK,,87.83999633789062,87.86000061035156,87.83999633789062,87.86000061035156,438.0
2026-08-05 14:03:00,PAX,,11.414999961853027,11.414999961853027,11.414999961853027,11.414999961853027,243.0
2026-08-05 14:03:00,PAYO,,7.119999885559082,7.119999885559082,7.119999885559082,7.119999885559082,363.0
2026-08-05 14:03:00,PAYX,,117.7699966430664,117.7750015258789,117.72000122070312,117.72000122070312,2920.0
2026-08-05 14:03:00,PCAR,,134.07000732421875,134.19000244140625,134.07000732421875,134.16000366210938,3030.0
2026-08-05 14:03:00,PCRX,,24.420000076293945,24.420000076293945,24.420000076293945,24.420000076293945,1186.0
2026-08-05 14:03:00,PCT,,6.909900188446045,6.909900188446045,6.894999980926514,6.90500020980835,25820.0
2026-08-05 14:03:00,PCTY,,145.30999755859375,145.3350067138672,145.30999755859375,145.32249450683594,975.0
2026-08-05 14:03:00,PDD,,90.87000274658203,90.88999938964844,90.87000274658203,90.88999938964844,3360.0
2026-08-05 14:03:00,PDFS,,50.09000015258789,50.09000015258789,50.09000015258789,50.09000015258789,419.0
2026-08-05 14:03:00,PECO,,41.33000183105469,41.34000015258789,41.33000183105469,41.33000183105469,1670.0
2026-08-05 14:03:00,PEGA,,31.795000076293945,31.795000076293945,31.780000686645508,31.790000915527344,2976.0
2026-08-05 14:03:00,PENN,,19.774999618530273,19.774999618530273,19.770000457763672,19.770000457763672,2433.0
2026-08-05 14:03:00,PEP,,138.75,138.75,138.6999969482422,138.6999969482422,4649.0
2026-08-05 14:03:00,PFG,,114.2300033569336,114.2300033569336,114.1050033569336,114.1050033569336,7392.0
2026-08-05 14:03:00,PGC,,46.65999984741211,46.65999984741211,46.65999984741211,46.65999984741211,425.0
2026-08-05 14:03:00,PGEN,,6.769999980926514,6.784999847412109,6.769999980926514,6.784999847412109,8168.0
2026-08-05 14:03:00,PGNY,,31.719999313354492,31.739999771118164,31.719999313354492,31.739999771118164,1312.0
2026-08-05 14:03:00,PGY,,21.81999969482422,21.81999969482422,21.799999237060547,21.809999465942383,2218.0
2026-08-05 14:03:00,PHAT,,8.404999732971191,8.404999732971191,8.399999618530273,8.399999618530273,1803.0
2026-08-05 14:03:00,PLAB,,32.185001373291016,32.185001373291016,32.18000030517578,32.185001373291016,860.0
2026-08-05 14:03:00,PLMR,,134.4499969482422,134.4550018310547,134.4499969482422,134.4499969482422,636.0
2026-08-05 14:03:00,PLTK,,3.865000009536743,3.884999990463257,3.865000009536743,3.884999990463257,4498.0
2026-08-05 14:03:00,PLUG,,2.0850000381469727,2.0850000381469727,2.0799999237060547,2.0799999237060547,21923.0
2026-08-05 14:03:00,PNBK,,1.1399999856948853,1.1399999856948853,1.1399999856948853,1.1399999856948853,100.0
2026-08-05 14:03:00,PNFP,,108.0,108.05999755859375,107.95999908447266,108.0,14520.0
2026-08-05 14:03:00,PNTG,,38.834999084472656,38.834999084472656,38.834999084472656,38.834999084472656,161.0
2026-08-05 14:03:00,POET,,8.331899642944336,8.339900016784668,8.324999809265137,8.329999923706055,2903.0
2026-08-05 14:03:00,POOL,,205.92999267578125,205.92999267578125,205.91000366210938,205.91000366210938,1448.0
2026-08-05 14:03:00,POWL,,211.49000549316406,211.7100067138672,211.47999572753906,211.7100067138672,2552.0
2026-08-05 14:03:00,PPC,,26.43000030517578,26.43000030517578,26.43000030517578,26.43000030517578,593.0
2026-08-05 14:03:00,PPTA,,22.385000228881836,22.40999984741211,22.385000228881836,22.40999984741211,1098.0
2026-08-05 14:03:00,PRAX,,317.9049987792969,317.9049987792969,317.9049987792969,317.9049987792969,337.0
2026-08-05 14:03:00,PRCT,,18.68000030517578,18.68000030517578,18.610000610351562,18.655000686645508,3279.0
2026-08-05 14:03:00,PRGS,,42.310001373291016,42.310001373291016,42.310001373291016,42.310001373291016,436.0
2026-08-05 14:03:00,PRIM,,84.87000274658203,84.87000274658203,84.82499694824219,84.82499694824219,379.0
2026-08-05 14:03:00,PRME,,3.069999933242798,3.069999933242798,3.069999933242798,3.069999933242798,352.0
2026-08-05 14:03:00,PRQR,,1.9550000429153442,1.9550000429153442,1.9500000476837158,1.9500000476837158,3669.0
2026-08-05 14:03:00,PRTA,,8.48799991607666,8.48799991607666,8.470000267028809,8.470000267028809,428.0
2026-08-05 14:03:00,PRTH,,6.638999938964844,6.639999866485596,6.630000114440918,6.639999866485596,5602.0
2026-08-05 14:03:00,PRVA,,24.15999984741211,24.15999984741211,24.15999984741211,24.15999984741211,940.0
2026-08-05 14:03:00,PSEC,,2.184999942779541,2.184999942779541,2.180000066757202,2.180000066757202,1694.0
2026-08-05 14:03:00,PSMT,,190.9199981689453,190.9199981689453,190.9149932861328,190.9149932861328,224.0
2026-08-05 14:03:00,PSNL,,13.510000228881836,13.510000228881836,13.510000228881836,13.510000228881836,953.0
2026-08-05 14:03:00,PTC,,139.9949951171875,139.9949951171875,139.99249267578125,139.99249267578125,1256.0
2026-08-05 14:03:00,PTCT,,69.06500244140625,69.06500244140625,69.06500244140625,69.06500244140625,477.0
2026-08-05 14:03:00,PTEN,,9.824999809265137,9.824999809265137,9.824999809265137,9.824999809265137,974.0
2026-08-05 14:03:00,PTON,,6.505000114440918,6.510000228881836,6.5,6.510000228881836,31576.0
2026-08-05 14:03:00,PUBM,,13.420000076293945,13.420000076293945,13.420000076293945,13.420000076293945,600.0
2026-08-05 14:03:00,PWP,,17.489999771118164,17.5,17.459999084472656,17.489999771118164,1459.0
2026-08-05 14:03:00,PYPL,,58.18000030517578,58.185001373291016,58.15999984741211,58.15999984741211,6204.0
2026-08-05 14:03:00,PZZA,,30.079999923706055,30.09000015258789,30.040000915527344,30.040000915527344,3197.0
2026-08-05 14:03:00,QCOM,,158.4600067138672,158.4600067138672,158.37179565429688,158.4199981689453,5095.0
2026-08-05 14:03:00,QRVO,,94.81999969482422,94.81999969482422,94.74500274658203,94.78500366210938,3070.0
2026-08-05 14:03:00,SEED,,1.0199999809265137,1.0199999809265137,1.0199999809265137,1.0199999809265137,500.0
2026-08-05 14:03:00,STIM,,2.260200023651123,2.260200023651123,2.260200023651123,2.260200023651123,296.0
2026-08-05 14:04:00,ACDC,,4.474999904632568,4.485000133514404,4.465000152587891,4.465000152587891,21969.0
2026-08-05 14:04:00,CNXN,,86.17500305175781,86.17500305175781,86.17500305175781,86.17500305175781,137.0
2026-08-05 14:04:00,CPOP,,0.36000001430511475,0.36000001430511475,0.3531999886035919,0.3531999886035919,1104.0
2026-08-05 14:04:00,EYE,,23.1299991607666,23.149999618530273,23.1299991607666,23.149999618530273,2111.0
2026-08-05 14:04:00,FIZZ,,32.13999938964844,32.13999938964844,32.10499954223633,32.1072998046875,3072.0
2026-08-05 14:04:00,GLUE,,15.529999732971191,15.529999732971191,15.529999732971191,15.529999732971191,2304.0
2026-08-05 14:04:00,LUNG,,1.9950000047683716,2.0,1.9900000095367432,1.9900000095367432,1138.0
2026-08-05 14:04:00,MDB,,376.10040283203125,376.10040283203125,375.614990234375,376.0249938964844,1151.0
2026-08-05 14:04:00,MDLZ,,62.665000915527344,62.70500183105469,62.665000915527344,62.689998626708984,14987.0
2026-08-05 14:04:00,MNRO,,13.187999725341797,13.187999725341797,13.170000076293945,13.170000076293945,2386.0
2026-08-05 14:04:00,MNST,,94.80999755859375,94.81500244140625,94.76000213623047,94.77999877929688,12767.0
2026-08-05 14:04:00,MPWR,,1349.4000244140625,1350.0,1347.543701171875,1347.543701171875,884.0
2026-08-05 14:04:00,MRNA,,56.61000061035156,56.61000061035156,56.59000015258789,56.59000015258789,2572.0
2026-08-05 14:04:00,MYGN,,3.1449999809265137,3.1449999809265137,3.140000104904175,3.1449999809265137,3230.0
2026-08-05 14:04:00,MYRG,,340.0350036621094,340.0350036621094,340.0299987792969,340.0350036621094,392.0
2026-08-05 14:04:00,NAAS,,3.309999942779541,3.309999942779541,3.309999942779541,3.309999942779541,1126.0
2026-08-05 14:04:00,NAMS,,27.450000762939453,27.479999542236328,27.299999237060547,27.299999237060547,26196.0
2026-08-05 14:04:00,NAUT,,0.9466999769210815,0.9466999769210815,0.9466999769210815,0.9466999769210815,503.0
2026-08-05 14:04:00,NAVI,,9.164999961853027,9.164999961853027,9.159899711608887,9.159899711608887,2182.0
2026-08-05 14:04:00,NB,,5.079999923706055,5.085000038146973,5.079999923706055,5.085000038146973,2468.0
2026-08-05 14:04:00,NBIX,,162.92999267578125,162.92999267578125,162.75999450683594,162.85000610351562,4869.0
2026-08-05 14:04:00,NBTB,,53.45500183105469,53.5099983215332,53.33000183105469,53.33000183105469,7043.0
2026-08-05 14:04:00,NCRA,,1.7999999523162842,1.7999999523162842,1.7999999523162842,1.7999999523162842,2417.0
2026-08-05 14:04:00,NDAQ,,94.9800033569336,94.9800033569336,94.93499755859375,94.93499755859375,2757.0
2026-08-05 14:04:00,NDSN,,310.3949890136719,310.3949890136719,310.20001220703125,310.20001220703125,380.0
2026-08-05 14:04:00,NEGG,,16.739999771118164,16.739999771118164,16.739999771118164,16.739999771118164,271.0
2026-08-05 14:04:00,NEO,,15.989999771118164,16.0,15.989999771118164,16.0,2377.0
2026-08-05 14:04:00,NEOG,,11.600000381469727,11.604999542236328,11.600000381469727,11.604999542236328,1954.0
2026-08-05 14:04:00,NEOV,,2.809999942779541,2.809999942779541,2.809999942779541,2.809999942779541,488.0
2026-08-05 14:04:00,NESR,,28.684999465942383,28.729999542236328,28.65999984741211,28.729999542236328,2607.0
2026-08-05 14:04:00,NEXT,,6.465000152587891,6.465000152587891,6.454999923706055,6.454999923706055,21643.0
2026-08-05 14:04:00,NFE,,0.3391000032424927,0.3391000032424927,0.3391000032424927,0.3391000032424927,1003.0
2026-08-05 14:04:00,NFLX,,73.5250015258789,73.54499816894531,73.51000213623047,73.52999877929688,40120.0
2026-08-05 14:04:00,NGNE,,35.310001373291016,35.369998931884766,35.310001373291016,35.369998931884766,843.0
2026-08-05 14:04:00,NICE,,99.16000366210938,99.16000366210938,99.16000366210938,99.16000366210938,970.0
2026-08-05 14:04:00,NIOBW,,1.5199999809265137,1.5199999809265137,1.5199999809265137,1.5199999809265137,101.0
2026-08-05 14:04:00,NKTR,,72.99500274658203,73.05000305175781,72.97750091552734,72.99500274658203,8554.0
2026-08-05 14:04:00,NKTX,,2.2149999141693115,2.2200000286102295,2.2149999141693115,2.2200000286102295,2429.0
2026-08-05 14:04:00,NMFC,,7.329999923706055,7.329999923706055,7.329999923706055,7.329999923706055,461.0
2026-08-05 14:04:00,NMIH,,44.564998626708984,44.564998626708984,44.564998626708984,44.564998626708984,312.0
2026-08-05 14:04:00,NMRK,,15.739999771118164,15.739999771118164,15.73009967803955,15.739999771118164,3150.0
2026-08-05 14:04:00,NN,,14.399999618530273,14.399999618530273,14.380000114440918,14.38010025024414,4084.0
2026-08-05 14:04:00,NNBR,,3.8350000381469727,3.8350000381469727,3.8350000381469727,3.8350000381469727,333.0
2026-08-05 14:04:00,NNDM,,1.5449999570846558,1.5449999570846558,1.5449999570846558,1.5449999570846558,743.0
2026-08-05 14:04:00,NOVT,,156.0800018310547,156.0800018310547,156.0072021484375,156.0072021484375,927.0
2026-08-05 14:04:00,NRDS,,9.095000267028809,9.095000267028809,9.085000038146973,9.09000015258789,9488.0
2026-08-05 14:04:00,NTAP,,189.9949951171875,189.9949951171875,189.76499938964844,189.76499938964844,6837.0
2026-08-05 14:04:00,NTGR,,24.299999237060547,24.299999237060547,24.299999237060547,24.299999237060547,148.0
2026-08-05 14:04:00,NTNX,,61.01499938964844,61.01499938964844,60.97999954223633,60.97999954223633,8927.0
2026-08-05 14:04:00,NTRA,,274.30999755859375,274.30999755859375,274.30999755859375,274.30999755859375,1220.0
2026-08-05 14:04:00,NTRS,,184.36000061035156,184.36000061035156,184.24000549316406,184.35009765625,2452.0
2026-08-05 14:04:00,NVAX,,7.605000019073486,7.609899997711182,7.599999904632568,7.609899997711182,958.0
2026-08-05 14:04:00,NVCR,,16.049999237060547,16.049999237060547,16.049999237060547,16.049999237060547,1289.0
2026-08-05 14:04:00,NVDA,,220.97999572753906,220.99000549316406,220.835205078125,220.89010620117188,101495.0
2026-08-05 14:04:00,NVMI,,408.2349853515625,408.2349853515625,408.2349853515625,408.2349853515625,468.0
2026-08-05 14:04:00,NVTS,,12.489999771118164,12.489999771118164,12.470000267028809,12.475000381469727,9189.0
2026-08-05 14:04:00,NWE,,68.79010009765625,68.80999755859375,68.79010009765625,68.80999755859375,1236.0
2026-08-05 14:04:00,NWL,,6.295000076293945,6.299900054931641,6.295000076293945,6.295000076293945,6833.0
2026-08-05 14:04:00,NWPX,,127.45999908447266,127.54499816894531,127.36000061035156,127.36000061035156,798.0
2026-08-05 14:04:00,NWS,,32.33000183105469,32.34000015258789,32.33000183105469,32.334999084472656,2343.0
2026-08-05 14:04:00,NWSA,,28.299999237060547,28.309999465942383,28.299999237060547,28.309900283813477,3924.0
2026-08-05 14:04:00,NXPI,,232.38499450683594,232.38999938964844,231.9199981689453,231.9199981689453,6292.0
2026-08-05 14:04:00,NXST,,192.0625,192.19000244140625,192.0449981689453,192.0449981689453,1363.0
2026-08-05 14:04:00,NXT,,98.32499694824219,98.32499694824219,98.30999755859375,98.31510162353516,1916.0
2026-08-05 14:04:00,OCC,,16.156200408935547,16.156200408935547,16.156200408935547,16.156200408935547,241.0
2026-08-05 14:04:00,OCCI,,2.4899001121520996,2.4899001121520996,2.4899001121520996,2.4899001121520996,269.0
2026-08-05 14:04:00,OCFC,,19.934999465942383,19.934999465942383,19.93000030517578,19.93000030517578,1417.0
2026-08-05 14:04:00,OCGN,,1.2999999523162842,1.2999999523162842,1.2899999618530273,1.2999999523162842,6251.0
2026-08-05 14:04:00,OCSL,,12.114999771118164,12.114999771118164,12.114999771118164,12.114999771118164,557.0
2026-08-05 14:04:00,OCUL,,8.579999923706055,8.579999923706055,8.579999923706055,8.579999923706055,4055.0
2026-08-05 14:04:00,ODD,,15.354999542236328,15.354999542236328,15.354999542236328,15.354999542236328,1546.0
2026-08-05 14:04:00,ODFL,,213.3699951171875,213.47999572753906,213.35499572753906,213.35499572753906,2242.0
2026-08-05 14:04:00,OESX,,14.875,14.875,14.875,14.875,3314.0
2026-08-05 14:04:00,OFLX,,30.395000457763672,30.395000457763672,30.395000457763672,30.395000457763672,215.0
2026-08-05 14:04:00,OKTA,,147.77999877929688,147.82000732421875,147.7449951171875,147.7449951171875,3090.0
2026-08-05 14:04:00,OLLI,,78.38999938964844,78.39839935302734,78.38999938964844,78.39839935302734,1481.0
2026-08-05 14:04:00,OLMA,,11.539999961853027,11.539999961853027,11.539999961853027,11.539999961853027,1101.0
2026-08-05 14:04:00,OMH,,0.11500000208616257,0.11500000208616257,0.11500000208616257,0.11500000208616257,3524.0
2026-08-05 14:04:00,ON,,78.0999984741211,78.0999984741211,78.04000091552734,78.04000091552734,11568.0
2026-08-05 14:04:00,ONB,,27.03499984741211,27.03499984741211,27.024999618530273,27.030000686645508,21378.0
2026-08-05 14:04:00,ONBPP,,24.8439998626709,24.8439998626709,24.8439998626709,24.8439998626709,1080.0
2026-08-05 14:04:00,ONDS,,8.949899673461914,8.949999809265137,8.930000305175781,8.930000305175781,350994.0
2026-08-05 14:04:00,ONFO,,0.0738999992609024,0.07400000095367432,0.0737999975681305,0.0737999975681305,18998.0
2026-08-05 14:04:00,OPCH,,23.40999984741211,23.440000534057617,23.389999389648438,23.440000534057617,18289.0
2026-08-05 14:04:00,OPEN,,3.805000066757202,3.809999942779541,3.799999952316284,3.809999942779541,32696.0
2026-08-05 14:04:00,OPHC,,8.744999885559082,8.744999885559082,8.744999885559082,8.744999885559082,201.0
2026-08-05 14:04:00,OPRT,,6.150000095367432,6.150000095367432,6.150000095367432,6.150000095367432,793.0
2026-08-05 14:04:00,ORGO,,2.3450000286102295,2.3489999771118164,2.3450000286102295,2.3489999771118164,1031.0
2026-08-05 14:04:00,ORIC,,12.920000076293945,12.920000076293945,12.920000076293945,12.920000076293945,1976.0
2026-08-05 14:04:00,ORLY,,92.87000274658203,92.98989868164062,92.87000274658203,92.98989868164062,9094.0
2026-08-05 14:04:00,OSBC,,25.834999084472656,25.834999084472656,25.825000762939453,25.825000762939453,1086.0
2026-08-05 14:04:00,OSPN,,16.649999618530273,16.65999984741211,16.6299991607666,16.6299991607666,6095.0
2026-08-05 14:04:00,OTEX,,25.899999618530273,25.899999618530273,25.899999618530273,25.899999618530273,2090.0
2026-08-05 14:04:00,OTLK,,1.024999976158142,1.0299999713897705,1.020400047302246,1.0299999713897705,2821.0
2026-08-05 14:04:00,OXBRW,,0.13989999890327454,0.13989999890327454,0.10019999742507935,0.10019999742507935,0.0
2026-08-05 14:04:00,OXLC,,9.175000190734863,9.175000190734863,9.164999961853027,9.175000190734863,9034.0
2026-08-05 14:04:00,OXSQ,,1.5,1.5,1.5,1.5,440.0
2026-08-05 14:04:00,PAA,,23.155000686645508,23.155000686645508,23.155000686645508,23.155000686645508,1257.0
2026-08-05 14:04:00,PAAS,,48.130001068115234,48.130001068115234,48.11000061035156,48.11000061035156,3563.0
2026-08-05 14:04:00,PACB,,1.3450000286102295,1.350000023841858,1.340000033378601,1.340000033378601,22325.0
2026-08-05 14:04:00,PALI,,2.125,2.130000114440918,2.125,2.125,2190.0
2026-08-05 14:04:00,PANW,,365.8299865722656,365.9100036621094,365.5350036621094,365.6300048828125,6104.0
2026-08-05 14:04:00,PATK,,87.91999816894531,87.91999816894531,87.82499694824219,87.82499694824219,1550.0
2026-08-05 14:04:00,PAX,,11.425000190734863,11.425000190734863,11.414999961853027,11.414999961853027,4209.0
2026-08-05 14:04:00,PAYO,,7.125,7.125,7.119999885559082,7.119999885559082,581.0
2026-08-05 14:04:00,PAYS,,9.15999984741211,9.15999984741211,9.149999618530273,9.149999618530273,2957.0
2026-08-05 14:04:00,PAYX,,117.81999969482422,117.83499908447266,117.77999877929688,117.79000091552734,4269.0
2026-08-05 14:04:00,PBYI,,8.010000228881836,8.017999649047852,8.010000228881836,8.017999649047852,728.0
2026-08-05 14:04:00,PCAR,,134.11000061035156,134.13999938964844,134.0500946044922,134.1300048828125,3734.0
2026-08-05 14:04:00,PCRX,,24.510000228881836,24.510000228881836,24.469999313354492,24.469999313354492,6765.0
2026-08-05 14:04:00,PCT,,6.909999847412109,6.909999847412109,6.90500020980835,6.90500020980835,7496.0
2026-08-05 14:04:00,PCTY,,145.3000030517578,145.36000061035156,145.3000030517578,145.35000610351562,2930.0
2026-08-05 14:04:00,PDD,,90.87000274658203,90.87999725341797,90.87000274658203,90.87999725341797,3250.0
2026-08-05 14:04:00,PDFS,,50.185001373291016,50.185001373291016,50.185001373291016,50.185001373291016,305.0
2026-08-05 14:04:00,PECO,,41.30500030517578,41.310001373291016,41.30500030517578,41.310001373291016,2122.0
2026-08-05 14:04:00,PEGA,,31.809999465942383,31.809999465942383,31.795000076293945,31.795000076293945,3732.0
2026-08-05 14:04:00,PENN,,19.809999465942383,19.809999465942383,19.780000686645508,19.780000686645508,3249.0
2026-08-05 14:04:00,PEP,,138.74000549316406,138.77000427246094,138.74000549316406,138.75,8160.0
2026-08-05 14:04:00,PESI,,17.8700008392334,17.8700008392334,17.8700008392334,17.8700008392334,939.0
2026-08-05 14:04:00,PFG,,114.25,114.29010009765625,114.19000244140625,114.19000244140625,4840.0
2026-08-05 14:04:00,PGC,,46.619998931884766,46.619998931884766,46.619998931884766,46.619998931884766,438.0
2026-08-05 14:04:00,PGEN,,6.78000020980835,6.78000020980835,6.775000095367432,6.775000095367432,4889.0
2026-08-05 14:04:00,PGNY,,31.690000534057617,31.719999313354492,31.690000534057617,31.719999313354492,1406.0
2026-08-05 14:04:00,PGY,,21.819000244140625,21.81999969482422,21.80929946899414,21.815000534057617,9592.0
2026-08-05 14:04:00,PHAT,,8.404999732971191,8.404999732971191,8.401000022888184,8.401000022888184,1044.0
2026-08-05 14:04:00,PLAB,,32.25,32.25,32.20000076293945,32.20000076293945,2154.0
2026-08-05 14:04:00,PLSE,,37.5099983215332,37.5099983215332,37.5099983215332,37.5099983215332,174.0
2026-08-05 14:04:00,PLTK,,3.875,3.875,3.865000009536743,3.865000009536743,6964.0
2026-08-05 14:04:00,PLUG,,2.0850000381469727,2.0899999141693115,2.0799999237060547,2.0799999237060547,35793.0
2026-08-05 14:04:00,PLXS,,276.57000732421875,276.57000732421875,276.0899963378906,276.0899963378906,2242.0
2026-08-05 14:04:00,PNFP,,108.13500213623047,108.13500213623047,107.94999694824219,107.96499633789062,4866.0
2026-08-05 14:04:00,PNRG,,187.44000244140625,187.75999450683594,186.22000122070312,186.22000122070312,4434.0
2026-08-05 14:04:00,PNTG,,38.834999084472656,38.834999084472656,38.834999084472656,38.834999084472656,573.0
2026-08-05 14:04:00,POET,,8.34000015258789,8.34000015258789,8.329999923706055,8.329999923706055,2748.0
2026-08-05 14:04:00,POOL,,206.19000244140625,206.19000244140625,205.5334014892578,205.5334014892578,992.0
2026-08-05 14:04:00,POWI,,61.974998474121094,62.0,61.974998474121094,61.974998474121094,7155.0
2026-08-05 14:04:00,POWL,,211.6699981689453,211.6699981689453,211.49000549316406,211.49000549316406,1399.0
2026-08-05 14:04:00,PPC,,26.395000457763672,26.420000076293945,26.350000381469727,26.40999984741211,12520.0
2026-08-05 14:04:00,PPTA,,22.395000457763672,22.395000457763672,22.385000228881836,22.385000228881836,2088.0
2026-08-05 14:04:00,PRCH,,15.779999732971191,15.779999732971191,15.770000457763672,15.770000457763672,3119.0
2026-08-05 14:04:00,PRCT,,18.639999389648438,18.690000534057617,18.6299991607666,18.649999618530273,9434.0
2026-08-05 14:04:00,PRE,,18.280000686645508,18.280000686645508,18.280000686645508,18.280000686645508,103.0
2026-08-05 14:04:00,PRGS,,42.36000061035156,42.36000061035156,42.31999969482422,42.31999969482422,5405.0
2026-08-05 14:04:00,PRIM,,85.0999984741211,85.0999984741211,84.83999633789062,84.83999633789062,5874.0
2026-08-05 14:04:00,PRLD,,4.559999942779541,4.559999942779541,4.550000190734863,4.550000190734863,338.0
2026-08-05 14:04:00,PRME,,3.065000057220459,3.065000057220459,3.065000057220459,3.065000057220459,995.0
2026-08-05 14:04:00,PROK,,1.6449999809265137,1.6449999809265137,1.6449999809265137,1.6449999809265137,585.0
2026-08-05 14:04:00,PRQR,,1.9550000429153442,1.9550000429153442,1.9550000429153442,1.9550000429153442,2772.0
2026-08-05 14:04:00,PRTA,,8.479999542236328,8.479999542236328,8.471599578857422,8.471599578857422,2499.0
2026-08-05 14:04:00,PRVA,,24.149999618530273,24.15999984741211,24.149999618530273,24.15999984741211,2787.0
2026-08-05 14:04:00,PSEC,,2.190000057220459,2.190000057220459,2.184999942779541,2.184999942779541,663.0
2026-08-05 14:04:00,PSMT,,190.8300018310547,190.8300018310547,190.8300018310547,190.8300018310547,220.0
2026-08-05 14:04:00,PSNL,,13.510000228881836,13.510000228881836,13.510000228881836,13.510000228881836,762.0
2026-08-05 14:04:00,PSNY,,14.199999809265137,14.199999809265137,14.199999809265137,14.199999809265137,581.0
2026-08-05 14:04:00,PTC,,140.11000061035156,140.14999389648438,140.02499389648438,140.02499389648438,3428.0
2026-08-05 14:04:00,PTCT,,69.05999755859375,69.05999755859375,69.05999755859375,69.05999755859375,1402.0
2026-08-05 14:04:00,PTEN,,9.835000038146973,9.835000038146973,9.821000099182129,9.821000099182129,18614.0
2026-08-05 14:04:00,PTGX,,136.8800048828125,136.8800048828125,136.8800048828125,136.8800048828125,970.0
2026-08-05 14:04:00,PTLO,,4.625,4.625,4.625,4.625,928.0
2026-08-05 14:04:00,PTON,,6.5,6.510000228881836,6.5,6.505000114440918,5899.0
2026-08-05 14:04:00,PUBM,,13.429900169372559,13.429900169372559,13.429900169372559,13.429900169372559,22.0
2026-08-05 14:04:00,PYPD,,4.619999885559082,4.619999885559082,4.605000019073486,4.605000019073486,2382.0
2026-08-05 14:04:00,PYPL,,58.18000030517578,58.19499969482422,58.16999816894531,58.16999816894531,10797.0
2026-08-05 14:04:00,PZZA,,30.09000015258789,30.100000381469727,30.06999969482422,30.077199935913086,11860.0
2026-08-05 14:04:00,QCOM,,158.5399932861328,158.57000732421875,158.41000366210938,158.4499969482422,14904.0
2026-08-05 14:04:00,QCRH,,105.48999786376953,105.48999786376953,105.4800033569336,105.4800033569336,1438.0
2026-08-05 14:04:00,QQQX,,30.424999237060547,30.424999237060547,30.350000381469727,30.350000381469727,9500.0
2026-08-05 14:04:00,QRVO,,94.88999938964844,94.91999816894531,94.81990051269531,94.81990051269531,3036.0
2026-08-05 14:04:00,SEED,,1.0199999809265137,1.0199999809265137,1.0199999809265137,1.0199999809265137,412.0
2026-08-05 14:04:00,STIM,,2.259999990463257,2.259999990463257,2.259999990463257,2.259999990463257,1411.0
2026-08-05 14:04:00,TARA,,4.019999980926514,4.019999980926514,4.019999980926514,4.019999980926514,864.0
2026-08-05 14:04:00,WOOF,,2.9649999141693115,2.9649999141693115,2.944999933242798,2.949899911880493,57781.0
2026-08-05 14:05:00,ACDC,,4.489999771118164,4.489999771118164,4.474999904632568,4.474999904632568,12973.0
2026-08-05 14:05:00,BPOP,,177.52499389648438,177.52499389648438,177.52499389648438,177.52499389648438,435.0
2026-08-05 14:05:00,CASH,,89.4000015258789,89.4000015258789,89.4000015258789,89.4000015258789,414.0
2026-08-05 14:05:00,CNXN,,86.30999755859375,86.30999755859375,86.30999755859375,86.30999755859375,144.0
2026-08-05 14:05:00,EYE,,23.145000457763672,23.145000457763672,23.145000457763672,23.145000457763672,171.0
2026-08-05 14:05:00,FIZZ,,32.16999816894531,32.17499923706055,32.150001525878906,32.16999816894531,1546.0
2026-08-05 14:05:00,LUNG,,1.9950000047683716,1.9950000047683716,1.9950000047683716,1.9950000047683716,440.0
2026-08-05 14:05:00,MDB,,376.7900085449219,376.79998779296875,376.2099914550781,376.2099914550781,2302.0
2026-08-05 14:05:00,MDLZ,,62.654998779296875,62.68000030517578,62.654998779296875,62.68000030517578,6935.0
2026-08-05 14:05:00,MNRO,,13.1899995803833,13.1899995803833,13.1899995803833,13.1899995803833,1641.0
2026-08-05 14:05:00,MNST,,94.75,94.77999877929688,94.75,94.7699966430664,6894.0
2026-08-05 14:05:00,MNTK,,1.684999942779541,1.684999942779541,1.684999942779541,1.684999942779541,258.0
2026-08-05 14:05:00,MPWR,,1350.780029296875,1351.6800537109375,1349.1400146484375,1349.1700439453125,2434.0
2026-08-05 14:05:00,MRNA,,56.65999984741211,56.65999984741211,56.59510040283203,56.619998931884766,8483.0
2026-08-05 14:05:00,MYGN,,3.140000104904175,3.1449999809265137,3.140000104904175,3.140000104904175,1967.0
2026-08-05 14:05:00,NAMS,,27.579999923706055,27.579999923706055,27.479999542236328,27.479999542236328,3200.0
2026-08-05 14:05:00,NAUT,,0.9466999769210815,0.9466999769210815,0.9466999769210815,0.9466999769210815,748.0
2026-08-05 14:05:00,NAVI,,9.164999961853027,9.164999961853027,9.15999984741211,9.164999961853027,905.0
2026-08-05 14:05:00,NB,,5.090000152587891,5.090000152587891,5.085000038146973,5.085000038146973,1432.0
2026-08-05 14:05:00,NBIX,,162.85000610351562,162.9600067138672,162.85000610351562,162.9600067138672,946.0
2026-08-05 14:05:00,NBTB,,53.400001525878906,53.400001525878906,53.400001525878906,53.400001525878906,388.0
2026-08-05 14:05:00,NDAQ,,94.9800033569336,94.99500274658203,94.94000244140625,94.99500274658203,3326.0
2026-08-05 14:05:00,NDSN,,310.3949890136719,310.3949890136719,310.1942138671875,310.1942138671875,247.0
2026-08-05 14:05:00,NESR,,28.684999465942383,28.689199447631836,28.684999465942383,28.689199447631836,1583.0
2026-08-05 14:05:00,NFLX,,73.5250015258789,73.53500366210938,73.51499938964844,73.5250015258789,23942.0
2026-08-05 14:05:00,NGNE,,35.31999969482422,35.31999969482422,35.31999969482422,35.31999969482422,181.0
2026-08-05 14:05:00,NICE,,99.37000274658203,99.37999725341797,99.23999786376953,99.23999786376953,3254.0
2026-08-05 14:05:00,NKTR,,72.80999755859375,72.98999786376953,72.80999755859375,72.98999786376953,2784.0
2026-08-05 14:05:00,NKTX,,2.2200000286102295,2.2200000286102295,2.2200000286102295,2.2200000286102295,5726.0
2026-08-05 14:05:00,NMIH,,44.59000015258789,44.59000015258789,44.59000015258789,44.59000015258789,278.0
2026-08-05 14:05:00,NN,,14.414999961853027,14.414999961853027,14.404999732971191,14.404999732971191,1707.0
2026-08-05 14:05:00,NNBR,,3.8350000381469727,3.8350000381469727,3.8299999237060547,3.8350000381469727,1740.0
2026-08-05 14:05:00,NNDM,,1.541599988937378,1.5449999570846558,1.541599988937378,1.5449999570846558,989.0
2026-08-05 14:05:00,NPCE,,13.704999923706055,13.75,13.675000190734863,13.675000190734863,3917.0
2026-08-05 14:05:00,NRDS,,9.095000267028809,9.095100402832031,9.095000267028809,9.095000267028809,5043.0
2026-08-05 14:05:00,NRXP,,3.0950000286102295,3.0950000286102295,3.0899999141693115,3.0899999141693115,468.0
2026-08-05 14:05:00,NSSC,,40.42250061035156,40.43000030517578,40.41999816894531,40.43000030517578,1389.0
2026-08-05 14:05:00,NTAP,,189.90499877929688,189.97000122070312,189.88499450683594,189.97000122070312,3223.0
2026-08-05 14:05:00,NTGR,,24.315000534057617,24.315000534057617,24.315000534057617,24.315000534057617,148.0
2026-08-05 14:05:00,NTNX,,60.97999954223633,60.9900016784668,60.96500015258789,60.9900016784668,5961.0
2026-08-05 14:05:00,NTRA,,274.42999267578125,274.42999267578125,274.3299865722656,274.3299865722656,1021.0
2026-08-05 14:05:00,NTRS,,184.4499969482422,184.4499969482422,184.36500549316406,184.36500549316406,487.0
2026-08-05 14:05:00,NVAX,,7.610000133514404,7.610000133514404,7.605000019073486,7.605000019073486,11585.0
2026-08-05 14:05:00,NVCR,,16.059999465942383,16.059999465942383,16.045000076293945,16.045000076293945,1859.0
2026-08-05 14:05:00,NVDA,,220.89999389648438,220.97999572753906,220.80999755859375,220.97999572753906,85083.0
2026-08-05 14:05:00,NVEC,,131.55999755859375,131.55999755859375,131.55999755859375,131.55999755859375,237.0
2026-08-05 14:05:00,NVMI,,408.2850036621094,408.2850036621094,408.2300109863281,408.2300109863281,769.0
2026-08-05 14:05:00,NVTS,,12.484999656677246,12.5,12.484999656677246,12.494999885559082,6196.0
2026-08-05 14:05:00,NWE,,68.76000213623047,68.76000213623047,68.76000213623047,68.76000213623047,201.0
2026-08-05 14:05:00,NWL,,6.289999961853027,6.304999828338623,6.284999847412109,6.300000190734863,54159.0
2026-08-05 14:05:00,NWPX,,127.4000015258789,127.4000015258789,127.4000015258789,127.4000015258789,410.0
2026-08-05 14:05:00,NWS,,32.32500076293945,32.33000183105469,32.32500076293945,32.33000183105469,2055.0
2026-08-05 14:05:00,NWSA,,28.299999237060547,28.309999465942383,28.299999237060547,28.299999237060547,7393.0
2026-08-05 14:05:00,NXGL,,0.4000000059604645,0.4000000059604645,0.4000000059604645,0.4000000059604645,100.0
2026-08-05 14:05:00,NXPI,,232.25,232.36000061035156,232.25,232.33999633789062,3948.0
2026-08-05 14:05:00,NXST,,191.64500427246094,191.9199981689453,191.64500427246094,191.9199981689453,3439.0
2026-08-05 14:05:00,NXT,,98.33499908447266,98.33499908447266,98.33499908447266,98.33499908447266,822.0
2026-08-05 14:05:00,OBIO,,4.215000152587891,4.215000152587891,4.215000152587891,4.215000152587891,494.0
2026-08-05 14:05:00,OCFC,,19.924999237060547,19.934999465942383,19.924999237060547,19.934999465942383,5089.0
2026-08-05 14:05:00,OCGN,,1.2899999618530273,1.2999999523162842,1.2899999618530273,1.2899999618530273,4739.0
2026-08-05 14:05:00,OCSL,,12.114999771118164,12.114999771118164,12.114999771118164,12.114999771118164,227.0
2026-08-05 14:05:00,ODFL,,213.38499450683594,213.38499450683594,213.38499450683594,213.38499450683594,866.0
2026-08-05 14:05:00,OFIX,,10.403499603271484,10.420000076293945,10.403499603271484,10.420000076293945,385.0
2026-08-05 14:05:00,OKTA,,147.8699951171875,147.88999938964844,147.78500366210938,147.83999633789062,6045.0
2026-08-05 14:05:00,OLLI,,78.36740112304688,78.36740112304688,78.36740112304688,78.36740112304688,242.0
2026-08-05 14:05:00,OMCL,,37.369998931884766,37.380001068115234,37.369998931884766,37.380001068115234,1926.0
2026-08-05 14:05:00,OMER,,12.760000228881836,12.760000228881836,12.760000228881836,12.760000228881836,780.0
2026-08-05 14:05:00,ON,,78.08000183105469,78.11499786376953,78.05000305175781,78.08999633789062,13300.0
2026-08-05 14:05:00,ONDS,,8.975000381469727,8.979999542236328,8.9399995803833,8.9399995803833,383064.0
2026-08-05 14:05:00,ONFO,,0.0738999992609024,0.0738999992609024,0.0738999992609024,0.0738999992609024,35412.0
2026-08-05 14:05:00,OPCH,,23.420000076293945,23.43000030517578,23.3799991607666,23.389999389648438,8430.0
2026-08-05 14:05:00,OPEN,,3.803499937057495,3.809999942779541,3.799999952316284,3.805000066757202,23680.0
2026-08-05 14:05:00,OPHC,,8.744999885559082,8.744999885559082,8.744999885559082,8.744999885559082,100.0
2026-08-05 14:05:00,OPK,,1.309999942779541,1.309999942779541,1.309999942779541,1.309999942779541,1235.0
2026-08-05 14:05:00,OPRT,,6.139999866485596,6.140200138092041,6.139999866485596,6.140200138092041,7551.0
2026-08-05 14:05:00,OPRX,,6.920000076293945,6.929999828338623,6.920000076293945,6.929999828338623,3128.0
2026-08-05 14:05:00,ORGO,,2.3399999141693115,2.3399999141693115,2.3399999141693115,2.3399999141693115,753.0
2026-08-05 14:05:00,ORIC,,12.930000305175781,12.930000305175781,12.930000305175781,12.930000305175781,643.0
2026-08-05 14:05:00,ORLY,,92.8499984741211,92.86380004882812,92.8499984741211,92.86380004882812,2219.0
2026-08-05 14:05:00,OSBC,,25.834999084472656,25.834999084472656,25.834999084472656,25.834999084472656,1079.0
2026-08-05 14:05:00,OSPN,,16.684999465942383,16.700000762939453,16.684999465942383,16.700000762939453,771.0
2026-08-05 14:05:00,OSS,,13.989999771118164,13.989999771118164,13.989999771118164,13.989999771118164,3535.0
2026-08-05 14:05:00,OTEX,,25.934999465942383,25.934999465942383,25.895000457763672,25.895000457763672,2637.0
2026-08-05 14:05:00,OTLK,,1.0299999713897705,1.0299999713897705,1.024999976158142,1.024999976158142,735.0
2026-08-05 14:05:00,OTTR,,92.22000122070312,92.22000122070312,92.22000122070312,92.22000122070312,1396.0
2026-08-05 14:05:00,OXLC,,9.175000190734863,9.175000190734863,9.175000190734863,9.175000190734863,956.0
2026-08-05 14:05:00,OXSQ,,1.5099999904632568,1.5099999904632568,1.5,1.5,884.0
2026-08-05 14:05:00,PAA,,23.155000686645508,23.155000686645508,23.155000686645508,23.155000686645508,3313.0
2026-08-05 14:05:00,PAAS,,48.1349983215332,48.15999984741211,48.12799835205078,48.130001068115234,6442.0
2026-08-05 14:05:00,PACB,,1.3450000286102295,1.3499000072479248,1.3450000286102295,1.3490999937057495,12737.0
2026-08-05 14:05:00,PAGP,,25.1299991607666,25.1299991607666,25.1299991607666,25.1299991607666,313.0
2026-08-05 14:05:00,PALI,,2.125,2.125,2.125,2.125,1962.0
2026-08-05 14:05:00,PANW,,366.0299072265625,366.0299987792969,365.739990234375,365.8699951171875,7994.0
2026-08-05 14:05:00,PATK,,87.9000015258789,87.9000015258789,87.9000015258789,87.9000015258789,1395.0
2026-08-05 14:05:00,PAYO,,7.125,7.125,7.125,7.125,2197.0
2026-08-05 14:05:00,PAYX,,117.80500030517578,117.80500030517578,117.79000091552734,117.79000091552734,2206.0
2026-08-05 14:05:00,PCAR,,134.1199951171875,134.1300048828125,134.05999755859375,134.11000061035156,11552.0
2026-08-05 14:05:00,PCRX,,24.600000381469727,24.600000381469727,24.59000015258789,24.600000381469727,3548.0
2026-08-05 14:05:00,PCT,,6.925000190734863,6.925000190734863,6.914999961853027,6.914999961853027,14270.0
2026-08-05 14:05:00,PCTY,,145.47000122070312,145.47000122070312,145.47000122070312,145.47000122070312,444.0
2026-08-05 14:05:00,PDD,,90.8499984741211,90.86000061035156,90.8499984741211,90.86000061035156,4720.0
2026-08-05 14:05:00,PDFS,,50.185001373291016,50.185001373291016,50.185001373291016,50.185001373291016,127.0
2026-08-05 14:05:00,PECO,,41.29999923706055,41.31999969482422,41.29999923706055,41.30500030517578,4007.0
2026-08-05 14:05:00,PEGA,,31.809999465942383,31.809999465942383,31.795000076293945,31.809999465942383,2578.0
2026-08-05 14:05:00,PENN,,19.799999237060547,19.80500030517578,19.799999237060547,19.80500030517578,4173.0
2026-08-05 14:05:00,PEP,,138.6999969482422,138.72500610351562,138.69000244140625,138.72000122070312,3900.0
2026-08-05 14:05:00,PEPG,,1.965000033378601,1.965000033378601,1.965000033378601,1.965000033378601,576.0
2026-08-05 14:05:00,PERI,,9.555000305175781,9.555000305175781,9.555000305175781,9.555000305175781,226.0
2026-08-05 14:05:00,PFG,,114.2750015258789,114.2750015258789,114.26509857177734,114.26509857177734,784.0
2026-08-05 14:05:00,PGEN,,6.78000020980835,6.78000020980835,6.775000095367432,6.775000095367432,8666.0
2026-08-05 14:05:00,PGY,,21.829999923706055,21.829999923706055,21.800100326538086,21.800100326538086,2353.0
2026-08-05 14:05:00,PHAT,,8.420000076293945,8.420000076293945,8.420000076293945,8.420000076293945,1126.0
2026-08-05 14:05:00,PHVS,,33.310001373291016,33.43000030517578,33.310001373291016,33.42499923706055,2446.0
2026-08-05 14:05:00,PLAB,,32.20000076293945,32.25,32.20000076293945,32.25,1394.0
2026-08-05 14:05:00,PLMR,,134.0,134.4499969482422,134.0,134.4499969482422,2119.0
2026-08-05 14:05:00,PLPC,,467.2550048828125,467.2550048828125,467.2550048828125,467.2550048828125,54.0
2026-08-05 14:05:00,PLRX,,1.0549999475479126,1.0549999475479126,1.0549999475479126,1.0549999475479126,203.0
2026-08-05 14:05:00,PLTK,,3.875,3.875,3.875,3.875,239.0
2026-08-05 14:05:00,PLUG,,2.0850000381469727,2.0850000381469727,2.0826001167297363,2.0826001167297363,1769.0
2026-08-05 14:05:00,PLXS,,276.95001220703125,276.95001220703125,276.8999938964844,276.8999938964844,716.0
2026-08-05 14:05:00,PNBK,,1.1399999856948853,1.1399999856948853,1.1399999856948853,1.1399999856948853,100.0
2026-08-05 14:05:00,PNTG,,38.834999084472656,38.834999084472656,38.834999084472656,38.834999084472656,513.0
2026-08-05 14:05:00,POET,,8.340100288391113,8.345000267028809,8.34000015258789,8.34000015258789,4405.0
2026-08-05 14:05:00,POWI,,61.98500061035156,62.029998779296875,61.98500061035156,61.9900016784668,779.0
2026-08-05 14:05:00,POWL,,211.93499755859375,211.93499755859375,211.77999877929688,211.77999877929688,752.0
2026-08-05 14:05:00,PRCH,,15.78499984741211,15.78499984741211,15.78499984741211,15.78499984741211,815.0
2026-08-05 14:05:00,PRE,,18.299999237060547,18.299999237060547,18.299999237060547,18.299999237060547,352.0
2026-08-05 14:05:00,PRIM,,85.12249755859375,85.12249755859375,85.12249755859375,85.12249755859375,438.0
2026-08-05 14:05:00,PRME,,3.065000057220459,3.065000057220459,3.065000057220459,3.065000057220459,1148.0
2026-08-05 14:05:00,PRTA,,8.482000350952148,8.484999656677246,8.482000350952148,8.484999656677246,527.0
2026-08-05 14:05:00,PSEC,,2.184999942779541,2.184999942779541,2.1839001178741455,2.184999942779541,1181.0
2026-08-05 14:05:00,PSMT,,190.9199981689453,191.0625,190.9199981689453,191.0625,610.0
2026-08-05 14:05:00,PSNL,,13.529999732971191,13.529999732971191,13.520000457763672,13.520000457763672,2431.0
2026-08-05 14:05:00,PTC,,140.19000244140625,140.19000244140625,140.19000244140625,140.19000244140625,288.0
2026-08-05 14:05:00,PTEN,,9.845000267028809,9.845000267028809,9.84000015258789,9.84000015258789,3171.0
2026-08-05 14:05:00,PTON,,6.505000114440918,6.505000114440918,6.5,6.5,2314.0
2026-08-05 14:05:00,PUBM,,13.420000076293945,13.420000076293945,13.420000076293945,13.420000076293945,1334.0
2026-08-05 14:05:00,PWP,,17.5,17.5,17.5,17.5,2109.0
2026-08-05 14:05:00,PYPL,,58.185001373291016,58.189998626708984,58.17499923706055,58.17499923706055,5258.0
2026-08-05 14:05:00,PYXS,,3.1500000953674316,3.1600000858306885,3.1500000953674316,3.1600000858306885,1305.0
2026-08-05 14:05:00,PZZA,,30.09000015258789,30.09000015258789,30.09000015258789,30.09000015258789,1201.0
2026-08-05 14:05:00,QCOM,,158.52499389648438,158.58999633789062,158.50999450683594,158.5399932861328,13474.0
2026-08-05 14:05:00,QCRH,,105.45999908447266,105.62000274658203,105.45999908447266,105.62000274658203,2703.0
2026-08-05 14:05:00,QRVO,,94.91999816894531,94.9800033569336,94.875,94.875,3248.0
2026-08-05 14:05:00,SEED,,1.0199999809265137,1.0199999809265137,1.0199999809265137,1.0199999809265137,600.0
2026-08-05 14:05:00,WOOF,,2.9549999237060547,2.9600000381469727,2.9549999237060547,2.9600000381469727,10787.0
2026-08-05 14:06:00,ACDC,,4.5,4.5,4.494999885559082,4.494999885559082,1880.0
2026-08-05 14:06:00,CNXN,,86.06999969482422,86.06999969482422,86.06999969482422,86.06999969482422,613.0
2026-08-05 14:06:00,CPOP,,0.3531999886035919,0.3531999886035919,0.3531999886035919,0.3531999886035919,0.0
2026-08-05 14:06:00,EYE,,23.1299991607666,23.139999389648438,23.1299991607666,23.139999389648438,2669.0
2026-08-05 14:06:00,FIZZ,,32.16999816894531,32.16999816894531,32.16999816894531,32.16999816894531,142.0
2026-08-05 14:06:00,LUNG,,2.0,2.0,2.0,2.0,1581.0
2026-08-05 14:06:00,MCRI,,122.91999816894531,122.91999816894531,122.91999816894531,122.91999816894531,190.0
2026-08-05 14:06:00,MDB,,376.5,376.7799987792969,376.5,376.5199890136719,1249.0
2026-08-05 14:06:00,MDLZ,,62.654998779296875,62.665000915527344,62.650001525878906,62.65999984741211,14047.0
2026-08-05 14:06:00,MNRO,,13.1899995803833,13.1899995803833,13.1899995803833,13.1899995803833,1730.0
2026-08-05 14:06:00,MNST,,94.72000122070312,94.76000213623047,94.69000244140625,94.76000213623047,15529.0
2026-08-05 14:06:00,MNTK,,1.684999942779541,1.684999942779541,1.6799999475479126,1.6799999475479126,1995.0
2026-08-05 14:06:00,MNTS,,4.260000228881836,4.260000228881836,4.260000228881836,4.260000228881836,224.0
2026-08-05 14:06:00,MPWR,,1348.06005859375,1351.199951171875,1348.06005859375,1351.199951171875,2093.0
2026-08-05 14:06:00,MRNA,,56.630001068115234,56.66999816894531,56.61000061035156,56.66999816894531,6467.0
2026-08-05 14:06:00,MYGN,,3.1449999809265137,3.1449999809265137,3.1449999809265137,3.1449999809265137,1570.0
2026-08-05 14:06:00,MYRG,,340.7900085449219,340.7900085449219,340.5199890136719,340.5899963378906,1406.0
2026-08-05 14:06:00,NAAS,,3.3299999237060547,3.3299999237060547,3.319999933242798,3.3299999237060547,515.0
2026-08-05 14:06:00,NAMS,,27.600000381469727,27.600000381469727,27.579999923706055,27.579999923706055,554.0
2026-08-05 14:06:00,NB,,5.079999923706055,5.079999923706055,5.079999923706055,5.079999923706055,1737.0
2026-08-05 14:06:00,NBIX,,162.85000610351562,162.9600067138672,162.85000610351562,162.9600067138672,1165.0
2026-08-05 14:06:00,NBTB,,53.38999938964844,53.38999938964844,53.38999938964844,53.38999938964844,928.0
2026-08-05 14:06:00,NCMI,,4.119999885559082,4.130099773406982,4.119999885559082,4.130099773406982,10109.0
2026-08-05 14:06:00,NDAQ,,94.99500274658203,95.0,94.98500061035156,94.98500061035156,1679.0
2026-08-05 14:06:00,NDSN,,310.385009765625,310.385009765625,310.2099914550781,310.2300109863281,1371.0
2026-08-05 14:06:00,NECB,,27.25,27.25,27.190000534057617,27.190000534057617,982.0
2026-08-05 14:06:00,NEO,,15.989999771118164,15.994999885559082,15.989999771118164,15.994999885559082,826.0
2026-08-05 14:06:00,NEOG,,11.595000267028809,11.600000381469727,11.595000267028809,11.600000381469727,1673.0
2026-08-05 14:06:00,NEOV,,2.809999942779541,2.809999942779541,2.809999942779541,2.809999942779541,907.0
2026-08-05 14:06:00,NESR,,28.65999984741211,28.65999984741211,28.65999984741211,28.65999984741211,407.0
2026-08-05 14:06:00,NEWT,,15.130000114440918,15.135000228881836,15.130000114440918,15.135000228881836,597.0
2026-08-05 14:06:00,NEXT,,6.469099998474121,6.469099998474121,6.460000038146973,6.460000038146973,3927.0
2026-08-05 14:06:00,NFE,,0.3391999900341034,0.34049999713897705,0.3391999900341034,0.34049999713897705,308.0
2026-08-05 14:06:00,NFLX,,73.50659942626953,73.52020263671875,73.4800033569336,73.52020263671875,41812.0
2026-08-05 14:06:00,NICE,,99.125,99.26499938964844,99.12000274658203,99.14099884033203,2410.0
2026-08-05 14:06:00,NKSH,,41.41999816894531,41.41999816894531,41.41999816894531,41.41999816894531,226.0
2026-08-05 14:06:00,NKTX,,2.2249999046325684,2.2249999046325684,2.2249999046325684,2.2249999046325684,190.0
2026-08-05 14:06:00,NMIH,,44.59000015258789,44.59000015258789,44.59000015258789,44.59000015258789,1607.0
2026-08-05 14:06:00,NMRK,,15.75,15.755000114440918,15.744999885559082,15.744999885559082,4545.0
2026-08-05 14:06:00,NN,,14.399999618530273,14.414999961853027,14.395000457763672,14.40999984741211,7281.0
2026-08-05 14:06:00,NNBR,,3.8399999141693115,3.8399999141693115,3.8299999237060547,3.8299999237060547,2074.0
2026-08-05 14:06:00,NNDM,,1.5449999570846558,1.5449999570846558,1.5449999570846558,1.5449999570846558,302.0
2026-08-05 14:06:00,NNOX,,1.0099999904632568,1.0099999904632568,1.0099999904632568,1.0099999904632568,200.0
2026-08-05 14:06:00,NOVT,,156.0800018310547,156.0800018310547,156.0800018310547,156.0800018310547,388.0
2026-08-05 14:06:00,NRDS,,9.079999923706055,9.100000381469727,9.074999809265137,9.100000381469727,4011.0
2026-08-05 14:06:00,NRIX,,24.924999237060547,24.934999465942383,24.90999984741211,24.90999984741211,2040.0
2026-08-05 14:06:00,NRXP,,3.0899999141693115,3.0950000286102295,3.0799999237060547,3.0950000286102295,1770.0
2026-08-05 14:06:00,NSSC,,40.369998931884766,40.369998931884766,40.369998931884766,40.369998931884766,1320.0
2026-08-05 14:06:00,NTAP,,189.98159790039062,190.16000366210938,189.8699951171875,189.92999267578125,11639.0
2026-08-05 14:06:00,NTCT,,41.900001525878906,41.900001525878906,41.900001525878906,41.900001525878906,601.0
2026-08-05 14:06:00,NTGR,,24.30500030517578,24.329999923706055,24.299999237060547,24.299999237060547,4844.0
2026-08-05 14:06:00,NTNX,,61.005001068115234,61.060001373291016,60.97999954223633,60.9900016784668,18787.0
2026-08-05 14:06:00,NTRA,,274.42999267578125,274.42999267578125,274.42498779296875,274.42498779296875,757.0
2026-08-05 14:06:00,NTRS,,184.27999877929688,184.3800048828125,184.27999877929688,184.3800048828125,1672.0
2026-08-05 14:06:00,NUWE,,1.702299952507019,1.702299952507019,1.702299952507019,1.702299952507019,1100.0
2026-08-05 14:06:00,NVAX,,7.599999904632568,7.599999904632568,7.599999904632568,7.599999904632568,355.0
2026-08-05 14:06:00,NVCR,,16.059999465942383,16.059999465942383,16.059999465942383,16.059999465942383,3499.0
2026-08-05 14:06:00,NVCT,,19.81999969482422,19.9950008392334,19.81999969482422,19.9950008392334,2877.0
2026-08-05 14:06:00,NVDA,,220.69000244140625,220.9550018310547,220.6699981689453,220.89999389648438,174853.0
2026-08-05 14:06:00,NVMI,,408.0150146484375,408.0150146484375,408.0150146484375,408.0150146484375,239.0
2026-08-05 14:06:00,NVTS,,12.484999656677246,12.484999656677246,12.454999923706055,12.479999542236328,20229.0
2026-08-05 14:06:00,NWE,,68.75499725341797,68.77999877929688,68.75499725341797,68.77999877929688,873.0
2026-08-05 14:06:00,NWL,,6.271100044250488,6.284999847412109,6.269999980926514,6.284999847412109,19047.0
2026-08-05 14:06:00,NWS,,32.34000015258789,32.34000015258789,32.32500076293945,32.32500076293945,1625.0
2026-08-05 14:06:00,NWSA,,28.30500030517578,28.309999465942383,28.299999237060547,28.299999237060547,3715.0
2026-08-05 14:06:00,NXGL,,0.4000000059604645,0.4000000059604645,0.4000000059604645,0.4000000059604645,100.0
2026-08-05 14:06:00,NXPI,,232.2449951171875,232.28500366210938,232.11529541015625,232.28500366210938,3892.0
2026-08-05 14:06:00,NXT,,98.5199966430664,98.5199966430664,98.2249984741211,98.33499908447266,6511.0
2026-08-05 14:06:00,OCGN,,1.2949999570846558,1.2949999570846558,1.2899999618530273,1.2949999570846558,28009.0
2026-08-05 14:06:00,OCSL,,12.109999656677246,12.109999656677246,12.109999656677246,12.109999656677246,1582.0
2026-08-05 14:06:00,ODFL,,213.38999938964844,213.38999938964844,213.38999938964844,213.38999938964844,619.0
2026-08-05 14:06:00,OESX,,14.875,14.875,14.875,14.875,597.0
2026-08-05 14:06:00,OGI,,0.9528999924659729,0.9528999924659729,0.9526000022888184,0.9526000022888184,300.0
2026-08-05 14:06:00,OKTA,,147.9550018310547,147.9600067138672,147.86500549316406,147.86500549316406,2409.0
2026-08-05 14:06:00,OLLI,,78.38999938964844,78.38999938964844,78.38999938964844,78.38999938964844,2084.0
2026-08-05 14:06:00,OLMA,,11.550000190734863,11.5600004196167,11.550000190734863,11.559900283813477,3033.0
2026-08-05 14:06:00,OMER,,12.75,12.75,12.75,12.75,527.0
2026-08-05 14:06:00,OMH,,0.11509999632835388,0.11509999632835388,0.11500000208616257,0.11500000208616257,10656.0
2026-08-05 14:06:00,ON,,78.0250015258789,78.0999984741211,77.9800033569336,78.0999984741211,11256.0
2026-08-05 14:06:00,ONB,,27.03499984741211,27.040000915527344,27.030000686645508,27.040000915527344,4339.0
2026-08-05 14:06:00,ONDS,,8.954999923706055,8.975000381469727,8.9399995803833,8.975000381469727,347511.0
2026-08-05 14:06:00,ONEW,,12.579999923706055,12.600000381469727,12.5649995803833,12.5649995803833,1338.0
2026-08-05 14:06:00,ONFO,,0.07400000095367432,0.07400000095367432,0.0738999992609024,0.07400000095367432,6914.0
2026-08-05 14:06:00,ONMD,,0.675599992275238,0.675599992275238,0.6610000133514404,0.6610000133514404,25544.0
2026-08-05 14:06:00,OPCH,,23.389999389648438,23.415000915527344,23.389999389648438,23.415000915527344,7957.0
2026-08-05 14:06:00,OPEN,,3.799499988555908,3.809999942779541,3.7908999919891357,3.799999952316284,126099.0
2026-08-05 14:06:00,OPHC,,8.744999885559082,8.744999885559082,8.744999885559082,8.744999885559082,100.0
2026-08-05 14:06:00,OPRX,,6.920000076293945,6.920000076293945,6.920000076293945,6.920000076293945,305.0
2026-08-05 14:06:00,ORGO,,2.3450000286102295,2.3450000286102295,2.3450000286102295,2.3450000286102295,821.0
2026-08-05 14:06:00,ORIC,,12.925000190734863,12.925000190734863,12.925000190734863,12.925000190734863,1627.0
2026-08-05 14:06:00,ORLY,,92.8499984741211,92.8499984741211,92.82499694824219,92.83000183105469,3246.0
2026-08-05 14:06:00,OSBC,,25.829999923706055,25.829999923706055,25.829999923706055,25.829999923706055,567.0
2026-08-05 14:06:00,OSPN,,16.655000686645508,16.709999084472656,16.6299991607666,16.709999084472656,7724.0
2026-08-05 14:06:00,OSS,,13.9399995803833,13.9399995803833,13.9399995803833,13.9399995803833,822.0
2026-08-05 14:06:00,OSW,,26.469999313354492,26.469999313354492,26.469999313354492,26.469999313354492,348.0
2026-08-05 14:06:00,OTEX,,25.93000030517578,25.934999465942383,25.924999237060547,25.924999237060547,2069.0
2026-08-05 14:06:00,OTLK,,1.0299999713897705,1.0299999713897705,1.0199999809265137,1.0299999713897705,2724.0
2026-08-05 14:06:00,OTLY,,14.380000114440918,14.380000114440918,14.380000114440918,14.380000114440918,481.0
2026-08-05 14:06:00,OXLC,,9.175000190734863,9.175000190734863,9.175000190734863,9.175000190734863,866.0
2026-08-05 14:06:00,OXLCM,,25.139999389648438,25.139999389648438,25.139999389648438,25.139999389648438,16.0
2026-08-05 14:06:00,OXSQ,,1.5,1.5099999904632568,1.5,1.5,532.0
2026-08-05 14:06:00,PAA,,23.15999984741211,23.165000915527344,23.155000686645508,23.155000686645508,5409.0
2026-08-05 14:06:00,PAAS,,48.11000061035156,48.150001525878906,48.09000015258789,48.13999938964844,6784.0
2026-08-05 14:06:00,PACB,,1.3450000286102295,1.3476999998092651,1.340000033378601,1.3450000286102295,33471.0
2026-08-05 14:06:00,PAGP,,25.135000228881836,25.135000228881836,25.135000228881836,25.135000228881836,102.0
2026-08-05 14:06:00,PALI,,2.130000114440918,2.130000114440918,2.130000114440918,2.130000114440918,716.0
2026-08-05 14:06:00,PANW,,365.79998779296875,366.0050048828125,365.7825927734375,365.9200134277344,4208.0
2026-08-05 14:06:00,PAVS,,4.920000076293945,4.920000076293945,4.880000114440918,4.880000114440918,696.0
2026-08-05 14:06:00,PAX,,11.425000190734863,11.4350004196167,11.425000190734863,11.4350004196167,1739.0
2026-08-05 14:06:00,PAYO,,7.125,7.125,7.119999885559082,7.119999885559082,820.0
2026-08-05 14:06:00,PAYX,,117.80549621582031,117.81999969482422,117.80500030517578,117.80500030517578,3608.0
2026-08-05 14:06:00,PBYI,,8.020000457763672,8.020000457763672,8.020000457763672,8.020000457763672,370.0
2026-08-05 14:06:00,PCAR,,134.10000610351562,134.16000366210938,134.10000610351562,134.1199951171875,14891.0
2026-08-05 14:06:00,PCRX,,24.6299991607666,24.6299991607666,24.610000610351562,24.610000610351562,1497.0
2026-08-05 14:06:00,PCT,,6.919899940490723,6.925000190734863,6.914999961853027,6.925000190734863,11686.0
2026-08-05 14:06:00,PCTY,,145.63499450683594,145.63499450683594,145.47000122070312,145.47000122070312,3881.0
2026-08-05 14:06:00,PDD,,90.8499984741211,90.86000061035156,90.8499984741211,90.8550033569336,3076.0
2026-08-05 14:06:00,PDEX,,68.44000244140625,68.44000244140625,68.44000244140625,68.44000244140625,464.0
2026-08-05 14:06:00,PDFS,,50.185001373291016,50.185001373291016,50.185001373291016,50.185001373291016,253.0
2026-08-05 14:06:00,PDLB,,20.510000228881836,20.510000228881836,20.510000228881836,20.510000228881836,322.0
2026-08-05 14:06:00,PEGA,,31.81999969482422,31.834999084472656,31.81999969482422,31.81999969482422,2706.0
2026-08-05 14:06:00,PENN,,19.790000915527344,19.799999237060547,19.790000915527344,19.799999237060547,1299.0
2026-08-05 14:06:00,PEP,,138.72999572753906,138.72999572753906,138.6999969482422,138.6999969482422,5798.0
2026-08-05 14:06:00,PEPG,,1.965000033378601,1.965000033378601,1.965000033378601,1.965000033378601,155.0
2026-08-05 14:06:00,PERI,,9.5600004196167,9.5600004196167,9.5600004196167,9.5600004196167,1077.0
2026-08-05 14:06:00,PESI,,17.84000015258789,17.8799991607666,17.84000015258789,17.8799991607666,5259.0
2026-08-05 14:06:00,PFG,,114.2699966430664,114.2699966430664,114.2699966430664,114.2699966430664,368.0
2026-08-05 14:06:00,PGC,,46.61000061035156,46.61000061035156,46.61000061035156,46.61000061035156,138.0
2026-08-05 14:06:00,PGEN,,6.789999961853027,6.789999961853027,6.78000020980835,6.78000020980835,5130.0
2026-08-05 14:06:00,PGNY,,31.709999084472656,31.709999084472656,31.709999084472656,31.709999084472656,644.0
2026-08-05 14:06:00,PGY,,21.860000610351562,21.860000610351562,21.81999969482422,21.834999084472656,4553.0
2026-08-05 14:06:00,PHAT,,8.40999984741211,8.40999984741211,8.40999984741211,8.40999984741211,745.0
2026-08-05 14:06:00,PLAB,,32.220001220703125,32.220001220703125,32.19499969482422,32.20000076293945,878.0
2026-08-05 14:06:00,PLMR,,133.6300048828125,133.6300048828125,133.6300048828125,133.6300048828125,552.0
2026-08-05 14:06:00,PLPC,,466.3900146484375,466.3900146484375,466.3900146484375,466.3900146484375,106.0
2026-08-05 14:06:00,PLSE,,37.5099983215332,37.5099983215332,37.5099983215332,37.5099983215332,540.0
2026-08-05 14:06:00,PLTK,,3.875,3.875,3.875,3.875,1284.0
2026-08-05 14:06:00,PLUG,,2.0850000381469727,2.0899999141693115,2.0820999145507812,2.0850000381469727,3465.0
2026-08-05 14:06:00,PLXS,,276.92999267578125,277.0,276.5199890136719,276.5199890136719,2322.0
2026-08-05 14:06:00,PNBK,,1.1399999856948853,1.1399999856948853,1.1399999856948853,1.1399999856948853,305.0
2026-08-05 14:06:00,PNFP,,108.13999938964844,108.13999938964844,108.13999938964844,108.13999938964844,600.0
2026-08-05 14:06:00,PNTG,,38.790000915527344,38.80500030517578,38.7400016784668,38.79999923706055,5278.0
2026-08-05 14:06:00,POET,,8.329899787902832,8.34000015258789,8.319499969482422,8.34000015258789,10951.0
2026-08-05 14:06:00,POWI,,62.029998779296875,62.029998779296875,61.98500061035156,61.98500061035156,6225.0
2026-08-05 14:06:00,POWL,,211.60000610351562,211.83999633789062,211.52499389648438,211.7899932861328,1057.0
2026-08-05 14:06:00,PPTA,,22.399999618530273,22.399999618530273,22.399999618530273,22.399999618530273,549.0
2026-08-05 14:06:00,PRAX,,317.3399963378906,317.3399963378906,317.05999755859375,317.05999755859375,249.0
2026-08-05 14:06:00,PRCH,,15.789999961853027,15.805000305175781,15.75,15.78499984741211,13108.0
2026-08-05 14:06:00,PRCT,,18.674999237060547,18.700000762939453,18.65999984741211,18.68000030517578,5099.0
2026-08-05 14:06:00,PRDO,,32.8849983215332,32.8849983215332,32.8849983215332,32.8849983215332,196.0
2026-08-05 14:06:00,PRIM,,85.19999694824219,85.2699966430664,85.11000061035156,85.2699966430664,3660.0
2026-08-05 14:06:00,PRLD,,4.559999942779541,4.559999942779541,4.559999942779541,4.559999942779541,330.0
2026-08-05 14:06:00,PRZO,,0.5478000044822693,0.5478000044822693,0.5478000044822693,0.5478000044822693,528.0
2026-08-05 14:06:00,PSEC,,2.184999942779541,2.184999942779541,2.184299945831299,2.184299945831299,837.0
2026-08-05 14:06:00,PSMT,,190.0,190.82000732421875,189.69000244140625,190.82000732421875,24789.0
2026-08-05 14:06:00,PSNL,,13.505000114440918,13.529999732971191,13.505000114440918,13.529999732971191,5314.0
2026-08-05 14:06:00,PTC,,140.21499633789062,140.21499633789062,140.21499633789062,140.21499633789062,408.0
2026-08-05 14:06:00,PTCT,,69.05500030517578,69.05500030517578,69.05500030517578,69.05500030517578,629.0
2026-08-05 14:06:00,PTEN,,9.845000267028809,9.850000381469727,9.835000038146973,9.845000267028809,9790.0
2026-08-05 14:06:00,PTON,,6.5,6.505000114440918,6.494999885559082,6.5,18160.0
2026-08-05 14:06:00,PWP,,17.5,17.510000228881836,17.5,17.510000228881836,1418.0
2026-08-05 14:06:00,PYPL,,58.18000030517578,58.18989944458008,58.165000915527344,58.18000030517578,5265.0
2026-08-05 14:06:00,PYXS,,3.140000104904175,3.140000104904175,3.140000104904175,3.140000104904175,266.0
2026-08-05 14:06:00,QCOM,,158.49000549316406,158.5399932861328,158.3800048828125,158.5399932861328,13706.0
2026-08-05 14:06:00,QCRH,,105.37000274658203,105.37000274658203,105.37000274658203,105.37000274658203,1060.0
2026-08-05 14:06:00,QFIN,,13.180000305175781,13.180000305175781,13.180000305175781,13.180000305175781,1280.0
2026-08-05 14:06:00,QQQX,,30.260000228881836,30.385000228881836,30.260000228881836,30.3799991607666,21969.0
2026-08-05 14:06:00,QRVO,,94.9000015258789,94.93499755859375,94.9000015258789,94.93499755859375,2391.0
2026-08-05 14:06:00,SEED,,1.0199999809265137,1.0199999809265137,1.0149999856948853,1.0199999809265137,910.0
2026-08-05 14:07:00,ACDC,,4.505000114440918,4.514999866485596,4.5,4.5,20855.0
2026-08-05 14:07:00,CNXN,,86.25,86.25,86.25,86.25,200.0
2026-08-05 14:07:00,CPOP,,0.3531999886035919,0.3531999886035919,0.3531999886035919,0.3531999886035919,643.0
2026-08-05 14:07:00,EYE,,23.1200008392334,23.1200008392334,23.1200008392334,23.1200008392334,2114.0
2026-08-05 14:07:00,FIZZ,,32.150001525878906,32.15999984741211,32.150001525878906,32.15999984741211,1098.0
2026-08-05 14:07:00,GLUE,,15.53499984741211,15.539999961853027,15.529999732971191,15.529999732971191,1448.0
2026-08-05 14:07:00,KIDS,,21.55500030517578,21.55500030517578,21.55500030517578,21.55500030517578,1042.0
2026-08-05 14:07:00,MDB,,376.0400085449219,376.739990234375,376.0400085449219,376.739990234375,2044.0
2026-08-05 14:07:00,MDLZ,,62.69499969482422,62.70500183105469,62.650001525878906,62.654998779296875,10960.0
2026-08-05 14:07:00,MNPR,,119.20999908447266,119.26000213623047,119.20999908447266,119.26000213623047,399.0
2026-08-05 14:07:00,MNST,,94.7699966430664,94.7699966430664,94.7300033569336,94.7699966430664,6143.0
2026-08-05 14:07:00,MNTS,,4.260000228881836,4.260000228881836,4.260000228881836,4.260000228881836,105.0
2026-08-05 14:07:00,MPWR,,1344.905029296875,1349.010009765625,1344.25,1348.0849609375,1570.0
2026-08-05 14:07:00,MRNA,,56.66999816894531,56.66999816894531,56.6349983215332,56.6349983215332,2226.0
2026-08-05 14:07:00,MVBF,,30.799999237060547,30.799999237060547,30.799999237060547,30.799999237060547,193.0
2026-08-05 14:07:00,MYGN,,3.140000104904175,3.1449999809265137,3.140000104904175,3.1449999809265137,1652.0
2026-08-05 14:07:00,MYRG,,340.9200134277344,341.3349914550781,340.70001220703125,340.7799987792969,1170.0
2026-08-05 14:07:00,NAAS,,3.300100088119507,3.309999942779541,3.300100088119507,3.309999942779541,3397.0
2026-08-05 14:07:00,NAMS,,27.625,27.625,27.600000381469727,27.600000381469727,484.0
2026-08-05 14:07:00,NAVI,,9.15999984741211,9.15999984741211,9.15999984741211,9.15999984741211,1085.0
2026-08-05 14:07:00,NB,,5.079999923706055,5.079999923706055,5.079999923706055,5.079999923706055,2522.0
2026-08-05 14:07:00,NBIX,,162.9949951171875,163.02999877929688,162.9600067138672,162.9600067138672,8234.0
2026-08-05 14:07:00,NBTB,,53.369998931884766,53.369998931884766,53.369998931884766,53.369998931884766,559.0
2026-08-05 14:07:00,NDSN,,310.20001220703125,310.20001220703125,310.20001220703125,310.20001220703125,104.0
2026-08-05 14:07:00,NEO,,15.984600067138672,16.0,15.979999542236328,16.0,7649.0
2026-08-05 14:07:00,NEOG,,11.585000038146973,11.595000267028809,11.585000038146973,11.595000267028809,4139.0
2026-08-05 14:07:00,NESR,,28.684999465942383,28.700000762939453,28.684999465942383,28.684999465942383,1330.0
2026-08-05 14:07:00,NEXT,,6.465000152587891,6.465000152587891,6.465000152587891,6.465000152587891,286.0
2026-08-05 14:07:00,NFE,,0.3391999900341034,0.3391999900341034,0.3391999900341034,0.3391999900341034,144.0
2026-08-05 14:07:00,NFLX,,73.49500274658203,73.51499938964844,73.4800033569336,73.50499725341797,23822.0
2026-08-05 14:07:00,NGNE,,35.310001373291016,35.310001373291016,35.310001373291016,35.310001373291016,782.0
2026-08-05 14:07:00,NICE,,99.0,99.12000274658203,99.0,99.12000274658203,2457.0
2026-08-05 14:07:00,NKTR,,72.79499816894531,72.79499816894531,72.79499816894531,72.79499816894531,150.0
2026-08-05 14:07:00,NKTX,,2.2249999046325684,2.2249999046325684,2.2249999046325684,2.2249999046325684,1118.0
2026-08-05 14:07:00,NMFC,,7.329999923706055,7.329999923706055,7.329999923706055,7.329999923706055,6848.0
2026-08-05 14:07:00,NMTC,,1.7100000381469727,1.7400000095367432,1.6799999475479126,1.6799999475479126,4161.0
2026-08-05 14:07:00,NN,,14.414999961853027,14.414999961853027,14.40999984741211,14.40999984741211,1941.0
2026-08-05 14:07:00,NNBR,,3.8350000381469727,3.8399999141693115,3.8299999237060547,3.8299999237060547,2146.0
2026-08-05 14:07:00,NNDM,,1.5449999570846558,1.5449999570846558,1.5449999570846558,1.5449999570846558,828.0
2026-08-05 14:07:00,NNOX,,1.0099999904632568,1.0099999904632568,1.0099999904632568,1.0099999904632568,2576.0
2026-08-05 14:07:00,NOVT,,156.0850067138672,156.0850067138672,156.0850067138672,156.0850067138672,277.0
2026-08-05 14:07:00,NRDS,,9.0649995803833,9.074999809265137,9.0649995803833,9.069999694824219,1956.0
2026-08-05 14:07:00,NRIX,,24.924999237060547,24.924999237060547,24.924999237060547,24.924999237060547,1441.0
2026-08-05 14:07:00,NRXP,,3.0899999141693115,3.0899999141693115,3.0899999141693115,3.0899999141693115,515.0
2026-08-05 14:07:00,NTAP,,189.9600067138672,189.98500061035156,189.9600067138672,189.98500061035156,1414.0
2026-08-05 14:07:00,NTES,,127.63999938964844,127.63999938964844,127.63999938964844,127.63999938964844,521.0
2026-08-05 14:07:00,NTNX,,60.9900016784668,61.0,60.974998474121094,60.97999954223633,5258.0
2026-08-05 14:07:00,NTRA,,274.05999755859375,274.7900085449219,274.05999755859375,274.7900085449219,2437.0
2026-08-05 14:07:00,NTRSO,,18.405000686645508,18.405000686645508,18.405000686645508,18.405000686645508,268.0
2026-08-05 14:07:00,NUWE,,1.6908999681472778,1.6908999681472778,1.6908999681472778,1.6908999681472778,1523.0
2026-08-05 14:07:00,NVAX,,7.610000133514404,7.610000133514404,7.605000019073486,7.605000019073486,5133.0
2026-08-05 14:07:00,NVCT,,19.69499969482422,19.760000228881836,19.69499969482422,19.75,2199.0
2026-08-05 14:07:00,NVDA,,220.69000244140625,220.80999755859375,220.63999938964844,220.69000244140625,162034.0
2026-08-05 14:07:00,NVEC,,130.9600067138672,131.42999267578125,130.9600067138672,131.42999267578125,748.0
2026-08-05 14:07:00,NVMI,,407.6199951171875,407.8800048828125,407.6199951171875,407.8299865722656,1901.0
2026-08-05 14:07:00,NVTS,,12.475000381469727,12.479999542236328,12.475000381469727,12.479900360107422,15638.0
2026-08-05 14:07:00,NWBI,,15.954999923706055,15.954999923706055,15.954999923706055,15.954999923706055,140.0
2026-08-05 14:07:00,NWL,,6.264999866485596,6.275000095367432,6.260000228881836,6.275000095367432,13665.0
2026-08-05 14:07:00,NWPX,,127.18000030517578,127.18000030517578,127.18000030517578,127.18000030517578,119.0
2026-08-05 14:07:00,NWS,,32.334999084472656,32.34000015258789,32.334999084472656,32.34000015258789,2832.0
2026-08-05 14:07:00,NWSA,,28.299999237060547,28.30500030517578,28.299999237060547,28.30500030517578,3652.0
2026-08-05 14:07:00,NXPI,,232.10000610351562,232.10000610351562,232.10000610351562,232.10000610351562,1149.0
2026-08-05 14:07:00,NXT,,98.41999816894531,98.55999755859375,98.41999816894531,98.5,4800.0
2026-08-05 14:07:00,NXTC,,5.079999923706055,5.099999904632568,5.079999923706055,5.099999904632568,532.0
2026-08-05 14:07:00,OABI,,2.065000057220459,2.065000057220459,2.065000057220459,2.065000057220459,413.0
2026-08-05 14:07:00,OCFC,,19.920000076293945,19.924999237060547,19.920000076293945,19.924999237060547,1969.0
2026-08-05 14:07:00,OCGN,,1.2949999570846558,1.2999999523162842,1.2899999618530273,1.2949999570846558,19766.0
2026-08-05 14:07:00,OCS,,12.0600004196167,12.0600004196167,12.010000228881836,12.010000228881836,282.0
2026-08-05 14:07:00,OCSL,,12.114999771118164,12.114999771118164,12.114999771118164,12.114999771118164,264.0
2026-08-05 14:07:00,ODD,,15.354999542236328,15.354999542236328,15.354999542236328,15.354999542236328,607.0
2026-08-05 14:07:00,ODFL,,213.3800048828125,213.3800048828125,213.3800048828125,213.3800048828125,1123.0
2026-08-05 14:07:00,OESX,,14.875,14.875,14.875,14.875,2628.0
2026-08-05 14:07:00,OFIX,,10.414999961853027,10.430000305175781,10.414999961853027,10.430000305175781,1541.0
2026-08-05 14:07:00,OKTA,,147.875,148.0,147.86000061035156,148.0,1963.0
2026-08-05 14:07:00,OMER,,12.774999618530273,12.774999618530273,12.770000457763672,12.770000457763672,1313.0
2026-08-05 14:07:00,OMH,,0.11509999632835388,0.11509999632835388,0.11500000208616257,0.11509999632835388,11278.0
2026-08-05 14:07:00,ON,,77.98999786376953,78.04000091552734,77.95999908447266,78.04000091552734,16820.0
2026-08-05 14:07:00,ONB,,27.03499984741211,27.03499984741211,27.030000686645508,27.030000686645508,3498.0
2026-08-05 14:07:00,ONCY,,0.796500027179718,0.796500027179718,0.796500027179718,0.796500027179718,400.0
2026-08-05 14:07:00,ONDS,,8.954999923706055,8.970000267028809,8.949999809265137,8.954999923706055,150776.0
2026-08-05 14:07:00,ONFO,,0.07400000095367432,0.07400000095367432,0.07400000095367432,0.07400000095367432,529.0
2026-08-05 14:07:00,OPCH,,23.420000076293945,23.420000076293945,23.3700008392334,23.389999389648438,4367.0
2026-08-05 14:07:00,OPEN,,3.7950000762939453,3.799999952316284,3.7899999618530273,3.796799898147583,34248.0
2026-08-05 14:07:00,OPK,,1.309999942779541,1.309999942779541,1.309999942779541,1.309999942779541,417.0
2026-08-05 14:07:00,OPRT,,6.135000228881836,6.135000228881836,6.135000228881836,6.135000228881836,304.0
2026-08-05 14:07:00,OPRX,,6.894999980926514,6.909999847412109,6.894999980926514,6.909999847412109,1298.0
2026-08-05 14:07:00,ORGO,,2.3450000286102295,2.3450000286102295,2.3450000286102295,2.3450000286102295,104.0
2026-08-05 14:07:00,ORIC,,12.949999809265137,12.949999809265137,12.9399995803833,12.9399995803833,1475.0
2026-08-05 14:07:00,ORLY,,92.8949966430664,92.8949966430664,92.8499984741211,92.8499984741211,4994.0
2026-08-05 14:07:00,OSIS,,237.0449981689453,237.0449981689453,237.0449981689453,237.0449981689453,830.0
2026-08-05 14:07:00,OSPN,,16.665000915527344,16.665000915527344,16.6200008392334,16.649999618530273,7952.0
2026-08-05 14:07:00,OSS,,13.869999885559082,13.869999885559082,13.869999885559082,13.869999885559082,2171.0
2026-08-05 14:07:00,OSW,,26.434999465942383,26.434999465942383,26.434999465942383,26.434999465942383,515.0
2026-08-05 14:07:00,OTEX,,25.920000076293945,25.920000076293945,25.920000076293945,25.920000076293945,750.0
2026-08-05 14:07:00,OTLK,,1.0299999713897705,1.0299999713897705,1.0199999809265137,1.024999976158142,14983.0
2026-08-05 14:07:00,OXSQ,,1.5099999904632568,1.5099999904632568,1.5,1.5099999904632568,2620.0
2026-08-05 14:07:00,PAA,,23.155000686645508,23.155000686645508,23.153200149536133,23.155000686645508,1038.0
2026-08-05 14:07:00,PAAS,,48.0994987487793,48.11000061035156,48.095001220703125,48.11000061035156,2343.0
2026-08-05 14:07:00,PACB,,1.3335000276565552,1.3494999408721924,1.3300000429153442,1.340000033378601,46891.0
2026-08-05 14:07:00,PAGP,,25.135000228881836,25.135000228881836,25.13330078125,25.13330078125,1103.0
2026-08-05 14:07:00,PALI,,2.130000114440918,2.130000114440918,2.130000114440918,2.130000114440918,1416.0
2026-08-05 14:07:00,PANW,,365.6600036621094,365.90478515625,365.6000061035156,365.8800048828125,6692.0
2026-08-05 14:07:00,PATK,,87.5999984741211,87.5999984741211,87.5999984741211,87.5999984741211,171.0
2026-08-05 14:07:00,PAX,,11.414999961853027,11.420000076293945,11.414999961853027,11.414999961853027,1248.0
2026-08-05 14:07:00,PAYO,,7.130000114440918,7.130000114440918,7.125,7.125,574.0
2026-08-05 14:07:00,PAYX,,117.81999969482422,117.83390045166016,117.81500244140625,117.83390045166016,1184.0
2026-08-05 14:07:00,PCAR,,134.08999633789062,134.12989807128906,134.08999633789062,134.12989807128906,3940.0
2026-08-05 14:07:00,PCRX,,24.625,24.625,24.625,24.625,982.0
2026-08-05 14:07:00,PCT,,6.925000190734863,6.929999828338623,6.920000076293945,6.920000076293945,9402.0
2026-08-05 14:07:00,PCTY,,145.62249755859375,145.63499450683594,145.62249755859375,145.63250732421875,740.0
2026-08-05 14:07:00,PDD,,90.83999633789062,90.86000061035156,90.83999633789062,90.8499984741211,2752.0
2026-08-05 14:07:00,PECO,,41.310001373291016,41.310001373291016,41.310001373291016,41.310001373291016,450.0
2026-08-05 14:07:00,PEGA,,31.790000915527344,31.790000915527344,31.790000915527344,31.790000915527344,1363.0
2026-08-05 14:07:00,PENN,,19.780000686645508,19.790000915527344,19.780000686645508,19.790000915527344,2851.0
2026-08-05 14:07:00,PEP,,138.7449951171875,138.77999877929688,138.72000122070312,138.72000122070312,6445.0
2026-08-05 14:07:00,PEPG,,1.965000033378601,1.965000033378601,1.965000033378601,1.965000033378601,291.0
2026-08-05 14:07:00,PERI,,9.5600004196167,9.5600004196167,9.5600004196167,9.5600004196167,1292.0
2026-08-05 14:07:00,PFG,,114.2300033569336,114.2699966430664,114.2300033569336,114.2699966430664,837.0
2026-08-05 14:07:00,PGEN,,6.784999847412109,6.800000190734863,6.78000020980835,6.78980016708374,15903.0
2026-08-05 14:07:00,PGY,,21.815000534057617,21.84000015258789,21.809999465942383,21.84000015258789,1248.0
2026-08-05 14:07:00,PHAT,,8.40999984741211,8.40999984741211,8.40999984741211,8.40999984741211,1339.0
2026-08-05 14:07:00,PHIO,,1.0449999570846558,1.0449999570846558,1.0449999570846558,1.0449999570846558,400.0
2026-08-05 14:07:00,PLAB,,32.209999084472656,32.220001220703125,32.209999084472656,32.220001220703125,773.0
2026-08-05 14:07:00,PLBY,,1.1646000146865845,1.1646000146865845,1.1646000146865845,1.1646000146865845,622.0
2026-08-05 14:07:00,PLMR,,133.5850067138672,133.74000549316406,133.5850067138672,133.60499572753906,1755.0
2026-08-05 14:07:00,PLTK,,3.875,3.875,3.875,3.875,610.0
2026-08-05 14:07:00,PLUG,,2.0850000381469727,2.0899999141693115,2.0799999237060547,2.0799999237060547,20182.0
2026-08-05 14:07:00,PLUR,,1.7613999843597412,1.7613999843597412,1.7613999843597412,1.7613999843597412,209.0
2026-08-05 14:07:00,PLXS,,276.3949890136719,276.3949890136719,276.19000244140625,276.30999755859375,752.0
2026-08-05 14:07:00,PNFP,,108.16000366210938,108.16000366210938,108.1500015258789,108.1500015258789,408.0
2026-08-05 14:07:00,POCI,,4.260000228881836,4.260000228881836,4.260000228881836,4.260000228881836,352.0
2026-08-05 14:07:00,POET,,8.335000038146973,8.34000015258789,8.329999923706055,8.329999923706055,5906.0
2026-08-05 14:07:00,POLA,,1.7860000133514404,1.7899999618530273,1.7860000133514404,1.7899999618530273,2755.0
2026-08-05 14:07:00,POOL,,205.610107421875,205.610107421875,205.610107421875,205.610107421875,1901.0
2026-08-05 14:07:00,POWI,,61.98500061035156,61.98500061035156,61.98500061035156,61.98500061035156,767.0
2026-08-05 14:07:00,PPC,,26.385000228881836,26.385000228881836,26.3700008392334,26.3700008392334,802.0
2026-08-05 14:07:00,PPTA,,22.38990020751953,22.38990020751953,22.38990020751953,22.38990020751953,1329.0
2026-08-05 14:07:00,PRAX,,317.3399963378906,317.3399963378906,317.3399963378906,317.3399963378906,298.0
2026-08-05 14:07:00,PRCH,,15.779999732971191,15.779999732971191,15.779999732971191,15.779999732971191,1271.0
2026-08-05 14:07:00,PRCT,,18.670000076293945,18.68000030517578,18.649999618530273,18.665000915527344,2324.0
2026-08-05 14:07:00,PRIM,,85.19000244140625,85.20999908447266,85.19000244140625,85.20999908447266,555.0
2026-08-05 14:07:00,PRLD,,4.559999942779541,4.559999942779541,4.550000190734863,4.550000190734863,3071.0
2026-08-05 14:07:00,PRME,,3.065000057220459,3.065000057220459,3.065000057220459,3.065000057220459,721.0
2026-08-05 14:07:00,PRSO,,0.6902999877929688,0.6904000043869019,0.6902999877929688,0.6904000043869019,205.0
2026-08-05 14:07:00,PRTA,,8.494999885559082,8.494999885559082,8.489999771118164,8.489999771118164,804.0
2026-08-05 14:07:00,PRTH,,6.610000133514404,6.630000114440918,6.610000133514404,6.630000114440918,3210.0
2026-08-05 14:07:00,PRVA,,24.165000915527344,24.170000076293945,24.15999984741211,24.15999984741211,2169.0
2026-08-05 14:07:00,PSEC,,2.184999942779541,2.184999942779541,2.184999942779541,2.184999942779541,4119.0
2026-08-05 14:07:00,PSMT,,190.0,190.2100067138672,190.0,190.2100067138672,2169.0
2026-08-05 14:07:00,PSNL,,13.489999771118164,13.489999771118164,13.489999771118164,13.489999771118164,361.0
2026-08-05 14:07:00,PTC,,140.17999267578125,140.17999267578125,140.17999267578125,140.17999267578125,1169.0
2026-08-05 14:07:00,PTCT,,69.08999633789062,69.08999633789062,69.05500030517578,69.05500030517578,1021.0
2026-08-05 14:07:00,PTEN,,9.854999542236328,9.854999542236328,9.845000267028809,9.845000267028809,3664.0
2026-08-05 14:07:00,PTLO,,4.625,4.625,4.625,4.625,212.0
2026-08-05 14:07:00,PTON,,6.5,6.505000114440918,6.5,6.5,19703.0
2026-08-05 14:07:00,PWP,,17.5,17.510000228881836,17.5,17.510000228881836,2580.0
2026-08-05 14:07:00,PYPL,,58.170101165771484,58.185001373291016,58.170101165771484,58.185001373291016,5086.0
2026-08-05 14:07:00,PYXS,,3.1449999809265137,3.1449999809265137,3.1449999809265137,3.1449999809265137,341.0
2026-08-05 14:07:00,PZZA,,30.100000381469727,30.100000381469727,30.079999923706055,30.079999923706055,2616.0
2026-08-05 14:07:00,QCOM,,158.4199981689453,158.47999572753906,158.39999389648438,158.4600067138672,4934.0
2026-08-05 14:07:00,QFIN,,13.180000305175781,13.189900398254395,13.180000305175781,13.189900398254395,1603.0
2026-08-05 14:07:00,QQQX,,30.3799991607666,30.3799991607666,30.350000381469727,30.350000381469727,1101.0
2026-08-05 14:07:00,QRVO,,94.86000061035156,94.91000366210938,94.86000061035156,94.91000366210938,688.0
2026-08-05 14:07:00,SEED,,1.0199999809265137,1.0199999809265137,1.0152000188827515,1.0199999809265137,705.0
2026-08-05 14:07:00,STIM,,2.255000114440918,2.255000114440918,2.255000114440918,2.255000114440918,2349.0
2026-08-05 14:07:00,TARA,,4.019999980926514,4.019999980926514,4.019999980926514,4.019999980926514,117.0
2026-08-05 14:08:00,ACDC,,4.485000133514404,4.505000114440918,4.485000133514404,4.5,14000.0
2026-08-05 14:08:00,BPOP,,177.47999572753906,177.47999572753906,177.47999572753906,177.47999572753906,817.0
2026-08-05 14:08:00,CNXN,,86.17500305175781,86.17500305175781,86.17500305175781,86.17500305175781,2330.0
2026-08-05 14:08:00,DTIL,,7.485000133514404,7.485000133514404,7.485000133514404,7.485000133514404,307.0
2026-08-05 14:08:00,GLUE,,15.550000190734863,15.550000190734863,15.550000190734863,15.550000190734863,1098.0
2026-08-05 14:08:00,MCRI,,122.62000274658203,122.62000274658203,122.62000274658203,122.62000274658203,665.0
2026-08-05 14:08:00,MDB,,376.3299865722656,376.3299865722656,376.3299865722656,376.3299865722656,400.0
2026-08-05 14:08:00,MDLZ,,62.66999816894531,62.69499969482422,62.66999816894531,62.69499969482422,9424.0
2026-08-05 14:08:00,MLTX,,17.670000076293945,17.670000076293945,17.670000076293945,17.670000076293945,435.0
2026-08-05 14:08:00,MNPR,,119.25,119.25,119.25,119.25,296.0
2026-08-05 14:08:00,MNRO,,13.180000305175781,13.180000305175781,13.180000305175781,13.180000305175781,2118.0
2026-08-05 14:08:00,MNST,,94.73999786376953,94.76000213623047,94.73999786376953,94.76000213623047,4830.0
2026-08-05 14:08:00,MNTS,,4.269999980926514,4.269999980926514,4.260000228881836,4.260000228881836,431.0
2026-08-05 14:08:00,MORN,,198.25999450683594,198.25999450683594,198.25999450683594,198.25999450683594,653.0
2026-08-05 14:08:00,MPWR,,1346.050048828125,1346.25,1344.3800048828125,1344.905029296875,445.0
2026-08-05 14:08:00,MRNA,,56.654998779296875,56.66999816894531,56.65330123901367,56.66999816894531,3102.0
2026-08-05 14:08:00,MYGN,,3.140000104904175,3.1449999809265137,3.140000104904175,3.1449999809265137,3923.0
2026-08-05 14:08:00,NAMS,,27.549999237060547,27.6299991607666,27.549999237060547,27.600000381469727,5279.0
2026-08-05 14:08:00,NAUT,,0.9466999769210815,0.9466999769210815,0.9466999769210815,0.9466999769210815,3098.0
2026-08-05 14:08:00,NAVI,,9.154999732971191,9.154999732971191,9.154999732971191,9.154999732971191,746.0
2026-08-05 14:08:00,NB,,5.071199893951416,5.071199893951416,5.071199893951416,5.071199893951416,1301.0
2026-08-05 14:08:00,NBIX,,163.0,163.07000732421875,162.88999938964844,163.07000732421875,5342.0
2026-08-05 14:08:00,NCMI,,4.114999771118164,4.114999771118164,4.110000133514404,4.110000133514404,1394.0
2026-08-05 14:08:00,NDAQ,,94.91999816894531,94.95999908447266,94.91999816894531,94.95999908447266,2361.0
2026-08-05 14:08:00,NDSN,,310.19000244140625,310.239990234375,310.19000244140625,310.239990234375,244.0
2026-08-05 14:08:00,NEO,,15.984999656677246,15.989999771118164,15.979999542236328,15.984999656677246,3998.0
2026-08-05 14:08:00,NEOG,,11.585000038146973,11.585000038146973,11.585000038146973,11.585000038146973,967.0
2026-08-05 14:08:00,NEOV,,2.819999933242798,2.819999933242798,2.819999933242798,2.819999933242798,1319.0
2026-08-05 14:08:00,NESR,,28.670000076293945,28.670000076293945,28.670000076293945,28.670000076293945,1026.0
2026-08-05 14:08:00,NEWT,,15.130000114440918,15.130000114440918,15.130000114440918,15.130000114440918,498.0
2026-08-05 14:08:00,NEXT,,6.460000038146973,6.46999979019165,6.460000038146973,6.465000152587891,7579.0
2026-08-05 14:08:00,NFE,,0.3391999900341034,0.3391999900341034,0.3391999900341034,0.3391999900341034,568.0
2026-08-05 14:08:00,NFLX,,73.48999786376953,73.5250015258789,73.48989868164062,73.49500274658203,28293.0
2026-08-05 14:08:00,NICE,,99.01499938964844,99.05999755859375,99.01499938964844,99.05999755859375,1946.0
2026-08-05 14:08:00,NKTR,,72.79499816894531,72.79499816894531,72.79499816894531,72.79499816894531,234.0
2026-08-05 14:08:00,NMFC,,7.324999809265137,7.324999809265137,7.324999809265137,7.324999809265137,1690.0
2026-08-05 14:08:00,NMRK,,15.729999542236328,15.729999542236328,15.729999542236328,15.729999542236328,1644.0
2026-08-05 14:08:00,NN,,14.414999961853027,14.420000076293945,14.390000343322754,14.40999984741211,7150.0
2026-08-05 14:08:00,NNBR,,3.8399999141693115,3.8399999141693115,3.8299999237060547,3.8299999237060547,10895.0
2026-08-05 14:08:00,NNDM,,1.5449999570846558,1.5449999570846558,1.5449999570846558,1.5449999570846558,655.0
2026-08-05 14:08:00,NRIX,,24.920000076293945,24.920000076293945,24.920000076293945,24.920000076293945,370.0
2026-08-05 14:08:00,NTAP,,189.92999267578125,189.92999267578125,189.89999389648438,189.89999389648438,2963.0
2026-08-05 14:08:00,NTCT,,41.83000183105469,41.84000015258789,41.83000183105469,41.83000183105469,1408.0
2026-08-05 14:08:00,NTES,,127.6500015258789,127.6500015258789,127.63999938964844,127.63999938964844,1114.0
2026-08-05 14:08:00,NTNX,,60.994998931884766,61.02000045776367,60.9900016784668,60.9900016784668,3239.0
2026-08-05 14:08:00,NTRA,,274.43499755859375,274.43499755859375,274.43499755859375,274.43499755859375,1199.0
2026-08-05 14:08:00,NUTX,,156.97999572753906,156.97999572753906,156.97999572753906,156.97999572753906,417.0
2026-08-05 14:08:00,NUWE,,1.6952999830245972,1.6952999830245972,1.6952999830245972,1.6952999830245972,285.0
2026-08-05 14:08:00,NVCR,,16.09000015258789,16.09000015258789,16.045000076293945,16.065000534057617,6960.0
2026-08-05 14:08:00,NVCT,,19.65999984741211,19.65999984741211,19.649999618530273,19.649999618530273,412.0
2026-08-05 14:08:00,NVDA,,220.77000427246094,220.77000427246094,220.59010314941406,220.67999267578125,151669.0
2026-08-05 14:08:00,NVEC,,130.92999267578125,130.92999267578125,130.92999267578125,130.92999267578125,240.0
2026-08-05 14:08:00,NVTS,,12.46500015258789,12.475000381469727,12.454999923706055,12.475000381469727,16152.0
2026-08-05 14:08:00,NWBI,,15.954999923706055,15.954999923706055,15.954999923706055,15.954999923706055,758.0
2026-08-05 14:08:00,NWL,,6.260000228881836,6.268899917602539,6.260000228881836,6.260000228881836,9796.0
2026-08-05 14:08:00,NWPX,,127.13999938964844,127.13999938964844,127.13999938964844,127.13999938964844,432.0
2026-08-05 14:08:00,NWS,,32.33000183105469,32.33000183105469,32.33000183105469,32.33000183105469,427.0
2026-08-05 14:08:00,NWSA,,28.295000076293945,28.299999237060547,28.295000076293945,28.299999237060547,4818.0
2026-08-05 14:08:00,NXGL,,0.4000000059604645,0.4000000059604645,0.4000000059604645,0.4000000059604645,100.0
2026-08-05 14:08:00,NXPI,,231.97999572753906,232.16000366210938,231.97999572753906,232.16000366210938,2969.0
2026-08-05 14:08:00,NXT,,98.3550033569336,98.375,98.3550033569336,98.375,3358.0
2026-08-05 14:08:00,OBIO,,4.215000152587891,4.215000152587891,4.215000152587891,4.215000152587891,525.0
2026-08-05 14:08:00,OCFC,,19.924999237060547,19.924999237060547,19.924999237060547,19.924999237060547,1275.0
2026-08-05 14:08:00,OCS,,12.029999732971191,12.039999961853027,12.010000228881836,12.010000228881836,5514.0
2026-08-05 14:08:00,OCSL,,12.114999771118164,12.114999771118164,12.114999771118164,12.114999771118164,547.0
2026-08-05 14:08:00,OCUL,,8.595000267028809,8.595000267028809,8.59000015258789,8.59000015258789,3513.0
2026-08-05 14:08:00,ODD,,15.350000381469727,15.350000381469727,15.350000381469727,15.350000381469727,323.0
2026-08-05 14:08:00,ODFL,,213.36000061035156,213.3800048828125,213.25999450683594,213.3800048828125,1623.0
2026-08-05 14:08:00,OFIX,,10.4399995803833,10.449999809265137,10.4399995803833,10.449999809265137,1606.0
2026-08-05 14:08:00,OKTA,,147.86000061035156,147.86000061035156,147.86000061035156,147.86000061035156,1150.0
2026-08-05 14:08:00,OLLI,,78.3499984741211,78.3499984741211,78.3499984741211,78.3499984741211,1514.0
2026-08-05 14:08:00,OLMA,,11.5600004196167,11.5600004196167,11.5600004196167,11.5600004196167,576.0
2026-08-05 14:08:00,OM,,5.079999923706055,5.079999923706055,5.079999923706055,5.079999923706055,200.0
2026-08-05 14:08:00,OMCL,,37.38999938964844,37.38999938964844,37.38999938964844,37.38999938964844,202.0
2026-08-05 14:08:00,OMER,,12.779999732971191,12.779999732971191,12.770000457763672,12.770000457763672,7259.0
2026-08-05 14:08:00,ON,,77.98999786376953,77.98999786376953,77.93000030517578,77.97000122070312,11231.0
2026-08-05 14:08:00,ONB,,27.030000686645508,27.030000686645508,27.030000686645508,27.030000686645508,482.0
2026-08-05 14:08:00,ONCY,,0.7924000024795532,0.7924000024795532,0.7924000024795532,0.7924000024795532,0.0
2026-08-05 14:08:00,ONDS,,8.949899673461914,8.960000038146973,8.9399995803833,8.954999923706055,512382.0
2026-08-05 14:08:00,ONFO,,0.07400000095367432,0.07400000095367432,0.07400000095367432,0.07400000095367432,5272.0
2026-08-05 14:08:00,OPAL,,2.365000009536743,2.365000009536743,2.365000009536743,2.365000009536743,702.0
2026-08-05 14:08:00,OPCH,,23.420000076293945,23.43000030517578,23.40999984741211,23.420000076293945,3068.0
2026-08-05 14:08:00,OPEN,,3.7899999618530273,3.797499895095825,3.7899999618530273,3.7950000762939453,55358.0
2026-08-05 14:08:00,OPHC,,8.744999885559082,8.744999885559082,8.744999885559082,8.744999885559082,102.0
2026-08-05 14:08:00,OPK,,1.3100999593734741,1.3100999593734741,1.309999942779541,1.309999942779541,452.0
2026-08-05 14:08:00,OPRT,,6.130000114440918,6.130000114440918,6.130000114440918,6.130000114440918,676.0
2026-08-05 14:08:00,ORGO,,2.3450000286102295,2.3450000286102295,2.3450000286102295,2.3450000286102295,336.0
2026-08-05 14:08:00,ORIC,,12.949999809265137,12.949999809265137,12.944999694824219,12.949999809265137,1119.0
2026-08-05 14:08:00,ORLY,,92.83000183105469,92.87000274658203,92.83000183105469,92.87000274658203,3521.0
2026-08-05 14:08:00,OSBC,,25.825000762939453,25.825000762939453,25.825000762939453,25.825000762939453,612.0
2026-08-05 14:08:00,OSPN,,16.700000762939453,16.700000762939453,16.68000030517578,16.68000030517578,4777.0
2026-08-05 14:08:00,OSS,,13.815400123596191,13.869999885559082,13.815400123596191,13.869999885559082,4558.0
2026-08-05 14:08:00,OSW,,26.450000762939453,26.450000762939453,26.450000762939453,26.450000762939453,1098.0
2026-08-05 14:08:00,OTEX,,25.905000686645508,25.905000686645508,25.905000686645508,25.905000686645508,1205.0
2026-08-05 14:08:00,OTLK,,1.0199999809265137,1.0299999713897705,1.0199999809265137,1.0299999713897705,1986.0
2026-08-05 14:08:00,OXSQ,,1.5,1.5099999904632568,1.5,1.5099999904632568,919.0
2026-08-05 14:08:00,PAA,,23.145000457763672,23.155000686645508,23.145000457763672,23.155000686645508,9127.0
2026-08-05 14:08:00,PAAS,,48.09000015258789,48.119998931884766,48.084999084472656,48.090999603271484,4601.0
2026-08-05 14:08:00,PACB,,1.3250000476837158,1.3350000381469727,1.3250000476837158,1.3350000381469727,60039.0
2026-08-05 14:08:00,PAGP,,25.135000228881836,25.135000228881836,25.135000228881836,25.135000228881836,1142.0
2026-08-05 14:08:00,PALI,,2.125,2.125,2.125,2.125,732.0
2026-08-05 14:08:00,PANW,,365.9599914550781,365.9849853515625,365.69500732421875,365.8800048828125,5118.0
2026-08-05 14:08:00,PATK,,87.5999984741211,87.5999984741211,87.5999984741211,87.5999984741211,389.0
2026-08-05 14:08:00,PAVS,,5.0,5.0,5.0,5.0,200.0
2026-08-05 14:08:00,PAX,,11.414999961853027,11.414999961853027,11.414999961853027,11.414999961853027,2156.0
2026-08-05 14:08:00,PAYO,,7.125,7.125,7.119999885559082,7.119999885559082,543.0
2026-08-05 14:08:00,PAYX,,117.7300033569336,117.80999755859375,117.7300033569336,117.80999755859375,2859.0
2026-08-05 14:08:00,PBYI,,8.020000457763672,8.020000457763672,8.020000457763672,8.020000457763672,1005.0
2026-08-05 14:08:00,PCAR,,134.0050048828125,134.0800018310547,134.0050048828125,134.07899475097656,4562.0
2026-08-05 14:08:00,PCRX,,24.65999984741211,24.700000762939453,24.649999618530273,24.700000762939453,1467.0
2026-08-05 14:08:00,PCT,,6.909999847412109,6.925000190734863,6.909999847412109,6.925000190734863,11442.0
2026-08-05 14:08:00,PCTY,,145.36000061035156,145.5050048828125,145.14999389648438,145.33999633789062,4508.0
2026-08-05 14:08:00,PDD,,90.8499984741211,90.86000061035156,90.8499984741211,90.8499984741211,4784.0
2026-08-05 14:08:00,PDFS,,50.1150016784668,50.1150016784668,50.1150016784668,50.1150016784668,195.0
2026-08-05 14:08:00,PDSB,,0.7290999889373779,0.7290999889373779,0.7196000218391418,0.7199000120162964,13782.0
2026-08-05 14:08:00,PECO,,41.290000915527344,41.29999923706055,41.290000915527344,41.29999923706055,1880.0
2026-08-05 14:08:00,PEGA,,31.78499984741211,31.790000915527344,31.78499984741211,31.790000915527344,966.0
2026-08-05 14:08:00,PENN,,19.790000915527344,19.799999237060547,19.790000915527344,19.790000915527344,2591.0
2026-08-05 14:08:00,PEP,,138.7100067138672,138.74000549316406,138.7100067138672,138.72850036621094,3558.0
2026-08-05 14:08:00,PFG,,114.18000030517578,114.2300033569336,114.17500305175781,114.2300033569336,2801.0
2026-08-05 14:08:00,PFIS,,71.95999908447266,71.95999908447266,71.95999908447266,71.95999908447266,1038.0
2026-08-05 14:08:00,PGC,,46.60499954223633,46.60499954223633,46.56999969482422,46.599998474121094,804.0
2026-08-05 14:08:00,PGEN,,6.781000137329102,6.784999847412109,6.781000137329102,6.784999847412109,2154.0
2026-08-05 14:08:00,PGY,,21.80500030517578,21.80500030517578,21.80500030517578,21.80500030517578,301.0
2026-08-05 14:08:00,PHUN,,2.155400037765503,2.155400037765503,2.155400037765503,2.155400037765503,200.0
2026-08-05 14:08:00,PLAB,,32.189998626708984,32.189998626708984,32.189998626708984,32.189998626708984,388.0
2026-08-05 14:08:00,PLBC,,61.32500076293945,61.32500076293945,61.32500076293945,61.32500076293945,880.0
2026-08-05 14:08:00,PLMR,,133.57000732421875,133.57000732421875,133.57000732421875,133.57000732421875,882.0
2026-08-05 14:08:00,PLPC,,466.04998779296875,466.04998779296875,466.04998779296875,466.04998779296875,207.0
2026-08-05 14:08:00,PLTK,,3.890000104904175,3.890000104904175,3.875,3.880000114440918,5347.0
2026-08-05 14:08:00,PLUG,,2.0799999237060547,2.0850000381469727,2.0799999237060547,2.0850000381469727,4020.0
2026-08-05 14:08:00,PLXS,,276.3949890136719,276.3949890136719,276.3949890136719,276.3949890136719,472.0
2026-08-05 14:08:00,PNBK,,1.1399999856948853,1.1399999856948853,1.1399999856948853,1.1399999856948853,200.0
2026-08-05 14:08:00,PNFP,,108.05999755859375,108.05999755859375,108.05999755859375,108.05999755859375,489860.0
2026-08-05 14:08:00,PNTG,,38.79499816894531,38.79499816894531,38.79499816894531,38.79499816894531,314.0
2026-08-05 14:08:00,POET,,8.326700210571289,8.329999923706055,8.324999809265137,8.329999923706055,5913.0
2026-08-05 14:08:00,POWI,,61.970001220703125,61.98500061035156,61.90999984741211,61.98500061035156,2331.0
2026-08-05 14:08:00,POWL,,211.5800018310547,211.80999755859375,211.5749969482422,211.5749969482422,1754.0
2026-08-05 14:08:00,PPC,,26.399999618530273,26.399999618530273,26.375,26.3799991607666,1363.0
2026-08-05 14:08:00,PPTA,,22.360000610351562,22.360000610351562,22.360000610351562,22.360000610351562,238.0
2026-08-05 14:08:00,PRCH,,15.767499923706055,15.767499923706055,15.767499923706055,15.767499923706055,438.0
2026-08-05 14:08:00,PRCT,,18.69499969482422,18.69499969482422,18.670000076293945,18.670000076293945,2222.0
2026-08-05 14:08:00,PRDO,,32.88999938964844,32.90380096435547,32.88999938964844,32.90380096435547,649.0
2026-08-05 14:08:00,PRIM,,85.0999984741211,85.19000244140625,85.0999984741211,85.19000244140625,593.0
2026-08-05 14:08:00,PRLD,,4.570000171661377,4.570000171661377,4.570000171661377,4.570000171661377,1292.0
2026-08-05 14:08:00,PROK,,1.6449999809265137,1.6449999809265137,1.6449999809265137,1.6449999809265137,342.0
2026-08-05 14:08:00,PRQR,,1.9550000429153442,1.9550000429153442,1.9550000429153442,1.9550000429153442,879.0
2026-08-05 14:08:00,PRTH,,6.610000133514404,6.610000133514404,6.610000133514404,6.610000133514404,570.0
2026-08-05 14:08:00,PRVA,,24.200000762939453,24.200000762939453,24.18000030517578,24.18000030517578,2073.0
2026-08-05 14:08:00,PRZO,,0.5428000092506409,0.5428000092506409,0.5428000092506409,0.5428000092506409,400.0
2026-08-05 14:08:00,PSEC,,2.184999942779541,2.1888999938964844,2.184999942779541,2.184999942779541,10238.0
2026-08-05 14:08:00,PSNL,,13.520000457763672,13.520000457763672,13.520000457763672,13.520000457763672,1890.0
2026-08-05 14:08:00,PSNYW,,2.4000000953674316,2.4000000953674316,2.4000000953674316,2.4000000953674316,200.0
2026-08-05 14:08:00,PTCT,,69.05500030517578,69.05500030517578,69.05500030517578,69.05500030517578,369.0
2026-08-05 14:08:00,PTEN,,9.845000267028809,9.854999542236328,9.845000267028809,9.854999542236328,3978.0
2026-08-05 14:08:00,PTLO,,4.619999885559082,4.619999885559082,4.619999885559082,4.619999885559082,237.0
2026-08-05 14:08:00,PTON,,6.494999885559082,6.5,6.494999885559082,6.5,8356.0
2026-08-05 14:08:00,PWP,,17.485000610351562,17.489999771118164,17.485000610351562,17.489999771118164,2012.0
2026-08-05 14:08:00,PYPL,,58.152801513671875,58.16999816894531,58.152801513671875,58.16999816894531,4343.0
2026-08-05 14:08:00,PYXS,,3.1449999809265137,3.1449999809265137,3.1449999809265137,3.1449999809265137,249.0
2026-08-05 14:08:00,PZZA,,30.079999923706055,30.100000381469727,30.06999969482422,30.094999313354492,2493.0
2026-08-05 14:08:00,QCOM,,158.35000610351562,158.38999938964844,158.2899932861328,158.3800048828125,9227.0
2026-08-05 14:08:00,QQQX,,30.360000610351562,30.360000610351562,30.360000610351562,30.360000610351562,223.0
2026-08-05 14:08:00,QRVO,,94.83999633789062,94.86000061035156,94.83999633789062,94.86000061035156,1855.0
2026-08-05 14:08:00,SEED,,1.0199999809265137,1.0199999809265137,1.0199999809265137,1.0199999809265137,400.0
2026-08-05 14:08:00,TARA,,4.019999980926514,4.019999980926514,4.019999980926514,4.019999980926514,262.0
2026-08-05 14:08:00,WOOF,,2.934999942779541,2.9549999237060547,2.9300999641418457,2.9549999237060547,33190.0
2026-08-05 14:09:00,ACDC,,4.485000133514404,4.485000133514404,4.485000133514404,4.485000133514404,995.0
2026-08-05 14:09:00,CASH,,89.3499984741211,89.3499984741211,89.3499984741211,89.3499984741211,577.0
2026-08-05 14:09:00,EYE,,23.110000610351562,23.114999771118164,23.110000610351562,23.114999771118164,1680.0
2026-08-05 14:09:00,FIZZ,,32.150001525878906,32.150001525878906,32.150001525878906,32.150001525878906,2233.0
2026-08-05 14:09:00,GLUE,,15.550000190734863,15.550000190734863,15.550000190734863,15.550000190734863,390.0
2026-08-05 14:09:00,LUNG,,2.005000114440918,2.005000114440918,2.005000114440918,2.005000114440918,749.0
2026-08-05 14:09:00,MDB,,376.17999267578125,376.17999267578125,375.80999755859375,375.80999755859375,344.0
2026-08-05 14:09:00,MDLZ,,62.64500045776367,62.66999816894531,62.64500045776367,62.65999984741211,17645.0
2026-08-05 14:09:00,MLTX,,17.670000076293945,17.670000076293945,17.670000076293945,17.670000076293945,514.0
2026-08-05 14:09:00,MNPR,,119.11000061035156,119.11000061035156,119.11000061035156,119.11000061035156,668.0
2026-08-05 14:09:00,MNST,,94.74500274658203,94.74500274658203,94.74500274658203,94.74500274658203,1043.0
2026-08-05 14:09:00,MORN,,198.25999450683594,198.25999450683594,198.25999450683594,198.25999450683594,472.0
2026-08-05 14:09:00,MPWR,,1345.7149658203125,1346.239990234375,1345.2550048828125,1345.2550048828125,542.0
2026-08-05 14:09:00,MRNA,,56.720001220703125,56.720001220703125,56.654998779296875,56.66999816894531,3931.0
2026-08-05 14:09:00,MYGN,,3.1449999809265137,3.1449999809265137,3.140000104904175,3.1449999809265137,3426.0
2026-08-05 14:09:00,MYPS,,0.739799976348877,0.7398999929428101,0.7336999773979187,0.7337999939918518,1992.0
2026-08-05 14:09:00,NAUT,,0.9463000297546387,0.9463000297546387,0.9463000297546387,0.9463000297546387,279.0
2026-08-05 14:09:00,NAVI,,9.149999618530273,9.149999618530273,9.145000457763672,9.149999618530273,7373.0
2026-08-05 14:09:00,NBIX,,162.7100067138672,162.9499969482422,162.55999755859375,162.88999938964844,13482.0
2026-08-05 14:09:00,NBTB,,53.345001220703125,53.345001220703125,53.345001220703125,53.345001220703125,402.0
2026-08-05 14:09:00,NDAQ,,94.94999694824219,94.94999694824219,94.91999816894531,94.94000244140625,898.0
2026-08-05 14:09:00,NDSN,,310.04998779296875,310.04998779296875,309.8999938964844,310.0299987792969,437.0
2026-08-05 14:09:00,NECB,,27.225000381469727,27.225000381469727,27.225000381469727,27.225000381469727,112.0
2026-08-05 14:09:00,NEGG,,16.719999313354492,16.719999313354492,16.719999313354492,16.719999313354492,363.0
2026-08-05 14:09:00,NEO,,15.979999542236328,15.979999542236328,15.979999542236328,15.979999542236328,4231.0
2026-08-05 14:09:00,NEOG,,11.579999923706055,11.585000038146973,11.579999923706055,11.585000038146973,1819.0
2026-08-05 14:09:00,NEOV,,2.819999933242798,2.8201000690460205,2.819999933242798,2.8201000690460205,473.0
2026-08-05 14:09:00,NESR,,28.68000030517578,28.68000030517578,28.68000030517578,28.68000030517578,198.0
2026-08-05 14:09:00,NFE,,0.34049999713897705,0.34049999713897705,0.34049999713897705,0.34049999713897705,189.0
2026-08-05 14:09:00,NFLX,,73.48500061035156,73.5,73.48500061035156,73.49500274658203,19826.0
2026-08-05 14:09:00,NICE,,98.87999725341797,99.0,98.83999633789062,98.87999725341797,2101.0
2026-08-05 14:09:00,NKTR,,72.96499633789062,72.96499633789062,72.79499816894531,72.79499816894531,3382.0
2026-08-05 14:09:00,NMFC,,7.320000171661377,7.329800128936768,7.320000171661377,7.329800128936768,2196.0
2026-08-05 14:09:00,NMRK,,15.734999656677246,15.734999656677246,15.734999656677246,15.734999656677246,1051.0
2026-08-05 14:09:00,NN,,14.399999618530273,14.414999961853027,14.399999618530273,14.414999961853027,1193.0
2026-08-05 14:09:00,NNBR,,3.8350000381469727,3.8399999141693115,3.8350000381469727,3.8399999141693115,445.0
2026-08-05 14:09:00,NNDM,,1.5449999570846558,1.5449999570846558,1.5399999618530273,1.5449999570846558,804.0
2026-08-05 14:09:00,NOVT,,155.8300018310547,156.2449951171875,155.8300018310547,156.22000122070312,7493.0
2026-08-05 14:09:00,NRC,,19.5,19.5,19.5,19.5,1124.0
2026-08-05 14:09:00,NRDS,,9.079999923706055,9.079999923706055,9.0649995803833,9.0649995803833,2912.0
2026-08-05 14:09:00,NRIX,,24.920000076293945,24.920000076293945,24.920000076293945,24.920000076293945,825.0
2026-08-05 14:09:00,NRXP,,3.0899999141693115,3.0899999141693115,3.0899999141693115,3.0899999141693115,1489.0
2026-08-05 14:09:00,NTAP,,189.8249969482422,189.9600067138672,189.75999450683594,189.89999389648438,10449.0
2026-08-05 14:09:00,NTCT,,41.849998474121094,41.849998474121094,41.755001068115234,41.755001068115234,990.0
2026-08-05 14:09:00,NTNX,,61.005001068115234,61.005001068115234,60.994998931884766,60.994998931884766,2564.0
2026-08-05 14:09:00,NTRA,,274.760009765625,274.760009765625,274.44000244140625,274.44000244140625,4298.0
2026-08-05 14:09:00,NTRS,,184.2899932861328,184.30999755859375,184.2899932861328,184.30999755859375,1498.0
2026-08-05 14:09:00,NUTX,,156.9600067138672,156.9600067138672,156.9600067138672,156.9600067138672,1452.0
2026-08-05 14:09:00,NVAX,,7.605000019073486,7.605000019073486,7.605000019073486,7.605000019073486,786.0
2026-08-05 14:09:00,NVCR,,16.09000015258789,16.100000381469727,16.09000015258789,16.09000015258789,3603.0
2026-08-05 14:09:00,NVCT,,19.65999984741211,19.65999984741211,19.65999984741211,19.65999984741211,8.0
2026-08-05 14:09:00,NVDA,,220.72169494628906,220.83999633789062,220.66000366210938,220.77999877929688,125809.0
2026-08-05 14:09:00,NVMI,,406.98748779296875,406.98748779296875,406.98748779296875,406.98748779296875,532.0
2026-08-05 14:09:00,NVTS,,12.46500015258789,12.475000381469727,12.454999923706055,12.470100402832031,9237.0
2026-08-05 14:09:00,NWBI,,15.954999923706055,15.960000038146973,15.954999923706055,15.960000038146973,713.0
2026-08-05 14:09:00,NWL,,6.260000228881836,6.264999866485596,6.260000228881836,6.264999866485596,7064.0
2026-08-05 14:09:00,NWS,,32.31999969482422,32.33000183105469,32.31999969482422,32.32500076293945,1085.0
2026-08-05 14:09:00,NWSA,,28.290000915527344,28.295000076293945,28.290000915527344,28.295000076293945,1098.0
2026-08-05 14:09:00,NXGL,,0.4000000059604645,0.4000000059604645,0.4000000059604645,0.4000000059604645,100.0
2026-08-05 14:09:00,NXPI,,232.2100067138672,232.21499633789062,232.0800018310547,232.0800018310547,3755.0
2026-08-05 14:09:00,NXST,,191.46499633789062,191.50999450683594,191.46499633789062,191.50999450683594,333.0
2026-08-05 14:09:00,NXT,,98.41999816894531,98.41999816894531,98.4000015258789,98.4000015258789,1636.0
2026-08-05 14:09:00,NXTC,,5.090000152587891,5.090000152587891,5.090000152587891,5.090000152587891,300.0
2026-08-05 14:09:00,OBIO,,4.215199947357178,4.215199947357178,4.215199947357178,4.215199947357178,322.0
2026-08-05 14:09:00,OCGN,,1.2999999523162842,1.2999999523162842,1.2904000282287598,1.2999999523162842,21287.0
2026-08-05 14:09:00,ODFL,,213.57000732421875,213.57000732421875,213.36000061035156,213.36000061035156,6916.0
2026-08-05 14:09:00,OFIX,,10.444999694824219,10.444999694824219,10.444999694824219,10.444999694824219,171.0
2026-08-05 14:09:00,OGI,,0.9526000022888184,0.9526000022888184,0.9526000022888184,0.9526000022888184,284.0
2026-08-05 14:09:00,OKTA,,147.91000366210938,147.91000366210938,147.86000061035156,147.86000061035156,1453.0
2026-08-05 14:09:00,OLMA,,11.569999694824219,11.569999694824219,11.569999694824219,11.569999694824219,3829.0
2026-08-05 14:09:00,OMCL,,37.36000061035156,37.36000061035156,37.36000061035156,37.36000061035156,2030.0
2026-08-05 14:09:00,ON,,78.05000305175781,78.07499694824219,77.98999786376953,78.01000213623047,12360.0
2026-08-05 14:09:00,ONB,,27.024999618530273,27.024999618530273,27.020000457763672,27.020000457763672,3435.0
2026-08-05 14:09:00,ONDS,,8.944999694824219,8.960000038146973,8.9399995803833,8.944999694824219,359768.0
2026-08-05 14:09:00,ONFO,,0.07400000095367432,0.07400000095367432,0.0738999992609024,0.07400000095367432,16750.0
2026-08-05 14:09:00,OPCH,,23.420000076293945,23.440000534057617,23.420000076293945,23.420000076293945,2237.0
2026-08-05 14:09:00,OPEN,,3.7950000762939453,3.799999952316284,3.7899999618530273,3.7950000762939453,13738.0
2026-08-05 14:09:00,OPHC,,8.65999984741211,8.65999984741211,8.65999984741211,8.65999984741211,117.0
2026-08-05 14:09:00,OPI,,18.614999771118164,18.614999771118164,18.614999771118164,18.614999771118164,966.0
2026-08-05 14:09:00,OPK,,1.3100999593734741,1.3200000524520874,1.309999942779541,1.309999942779541,4649.0
2026-08-05 14:09:00,ORIC,,12.970000267028809,12.970000267028809,12.949999809265137,12.949999809265137,2173.0
2026-08-05 14:09:00,ORLY,,92.7699966430664,92.81999969482422,92.7699966430664,92.81999969482422,5104.0
2026-08-05 14:09:00,ORMP,,4.400000095367432,4.400000095367432,4.400000095367432,4.400000095367432,472.0
2026-08-05 14:09:00,OSBC,,25.81999969482422,25.825000762939453,25.81999969482422,25.825000762939453,1089.0
2026-08-05 14:09:00,OSPN,,16.6200008392334,16.65999984741211,16.6200008392334,16.65999984741211,2070.0
2026-08-05 14:09:00,OSS,,13.819299697875977,13.819299697875977,13.8100004196167,13.8100004196167,718.0
2026-08-05 14:09:00,OTEX,,25.915000915527344,25.915000915527344,25.905000686645508,25.905000686645508,1932.0
2026-08-05 14:09:00,OTLK,,1.0198999643325806,1.0299999713897705,1.0149999856948853,1.0299999713897705,30143.0
2026-08-05 14:09:00,OVID,,2.5999999046325684,2.5999999046325684,2.5950000286102295,2.5950000286102295,1149.0
2026-08-05 14:09:00,OXSQ,,1.5,1.5049999952316284,1.5,1.5,9203.0
2026-08-05 14:09:00,PAA,,23.149900436401367,23.149900436401367,23.145000457763672,23.145000457763672,1748.0
2026-08-05 14:09:00,PAAS,,48.11000061035156,48.119998931884766,48.089298248291016,48.0994987487793,4521.0
2026-08-05 14:09:00,PACB,,1.3250000476837158,1.3300000429153442,1.3200000524520874,1.3250000476837158,16512.0
2026-08-05 14:09:00,PAGP,,25.125,25.1299991607666,25.125,25.1299991607666,3566.0
2026-08-05 14:09:00,PALI,,2.130000114440918,2.130000114440918,2.125,2.125,1588.0
2026-08-05 14:09:00,PANW,,366.3399963378906,366.3699951171875,365.82000732421875,365.8900146484375,8390.0
2026-08-05 14:09:00,PAYO,,7.125,7.125,7.119999885559082,7.119999885559082,690.0
2026-08-05 14:09:00,PAYS,,9.15999984741211,9.170000076293945,9.150099754333496,9.150099754333496,1101.0
2026-08-05 14:09:00,PAYX,,117.70500183105469,117.70500183105469,117.70500183105469,117.70500183105469,1096.0
2026-08-05 14:09:00,PBYI,,8.020000457763672,8.020000457763672,8.020000457763672,8.020000457763672,195.0
2026-08-05 14:09:00,PCAR,,134.10000610351562,134.11000061035156,134.0,134.0,17908.0
2026-08-05 14:09:00,PCRX,,24.649999618530273,24.649999618530273,24.584999084472656,24.6200008392334,3006.0
2026-08-05 14:09:00,PCT,,6.90500020980835,6.908999919891357,6.900000095367432,6.900000095367432,2002.0
2026-08-05 14:09:00,PCTY,,145.5399932861328,145.5399932861328,145.5399932861328,145.5399932861328,424.0
2026-08-05 14:09:00,PDD,,90.87000274658203,90.87000274658203,90.8499984741211,90.8499984741211,2363.0
2026-08-05 14:09:00,PDFS,,50.1150016784668,50.1150016784668,50.1150016784668,50.1150016784668,162.0
2026-08-05 14:09:00,PEGA,,31.78499984741211,31.78499984741211,31.78499984741211,31.78499984741211,212.0
2026-08-05 14:09:00,PENN,,19.774999618530273,19.790000915527344,19.774999618530273,19.790000915527344,16633.0
2026-08-05 14:09:00,PEP,,138.6649932861328,138.6999969482422,138.6649932861328,138.6999969482422,8756.0
2026-08-05 14:09:00,PEPG,,1.965000033378601,1.965000033378601,1.9600000381469727,1.9600000381469727,264.0
2026-08-05 14:09:00,PESI,,17.780000686645508,17.780000686645508,17.751300811767578,17.751300811767578,5234.0
2026-08-05 14:09:00,PGEN,,6.820000171661377,6.820000171661377,6.784999847412109,6.784999847412109,19529.0
2026-08-05 14:09:00,PGNY,,31.729999542236328,31.729999542236328,31.709999084472656,31.709999084472656,755.0
2026-08-05 14:09:00,PGY,,21.780000686645508,21.809999465942383,21.780000686645508,21.799999237060547,9239.0
2026-08-05 14:09:00,PHAT,,8.414999961853027,8.414999961853027,8.414999961853027,8.414999961853027,890.0
2026-08-05 14:09:00,PLAB,,32.209999084472656,32.209999084472656,32.189998626708984,32.189998626708984,1898.0
2026-08-05 14:09:00,PLTK,,3.884999990463257,3.884999990463257,3.884999990463257,3.884999990463257,896.0
2026-08-05 14:09:00,PLUG,,2.083400011062622,2.0850000381469727,2.0831000804901123,2.0850000381469727,3924.0
2026-08-05 14:09:00,PNFP,,108.0,108.06500244140625,108.0,108.05999755859375,2453.0
2026-08-05 14:09:00,PNRG,,187.05999755859375,187.10000610351562,187.05999755859375,187.10000610351562,3092.0
2026-08-05 14:09:00,PNTG,,38.79499816894531,38.79499816894531,38.79499816894531,38.79499816894531,184.0
2026-08-05 14:09:00,POET,,8.329999923706055,8.335000038146973,8.32040023803711,8.329999923706055,4448.0
2026-08-05 14:09:00,POWI,,61.959999084472656,61.959999084472656,61.959999084472656,61.959999084472656,469.0
2026-08-05 14:09:00,PPC,,26.43000030517578,26.43000030517578,26.399999618530273,26.399999618530273,5537.0
2026-08-05 14:09:00,PPTA,,22.420000076293945,22.420000076293945,22.350000381469727,22.3799991607666,12826.0
2026-08-05 14:09:00,PRAA,,17.364999771118164,17.364999771118164,17.364999771118164,17.364999771118164,347.0
2026-08-05 14:09:00,PRAX,,317.82501220703125,317.82501220703125,317.42999267578125,317.6400146484375,915.0
2026-08-05 14:09:00,PRCH,,15.760000228881836,15.765000343322754,15.760000228881836,15.765000343322754,1964.0
2026-08-05 14:09:00,PRCT,,18.68000030517578,18.69499969482422,18.670000076293945,18.69499969482422,2693.0
2026-08-05 14:09:00,PRDO,,32.869998931884766,32.869998931884766,32.869998931884766,32.869998931884766,531.0
2026-08-05 14:09:00,PRIM,,85.25,85.25,85.08999633789062,85.08999633789062,1679.0
2026-08-05 14:09:00,PRLD,,4.574999809265137,4.574999809265137,4.574999809265137,4.574999809265137,712.0
2026-08-05 14:09:00,PRME,,3.065000057220459,3.065000057220459,3.065000057220459,3.065000057220459,205.0
2026-08-05 14:09:00,PRQR,,1.9550000429153442,1.9550000429153442,1.9550000429153442,1.9550000429153442,105.0
2026-08-05 14:09:00,PRVA,,24.260000228881836,24.260000228881836,24.200000762939453,24.200000762939453,3675.0
2026-08-05 14:09:00,PRZO,,0.5440999865531921,0.5440999865531921,0.5440999865531921,0.5440999865531921,0.0
2026-08-05 14:09:00,PSEC,,2.184999942779541,2.1875,2.184999942779541,2.184999942779541,528.0
2026-08-05 14:09:00,PSNL,,13.510000228881836,13.510000228881836,13.510000228881836,13.510000228881836,1207.0
2026-08-05 14:09:00,PTCT,,69.05500030517578,69.05500030517578,69.05500030517578,69.05500030517578,753.0
2026-08-05 14:09:00,PTEN,,9.845000267028809,9.845000267028809,9.845000267028809,9.845000267028809,2010.0
2026-08-05 14:09:00,PTGX,,136.8300018310547,136.8300018310547,136.8300018310547,136.8300018310547,1443.0
2026-08-05 14:09:00,PTLO,,4.625,4.625,4.625,4.625,249.0
2026-08-05 14:09:00,PTON,,6.499000072479248,6.5,6.494999885559082,6.5,6943.0
2026-08-05 14:09:00,PUBM,,13.420000076293945,13.420000076293945,13.420000076293945,13.420000076293945,979.0
2026-08-05 14:09:00,PWP,,17.469999313354492,17.479999542236328,17.469999313354492,17.479999542236328,947.0
2026-08-05 14:09:00,PYPL,,58.15999984741211,58.15999984741211,58.1349983215332,58.150001525878906,11886.0
2026-08-05 14:09:00,PYXS,,3.1500000953674316,3.1500000953674316,3.1500000953674316,3.1500000953674316,1110.0
2026-08-05 14:09:00,PZZA,,30.049999237060547,30.06999969482422,30.030099868774414,30.06999969482422,2689.0
2026-08-05 14:09:00,QCOM,,158.44000244140625,158.44000244140625,158.3000030517578,158.35499572753906,4579.0
2026-08-05 14:09:00,QFIN,,13.15999984741211,13.170000076293945,13.15999984741211,13.170000076293945,3189.0
2026-08-05 14:09:00,QQQX,,30.340099334716797,30.420000076293945,30.25,30.360000610351562,3401.0
2026-08-05 14:09:00,QRVO,,94.87999725341797,94.87999725341797,94.83999633789062,94.86000061035156,938.0
2026-08-05 14:09:00,SEED,,1.0149999856948853,1.0199999809265137,1.0099999904632568,1.0199999809265137,2330.0
2026-08-05 14:09:00,TARA,,4.019999980926514,4.019999980926514,4.019999980926514,4.019999980926514,5106.0
2026-08-05 14:09:00,WOOF,,2.940000057220459,2.940000057220459,2.940000057220459,2.940000057220459,6450.0
2026-08-05 14:10:00,ACDC,,4.474999904632568,4.485000133514404,4.474999904632568,4.480000019073486,3975.0
2026-08-05 14:10:00,DTIL,,7.489999771118164,7.489999771118164,7.485000133514404,7.485000133514404,760.0
2026-08-05 14:10:00,EYE,,23.1200008392334,23.1200008392334,23.1200008392334,23.1200008392334,389.0
2026-08-05 14:10:00,GLUE,,15.545000076293945,15.550000190734863,15.539899826049805,15.545000076293945,6136.0
2026-08-05 14:10:00,KIDS,,21.6299991607666,21.639999389648438,21.6299991607666,21.639999389648438,1332.0
2026-08-05 14:10:00,MDB,,376.2300109863281,376.59991455078125,376.1925048828125,376.1925048828125,1942.0
2026-08-05 14:10:00,MDLZ,,62.6349983215332,62.64500045776367,62.630001068115234,62.63999938964844,9203.0
2026-08-05 14:10:00,MLTX,,17.66160011291504,17.66160011291504,17.66160011291504,17.66160011291504,1111.0
2026-08-05 14:10:00,MNST,,94.72010040283203,94.73999786376953,94.72010040283203,94.73999786376953,3055.0
2026-08-05 14:10:00,MNTK,,1.684999942779541,1.684999942779541,1.684999942779541,1.684999942779541,7784.0
2026-08-05 14:10:00,MNTS,,4.269999980926514,4.269999980926514,4.269999980926514,4.269999980926514,126.0
2026-08-05 14:10:00,MPWR,,1344.56494140625,1345.7149658203125,1344.21435546875,1345.7149658203125,799.0
2026-08-05 14:10:00,MYGN,,3.1449999809265137,3.1449999809265137,3.140000104904175,3.1449999809265137,3272.0
2026-08-05 14:10:00,MYRG,,340.4750061035156,340.6300048828125,340.2300109863281,340.6300048828125,901.0
2026-08-05 14:10:00,NAMS,,27.575000762939453,27.575000762939453,27.575000762939453,27.575000762939453,364.0
2026-08-05 14:10:00,NATR,,20.09000015258789,20.09000015258789,20.09000015258789,20.09000015258789,1521.0
2026-08-05 14:10:00,NAUT,,0.9405999779701233,0.9462000131607056,0.9405999779701233,0.9462000131607056,1018.0
2026-08-05 14:10:00,NAVI,,9.154999732971191,9.154999732971191,9.154999732971191,9.154999732971191,768.0
2026-08-05 14:10:00,NB,,5.079999923706055,5.085000038146973,5.079999923706055,5.079999923706055,6040.0
2026-08-05 14:10:00,NBN,,134.14010620117188,134.6999969482422,134.14010620117188,134.6999969482422,5033.0
2026-08-05 14:10:00,NDAQ,,94.95999908447266,94.97000122070312,94.95999908447266,94.95999908447266,1615.0
2026-08-05 14:10:00,NDSN,,310.19000244140625,310.19000244140625,310.19000244140625,310.19000244140625,514.0
2026-08-05 14:10:00,NEO,,16.0,16.0,15.979999542236328,15.979999542236328,5158.0
2026-08-05 14:10:00,NEOG,,11.579999923706055,11.585000038146973,11.579999923706055,11.579999923706055,1044.0
2026-08-05 14:10:00,NEOV,,2.825000047683716,2.825000047683716,2.825000047683716,2.825000047683716,173.0
2026-08-05 14:10:00,NESR,,28.65999984741211,28.68000030517578,28.65999984741211,28.679899215698242,8668.0
2026-08-05 14:10:00,NEWT,,15.100000381469727,15.119999885559082,15.100000381469727,15.119999885559082,706.0
2026-08-05 14:10:00,NEXT,,6.454999923706055,6.460000038146973,6.454999923706055,6.454999923706055,4927.0
2026-08-05 14:10:00,NFLX,,73.46499633789062,73.4800033569336,73.45500183105469,73.4800033569336,31579.0
2026-08-05 14:10:00,NICE,,99.0374984741211,99.0374984741211,98.86000061035156,98.87000274658203,4594.0
2026-08-05 14:10:00,NMFC,,7.320000171661377,7.320000171661377,7.320000171661377,7.320000171661377,1522.0
2026-08-05 14:10:00,NMRA,,1.5950000286102295,1.5950000286102295,1.5950000286102295,1.5950000286102295,1541.0
2026-08-05 14:10:00,NN,,14.399999618530273,14.399999618530273,14.399999618530273,14.399999618530273,666.0
2026-08-05 14:10:00,NNBR,,3.8399999141693115,3.8399999141693115,3.8350000381469727,3.8350000381469727,414.0
2026-08-05 14:10:00,NNDM,,1.5449999570846558,1.5449999570846558,1.5449999570846558,1.5449999570846558,3003.0
2026-08-05 14:10:00,NRXP,,3.0999999046325684,3.0999999046325684,3.0999999046325684,3.0999999046325684,3449.0
2026-08-05 14:10:00,NTAP,,189.86000061035156,189.8800048828125,189.75999450683594,189.86500549316406,1939.0
2026-08-05 14:10:00,NTCT,,41.845001220703125,41.849998474121094,41.845001220703125,41.849998474121094,1791.0
2026-08-05 14:10:00,NTES,,127.56999969482422,127.56999969482422,127.56999969482422,127.56999969482422,397.0
2026-08-05 14:10:00,NTGR,,24.30500030517578,24.30500030517578,24.30500030517578,24.30500030517578,589.0
2026-08-05 14:10:00,NTNX,,61.03499984741211,61.04999923706055,61.02000045776367,61.02000045776367,8621.0
2026-08-05 14:10:00,NTRA,,274.4425048828125,274.81988525390625,274.1000061035156,274.2200012207031,2453.0
2026-08-05 14:10:00,NTRS,,184.36500549316406,184.36500549316406,184.36500549316406,184.36500549316406,1521.0
2026-08-05 14:10:00,NUTX,,157.7624969482422,157.7624969482422,157.7624969482422,157.7624969482422,1278.0
2026-08-05 14:10:00,NUWE,,1.6920000314712524,1.6920000314712524,1.6920000314712524,1.6920000314712524,719.0
2026-08-05 14:10:00,NVAX,,7.605000019073486,7.605000019073486,7.605000019073486,7.605000019073486,377.0
2026-08-05 14:10:00,NVDA,,220.8699951171875,220.8800048828125,220.7100067138672,220.74000549316406,123706.0
2026-08-05 14:10:00,NVEC,,130.93499755859375,130.93499755859375,130.9199981689453,130.9199981689453,1173.0
2026-08-05 14:10:00,NVMI,,407.4100036621094,407.4100036621094,407.4100036621094,407.4100036621094,341.0
2026-08-05 14:10:00,NVTS,,12.46500015258789,12.475000381469727,12.460000038146973,12.470000267028809,4736.0
2026-08-05 14:10:00,NWBI,,15.954999923706055,15.954999923706055,15.954999923706055,15.954999923706055,943.0
2026-08-05 14:10:00,NWE,,68.83000183105469,68.83000183105469,68.83000183105469,68.83000183105469,723.0
2026-08-05 14:10:00,NWL,,6.261099815368652,6.264999866485596,6.260000228881836,6.261099815368652,7790.0
2026-08-05 14:10:00,NWPX,,127.30500030517578,127.30500030517578,127.30500030517578,127.30500030517578,332.0
2026-08-05 14:10:00,NWS,,32.31999969482422,32.33000183105469,32.31999969482422,32.33000183105469,665.0
2026-08-05 14:10:00,NWSA,,28.290000915527344,28.290000915527344,28.290000915527344,28.290000915527344,1669.0
2026-08-05 14:10:00,NXPI,,232.17999267578125,232.21499633789062,232.17999267578125,232.17999267578125,5662.0
2026-08-05 14:10:00,NXST,,191.64999389648438,191.64999389648438,191.64999389648438,191.64999389648438,815.0
2026-08-05 14:10:00,NXT,,98.3499984741211,98.41000366210938,98.33999633789062,98.37999725341797,3990.0
2026-08-05 14:10:00,OBIO,,4.215000152587891,4.215000152587891,4.215000152587891,4.215000152587891,916.0
2026-08-05 14:10:00,OCGN,,1.2999999523162842,1.2999999523162842,1.2949999570846558,1.2999999523162842,4525.0
2026-08-05 14:10:00,OCSL,,12.104999542236328,12.114999771118164,12.104999542236328,12.109999656677246,2673.0
2026-08-05 14:10:00,OCUL,,8.595000267028809,8.595000267028809,8.595000267028809,8.595000267028809,1489.0
2026-08-05 14:10:00,ODFL,,213.51499938964844,213.51499938964844,213.51499938964844,213.51499938964844,1427.0
2026-08-05 14:10:00,OFIX,,10.460000038146973,10.460000038146973,10.460000038146973,10.460000038146973,140.0
2026-08-05 14:10:00,OKTA,,148.02999877929688,148.02999877929688,148.00999450683594,148.00999450683594,778.0
2026-08-05 14:10:00,OLLI,,78.38939666748047,78.38939666748047,78.34500122070312,78.34500122070312,2643.0
2026-08-05 14:10:00,OM,,5.059999942779541,5.059999942779541,5.059999942779541,5.059999942779541,804.0
2026-08-05 14:10:00,OMCL,,37.36000061035156,37.36000061035156,37.36000061035156,37.36000061035156,1275.0
2026-08-05 14:10:00,OMH,,0.11509999632835388,0.11509999632835388,0.11509999632835388,0.11509999632835388,17525.0
2026-08-05 14:10:00,ON,,78.04000091552734,78.05999755859375,78.00499725341797,78.05999755859375,13490.0
2026-08-05 14:10:00,ONB,,27.024999618530273,27.03499984741211,27.024999618530273,27.030000686645508,4991.0
2026-08-05 14:10:00,ONCY,,0.7990000247955322,0.7990000247955322,0.7990000247955322,0.7990000247955322,2063.0
2026-08-05 14:10:00,ONDS,,8.954999923706055,8.957200050354004,8.944999694824219,8.944999694824219,173924.0
2026-08-05 14:10:00,ONFO,,0.0738999992609024,0.07400000095367432,0.0738999992609024,0.07400000095367432,8589.0
2026-08-05 14:10:00,OPAL,,2.365000009536743,2.365000009536743,2.365000009536743,2.365000009536743,574.0
2026-08-05 14:10:00,OPCH,,23.440000534057617,23.450000762939453,23.420000076293945,23.420000076293945,3627.0
2026-08-05 14:10:00,OPEN,,3.799999952316284,3.799999952316284,3.7899999618530273,3.795300006866455,55358.0
2026-08-05 14:10:00,OPHC,,8.65999984741211,8.65999984741211,8.65999984741211,8.65999984741211,105.0
2026-08-05 14:10:00,OPK,,1.315000057220459,1.315000057220459,1.309999942779541,1.309999942779541,2128.0
2026-08-05 14:10:00,OPRA,,19.8799991607666,19.8799991607666,19.8799991607666,19.8799991607666,1882.0
2026-08-05 14:10:00,OPRT,,6.119999885559082,6.119999885559082,6.119999885559082,6.119999885559082,413.0
2026-08-05 14:10:00,ORGO,,2.3450000286102295,2.3450000286102295,2.3399999141693115,2.3399999141693115,811.0
2026-08-05 14:10:00,ORIC,,12.949999809265137,12.999899864196777,12.9399995803833,12.999899864196777,3590.0
2026-08-05 14:10:00,ORLY,,92.7699966430664,92.77999877929688,92.7699966430664,92.7699966430664,3102.0
2026-08-05 14:10:00,OSPN,,16.6299991607666,16.6299991607666,16.610000610351562,16.610000610351562,6203.0
2026-08-05 14:10:00,OSS,,13.839900016784668,13.839900016784668,13.819999694824219,13.819999694824219,1159.0
2026-08-05 14:10:00,OSW,,26.440000534057617,26.440000534057617,26.440000534057617,26.440000534057617,509.0
2026-08-05 14:10:00,OTEX,,25.920000076293945,25.924999237060547,25.920000076293945,25.924999237060547,860.0
2026-08-05 14:10:00,OTLK,,1.0149999856948853,1.0149999856948853,1.0149999856948853,1.0149999856948853,1847.0
2026-08-05 14:10:00,OXLC,,9.170000076293945,9.170000076293945,9.170000076293945,9.170000076293945,942.0
2026-08-05 14:10:00,OXSQ,,1.5,1.5,1.5,1.5,13.0
2026-08-05 14:10:00,PAA,,23.139999389648438,23.145000457763672,23.139999389648438,23.139999389648438,2938.0
2026-08-05 14:10:00,PAAS,,48.0890007019043,48.130001068115234,48.0890007019043,48.12799835205078,4383.0
2026-08-05 14:10:00,PACB,,1.3250000476837158,1.3300000429153442,1.3200000524520874,1.3250000476837158,98785.0
2026-08-05 14:10:00,PALI,,2.130000114440918,2.130000114440918,2.130000114440918,2.130000114440918,577.0
2026-08-05 14:10:00,PANW,,366.25,366.45001220703125,366.2250061035156,366.2250061035156,1344.0
2026-08-05 14:10:00,PATK,,87.45500183105469,87.45500183105469,87.45500183105469,87.45500183105469,366.0
2026-08-05 14:10:00,PAVM,,5.070000171661377,5.070000171661377,5.070000171661377,5.070000171661377,200.0
2026-08-05 14:10:00,PAX,,11.425000190734863,11.425000190734863,11.425000190734863,11.425000190734863,224.0
2026-08-05 14:10:00,PAYO,,7.125,7.125,7.125,7.125,1393.0
2026-08-05 14:10:00,PAYX,,117.74500274658203,117.74500274658203,117.74500274658203,117.74500274658203,1285.0
2026-08-05 14:10:00,PCAR,,134.08999633789062,134.09500122070312,134.08999633789062,134.09500122070312,2080.0
2026-08-05 14:10:00,PCRX,,24.559999465942383,24.56999969482422,24.559999465942383,24.56999969482422,1224.0
2026-08-05 14:10:00,PCT,,6.929999828338623,6.929999828338623,6.909999847412109,6.909999847412109,18073.0
2026-08-05 14:10:00,PDD,,90.86000061035156,90.86499786376953,90.8499984741211,90.86000061035156,2999.0
2026-08-05 14:10:00,PDLB,,20.510000228881836,20.520000457763672,20.510000228881836,20.520000457763672,337.0
2026-08-05 14:10:00,PECO,,41.290000915527344,41.290000915527344,41.290000915527344,41.290000915527344,273.0
2026-08-05 14:10:00,PEGA,,31.809999465942383,31.809999465942383,31.78499984741211,31.78499984741211,2791.0
2026-08-05 14:10:00,PENN,,19.790000915527344,19.790000915527344,19.774999618530273,19.774999618530273,5337.0
2026-08-05 14:10:00,PEP,,138.66000366210938,138.66000366210938,138.63999938964844,138.65499877929688,4276.0
2026-08-05 14:10:00,PEPG,,1.965000033378601,1.965000033378601,1.965000033378601,1.965000033378601,256.0
2026-08-05 14:10:00,PFG,,114.21499633789062,114.2300033569336,114.20999908447266,114.2300033569336,2329.0
2026-08-05 14:10:00,PGEN,,6.815000057220459,6.829999923706055,6.804999828338623,6.820000171661377,11386.0
2026-08-05 14:10:00,PGNY,,31.75,31.75,31.739999771118164,31.749900817871094,2562.0
2026-08-05 14:10:00,PGY,,21.760000228881836,21.770000457763672,21.760000228881836,21.770000457763672,6700.0
2026-08-05 14:10:00,PHIO,,1.0499999523162842,1.0499999523162842,1.0499999523162842,1.0499999523162842,3252.0
2026-08-05 14:10:00,PHVS,,33.290000915527344,33.29499816894531,33.290000915527344,33.29499816894531,729.0
2026-08-05 14:10:00,PLSE,,37.58000183105469,37.58000183105469,37.505001068115234,37.52000045776367,1222.0
2026-08-05 14:10:00,PLTK,,3.884999990463257,3.884999990463257,3.884999990463257,3.884999990463257,457.0
2026-08-05 14:10:00,PLUG,,2.0850000381469727,2.089900016784668,2.0799999237060547,2.0850000381469727,24374.0
2026-08-05 14:10:00,PLXS,,277.0050048828125,277.0050048828125,276.6600036621094,276.6600036621094,5977.0
2026-08-05 14:10:00,PNBK,,1.1399999856948853,1.1399999856948853,1.1399999856948853,1.1399999856948853,816.0
2026-08-05 14:10:00,PNFP,,108.1449966430664,108.1500015258789,108.07499694824219,108.08000183105469,3079.0
2026-08-05 14:10:00,PNTG,,38.79499816894531,38.84000015258789,38.79499816894531,38.83000183105469,660.0
2026-08-05 14:10:00,POET,,8.335000038146973,8.339599609375,8.319999694824219,8.339599609375,19704.0
2026-08-05 14:10:00,POWL,,211.92999267578125,211.92999267578125,211.92999267578125,211.92999267578125,1111.0
2026-08-05 14:10:00,PPC,,26.43000030517578,26.43000030517578,26.43000030517578,26.43000030517578,1883.0
2026-08-05 14:10:00,PPTA,,22.40999984741211,22.459999084472656,22.40999984741211,22.459999084472656,2575.0
2026-08-05 14:10:00,PRAX,,317.4549865722656,317.4549865722656,317.4549865722656,317.4549865722656,639.0
2026-08-05 14:10:00,PRCT,,18.700000762939453,18.704999923706055,18.684999465942383,18.684999465942383,3497.0
2026-08-05 14:10:00,PRDO,,32.869998931884766,32.869998931884766,32.869998931884766,32.869998931884766,481.0
2026-08-05 14:10:00,PRGS,,42.31999969482422,42.31999969482422,42.31999969482422,42.31999969482422,234.0
2026-08-05 14:10:00,PRIM,,85.2699966430664,85.2699966430664,85.19000244140625,85.26000213623047,1375.0
2026-08-05 14:10:00,PRME,,3.0601000785827637,3.0601000785827637,3.0601000785827637,3.0601000785827637,749.0
2026-08-05 14:10:00,PROK,,1.6449999809265137,1.6449999809265137,1.6449999809265137,1.6449999809265137,105.0
2026-08-05 14:10:00,PRQR,,1.9550000429153442,1.958899974822998,1.9550000429153442,1.958899974822998,4157.0
2026-08-05 14:10:00,PRTA,,8.510000228881836,8.510000228881836,8.5,8.510000228881836,2289.0
2026-08-05 14:10:00,PRTH,,6.610000133514404,6.610000133514404,6.610000133514404,6.610000133514404,258.0
2026-08-05 14:10:00,PRVA,,24.260000228881836,24.270000457763672,24.260000228881836,24.260000228881836,2023.0
2026-08-05 14:10:00,PRZO,,0.5401999950408936,0.5401999950408936,0.5401999950408936,0.5401999950408936,230.0
2026-08-05 14:10:00,PSEC,,2.184999942779541,2.184999942779541,2.1844000816345215,2.184999942779541,1233.0
2026-08-05 14:10:00,PSMT,,189.94000244140625,189.94000244140625,189.94000244140625,189.94000244140625,1147.0
2026-08-05 14:10:00,PSNL,,13.524999618530273,13.524999618530273,13.524999618530273,13.524999618530273,359.0
2026-08-05 14:10:00,PTC,,140.1699981689453,140.1699981689453,140.1699981689453,140.1699981689453,1031.0
2026-08-05 14:10:00,PTCT,,69.05500030517578,69.05500030517578,69.05500030517578,69.05500030517578,486.0
2026-08-05 14:10:00,PTEN,,9.84000015258789,9.848999977111816,9.84000015258789,9.845000267028809,11559.0
2026-08-05 14:10:00,PTLO,,4.614999771118164,4.619999885559082,4.614999771118164,4.619999885559082,3898.0
2026-08-05 14:10:00,PTON,,6.494999885559082,6.5,6.494999885559082,6.5,8033.0
2026-08-05 14:10:00,PWP,,17.459999084472656,17.479999542236328,17.459999084472656,17.479999542236328,1590.0
2026-08-05 14:10:00,PYPD,,4.590000152587891,4.590000152587891,4.590000152587891,4.590000152587891,129.0
2026-08-05 14:10:00,PYPL,,58.165000915527344,58.18000030517578,58.154998779296875,58.154998779296875,6928.0
2026-08-05 14:10:00,PZZA,,30.049999237060547,30.049999237060547,30.03499984741211,30.040000915527344,3317.0
2026-08-05 14:10:00,QCOM,,158.3000030517578,158.42999267578125,158.3000030517578,158.39999389648438,7708.0
2026-08-05 14:10:00,QFIN,,13.15999984741211,13.15999984741211,13.15999984741211,13.15999984741211,971.0
2026-08-05 14:10:00,QQQX,,30.33009910583496,30.33009910583496,30.25,30.33009910583496,1539.0
2026-08-05 14:10:00,QRVO,,94.83000183105469,94.8499984741211,94.80000305175781,94.8499984741211,2406.0
2026-08-05 14:10:00,SEED,,1.0199999809265137,1.0199999809265137,1.0149999856948853,1.0149999856948853,400.0
2026-08-05 14:11:00,ACDC,,4.485000133514404,4.485000133514404,4.474999904632568,4.480000019073486,7981.0
2026-08-05 14:11:00,BPOP,,177.51499938964844,177.51499938964844,177.51499938964844,177.51499938964844,708.0
2026-08-05 14:11:00,BPRN,,41.970001220703125,41.970001220703125,41.970001220703125,41.970001220703125,301.0
2026-08-05 14:11:00,CPOP,,0.3564999997615814,0.3564999997615814,0.3564999997615814,0.3564999997615814,501.0
2026-08-05 14:11:00,DTIL,,7.480299949645996,7.480299949645996,7.480000019073486,7.480000019073486,498.0
2026-08-05 14:11:00,EYE,,23.125,23.135000228881836,23.110000610351562,23.1200008392334,8034.0
2026-08-05 14:11:00,GLUE,,15.550000190734863,15.550000190734863,15.545000076293945,15.545000076293945,740.0
2026-08-05 14:11:00,LUNG,,2.0,2.0,2.0,2.0,2410.0
2026-08-05 14:11:00,MDB,,377.3949890136719,377.4849853515625,376.2250061035156,376.55999755859375,5201.0
2026-08-05 14:11:00,MDLZ,,62.654998779296875,62.665000915527344,62.63999938964844,62.63999938964844,11995.0
2026-08-05 14:11:00,MLTX,,17.670000076293945,17.670000076293945,17.65999984741211,17.665000915527344,2292.0
2026-08-05 14:11:00,MNST,,94.75,94.75499725341797,94.7300033569336,94.73999786376953,3657.0
2026-08-05 14:11:00,MNTS,,4.269999980926514,4.279900074005127,4.269999980926514,4.269999980926514,6154.0
2026-08-05 14:11:00,MPWR,,1345.574951171875,1345.719970703125,1343.6800537109375,1344.5400390625,1178.0
2026-08-05 14:11:00,MRNA,,56.709999084472656,56.709999084472656,56.630001068115234,56.70000076293945,9384.0
2026-08-05 14:11:00,MVBF,,30.68000030517578,30.68000030517578,30.68000030517578,30.68000030517578,689.0
2026-08-05 14:11:00,MYGN,,3.1449999809265137,3.1449999809265137,3.140000104904175,3.1449999809265137,856.0
2026-08-05 14:11:00,MYRG,,341.19000244140625,341.19000244140625,341.1400146484375,341.1400146484375,473.0
2026-08-05 14:11:00,NAMS,,27.579999923706055,27.579999923706055,27.579999923706055,27.579999923706055,634.0
2026-08-05 14:11:00,NB,,5.085000038146973,5.085000038146973,5.079999923706055,5.079999923706055,1382.0
2026-08-05 14:11:00,NBIX,,162.81500244140625,162.91000366210938,162.78500366210938,162.78500366210938,1335.0
2026-08-05 14:11:00,NBTB,,53.369998931884766,53.369998931884766,53.369998931884766,53.369998931884766,1653.0
2026-08-05 14:11:00,NCMI,,4.114999771118164,4.114999771118164,4.110000133514404,4.114999771118164,1004.0
2026-08-05 14:11:00,NDAQ,,94.9551010131836,94.9551010131836,94.95500183105469,94.95500183105469,832.0
2026-08-05 14:11:00,NDSN,,310.0,310.0,310.0,310.0,243.0
2026-08-05 14:11:00,NECB,,27.149999618530273,27.149999618530273,27.149999618530273,27.149999618530273,594.0
2026-08-05 14:11:00,NEO,,15.989999771118164,16.010000228881836,15.989999771118164,16.0049991607666,13271.0
2026-08-05 14:11:00,NEOG,,11.595000267028809,11.604999542236328,11.585000038146973,11.585000038146973,9801.0
2026-08-05 14:11:00,NEOV,,2.825000047683716,2.8299999237060547,2.825000047683716,2.8299999237060547,572.0
2026-08-05 14:11:00,NESR,,28.65999984741211,28.670000076293945,28.65999984741211,28.670000076293945,3442.0
2026-08-05 14:11:00,NEWT,,15.109999656677246,15.109999656677246,15.109999656677246,15.109999656677246,716.0
2026-08-05 14:11:00,NEXT,,6.454999923706055,6.454999923706055,6.454999923706055,6.454999923706055,1249.0
2026-08-05 14:11:00,NFLX,,73.49629974365234,73.5,73.47000122070312,73.47000122070312,26997.0
2026-08-05 14:11:00,NICE,,99.3499984741211,99.3499984741211,99.13999938964844,99.13999938964844,1255.0
2026-08-05 14:11:00,NKSH,,41.599998474121094,41.599998474121094,41.599998474121094,41.599998474121094,913.0
2026-08-05 14:11:00,NKTR,,72.93499755859375,72.93499755859375,72.93499755859375,72.93499755859375,301.0
2026-08-05 14:11:00,NMFCZ,,25.11989974975586,25.11989974975586,25.11989974975586,25.11989974975586,0.0
2026-08-05 14:11:00,NMRA,,1.5950000286102295,1.5950000286102295,1.5950000286102295,1.5950000286102295,2919.0
2026-08-05 14:11:00,NMRK,,15.739999771118164,15.739999771118164,15.739999771118164,15.739999771118164,2915.0
2026-08-05 14:11:00,NN,,14.420000076293945,14.430000305175781,14.404999732971191,14.40999984741211,8392.0
2026-08-05 14:11:00,NNBR,,3.8350000381469727,3.839900016784668,3.8350000381469727,3.8350000381469727,1498.0
2026-08-05 14:11:00,NNDM,,1.5449999570846558,1.5449999570846558,1.5449999570846558,1.5449999570846558,503.0
2026-08-05 14:11:00,NOVT,,155.5800018310547,155.74000549316406,155.5800018310547,155.74000549316406,1353.0
2026-08-05 14:11:00,NRDS,,9.09000015258789,9.09000015258789,9.09000015258789,9.09000015258789,599.0
2026-08-05 14:11:00,NRIX,,25.030000686645508,25.030000686645508,24.924999237060547,24.924999237060547,3125.0
2026-08-05 14:11:00,NRXP,,3.0950000286102295,3.0999999046325684,3.0950000286102295,3.0999999046325684,10269.0
2026-08-05 14:11:00,NSSC,,40.369998931884766,40.369998931884766,40.369998931884766,40.369998931884766,628.0
2026-08-05 14:11:00,NTAP,,190.17999267578125,190.1999969482422,189.9600067138672,189.9600067138672,8279.0
2026-08-05 14:11:00,NTGR,,24.329999923706055,24.329999923706055,24.329999923706055,24.329999923706055,322.0
2026-08-05 14:11:00,NTNX,,61.10499954223633,61.10499954223633,61.040000915527344,61.040000915527344,8764.0
2026-08-05 14:11:00,NTRA,,274.80999755859375,274.80999755859375,274.80999755859375,274.80999755859375,977.0
2026-08-05 14:11:00,NUWE,,1.7000000476837158,1.7000000476837158,1.7000000476837158,1.7000000476837158,145.0
2026-08-05 14:11:00,NVCR,,16.1200008392334,16.1200008392334,16.1200008392334,16.1200008392334,1272.0
2026-08-05 14:11:00,NVCT,,19.649999618530273,19.649999618530273,19.649999618530273,19.649999618530273,489.0
2026-08-05 14:11:00,NVDA,,220.91000366210938,220.92999267578125,220.80999755859375,220.86000061035156,114365.0
2026-08-05 14:11:00,NVMI,,407.57000732421875,407.57000732421875,407.57000732421875,407.57000732421875,577.0
2026-08-05 14:11:00,NVTS,,12.484999656677246,12.484999656677246,12.46500015258789,12.470000267028809,10385.0
2026-08-05 14:11:00,NWE,,68.87999725341797,68.87999725341797,68.87999725341797,68.87999725341797,2011.0
2026-08-05 14:11:00,NWFL,,33.95000076293945,33.95000076293945,33.95000076293945,33.95000076293945,1301.0
2026-08-05 14:11:00,NWL,,6.261099815368652,6.264999866485596,6.260000228881836,6.264999866485596,7775.0
2026-08-05 14:11:00,NWPX,,127.66999816894531,127.66999816894531,127.56999969482422,127.56999969482422,1361.0
2026-08-05 14:11:00,NWS,,32.33000183105469,32.34000015258789,32.31999969482422,32.31999969482422,10983.0
2026-08-05 14:11:00,NWSA,,28.28499984741211,28.295000076293945,28.28499984741211,28.290000915527344,5543.0
2026-08-05 14:11:00,NXGL,,0.4000000059604645,0.4000000059604645,0.4000000059604645,0.4000000059604645,100.0
2026-08-05 14:11:00,NXPI,,232.27000427246094,232.36000061035156,232.1300048828125,232.1300048828125,7774.0
2026-08-05 14:11:00,NXT,,98.69000244140625,98.69000244140625,98.37999725341797,98.38999938964844,15224.0
2026-08-05 14:11:00,OBT,,39.0099983215332,39.0099983215332,39.0099983215332,39.0099983215332,339.0
2026-08-05 14:11:00,OCFC,,19.93000030517578,19.93000030517578,19.93000030517578,19.93000030517578,415.0
2026-08-05 14:11:00,OCGN,,1.2899999618530273,1.2999999523162842,1.281999945640564,1.2999999523162842,112425.0
2026-08-05 14:11:00,OCS,,12.0600004196167,12.0600004196167,12.0600004196167,12.0600004196167,771.0
2026-08-05 14:11:00,OCUL,,8.614999771118164,8.614999771118164,8.609999656677246,8.609999656677246,1535.0
2026-08-05 14:11:00,ODD,,15.380000114440918,15.390000343322754,15.354999542236328,15.354999542236328,2791.0
2026-08-05 14:11:00,OESX,,14.90999984741211,14.90999984741211,14.90999984741211,14.90999984741211,144.0
2026-08-05 14:11:00,OGI,,0.9527000188827515,0.9527000188827515,0.9527000188827515,0.9527000188827515,550.0
2026-08-05 14:11:00,OKTA,,148.2100067138672,148.2100067138672,148.10000610351562,148.10000610351562,3044.0
2026-08-05 14:11:00,OLLI,,78.37000274658203,78.37000274658203,78.37000274658203,78.37000274658203,399.0
2026-08-05 14:11:00,OMCL,,37.380001068115234,37.400001525878906,37.380001068115234,37.400001525878906,1004.0
2026-08-05 14:11:00,OMER,,12.779999732971191,12.779999732971191,12.75,12.765000343322754,17172.0
2026-08-05 14:11:00,ON,,78.08499908447266,78.0999984741211,78.05000305175781,78.05999755859375,12762.0
2026-08-05 14:11:00,ONB,,27.040000915527344,27.040000915527344,27.024999618530273,27.024999618530273,3689.0
2026-08-05 14:11:00,ONDS,,8.970000267028809,8.970000267028809,8.949999809265137,8.954999923706055,304957.0
2026-08-05 14:11:00,ONFO,,0.07370000332593918,0.07400000095367432,0.07339999824762344,0.07400000095367432,26742.0
2026-08-05 14:11:00,OPCH,,23.434999465942383,23.440000534057617,23.43000030517578,23.43000030517578,2771.0
2026-08-05 14:11:00,OPEN,,3.805000066757202,3.809999942779541,3.7899999618530273,3.7950000762939453,82337.0
2026-08-05 14:11:00,OPK,,1.309999942779541,1.309999942779541,1.309999942779541,1.309999942779541,412.0
2026-08-05 14:11:00,OPRT,,6.125,6.125,6.125,6.125,268.0
2026-08-05 14:11:00,ORGO,,2.3450000286102295,2.3450000286102295,2.3450000286102295,2.3450000286102295,508.0
2026-08-05 14:11:00,ORIC,,12.970000267028809,12.970000267028809,12.970000267028809,12.970000267028809,916.0
2026-08-05 14:11:00,ORLY,,92.80999755859375,92.80999755859375,92.77999877929688,92.77999877929688,4439.0
2026-08-05 14:11:00,OSBC,,25.809999465942383,25.809999465942383,25.799999237060547,25.809999465942383,2762.0
2026-08-05 14:11:00,OSPN,,16.65999984741211,16.68000030517578,16.6299991607666,16.68000030517578,5520.0
2026-08-05 14:11:00,OSS,,13.859999656677246,13.859999656677246,13.84000015258789,13.84000015258789,1773.0
2026-08-05 14:11:00,OSW,,26.459999084472656,26.459999084472656,26.450000762939453,26.450000762939453,789.0
2026-08-05 14:11:00,OTEX,,25.924999237060547,25.924999237060547,25.915000915527344,25.915000915527344,1845.0
2026-08-05 14:11:00,OVBC,,42.619998931884766,42.619998931884766,42.619998931884766,42.619998931884766,727.0
2026-08-05 14:11:00,OVID,,2.5999999046325684,2.5999999046325684,2.5999999046325684,2.5999999046325684,1370.0
2026-08-05 14:11:00,OXLCN,,24.810400009155273,24.810400009155273,24.810400009155273,24.810400009155273,285.0
2026-08-05 14:11:00,OXSQ,,1.5,1.5,1.5,1.5,200.0
2026-08-05 14:11:00,PAA,,23.135000228881836,23.135099411010742,23.1299991607666,23.135099411010742,6821.0
2026-08-05 14:11:00,PAAS,,48.130001068115234,48.13999938964844,48.08000183105469,48.08000183105469,6174.0
2026-08-05 14:11:00,PACB,,1.3350000381469727,1.3350000381469727,1.3250000476837158,1.3250000476837158,113810.0
2026-08-05 14:11:00,PAGP,,25.1200008392334,25.1200008392334,25.1200008392334,25.1200008392334,675.0
2026-08-05 14:11:00,PALI,,2.130000114440918,2.130000114440918,2.125,2.125,2809.0
2026-08-05 14:11:00,PANW,,366.7099914550781,366.7998962402344,366.25,366.25,11560.0
2026-08-05 14:11:00,PAVM,,5.0802998542785645,5.0802998542785645,5.0802998542785645,5.0802998542785645,84.0
2026-08-05 14:11:00,PAX,,11.4350004196167,11.4350004196167,11.425000190734863,11.425000190734863,3107.0
2026-08-05 14:11:00,PAYO,,7.119999885559082,7.125,7.119999885559082,7.125,546.0
2026-08-05 14:11:00,PAYX,,117.7699966430664,117.7699966430664,117.7699966430664,117.7699966430664,2891.0
2026-08-05 14:11:00,PCAR,,134.10000610351562,134.10000610351562,134.0850067138672,134.0850067138672,1617.0
2026-08-05 14:11:00,PCRX,,24.540000915527344,24.579999923706055,24.540000915527344,24.579999923706055,1479.0
2026-08-05 14:11:00,PCT,,6.949999809265137,6.949999809265137,6.940000057220459,6.940000057220459,3532.0
2026-08-05 14:11:00,PCTY,,145.55999755859375,145.55999755859375,145.47000122070312,145.47000122070312,1569.0
2026-08-05 14:11:00,PDD,,90.87999725341797,90.87999725341797,90.875,90.87999725341797,2080.0
2026-08-05 14:11:00,PDFS,,50.1150016784668,50.1150016784668,50.1150016784668,50.1150016784668,446.0
2026-08-05 14:11:00,PECO,,41.27000045776367,41.29499816894531,41.27000045776367,41.29499816894531,2485.0
2026-08-05 14:11:00,PENN,,19.78499984741211,19.790000915527344,19.78499984741211,19.790000915527344,2913.0
2026-08-05 14:11:00,PEP,,138.7050018310547,138.7050018310547,138.66470336914062,138.6699981689453,10774.0
2026-08-05 14:11:00,PEPG,,1.965000033378601,1.965000033378601,1.9600000381469727,1.9600000381469727,242.0
2026-08-05 14:11:00,PFG,,114.2300033569336,114.23500061035156,114.2300033569336,114.23500061035156,650.0
2026-08-05 14:11:00,PGEN,,6.824999809265137,6.824999809265137,6.804999828338623,6.815000057220459,17699.0
2026-08-05 14:11:00,PGY,,21.774999618530273,21.780000686645508,21.774999618530273,21.780000686645508,1145.0
2026-08-05 14:11:00,PHAT,,8.425000190734863,8.430000305175781,8.425000190734863,8.425000190734863,3691.0
2026-08-05 14:11:00,PHIO,,1.059999942779541,1.059999942779541,1.059999942779541,1.059999942779541,1000.0
2026-08-05 14:11:00,PHVS,,33.38999938964844,33.38999938964844,33.38999938964844,33.38999938964844,697.0
2026-08-05 14:11:00,PLAB,,32.220001220703125,32.220001220703125,32.220001220703125,32.220001220703125,224.0
2026-08-05 14:11:00,PLMR,,134.27999877929688,134.27999877929688,134.27000427246094,134.27000427246094,1431.0
2026-08-05 14:11:00,PLSE,,37.5099983215332,37.5099983215332,37.5099983215332,37.5099983215332,1145.0
2026-08-05 14:11:00,PLTK,,3.8949999809265137,3.8949999809265137,3.890000104904175,3.890000104904175,1923.0
2026-08-05 14:11:00,PLUG,,2.0799999237060547,2.0899999141693115,2.0799999237060547,2.0850000381469727,8755.0
2026-08-05 14:11:00,PLXS,,277.0899963378906,277.0899963378906,276.5849914550781,276.7200012207031,2404.0
2026-08-05 14:11:00,PNBK,,1.1399999856948853,1.1399999856948853,1.1399999856948853,1.1399999856948853,100.0
2026-08-05 14:11:00,PNTG,,38.79999923706055,38.849998474121094,38.79999923706055,38.84000015258789,3149.0
2026-08-05 14:11:00,POET,,8.34000015258789,8.345000267028809,8.329999923706055,8.335000038146973,2618.0
2026-08-05 14:11:00,POWI,,61.970001220703125,62.0099983215332,61.959999084472656,61.959999084472656,6550.0
2026-08-05 14:11:00,POWL,,212.02999877929688,212.02999877929688,211.5478057861328,211.7050018310547,1405.0
2026-08-05 14:11:00,PPC,,26.450000762939453,26.46500015258789,26.424999237060547,26.424999237060547,3480.0
2026-08-05 14:11:00,PRAA,,17.3799991607666,17.3799991607666,17.3799991607666,17.3799991607666,759.0
2026-08-05 14:11:00,PRCH,,15.779999732971191,15.779999732971191,15.779999732971191,15.779999732971191,1333.0
2026-08-05 14:11:00,PRCT,,18.6299991607666,18.7549991607666,18.6299991607666,18.719999313354492,7377.0
2026-08-05 14:11:00,PRGS,,42.41630172729492,42.41630172729492,42.34000015258789,42.34000015258789,1822.0
2026-08-05 14:11:00,PRIM,,85.62000274658203,85.62999725341797,85.1500015258789,85.18000030517578,9069.0
2026-08-05 14:11:00,PRLD,,4.590000152587891,4.590000152587891,4.590000152587891,4.590000152587891,407.0
2026-08-05 14:11:00,PRME,,3.075000047683716,3.075000047683716,3.065000057220459,3.065000057220459,5393.0
2026-08-05 14:11:00,PROK,,1.6449999809265137,1.6449999809265137,1.6449999809265137,1.6449999809265137,2646.0
2026-08-05 14:11:00,PRQR,,1.9600000381469727,1.9600000381469727,1.9600000381469727,1.9600000381469727,6038.0
2026-08-05 14:11:00,PRTH,,6.619999885559082,6.619999885559082,6.619999885559082,6.619999885559082,940.0
2026-08-05 14:11:00,PRVA,,24.239999771118164,24.290000915527344,24.239999771118164,24.280000686645508,9233.0
2026-08-05 14:11:00,PSEC,,2.184999942779541,2.184999942779541,2.1810998916625977,2.184999942779541,4024.0
2026-08-05 14:11:00,PSMT,,188.97000122070312,189.0500030517578,188.97000122070312,189.0500030517578,378.0
2026-08-05 14:11:00,PSNL,,13.529999732971191,13.539999961853027,13.529999732971191,13.539999961853027,1366.0
2026-08-05 14:11:00,PTC,,140.2100067138672,140.27999877929688,140.1999969482422,140.1999969482422,1782.0
2026-08-05 14:11:00,PTCT,,69.05500030517578,69.08999633789062,69.05500030517578,69.08999633789062,1938.0
2026-08-05 14:11:00,PTEN,,9.835000038146973,9.835000038146973,9.835000038146973,9.835000038146973,1896.0
2026-08-05 14:11:00,PTLO,,4.625,4.625,4.614999771118164,4.614999771118164,4301.0
2026-08-05 14:11:00,PTON,,6.494999885559082,6.494999885559082,6.494999885559082,6.494999885559082,4757.0
2026-08-05 14:11:00,PWP,,17.469999313354492,17.479999542236328,17.469999313354492,17.479999542236328,1074.0
2026-08-05 14:11:00,PYPL,,58.18000030517578,58.18000030517578,58.15999984741211,58.16999816894531,8124.0
2026-08-05 14:11:00,PYXS,,3.1449999809265137,3.1449999809265137,3.1449999809265137,3.1449999809265137,179.0
2026-08-05 14:11:00,PZZA,,30.049999237060547,30.049999237060547,30.049999237060547,30.049999237060547,1156.0
2026-08-05 14:11:00,QCOM,,158.44500732421875,158.44500732421875,158.3350067138672,158.3350067138672,6461.0
2026-08-05 14:11:00,QQQX,,30.409700393676758,30.409700393676758,30.38990020751953,30.389999389648438,1108.0
2026-08-05 14:11:00,QRVO,,94.90499877929688,94.90499877929688,94.80000305175781,94.80000305175781,2052.0
2026-08-05 14:11:00,SEED,,1.0199999809265137,1.0199999809265137,1.0149999856948853,1.0149999856948853,700.0
2026-08-05 14:11:00,TARA,,4.014999866485596,4.014999866485596,4.014999866485596,4.014999866485596,561.0
2026-08-05 14:11:00,WOOF,,2.944999933242798,2.944999933242798,2.944999933242798,2.944999933242798,4567.0
2026-08-05 14:12:00,ACDC,,4.480000019073486,4.480000019073486,4.480000019073486,4.480000019073486,4193.0
2026-08-05 14:12:00,EYE,,23.114999771118164,23.1200008392334,23.114999771118164,23.1200008392334,2005.0
2026-08-05 14:12:00,GLUE,,15.5600004196167,15.5600004196167,15.539999961853027,15.539999961853027,2389.0
2026-08-05 14:12:00,KIDS,,21.6200008392334,21.690000534057617,21.6200008392334,21.690000534057617,1061.0
2026-08-05 14:12:00,LUNG,,1.9950000047683716,2.0,1.9950000047683716,2.0,2860.0
2026-08-05 14:12:00,MDB,,377.29998779296875,377.5050048828125,376.74359130859375,377.3800048828125,1498.0
2026-08-05 14:12:00,MDLZ,,62.665000915527344,62.665000915527344,62.654998779296875,62.654998779296875,3994.0
2026-08-05 14:12:00,MLTX,,17.665000915527344,17.674299240112305,17.665000915527344,17.674299240112305,3093.0
2026-08-05 14:12:00,MNRO,,13.1850004196167,13.1850004196167,13.1850004196167,13.1850004196167,292.0
2026-08-05 14:12:00,MNST,,94.77999877929688,94.78500366210938,94.76000213623047,94.76000213623047,17640.0
2026-08-05 14:12:00,MNTS,,4.300000190734863,4.300000190734863,4.300000190734863,4.300000190734863,410.0
2026-08-05 14:12:00,MPWR,,1345.719970703125,1347.0699462890625,1345.4599609375,1345.574951171875,696.0
2026-08-05 14:12:00,MRNA,,56.7400016784668,56.7599983215332,56.720001220703125,56.720001220703125,3953.0
2026-08-05 14:12:00,MYGN,,3.1549999713897705,3.1549999713897705,3.1449999809265137,3.1449999809265137,8500.0
2026-08-05 14:12:00,MYRG,,341.4150085449219,341.4150085449219,341.4150085449219,341.4150085449219,579.0
2026-08-05 14:12:00,NAMS,,27.584999084472656,27.614999771118164,27.559999465942383,27.559999465942383,961.0
2026-08-05 14:12:00,NAVI,,9.145000457763672,9.149999618530273,9.145000457763672,9.145000457763672,9962.0
2026-08-05 14:12:00,NB,,5.090000152587891,5.090000152587891,5.085000038146973,5.085000038146973,1074.0
2026-08-05 14:12:00,NBIX,,162.8000030517578,162.8000030517578,162.8000030517578,162.8000030517578,1325.0
2026-08-05 14:12:00,NBTX,,39.720001220703125,39.720001220703125,39.720001220703125,39.720001220703125,2080.0
2026-08-05 14:12:00,NDAQ,,94.95999908447266,94.95999908447266,94.93000030517578,94.93000030517578,1491.0
2026-08-05 14:12:00,NECB,,27.100000381469727,27.149999618530273,27.100000381469727,27.149999618530273,759.0
2026-08-05 14:12:00,NEO,,16.0049991607666,16.0049991607666,15.994999885559082,15.994999885559082,10488.0
2026-08-05 14:12:00,NEOG,,11.604999542236328,11.604999542236328,11.595000267028809,11.600000381469727,10178.0
2026-08-05 14:12:00,NESR,,28.670000076293945,28.68000030517578,28.65999984741211,28.68000030517578,20881.0
2026-08-05 14:12:00,NEWT,,15.109999656677246,15.109999656677246,15.109999656677246,15.109999656677246,237.0
2026-08-05 14:12:00,NEXT,,6.460000038146973,6.460000038146973,6.450300216674805,6.450300216674805,8052.0
2026-08-05 14:12:00,NFE,,0.33980000019073486,0.33980000019073486,0.33980000019073486,0.33980000019073486,200.0
2026-08-05 14:12:00,NFLX,,73.48989868164062,73.48999786376953,73.46499633789062,73.4800033569336,22328.0
2026-08-05 14:12:00,NICE,,99.26000213623047,99.26000213623047,99.08000183105469,99.11000061035156,4159.0
2026-08-05 14:12:00,NKTR,,72.93499755859375,72.93499755859375,72.93499755859375,72.93499755859375,1192.0
2026-08-05 14:12:00,NMIH,,44.560001373291016,44.560001373291016,44.560001373291016,44.560001373291016,909.0
2026-08-05 14:12:00,NMRA,,1.6050000190734863,1.6050000190734863,1.600000023841858,1.600000023841858,15183.0
2026-08-05 14:12:00,NMRK,,15.739999771118164,15.739999771118164,15.739999771118164,15.739999771118164,2009.0
2026-08-05 14:12:00,NN,,14.430000305175781,14.430000305175781,14.420000076293945,14.430000305175781,2715.0
2026-08-05 14:12:00,NNBR,,3.8550000190734863,3.8550000190734863,3.8299999237060547,3.8350000381469727,9021.0
2026-08-05 14:12:00,NNDM,,1.5449999570846558,1.5449999570846558,1.5449999570846558,1.5449999570846558,805.0
2026-08-05 14:12:00,NOVT,,155.7449951171875,155.7449951171875,155.7449951171875,155.7449951171875,339.0
2026-08-05 14:12:00,NRDS,,9.089900016784668,9.09000015258789,9.089900016784668,9.09000015258789,640.0
2026-08-05 14:12:00,NRIX,,24.969999313354492,24.979999542236328,24.969999313354492,24.979999542236328,2152.0
2026-08-05 14:12:00,NRXP,,3.0950000286102295,3.109999895095825,3.0950000286102295,3.0999999046325684,36338.0
2026-08-05 14:12:00,NTAP,,190.27000427246094,190.27000427246094,190.1999969482422,190.1999969482422,2326.0
2026-08-05 14:12:00,NTCT,,41.86000061035156,41.86000061035156,41.86000061035156,41.86000061035156,414.0
2026-08-05 14:12:00,NTES,,127.5999984741211,127.5999984741211,127.5999984741211,127.5999984741211,292.0
2026-08-05 14:12:00,NTGR,,24.30500030517578,24.30500030517578,24.30500030517578,24.30500030517578,1478.0
2026-08-05 14:12:00,NTNX,,61.095001220703125,61.10499954223633,61.095001220703125,61.10499954223633,4073.0
2026-08-05 14:12:00,NTRA,,274.7900085449219,274.7900085449219,274.7900085449219,274.7900085449219,228.0
2026-08-05 14:12:00,NTRS,,184.3800048828125,184.4600067138672,184.375,184.375,2636.0
2026-08-05 14:12:00,NUWE,,1.6990000009536743,1.6990000009536743,1.6950000524520874,1.6950000524520874,1270.0
2026-08-05 14:12:00,NVAX,,7.614999771118164,7.614999771118164,7.605000019073486,7.605000019073486,5396.0
2026-08-05 14:12:00,NVCR,,16.1200008392334,16.1200008392334,16.1200008392334,16.1200008392334,215.0
2026-08-05 14:12:00,NVCT,,19.5674991607666,19.639999389648438,19.559999465942383,19.639999389648438,2021.0
2026-08-05 14:12:00,NVDA,,221.05780029296875,221.07000732421875,220.91009521484375,220.91319274902344,211839.0
2026-08-05 14:12:00,NVTS,,12.465399742126465,12.520000457763672,12.46500015258789,12.485300064086914,85319.0
2026-08-05 14:12:00,NWL,,6.260000228881836,6.2677001953125,6.260000228881836,6.260000228881836,8262.0
2026-08-05 14:12:00,NWSA,,28.28499984741211,28.28499984741211,28.28499984741211,28.28499984741211,445.0
2026-08-05 14:12:00,NXGL,,0.4000000059604645,0.4000000059604645,0.4000000059604645,0.4000000059604645,100.0
2026-08-05 14:12:00,NXPI,,232.25999450683594,232.3800048828125,232.25999450683594,232.3800048828125,6763.0
2026-08-05 14:12:00,NXT,,98.88500213623047,98.9000015258789,98.69999694824219,98.73999786376953,10432.0
2026-08-05 14:12:00,OABI,,2.069000005722046,2.069000005722046,2.069000005722046,2.069000005722046,715.0
2026-08-05 14:12:00,OCFC,,19.924999237060547,19.934999465942383,19.924999237060547,19.93000030517578,5741.0
2026-08-05 14:12:00,OCGN,,1.2799999713897705,1.2799999713897705,1.2799999713897705,1.2799999713897705,1296.0
2026-08-05 14:12:00,OCSL,,12.100000381469727,12.104999542236328,12.100000381469727,12.104999542236328,395.0
2026-08-05 14:12:00,OCUL,,8.612500190734863,8.614999771118164,8.612500190734863,8.614999771118164,2484.0
2026-08-05 14:12:00,ODD,,15.369999885559082,15.390000343322754,15.369999885559082,15.390000343322754,3569.0
2026-08-05 14:12:00,ODFL,,213.6300048828125,213.6300048828125,213.55999755859375,213.6199951171875,2389.0
2026-08-05 14:12:00,OFIX,,10.475000381469727,10.475000381469727,10.449999809265137,10.460000038146973,4413.0
2026-08-05 14:12:00,OGI,,0.9562000036239624,0.9562000036239624,0.9562000036239624,0.9562000036239624,0.0
2026-08-05 14:12:00,OKTA,,148.16000366210938,148.21499633789062,148.08999633789062,148.21499633789062,2442.0
2026-08-05 14:12:00,OLLI,,78.3550033569336,78.4000015258789,78.3550033569336,78.4000015258789,584.0
2026-08-05 14:12:00,OMCL,,37.33000183105469,37.380001068115234,37.33000183105469,37.380001068115234,3051.0
2026-08-05 14:12:00,OMER,,12.789999961853027,12.789999961853027,12.789999961853027,12.789999961853027,604.0
2026-08-05 14:12:00,OMH,,0.11580000072717667,0.11580000072717667,0.11490000039339066,0.11490000039339066,3684.0
2026-08-05 14:12:00,ON,,78.05999755859375,78.11499786376953,78.05999755859375,78.08999633789062,15928.0
2026-08-05 14:12:00,ONB,,27.03499984741211,27.03499984741211,27.03499984741211,27.03499984741211,4768.0
2026-08-05 14:12:00,ONCY,,0.7954000234603882,0.7954000234603882,0.7954000234603882,0.7954000234603882,419.0
2026-08-05 14:12:00,ONDS,,8.949999809265137,8.970000267028809,8.949999809265137,8.96500015258789,151868.0
2026-08-05 14:12:00,ONFO,,0.07320000231266022,0.07370000332593918,0.0731000006198883,0.07360000163316727,34363.0
2026-08-05 14:12:00,OPCH,,23.420000076293945,23.440000534057617,23.420000076293945,23.440000534057617,4075.0
2026-08-05 14:12:00,OPEN,,3.799999952316284,3.809999942779541,3.799999952316284,3.805000066757202,9850.0
2026-08-05 14:12:00,OPHC,,8.65999984741211,8.65999984741211,8.65999984741211,8.65999984741211,758.0
2026-08-05 14:12:00,OPK,,1.3200000524520874,1.3200000524520874,1.3200000524520874,1.3200000524520874,990.0
2026-08-05 14:12:00,ORGO,,2.3450000286102295,2.3450000286102295,2.3399999141693115,2.3399999141693115,2060.0
2026-08-05 14:12:00,ORIC,,12.960000038146973,12.960000038146973,12.960000038146973,12.960000038146973,912.0
2026-08-05 14:12:00,ORLY,,92.83000183105469,92.83000183105469,92.80999755859375,92.80999755859375,1543.0
2026-08-05 14:12:00,ORRF,,43.334999084472656,43.334999084472656,43.334999084472656,43.334999084472656,683.0
2026-08-05 14:12:00,OSIS,,237.0749969482422,237.0749969482422,237.0749969482422,237.0749969482422,208.0
2026-08-05 14:12:00,OSPN,,16.68000030517578,16.68000030517578,16.68000030517578,16.68000030517578,387.0
2026-08-05 14:12:00,OSS,,13.84000015258789,13.869999885559082,13.84000015258789,13.869999885559082,1135.0
2026-08-05 14:12:00,OSW,,26.459999084472656,26.459999084472656,26.459999084472656,26.459999084472656,288.0
2026-08-05 14:12:00,OTEX,,25.934999465942383,25.940000534057617,25.93000030517578,25.93000030517578,1386.0
2026-08-05 14:12:00,OTTR,,92.30999755859375,92.30999755859375,92.30999755859375,92.30999755859375,1899.0
2026-08-05 14:12:00,OVID,,2.5999999046325684,2.5999999046325684,2.5999999046325684,2.5999999046325684,243.0
2026-08-05 14:12:00,OVLY,,33.54499816894531,33.54499816894531,33.54499816894531,33.54499816894531,950.0
2026-08-05 14:12:00,OXLC,,9.15999984741211,9.164999961853027,9.15999984741211,9.164999961853027,1204.0
2026-08-05 14:12:00,OXSQ,,1.5049999952316284,1.5049999952316284,1.5,1.5,965.0
2026-08-05 14:12:00,PAA,,23.135000228881836,23.139999389648438,23.135000228881836,23.139999389648438,2410.0
2026-08-05 14:12:00,PAAS,,48.11000061035156,48.130001068115234,48.099998474121094,48.130001068115234,6513.0
2026-08-05 14:12:00,PACB,,1.3350000381469727,1.340000033378601,1.3300000429153442,1.340000033378601,13907.0
2026-08-05 14:12:00,PAGP,,25.1200008392334,25.1200008392334,25.1200008392334,25.1200008392334,799.0
2026-08-05 14:12:00,PALI,,2.130000114440918,2.130000114440918,2.125,2.130000114440918,1827.0
2026-08-05 14:12:00,PANL,,7.260000228881836,7.260000228881836,7.260000228881836,7.260000228881836,1267.0
2026-08-05 14:12:00,PANW,,366.5899963378906,366.79998779296875,366.3399963378906,366.6199951171875,15257.0
2026-08-05 14:12:00,PATK,,87.58000183105469,87.62000274658203,87.58000183105469,87.62000274658203,2252.0
2026-08-05 14:12:00,PAVS,,5.0,5.0,5.0,5.0,3901.0
2026-08-05 14:12:00,PAX,,11.420000076293945,11.4350004196167,11.420000076293945,11.4350004196167,5207.0
2026-08-05 14:12:00,PAYO,,7.125,7.125,7.119999885559082,7.119999885559082,8945.0
2026-08-05 14:12:00,PAYX,,117.83000183105469,117.83000183105469,117.76499938964844,117.76499938964844,1232.0
2026-08-05 14:12:00,PBYI,,8.029999732971191,8.029999732971191,8.029999732971191,8.029999732971191,2584.0
2026-08-05 14:12:00,PCAR,,134.09500122070312,134.09500122070312,134.08999633789062,134.08999633789062,1289.0
2026-08-05 14:12:00,PCRX,,24.549999237060547,24.549999237060547,24.549999237060547,24.549999237060547,989.0
2026-08-05 14:12:00,PCT,,6.960000038146973,6.960000038146973,6.949999809265137,6.954999923706055,7683.0
2026-08-05 14:12:00,PCTY,,145.64999389648438,145.64999389648438,145.64999389648438,145.64999389648438,623.0
2026-08-05 14:12:00,PCYO,,10.645000457763672,10.645000457763672,10.645000457763672,10.645000457763672,370.0
2026-08-05 14:12:00,PDD,,90.87999725341797,90.87999725341797,90.87000274658203,90.87999725341797,2481.0
2026-08-05 14:12:00,PECO,,41.27000045776367,41.27000045776367,41.26499938964844,41.26499938964844,859.0
2026-08-05 14:12:00,PEGA,,31.84000015258789,31.84000015258789,31.829999923706055,31.829999923706055,1089.0
2026-08-05 14:12:00,PENN,,19.80500030517578,19.809999465942383,19.78499984741211,19.78499984741211,10872.0
2026-08-05 14:12:00,PEP,,138.72999572753906,138.72999572753906,138.66000366210938,138.66000366210938,4144.0
2026-08-05 14:12:00,PEPG,,1.965000033378601,1.965000033378601,1.9600000381469727,1.9600000381469727,290.0
2026-08-05 14:12:00,PFG,,114.27999877929688,114.27999877929688,114.27999877929688,114.27999877929688,114.0
2026-08-05 14:12:00,PGEN,,6.824999809265137,6.824999809265137,6.820000171661377,6.820000171661377,3048.0
2026-08-05 14:12:00,PGNY,,31.7450008392334,31.7450008392334,31.739999771118164,31.739999771118164,932.0
2026-08-05 14:12:00,PGY,,21.809999465942383,21.81999969482422,21.770000457763672,21.774999618530273,6058.0
2026-08-05 14:12:00,PHAT,,8.414999961853027,8.414999961853027,8.414999961853027,8.414999961853027,493.0
2026-08-05 14:12:00,PLAB,,32.209999084472656,32.220001220703125,32.209999084472656,32.220001220703125,1525.0
2026-08-05 14:12:00,PLTK,,3.8949999809265137,3.8949999809265137,3.8949999809265137,3.8949999809265137,208.0
2026-08-05 14:12:00,PLUG,,2.0799999237060547,2.0899999141693115,2.0799999237060547,2.0850000381469727,45290.0
2026-08-05 14:12:00,PLXS,,277.2699890136719,277.2699890136719,277.2699890136719,277.2699890136719,1370.0
2026-08-05 14:12:00,PMN,,13.265000343322754,13.265000343322754,13.265000343322754,13.265000343322754,553.0
2026-08-05 14:12:00,PNFP,,108.08000183105469,108.12000274658203,108.05000305175781,108.06999969482422,27012.0
2026-08-05 14:12:00,POET,,8.34000015258789,8.349900245666504,8.34000015258789,8.34000015258789,4597.0
2026-08-05 14:12:00,POOL,,205.57000732421875,205.5800018310547,205.5399932861328,205.5800018310547,1502.0
2026-08-05 14:12:00,POWI,,61.93000030517578,61.93000030517578,61.93000030517578,61.93000030517578,541.0
2026-08-05 14:12:00,POWL,,211.98500061035156,211.98500061035156,211.98500061035156,211.98500061035156,235.0
2026-08-05 14:12:00,PPC,,26.474599838256836,26.474599838256836,26.450000762939453,26.450000762939453,2946.0
2026-08-05 14:12:00,PRAX,,317.864990234375,317.864990234375,317.49249267578125,317.49249267578125,126.0
2026-08-05 14:12:00,PRCH,,15.800000190734863,15.8100004196167,15.779999732971191,15.779999732971191,8600.0
2026-08-05 14:12:00,PRCT,,18.670000076293945,18.68000030517578,18.645000457763672,18.670000076293945,2605.0
2026-08-05 14:12:00,PRDO,,32.8650016784668,32.8650016784668,32.8650016784668,32.8650016784668,396.0
2026-08-05 14:12:00,PRGS,,42.400001525878906,42.41999816894531,42.38999938964844,42.38999938964844,1917.0
2026-08-05 14:12:00,PRIM,,85.47920227050781,85.51000213623047,85.45999908447266,85.4800033569336,2830.0
2026-08-05 14:12:00,PROK,,1.6449999809265137,1.6449999809265137,1.6449999809265137,1.6449999809265137,5637.0
2026-08-05 14:12:00,PRPH,,0.04100000113248825,0.04100000113248825,0.04100000113248825,0.04100000113248825,15159.0
2026-08-05 14:12:00,PSEC,,2.185699939727783,2.185699939727783,2.185699939727783,2.185699939727783,933.0
2026-08-05 14:12:00,PSMT,,189.19000244140625,189.19000244140625,188.8800048828125,188.8800048828125,867.0
2026-08-05 14:12:00,PSNL,,13.539999961853027,13.539999961853027,13.539999961853027,13.539999961853027,2133.0
2026-08-05 14:12:00,PTC,,140.19000244140625,140.19000244140625,140.19000244140625,140.19000244140625,284.0
2026-08-05 14:12:00,PTCT,,69.05500030517578,69.05500030517578,69.05500030517578,69.05500030517578,643.0
2026-08-05 14:12:00,PTEN,,9.845000267028809,9.850000381469727,9.84000015258789,9.84000015258789,6398.0
2026-08-05 14:12:00,PTLO,,4.625,4.625,4.625,4.625,736.0
2026-08-05 14:12:00,PTON,,6.5,6.505000114440918,6.494999885559082,6.494999885559082,22268.0
2026-08-05 14:12:00,PWP,,17.489999771118164,17.489999771118164,17.469999313354492,17.479999542236328,2072.0
2026-08-05 14:12:00,PYPD,,4.590000152587891,4.614999771118164,4.590000152587891,4.614999771118164,1305.0
2026-08-05 14:12:00,PYPL,,58.19499969482422,58.19499969482422,58.16999816894531,58.16999816894531,5221.0
2026-08-05 14:12:00,PYXS,,3.1500000953674316,3.1500000953674316,3.149899959564209,3.149899959564209,3777.0
2026-08-05 14:12:00,PZZA,,30.05500030517578,30.05500030517578,30.05500030517578,30.05500030517578,1676.0
2026-08-05 14:12:00,QCOM,,158.36000061035156,158.47000122070312,158.36000061035156,158.47000122070312,6009.0
2026-08-05 14:12:00,QFIN,,13.169500350952148,13.169500350952148,13.169500350952148,13.169500350952148,235.0
2026-08-05 14:12:00,QQQX,,30.280000686645508,30.290000915527344,30.280000686645508,30.290000915527344,300.0
2026-08-05 14:12:00,QRVO,,94.88500213623047,94.91999816894531,94.88500213623047,94.91000366210938,1708.0
2026-08-05 14:12:00,SEED,,1.0199999809265137,1.0199999809265137,1.0197999477386475,1.0199999809265137,666.0
2026-08-05 14:12:00,STIM,,2.259999990463257,2.259999990463257,2.259999990463257,2.259999990463257,330.0
2026-08-05 14:12:00,TARA,,4.014999866485596,4.014999866485596,4.014999866485596,4.014999866485596,992.0
2026-08-05 14:13:00,BPOP,,177.52000427246094,177.52000427246094,177.4199981689453,177.4199981689453,511.0
2026-08-05 14:13:00,EYE,,23.110000610351562,23.110000610351562,23.110000610351562,23.110000610351562,866.0
2026-08-05 14:13:00,KIDS,,21.549999237060547,21.645000457763672,21.549999237060547,21.645000457763672,3566.0
2026-08-05 14:13:00,MDB,,376.8500061035156,377.3299865722656,376.8500061035156,377.1199951171875,1053.0
2026-08-05 14:13:00,MDLZ,,62.665000915527344,62.66999816894531,62.654998779296875,62.66999816894531,9328.0
2026-08-05 14:13:00,MLTX,,17.639999389648438,17.649999618530273,17.6299991607666,17.649999618530273,967.0
2026-08-05 14:13:00,MNRO,,13.1850004196167,13.1850004196167,13.1850004196167,13.1850004196167,533.0
2026-08-05 14:13:00,MNST,,94.78500366210938,94.78500366210938,94.78500366210938,94.78500366210938,2458.0
2026-08-05 14:13:00,MORN,,198.2899932861328,198.2899932861328,198.2899932861328,198.2899932861328,427.0
2026-08-05 14:13:00,MPWR,,1345.35498046875,1345.8599853515625,1345.260009765625,1345.8599853515625,567.0
2026-08-05 14:13:00,MRNA,,56.68000030517578,56.68000030517578,56.68000030517578,56.68000030517578,746.0
2026-08-05 14:13:00,MYGN,,3.1500000953674316,3.1500000953674316,3.1449999809265137,3.1500000953674316,3046.0
2026-08-05 14:13:00,MYRG,,341.3999938964844,341.3999938964844,341.32501220703125,341.32501220703125,473.0
2026-08-05 14:13:00,NAMS,,27.59000015258789,27.614999771118164,27.579999923706055,27.614999771118164,3919.0
2026-08-05 14:13:00,NAUT,,0.9449999928474426,0.9449999928474426,0.9449999928474426,0.9449999928474426,747.0
2026-08-05 14:13:00,NB,,5.079999923706055,5.080999851226807,5.079999923706055,5.080999851226807,2883.0
2026-08-05 14:13:00,NBIX,,162.7100067138672,162.80499267578125,162.7100067138672,162.80499267578125,2193.0
2026-08-05 14:13:00,NCMI,,4.110000133514404,4.11899995803833,4.110000133514404,4.11899995803833,1699.0
2026-08-05 14:13:00,NCRA,,1.850000023841858,1.850000023841858,1.850000023841858,1.850000023841858,4469.0
2026-08-05 14:13:00,NDAQ,,94.95999908447266,94.95999908447266,94.95500183105469,94.95500183105469,2454.0
2026-08-05 14:13:00,NDSN,,310.20001220703125,310.20001220703125,310.07000732421875,310.07000732421875,147.0
2026-08-05 14:13:00,NECB,,27.149999618530273,27.149999618530273,27.149999618530273,27.149999618530273,350.0
2026-08-05 14:13:00,NEGG,,16.75,16.75,16.700000762939453,16.700000762939453,300.0
2026-08-05 14:13:00,NEO,,15.984999656677246,16.0,15.984999656677246,16.0,5274.0
2026-08-05 14:13:00,NEOV,,2.825000047683716,2.825000047683716,2.825000047683716,2.825000047683716,268.0
2026-08-05 14:13:00,NESR,,28.65999984741211,28.670000076293945,28.65999984741211,28.670000076293945,2390.0
2026-08-05 14:13:00,NEXT,,6.460000038146973,6.465000152587891,6.460000038146973,6.460000038146973,2114.0
2026-08-05 14:13:00,NFE,,0.33980000019073486,0.33980000019073486,0.33980000019073486,0.33980000019073486,318.0
2026-08-05 14:13:00,NFLX,,73.51419830322266,73.5199966430664,73.47000122070312,73.4800033569336,27525.0
2026-08-05 14:13:00,NGNE,,35.310001373291016,35.310001373291016,35.310001373291016,35.310001373291016,345.0
2026-08-05 14:13:00,NICE,,99.25,99.25,99.25,99.25,578.0
2026-08-05 14:13:00,NKTX,,2.2200000286102295,2.2200000286102295,2.2200000286102295,2.2200000286102295,296.0
2026-08-05 14:13:00,NMIH,,44.560001373291016,44.564998626708984,44.560001373291016,44.564998626708984,904.0
2026-08-05 14:13:00,NMRA,,1.6050000190734863,1.6050000190734863,1.6050000190734863,1.6050000190734863,3936.0
2026-08-05 14:13:00,NMRK,,15.729999542236328,15.729999542236328,15.729999542236328,15.729999542236328,330.0
2026-08-05 14:13:00,NMTC,,1.6950000524520874,1.6950000524520874,1.6950000524520874,1.6950000524520874,369.0
2026-08-05 14:13:00,NN,,14.414999961853027,14.425000190734863,14.414999961853027,14.420000076293945,5232.0
2026-08-05 14:13:00,NNDM,,1.5499999523162842,1.5499999523162842,1.5449999570846558,1.5449999570846558,12215.0
2026-08-05 14:13:00,NNOX,,1.011199951171875,1.011199951171875,1.011199951171875,1.011199951171875,910.0
2026-08-05 14:13:00,NRDS,,9.095000267028809,9.100000381469727,9.095000267028809,9.095000267028809,4021.0
2026-08-05 14:13:00,NRSN,,0.5404000282287598,0.5404000282287598,0.5404000282287598,0.5404000282287598,8500.0
2026-08-05 14:13:00,NRXP,,3.0950000286102295,3.0999999046325684,3.0950000286102295,3.0950000286102295,780.0
2026-08-05 14:13:00,NTAP,,190.1199951171875,190.27000427246094,190.1199951171875,190.27000427246094,3466.0
2026-08-05 14:13:00,NTCT,,41.869998931884766,41.869998931884766,41.869998931884766,41.869998931884766,346.0
2026-08-05 14:13:00,NTES,,127.62000274658203,127.62000274658203,127.5999984741211,127.5999984741211,450.0
2026-08-05 14:13:00,NTGR,,24.30500030517578,24.30500030517578,24.30500030517578,24.30500030517578,1274.0
2026-08-05 14:13:00,NTNX,,61.08000183105469,61.119998931884766,61.08000183105469,61.095001220703125,3851.0
2026-08-05 14:13:00,NTRA,,274.4649963378906,274.75,274.3299865722656,274.5799865722656,1586.0
2026-08-05 14:13:00,NTRS,,184.35000610351562,184.375,184.35000610351562,184.375,1043.0
2026-08-05 14:13:00,NVAX,,7.619900226593018,7.619900226593018,7.614999771118164,7.614999771118164,9577.0
2026-08-05 14:13:00,NVCR,,16.110000610351562,16.114999771118164,16.110000610351562,16.114999771118164,1483.0
2026-08-05 14:13:00,NVCT,,19.54509925842285,19.54509925842285,19.545000076293945,19.545000076293945,498.0
2026-08-05 14:13:00,NVDA,,221.2050018310547,221.25999450683594,221.0500030517578,221.0500030517578,297645.0
2026-08-05 14:13:00,NVEC,,130.52999877929688,130.52999877929688,130.52999877929688,130.52999877929688,471.0
2026-08-05 14:13:00,NVMI,,407.5450134277344,407.5450134277344,407.5450134277344,407.5450134277344,594.0
2026-08-05 14:13:00,NVTS,,12.444999694824219,12.46500015258789,12.4350004196167,12.46500015258789,11912.0
2026-08-05 14:13:00,NWL,,6.260000228881836,6.269999980926514,6.260000228881836,6.260000228881836,16767.0
2026-08-05 14:13:00,NWS,,32.32500076293945,32.32500076293945,32.32500076293945,32.32500076293945,268.0
2026-08-05 14:13:00,NWSA,,28.28499984741211,28.28499984741211,28.28499984741211,28.28499984741211,3090.0
2026-08-05 14:13:00,NXPI,,232.1199951171875,232.1999969482422,232.1199951171875,232.16000366210938,2424.0
2026-08-05 14:13:00,NXST,,191.44000244140625,191.44000244140625,191.44000244140625,191.44000244140625,433.0
2026-08-05 14:13:00,NXT,,98.77999877929688,98.80000305175781,98.69999694824219,98.76000213623047,12085.0
2026-08-05 14:13:00,OCC,,16.0,16.020000457763672,16.0,16.020000457763672,1648.0
2026-08-05 14:13:00,OCG,,1.6800999641418457,1.6800999641418457,1.6800999641418457,1.6800999641418457,1100.0
2026-08-05 14:13:00,OCGN,,1.284999966621399,1.284999966621399,1.2799999713897705,1.284999966621399,2298.0
2026-08-05 14:13:00,OCSL,,12.109999656677246,12.109999656677246,12.109999656677246,12.109999656677246,107.0
2026-08-05 14:13:00,ODFL,,213.60000610351562,213.6300048828125,213.47500610351562,213.6300048828125,2353.0
2026-08-05 14:13:00,OESX,,14.666799545288086,14.666799545288086,14.666799545288086,14.666799545288086,691.0
2026-08-05 14:13:00,OFIX,,10.449999809265137,10.449999809265137,10.449999809265137,10.449999809265137,811.0
2026-08-05 14:13:00,OKTA,,148.00999450683594,148.14999389648438,148.00999450683594,148.14999389648438,4493.0
2026-08-05 14:13:00,OLLI,,78.16000366210938,78.3499984741211,78.16000366210938,78.3499984741211,10895.0
2026-08-05 14:13:00,OMER,,12.800000190734863,12.800000190734863,12.800000190734863,12.800000190734863,870.0
2026-08-05 14:13:00,ON,,78.0199966430664,78.05999755859375,78.01000213623047,78.04499816894531,8680.0
2026-08-05 14:13:00,ONB,,27.024999618530273,27.03499984741211,27.024999618530273,27.03499984741211,2114.0
2026-08-05 14:13:00,ONCY,,0.7925000190734863,0.7953000068664551,0.7921000123023987,0.7953000068664551,2497.0
2026-08-05 14:13:00,ONDS,,8.944999694824219,8.95989990234375,8.930500030517578,8.95989990234375,260796.0
2026-08-05 14:13:00,ONFO,,0.07280000299215317,0.0731000006198883,0.07280000299215317,0.0731000006198883,46033.0
2026-08-05 14:13:00,OPCH,,23.40999984741211,23.424999237060547,23.40999984741211,23.424999237060547,1584.0
2026-08-05 14:13:00,OPEN,,3.799999952316284,3.809999942779541,3.799999952316284,3.799999952316284,18675.0
2026-08-05 14:13:00,OPHC,,8.65999984741211,8.65999984741211,8.65999984741211,8.65999984741211,265.0
2026-08-05 14:13:00,OPK,,1.309999942779541,1.309999942779541,1.309999942779541,1.309999942779541,445.0
2026-08-05 14:13:00,ORIC,,12.960000038146973,12.960000038146973,12.960000038146973,12.960000038146973,1098.0
2026-08-05 14:13:00,ORLY,,92.79000091552734,92.81999969482422,92.76499938964844,92.81999969482422,10376.0
2026-08-05 14:13:00,OSBC,,25.809999465942383,25.809999465942383,25.809999465942383,25.809999465942383,755.0
2026-08-05 14:13:00,OSIS,,236.67999267578125,236.8000030517578,236.67999267578125,236.8000030517578,936.0
2026-08-05 14:13:00,OSPN,,16.649999618530273,16.65999984741211,16.639999389648438,16.65999984741211,4028.0
2026-08-05 14:13:00,OSS,,13.779999732971191,13.779999732971191,13.779999732971191,13.779999732971191,412.0
2026-08-05 14:13:00,OSW,,26.459999084472656,26.459999084472656,26.459999084472656,26.459999084472656,420.0
2026-08-05 14:13:00,OTEX,,25.924999237060547,25.940000534057617,25.924999237060547,25.940000534057617,2434.0
2026-08-05 14:13:00,OTLK,,1.0149999856948853,1.0199999809265137,1.0149999856948853,1.0199999809265137,1090.0
2026-08-05 14:13:00,OTTR,,92.43000030517578,92.43000030517578,92.43000030517578,92.43000030517578,1971.0
2026-08-05 14:13:00,OVID,,2.5999999046325684,2.5999999046325684,2.5999999046325684,2.5999999046325684,445.0
2026-08-05 14:13:00,OXLC,,9.164999961853027,9.164999961853027,9.15999984741211,9.15999984741211,4324.0
2026-08-05 14:13:00,OXSQ,,1.5,1.5099999904632568,1.5,1.5099999904632568,606.0
2026-08-05 14:13:00,PAA,,23.145000457763672,23.145000457763672,23.135000228881836,23.135000228881836,6385.0
2026-08-05 14:13:00,PAAS,,48.064998626708984,48.099998474121094,48.060001373291016,48.099998474121094,4418.0
2026-08-05 14:13:00,PACB,,1.3300000429153442,1.340000033378601,1.3300000429153442,1.3300000429153442,12286.0
2026-08-05 14:13:00,PAGP,,25.135000228881836,25.135000228881836,25.135000228881836,25.135000228881836,208.0
2026-08-05 14:13:00,PALI,,2.125,2.130000114440918,2.1201000213623047,2.130000114440918,10127.0
2026-08-05 14:13:00,PANW,,366.260009765625,366.8399963378906,366.260009765625,366.6700134277344,10818.0
2026-08-05 14:13:00,PAVS,,4.865900039672852,4.880000114440918,4.849999904632568,4.880000114440918,167.0
2026-08-05 14:13:00,PAYO,,7.125,7.130000114440918,7.119999885559082,7.119999885559082,13303.0
2026-08-05 14:13:00,PAYS,,9.15999984741211,9.15999984741211,9.152000427246094,9.152000427246094,539.0
2026-08-05 14:13:00,PAYX,,117.83999633789062,117.86499786376953,117.83999633789062,117.8499984741211,2039.0
2026-08-05 14:13:00,PCAR,,134.07000732421875,134.1300048828125,134.05999755859375,134.09500122070312,23052.0
2026-08-05 14:13:00,PCRX,,24.579999923706055,24.584999084472656,24.549999237060547,24.584999084472656,5852.0
2026-08-05 14:13:00,PCT,,6.954999923706055,6.958799839019775,6.954999923706055,6.958799839019775,444.0
2026-08-05 14:13:00,PCTY,,145.67999267578125,145.67999267578125,145.64500427246094,145.64500427246094,848.0
2026-08-05 14:13:00,PDD,,90.87999725341797,90.87999725341797,90.87999725341797,90.87999725341797,1773.0
2026-08-05 14:13:00,PDFS,,50.119998931884766,50.119998931884766,50.119998931884766,50.119998931884766,691.0
2026-08-05 14:13:00,PDLB,,20.520000457763672,20.520000457763672,20.510000228881836,20.510000228881836,1891.0
2026-08-05 14:13:00,PECO,,41.2599983215332,41.2599983215332,41.25,41.2599983215332,1541.0
2026-08-05 14:13:00,PEGA,,31.844999313354492,31.854999542236328,31.844999313354492,31.850000381469727,2199.0
2026-08-05 14:13:00,PENN,,19.80500030517578,19.80500030517578,19.80500030517578,19.80500030517578,1253.0
2026-08-05 14:13:00,PEP,,138.72500610351562,138.72500610351562,138.69000244140625,138.71499633789062,3224.0
2026-08-05 14:13:00,PEPG,,1.9600000381469727,1.965000033378601,1.9600000381469727,1.9600000381469727,453.0
2026-08-05 14:13:00,PERI,,9.5649995803833,9.569999694824219,9.5649995803833,9.569999694824219,506.0
2026-08-05 14:13:00,PFG,,114.23500061035156,114.27999877929688,114.23500061035156,114.27999877929688,2431.0
2026-08-05 14:13:00,PGC,,46.650001525878906,46.650001525878906,46.650001525878906,46.650001525878906,102.0
2026-08-05 14:13:00,PGEN,,6.800300121307373,6.829999923706055,6.795000076293945,6.800300121307373,25826.0
2026-08-05 14:13:00,PGNY,,31.719999313354492,31.735000610351562,31.719999313354492,31.729999542236328,1464.0
2026-08-05 14:13:00,PGY,,21.809999465942383,21.81999969482422,21.809999465942383,21.81999969482422,1040.0
2026-08-05 14:13:00,PHAT,,8.414999961853027,8.417699813842773,8.413999557495117,8.417699813842773,1534.0
2026-08-05 14:13:00,PHVS,,33.400001525878906,33.400001525878906,33.400001525878906,33.400001525878906,264.0
2026-08-05 14:13:00,PKOH,,41.130001068115234,41.26689910888672,41.130001068115234,41.26689910888672,210.0
2026-08-05 14:13:00,PLAB,,32.15999984741211,32.22999954223633,32.15999984741211,32.22999954223633,2778.0
2026-08-05 14:13:00,PLPC,,467.260009765625,467.260009765625,467.260009765625,467.260009765625,181.0
2026-08-05 14:13:00,PLRX,,1.059999942779541,1.059999942779541,1.059999942779541,1.059999942779541,3157.0
2026-08-05 14:13:00,PLTK,,3.884999990463257,3.890000104904175,3.884999990463257,3.890000104904175,3860.0
2026-08-05 14:13:00,PLUG,,2.0899999141693115,2.0899999141693115,2.0799999237060547,2.0799999237060547,25337.0
2026-08-05 14:13:00,PLUR,,1.7350000143051147,1.7350000143051147,1.7000000476837158,1.7000000476837158,643.0
2026-08-05 14:13:00,PNBK,,1.1399999856948853,1.1399999856948853,1.1399999856948853,1.1399999856948853,5.0
2026-08-05 14:13:00,PNTG,,38.78499984741211,38.78499984741211,38.78499984741211,38.78499984741211,442.0
2026-08-05 14:13:00,POET,,8.319999694824219,8.329999923706055,8.319999694824219,8.329999923706055,8072.0
2026-08-05 14:13:00,POWI,,61.970001220703125,61.970001220703125,61.970001220703125,61.970001220703125,2702.0
2026-08-05 14:13:00,POWL,,211.75,211.75,211.75,211.75,630.0
2026-08-05 14:13:00,PPC,,26.520000457763672,26.520000457763672,26.479999542236328,26.479999542236328,3872.0
2026-08-05 14:13:00,PPTA,,22.389999389648438,22.40999984741211,22.389999389648438,22.40999984741211,2012.0
2026-08-05 14:13:00,PRAX,,317.7699890136719,317.7699890136719,317.7699890136719,317.7699890136719,281.0
2026-08-05 14:13:00,PRCH,,15.789999961853027,15.789999961853027,15.779999732971191,15.779999732971191,1198.0
2026-08-05 14:13:00,PRCT,,18.665000915527344,18.670000076293945,18.639999389648438,18.670000076293945,3671.0
2026-08-05 14:13:00,PRDO,,32.845001220703125,32.8650016784668,32.845001220703125,32.859100341796875,673.0
2026-08-05 14:13:00,PRGS,,42.40999984741211,42.40999984741211,42.38999938964844,42.38999938964844,712.0
2026-08-05 14:13:00,PRIM,,85.3499984741211,85.47000122070312,85.3499984741211,85.47000122070312,4631.0
2026-08-05 14:13:00,PRME,,3.0799999237060547,3.0799999237060547,3.0799999237060547,3.0799999237060547,546.0
2026-08-05 14:13:00,PROF,,8.039999961853027,8.039999961853027,8.039999961853027,8.039999961853027,205.0
2026-08-05 14:13:00,PRQR,,1.9657000303268433,1.969099998474121,1.9600000381469727,1.965000033378601,7967.0
2026-08-05 14:13:00,PRTA,,8.515000343322754,8.515000343322754,8.515000343322754,8.515000343322754,823.0
2026-08-05 14:13:00,PRVA,,24.200000762939453,24.229999542236328,24.200000762939453,24.229999542236328,1645.0
2026-08-05 14:13:00,PSEC,,2.184999942779541,2.190000057220459,2.180000066757202,2.180000066757202,2614.0
2026-08-05 14:13:00,PSMT,,189.4199981689453,189.5,189.30999755859375,189.5,2606.0
2026-08-05 14:13:00,PSNL,,13.510000228881836,13.520000457763672,13.510000228881836,13.520000457763672,1864.0
2026-08-05 14:13:00,PTC,,140.27000427246094,140.3300018310547,140.1999969482422,140.1999969482422,2186.0
2026-08-05 14:13:00,PTCT,,69.05000305175781,69.05500030517578,69.0199966430664,69.05500030517578,1184.0
2026-08-05 14:13:00,PTEN,,9.844499588012695,9.850000381469727,9.844499588012695,9.849900245666504,6389.0
2026-08-05 14:13:00,PTON,,6.489999771118164,6.5,6.489999771118164,6.489999771118164,25666.0
2026-08-05 14:13:00,PWP,,17.489999771118164,17.489999771118164,17.489999771118164,17.489999771118164,1635.0
2026-08-05 14:13:00,PYPD,,4.599999904632568,4.619999885559082,4.599999904632568,4.619999885559082,712.0
2026-08-05 14:13:00,PYPL,,58.18009948730469,58.20000076293945,58.18009948730469,58.19499969482422,3040.0
2026-08-05 14:13:00,PZZA,,30.059999465942383,30.059999465942383,30.05500030517578,30.05500030517578,1718.0
2026-08-05 14:13:00,QCOM,,158.2899932861328,158.39999389648438,158.2899932861328,158.36000061035156,6885.0
2026-08-05 14:13:00,QCRH,,105.37000274658203,105.37000274658203,105.37000274658203,105.37000274658203,247.0
2026-08-05 14:13:00,QFIN,,13.15999984741211,13.15999984741211,13.15999984741211,13.15999984741211,443.0
2026-08-05 14:13:00,QQQX,,30.270000457763672,30.291000366210938,30.270000457763672,30.280000686645508,3369.0
2026-08-05 14:13:00,QRVO,,94.87000274658203,94.875,94.8499984741211,94.875,1507.0
2026-08-05 14:13:00,SEED,,1.0199999809265137,1.0199999809265137,1.0199999809265137,1.0199999809265137,500.0
2026-08-05 14:13:00,TARA,,4.014999866485596,4.014999866485596,4.014999866485596,4.014999866485596,5987.0
2026-08-05 14:14:00,ACDC,,4.485000133514404,4.485000133514404,4.474999904632568,4.474999904632568,13423.0
2026-08-05 14:14:00,BPOP,,177.2899932861328,177.38999938964844,177.25,177.3699951171875,3189.0
2026-08-05 14:14:00,BPRN,,41.65999984741211,41.689998626708984,41.65999984741211,41.689998626708984,282.0
2026-08-05 14:14:00,CASH,,89.4000015258789,89.4000015258789,89.37999725341797,89.37999725341797,784.0
2026-08-05 14:14:00,DTIL,,7.489999771118164,7.5,7.489999771118164,7.5,1167.0
2026-08-05 14:14:00,EYE,,23.100000381469727,23.100000381469727,23.100000381469727,23.100000381469727,1118.0
2026-08-05 14:14:00,GLUE,,15.545000076293945,15.550000190734863,15.545000076293945,15.550000190734863,1763.0
2026-08-05 14:14:00,MDB,,376.29998779296875,376.7550048828125,376.29998779296875,376.7550048828125,708.0
2026-08-05 14:14:00,MDLZ,,62.69499969482422,62.69499969482422,62.65999984741211,62.665000915527344,8320.0
2026-08-05 14:14:00,MLTX,,17.639400482177734,17.639400482177734,17.639400482177734,17.639400482177734,717.0
2026-08-05 14:14:00,MNRO,,13.180000305175781,13.180000305175781,13.180000305175781,13.180000305175781,2307.0
2026-08-05 14:14:00,MNST,,94.80000305175781,94.80999755859375,94.78790283203125,94.78790283203125,3205.0
2026-08-05 14:14:00,MOVE,,12.220100402832031,12.229999542236328,12.220100402832031,12.229999542236328,834.0
2026-08-05 14:14:00,MPWR,,1344.010009765625,1346.0799560546875,1344.010009765625,1345.7650146484375,710.0
2026-08-05 14:14:00,MRNA,,56.65999984741211,56.689998626708984,56.65999984741211,56.67499923706055,4057.0
2026-08-05 14:14:00,MYGN,,3.1449999809265137,3.1449999809265137,3.140000104904175,3.1449999809265137,2224.0
2026-08-05 14:14:00,MYRG,,340.8999938964844,341.4200134277344,340.8900146484375,341.4200134277344,3571.0
2026-08-05 14:14:00,NAMS,,27.59000015258789,27.610000610351562,27.59000015258789,27.610000610351562,903.0
2026-08-05 14:14:00,NAVI,,9.130000114440918,9.130000114440918,9.130000114440918,9.130000114440918,1778.0
2026-08-05 14:14:00,NB,,5.070000171661377,5.078999996185303,5.070000171661377,5.078999996185303,1735.0
2026-08-05 14:14:00,NBIX,,162.75999450683594,162.75999450683594,162.6999969482422,162.6999969482422,1909.0
2026-08-05 14:14:00,NDAQ,,94.95999908447266,94.95999908447266,94.95999908447266,94.95999908447266,658.0
2026-08-05 14:14:00,NDSN,,310.19000244140625,310.20001220703125,310.19000244140625,310.19000244140625,361.0
2026-08-05 14:14:00,NECB,,27.174999237060547,27.174999237060547,27.125,27.125,382.0
2026-08-05 14:14:00,NEGG,,16.719999313354492,16.719999313354492,16.719999313354492,16.719999313354492,383.0
2026-08-05 14:14:00,NEO,,15.979999542236328,15.984999656677246,15.975000381469727,15.979999542236328,7194.0
2026-08-05 14:14:00,NEOG,,11.600000381469727,11.604999542236328,11.600000381469727,11.600000381469727,3317.0
2026-08-05 14:14:00,NEON,,0.949999988079071,0.949999988079071,0.949999988079071,0.949999988079071,372.0
2026-08-05 14:14:00,NEOV,,2.819999933242798,2.819999933242798,2.819999933242798,2.819999933242798,3239.0
2026-08-05 14:14:00,NESR,,28.649999618530273,28.649999618530273,28.649999618530273,28.649999618530273,2012.0
2026-08-05 14:14:00,NEWT,,15.109999656677246,15.109999656677246,15.109999656677246,15.109999656677246,911.0
2026-08-05 14:14:00,NEXT,,6.465000152587891,6.465000152587891,6.465000152587891,6.465000152587891,1109.0
2026-08-05 14:14:00,NFLX,,73.57499694824219,73.58999633789062,73.51000213623047,73.51499938964844,37859.0
2026-08-05 14:14:00,NHTC,,1.649999976158142,1.649999976158142,1.649999976158142,1.649999976158142,418.0
2026-08-05 14:14:00,NICE,,99.0999984741211,99.25,99.06999969482422,99.25,1032.0
2026-08-05 14:14:00,NKTX,,2.2200000286102295,2.2200000286102295,2.2200000286102295,2.2200000286102295,510.0
2026-08-05 14:14:00,NMFC,,7.324999809265137,7.324999809265137,7.324999809265137,7.324999809265137,1183.0
2026-08-05 14:14:00,NMRA,,1.600000023841858,1.6050000190734863,1.600000023841858,1.6050000190734863,12544.0
2026-08-05 14:14:00,NMRK,,15.729999542236328,15.729999542236328,15.729999542236328,15.729999542236328,1393.0
2026-08-05 14:14:00,NN,,14.399999618530273,14.419899940490723,14.399999618530273,14.414999961853027,3737.0
2026-08-05 14:14:00,NNBR,,3.8499999046325684,3.8499999046325684,3.849900007247925,3.849900007247925,5978.0
2026-08-05 14:14:00,NNDM,,1.5449999570846558,1.5449999570846558,1.5449999570846558,1.5449999570846558,2375.0
2026-08-05 14:14:00,NNOX,,1.0149999856948853,1.0149999856948853,1.0149999856948853,1.0149999856948853,1043.0
2026-08-05 14:14:00,NOVT,,155.7449951171875,155.7449951171875,155.7449951171875,155.7449951171875,337.0
2026-08-05 14:14:00,NRDS,,9.095000267028809,9.095000267028809,9.095000267028809,9.095000267028809,167.0
2026-08-05 14:14:00,NRSN,,0.5532000064849854,0.5532000064849854,0.5532000064849854,0.5532000064849854,0.0
2026-08-05 14:14:00,NRXP,,3.0950000286102295,3.0999999046325684,3.0950000286102295,3.0999999046325684,11511.0
2026-08-05 14:14:00,NSSC,,40.345001220703125,40.345001220703125,40.31999969482422,40.31999969482422,734.0
2026-08-05 14:14:00,NTCT,,41.83000183105469,41.869998931884766,41.83000183105469,41.869998931884766,2655.0
2026-08-05 14:14:00,NTES,,127.61499786376953,127.61499786376953,127.58000183105469,127.58000183105469,452.0
2026-08-05 14:14:00,NTNX,,61.08000183105469,61.08000183105469,61.07500076293945,61.08000183105469,2202.0
2026-08-05 14:14:00,NTRA,,274.05999755859375,274.2799987792969,273.739990234375,274.1099853515625,1696.0
2026-08-05 14:14:00,NTRS,,184.24000549316406,184.33999633789062,184.24000549316406,184.3000030517578,5179.0
2026-08-05 14:14:00,NVAX,,7.614999771118164,7.614999771118164,7.614999771118164,7.614999771118164,264.0
2026-08-05 14:14:00,NVCR,,16.100000381469727,16.100000381469727,16.100000381469727,16.100000381469727,1116.0
2026-08-05 14:14:00,NVCT,,19.545000076293945,19.545000076293945,19.545000076293945,19.545000076293945,206.0
2026-08-05 14:14:00,NVDA,,221.0469970703125,221.27000427246094,221.02999877929688,221.20860290527344,162477.0
2026-08-05 14:14:00,NVEC,,130.36000061035156,130.3800048828125,130.30999755859375,130.3800048828125,3603.0
2026-08-05 14:14:00,NVMI,,406.44500732421875,406.44500732421875,406.44500732421875,406.44500732421875,76.0
2026-08-05 14:14:00,NVTS,,12.420000076293945,12.454999923706055,12.420000076293945,12.449999809265137,14897.0
2026-08-05 14:14:00,NWE,,68.95999908447266,68.95999908447266,68.95999908447266,68.95999908447266,381.0
2026-08-05 14:14:00,NWGL,,0.2678000032901764,0.2678000032901764,0.2678000032901764,0.2678000032901764,218.0
2026-08-05 14:14:00,NWL,,6.260000228881836,6.269999980926514,6.260000228881836,6.261099815368652,14107.0
2026-08-05 14:14:00,NWS,,32.32500076293945,32.32500076293945,32.32500076293945,32.32500076293945,919.0
2026-08-05 14:14:00,NWSA,,28.28499984741211,28.28499984741211,28.280000686645508,28.280000686645508,1073.0
2026-08-05 14:14:00,NXGL,,0.4000000059604645,0.4000000059604645,0.4000000059604645,0.4000000059604645,100.0
2026-08-05 14:14:00,NXPI,,231.98500061035156,232.1199951171875,231.92999267578125,232.1199951171875,3805.0
2026-08-05 14:14:00,NXST,,191.3699951171875,191.3699951171875,191.3699951171875,191.3699951171875,275.0
2026-08-05 14:14:00,NXT,,98.6050033569336,98.88999938964844,98.5250015258789,98.77999877929688,18682.0
2026-08-05 14:14:00,OCFC,,19.920000076293945,19.924999237060547,19.915000915527344,19.924999237060547,5289.0
2026-08-05 14:14:00,OCGN,,1.2799999713897705,1.288599967956543,1.2799999713897705,1.2799999713897705,13931.0
2026-08-05 14:14:00,OCSL,,12.104999542236328,12.104999542236328,12.104999542236328,12.104999542236328,669.0
2026-08-05 14:14:00,OCUL,,8.609999656677246,8.614999771118164,8.609999656677246,8.614999771118164,4051.0
2026-08-05 14:14:00,ODFL,,213.52000427246094,213.52000427246094,213.52000427246094,213.52000427246094,769.0
2026-08-05 14:14:00,OFIX,,10.430000305175781,10.4399995803833,10.430000305175781,10.4399995803833,1007.0
2026-08-05 14:14:00,OFS,,3.5299999713897705,3.5299999713897705,3.5299999713897705,3.5299999713897705,201.0
2026-08-05 14:14:00,OKTA,,148.02000427246094,148.0625,147.98500061035156,147.98500061035156,3023.0
2026-08-05 14:14:00,OMER,,12.850000381469727,12.885000228881836,12.800000190734863,12.800000190734863,29393.0
2026-08-05 14:14:00,OMEX,,0.7402999997138977,0.7402999997138977,0.7402999997138977,0.7402999997138977,607.0
2026-08-05 14:14:00,OMH,,0.11479999870061874,0.11540000140666962,0.11479999870061874,0.11540000140666962,2782.0
2026-08-05 14:14:00,ON,,77.98500061035156,78.05999755859375,77.9800033569336,78.04000091552734,18044.0
2026-08-05 14:14:00,ONB,,27.014999389648438,27.020000457763672,27.014999389648438,27.020000457763672,3041.0
2026-08-05 14:14:00,ONDS,,8.941800117492676,8.960000038146973,8.930000305175781,8.944999694824219,456358.0
2026-08-05 14:14:00,ONEW,,12.529999732971191,12.529999732971191,12.529999732971191,12.529999732971191,851.0
2026-08-05 14:14:00,ONFO,,0.07259999960660934,0.0731000006198883,0.0723000019788742,0.07280000299215317,38960.0
2026-08-05 14:14:00,OPCH,,23.399999618530273,23.40999984741211,23.399999618530273,23.40999984741211,1708.0
2026-08-05 14:14:00,OPEN,,3.805000066757202,3.809999942779541,3.7950000762939453,3.809999942779541,162116.0
2026-08-05 14:14:00,OPK,,1.315000057220459,1.315000057220459,1.309999942779541,1.315000057220459,1210.0
2026-08-05 14:14:00,OPRT,,6.119999885559082,6.119999885559082,6.119999885559082,6.119999885559082,1334.0
2026-08-05 14:14:00,ORGO,,2.3450000286102295,2.3450000286102295,2.3450000286102295,2.3450000286102295,1084.0
2026-08-05 14:14:00,ORIC,,12.960000038146973,12.960000038146973,12.960000038146973,12.960000038146973,1228.0
2026-08-05 14:14:00,ORLY,,92.83000183105469,92.83000183105469,92.7699966430664,92.79000091552734,8040.0
2026-08-05 14:14:00,OSPN,,16.600000381469727,16.600000381469727,16.600000381469727,16.600000381469727,793.0
2026-08-05 14:14:00,OSS,,13.779999732971191,13.789999961853027,13.779999732971191,13.789999961853027,1107.0
2026-08-05 14:14:00,OSW,,26.459999084472656,26.459999084472656,26.459999084472656,26.459999084472656,381.0
2026-08-05 14:14:00,OTEX,,25.924999237060547,25.924999237060547,25.924999237060547,25.924999237060547,155.0
2026-08-05 14:14:00,OTLK,,1.0199999809265137,1.0199999809265137,1.0149999856948853,1.0199999809265137,1639.0
2026-08-05 14:14:00,OVID,,2.5999999046325684,2.5999999046325684,2.5950000286102295,2.5999999046325684,1040.0
2026-08-05 14:14:00,OXLC,,9.164999961853027,9.164999961853027,9.164999961853027,9.164999961853027,473.0
2026-08-05 14:14:00,OXLCM,,25.121299743652344,25.121299743652344,25.121299743652344,25.121299743652344,310.0
2026-08-05 14:14:00,PAA,,23.155000686645508,23.155000686645508,23.139999389648438,23.139999389648438,2493.0
2026-08-05 14:14:00,PAAS,,48.02000045776367,48.060001373291016,48.0099983215332,48.05500030517578,7079.0
2026-08-05 14:14:00,PACB,,1.31659996509552,1.3300000429153442,1.3104000091552734,1.3300000429153442,265677.0
2026-08-05 14:14:00,PAGP,,25.1299991607666,25.1299991607666,25.1299991607666,25.1299991607666,435.0
2026-08-05 14:14:00,PALI,,2.125,2.125,2.125,2.125,393.0
2026-08-05 14:14:00,PANW,,366.1499938964844,366.239990234375,366.0150146484375,366.239990234375,4964.0
2026-08-05 14:14:00,PATK,,87.58000183105469,87.58000183105469,87.58000183105469,87.58000183105469,1780.0
2026-08-05 14:14:00,PAX,,11.425000190734863,11.425000190734863,11.425000190734863,11.425000190734863,1520.0
2026-08-05 14:14:00,PAYO,,7.130000114440918,7.130000114440918,7.125,7.130000114440918,698.0
2026-08-05 14:14:00,PAYX,,117.87000274658203,117.87000274658203,117.83999633789062,117.86000061035156,2053.0
2026-08-05 14:14:00,PCAR,,134.02000427246094,134.08999633789062,134.02000427246094,134.07000732421875,3859.0
2026-08-05 14:14:00,PCT,,6.949999809265137,6.960000038146973,6.949999809265137,6.954999923706055,4699.0
2026-08-05 14:14:00,PCTY,,145.47500610351562,145.4875030517578,145.47500610351562,145.47500610351562,688.0
2026-08-05 14:14:00,PDD,,90.88999938964844,90.8949966430664,90.87999725341797,90.87999725341797,3744.0
2026-08-05 14:14:00,PDLB,,20.520000457763672,20.520000457763672,20.520000457763672,20.520000457763672,22.0
2026-08-05 14:14:00,PECO,,41.2599983215332,41.2599983215332,41.25,41.25,999.0
2026-08-05 14:14:00,PEGA,,31.829999923706055,31.84000015258789,31.829999923706055,31.84000015258789,2281.0
2026-08-05 14:14:00,PENN,,19.80500030517578,19.80500030517578,19.799999237060547,19.80500030517578,3073.0
2026-08-05 14:14:00,PEP,,138.77999877929688,138.77999877929688,138.72000122070312,138.75,9363.0
2026-08-05 14:14:00,PEPG,,1.9600000381469727,1.965000033378601,1.9600000381469727,1.965000033378601,608.0
2026-08-05 14:14:00,PERI,,9.5649995803833,9.5649995803833,9.5649995803833,9.5649995803833,246.0
2026-08-05 14:14:00,PETS,,1.9789999723434448,1.9789999723434448,1.9789999723434448,1.9789999723434448,189.0
2026-08-05 14:14:00,PFBC,,106.73500061035156,106.73500061035156,106.70999908447266,106.70999908447266,656.0
2026-08-05 14:14:00,PFG,,114.1500015258789,114.1500015258789,114.1500015258789,114.1500015258789,132.0
2026-08-05 14:14:00,PGC,,46.650001525878906,46.650001525878906,46.650001525878906,46.650001525878906,167.0
2026-08-05 14:14:00,PGEN,,6.769999980926514,6.815000057220459,6.769999980926514,6.809999942779541,32358.0
2026-08-05 14:14:00,PGY,,21.78499984741211,21.81999969482422,21.774999618530273,21.81999969482422,5782.0
2026-08-05 14:14:00,PHAT,,8.40999984741211,8.414999961853027,8.399999618530273,8.414999961853027,6741.0
2026-08-05 14:14:00,PHUN,,2.150099992752075,2.150099992752075,2.1500000953674316,2.1500000953674316,1148.0
2026-08-05 14:14:00,PKBK,,34.28499984741211,34.34000015258789,34.279998779296875,34.279998779296875,686.0
2026-08-05 14:14:00,PLAB,,32.150001525878906,32.150001525878906,32.150001525878906,32.150001525878906,1150.0
2026-08-05 14:14:00,PLUG,,2.0850000381469727,2.0899999141693115,2.0801000595092773,2.0801000595092773,6805.0
2026-08-05 14:14:00,PMCB,,0.5800999999046326,0.5910000205039978,0.5800999999046326,0.5910000205039978,1305.0
2026-08-05 14:14:00,PNFP,,108.0,108.05999755859375,108.0,108.05000305175781,2447.0
2026-08-05 14:14:00,PNTG,,38.70000076293945,38.75,38.685001373291016,38.75,3549.0
2026-08-05 14:14:00,POET,,8.305000305175781,8.319999694824219,8.305000305175781,8.3149995803833,9906.0
2026-08-05 14:14:00,POWI,,61.93000030517578,61.970001220703125,61.900001525878906,61.970001220703125,11624.0
2026-08-05 14:14:00,POWL,,211.38999938964844,211.57009887695312,211.38999938964844,211.57009887695312,367.0
2026-08-05 14:14:00,PPC,,26.549999237060547,26.549999237060547,26.510000228881836,26.520000457763672,1996.0
2026-08-05 14:14:00,PPTA,,22.360000610351562,22.360000610351562,22.360000610351562,22.360000610351562,472.0
2026-08-05 14:14:00,PRAX,,317.4949951171875,317.4949951171875,317.4949951171875,317.4949951171875,267.0
2026-08-05 14:14:00,PRCH,,15.789999961853027,15.795000076293945,15.789999961853027,15.795000076293945,676.0
2026-08-05 14:14:00,PRCT,,18.665000915527344,18.670000076293945,18.649999618530273,18.65999984741211,2339.0
2026-08-05 14:14:00,PRDO,,32.84000015258789,32.849998474121094,32.84000015258789,32.849998474121094,858.0
2026-08-05 14:14:00,PRGS,,42.40420150756836,42.40420150756836,42.40420150756836,42.40420150756836,686.0
2026-08-05 14:14:00,PRIM,,85.33999633789062,85.33999633789062,85.25,85.25,449.0
2026-08-05 14:14:00,PRLD,,4.585000038146973,4.585000038146973,4.585000038146973,4.585000038146973,275.0
2026-08-05 14:14:00,PRME,,3.069999933242798,3.0799999237060547,3.069999933242798,3.075000047683716,8868.0
2026-08-05 14:14:00,PROK,,1.6449999809265137,1.6449999809265137,1.6449999809265137,1.6449999809265137,236.0
2026-08-05 14:14:00,PRSO,,0.6938999891281128,0.6938999891281128,0.6938999891281128,0.6938999891281128,1000.0
2026-08-05 14:14:00,PRTH,,6.619999885559082,6.619999885559082,6.619999885559082,6.619999885559082,126.0
2026-08-05 14:14:00,PRVA,,24.200000762939453,24.200000762939453,24.200000762939453,24.200000762939453,984.0
2026-08-05 14:14:00,PSEC,,2.184999942779541,2.184999942779541,2.184999942779541,2.184999942779541,1611.0
2026-08-05 14:14:00,PSMT,,189.3175048828125,189.3175048828125,189.3175048828125,189.3175048828125,883.0
2026-08-05 14:14:00,PSNL,,13.5,13.5,13.5,13.5,103.0
2026-08-05 14:14:00,PTCT,,69.0,69.01000213623047,69.0,69.01000213623047,1050.0
2026-08-05 14:14:00,PTEN,,9.850000381469727,9.850000381469727,9.850000381469727,9.850000381469727,518.0
2026-08-05 14:14:00,PTGX,,136.6999969482422,136.72000122070312,136.6999969482422,136.72000122070312,1234.0
2026-08-05 14:14:00,PTLO,,4.614999771118164,4.625,4.614999771118164,4.625,6376.0
2026-08-05 14:14:00,PTON,,6.5,6.5,6.489999771118164,6.489999771118164,1511.0
2026-08-05 14:14:00,PUBM,,13.420000076293945,13.420000076293945,13.420000076293945,13.420000076293945,874.0
2026-08-05 14:14:00,PWP,,17.479999542236328,17.5,17.479999542236328,17.5,2647.0
2026-08-05 14:14:00,PYPL,,58.189998626708984,58.189998626708984,58.18000030517578,58.189998626708984,3155.0
2026-08-05 14:14:00,PYXS,,3.147200107574463,3.147200107574463,3.147200107574463,3.147200107574463,796.0
2026-08-05 14:14:00,PZZA,,30.059999465942383,30.065000534057617,30.059999465942383,30.059999465942383,3064.0
2026-08-05 14:14:00,QCOM,,158.1999969482422,158.32000732421875,158.18499755859375,158.2899932861328,10779.0
2026-08-05 14:14:00,QCRH,,105.44499969482422,105.44499969482422,105.37999725341797,105.37999725341797,206.0
2026-08-05 14:14:00,QFIN,,13.170000076293945,13.170000076293945,13.170000076293945,13.170000076293945,325.0
2026-08-05 14:14:00,QRVO,,94.8301010131836,94.9000015258789,94.83000183105469,94.9000015258789,1193.0
2026-08-05 14:14:00,SEED,,1.0199999809265137,1.0199999809265137,1.0199999809265137,1.0199999809265137,500.0
2026-08-05 14:14:00,TARA,,4.010000228881836,4.010000228881836,4.010000228881836,4.010000228881836,395.0
2026-08-05 14:15:00,ACDC,,4.480000019073486,4.485000133514404,4.480000019073486,4.480000019073486,7089.0
2026-08-05 14:15:00,BPOP,,177.18499755859375,177.18499755859375,177.18499755859375,177.18499755859375,246.0
2026-08-05 14:15:00,CASH,,89.23999786376953,89.23999786376953,89.23999786376953,89.23999786376953,194.0
2026-08-05 14:15:00,CPOP,,0.3531999886035919,0.3531999886035919,0.3531999886035919,0.3531999886035919,400.0
2026-08-05 14:15:00,EYE,,23.084999084472656,23.09000015258789,23.084999084472656,23.09000015258789,2975.0
2026-08-05 14:15:00,GLUE,,15.539999961853027,15.539999961853027,15.53499984741211,15.539999961853027,1513.0
2026-08-05 14:15:00,MDB,,376.9200134277344,376.9200134277344,376.1000061035156,376.29998779296875,2332.0
2026-08-05 14:15:00,MDLZ,,62.625,62.689998626708984,62.619998931884766,62.689998626708984,12315.0
2026-08-05 14:15:00,MNST,,94.76000213623047,94.80000305175781,94.76000213623047,94.80000305175781,8635.0
2026-08-05 14:15:00,MPWR,,1345.9000244140625,1345.9000244140625,1343.3275146484375,1343.7900390625,783.0
2026-08-05 14:15:00,MRNA,,56.720001220703125,56.720001220703125,56.63999938964844,56.65999984741211,12620.0
2026-08-05 14:15:00,MYGN,,3.140000104904175,3.140000104904175,3.140000104904175,3.140000104904175,1668.0
2026-08-05 14:15:00,MYRG,,341.18499755859375,341.18499755859375,341.18499755859375,341.18499755859375,175.0
2026-08-05 14:15:00,NAMS,,27.56999969482422,27.56999969482422,27.56999969482422,27.56999969482422,1863.0
2026-08-05 14:15:00,NAUT,,0.9492999911308289,0.9492999911308289,0.9492999911308289,0.9492999911308289,289.0
2026-08-05 14:15:00,NAVI,,9.119999885559082,9.119999885559082,9.119999885559082,9.119999885559082,566.0
2026-08-05 14:15:00,NB,,5.074999809265137,5.079999923706055,5.065000057220459,5.065000057220459,15488.0
2026-08-05 14:15:00,NBTB,,53.30500030517578,53.31999969482422,53.30500030517578,53.31999969482422,1343.0
2026-08-05 14:15:00,NDAQ,,95.02999877929688,95.03500366210938,94.96170043945312,94.96170043945312,3446.0
2026-08-05 14:15:00,NDSN,,309.9700012207031,310.07000732421875,309.9700012207031,310.07000732421875,336.0
2026-08-05 14:15:00,NECB,,27.1200008392334,27.1200008392334,27.1200008392334,27.1200008392334,65.0
2026-08-05 14:15:00,NEGG,,16.790000915527344,16.790000915527344,16.75,16.75,350.0
2026-08-05 14:15:00,NEO,,15.975000381469727,15.975000381469727,15.96500015258789,15.970000267028809,3702.0
2026-08-05 14:15:00,NEOV,,2.819999933242798,2.819999933242798,2.809999942779541,2.815000057220459,13088.0
2026-08-05 14:15:00,NESR,,28.68000030517578,28.68000030517578,28.649999618530273,28.649999618530273,3994.0
2026-08-05 14:15:00,NEWT,,15.109999656677246,15.109999656677246,15.109999656677246,15.109999656677246,253.0
2026-08-05 14:15:00,NEXT,,6.465000152587891,6.46999979019165,6.465000152587891,6.465000152587891,1094.0
2026-08-05 14:15:00,NFLX,,73.59500122070312,73.5999984741211,73.57499694824219,73.57499694824219,27714.0
2026-08-05 14:15:00,NICE,,99.16000366210938,99.2249984741211,99.08000183105469,99.2249984741211,2405.0
2026-08-05 14:15:00,NKTX,,2.2149999141693115,2.2249999046325684,2.2100000381469727,2.2249999046325684,3355.0
2026-08-05 14:15:00,NMFC,,7.318999767303467,7.321000099182129,7.315000057220459,7.321000099182129,9216.0
2026-08-05 14:15:00,NMIH,,44.58000183105469,44.58000183105469,44.58000183105469,44.58000183105469,956.0
2026-08-05 14:15:00,NMRA,,1.6100000143051147,1.6100000143051147,1.6050000190734863,1.6050000190734863,2800.0
2026-08-05 14:15:00,NN,,14.430000305175781,14.430000305175781,14.390000343322754,14.390000343322754,3632.0
2026-08-05 14:15:00,NNBR,,3.8469998836517334,3.875,3.8399999141693115,3.8399999141693115,45584.0
2026-08-05 14:15:00,NNDM,,1.5449999570846558,1.5449999570846558,1.5449999570846558,1.5449999570846558,956.0
2026-08-05 14:15:00,NOVT,,155.75,155.75,155.75,155.75,200.0
2026-08-05 14:15:00,NRDS,,9.100000381469727,9.100000381469727,9.100000381469727,9.100000381469727,723.0
2026-08-05 14:15:00,NRIX,,24.895000457763672,24.90999984741211,24.895000457763672,24.90999984741211,2779.0
2026-08-05 14:15:00,NSSC,,40.350399017333984,40.36000061035156,40.350399017333984,40.36000061035156,534.0
2026-08-05 14:15:00,NTAP,,190.3300018310547,190.33999633789062,190.1699981689453,190.1699981689453,4880.0
2026-08-05 14:15:00,NTES,,127.76000213623047,127.76000213623047,127.66000366210938,127.66000366210938,1491.0
2026-08-05 14:15:00,NTNX,,61.1150016784668,61.1150016784668,61.06999969482422,61.08000183105469,9335.0
2026-08-05 14:15:00,NTRA,,273.7200012207031,274.0450134277344,273.7200012207031,273.7409973144531,3199.0
2026-08-05 14:15:00,NVAX,,7.610099792480469,7.614999771118164,7.610099792480469,7.614999771118164,1588.0
2026-08-05 14:15:00,NVCR,,16.1200008392334,16.1200008392334,16.100000381469727,16.100000381469727,1606.0
2026-08-05 14:15:00,NVCT,,19.552499771118164,19.552499771118164,19.545000076293945,19.549999237060547,2014.0
2026-08-05 14:15:00,NVDA,,221.19000244140625,221.23989868164062,220.9199981689453,221.05499267578125,125422.0
2026-08-05 14:15:00,NVEC,,130.62249755859375,130.62249755859375,130.62249755859375,130.62249755859375,367.0
2026-08-05 14:15:00,NVMI,,406.94000244140625,406.94000244140625,405.8999938964844,405.8999938964844,624.0
2026-08-05 14:15:00,NVTS,,12.444999694824219,12.444999694824219,12.414999961853027,12.414999961853027,3495.0
2026-08-05 14:15:00,NWBI,,15.949999809265137,15.949999809265137,15.9399995803833,15.949999809265137,12667.0
2026-08-05 14:15:00,NWE,,68.93000030517578,68.93000030517578,68.93000030517578,68.93000030517578,1880.0
2026-08-05 14:15:00,NWL,,6.264999866485596,6.269999980926514,6.260000228881836,6.264999866485596,18208.0
2026-08-05 14:15:00,NWS,,32.32500076293945,32.33000183105469,32.32500076293945,32.32500076293945,3217.0
2026-08-05 14:15:00,NWSA,,28.28499984741211,28.295000076293945,28.28499984741211,28.290000915527344,5019.0
2026-08-05 14:15:00,NXGL,,0.4000000059604645,0.4000000059604645,0.4000000059604645,0.4000000059604645,100.0
2026-08-05 14:15:00,NXL,,0.3449999988079071,0.3449999988079071,0.3449999988079071,0.3449999988079071,5220.0
2026-08-05 14:15:00,NXPI,,232.02000427246094,232.05999755859375,231.86000061035156,231.86000061035156,6316.0
2026-08-05 14:15:00,NXST,,191.4499969482422,191.4499969482422,191.4499969482422,191.4499969482422,382.0
2026-08-05 14:15:00,NXT,,98.6449966430664,98.79000091552734,98.52999877929688,98.53500366210938,6742.0
2026-08-05 14:15:00,OCFC,,19.90999984741211,19.920000076293945,19.905000686645508,19.920000076293945,4595.0
2026-08-05 14:15:00,OCGN,,1.284999966621399,1.2899999618530273,1.2799999713897705,1.2899999618530273,14677.0
2026-08-05 14:15:00,OCSL,,12.104999542236328,12.104999542236328,12.100000381469727,12.104999542236328,1995.0
2026-08-05 14:15:00,OCUL,,8.614999771118164,8.614999771118164,8.600000381469727,8.600000381469727,3330.0
2026-08-05 14:15:00,ODD,,15.354999542236328,15.354999542236328,15.354999542236328,15.354999542236328,475.0
2026-08-05 14:15:00,ODFL,,213.5800018310547,213.5800018310547,213.55999755859375,213.57000732421875,919.0
2026-08-05 14:15:00,OGI,,0.9524999856948853,0.9524999856948853,0.9524999856948853,0.9524999856948853,1253.0
2026-08-05 14:15:00,OKTA,,148.22000122070312,148.22999572753906,148.06500244140625,148.06500244140625,10031.0
2026-08-05 14:15:00,OLLI,,78.12000274658203,78.13999938964844,78.12000274658203,78.13999938964844,1401.0
2026-08-05 14:15:00,OMCL,,37.209999084472656,37.209999084472656,37.209999084472656,37.209999084472656,585.0
2026-08-05 14:15:00,OMER,,12.850000381469727,12.850000381469727,12.850000381469727,12.850000381469727,540.0
2026-08-05 14:15:00,OMH,,0.11479999870061874,0.11479999870061874,0.11479999870061874,0.11479999870061874,3454.0
2026-08-05 14:15:00,ON,,78.05999755859375,78.05999755859375,77.92500305175781,77.95999908447266,26488.0
2026-08-05 14:15:00,ONB,,26.9950008392334,27.014999389648438,26.9950008392334,27.014999389648438,4572.0
2026-08-05 14:15:00,ONDS,,8.946599960327148,8.949999809265137,8.930000305175781,8.940099716186523,289805.0
2026-08-05 14:15:00,ONFO,,0.07320000231266022,0.07320000231266022,0.0729999989271164,0.0729999989271164,31014.0
2026-08-05 14:15:00,OPCH,,23.399999618530273,23.399999618530273,23.399999618530273,23.399999618530273,2598.0
2026-08-05 14:15:00,OPEN,,3.799999952316284,3.809999942779541,3.799999952316284,3.809999942779541,25405.0
2026-08-05 14:15:00,OPHC,,8.75,8.75,8.65999984741211,8.65999984741211,1625.0
2026-08-05 14:15:00,OPK,,1.309999942779541,1.315000057220459,1.309999942779541,1.315000057220459,1914.0
2026-08-05 14:15:00,OPRA,,19.895000457763672,19.895000457763672,19.895000457763672,19.895000457763672,758.0
2026-08-05 14:15:00,OPRT,,6.130000114440918,6.130000114440918,6.130000114440918,6.130000114440918,1638.0
2026-08-05 14:15:00,ORIC,,12.960000038146973,12.960000038146973,12.9399995803833,12.9399995803833,3348.0
2026-08-05 14:15:00,ORLY,,92.83999633789062,92.83999633789062,92.81999969482422,92.83000183105469,2796.0
2026-08-05 14:15:00,OSBC,,25.799999237060547,25.799999237060547,25.799999237060547,25.799999237060547,3324.0
2026-08-05 14:15:00,OSPN,,16.579999923706055,16.579999923706055,16.579999923706055,16.579999923706055,272.0
2026-08-05 14:15:00,OSS,,13.8100004196167,13.819999694824219,13.789999961853027,13.800000190734863,3794.0
2026-08-05 14:15:00,OSUR,,4.125,4.130000114440918,4.125,4.130000114440918,1825.0
2026-08-05 14:15:00,OSW,,26.469999313354492,26.469999313354492,26.469999313354492,26.469999313354492,948.0
2026-08-05 14:15:00,OTEX,,25.934999465942383,25.940000534057617,25.934999465942383,25.940000534057617,1403.0
2026-08-05 14:15:00,OTLK,,1.0198999643325806,1.0198999643325806,1.0149999856948853,1.0149999856948853,1270.0
2026-08-05 14:15:00,OVID,,2.5999999046325684,2.5999999046325684,2.5999999046325684,2.5999999046325684,458.0
2026-08-05 14:15:00,OXLC,,9.166899681091309,9.166899681091309,9.164999961853027,9.164999961853027,1711.0
2026-08-05 14:15:00,OXSQ,,1.5049999952316284,1.5049999952316284,1.500100016593933,1.5049999952316284,4671.0
2026-08-05 14:15:00,PAA,,23.155000686645508,23.155000686645508,23.155000686645508,23.155000686645508,2633.0
2026-08-05 14:15:00,PAAS,,48.060001373291016,48.060001373291016,48.0,48.0,4484.0
2026-08-05 14:15:00,PACB,,1.2999999523162842,1.319100022315979,1.2999999523162842,1.3179999589920044,829256.0
2026-08-05 14:15:00,PAGP,,25.139999389648438,25.139999389648438,25.139999389648438,25.139999389648438,704.0
2026-08-05 14:15:00,PAHC,,35.59000015258789,35.59000015258789,35.59000015258789,35.59000015258789,224.0
2026-08-05 14:15:00,PALI,,2.130000114440918,2.130000114440918,2.125,2.130000114440918,1613.0
2026-08-05 14:15:00,PANL,,7.260000228881836,7.260000228881836,7.255000114440918,7.255000114440918,1239.0
2026-08-05 14:15:00,PANW,,366.4200134277344,366.4200134277344,366.125,366.125,4191.0
2026-08-05 14:15:00,PATK,,87.5199966430664,87.58499908447266,87.5199966430664,87.5199966430664,2267.0
2026-08-05 14:15:00,PAYO,,7.125,7.125,7.125,7.125,422.0
2026-08-05 14:15:00,PAYX,,117.9000015258789,117.91000366210938,117.88999938964844,117.9000015258789,3893.0
2026-08-05 14:15:00,PCAR,,134.0399932861328,134.05499267578125,134.02000427246094,134.02999877929688,5401.0
2026-08-05 14:15:00,PCT,,6.945700168609619,6.945700168609619,6.940999984741211,6.940999984741211,1167.0
2026-08-05 14:15:00,PCTY,,145.65499877929688,145.65499877929688,145.47500610351562,145.47500610351562,337.0
2026-08-05 14:15:00,PDD,,90.91000366210938,90.91000366210938,90.87000274658203,90.88999938964844,8204.0
2026-08-05 14:15:00,PDFS,,50.119998931884766,50.119998931884766,50.119998931884766,50.119998931884766,131.0
2026-08-05 14:15:00,PDLB,,20.520000457763672,20.520000457763672,20.520000457763672,20.520000457763672,306.0
2026-08-05 14:15:00,PEBO,,41.68000030517578,41.68000030517578,41.68000030517578,41.68000030517578,715.0
2026-08-05 14:15:00,PECO,,41.279998779296875,41.290000915527344,41.2599983215332,41.2599983215332,1338.0
2026-08-05 14:15:00,PEGA,,31.84000015258789,31.84000015258789,31.84000015258789,31.84000015258789,749.0
2026-08-05 14:15:00,PENN,,19.825000762939453,19.825000762939453,19.80500030517578,19.80500030517578,7768.0
2026-08-05 14:15:00,PEP,,138.6699981689453,138.77999877929688,138.6699981689453,138.77999877929688,7368.0
2026-08-05 14:15:00,PESI,,17.81999969482422,17.81999969482422,17.81999969482422,17.81999969482422,707.0
2026-08-05 14:15:00,PFBC,,106.62000274658203,106.62000274658203,106.62000274658203,106.62000274658203,403.0
2026-08-05 14:15:00,PFG,,114.13500213623047,114.22000122070312,114.13500213623047,114.22000122070312,1920.0
2026-08-05 14:15:00,PFIS,,71.83000183105469,71.91999816894531,71.83000183105469,71.91999816894531,361.0
2026-08-05 14:15:00,PGC,,46.59000015258789,46.599998474121094,46.59000015258789,46.599998474121094,1146.0
2026-08-05 14:15:00,PGEN,,6.7789998054504395,6.7789998054504395,6.760000228881836,6.775000095367432,13817.0
2026-08-05 14:15:00,PGNY,,31.690000534057617,31.690000534057617,31.690000534057617,31.690000534057617,1458.0
2026-08-05 14:15:00,PGY,,21.829999923706055,21.834999084472656,21.790000915527344,21.790000915527344,2008.0
2026-08-05 14:15:00,PKBK,,34.28300094604492,34.28300094604492,34.28300094604492,34.28300094604492,2093.0
2026-08-05 14:15:00,PLAB,,32.150001525878906,32.150001525878906,32.11000061035156,32.11000061035156,1866.0
2026-08-05 14:15:00,PLMR,,134.8800048828125,134.8800048828125,134.49000549316406,134.50999450683594,2339.0
2026-08-05 14:15:00,PLTK,,3.884999990463257,3.884999990463257,3.884999990463257,3.884999990463257,419.0
2026-08-05 14:15:00,PLUG,,2.0850000381469727,2.0850000381469727,2.0799999237060547,2.0799999237060547,6204.0
2026-08-05 14:15:00,PMCB,,0.5954999923706055,0.5954999923706055,0.5954999923706055,0.5954999923706055,1038.0
2026-08-05 14:15:00,PMVP,,1.1799999475479126,1.1799999475479126,1.1799999475479126,1.1799999475479126,784.0
2026-08-05 14:15:00,PNBK,,1.1399999856948853,1.1399999856948853,1.1399999856948853,1.1399999856948853,942.0
2026-08-05 14:15:00,PNFP,,107.91500091552734,108.01000213623047,107.91500091552734,108.01000213623047,2951.0
2026-08-05 14:15:00,POET,,8.3100004196167,8.3100004196167,8.295000076293945,8.300000190734863,16578.0
2026-08-05 14:15:00,POLA,,1.7899999618530273,1.7899999618530273,1.7899999618530273,1.7899999618530273,308.0
2026-08-05 14:15:00,POWI,,61.92499923706055,61.93000030517578,61.92499923706055,61.93000030517578,9440.0
2026-08-05 14:15:00,POWL,,211.36500549316406,211.36500549316406,211.35000610351562,211.35000610351562,682.0
2026-08-05 14:15:00,PPC,,26.4950008392334,26.510000228881836,26.4950008392334,26.510000228881836,7026.0
2026-08-05 14:15:00,PPSI,,3.0399999618530273,3.0399999618530273,3.0299999713897705,3.0299999713897705,1600.0
2026-08-05 14:15:00,PPTA,,22.399999618530273,22.399999618530273,22.350000381469727,22.350000381469727,3125.0
2026-08-05 14:15:00,PRAX,,317.0,317.20001220703125,317.0,317.20001220703125,1464.0
2026-08-05 14:15:00,PRCH,,15.770000457763672,15.770000457763672,15.770000457763672,15.770000457763672,830.0
2026-08-05 14:15:00,PRCT,,18.84000015258789,18.860000610351562,18.690000534057617,18.690000534057617,27146.0
2026-08-05 14:15:00,PRIM,,85.27999877929688,85.27999877929688,85.2699966430664,85.2699966430664,479.0
2026-08-05 14:15:00,PRLD,,4.579999923706055,4.579999923706055,4.579999923706055,4.579999923706055,1621.0
2026-08-05 14:15:00,PRME,,3.069999933242798,3.0708999633789062,3.069999933242798,3.069999933242798,4118.0
2026-08-05 14:15:00,PROK,,1.6449999809265137,1.6449999809265137,1.6449999809265137,1.6449999809265137,329.0
2026-08-05 14:15:00,PRTH,,6.619999885559082,6.619999885559082,6.619999885559082,6.619999885559082,203.0
2026-08-05 14:15:00,PSNL,,13.510000228881836,13.510000228881836,13.5,13.5,2058.0
2026-08-05 14:15:00,PTC,,140.27999877929688,140.27999877929688,140.27999877929688,140.27999877929688,285.0
2026-08-05 14:15:00,PTCT,,69.02999877929688,69.02999877929688,69.0250015258789,69.0250015258789,989.0
2026-08-05 14:15:00,PTEN,,9.849800109863281,9.850000381469727,9.845000267028809,9.845000267028809,5137.0
2026-08-05 14:15:00,PTON,,6.494999885559082,6.5,6.489999771118164,6.494999885559082,10590.0
2026-08-05 14:15:00,PYPL,,58.19499969482422,58.20000076293945,58.185001373291016,58.189998626708984,6421.0
2026-08-05 14:15:00,PZZA,,30.079999923706055,30.079999923706055,30.03499984741211,30.059999465942383,4689.0
2026-08-05 14:15:00,QCOM,,158.3800048828125,158.3800048828125,158.16000366210938,158.2100067138672,13872.0
2026-08-05 14:15:00,QCRH,,105.33999633789062,105.37999725341797,105.33999633789062,105.37999725341797,2288.0
2026-08-05 14:15:00,QFIN,,13.180000305175781,13.180000305175781,13.178000450134277,13.178000450134277,670.0
2026-08-05 14:15:00,QQQX,,30.364999771118164,30.364999771118164,30.250099182128906,30.299999237060547,2516.0
2026-08-05 14:15:00,QRVO,,94.91000366210938,94.91000366210938,94.80000305175781,94.80000305175781,2888.0
2026-08-05 14:15:00,SEED,,1.0199999809265137,1.0199999809265137,1.0199999809265137,1.0199999809265137,500.0
2026-08-05 14:15:00,WOOF,,2.944999933242798,2.944999933242798,2.944999933242798,2.944999933242798,593.0
2026-08-05 14:16:00,ACDC,,4.485000133514404,4.485000133514404,4.480000019073486,4.480000019073486,3841.0
2026-08-05 14:16:00,BPOP,,177.21499633789062,177.2899932861328,177.2100067138672,177.21499633789062,1581.0
2026-08-05 14:16:00,CASH,,89.2699966430664,89.2699966430664,89.2699966430664,89.2699966430664,383.0
2026-08-05 14:16:00,CPOP,,0.3531999886035919,0.3531999886035919,0.3531999886035919,0.3531999886035919,513.0
2026-08-05 14:16:00,DTIL,,7.488999843597412,7.488999843597412,7.488999843597412,7.488999843597412,502.0
2026-08-05 14:16:00,EYE,,23.09000015258789,23.100000381469727,23.09000015258789,23.09000015258789,4677.0
2026-08-05 14:16:00,FRST,,16.40999984741211,16.40999984741211,16.389999389648438,16.389999389648438,1411.0
2026-08-05 14:16:00,GLUE,,15.529999732971191,15.550000190734863,15.529999732971191,15.529999732971191,2397.0
2026-08-05 14:16:00,KIDS,,21.600000381469727,21.600000381469727,21.600000381469727,21.600000381469727,1742.0
2026-08-05 14:16:00,KITT,,1.0299999713897705,1.0299999713897705,1.0290000438690186,1.0290000438690186,1226.0
2026-08-05 14:16:00,MBRX,,0.40070000290870667,0.40070000290870667,0.40070000290870667,0.40070000290870667,391.0
2026-08-05 14:16:00,MCRI,,122.47000122070312,122.63999938964844,122.47000122070312,122.63999938964844,399.0
2026-08-05 14:16:00,MDB,,376.6000061035156,376.82000732421875,376.57000732421875,376.82000732421875,2007.0
2026-08-05 14:16:00,MDLZ,,62.6349983215332,62.63999938964844,62.619998931884766,62.625,9676.0
2026-08-05 14:16:00,MNPR,,118.58000183105469,119.0999984741211,118.58000183105469,119.0999984741211,933.0
2026-08-05 14:16:00,MNRO,,13.180000305175781,13.180000305175781,13.170000076293945,13.170000076293945,1247.0
2026-08-05 14:16:00,MNST,,94.73500061035156,94.73500061035156,94.70999908447266,94.70999908447266,359.0
2026-08-05 14:16:00,MNTS,,4.284999847412109,4.284999847412109,4.284999847412109,4.284999847412109,5165.0
2026-08-05 14:16:00,MNYWW,,0.04019999876618385,0.04019999876618385,0.04019999876618385,0.04019999876618385,100.0
2026-08-05 14:16:00,MORN,,198.47000122070312,198.60000610351562,198.1699981689453,198.60000610351562,2239.0
2026-08-05 14:16:00,MPWR,,1346.02001953125,1346.1800537109375,1345.4649658203125,1346.0150146484375,336.0
2026-08-05 14:16:00,MRNA,,56.595001220703125,56.7400016784668,56.595001220703125,56.689998626708984,6748.0
2026-08-05 14:16:00,MVBF,,30.579999923706055,30.579999923706055,30.579999923706055,30.579999923706055,1202.0
2026-08-05 14:16:00,MYGN,,3.1449999809265137,3.1449999809265137,3.140000104904175,3.140000104904175,1257.0
2026-08-05 14:16:00,NAMS,,27.6200008392334,27.625,27.600000381469727,27.610000610351562,4195.0
2026-08-05 14:16:00,NAUT,,0.9419999718666077,0.9449999928474426,0.9419999718666077,0.9449999928474426,1448.0
2026-08-05 14:16:00,NAVI,,9.130000114440918,9.130000114440918,9.114999771118164,9.119999885559082,3659.0
2026-08-05 14:16:00,NB,,5.074999809265137,5.074999809265137,5.074999809265137,5.074999809265137,7962.0
2026-08-05 14:16:00,NBIX,,162.7550048828125,162.7550048828125,162.7550048828125,162.7550048828125,907.0
2026-08-05 14:16:00,NBTB,,53.334999084472656,53.334999084472656,53.334999084472656,53.334999084472656,849.0
2026-08-05 14:16:00,NCMI,,4.114999771118164,4.114999771118164,4.114999771118164,4.114999771118164,1277.0
2026-08-05 14:16:00,NDAQ,,95.01000213623047,95.05000305175781,95.0,95.01499938964844,2871.0
2026-08-05 14:16:00,NDSN,,309.9800109863281,310.17999267578125,309.9800109863281,310.17999267578125,233.0
2026-08-05 14:16:00,NECB,,27.079999923706055,27.079999923706055,27.079999923706055,27.079999923706055,722.0
2026-08-05 14:16:00,NEO,,15.989999771118164,15.989999771118164,15.979999542236328,15.979999542236328,6364.0
2026-08-05 14:16:00,NEOG,,11.600000381469727,11.600000381469727,11.600000381469727,11.600000381469727,370.0
2026-08-05 14:16:00,NEOV,,2.819999933242798,2.819999933242798,2.819999933242798,2.819999933242798,1615.0
2026-08-05 14:16:00,NESR,,28.690000534057617,28.690000534057617,28.690000534057617,28.690000534057617,791.0
2026-08-05 14:16:00,NEWT,,15.119999885559082,15.130000114440918,15.109999656677246,15.119999885559082,2403.0
2026-08-05 14:16:00,NEXT,,6.480000019073486,6.480000019073486,6.46999979019165,6.46999979019165,5973.0
2026-08-05 14:16:00,NFE,,0.33980000019073486,0.33980000019073486,0.33980000019073486,0.33980000019073486,3800.0
2026-08-05 14:16:00,NFLX,,73.56999969482422,73.5999984741211,73.56999969482422,73.59989929199219,28273.0
2026-08-05 14:16:00,NICE,,99.15499877929688,99.15499877929688,99.15499877929688,99.15499877929688,334.0
2026-08-05 14:16:00,NIU,,2.4700000286102295,2.4700000286102295,2.4700000286102295,2.4700000286102295,276.0
2026-08-05 14:16:00,NKTR,,72.91500091552734,72.91500091552734,72.91500091552734,72.91500091552734,782.0
2026-08-05 14:16:00,NKTX,,2.2100000381469727,2.2149999141693115,2.2100000381469727,2.2149999141693115,990.0
2026-08-05 14:16:00,NMFC,,7.315000057220459,7.315000057220459,7.315000057220459,7.315000057220459,560.0
2026-08-05 14:16:00,NMIH,,44.599998474121094,44.61000061035156,44.58000183105469,44.58000183105469,2895.0
2026-08-05 14:16:00,NMRK,,15.725000381469727,15.729999542236328,15.725000381469727,15.729999542236328,794.0
2026-08-05 14:16:00,NN,,14.449999809265137,14.46500015258789,14.449999809265137,14.449999809265137,3136.0
2026-08-05 14:16:00,NNBR,,3.859999895095825,3.880000114440918,3.8499999046325684,3.875,17900.0
2026-08-05 14:16:00,NNDM,,1.5449999570846558,1.5449999570846558,1.5449999570846558,1.5449999570846558,704.0
2026-08-05 14:16:00,NNOX,,1.0049999952316284,1.0149999856948853,1.0,1.0149999856948853,24365.0
2026-08-05 14:16:00,NOVT,,155.72000122070312,155.81500244140625,155.72000122070312,155.77000427246094,2145.0
2026-08-05 14:16:00,NRC,,19.549999237060547,19.549999237060547,19.520000457763672,19.53499984741211,1295.0
2026-08-05 14:16:00,NRIX,,24.895000457763672,24.920000076293945,24.895000457763672,24.920000076293945,406.0
2026-08-05 14:16:00,NSSC,,40.36000061035156,40.36000061035156,40.31999969482422,40.31999969482422,1666.0
2026-08-05 14:16:00,NTAP,,190.5850067138672,190.6699981689453,190.375,190.375,4799.0
2026-08-05 14:16:00,NTES,,127.79000091552734,127.79000091552734,127.79000091552734,127.79000091552734,163.0
2026-08-05 14:16:00,NTGR,,24.30500030517578,24.30500030517578,24.30500030517578,24.30500030517578,226.0
2026-08-05 14:16:00,NTNX,,61.11000061035156,61.11000061035156,61.11000061035156,61.11000061035156,1411.0
2026-08-05 14:16:00,NTRA,,273.95001220703125,273.95001220703125,273.8550109863281,273.9150085449219,702.0
2026-08-05 14:16:00,NTRS,,184.35000610351562,184.39999389648438,184.24000549316406,184.33999633789062,4895.0
2026-08-05 14:16:00,NVAX,,7.614999771118164,7.619500160217285,7.614999771118164,7.614999771118164,779.0
2026-08-05 14:16:00,NVCR,,16.100000381469727,16.125,16.100000381469727,16.125,2687.0
2026-08-05 14:16:00,NVDA,,221.2698974609375,221.3000030517578,221.16000366210938,221.19500732421875,177710.0
2026-08-05 14:16:00,NVMI,,406.9700012207031,406.9700012207031,406.8500061035156,406.9100036621094,285.0
2026-08-05 14:16:00,NVTS,,12.444999694824219,12.460000038146973,12.444999694824219,12.444999694824219,33812.0
2026-08-05 14:16:00,NWBI,,15.954999923706055,15.954999923706055,15.949999809265137,15.949999809265137,4940.0
2026-08-05 14:16:00,NWE,,68.94999694824219,68.94999694824219,68.94999694824219,68.94999694824219,994.0
2026-08-05 14:16:00,NWL,,6.264999866485596,6.269999980926514,6.260000228881836,6.260000228881836,13786.0
2026-08-05 14:16:00,NWPX,,127.29000091552734,127.29000091552734,127.20999908447266,127.20999908447266,505.0
2026-08-05 14:16:00,NWS,,32.34000015258789,32.34000015258789,32.314998626708984,32.31999969482422,5422.0
2026-08-05 14:16:00,NWSA,,28.34000015258789,28.34000015258789,28.28499984741211,28.28499984741211,14062.0
2026-08-05 14:16:00,NXPI,,232.14500427246094,232.24000549316406,232.13499450683594,232.15499877929688,3552.0
2026-08-05 14:16:00,NXST,,191.6699981689453,191.6699981689453,191.44000244140625,191.44000244140625,1382.0
2026-08-05 14:16:00,NXT,,98.69499969482422,98.69999694824219,98.62000274658203,98.69999694824219,1652.0
2026-08-05 14:16:00,OCFC,,19.93000030517578,19.93000030517578,19.93000030517578,19.93000030517578,2053.0
2026-08-05 14:16:00,OCGN,,1.284999966621399,1.284999966621399,1.2799999713897705,1.2799999713897705,1525.0
2026-08-05 14:16:00,OCSL,,12.100000381469727,12.104999542236328,12.100000381469727,12.104999542236328,336.0
2026-08-05 14:16:00,OCUL,,8.595000267028809,8.614999771118164,8.595000267028809,8.614999771118164,5235.0
2026-08-05 14:16:00,ODD,,15.350000381469727,15.350000381469727,15.34000015258789,15.350000381469727,774.0
2026-08-05 14:16:00,ODFL,,213.4600067138672,213.4600067138672,213.4600067138672,213.4600067138672,1342.0
2026-08-05 14:16:00,OFIX,,10.479999542236328,10.510000228881836,10.430000305175781,10.430000305175781,6971.0
2026-08-05 14:16:00,OFLX,,30.309999465942383,30.309999465942383,30.309999465942383,30.309999465942383,650.0
2026-08-05 14:16:00,OFS,,3.5299999713897705,3.5299999713897705,3.5299999713897705,3.5299999713897705,138.0
2026-08-05 14:16:00,OKTA,,148.3000030517578,148.30999755859375,148.14999389648438,148.1699981689453,4380.0
2026-08-05 14:16:00,OLLI,,78.13999938964844,78.13999938964844,78.13999938964844,78.13999938964844,1672.0
2026-08-05 14:16:00,OMCL,,37.244998931884766,37.244998931884766,37.244998931884766,37.244998931884766,375.0
2026-08-05 14:16:00,OMER,,12.829999923706055,12.829999923706055,12.829999923706055,12.829999923706055,557.0
2026-08-05 14:16:00,OMH,,0.11479999870061874,0.11479999870061874,0.11479999870061874,0.11479999870061874,380.0
2026-08-05 14:16:00,ON,,78.04000091552734,78.0999984741211,78.04000091552734,78.05500030517578,11776.0
2026-08-05 14:16:00,ONB,,27.014999389648438,27.014999389648438,27.010000228881836,27.010000228881836,4739.0
2026-08-05 14:16:00,ONBPO,,24.825000762939453,24.825000762939453,24.825000762939453,24.825000762939453,110.0
2026-08-05 14:16:00,ONDS,,8.9399995803833,8.95989990234375,8.930000305175781,8.944999694824219,353182.0
2026-08-05 14:16:00,ONFO,,0.07289999723434448,0.0729999989271164,0.07280000299215317,0.07289999723434448,16455.0
2026-08-05 14:16:00,OPCH,,23.40999984741211,23.420000076293945,23.405000686645508,23.40999984741211,2789.0
2026-08-05 14:16:00,OPEN,,3.799999952316284,3.809999942779541,3.7899999618530273,3.800299882888794,107437.0
2026-08-05 14:16:00,OPHC,,8.6850004196167,8.6850004196167,8.6850004196167,8.6850004196167,100.0
2026-08-05 14:16:00,OPK,,1.315000057220459,1.315000057220459,1.315000057220459,1.315000057220459,580.0
2026-08-05 14:16:00,OPRA,,19.920000076293945,19.950000762939453,19.90999984741211,19.90999984741211,3471.0
2026-08-05 14:16:00,ORGO,,2.3350000381469727,2.3399999141693115,2.3350000381469727,2.3399999141693115,6651.0
2026-08-05 14:16:00,ORIC,,12.970000267028809,12.970000267028809,12.970000267028809,12.970000267028809,771.0
2026-08-05 14:16:00,ORLY,,92.80500030517578,92.83000183105469,92.80000305175781,92.80999755859375,3440.0
2026-08-05 14:16:00,ORRF,,43.27000045776367,43.27000045776367,43.27000045776367,43.27000045776367,540.0
2026-08-05 14:16:00,OSBC,,25.809999465942383,25.809999465942383,25.809999465942383,25.809999465942383,1860.0
2026-08-05 14:16:00,OSIS,,236.80499267578125,236.80499267578125,236.80499267578125,236.80499267578125,171.0
2026-08-05 14:16:00,OSPN,,16.610000610351562,16.610000610351562,16.610000610351562,16.610000610351562,979.0
2026-08-05 14:16:00,OSS,,13.84000015258789,13.864999771118164,13.84000015258789,13.864999771118164,2203.0
2026-08-05 14:16:00,OSUR,,4.119999885559082,4.119999885559082,4.119999885559082,4.119999885559082,463.0
2026-08-05 14:16:00,OTEX,,25.93000030517578,25.93000030517578,25.924999237060547,25.924999237060547,2961.0
2026-08-05 14:16:00,OTLK,,1.0199999809265137,1.0199999809265137,1.0199999809265137,1.0199999809265137,72.0
2026-08-05 14:16:00,OTLY,,14.375,14.390000343322754,14.375,14.390000343322754,405.0
2026-08-05 14:16:00,OVID,,2.5999999046325684,2.5999999046325684,2.5999999046325684,2.5999999046325684,527.0
2026-08-05 14:16:00,OXLC,,9.164999961853027,9.164999961853027,9.164999961853027,9.164999961853027,3900.0
2026-08-05 14:16:00,OXSQ,,1.5099999904632568,1.5099999904632568,1.5049999952316284,1.5061999559402466,1792.0
2026-08-05 14:16:00,PAAS,,48.09000015258789,48.130001068115234,48.06999969482422,48.06999969482422,3397.0
2026-08-05 14:16:00,PACB,,1.2999999523162842,1.309999942779541,1.2999999523162842,1.3049999475479126,87521.0
2026-08-05 14:16:00,PAHC,,35.61000061035156,35.6150016784668,35.61000061035156,35.61000061035156,827.0
2026-08-05 14:16:00,PALI,,2.130000114440918,2.130000114440918,2.130000114440918,2.130000114440918,1642.0
2026-08-05 14:16:00,PANL,,7.269999980926514,7.269999980926514,7.269999980926514,7.269999980926514,2329.0
2026-08-05 14:16:00,PANW,,366.4750061035156,366.6700134277344,366.29010009765625,366.3550109863281,9741.0
2026-08-05 14:16:00,PATK,,87.40499877929688,87.55999755859375,87.40499877929688,87.55000305175781,775.0
2026-08-05 14:16:00,PAX,,11.4399995803833,11.4399995803833,11.4350004196167,11.4350004196167,2198.0
2026-08-05 14:16:00,PAYO,,7.125,7.125,7.119999885559082,7.119999885559082,1581.0
2026-08-05 14:16:00,PAYS,,9.15999984741211,9.15999984741211,9.15999984741211,9.15999984741211,669.0
2026-08-05 14:16:00,PAYX,,117.95999908447266,117.95999908447266,117.9000015258789,117.9000015258789,1956.0
2026-08-05 14:16:00,PCAR,,134.07000732421875,134.07000732421875,134.00999450683594,134.0449981689453,5152.0
2026-08-05 14:16:00,PCB,,28.049999237060547,28.049999237060547,28.049999237060547,28.049999237060547,372.0
2026-08-05 14:16:00,PCRX,,24.56999969482422,24.6200008392334,24.56999969482422,24.614999771118164,804.0
2026-08-05 14:16:00,PCT,,6.945000171661377,6.949900150299072,6.945000171661377,6.949900150299072,5985.0
2026-08-05 14:16:00,PCTY,,145.47500610351562,145.69000244140625,145.25,145.65499877929688,1594.0
2026-08-05 14:16:00,PDD,,90.93000030517578,90.93000030517578,90.93000030517578,90.93000030517578,593.0
2026-08-05 14:16:00,PDFS,,50.125,50.125,50.125,50.125,373.0
2026-08-05 14:16:00,PDLB,,20.520000457763672,20.520000457763672,20.520000457763672,20.520000457763672,326.0
2026-08-05 14:16:00,PEBO,,41.68000030517578,41.68000030517578,41.665000915527344,41.665000915527344,4613.0
2026-08-05 14:16:00,PECO,,41.27000045776367,41.27000045776367,41.27000045776367,41.27000045776367,1575.0
2026-08-05 14:16:00,PEGA,,31.850000381469727,31.850000381469727,31.834999084472656,31.834999084472656,1569.0
2026-08-05 14:16:00,PEP,,138.6300048828125,138.64999389648438,138.6300048828125,138.63999938964844,2980.0
2026-08-05 14:16:00,PEPG,,1.965000033378601,1.965000033378601,1.965000033378601,1.965000033378601,276.0
2026-08-05 14:16:00,PERI,,9.569999694824219,9.569999694824219,9.569999694824219,9.569999694824219,810.0
2026-08-05 14:16:00,PESI,,17.850000381469727,17.850000381469727,17.84000015258789,17.84000015258789,2543.0
2026-08-05 14:16:00,PFBC,,106.75,106.75,106.75,106.75,664.0
2026-08-05 14:16:00,PFG,,114.18499755859375,114.25,114.18499755859375,114.19999694824219,1514.0
2026-08-05 14:16:00,PFIS,,71.66999816894531,71.93000030517578,71.66999816894531,71.93000030517578,615.0
2026-08-05 14:16:00,PFX,,44.79999923706055,44.79999923706055,43.40999984741211,43.40999984741211,6370.0
2026-08-05 14:16:00,PGC,,46.619998931884766,46.619998931884766,46.58000183105469,46.59000015258789,1115.0
2026-08-05 14:16:00,PGEN,,6.795000076293945,6.795000076293945,6.769999980926514,6.769999980926514,14206.0
2026-08-05 14:16:00,PGNY,,31.704999923706055,31.709999084472656,31.704999923706055,31.709999084472656,1597.0
2026-08-05 14:16:00,PGY,,21.81999969482422,21.850000381469727,21.81999969482422,21.84000015258789,7345.0
2026-08-05 14:16:00,PHAT,,8.399999618530273,8.399999618530273,8.399999618530273,8.399999618530273,678.0
2026-08-05 14:16:00,PKOH,,41.244998931884766,41.244998931884766,41.244998931884766,41.244998931884766,555.0
2026-08-05 14:16:00,PLAB,,32.209999084472656,32.220001220703125,32.20000076293945,32.220001220703125,1822.0
2026-08-05 14:16:00,PLMR,,134.0,134.94000244140625,134.0,134.94000244140625,2705.0
2026-08-05 14:16:00,PLPC,,468.6700134277344,468.6700134277344,468.6700134277344,468.6700134277344,277.0
2026-08-05 14:16:00,PLTK,,3.884999990463257,3.890000104904175,3.884999990463257,3.884999990463257,2037.0
2026-08-05 14:16:00,PLUG,,2.0850000381469727,2.0880000591278076,2.0799999237060547,2.0799999237060547,2789.0
2026-08-05 14:16:00,PLXS,,276.7699890136719,276.7699890136719,276.7699890136719,276.7699890136719,877.0
2026-08-05 14:16:00,PNFP,,108.0,108.05999755859375,107.93000030517578,107.93000030517578,4089.0
2026-08-05 14:16:00,POET,,8.319999694824219,8.319999694824219,8.3149995803833,8.3149995803833,2299.0
2026-08-05 14:16:00,POOL,,205.55999755859375,205.55999755859375,205.39999389648438,205.55999755859375,1141.0
2026-08-05 14:16:00,POWI,,61.96500015258789,62.0,61.96500015258789,61.97999954223633,3298.0
2026-08-05 14:16:00,POWL,,211.65499877929688,211.72999572753906,211.42999267578125,211.42999267578125,2407.0
2026-08-05 14:16:00,PPC,,26.479999542236328,26.479999542236328,26.479999542236328,26.479999542236328,352.0
2026-08-05 14:16:00,PPTA,,22.40999984741211,22.41990089416504,22.399999618530273,22.399999618530273,5805.0
2026-08-05 14:16:00,PRAA,,17.360000610351562,17.360000610351562,17.350000381469727,17.350000381469727,627.0
2026-08-05 14:16:00,PRAX,,317.6300048828125,317.6300048828125,316.82501220703125,317.4800109863281,560.0
2026-08-05 14:16:00,PRCH,,15.760000228881836,15.760000228881836,15.760000228881836,15.760000228881836,983.0
2026-08-05 14:16:00,PRCT,,18.93000030517578,18.93000030517578,18.780000686645508,18.899999618530273,68206.0
2026-08-05 14:16:00,PRDO,,32.900001525878906,32.900001525878906,32.86000061035156,32.86000061035156,5663.0
2026-08-05 14:16:00,PRGS,,42.400001525878906,42.44499969482422,42.400001525878906,42.44499969482422,622.0
2026-08-05 14:16:00,PRIM,,85.33499908447266,85.37999725341797,85.27999877929688,85.27999877929688,2079.0
2026-08-05 14:16:00,PRME,,3.0799999237060547,3.0799999237060547,3.0799999237060547,3.0799999237060547,2007.0
2026-08-05 14:16:00,PRTA,,8.510000228881836,8.510000228881836,8.510000228881836,8.510000228881836,1074.0
2026-08-05 14:16:00,PRTH,,6.610000133514404,6.610000133514404,6.610000133514404,6.610000133514404,806.0
2026-08-05 14:16:00,PRVA,,24.190000534057617,24.190000534057617,24.18000030517578,24.18000030517578,1040.0
2026-08-05 14:16:00,PSEC,,2.184999942779541,2.184999942779541,2.184999942779541,2.184999942779541,3124.0
2026-08-05 14:16:00,PSNL,,13.520000457763672,13.520000457763672,13.520000457763672,13.520000457763672,413.0
2026-08-05 14:16:00,PTC,,140.27000427246094,140.39999389648438,140.25999450683594,140.27000427246094,1037.0
2026-08-05 14:16:00,PTCT,,69.0,69.04000091552734,69.0,69.04000091552734,496.0
2026-08-05 14:16:00,PTEN,,9.854999542236328,9.854999542236328,9.845000267028809,9.850000381469727,7889.0
2026-08-05 14:16:00,PTGX,,136.63999938964844,136.63999938964844,136.63999938964844,136.63999938964844,400.0
2026-08-05 14:16:00,PTLO,,4.619999885559082,4.619999885559082,4.614999771118164,4.614999771118164,269.0
2026-08-05 14:16:00,PTON,,6.489999771118164,6.5,6.489999771118164,6.489999771118164,21509.0
2026-08-05 14:16:00,PWP,,17.5,17.5,17.479999542236328,17.489999771118164,2115.0
2026-08-05 14:16:00,PYPL,,58.20000076293945,58.209999084472656,58.189998626708984,58.19499969482422,11978.0
2026-08-05 14:16:00,PYXS,,3.130000114440918,3.130000114440918,3.130000114440918,3.130000114440918,209.0
2026-08-05 14:16:00,PZZA,,30.06999969482422,30.079999923706055,30.06999969482422,30.06999969482422,2275.0
2026-08-05 14:16:00,QCOM,,158.33999633789062,158.4199981689453,158.33999633789062,158.3800048828125,8231.0
2026-08-05 14:16:00,QFIN,,13.1899995803833,13.1899995803833,13.180000305175781,13.180000305175781,4160.0
2026-08-05 14:16:00,QQQX,,30.40999984741211,30.40999984741211,30.270000457763672,30.270000457763672,1087.0
2026-08-05 14:16:00,QRVO,,94.95500183105469,94.9800033569336,94.91000366210938,94.91999816894531,4283.0
2026-08-05 14:16:00,SEED,,1.019700050354004,1.0199999809265137,1.0099999904632568,1.0199999809265137,1795.0
2026-08-05 14:16:00,STIM,,2.25,2.25,2.25,2.25,646.0
2026-08-05 14:16:00,WOOF,,2.944999933242798,2.944999933242798,2.944999933242798,2.944999933242798,371.0
2026-08-05 14:17:00,ACDC,,4.485000133514404,4.485000133514404,4.485000133514404,4.485000133514404,5547.0
2026-08-05 14:17:00,CPOP,,0.3547999858856201,0.3547999858856201,0.3531999886035919,0.3531999886035919,1616.0
2026-08-05 14:17:00,GLUE,,15.529999732971191,15.539999961853027,15.529999732971191,15.539999961853027,1369.0
2026-08-05 14:17:00,MDB,,375.9150085449219,376.67999267578125,375.9150085449219,376.3500061035156,2300.0
2026-08-05 14:17:00,MDLZ,,62.665000915527344,62.665000915527344,62.630001068115234,62.630001068115234,11019.0
2026-08-05 14:17:00,MLTX,,17.6200008392334,17.639999389648438,17.6200008392334,17.639999389648438,1520.0
2026-08-05 14:17:00,MNST,,94.74500274658203,94.74500274658203,94.7300033569336,94.7300033569336,9168.0
2026-08-05 14:17:00,MNTS,,4.289299964904785,4.289299964904785,4.284999847412109,4.284999847412109,3216.0
2026-08-05 14:17:00,MODD,,2.1247000694274902,2.1247000694274902,2.1247000694274902,2.1247000694274902,1691.0
2026-08-05 14:17:00,MORN,,198.50999450683594,198.50999450683594,198.5,198.5,2416.0
2026-08-05 14:17:00,MPWR,,1346.678955078125,1346.678955078125,1345.3299560546875,1345.4300537109375,888.0
2026-08-05 14:17:00,MRNA,,56.595001220703125,56.630001068115234,56.59000015258789,56.595001220703125,1503.0
2026-08-05 14:17:00,MSGM,,4.420000076293945,4.420000076293945,4.420000076293945,4.420000076293945,387.0
2026-08-05 14:17:00,MYGN,,3.1449999809265137,3.1449999809265137,3.140000104904175,3.140000104904175,1227.0
2026-08-05 14:17:00,MYPS,,0.7300000190734863,0.7300000190734863,0.7300000190734863,0.7300000190734863,315.0
2026-08-05 14:17:00,MYRG,,341.45001220703125,341.45001220703125,341.45001220703125,341.45001220703125,134.0
2026-08-05 14:17:00,NAMS,,27.53499984741211,27.600000381469727,27.53499984741211,27.600000381469727,3141.0
2026-08-05 14:17:00,NAUT,,0.9406999945640564,0.9408000111579895,0.9406999945640564,0.9408000111579895,848.0
2026-08-05 14:17:00,NAVI,,9.130000114440918,9.130000114440918,9.130000114440918,9.130000114440918,1132.0
2026-08-05 14:17:00,NB,,5.074999809265137,5.079999923706055,5.074999809265137,5.079999923706055,722.0
2026-08-05 14:17:00,NBIX,,162.6199951171875,162.6300048828125,162.6199951171875,162.6300048828125,1006.0
2026-08-05 14:17:00,NDAQ,,95.04000091552734,95.05500030517578,95.0199966430664,95.0199966430664,2035.0
2026-08-05 14:17:00,NDSN,,310.17498779296875,310.17498779296875,310.17498779296875,310.17498779296875,299.0
2026-08-05 14:17:00,NEGG,,16.799999237060547,16.799999237060547,16.799999237060547,16.799999237060547,131.0
2026-08-05 14:17:00,NEO,,15.979999542236328,15.989999771118164,15.979999542236328,15.989999771118164,5589.0
2026-08-05 14:17:00,NEOG,,11.604999542236328,11.604999542236328,11.59000015258789,11.595000267028809,7857.0
2026-08-05 14:17:00,NESR,,28.674999237060547,28.674999237060547,28.674999237060547,28.674999237060547,116.0
2026-08-05 14:17:00,NFE,,0.33980000019073486,0.33980000019073486,0.3391000032424927,0.33980000019073486,12124.0
2026-08-05 14:17:00,NFLX,,73.5250015258789,73.57990264892578,73.5250015258789,73.56500244140625,27535.0
2026-08-05 14:17:00,NGNE,,35.33000183105469,35.33000183105469,35.33000183105469,35.33000183105469,553.0
2026-08-05 14:17:00,NICE,,99.12999725341797,99.12999725341797,99.12999725341797,99.12999725341797,710.0
2026-08-05 14:17:00,NKTR,,72.87000274658203,72.91999816894531,72.87000274658203,72.91500091552734,2156.0
2026-08-05 14:17:00,NKTX,,2.2100000381469727,2.2100000381469727,2.2100000381469727,2.2100000381469727,1301.0
2026-08-05 14:17:00,NMFC,,7.329999923706055,7.329999923706055,7.320000171661377,7.320000171661377,4642.0
2026-08-05 14:17:00,NMIH,,44.599998474121094,44.599998474121094,44.599998474121094,44.599998474121094,1449.0
2026-08-05 14:17:00,NN,,14.444999694824219,14.444999694824219,14.444999694824219,14.444999694824219,569.0
2026-08-05 14:17:00,NNBR,,3.869999885559082,3.869999885559082,3.869999885559082,3.869999885559082,979.0
2026-08-05 14:17:00,NNDM,,1.5449999570846558,1.5449999570846558,1.5449999570846558,1.5449999570846558,605.0
2026-08-05 14:17:00,NOVT,,155.86500549316406,155.86500549316406,155.86500549316406,155.86500549316406,105.0
2026-08-05 14:17:00,NPCE,,13.729999542236328,13.729999542236328,13.729999542236328,13.729999542236328,877.0
2026-08-05 14:17:00,NRDS,,9.100000381469727,9.100000381469727,9.100000381469727,9.100000381469727,937.0
2026-08-05 14:17:00,NRIX,,24.900100708007812,24.900100708007812,24.900100708007812,24.900100708007812,539.0
2026-08-05 14:17:00,NRXP,,3.0799999237060547,3.0899999141693115,3.0799999237060547,3.0899999141693115,1391.0
2026-08-05 14:17:00,NTAP,,190.7100067138672,190.8000030517578,190.66000366210938,190.66000366210938,2658.0
2026-08-05 14:17:00,NTES,,127.58999633789062,127.79000091552734,127.58999633789062,127.69000244140625,2188.0
2026-08-05 14:17:00,NTGR,,24.30500030517578,24.30500030517578,24.30500030517578,24.30500030517578,755.0
2026-08-05 14:17:00,NTNX,,61.060001373291016,61.099998474121094,61.060001373291016,61.099998474121094,4100.0
2026-08-05 14:17:00,NTRA,,273.9100036621094,274.1099853515625,273.9100036621094,274.07000732421875,2027.0
2026-08-05 14:17:00,NTRS,,184.40499877929688,184.40499877929688,184.3249969482422,184.39999389648438,2153.0
2026-08-05 14:17:00,NVAX,,7.599999904632568,7.614999771118164,7.599999904632568,7.614999771118164,7825.0
2026-08-05 14:17:00,NVCR,,16.100000381469727,16.100000381469727,16.100000381469727,16.100000381469727,204.0
2026-08-05 14:17:00,NVCT,,19.489900588989258,19.489900588989258,19.489900588989258,19.489900588989258,748.0
2026-08-05 14:17:00,NVDA,,221.2093963623047,221.35850524902344,221.16000366210938,221.2729949951172,170847.0
2026-08-05 14:17:00,NVMI,,406.9200134277344,406.9200134277344,406.9200134277344,406.9200134277344,291.0
2026-08-05 14:17:00,NVTS,,12.420000076293945,12.454999923706055,12.420000076293945,12.454999923706055,6978.0
2026-08-05 14:17:00,NWBI,,15.944999694824219,15.954999923706055,15.944999694824219,15.954999923706055,1722.0
2026-08-05 14:17:00,NWL,,6.264999866485596,6.269999980926514,6.260000228881836,6.264999866485596,8717.0
2026-08-05 14:17:00,NWS,,32.38999938964844,32.39500045776367,32.380001068115234,32.380001068115234,3021.0
2026-08-05 14:17:00,NWSA,,28.344999313354492,28.354999542236328,28.334999084472656,28.334999084472656,5721.0
2026-08-05 14:17:00,NXGL,,0.4000000059604645,0.4000000059604645,0.4000000059604645,0.4000000059604645,68.0
2026-08-05 14:17:00,NXPI,,232.02000427246094,232.10000610351562,232.02000427246094,232.10000610351562,1776.0
2026-08-05 14:17:00,NXST,,191.94000244140625,191.94000244140625,191.77999877929688,191.7899932861328,2277.0
2026-08-05 14:17:00,NXT,,98.61000061035156,98.68000030517578,98.58999633789062,98.62000274658203,2679.0
2026-08-05 14:17:00,OCGN,,1.284999966621399,1.284999966621399,1.2799999713897705,1.284999966621399,3404.0
2026-08-05 14:17:00,OCSL,,12.104999542236328,12.104999542236328,12.104999542236328,12.104999542236328,174.0
2026-08-05 14:17:00,OCUL,,8.600000381469727,8.604999542236328,8.600000381469727,8.604999542236328,2143.0
2026-08-05 14:17:00,ODD,,15.359999656677246,15.359999656677246,15.350000381469727,15.350000381469727,1154.0
2026-08-05 14:17:00,ODFL,,213.6300048828125,213.6300048828125,213.55999755859375,213.61000061035156,2108.0
2026-08-05 14:17:00,OFIX,,10.460000038146973,10.470000267028809,10.460000038146973,10.470000267028809,608.0
2026-08-05 14:17:00,OKTA,,148.02000427246094,148.2449951171875,148.02000427246094,148.2449951171875,1670.0
2026-08-05 14:17:00,OMCL,,37.279998779296875,37.279998779296875,37.2400016784668,37.244998931884766,1549.0
2026-08-05 14:17:00,OMER,,12.84000015258789,12.84000015258789,12.84000015258789,12.84000015258789,1079.0
2026-08-05 14:17:00,OMH,,0.11479999870061874,0.11479999870061874,0.11479999870061874,0.11479999870061874,2051.0
2026-08-05 14:17:00,ON,,77.95999908447266,78.05000305175781,77.94999694824219,78.05000305175781,19127.0
2026-08-05 14:17:00,ONB,,27.0049991607666,27.0049991607666,27.0049991607666,27.0049991607666,287.0
2026-08-05 14:17:00,ONDS,,8.9350004196167,8.949999809265137,8.930000305175781,8.941800117492676,353596.0
2026-08-05 14:17:00,ONFO,,0.07370000332593918,0.07370000332593918,0.07289999723434448,0.07289999723434448,84875.0
2026-08-05 14:17:00,OPCH,,23.40999984741211,23.40999984741211,23.40999984741211,23.40999984741211,1789.0
2026-08-05 14:17:00,OPEN,,3.7950000762939453,3.799999952316284,3.7899999618530273,3.799799919128418,58442.0
2026-08-05 14:17:00,OPHC,,8.6850004196167,8.6850004196167,8.6850004196167,8.6850004196167,100.0
2026-08-05 14:17:00,OPK,,1.3109999895095825,1.3109999895095825,1.3109999895095825,1.3109999895095825,2097.0
2026-08-05 14:17:00,ORIC,,12.9399995803833,12.9399995803833,12.9399995803833,12.9399995803833,200.0
2026-08-05 14:17:00,ORLY,,92.80000305175781,92.81999969482422,92.80000305175781,92.80999755859375,2653.0
2026-08-05 14:17:00,ORRF,,43.279998779296875,43.279998779296875,43.279998779296875,43.279998779296875,665.0
2026-08-05 14:17:00,OSPN,,16.639999389648438,16.68000030517578,16.6299991607666,16.6299991607666,15416.0
2026-08-05 14:17:00,OSS,,13.760000228881836,13.770000457763672,13.760000228881836,13.770000457763672,834.0
2026-08-05 14:17:00,OSW,,26.459999084472656,26.459999084472656,26.459999084472656,26.459999084472656,1033.0
2026-08-05 14:17:00,OTEX,,25.920000076293945,25.93000030517578,25.920000076293945,25.93000030517578,1821.0
2026-08-05 14:17:00,OTLK,,1.0199999809265137,1.0199999809265137,1.0149999856948853,1.0149999856948853,1644.0
2026-08-05 14:17:00,OTLY,,14.375,14.375,14.375,14.375,233.0
2026-08-05 14:17:00,OVID,,2.5950000286102295,2.5999999046325684,2.5950000286102295,2.5950000286102295,1496.0
2026-08-05 14:17:00,OXLC,,9.164999961853027,9.164999961853027,9.164999961853027,9.164999961853027,1632.0
2026-08-05 14:17:00,OXSQ,,1.5099999904632568,1.5099999904632568,1.5099999904632568,1.5099999904632568,1060.0
2026-08-05 14:17:00,PAA,,23.174999237060547,23.174999237060547,23.159900665283203,23.159900665283203,2655.0
2026-08-05 14:17:00,PAAS,,48.099998474121094,48.11000061035156,48.09000015258789,48.11000061035156,1674.0
2026-08-05 14:17:00,PACB,,1.309000015258789,1.3099000453948975,1.2999999523162842,1.3049999475479126,13987.0
2026-08-05 14:17:00,PAGP,,25.149999618530273,25.149999618530273,25.149999618530273,25.149999618530273,1822.0
2026-08-05 14:17:00,PALI,,2.130000114440918,2.130000114440918,2.125,2.125,804.0
2026-08-05 14:17:00,PANW,,366.1387023925781,366.55999755859375,366.1387023925781,366.5,11945.0
2026-08-05 14:17:00,PAX,,11.4350004196167,11.4350004196167,11.4350004196167,11.4350004196167,1260.0
2026-08-05 14:17:00,PAYO,,7.125,7.130000114440918,7.125,7.125,483.0
2026-08-05 14:17:00,PAYX,,117.95500183105469,117.9800033569336,117.94499969482422,117.9800033569336,3068.0
2026-08-05 14:17:00,PCAR,,134.1300048828125,134.1300048828125,134.05999755859375,134.05999755859375,1233.0
2026-08-05 14:17:00,PCRX,,24.6200008392334,24.6200008392334,24.6200008392334,24.6200008392334,1411.0
2026-08-05 14:17:00,PCT,,6.945000171661377,6.945000171661377,6.945000171661377,6.945000171661377,2019.0
2026-08-05 14:17:00,PCTY,,145.47500610351562,145.6999969482422,145.47500610351562,145.68499755859375,594.0
2026-08-05 14:17:00,PDD,,90.88500213623047,90.93000030517578,90.88500213623047,90.93000030517578,7317.0
2026-08-05 14:17:00,PDLB,,20.510000228881836,20.510000228881836,20.510000228881836,20.510000228881836,516.0
2026-08-05 14:17:00,PEGA,,31.850000381469727,31.8700008392334,31.84000015258789,31.850000381469727,12832.0
2026-08-05 14:17:00,PENN,,19.815000534057617,19.825000762939453,19.815000534057617,19.825000762939453,2876.0
2026-08-05 14:17:00,PEP,,138.6649932861328,138.6699981689453,138.63999938964844,138.64999389648438,5611.0
2026-08-05 14:17:00,PFG,,114.23999786376953,114.23999786376953,114.1500015258789,114.1500015258789,729.0
2026-08-05 14:17:00,PFX,,45.400001525878906,45.400001525878906,45.279998779296875,45.279998779296875,19755.0
2026-08-05 14:17:00,PGEN,,6.804999828338623,6.815000057220459,6.800000190734863,6.800000190734863,19581.0
2026-08-05 14:17:00,PGY,,21.829999923706055,21.834999084472656,21.809999465942383,21.809999465942383,4279.0
2026-08-05 14:17:00,PHAT,,8.380000114440918,8.40999984741211,8.380000114440918,8.40999984741211,3315.0
2026-08-05 14:17:00,PHVS,,33.45000076293945,33.45000076293945,33.404998779296875,33.404998779296875,271.0
2026-08-05 14:17:00,PLAB,,32.185001373291016,32.185001373291016,32.185001373291016,32.185001373291016,551.0
2026-08-05 14:17:00,PLMR,,134.3000030517578,134.41000366210938,134.14500427246094,134.25,3733.0
2026-08-05 14:17:00,PLPC,,470.8699951171875,470.8699951171875,469.989990234375,469.989990234375,1079.0
2026-08-05 14:17:00,PLSE,,37.564998626708984,37.564998626708984,37.564998626708984,37.564998626708984,163.0
2026-08-05 14:17:00,PLTK,,3.884999990463257,3.884999990463257,3.884999990463257,3.884999990463257,1447.0
2026-08-05 14:17:00,PLUG,,2.0850000381469727,2.0899999141693115,2.0799999237060547,2.0801000595092773,23821.0
2026-08-05 14:17:00,PNBK,,1.1399999856948853,1.1399999856948853,1.1399999856948853,1.1399999856948853,0.0
2026-08-05 14:17:00,PNFP,,107.94000244140625,108.04000091552734,107.93000030517578,108.04000091552734,8470.0
2026-08-05 14:17:00,POET,,8.305000305175781,8.3149995803833,8.300000190734863,8.3149995803833,7726.0
2026-08-05 14:17:00,PPC,,26.479999542236328,26.489999771118164,26.479999542236328,26.489999771118164,2271.0
2026-08-05 14:17:00,PRAX,,316.8550109863281,316.8550109863281,316.8550109863281,316.8550109863281,514.0
2026-08-05 14:17:00,PRCH,,15.75,15.760000228881836,15.739999771118164,15.760000228881836,12232.0
2026-08-05 14:17:00,PRCT,,19.0,19.040000915527344,18.899999618530273,18.920000076293945,76590.0
2026-08-05 14:17:00,PRGS,,42.400001525878906,42.400001525878906,42.400001525878906,42.400001525878906,406.0
2026-08-05 14:17:00,PRIM,,85.29000091552734,85.33000183105469,85.16500091552734,85.26000213623047,6142.0
2026-08-05 14:17:00,PRME,,3.075000047683716,3.075000047683716,3.075000047683716,3.075000047683716,691.0
2026-08-05 14:17:00,PROK,,1.6449999809265137,1.6449999809265137,1.6449999809265137,1.6449999809265137,120.0
2026-08-05 14:17:00,PRQR,,1.9700000286102295,1.9700000286102295,1.965000033378601,1.965000033378601,1201.0
2026-08-05 14:17:00,PRTA,,8.489999771118164,8.5,8.489999771118164,8.5,1982.0
2026-08-05 14:17:00,PRVA,,24.190000534057617,24.190000534057617,24.190000534057617,24.190000534057617,1356.0
2026-08-05 14:17:00,PSEC,,2.180799961090088,2.184999942779541,2.180799961090088,2.184999942779541,16579.0
2026-08-05 14:17:00,PSNL,,13.5,13.510000228881836,13.5,13.510000228881836,2017.0
2026-08-05 14:17:00,PSNY,,14.1899995803833,14.1899995803833,14.1899995803833,14.1899995803833,767.0
2026-08-05 14:17:00,PTC,,140.30999755859375,140.30999755859375,140.25999450683594,140.25999450683594,805.0
2026-08-05 14:17:00,PTCT,,69.01000213623047,69.01000213623047,69.01000213623047,69.01000213623047,743.0
2026-08-05 14:17:00,PTEN,,9.854999542236328,9.859000205993652,9.851099967956543,9.859000205993652,3058.0
2026-08-05 14:17:00,PTLO,,4.610000133514404,4.610000133514404,4.610000133514404,4.610000133514404,331.0
2026-08-05 14:17:00,PTON,,6.489999771118164,6.494999885559082,6.489999771118164,6.489999771118164,11891.0
2026-08-05 14:17:00,PUBM,,13.420000076293945,13.420000076293945,13.411999702453613,13.420000076293945,1298.0
2026-08-05 14:17:00,PWP,,17.4950008392334,17.5,17.4950008392334,17.4950008392334,866.0
2026-08-05 14:17:00,PYPD,,4.619999885559082,4.619999885559082,4.619999885559082,4.619999885559082,665.0
2026-08-05 14:17:00,PYPL,,58.20000076293945,58.209999084472656,58.19499969482422,58.19499969482422,5164.0
2026-08-05 14:17:00,PYXS,,3.140000104904175,3.140000104904175,3.140000104904175,3.140000104904175,3888.0
2026-08-05 14:17:00,PZZA,,30.075000762939453,30.09000015258789,30.065000534057617,30.06999969482422,2765.0
2026-08-05 14:17:00,QCOM,,158.27000427246094,158.38499450683594,158.27000427246094,158.32000732421875,6475.0
2026-08-05 14:17:00,QFIN,,13.197999954223633,13.197999954223633,13.1899995803833,13.1899995803833,739.0
2026-08-05 14:17:00,QQQX,,30.260000228881836,30.260000228881836,30.260000228881836,30.260000228881836,205.0
2026-08-05 14:17:00,QRVO,,94.93000030517578,94.9800033569336,94.93000030517578,94.95999908447266,2118.0
2026-08-05 14:17:00,SEED,,1.0149999856948853,1.0149999856948853,1.0099999904632568,1.0149999856948853,904.0
2026-08-05 14:17:00,TARA,,4.019999980926514,4.019999980926514,4.019999980926514,4.019999980926514,200.0
2026-08-05 14:17:00,WOOF,,2.944999933242798,2.944999933242798,2.944999933242798,2.944999933242798,2068.0
2026-08-05 14:18:00,ACDC,,4.485000133514404,4.485000133514404,4.485000133514404,4.485000133514404,3853.0
2026-08-05 14:18:00,BPOP,,177.2899932861328,177.2899932861328,177.08999633789062,177.11000061035156,3270.0
2026-08-05 14:18:00,CASH,,89.2699966430664,89.2699966430664,89.2699966430664,89.2699966430664,579.0
2026-08-05 14:18:00,EYE,,23.079999923706055,23.079999923706055,23.079999923706055,23.079999923706055,3118.0
2026-08-05 14:18:00,GLUE,,15.550000190734863,15.550000190734863,15.529999732971191,15.529999732971191,1909.0
2026-08-05 14:18:00,MDB,,375.9150085449219,376.01458740234375,375.9100036621094,375.9150085449219,1047.0
2026-08-05 14:18:00,MDLZ,,62.685001373291016,62.685001373291016,62.654998779296875,62.65999984741211,10721.0
2026-08-05 14:18:00,MNRO,,13.170000076293945,13.170000076293945,13.170000076293945,13.170000076293945,1230.0
2026-08-05 14:18:00,MNST,,94.75,94.76000213623047,94.73999786376953,94.76000213623047,6914.0
2026-08-05 14:18:00,MNTS,,4.28000020980835,4.28000020980835,4.275000095367432,4.28000020980835,5579.0
2026-08-05 14:18:00,MODD,,2.0999999046325684,2.0999999046325684,2.0999999046325684,2.0999999046325684,0.0
2026-08-05 14:18:00,MPWR,,1345.949951171875,1346.6800537109375,1345.9449462890625,1345.9449462890625,425.0
2026-08-05 14:18:00,MRNA,,56.59000015258789,56.59000015258789,56.58000183105469,56.59000015258789,1737.0
2026-08-05 14:18:00,MSGM,,4.400000095367432,4.409999847412109,4.389999866485596,4.409999847412109,1041.0
2026-08-05 14:18:00,MYGN,,3.140000104904175,3.1449999809265137,3.140000104904175,3.1449999809265137,3125.0
2026-08-05 14:18:00,MYRG,,341.1650085449219,341.1650085449219,341.1650085449219,341.1650085449219,80.0
2026-08-05 14:18:00,NAUT,,0.9408000111579895,0.9408000111579895,0.9408000111579895,0.9408000111579895,484.0
2026-08-05 14:18:00,NB,,5.079999923706055,5.079999923706055,5.079999923706055,5.079999923706055,2302.0
2026-08-05 14:18:00,NBIX,,162.65499877929688,162.65499877929688,162.65499877929688,162.65499877929688,1289.0
2026-08-05 14:18:00,NDAQ,,95.02999877929688,95.02999877929688,95.0250015258789,95.0250015258789,1813.0
2026-08-05 14:18:00,NDSN,,310.17498779296875,310.17498779296875,310.0799865722656,310.0799865722656,214.0
2026-08-05 14:18:00,NEGG,,16.8700008392334,16.8700008392334,16.8700008392334,16.8700008392334,182.0
2026-08-05 14:18:00,NEO,,15.979999542236328,15.979999542236328,15.979999542236328,15.979999542236328,974.0
2026-08-05 14:18:00,NEOG,,11.600000381469727,11.604999542236328,11.600000381469727,11.604999542236328,3171.0
2026-08-05 14:18:00,NEOV,,2.8199000358581543,2.8199000358581543,2.8199000358581543,2.8199000358581543,1076.0
2026-08-05 14:18:00,NESR,,28.674999237060547,28.674999237060547,28.674999237060547,28.674999237060547,1292.0
2026-08-05 14:18:00,NEWT,,15.130000114440918,15.130000114440918,15.119999885559082,15.119999885559082,1811.0
2026-08-05 14:18:00,NFE,,0.33980000019073486,0.33980000019073486,0.3391999900341034,0.33980000019073486,5315.0
2026-08-05 14:18:00,NFLX,,73.46499633789062,73.52999877929688,73.46499633789062,73.5250015258789,48144.0
2026-08-05 14:18:00,NICE,,99.24939727783203,99.24939727783203,99.20999908447266,99.20999908447266,597.0
2026-08-05 14:18:00,NKTR,,72.87000274658203,72.87000274658203,72.87000274658203,72.87000274658203,245.0
2026-08-05 14:18:00,NMFC,,7.324999809265137,7.324999809265137,7.324999809265137,7.324999809265137,305.0
2026-08-05 14:18:00,NMRK,,15.710000038146973,15.720000267028809,15.710000038146973,15.720000267028809,3917.0
2026-08-05 14:18:00,NN,,14.5,14.5,14.430000305175781,14.4399995803833,17655.0
2026-08-05 14:18:00,NNDM,,1.5449999570846558,1.5449999570846558,1.5399999618530273,1.5449999570846558,1360.0
2026-08-05 14:18:00,NOVT,,156.00999450683594,156.06500244140625,155.86000061035156,155.86000061035156,4748.0
2026-08-05 14:18:00,NRDS,,9.095000267028809,9.095000267028809,9.09000015258789,9.09000015258789,849.0
2026-08-05 14:18:00,NRIX,,24.895000457763672,24.895000457763672,24.895000457763672,24.895000457763672,404.0
2026-08-05 14:18:00,NTAP,,190.8249969482422,190.89999389648438,190.66000366210938,190.72000122070312,6723.0
2026-08-05 14:18:00,NTES,,127.66000366210938,127.66000366210938,127.66000366210938,127.66000366210938,1109.0
2026-08-05 14:18:00,NTNX,,61.029998779296875,61.04999923706055,61.025001525878906,61.04999923706055,6580.0
2026-08-05 14:18:00,NTRA,,273.75,273.7699890136719,273.75,273.7699890136719,599.0
2026-08-05 14:18:00,NTRS,,184.49000549316406,184.49000549316406,184.40499877929688,184.4600067138672,2057.0
2026-08-05 14:18:00,NVCR,,16.09000015258789,16.09000015258789,16.08099937438965,16.09000015258789,2190.0
2026-08-05 14:18:00,NVDA,,221.3249969482422,221.3300018310547,221.1768035888672,221.2050018310547,163405.0
2026-08-05 14:18:00,NVEC,,130.39500427246094,130.39500427246094,130.39500427246094,130.39500427246094,111.0
2026-08-05 14:18:00,NVTS,,12.430000305175781,12.4350004196167,12.430000305175781,12.430000305175781,11400.0
2026-08-05 14:18:00,NWL,,6.260000228881836,6.269999980926514,6.260000228881836,6.260000228881836,12111.0
2026-08-05 14:18:00,NWPX,,127.3949966430664,127.3949966430664,127.3949966430664,127.3949966430664,280.0
2026-08-05 14:18:00,NWS,,32.380001068115234,32.380001068115234,32.380001068115234,32.380001068115234,1536.0
2026-08-05 14:18:00,NWSA,,28.344999313354492,28.344999313354492,28.344999313354492,28.344999313354492,465.0
2026-08-05 14:18:00,NXGL,,0.4000000059604645,0.4000000059604645,0.4000000059604645,0.4000000059604645,200.0
2026-08-05 14:18:00,NXPI,,232.02499389648438,232.02499389648438,232.02499389648438,232.02499389648438,1675.0
2026-08-05 14:18:00,NXST,,192.3350067138672,192.47999572753906,192.05999755859375,192.05999755859375,4561.0
2026-08-05 14:18:00,NXT,,98.69499969482422,98.7300033569336,98.56999969482422,98.62999725341797,4461.0
2026-08-05 14:18:00,OCGN,,1.284999966621399,1.2898999452590942,1.2799999713897705,1.285099983215332,6181.0
2026-08-05 14:18:00,OCSL,,12.104999542236328,12.104999542236328,12.104999542236328,12.104999542236328,1512.0
2026-08-05 14:18:00,OCUL,,8.600000381469727,8.600000381469727,8.600000381469727,8.600000381469727,1107.0
2026-08-05 14:18:00,ODD,,15.350000381469727,15.350000381469727,15.329999923706055,15.329999923706055,612.0
2026-08-05 14:18:00,ODFL,,213.66000366210938,213.66000366210938,213.64999389648438,213.64999389648438,2855.0
2026-08-05 14:18:00,OFIX,,10.4399995803833,10.449999809265137,10.4399995803833,10.449999809265137,1676.0
2026-08-05 14:18:00,OKTA,,148.02000427246094,148.02000427246094,148.02000427246094,148.02000427246094,2040.0
2026-08-05 14:18:00,OLLI,,78.1500015258789,78.1500015258789,78.1500015258789,78.1500015258789,2137.0
2026-08-05 14:18:00,OLMA,,11.579999923706055,11.579999923706055,11.569999694824219,11.569999694824219,658.0
2026-08-05 14:18:00,OMCL,,37.310001373291016,37.310001373291016,37.29999923706055,37.29999923706055,659.0
2026-08-05 14:18:00,OMH,,0.11479999870061874,0.11479999870061874,0.11400000005960464,0.11479999870061874,3073.0
2026-08-05 14:18:00,ON,,77.98999786376953,77.98999786376953,77.94000244140625,77.94499969482422,8028.0
2026-08-05 14:18:00,ONB,,27.014999389648438,27.014999389648438,27.010000228881836,27.010000228881836,985.0
2026-08-05 14:18:00,ONCY,,0.7950000166893005,0.7950000166893005,0.7950000166893005,0.7950000166893005,402.0
2026-08-05 14:18:00,ONDS,,8.969900131225586,8.970000267028809,8.9350004196167,8.969900131225586,391632.0
2026-08-05 14:18:00,ONFO,,0.07329999655485153,0.07400000095367432,0.07329999655485153,0.07339999824762344,65236.0
2026-08-05 14:18:00,OPCH,,23.40999984741211,23.420000076293945,23.40999984741211,23.420000076293945,3835.0
2026-08-05 14:18:00,OPEN,,3.809999942779541,3.809999942779541,3.7899999618530273,3.7899999618530273,151926.0
2026-08-05 14:18:00,OPHC,,8.6850004196167,8.6850004196167,8.6850004196167,8.6850004196167,100.0
2026-08-05 14:18:00,ORGO,,2.3299999237060547,2.3299999237060547,2.3299999237060547,2.3299999237060547,157.0
2026-08-05 14:18:00,ORIC,,12.949999809265137,12.949999809265137,12.9399995803833,12.949999809265137,1657.0
2026-08-05 14:18:00,ORLY,,92.91000366210938,92.94000244140625,92.80000305175781,92.80000305175781,23003.0
2026-08-05 14:18:00,OSBC,,25.809999465942383,25.809999465942383,25.809999465942383,25.809999465942383,306.0
2026-08-05 14:18:00,OSPN,,16.604999542236328,16.6299991607666,16.604999542236328,16.6299991607666,1667.0
2026-08-05 14:18:00,OSW,,26.46500015258789,26.469999313354492,26.46500015258789,26.469999313354492,1100.0
2026-08-05 14:18:00,OTEX,,25.91990089416504,25.920000076293945,25.905000686645508,25.920000076293945,3215.0
2026-08-05 14:18:00,OTLK,,1.0191999673843384,1.0191999673843384,1.0099999904632568,1.0149999856948853,6032.0
2026-08-05 14:18:00,OTLY,,14.380000114440918,14.380000114440918,14.380000114440918,14.380000114440918,336.0
2026-08-05 14:18:00,OVID,,2.593600034713745,2.593600034713745,2.593600034713745,2.593600034713745,1185.0
2026-08-05 14:18:00,OXLC,,9.164999961853027,9.164999961853027,9.164999961853027,9.164999961853027,122.0
2026-08-05 14:18:00,OXSQ,,1.5099999904632568,1.5099999904632568,1.5099999904632568,1.5099999904632568,777.0
2026-08-05 14:18:00,PAA,,23.184999465942383,23.184999465942383,23.18000030517578,23.18000030517578,2980.0
2026-08-05 14:18:00,PAAS,,48.08000183105469,48.099998474121094,48.08000183105469,48.099998474121094,1927.0
2026-08-05 14:18:00,PACB,,1.315000057220459,1.315000057220459,1.2899999618530273,1.3049999475479126,217821.0
2026-08-05 14:18:00,PAGP,,25.170000076293945,25.170000076293945,25.170000076293945,25.170000076293945,1458.0
2026-08-05 14:18:00,PALI,,2.119999885559082,2.125,2.115000009536743,2.125,15066.0
2026-08-05 14:18:00,PANW,,366.1798095703125,366.1798095703125,365.9200134277344,365.989990234375,5760.0
2026-08-05 14:18:00,PATK,,87.51000213623047,87.51000213623047,87.48999786376953,87.48999786376953,715.0
2026-08-05 14:18:00,PAX,,11.4350004196167,11.4350004196167,11.4350004196167,11.4350004196167,232.0
2026-08-05 14:18:00,PAYO,,7.119999885559082,7.125,7.119999885559082,7.119999885559082,1151.0
2026-08-05 14:18:00,PAYX,,117.88999938964844,117.94000244140625,117.88999938964844,117.94000244140625,3240.0
2026-08-05 14:18:00,PCAR,,134.17999267578125,134.17999267578125,134.1199951171875,134.1300048828125,6146.0
2026-08-05 14:18:00,PCT,,6.945000171661377,6.945000171661377,6.945000171661377,6.945000171661377,1440.0
2026-08-05 14:18:00,PCTY,,145.47500610351562,145.47500610351562,145.4499969482422,145.4499969482422,812.0
2026-08-05 14:18:00,PDD,,90.8499984741211,90.87999725341797,90.8499984741211,90.87999725341797,3146.0
2026-08-05 14:18:00,PECO,,41.279998779296875,41.279998779296875,41.279998779296875,41.279998779296875,1226.0
2026-08-05 14:18:00,PEGA,,31.834999084472656,31.844999313354492,31.81999969482422,31.844999313354492,1687.0
2026-08-05 14:18:00,PENN,,19.81999969482422,19.81999969482422,19.815000534057617,19.815000534057617,4985.0
2026-08-05 14:18:00,PEP,,138.64999389648438,138.6501007080078,138.63999938964844,138.64999389648438,7706.0
2026-08-05 14:18:00,PEPG,,1.965000033378601,1.9700000286102295,1.965000033378601,1.965000033378601,600.0
2026-08-05 14:18:00,PERI,,9.569999694824219,9.569999694824219,9.569999694824219,9.569999694824219,416.0
2026-08-05 14:18:00,PFG,,114.23999786376953,114.25,114.19000244140625,114.19000244140625,1239.0
2026-08-05 14:18:00,PGEN,,6.820000171661377,6.829999923706055,6.800000190734863,6.800000190734863,16160.0
2026-08-05 14:18:00,PGY,,21.81999969482422,21.81999969482422,21.809999465942383,21.809999465942383,1074.0
2026-08-05 14:18:00,PHAT,,8.390000343322754,8.390000343322754,8.390000343322754,8.390000343322754,3415.0
2026-08-05 14:18:00,PHVS,,33.45000076293945,33.45000076293945,33.36000061035156,33.45000076293945,4846.0
2026-08-05 14:18:00,PLAB,,32.2046012878418,32.2046012878418,32.2046012878418,32.2046012878418,3516.0
2026-08-05 14:18:00,PLPC,,470.9649963378906,470.9649963378906,469.45001220703125,470.1199951171875,861.0
2026-08-05 14:18:00,PLSE,,37.66999816894531,37.66999816894531,37.560001373291016,37.560001373291016,924.0
2026-08-05 14:18:00,PLUG,,2.0850000381469727,2.0899999141693115,2.0799999237060547,2.0799999237060547,6594.0
2026-08-05 14:18:00,PLXS,,276.6600036621094,276.6600036621094,276.6300048828125,276.6600036621094,1311.0
2026-08-05 14:18:00,PNFP,,108.0199966430664,108.0199966430664,108.0,108.0,2280.0
2026-08-05 14:18:00,POCI,,4.260000228881836,4.260000228881836,4.260000228881836,4.260000228881836,111.0
2026-08-05 14:18:00,POET,,8.3100004196167,8.3100004196167,8.303899765014648,8.303899765014648,785.0
2026-08-05 14:18:00,POOL,,205.5399932861328,205.5399932861328,205.52999877929688,205.52999877929688,762.0
2026-08-05 14:18:00,POWI,,61.9911994934082,61.9911994934082,61.9911994934082,61.9911994934082,441.0
2026-08-05 14:18:00,POWL,,211.610107421875,212.00999450683594,211.610107421875,211.88499450683594,291.0
2026-08-05 14:18:00,PPC,,26.485000610351562,26.485000610351562,26.485000610351562,26.485000610351562,453.0
2026-08-05 14:18:00,PPTA,,22.424999237060547,22.424999237060547,22.424999237060547,22.424999237060547,689.0
2026-08-05 14:18:00,PRAA,,17.350000381469727,17.350000381469727,17.350000381469727,17.350000381469727,115.0
2026-08-05 14:18:00,PRCH,,15.779999732971191,15.789999961853027,15.760000228881836,15.760000228881836,5565.0
2026-08-05 14:18:00,PRCT,,19.170000076293945,19.170000076293945,18.959999084472656,19.010000228881836,7294.0
2026-08-05 14:18:00,PRGS,,42.421600341796875,42.421600341796875,42.40999984741211,42.40999984741211,1678.0
2026-08-05 14:18:00,PROF,,8.029999732971191,8.055000305175781,8.029999732971191,8.055000305175781,619.0
2026-08-05 14:18:00,PROK,,1.6399999856948853,1.6399999856948853,1.6399999856948853,1.6399999856948853,573.0
2026-08-05 14:18:00,PRQR,,1.9622000455856323,1.9622000455856323,1.9609999656677246,1.9609999656677246,6072.0
2026-08-05 14:18:00,PRVA,,24.170000076293945,24.173799514770508,24.170000076293945,24.173799514770508,1046.0
2026-08-05 14:18:00,PSEC,,2.1898999214172363,2.190000057220459,2.184999942779541,2.190000057220459,1630.0
2026-08-05 14:18:00,PSNL,,13.520000457763672,13.520000457763672,13.520000457763672,13.520000457763672,1833.0
2026-08-05 14:18:00,PTC,,140.22000122070312,140.22000122070312,140.22000122070312,140.22000122070312,2114.0
2026-08-05 14:18:00,PTCT,,69.05000305175781,69.06999969482422,69.01000213623047,69.01000213623047,7697.0
2026-08-05 14:18:00,PTEN,,9.854999542236328,9.854999542236328,9.854999542236328,9.854999542236328,3523.0
2026-08-05 14:18:00,PTLO,,4.614999771118164,4.614999771118164,4.614999771118164,4.614999771118164,279.0
2026-08-05 14:18:00,PTON,,6.485000133514404,6.489999771118164,6.485000133514404,6.489999771118164,11413.0
2026-08-05 14:18:00,PUBM,,13.420000076293945,13.420000076293945,13.420000076293945,13.420000076293945,1464.0
2026-08-05 14:18:00,PWP,,17.5,17.5,17.4950008392334,17.4950008392334,585.0
2026-08-05 14:18:00,PYPL,,58.13999938964844,58.18000030517578,58.13999938964844,58.18000030517578,4033.0
2026-08-05 14:18:00,PZZA,,30.079999923706055,30.079999923706055,30.06999969482422,30.06999969482422,2667.0
2026-08-05 14:18:00,QCOM,,158.36000061035156,158.36000061035156,158.27000427246094,158.30999755859375,7326.0
2026-08-05 14:18:00,QFIN,,13.1899995803833,13.1899995803833,13.1899995803833,13.1899995803833,607.0
2026-08-05 14:18:00,QQQX,,30.267200469970703,30.270000457763672,30.260000228881836,30.260000228881836,1042.0
2026-08-05 14:18:00,QRVO,,94.88999938964844,94.95999908447266,94.86000061035156,94.95999908447266,2246.0
2026-08-05 14:18:00,SEED,,0.9901000261306763,1.0,0.9901000261306763,1.0,1806.0
2026-08-05 14:18:00,STIM,,2.25,2.25,2.25,2.25,475.0
2026-08-05 14:18:00,TARA,,4.010000228881836,4.014999866485596,4.010000228881836,4.014999866485596,533.0
2026-08-05 14:19:00,ACDC,,4.485000133514404,4.485000133514404,4.485000133514404,4.485000133514404,1726.0
2026-08-05 14:19:00,EYE,,23.059999465942383,23.079999923706055,23.059999465942383,23.079999923706055,5016.0
2026-08-05 14:19:00,GLUE,,15.5600004196167,15.5600004196167,15.5600004196167,15.5600004196167,632.0
2026-08-05 14:19:00,MBRX,,0.40059998631477356,0.40059998631477356,0.40059998631477356,0.40059998631477356,201.0
2026-08-05 14:19:00,MCRI,,122.55999755859375,122.55999755859375,122.55999755859375,122.55999755859375,1711.0
2026-08-05 14:19:00,MDB,,375.8900146484375,376.17999267578125,375.8900146484375,375.95318603515625,2036.0
2026-08-05 14:19:00,MDLZ,,62.67499923706055,62.698001861572266,62.67499923706055,62.685001373291016,17100.0
2026-08-05 14:19:00,MLTX,,17.610000610351562,17.6299991607666,17.610000610351562,17.6299991607666,1644.0
2026-08-05 14:19:00,MNPR,,118.36000061035156,118.36000061035156,118.36000061035156,118.36000061035156,1145.0
2026-08-05 14:19:00,MNST,,94.72000122070312,94.73999786376953,94.72000122070312,94.73999786376953,4933.0
2026-08-05 14:19:00,MNTS,,4.289999961853027,4.289999961853027,4.289999961853027,4.289999961853027,1308.0
2026-08-05 14:19:00,MORN,,198.1300048828125,198.1300048828125,198.0500030517578,198.0500030517578,305.0
2026-08-05 14:19:00,MOVE,,12.279999732971191,12.279999732971191,12.279999732971191,12.279999732971191,702.0
2026-08-05 14:19:00,MPWR,,1345.5,1347.3499755859375,1345.5,1346.5799560546875,781.0
2026-08-05 14:19:00,MRNA,,56.630001068115234,56.630001068115234,56.59000015258789,56.59000015258789,6426.0
2026-08-05 14:19:00,MSGM,,4.420100212097168,4.420100212097168,4.420000076293945,4.420000076293945,900.0
2026-08-05 14:19:00,MYGN,,3.1449999809265137,3.1449999809265137,3.140000104904175,3.140000104904175,2064.0
2026-08-05 14:19:00,MYRG,,341.2099914550781,341.2099914550781,341.2099914550781,341.2099914550781,101.0
2026-08-05 14:19:00,NAMS,,27.6299991607666,27.6299991607666,27.600000381469727,27.600000381469727,1492.0
2026-08-05 14:19:00,NDAQ,,94.9800033569336,95.0250015258789,94.9800033569336,95.0,2675.0
2026-08-05 14:19:00,NDSN,,310.1449890136719,310.17498779296875,310.0328063964844,310.17498779296875,309.0
2026-08-05 14:19:00,NEGG,,16.829999923706055,16.829999923706055,16.829999923706055,16.829999923706055,313.0
2026-08-05 14:19:00,NEO,,15.989999771118164,15.989999771118164,15.989999771118164,15.989999771118164,2009.0
2026-08-05 14:19:00,NEOG,,11.604999542236328,11.604999542236328,11.600000381469727,11.600000381469727,1852.0
2026-08-05 14:19:00,NEOV,,2.819999933242798,2.819999933242798,2.819999933242798,2.819999933242798,814.0
2026-08-05 14:19:00,NEWT,,15.125,15.125,15.125,15.125,511.0
2026-08-05 14:19:00,NEXT,,6.485000133514404,6.485000133514404,6.476099967956543,6.480000019073486,4354.0
2026-08-05 14:19:00,NFE,,0.3402999937534332,0.3402999937534332,0.3400999903678894,0.3402999937534332,843.0
2026-08-05 14:19:00,NFLX,,73.4749984741211,73.4999008178711,73.47000122070312,73.47000122070312,30370.0
2026-08-05 14:19:00,NICE,,99.08000183105469,99.23999786376953,99.08000183105469,99.23999786376953,1163.0
2026-08-05 14:19:00,NKTR,,72.97000122070312,72.97000122070312,72.97000122070312,72.97000122070312,1196.0
2026-08-05 14:19:00,NMIH,,44.619998931884766,44.619998931884766,44.619998931884766,44.619998931884766,482.0
2026-08-05 14:19:00,NMRA,,1.6100000143051147,1.6100000143051147,1.6100000143051147,1.6100000143051147,154.0
2026-08-05 14:19:00,NN,,14.53499984741211,14.550000190734863,14.510000228881836,14.510000228881836,8268.0
2026-08-05 14:19:00,NNBR,,3.884999990463257,3.884999990463257,3.875,3.875,4571.0
2026-08-05 14:19:00,NNDM,,1.5449999570846558,1.5449999570846558,1.5449999570846558,1.5449999570846558,703.0
2026-08-05 14:19:00,NOVT,,156.02000427246094,156.02000427246094,156.02000427246094,156.02000427246094,322.0
2026-08-05 14:19:00,NRDS,,9.09000015258789,9.09000015258789,9.09000015258789,9.09000015258789,817.0
2026-08-05 14:19:00,NRIX,,24.905000686645508,24.90999984741211,24.889999389648438,24.905000686645508,3037.0
2026-08-05 14:19:00,NRXP,,3.0850000381469727,3.0850000381469727,3.0850000381469727,3.0850000381469727,2160.0
2026-08-05 14:19:00,NTAP,,190.77999877929688,190.7899932861328,190.77999877929688,190.7899932861328,2103.0
2026-08-05 14:19:00,NTES,,127.59500122070312,127.59500122070312,127.59500122070312,127.59500122070312,235.0
2026-08-05 14:19:00,NTNX,,61.040000915527344,61.04999923706055,61.02000045776367,61.025001525878906,17233.0
2026-08-05 14:19:00,NTRA,,274.1400146484375,274.1400146484375,273.9200134277344,273.9200134277344,1276.0
2026-08-05 14:19:00,NVAX,,7.605000019073486,7.609000205993652,7.605000019073486,7.609000205993652,1615.0
2026-08-05 14:19:00,NVCR,,16.110000610351562,16.1200008392334,16.104999542236328,16.104999542236328,2048.0
2026-08-05 14:19:00,NVCT,,19.559999465942383,19.559999465942383,19.559999465942383,19.559999465942383,0.0
2026-08-05 14:19:00,NVDA,,221.41920471191406,221.49000549316406,221.30999755859375,221.31500244140625,199312.0
2026-08-05 14:19:00,NVEC,,130.38499450683594,130.38499450683594,130.38499450683594,130.38499450683594,251.0
2026-08-05 14:19:00,NVMI,,407.3900146484375,407.3900146484375,407.3900146484375,407.3900146484375,542.0
2026-08-05 14:19:00,NVTS,,12.449999809265137,12.449999809265137,12.430100440979004,12.4350004196167,7894.0
2026-08-05 14:19:00,NVX,,0.40130001306533813,0.40130001306533813,0.40130001306533813,0.40130001306533813,1216.0
2026-08-05 14:19:00,NWL,,6.261099815368652,6.269999980926514,6.260000228881836,6.264999866485596,6308.0
2026-08-05 14:19:00,NWS,,32.380001068115234,32.3849983215332,32.380001068115234,32.3849983215332,1854.0
2026-08-05 14:19:00,NWSA,,28.34000015258789,28.344999313354492,28.334999084472656,28.344999313354492,5096.0
2026-08-05 14:19:00,NXPI,,231.88999938964844,232.00999450683594,231.88999938964844,231.89999389648438,2268.0
2026-08-05 14:19:00,NXPL,,6.030799865722656,6.030799865722656,6.030799865722656,6.030799865722656,292.0
2026-08-05 14:19:00,NXST,,192.38499450683594,192.38499450683594,192.38499450683594,192.38499450683594,251.0
2026-08-05 14:19:00,NXT,,98.63999938964844,98.69999694824219,98.5999984741211,98.69999694824219,3618.0
2026-08-05 14:19:00,OABI,,2.065000057220459,2.065000057220459,2.065000057220459,2.065000057220459,957.0
2026-08-05 14:19:00,OCFC,,19.915000915527344,19.924999237060547,19.915000915527344,19.924999237060547,2141.0
2026-08-05 14:19:00,OCGN,,1.2862999439239502,1.2862999439239502,1.282099962234497,1.284999966621399,5423.0
2026-08-05 14:19:00,OCSL,,12.104999542236328,12.104999542236328,12.100000381469727,12.100000381469727,3511.0
2026-08-05 14:19:00,OCUL,,8.604999542236328,8.605899810791016,8.604999542236328,8.604999542236328,1618.0
2026-08-05 14:19:00,ODD,,15.289999961853027,15.319999694824219,15.289999961853027,15.319999694824219,2728.0
2026-08-05 14:19:00,ODFL,,213.83999633789062,213.83999633789062,213.6999969482422,213.6999969482422,3490.0
2026-08-05 14:19:00,OFIX,,10.449999809265137,10.449999809265137,10.449999809265137,10.449999809265137,615.0
2026-08-05 14:19:00,OKTA,,148.02999877929688,148.0500030517578,148.0,148.0,1712.0
2026-08-05 14:19:00,OLMA,,11.59000015258789,11.59000015258789,11.59000015258789,11.59000015258789,614.0
2026-08-05 14:19:00,OMCL,,37.31999969482422,37.31999969482422,37.31999969482422,37.31999969482422,303.0
2026-08-05 14:19:00,OMH,,0.11599999666213989,0.11599999666213989,0.11400000005960464,0.11460000276565552,15748.0
2026-08-05 14:19:00,ON,,77.97000122070312,77.99500274658203,77.97000122070312,77.98999786376953,5679.0
2026-08-05 14:19:00,ONB,,27.040000915527344,27.040000915527344,27.014999389648438,27.014999389648438,17993.0
2026-08-05 14:19:00,ONDS,,8.96500015258789,8.979999542236328,8.960000038146973,8.96500015258789,410040.0
2026-08-05 14:19:00,ONFO,,0.07339999824762344,0.07349999994039536,0.0731000006198883,0.07329999655485153,25063.0
2026-08-05 14:19:00,OPCH,,23.434999465942383,23.434999465942383,23.40999984741211,23.40999984741211,4020.0
2026-08-05 14:19:00,OPEN,,3.809999942779541,3.809999942779541,3.799999952316284,3.805000066757202,73316.0
2026-08-05 14:19:00,OPHC,,8.6850004196167,8.6850004196167,8.6850004196167,8.6850004196167,201.0
2026-08-05 14:19:00,OPRT,,6.130000114440918,6.135000228881836,6.130000114440918,6.135000228881836,1679.0
2026-08-05 14:19:00,OPRX,,6.920000076293945,6.920000076293945,6.920000076293945,6.920000076293945,1895.0
2026-08-05 14:19:00,ORIC,,12.954999923706055,12.954999923706055,12.954999923706055,12.954999923706055,710.0
2026-08-05 14:19:00,ORLY,,92.94999694824219,92.95999908447266,92.90499877929688,92.90499877929688,6427.0
2026-08-05 14:19:00,OSBC,,25.795000076293945,25.799999237060547,25.795000076293945,25.799999237060547,1517.0
2026-08-05 14:19:00,OSIS,,236.72500610351562,236.72500610351562,236.72500610351562,236.72500610351562,428.0
2026-08-05 14:19:00,OSS,,13.779999732971191,13.789999961853027,13.770000457763672,13.777000427246094,3464.0
2026-08-05 14:19:00,OSUR,,4.125,4.125,4.125,4.125,3710.0
2026-08-05 14:19:00,OTEX,,25.924999237060547,25.93000030517578,25.924999237060547,25.93000030517578,2395.0
2026-08-05 14:19:00,OTLK,,1.0123000144958496,1.0199999809265137,1.0123000144958496,1.0149999856948853,5304.0
2026-08-05 14:19:00,OVID,,2.5950000286102295,2.5950000286102295,2.5950000286102295,2.5950000286102295,925.0
2026-08-05 14:19:00,OXLC,,9.164999961853027,9.164999961853027,9.164999961853027,9.164999961853027,1122.0
2026-08-05 14:19:00,OXSQ,,1.5099999904632568,1.5099999904632568,1.5099999904632568,1.5099999904632568,250.0
2026-08-05 14:19:00,PAAS,,48.08000183105469,48.095001220703125,48.06999969482422,48.08000183105469,2091.0
2026-08-05 14:19:00,PACB,,1.315000057220459,1.319000005722046,1.315000057220459,1.319000005722046,2714.0
2026-08-05 14:19:00,PAHC,,35.529998779296875,35.529998779296875,35.529998779296875,35.529998779296875,629.0
2026-08-05 14:19:00,PALI,,2.110100030899048,2.115000009536743,2.109999895095825,2.115000009536743,20336.0
2026-08-05 14:19:00,PANW,,366.3800048828125,366.3800048828125,366.2149963378906,366.2149963378906,4602.0
2026-08-05 14:19:00,PATK,,87.76000213623047,87.76000213623047,87.51000213623047,87.51000213623047,5549.0
2026-08-05 14:19:00,PAX,,11.425000190734863,11.4350004196167,11.425000190734863,11.4350004196167,2116.0
2026-08-05 14:19:00,PAYO,,7.125,7.130000114440918,7.122200012207031,7.122200012207031,746.0
2026-08-05 14:19:00,PAYS,,9.170000076293945,9.170000076293945,9.15999984741211,9.15999984741211,2165.0
2026-08-05 14:19:00,PAYX,,117.87000274658203,117.90889739990234,117.87000274658203,117.90889739990234,2619.0
2026-08-05 14:19:00,PCAR,,134.17999267578125,134.1999969482422,134.17999267578125,134.1999969482422,727.0
2026-08-05 14:19:00,PCRX,,24.6200008392334,24.6200008392334,24.56999969482422,24.56999969482422,1108.0
2026-08-05 14:19:00,PCT,,6.945000171661377,6.945000171661377,6.945000171661377,6.945000171661377,1082.0
2026-08-05 14:19:00,PCTY,,145.44000244140625,145.47000122070312,145.27999877929688,145.27999877929688,1981.0
2026-08-05 14:19:00,PDD,,90.80999755859375,90.8550033569336,90.80999755859375,90.8550033569336,5161.0
2026-08-05 14:19:00,PDFS,,50.2599983215332,50.2599983215332,50.20000076293945,50.20000076293945,2876.0
2026-08-05 14:19:00,PDSB,,0.7235999703407288,0.7235999703407288,0.7181000113487244,0.7181000113487244,2200.0
2026-08-05 14:19:00,PECO,,41.310001373291016,41.310001373291016,41.310001373291016,41.310001373291016,1815.0
2026-08-05 14:19:00,PEGA,,31.825000762939453,31.825000762939453,31.825000762939453,31.825000762939453,1661.0
2026-08-05 14:19:00,PENN,,19.815000534057617,19.815000534057617,19.815000534057617,19.815000534057617,1288.0
2026-08-05 14:19:00,PEP,,138.58999633789062,138.6300048828125,138.58999633789062,138.6300048828125,3542.0
2026-08-05 14:19:00,PEPG,,1.965000033378601,1.965000033378601,1.965000033378601,1.965000033378601,410.0
2026-08-05 14:19:00,PESI,,17.899999618530273,17.899999618530273,17.899999618530273,17.899999618530273,6658.0
2026-08-05 14:19:00,PFG,,114.23999786376953,114.23999786376953,114.20999908447266,114.23999786376953,835.0
2026-08-05 14:19:00,PFX,,44.54999923706055,44.70000076293945,44.54999923706055,44.70000076293945,1347.0
2026-08-05 14:19:00,PGEN,,6.809999942779541,6.824999809265137,6.809999942779541,6.824999809265137,16178.0
2026-08-05 14:19:00,PGY,,21.825000762939453,21.825000762939453,21.825000762939453,21.825000762939453,1340.0
2026-08-05 14:19:00,PHVS,,33.45000076293945,33.45000076293945,33.45000076293945,33.45000076293945,565.0
2026-08-05 14:19:00,PLAB,,32.220001220703125,32.220001220703125,32.220001220703125,32.220001220703125,929.0
2026-08-05 14:19:00,PLUG,,2.0850000381469727,2.0899999141693115,2.0799999237060547,2.089900016784668,50538.0
2026-08-05 14:19:00,PNFP,,107.95999908447266,108.01499938964844,107.8949966430664,108.01499938964844,2457.0
2026-08-05 14:19:00,POET,,8.3149995803833,8.3149995803833,8.3100004196167,8.3100004196167,3667.0
2026-08-05 14:19:00,POWI,,61.96500015258789,61.96500015258789,61.96500015258789,61.96500015258789,664.0
2026-08-05 14:19:00,POWL,,211.88999938964844,212.14930725097656,211.88999938964844,212.05999755859375,575.0
2026-08-05 14:19:00,PPC,,26.469999313354492,26.469999313354492,26.469999313354492,26.469999313354492,1092.0
2026-08-05 14:19:00,PPTA,,22.424999237060547,22.424999237060547,22.424999237060547,22.424999237060547,2051.0
2026-08-05 14:19:00,PRAA,,17.3700008392334,17.3700008392334,17.3700008392334,17.3700008392334,619.0
2026-08-05 14:19:00,PRCT,,19.1875,19.1875,19.174999237060547,19.174999237060547,2257.0
2026-08-05 14:19:00,PRDO,,32.904998779296875,32.904998779296875,32.904998779296875,32.904998779296875,282.0
2026-08-05 14:19:00,PRIM,,85.23500061035156,85.30000305175781,85.20500183105469,85.23500061035156,1650.0
2026-08-05 14:19:00,PRME,,3.075000047683716,3.075000047683716,3.075000047683716,3.075000047683716,2433.0
2026-08-05 14:19:00,PROF,,8.024999618530273,8.024999618530273,8.024999618530273,8.024999618530273,346.0
2026-08-05 14:19:00,PRPL,,9.15999984741211,9.15999984741211,9.15999984741211,9.15999984741211,201.0
2026-08-05 14:19:00,PRQR,,1.965000033378601,1.965000033378601,1.965000033378601,1.965000033378601,138.0
2026-08-05 14:19:00,PRVA,,24.184999465942383,24.184999465942383,24.170000076293945,24.170000076293945,1320.0
2026-08-05 14:19:00,PSEC,,2.180000066757202,2.190000057220459,2.180000066757202,2.190000057220459,9954.0
2026-08-05 14:19:00,PTEN,,9.859999656677246,9.859999656677246,9.854999542236328,9.854999542236328,3132.0
2026-08-05 14:19:00,PTGX,,136.67999267578125,136.81500244140625,136.6300048828125,136.81500244140625,3011.0
2026-08-05 14:19:00,PTLO,,4.614999771118164,4.614999771118164,4.614999771118164,4.614999771118164,2010.0
2026-08-05 14:19:00,PTON,,6.480000019073486,6.489999771118164,6.480000019073486,6.485000133514404,3970.0
2026-08-05 14:19:00,PWP,,17.489999771118164,17.5,17.489999771118164,17.5,3341.0
2026-08-05 14:19:00,PYPD,,4.619999885559082,4.619999885559082,4.619999885559082,4.619999885559082,321.0
2026-08-05 14:19:00,PYPL,,58.13999938964844,58.150001525878906,58.125,58.13999938964844,7159.0
2026-08-05 14:19:00,PYXS,,3.140000104904175,3.140000104904175,3.140000104904175,3.140000104904175,169.0
2026-08-05 14:19:00,PZZA,,30.049999237060547,30.089599609375,30.049999237060547,30.078500747680664,2469.0
2026-08-05 14:19:00,QCOM,,158.27000427246094,158.38999938964844,158.27000427246094,158.35499572753906,14048.0
2026-08-05 14:19:00,QFIN,,13.180000305175781,13.1899995803833,13.180000305175781,13.1899995803833,2760.0
2026-08-05 14:19:00,QQQX,,30.276399612426758,30.280000686645508,30.276399612426758,30.280000686645508,2500.0
2026-08-05 14:19:00,QRVO,,94.8499984741211,94.91000366210938,94.83499908447266,94.91000366210938,3420.0
2026-08-05 14:19:00,SEED,,1.0199999809265137,1.0199999809265137,1.0190000534057617,1.0190000534057617,761.0
2026-08-05 14:19:00,WOOF,,2.934999942779541,2.944999933242798,2.934999942779541,2.944999933242798,11361.0
2026-08-05 14:20:00,ACDC,,4.485000133514404,4.485000133514404,4.485000133514404,4.485000133514404,4186.0
2026-08-05 14:20:00,CNXN,,86.04000091552734,86.04000091552734,86.04000091552734,86.04000091552734,480.0
2026-08-05 14:20:00,EYE,,23.049999237060547,23.049999237060547,23.045000076293945,23.049999237060547,3960.0
2026-08-05 14:20:00,FIZZ,,32.11000061035156,32.11000061035156,32.11000061035156,32.11000061035156,733.0
2026-08-05 14:20:00,GLUE,,15.5600004196167,15.5600004196167,15.5600004196167,15.5600004196167,588.0
2026-08-05 14:20:00,MBRX,,0.39399999380111694,0.39399999380111694,0.39399999380111694,0.39399999380111694,1387.0
2026-08-05 14:20:00,MDB,,375.8999938964844,375.9700012207031,375.6700134277344,375.9700012207031,382.0
2026-08-05 14:20:00,MDLZ,,62.650001525878906,62.67499923706055,62.650001525878906,62.67499923706055,8404.0
2026-08-05 14:20:00,MNRO,,13.170000076293945,13.175000190734863,13.164999961853027,13.170000076293945,6538.0
2026-08-05 14:20:00,MNST,,94.68000030517578,94.70999908447266,94.68000030517578,94.70999908447266,2887.0
2026-08-05 14:20:00,MNTS,,4.289999961853027,4.300000190734863,4.289999961853027,4.300000190734863,10171.0
2026-08-05 14:20:00,MORN,,198.34500122070312,198.34500122070312,198.34500122070312,198.34500122070312,765.0
2026-08-05 14:20:00,MPWR,,1345.699951171875,1345.7049560546875,1344.25,1345.22998046875,342.0
2026-08-05 14:20:00,MRNA,,56.6150016784668,56.63999938964844,56.61000061035156,56.619998931884766,1814.0
2026-08-05 14:20:00,MSGM,,4.400000095367432,4.400000095367432,4.400000095367432,4.400000095367432,1549.0
2026-08-05 14:20:00,MYGN,,3.140000104904175,3.1449999809265137,3.140000104904175,3.1449999809265137,1557.0
2026-08-05 14:20:00,MYRG,,341.1650085449219,341.1650085449219,340.9800109863281,340.9800109863281,624.0
2026-08-05 14:20:00,NAUT,,0.9416999816894531,0.9416999816894531,0.9416999816894531,0.9416999816894531,277.0
2026-08-05 14:20:00,NAVI,,9.125,9.125,9.125,9.125,453.0
2026-08-05 14:20:00,NB,,5.079999923706055,5.089700222015381,5.079999923706055,5.089700222015381,759.0
2026-08-05 14:20:00,NBIX,,162.69500732421875,162.7100067138672,162.52999877929688,162.55999755859375,15501.0
2026-08-05 14:20:00,NBN,,134.1750030517578,134.1750030517578,134.1300048828125,134.16000366210938,1462.0
2026-08-05 14:20:00,NDAQ,,95.05000305175781,95.05000305175781,95.0,95.0,1815.0
2026-08-05 14:20:00,NDSN,,310.0199890136719,310.1400146484375,310.0199890136719,310.1400146484375,474.0
2026-08-05 14:20:00,NEO,,15.994999885559082,15.994999885559082,15.979999542236328,15.979999542236328,1968.0
2026-08-05 14:20:00,NEOV,,2.8299999237060547,2.8299999237060547,2.8299999237060547,2.8299999237060547,942.0
2026-08-05 14:20:00,NESR,,28.67919921875,28.67919921875,28.67919921875,28.67919921875,449.0
2026-08-05 14:20:00,NEXT,,6.485000133514404,6.485000133514404,6.485000133514404,6.485000133514404,586.0
2026-08-05 14:20:00,NFE,,0.3400999903678894,0.3400999903678894,0.3400999903678894,0.3400999903678894,280.0
2026-08-05 14:20:00,NFLX,,73.48989868164062,73.48999786376953,73.47000122070312,73.47579956054688,26503.0
2026-08-05 14:20:00,NICE,,99.37000274658203,99.37000274658203,99.12750244140625,99.1500015258789,8930.0
2026-08-05 14:20:00,NMFC,,7.315000057220459,7.315000057220459,7.315000057220459,7.315000057220459,239.0
2026-08-05 14:20:00,NMIH,,44.56999969482422,44.595001220703125,44.56999969482422,44.595001220703125,1595.0
2026-08-05 14:20:00,NMRA,,1.6050000190734863,1.6050000190734863,1.6050000190734863,1.6050000190734863,1329.0
2026-08-05 14:20:00,NN,,14.520000457763672,14.539999961853027,14.520000457763672,14.529999732971191,5091.0
2026-08-05 14:20:00,NNBR,,3.880000114440918,3.889899969100952,3.880000114440918,3.884999990463257,1054.0
2026-08-05 14:20:00,NNDM,,1.5449999570846558,1.5449999570846558,1.5449999570846558,1.5449999570846558,643.0
2026-08-05 14:20:00,NOVT,,155.82000732421875,155.82000732421875,155.82000732421875,155.82000732421875,1147.0
2026-08-05 14:20:00,NPCE,,13.699999809265137,13.699999809265137,13.699999809265137,13.699999809265137,471.0
2026-08-05 14:20:00,NRC,,19.6299991607666,19.6299991607666,19.600000381469727,19.600000381469727,876.0
2026-08-05 14:20:00,NRIX,,24.8700008392334,24.8799991607666,24.8700008392334,24.8799991607666,1342.0
2026-08-05 14:20:00,NRXP,,3.0799999237060547,3.0799999237060547,3.0799999237060547,3.0799999237060547,298.0
2026-08-05 14:20:00,NTAP,,191.02499389648438,191.11000061035156,190.94000244140625,190.94000244140625,1843.0
2026-08-05 14:20:00,NTCT,,41.92499923706055,41.939998626708984,41.91999816894531,41.939998626708984,1237.0
2026-08-05 14:20:00,NTES,,127.62000274658203,127.62000274658203,127.62000274658203,127.62000274658203,200.0
2026-08-05 14:20:00,NTGR,,24.364999771118164,24.3700008392334,24.30500030517578,24.329999923706055,13610.0
2026-08-05 14:20:00,NTNX,,61.060001373291016,61.07500076293945,61.02000045776367,61.029998779296875,16331.0
2026-08-05 14:20:00,NTRA,,274.07000732421875,274.2699890136719,274.07000732421875,274.2699890136719,837.0
2026-08-05 14:20:00,NTRS,,184.42999267578125,184.50999450683594,184.4199981689453,184.50999450683594,2648.0
2026-08-05 14:20:00,NUWE,,1.690000057220459,1.7009999752044678,1.690000057220459,1.7009999752044678,1865.0
2026-08-05 14:20:00,NVAX,,7.605000019073486,7.605000019073486,7.599999904632568,7.599999904632568,5143.0
2026-08-05 14:20:00,NVCR,,16.110000610351562,16.110000610351562,16.104999542236328,16.110000610351562,1241.0
2026-08-05 14:20:00,NVCT,,19.584999084472656,19.610000610351562,19.579999923706055,19.579999923706055,1742.0
2026-08-05 14:20:00,NVDA,,221.48500061035156,221.50999450683594,221.38999938964844,221.41859436035156,275349.0
2026-08-05 14:20:00,NVMI,,407.239990234375,407.239990234375,407.20001220703125,407.20001220703125,536.0
2026-08-05 14:20:00,NVTS,,12.45989990234375,12.45989990234375,12.4350004196167,12.449999809265137,12567.0
2026-08-05 14:20:00,NWBI,,15.9399995803833,15.944999694824219,15.9399995803833,15.944999694824219,2741.0
2026-08-05 14:20:00,NWL,,6.258900165557861,6.264999866485596,6.250500202178955,6.260000228881836,28434.0
2026-08-05 14:20:00,NWPX,,127.4000015258789,127.4000015258789,127.4000015258789,127.4000015258789,410.0
2026-08-05 14:20:00,NWS,,32.369998931884766,32.369998931884766,32.369998931884766,32.369998931884766,123.0
2026-08-05 14:20:00,NWSA,,28.334999084472656,28.34000015258789,28.334999084472656,28.34000015258789,1934.0
2026-08-05 14:20:00,NXGL,,0.4000000059604645,0.4000000059604645,0.4000000059604645,0.4000000059604645,100.0
2026-08-05 14:20:00,NXPI,,231.71009826660156,231.82000732421875,231.71009826660156,231.82000732421875,4828.0
2026-08-05 14:20:00,NXT,,98.66999816894531,98.7300033569336,98.63500213623047,98.63500213623047,5535.0
2026-08-05 14:20:00,NXTC,,5.079999923706055,5.079999923706055,5.03000020980835,5.03000020980835,400.0
2026-08-05 14:20:00,OCGN,,1.284999966621399,1.284999966621399,1.284999966621399,1.284999966621399,4159.0
2026-08-05 14:20:00,OCUL,,8.600000381469727,8.600000381469727,8.600000381469727,8.600000381469727,1984.0
2026-08-05 14:20:00,ODFL,,213.75,213.82000732421875,213.75,213.82000732421875,2658.0
2026-08-05 14:20:00,OKTA,,148.10499572753906,148.14999389648438,148.10499572753906,148.14999389648438,646.0
2026-08-05 14:20:00,OLLI,,78.1500015258789,78.1500015258789,78.1050033569336,78.1050033569336,1628.0
2026-08-05 14:20:00,OLMA,,11.579999923706055,11.579999923706055,11.579999923706055,11.579999923706055,525.0
2026-08-05 14:20:00,OM,,5.065000057220459,5.065000057220459,5.065000057220459,5.065000057220459,1577.0
2026-08-05 14:20:00,OMCL,,37.33000183105469,37.33000183105469,37.33000183105469,37.33000183105469,247.0
2026-08-05 14:20:00,OMER,,12.899999618530273,12.899999618530273,12.850000381469727,12.854999542236328,31824.0
2026-08-05 14:20:00,OMH,,0.11479999870061874,0.11479999870061874,0.11479999870061874,0.11479999870061874,2535.0
2026-08-05 14:20:00,ON,,78.0,78.01499938964844,77.94000244140625,77.97000122070312,19831.0
2026-08-05 14:20:00,ONB,,27.03499984741211,27.045000076293945,27.03499984741211,27.040000915527344,7838.0
2026-08-05 14:20:00,ONCY,,0.7943999767303467,0.7950000166893005,0.7919999957084656,0.7950000166893005,1055.0
2026-08-05 14:20:00,ONDS,,8.960000038146973,8.970000267028809,8.949999809265137,8.96500015258789,189882.0
2026-08-05 14:20:00,ONFO,,0.07329999655485153,0.07329999655485153,0.0729999989271164,0.07329999655485153,22244.0
2026-08-05 14:20:00,OPCH,,23.440000534057617,23.440000534057617,23.40999984741211,23.43000030517578,3197.0
2026-08-05 14:20:00,OPEN,,3.8099000453948975,3.809999942779541,3.799999952316284,3.805000066757202,58158.0
2026-08-05 14:20:00,OPHC,,8.789999961853027,8.789999961853027,8.75,8.75,369.0
2026-08-05 14:20:00,OPRT,,6.119999885559082,6.119999885559082,6.119999885559082,6.119999885559082,802.0
2026-08-05 14:20:00,ORGO,,2.325000047683716,2.3299999237060547,2.325000047683716,2.3299999237060547,5612.0
2026-08-05 14:20:00,ORIC,,12.960000038146973,12.960000038146973,12.949999809265137,12.949999809265137,1753.0
2026-08-05 14:20:00,ORLY,,92.93499755859375,92.94999694824219,92.91999816894531,92.94999694824219,6495.0
2026-08-05 14:20:00,OSBC,,25.790000915527344,25.790000915527344,25.790000915527344,25.790000915527344,537.0
2026-08-05 14:20:00,OSPN,,16.579999923706055,16.579999923706055,16.579999923706055,16.579999923706055,6203.0
2026-08-05 14:20:00,OSS,,13.789999961853027,13.789999961853027,13.789999961853027,13.789999961853027,3079.0
2026-08-05 14:20:00,OSW,,26.510000228881836,26.510000228881836,26.469999313354492,26.469999313354492,6089.0
2026-08-05 14:20:00,OTEX,,25.934999465942383,25.940000534057617,25.93000030517578,25.93000030517578,4485.0
2026-08-05 14:20:00,OTLK,,1.0149999856948853,1.0149999856948853,1.0149999856948853,1.0149999856948853,1352.0
2026-08-05 14:20:00,OTLY,,14.380000114440918,14.380000114440918,14.380000114440918,14.380000114440918,412.0
2026-08-05 14:20:00,OVID,,2.5999999046325684,2.5999999046325684,2.5999999046325684,2.5999999046325684,510.0
2026-08-05 14:20:00,OXSQ,,1.5049999952316284,1.5099999904632568,1.5049999952316284,1.5099999904632568,4150.0
2026-08-05 14:20:00,PAA,,23.184999465942383,23.184999465942383,23.184999465942383,23.184999465942383,119.0
2026-08-05 14:20:00,PAAS,,48.1349983215332,48.150001525878906,48.089500427246094,48.089500427246094,3417.0
2026-08-05 14:20:00,PACB,,1.315000057220459,1.3164000511169434,1.309999942779541,1.309999942779541,3086.0
2026-08-05 14:20:00,PAGP,,25.174999237060547,25.174999237060547,25.174999237060547,25.174999237060547,850.0
2026-08-05 14:20:00,PALI,,2.115000009536743,2.119999885559082,2.115000009536743,2.115000009536743,11732.0
2026-08-05 14:20:00,PANW,,366.30999755859375,366.42999267578125,366.2900085449219,366.4100036621094,4350.0
2026-08-05 14:20:00,PATK,,87.72000122070312,87.79000091552734,87.70999908447266,87.79000091552734,2165.0
2026-08-05 14:20:00,PAX,,11.425000190734863,11.425000190734863,11.414999961853027,11.420000076293945,4271.0
2026-08-05 14:20:00,PAYO,,7.130000114440918,7.130000114440918,7.119999885559082,7.125,1950.0
2026-08-05 14:20:00,PAYX,,117.91000366210938,117.91000366210938,117.88999938964844,117.9000015258789,1297.0
2026-08-05 14:20:00,PCAR,,134.13999938964844,134.14999389648438,134.1199951171875,134.14999389648438,5467.0
2026-08-05 14:20:00,PCB,,28.049999237060547,28.049999237060547,28.049999237060547,28.049999237060547,812.0
2026-08-05 14:20:00,PCT,,6.945000171661377,6.945000171661377,6.940000057220459,6.943600177764893,2763.0
2026-08-05 14:20:00,PCTY,,145.32000732421875,145.32000732421875,145.32000732421875,145.32000732421875,358.0
2026-08-05 14:20:00,PDD,,90.8550033569336,90.87000274658203,90.80999755859375,90.80999755859375,5419.0
2026-08-05 14:20:00,PECO,,41.29999923706055,41.310001373291016,41.29999923706055,41.310001373291016,1489.0
2026-08-05 14:20:00,PEGA,,31.850000381469727,31.850000381469727,31.825000762939453,31.825000762939453,4123.0
2026-08-05 14:20:00,PENN,,19.815000534057617,19.81999969482422,19.815000534057617,19.81999969482422,3281.0
2026-08-05 14:20:00,PEP,,138.52999877929688,138.58999633789062,138.52999877929688,138.58999633789062,2864.0
2026-08-05 14:20:00,PERI,,9.569999694824219,9.569999694824219,9.569999694824219,9.569999694824219,525.0
2026-08-05 14:20:00,PFG,,114.18499755859375,114.22000122070312,114.1500015258789,114.22000122070312,1770.0
2026-08-05 14:20:00,PFX,,44.70000076293945,44.709999084472656,44.70000076293945,44.709999084472656,7005.0
2026-08-05 14:20:00,PGEN,,6.815000057220459,6.820000171661377,6.804999828338623,6.809999942779541,6766.0
2026-08-05 14:20:00,PGY,,21.809999465942383,21.809999465942383,21.78499984741211,21.809999465942383,5372.0
2026-08-05 14:20:00,PHAT,,8.393799781799316,8.393799781799316,8.393799781799316,8.393799781799316,1200.0
2026-08-05 14:20:00,PLAB,,32.21500015258789,32.21500015258789,32.21500015258789,32.21500015258789,506.0
2026-08-05 14:20:00,PLPC,,472.1499938964844,472.1499938964844,472.1499938964844,472.1499938964844,161.0
2026-08-05 14:20:00,PLTK,,3.884999990463257,3.884999990463257,3.884999990463257,3.884999990463257,1262.0
2026-08-05 14:20:00,PLUG,,2.0799999237060547,2.0899999141693115,2.0799999237060547,2.0899999141693115,12346.0
2026-08-05 14:20:00,POET,,8.329999923706055,8.329999923706055,8.3100004196167,8.319999694824219,8382.0
2026-08-05 14:20:00,POWI,,61.96500015258789,61.96500015258789,61.96500015258789,61.96500015258789,443.0
2026-08-05 14:20:00,POWL,,211.8800048828125,211.8800048828125,211.8800048828125,211.8800048828125,271.0
2026-08-05 14:20:00,PPC,,26.43000030517578,26.43000030517578,26.43000030517578,26.43000030517578,334.0
2026-08-05 14:20:00,PPSI,,2.9800000190734863,2.9800000190734863,2.9800000190734863,2.9800000190734863,0.0
2026-08-05 14:20:00,PPTA,,22.459999084472656,22.459999084472656,22.440000534057617,22.440000534057617,1363.0
2026-08-05 14:20:00,PRAX,,317.6499938964844,317.6499938964844,317.6499938964844,317.6499938964844,292.0
2026-08-05 14:20:00,PRCH,,15.800000190734863,15.800000190734863,15.800000190734863,15.800000190734863,2368.0
2026-08-05 14:20:00,PRCT,,19.1200008392334,19.364999771118164,19.1200008392334,19.25,18965.0
2026-08-05 14:20:00,PRIM,,84.96499633789062,85.23999786376953,84.87999725341797,84.96499633789062,6909.0
2026-08-05 14:20:00,PRME,,3.069999933242798,3.075000047683716,3.069999933242798,3.075000047683716,1168.0
2026-08-05 14:20:00,PROF,,8.024999618530273,8.024999618530273,8.024999618530273,8.024999618530273,3598.0
2026-08-05 14:20:00,PRPL,,9.2608003616333,9.2608003616333,9.2608003616333,9.2608003616333,877.0
2026-08-05 14:20:00,PRQR,,1.9700000286102295,1.9700000286102295,1.9700000286102295,1.9700000286102295,438.0
2026-08-05 14:20:00,PRVA,,24.174999237060547,24.18000030517578,24.170000076293945,24.18000030517578,1351.0
2026-08-05 14:20:00,PSEC,,2.190000057220459,2.190000057220459,2.190000057220459,2.190000057220459,1098.0
2026-08-05 14:20:00,PTEN,,9.859999656677246,9.859999656677246,9.854999542236328,9.859700202941895,4194.0
2026-08-05 14:20:00,PTON,,6.489999771118164,6.489999771118164,6.480000019073486,6.480000019073486,2534.0
2026-08-05 14:20:00,PWP,,17.469999313354492,17.469999313354492,17.469999313354492,17.469999313354492,342.0
2026-08-05 14:20:00,PYPL,,58.150001525878906,58.154998779296875,58.1349983215332,58.1349983215332,4291.0
2026-08-05 14:20:00,PYXS,,3.130000114440918,3.130000114440918,3.130000114440918,3.130000114440918,116.0
2026-08-05 14:20:00,PZZA,,30.06999969482422,30.070499420166016,30.059900283813477,30.059999465942383,3435.0
2026-08-05 14:20:00,QCOM,,158.24000549316406,158.28500366210938,158.19000244140625,158.24000549316406,7170.0
2026-08-05 14:20:00,QQQX,,30.260000228881836,30.360000610351562,30.260000228881836,30.299999237060547,1907.0
2026-08-05 14:20:00,QRVO,,94.83000183105469,94.8594970703125,94.80500030517578,94.81999969482422,2755.0
2026-08-05 14:20:00,SEED,,1.0099999904632568,1.0199999809265137,1.0099999904632568,1.0199999809265137,400.0
2026-08-05 14:20:00,WOOF,,2.934999942779541,2.934999942779541,2.934999942779541,2.934999942779541,369.0
2026-08-05 14:21:00,ACDC,,4.485000133514404,4.485000133514404,4.485000133514404,4.485000133514404,3705.0
2026-08-05 14:21:00,BPOP,,177.1300048828125,177.1300048828125,177.1300048828125,177.1300048828125,267.0
2026-08-05 14:21:00,EYE,,23.030000686645508,23.040000915527344,23.030000686645508,23.040000915527344,3555.0
2026-08-05 14:21:00,FIZZ,,32.099998474121094,32.099998474121094,32.099998474121094,32.099998474121094,1202.0
2026-08-05 14:21:00,GLUE,,15.539999961853027,15.550000190734863,15.539999961853027,15.550000190734863,2729.0
2026-08-05 14:21:00,LUNG,,2.0,2.0,2.0,2.0,600.0
2026-08-05 14:21:00,MBRX,,0.4000000059604645,0.4000000059604645,0.3968000113964081,0.3968000113964081,1385.0
2026-08-05 14:21:00,MDB,,375.989990234375,376.2799987792969,375.9100036621094,375.9100036621094,2849.0
2026-08-05 14:21:00,MDLZ,,62.619998931884766,62.64500045776367,62.60499954223633,62.64500045776367,10095.0
2026-08-05 14:21:00,MLTX,,17.610000610351562,17.610000610351562,17.610000610351562,17.610000610351562,1633.0
2026-08-05 14:21:00,MNPR,,117.31999969482422,117.31999969482422,117.31999969482422,117.31999969482422,1929.0
2026-08-05 14:21:00,MNST,,94.65499877929688,94.68499755859375,94.6449966430664,94.68499755859375,4148.0
2026-08-05 14:21:00,MNTS,,4.289999961853027,4.289999961853027,4.289999961853027,4.289999961853027,0.0
2026-08-05 14:21:00,MPAA,,13.710000038146973,13.710000038146973,13.710000038146973,13.710000038146973,328.0
2026-08-05 14:21:00,MPWR,,1344.25,1345.6500244140625,1344.25,1345.6500244140625,171.0
2026-08-05 14:21:00,MRNA,,56.58000183105469,56.6150016784668,56.58000183105469,56.6150016784668,3751.0
2026-08-05 14:21:00,MSGM,,4.400000095367432,4.420000076293945,4.400000095367432,4.420000076293945,0.0
2026-08-05 14:21:00,MYGN,,3.140000104904175,3.1449999809265137,3.140000104904175,3.1449999809265137,2582.0
2026-08-05 14:21:00,MYPS,,0.7318000197410583,0.7318000197410583,0.7318000197410583,0.7318000197410583,186.0
2026-08-05 14:21:00,MYRG,,340.81500244140625,341.05999755859375,340.81500244140625,340.8299865722656,601.0
2026-08-05 14:21:00,NAAS,,3.2899999618530273,3.2899999618530273,3.2799999713897705,3.2799999713897705,450.0
2026-08-05 14:21:00,NAMS,,27.559999465942383,27.56999969482422,27.559999465942383,27.56999969482422,1196.0
2026-08-05 14:21:00,NAUT,,0.9408000111579895,0.9409000277519226,0.9408000111579895,0.9409000277519226,1537.0
2026-08-05 14:21:00,NAVI,,9.119999885559082,9.119999885559082,9.119999885559082,9.119999885559082,1488.0
2026-08-05 14:21:00,NB,,5.090000152587891,5.09499979019165,5.090000152587891,5.090000152587891,3462.0
2026-08-05 14:21:00,NBIX,,162.5749969482422,162.5749969482422,162.5749969482422,162.5749969482422,288.0
2026-08-05 14:21:00,NBN,,134.35000610351562,134.35000610351562,134.35000610351562,134.35000610351562,1522.0
2026-08-05 14:21:00,NBTB,,53.33000183105469,53.33000183105469,53.31999969482422,53.31999969482422,975.0
2026-08-05 14:21:00,NDAQ,,95.02999877929688,95.02999877929688,95.02999877929688,95.02999877929688,1737.0
2026-08-05 14:21:00,NEGG,,16.84000015258789,16.84000015258789,16.84000015258789,16.84000015258789,1207.0
2026-08-05 14:21:00,NEO,,15.979999542236328,15.989999771118164,15.979999542236328,15.989999771118164,1473.0
2026-08-05 14:21:00,NEOG,,11.619999885559082,11.619999885559082,11.604999542236328,11.604999542236328,23013.0
2026-08-05 14:21:00,NEOV,,2.825000047683716,2.825000047683716,2.825000047683716,2.825000047683716,1453.0
2026-08-05 14:21:00,NESR,,28.665000915527344,28.674999237060547,28.65999984741211,28.674999237060547,911.0
2026-08-05 14:21:00,NEXT,,6.474999904632568,6.480000019073486,6.474999904632568,6.480000019073486,7391.0
2026-08-05 14:21:00,NFE,,0.33980000019073486,0.3398999869823456,0.33980000019073486,0.3398999869823456,4199.0
2026-08-05 14:21:00,NFLX,,73.4749984741211,73.4999008178711,73.4749984741211,73.48310089111328,21648.0
2026-08-05 14:21:00,NGNE,,35.35499954223633,35.35499954223633,35.35499954223633,35.35499954223633,401.0
2026-08-05 14:21:00,NICE,,99.41999816894531,99.43000030517578,99.37000274658203,99.37000274658203,1867.0
2026-08-05 14:21:00,NIU,,2.4649999141693115,2.4649999141693115,2.4649999141693115,2.4649999141693115,470.0
2026-08-05 14:21:00,NMFC,,7.320000171661377,7.320000171661377,7.320000171661377,7.320000171661377,2227.0
2026-08-05 14:21:00,NMIH,,44.525001525878906,44.525001525878906,44.525001525878906,44.525001525878906,491.0
2026-08-05 14:21:00,NMRA,,1.6100000143051147,1.6100000143051147,1.6100000143051147,1.6100000143051147,1391.0
2026-08-05 14:21:00,NMTC,,1.659999966621399,1.6699999570846558,1.659999966621399,1.6699999570846558,966.0
2026-08-05 14:21:00,NN,,14.569999694824219,14.585000038146973,14.524999618530273,14.529999732971191,17789.0
2026-08-05 14:21:00,NNBR,,3.884999990463257,3.884999990463257,3.884999990463257,3.884999990463257,183.0
2026-08-05 14:21:00,NNDM,,1.5449999570846558,1.5449999570846558,1.5449999570846558,1.5449999570846558,603.0
2026-08-05 14:21:00,NRC,,19.649999618530273,19.649999618530273,19.649999618530273,19.649999618530273,317.0
2026-08-05 14:21:00,NRDS,,9.09000015258789,9.09000015258789,9.09000015258789,9.09000015258789,1213.0
2026-08-05 14:21:00,NRIM,,27.0,27.0,27.0,27.0,494.0
2026-08-05 14:21:00,NRIX,,24.834999084472656,24.864999771118164,24.834999084472656,24.864999771118164,961.0
2026-08-05 14:21:00,NRXP,,3.0799999237060547,3.0799999237060547,3.0799999237060547,3.0799999237060547,138.0
2026-08-05 14:21:00,NTAP,,190.39999389648438,191.14999389648438,190.25,191.14999389648438,19334.0
2026-08-05 14:21:00,NTES,,127.61499786376953,127.61499786376953,127.61499786376953,127.61499786376953,510.0
2026-08-05 14:21:00,NTNX,,61.099998474121094,61.099998474121094,61.08000183105469,61.08000183105469,2748.0
2026-08-05 14:21:00,NTRA,,273.9825134277344,274.07000732421875,273.9549865722656,274.07000732421875,3825.0
2026-08-05 14:21:00,NTRS,,184.30999755859375,184.38999938964844,184.30999755859375,184.38999938964844,681.0
2026-08-05 14:21:00,NUWE,,1.690000057220459,1.6998000144958496,1.690000057220459,1.6998000144958496,303.0
2026-08-05 14:21:00,NVAX,,7.590000152587891,7.605000019073486,7.585000038146973,7.605000019073486,14210.0
2026-08-05 14:21:00,NVCR,,16.1200008392334,16.1200008392334,16.110000610351562,16.110000610351562,1162.0
2026-08-05 14:21:00,NVDA,,221.4600067138672,221.52999877929688,221.4499969482422,221.48500061035156,174909.0
2026-08-05 14:21:00,NVEC,,130.4550018310547,130.4550018310547,130.4550018310547,130.4550018310547,764.0
2026-08-05 14:21:00,NVMI,,407.5899963378906,407.5899963378906,407.0150146484375,407.0150146484375,509.0
2026-08-05 14:21:00,NVTS,,12.444999694824219,12.460000038146973,12.444999694824219,12.460000038146973,11724.0
2026-08-05 14:21:00,NWGL,,0.26019999384880066,0.26019999384880066,0.26019999384880066,0.26019999384880066,230.0
2026-08-05 14:21:00,NWL,,6.255000114440918,6.255000114440918,6.255000114440918,6.255000114440918,1299.0
2026-08-05 14:21:00,NWS,,32.375,32.375,32.369998931884766,32.375,1316.0
2026-08-05 14:21:00,NWSA,,28.34000015258789,28.34000015258789,28.334999084472656,28.334999084472656,7422.0
2026-08-05 14:21:00,NXPI,,231.75999450683594,231.75999450683594,231.75999450683594,231.75999450683594,1032.0
2026-08-05 14:21:00,NXST,,192.27999877929688,192.4600067138672,192.27999877929688,192.4600067138672,4013.0
2026-08-05 14:21:00,NXT,,98.63500213623047,98.66999816894531,98.5999984741211,98.66999816894531,7597.0
2026-08-05 14:21:00,NXTC,,5.150000095367432,5.150000095367432,5.090000152587891,5.099999904632568,11166.0
2026-08-05 14:21:00,OCFC,,19.905000686645508,19.915000915527344,19.905000686645508,19.915000915527344,3305.0
2026-08-05 14:21:00,OCGN,,1.2831000089645386,1.2899999618530273,1.2799999713897705,1.284999966621399,22041.0
2026-08-05 14:21:00,OCSL,,12.104999542236328,12.104999542236328,12.104999542236328,12.104999542236328,1741.0
2026-08-05 14:21:00,OCUL,,8.59000015258789,8.595000267028809,8.59000015258789,8.595000267028809,1783.0
2026-08-05 14:21:00,OKTA,,148.1999969482422,148.25,148.10499572753906,148.10499572753906,3367.0
2026-08-05 14:21:00,OLLI,,78.16000366210938,78.16000366210938,78.16000366210938,78.16000366210938,754.0
2026-08-05 14:21:00,OMCL,,37.380001068115234,37.380001068115234,37.380001068115234,37.380001068115234,375.0
2026-08-05 14:21:00,OMER,,12.875,12.899999618530273,12.864999771118164,12.899999618530273,1887.0
2026-08-05 14:21:00,OMH,,0.1152999997138977,0.1152999997138977,0.1145000010728836,0.1145000010728836,11606.0
2026-08-05 14:21:00,ON,,77.98999786376953,78.01000213623047,77.9800033569336,78.01000213623047,6650.0
2026-08-05 14:21:00,ONB,,27.024999618530273,27.03499984741211,27.024999618530273,27.03499984741211,17981.0
2026-08-05 14:21:00,ONDS,,8.94890022277832,8.970000267028809,8.944999694824219,8.96500015258789,435298.0
2026-08-05 14:21:00,ONFO,,0.0729999989271164,0.07329999655485153,0.07289999723434448,0.07320000231266022,27408.0
2026-08-05 14:21:00,ONMD,,0.6757000088691711,0.6757000088691711,0.6757000088691711,0.6757000088691711,200.0
2026-08-05 14:21:00,OPCH,,23.434999465942383,23.450000762939453,23.424999237060547,23.424999237060547,2304.0
2026-08-05 14:21:00,OPEN,,3.799999952316284,3.809999942779541,3.799999952316284,3.80049991607666,63830.0
2026-08-05 14:21:00,OPK,,1.315000057220459,1.315000057220459,1.309999942779541,1.315000057220459,1746.0
2026-08-05 14:21:00,ORIC,,12.949999809265137,12.960000038146973,12.949999809265137,12.960000038146973,1385.0
2026-08-05 14:21:00,ORLY,,92.95999908447266,92.95999908447266,92.91999816894531,92.94999694824219,5134.0
2026-08-05 14:21:00,OSBC,,25.795000076293945,25.795000076293945,25.795000076293945,25.795000076293945,385.0
2026-08-05 14:21:00,OSPN,,16.6299991607666,16.6299991607666,16.6299991607666,16.6299991607666,405.0
2026-08-05 14:21:00,OSS,,13.789999961853027,13.789999961853027,13.750100135803223,13.750100135803223,3930.0
2026-08-05 14:21:00,OSW,,26.514999389648438,26.520000457763672,26.5,26.5,2274.0
2026-08-05 14:21:00,OTEX,,25.940000534057617,25.954999923706055,25.940000534057617,25.94499969482422,2883.0
2026-08-05 14:21:00,OTLK,,1.0199999809265137,1.0199999809265137,1.0149999856948853,1.0149999856948853,2093.0
2026-08-05 14:21:00,OTLY,,14.358099937438965,14.358099937438965,14.358099937438965,14.358099937438965,267.0
2026-08-05 14:21:00,OVID,,2.5999999046325684,2.5999999046325684,2.5999999046325684,2.5999999046325684,662.0
2026-08-05 14:21:00,OXLC,,9.170000076293945,9.170000076293945,9.164999961853027,9.164999961853027,545.0
2026-08-05 14:21:00,OXSQ,,1.5049999952316284,1.5099999904632568,1.5049999952316284,1.5099999904632568,7529.0
2026-08-05 14:21:00,PAA,,23.184999465942383,23.184999465942383,23.184999465942383,23.184999465942383,420.0
2026-08-05 14:21:00,PAAS,,48.15999984741211,48.15999984741211,48.130001068115234,48.13999938964844,5665.0
2026-08-05 14:21:00,PAGP,,25.174999237060547,25.17639923095703,25.174999237060547,25.17639923095703,719.0
2026-08-05 14:21:00,PANW,,366.260009765625,366.4150085449219,366.239990234375,366.4150085449219,5776.0
2026-08-05 14:21:00,PAYO,,7.119999885559082,7.125,7.119999885559082,7.125,1391.0
2026-08-05 14:21:00,PAYX,,117.8949966430664,117.9000015258789,117.8949966430664,117.9000015258789,2049.0
2026-08-05 14:21:00,PBYI,,8.050000190734863,8.050000190734863,8.050000190734863,8.050000190734863,319.0
2026-08-05 14:21:00,PCAR,,134.19000244140625,134.2100067138672,134.13499450683594,134.16000366210938,8341.0
2026-08-05 14:21:00,PCT,,6.945000171661377,6.945000171661377,6.945000171661377,6.945000171661377,1534.0
2026-08-05 14:21:00,PCTY,,145.5800018310547,145.5800018310547,145.33999633789062,145.33999633789062,943.0
2026-08-05 14:21:00,PDD,,90.88500213623047,90.91000366210938,90.87999725341797,90.87999725341797,4819.0
2026-08-05 14:21:00,PDFS,,50.29999923706055,50.29999923706055,50.29999923706055,50.29999923706055,324.0
2026-08-05 14:21:00,PDSB,,0.7200000286102295,0.7200000286102295,0.7200000286102295,0.7200000286102295,200.0
2026-08-05 14:21:00,PEGA,,31.864999771118164,31.875,31.850000381469727,31.850000381469727,3214.0
2026-08-05 14:21:00,PENN,,19.81999969482422,19.81999969482422,19.815000534057617,19.815000534057617,1684.0
2026-08-05 14:21:00,PEP,,138.47999572753906,138.5050048828125,138.47500610351562,138.5,8087.0
2026-08-05 14:21:00,PEPG,,1.965000033378601,1.965000033378601,1.965000033378601,1.965000033378601,415.0
2026-08-05 14:21:00,PERI,,9.569999694824219,9.569999694824219,9.569999694824219,9.569999694824219,491.0
2026-08-05 14:21:00,PFG,,114.1500015258789,114.1500015258789,114.1500015258789,114.1500015258789,544.0
2026-08-05 14:21:00,PGC,,46.59000015258789,46.59000015258789,46.59000015258789,46.59000015258789,1355.0
2026-08-05 14:21:00,PGEN,,6.804999828338623,6.815000057220459,6.804999828338623,6.809999942779541,7583.0
2026-08-05 14:21:00,PGY,,21.829999923706055,21.850000381469727,21.809999465942383,21.809999465942383,5818.0
2026-08-05 14:21:00,PHVS,,33.470001220703125,33.529998779296875,33.470001220703125,33.470001220703125,1609.0
2026-08-05 14:21:00,PKOH,,41.22999954223633,41.22999954223633,41.22999954223633,41.22999954223633,781.0
2026-08-05 14:21:00,PLUG,,2.0850000381469727,2.0899999141693115,2.0799999237060547,2.0876998901367188,6680.0
2026-08-05 14:21:00,PNBK,,1.1399999856948853,1.1399999856948853,1.1399999856948853,1.1399999856948853,344.0
2026-08-05 14:21:00,PNFP,,107.91000366210938,107.95999908447266,107.91000366210938,107.91000366210938,1410.0
2026-08-05 14:21:00,POET,,8.3100004196167,8.324999809265137,8.3100004196167,8.319999694824219,6077.0
2026-08-05 14:21:00,POOL,,205.3699951171875,205.3699951171875,205.3699951171875,205.3699951171875,666.0
2026-08-05 14:21:00,POWI,,61.96500015258789,61.96500015258789,61.96500015258789,61.96500015258789,973.0
2026-08-05 14:21:00,POWL,,211.5500946044922,211.6300048828125,211.5500946044922,211.6300048828125,353.0
2026-08-05 14:21:00,PPC,,26.434999465942383,26.434999465942383,26.434999465942383,26.434999465942383,837.0
2026-08-05 14:21:00,PPTA,,22.46500015258789,22.46500015258789,22.46500015258789,22.46500015258789,463.0
2026-08-05 14:21:00,PRCH,,15.805000305175781,15.805000305175781,15.800000190734863,15.800000190734863,919.0
2026-08-05 14:21:00,PRCT,,19.145000457763672,19.145000457763672,19.145000457763672,19.145000457763672,2048.0
2026-08-05 14:21:00,PRDO,,32.88999938964844,32.88999938964844,32.88999938964844,32.88999938964844,2039.0
2026-08-05 14:21:00,PRE,,18.5,18.5,18.5,18.5,866.0
2026-08-05 14:21:00,PRFX,,1.1101000308990479,1.1101000308990479,1.1101000308990479,1.1101000308990479,214.0
2026-08-05 14:21:00,PRIM,,84.95999908447266,84.95999908447266,84.95999908447266,84.95999908447266,453.0
2026-08-05 14:21:00,PRME,,3.069999933242798,3.075000047683716,3.065000057220459,3.075000047683716,8602.0
2026-08-05 14:21:00,PROK,,1.6399999856948853,1.6449999809265137,1.6399999856948853,1.6449999809265137,743.0
2026-08-05 14:21:00,PRQR,,1.9550000429153442,1.9600000381469727,1.9550000429153442,1.9600000381469727,13084.0
2026-08-05 14:21:00,PRSO,,0.6973000168800354,0.6973000168800354,0.6902999877929688,0.6904000043869019,3874.0
2026-08-05 14:21:00,PRTA,,8.494999885559082,8.494999885559082,8.494999885559082,8.494999885559082,874.0
2026-08-05 14:21:00,PRTH,,6.619999885559082,6.619999885559082,6.619999885559082,6.619999885559082,1830.0
2026-08-05 14:21:00,PRVA,,24.190000534057617,24.190000534057617,24.190000534057617,24.190000534057617,276.0
2026-08-05 14:21:00,PSEC,,2.184999942779541,2.184999942779541,2.1812000274658203,2.183500051498413,5928.0
2026-08-05 14:21:00,PSNL,,13.520000457763672,13.524999618530273,13.520000457763672,13.524999618530273,1808.0
2026-08-05 14:21:00,PTEN,,9.854999542236328,9.859999656677246,9.850000381469727,9.85099983215332,23953.0
2026-08-05 14:21:00,PTLO,,4.605000019073486,4.610000133514404,4.605000019073486,4.610000133514404,3284.0
2026-08-05 14:21:00,PTON,,6.480199813842773,6.480199813842773,6.480100154876709,6.480100154876709,5309.0
2026-08-05 14:21:00,PWP,,17.485000610351562,17.489999771118164,17.479999542236328,17.489999771118164,4092.0
2026-08-05 14:21:00,PYPL,,58.13529968261719,58.150001525878906,58.13529968261719,58.150001525878906,4675.0
2026-08-05 14:21:00,PYXS,,3.1389000415802,3.1389000415802,3.1389000415802,3.1389000415802,2878.0
2026-08-05 14:21:00,PZZA,,30.045000076293945,30.059999465942383,30.045000076293945,30.059999465942383,432.0
2026-08-05 14:21:00,QCOM,,158.24000549316406,158.27000427246094,158.22999572753906,158.27000427246094,3126.0
2026-08-05 14:21:00,QFIN,,13.180000305175781,13.180000305175781,13.180000305175781,13.180000305175781,685.0
2026-08-05 14:21:00,QRVO,,94.86000061035156,94.87999725341797,94.86000061035156,94.87999725341797,1534.0
2026-08-05 14:21:00,SEED,,1.0099999904632568,1.0099999904632568,1.0099999904632568,1.0099999904632568,300.0
2026-08-05 14:21:00,WOOF,,2.934999942779541,2.934999942779541,2.934999942779541,2.934999942779541,554.0
2026-08-05 14:22:00,ACDC,,4.474999904632568,4.480000019073486,4.474999904632568,4.480000019073486,4449.0
2026-08-05 14:22:00,BPOP,,177.0500946044922,177.0500946044922,177.0500946044922,177.0500946044922,476.0
2026-08-05 14:22:00,DTIL,,7.46999979019165,7.46999979019165,7.46999979019165,7.46999979019165,598.0
2026-08-05 14:22:00,EYE,,23.020000457763672,23.020000457763672,23.020000457763672,23.020000457763672,502.0
2026-08-05 14:22:00,GLUE,,15.515000343322754,15.550000190734863,15.5,15.550000190734863,5756.0
2026-08-05 14:22:00,MDB,,375.69000244140625,375.94000244140625,375.69000244140625,375.760009765625,1751.0
2026-08-05 14:22:00,MDLZ,,62.595001220703125,62.625,62.58000183105469,62.6150016784668,19636.0
2026-08-05 14:22:00,MNPR,,118.90499877929688,118.90499877929688,118.90499877929688,118.90499877929688,1481.0
2026-08-05 14:22:00,MNST,,94.68499755859375,94.69000244140625,94.66500091552734,94.66999816894531,3539.0
2026-08-05 14:22:00,MPWR,,1345.219970703125,1345.614990234375,1343.280029296875,1345.614990234375,838.0
2026-08-05 14:22:00,MRNA,,56.560001373291016,56.619998931884766,56.52000045776367,56.595001220703125,7645.0
2026-08-05 14:22:00,MSGM,,4.420000076293945,4.430699825286865,4.420000076293945,4.430699825286865,400.0
2026-08-05 14:22:00,MYGN,,3.1449999809265137,3.1449999809265137,3.1449999809265137,3.1449999809265137,958.0
2026-08-05 14:22:00,NAAS,,3.240000009536743,3.259999990463257,3.240000009536743,3.259999990463257,1003.0
2026-08-05 14:22:00,NAVI,,9.114999771118164,9.114999771118164,9.114999771118164,9.114999771118164,1142.0
2026-08-05 14:22:00,NB,,5.125,5.130000114440918,5.085000038146973,5.085000038146973,33193.0
2026-08-05 14:22:00,NBIX,,162.69500732421875,162.69500732421875,162.69500732421875,162.69500732421875,451.0
2026-08-05 14:22:00,NBTX,,39.720001220703125,39.75,39.720001220703125,39.75,1611.0
2026-08-05 14:22:00,NDSN,,310.4200134277344,310.4200134277344,310.1400146484375,310.1400146484375,701.0
2026-08-05 14:22:00,NECB,,27.174999237060547,27.174999237060547,27.174999237060547,27.174999237060547,228.0
2026-08-05 14:22:00,NEGG,,16.90999984741211,16.90999984741211,16.90999984741211,16.90999984741211,183.0
2026-08-05 14:22:00,NEO,,15.979999542236328,15.979999542236328,15.979999542236328,15.979999542236328,1146.0
2026-08-05 14:22:00,NEOG,,11.619999885559082,11.625,11.619999885559082,11.619999885559082,12581.0
2026-08-05 14:22:00,NEON,,0.9473999738693237,0.9473999738693237,0.9473999738693237,0.9473999738693237,287.0
2026-08-05 14:22:00,NEOV,,2.819999933242798,2.821000099182129,2.819999933242798,2.821000099182129,2383.0
2026-08-05 14:22:00,NESR,,28.65999984741211,28.65999984741211,28.649999618530273,28.65999984741211,4518.0
2026-08-05 14:22:00,NEWT,,15.119999885559082,15.119999885559082,15.119999885559082,15.119999885559082,512.0
2026-08-05 14:22:00,NEXT,,6.474999904632568,6.474999904632568,6.474999904632568,6.474999904632568,1161.0
2026-08-05 14:22:00,NFE,,0.3375999927520752,0.3375999927520752,0.3375999927520752,0.3375999927520752,200.0
2026-08-05 14:22:00,NFLX,,73.45500183105469,73.47989654541016,73.44499969482422,73.47989654541016,45644.0
2026-08-05 14:22:00,NGNE,,35.36750030517578,35.36750030517578,35.35499954223633,35.35499954223633,856.0
2026-08-05 14:22:00,NKSH,,41.439998626708984,41.439998626708984,41.439998626708984,41.439998626708984,489.0
2026-08-05 14:22:00,NKTX,,2.2100000381469727,2.2149999141693115,2.2100000381469727,2.2149999141693115,1848.0
2026-08-05 14:22:00,NMIH,,44.529998779296875,44.529998779296875,44.529998779296875,44.529998779296875,407.0
2026-08-05 14:22:00,NMRK,,15.71500015258789,15.71500015258789,15.71500015258789,15.71500015258789,983.0
2026-08-05 14:22:00,NN,,14.539999961853027,14.569999694824219,14.539999961853027,14.562000274658203,6482.0
2026-08-05 14:22:00,NNBR,,3.880000114440918,3.884999990463257,3.880000114440918,3.884999990463257,787.0
2026-08-05 14:22:00,NNDM,,1.5449999570846558,1.5449999570846558,1.5449999570846558,1.5449999570846558,503.0
2026-08-05 14:22:00,NNOX,,1.0049999952316284,1.0049999952316284,1.0049999952316284,1.0049999952316284,324.0
2026-08-05 14:22:00,NOVT,,155.8300018310547,155.8300018310547,155.8300018310547,155.8300018310547,200.0
2026-08-05 14:22:00,NRIM,,27.0,27.010000228881836,27.0,27.010000228881836,699.0
2026-08-05 14:22:00,NRIX,,24.799999237060547,24.799999237060547,24.799999237060547,24.799999237060547,295.0
2026-08-05 14:22:00,NRXP,,3.069999933242798,3.0799999237060547,3.069999933242798,3.0799999237060547,2744.0
2026-08-05 14:22:00,NTAP,,190.1501007080078,190.25,190.1501007080078,190.25,1038.0
2026-08-05 14:22:00,NTCT,,41.880001068115234,41.900001525878906,41.86000061035156,41.900001525878906,1786.0
2026-08-05 14:22:00,NTNX,,61.064998626708984,61.099998474121094,61.064998626708984,61.08000183105469,4126.0
2026-08-05 14:22:00,NTRA,,273.8399963378906,273.8399963378906,273.8399963378906,273.8399963378906,434.0
2026-08-05 14:22:00,NTRS,,184.30999755859375,184.30999755859375,184.30999755859375,184.30999755859375,640.0
2026-08-05 14:22:00,NUWE,,1.6926000118255615,1.6926000118255615,1.6926000118255615,1.6926000118255615,244.0
2026-08-05 14:22:00,NVAX,,7.585000038146973,7.59499979019165,7.579999923706055,7.585000038146973,46187.0
2026-08-05 14:22:00,NVCR,,16.110000610351562,16.110000610351562,16.110000610351562,16.110000610351562,2106.0
2026-08-05 14:22:00,NVCT,,19.584999084472656,19.584999084472656,19.584999084472656,19.584999084472656,365.0
2026-08-05 14:22:00,NVDA,,221.40499877929688,221.51499938964844,221.35009765625,221.4499969482422,167690.0
2026-08-05 14:22:00,NVTS,,12.429900169372559,12.444999694824219,12.40999984741211,12.4399995803833,22401.0
2026-08-05 14:22:00,NWBI,,15.9399995803833,15.9399995803833,15.9350004196167,15.9350004196167,517.0
2026-08-05 14:22:00,NWL,,6.255000114440918,6.255000114440918,6.255000114440918,6.255000114440918,2977.0
2026-08-05 14:22:00,NWS,,32.375,32.375,32.375,32.375,654.0
2026-08-05 14:22:00,NWSA,,28.334999084472656,28.34000015258789,28.334999084472656,28.34000015258789,2413.0
2026-08-05 14:22:00,NXL,,0.34439998865127563,0.34439998865127563,0.34439998865127563,0.34439998865127563,0.0
2026-08-05 14:22:00,NXPI,,231.66000366210938,231.67999267578125,231.58999633789062,231.67999267578125,3871.0
2026-08-05 14:22:00,NXT,,98.75,98.7699966430664,98.54000091552734,98.55999755859375,12222.0
2026-08-05 14:22:00,OCGN,,1.284999966621399,1.284999966621399,1.284999966621399,1.284999966621399,4122.0
2026-08-05 14:22:00,OCS,,11.989999771118164,12.0,11.944999694824219,12.0,2354.0
2026-08-05 14:22:00,OCUL,,8.579999923706055,8.585000038146973,8.579999923706055,8.585000038146973,1053.0
2026-08-05 14:22:00,ODFL,,213.82000732421875,213.9199981689453,213.7899932861328,213.7899932861328,4333.0
2026-08-05 14:22:00,OFIX,,10.444999694824219,10.444999694824219,10.444999694824219,10.444999694824219,219.0
2026-08-05 14:22:00,OKTA,,148.11000061035156,148.1699981689453,148.11000061035156,148.14999389648438,3989.0
2026-08-05 14:22:00,OMER,,12.854999542236328,12.859999656677246,12.850000381469727,12.859999656677246,1222.0
2026-08-05 14:22:00,OMH,,0.11420000344514847,0.1151999980211258,0.11420000344514847,0.1151999980211258,4861.0
2026-08-05 14:22:00,ON,,77.86000061035156,77.98999786376953,77.80999755859375,77.86000061035156,18556.0
2026-08-05 14:22:00,ONDS,,8.9350004196167,8.949999809265137,8.930000305175781,8.949899673461914,213230.0
2026-08-05 14:22:00,ONFO,,0.07289999723434448,0.0729999989271164,0.07289999723434448,0.0729999989271164,68892.0
2026-08-05 14:22:00,OPCH,,23.420000076293945,23.434999465942383,23.405000686645508,23.434999465942383,5240.0
2026-08-05 14:22:00,OPEN,,3.805000066757202,3.809999942779541,3.799999952316284,3.805000066757202,55499.0
2026-08-05 14:22:00,OPK,,1.309999942779541,1.309999942779541,1.309999942779541,1.309999942779541,875.0
2026-08-05 14:22:00,OPRT,,6.110099792480469,6.110099792480469,6.110000133514404,6.110000133514404,1346.0
2026-08-05 14:22:00,ORGO,,2.329900026321411,2.329900026321411,2.329900026321411,2.329900026321411,211.0
2026-08-05 14:22:00,ORIC,,12.949999809265137,12.960000038146973,12.949999809265137,12.960000038146973,2612.0
2026-08-05 14:22:00,ORLY,,92.93000030517578,92.94000244140625,92.93000030517578,92.94000244140625,3619.0
2026-08-05 14:22:00,ORMP,,4.364999771118164,4.380000114440918,4.364999771118164,4.380000114440918,2052.0
2026-08-05 14:22:00,OSPN,,16.6200008392334,16.6299991607666,16.604999542236328,16.604999542236328,15287.0
2026-08-05 14:22:00,OSS,,13.788999557495117,13.788999557495117,13.779999732971191,13.779999732971191,906.0
2026-08-05 14:22:00,OTEX,,25.924999237060547,25.93000030517578,25.924999237060547,25.93000030517578,1575.0
2026-08-05 14:22:00,OTLK,,1.0149999856948853,1.0149999856948853,1.0149999856948853,1.0149999856948853,2757.0
2026-08-05 14:22:00,OVID,,2.5999999046325684,2.5999999046325684,2.5999999046325684,2.5999999046325684,469.0
2026-08-05 14:22:00,OXLC,,9.170000076293945,9.170000076293945,9.170000076293945,9.170000076293945,1564.0
2026-08-05 14:22:00,OXSQ,,1.500100016593933,1.500100016593933,1.500100016593933,1.500100016593933,4780.0
2026-08-05 14:22:00,PAA,,23.174999237060547,23.184999465942383,23.174999237060547,23.184999465942383,3333.0
2026-08-05 14:22:00,PAAS,,48.150001525878906,48.15999984741211,48.13999938964844,48.15999984741211,3904.0
2026-08-05 14:22:00,PACB,,1.315000057220459,1.3200000524520874,1.315000057220459,1.3200000524520874,1320.0
2026-08-05 14:22:00,PAGP,,25.165000915527344,25.174999237060547,25.165000915527344,25.174999237060547,2205.0
2026-08-05 14:22:00,PALI,,2.115000009536743,2.115000009536743,2.115000009536743,2.115000009536743,862.0
2026-08-05 14:22:00,PANW,,365.6099853515625,366.2449951171875,365.2099914550781,366.1300048828125,28898.0
2026-08-05 14:22:00,PAYO,,7.125,7.125,7.119999885559082,7.119999885559082,2985.0
2026-08-05 14:22:00,PAYX,,117.8499984741211,117.87000274658203,117.83999633789062,117.87000274658203,4146.0
2026-08-05 14:22:00,PBYI,,8.039999961853027,8.039999961853027,8.039999961853027,8.039999961853027,582.0
2026-08-05 14:22:00,PCAR,,134.17999267578125,134.22000122070312,134.17999267578125,134.2050018310547,4302.0
2026-08-05 14:22:00,PCRX,,24.614999771118164,24.614999771118164,24.575000762939453,24.610000610351562,1097.0
2026-08-05 14:22:00,PCT,,6.954999923706055,6.957699775695801,6.945000171661377,6.945000171661377,11867.0
2026-08-05 14:22:00,PCTY,,145.35000610351562,145.35000610351562,145.35000610351562,145.35000610351562,353.0
2026-08-05 14:22:00,PDD,,90.8499984741211,90.87999725341797,90.8499984741211,90.87999725341797,3765.0
2026-08-05 14:22:00,PDFS,,50.29999923706055,50.29999923706055,50.29999923706055,50.29999923706055,772.0
2026-08-05 14:22:00,PDLB,,20.520000457763672,20.520000457763672,20.520000457763672,20.520000457763672,276.0
2026-08-05 14:22:00,PECO,,41.30500030517578,41.30500030517578,41.30500030517578,41.30500030517578,1215.0
2026-08-05 14:22:00,PEGA,,31.860000610351562,31.864999771118164,31.854999542236328,31.864999771118164,1286.0
2026-08-05 14:22:00,PENN,,19.809999465942383,19.81999969482422,19.80500030517578,19.815000534057617,7223.0
2026-08-05 14:22:00,PEP,,138.5,138.5,138.47999572753906,138.48500061035156,6579.0
2026-08-05 14:22:00,PFG,,114.18499755859375,114.18499755859375,114.18499755859375,114.18499755859375,257.0
2026-08-05 14:22:00,PGEN,,6.815000057220459,6.815000057220459,6.789999961853027,6.800000190734863,13937.0
2026-08-05 14:22:00,PGY,,21.825000762939453,21.829999923706055,21.81999969482422,21.829999923706055,1778.0
2026-08-05 14:22:00,PHAT,,8.390000343322754,8.390000343322754,8.390000343322754,8.390000343322754,372.0
2026-08-05 14:22:00,PHVS,,33.439998626708984,33.47999954223633,33.38999938964844,33.47999954223633,3090.0
2026-08-05 14:22:00,PLPC,,471.67999267578125,472.4800109863281,471.67999267578125,472.4800109863281,657.0
2026-08-05 14:22:00,PLSE,,37.650001525878906,37.650001525878906,37.55500030517578,37.55500030517578,383.0
2026-08-05 14:22:00,PLUG,,2.0799999237060547,2.0899999141693115,2.0799999237060547,2.0799999237060547,19094.0
2026-08-05 14:22:00,PLXS,,276.6600036621094,276.6600036621094,276.6600036621094,276.6600036621094,565.0
2026-08-05 14:22:00,PMN,,13.265000343322754,13.265000343322754,13.265000343322754,13.265000343322754,211.0
2026-08-05 14:22:00,PNBK,,1.1449999809265137,1.1449999809265137,1.1449999809265137,1.1449999809265137,437.0
2026-08-05 14:22:00,PNTG,,38.724998474121094,38.724998474121094,38.724998474121094,38.724998474121094,814.0
2026-08-05 14:22:00,POET,,8.289999961853027,8.300000190734863,8.289999961853027,8.300000190734863,15888.0
2026-08-05 14:22:00,POWL,,211.76800537109375,211.76800537109375,211.55999755859375,211.55999755859375,798.0
2026-08-05 14:22:00,PPC,,26.469999313354492,26.469999313354492,26.450000762939453,26.450000762939453,2848.0
2026-08-05 14:22:00,PPIH,,25.854999542236328,25.854999542236328,25.854999542236328,25.854999542236328,279.0
2026-08-05 14:22:00,PPTA,,22.440000534057617,22.46500015258789,22.440000534057617,22.46500015258789,2225.0
2026-08-05 14:22:00,PRAX,,319.0199890136719,319.0199890136719,317.6075134277344,317.635009765625,3302.0
2026-08-05 14:22:00,PRCT,,19.065000534057617,19.145000457763672,19.065000534057617,19.145000457763672,3504.0
2026-08-05 14:22:00,PRFX,,1.1150000095367432,1.1150000095367432,1.1150000095367432,1.1150000095367432,524.0
2026-08-05 14:22:00,PRIM,,84.97000122070312,85.06999969482422,84.94999694824219,85.0,15638.0
2026-08-05 14:22:00,PRLD,,4.570000171661377,4.570000171661377,4.570000171661377,4.570000171661377,645.0
2026-08-05 14:22:00,PRME,,3.069999933242798,3.069999933242798,3.069999933242798,3.069999933242798,2588.0
2026-08-05 14:22:00,PROK,,1.648800015449524,1.648800015449524,1.648800015449524,1.648800015449524,365.0
2026-08-05 14:22:00,PRQR,,1.9500000476837158,1.9550000429153442,1.9500000476837158,1.9550000429153442,1383.0
2026-08-05 14:22:00,PRTA,,8.489999771118164,8.489999771118164,8.489999771118164,8.489999771118164,492.0
2026-08-05 14:22:00,PRVA,,24.18000030517578,24.190000534057617,24.18000030517578,24.190000534057617,1204.0
2026-08-05 14:22:00,PSEC,,2.190000057220459,2.190000057220459,2.180000066757202,2.184999942779541,3149.0
2026-08-05 14:22:00,PTC,,140.25999450683594,140.2899932861328,140.25999450683594,140.2899932861328,1981.0
2026-08-05 14:22:00,PTCT,,69.06999969482422,69.06999969482422,69.06999969482422,69.06999969482422,1458.0
2026-08-05 14:22:00,PTEN,,9.845000267028809,9.850000381469727,9.84000015258789,9.850000381469727,93255.0
2026-08-05 14:22:00,PTLO,,4.605000019073486,4.605000019073486,4.605000019073486,4.605000019073486,366.0
2026-08-05 14:22:00,PTON,,6.480000019073486,6.480000019073486,6.480000019073486,6.480000019073486,541.0
2026-08-05 14:22:00,PWP,,17.46500015258789,17.469999313354492,17.46500015258789,17.469999313354492,1540.0
2026-08-05 14:22:00,PYPL,,58.12990188598633,58.1349983215332,58.125,58.13050079345703,3318.0
2026-08-05 14:22:00,PZZA,,30.059999465942383,30.059999465942383,30.045000076293945,30.045000076293945,993.0
2026-08-05 14:22:00,QCOM,,158.13999938964844,158.25950622558594,158.0915069580078,158.22999572753906,15841.0
2026-08-05 14:22:00,QFIN,,13.1850004196167,13.1850004196167,13.1850004196167,13.1850004196167,500.0
2026-08-05 14:22:00,QRVO,,94.80999755859375,94.9000015258789,94.79000091552734,94.86509704589844,2681.0
2026-08-05 14:22:00,SEED,,1.0,1.0,1.0,1.0,893.0
2026-08-05 14:22:00,STIM,,2.255000114440918,2.255000114440918,2.25,2.25,1174.0
2026-08-05 14:22:00,WOOF,,2.934999942779541,2.934999942779541,2.934999942779541,2.934999942779541,942.0
2026-08-05 14:23:00,BPOP,,177.0500030517578,177.1199951171875,177.0500030517578,177.1199951171875,1816.0
2026-08-05 14:23:00,DTIL,,7.474999904632568,7.480000019073486,7.46999979019165,7.46999979019165,1212.0
2026-08-05 14:23:00,GLUE,,15.520000457763672,15.520000457763672,15.515000343322754,15.515000343322754,729.0
2026-08-05 14:23:00,MBRX,,0.3962000012397766,0.3962000012397766,0.3962000012397766,0.3962000012397766,1128.0
2026-08-05 14:23:00,MDB,,374.8500061035156,375.5400085449219,374.8500061035156,375.5400085449219,1203.0
2026-08-05 14:23:00,MDLZ,,62.584999084472656,62.60499954223633,62.58000183105469,62.595001220703125,20082.0
2026-08-05 14:23:00,MNPR,,118.1449966430664,118.1449966430664,118.1449966430664,118.1449966430664,481.0
2026-08-05 14:23:00,MNST,,94.68499755859375,94.68499755859375,94.68499755859375,94.68499755859375,2283.0
2026-08-05 14:23:00,MORN,,198.36500549316406,198.36500549316406,198.36500549316406,198.36500549316406,354.0
2026-08-05 14:23:00,MPWR,,1345.8900146484375,1345.8900146484375,1344.530029296875,1344.699951171875,215.0
2026-08-05 14:23:00,MRNA,,56.57500076293945,56.57500076293945,56.540000915527344,56.57500076293945,2905.0
2026-08-05 14:23:00,MSGM,,4.389999866485596,4.460000038146973,4.389999866485596,4.400000095367432,1634.0
2026-08-05 14:23:00,MYGN,,3.1649999618530273,3.1649999618530273,3.134999990463257,3.140000104904175,21537.0
2026-08-05 14:23:00,NAMS,,27.549999237060547,27.549999237060547,27.530000686645508,27.540000915527344,1888.0
2026-08-05 14:23:00,NAUT,,0.9405999779701233,0.9408000111579895,0.9405999779701233,0.9408000111579895,3278.0
2026-08-05 14:23:00,NAVI,,9.114999771118164,9.114999771118164,9.114999771118164,9.114999771118164,361.0
2026-08-05 14:23:00,NB,,5.114999771118164,5.119999885559082,5.114999771118164,5.119999885559082,7815.0
2026-08-05 14:23:00,NBIX,,162.8699951171875,162.8699951171875,162.8300018310547,162.8300018310547,1420.0
2026-08-05 14:23:00,NBTB,,53.334999084472656,53.334999084472656,53.334999084472656,53.334999084472656,467.0
2026-08-05 14:23:00,NCSM,,47.15999984741211,47.15999984741211,47.15999984741211,47.15999984741211,252.0
2026-08-05 14:23:00,NDAQ,,95.05000305175781,95.05000305175781,95.02999877929688,95.05000305175781,1396.0
2026-08-05 14:23:00,NDSN,,310.44000244140625,310.44000244140625,310.44000244140625,310.44000244140625,294.0
2026-08-05 14:23:00,NEGG,,16.90999984741211,16.90999984741211,16.899999618530273,16.899999618530273,695.0
2026-08-05 14:23:00,NEO,,15.979999542236328,15.979999542236328,15.975000381469727,15.979999542236328,2363.0
2026-08-05 14:23:00,NEOG,,11.609999656677246,11.609999656677246,11.609999656677246,11.609999656677246,438.0
2026-08-05 14:23:00,NEON,,0.9437000155448914,0.9437999725341797,0.9437000155448914,0.9437000155448914,1400.0
2026-08-05 14:23:00,NESR,,28.670000076293945,28.670000076293945,28.665000915527344,28.670000076293945,2070.0
2026-08-05 14:23:00,NEXT,,6.474999904632568,6.474999904632568,6.474999904632568,6.474999904632568,1651.0
2026-08-05 14:23:00,NFE,,0.33899998664855957,0.33899998664855957,0.3375999927520752,0.3379000127315521,930.0
2026-08-05 14:23:00,NFLX,,73.43990325927734,73.45989990234375,73.41999816894531,73.45020294189453,23141.0
2026-08-05 14:23:00,NGNE,,35.35499954223633,35.35499954223633,35.35499954223633,35.35499954223633,253.0
2026-08-05 14:23:00,NICE,,99.36499786376953,99.36499786376953,99.36499786376953,99.36499786376953,1109.0
2026-08-05 14:23:00,NKTR,,72.69999694824219,72.69999694824219,72.69999694824219,72.69999694824219,264.0
2026-08-05 14:23:00,NMFC,,7.321000099182129,7.321000099182129,7.321000099182129,7.321000099182129,359.0
2026-08-05 14:23:00,NMIH,,44.54999923706055,44.54999923706055,44.54999923706055,44.54999923706055,155.0
2026-08-05 14:23:00,NMRK,,15.710000038146973,15.710000038146973,15.710000038146973,15.710000038146973,2252.0
2026-08-05 14:23:00,NN,,14.529999732971191,14.539999961853027,14.520000457763672,14.539999961853027,2777.0
2026-08-05 14:23:00,NNBR,,3.880000114440918,3.884999990463257,3.880000114440918,3.880000114440918,1410.0
2026-08-05 14:23:00,NNDM,,1.5449999570846558,1.5449999570846558,1.5449999570846558,1.5449999570846558,858.0
2026-08-05 14:23:00,NOVT,,155.82000732421875,155.8300018310547,155.82000732421875,155.8300018310547,1368.0
2026-08-05 14:23:00,NRDS,,9.085000038146973,9.085000038146973,9.082799911499023,9.082799911499023,1741.0
2026-08-05 14:23:00,NRIM,,26.979999542236328,27.0,26.979999542236328,27.0,948.0
2026-08-05 14:23:00,NRIX,,24.78499984741211,24.78499984741211,24.760000228881836,24.770000457763672,1213.0
2026-08-05 14:23:00,NRXP,,3.069999933242798,3.069999933242798,3.069999933242798,3.069999933242798,558.0
2026-08-05 14:23:00,NTAP,,189.8000030517578,190.22999572753906,189.57000732421875,190.22999572753906,13798.0
2026-08-05 14:23:00,NTES,,127.58999633789062,127.58999633789062,127.58999633789062,127.58999633789062,300.0
2026-08-05 14:23:00,NTGR,,24.389999389648438,24.405000686645508,24.3700008392334,24.385000228881836,3700.0
2026-08-05 14:23:00,NTNX,,61.04499816894531,61.04999923706055,61.0099983215332,61.04999923706055,10147.0
2026-08-05 14:23:00,NTRA,,274.0199890136719,274.0199890136719,274.0199890136719,274.0199890136719,1429.0
2026-08-05 14:23:00,NTRS,,184.3000030517578,184.36000061035156,184.3000030517578,184.36000061035156,1572.0
2026-08-05 14:23:00,NUWE,,1.690000057220459,1.690000057220459,1.690000057220459,1.690000057220459,335.0
2026-08-05 14:23:00,NVAX,,7.590000152587891,7.590000152587891,7.588600158691406,7.590000152587891,3366.0
2026-08-05 14:23:00,NVCR,,16.1200008392334,16.1200008392334,16.110000610351562,16.110000610351562,1508.0
2026-08-05 14:23:00,NVCT,,19.584999084472656,19.584999084472656,19.584999084472656,19.584999084472656,100.0
2026-08-05 14:23:00,NVDA,,221.5500030517578,221.56500244140625,221.3800048828125,221.39999389648438,185460.0
2026-08-05 14:23:00,NVMI,,407.44000244140625,407.44000244140625,407.44000244140625,407.44000244140625,278.0
2026-08-05 14:23:00,NVTS,,12.430000305175781,12.430000305175781,12.414999961853027,12.420000076293945,10518.0
2026-08-05 14:23:00,NWBI,,15.936300277709961,15.936300277709961,15.936300277709961,15.936300277709961,922.0
2026-08-05 14:23:00,NWL,,6.235000133514404,6.255000114440918,6.235000133514404,6.25,38069.0
2026-08-05 14:23:00,NWS,,32.3650016784668,32.375,32.3650016784668,32.375,2218.0
2026-08-05 14:23:00,NWSA,,28.329999923706055,28.334999084472656,28.329999923706055,28.329999923706055,2295.0
2026-08-05 14:23:00,NXPI,,231.58999633789062,231.74000549316406,231.58999633789062,231.74000549316406,3103.0
2026-08-05 14:23:00,NXT,,98.73500061035156,98.73500061035156,98.68000030517578,98.7300033569336,6012.0
2026-08-05 14:23:00,OBT,,38.79999923706055,38.83000183105469,38.79999923706055,38.814998626708984,2713.0
2026-08-05 14:23:00,OCFC,,19.90999984741211,19.90999984741211,19.90999984741211,19.90999984741211,5893.0
2026-08-05 14:23:00,OCGN,,1.284999966621399,1.284999966621399,1.284999966621399,1.284999966621399,10729.0
2026-08-05 14:23:00,OCS,,11.989999771118164,12.0,11.96500015258789,11.979999542236328,3681.0
2026-08-05 14:23:00,OCUL,,8.585000038146973,8.585000038146973,8.585000038146973,8.585000038146973,1186.0
2026-08-05 14:23:00,OESX,,14.824999809265137,14.824999809265137,14.824999809265137,14.824999809265137,263.0
2026-08-05 14:23:00,OGI,,0.9557999968528748,0.9557999968528748,0.9557999968528748,0.9557999968528748,1143.0
2026-08-05 14:23:00,OKTA,,148.0850067138672,148.0850067138672,148.0800018310547,148.0800018310547,1005.0
2026-08-05 14:23:00,OLLI,,78.16000366210938,78.16000366210938,78.16000366210938,78.16000366210938,514.0
2026-08-05 14:23:00,OLMA,,11.569999694824219,11.569999694824219,11.569999694824219,11.569999694824219,850.0
2026-08-05 14:23:00,OMCL,,37.380001068115234,37.380001068115234,37.380001068115234,37.380001068115234,444.0
2026-08-05 14:23:00,OMER,,12.890000343322754,12.890000343322754,12.859999656677246,12.859999656677246,1517.0
2026-08-05 14:23:00,OMH,,0.11420000344514847,0.11420000344514847,0.11420000344514847,0.11420000344514847,1467.0
2026-08-05 14:23:00,ON,,77.94000244140625,77.94000244140625,77.8499984741211,77.86499786376953,28997.0
2026-08-05 14:23:00,ONB,,27.030000686645508,27.03499984741211,27.024999618530273,27.024999618530273,9594.0
2026-08-05 14:23:00,ONDS,,8.930000305175781,8.9399995803833,8.920000076293945,8.9350004196167,510556.0
2026-08-05 14:23:00,ONFO,,0.07289999723434448,0.0729999989271164,0.07289999723434448,0.07289999723434448,27803.0
2026-08-05 14:23:00,OPCH,,23.479999542236328,23.479999542236328,23.405000686645508,23.405000686645508,11295.0
2026-08-05 14:23:00,OPEN,,3.7999000549316406,3.809999942779541,3.7950000762939453,3.805000066757202,143216.0
2026-08-05 14:23:00,OPK,,1.3100999593734741,1.3100999593734741,1.3100999593734741,1.3100999593734741,1787.0
2026-08-05 14:23:00,OPRA,,19.889999389648438,19.889999389648438,19.889999389648438,19.889999389648438,1544.0
2026-08-05 14:23:00,OPRT,,6.098999977111816,6.098999977111816,6.098999977111816,6.098999977111816,1054.0
2026-08-05 14:23:00,ORGO,,2.328900098800659,2.328900098800659,2.328900098800659,2.328900098800659,211.0
2026-08-05 14:23:00,ORLY,,92.83000183105469,92.93000030517578,92.83000183105469,92.93000030517578,13505.0
2026-08-05 14:23:00,ORMP,,4.364999771118164,4.364999771118164,4.364999771118164,4.364999771118164,202.0
2026-08-05 14:23:00,OSPN,,16.6200008392334,16.639999389648438,16.6200008392334,16.639999389648438,1732.0
2026-08-05 14:23:00,OSS,,13.75,13.760000228881836,13.739999771118164,13.760000228881836,2417.0
2026-08-05 14:23:00,OTEX,,25.920000076293945,25.93000030517578,25.920000076293945,25.93000030517578,1289.0
2026-08-05 14:23:00,OTLK,,1.0199999809265137,1.0199999809265137,1.0149999856948853,1.0149999856948853,1539.0
2026-08-05 14:23:00,OVID,,2.5999999046325684,2.5999999046325684,2.5950000286102295,2.5950000286102295,950.0
2026-08-05 14:23:00,OXLC,,9.170000076293945,9.170000076293945,9.170000076293945,9.170000076293945,102.0
2026-08-05 14:23:00,PAA,,23.165000915527344,23.170000076293945,23.165000915527344,23.170000076293945,2013.0
2026-08-05 14:23:00,PAAS,,48.18989944458008,48.189998626708984,48.130001068115234,48.150001525878906,8212.0
2026-08-05 14:23:00,PACB,,1.315000057220459,1.315000057220459,1.315000057220459,1.315000057220459,25075.0
2026-08-05 14:23:00,PAGP,,25.15999984741211,25.170000076293945,25.15999984741211,25.170000076293945,3799.0
2026-08-05 14:23:00,PAHC,,35.52000045776367,35.52000045776367,35.52000045776367,35.52000045776367,401.0
2026-08-05 14:23:00,PALI,,2.115000009536743,2.115000009536743,2.115000009536743,2.115000009536743,405.0
2026-08-05 14:23:00,PANW,,365.5249938964844,365.6099853515625,365.239990234375,365.6099853515625,5704.0
2026-08-05 14:23:00,PAYO,,7.122200012207031,7.125,7.119999885559082,7.125,1866.0
2026-08-05 14:23:00,PAYS,,9.15999984741211,9.15999984741211,9.15999984741211,9.15999984741211,583.0
2026-08-05 14:23:00,PAYX,,117.83999633789062,117.83999633789062,117.83999633789062,117.83999633789062,1933.0
2026-08-05 14:23:00,PCAR,,134.1750030517578,134.1750030517578,134.14999389648438,134.14999389648438,2194.0
2026-08-05 14:23:00,PCRX,,24.6200008392334,24.639999389648438,24.575000762939453,24.575000762939453,2522.0
2026-08-05 14:23:00,PCT,,6.96999979019165,6.96999979019165,6.954999923706055,6.960000038146973,63966.0
2026-08-05 14:23:00,PCTY,,145.30999755859375,145.33999633789062,145.30999755859375,145.33999633789062,635.0
2026-08-05 14:23:00,PDD,,90.8499984741211,90.8499984741211,90.81999969482422,90.84500122070312,5822.0
2026-08-05 14:23:00,PEGA,,31.829999923706055,31.860000610351562,31.829999923706055,31.860000610351562,4066.0
2026-08-05 14:23:00,PENN,,19.80500030517578,19.80500030517578,19.795000076293945,19.799999237060547,6062.0
2026-08-05 14:23:00,PEP,,138.47000122070312,138.49000549316406,138.47000122070312,138.49000549316406,4728.0
2026-08-05 14:23:00,PEPG,,1.9700000286102295,1.9700000286102295,1.9700000286102295,1.9700000286102295,219.0
2026-08-05 14:23:00,PFG,,114.20999908447266,114.2300033569336,114.18499755859375,114.18499755859375,2859.0
2026-08-05 14:23:00,PGEN,,6.840000152587891,6.840000152587891,6.824999809265137,6.824999809265137,5657.0
2026-08-05 14:23:00,PGNY,,31.68000030517578,31.68000030517578,31.68000030517578,31.68000030517578,976.0
2026-08-05 14:23:00,PGY,,21.834999084472656,21.834999084472656,21.829999923706055,21.829999923706055,2621.0
2026-08-05 14:23:00,PHAT,,8.390000343322754,8.390000343322754,8.390000343322754,8.390000343322754,1123.0
2026-08-05 14:23:00,PHUN,,2.1500000953674316,2.1500000953674316,2.1500000953674316,2.1500000953674316,333.0
2026-08-05 14:23:00,PHVS,,33.51499938964844,33.51499938964844,33.51499938964844,33.51499938964844,105.0
2026-08-05 14:23:00,PKOH,,41.310001373291016,41.310001373291016,41.310001373291016,41.310001373291016,938.0
2026-08-05 14:23:00,PLAB,,32.21500015258789,32.22999954223633,32.21500015258789,32.22999954223633,883.0
2026-08-05 14:23:00,PLBY,,1.1649999618530273,1.1649999618530273,1.1649999618530273,1.1649999618530273,200.0
2026-08-05 14:23:00,PLPC,,471.7049865722656,471.7049865722656,471.7049865722656,471.7049865722656,445.0
2026-08-05 14:23:00,PLSE,,37.66999816894531,37.66999816894531,37.66999816894531,37.66999816894531,424.0
2026-08-05 14:23:00,PLUG,,2.0799999237060547,2.0899999141693115,2.0799999237060547,2.0899999141693115,9530.0
2026-08-05 14:23:00,PNFP,,107.86000061035156,107.86000061035156,107.86000061035156,107.86000061035156,581.0
2026-08-05 14:23:00,PNRG,,187.51499938964844,187.51499938964844,187.51499938964844,187.51499938964844,561.0
2026-08-05 14:23:00,POET,,8.292099952697754,8.292099952697754,8.279999732971191,8.289999961853027,12593.0
2026-08-05 14:23:00,POWI,,61.91999816894531,61.91999816894531,61.91999816894531,61.91999816894531,495.0
2026-08-05 14:23:00,POWL,,211.77499389648438,211.77499389648438,211.5749969482422,211.5800018310547,1525.0
2026-08-05 14:23:00,PPC,,26.489999771118164,26.504600524902344,26.479999542236328,26.504600524902344,2068.0
2026-08-05 14:23:00,PPSI,,3.0199999809265137,3.0199999809265137,3.0,3.0,1019.0
2026-08-05 14:23:00,PPTA,,22.459999084472656,22.459999084472656,22.433700561523438,22.433700561523438,1210.0
2026-08-05 14:23:00,PRAA,,17.329999923706055,17.350000381469727,17.31999969482422,17.350000381469727,2972.0
2026-08-05 14:23:00,PRAX,,319.1700134277344,319.1700134277344,319.1700134277344,319.1700134277344,97.0
2026-08-05 14:23:00,PRCH,,15.800000190734863,15.800000190734863,15.800000190734863,15.800000190734863,2313.0
2026-08-05 14:23:00,PRCT,,19.145000457763672,19.15999984741211,19.1200008392334,19.1200008392334,2703.0
2026-08-05 14:23:00,PRGS,,42.33000183105469,42.33000183105469,42.33000183105469,42.33000183105469,1414.0
2026-08-05 14:23:00,PRIM,,84.80000305175781,84.80000305175781,84.80000305175781,84.80000305175781,824.0
2026-08-05 14:23:00,PRME,,3.065000057220459,3.065000057220459,3.065000057220459,3.065000057220459,2008.0
2026-08-05 14:23:00,PRQR,,1.9559999704360962,1.9559999704360962,1.9559999704360962,1.9559999704360962,1193.0
2026-08-05 14:23:00,PRTA,,8.494999885559082,8.494999885559082,8.489999771118164,8.494999885559082,861.0
2026-08-05 14:23:00,PRVA,,24.18000030517578,24.190000534057617,24.18000030517578,24.18000030517578,2903.0
2026-08-05 14:23:00,PSEC,,2.180000066757202,2.190000057220459,2.180000066757202,2.190000057220459,1454.0
2026-08-05 14:23:00,PSNL,,13.520000457763672,13.520000457763672,13.520000457763672,13.520000457763672,1175.0
2026-08-05 14:23:00,PTC,,140.02999877929688,140.25,140.02999877929688,140.25,1953.0
2026-08-05 14:23:00,PTEN,,9.845000267028809,9.850000381469727,9.845000267028809,9.845000267028809,4792.0
2026-08-05 14:23:00,PTGX,,136.1199951171875,136.1199951171875,136.1199951171875,136.1199951171875,842.0
2026-08-05 14:23:00,PTLO,,4.59499979019165,4.599999904632568,4.59499979019165,4.599999904632568,3342.0
2026-08-05 14:23:00,PTON,,6.474999904632568,6.482800006866455,6.474999904632568,6.480000019073486,14260.0
2026-08-05 14:23:00,PUBM,,13.420000076293945,13.420000076293945,13.40999984741211,13.40999984741211,2625.0
2026-08-05 14:23:00,PWP,,17.469999313354492,17.469999313354492,17.469999313354492,17.469999313354492,247.0
2026-08-05 14:23:00,PYPL,,58.1150016784668,58.119998931884766,58.10070037841797,58.119998931884766,7109.0
2026-08-05 14:23:00,PYXS,,3.109999895095825,3.130000114440918,3.109999895095825,3.130000114440918,1694.0
2026-08-05 14:23:00,PZZA,,30.020000457763672,30.03499984741211,30.020000457763672,30.03499984741211,2202.0
2026-08-05 14:23:00,QCOM,,158.1999969482422,158.1999969482422,158.1199951171875,158.13999938964844,8069.0
2026-08-05 14:23:00,QRVO,,94.83000183105469,94.83000183105469,94.79000091552734,94.81999969482422,852.0
2026-08-05 14:23:00,TARA,,4.010000228881836,4.010000228881836,4.010000228881836,4.010000228881836,6471.0
2026-08-05 14:24:00,ACDC,,4.474999904632568,4.474999904632568,4.474999904632568,4.474999904632568,1794.0
2026-08-05 14:24:00,CPOP,,0.3531000018119812,0.3531000018119812,0.3531000018119812,0.3531000018119812,3545.0
2026-08-05 14:24:00,EYE,,23.010000228881836,23.020000457763672,23.010000228881836,23.010000228881836,5468.0
2026-08-05 14:24:00,GLUE,,15.505000114440918,15.505000114440918,15.5,15.5,878.0
2026-08-05 14:24:00,KITT,,1.0199999809265137,1.0199999809265137,1.0199999809265137,1.0199999809265137,1947.0
2026-08-05 14:24:00,MDB,,375.135009765625,375.1449890136719,375.135009765625,375.1449890136719,208.0
2026-08-05 14:24:00,MDLZ,,62.505001068115234,62.584999084472656,62.505001068115234,62.584999084472656,19638.0
2026-08-05 14:24:00,MLTX,,17.59000015258789,17.59000015258789,17.58989906311035,17.58989906311035,1555.0
2026-08-05 14:24:00,MNST,,94.68499755859375,94.68499755859375,94.66999816894531,94.66999816894531,2599.0
2026-08-05 14:24:00,MORN,,198.0500030517578,198.16000366210938,198.0500030517578,198.16000366210938,682.0
2026-08-05 14:24:00,MPWR,,1345.489990234375,1346.43505859375,1345.1300048828125,1346.43505859375,407.0
2026-08-05 14:24:00,MRNA,,56.57500076293945,56.59000015258789,56.5724983215332,56.59000015258789,1304.0
2026-08-05 14:24:00,MSGM,,4.420000076293945,4.420000076293945,4.420000076293945,4.420000076293945,617.0
2026-08-05 14:24:00,MYGN,,3.1649999618530273,3.1649999618530273,3.1600000858306885,3.1649999618530273,3481.0
2026-08-05 14:24:00,MYRG,,340.2349853515625,340.2349853515625,340.2349853515625,340.2349853515625,226.0
2026-08-05 14:24:00,NAMS,,27.545000076293945,27.549999237060547,27.545000076293945,27.549999237060547,775.0
2026-08-05 14:24:00,NAVI,,9.114999771118164,9.114999771118164,9.114999771118164,9.114999771118164,946.0
2026-08-05 14:24:00,NB,,5.110000133514404,5.110000133514404,5.110000133514404,5.110000133514404,3681.0
2026-08-05 14:24:00,NBIX,,162.75,162.75,162.75,162.75,633.0
2026-08-05 14:24:00,NBTB,,53.345001220703125,53.345001220703125,53.345001220703125,53.345001220703125,307.0
2026-08-05 14:24:00,NCMI,,4.110000133514404,4.110000133514404,4.105000019073486,4.110000133514404,2622.0
2026-08-05 14:24:00,NDAQ,,95.04000091552734,95.05999755859375,95.0199966430664,95.05999755859375,2463.0
2026-08-05 14:24:00,NDSN,,310.57000732421875,310.6050109863281,310.4649963378906,310.4674987792969,996.0
2026-08-05 14:24:00,NEGG,,16.8799991607666,16.8799991607666,16.8799991607666,16.8799991607666,264.0
2026-08-05 14:24:00,NEO,,15.984999656677246,15.984999656677246,15.979999542236328,15.979999542236328,506.0
2026-08-05 14:24:00,NEOG,,11.604999542236328,11.609999656677246,11.595000267028809,11.609999656677246,10053.0
2026-08-05 14:24:00,NEON,,0.9437000155448914,0.9437000155448914,0.9437000155448914,0.9437000155448914,200.0
2026-08-05 14:24:00,NEXT,,6.449999809265137,6.474999904632568,6.449999809265137,6.474999904632568,11535.0
2026-08-05 14:24:00,NFE,,0.3375999927520752,0.3375999927520752,0.3375999927520752,0.3375999927520752,100.0
2026-08-05 14:24:00,NFLX,,73.44000244140625,73.45999908447266,73.43990325927734,73.43990325927734,26992.0
2026-08-05 14:24:00,NICE,,99.18000030517578,99.36499786376953,99.16999816894531,99.36499786376953,2636.0
2026-08-05 14:24:00,NKTR,,72.70500183105469,72.70500183105469,72.70500183105469,72.70500183105469,113.0
2026-08-05 14:24:00,NKTX,,2.2149999141693115,2.2149999141693115,2.2149999141693115,2.2149999141693115,809.0
2026-08-05 14:24:00,NMIH,,44.54249954223633,44.54999923706055,44.54249954223633,44.54999923706055,442.0
2026-08-05 14:24:00,NMRA,,1.6050000190734863,1.6050000190734863,1.6050000190734863,1.6050000190734863,1249.0
2026-08-05 14:24:00,NN,,14.539999961853027,14.5600004196167,14.539999961853027,14.553299903869629,3878.0
2026-08-05 14:24:00,NNBR,,3.882499933242798,3.882499933242798,3.882499933242798,3.882499933242798,225.0
2026-08-05 14:24:00,NNDM,,1.5399999618530273,1.5449999570846558,1.5399999618530273,1.5449999570846558,1005.0
2026-08-05 14:24:00,NOVT,,155.94000244140625,155.94000244140625,155.94000244140625,155.94000244140625,592.0
2026-08-05 14:24:00,NRDS,,9.089900016784668,9.089900016784668,9.079899787902832,9.079999923706055,3415.0
2026-08-05 14:24:00,NRIX,,24.774999618530273,24.78499984741211,24.774999618530273,24.78499984741211,463.0
2026-08-05 14:24:00,NRXP,,3.069999933242798,3.069999933242798,3.069999933242798,3.069999933242798,200.0
2026-08-05 14:24:00,NTAP,,189.80999755859375,189.8300018310547,189.80499267578125,189.80499267578125,1479.0
2026-08-05 14:24:00,NTES,,127.69000244140625,127.69000244140625,127.56999969482422,127.61000061035156,3712.0
2026-08-05 14:24:00,NTNX,,61.0099983215332,61.03969955444336,60.994998931884766,61.029998779296875,8004.0
2026-08-05 14:24:00,NTRS,,184.38999938964844,184.4250030517578,184.38999938964844,184.41000366210938,952.0
2026-08-05 14:24:00,NUTX,,158.22000122070312,158.22000122070312,157.22999572753906,157.22999572753906,8594.0
2026-08-05 14:24:00,NUWE,,1.691100001335144,1.6950000524520874,1.691100001335144,1.6950000524520874,360.0
2026-08-05 14:24:00,NVAX,,7.591100215911865,7.59499979019165,7.591100215911865,7.59499979019165,555.0
2026-08-05 14:24:00,NVCR,,16.1200008392334,16.1200008392334,16.1200008392334,16.1200008392334,990.0
2026-08-05 14:24:00,NVCT,,19.584999084472656,19.584999084472656,19.584999084472656,19.584999084472656,100.0
2026-08-05 14:24:00,NVDA,,221.58050537109375,221.60000610351562,221.5200958251953,221.56500244140625,211756.0
2026-08-05 14:24:00,NVTS,,12.420000076293945,12.429900169372559,12.420000076293945,12.420000076293945,10490.0
2026-08-05 14:24:00,NWBI,,15.9350004196167,15.9350004196167,15.9350004196167,15.9350004196167,409.0
2026-08-05 14:24:00,NWE,,68.93499755859375,68.93499755859375,68.93499755859375,68.93499755859375,139.0
2026-08-05 14:24:00,NWGL,,0.27239999175071716,0.27239999175071716,0.2662999927997589,0.2662999927997589,300.0
2026-08-05 14:24:00,NWL,,6.231100082397461,6.235000133514404,6.230000019073486,6.235000133514404,9579.0
2026-08-05 14:24:00,NWS,,32.345001220703125,32.369998931884766,32.345001220703125,32.3650016784668,5598.0
2026-08-05 14:24:00,NWSA,,28.315000534057617,28.34000015258789,28.309999465942383,28.334999084472656,10444.0
2026-08-05 14:24:00,NXPI,,231.50999450683594,231.72500610351562,231.5,231.72500610351562,2013.0
2026-08-05 14:24:00,NXST,,191.89999389648438,191.89999389648438,191.89999389648438,191.89999389648438,407.0
2026-08-05 14:24:00,NXT,,98.875,98.875,98.73500061035156,98.73500061035156,4182.0
2026-08-05 14:24:00,NYXH,,1.410099983215332,1.4149999618530273,1.410099983215332,1.4149999618530273,2265.0
2026-08-05 14:24:00,OCG,,1.690000057220459,1.690000057220459,1.690000057220459,1.690000057220459,602.0
2026-08-05 14:24:00,OCGN,,1.284999966621399,1.284999966621399,1.284999966621399,1.284999966621399,1974.0
2026-08-05 14:24:00,OCS,,12.0,12.0,11.970000267028809,11.970000267028809,599.0
2026-08-05 14:24:00,OCUL,,8.579999923706055,8.579999923706055,8.579999923706055,8.579999923706055,6561.0
2026-08-05 14:24:00,OFIX,,10.470000267028809,10.470000267028809,10.470000267028809,10.470000267028809,138.0
2026-08-05 14:24:00,OGI,,0.9556999802589417,0.9588000178337097,0.9556999802589417,0.9588000178337097,353.0
2026-08-05 14:24:00,OLLI,,78.18000030517578,78.18000030517578,78.16000366210938,78.16000366210938,2832.0
2026-08-05 14:24:00,OLMA,,11.5600004196167,11.5600004196167,11.5600004196167,11.5600004196167,136.0
2026-08-05 14:24:00,OMCL,,37.369998931884766,37.369998931884766,37.369998931884766,37.369998931884766,276.0
2026-08-05 14:24:00,ON,,77.87999725341797,77.9800033569336,77.87000274658203,77.95999908447266,16913.0
2026-08-05 14:24:00,ONBPO,,24.829999923706055,24.829999923706055,24.829999923706055,24.829999923706055,602.0
2026-08-05 14:24:00,ONDS,,8.9350004196167,8.9399995803833,8.925000190734863,8.9350004196167,301480.0
2026-08-05 14:24:00,ONFO,,0.0729999989271164,0.0729999989271164,0.0729999989271164,0.0729999989271164,14782.0
2026-08-05 14:24:00,OPCH,,23.475000381469727,23.489999771118164,23.475000381469727,23.489999771118164,624.0
2026-08-05 14:24:00,OPEN,,3.7950000762939453,3.799999952316284,3.7899999618530273,3.7999000549316406,81481.0
2026-08-05 14:24:00,ORGO,,2.325000047683716,2.325000047683716,2.319999933242798,2.325000047683716,2700.0
2026-08-05 14:24:00,ORIC,,12.930000305175781,12.933899879455566,12.930000305175781,12.933899879455566,3349.0
2026-08-05 14:24:00,ORLY,,92.83999633789062,92.8499984741211,92.82499694824219,92.82499694824219,3024.0
2026-08-05 14:24:00,ORRF,,43.29999923706055,43.29999923706055,43.29999923706055,43.29999923706055,734.0
2026-08-05 14:24:00,OSIS,,236.4600067138672,236.49000549316406,236.4600067138672,236.49000549316406,218.0
2026-08-05 14:24:00,OSPN,,16.600000381469727,16.600000381469727,16.59000015258789,16.600000381469727,1129.0
2026-08-05 14:24:00,OSS,,13.75,13.760000228881836,13.75,13.75,1333.0
2026-08-05 14:24:00,OSW,,26.520000457763672,26.520000457763672,26.520000457763672,26.520000457763672,710.0
2026-08-05 14:24:00,OTEX,,25.905000686645508,25.90999984741211,25.905000686645508,25.90999984741211,1517.0
2026-08-05 14:24:00,OTLK,,1.0104000568389893,1.0149999856948853,1.0099999904632568,1.0099999904632568,2621.0
2026-08-05 14:24:00,OVID,,2.5999999046325684,2.5999999046325684,2.5999999046325684,2.5999999046325684,309.0
2026-08-05 14:24:00,OXLC,,9.170000076293945,9.175000190734863,9.170000076293945,9.175000190734863,318.0
2026-08-05 14:24:00,OXSQ,,1.5,1.5099999904632568,1.5,1.5099999904632568,6553.0
2026-08-05 14:24:00,PAA,,23.149999618530273,23.165000915527344,23.149999618530273,23.165000915527344,2196.0
2026-08-05 14:24:00,PAAS,,48.1349983215332,48.220001220703125,48.130001068115234,48.1349983215332,7454.0
2026-08-05 14:24:00,PACB,,1.315000057220459,1.315000057220459,1.315000057220459,1.315000057220459,13755.0
2026-08-05 14:24:00,PAGP,,25.149999618530273,25.149999618530273,25.149999618530273,25.149999618530273,1722.0
2026-08-05 14:24:00,PALI,,2.119999885559082,2.119999885559082,2.115000009536743,2.115000009536743,778.0
2026-08-05 14:24:00,PANW,,365.44000244140625,365.4800109863281,365.4100036621094,365.4800109863281,1978.0
2026-08-05 14:24:00,PAX,,11.425000190734863,11.425000190734863,11.425000190734863,11.425000190734863,900.0
2026-08-05 14:24:00,PAYO,,7.119999885559082,7.125,7.119999885559082,7.125,2275.0
2026-08-05 14:24:00,PAYX,,117.80500030517578,117.80500030517578,117.80500030517578,117.80500030517578,343.0
2026-08-05 14:24:00,PBYI,,8.050000190734863,8.050000190734863,8.050000190734863,8.050000190734863,177.0
2026-08-05 14:24:00,PCAR,,134.16000366210938,134.1699981689453,134.16000366210938,134.1699981689453,2489.0
2026-08-05 14:24:00,PCRX,,24.6200008392334,24.6200008392334,24.6200008392334,24.6200008392334,1265.0
2026-08-05 14:24:00,PCT,,6.954999923706055,6.96999979019165,6.954999923706055,6.965000152587891,40470.0
2026-08-05 14:24:00,PCTY,,145.30999755859375,145.4250030517578,145.30999755859375,145.4199981689453,1890.0
2026-08-05 14:24:00,PDD,,90.8499984741211,90.8499984741211,90.8499984741211,90.8499984741211,2690.0
2026-08-05 14:24:00,PDLB,,20.527999877929688,20.527999877929688,20.527999877929688,20.527999877929688,102.0
2026-08-05 14:24:00,PECO,,41.279998779296875,41.29999923706055,41.26499938964844,41.29999923706055,3716.0
2026-08-05 14:24:00,PEGA,,31.81999969482422,31.81999969482422,31.81999969482422,31.81999969482422,780.0
2026-08-05 14:24:00,PENN,,19.809999465942383,19.809999465942383,19.809999465942383,19.809999465942383,722.0
2026-08-05 14:24:00,PEP,,138.42889404296875,138.4600067138672,138.42889404296875,138.4600067138672,7912.0
2026-08-05 14:24:00,PEPG,,1.965000033378601,1.9700000286102295,1.9600000381469727,1.9600000381469727,316.0
2026-08-05 14:24:00,PERI,,9.555000305175781,9.555000305175781,9.555000305175781,9.555000305175781,279.0
2026-08-05 14:24:00,PFG,,114.22000122070312,114.22000122070312,114.22000122070312,114.22000122070312,1220.0
2026-08-05 14:24:00,PGEN,,6.84499979019165,6.849999904632568,6.820000171661377,6.829999923706055,20895.0
2026-08-05 14:24:00,PGY,,21.81999969482422,21.81999969482422,21.81999969482422,21.81999969482422,874.0
2026-08-05 14:24:00,PHAT,,8.390000343322754,8.390000343322754,8.390000343322754,8.390000343322754,348.0
2026-08-05 14:24:00,PHVS,,33.439998626708984,33.51499938964844,33.439998626708984,33.51499938964844,507.0
2026-08-05 14:24:00,PLAB,,32.21500015258789,32.21500015258789,32.21500015258789,32.21500015258789,550.0
2026-08-05 14:24:00,PLBY,,1.1649999618530273,1.1698999404907227,1.1649999618530273,1.1698999404907227,6071.0
2026-08-05 14:24:00,PLMR,,134.3350067138672,134.58999633789062,134.3350067138672,134.58999633789062,850.0
2026-08-05 14:24:00,PLTK,,3.875,3.890000104904175,3.869999885559082,3.890000104904175,21587.0
2026-08-05 14:24:00,PLUG,,2.0899999141693115,2.0899999141693115,2.0799999237060547,2.080899953842163,14088.0
2026-08-05 14:24:00,PNFP,,107.94000244140625,107.98500061035156,107.91500091552734,107.91500091552734,1955.0
2026-08-05 14:24:00,PNTG,,38.72999954223633,38.787498474121094,38.724998474121094,38.724998474121094,1165.0
2026-08-05 14:24:00,POCI,,4.260000228881836,4.260000228881836,4.260000228881836,4.260000228881836,402.0
2026-08-05 14:24:00,POET,,8.289999961853027,8.29010009765625,8.279999732971191,8.289999961853027,3771.0
2026-08-05 14:24:00,POOL,,205.22500610351562,205.22500610351562,205.22500610351562,205.22500610351562,464.0
2026-08-05 14:24:00,POWI,,61.96500015258789,61.96500015258789,61.96500015258789,61.96500015258789,1035.0
2026-08-05 14:24:00,PPC,,26.5,26.5,26.5,26.5,3772.0
2026-08-05 14:24:00,PPTA,,22.489999771118164,22.489999771118164,22.43000030517578,22.454999923706055,11277.0
2026-08-05 14:24:00,PRAX,,318.989990234375,318.989990234375,318.92999267578125,318.92999267578125,173.0
2026-08-05 14:24:00,PRCT,,19.139999389648438,19.139999389648438,19.139999389648438,19.139999389648438,1190.0
2026-08-05 14:24:00,PRDO,,32.904998779296875,32.904998779296875,32.904998779296875,32.904998779296875,155.0
2026-08-05 14:24:00,PRIM,,84.8949966430664,84.91000366210938,84.8949966430664,84.90499877929688,1341.0
2026-08-05 14:24:00,PRQR,,1.9600000381469727,1.9600000381469727,1.9600000381469727,1.9600000381469727,737.0
2026-08-05 14:24:00,PRTA,,8.489999771118164,8.489999771118164,8.489999771118164,8.489999771118164,160.0
2026-08-05 14:24:00,PRVA,,24.170000076293945,24.18000030517578,24.170000076293945,24.18000030517578,2247.0
2026-08-05 14:24:00,PSEC,,2.190000057220459,2.190000057220459,2.180000066757202,2.180000066757202,1661.0
2026-08-05 14:24:00,PSMT,,189.02000427246094,189.02000427246094,189.02000427246094,189.02000427246094,693.0
2026-08-05 14:24:00,PTC,,140.00999450683594,140.08999633789062,139.9600067138672,140.00999450683594,1211.0
2026-08-05 14:24:00,PTEN,,9.845000267028809,9.845000267028809,9.840100288391113,9.845000267028809,5192.0
2026-08-05 14:24:00,PTLO,,4.599999904632568,4.599999904632568,4.599999904632568,4.599999904632568,2338.0
2026-08-05 14:24:00,PTON,,6.474999904632568,6.474999904632568,6.46999979019165,6.46999979019165,9663.0
2026-08-05 14:24:00,PWP,,17.475000381469727,17.479999542236328,17.459999084472656,17.469999313354492,2323.0
2026-08-05 14:24:00,PYPD,,4.619999885559082,4.639999866485596,4.599999904632568,4.599999904632568,4262.0
2026-08-05 14:24:00,PYPL,,58.130001068115234,58.130001068115234,58.130001068115234,58.130001068115234,7739.0
2026-08-05 14:24:00,PYXS,,3.119999885559082,3.119999885559082,3.119999885559082,3.119999885559082,1350.0
2026-08-05 14:24:00,PZZA,,30.024999618530273,30.030000686645508,30.024999618530273,30.030000686645508,3956.0
2026-08-05 14:24:00,QCOM,,158.10000610351562,158.2050018310547,158.07000732421875,158.2050018310547,12200.0
2026-08-05 14:24:00,QQQX,,30.34000015258789,30.34000015258789,30.34000015258789,30.34000015258789,0.0
2026-08-05 14:24:00,QRVO,,94.76000213623047,94.81999969482422,94.76000213623047,94.81999969482422,1551.0
2026-08-05 14:24:00,SEED,,1.0099999904632568,1.0099999904632568,1.0094000101089478,1.0094000101089478,1302.0
2026-08-05 14:24:00,WOOF,,2.934999942779541,2.934999942779541,2.934999942779541,2.934999942779541,2831.0
2026-08-05 14:25:00,ACDC,,4.474999904632568,4.474999904632568,4.46999979019165,4.46999979019165,10675.0
2026-08-05 14:25:00,CNXN,,86.08999633789062,86.08999633789062,86.08999633789062,86.08999633789062,240.0
2026-08-05 14:25:00,CPOP,,0.3538999855518341,0.3538999855518341,0.3531999886035919,0.3531999886035919,614.0
2026-08-05 14:25:00,EYE,,22.979999542236328,23.020000457763672,22.975000381469727,23.020000457763672,6956.0
2026-08-05 14:25:00,GLUE,,15.505000114440918,15.505000114440918,15.505000114440918,15.505000114440918,458.0
2026-08-05 14:25:00,MDB,,375.1600036621094,375.3800048828125,375.1400146484375,375.3800048828125,2151.0
2026-08-05 14:25:00,MDLZ,,62.51499938964844,62.564998626708984,62.5,62.5099983215332,45457.0
2026-08-05 14:25:00,MNPR,,118.72000122070312,118.72000122070312,118.2300033569336,118.2300033569336,668.0
2026-08-05 14:25:00,MNST,,94.69499969482422,94.69999694824219,94.66999816894531,94.66999816894531,2936.0
2026-08-05 14:25:00,MNTS,,4.284299850463867,4.284299850463867,4.284299850463867,4.284299850463867,2524.0
2026-08-05 14:25:00,MPWR,,1346.550048828125,1346.550048828125,1345.0999755859375,1345.0999755859375,266.0
2026-08-05 14:25:00,MRNA,,56.59000015258789,56.630001068115234,56.560001373291016,56.560001373291016,4509.0
2026-08-05 14:25:00,MYGN,,3.1649999618530273,3.1649999618530273,3.1649999618530273,3.1649999618530273,914.0
2026-08-05 14:25:00,NAMS,,27.450000762939453,27.545000076293945,27.450000762939453,27.545000076293945,1809.0
2026-08-05 14:25:00,NDAQ,,95.05000305175781,95.05000305175781,95.05000305175781,95.05000305175781,1610.0
2026-08-05 14:25:00,NEGG,,16.920000076293945,16.920000076293945,16.899999618530273,16.899999618530273,677.0
2026-08-05 14:25:00,NEO,,16.0,16.00160026550293,15.984999656677246,16.0,5248.0
2026-08-05 14:25:00,NEOG,,11.609999656677246,11.609999656677246,11.604999542236328,11.604999542236328,4324.0
2026-08-05 14:25:00,NEON,,0.9449999928474426,0.9449999928474426,0.9449999928474426,0.9449999928474426,401.0
2026-08-05 14:25:00,NEOV,,2.809999942779541,2.815000057220459,2.809999942779541,2.815000057220459,1005.0
2026-08-05 14:25:00,NESR,,28.674999237060547,28.68000030517578,28.670000076293945,28.68000030517578,4662.0
2026-08-05 14:25:00,NEXT,,6.449999809265137,6.454999923706055,6.449999809265137,6.449999809265137,2158.0
2026-08-05 14:25:00,NFE,,0.3375999927520752,0.3375999927520752,0.3375999927520752,0.3375999927520752,3.0
2026-08-05 14:25:00,NFLX,,73.46499633789062,73.47000122070312,73.43499755859375,73.44000244140625,28519.0
2026-08-05 14:25:00,NGNE,,35.45000076293945,35.45000076293945,35.45000076293945,35.45000076293945,293.0
2026-08-05 14:25:00,NICE,,99.27999877929688,99.27999877929688,99.26000213623047,99.26000213623047,1799.0
2026-08-05 14:25:00,NIU,,2.4649999141693115,2.4649999141693115,2.4649999141693115,2.4649999141693115,437.0
2026-08-05 14:25:00,NKTR,,72.73999786376953,72.75,72.69000244140625,72.69000244140625,1548.0
2026-08-05 14:25:00,NMFCZ,,25.1200008392334,25.1200008392334,25.1200008392334,25.1200008392334,190.0
2026-08-05 14:25:00,NMIH,,44.560001373291016,44.560001373291016,44.560001373291016,44.560001373291016,870.0
2026-08-05 14:25:00,NN,,14.53499984741211,14.539999961853027,14.529999732971191,14.529999732971191,1244.0
2026-08-05 14:25:00,NNBR,,3.875,3.880000114440918,3.875,3.880000114440918,2379.0
2026-08-05 14:25:00,NNDM,,1.5449999570846558,1.5449999570846558,1.5449999570846558,1.5449999570846558,378.0
2026-08-05 14:25:00,NOVT,,156.0,156.11000061035156,155.9600067138672,155.9600067138672,834.0
2026-08-05 14:25:00,NRIX,,24.780000686645508,24.780000686645508,24.780000686645508,24.780000686645508,1212.0
2026-08-05 14:25:00,NRXP,,3.0799999237060547,3.0799999237060547,3.0799999237060547,3.0799999237060547,291.0
2026-08-05 14:25:00,NSSC,,40.349998474121094,40.349998474121094,40.349998474121094,40.349998474121094,183.0
2026-08-05 14:25:00,NTAP,,189.24000549316406,189.72000122070312,189.0,189.67999267578125,23005.0
2026-08-05 14:25:00,NTGR,,24.389999389648438,24.389999389648438,24.389999389648438,24.389999389648438,2349.0
2026-08-05 14:25:00,NTNX,,61.040000915527344,61.040000915527344,61.0,61.0099983215332,7674.0
2026-08-05 14:25:00,NTRA,,274.29998779296875,274.29998779296875,274.29998779296875,274.29998779296875,401.0
2026-08-05 14:25:00,NTRS,,184.39500427246094,184.39500427246094,184.3800048828125,184.3800048828125,498.0
2026-08-05 14:25:00,NUTX,,157.7100067138672,158.5500030517578,157.7100067138672,158.27000427246094,2892.0
2026-08-05 14:25:00,NUWE,,1.6950000524520874,1.6950000524520874,1.6950000524520874,1.6950000524520874,154.0
2026-08-05 14:25:00,NVAX,,7.585000038146973,7.590000152587891,7.585000038146973,7.590000152587891,8289.0
2026-08-05 14:25:00,NVCR,,16.1200008392334,16.125,16.1200008392334,16.1200008392334,2667.0
2026-08-05 14:25:00,NVDA,,221.67010498046875,221.7100067138672,221.52999877929688,221.58999633789062,243903.0
2026-08-05 14:25:00,NVMI,,407.70001220703125,407.70001220703125,407.6000061035156,407.6000061035156,951.0
2026-08-05 14:25:00,NVTS,,12.425000190734863,12.425000190734863,12.399999618530273,12.40999984741211,21492.0
2026-08-05 14:25:00,NWBI,,15.9350004196167,15.9350004196167,15.9350004196167,15.9350004196167,609.0
2026-08-05 14:25:00,NWE,,68.95999908447266,68.95999908447266,68.95999908447266,68.95999908447266,199.0
2026-08-05 14:25:00,NWL,,6.224999904632568,6.239999771118164,6.224999904632568,6.230000019073486,47182.0
2026-08-05 14:25:00,NWS,,32.334999084472656,32.345001220703125,32.334999084472656,32.345001220703125,1751.0
2026-08-05 14:25:00,NWSA,,28.309999465942383,28.31999969482422,28.30500030517578,28.315000534057617,17355.0
2026-08-05 14:25:00,NXGL,,0.4000999927520752,0.4000999927520752,0.4000999927520752,0.4000999927520752,426.0
2026-08-05 14:25:00,NXPI,,231.50999450683594,231.625,231.50999450683594,231.6199951171875,2447.0
2026-08-05 14:25:00,NXST,,191.77000427246094,191.77000427246094,191.77000427246094,191.77000427246094,289.0
2026-08-05 14:25:00,NXT,,98.91000366210938,98.9800033569336,98.86000061035156,98.9000015258789,9976.0
2026-08-05 14:25:00,OABI,,2.069999933242798,2.069999933242798,2.059999942779541,2.059999942779541,9626.0
2026-08-05 14:25:00,OCFC,,19.895000457763672,19.915000915527344,19.895000457763672,19.905000686645508,6973.0
2026-08-05 14:25:00,OCGN,,1.2874000072479248,1.2899999618530273,1.284999966621399,1.284999966621399,111290.0
2026-08-05 14:25:00,OCS,,11.979999542236328,11.979999542236328,11.979999542236328,11.979999542236328,788.0
2026-08-05 14:25:00,OCSL,,12.109999656677246,12.109999656677246,12.109999656677246,12.109999656677246,704.0
2026-08-05 14:25:00,OCUL,,8.585000038146973,8.585000038146973,8.579999923706055,8.585000038146973,825.0
2026-08-05 14:25:00,ODFL,,213.8350067138672,213.8800048828125,213.77999877929688,213.77999877929688,2966.0
2026-08-05 14:25:00,OFIX,,10.470000267028809,10.470000267028809,10.470000267028809,10.470000267028809,510.0
2026-08-05 14:25:00,OGI,,0.9557999968528748,0.9557999968528748,0.9557999968528748,0.9557999968528748,366.0
2026-08-05 14:25:00,OKTA,,148.0749969482422,148.0749969482422,148.0749969482422,148.0749969482422,585.0
2026-08-05 14:25:00,OLMA,,11.539999961853027,11.539999961853027,11.539999961853027,11.539999961853027,933.0
2026-08-05 14:25:00,OMH,,0.11429999768733978,0.11429999768733978,0.11420000344514847,0.11429999768733978,19329.0
2026-08-05 14:25:00,ON,,77.94000244140625,77.95999908447266,77.87000274658203,77.88999938964844,15180.0
2026-08-05 14:25:00,ONB,,27.024999618530273,27.024999618530273,27.024999618530273,27.024999618530273,2031.0
2026-08-05 14:25:00,ONDS,,8.9350004196167,8.944999694824219,8.930000305175781,8.930000305175781,230252.0
2026-08-05 14:25:00,ONFO,,0.07289999723434448,0.0729999989271164,0.07289999723434448,0.0729999989271164,1767.0
2026-08-05 14:25:00,OPAL,,2.369999885559082,2.369999885559082,2.369999885559082,2.369999885559082,200.0
2026-08-05 14:25:00,OPCH,,23.5,23.5,23.479999542236328,23.479999542236328,4343.0
2026-08-05 14:25:00,OPEN,,3.7950000762939453,3.799999952316284,3.7899999618530273,3.7899999618530273,40856.0
2026-08-05 14:25:00,ORGO,,2.3299999237060547,2.3299999237060547,2.3299999237060547,2.3299999237060547,3541.0
2026-08-05 14:25:00,ORIC,,12.930100440979004,12.930100440979004,12.930100440979004,12.930100440979004,1890.0
2026-08-05 14:25:00,ORLY,,92.86000061035156,92.86000061035156,92.82080078125,92.8499984741211,4383.0
2026-08-05 14:25:00,ORMP,,4.364999771118164,4.364999771118164,4.364999771118164,4.364999771118164,104.0
2026-08-05 14:25:00,OSBC,,25.795000076293945,25.799999237060547,25.795000076293945,25.799999237060547,847.0
2026-08-05 14:25:00,OSS,,13.75,13.75,13.75,13.75,515.0
2026-08-05 14:25:00,OSUR,,4.125,4.125,4.125,4.125,2049.0
2026-08-05 14:25:00,OTEX,,25.90999984741211,25.90999984741211,25.905000686645508,25.905000686645508,883.0
2026-08-05 14:25:00,OTLK,,1.0149999856948853,1.0149999856948853,1.0149999856948853,1.0149999856948853,1762.0
2026-08-05 14:25:00,OTTR,,92.30000305175781,92.30000305175781,92.30000305175781,92.30000305175781,1726.0
2026-08-05 14:25:00,OVID,,2.5950000286102295,2.5999999046325684,2.5950000286102295,2.5950000286102295,1479.0
2026-08-05 14:25:00,OXLC,,9.173199653625488,9.173199653625488,9.170999526977539,9.170999526977539,2129.0
2026-08-05 14:25:00,PAA,,23.18000030517578,23.18000030517578,23.155000686645508,23.155000686645508,9473.0
2026-08-05 14:25:00,PAAS,,48.150001525878906,48.16999816894531,48.150001525878906,48.150001525878906,2456.0
2026-08-05 14:25:00,PACB,,1.3250000476837158,1.3300000429153442,1.3104000091552734,1.3104000091552734,111259.0
2026-08-05 14:25:00,PAGP,,25.155000686645508,25.155000686645508,25.155000686645508,25.155000686645508,421.0
2026-08-05 14:25:00,PALI,,2.115000009536743,2.119999885559082,2.115000009536743,2.119999885559082,1583.0
2026-08-05 14:25:00,PANW,,365.8500061035156,365.9700012207031,365.2200012207031,365.4200134277344,9796.0
2026-08-05 14:25:00,PAX,,11.425000190734863,11.425000190734863,11.425000190734863,11.425000190734863,1503.0
2026-08-05 14:25:00,PAYO,,7.119999885559082,7.125,7.119999885559082,7.119999885559082,926.0
2026-08-05 14:25:00,PAYX,,117.81500244140625,117.81999969482422,117.80000305175781,117.80000305175781,2757.0
2026-08-05 14:25:00,PCAR,,134.15499877929688,134.19000244140625,134.14500427246094,134.14500427246094,4013.0
2026-08-05 14:25:00,PCRX,,24.485000610351562,24.6200008392334,24.485000610351562,24.6200008392334,5923.0
2026-08-05 14:25:00,PCT,,6.9369001388549805,6.960000038146973,6.934999942779541,6.954999923706055,7823.0
2026-08-05 14:25:00,PDD,,90.86000061035156,90.86000061035156,90.86000061035156,90.86000061035156,1339.0
2026-08-05 14:25:00,PECO,,41.290000915527344,41.290000915527344,41.290000915527344,41.290000915527344,1887.0
2026-08-05 14:25:00,PEGA,,31.84000015258789,31.84000015258789,31.799999237060547,31.799999237060547,4807.0
2026-08-05 14:25:00,PENN,,19.81999969482422,19.81999969482422,19.809999465942383,19.809999465942383,6169.0
2026-08-05 14:25:00,PEP,,138.47000122070312,138.47000122070312,138.4199981689453,138.4199981689453,5255.0
2026-08-05 14:25:00,PEPG,,1.965000033378601,1.965000033378601,1.965000033378601,1.965000033378601,335.0
2026-08-05 14:25:00,PERI,,9.555000305175781,9.555000305175781,9.555000305175781,9.555000305175781,443.0
2026-08-05 14:25:00,PFG,,114.2300033569336,114.23909759521484,114.22000122070312,114.22000122070312,2045.0
2026-08-05 14:25:00,PGEN,,6.889999866485596,6.889999866485596,6.84499979019165,6.84499979019165,17786.0
2026-08-05 14:25:00,PGNY,,31.700000762939453,31.700000762939453,31.700000762939453,31.700000762939453,1227.0
2026-08-05 14:25:00,PGY,,21.834999084472656,21.834999084472656,21.829999923706055,21.829999923706055,1255.0
2026-08-05 14:25:00,PHAT,,8.390000343322754,8.396900177001953,8.390000343322754,8.396900177001953,1432.0
2026-08-05 14:25:00,PHVS,,33.51499938964844,33.51499938964844,33.51499938964844,33.51499938964844,831.0
2026-08-05 14:25:00,PLAB,,32.189998626708984,32.189998626708984,32.18000030517578,32.189998626708984,4537.0
2026-08-05 14:25:00,PLRX,,1.059999942779541,1.059999942779541,1.059999942779541,1.059999942779541,602.0
2026-08-05 14:25:00,PLSE,,37.63999938964844,37.63999938964844,37.63999938964844,37.63999938964844,594.0
2026-08-05 14:25:00,PLTK,,3.884999990463257,3.884999990463257,3.875,3.875,5767.0
2026-08-05 14:25:00,PLUG,,2.0850000381469727,2.0899999141693115,2.0799999237060547,2.0850000381469727,11145.0
2026-08-05 14:25:00,PLXS,,276.79998779296875,276.79998779296875,276.7900085449219,276.7900085449219,239.0
2026-08-05 14:25:00,PNFP,,107.96749877929688,107.98999786376953,107.93000030517578,107.9800033569336,6770.0
2026-08-05 14:25:00,POET,,8.289999961853027,8.295000076293945,8.28950023651123,8.28950023651123,3240.0
2026-08-05 14:25:00,POWL,,211.9152069091797,211.9152069091797,211.55499267578125,211.55499267578125,662.0
2026-08-05 14:25:00,PPTA,,22.545000076293945,22.545000076293945,22.545000076293945,22.545000076293945,690.0
2026-08-05 14:25:00,PRAX,,318.92999267578125,318.92999267578125,318.92999267578125,318.92999267578125,132.0
2026-08-05 14:25:00,PRCT,,19.325000762939453,19.325000762939453,19.15999984741211,19.15999984741211,16699.0
2026-08-05 14:25:00,PRDO,,32.880001068115234,32.900001525878906,32.875,32.900001525878906,4858.0
2026-08-05 14:25:00,PRIM,,84.8949966430664,84.93000030517578,84.88999938964844,84.88999938964844,1585.0
2026-08-05 14:25:00,PRLD,,4.590000152587891,4.590000152587891,4.570000171661377,4.578400135040283,2080.0
2026-08-05 14:25:00,PRME,,3.065000057220459,3.065000057220459,3.0624001026153564,3.0624001026153564,1944.0
2026-08-05 14:25:00,PROK,,1.6490000486373901,1.6490000486373901,1.6399999856948853,1.6399999856948853,1956.0
2026-08-05 14:25:00,PRVA,,24.18000030517578,24.18000030517578,24.170000076293945,24.174999237060547,1243.0
2026-08-05 14:25:00,PRZO,,0.5440999865531921,0.5440999865531921,0.5440999865531921,0.5440999865531921,311.0
2026-08-05 14:25:00,PSEC,,2.190000057220459,2.190000057220459,2.180000066757202,2.190000057220459,2001.0
2026-08-05 14:25:00,PSNL,,13.529899597167969,13.529899597167969,13.529899597167969,13.529899597167969,528.0
2026-08-05 14:25:00,PTC,,140.1199951171875,140.1199951171875,140.02000427246094,140.02000427246094,1668.0
2026-08-05 14:25:00,PTEN,,9.845000267028809,9.845000267028809,9.845000267028809,9.845000267028809,2984.0
2026-08-05 14:25:00,PTLO,,4.614999771118164,4.614999771118164,4.610000133514404,4.610000133514404,2016.0
2026-08-05 14:25:00,PTON,,6.485000133514404,6.485000133514404,6.474999904632568,6.474999904632568,21979.0
2026-08-05 14:25:00,PWP,,17.475000381469727,17.475000381469727,17.475000381469727,17.475000381469727,811.0
2026-08-05 14:25:00,PYPD,,4.650000095367432,4.650000095367432,4.619999885559082,4.619999885559082,4503.0
2026-08-05 14:25:00,PYPL,,58.130001068115234,58.13990020751953,58.11389923095703,58.130001068115234,6999.0
2026-08-05 14:25:00,PZZA,,30.030000686645508,30.030000686645508,30.030000686645508,30.030000686645508,1208.0
2026-08-05 14:25:00,QCOM,,158.17010498046875,158.19000244140625,158.10499572753906,158.13119506835938,7555.0
2026-08-05 14:25:00,QFIN,,13.17020034790039,13.1899995803833,13.17020034790039,13.1899995803833,694.0
2026-08-05 14:25:00,QQQX,,30.375,30.375,30.375,30.375,366.0
2026-08-05 14:25:00,QRVO,,94.75,94.77999877929688,94.75,94.77999877929688,883.0
2026-08-05 14:25:00,SEED,,1.0099999904632568,1.0099999904632568,1.0099999904632568,1.0099999904632568,600.0
2026-08-05 14:25:00,STIM,,2.25,2.25,2.25,2.25,180.0
2026-08-05 14:26:00,ACDC,,4.46999979019165,4.46999979019165,4.46999979019165,4.46999979019165,1324.0
2026-08-05 14:26:00,BPOP,,177.08999633789062,177.14999389648438,177.08999633789062,177.14999389648438,573.0
2026-08-05 14:26:00,CNXN,,86.0199966430664,86.0199966430664,86.0199966430664,86.0199966430664,200.0
2026-08-05 14:26:00,CPOP,,0.3531000018119812,0.3531000018119812,0.3531000018119812,0.3531000018119812,626.0
2026-08-05 14:26:00,EYE,,22.969999313354492,22.979999542236328,22.969999313354492,22.979999542236328,1126.0
2026-08-05 14:26:00,FIZZ,,32.11000061035156,32.11000061035156,32.11000061035156,32.11000061035156,670.0
2026-08-05 14:26:00,FRST,,16.440000534057617,16.440000534057617,16.40999984741211,16.40999984741211,10577.0
2026-08-05 14:26:00,GLUE,,15.510000228881836,15.510000228881836,15.505000114440918,15.510000228881836,2687.0
2026-08-05 14:26:00,LUNG,,1.9900000095367432,1.9900000095367432,1.9900000095367432,1.9900000095367432,553.0
2026-08-05 14:26:00,MDB,,375.5799865722656,375.6600036621094,375.3699951171875,375.3699951171875,2877.0
2026-08-05 14:26:00,MDLZ,,62.53499984741211,62.53499984741211,62.52000045776367,62.525001525878906,14668.0
2026-08-05 14:26:00,MLTX,,17.559999465942383,17.59000015258789,17.559999465942383,17.59000015258789,1870.0
2026-08-05 14:26:00,MNRO,,13.15999984741211,13.170000076293945,13.15999984741211,13.15999984741211,3359.0
2026-08-05 14:26:00,MNST,,94.74500274658203,94.74500274658203,94.70999908447266,94.70999908447266,7548.0
2026-08-05 14:26:00,MNTS,,4.28000020980835,4.28000020980835,4.28000020980835,4.28000020980835,1202.0
2026-08-05 14:26:00,MPAA,,13.710000038146973,13.710000038146973,13.699999809265137,13.699999809265137,935.0
2026-08-05 14:26:00,MPWR,,1346.5250244140625,1346.550048828125,1346.2099609375,1346.2099609375,482.0
2026-08-05 14:26:00,MRNA,,56.599998474121094,56.61000061035156,56.595001220703125,56.595001220703125,2368.0
2026-08-05 14:26:00,MYGN,,3.1649999618530273,3.1649999618530273,3.1649999618530273,3.1649999618530273,738.0
2026-08-05 14:26:00,MYRG,,340.2049865722656,340.7950134277344,340.1199951171875,340.260009765625,2636.0
2026-08-05 14:26:00,MYSZ,,0.3912000060081482,0.3912999927997589,0.3910999894142151,0.3912999927997589,3699.0
2026-08-05 14:26:00,NAMS,,27.461599349975586,27.479999542236328,27.461599349975586,27.479999542236328,672.0
2026-08-05 14:26:00,NAUT,,0.9409999847412109,0.9409999847412109,0.9409999847412109,0.9409999847412109,890.0
2026-08-05 14:26:00,NB,,5.114999771118164,5.119999885559082,5.110000133514404,5.110000133514404,4124.0
2026-08-05 14:26:00,NBIX,,162.91000366210938,162.91000366210938,162.8800048828125,162.8800048828125,1209.0
2026-08-05 14:26:00,NBTB,,53.349998474121094,53.349998474121094,53.349998474121094,53.349998474121094,1254.0
2026-08-05 14:26:00,NCSM,,47.20000076293945,47.20000076293945,47.20000076293945,47.20000076293945,1028.0
2026-08-05 14:26:00,NDAQ,,95.06999969482422,95.06999969482422,95.05000305175781,95.05000305175781,980.0
2026-08-05 14:26:00,NECB,,27.174999237060547,27.267499923706055,27.174999237060547,27.267499923706055,1085.0
2026-08-05 14:26:00,NEGG,,16.93000030517578,16.940000534057617,16.93000030517578,16.940000534057617,460.0
2026-08-05 14:26:00,NEO,,16.020000457763672,16.020000457763672,16.020000457763672,16.020000457763672,1814.0
2026-08-05 14:26:00,NEOV,,2.819999933242798,2.819999933242798,2.809999942779541,2.815000057220459,23350.0
2026-08-05 14:26:00,NEWT,,15.119999885559082,15.119999885559082,15.119999885559082,15.119999885559082,1977.0
2026-08-05 14:26:00,NFE,,0.3377000093460083,0.3377000093460083,0.3377000093460083,0.3377000093460083,112.0
2026-08-05 14:26:00,NFLX,,73.44000244140625,73.47000122070312,73.43000030517578,73.46990203857422,38817.0
2026-08-05 14:26:00,NICE,,99.29000091552734,99.29000091552734,99.29000091552734,99.29000091552734,2106.0
2026-08-05 14:26:00,NKTX,,2.2100000381469727,2.2100000381469727,2.2100000381469727,2.2100000381469727,669.0
2026-08-05 14:26:00,NMFC,,7.320000171661377,7.324999809265137,7.320000171661377,7.324999809265137,815.0
2026-08-05 14:26:00,NN,,14.545000076293945,14.545000076293945,14.524999618530273,14.524999618530273,1962.0
2026-08-05 14:26:00,NNBR,,3.869999885559082,3.884999990463257,3.869999885559082,3.880000114440918,11179.0
2026-08-05 14:26:00,NNDM,,1.5449999570846558,1.5449999570846558,1.5449999570846558,1.5449999570846558,805.0
2026-08-05 14:26:00,NOVT,,156.3249969482422,156.3249969482422,156.0,156.1199951171875,2440.0
2026-08-05 14:26:00,NPCE,,13.694999694824219,13.694999694824219,13.694999694824219,13.694999694824219,1288.0
2026-08-05 14:26:00,NRIX,,24.838300704956055,24.860000610351562,24.799999237060547,24.799999237060547,5545.0
2026-08-05 14:26:00,NSSC,,40.369998931884766,40.369998931884766,40.36000061035156,40.36000061035156,861.0
2026-08-05 14:26:00,NTAP,,188.7949981689453,189.05499267578125,188.75999450683594,189.0399932861328,8025.0
2026-08-05 14:26:00,NTCT,,41.877498626708984,41.877498626708984,41.875,41.875,689.0
2026-08-05 14:26:00,NTGR,,24.360000610351562,24.360000610351562,24.350000381469727,24.350000381469727,774.0
2026-08-05 14:26:00,NTNX,,61.029998779296875,61.060001373291016,61.029998779296875,61.04499816894531,1470.0
2026-08-05 14:26:00,NTRA,,274.75,274.75,274.0849914550781,274.0849914550781,5194.0
2026-08-05 14:26:00,NTRS,,184.39500427246094,184.39500427246094,184.39500427246094,184.39500427246094,696.0
2026-08-05 14:26:00,NVAX,,7.579999923706055,7.579999923706055,7.579999923706055,7.579999923706055,730.0
2026-08-05 14:26:00,NVCR,,16.1200008392334,16.1200008392334,16.114999771118164,16.114999771118164,1022.0
2026-08-05 14:26:00,NVCT,,19.638900756835938,19.638900756835938,19.638900756835938,19.638900756835938,2607.0
2026-08-05 14:26:00,NVDA,,221.72000122070312,221.8000030517578,221.65029907226562,221.6699981689453,238916.0
2026-08-05 14:26:00,NVTS,,12.425000190734863,12.4350004196167,12.425000190734863,12.430000305175781,9018.0
2026-08-05 14:26:00,NWBI,,15.9399995803833,15.9399995803833,15.9399995803833,15.9399995803833,2455.0
2026-08-05 14:26:00,NWL,,6.221099853515625,6.224999904632568,6.21999979019165,6.21999979019165,9518.0
2026-08-05 14:26:00,NWS,,32.310001373291016,32.33000183105469,32.310001373291016,32.33000183105469,1345.0
2026-08-05 14:26:00,NWSA,,28.295000076293945,28.309999465942383,28.295000076293945,28.309999465942383,4848.0
2026-08-05 14:26:00,NXPI,,231.7100067138672,231.7100067138672,231.63999938964844,231.6649932861328,2108.0
2026-08-05 14:26:00,NXST,,192.00999450683594,192.00999450683594,192.00999450683594,192.00999450683594,451.0
2026-08-05 14:26:00,NXT,,98.9000015258789,99.0094985961914,98.84500122070312,98.91000366210938,10051.0
2026-08-05 14:26:00,OABI,,2.069999933242798,2.069999933242798,2.065000057220459,2.065000057220459,3471.0
2026-08-05 14:26:00,OCFC,,19.895000457763672,19.895000457763672,19.895000457763672,19.895000457763672,1274.0
2026-08-05 14:26:00,OCG,,1.684999942779541,1.684999942779541,1.684999942779541,1.684999942779541,139.0
2026-08-05 14:26:00,OCGN,,1.284999966621399,1.2899999618530273,1.284999966621399,1.2899999618530273,14165.0
2026-08-05 14:26:00,OCUL,,8.595000267028809,8.595000267028809,8.585000038146973,8.585000038146973,4874.0
2026-08-05 14:26:00,ODFL,,213.91000366210938,213.91000366210938,213.86000061035156,213.86000061035156,1585.0
2026-08-05 14:26:00,OFIX,,10.470000267028809,10.470000267028809,10.470000267028809,10.470000267028809,108.0
2026-08-05 14:26:00,OKTA,,148.1999969482422,148.21719360351562,148.11000061035156,148.13999938964844,2991.0
2026-08-05 14:26:00,OMCL,,37.369998931884766,37.369998931884766,37.369998931884766,37.369998931884766,398.0
2026-08-05 14:26:00,OMER,,12.899999618530273,12.899999618530273,12.899999618530273,12.899999618530273,1183.0
2026-08-05 14:26:00,OMH,,0.11420000344514847,0.11420000344514847,0.11420000344514847,0.11420000344514847,2589.0
2026-08-05 14:26:00,ON,,77.8949966430664,77.96499633789062,77.87999725341797,77.92050170898438,28916.0
2026-08-05 14:26:00,ONB,,27.020000457763672,27.024999618530273,27.020000457763672,27.020000457763672,3591.0
2026-08-05 14:26:00,ONDS,,8.90999984741211,8.9399995803833,8.90999984741211,8.90999984741211,124309.0
2026-08-05 14:26:00,ONFO,,0.0729999989271164,0.0729999989271164,0.0729999989271164,0.0729999989271164,20550.0
2026-08-05 14:26:00,OPCH,,23.4950008392334,23.4950008392334,23.4950008392334,23.4950008392334,313.0
2026-08-05 14:26:00,OPEN,,3.7899999618530273,3.799999952316284,3.7899999618530273,3.7899999618530273,48376.0
2026-08-05 14:26:00,OPRX,,6.909999847412109,6.909999847412109,6.909999847412109,6.909999847412109,298.0
2026-08-05 14:26:00,ORLY,,92.87999725341797,92.91000366210938,92.86000061035156,92.86000061035156,5996.0
2026-08-05 14:26:00,ORRF,,43.28499984741211,43.28499984741211,43.28499984741211,43.28499984741211,2423.0
2026-08-05 14:26:00,OSPN,,16.59000015258789,16.59000015258789,16.559999465942383,16.559999465942383,1405.0
2026-08-05 14:26:00,OSS,,13.75,13.770000457763672,13.75,13.770000457763672,851.0
2026-08-05 14:26:00,OTEX,,25.889999389648438,25.90999984741211,25.885000228881836,25.90999984741211,3259.0
2026-08-05 14:26:00,OTLK,,1.0199999809265137,1.0199999809265137,1.0199999809265137,1.0199999809265137,5124.0
2026-08-05 14:26:00,OTLY,,14.300000190734863,14.350000381469727,14.300000190734863,14.350000381469727,2539.0
2026-08-05 14:26:00,OVID,,2.5999999046325684,2.5999999046325684,2.597100019454956,2.597100019454956,1131.0
2026-08-05 14:26:00,PAA,,23.170000076293945,23.174999237060547,23.170000076293945,23.17009925842285,1124.0
2026-08-05 14:26:00,PAAS,,48.15999984741211,48.16999816894531,48.150001525878906,48.16999816894531,3529.0
2026-08-05 14:26:00,PACB,,1.3250000476837158,1.3250000476837158,1.3250000476837158,1.3250000476837158,2168.0
2026-08-05 14:26:00,PALI,,2.119999885559082,2.119999885559082,2.115000009536743,2.115000009536743,4415.0
2026-08-05 14:26:00,PANW,,365.9599914550781,365.9599914550781,365.6050109863281,365.8424987792969,4549.0
2026-08-05 14:26:00,PATK,,87.69999694824219,87.69999694824219,87.69999694824219,87.69999694824219,904.0
2026-08-05 14:26:00,PAYO,,7.119999885559082,7.125,7.119999885559082,7.119999885559082,2252.0
2026-08-05 14:26:00,PAYX,,117.79000091552734,117.81500244140625,117.79000091552734,117.81500244140625,3195.0
2026-08-05 14:26:00,PBYI,,8.050000190734863,8.050000190734863,8.050000190734863,8.050000190734863,130.0
2026-08-05 14:26:00,PCAR,,134.19000244140625,134.19000244140625,134.17999267578125,134.17999267578125,2981.0
2026-08-05 14:26:00,PCRX,,24.65999984741211,24.670000076293945,24.530000686645508,24.530000686645508,6745.0
2026-08-05 14:26:00,PCT,,6.925000190734863,6.940000057220459,6.925000190734863,6.930500030517578,17374.0
2026-08-05 14:26:00,PCTY,,145.44000244140625,145.44000244140625,145.4149932861328,145.4149932861328,984.0
2026-08-05 14:26:00,PDD,,90.86000061035156,90.86000061035156,90.86000061035156,90.86000061035156,1055.0
2026-08-05 14:26:00,PEGA,,31.825000762939453,31.825000762939453,31.825000762939453,31.825000762939453,265.0
2026-08-05 14:26:00,PENN,,19.799999237060547,19.815000534057617,19.799999237060547,19.815000534057617,2392.0
2026-08-05 14:26:00,PEP,,138.49000549316406,138.5,138.47999572753906,138.47999572753906,2956.0
2026-08-05 14:26:00,PEPG,,1.965000033378601,1.965000033378601,1.965000033378601,1.965000033378601,285.0
2026-08-05 14:26:00,PFG,,114.2300033569336,114.26000213623047,114.2300033569336,114.25,1783.0
2026-08-05 14:26:00,PGEN,,6.889999866485596,6.889999866485596,6.864999771118164,6.889999866485596,9304.0
2026-08-05 14:26:00,PGY,,21.844999313354492,21.844999313354492,21.834999084472656,21.844999313354492,2916.0
2026-08-05 14:26:00,PHAT,,8.380000114440918,8.390000343322754,8.380000114440918,8.390000343322754,461.0
2026-08-05 14:26:00,PHIO,,1.0499999523162842,1.059999942779541,1.0499999523162842,1.0499999523162842,2243.0
2026-08-05 14:26:00,PLTK,,3.884999990463257,3.884999990463257,3.884999990463257,3.884999990463257,552.0
2026-08-05 14:26:00,PLUG,,2.0850000381469727,2.0899999141693115,2.0799999237060547,2.0850000381469727,21327.0
2026-08-05 14:26:00,PLXS,,277.260009765625,277.260009765625,277.260009765625,277.260009765625,968.0
2026-08-05 14:26:00,PNFP,,107.95500183105469,107.95500183105469,107.95500183105469,107.95500183105469,765.0
2026-08-05 14:26:00,PNTG,,38.72999954223633,38.72999954223633,38.70000076293945,38.70000076293945,944.0
2026-08-05 14:26:00,PODC,,3.4600000381469727,3.4600000381469727,3.4600000381469727,3.4600000381469727,315.0
2026-08-05 14:26:00,POET,,8.295000076293945,8.300000190734863,8.295000076293945,8.300000190734863,375.0
2026-08-05 14:26:00,POOL,,205.38999938964844,205.38999938964844,205.36000061035156,205.3699951171875,2319.0
2026-08-05 14:26:00,POWI,,61.939998626708984,61.939998626708984,61.88999938964844,61.88999938964844,694.0
2026-08-05 14:26:00,POWL,,211.74000549316406,211.74000549316406,211.73500061035156,211.73500061035156,1253.0
2026-08-05 14:26:00,PPTA,,22.530000686645508,22.53499984741211,22.530000686645508,22.53499984741211,1341.0
2026-08-05 14:26:00,PRAX,,318.8500061035156,319.05999755859375,318.8500061035156,319.0,1194.0
2026-08-05 14:26:00,PRCH,,15.800000190734863,15.800000190734863,15.800000190734863,15.800000190734863,686.0
2026-08-05 14:26:00,PRCT,,19.31999969482422,19.31999969482422,19.260000228881836,19.280000686645508,8230.0
2026-08-05 14:26:00,PRIM,,84.94999694824219,85.02999877929688,84.8949966430664,84.8949966430664,3093.0
2026-08-05 14:26:00,PRME,,3.0611000061035156,3.065000057220459,3.0611000061035156,3.065000057220459,2195.0
2026-08-05 14:26:00,PROK,,1.6399999856948853,1.6399999856948853,1.6399999856948853,1.6399999856948853,471.0
2026-08-05 14:26:00,PRQR,,1.958899974822998,1.958899974822998,1.958899974822998,1.958899974822998,414.0
2026-08-05 14:26:00,PRVA,,24.184999465942383,24.184999465942383,24.18000030517578,24.18000030517578,1336.0
2026-08-05 14:26:00,PSEC,,2.184999942779541,2.184999942779541,2.184999942779541,2.184999942779541,2225.0
2026-08-05 14:26:00,PSHG,,1.75,1.75,1.75,1.75,200.0
2026-08-05 14:26:00,PSMT,,189.5850067138672,189.5850067138672,189.3000030517578,189.3000030517578,4257.0
2026-08-05 14:26:00,PSNL,,13.529999732971191,13.529999732971191,13.524999618530273,13.524999618530273,1123.0
2026-08-05 14:26:00,PTC,,140.125,140.125,140.125,140.125,711.0
2026-08-05 14:26:00,PTCT,,69.06500244140625,69.06500244140625,69.05999755859375,69.05999755859375,1193.0
2026-08-05 14:26:00,PTEN,,9.845000267028809,9.845000267028809,9.845000267028809,9.845000267028809,4416.0
2026-08-05 14:26:00,PTON,,6.480000019073486,6.489999771118164,6.480000019073486,6.480000019073486,5333.0
2026-08-05 14:26:00,PYPL,,58.130001068115234,58.1349983215332,58.130001068115234,58.130001068115234,2517.0
2026-08-05 14:26:00,PZZA,,30.06999969482422,30.06999969482422,30.024999618530273,30.030000686645508,3998.0
2026-08-05 14:26:00,QCOM,,158.10499572753906,158.2100067138672,158.10499572753906,158.1999969482422,8629.0
2026-08-05 14:26:00,QFIN,,13.180000305175781,13.180000305175781,13.180000305175781,13.180000305175781,1229.0
2026-08-05 14:26:00,QRVO,,94.80500030517578,94.83000183105469,94.77999877929688,94.77999877929688,3282.0
2026-08-05 14:26:00,SEED,,1.0194000005722046,1.0199999809265137,1.0,1.0,2628.0
2026-08-05 14:26:00,STIM,,2.255000114440918,2.255000114440918,2.255000114440918,2.255000114440918,1111.0
2026-08-05 14:27:00,ACDC,,4.474999904632568,4.474999904632568,4.474999904632568,4.474999904632568,535.0
2026-08-05 14:27:00,BPOP,,177.14999389648438,177.14999389648438,177.14500427246094,177.14500427246094,511.0
2026-08-05 14:27:00,BPRN,,41.97999954223633,41.97999954223633,41.97999954223633,41.97999954223633,311.0
2026-08-05 14:27:00,CNXN,,86.0199966430664,86.0199966430664,86.0199966430664,86.0199966430664,346.0
2026-08-05 14:27:00,DTIL,,7.485000133514404,7.485000133514404,7.46999979019165,7.46999979019165,2292.0
2026-08-05 14:27:00,EYE,,22.940000534057617,22.959999084472656,22.934999465942383,22.959999084472656,2916.0
2026-08-05 14:27:00,FIZZ,,32.119998931884766,32.119998931884766,32.119998931884766,32.119998931884766,553.0
2026-08-05 14:27:00,FRST,,16.440000534057617,16.440000534057617,16.440000534057617,16.440000534057617,8234.0
2026-08-05 14:27:00,GLUE,,15.520000457763672,15.520000457763672,15.515000343322754,15.520000457763672,4597.0
2026-08-05 14:27:00,KIDS,,21.6299991607666,21.6299991607666,21.6299991607666,21.6299991607666,1778.0
2026-08-05 14:27:00,MDB,,375.54998779296875,375.55999755859375,375.54998779296875,375.55999755859375,759.0
2026-08-05 14:27:00,MDLZ,,62.54499816894531,62.54999923706055,62.529998779296875,62.54499816894531,7278.0
2026-08-05 14:27:00,MNRO,,13.149999618530273,13.149999618530273,13.149999618530273,13.149999618530273,604.0
2026-08-05 14:27:00,MNST,,94.75,94.76000213623047,94.74500274658203,94.76000213623047,5323.0
2026-08-05 14:27:00,MNTS,,4.270100116729736,4.28000020980835,4.270100116729736,4.28000020980835,5594.0
2026-08-05 14:27:00,MORN,,197.97999572753906,198.1699981689453,197.97999572753906,198.1699981689453,1254.0
2026-08-05 14:27:00,MPWR,,1346.43994140625,1347.1800537109375,1345.699951171875,1346.5150146484375,680.0
2026-08-05 14:27:00,MRNA,,56.6150016784668,56.6150016784668,56.59000015258789,56.59000015258789,4159.0
2026-08-05 14:27:00,MYGN,,3.1600000858306885,3.1649999618530273,3.1600000858306885,3.1649999618530273,3298.0
2026-08-05 14:27:00,MYRG,,340.875,340.875,340.875,340.875,429.0
2026-08-05 14:27:00,NAMS,,27.479999542236328,27.489999771118164,27.454999923706055,27.469999313354492,2339.0
2026-08-05 14:27:00,NB,,5.114999771118164,5.114999771118164,5.114999771118164,5.114999771118164,1670.0
2026-08-05 14:27:00,NBIX,,162.72500610351562,162.72999572753906,162.72500610351562,162.72999572753906,1492.0
2026-08-05 14:27:00,NDAQ,,95.06999969482422,95.06999969482422,95.04720306396484,95.04720306396484,2634.0
2026-08-05 14:27:00,NDLS,,17.84000015258789,17.84000015258789,17.84000015258789,17.84000015258789,524.0
2026-08-05 14:27:00,NDSN,,310.7200012207031,310.7200012207031,310.7099914550781,310.7099914550781,257.0
2026-08-05 14:27:00,NEGG,,16.979999542236328,16.979999542236328,16.979999542236328,16.979999542236328,287.0
2026-08-05 14:27:00,NEO,,16.020000457763672,16.020000457763672,16.010000228881836,16.014999389648438,3320.0
2026-08-05 14:27:00,NEOG,,11.614999771118164,11.614999771118164,11.614999771118164,11.614999771118164,3096.0
2026-08-05 14:27:00,NESR,,28.665000915527344,28.665000915527344,28.665000915527344,28.665000915527344,315.0
2026-08-05 14:27:00,NEWT,,15.125,15.125,15.125,15.125,217.0
2026-08-05 14:27:00,NFE,,0.3377000093460083,0.33899998664855957,0.3377000093460083,0.3377000093460083,2151.0
2026-08-05 14:27:00,NFLX,,73.39440155029297,73.44000244140625,73.38500213623047,73.44000244140625,34248.0
2026-08-05 14:27:00,NKSH,,41.52000045776367,41.52000045776367,41.52000045776367,41.52000045776367,389.0
2026-08-05 14:27:00,NKTR,,72.7699966430664,72.7699966430664,72.72000122070312,72.7699966430664,1561.0
2026-08-05 14:27:00,NKTX,,2.2100000381469727,2.2100000381469727,2.2100000381469727,2.2100000381469727,470.0
2026-08-05 14:27:00,NMRK,,15.71500015258789,15.71500015258789,15.710000038146973,15.710000038146973,3797.0
2026-08-05 14:27:00,NN,,14.539999961853027,14.5600004196167,14.539999961853027,14.555000305175781,2966.0
2026-08-05 14:27:00,NNBR,,3.869999885559082,3.869999885559082,3.859999895095825,3.859999895095825,2317.0
2026-08-05 14:27:00,NNDM,,1.5449999570846558,1.5449999570846558,1.5449999570846558,1.5449999570846558,504.0
2026-08-05 14:27:00,NNOX,,1.009600043296814,1.009600043296814,1.009600043296814,1.009600043296814,1974.0
2026-08-05 14:27:00,NOVT,,156.3300018310547,156.3300018310547,156.3300018310547,156.3300018310547,531.0
2026-08-05 14:27:00,NRIX,,24.93000030517578,24.93000030517578,24.860000610351562,24.860000610351562,3236.0
2026-08-05 14:27:00,NTAP,,189.05999755859375,189.10000610351562,188.7550048828125,188.7550048828125,11694.0
2026-08-05 14:27:00,NTCT,,41.875,41.93000030517578,41.875,41.91999816894531,1433.0
2026-08-05 14:27:00,NTES,,127.68000030517578,127.68000030517578,127.62999725341797,127.66999816894531,5980.0
2026-08-05 14:27:00,NTNX,,61.04499816894531,61.04499816894531,61.029998779296875,61.04499816894531,1362.0
2026-08-05 14:27:00,NTRA,,275.0,275.0,274.7049865722656,274.7049865722656,4010.0
2026-08-05 14:27:00,NTRS,,184.4149932861328,184.4149932861328,184.4149932861328,184.4149932861328,220.0
2026-08-05 14:27:00,NVAX,,7.585000038146973,7.590000152587891,7.585000038146973,7.590000152587891,2501.0
2026-08-05 14:27:00,NVCR,,16.110000610351562,16.110000610351562,16.110000610351562,16.110000610351562,1428.0
2026-08-05 14:27:00,NVCT,,19.530000686645508,19.530000686645508,19.530000686645508,19.530000686645508,761.0
2026-08-05 14:27:00,NVDA,,221.66000366210938,221.78500366210938,221.64930725097656,221.72999572753906,163894.0
2026-08-05 14:27:00,NVEC,,130.2050018310547,130.2050018310547,130.2050018310547,130.2050018310547,153.0
2026-08-05 14:27:00,NVTS,,12.425000190734863,12.430000305175781,12.411299705505371,12.420000076293945,9039.0
2026-08-05 14:27:00,NVX,,0.40139999985694885,0.40139999985694885,0.40139999985694885,0.40139999985694885,299.0
2026-08-05 14:27:00,NWE,,68.97000122070312,68.97000122070312,68.97000122070312,68.97000122070312,590.0
2026-08-05 14:27:00,NWL,,6.21999979019165,6.224999904632568,6.21999979019165,6.224999904632568,5885.0
2026-08-05 14:27:00,NWS,,32.29499816894531,32.31999969482422,32.29499816894531,32.31999969482422,2447.0
2026-08-05 14:27:00,NWSA,,28.280000686645508,28.295000076293945,28.280000686645508,28.295000076293945,5718.0
2026-08-05 14:27:00,NXPI,,231.61500549316406,231.64999389648438,231.52000427246094,231.64999389648438,3121.0
2026-08-05 14:27:00,NXST,,191.77999877929688,191.77999877929688,191.77999877929688,191.77999877929688,698.0
2026-08-05 14:27:00,NXT,,98.95999908447266,99.01000213623047,98.91000366210938,98.91000366210938,4830.0
2026-08-05 14:27:00,OABI,,2.075000047683716,2.0799999237060547,2.075000047683716,2.075000047683716,1193.0
2026-08-05 14:27:00,OBT,,38.810001373291016,38.810001373291016,38.810001373291016,38.810001373291016,684.0
2026-08-05 14:27:00,OCC,,15.979999542236328,15.979999542236328,15.979999542236328,15.979999542236328,1529.0
2026-08-05 14:27:00,OCCI,,2.4749999046325684,2.4749999046325684,2.4749999046325684,2.4749999046325684,153.0
2026-08-05 14:27:00,OCFC,,19.899999618530273,19.899999618530273,19.899999618530273,19.899999618530273,1152.0
2026-08-05 14:27:00,OCG,,1.6699999570846558,1.6799999475479126,1.6699999570846558,1.6799999475479126,3926.0
2026-08-05 14:27:00,OCGN,,1.2899999618530273,1.2899999618530273,1.2799999713897705,1.2799999713897705,20084.0
2026-08-05 14:27:00,OCUL,,8.595000267028809,8.600000381469727,8.595000267028809,8.600000381469727,1636.0
2026-08-05 14:27:00,OESX,,14.859999656677246,14.859999656677246,14.859999656677246,14.859999656677246,115.0
2026-08-05 14:27:00,OKTA,,148.1999969482422,148.2100067138672,148.14500427246094,148.14999389648438,1693.0
2026-08-05 14:27:00,OLLI,,78.16000366210938,78.18499755859375,78.16000366210938,78.18499755859375,1207.0
2026-08-05 14:27:00,OM,,5.059999942779541,5.059999942779541,5.059999942779541,5.059999942779541,739.0
2026-08-05 14:27:00,OMER,,12.899999618530273,12.899999618530273,12.899999618530273,12.899999618530273,871.0
2026-08-05 14:27:00,OMH,,0.11420000344514847,0.11420000344514847,0.11420000344514847,0.11420000344514847,6237.0
2026-08-05 14:27:00,ON,,77.91000366210938,77.94000244140625,77.88999938964844,77.8949966430664,29337.0
2026-08-05 14:27:00,ONB,,27.024999618530273,27.024999618530273,27.020000457763672,27.020000457763672,2861.0
2026-08-05 14:27:00,ONDS,,8.9350004196167,8.9399995803833,8.90999984741211,8.914999961853027,201971.0
2026-08-05 14:27:00,ONFO,,0.0729999989271164,0.0729999989271164,0.0729999989271164,0.0729999989271164,6840.0
2026-08-05 14:27:00,OPAL,,2.365000009536743,2.365000009536743,2.365000009536743,2.365000009536743,196.0
2026-08-05 14:27:00,OPCH,,23.5,23.520000457763672,23.4950008392334,23.4950008392334,8698.0
2026-08-05 14:27:00,OPEN,,3.7899999618530273,3.799999952316284,3.7899999618530273,3.7950000762939453,17943.0
2026-08-05 14:27:00,OPHC,,8.789999961853027,8.789999961853027,8.789999961853027,8.789999961853027,190.0
2026-08-05 14:27:00,OPRT,,6.105000019073486,6.105000019073486,6.105000019073486,6.105000019073486,271.0
2026-08-05 14:27:00,ORIC,,12.9399995803833,12.9399995803833,12.925000190734863,12.9399995803833,4075.0
2026-08-05 14:27:00,ORLY,,92.88999938964844,92.9000015258789,92.87999725341797,92.87999725341797,3484.0
2026-08-05 14:27:00,ORMP,,4.389900207519531,4.389900207519531,4.364999771118164,4.364999771118164,317.0
2026-08-05 14:27:00,OSBC,,25.799999237060547,25.799999237060547,25.799999237060547,25.799999237060547,1350.0
2026-08-05 14:27:00,OSIS,,236.39999389648438,236.97000122070312,236.39999389648438,236.97000122070312,626.0
2026-08-05 14:27:00,OSPN,,16.6299991607666,16.6299991607666,16.600000381469727,16.614999771118164,10379.0
2026-08-05 14:27:00,OSS,,13.744999885559082,13.744999885559082,13.744999885559082,13.744999885559082,475.0
2026-08-05 14:27:00,OSUR,,4.125,4.125,4.125,4.125,776.0
2026-08-05 14:27:00,OSW,,26.530000686645508,26.540000915527344,26.530000686645508,26.540000915527344,1090.0
2026-08-05 14:27:00,OTEX,,25.885000228881836,25.895000457763672,25.885000228881836,25.889999389648438,1635.0
2026-08-05 14:27:00,OTLK,,1.0099999904632568,1.0299999713897705,1.0099999904632568,1.0149999856948853,3903.0
2026-08-05 14:27:00,OVBC,,42.61000061035156,42.61000061035156,42.61000061035156,42.61000061035156,385.0
2026-08-05 14:27:00,OVID,,2.5999999046325684,2.5999999046325684,2.5999999046325684,2.5999999046325684,722.0
2026-08-05 14:27:00,PAA,,23.174999237060547,23.174999237060547,23.174999237060547,23.174999237060547,987.0
2026-08-05 14:27:00,PAAS,,48.185001373291016,48.20000076293945,48.15999984741211,48.15999984741211,2911.0
2026-08-05 14:27:00,PACB,,1.3250000476837158,1.3250000476837158,1.3250000476837158,1.3250000476837158,1484.0
2026-08-05 14:27:00,PAGP,,25.155000686645508,25.15999984741211,25.149999618530273,25.155000686645508,1027.0
2026-08-05 14:27:00,PAHC,,35.529998779296875,35.529998779296875,35.529998779296875,35.529998779296875,972.0
2026-08-05 14:27:00,PALI,,2.115000009536743,2.119999885559082,2.1149001121520996,2.119999885559082,1351.0
2026-08-05 14:27:00,PANW,,365.7900085449219,366.0400085449219,365.7300109863281,365.80499267578125,4583.0
2026-08-05 14:27:00,PAX,,11.4350004196167,11.4350004196167,11.425000190734863,11.425000190734863,1917.0
2026-08-05 14:27:00,PAYO,,7.119999885559082,7.125,7.119999885559082,7.122200012207031,1080.0
2026-08-05 14:27:00,PAYS,,9.130000114440918,9.149999618530273,9.130000114440918,9.149999618530273,2996.0
2026-08-05 14:27:00,PAYX,,117.77999877929688,117.77999877929688,117.77999877929688,117.77999877929688,375.0
2026-08-05 14:27:00,PCAR,,134.2100067138672,134.2100067138672,134.2100067138672,134.2100067138672,1162.0
2026-08-05 14:27:00,PCT,,6.954999923706055,6.954999923706055,6.925000190734863,6.929500102996826,14639.0
2026-08-05 14:27:00,PCTY,,145.19000244140625,145.41000366210938,145.19000244140625,145.41000366210938,2410.0
2026-08-05 14:27:00,PDD,,90.84500122070312,90.8550033569336,90.84500122070312,90.8550033569336,7171.0
2026-08-05 14:27:00,PDFS,,50.314998626708984,50.314998626708984,50.27000045776367,50.279998779296875,653.0
2026-08-05 14:27:00,PDLB,,20.530000686645508,20.530000686645508,20.520000457763672,20.520000457763672,1194.0
2026-08-05 14:27:00,PECO,,41.314998626708984,41.314998626708984,41.314998626708984,41.314998626708984,727.0
2026-08-05 14:27:00,PEGA,,31.825000762939453,31.825000762939453,31.825000762939453,31.825000762939453,1582.0
2026-08-05 14:27:00,PENN,,19.780000686645508,19.795000076293945,19.780000686645508,19.795000076293945,4479.0
2026-08-05 14:27:00,PEP,,138.47999572753906,138.4862060546875,138.47500610351562,138.4862060546875,3029.0
2026-08-05 14:27:00,PERI,,9.555000305175781,9.555000305175781,9.555000305175781,9.555000305175781,631.0
2026-08-05 14:27:00,PESI,,17.815000534057617,17.815000534057617,17.815000534057617,17.815000534057617,787.0
2026-08-05 14:27:00,PFG,,114.23999786376953,114.23999786376953,114.23999786376953,114.23999786376953,272.0
2026-08-05 14:27:00,PFIS,,71.63999938964844,71.63999938964844,71.63999938964844,71.63999938964844,767.0
2026-08-05 14:27:00,PGC,,46.63999938964844,46.63999938964844,46.63999938964844,46.63999938964844,783.0
2026-08-05 14:27:00,PGEN,,6.875,6.889999866485596,6.875,6.885000228881836,31549.0
2026-08-05 14:27:00,PGNY,,31.729999542236328,31.729999542236328,31.729999542236328,31.729999542236328,1524.0
2026-08-05 14:27:00,PGY,,21.84000015258789,21.844999313354492,21.84000015258789,21.84000015258789,1450.0
2026-08-05 14:27:00,PHAT,,8.395000457763672,8.399999618530273,8.390000343322754,8.390000343322754,1717.0
2026-08-05 14:27:00,PHIO,,1.059999942779541,1.059999942779541,1.059999942779541,1.059999942779541,1142.0
2026-08-05 14:27:00,PLAB,,32.209999084472656,32.25,32.209999084472656,32.209999084472656,4031.0
2026-08-05 14:27:00,PLMR,,134.14999389648438,134.14999389648438,134.14999389648438,134.14999389648438,368.0
2026-08-05 14:27:00,PLPC,,472.4599914550781,472.4599914550781,472.4599914550781,472.4599914550781,804.0
2026-08-05 14:27:00,PLTK,,3.884999990463257,3.884999990463257,3.884999990463257,3.884999990463257,443.0
2026-08-05 14:27:00,PLUG,,2.0850000381469727,2.0899999141693115,2.0799999237060547,2.0850000381469727,4658.0
2026-08-05 14:27:00,PMN,,13.265000343322754,13.265000343322754,13.265000343322754,13.265000343322754,121.0
2026-08-05 14:27:00,PNBK,,1.1399999856948853,1.1399999856948853,1.1399999856948853,1.1399999856948853,200.0
2026-08-05 14:27:00,PNFP,,107.95500183105469,107.95500183105469,107.95500183105469,107.95500183105469,436.0
2026-08-05 14:27:00,POET,,8.28499984741211,8.295000076293945,8.279999732971191,8.289999961853027,14707.0
2026-08-05 14:27:00,POLA,,1.7999999523162842,1.7999999523162842,1.7999999523162842,1.7999999523162842,695.0
2026-08-05 14:27:00,POWI,,61.974998474121094,62.029998779296875,61.91999816894531,62.0,11714.0
2026-08-05 14:27:00,POWL,,211.92999267578125,211.92999267578125,211.7449951171875,211.77059936523438,1685.0
2026-08-05 14:27:00,PPC,,26.479999542236328,26.479999542236328,26.479999542236328,26.479999542236328,1294.0
2026-08-05 14:27:00,PPTA,,22.514999389648438,22.514999389648438,22.514999389648438,22.514999389648438,264.0
2026-08-05 14:27:00,PRAX,,319.2650146484375,319.2650146484375,319.2650146484375,319.2650146484375,335.0
2026-08-05 14:27:00,PRCH,,15.819999694824219,15.819999694824219,15.805000305175781,15.805000305175781,2111.0
2026-08-05 14:27:00,PRCT,,19.388500213623047,19.388500213623047,19.31999969482422,19.354999542236328,1696.0
2026-08-05 14:27:00,PRDO,,32.86000061035156,32.875,32.86000061035156,32.875,1925.0
2026-08-05 14:27:00,PRFX,,1.1150000095367432,1.1150000095367432,1.1150000095367432,1.1150000095367432,365.0
2026-08-05 14:27:00,PRPL,,9.239999771118164,9.239999771118164,9.239999771118164,9.239999771118164,336.0
2026-08-05 14:27:00,PRQR,,1.9550000429153442,1.9550000429153442,1.9550000429153442,1.9550000429153442,182.0
2026-08-05 14:27:00,PRTA,,8.489999771118164,8.489999771118164,8.489999771118164,8.489999771118164,379.0
2026-08-05 14:27:00,PRVA,,24.209999084472656,24.209999084472656,24.190000534057617,24.190000534057617,1617.0
2026-08-05 14:27:00,PSHG,,1.7549999952316284,1.7549999952316284,1.75,1.75,513.0
2026-08-05 14:27:00,PSNL,,13.539999961853027,13.539999961853027,13.53499984741211,13.53499984741211,1248.0
2026-08-05 14:27:00,PTC,,140.0399932861328,140.0399932861328,140.0399932861328,140.0399932861328,204.0
2026-08-05 14:27:00,PTCT,,69.06999969482422,69.08999633789062,69.06999969482422,69.08999633789062,2669.0
2026-08-05 14:27:00,PTEN,,9.845499992370605,9.847999572753906,9.845000267028809,9.847999572753906,5166.0
2026-08-05 14:27:00,PTGX,,136.47000122070312,136.47000122070312,136.47000122070312,136.47000122070312,617.0
2026-08-05 14:27:00,PTLO,,4.605000019073486,4.614999771118164,4.605000019073486,4.614999771118164,4401.0
2026-08-05 14:27:00,PTON,,6.485000133514404,6.485000133514404,6.480000019073486,6.480000019073486,15686.0
2026-08-05 14:27:00,PUBM,,13.399999618530273,13.404999732971191,13.399999618530273,13.404999732971191,5881.0
2026-08-05 14:27:00,PWP,,17.479999542236328,17.479999542236328,17.475000381469727,17.475000381469727,969.0
2026-08-05 14:27:00,PYPL,,58.11000061035156,58.125099182128906,58.10499954223633,58.125,7972.0
2026-08-05 14:27:00,PYXS,,3.109999895095825,3.109999895095825,3.109999895095825,3.109999895095825,394.0
2026-08-05 14:27:00,PZZA,,30.079999923706055,30.100000381469727,30.079999923706055,30.09000015258789,2557.0
2026-08-05 14:27:00,QCOM,,158.10000610351562,158.13999938964844,158.08999633789062,158.11000061035156,7747.0
2026-08-05 14:27:00,QRVO,,94.79000091552734,94.80999755859375,94.7699966430664,94.80999755859375,3532.0
2026-08-05 14:27:00,SEED,,1.0199999809265137,1.0199999809265137,1.0194000005722046,1.0194000005722046,405.0
2026-08-05 14:27:00,TARA,,4.019999980926514,4.019999980926514,4.014999866485596,4.014999866485596,1583.0
2026-08-05 14:27:00,WOOF,,2.934999942779541,2.934999942779541,2.934999942779541,2.934999942779541,241.0
2026-08-05 14:28:00,ACDC,,4.474999904632568,4.474999904632568,4.474999904632568,4.474999904632568,1575.0
2026-08-05 14:28:00,BPOP,,177.14500427246094,177.14500427246094,177.14500427246094,177.14500427246094,1616.0
2026-08-05 14:28:00,EYE,,22.940000534057617,22.940000534057617,22.940000534057617,22.940000534057617,356.0
2026-08-05 14:28:00,FIZZ,,32.13999938964844,32.13999938964844,32.13999938964844,32.13999938964844,735.0
2026-08-05 14:28:00,FRST,,16.450000762939453,16.450000762939453,16.450000762939453,16.450000762939453,908.0
2026-08-05 14:28:00,GLUE,,15.529999732971191,15.529999732971191,15.520000457763672,15.520000457763672,1865.0
2026-08-05 14:28:00,LUNG,,1.9950000047683716,2.0,1.9900000095367432,2.0,6349.0
2026-08-05 14:28:00,MDB,,375.8500061035156,376.0,375.2200012207031,375.5450134277344,1842.0
2026-08-05 14:28:00,MDLZ,,62.55500030517578,62.564998626708984,62.54499816894531,62.54499816894531,9012.0
2026-08-05 14:28:00,MLTX,,17.579999923706055,17.579999923706055,17.579999923706055,17.579999923706055,1807.0
2026-08-05 14:28:00,MNRO,,13.140899658203125,13.140899658203125,13.140899658203125,13.140899658203125,1610.0
2026-08-05 14:28:00,MNST,,94.78500366210938,94.78500366210938,94.76000213623047,94.76000213623047,2745.0
2026-08-05 14:28:00,MNTS,,4.28000020980835,4.28000020980835,4.28000020980835,4.28000020980835,1238.0
2026-08-05 14:28:00,MORN,,198.10499572753906,198.10499572753906,198.10499572753906,198.10499572753906,205.0
2026-08-05 14:28:00,MPWR,,1345.47998046875,1345.8699951171875,1345.47998046875,1345.699951171875,210.0
2026-08-05 14:28:00,MYGN,,3.1549999713897705,3.1600000858306885,3.1549999713897705,3.1600000858306885,3328.0
2026-08-05 14:28:00,MYRG,,340.3299865722656,340.3299865722656,340.3299865722656,340.3299865722656,67.0
2026-08-05 14:28:00,NB,,5.119999885559082,5.119999885559082,5.110000133514404,5.114999771118164,1596.0
2026-08-05 14:28:00,NCMI,,4.099999904632568,4.100100040435791,4.090000152587891,4.100100040435791,15234.0
2026-08-05 14:28:00,NDAQ,,95.06999969482422,95.06999969482422,95.06999969482422,95.06999969482422,293.0
2026-08-05 14:28:00,NDLS,,18.0,18.0,18.0,18.0,182.0
2026-08-05 14:28:00,NDSN,,310.5799865722656,310.6499938964844,310.5799865722656,310.6499938964844,637.0
2026-08-05 14:28:00,NEGG,,16.93000030517578,16.979999542236328,16.93000030517578,16.979999542236328,752.0
2026-08-05 14:28:00,NEO,,16.01020050048828,16.014999389648438,16.01020050048828,16.014999389648438,4181.0
2026-08-05 14:28:00,NEOV,,2.8350000381469727,2.8350000381469727,2.8299999237060547,2.8299999237060547,582.0
2026-08-05 14:28:00,NESR,,28.665000915527344,28.665000915527344,28.665000915527344,28.665000915527344,2188.0
2026-08-05 14:28:00,NEWT,,15.119999885559082,15.119999885559082,15.119999885559082,15.119999885559082,636.0
2026-08-05 14:28:00,NEXT,,6.454999923706055,6.454999923706055,6.449999809265137,6.454999923706055,4724.0
2026-08-05 14:28:00,NFE,,0.3375999927520752,0.3375999927520752,0.3375999927520752,0.3375999927520752,273.0
2026-08-05 14:28:00,NFLX,,73.41500091552734,73.41999816894531,73.38500213623047,73.3949966430664,23519.0
2026-08-05 14:28:00,NGNE,,35.36000061035156,35.369998931884766,35.36000061035156,35.369998931884766,709.0
2026-08-05 14:28:00,NICE,,99.2699966430664,99.2699966430664,99.19000244140625,99.19000244140625,533.0
2026-08-05 14:28:00,NKTX,,2.2100000381469727,2.2100000381469727,2.2100000381469727,2.2100000381469727,633.0
2026-08-05 14:28:00,NMIH,,44.61000061035156,44.61000061035156,44.57500076293945,44.599998474121094,1335.0
2026-08-05 14:28:00,NMRK,,15.704999923706055,15.704999923706055,15.704999923706055,15.704999923706055,791.0
2026-08-05 14:28:00,NN,,14.539999961853027,14.547300338745117,14.529999732971191,14.547300338745117,6925.0
2026-08-05 14:28:00,NNBR,,3.865000009536743,3.865000009536743,3.865000009536743,3.865000009536743,285.0
2026-08-05 14:28:00,NNDM,,1.5449999570846558,1.5449999570846558,1.5449999570846558,1.5449999570846558,870.0
2026-08-05 14:28:00,NNOX,,1.0049999952316284,1.0049999952316284,1.001099944114685,1.001099944114685,164.0
2026-08-05 14:28:00,NOVT,,155.97000122070312,156.13499450683594,155.97000122070312,156.00999450683594,2843.0
2026-08-05 14:28:00,NRIX,,24.889999389648438,24.90999984741211,24.889999389648438,24.90999984741211,1001.0
2026-08-05 14:28:00,NRSN,,0.5580000281333923,0.5580000281333923,0.5580000281333923,0.5580000281333923,15872.0
2026-08-05 14:28:00,NSSC,,40.375,40.380001068115234,40.36000061035156,40.36000061035156,1162.0
2026-08-05 14:28:00,NTGR,,24.385000228881836,24.385000228881836,24.385000228881836,24.385000228881836,622.0
2026-08-05 14:28:00,NTNX,,61.07500076293945,61.08000183105469,61.04499816894531,61.06999969482422,4392.0
2026-08-05 14:28:00,NTRA,,274.8500061035156,274.95001220703125,274.8500061035156,274.8900146484375,3215.0
2026-08-05 14:28:00,NTRS,,184.4149932861328,184.41510009765625,184.4149932861328,184.41510009765625,758.0
2026-08-05 14:28:00,NUWE,,1.6950000524520874,1.6950000524520874,1.6900999546051025,1.6950000524520874,2480.0
2026-08-05 14:28:00,NVAX,,7.589900016784668,7.589900016784668,7.589900016784668,7.589900016784668,643.0
2026-08-05 14:28:00,NVDA,,221.6020965576172,221.72000122070312,221.5522003173828,221.66000366210938,211147.0
2026-08-05 14:28:00,NVMI,,407.70001220703125,407.70001220703125,407.70001220703125,407.70001220703125,332.0
2026-08-05 14:28:00,NVTS,,12.420000076293945,12.430000305175781,12.40999984741211,12.430000305175781,9638.0
2026-08-05 14:28:00,NWL,,6.224999904632568,6.224999904632568,6.21999979019165,6.224999904632568,8245.0
2026-08-05 14:28:00,NWS,,32.279998779296875,32.290000915527344,32.279998779296875,32.279998779296875,776.0
2026-08-05 14:28:00,NWSA,,28.274999618530273,28.274999618530273,28.264999389648438,28.270000457763672,5138.0
2026-08-05 14:28:00,NXPI,,231.5,231.64999389648438,231.5,231.64999389648438,5469.0
2026-08-05 14:28:00,NXST,,191.6999969482422,191.6999969482422,191.69500732421875,191.69500732421875,1221.0
2026-08-05 14:28:00,NXT,,99.0199966430664,99.0199966430664,98.95999908447266,98.95999908447266,1729.0
2026-08-05 14:28:00,OABI,,2.0850000381469727,2.0850000381469727,2.075000047683716,2.075000047683716,9351.0
2026-08-05 14:28:00,OCFC,,19.899999618530273,19.899999618530273,19.899999618530273,19.899999618530273,3305.0
2026-08-05 14:28:00,OCG,,1.649999976158142,1.659999966621399,1.649999976158142,1.659999966621399,8671.0
2026-08-05 14:28:00,OCGN,,1.2900999784469604,1.2949999570846558,1.2899999618530273,1.2899999618530273,105718.0
2026-08-05 14:28:00,OCSL,,12.100000381469727,12.114999771118164,12.09000015258789,12.109999656677246,10060.0
2026-08-05 14:28:00,OCUL,,8.604999542236328,8.604999542236328,8.595000267028809,8.595000267028809,1468.0
2026-08-05 14:28:00,ODD,,15.28499984741211,15.28499984741211,15.28499984741211,15.28499984741211,438.0
2026-08-05 14:28:00,ODFL,,213.86000061035156,213.86500549316406,213.86000061035156,213.86500549316406,1066.0
2026-08-05 14:28:00,OESX,,14.829999923706055,14.859999656677246,14.829999923706055,14.859999656677246,267.0
2026-08-05 14:28:00,OFIX,,10.444999694824219,10.444999694824219,10.444999694824219,10.444999694824219,114.0
2026-08-05 14:28:00,OKTA,,148.2100067138672,148.2100067138672,148.14999389648438,148.14999389648438,1777.0
2026-08-05 14:28:00,OLLI,,78.16000366210938,78.16000366210938,78.16000366210938,78.16000366210938,704.0
2026-08-05 14:28:00,OLMA,,11.569999694824219,11.569999694824219,11.569999694824219,11.569999694824219,1443.0
2026-08-05 14:28:00,OM,,5.059999942779541,5.059999942779541,5.059999942779541,5.059999942779541,199.0
2026-08-05 14:28:00,OMCL,,37.369998931884766,37.369998931884766,37.369998931884766,37.369998931884766,613.0
2026-08-05 14:28:00,OMER,,12.869999885559082,12.890000343322754,12.869999885559082,12.890000343322754,1186.0
2026-08-05 14:28:00,OMH,,0.11599999666213989,0.11599999666213989,0.11420000344514847,0.11420000344514847,9587.0
2026-08-05 14:28:00,ON,,77.88999938964844,77.93000030517578,77.87000274658203,77.91000366210938,18312.0
2026-08-05 14:28:00,ONDS,,8.9350004196167,8.9399995803833,8.920000076293945,8.9399995803833,220473.0
2026-08-05 14:28:00,ONFO,,0.07289999723434448,0.0729999989271164,0.07289999723434448,0.0729999989271164,2863.0
2026-08-05 14:28:00,OPCH,,23.514999389648438,23.520000457763672,23.514999389648438,23.514999389648438,2191.0
2026-08-05 14:28:00,OPEN,,3.7850000858306885,3.7899999618530273,3.7799999713897705,3.7899999618530273,229133.0
2026-08-05 14:28:00,OPK,,1.315000057220459,1.315000057220459,1.315000057220459,1.315000057220459,405.0
2026-08-05 14:28:00,OPRX,,6.949999809265137,6.949999809265137,6.909999847412109,6.920000076293945,5377.0
2026-08-05 14:28:00,ORGO,,2.3399999141693115,2.3399999141693115,2.3350000381469727,2.3350000381469727,7430.0
2026-08-05 14:28:00,ORIC,,12.920000076293945,12.920000076293945,12.920000076293945,12.920000076293945,1758.0
2026-08-05 14:28:00,ORLY,,92.91000366210938,92.91000366210938,92.9000015258789,92.9000015258789,1368.0
2026-08-05 14:28:00,OSBC,,25.799999237060547,25.799999237060547,25.799999237060547,25.799999237060547,1495.0
2026-08-05 14:28:00,OSIS,,235.94000244140625,236.2100067138672,235.72500610351562,236.2100067138672,1201.0
2026-08-05 14:28:00,OSPN,,16.579999923706055,16.639999389648438,16.579999923706055,16.635000228881836,5025.0
2026-08-05 14:28:00,OSS,,13.789999961853027,13.789999961853027,13.760000228881836,13.760000228881836,15198.0
2026-08-05 14:28:00,OSW,,26.530000686645508,26.530000686645508,26.530000686645508,26.530000686645508,762.0
2026-08-05 14:28:00,OTEX,,25.899999618530273,25.899999618530273,25.899999618530273,25.899999618530273,545.0
2026-08-05 14:28:00,OTLK,,1.0299999713897705,1.0299999713897705,1.0299999713897705,1.0299999713897705,606.0
2026-08-05 14:28:00,OTTR,,92.33999633789062,92.33999633789062,92.33999633789062,92.33999633789062,664.0
2026-08-05 14:28:00,OVID,,2.5999999046325684,2.5999999046325684,2.5999999046325684,2.5999999046325684,1005.0
2026-08-05 14:28:00,OXSQ,,1.5049999952316284,1.5049999952316284,1.5049999952316284,1.5049999952316284,832.0
2026-08-05 14:28:00,PAA,,23.174999237060547,23.174999237060547,23.174999237060547,23.174999237060547,129.0
2026-08-05 14:28:00,PAAS,,48.189998626708984,48.19499969482422,48.18000030517578,48.18000030517578,3677.0
2026-08-05 14:28:00,PACB,,1.320099949836731,1.3300000429153442,1.320099949836731,1.3209999799728394,3877.0
2026-08-05 14:28:00,PAHC,,35.494998931884766,35.494998931884766,35.494998931884766,35.494998931884766,261.0
2026-08-05 14:28:00,PALI,,2.119999885559082,2.119999885559082,2.119999885559082,2.119999885559082,1582.0
2026-08-05 14:28:00,PANW,,365.8450012207031,365.9800109863281,365.79998779296875,365.81500244140625,2475.0
2026-08-05 14:28:00,PAX,,11.425000190734863,11.4350004196167,11.425000190734863,11.4350004196167,2633.0
2026-08-05 14:28:00,PAYO,,7.119999885559082,7.125,7.119999885559082,7.119999885559082,1751.0
2026-08-05 14:28:00,PAYS,,9.130000114440918,9.139100074768066,9.130000114440918,9.139100074768066,1193.0
2026-08-05 14:28:00,PAYX,,117.81999969482422,117.83499908447266,117.80000305175781,117.80000305175781,3138.0
2026-08-05 14:28:00,PBYI,,8.030099868774414,8.039999961853027,8.030099868774414,8.039999961853027,1791.0
2026-08-05 14:28:00,PCRX,,24.635000228881836,24.650100708007812,24.635000228881836,24.650100708007812,3087.0
2026-08-05 14:28:00,PCT,,6.954999923706055,6.954999923706055,6.954999923706055,6.954999923706055,1419.0
2026-08-05 14:28:00,PDD,,90.8499984741211,90.8499984741211,90.8416976928711,90.84500122070312,2753.0
2026-08-05 14:28:00,PDFS,,50.2599983215332,50.314998626708984,50.2599983215332,50.314998626708984,1342.0
2026-08-05 14:28:00,PDLB,,20.520000457763672,20.520000457763672,20.520000457763672,20.520000457763672,105.0
2026-08-05 14:28:00,PEGA,,31.84000015258789,31.844999313354492,31.829999923706055,31.829999923706055,2856.0
2026-08-05 14:28:00,PENN,,19.774999618530273,19.780000686645508,19.774999618530273,19.780000686645508,1789.0
2026-08-05 14:28:00,PEP,,138.5,138.5050048828125,138.4600067138672,138.4600067138672,4835.0
2026-08-05 14:28:00,PEPG,,1.975000023841858,1.975000023841858,1.965000033378601,1.965000033378601,11147.0
2026-08-05 14:28:00,PFBC,,106.66999816894531,106.66999816894531,106.66999816894531,106.66999816894531,1559.0
2026-08-05 14:28:00,PFG,,114.23999786376953,114.25669860839844,114.20999908447266,114.25669860839844,762.0
2026-08-05 14:28:00,PGC,,46.654998779296875,46.654998779296875,46.630001068115234,46.630001068115234,615.0
2026-08-05 14:28:00,PGEN,,6.875,6.885000228881836,6.869999885559082,6.875,16295.0
2026-08-05 14:28:00,PGY,,21.854999542236328,21.854999542236328,21.850000381469727,21.850000381469727,1420.0
2026-08-05 14:28:00,PHAT,,8.399999618530273,8.399999618530273,8.399999618530273,8.399999618530273,980.0
2026-08-05 14:28:00,PHVS,,33.47999954223633,33.5,33.41999816894531,33.5,1115.0
2026-08-05 14:28:00,PLAB,,32.20000076293945,32.20000076293945,32.20000076293945,32.20000076293945,658.0
2026-08-05 14:28:00,PLBY,,1.1699999570846558,1.1699999570846558,1.1699999570846558,1.1699999570846558,213.0
2026-08-05 14:28:00,PLTK,,3.884999990463257,3.890000104904175,3.884999990463257,3.890000104904175,1352.0
2026-08-05 14:28:00,PLUG,,2.0850000381469727,2.0899999141693115,2.0799999237060547,2.0899999141693115,7464.0
2026-08-05 14:28:00,PNFP,,107.9000015258789,108.02999877929688,107.9000015258789,108.02999877929688,2339.0
2026-08-05 14:28:00,POET,,8.28499984741211,8.289999961853027,8.283100128173828,8.283100128173828,2326.0
2026-08-05 14:28:00,POOL,,205.33250427246094,205.3350067138672,205.33250427246094,205.3350067138672,894.0
2026-08-05 14:28:00,POWI,,62.029998779296875,62.029998779296875,61.974998474121094,61.974998474121094,551.0
2026-08-05 14:28:00,POWL,,211.8300018310547,211.94000244140625,211.57009887695312,211.57009887695312,2830.0
2026-08-05 14:28:00,PPC,,26.469999313354492,26.469999313354492,26.469999313354492,26.469999313354492,127.0
2026-08-05 14:28:00,PPTA,,22.530000686645508,22.530000686645508,22.530000686645508,22.530000686645508,956.0
2026-08-05 14:28:00,PRAX,,319.010009765625,319.3450012207031,319.010009765625,319.3450012207031,230.0
2026-08-05 14:28:00,PRCH,,15.819999694824219,15.829999923706055,15.8100004196167,15.819999694824219,2705.0
2026-08-05 14:28:00,PRCT,,19.299999237060547,19.325000762939453,19.229999542236328,19.31999969482422,9217.0
2026-08-05 14:28:00,PRIM,,85.12999725341797,85.12999725341797,84.9000015258789,84.93000030517578,4542.0
2026-08-05 14:28:00,PROK,,1.6449999809265137,1.6449999809265137,1.6399999856948853,1.6399999856948853,527.0
2026-08-05 14:28:00,PRVA,,24.209999084472656,24.209999084472656,24.209999084472656,24.209999084472656,482.0
2026-08-05 14:28:00,PSEC,,2.184999942779541,2.190000057220459,2.180000066757202,2.190000057220459,1559.0
2026-08-05 14:28:00,PSHG,,1.7549999952316284,1.7549999952316284,1.7549999952316284,1.7549999952316284,171.0
2026-08-05 14:28:00,PSMT,,189.6300048828125,189.63499450683594,189.6300048828125,189.63499450683594,382.0
2026-08-05 14:28:00,PSNL,,13.539999961853027,13.539999961853027,13.539999961853027,13.539999961853027,533.0
2026-08-05 14:28:00,PTC,,140.0500030517578,140.0500030517578,140.0500030517578,140.0500030517578,155.0
2026-08-05 14:28:00,PTEN,,9.845000267028809,9.845000267028809,9.845000267028809,9.845000267028809,2384.0
2026-08-05 14:28:00,PTLO,,4.605000019073486,4.605000019073486,4.605000019073486,4.605000019073486,958.0
2026-08-05 14:28:00,PUBM,,13.399999618530273,13.399999618530273,13.399999618530273,13.399999618530273,1422.0
2026-08-05 14:28:00,PWP,,17.454999923706055,17.479999542236328,17.454999923706055,17.479999542236328,5332.0
2026-08-05 14:28:00,PYPL,,58.125,58.125,58.10499954223633,58.11000061035156,2542.0
2026-08-05 14:28:00,PZZA,,30.03499984741211,30.09000015258789,30.03499984741211,30.09000015258789,7229.0
2026-08-05 14:28:00,QCOM,,158.11500549316406,158.19000244140625,158.07000732421875,158.1199951171875,9416.0
2026-08-05 14:28:00,QFIN,,13.175000190734863,13.180000305175781,13.175000190734863,13.180000305175781,472.0
2026-08-05 14:28:00,QRVO,,94.75499725341797,94.77999877929688,94.73999786376953,94.7699966430664,3589.0
2026-08-05 14:28:00,SEED,,1.0199999809265137,1.0199999809265137,1.0002000331878662,1.0199999809265137,855.0
2026-08-05 14:28:00,WOOF,,2.934999942779541,2.934999942779541,2.934999942779541,2.934999942779541,646.0
2026-08-05 14:29:00,ACDC,,4.474999904632568,4.474999904632568,4.46999979019165,4.474999904632568,3994.0
2026-08-05 14:29:00,CNXN,,86.0250015258789,86.0250015258789,86.0250015258789,86.0250015258789,370.0
2026-08-05 14:29:00,EYE,,22.93000030517578,22.940000534057617,22.93000030517578,22.940000534057617,1733.0
2026-08-05 14:29:00,FRST,,16.450000762939453,16.450000762939453,16.450000762939453,16.450000762939453,380.0
2026-08-05 14:29:00,MDB,,375.70001220703125,375.8500061035156,375.70001220703125,375.8500061035156,1174.0
2026-08-05 14:29:00,MDLZ,,62.54999923706055,62.55500030517578,62.529998779296875,62.55500030517578,9095.0
2026-08-05 14:29:00,MNST,,94.77999877929688,94.79000091552734,94.77999877929688,94.78500366210938,5191.0
2026-08-05 14:29:00,MNTS,,4.271399974822998,4.271399974822998,4.270400047302246,4.270400047302246,1384.0
2026-08-05 14:29:00,MORN,,198.10499572753906,198.10499572753906,198.10499572753906,198.10499572753906,934.0
2026-08-05 14:29:00,MOVE,,12.194000244140625,12.194000244140625,12.194000244140625,12.194000244140625,607.0
2026-08-05 14:29:00,MPWR,,1345.2550048828125,1346.4300537109375,1344.4300537109375,1346.3199462890625,835.0
2026-08-05 14:29:00,MRNA,,56.58000183105469,56.599998474121094,56.56999969482422,56.59000015258789,5092.0
2026-08-05 14:29:00,MYGN,,3.1600000858306885,3.1600000858306885,3.1549999713897705,3.1549999713897705,2330.0
2026-08-05 14:29:00,MYRG,,340.3699951171875,340.3699951171875,340.3699951171875,340.3699951171875,240.0
2026-08-05 14:29:00,NAMS,,27.459999084472656,27.459999084472656,27.459999084472656,27.459999084472656,212.0
2026-08-05 14:29:00,NAVI,,9.109999656677246,9.109999656677246,9.109999656677246,9.109999656677246,456.0
2026-08-05 14:29:00,NB,,5.114999771118164,5.114999771118164,5.114999771118164,5.114999771118164,912.0
2026-08-05 14:29:00,NBIX,,162.80999755859375,162.80999755859375,162.75999450683594,162.75999450683594,1729.0
2026-08-05 14:29:00,NBTB,,53.334999084472656,53.334999084472656,53.334999084472656,53.334999084472656,151.0
2026-08-05 14:29:00,NDAQ,,95.08000183105469,95.08499908447266,95.06999969482422,95.08000183105469,2623.0
2026-08-05 14:29:00,NDSN,,310.625,310.625,310.625,310.625,239.0
2026-08-05 14:29:00,NEGG,,16.93000030517578,16.93000030517578,16.93000030517578,16.93000030517578,366.0
2026-08-05 14:29:00,NEO,,16.0,16.0049991607666,15.994999885559082,16.0049991607666,3684.0
2026-08-05 14:29:00,NEOG,,11.614999771118164,11.614999771118164,11.614999771118164,11.614999771118164,652.0
2026-08-05 14:29:00,NEOV,,2.8350000381469727,2.8350000381469727,2.8299999237060547,2.8299999237060547,6488.0
2026-08-05 14:29:00,NEWT,,15.09000015258789,15.09000015258789,15.09000015258789,15.09000015258789,500.0
2026-08-05 14:29:00,NEXT,,6.454999923706055,6.454999923706055,6.454999923706055,6.454999923706055,1326.0
2026-08-05 14:29:00,NFE,,0.3375999927520752,0.3375999927520752,0.3375999927520752,0.3375999927520752,101.0
2026-08-05 14:29:00,NFLX,,73.46209716796875,73.48500061035156,73.40029907226562,73.4197998046875,54955.0
2026-08-05 14:29:00,NICE,,99.18000030517578,99.26499938964844,99.18000030517578,99.26499938964844,1068.0
2026-08-05 14:29:00,NKTX,,2.2100000381469727,2.2100000381469727,2.2100000381469727,2.2100000381469727,449.0
2026-08-05 14:29:00,NMIH,,44.625,44.630001068115234,44.619998931884766,44.630001068115234,1435.0
2026-08-05 14:29:00,NMRK,,15.6899995803833,15.699999809265137,15.6899995803833,15.699999809265137,3822.0
2026-08-05 14:29:00,NN,,14.550000190734863,14.550000190734863,14.539999961853027,14.539999961853027,6261.0
2026-08-05 14:29:00,NNBR,,3.865000009536743,3.865499973297119,3.859999895095825,3.865499973297119,4433.0
2026-08-05 14:29:00,NNDM,,1.5449999570846558,1.5449999570846558,1.5399999618530273,1.5399999618530273,930.0
2026-08-05 14:29:00,NOVT,,156.0449981689453,156.0449981689453,156.0449981689453,156.0449981689453,781.0
2026-08-05 14:29:00,NRC,,19.649999618530273,19.649999618530273,19.649999618530273,19.649999618530273,140.0
2026-08-05 14:29:00,NRIX,,24.885000228881836,24.885000228881836,24.885000228881836,24.885000228881836,307.0
2026-08-05 14:29:00,NRSN,,0.5580000281333923,0.5580000281333923,0.5580000281333923,0.5580000281333923,1700.0
2026-08-05 14:29:00,NTAP,,189.02999877929688,189.11500549316406,189.00999450683594,189.05499267578125,8624.0
2026-08-05 14:29:00,NTCT,,41.89500045776367,41.89500045776367,41.880001068115234,41.880001068115234,518.0
2026-08-05 14:29:00,NTES,,127.62999725341797,127.62999725341797,127.62999725341797,127.62999725341797,192.0
2026-08-05 14:29:00,NTGR,,24.350000381469727,24.3799991607666,24.350000381469727,24.3799991607666,1292.0
2026-08-05 14:29:00,NTNX,,61.05500030517578,61.07500076293945,61.05500030517578,61.07500076293945,3676.0
2026-08-05 14:29:00,NTRS,,184.4149932861328,184.4149932861328,184.4149932861328,184.4149932861328,491.0
2026-08-05 14:29:00,NTRSO,,18.399999618530273,18.399999618530273,18.389999389648438,18.389999389648438,998.0
2026-08-05 14:29:00,NVAX,,7.585000038146973,7.585999965667725,7.579999923706055,7.585999965667725,13976.0
2026-08-05 14:29:00,NVCR,,16.1200008392334,16.1200008392334,16.110000610351562,16.110000610351562,1451.0
2026-08-05 14:29:00,NVDA,,221.73980712890625,221.73980712890625,221.60000610351562,221.61000061035156,143581.0
2026-08-05 14:29:00,NVEC,,130.64999389648438,130.64999389648438,130.64999389648438,130.64999389648438,244.0
2026-08-05 14:29:00,NVMI,,407.69500732421875,407.69500732421875,407.69500732421875,407.69500732421875,142.0
2026-08-05 14:29:00,NVNI,,1.0800000429153442,1.1100000143051147,1.0800000429153442,1.1100000143051147,9886.0
2026-08-05 14:29:00,NVTS,,12.410099983215332,12.430000305175781,12.410099983215332,12.420000076293945,5654.0
2026-08-05 14:29:00,NWBI,,15.9350004196167,15.9350004196167,15.9350004196167,15.9350004196167,238.0
2026-08-05 14:29:00,NWE,,68.97000122070312,68.97000122070312,68.97000122070312,68.97000122070312,470.0
2026-08-05 14:29:00,NWL,,6.21999979019165,6.230000019073486,6.21999979019165,6.21999979019165,7530.0
2026-08-05 14:29:00,NWPX,,127.19000244140625,127.19000244140625,127.19000244140625,127.19000244140625,919.0
2026-08-05 14:29:00,NWS,,32.279998779296875,32.28499984741211,32.279998779296875,32.279998779296875,531.0
2026-08-05 14:29:00,NWSA,,28.274999618530273,28.274999618530273,28.274999618530273,28.274999618530273,2937.0
2026-08-05 14:29:00,NXPI,,231.5399932861328,231.5800018310547,231.50999450683594,231.5800018310547,3186.0
2026-08-05 14:29:00,NXT,,99.06999969482422,99.125,98.98500061035156,98.98500061035156,5609.0
2026-08-05 14:29:00,OABI,,2.0899999141693115,2.0899999141693115,2.0899999141693115,2.0899999141693115,694.0
2026-08-05 14:29:00,OCCI,,2.47189998626709,2.4749999046325684,2.4700000286102295,2.4749999046325684,3157.0
2026-08-05 14:29:00,OCGN,,1.2949999570846558,1.2949999570846558,1.2899999618530273,1.2913000583648682,9083.0
2026-08-05 14:29:00,OCSL,,12.109000205993652,12.109000205993652,12.109000205993652,12.109000205993652,623.0
2026-08-05 14:29:00,OCUL,,8.604999542236328,8.604999542236328,8.604999542236328,8.604999542236328,1073.0
2026-08-05 14:29:00,ODD,,15.25,15.25,15.25,15.25,306.0
2026-08-05 14:29:00,ODFL,,213.97000122070312,213.97000122070312,213.875,213.875,3461.0
2026-08-05 14:29:00,OESX,,14.890000343322754,14.890000343322754,14.890000343322754,14.890000343322754,437.0
2026-08-05 14:29:00,OFS,,3.515000104904175,3.515000104904175,3.515000104904175,3.515000104904175,341.0
2026-08-05 14:29:00,OKTA,,148.28500366210938,148.28500366210938,148.28500366210938,148.28500366210938,744.0
2026-08-05 14:29:00,OLLI,,78.13500213623047,78.13500213623047,78.13500213623047,78.13500213623047,730.0
2026-08-05 14:29:00,OLMA,,11.550000190734863,11.5600004196167,11.550000190734863,11.5600004196167,780.0
2026-08-05 14:29:00,OM,,5.090000152587891,5.090000152587891,5.059999942779541,5.059999942779541,3633.0
2026-08-05 14:29:00,OMER,,12.84119987487793,12.859999656677246,12.84119987487793,12.859999656677246,10587.0
2026-08-05 14:29:00,ON,,77.91000366210938,77.93499755859375,77.9000015258789,77.90499877929688,11282.0
2026-08-05 14:29:00,ONB,,27.024999618530273,27.024999618530273,27.024999618530273,27.024999618530273,1091.0
2026-08-05 14:29:00,ONDS,,8.9350004196167,8.9399995803833,8.930000305175781,8.930000305175781,177349.0
2026-08-05 14:29:00,ONEW,,12.569999694824219,12.569999694824219,12.569999694824219,12.569999694824219,702.0
2026-08-05 14:29:00,ONFO,,0.0729999989271164,0.0729999989271164,0.07289999723434448,0.0729999989271164,17610.0
2026-08-05 14:29:00,ONMD,,0.675599992275238,0.675599992275238,0.66839998960495,0.66839998960495,857.0
2026-08-05 14:29:00,OPAL,,2.369999885559082,2.369999885559082,2.369999885559082,2.369999885559082,574.0
2026-08-05 14:29:00,OPCH,,23.5,23.520000457763672,23.5,23.514999389648438,4795.0
2026-08-05 14:29:00,OPEN,,3.7899999618530273,3.799999952316284,3.7799999713897705,3.7899999618530273,142766.0
2026-08-05 14:29:00,OPI,,18.579999923706055,18.579999923706055,18.540000915527344,18.540000915527344,1574.0
2026-08-05 14:29:00,OPK,,1.309999942779541,1.309999942779541,1.309999942779541,1.309999942779541,111.0
2026-08-05 14:29:00,ORLY,,92.90499877929688,92.91000366210938,92.88999938964844,92.91000366210938,5504.0
2026-08-05 14:29:00,OSBC,,25.795000076293945,25.795000076293945,25.795000076293945,25.795000076293945,256.0
2026-08-05 14:29:00,OSPN,,16.549999237060547,16.579999923706055,16.549999237060547,16.579999923706055,2602.0
2026-08-05 14:29:00,OSS,,13.755800247192383,13.819899559020996,13.755800247192383,13.819899559020996,2735.0
2026-08-05 14:29:00,OSUR,,4.119999885559082,4.119999885559082,4.119999885559082,4.119999885559082,397.0
2026-08-05 14:29:00,OSW,,26.540000915527344,26.540000915527344,26.540000915527344,26.540000915527344,609.0
2026-08-05 14:29:00,OTEX,,25.895000457763672,25.90999984741211,25.895000457763672,25.905000686645508,2883.0
2026-08-05 14:29:00,OTLK,,1.0199999809265137,1.0299999713897705,1.0099999904632568,1.0299999713897705,1794.0
2026-08-05 14:29:00,OVID,,2.5999999046325684,2.5999999046325684,2.5999999046325684,2.5999999046325684,660.0
2026-08-05 14:29:00,OXLC,,9.175000190734863,9.175000190734863,9.175000190734863,9.175000190734863,563.0
2026-08-05 14:29:00,OXSQ,,1.507099986076355,1.507099986076355,1.5049999952316284,1.5049999952316284,1004.0
2026-08-05 14:29:00,PAA,,23.174999237060547,23.174999237060547,23.174999237060547,23.174999237060547,642.0
2026-08-05 14:29:00,PAAS,,48.18000030517578,48.18790054321289,48.18000030517578,48.18000030517578,1800.0
2026-08-05 14:29:00,PACB,,1.3250000476837158,1.3250000476837158,1.3200000524520874,1.3200000524520874,7537.0
2026-08-05 14:29:00,PAGP,,25.149999618530273,25.149999618530273,25.14900016784668,25.149999618530273,1653.0
2026-08-05 14:29:00,PAHC,,35.650001525878906,35.650001525878906,35.650001525878906,35.650001525878906,807.0
2026-08-05 14:29:00,PALI,,2.119999885559082,2.119999885559082,2.115000009536743,2.119999885559082,1833.0
2026-08-05 14:29:00,PANW,,366.05999755859375,366.05999755859375,365.9100036621094,365.9800109863281,6101.0
2026-08-05 14:29:00,PATK,,87.71499633789062,87.71499633789062,87.71499633789062,87.71499633789062,413.0
2026-08-05 14:29:00,PAX,,11.425000190734863,11.425000190734863,11.425000190734863,11.425000190734863,387.0
2026-08-05 14:29:00,PAYO,,7.122200012207031,7.125,7.119999885559082,7.125,1618.0
2026-08-05 14:29:00,PAYX,,117.81999969482422,117.81999969482422,117.80500030517578,117.80999755859375,2296.0
2026-08-05 14:29:00,PCAR,,134.13999938964844,134.1699981689453,134.13999938964844,134.1699981689453,2723.0
2026-08-05 14:29:00,PCSA,,2.190000057220459,2.190000057220459,2.190000057220459,2.190000057220459,1157.0
2026-08-05 14:29:00,PCT,,6.949999809265137,6.954999923706055,6.945000171661377,6.949999809265137,8503.0
2026-08-05 14:29:00,PCTY,,145.12249755859375,145.12249755859375,145.11500549316406,145.11500549316406,1954.0
2026-08-05 14:29:00,PDD,,90.83000183105469,90.86000061035156,90.83000183105469,90.83999633789062,6055.0
2026-08-05 14:29:00,PDFS,,50.279998779296875,50.279998779296875,50.279998779296875,50.279998779296875,563.0
2026-08-05 14:29:00,PECO,,41.31999969482422,41.33000183105469,41.31999969482422,41.33000183105469,1156.0
2026-08-05 14:29:00,PEGA,,31.809999465942383,31.84000015258789,31.809999465942383,31.84000015258789,2691.0
2026-08-05 14:29:00,PENN,,19.780000686645508,19.780000686645508,19.780000686645508,19.780000686645508,2499.0
2026-08-05 14:29:00,PEP,,138.50999450683594,138.5177001953125,138.5,138.50999450683594,4634.0
2026-08-05 14:29:00,PERI,,9.555000305175781,9.555000305175781,9.555000305175781,9.555000305175781,212.0
2026-08-05 14:29:00,PFG,,114.2699966430664,114.2699966430664,114.26000213623047,114.26000213623047,1860.0
2026-08-05 14:29:00,PGC,,46.63999938964844,46.650001525878906,46.63999938964844,46.650001525878906,1257.0
2026-08-05 14:29:00,PGEN,,6.864999771118164,6.875,6.864999771118164,6.869999885559082,8145.0
2026-08-05 14:29:00,PGY,,21.864999771118164,21.864999771118164,21.860000610351562,21.860000610351562,2782.0
2026-08-05 14:29:00,PHAT,,8.399999618530273,8.399999618530273,8.399999618530273,8.399999618530273,588.0
2026-08-05 14:29:00,PHVS,,33.47999954223633,33.47999954223633,33.47999954223633,33.47999954223633,400.0
2026-08-05 14:29:00,PLPC,,472.7875061035156,472.7875061035156,472.7875061035156,472.7875061035156,104.0
2026-08-05 14:29:00,PLSE,,37.59000015258789,37.63999938964844,37.58000183105469,37.63999938964844,2515.0
2026-08-05 14:29:00,PLUG,,2.0899999141693115,2.0899999141693115,2.0799999237060547,2.0850000381469727,11850.0
2026-08-05 14:29:00,PLXS,,276.4700012207031,276.9849853515625,276.4700012207031,276.9849853515625,7656.0
2026-08-05 14:29:00,PMVP,,1.184999942779541,1.184999942779541,1.184999942779541,1.184999942779541,6000.0
2026-08-05 14:29:00,PNBK,,1.1299999952316284,1.1399999856948853,1.1299999952316284,1.1399999856948853,2729.0
2026-08-05 14:29:00,PNFP,,107.97000122070312,107.97000122070312,107.97000122070312,107.97000122070312,2770.0
2026-08-05 14:29:00,POET,,8.28499984741211,8.289999961853027,8.28499984741211,8.289999961853027,4219.0
2026-08-05 14:29:00,POWI,,61.98500061035156,61.98500061035156,61.98500061035156,61.98500061035156,3622.0
2026-08-05 14:29:00,PPC,,26.479999542236328,26.479999542236328,26.479999542236328,26.479999542236328,1413.0
2026-08-05 14:29:00,PRAX,,319.57000732421875,319.6675109863281,319.0299987792969,319.3450012207031,6135.0
2026-08-05 14:29:00,PRCT,,19.235000610351562,19.274999618530273,19.219999313354492,19.25,6589.0
2026-08-05 14:29:00,PRE,,18.299999237060547,18.299999237060547,18.299999237060547,18.299999237060547,101.0
2026-08-05 14:29:00,PRIM,,84.94000244140625,85.06999969482422,84.94000244140625,85.04000091552734,2011.0
2026-08-05 14:29:00,PRME,,3.065000057220459,3.065000057220459,3.065000057220459,3.065000057220459,1133.0
2026-08-05 14:29:00,PRQR,,1.9550000429153442,1.9550000429153442,1.9550000429153442,1.9550000429153442,640.0
2026-08-05 14:29:00,PRTA,,8.494999885559082,8.494999885559082,8.494999885559082,8.494999885559082,549.0
2026-08-05 14:29:00,PRVA,,24.209999084472656,24.209999084472656,24.200000762939453,24.200000762939453,954.0
2026-08-05 14:29:00,PRZO,,0.5400000214576721,0.5400000214576721,0.5400000214576721,0.5400000214576721,2791.0
2026-08-05 14:29:00,PSEC,,2.184999942779541,2.190000057220459,2.180000066757202,2.184999942779541,3524.0
2026-08-05 14:29:00,PSMT,,189.6125030517578,189.6125030517578,189.6125030517578,189.6125030517578,430.0
2026-08-05 14:29:00,PSNL,,13.520000457763672,13.539999961853027,13.520000457763672,13.539999961853027,3157.0
2026-08-05 14:29:00,PSNY,,14.180000305175781,14.180000305175781,14.180000305175781,14.180000305175781,201.0
2026-08-05 14:29:00,PTC,,140.05999755859375,140.125,140.05999755859375,140.125,811.0
2026-08-05 14:29:00,PTCT,,68.98999786376953,69.04000091552734,68.98999786376953,69.04000091552734,2171.0
2026-08-05 14:29:00,PTEN,,9.84000015258789,9.850000381469727,9.835000038146973,9.845000267028809,14697.0
2026-08-05 14:29:00,PTGX,,136.1999969482422,136.2100067138672,136.1999969482422,136.2100067138672,593.0
2026-08-05 14:29:00,PTON,,6.489999771118164,6.489999771118164,6.480000019073486,6.489999771118164,4739.0
2026-08-05 14:29:00,PYPL,,58.130001068115234,58.130001068115234,58.125,58.125,4753.0
2026-08-05 14:29:00,PYXS,,3.119999885559082,3.119999885559082,3.119999885559082,3.119999885559082,317.0
2026-08-05 14:29:00,PZZA,,30.020000457763672,30.020000457763672,30.010000228881836,30.020000457763672,2022.0
2026-08-05 14:29:00,QCOM,,158.13999938964844,158.19500732421875,158.10000610351562,158.11000061035156,7681.0
2026-08-05 14:29:00,QRVO,,94.76000213623047,94.7699966430664,94.73500061035156,94.73999786376953,1522.0
2026-08-05 14:29:00,SEED,,1.0199999809265137,1.0199999809265137,1.0199999809265137,1.0199999809265137,813.0
2026-08-05 14:29:00,STIM,,2.244999885559082,2.25,2.244999885559082,2.25,12233.0
2026-08-05 14:29:00,WOOF,,2.934999942779541,2.934999942779541,2.934999942779541,2.934999942779541,2214.0
2026-08-05 14:30:00,ACDC,,4.46999979019165,4.474999904632568,4.46999979019165,4.474999904632568,6961.0
2026-08-05 14:30:00,CNXN,,86.0199966430664,86.0199966430664,85.81999969482422,85.83000183105469,1172.0
2026-08-05 14:30:00,DTIL,,7.46999979019165,7.46999979019165,7.46999979019165,7.46999979019165,1107.0
2026-08-05 14:30:00,EYE,,22.93000030517578,22.93000030517578,22.90999984741211,22.93000030517578,6831.0
2026-08-05 14:30:00,FRST,,16.450000762939453,16.450000762939453,16.450000762939453,16.450000762939453,806.0
2026-08-05 14:30:00,GLUE,,15.510000228881836,15.520000457763672,15.510000228881836,15.520000457763672,1637.0
2026-08-05 14:30:00,LUNG,,1.9800000190734863,1.9900000095367432,1.9800000190734863,1.9900000095367432,2085.0
2026-08-05 14:30:00,MDB,,375.6050109863281,375.81500244140625,375.5,375.7749938964844,1410.0
2026-08-05 14:30:00,MDLZ,,62.51499938964844,62.54999923706055,62.51499938964844,62.54999923706055,9928.0
2026-08-05 14:30:00,MNST,,94.7699966430664,94.7699966430664,94.76000213623047,94.7699966430664,4623.0
2026-08-05 14:30:00,MNTS,,4.275000095367432,4.275000095367432,4.275000095367432,4.275000095367432,5092.0
2026-08-05 14:30:00,MPWR,,1340.989990234375,1345.260009765625,1340.989990234375,1345.2550048828125,980.0
2026-08-05 14:30:00,MRNA,,56.56999969482422,56.584999084472656,56.56999969482422,56.584999084472656,2069.0
2026-08-05 14:30:00,MYGN,,3.1700000762939453,3.1700000762939453,3.1549999713897705,3.1549999713897705,11743.0
2026-08-05 14:30:00,NAMS,,27.43000030517578,27.440000534057617,27.43000030517578,27.440000534057617,2455.0
2026-08-05 14:30:00,NAUT,,0.9419000148773193,0.9419000148773193,0.9419000148773193,0.9419000148773193,494.0
2026-08-05 14:30:00,NB,,5.110000133514404,5.110000133514404,5.110000133514404,5.110000133514404,3289.0
2026-08-05 14:30:00,NBIX,,162.82000732421875,162.82000732421875,162.71499633789062,162.75999450683594,3282.0
2026-08-05 14:30:00,NBTB,,53.345001220703125,53.345001220703125,53.32500076293945,53.32500076293945,841.0
2026-08-05 14:30:00,NBTX,,39.70000076293945,39.709999084472656,39.70000076293945,39.709999084472656,1962.0
2026-08-05 14:30:00,NDAQ,,95.08999633789062,95.08999633789062,95.08999633789062,95.08999633789062,2536.0
2026-08-05 14:30:00,NDSN,,310.6499938964844,310.67999267578125,310.6499938964844,310.6700134277344,723.0
2026-08-05 14:30:00,NEO,,16.010000228881836,16.010000228881836,16.0049991607666,16.0049991607666,3941.0
2026-08-05 14:30:00,NEOG,,11.609999656677246,11.609999656677246,11.609999656677246,11.609999656677246,575.0
2026-08-05 14:30:00,NEOV,,2.8299999237060547,2.8299999237060547,2.8299999237060547,2.8299999237060547,210.0
2026-08-05 14:30:00,NESR,,28.645000457763672,28.645000457763672,28.645000457763672,28.645000457763672,2715.0
2026-08-05 14:30:00,NEWT,,15.100000381469727,15.100000381469727,15.09000015258789,15.09000015258789,476.0
2026-08-05 14:30:00,NEXT,,6.449999809265137,6.449999809265137,6.449999809265137,6.449999809265137,852.0
2026-08-05 14:30:00,NFE,,0.3375999927520752,0.3375999927520752,0.3375999927520752,0.3375999927520752,120.0
2026-08-05 14:30:00,NFLX,,73.42500305175781,73.46990203857422,73.41999816894531,73.46499633789062,47545.0
2026-08-05 14:30:00,NGNE,,35.36000061035156,35.439998626708984,35.36000061035156,35.439998626708984,1776.0
2026-08-05 14:30:00,NICE,,99.0999984741211,99.19000244140625,99.0999984741211,99.15499877929688,2160.0
2026-08-05 14:30:00,NKTX,,2.2100000381469727,2.2149999141693115,2.2100000381469727,2.2149999141693115,1798.0
2026-08-05 14:30:00,NMIH,,44.60499954223633,44.60499954223633,44.60499954223633,44.60499954223633,187.0
2026-08-05 14:30:00,NMRK,,15.6850004196167,15.6850004196167,15.6850004196167,15.6850004196167,412.0
2026-08-05 14:30:00,NN,,14.53499984741211,14.5600004196167,14.53499984741211,14.5600004196167,3355.0
2026-08-05 14:30:00,NNBR,,3.865000009536743,3.865000009536743,3.865000009536743,3.865000009536743,135.0
2026-08-05 14:30:00,NNDM,,1.5449999570846558,1.5449999570846558,1.5449999570846558,1.5449999570846558,856.0
2026-08-05 14:30:00,NPCE,,13.75,13.75,13.75,13.75,780.0
2026-08-05 14:30:00,NRC,,19.670000076293945,19.670000076293945,19.670000076293945,19.670000076293945,117.0
2026-08-05 14:30:00,NRDS,,9.085000038146973,9.085000038146973,9.083200454711914,9.083200454711914,1499.0
2026-08-05 14:30:00,NRIX,,24.885000228881836,24.885000228881836,24.885000228881836,24.885000228881836,871.0
2026-08-05 14:30:00,NTAP,,188.9499969482422,189.04379272460938,188.9499969482422,189.04379272460938,1779.0
2026-08-05 14:30:00,NTCT,,41.880001068115234,41.89500045776367,41.880001068115234,41.89500045776367,1313.0
2026-08-05 14:30:00,NTES,,127.6500015258789,127.6500015258789,127.61000061035156,127.61000061035156,3650.0
2026-08-05 14:30:00,NTGR,,24.350000381469727,24.350000381469727,24.350000381469727,24.350000381469727,2601.0
2026-08-05 14:30:00,NTNX,,61.0099983215332,61.060001373291016,61.0099983215332,61.05500030517578,8556.0
2026-08-05 14:30:00,NTRA,,274.6650085449219,274.6650085449219,274.6650085449219,274.6650085449219,577.0
2026-08-05 14:30:00,NTRS,,184.4199981689453,184.4199981689453,184.3800048828125,184.4199981689453,905.0
2026-08-05 14:30:00,NUWE,,1.7000000476837158,1.7000000476837158,1.6900999546051025,1.7000000476837158,3075.0
2026-08-05 14:30:00,NVAX,,7.579999923706055,7.579999923706055,7.579999923706055,7.579999923706055,891.0
2026-08-05 14:30:00,NVCR,,16.1200008392334,16.1200008392334,16.110000610351562,16.110000610351562,661.0
2026-08-05 14:30:00,NVCT,,19.530000686645508,19.530000686645508,19.530000686645508,19.530000686645508,211.0
2026-08-05 14:30:00,NVDA,,221.49000549316406,221.75,221.4499969482422,221.74000549316406,187735.0
2026-08-05 14:30:00,NVEC,,130.36500549316406,130.44000244140625,130.1699981689453,130.1699981689453,738.0
2026-08-05 14:30:00,NVMI,,405.9800109863281,407.29998779296875,405.9800109863281,407.2900085449219,886.0
2026-08-05 14:30:00,NVTS,,12.395000457763672,12.425000190734863,12.391400337219238,12.420000076293945,14881.0
2026-08-05 14:30:00,NWBI,,15.944999694824219,15.944999694824219,15.9350004196167,15.9350004196167,3222.0
2026-08-05 14:30:00,NWL,,6.224999904632568,6.230000019073486,6.21999979019165,6.224999904632568,6912.0
2026-08-05 14:30:00,NWS,,32.31999969482422,32.31999969482422,32.279998779296875,32.279998779296875,3464.0
2026-08-05 14:30:00,NWSA,,28.30500030517578,28.30500030517578,28.270000457763672,28.274999618530273,7964.0
2026-08-05 14:30:00,NXPI,,231.22000122070312,231.77999877929688,231.05999755859375,231.6300048828125,21524.0
2026-08-05 14:30:00,NXT,,99.01000213623047,99.16000366210938,99.01000213623047,99.12999725341797,7326.0
2026-08-05 14:30:00,OBIO,,4.215000152587891,4.215000152587891,4.215000152587891,4.215000152587891,333.0
2026-08-05 14:30:00,OCFC,,19.899999618530273,19.899999618530273,19.899999618530273,19.899999618530273,341.0
2026-08-05 14:30:00,OCGN,,1.2949999570846558,1.2949999570846558,1.2949999570846558,1.2949999570846558,7153.0
2026-08-05 14:30:00,OCSL,,12.104999542236328,12.104999542236328,12.104999542236328,12.104999542236328,352.0
2026-08-05 14:30:00,OCUL,,8.604999542236328,8.604999542236328,8.604999542236328,8.604999542236328,914.0
2026-08-05 14:30:00,ODD,,15.229999542236328,15.229999542236328,15.229999542236328,15.229999542236328,456.0
2026-08-05 14:30:00,OFIX,,10.444999694824219,10.444999694824219,10.444999694824219,10.444999694824219,470.0
2026-08-05 14:30:00,OKTA,,148.25,148.2550048828125,148.25,148.2550048828125,1608.0
2026-08-05 14:30:00,OLMA,,11.5600004196167,11.5600004196167,11.5600004196167,11.5600004196167,865.0
2026-08-05 14:30:00,OM,,5.090000152587891,5.090000152587891,5.090000152587891,5.090000152587891,500.0
2026-08-05 14:30:00,OMCL,,37.380001068115234,37.380001068115234,37.34000015258789,37.34000015258789,1516.0
2026-08-05 14:30:00,OMER,,12.850000381469727,12.859999656677246,12.84000015258789,12.84000015258789,7908.0
2026-08-05 14:30:00,OMH,,0.11420000344514847,0.11420000344514847,0.11420000344514847,0.11420000344514847,0.0
2026-08-05 14:30:00,ON,,77.75,77.94999694824219,77.72000122070312,77.75,91618.0
2026-08-05 14:30:00,ONB,,27.03499984741211,27.03499984741211,27.024999618530273,27.024999618530273,3645.0
2026-08-05 14:30:00,ONDS,,8.9350004196167,8.949999809265137,8.930000305175781,8.9399995803833,330609.0
2026-08-05 14:30:00,ONEW,,12.619999885559082,12.619999885559082,12.579999923706055,12.600000381469727,627.0
2026-08-05 14:30:00,ONFO,,0.0729999989271164,0.0729999989271164,0.0729999989271164,0.0729999989271164,8420.0
2026-08-05 14:30:00,OPCH,,23.479999542236328,23.510000228881836,23.479999542236328,23.5049991607666,4143.0
2026-08-05 14:30:00,OPEN,,3.799999952316284,3.799999952316284,3.7899999618530273,3.7950000762939453,117826.0
2026-08-05 14:30:00,OPK,,1.315000057220459,1.315000057220459,1.315000057220459,1.315000057220459,492.0
2026-08-05 14:30:00,OPRT,,6.110000133514404,6.110000133514404,6.105000019073486,6.105000019073486,2446.0
2026-08-05 14:30:00,OPRX,,6.949999809265137,6.949999809265137,6.949999809265137,6.949999809265137,1119.0
2026-08-05 14:30:00,ORGO,,2.3450000286102295,2.3450000286102295,2.3450000286102295,2.3450000286102295,721.0
2026-08-05 14:30:00,ORIC,,12.904999732971191,12.904999732971191,12.904999732971191,12.904999732971191,1031.0
2026-08-05 14:30:00,ORLY,,92.8499984741211,92.90499877929688,92.8499984741211,92.90499877929688,11007.0
2026-08-05 14:30:00,ORMP,,4.364999771118164,4.364999771118164,4.364999771118164,4.364999771118164,202.0
2026-08-05 14:30:00,OSBC,,25.799999237060547,25.799999237060547,25.795000076293945,25.795000076293945,1062.0
2026-08-05 14:30:00,OSIS,,235.60499572753906,235.60499572753906,235.60499572753906,235.60499572753906,820.0
2026-08-05 14:30:00,OSPN,,16.565000534057617,16.565000534057617,16.565000534057617,16.565000534057617,480.0
2026-08-05 14:30:00,OSS,,13.739999771118164,13.760000228881836,13.739999771118164,13.760000228881836,412.0
2026-08-05 14:30:00,OSW,,26.56999969482422,26.56999969482422,26.549999237060547,26.549999237060547,609.0
2026-08-05 14:30:00,OTEX,,25.899999618530273,25.90999984741211,25.895000457763672,25.905000686645508,3417.0
2026-08-05 14:30:00,OTLK,,1.0299999713897705,1.0299999713897705,1.0199999809265137,1.0299999713897705,3119.0
2026-08-05 14:30:00,OTTR,,92.20999908447266,92.20999908447266,92.20999908447266,92.20999908447266,1021.0
2026-08-05 14:30:00,OVID,,2.5999999046325684,2.5999999046325684,2.5950000286102295,2.5950000286102295,538.0
2026-08-05 14:30:00,OXLC,,9.170000076293945,9.175000190734863,9.170000076293945,9.175000190734863,576.0
2026-08-05 14:30:00,OXSQ,,1.5098999738693237,1.5098999738693237,1.5098999738693237,1.5098999738693237,1018.0
2026-08-05 14:30:00,PAA,,23.174999237060547,23.174999237060547,23.174999237060547,23.174999237060547,661.0
2026-08-05 14:30:00,PAAS,,48.15019989013672,48.18000030517578,48.150001525878906,48.18000030517578,9398.0
2026-08-05 14:30:00,PACB,,1.3200000524520874,1.3200000524520874,1.3200000524520874,1.3200000524520874,813.0
2026-08-05 14:30:00,PAGP,,25.155000686645508,25.155000686645508,25.155000686645508,25.155000686645508,1591.0
2026-08-05 14:30:00,PALI,,2.119999885559082,2.119999885559082,2.119999885559082,2.119999885559082,1143.0
2026-08-05 14:30:00,PANW,,366.0299987792969,366.3599853515625,365.93499755859375,366.1700134277344,10753.0
2026-08-05 14:30:00,PASG,,4.610000133514404,4.610000133514404,4.610000133514404,4.610000133514404,2000.0
2026-08-05 14:30:00,PATK,,87.70999908447266,87.70999908447266,87.70999908447266,87.70999908447266,155.0
2026-08-05 14:30:00,PAX,,11.425000190734863,11.430000305175781,11.425000190734863,11.425000190734863,3655.0
2026-08-05 14:30:00,PAYO,,7.125,7.125,7.119999885559082,7.125,950.0
2026-08-05 14:30:00,PAYX,,117.80999755859375,117.81999969482422,117.80039978027344,117.80500030517578,4072.0
2026-08-05 14:30:00,PCAR,,134.08999633789062,134.16000366210938,134.0500030517578,134.13999938964844,4114.0
2026-08-05 14:30:00,PCT,,6.955999851226807,6.960000038146973,6.945000171661377,6.954999923706055,21638.0
2026-08-05 14:30:00,PCYO,,10.59000015258789,10.600000381469727,10.59000015258789,10.600000381469727,519.0
2026-08-05 14:30:00,PDD,,90.80000305175781,90.83000183105469,90.80000305175781,90.82499694824219,12643.0
2026-08-05 14:30:00,PDFS,,50.220001220703125,50.220001220703125,50.220001220703125,50.220001220703125,473.0
2026-08-05 14:30:00,PDLB,,20.524999618530273,20.524999618530273,20.520000457763672,20.520000457763672,845.0
2026-08-05 14:30:00,PECO,,41.32500076293945,41.34000015258789,41.31999969482422,41.31999969482422,3384.0
2026-08-05 14:30:00,PEGA,,31.834999084472656,31.834999084472656,31.815000534057617,31.815000534057617,2204.0
2026-08-05 14:30:00,PENN,,19.78499984741211,19.790000915527344,19.780000686645508,19.780000686645508,4286.0
2026-08-05 14:30:00,PEP,,138.49000549316406,138.50799560546875,138.49000549316406,138.50799560546875,2803.0
2026-08-05 14:30:00,PEPG,,1.975000023841858,1.975000023841858,1.975000023841858,1.975000023841858,326.0
2026-08-05 14:30:00,PERI,,9.5600004196167,9.5600004196167,9.555000305175781,9.555000305175781,1064.0
2026-08-05 14:30:00,PETS,,1.975000023841858,1.975000023841858,1.9700000286102295,1.9700000286102295,309.0
2026-08-05 14:30:00,PFG,,114.30999755859375,114.31999969482422,114.27999877929688,114.27999877929688,5384.0
2026-08-05 14:30:00,PGEN,,6.864999771118164,6.869999885559082,6.860000133514404,6.864999771118164,9225.0
2026-08-05 14:30:00,PGNY,,31.739999771118164,31.739999771118164,31.739999771118164,31.739999771118164,494.0
2026-08-05 14:30:00,PGY,,21.860000610351562,21.864999771118164,21.844999313354492,21.864999771118164,2525.0
2026-08-05 14:30:00,PHAT,,8.395000457763672,8.395000457763672,8.395000457763672,8.395000457763672,837.0
2026-08-05 14:30:00,PLAB,,32.154998779296875,32.185001373291016,32.154998779296875,32.18000030517578,2251.0
2026-08-05 14:30:00,PLPC,,472.6700134277344,473.3399963378906,472.6700134277344,472.8550109863281,606.0
2026-08-05 14:30:00,PLTK,,3.884999990463257,3.884999990463257,3.884999990463257,3.884999990463257,639.0
2026-08-05 14:30:00,PLUG,,2.0850000381469727,2.0899999141693115,2.0799999237060547,2.0850000381469727,60974.0
2026-08-05 14:30:00,PMVP,,1.1799999475479126,1.1799999475479126,1.1799999475479126,1.1799999475479126,0.0
2026-08-05 14:30:00,PNFP,,107.97000122070312,107.97000122070312,107.97000122070312,107.97000122070312,698.0
2026-08-05 14:30:00,PNTG,,38.724998474121094,38.724998474121094,38.724998474121094,38.724998474121094,401.0
2026-08-05 14:30:00,POCI,,4.260000228881836,4.260000228881836,4.260000228881836,4.260000228881836,892.0
2026-08-05 14:30:00,POET,,8.274999618530273,8.28499984741211,8.264399528503418,8.279999732971191,12067.0
2026-08-05 14:30:00,POWI,,61.900001525878906,61.90999984741211,61.900001525878906,61.90999984741211,2737.0
2026-08-05 14:30:00,POWL,,211.72500610351562,211.72500610351562,211.72500610351562,211.72500610351562,348.0
2026-08-05 14:30:00,PPTA,,22.530000686645508,22.530000686645508,22.520000457763672,22.520000457763672,2749.0
2026-08-05 14:30:00,PRAX,,318.3999938964844,319.05499267578125,318.3999938964844,319.05499267578125,435.0
2026-08-05 14:30:00,PRCH,,15.789999961853027,15.8149995803833,15.789999961853027,15.8100004196167,5288.0
2026-08-05 14:30:00,PRCT,,19.260000228881836,19.260000228881836,19.25,19.25,1465.0
2026-08-05 14:30:00,PRDO,,32.880001068115234,32.880001068115234,32.880001068115234,32.880001068115234,681.0
2026-08-05 14:30:00,PRIM,,84.98999786376953,84.98999786376953,84.94000244140625,84.94000244140625,785.0
2026-08-05 14:30:00,PROF,,8.010000228881836,8.020000457763672,8.010000228881836,8.010000228881836,607.0
2026-08-05 14:30:00,PRQR,,1.9550000429153442,1.9550000429153442,1.9550000429153442,1.9550000429153442,3308.0
2026-08-05 14:30:00,PRSO,,0.6945000290870667,0.6945000290870667,0.6945000290870667,0.6945000290870667,1032.0
2026-08-05 14:30:00,PRVA,,24.204999923706055,24.209999084472656,24.204999923706055,24.209999084472656,3059.0
2026-08-05 14:30:00,PSEC,,2.184999942779541,2.184999942779541,2.184999942779541,2.184999942779541,1877.0
2026-08-05 14:30:00,PTC,,140.05999755859375,140.11500549316406,140.05999755859375,140.05999755859375,760.0
2026-08-05 14:30:00,PTEN,,9.824999809265137,9.835000038146973,9.819999694824219,9.829999923706055,13534.0
2026-08-05 14:30:00,PTGX,,136.25999450683594,136.25999450683594,136.25999450683594,136.25999450683594,182.0
2026-08-05 14:30:00,PTON,,6.485000133514404,6.489999771118164,6.480000019073486,6.480000019073486,31801.0
2026-08-05 14:30:00,PYPD,,4.619999885559082,4.619999885559082,4.619999885559082,4.619999885559082,881.0
2026-08-05 14:30:00,PYPL,,58.13999938964844,58.13999938964844,58.125,58.125,5451.0
2026-08-05 14:30:00,PZZA,,30.0,30.030000686645508,30.0,30.030000686645508,7131.0
2026-08-05 14:30:00,QCOM,,157.98500061035156,158.19000244140625,157.9550018310547,158.1699981689453,22573.0
2026-08-05 14:30:00,QFIN,,13.175000190734863,13.175000190734863,13.175000190734863,13.175000190734863,2662.0
2026-08-05 14:30:00,QRVO,,94.69999694824219,94.77999877929688,94.67500305175781,94.76499938964844,4353.0
2026-08-05 14:30:00,SEED,,1.0399999618530273,1.0399999618530273,1.0199999809265137,1.0199999809265137,5452.0
2026-08-05 14:30:00,WOOF,,2.934999942779541,2.934999942779541,2.934999942779541,2.934999942779541,1281.0
2026-08-05 14:31:00,ACDC,,4.474999904632568,4.474999904632568,4.465000152587891,4.46999979019165,7887.0
2026-08-05 14:31:00,BPOP,,177.13999938964844,177.13999938964844,177.13999938964844,177.13999938964844,724.0
2026-08-05 14:31:00,CNXN,,85.81999969482422,86.0199966430664,85.81999969482422,85.83999633789062,810.0
2026-08-05 14:31:00,EYE,,22.931299209594727,22.931299209594727,22.93000030517578,22.93000030517578,3414.0
2026-08-05 14:31:00,FRST,,16.459999084472656,16.459999084472656,16.459999084472656,16.459999084472656,699.0
2026-08-05 14:31:00,GLUE,,15.510000228881836,15.520000457763672,15.510000228881836,15.510000228881836,1986.0
2026-08-05 14:31:00,MDB,,375.57000732421875,375.70001220703125,375.57000732421875,375.70001220703125,555.0
2026-08-05 14:31:00,MDLZ,,62.52000045776367,62.540000915527344,62.505001068115234,62.5099983215332,17970.0
2026-08-05 14:31:00,MLTX,,17.565000534057617,17.56999969482422,17.565000534057617,17.56999969482422,757.0
2026-08-05 14:31:00,MNRO,,13.145000457763672,13.145000457763672,13.145000457763672,13.145000457763672,856.0
2026-08-05 14:31:00,MNST,,94.80999755859375,94.80999755859375,94.80000305175781,94.80000305175781,1900.0
2026-08-05 14:31:00,MNTS,,4.25,4.269999980926514,4.25,4.269999980926514,16413.0
2026-08-05 14:31:00,MOVE,,12.158599853515625,12.158599853515625,12.158599853515625,12.158599853515625,585.0
2026-08-05 14:31:00,MPWR,,1339.1231689453125,1340.5150146484375,1336.93994140625,1340.0400390625,1484.0
2026-08-05 14:31:00,MRNA,,56.52519989013672,56.56999969482422,56.52519989013672,56.56999969482422,4187.0
2026-08-05 14:31:00,MYGN,,3.174999952316284,3.174999952316284,3.174999952316284,3.174999952316284,2249.0
2026-08-05 14:31:00,MYRG,,340.8800048828125,340.8800048828125,340.32501220703125,340.32501220703125,417.0
2026-08-05 14:31:00,NAVI,,9.114999771118164,9.114999771118164,9.114999771118164,9.114999771118164,380.0
2026-08-05 14:31:00,NB,,5.099999904632568,5.105000019073486,5.099999904632568,5.105000019073486,1915.0
2026-08-05 14:31:00,NBIX,,162.74000549316406,162.74000549316406,162.74000549316406,162.74000549316406,1097.0
2026-08-05 14:31:00,NCMI,,4.114999771118164,4.119999885559082,4.105000019073486,4.105000019073486,1721.0
2026-08-05 14:31:00,NDAQ,,95.08999633789062,95.08999633789062,95.08999633789062,95.08999633789062,1127.0
2026-08-05 14:31:00,NDSN,,310.6700134277344,310.6700134277344,310.57000732421875,310.57000732421875,1699.0
2026-08-05 14:31:00,NEO,,16.010000228881836,16.014999389648438,16.010000228881836,16.014999389648438,6591.0
2026-08-05 14:31:00,NEOG,,11.609999656677246,11.614999771118164,11.604999542236328,11.614999771118164,6642.0
2026-08-05 14:31:00,NEOV,,2.819999933242798,2.819999933242798,2.819999933242798,2.819999933242798,5751.0
2026-08-05 14:31:00,NESR,,28.639999389648438,28.639999389648438,28.6299991607666,28.635000228881836,1946.0
2026-08-05 14:31:00,NEWT,,15.100000381469727,15.100000381469727,15.100000381469727,15.100000381469727,203.0
2026-08-05 14:31:00,NEXT,,6.449999809265137,6.454999923706055,6.449999809265137,6.454999923706055,1241.0
2026-08-05 14:31:00,NFE,,0.3375999927520752,0.3400999903678894,0.3375999927520752,0.33899998664855957,2600.0
2026-08-05 14:31:00,NFLX,,73.39009857177734,73.41999816894531,73.38999938964844,73.41999816894531,25048.0
2026-08-05 14:31:00,NGNE,,35.380001068115234,35.380001068115234,35.27000045776367,35.27000045776367,2385.0
2026-08-05 14:31:00,NICE,,99.0999984741211,99.0999984741211,99.0999984741211,99.0999984741211,381.0
2026-08-05 14:31:00,NKSH,,41.43000030517578,41.43000030517578,41.43000030517578,41.43000030517578,184.0
2026-08-05 14:31:00,NKTR,,72.69000244140625,72.69000244140625,72.69000244140625,72.69000244140625,220.0
2026-08-05 14:31:00,NKTX,,2.2149999141693115,2.2149999141693115,2.2100000381469727,2.2100000381469727,910.0
2026-08-05 14:31:00,NMFC,,7.329999923706055,7.329999923706055,7.329999923706055,7.329999923706055,6824.0
2026-08-05 14:31:00,NMIH,,44.60499954223633,44.60499954223633,44.60499954223633,44.60499954223633,338.0
2026-08-05 14:31:00,NMRA,,1.6050000190734863,1.6050000190734863,1.6050000190734863,1.6050000190734863,304.0
2026-08-05 14:31:00,NMRK,,15.6850004196167,15.6850004196167,15.6850004196167,15.6850004196167,714.0
2026-08-05 14:31:00,NN,,14.449999809265137,14.53499984741211,14.449999809265137,14.529999732971191,15842.0
2026-08-05 14:31:00,NNBR,,3.8550000190734863,3.869999885559082,3.8550000190734863,3.869999885559082,3037.0
2026-08-05 14:31:00,NNDM,,1.5449999570846558,1.5449999570846558,1.5449999570846558,1.5449999570846558,2745.0
2026-08-05 14:31:00,NOVT,,155.50999450683594,156.0,155.50999450683594,156.0,3931.0
2026-08-05 14:31:00,NRC,,19.670000076293945,19.670000076293945,19.670000076293945,19.670000076293945,1226.0
2026-08-05 14:31:00,NRDS,,9.079999923706055,9.085000038146973,9.079999923706055,9.079999923706055,1789.0
2026-08-05 14:31:00,NRIX,,24.8700008392334,24.885000228881836,24.8700008392334,24.885000228881836,1008.0
2026-08-05 14:31:00,NRXP,,3.0799999237060547,3.0799999237060547,3.0799999237060547,3.0799999237060547,1337.0
2026-08-05 14:31:00,NSSC,,40.345001220703125,40.345001220703125,40.345001220703125,40.345001220703125,650.0
2026-08-05 14:31:00,NTAP,,188.91000366210938,188.96749877929688,188.8000030517578,188.9199981689453,3628.0
2026-08-05 14:31:00,NTCT,,41.84000015258789,41.84000015258789,41.84000015258789,41.84000015258789,827.0
2026-08-05 14:31:00,NTNX,,60.97999954223633,61.005001068115234,60.974998474121094,61.0,2689.0
2026-08-05 14:31:00,NTRA,,274.4549865722656,274.4549865722656,274.4549865722656,274.4549865722656,768.0
2026-08-05 14:31:00,NTRS,,184.4499969482422,184.47999572753906,184.4199981689453,184.47999572753906,3207.0
2026-08-05 14:31:00,NUWE,,1.7000000476837158,1.7000000476837158,1.7000000476837158,1.7000000476837158,2259.0
2026-08-05 14:31:00,NVAX,,7.570000171661377,7.585000038146973,7.570000171661377,7.579999923706055,12605.0
2026-08-05 14:31:00,NVCR,,16.110000610351562,16.110000610351562,16.110000610351562,16.110000610351562,438.0
2026-08-05 14:31:00,NVCT,,19.579999923706055,19.579999923706055,19.579999923706055,19.579999923706055,692.0
2026-08-05 14:31:00,NVDA,,221.39999389648438,221.5500030517578,221.27999877929688,221.50999450683594,200823.0
2026-08-05 14:31:00,NVEC,,130.1699981689453,130.1699981689453,130.1699981689453,130.1699981689453,1429.0
2026-08-05 14:31:00,NVMI,,405.7850036621094,405.9599914550781,405.7850036621094,405.9599914550781,548.0
2026-08-05 14:31:00,NVTS,,12.364999771118164,12.390000343322754,12.362299919128418,12.390000343322754,5798.0
2026-08-05 14:31:00,NWBI,,15.944999694824219,15.944999694824219,15.944999694824219,15.944999694824219,618.0
2026-08-05 14:31:00,NWL,,6.224999904632568,6.226399898529053,6.21999979019165,6.21999979019165,7130.0
2026-08-05 14:31:00,NWS,,32.32500076293945,32.32500076293945,32.31999969482422,32.31999969482422,1127.0
2026-08-05 14:31:00,NWSA,,28.30500030517578,28.309999465942383,28.30500030517578,28.30500030517578,1556.0
2026-08-05 14:31:00,NXPI,,231.07000732421875,231.07000732421875,231.07000732421875,231.07000732421875,1498.0
2026-08-05 14:31:00,NXT,,98.91999816894531,98.96499633789062,98.91999816894531,98.95999908447266,3694.0
2026-08-05 14:31:00,OABI,,2.0850000381469727,2.0850000381469727,2.0850000381469727,2.0850000381469727,1680.0
2026-08-05 14:31:00,OCC,,15.899999618530273,15.90999984741211,15.845000267028809,15.90999984741211,7401.0
2026-08-05 14:31:00,OCCI,,2.4800000190734863,2.4800000190734863,2.4800000190734863,2.4800000190734863,492.0
2026-08-05 14:31:00,OCCIN,,24.924999237060547,24.924999237060547,24.924999237060547,24.924999237060547,445.0
2026-08-05 14:31:00,OCFC,,19.905000686645508,19.905000686645508,19.905000686645508,19.905000686645508,310.0
2026-08-05 14:31:00,OCGN,,1.284999966621399,1.2949999570846558,1.284999966621399,1.2949999570846558,34647.0
2026-08-05 14:31:00,OCSL,,12.106300354003906,12.109999656677246,12.101099967956543,12.101099967956543,1872.0
2026-08-05 14:31:00,OCUL,,8.600000381469727,8.600000381469727,8.600000381469727,8.600000381469727,2189.0
2026-08-05 14:31:00,ODFL,,213.77999877929688,213.82000732421875,213.77999877929688,213.80999755859375,782.0
2026-08-05 14:31:00,OFIX,,10.420000076293945,10.479900360107422,10.420000076293945,10.479900360107422,300.0
2026-08-05 14:31:00,OGI,,0.9559000134468079,0.9559000134468079,0.9559000134468079,0.9559000134468079,1003.0
2026-08-05 14:31:00,OKTA,,148.24000549316406,148.24000549316406,148.24000549316406,148.24000549316406,193.0
2026-08-05 14:31:00,OLLI,,78.16500091552734,78.16500091552734,78.16500091552734,78.16500091552734,729.0
2026-08-05 14:31:00,OM,,5.090000152587891,5.090000152587891,5.090000152587891,5.090000152587891,294.0
2026-08-05 14:31:00,OMER,,12.850000381469727,12.850000381469727,12.850000381469727,12.850000381469727,1439.0
2026-08-05 14:31:00,OMH,,0.11429999768733978,0.11429999768733978,0.11429999768733978,0.11429999768733978,756.0
2026-08-05 14:31:00,ON,,77.69000244140625,77.76499938964844,77.625,77.73999786376953,44591.0
2026-08-05 14:31:00,ONB,,27.03499984741211,27.03499984741211,27.030000686645508,27.030000686645508,10113.0
2026-08-05 14:31:00,ONCY,,0.7975000143051147,0.7975000143051147,0.7975000143051147,0.7975000143051147,200.0
2026-08-05 14:31:00,ONDS,,8.90999984741211,8.930100440979004,8.899999618530273,8.930000305175781,285430.0
2026-08-05 14:31:00,ONFO,,0.0729999989271164,0.0729999989271164,0.0729999989271164,0.0729999989271164,7679.0
2026-08-05 14:31:00,OPCH,,23.485000610351562,23.489999771118164,23.475000381469727,23.475000381469727,4022.0
2026-08-05 14:31:00,OPEN,,3.7950000762939453,3.799999952316284,3.7899999618530273,3.7950000762939453,56464.0
2026-08-05 14:31:00,OPK,,1.309999942779541,1.3200000524520874,1.309999942779541,1.3200000524520874,1287.0
2026-08-05 14:31:00,OPRA,,19.90999984741211,19.90999984741211,19.90999984741211,19.90999984741211,486.0
2026-08-05 14:31:00,ORIC,,12.869999885559082,12.89050006866455,12.869999885559082,12.89050006866455,6355.0
2026-08-05 14:31:00,ORLY,,92.91000366210938,92.91000366210938,92.847900390625,92.847900390625,6490.0
2026-08-05 14:31:00,ORMP,,4.364999771118164,4.364999771118164,4.364999771118164,4.364999771118164,63.0
2026-08-05 14:31:00,OSIS,,235.61500549316406,235.61500549316406,235.61500549316406,235.61500549316406,598.0
2026-08-05 14:31:00,OSPN,,16.540000915527344,16.540000915527344,16.510000228881836,16.540000915527344,2897.0
2026-08-05 14:31:00,OSS,,13.744999885559082,13.744999885559082,13.744999885559082,13.744999885559082,2030.0
2026-08-05 14:31:00,OSUR,,4.125,4.125,4.125,4.125,245.0
2026-08-05 14:31:00,OSW,,26.56999969482422,26.56999969482422,26.56999969482422,26.56999969482422,177.0
2026-08-05 14:31:00,OTLK,,1.011299967765808,1.0299999713897705,1.0099999904632568,1.0299999713897705,1712.0
2026-08-05 14:31:00,OVID,,2.5999999046325684,2.5999999046325684,2.5950000286102295,2.5999999046325684,1832.0
2026-08-05 14:31:00,OXSQ,,1.5049999952316284,1.5049999952316284,1.5049999952316284,1.5049999952316284,2767.0
2026-08-05 14:31:00,PAA,,23.170000076293945,23.170000076293945,23.170000076293945,23.170000076293945,335.0
2026-08-05 14:31:00,PAAS,,48.060001373291016,48.150001525878906,48.060001373291016,48.150001525878906,6562.0
2026-08-05 14:31:00,PACB,,1.3250000476837158,1.3250000476837158,1.3200000524520874,1.3200000524520874,2460.0
2026-08-05 14:31:00,PALI,,2.119999885559082,2.119999885559082,2.115000009536743,2.115000009536743,2649.0
2026-08-05 14:31:00,PANW,,365.32000732421875,366.0450134277344,365.32000732421875,366.0450134277344,8714.0
2026-08-05 14:31:00,PASG,,4.610000133514404,4.610000133514404,4.610000133514404,4.610000133514404,0.0
2026-08-05 14:31:00,PATK,,87.79000091552734,87.80999755859375,87.77999877929688,87.77999877929688,2176.0
2026-08-05 14:31:00,PAVS,,4.860000133514404,4.860000133514404,4.860000133514404,4.860000133514404,229.0
2026-08-05 14:31:00,PAX,,11.4350004196167,11.4350004196167,11.4350004196167,11.4350004196167,438.0
2026-08-05 14:31:00,PAYO,,7.125,7.125,7.119999885559082,7.119999885559082,673.0
2026-08-05 14:31:00,PAYX,,117.81999969482422,117.83499908447266,117.80500030517578,117.80999755859375,4422.0
2026-08-05 14:31:00,PCAR,,134.07000732421875,134.0800018310547,134.05999755859375,134.05999755859375,2497.0
2026-08-05 14:31:00,PCRX,,24.65999984741211,24.65999984741211,24.594999313354492,24.594999313354492,8773.0
2026-08-05 14:31:00,PCT,,6.949999809265137,6.960000038146973,6.949999809265137,6.954999923706055,3501.0
2026-08-05 14:31:00,PCTY,,145.52999877929688,145.52999877929688,145.22999572753906,145.22999572753906,5379.0
2026-08-05 14:31:00,PCYO,,10.524999618530273,10.524999618530273,10.520000457763672,10.520000457763672,877.0
2026-08-05 14:31:00,PDD,,90.76499938964844,90.79000091552734,90.7301025390625,90.79000091552734,10510.0
2026-08-05 14:31:00,PDFS,,50.13999938964844,50.13999938964844,50.09000015258789,50.09000015258789,891.0
2026-08-05 14:31:00,PDSB,,0.7150999903678894,0.7179999947547913,0.7150999903678894,0.7179999947547913,3677.0
2026-08-05 14:31:00,PECO,,41.349998474121094,41.349998474121094,41.34000015258789,41.34000015258789,1523.0
2026-08-05 14:31:00,PEGA,,31.825000762939453,31.834999084472656,31.81999969482422,31.81999969482422,2304.0
2026-08-05 14:31:00,PENN,,19.790000915527344,19.790000915527344,19.790000915527344,19.790000915527344,508.0
2026-08-05 14:31:00,PEP,,138.52850341796875,138.52850341796875,138.47999572753906,138.49000549316406,4940.0
2026-08-05 14:31:00,PEPG,,1.965000033378601,1.9700000286102295,1.965000033378601,1.9700000286102295,3102.0
2026-08-05 14:31:00,PESI,,17.850000381469727,17.850000381469727,17.850000381469727,17.850000381469727,1999.0
2026-08-05 14:31:00,PFG,,114.2750015258789,114.2750015258789,114.2699966430664,114.2699966430664,703.0
2026-08-05 14:31:00,PGEN,,6.841400146484375,6.860000133514404,6.840000152587891,6.860000133514404,11581.0
2026-08-05 14:31:00,PGNY,,31.739999771118164,31.75,31.739999771118164,31.7450008392334,1352.0
2026-08-05 14:31:00,PGY,,21.81999969482422,21.850000381469727,21.81999969482422,21.850000381469727,2686.0
2026-08-05 14:31:00,PHAT,,8.395000457763672,8.395000457763672,8.395000457763672,8.395000457763672,448.0
2026-08-05 14:31:00,PLPC,,471.7099914550781,472.7200012207031,471.7099914550781,472.6600036621094,471.0
2026-08-05 14:31:00,PLSE,,37.525001525878906,37.525001525878906,37.525001525878906,37.525001525878906,272.0
2026-08-05 14:31:00,PLUG,,2.0850000381469727,2.0899999141693115,2.0799999237060547,2.0799999237060547,33226.0
2026-08-05 14:31:00,PLXS,,276.2149963378906,276.2149963378906,276.2149963378906,276.2149963378906,1940.0
2026-08-05 14:31:00,PMN,,13.265000343322754,13.265000343322754,13.265000343322754,13.265000343322754,492.0
2026-08-05 14:31:00,PMVP,,1.1799999475479126,1.190000057220459,1.1799999475479126,1.190000057220459,8318.0
2026-08-05 14:31:00,PNFP,,107.9800033569336,107.9800033569336,107.97000122070312,107.97000122070312,680.0
2026-08-05 14:31:00,POET,,8.234999656677246,8.265000343322754,8.229999542236328,8.260100364685059,38594.0
2026-08-05 14:31:00,POWI,,61.869998931884766,61.8849983215332,61.85499954223633,61.86000061035156,21762.0
2026-08-05 14:31:00,POWL,,210.91009521484375,211.42999267578125,210.91009521484375,211.41000366210938,2100.0
2026-08-05 14:31:00,PPC,,26.479999542236328,26.479999542236328,26.479999542236328,26.479999542236328,647.0
2026-08-05 14:31:00,PPTA,,22.5,22.5,22.5,22.5,2406.0
2026-08-05 14:31:00,PRAX,,318.8500061035156,318.8500061035156,318.8500061035156,318.8500061035156,73.0
2026-08-05 14:31:00,PRCH,,15.779999732971191,15.779999732971191,15.779999732971191,15.779999732971191,1207.0
2026-08-05 14:31:00,PRCT,,19.25,19.25,19.229999542236328,19.229999542236328,1319.0
2026-08-05 14:31:00,PRE,,18.299999237060547,18.299999237060547,18.299999237060547,18.299999237060547,190.0
2026-08-05 14:31:00,PRIM,,84.91000366210938,85.01499938964844,84.9000015258789,85.01499938964844,1138.0
2026-08-05 14:31:00,PRLD,,4.570000171661377,4.579999923706055,4.570000171661377,4.579999923706055,1314.0
2026-08-05 14:31:00,PRME,,3.059999942779541,3.069999933242798,3.055000066757202,3.069999933242798,12966.0
2026-08-05 14:31:00,PROF,,8.005000114440918,8.005000114440918,8.005000114440918,8.005000114440918,391.0
2026-08-05 14:31:00,PROK,,1.6399999856948853,1.6399999856948853,1.6399999856948853,1.6399999856948853,274.0
2026-08-05 14:31:00,PROV,,18.048200607299805,18.048200607299805,18.048200607299805,18.048200607299805,1639.0
2026-08-05 14:31:00,PRQR,,1.9550000429153442,1.9550000429153442,1.9550000429153442,1.9550000429153442,893.0
2026-08-05 14:31:00,PRTA,,8.489999771118164,8.489999771118164,8.489999771118164,8.489999771118164,569.0
2026-08-05 14:31:00,PRTH,,6.630000114440918,6.630000114440918,6.630000114440918,6.630000114440918,614.0
2026-08-05 14:31:00,PSEC,,2.190000057220459,2.190000057220459,2.180000066757202,2.190000057220459,2386.0
2026-08-05 14:31:00,PTC,,140.14999389648438,140.16000366210938,140.11500549316406,140.11500549316406,5416.0
2026-08-05 14:31:00,PTCT,,68.95999908447266,68.95999908447266,68.95999908447266,68.95999908447266,865.0
2026-08-05 14:31:00,PTEN,,9.795000076293945,9.824999809265137,9.789999961853027,9.824999809265137,23427.0
2026-08-05 14:31:00,PTLO,,4.59499979019165,4.599999904632568,4.59499979019165,4.599999904632568,1399.0
2026-08-05 14:31:00,PTON,,6.470600128173828,6.485000133514404,6.46999979019165,6.480000019073486,23083.0
2026-08-05 14:31:00,PWP,,17.450000762939453,17.459999084472656,17.450000762939453,17.459999084472656,2828.0
2026-08-05 14:31:00,PYPL,,58.130001068115234,58.1349983215332,58.130001068115234,58.1349983215332,3629.0
2026-08-05 14:31:00,PYXS,,3.119999885559082,3.119999885559082,3.119999885559082,3.119999885559082,557.0
2026-08-05 14:31:00,PZZA,,30.0,30.0,30.0,30.0,1578.0
2026-08-05 14:31:00,QCOM,,157.86500549316406,158.00999450683594,157.80999755859375,157.99000549316406,10370.0
2026-08-05 14:31:00,QFIN,,13.180000305175781,13.180000305175781,13.175000190734863,13.180000305175781,2911.0
2026-08-05 14:31:00,QQQX,,30.375,30.375,30.375,30.375,110.0
2026-08-05 14:31:00,QRVO,,94.62999725341797,94.69000244140625,94.62999725341797,94.69000244140625,962.0
2026-08-05 14:31:00,SEED,,1.0399999618530273,1.0399999618530273,1.0299999713897705,1.0299999713897705,600.0
2026-08-05 14:31:00,STIM,,2.244999885559082,2.25,2.244999885559082,2.244999885559082,784.0
2026-08-05 14:31:00,WOOF,,2.934999942779541,2.934999942779541,2.934999942779541,2.934999942779541,665.0
2026-08-05 14:32:00,ACDC,,4.465000152587891,4.474999904632568,4.465000152587891,4.474999904632568,5337.0
2026-08-05 14:32:00,CASH,,89.23999786376953,89.23999786376953,89.23999786376953,89.23999786376953,1038.0
2026-08-05 14:32:00,EYE,,22.93000030517578,22.93000030517578,22.93000030517578,22.93000030517578,720.0
2026-08-05 14:32:00,GLUE,,15.489999771118164,15.489999771118164,15.489999771118164,15.489999771118164,1543.0
2026-08-05 14:32:00,MCRI,,122.81999969482422,122.81999969482422,122.81999969482422,122.81999969482422,589.0
2026-08-05 14:32:00,MDB,,374.92999267578125,375.6199951171875,374.92999267578125,375.6199951171875,1313.0
2026-08-05 14:32:00,MDLZ,,62.54499816894531,62.54999923706055,62.52000045776367,62.52000045776367,8114.0
2026-08-05 14:32:00,MLTX,,17.56999969482422,17.56999969482422,17.56999969482422,17.56999969482422,471.0
2026-08-05 14:32:00,MNPR,,118.62999725341797,118.62999725341797,118.62999725341797,118.62999725341797,298.0
2026-08-05 14:32:00,MNRO,,13.142600059509277,13.145000457763672,13.14009952545166,13.142600059509277,1681.0
2026-08-05 14:32:00,MNST,,94.80010223388672,94.81999969482422,94.80000305175781,94.80999755859375,6680.0
2026-08-05 14:32:00,MOVE,,12.151399612426758,12.151399612426758,12.151399612426758,12.151399612426758,800.0
2026-08-05 14:32:00,MPWR,,1337.7099609375,1338.7099609375,1337.6300048828125,1337.7099609375,219.0
2026-08-05 14:32:00,MRNA,,56.474998474121094,56.529998779296875,56.474998474121094,56.51499938964844,15744.0
2026-08-05 14:32:00,MYGN,,3.1700000762939453,3.1700000762939453,3.1700000762939453,3.1700000762939453,3387.0
2026-08-05 14:32:00,MYRG,,340.32000732421875,340.32000732421875,340.32000732421875,340.32000732421875,68.0
2026-08-05 14:32:00,NATR,,20.065000534057617,20.065000534057617,20.045000076293945,20.045000076293945,1012.0
2026-08-05 14:32:00,NAUT,,0.9409999847412109,0.9409999847412109,0.9409999847412109,0.9409999847412109,3461.0
2026-08-05 14:32:00,NAVI,,9.114999771118164,9.125,9.114999771118164,9.114999771118164,3323.0
2026-08-05 14:32:00,NB,,5.09499979019165,5.09499979019165,5.09499979019165,5.09499979019165,826.0
2026-08-05 14:32:00,NCMI,,4.119999885559082,4.119999885559082,4.119999885559082,4.119999885559082,952.0
2026-08-05 14:32:00,NCRA,,1.8250000476837158,1.8250000476837158,1.8250000476837158,1.8250000476837158,578.0
2026-08-05 14:32:00,NDAQ,,95.08499908447266,95.0999984741211,95.08000183105469,95.0999984741211,1897.0
2026-08-05 14:32:00,NEGG,,16.889999389648438,16.989999771118164,16.8700008392334,16.989999771118164,1567.0
2026-08-05 14:32:00,NEO,,16.0049991607666,16.020000457763672,16.0049991607666,16.020000457763672,3932.0
2026-08-05 14:32:00,NEOG,,11.600000381469727,11.609999656677246,11.600000381469727,11.609999656677246,1825.0
2026-08-05 14:32:00,NEON,,0.9437000155448914,0.9437000155448914,0.9437000155448914,0.9437000155448914,1000.0
2026-08-05 14:32:00,NESR,,28.56999969482422,28.6299991607666,28.56999969482422,28.6299991607666,6932.0
2026-08-05 14:32:00,NEWT,,15.100000381469727,15.100000381469727,15.095000267028809,15.100000381469727,715.0
2026-08-05 14:32:00,NEXT,,6.449999809265137,6.449999809265137,6.449999809265137,6.449999809265137,1028.0
2026-08-05 14:32:00,NFLX,,73.47000122070312,73.4749984741211,73.39009857177734,73.3949966430664,95173.0
2026-08-05 14:32:00,NICE,,99.26000213623047,99.26000213623047,99.11499786376953,99.11499786376953,6493.0
2026-08-05 14:32:00,NIU,,2.4649999141693115,2.4649999141693115,2.4649999141693115,2.4649999141693115,427.0
2026-08-05 14:32:00,NKTR,,72.66000366210938,72.66000366210938,72.62000274658203,72.62000274658203,730.0
2026-08-05 14:32:00,NKTX,,2.2100000381469727,2.2100000381469727,2.2100000381469727,2.2100000381469727,1490.0
2026-08-05 14:32:00,NMFC,,7.335000038146973,7.335000038146973,7.335000038146973,7.335000038146973,144.0
2026-08-05 14:32:00,NMIH,,44.599998474121094,44.599998474121094,44.599998474121094,44.599998474121094,381.0
2026-08-05 14:32:00,NN,,14.479999542236328,14.479999542236328,14.449999809265137,14.449999809265137,3158.0
2026-08-05 14:32:00,NNBR,,3.8499999046325684,3.859999895095825,3.8499999046325684,3.859999895095825,1804.0
2026-08-05 14:32:00,NNDM,,1.5449999570846558,1.5449999570846558,1.5399999618530273,1.5449999570846558,1006.0
2026-08-05 14:32:00,NRIM,,26.989999771118164,26.989999771118164,26.989999771118164,26.989999771118164,1008.0
2026-08-05 14:32:00,NRIX,,24.834999084472656,24.860000610351562,24.834999084472656,24.860000610351562,1892.0
2026-08-05 14:32:00,NRSN,,0.5659000277519226,0.5659000277519226,0.5655999779701233,0.5658000111579895,1701.0
2026-08-05 14:32:00,NTAP,,188.64999389648438,188.67999267578125,188.64999389648438,188.67999267578125,2142.0
2026-08-05 14:32:00,NTCT,,41.79999923706055,41.810001373291016,41.790000915527344,41.810001373291016,1731.0
2026-08-05 14:32:00,NTNX,,60.96500015258789,60.97999954223633,60.9375,60.97999954223633,4366.0
2026-08-05 14:32:00,NTRA,,274.42999267578125,274.42999267578125,274.42999267578125,274.42999267578125,17900.0
2026-08-05 14:32:00,NTRS,,184.4250030517578,184.47999572753906,184.4250030517578,184.47999572753906,1366.0
2026-08-05 14:32:00,NUWE,,1.690000057220459,1.690000057220459,1.690000057220459,1.690000057220459,521.0
2026-08-05 14:32:00,NVAX,,7.569900035858154,7.570000171661377,7.565000057220459,7.570000171661377,2299.0
2026-08-05 14:32:00,NVCR,,16.094999313354492,16.100000381469727,16.094999313354492,16.100000381469727,3573.0
2026-08-05 14:32:00,NVDA,,221.2449951171875,221.41000366210938,221.24000549316406,221.38999938964844,196514.0
2026-08-05 14:32:00,NVTS,,12.354999542236328,12.364999771118164,12.350000381469727,12.360099792480469,6875.0
2026-08-05 14:32:00,NWBI,,15.944999694824219,15.944999694824219,15.944999694824219,15.944999694824219,109.0
2026-08-05 14:32:00,NWE,,69.01000213623047,69.01000213623047,68.98999786376953,68.98999786376953,504.0
2026-08-05 14:32:00,NWL,,6.235000133514404,6.235000133514404,6.21999979019165,6.21999979019165,26512.0
2026-08-05 14:32:00,NWS,,32.32500076293945,32.33000183105469,32.32500076293945,32.32500076293945,1552.0
2026-08-05 14:32:00,NWSA,,28.315000534057617,28.315000534057617,28.30500030517578,28.309999465942383,5627.0
2026-08-05 14:32:00,NXPI,,230.94000244140625,231.0050048828125,230.9250030517578,230.9250030517578,2170.0
2026-08-05 14:32:00,NXST,,191.79249572753906,191.79249572753906,191.79249572753906,191.79249572753906,543.0
2026-08-05 14:32:00,NXT,,98.86000061035156,98.91999816894531,98.86000061035156,98.91999816894531,3014.0
2026-08-05 14:32:00,OCC,,15.899999618530273,15.899999618530273,15.899999618530273,15.899999618530273,408.0
2026-08-05 14:32:00,OCFC,,19.899999618530273,19.899999618530273,19.899999618530273,19.899999618530273,2119.0
2026-08-05 14:32:00,OCGN,,1.284999966621399,1.284999966621399,1.284999966621399,1.284999966621399,2310.0
2026-08-05 14:32:00,OCSL,,12.114999771118164,12.114999771118164,12.109999656677246,12.109999656677246,1865.0
2026-08-05 14:32:00,OCUL,,8.579999923706055,8.59000015258789,8.579999923706055,8.59000015258789,2244.0
2026-08-05 14:32:00,ODD,,15.265000343322754,15.274999618530273,15.229999542236328,15.229999542236328,14153.0
2026-08-05 14:32:00,ODFL,,213.8300018310547,213.8350067138672,213.8300018310547,213.8350067138672,1289.0
2026-08-05 14:32:00,OESX,,14.75,14.75,14.75,14.75,448.0
2026-08-05 14:32:00,OFIX,,10.4399995803833,10.4399995803833,10.4399995803833,10.4399995803833,202.0
2026-08-05 14:32:00,OKTA,,148.2100067138672,148.24000549316406,148.13999938964844,148.24000549316406,3771.0
2026-08-05 14:32:00,OLB,,0.30889999866485596,0.30889999866485596,0.30889999866485596,0.30889999866485596,2000.0
2026-08-05 14:32:00,OLLI,,78.13500213623047,78.17500305175781,78.13500213623047,78.17500305175781,4548.0
2026-08-05 14:32:00,OLMA,,11.529999732971191,11.539999961853027,11.529999732971191,11.539999961853027,6054.0
2026-08-05 14:32:00,OM,,5.079999923706055,5.079999923706055,5.070000171661377,5.070000171661377,1638.0
2026-08-05 14:32:00,OMH,,0.11429999768733978,0.11429999768733978,0.11429999768733978,0.11429999768733978,2393.0
2026-08-05 14:32:00,ON,,77.59500122070312,77.69999694824219,77.56999969482422,77.68499755859375,33974.0
2026-08-05 14:32:00,ONB,,27.030000686645508,27.03499984741211,27.024999618530273,27.030000686645508,10551.0
2026-08-05 14:32:00,ONCO,,0.7990000247955322,0.7994999885559082,0.7990000247955322,0.7994999885559082,777.0
2026-08-05 14:32:00,ONDS,,8.896400451660156,8.90999984741211,8.890000343322754,8.899999618530273,209808.0
2026-08-05 14:32:00,ONFO,,0.0729999989271164,0.0729999989271164,0.0729999989271164,0.0729999989271164,23861.0
2026-08-05 14:32:00,OPBK,,15.850000381469727,15.850000381469727,15.850000381469727,15.850000381469727,1641.0
2026-08-05 14:32:00,OPCH,,23.5,23.5,23.479999542236328,23.485000610351562,2558.0
2026-08-05 14:32:00,OPEN,,3.7862000465393066,3.799999952316284,3.7850000858306885,3.7899999618530273,81716.0
2026-08-05 14:32:00,OPRA,,19.899999618530273,19.899999618530273,19.899999618530273,19.899999618530273,248.0
2026-08-05 14:32:00,ORIC,,12.84000015258789,12.859999656677246,12.84000015258789,12.859999656677246,2837.0
2026-08-05 14:32:00,ORLY,,92.88999938964844,92.88999938964844,92.87999725341797,92.88500213623047,2414.0
2026-08-05 14:32:00,OSPN,,16.520000457763672,16.520000457763672,16.510000228881836,16.510000228881836,783.0
2026-08-05 14:32:00,OSS,,13.710000038146973,13.720999717712402,13.710000038146973,13.720999717712402,1480.0
2026-08-05 14:32:00,OSW,,26.56999969482422,26.56999969482422,26.56999969482422,26.56999969482422,448.0
2026-08-05 14:32:00,OTEX,,25.875,25.8799991607666,25.864999771118164,25.8799991607666,3119.0
2026-08-05 14:32:00,OTLK,,1.0099999904632568,1.0199999809265137,1.0099999904632568,1.0199999809265137,1136.0
2026-08-05 14:32:00,OVID,,2.5999999046325684,2.5999999046325684,2.5950000286102295,2.5950000286102295,1650.0
2026-08-05 14:32:00,OXSQ,,1.5099999904632568,1.5099999904632568,1.5049999952316284,1.5098999738693237,772.0
2026-08-05 14:32:00,PAA,,23.190000534057617,23.190000534057617,23.174999237060547,23.174999237060547,7879.0
2026-08-05 14:32:00,PAAS,,48.04800033569336,48.06999969482422,48.029998779296875,48.04800033569336,3938.0
2026-08-05 14:32:00,PACB,,1.309999942779541,1.3250000476837158,1.309999942779541,1.3250000476837158,85975.0
2026-08-05 14:32:00,PAGP,,25.18000030517578,25.18000030517578,25.15999984741211,25.15999984741211,969.0
2026-08-05 14:32:00,PALI,,2.1050000190734863,2.109999895095825,2.1050000190734863,2.109999895095825,17915.0
2026-08-05 14:32:00,PANW,,365.2049865722656,365.3999938964844,365.07000732421875,365.29998779296875,7824.0
2026-08-05 14:32:00,PAX,,11.4350004196167,11.4350004196167,11.4350004196167,11.4350004196167,1364.0
2026-08-05 14:32:00,PAYO,,7.125,7.125,7.119999885559082,7.119999885559082,723.0
2026-08-05 14:32:00,PAYX,,117.84500122070312,117.86000061035156,117.83000183105469,117.83000183105469,2678.0
2026-08-05 14:32:00,PCAR,,134.05999755859375,134.07000732421875,134.0395050048828,134.07000732421875,2889.0
2026-08-05 14:32:00,PCRX,,24.700000762939453,24.700000762939453,24.625,24.625,3396.0
2026-08-05 14:32:00,PCT,,6.949999809265137,6.954999923706055,6.940000057220459,6.954999923706055,10060.0
2026-08-05 14:32:00,PCYO,,10.5600004196167,10.5600004196167,10.5600004196167,10.5600004196167,249.0
2026-08-05 14:32:00,PDD,,90.78500366210938,90.79000091552734,90.7699966430664,90.7699966430664,10058.0
2026-08-05 14:32:00,PDFS,,50.08000183105469,50.08000183105469,50.06999969482422,50.06999969482422,385.0
2026-08-05 14:32:00,PDLB,,20.514999389648438,20.524999618530273,20.510000228881836,20.524999618530273,992.0
2026-08-05 14:32:00,PDSB,,0.7150999903678894,0.7150999903678894,0.7150999903678894,0.7150999903678894,0.0
2026-08-05 14:32:00,PECO,,41.34000015258789,41.34000015258789,41.34000015258789,41.34000015258789,549.0
2026-08-05 14:32:00,PEGA,,31.825000762939453,31.825000762939453,31.825000762939453,31.825000762939453,1100.0
2026-08-05 14:32:00,PENN,,19.7549991607666,19.795000076293945,19.75,19.790000915527344,15929.0
2026-08-05 14:32:00,PEP,,138.60000610351562,138.6199951171875,138.5399932861328,138.5399932861328,5837.0
2026-08-05 14:32:00,PEPG,,1.965000033378601,1.965000033378601,1.965000033378601,1.965000033378601,1805.0
2026-08-05 14:32:00,PERI,,9.569999694824219,9.569999694824219,9.569999694824219,9.569999694824219,672.0
2026-08-05 14:32:00,PFG,,114.33000183105469,114.33000183105469,114.2750015258789,114.2750015258789,2827.0
2026-08-05 14:32:00,PGEN,,6.840000152587891,6.849999904632568,6.840000152587891,6.84499979019165,12510.0
2026-08-05 14:32:00,PGY,,21.815000534057617,21.829999923706055,21.815000534057617,21.829999923706055,1138.0
2026-08-05 14:32:00,PHAT,,8.385000228881836,8.395000457763672,8.385000228881836,8.395000457763672,3014.0
2026-08-05 14:32:00,PHVS,,33.5,33.5,33.45000076293945,33.45000076293945,419.0
2026-08-05 14:32:00,PLAB,,32.09000015258789,32.09000015258789,32.09000015258789,32.09000015258789,766.0
2026-08-05 14:32:00,PLBC,,61.275001525878906,61.275001525878906,61.275001525878906,61.275001525878906,194.0
2026-08-05 14:32:00,PLMR,,134.05999755859375,134.13499450683594,134.05999755859375,134.05999755859375,5013.0
2026-08-05 14:32:00,PLRX,,1.059999942779541,1.059999942779541,1.059999942779541,1.059999942779541,234.0
2026-08-05 14:32:00,PLTK,,3.884999990463257,3.884999990463257,3.884999990463257,3.884999990463257,2544.0
2026-08-05 14:32:00,PLUG,,2.0850000381469727,2.0850000381469727,2.0799999237060547,2.0845000743865967,28240.0
2026-08-05 14:32:00,PLXS,,275.7900085449219,275.7900085449219,275.7900085449219,275.7900085449219,943.0
2026-08-05 14:32:00,PMVP,,1.1799999475479126,1.1799999475479126,1.1799999475479126,1.1799999475479126,700.0
2026-08-05 14:32:00,PNFP,,107.9800033569336,107.9800033569336,107.9800033569336,107.9800033569336,349.0
2026-08-05 14:32:00,PNTG,,38.689998626708984,38.689998626708984,38.65999984741211,38.65999984741211,2261.0
2026-08-05 14:32:00,POET,,8.229999542236328,8.234999656677246,8.220000267028809,8.234999656677246,36362.0
2026-08-05 14:32:00,POLA,,1.8049999475479126,1.8049999475479126,1.8049999475479126,1.8049999475479126,163.0
2026-08-05 14:32:00,POWI,,61.83000183105469,61.83000183105469,61.83000183105469,61.83000183105469,1014.0
2026-08-05 14:32:00,POWL,,210.7550048828125,211.0800018310547,210.7550048828125,211.0800018310547,391.0
2026-08-05 14:32:00,PPC,,26.479999542236328,26.479999542236328,26.479999542236328,26.479999542236328,988.0
2026-08-05 14:32:00,PPTA,,22.43000030517578,22.43000030517578,22.420000076293945,22.43000030517578,14309.0
2026-08-05 14:32:00,PRAX,,318.2200012207031,318.5350036621094,318.04998779296875,318.5350036621094,497.0
2026-08-05 14:32:00,PRCH,,15.755000114440918,15.760000228881836,15.755000114440918,15.760000228881836,823.0
2026-08-05 14:32:00,PRCT,,19.2450008392334,19.25,19.229999542236328,19.25,2559.0
2026-08-05 14:32:00,PRDO,,32.86000061035156,32.8650016784668,32.84000015258789,32.8650016784668,803.0
2026-08-05 14:32:00,PRIM,,84.94999694824219,84.94999694824219,84.9000015258789,84.9000015258789,1951.0
2026-08-05 14:32:00,PRLD,,4.579999923706055,4.579999923706055,4.579999923706055,4.579999923706055,1237.0
2026-08-05 14:32:00,PRME,,3.059999942779541,3.065000057220459,3.059999942779541,3.065000057220459,3655.0
2026-08-05 14:32:00,PROF,,8.015000343322754,8.015000343322754,8.015000343322754,8.015000343322754,10.0
2026-08-05 14:32:00,PROK,,1.6399999856948853,1.6449999809265137,1.6399999856948853,1.6449999809265137,1281.0
2026-08-05 14:32:00,PRTA,,8.494999885559082,8.494999885559082,8.494999885559082,8.494999885559082,505.0
2026-08-05 14:32:00,PRVA,,24.190000534057617,24.200000762939453,24.190000534057617,24.200000762939453,2434.0
2026-08-05 14:32:00,PSEC,,2.184999942779541,2.184999942779541,2.184999942779541,2.184999942779541,1146.0
2026-08-05 14:32:00,PSMT,,189.27999877929688,189.2899932861328,189.27999877929688,189.2899932861328,397.0
2026-08-05 14:32:00,PSNL,,13.510000228881836,13.510000228881836,13.510000228881836,13.510000228881836,1028.0
2026-08-05 14:32:00,PTCT,,69.01000213623047,69.01000213623047,69.01000213623047,69.01000213623047,1026.0
2026-08-05 14:32:00,PTEN,,9.774999618530273,9.789999961853027,9.770000457763672,9.789999961853027,172323.0
2026-08-05 14:32:00,PTGX,,136.11000061035156,136.1300048828125,136.08999633789062,136.1300048828125,1877.0
2026-08-05 14:32:00,PTLO,,4.599999904632568,4.599999904632568,4.590000152587891,4.599999904632568,3970.0
2026-08-05 14:32:00,PTON,,6.474999904632568,6.480000019073486,6.46999979019165,6.46999979019165,4548.0
2026-08-05 14:32:00,PWP,,17.459999084472656,17.469999313354492,17.440000534057617,17.459999084472656,5578.0
2026-08-05 14:32:00,PYPD,,4.599999904632568,4.619999885559082,4.599999904632568,4.619999885559082,2391.0
2026-08-05 14:32:00,PYPL,,58.154998779296875,58.165000915527344,58.1349983215332,58.1349983215332,10803.0
2026-08-05 14:32:00,PYXS,,3.119999885559082,3.119999885559082,3.119999885559082,3.119999885559082,1598.0
2026-08-05 14:32:00,QCOM,,157.7949981689453,157.9029998779297,157.75,157.89999389648438,15901.0
2026-08-05 14:32:00,QRVO,,94.66000366210938,94.68499755859375,94.62000274658203,94.6500015258789,4401.0
2026-08-05 14:32:00,SEED,,1.0299999713897705,1.0299999713897705,1.0299999713897705,1.0299999713897705,606.0
2026-08-05 14:32:00,STKS,,1.7483999729156494,1.7483999729156494,1.7483999729156494,1.7483999729156494,444.0
2026-08-05 14:32:00,WOOF,,2.935499906539917,2.935499906539917,2.935499906539917,2.935499906539917,1282.0
2026-08-05 14:33:00,ACDC,,4.465000152587891,4.465000152587891,4.465000152587891,4.465000152587891,648.0
2026-08-05 14:33:00,BPOP,,177.13999938964844,177.13999938964844,177.13999938964844,177.13999938964844,675.0
2026-08-05 14:33:00,BPRN,,41.97999954223633,41.97999954223633,41.97999954223633,41.97999954223633,977.0
2026-08-05 14:33:00,CPOP,,0.35670000314712524,0.35670000314712524,0.35670000314712524,0.35670000314712524,434.0
2026-08-05 14:33:00,DTIL,,7.46999979019165,7.46999979019165,7.46999979019165,7.46999979019165,138.0
2026-08-05 14:33:00,EYE,,22.940000534057617,22.950000762939453,22.93000030517578,22.93000030517578,15088.0
2026-08-05 14:33:00,FIZZ,,32.13999938964844,32.13999938964844,32.13999938964844,32.13999938964844,1163.0
2026-08-05 14:33:00,FRST,,16.459999084472656,16.459999084472656,16.459999084472656,16.459999084472656,270.0
2026-08-05 14:33:00,GLUE,,15.475000381469727,15.479999542236328,15.460000038146973,15.479999542236328,5833.0
2026-08-05 14:33:00,LUNG,,1.9850000143051147,1.9850000143051147,1.9850000143051147,1.9850000143051147,1933.0
2026-08-05 14:33:00,MBRX,,0.39480000734329224,0.4000000059604645,0.39399999380111694,0.39649999141693115,25078.0
2026-08-05 14:33:00,MDB,,375.1400146484375,375.2974853515625,374.57000732421875,375.2825012207031,2218.0
2026-08-05 14:33:00,MDLZ,,62.56999969482422,62.59000015258789,62.54499816894531,62.54499816894531,14113.0
2026-08-05 14:33:00,MLTX,,17.54509925842285,17.549999237060547,17.54509925842285,17.549999237060547,1636.0
2026-08-05 14:33:00,MNRO,,13.125,13.140000343322754,13.125,13.140000343322754,2466.0
2026-08-05 14:33:00,MNST,,94.82499694824219,94.82499694824219,94.80999755859375,94.80999755859375,2311.0
2026-08-05 14:33:00,MNTS,,4.239999771118164,4.240099906921387,4.239999771118164,4.240099906921387,1840.0
2026-08-05 14:33:00,MPWR,,1338.550048828125,1339.449951171875,1336.925048828125,1337.5799560546875,1192.0
2026-08-05 14:33:00,MRNA,,56.4900016784668,56.4900016784668,56.44499969482422,56.474998474121094,5640.0
2026-08-05 14:33:00,MYGN,,3.1649999618530273,3.1649999618530273,3.1649999618530273,3.1649999618530273,2509.0
2026-08-05 14:33:00,MYSZ,,0.39010000228881836,0.39010000228881836,0.39010000228881836,0.39010000228881836,606.0
2026-08-05 14:33:00,NAMS,,27.44499969482422,27.44499969482422,27.44499969482422,27.44499969482422,714.0
2026-08-05 14:33:00,NAUT,,0.9401000142097473,0.9401000142097473,0.9401000142097473,0.9401000142097473,308.0
2026-08-05 14:33:00,NB,,5.090000152587891,5.090000152587891,5.090000152587891,5.090000152587891,15017.0
2026-08-05 14:33:00,NBIX,,162.66000366210938,162.72000122070312,162.66000366210938,162.7100067138672,2049.0
2026-08-05 14:33:00,NBTB,,53.38999938964844,53.38999938964844,53.349998474121094,53.349998474121094,931.0
2026-08-05 14:33:00,NCSM,,47.19499969482422,47.19499969482422,47.19499969482422,47.19499969482422,341.0
2026-08-05 14:33:00,NDAQ,,95.06510162353516,95.08000183105469,95.06510162353516,95.06999969482422,1376.0
2026-08-05 14:33:00,NDSN,,310.4800109863281,310.4800109863281,310.4800109863281,310.4800109863281,175.0
2026-08-05 14:33:00,NEO,,16.0,16.0,15.994999885559082,16.0,2272.0
2026-08-05 14:33:00,NEOG,,11.600000381469727,11.600000381469727,11.600000381469727,11.600000381469727,1151.0
2026-08-05 14:33:00,NEOV,,2.799999952316284,2.811000108718872,2.799999952316284,2.811000108718872,12246.0
2026-08-05 14:33:00,NESR,,28.59000015258789,28.59000015258789,28.579999923706055,28.59000015258789,2598.0
2026-08-05 14:33:00,NEXT,,6.454999923706055,6.454999923706055,6.449999809265137,6.449999809265137,1749.0
2026-08-05 14:33:00,NFE,,0.34040001034736633,0.34040001034736633,0.33899998664855957,0.33899998664855957,13700.0
2026-08-05 14:33:00,NFLX,,73.4749984741211,73.5250015258789,73.46499633789062,73.4800033569336,44998.0
2026-08-05 14:33:00,NICE,,99.18000030517578,99.29000091552734,99.18000030517578,99.29000091552734,1812.0
2026-08-05 14:33:00,NIU,,2.4549999237060547,2.4600000381469727,2.4549999237060547,2.4600000381469727,1726.0
2026-08-05 14:33:00,NKTX,,2.2049999237060547,2.2100000381469727,2.2049999237060547,2.2100000381469727,6369.0
2026-08-05 14:33:00,NMFC,,7.330999851226807,7.330999851226807,7.330999851226807,7.330999851226807,213.0
2026-08-05 14:33:00,NMRA,,1.6050000190734863,1.6050000190734863,1.600000023841858,1.600000023841858,1091.0
2026-08-05 14:33:00,NMRK,,15.6850004196167,15.6850004196167,15.6850004196167,15.6850004196167,581.0
2026-08-05 14:33:00,NN,,14.489999771118164,14.489999771118164,14.484999656677246,14.484999656677246,1404.0
2026-08-05 14:33:00,NNBR,,3.8499999046325684,3.8550000190734863,3.8499999046325684,3.8550000190734863,1455.0
2026-08-05 14:33:00,NNDM,,1.5449999570846558,1.5449999570846558,1.5449999570846558,1.5449999570846558,656.0
2026-08-05 14:33:00,NRDS,,9.079999923706055,9.079999923706055,9.079999923706055,9.079999923706055,439.0
2026-08-05 14:33:00,NRIX,,24.799999237060547,24.81999969482422,24.799999237060547,24.81999969482422,1171.0
2026-08-05 14:33:00,NRXP,,3.075000047683716,3.075000047683716,3.075000047683716,3.075000047683716,321.0
2026-08-05 14:33:00,NTAP,,188.22500610351562,188.5800018310547,188.11000061035156,188.5800018310547,12529.0
2026-08-05 14:33:00,NTES,,127.61000061035156,127.63999938964844,127.61000061035156,127.63999938964844,1337.0
2026-08-05 14:33:00,NTNX,,60.935001373291016,60.96500015258789,60.93000030517578,60.96500015258789,2270.0
2026-08-05 14:33:00,NTRA,,273.9200134277344,274.05499267578125,273.79998779296875,273.9700012207031,1955.0
2026-08-05 14:33:00,NTRSO,,18.390100479125977,18.390100479125977,18.389999389648438,18.389999389648438,743.0
2026-08-05 14:33:00,NUWE,,1.7000000476837158,1.7000000476837158,1.7000000476837158,1.7000000476837158,1401.0
2026-08-05 14:33:00,NVAX,,7.560100078582764,7.565000057220459,7.559999942779541,7.565000057220459,3849.0
2026-08-05 14:33:00,NVCR,,16.079999923706055,16.09000015258789,16.059999465942383,16.09000015258789,8334.0
2026-08-05 14:33:00,NVDA,,221.36000061035156,221.4199981689453,221.1699981689453,221.25,280801.0
2026-08-05 14:33:00,NVEC,,129.3300018310547,129.3300018310547,129.3000030517578,129.3000030517578,441.0
2026-08-05 14:33:00,NVMI,,405.5899963378906,405.8999938964844,405.5899963378906,405.8999938964844,449.0
2026-08-05 14:33:00,NVTS,,12.354999542236328,12.359999656677246,12.350000381469727,12.354999542236328,11631.0
2026-08-05 14:33:00,NWBI,,15.944999694824219,15.949999809265137,15.944999694824219,15.949999809265137,792.0
2026-08-05 14:33:00,NWE,,69.05000305175781,69.05000305175781,69.0,69.0,902.0
2026-08-05 14:33:00,NWL,,6.215000152587891,6.235000133514404,6.210000038146973,6.235000133514404,45766.0
2026-08-05 14:33:00,NWS,,32.32500076293945,32.32500076293945,32.32500076293945,32.32500076293945,1517.0
2026-08-05 14:33:00,NWSA,,28.299999237060547,28.315000534057617,28.299999237060547,28.315000534057617,3059.0
2026-08-05 14:33:00,NXPI,,231.0500030517578,231.1199951171875,230.8000030517578,230.9499969482422,3946.0
2026-08-05 14:33:00,NXT,,98.68000030517578,98.9000015258789,98.65499877929688,98.9000015258789,3348.0
2026-08-05 14:33:00,OCGN,,1.284999966621399,1.284999966621399,1.284999966621399,1.284999966621399,3645.0
2026-08-05 14:33:00,OCSL,,12.119999885559082,12.119999885559082,12.119999885559082,12.119999885559082,212.0
2026-08-05 14:33:00,OCUL,,8.579999923706055,8.579999923706055,8.579999923706055,8.579999923706055,1869.0
2026-08-05 14:33:00,ODFL,,213.93499755859375,213.93499755859375,213.8249969482422,213.8300018310547,2647.0
2026-08-05 14:33:00,OKTA,,148.18499755859375,148.18499755859375,148.10000610351562,148.1199951171875,2800.0
2026-08-05 14:33:00,OLLI,,78.12000274658203,78.12000274658203,78.12000274658203,78.12000274658203,755.0
2026-08-05 14:33:00,OLMA,,11.520000457763672,11.520000457763672,11.520000457763672,11.520000457763672,1684.0
2026-08-05 14:33:00,OMER,,12.811599731445312,12.824999809265137,12.8100004196167,12.824999809265137,1989.0
2026-08-05 14:33:00,OMH,,0.11429999768733978,0.11559999734163284,0.11429999768733978,0.1143999993801117,12012.0
2026-08-05 14:33:00,ON,,77.6500015258789,77.66999816894531,77.56999969482422,77.56999969482422,25144.0
2026-08-05 14:33:00,ONB,,27.03499984741211,27.03499984741211,27.024999618530273,27.024999618530273,13315.0
2026-08-05 14:33:00,ONDS,,8.899999618530273,8.90999984741211,8.890000343322754,8.895000457763672,433853.0
2026-08-05 14:33:00,ONEW,,12.630000114440918,12.630000114440918,12.630000114440918,12.630000114440918,302.0
2026-08-05 14:33:00,ONFO,,0.0729999989271164,0.0729999989271164,0.0729999989271164,0.0729999989271164,16752.0
2026-08-05 14:33:00,OPAL,,2.3550000190734863,2.359999895095825,2.3499999046325684,2.359999895095825,6645.0
2026-08-05 14:33:00,OPBK,,15.850000381469727,15.850000381469727,15.850000381469727,15.850000381469727,991.0
2026-08-05 14:33:00,OPCH,,23.5,23.5,23.479999542236328,23.479999542236328,1970.0
2026-08-05 14:33:00,OPEN,,3.7850000858306885,3.7899999618530273,3.7799999713897705,3.7850000858306885,35715.0
2026-08-05 14:33:00,OPRX,,6.929999828338623,6.929999828338623,6.929999828338623,6.929999828338623,423.0
2026-08-05 14:33:00,ORGO,,2.3550000190734863,2.3550000190734863,2.3450000286102295,2.3450000286102295,1883.0
2026-08-05 14:33:00,ORIC,,12.819999694824219,12.829999923706055,12.819999694824219,12.819999694824219,1763.0
2026-08-05 14:33:00,ORLY,,92.9000015258789,92.9000015258789,92.8949966430664,92.8949966430664,3039.0
2026-08-05 14:33:00,OSBC,,25.809999465942383,25.809999465942383,25.809999465942383,25.809999465942383,1991.0
2026-08-05 14:33:00,OSIS,,236.02000427246094,236.02000427246094,236.02000427246094,236.02000427246094,479.0
2026-08-05 14:33:00,OSPN,,16.520000457763672,16.520000457763672,16.520000457763672,16.520000457763672,537.0
2026-08-05 14:33:00,OSS,,13.65999984741211,13.699999809265137,13.619999885559082,13.699999809265137,4963.0
2026-08-05 14:33:00,OSUR,,4.121099948883057,4.125,4.121099948883057,4.125,465.0
2026-08-05 14:33:00,OTEX,,25.8700008392334,25.8700008392334,25.864999771118164,25.864999771118164,1841.0
2026-08-05 14:33:00,OTLK,,1.0199999809265137,1.027899980545044,1.0109000205993652,1.0233999490737915,5867.0
2026-08-05 14:33:00,OVID,,2.5850000381469727,2.5950000286102295,2.5799999237060547,2.5950000286102295,27033.0
2026-08-05 14:33:00,OXLC,,9.170000076293945,9.170000076293945,9.170000076293945,9.170000076293945,540.0
2026-08-05 14:33:00,OXSQ,,1.5049999952316284,1.5049999952316284,1.5049999952316284,1.5049999952316284,857.0
2026-08-05 14:33:00,PAA,,23.19499969482422,23.19499969482422,23.190000534057617,23.190000534057617,7838.0
2026-08-05 14:33:00,PAAS,,48.0,48.02000045776367,48.0,48.02000045776367,3825.0
2026-08-05 14:33:00,PACB,,1.3109999895095825,1.3109999895095825,1.3100999593734741,1.3100999593734741,1715.0
2026-08-05 14:33:00,PAGP,,25.170000076293945,25.170000076293945,25.170000076293945,25.170000076293945,1595.0
2026-08-05 14:33:00,PALI,,2.100100040435791,2.1050000190734863,2.100100040435791,2.1050000190734863,1526.0
2026-08-05 14:33:00,PANW,,365.0400085449219,365.07000732421875,364.6600036621094,365.07000732421875,6489.0
2026-08-05 14:33:00,PAYO,,7.125,7.125,7.119999885559082,7.125,1873.0
2026-08-05 14:33:00,PAYX,,117.80999755859375,117.83499908447266,117.80999755859375,117.81999969482422,3665.0
2026-08-05 14:33:00,PBYI,,8.039999961853027,8.039999961853027,8.039999961853027,8.039999961853027,402.0
2026-08-05 14:33:00,PCAR,,134.00999450683594,134.06500244140625,134.00999450683594,134.0500030517578,4334.0
2026-08-05 14:33:00,PCRX,,24.770000457763672,24.770000457763672,24.700000762939453,24.719999313354492,4264.0
2026-08-05 14:33:00,PCT,,6.945000171661377,6.949999809265137,6.940000057220459,6.949999809265137,17616.0
2026-08-05 14:33:00,PCTY,,145.59500122070312,145.59500122070312,145.59500122070312,145.59500122070312,485.0
2026-08-05 14:33:00,PDD,,90.73999786376953,90.77999877929688,90.73999786376953,90.77999877929688,11018.0
2026-08-05 14:33:00,PDLB,,20.514999389648438,20.514999389648438,20.514999389648438,20.514999389648438,279.0
2026-08-05 14:33:00,PECO,,41.349998474121094,41.349998474121094,41.349998474121094,41.349998474121094,874.0
2026-08-05 14:33:00,PEGA,,31.799999237060547,31.815000534057617,31.790000915527344,31.815000534057617,3902.0
2026-08-05 14:33:00,PENN,,19.75,19.75,19.75,19.75,1511.0
2026-08-05 14:33:00,PEP,,138.64959716796875,138.6699981689453,138.6300048828125,138.6300048828125,6420.0
2026-08-05 14:33:00,PERI,,9.555000305175781,9.555000305175781,9.555000305175781,9.555000305175781,215.0
2026-08-05 14:33:00,PFG,,114.29499816894531,114.29499816894531,114.29499816894531,114.29499816894531,650.0
2026-08-05 14:33:00,PGEN,,6.835000038146973,6.849999904632568,6.835000038146973,6.849999904632568,11681.0
2026-08-05 14:33:00,PGNY,,31.739999771118164,31.739999771118164,31.739999771118164,31.739999771118164,1828.0
2026-08-05 14:33:00,PGY,,21.799999237060547,21.809999465942383,21.799999237060547,21.809999465942383,12240.0
2026-08-05 14:33:00,PHVS,,33.459999084472656,33.5099983215332,33.45000076293945,33.5,3515.0
2026-08-05 14:33:00,PLBC,,61.349998474121094,61.349998474121094,61.349998474121094,61.349998474121094,384.0
2026-08-05 14:33:00,PLPC,,471.8800048828125,471.8800048828125,471.8800048828125,471.8800048828125,187.0
2026-08-05 14:33:00,PLSE,,37.5,37.5,37.45500183105469,37.47999954223633,3517.0
2026-08-05 14:33:00,PLTK,,3.890000104904175,3.890000104904175,3.890000104904175,3.890000104904175,745.0
2026-08-05 14:33:00,PLUG,,2.079900026321411,2.0875000953674316,2.069999933242798,2.0875000953674316,294652.0
2026-08-05 14:33:00,PMVP,,1.1799999475479126,1.1799999475479126,1.1799999475479126,1.1799999475479126,200.0
2026-08-05 14:33:00,PNBK,,1.1299999952316284,1.1299999952316284,1.1299999952316284,1.1299999952316284,300.0
2026-08-05 14:33:00,PNFP,,107.98500061035156,107.98500061035156,107.93000030517578,107.94000244140625,1017.0
2026-08-05 14:33:00,PNTG,,38.65999984741211,38.65999984741211,38.65999984741211,38.65999984741211,713.0
2026-08-05 14:33:00,POET,,8.234999656677246,8.234999656677246,8.220000267028809,8.225000381469727,6024.0
2026-08-05 14:33:00,POOL,,205.49000549316406,205.49000549316406,205.3000030517578,205.49000549316406,946.0
2026-08-05 14:33:00,POWL,,210.86000061035156,211.07000732421875,210.7550048828125,210.7550048828125,1819.0
2026-08-05 14:33:00,PPC,,26.489999771118164,26.489999771118164,26.489999771118164,26.489999771118164,1357.0
2026-08-05 14:33:00,PPTA,,22.420000076293945,22.420000076293945,22.40999984741211,22.40999984741211,1347.0
2026-08-05 14:33:00,PRAX,,317.1199951171875,317.6600036621094,317.1199951171875,317.6600036621094,1372.0
2026-08-05 14:33:00,PRCH,,15.739999771118164,15.75,15.739999771118164,15.75,1029.0
2026-08-05 14:33:00,PRCT,,19.239999771118164,19.239999771118164,19.219999313354492,19.229999542236328,6245.0
2026-08-05 14:33:00,PRDO,,32.83000183105469,32.86000061035156,32.83000183105469,32.86000061035156,1846.0
2026-08-05 14:33:00,PRIM,,84.97000122070312,85.0199966430664,84.94000244140625,85.0199966430664,2245.0
2026-08-05 14:33:00,PRME,,3.0546998977661133,3.059999942779541,3.0546998977661133,3.059999942779541,7863.0
2026-08-05 14:33:00,PROK,,1.6349999904632568,1.6399999856948853,1.6349999904632568,1.6399999856948853,14581.0
2026-08-05 14:33:00,PRQR,,1.9550000429153442,1.9600000381469727,1.9550000429153442,1.9600000381469727,2622.0
2026-08-05 14:33:00,PRSO,,0.6970999836921692,0.6970999836921692,0.6970999836921692,0.6970999836921692,1850.0
2026-08-05 14:33:00,PRTA,,8.484999656677246,8.494999885559082,8.484999656677246,8.494999885559082,2357.0
2026-08-05 14:33:00,PSEC,,2.1891000270843506,2.1891000270843506,2.1891000270843506,2.1891000270843506,2166.0
2026-08-05 14:33:00,PSMT,,189.08999633789062,189.3699951171875,189.08999633789062,189.3000030517578,2574.0
2026-08-05 14:33:00,PSNL,,13.510000228881836,13.510000228881836,13.510000228881836,13.510000228881836,573.0
2026-08-05 14:33:00,PSNY,,14.21500015258789,14.21500015258789,14.21500015258789,14.21500015258789,173.0
2026-08-05 14:33:00,PTC,,140.05999755859375,140.0800018310547,140.05999755859375,140.05999755859375,2592.0
2026-08-05 14:33:00,PTCT,,68.8499984741211,68.94999694824219,68.84500122070312,68.94999694824219,1571.0
2026-08-05 14:33:00,PTEN,,9.78499984741211,9.78499984741211,9.770000457763672,9.774999618530273,40183.0
2026-08-05 14:33:00,PTON,,6.474999904632568,6.474999904632568,6.46999979019165,6.470099925994873,11907.0
2026-08-05 14:33:00,PUBM,,13.40999984741211,13.40999984741211,13.40999984741211,13.40999984741211,1533.0
2026-08-05 14:33:00,PYPD,,4.545000076293945,4.571000099182129,4.545000076293945,4.571000099182129,3639.0
2026-08-05 14:33:00,PYPL,,58.12699890136719,58.150001525878906,58.125,58.150001525878906,4288.0
2026-08-05 14:33:00,PYXS,,3.108299970626831,3.1198999881744385,3.108299970626831,3.1198999881744385,6623.0
2026-08-05 14:33:00,PZZA,,30.0,30.0,30.0,30.0,675.0
2026-08-05 14:33:00,QCOM,,157.85000610351562,157.85000610351562,157.75999450683594,157.75999450683594,6773.0
2026-08-05 14:33:00,QCRH,,105.37999725341797,105.37999725341797,105.36000061035156,105.36000061035156,1190.0
2026-08-05 14:33:00,QFIN,,13.175000190734863,13.175000190734863,13.175000190734863,13.175000190734863,2193.0
2026-08-05 14:33:00,QRVO,,94.72000122070312,94.73999786376953,94.6500015258789,94.6500015258789,7337.0
2026-08-05 14:33:00,SEED,,1.0299999713897705,1.0399999618530273,1.0199999809265137,1.0199999809265137,1100.0
2026-08-05 14:33:00,STIM,,2.234999895095825,2.240000009536743,2.234999895095825,2.240000009536743,22890.0
2026-08-05 14:33:00,TARA,,4.010000228881836,4.010000228881836,4.010000228881836,4.010000228881836,4016.0
2026-08-05 14:33:00,WOOF,,2.934999942779541,2.934999942779541,2.934999942779541,2.934999942779541,1016.0
2026-08-05 14:34:00,ACDC,,4.460000038146973,4.474999904632568,4.454999923706055,4.46999979019165,23469.0
2026-08-05 14:34:00,BPOP,,177.08999633789062,177.08999633789062,177.08999633789062,177.08999633789062,636.0
2026-08-05 14:34:00,CASH,,89.26499938964844,89.33999633789062,89.26499938964844,89.33999633789062,1019.0
2026-08-05 14:34:00,CNXN,,86.0,86.0,86.0,86.0,158.0
2026-08-05 14:34:00,CPOP,,0.35350000858306885,0.35350000858306885,0.353300005197525,0.353300005197525,10400.0
2026-08-05 14:34:00,DTIL,,7.46999979019165,7.46999979019165,7.46999979019165,7.46999979019165,1499.0
2026-08-05 14:34:00,EYE,,22.940000534057617,22.94499969482422,22.934999465942383,22.934999465942383,3004.0
2026-08-05 14:34:00,FIZZ,,32.150001525878906,32.150001525878906,32.150001525878906,32.150001525878906,880.0
2026-08-05 14:34:00,FRST,,16.479999542236328,16.479999542236328,16.469999313354492,16.479999542236328,4625.0
2026-08-05 14:34:00,MBRX,,0.4004000127315521,0.40059998631477356,0.4004000127315521,0.40059998631477356,541.0
2026-08-05 14:34:00,MDB,,375.239990234375,375.239990234375,374.82501220703125,374.8299865722656,2753.0
2026-08-05 14:34:00,MDLZ,,62.529998779296875,62.56999969482422,62.529998779296875,62.56999969482422,13421.0
2026-08-05 14:34:00,MNPR,,118.62999725341797,118.62999725341797,118.62999725341797,118.62999725341797,252.0
2026-08-05 14:34:00,MNRO,,13.114999771118164,13.114999771118164,13.114999771118164,13.114999771118164,711.0
2026-08-05 14:34:00,MNST,,94.76499938964844,94.80000305175781,94.76499938964844,94.80000305175781,5023.0
2026-08-05 14:34:00,MNTS,,4.260000228881836,4.260000228881836,4.25,4.25,8187.0
2026-08-05 14:34:00,MNTSW,,0.00419999985024333,0.00419999985024333,0.00419999985024333,0.00419999985024333,9964.0
2026-08-05 14:34:00,MORN,,198.13499450683594,198.13499450683594,198.13499450683594,198.13499450683594,164.0
2026-08-05 14:34:00,MPWR,,1339.9949951171875,1340.300048828125,1339.3299560546875,1339.3699951171875,357.0
2026-08-05 14:34:00,MRNA,,56.45989990234375,56.490501403808594,56.439998626708984,56.4900016784668,5399.0
2026-08-05 14:34:00,MYGN,,3.1649999618530273,3.1649999618530273,3.1649999618530273,3.1649999618530273,1155.0
2026-08-05 14:34:00,MYRG,,340.31500244140625,340.31500244140625,340.31500244140625,340.31500244140625,282.0
2026-08-05 14:34:00,NAMS,,27.309999465942383,27.420000076293945,27.309999465942383,27.40999984741211,2864.0
2026-08-05 14:34:00,NAUT,,0.9387000203132629,0.9387000203132629,0.9387000203132629,0.9387000203132629,834.0
2026-08-05 14:34:00,NAVI,,9.119999885559082,9.119999885559082,9.118000030517578,9.118000030517578,1634.0
2026-08-05 14:34:00,NB,,5.09499979019165,5.09499979019165,5.09499979019165,5.09499979019165,904.0
2026-08-05 14:34:00,NBIX,,162.6300048828125,162.6300048828125,162.56500244140625,162.56500244140625,1041.0
2026-08-05 14:34:00,NDAQ,,94.98999786376953,95.05999755859375,94.98999786376953,95.05999755859375,3185.0
2026-08-05 14:34:00,NDSN,,310.5450134277344,310.54998779296875,310.5450134277344,310.54998779296875,267.0
2026-08-05 14:34:00,NEO,,15.989999771118164,15.989999771118164,15.979999542236328,15.989999771118164,4464.0
2026-08-05 14:34:00,NEOG,,11.595000267028809,11.600000381469727,11.595000267028809,11.600000381469727,1555.0
2026-08-05 14:34:00,NEOV,,2.799999952316284,2.799999952316284,2.799999952316284,2.799999952316284,343.0
2026-08-05 14:34:00,NFE,,0.3375999927520752,0.3402999937534332,0.3375999927520752,0.3402999937534332,425.0
2026-08-05 14:34:00,NFLX,,73.45500183105469,73.4800033569336,73.44999694824219,73.4800033569336,29187.0
2026-08-05 14:34:00,NGNE,,35.29499816894531,35.29499816894531,35.29499816894531,35.29499816894531,317.0
2026-08-05 14:34:00,NICE,,99.24430084228516,99.24430084228516,99.24430084228516,99.24430084228516,136.0
2026-08-05 14:34:00,NKTR,,72.52999877929688,72.65499877929688,72.52999877929688,72.65499877929688,513.0
2026-08-05 14:34:00,NKTX,,2.2049999237060547,2.2049999237060547,2.2049999237060547,2.2049999237060547,217.0
2026-08-05 14:34:00,NMFC,,7.329999923706055,7.330999851226807,7.329999923706055,7.330999851226807,623.0
2026-08-05 14:34:00,NMRA,,1.6050000190734863,1.6050000190734863,1.6050000190734863,1.6050000190734863,300.0
2026-08-05 14:34:00,NMRK,,15.6850004196167,15.6850004196167,15.6850004196167,15.6850004196167,284.0
2026-08-05 14:34:00,NMTC,,1.6328999996185303,1.649999976158142,1.6328999996185303,1.649999976158142,1077.0
2026-08-05 14:34:00,NN,,14.479999542236328,14.5,14.479999542236328,14.5,6371.0
2026-08-05 14:34:00,NNBR,,3.859999895095825,3.859999895095825,3.850100040435791,3.8550000190734863,2021.0
2026-08-05 14:34:00,NNDM,,1.5449999570846558,1.5449999570846558,1.5449999570846558,1.5449999570846558,805.0
2026-08-05 14:34:00,NNOX,,1.0049999952316284,1.0049999952316284,1.0049999952316284,1.0049999952316284,446.0
2026-08-05 14:34:00,NOVT,,155.27999877929688,155.50999450683594,155.27999877929688,155.50999450683594,826.0
2026-08-05 14:34:00,NPCE,,13.734999656677246,13.734999656677246,13.734999656677246,13.734999656677246,418.0
2026-08-05 14:34:00,NRDS,,9.079999923706055,9.079999923706055,9.079999923706055,9.079999923706055,494.0
2026-08-05 14:34:00,NRIX,,24.774999618530273,24.795000076293945,24.774999618530273,24.795000076293945,1692.0
2026-08-05 14:34:00,NRXP,,3.0799999237060547,3.0799999237060547,3.0799999237060547,3.0799999237060547,301.0
2026-08-05 14:34:00,NSSC,,40.345001220703125,40.345001220703125,40.345001220703125,40.345001220703125,1079.0
2026-08-05 14:34:00,NTAP,,188.5050048828125,188.5050048828125,188.17999267578125,188.2100067138672,13693.0
2026-08-05 14:34:00,NTCT,,41.70500183105469,41.779998779296875,41.70500183105469,41.779998779296875,807.0
2026-08-05 14:34:00,NTES,,127.48999786376953,127.48999786376953,127.48999786376953,127.48999786376953,195.0
2026-08-05 14:34:00,NTNX,,60.95000076293945,60.959999084472656,60.94499969482422,60.95000076293945,3797.0
2026-08-05 14:34:00,NTRA,,273.6000061035156,273.6000061035156,273.6000061035156,273.6000061035156,2234.0
2026-08-05 14:34:00,NTRS,,184.30999755859375,184.3699951171875,184.30999755859375,184.3699951171875,4626.0
2026-08-05 14:34:00,NVAX,,7.559999942779541,7.559999942779541,7.559999942779541,7.559999942779541,3433.0
2026-08-05 14:34:00,NVCR,,16.06999969482422,16.06999969482422,16.06999969482422,16.06999969482422,870.0
2026-08-05 14:34:00,NVDA,,221.5438995361328,221.5574951171875,221.30999755859375,221.36000061035156,157464.0
2026-08-05 14:34:00,NVEC,,128.7801055908203,128.7801055908203,128.7801055908203,128.7801055908203,701.0
2026-08-05 14:34:00,NVMI,,405.75,406.1000061035156,405.75,406.05999755859375,824.0
2026-08-05 14:34:00,NVTS,,12.360199928283691,12.375,12.354999542236328,12.354999542236328,8409.0
2026-08-05 14:34:00,NWL,,6.210000038146973,6.224999904632568,6.210000038146973,6.215000152587891,34432.0
2026-08-05 14:34:00,NWS,,32.314998626708984,32.314998626708984,32.314998626708984,32.314998626708984,416.0
2026-08-05 14:34:00,NWSA,,28.299999237060547,28.30500030517578,28.299999237060547,28.30500030517578,631.0
2026-08-05 14:34:00,NXPI,,231.0800018310547,231.08999633789062,230.9199981689453,231.0500030517578,4243.0
2026-08-05 14:34:00,NXST,,191.79510498046875,191.79510498046875,191.79510498046875,191.79510498046875,511.0
2026-08-05 14:34:00,NXT,,98.68499755859375,98.68499755859375,98.63999938964844,98.63999938964844,2002.0
2026-08-05 14:34:00,OBIO,,4.215000152587891,4.215000152587891,4.215000152587891,4.215000152587891,384.0
2026-08-05 14:34:00,OCCI,,2.486299991607666,2.486299991607666,2.486299991607666,2.486299991607666,600.0
2026-08-05 14:34:00,OCSL,,12.119000434875488,12.119999885559082,12.114999771118164,12.114999771118164,1970.0
2026-08-05 14:34:00,OCUL,,8.574999809265137,8.574999809265137,8.574999809265137,8.574999809265137,1466.0
2026-08-05 14:34:00,ODD,,15.229999542236328,15.229999542236328,15.229999542236328,15.229999542236328,544.0
2026-08-05 14:34:00,ODFL,,214.06500244140625,214.10000610351562,214.0,214.0,4412.0
2026-08-05 14:34:00,OFIX,,10.475000381469727,10.505000114440918,10.420000076293945,10.420000076293945,5323.0
2026-08-05 14:34:00,OGI,,0.9520000219345093,0.9520000219345093,0.9520000219345093,0.9520000219345093,155.0
2026-08-05 14:34:00,OKTA,,148.1649932861328,148.1649932861328,148.1649932861328,148.1649932861328,322.0
2026-08-05 14:34:00,OLLI,,78.08999633789062,78.09500122070312,78.08999633789062,78.09500122070312,1705.0
2026-08-05 14:34:00,OMCL,,37.34000015258789,37.380001068115234,37.290000915527344,37.310001373291016,10353.0
2026-08-05 14:34:00,OMH,,0.11509999632835388,0.11550000309944153,0.11509999632835388,0.11550000309944153,1308.0
2026-08-05 14:34:00,ON,,77.58000183105469,77.66000366210938,77.57009887695312,77.63999938964844,24542.0
2026-08-05 14:34:00,ONB,,27.030000686645508,27.037099838256836,27.030000686645508,27.03499984741211,7693.0
2026-08-05 14:34:00,ONCY,,0.7975000143051147,0.7975000143051147,0.7975000143051147,0.7975000143051147,1200.0
2026-08-05 14:34:00,ONDS,,8.895000457763672,8.909899711608887,8.890000343322754,8.895000457763672,441853.0
2026-08-05 14:34:00,OPCH,,23.489999771118164,23.489999771118164,23.479999542236328,23.479999542236328,2249.0
2026-08-05 14:34:00,OPEN,,3.7850000858306885,3.7899999618530273,3.7799999713897705,3.7850000858306885,42074.0
2026-08-05 14:34:00,OPRA,,19.90999984741211,19.90999984741211,19.8799991607666,19.8799991607666,1801.0
2026-08-05 14:34:00,ORGO,,2.3350000381469727,2.3550000190734863,2.3350000381469727,2.3499999046325684,15446.0
2026-08-05 14:34:00,ORIC,,12.8149995803833,12.829999923706055,12.8149995803833,12.819999694824219,3436.0
2026-08-05 14:34:00,ORLY,,92.83000183105469,92.9000015258789,92.81500244140625,92.9000015258789,22401.0
2026-08-05 14:34:00,OSIS,,236.47999572753906,236.47999572753906,236.27000427246094,236.27000427246094,566.0
2026-08-05 14:34:00,OSPN,,16.5,16.5,16.489999771118164,16.5,1203.0
2026-08-05 14:34:00,OSS,,13.675000190734863,13.675000190734863,13.670000076293945,13.670000076293945,415.0
2026-08-05 14:34:00,OSUR,,4.119999885559082,4.119999885559082,4.114999771118164,4.119999885559082,7120.0
2026-08-05 14:34:00,OSW,,26.549999237060547,26.549999237060547,26.549999237060547,26.549999237060547,657.0
2026-08-05 14:34:00,OTEX,,25.860000610351562,25.860000610351562,25.860000610351562,25.860000610351562,1279.0
2026-08-05 14:34:00,OTLK,,1.0099999904632568,1.0198999643325806,1.0099999904632568,1.0198999643325806,2136.0
2026-08-05 14:34:00,OVID,,2.5850000381469727,2.5850000381469727,2.5850000381469727,2.5850000381469727,1232.0
2026-08-05 14:34:00,OXSQ,,1.5094000101089478,1.5094000101089478,1.5049999952316284,1.5049999952316284,2044.0
2026-08-05 14:34:00,PAA,,23.19499969482422,23.19499969482422,23.190000534057617,23.190000534057617,6043.0
2026-08-05 14:34:00,PAAS,,47.970001220703125,48.01900100708008,47.970001220703125,47.970001220703125,4694.0
2026-08-05 14:34:00,PACB,,1.3100999593734741,1.3100999593734741,1.309999942779541,1.309999942779541,2059.0
2026-08-05 14:34:00,PAGP,,25.170000076293945,25.170000076293945,25.170000076293945,25.170000076293945,2061.0
2026-08-05 14:34:00,PALI,,2.1050000190734863,2.1050000190734863,2.1050000190734863,2.1050000190734863,1277.0
2026-08-05 14:34:00,PANW,,365.0450134277344,365.0450134277344,365.0450134277344,365.0450134277344,1159.0
2026-08-05 14:34:00,PAX,,11.425000190734863,11.4350004196167,11.425000190734863,11.430000305175781,6398.0
2026-08-05 14:34:00,PAYO,,7.119999885559082,7.125,7.119999885559082,7.119999885559082,4660.0
2026-08-05 14:34:00,PAYX,,117.73999786376953,117.79000091552734,117.73999786376953,117.79000091552734,2735.0
2026-08-05 14:34:00,PBYI,,8.029999732971191,8.050000190734863,8.029999732971191,8.050000190734863,2584.0
2026-08-05 14:34:00,PCAR,,134.01499938964844,134.02000427246094,133.97999572753906,134.0,6326.0
2026-08-05 14:34:00,PCRX,,24.790000915527344,24.790000915527344,24.790000915527344,24.790000915527344,1288.0
2026-08-05 14:34:00,PCT,,6.945000171661377,6.945000171661377,6.945000171661377,6.945000171661377,2606.0
2026-08-05 14:34:00,PCTY,,145.375,145.375,145.3625030517578,145.375,2560.0
2026-08-05 14:34:00,PDD,,90.72000122070312,90.73999786376953,90.72000122070312,90.73999786376953,8709.0
2026-08-05 14:34:00,PDFS,,50.08000183105469,50.08000183105469,50.08000183105469,50.08000183105469,227.0
2026-08-05 14:34:00,PECO,,41.349998474121094,41.349998474121094,41.349998474121094,41.349998474121094,1344.0
2026-08-05 14:34:00,PEGA,,31.809999465942383,31.809999465942383,31.809999465942383,31.809999465942383,1022.0
2026-08-05 14:34:00,PENN,,19.75,19.760000228881836,19.75,19.75,2630.0
2026-08-05 14:34:00,PEP,,138.5800018310547,138.6300048828125,138.5800018310547,138.6300048828125,7488.0
2026-08-05 14:34:00,PERI,,9.5600004196167,9.5600004196167,9.5600004196167,9.5600004196167,668.0
2026-08-05 14:34:00,PFG,,114.2300033569336,114.26000213623047,114.2300033569336,114.26000213623047,1702.0
2026-08-05 14:34:00,PGC,,46.66999816894531,46.66999816894531,46.66999816894531,46.66999816894531,515.0
2026-08-05 14:34:00,PGEN,,6.820000171661377,6.840000152587891,6.820000171661377,6.835000038146973,15182.0
2026-08-05 14:34:00,PGY,,21.799999237060547,21.799999237060547,21.772199630737305,21.795000076293945,3533.0
2026-08-05 14:34:00,PHAT,,8.385000228881836,8.385000228881836,8.385000228881836,8.385000228881836,981.0
2026-08-05 14:34:00,PLAB,,32.099998474121094,32.099998474121094,32.099998474121094,32.099998474121094,270.0
2026-08-05 14:34:00,PLMR,,134.43499755859375,134.52999877929688,134.43499755859375,134.52999877929688,709.0
2026-08-05 14:34:00,PLPC,,471.75,471.75,471.75,471.75,1409.0
2026-08-05 14:34:00,PLTK,,3.884999990463257,3.884999990463257,3.884999990463257,3.884999990463257,1185.0
2026-08-05 14:34:00,PLUG,,2.0799999237060547,2.0799999237060547,2.075000047683716,2.0799999237060547,139859.0
2026-08-05 14:34:00,PMVP,,1.1799999475479126,1.1799999475479126,1.1799999475479126,1.1799999475479126,200.0
2026-08-05 14:34:00,PNBK,,1.1299999952316284,1.1299999952316284,1.1299999952316284,1.1299999952316284,100.0
2026-08-05 14:34:00,PNFP,,107.95500183105469,107.97750091552734,107.93000030517578,107.94000244140625,2832.0
2026-08-05 14:34:00,PNTG,,38.66999816894531,38.67499923706055,38.63999938964844,38.654998779296875,8168.0
2026-08-05 14:34:00,PODC,,3.4549999237060547,3.4549999237060547,3.400099992752075,3.400099992752075,2602.0
2026-08-05 14:34:00,POET,,8.21500015258789,8.229999542236328,8.210000038146973,8.229999542236328,11896.0
2026-08-05 14:34:00,POOL,,205.16000366210938,205.16000366210938,205.16000366210938,205.16000366210938,1957.0
2026-08-05 14:34:00,POWI,,61.8849983215332,61.8849983215332,61.86000061035156,61.86000061035156,1575.0
2026-08-05 14:34:00,POWL,,210.86000061035156,210.86000061035156,210.5301055908203,210.5301055908203,1105.0
2026-08-05 14:34:00,PPC,,26.479999542236328,26.489999771118164,26.479999542236328,26.489999771118164,1453.0
2026-08-05 14:34:00,PPTA,,22.424999237060547,22.43000030517578,22.420000076293945,22.420000076293945,1484.0
2026-08-05 14:34:00,PRAA,,17.31999969482422,17.31999969482422,17.31999969482422,17.31999969482422,413.0
2026-08-05 14:34:00,PRAX,,316.4750061035156,316.7200012207031,316.29998779296875,316.7200012207031,666.0
2026-08-05 14:34:00,PRCT,,19.290000915527344,19.290000915527344,19.219999313354492,19.239999771118164,4004.0
2026-08-05 14:34:00,PRDO,,32.83000183105469,32.83000183105469,32.83000183105469,32.83000183105469,802.0
2026-08-05 14:34:00,PRGS,,42.279998779296875,42.279998779296875,42.2599983215332,42.2599983215332,1174.0
2026-08-05 14:34:00,PRIM,,84.95500183105469,84.97000122070312,84.95500183105469,84.97000122070312,1569.0
2026-08-05 14:34:00,PRME,,3.0590999126434326,3.0590999126434326,3.055000066757202,3.055000066757202,4357.0
2026-08-05 14:34:00,PRTA,,8.484999656677246,8.484999656677246,8.484999656677246,8.484999656677246,802.0
2026-08-05 14:34:00,PRVA,,24.18000030517578,24.18000030517578,24.18000030517578,24.18000030517578,1181.0
2026-08-05 14:34:00,PSNL,,13.5,13.5,13.5,13.5,1264.0
2026-08-05 14:34:00,PTCT,,68.83999633789062,68.83999633789062,68.83999633789062,68.83999633789062,805.0
2026-08-05 14:34:00,PTEN,,9.78499984741211,9.795000076293945,9.78499984741211,9.789999961853027,9907.0
2026-08-05 14:34:00,PTON,,6.494999885559082,6.5,6.46999979019165,6.474999904632568,27614.0
2026-08-05 14:34:00,PWP,,17.459999084472656,17.469999313354492,17.459999084472656,17.459999084472656,1551.0
2026-08-05 14:34:00,PYPL,,58.125,58.125,58.11000061035156,58.119998931884766,6739.0
2026-08-05 14:34:00,PYXS,,3.118000030517578,3.118000030517578,3.118000030517578,3.118000030517578,1031.0
2026-08-05 14:34:00,PZZA,,29.899999618530273,30.0,29.899999618530273,30.0,16188.0
2026-08-05 14:34:00,QCOM,,157.72000122070312,157.8350067138672,157.72000122070312,157.82000732421875,11088.0
2026-08-05 14:34:00,QCRH,,105.3499984741211,105.3499984741211,105.3499984741211,105.3499984741211,709.0
2026-08-05 14:34:00,QFIN,,13.170000076293945,13.170000076293945,13.170000076293945,13.170000076293945,1651.0
2026-08-05 14:34:00,QRVO,,94.70500183105469,94.7699966430664,94.66999816894531,94.7300033569336,2863.0
2026-08-05 14:34:00,SEED,,1.0299999713897705,1.0299999713897705,1.0299999713897705,1.0299999713897705,400.0
2026-08-05 14:34:00,STIM,,2.2300000190734863,2.2300000190734863,2.2300000190734863,2.2300000190734863,3826.0
2026-08-05 14:34:00,TARA,,3.984999895095825,4.0,3.9800000190734863,4.0,27736.0
2026-08-05 14:34:00,WOOF,,2.934999942779541,2.934999942779541,2.930000066757202,2.930000066757202,1618.0
2026-08-05 14:35:00,ACDC,,4.460000038146973,4.460000038146973,4.460000038146973,4.460000038146973,3157.0
2026-08-05 14:35:00,CASH,,89.20999908447266,89.20999908447266,89.20999908447266,89.20999908447266,388.0
2026-08-05 14:35:00,CNXN,,86.0,86.0,85.94000244140625,85.94000244140625,538.0
2026-08-05 14:35:00,CPOP,,0.3515999913215637,0.353300005197525,0.3515999913215637,0.353300005197525,8342.0
2026-08-05 14:35:00,EYE,,22.940000534057617,22.950000762939453,22.940000534057617,22.940000534057617,1534.0
2026-08-05 14:35:00,FIZZ,,32.209999084472656,32.209999084472656,32.18000030517578,32.18000030517578,596.0
2026-08-05 14:35:00,MBRX,,0.400299996137619,0.4004000127315521,0.3968000113964081,0.3968000113964081,743.0
2026-08-05 14:35:00,MDB,,375.3399963378906,375.3999938964844,374.875,374.875,2138.0
2026-08-05 14:35:00,MDLZ,,62.529998779296875,62.540000915527344,62.525001525878906,62.53499984741211,6656.0
2026-08-05 14:35:00,MLTX,,17.56999969482422,17.56999969482422,17.549999237060547,17.549999237060547,1401.0
2026-08-05 14:35:00,MNPR,,118.12999725341797,118.19000244140625,118.06500244140625,118.19000244140625,3799.0
2026-08-05 14:35:00,MNRO,,13.119999885559082,13.119999885559082,13.114999771118164,13.114999771118164,1420.0
2026-08-05 14:35:00,MNST,,94.76000213623047,94.77010345458984,94.76000213623047,94.77010345458984,5563.0
2026-08-05 14:35:00,MNTS,,4.268199920654297,4.268199920654297,4.268199920654297,4.268199920654297,268.0
2026-08-05 14:35:00,MPWR,,1340.7900390625,1340.9200439453125,1339.199951171875,1339.2099609375,650.0
2026-08-05 14:35:00,MRNA,,56.5099983215332,56.5099983215332,56.439998626708984,56.439998626708984,5944.0
2026-08-05 14:35:00,MYGN,,3.174999952316284,3.174999952316284,3.1649999618530273,3.1700000762939453,9233.0
2026-08-05 14:35:00,MYPS,,0.7347000241279602,0.7347000241279602,0.7297000288963318,0.7297000288963318,625.0
2026-08-05 14:35:00,MYRG,,340.8599853515625,340.8599853515625,340.8599853515625,340.8599853515625,92.0
2026-08-05 14:35:00,NAMS,,27.2450008392334,27.295000076293945,27.219999313354492,27.295000076293945,1951.0
2026-08-05 14:35:00,NB,,5.090000152587891,5.090000152587891,5.090000152587891,5.090000152587891,6832.0
2026-08-05 14:35:00,NBIX,,162.69000244140625,162.69000244140625,162.55999755859375,162.56260681152344,4555.0
2026-08-05 14:35:00,NDAQ,,94.98500061035156,95.01000213623047,94.95999908447266,94.95999908447266,1631.0
2026-08-05 14:35:00,NDLS,,17.8700008392334,17.8700008392334,17.8700008392334,17.8700008392334,312.0
2026-08-05 14:35:00,NDSN,,310.5400085449219,310.54998779296875,310.5400085449219,310.54998779296875,286.0
2026-08-05 14:35:00,NECB,,27.260000228881836,27.260000228881836,27.260000228881836,27.260000228881836,828.0
2026-08-05 14:35:00,NEO,,15.979999542236328,15.979999542236328,15.979999542236328,15.979999542236328,2751.0
2026-08-05 14:35:00,NEOG,,11.59000015258789,11.600000381469727,11.59000015258789,11.600000381469727,4762.0
2026-08-05 14:35:00,NEOV,,2.799999952316284,2.799999952316284,2.799999952316284,2.799999952316284,114.0
2026-08-05 14:35:00,NESR,,28.610000610351562,28.610000610351562,28.600000381469727,28.600000381469727,2642.0
2026-08-05 14:35:00,NEXT,,6.454999923706055,6.454999923706055,6.454999923706055,6.454999923706055,1498.0
2026-08-05 14:35:00,NFE,,0.3377000093460083,0.3377000093460083,0.3377000093460083,0.3377000093460083,200.0
2026-08-05 14:35:00,NFLX,,73.46499633789062,73.4800033569336,73.45500183105469,73.45500183105469,48993.0
2026-08-05 14:35:00,NGNE,,35.369998931884766,35.369998931884766,35.369998931884766,35.369998931884766,477.0
2026-08-05 14:35:00,NICE,,99.23999786376953,99.25,99.23999786376953,99.25,468.0
2026-08-05 14:35:00,NKTR,,72.52999877929688,72.52999877929688,72.52999877929688,72.52999877929688,389.0
2026-08-05 14:35:00,NKTX,,2.2049999237060547,2.2049999237060547,2.200000047683716,2.2049999237060547,1420.0
2026-08-05 14:35:00,NMFC,,7.329999923706055,7.329999923706055,7.329999923706055,7.329999923706055,324.0
2026-08-05 14:35:00,NMIH,,44.59000015258789,44.599998474121094,44.58000183105469,44.58000183105469,2612.0
2026-08-05 14:35:00,NMRA,,1.6050000190734863,1.6050000190734863,1.6050000190734863,1.6050000190734863,102.0
2026-08-05 14:35:00,NMRK,,15.6850004196167,15.6850004196167,15.6850004196167,15.6850004196167,224.0
2026-08-05 14:35:00,NN,,14.494999885559082,14.494999885559082,14.494999885559082,14.494999885559082,803.0
2026-08-05 14:35:00,NNBR,,3.8550000190734863,3.8550000190734863,3.8550000190734863,3.8550000190734863,196.0
2026-08-05 14:35:00,NNDM,,1.5399999618530273,1.5449999570846558,1.5399999618530273,1.5449999570846558,560.0
2026-08-05 14:35:00,NNOX,,1.0099999904632568,1.0099999904632568,1.0,1.0049999952316284,8934.0
2026-08-05 14:35:00,NRC,,19.670000076293945,19.690000534057617,19.670000076293945,19.690000534057617,1427.0
2026-08-05 14:35:00,NRIX,,24.790000915527344,24.790000915527344,24.790000915527344,24.790000915527344,1442.0
2026-08-05 14:35:00,NRXP,,3.075000047683716,3.075000047683716,3.075000047683716,3.075000047683716,231.0
2026-08-05 14:35:00,NSSC,,40.36000061035156,40.36000061035156,40.36000061035156,40.36000061035156,1524.0
2026-08-05 14:35:00,NTAP,,188.6999969482422,188.6999969482422,188.66000366210938,188.66000366210938,2917.0
2026-08-05 14:35:00,NTES,,127.55999755859375,127.55999755859375,127.55999755859375,127.55999755859375,468.0
2026-08-05 14:35:00,NTNX,,60.970001220703125,60.994998931884766,60.95000076293945,60.95000076293945,5388.0
2026-08-05 14:35:00,NTRS,,184.34500122070312,184.34500122070312,184.34500122070312,184.34500122070312,1231.0
2026-08-05 14:35:00,NVCR,,16.05500030517578,16.05500030517578,16.05500030517578,16.05500030517578,419.0
2026-08-05 14:35:00,NVDA,,221.69650268554688,221.6999969482422,221.52999877929688,221.69650268554688,241004.0
2026-08-05 14:35:00,NVMI,,406.5,406.5,406.5,406.5,121.0
2026-08-05 14:35:00,NVTS,,12.382699966430664,12.382699966430664,12.354999542236328,12.354999542236328,11381.0
2026-08-05 14:35:00,NWL,,6.223899841308594,6.224999904632568,6.210000038146973,6.215000152587891,39482.0
2026-08-05 14:35:00,NWPX,,127.55999755859375,127.83499908447266,127.55999755859375,127.55999755859375,1918.0
2026-08-05 14:35:00,NWS,,32.334999084472656,32.334999084472656,32.31999969482422,32.31999969482422,2232.0
2026-08-05 14:35:00,NWSA,,28.31999969482422,28.31999969482422,28.30500030517578,28.30500030517578,6325.0
2026-08-05 14:35:00,NXPI,,231.3000030517578,231.33999633789062,230.92999267578125,230.94000244140625,5379.0
2026-08-05 14:35:00,NXST,,192.0399932861328,192.0399932861328,192.0399932861328,192.0399932861328,418.0
2026-08-05 14:35:00,NXT,,98.9000015258789,98.9000015258789,98.7125015258789,98.71499633789062,4407.0
2026-08-05 14:35:00,OCCI,,2.4834001064300537,2.4834001064300537,2.4834001064300537,2.4834001064300537,554.0
2026-08-05 14:35:00,OCFC,,19.905000686645508,19.905000686645508,19.905000686645508,19.905000686645508,1134.0
2026-08-05 14:35:00,OCGN,,1.284999966621399,1.284999966621399,1.284999966621399,1.284999966621399,704.0
2026-08-05 14:35:00,OCUL,,8.574999809265137,8.574999809265137,8.5649995803833,8.5649995803833,1451.0
2026-08-05 14:35:00,ODD,,15.265000343322754,15.265000343322754,15.265000343322754,15.265000343322754,1090.0
2026-08-05 14:35:00,ODFL,,214.11000061035156,214.11500549316406,214.11000061035156,214.11500549316406,886.0
2026-08-05 14:35:00,OFIX,,10.475000381469727,10.475000381469727,10.475000381469727,10.475000381469727,1622.0
2026-08-05 14:35:00,OKTA,,148.1649932861328,148.19000244140625,148.16000366210938,148.16000366210938,723.0
2026-08-05 14:35:00,OLLI,,78.08999633789062,78.08999633789062,78.08999633789062,78.08999633789062,763.0
2026-08-05 14:35:00,OLMA,,11.520000457763672,11.520000457763672,11.520000457763672,11.520000457763672,2550.0
2026-08-05 14:35:00,OMER,,12.8100004196167,12.8100004196167,12.805000305175781,12.805000305175781,610.0
2026-08-05 14:35:00,OMH,,0.11599999666213989,0.11599999666213989,0.11599999666213989,0.11599999666213989,28809.0
2026-08-05 14:35:00,ON,,77.6875,77.69499969482422,77.54499816894531,77.54499816894531,16415.0
2026-08-05 14:35:00,ONB,,27.03179931640625,27.03499984741211,27.030000686645508,27.030000686645508,6715.0
2026-08-05 14:35:00,ONDS,,8.899999618530273,8.919899940490723,8.890000343322754,8.895000457763672,212826.0
2026-08-05 14:35:00,ONFO,,0.07349999994039536,0.07349999994039536,0.07289999723434448,0.07289999723434448,18803.0
2026-08-05 14:35:00,OPBK,,15.819999694824219,15.819999694824219,15.819999694824219,15.819999694824219,1144.0
2026-08-05 14:35:00,OPCH,,23.4950008392334,23.5,23.485000610351562,23.485000610351562,3362.0
2026-08-05 14:35:00,OPEN,,3.7899999618530273,3.799999952316284,3.7799999713897705,3.7899999618530273,79359.0
2026-08-05 14:35:00,OPK,,1.315000057220459,1.315000057220459,1.315000057220459,1.315000057220459,1554.0
2026-08-05 14:35:00,OPRT,,6.110000133514404,6.110000133514404,6.110000133514404,6.110000133514404,512.0
2026-08-05 14:35:00,OPRX,,6.960000038146973,6.960000038146973,6.940000057220459,6.940000057220459,1256.0
2026-08-05 14:35:00,ORIC,,12.859999656677246,12.869999885559082,12.819999694824219,12.82800006866455,6085.0
2026-08-05 14:35:00,ORLY,,92.83000183105469,92.87000274658203,92.81999969482422,92.81999969482422,7060.0
2026-08-05 14:35:00,ORMP,,4.380000114440918,4.380000114440918,4.380000114440918,4.380000114440918,820.0
2026-08-05 14:35:00,OSS,,13.710000038146973,13.729999542236328,13.680000305175781,13.680000305175781,5672.0
2026-08-05 14:35:00,OSUR,,4.119999885559082,4.119999885559082,4.119999885559082,4.119999885559082,134.0
2026-08-05 14:35:00,OTEX,,25.84000015258789,25.854999542236328,25.825000762939453,25.854999542236328,5050.0
2026-08-05 14:35:00,OTLK,,1.0099999904632568,1.0155999660491943,1.0099999904632568,1.0155999660491943,1111.0
2026-08-05 14:35:00,OXLC,,9.172200202941895,9.172200202941895,9.172200202941895,9.172200202941895,465.0
2026-08-05 14:35:00,OXSQ,,1.5019999742507935,1.5049999952316284,1.5,1.5049999952316284,3450.0
2026-08-05 14:35:00,PAA,,23.190000534057617,23.190000534057617,23.190000534057617,23.190000534057617,1054.0
2026-08-05 14:35:00,PAAS,,48.0099983215332,48.0099983215332,47.97999954223633,47.97999954223633,4956.0
2026-08-05 14:35:00,PACB,,1.3100999593734741,1.3100999593734741,1.309999942779541,1.309999942779541,4406.0
2026-08-05 14:35:00,PALI,,2.1050000190734863,2.1050000190734863,2.1050000190734863,2.1050000190734863,508.0
2026-08-05 14:35:00,PANW,,364.80999755859375,365.06500244140625,364.7900085449219,364.8999938964844,6494.0
2026-08-05 14:35:00,PATK,,87.87000274658203,87.87000274658203,87.86000061035156,87.86000061035156,493.0
2026-08-05 14:35:00,PAYO,,7.125,7.125,7.125,7.125,1050.0
2026-08-05 14:35:00,PAYX,,117.75,117.77999877929688,117.73999786376953,117.75,2919.0
2026-08-05 14:35:00,PCAR,,133.99000549316406,134.05999755859375,133.99000549316406,134.05999755859375,1181.0
2026-08-05 14:35:00,PCRX,,24.799999237060547,24.799999237060547,24.75,24.75,2385.0
2026-08-05 14:35:00,PCT,,6.945000171661377,6.949999809265137,6.945000171661377,6.945000171661377,2886.0
2026-08-05 14:35:00,PCTY,,145.21499633789062,145.36500549316406,145.21499633789062,145.36500549316406,2748.0
2026-08-05 14:35:00,PDD,,90.73999786376953,90.73999786376953,90.72000122070312,90.7249984741211,4178.0
2026-08-05 14:35:00,PDFS,,50.01499938964844,50.01499938964844,50.0,50.0,2279.0
2026-08-05 14:35:00,PECO,,41.36000061035156,41.36000061035156,41.35499954223633,41.35499954223633,1738.0
2026-08-05 14:35:00,PEGA,,31.815000534057617,31.815000534057617,31.809999465942383,31.809999465942383,2075.0
2026-08-05 14:35:00,PENN,,19.719999313354492,19.760000228881836,19.719999313354492,19.760000228881836,4271.0
2026-08-05 14:35:00,PEP,,138.57000732421875,138.6199951171875,138.57000732421875,138.61000061035156,3169.0
2026-08-05 14:35:00,PFG,,114.2699966430664,114.2699966430664,114.26000213623047,114.26000213623047,691.0
2026-08-05 14:35:00,PGEN,,6.835000038146973,6.835000038146973,6.809999942779541,6.824999809265137,11175.0
2026-08-05 14:35:00,PGY,,21.799999237060547,21.799999237060547,21.790000915527344,21.790000915527344,3719.0
2026-08-05 14:35:00,PHAT,,8.380000114440918,8.385000228881836,8.369999885559082,8.385000228881836,4414.0
2026-08-05 14:35:00,PHVS,,33.459999084472656,33.46500015258789,33.459999084472656,33.459999084472656,1253.0
2026-08-05 14:35:00,PLAB,,32.10499954223633,32.11000061035156,32.084999084472656,32.084999084472656,4008.0
2026-08-05 14:35:00,PLBY,,1.1649999618530273,1.1649999618530273,1.1649999618530273,1.1649999618530273,355.0
2026-08-05 14:35:00,PLMR,,134.6699981689453,134.75,134.4199981689453,134.43499755859375,4204.0
2026-08-05 14:35:00,PLTK,,3.880000114440918,3.884999990463257,3.880000114440918,3.884999990463257,1901.0
2026-08-05 14:35:00,PLUG,,2.0799999237060547,2.0799999237060547,2.069999933242798,2.079900026321411,89704.0
2026-08-05 14:35:00,PLXS,,275.0299987792969,275.0299987792969,275.0299987792969,275.0299987792969,1313.0
2026-08-05 14:35:00,PMVP,,1.1799999475479126,1.1799999475479126,1.1799999475479126,1.1799999475479126,600.0
2026-08-05 14:35:00,PNBK,,1.1299999952316284,1.1299999952316284,1.1299999952316284,1.1299999952316284,100.0
2026-08-05 14:35:00,PNTG,,38.689998626708984,38.689998626708984,38.689998626708984,38.689998626708984,421.0
2026-08-05 14:35:00,POET,,8.225000381469727,8.225000381469727,8.21500015258789,8.21500015258789,16293.0
2026-08-05 14:35:00,POWI,,61.8849983215332,61.8849983215332,61.8849983215332,61.8849983215332,1193.0
2026-08-05 14:35:00,POWL,,210.7949981689453,211.11000061035156,210.5399932861328,210.8249969482422,4147.0
2026-08-05 14:35:00,PPC,,26.469999313354492,26.475000381469727,26.469999313354492,26.475000381469727,832.0
2026-08-05 14:35:00,PPIH,,25.895000457763672,25.895000457763672,25.895000457763672,25.895000457763672,332.0
2026-08-05 14:35:00,PPTA,,22.43000030517578,22.43000030517578,22.43000030517578,22.43000030517578,328.0
2026-08-05 14:35:00,PRAX,,316.67999267578125,316.67999267578125,316.67999267578125,316.67999267578125,811.0
2026-08-05 14:35:00,PRCH,,15.75,15.75,15.75,15.75,1058.0
2026-08-05 14:35:00,PRCT,,19.229999542236328,19.280000686645508,19.209999084472656,19.270000457763672,7639.0
2026-08-05 14:35:00,PRDO,,32.834999084472656,32.834999084472656,32.834999084472656,32.834999084472656,4780.0
2026-08-05 14:35:00,PRE,,18.200000762939453,18.309999465942383,18.200000762939453,18.290000915527344,4205.0
2026-08-05 14:35:00,PRGS,,42.290000915527344,42.290000915527344,42.279998779296875,42.279998779296875,2307.0
2026-08-05 14:35:00,PRIM,,84.95500183105469,84.95999908447266,84.94999694824219,84.94999694824219,900.0
2026-08-05 14:35:00,PRME,,3.053299903869629,3.053299903869629,3.053299903869629,3.053299903869629,3351.0
2026-08-05 14:35:00,PROF,,8.039999961853027,8.100000381469727,8.024999618530273,8.024999618530273,6211.0
2026-08-05 14:35:00,PRQR,,1.9550000429153442,1.9550000429153442,1.9550000429153442,1.9550000429153442,564.0
2026-08-05 14:35:00,PRTA,,8.479999542236328,8.479999542236328,8.479999542236328,8.479999542236328,324.0
2026-08-05 14:35:00,PRVA,,24.18000030517578,24.184999465942383,24.174999237060547,24.18000030517578,1972.0
2026-08-05 14:35:00,PSEC,,2.184999942779541,2.184999942779541,2.184999942779541,2.184999942779541,550.0
2026-08-05 14:35:00,PSMT,,188.86000061035156,188.9600067138672,188.86000061035156,188.9600067138672,875.0
2026-08-05 14:35:00,PSNL,,13.510000228881836,13.510000228881836,13.494999885559082,13.494999885559082,3227.0
2026-08-05 14:35:00,PTCT,,68.83999633789062,68.84500122070312,68.80999755859375,68.83999633789062,1942.0
2026-08-05 14:35:00,PTEN,,9.795000076293945,9.795000076293945,9.789899826049805,9.789999961853027,7472.0
2026-08-05 14:35:00,PTGX,,136.0399932861328,136.14999389648438,135.96499633789062,135.96499633789062,2582.0
2026-08-05 14:35:00,PTON,,6.494999885559082,6.494999885559082,6.494999885559082,6.494999885559082,3724.0
2026-08-05 14:35:00,PWP,,17.459999084472656,17.459999084472656,17.459999084472656,17.459999084472656,221.0
2026-08-05 14:35:00,PXLW,,6.2357001304626465,6.2357001304626465,6.2357001304626465,6.2357001304626465,844.0
2026-08-05 14:35:00,PYPL,,58.119998931884766,58.1349983215332,58.119998931884766,58.130001068115234,3940.0
2026-08-05 14:35:00,PZZA,,29.950000762939453,29.950000762939453,29.889999389648438,29.889999389648438,8696.0
2026-08-05 14:35:00,QCOM,,157.9199981689453,157.9199981689453,157.6300048828125,157.66000366210938,9196.0
2026-08-05 14:35:00,QRVO,,94.7699966430664,94.7699966430664,94.62999725341797,94.62999725341797,2604.0
2026-08-05 14:35:00,SEED,,1.0299999713897705,1.0299999713897705,1.0299999713897705,1.0299999713897705,400.0
2026-08-05 14:35:00,TARA,,3.984999895095825,3.984999895095825,3.984999895095825,3.984999895095825,1121.0
2026-08-05 14:35:00,WOOF,,2.934999942779541,2.934999942779541,2.934999942779541,2.934999942779541,3424.0
2026-08-05 14:36:00,ACDC,,4.46999979019165,4.46999979019165,4.465000152587891,4.465000152587891,1156.0
2026-08-05 14:36:00,CPOP,,0.34689998626708984,0.35019999742507935,0.3450999855995178,0.35019999742507935,7592.0
2026-08-05 14:36:00,EYE,,22.950000762939453,22.950000762939453,22.940000534057617,22.940000534057617,1003.0
2026-08-05 14:36:00,FIZZ,,32.19499969482422,32.19499969482422,32.19499969482422,32.19499969482422,1059.0
2026-08-05 14:36:00,GLUE,,15.479999542236328,15.489999771118164,15.479999542236328,15.489999771118164,1174.0
2026-08-05 14:36:00,MBRX,,0.4000999927520752,0.4000999927520752,0.4000999927520752,0.4000999927520752,200.0
2026-08-05 14:36:00,MCRI,,122.90750122070312,122.90750122070312,122.90750122070312,122.90750122070312,512.0
2026-08-05 14:36:00,MDB,,375.0199890136719,375.1199951171875,374.8399963378906,375.1199951171875,446.0
2026-08-05 14:36:00,MDLZ,,62.54499816894531,62.54999923706055,62.5099983215332,62.525001525878906,19697.0
2026-08-05 14:36:00,MNST,,94.75,94.75920104980469,94.73999786376953,94.73999786376953,4108.0
2026-08-05 14:36:00,MNTK,,1.6749999523162842,1.6799999475479126,1.6749999523162842,1.6799999475479126,3067.0
2026-08-05 14:36:00,MORN,,198.02499389648438,198.02499389648438,197.6800994873047,197.6800994873047,1400.0
2026-08-05 14:36:00,MPWR,,1342.9100341796875,1342.9150390625,1340.68994140625,1340.68994140625,827.0
2026-08-05 14:36:00,MRNA,,56.57500076293945,56.58000183105469,56.52000045776367,56.52000045776367,3343.0
2026-08-05 14:36:00,MYGN,,3.1600000858306885,3.1700000762939453,3.1600000858306885,3.1700000762939453,9710.0
2026-08-05 14:36:00,MYPS,,0.7286999821662903,0.7286999821662903,0.7286999821662903,0.7286999821662903,200.0
2026-08-05 14:36:00,MYRG,,340.42498779296875,340.42498779296875,340.42498779296875,340.42498779296875,292.0
2026-08-05 14:36:00,NAMS,,27.295000076293945,27.315000534057617,27.260000228881836,27.260000228881836,2955.0
2026-08-05 14:36:00,NAUT,,0.9386000037193298,0.9397000074386597,0.9386000037193298,0.9397000074386597,347.0
2026-08-05 14:36:00,NBIX,,162.6999969482422,162.6999969482422,162.6999969482422,162.6999969482422,1217.0
2026-08-05 14:36:00,NBTB,,53.37089920043945,53.37089920043945,53.369998931884766,53.369998931884766,778.0
2026-08-05 14:36:00,NDAQ,,94.97000122070312,95.0,94.94999694824219,95.0,2222.0
2026-08-05 14:36:00,NDSN,,310.5299987792969,310.57000732421875,310.5299987792969,310.57000732421875,464.0
2026-08-05 14:36:00,NEGG,,16.840099334716797,16.969999313354492,16.840099334716797,16.969999313354492,310.0
2026-08-05 14:36:00,NEO,,15.989999771118164,15.996700286865234,15.979999542236328,15.979999542236328,3925.0
2026-08-05 14:36:00,NEOG,,11.585000038146973,11.59000015258789,11.585000038146973,11.59000015258789,1845.0
2026-08-05 14:36:00,NEOV,,2.805000066757202,2.805000066757202,2.805000066757202,2.805000066757202,230.0
2026-08-05 14:36:00,NESR,,28.6299991607666,28.6299991607666,28.6200008392334,28.6200008392334,1915.0
2026-08-05 14:36:00,NEWT,,15.114999771118164,15.119999885559082,15.09000015258789,15.100000381469727,2930.0
2026-08-05 14:36:00,NEXT,,6.449999809265137,6.450099945068359,6.445000171661377,6.449999809265137,9792.0
2026-08-05 14:36:00,NFE,,0.3377000093460083,0.3377000093460083,0.3377000093460083,0.3377000093460083,368.0
2026-08-05 14:36:00,NFLX,,73.48500061035156,73.49500274658203,73.46499633789062,73.47000122070312,31469.0
2026-08-05 14:36:00,NGNE,,35.349998474121094,35.349998474121094,35.349998474121094,35.349998474121094,328.0
2026-08-05 14:36:00,NICE,,99.19499969482422,99.23999786376953,99.19499969482422,99.23999786376953,1366.0
2026-08-05 14:36:00,NIU,,2.4600000381469727,2.4600000381469727,2.4549999237060547,2.4549999237060547,2643.0
2026-08-05 14:36:00,NKTR,,72.6500015258789,72.6500015258789,72.54000091552734,72.54000091552734,689.0
2026-08-05 14:36:00,NKTX,,2.2049999237060547,2.2049999237060547,2.200000047683716,2.2049999237060547,1879.0
2026-08-05 14:36:00,NMFC,,7.329999923706055,7.329999923706055,7.329999923706055,7.329999923706055,350.0
2026-08-05 14:36:00,NMIH,,44.6150016784668,44.619998931884766,44.599998474121094,44.599998474121094,1455.0
2026-08-05 14:36:00,NMRA,,1.6050000190734863,1.6050000190734863,1.6050000190734863,1.6050000190734863,250.0
2026-08-05 14:36:00,NMRK,,15.6850004196167,15.6850004196167,15.6850004196167,15.6850004196167,1338.0
2026-08-05 14:36:00,NN,,14.484999656677246,14.510000228881836,14.484999656677246,14.5,7932.0
2026-08-05 14:36:00,NNBR,,3.8550000190734863,3.8550000190734863,3.8550000190734863,3.8550000190734863,689.0
2026-08-05 14:36:00,NNDM,,1.5399999618530273,1.5449999570846558,1.5399999618530273,1.5449999570846558,805.0
2026-08-05 14:36:00,NNOX,,1.0099999904632568,1.0099999904632568,1.0099999904632568,1.0099999904632568,887.0
2026-08-05 14:36:00,NRIX,,24.799999237060547,24.81999969482422,24.799999237060547,24.81999969482422,919.0
2026-08-05 14:36:00,NRXP,,3.075000047683716,3.075000047683716,3.069999933242798,3.075000047683716,588.0
2026-08-05 14:36:00,NSSC,,40.369998931884766,40.369998931884766,40.369998931884766,40.369998931884766,1015.0
2026-08-05 14:36:00,NTAP,,188.67010498046875,188.82000732421875,188.67010498046875,188.81500244140625,1744.0
2026-08-05 14:36:00,NTCT,,41.7599983215332,41.7599983215332,41.7599983215332,41.7599983215332,257.0
2026-08-05 14:36:00,NTES,,127.63999938964844,127.63999938964844,127.63999938964844,127.63999938964844,350.0
2026-08-05 14:36:00,NTNX,,60.939998626708984,60.95500183105469,60.939998626708984,60.95500183105469,2544.0
2026-08-05 14:36:00,NTRS,,184.35000610351562,184.35000610351562,184.298095703125,184.34500122070312,2574.0
2026-08-05 14:36:00,NUWE,,1.7000000476837158,1.7100000381469727,1.7000000476837158,1.7100000381469727,1275.0
2026-08-05 14:36:00,NVAX,,7.559999942779541,7.569900035858154,7.554999828338623,7.554999828338623,11378.0
2026-08-05 14:36:00,NVCR,,16.06999969482422,16.06999969482422,16.06999969482422,16.06999969482422,579.0
2026-08-05 14:36:00,NVDA,,221.67999267578125,221.77999877929688,221.6300048828125,221.67999267578125,248993.0
2026-08-05 14:36:00,NVMI,,406.54998779296875,406.54998779296875,406.510009765625,406.510009765625,593.0
2026-08-05 14:36:00,NVTS,,12.375,12.390000343322754,12.369999885559082,12.380499839782715,7952.0
2026-08-05 14:36:00,NWBI,,15.949899673461914,15.949899673461914,15.949899673461914,15.949899673461914,607.0
2026-08-05 14:36:00,NWL,,6.21999979019165,6.224999904632568,6.21999979019165,6.224999904632568,8497.0
2026-08-05 14:36:00,NWS,,32.334999084472656,32.334999084472656,32.334999084472656,32.334999084472656,346.0
2026-08-05 14:36:00,NWSA,,28.31999969482422,28.31999969482422,28.315000534057617,28.315000534057617,3510.0
2026-08-05 14:36:00,NXPI,,231.47500610351562,231.50999450683594,231.39999389648438,231.39999389648438,3589.0
2026-08-05 14:36:00,NXT,,98.74749755859375,98.9000015258789,98.70500183105469,98.9000015258789,4588.0
2026-08-05 14:36:00,OCC,,15.84179973602295,15.84179973602295,15.84179973602295,15.84179973602295,576.0
2026-08-05 14:36:00,OCUL,,8.574999809265137,8.574999809265137,8.574999809265137,8.574999809265137,673.0
2026-08-05 14:36:00,ODD,,15.265000343322754,15.265000343322754,15.252400398254395,15.252400398254395,456.0
2026-08-05 14:36:00,ODFL,,214.11000061035156,214.11000061035156,214.05999755859375,214.08999633789062,1680.0
2026-08-05 14:36:00,OFIX,,10.524999618530273,10.53499984741211,10.5,10.5,3645.0
2026-08-05 14:36:00,OKTA,,147.94000244140625,148.14500427246094,147.91000366210938,148.10000610351562,8296.0
2026-08-05 14:36:00,OLLI,,78.125,78.125,78.11000061035156,78.11000061035156,8050.0
2026-08-05 14:36:00,OLMA,,11.550000190734863,11.550000190734863,11.539999961853027,11.539999961853027,2195.0
2026-08-05 14:36:00,OM,,5.110000133514404,5.110000133514404,5.099999904632568,5.099999904632568,810.0
2026-08-05 14:36:00,OMER,,12.789999961853027,12.819999694824219,12.789999961853027,12.8149995803833,3272.0
2026-08-05 14:36:00,OMH,,0.11550000309944153,0.11550000309944153,0.11550000309944153,0.11550000309944153,7515.0
2026-08-05 14:36:00,ON,,77.69999694824219,77.75,77.68000030517578,77.69499969482422,15925.0
2026-08-05 14:36:00,ONB,,27.03499984741211,27.03499984741211,27.03499984741211,27.03499984741211,644.0
2026-08-05 14:36:00,ONCY,,0.7943000197410583,0.7975000143051147,0.7943000197410583,0.7975000143051147,0.0
2026-08-05 14:36:00,ONDS,,8.870100021362305,8.904999732971191,8.869999885559082,8.904999732971191,332334.0
2026-08-05 14:36:00,ONFO,,0.07400000095367432,0.07400000095367432,0.0737999975681305,0.0738999992609024,47420.0
2026-08-05 14:36:00,ONMD,,0.6610000133514404,0.6610000133514404,0.6610000133514404,0.6610000133514404,1666.0
2026-08-05 14:36:00,OPCH,,23.489999771118164,23.5049991607666,23.489999771118164,23.4950008392334,4819.0
2026-08-05 14:36:00,OPEN,,3.789900064468384,3.799999952316284,3.7799999713897705,3.7950000762939453,233303.0
2026-08-05 14:36:00,OPK,,1.315000057220459,1.3186999559402466,1.315000057220459,1.3186999559402466,1437.0
2026-08-05 14:36:00,ORGO,,2.3350000381469727,2.3350000381469727,2.3350000381469727,2.3350000381469727,676.0
2026-08-05 14:36:00,ORIC,,12.850000381469727,12.850000381469727,12.850000381469727,12.850000381469727,2415.0
2026-08-05 14:36:00,ORLY,,92.8499984741211,92.86000061035156,92.83999633789062,92.83999633789062,4046.0
2026-08-05 14:36:00,OSBC,,25.809999465942383,25.809999465942383,25.809999465942383,25.809999465942383,365.0
2026-08-05 14:36:00,OSPN,,16.5,16.5,16.479999542236328,16.479999542236328,1093.0
2026-08-05 14:36:00,OSS,,13.725000381469727,13.725000381469727,13.725000381469727,13.725000381469727,628.0
2026-08-05 14:36:00,OSUR,,4.114999771118164,4.119999885559082,4.114999771118164,4.119999885559082,862.0
2026-08-05 14:36:00,OSW,,26.545000076293945,26.545000076293945,26.545000076293945,26.545000076293945,446.0
2026-08-05 14:36:00,OTEX,,25.809999465942383,25.81999969482422,25.809999465942383,25.81999969482422,1072.0
2026-08-05 14:36:00,OTLK,,1.0149999856948853,1.0199999809265137,1.0099999904632568,1.0149999856948853,3786.0
2026-08-05 14:36:00,OTTR,,92.18499755859375,92.18499755859375,92.18499755859375,92.18499755859375,667.0
2026-08-05 14:36:00,OVID,,2.5850000381469727,2.5850000381469727,2.5850000381469727,2.5850000381469727,1241.0
2026-08-05 14:36:00,OXLC,,9.15999984741211,9.170000076293945,9.15999984741211,9.170000076293945,7750.0
2026-08-05 14:36:00,OXSQ,,1.5089999437332153,1.5089999437332153,1.5089999437332153,1.5089999437332153,3285.0
2026-08-05 14:36:00,PAA,,23.19499969482422,23.19499969482422,23.19499969482422,23.19499969482422,238.0
2026-08-05 14:36:00,PAAS,,47.970001220703125,48.0099983215332,47.970001220703125,48.0099983215332,3428.0
2026-08-05 14:36:00,PACB,,1.315000057220459,1.315000057220459,1.309999942779541,1.309999942779541,11870.0
2026-08-05 14:36:00,PAHC,,35.43000030517578,35.43000030517578,35.43000030517578,35.43000030517578,655.0
2026-08-05 14:36:00,PALI,,2.1050000190734863,2.1050000190734863,2.1050000190734863,2.1050000190734863,3158.0
2026-08-05 14:36:00,PANW,,364.3901062011719,364.6600036621094,364.32000732421875,364.6600036621094,5790.0
2026-08-05 14:36:00,PASG,,4.610000133514404,4.610000133514404,4.610000133514404,4.610000133514404,367.0
2026-08-05 14:36:00,PATK,,87.79499816894531,87.79499816894531,87.79499816894531,87.79499816894531,349.0
2026-08-05 14:36:00,PAX,,11.425000190734863,11.425000190734863,11.425000190734863,11.425000190734863,352.0
2026-08-05 14:36:00,PAYO,,7.123600006103516,7.125,7.119999885559082,7.125,734.0
2026-08-05 14:36:00,PAYX,,117.7699966430664,117.7699966430664,117.73999786376953,117.74500274658203,3105.0
2026-08-05 14:36:00,PCAR,,134.0,134.03500366210938,134.0,134.02999877929688,10526.0
2026-08-05 14:36:00,PCRX,,24.809999465942383,24.809999465942383,24.809999465942383,24.809999465942383,1917.0
2026-08-05 14:36:00,PCT,,6.949999809265137,6.954999923706055,6.949999809265137,6.949999809265137,15069.0
2026-08-05 14:36:00,PDD,,90.77999877929688,90.77999877929688,90.75,90.75,4388.0
2026-08-05 14:36:00,PECO,,41.369998931884766,41.369998931884766,41.369998931884766,41.369998931884766,900.0
2026-08-05 14:36:00,PEGA,,31.790000915527344,31.809999465942383,31.790000915527344,31.809999465942383,3113.0
2026-08-05 14:36:00,PENN,,19.68000030517578,19.729999542236328,19.68000030517578,19.725000381469727,18232.0
2026-08-05 14:36:00,PEP,,138.57000732421875,138.5800018310547,138.5500030517578,138.5500030517578,4441.0
2026-08-05 14:36:00,PERI,,9.569999694824219,9.569999694824219,9.569999694824219,9.569999694824219,589.0
2026-08-05 14:36:00,PFG,,114.37000274658203,114.38500213623047,114.33999633789062,114.33999633789062,3375.0
2026-08-05 14:36:00,PGEN,,6.835000038146973,6.835000038146973,6.829800128936768,6.829800128936768,2964.0
2026-08-05 14:36:00,PGY,,21.790000915527344,21.790000915527344,21.790000915527344,21.790000915527344,456.0
2026-08-05 14:36:00,PHAT,,8.380000114440918,8.380000114440918,8.380000114440918,8.380000114440918,2657.0
2026-08-05 14:36:00,PLAB,,32.130001068115234,32.130001068115234,32.130001068115234,32.130001068115234,1112.0
2026-08-05 14:36:00,PLMR,,134.64999389648438,134.65499877929688,134.6300048828125,134.6300048828125,1042.0
2026-08-05 14:36:00,PLSE,,37.5099983215332,37.5099983215332,37.5099983215332,37.5099983215332,567.0
2026-08-05 14:36:00,PLUG,,2.069999933242798,2.0799999237060547,2.069999933242798,2.079900026321411,156449.0
2026-08-05 14:36:00,PNBK,,1.1299999952316284,1.1299999952316284,1.1299999952316284,1.1299999952316284,100.0
2026-08-05 14:36:00,PNFP,,107.96499633789062,107.96499633789062,107.95500183105469,107.95500183105469,1494.0
2026-08-05 14:36:00,PNTG,,38.689998626708984,38.7599983215332,38.689998626708984,38.689998626708984,3988.0
2026-08-05 14:36:00,POET,,8.229999542236328,8.239999771118164,8.225000381469727,8.229999542236328,19806.0
2026-08-05 14:36:00,POWI,,61.9900016784668,61.9900016784668,61.9900016784668,61.9900016784668,810.0
2026-08-05 14:36:00,POWL,,210.36000061035156,210.7949981689453,210.36000061035156,210.7949981689453,1199.0
2026-08-05 14:36:00,PPC,,26.459999084472656,26.459999084472656,26.459999084472656,26.459999084472656,697.0
2026-08-05 14:36:00,PPTA,,22.40999984741211,22.43000030517578,22.40999984741211,22.43000030517578,2420.0
2026-08-05 14:36:00,PRAA,,17.31999969482422,17.31999969482422,17.31999969482422,17.31999969482422,1198.0
2026-08-05 14:36:00,PRCH,,15.779999732971191,15.779999732971191,15.75,15.75,5457.0
2026-08-05 14:36:00,PRCT,,19.209999084472656,19.259899139404297,19.209999084472656,19.229999542236328,2829.0
2026-08-05 14:36:00,PRDO,,32.83000183105469,32.834999084472656,32.83000183105469,32.834999084472656,845.0
2026-08-05 14:36:00,PRE,,18.215999603271484,18.215999603271484,18.215999603271484,18.215999603271484,83.0
2026-08-05 14:36:00,PRFX,,1.1100000143051147,1.1100000143051147,1.1100000143051147,1.1100000143051147,252.0
2026-08-05 14:36:00,PRGS,,42.279998779296875,42.279998779296875,42.279998779296875,42.279998779296875,200.0
2026-08-05 14:36:00,PRIM,,84.94000244140625,84.94000244140625,84.8499984741211,84.91000366210938,4660.0
2026-08-05 14:36:00,PRME,,3.055000066757202,3.055000066757202,3.055000066757202,3.055000066757202,4131.0
2026-08-05 14:36:00,PROF,,8.005000114440918,8.039999961853027,8.005000114440918,8.039999961853027,1627.0
2026-08-05 14:36:00,PROK,,1.6349999904632568,1.6349999904632568,1.6349999904632568,1.6349999904632568,1354.0
2026-08-05 14:36:00,PRQR,,1.9550000429153442,1.9550000429153442,1.9550000429153442,1.9550000429153442,4505.0
2026-08-05 14:36:00,PRSO,,0.6948999762535095,0.6972000002861023,0.6948999762535095,0.6972000002861023,0.0
2026-08-05 14:36:00,PRTA,,8.489999771118164,8.489999771118164,8.489999771118164,8.489999771118164,1380.0
2026-08-05 14:36:00,PRVA,,24.18000030517578,24.18000030517578,24.18000030517578,24.18000030517578,341.0
2026-08-05 14:36:00,PRZO,,0.5425999760627747,0.5425999760627747,0.5425000190734863,0.5425000190734863,0.0
2026-08-05 14:36:00,PSEC,,2.184999942779541,2.184999942779541,2.184999942779541,2.184999942779541,615.0
2026-08-05 14:36:00,PSMT,,187.75,188.75999450683594,187.75,188.60000610351562,7497.0
2026-08-05 14:36:00,PTC,,139.88999938964844,139.92999267578125,139.88999938964844,139.92999267578125,1007.0
2026-08-05 14:36:00,PTCT,,68.8499984741211,68.88999938964844,68.8499984741211,68.87999725341797,1202.0
2026-08-05 14:36:00,PTEN,,9.795000076293945,9.795000076293945,9.791000366210938,9.795000076293945,1969.0
2026-08-05 14:36:00,PTLO,,4.600100040435791,4.605000019073486,4.600100040435791,4.605000019073486,404.0
2026-08-05 14:36:00,PWP,,17.5,17.5,17.450000762939453,17.459999084472656,6824.0
2026-08-05 14:36:00,PYPL,,58.14500045776367,58.14500045776367,58.1150016784668,58.1150016784668,5010.0
2026-08-05 14:36:00,PZZA,,29.950000762939453,29.959999084472656,29.94499969482422,29.94499969482422,2320.0
2026-08-05 14:36:00,QCOM,,158.06500244140625,158.07000732421875,157.93099975585938,157.93099975585938,5820.0
2026-08-05 14:36:00,QRVO,,94.81999969482422,94.81999969482422,94.7699966430664,94.7699966430664,1909.0
2026-08-05 14:36:00,SEED,,1.0393999814987183,1.0393999814987183,1.024999976158142,1.024999976158142,697.0
2026-08-05 14:36:00,WOOF,,2.934999942779541,2.934999942779541,2.934999942779541,2.934999942779541,1594.0
2026-08-05 14:37:00,ACDC,,4.465000152587891,4.465000152587891,4.460000038146973,4.460000038146973,2640.0
2026-08-05 14:37:00,BPOP,,177.0800018310547,177.0800018310547,177.0800018310547,177.0800018310547,577.0
2026-08-05 14:37:00,CNXN,,86.0,86.0,86.0,86.0,745.0
2026-08-05 14:37:00,EYE,,22.940000534057617,22.950000762939453,22.93000030517578,22.950000762939453,1510.0
2026-08-05 14:37:00,GLUE,,15.479999542236328,15.479999542236328,15.470000267028809,15.470000267028809,899.0
2026-08-05 14:37:00,MDB,,374.875,375.1050109863281,374.69000244140625,375.1050109863281,1250.0
2026-08-05 14:37:00,MDLZ,,62.57500076293945,62.584999084472656,62.540000915527344,62.54499816894531,9848.0
2026-08-05 14:37:00,MLTX,,17.575000762939453,17.575000762939453,17.575000762939453,17.575000762939453,184.0
2026-08-05 14:37:00,MNRO,,13.114999771118164,13.114999771118164,13.114999771118164,13.114999771118164,493.0
2026-08-05 14:37:00,MNST,,94.77999877929688,94.79000091552734,94.74500274658203,94.76000213623047,3553.0
2026-08-05 14:37:00,MNTS,,4.230000019073486,4.25,4.230000019073486,4.25,2514.0
2026-08-05 14:37:00,MPWR,,1341.6199951171875,1342.9100341796875,1341.6199951171875,1342.9100341796875,436.0
2026-08-05 14:37:00,MRNA,,56.53499984741211,56.57500076293945,56.529998779296875,56.57500076293945,5187.0
2026-08-05 14:37:00,MSGM,,4.449999809265137,4.449999809265137,4.449999809265137,4.449999809265137,1104.0
2026-08-05 14:37:00,MYGN,,3.1449999809265137,3.1549999713897705,3.1449999809265137,3.1549999713897705,2459.0
2026-08-05 14:37:00,MYPS,,0.724399983882904,0.724399983882904,0.724399983882904,0.724399983882904,113.0
2026-08-05 14:37:00,NAMS,,27.229999542236328,27.299999237060547,27.229999542236328,27.299999237060547,918.0
2026-08-05 14:37:00,NAUT,,0.9398000240325928,0.9398000240325928,0.9386000037193298,0.9386000037193298,980.0
2026-08-05 14:37:00,NAVI,,9.111200332641602,9.119000434875488,9.111200332641602,9.114999771118164,1635.0
2026-08-05 14:37:00,NB,,5.074999809265137,5.090000152587891,5.070000171661377,5.090000152587891,21004.0
2026-08-05 14:37:00,NCMI,,4.119999885559082,4.119999885559082,4.119100093841553,4.119100093841553,3595.0
2026-08-05 14:37:00,NDAQ,,94.93000030517578,94.98999786376953,94.93000030517578,94.98999786376953,5755.0
2026-08-05 14:37:00,NDSN,,310.53009033203125,310.53009033203125,310.53009033203125,310.53009033203125,99.0
2026-08-05 14:37:00,NEGG,,16.989999771118164,16.989999771118164,16.989999771118164,16.989999771118164,544.0
2026-08-05 14:37:00,NEO,,15.979999542236328,15.984999656677246,15.979999542236328,15.984999656677246,1776.0
2026-08-05 14:37:00,NEOG,,11.59000015258789,11.59000015258789,11.585000038146973,11.585000038146973,5542.0
2026-08-05 14:37:00,NEOV,,2.802500009536743,2.802500009536743,2.7950000762939453,2.799999952316284,33124.0
2026-08-05 14:37:00,NESR,,28.639999389648438,28.639999389648438,28.610000610351562,28.610000610351562,1973.0
2026-08-05 14:37:00,NEWT,,15.114999771118164,15.114999771118164,15.114999771118164,15.114999771118164,812.0
2026-08-05 14:37:00,NEXT,,6.449999809265137,6.449999809265137,6.449999809265137,6.449999809265137,540.0
2026-08-05 14:37:00,NFE,,0.3375999927520752,0.3375999927520752,0.3375999927520752,0.3375999927520752,100.0
2026-08-05 14:37:00,NFLX,,73.48999786376953,73.50990295410156,73.47000122070312,73.48619842529297,33475.0
2026-08-05 14:37:00,NICE,,99.13999938964844,99.19499969482422,99.13999938964844,99.19499969482422,3471.0
2026-08-05 14:37:00,NIU,,2.4649999141693115,2.4649999141693115,2.4649999141693115,2.4649999141693115,716.0
2026-08-05 14:37:00,NKTR,,72.61000061035156,72.66000366210938,72.61000061035156,72.62999725341797,2495.0
2026-08-05 14:37:00,NKTX,,2.200000047683716,2.2100000381469727,2.200000047683716,2.200000047683716,5789.0
2026-08-05 14:37:00,NMFCZ,,25.104999542236328,25.104999542236328,25.104999542236328,25.104999542236328,691.0
2026-08-05 14:37:00,NMRA,,1.6050000190734863,1.6050000190734863,1.6050000190734863,1.6050000190734863,661.0
2026-08-05 14:37:00,NMRK,,15.6899995803833,15.6899995803833,15.6899995803833,15.6899995803833,2557.0
2026-08-05 14:37:00,NN,,14.475000381469727,14.484999656677246,14.475000381469727,14.475000381469727,3447.0
2026-08-05 14:37:00,NNBR,,3.8499999046325684,3.859999895095825,3.8499999046325684,3.859999895095825,646.0
2026-08-05 14:37:00,NNDM,,1.5449999570846558,1.5449999570846558,1.5400999784469604,1.5449999570846558,1862.0
2026-08-05 14:37:00,NOVT,,155.55499267578125,155.55499267578125,155.32000732421875,155.32000732421875,487.0
2026-08-05 14:37:00,NPCE,,13.760000228881836,13.760000228881836,13.760000228881836,13.760000228881836,231.0
2026-08-05 14:37:00,NRDS,,9.0649995803833,9.069999694824219,9.0649995803833,9.069999694824219,2320.0
2026-08-05 14:37:00,NRIX,,24.75,24.780000686645508,24.75,24.780000686645508,1578.0
2026-08-05 14:37:00,NRSN,,0.550000011920929,0.550000011920929,0.550000011920929,0.550000011920929,24000.0
2026-08-05 14:37:00,NTAP,,188.81500244140625,188.8699951171875,188.79249572753906,188.79249572753906,1729.0
2026-08-05 14:37:00,NTCT,,41.88999938964844,41.88999938964844,41.790000915527344,41.80500030517578,7133.0
2026-08-05 14:37:00,NTES,,127.61000061035156,127.61000061035156,127.51000213623047,127.51000213623047,1633.0
2026-08-05 14:37:00,NTNX,,60.95000076293945,60.95000076293945,60.915000915527344,60.935001373291016,4868.0
2026-08-05 14:37:00,NVAX,,7.554999828338623,7.56279993057251,7.550000190734863,7.56279993057251,3386.0
2026-08-05 14:37:00,NVCR,,16.079999923706055,16.079999923706055,16.079999923706055,16.079999923706055,1572.0
2026-08-05 14:37:00,NVDA,,221.72500610351562,221.72999572753906,221.5753936767578,221.68499755859375,159903.0
2026-08-05 14:37:00,NVEC,,129.75,129.75,129.75,129.75,504.0
2026-08-05 14:37:00,NVMI,,405.9599914550781,406.0199890136719,405.9599914550781,406.0199890136719,318.0
2026-08-05 14:37:00,NVTS,,12.375,12.37600040435791,12.364999771118164,12.369999885559082,6106.0
2026-08-05 14:37:00,NWBI,,15.944999694824219,15.949999809265137,15.944999694824219,15.949999809265137,497.0
2026-08-05 14:37:00,NWE,,69.0199966430664,69.0199966430664,69.00499725341797,69.0199966430664,745.0
2026-08-05 14:37:00,NWFL,,34.02799987792969,34.02799987792969,34.02799987792969,34.02799987792969,2131.0
2026-08-05 14:37:00,NWL,,6.210000038146973,6.224999904632568,6.210000038146973,6.21999979019165,21109.0
2026-08-05 14:37:00,NWS,,32.334999084472656,32.334999084472656,32.334999084472656,32.334999084472656,3258.0
2026-08-05 14:37:00,NWSA,,28.309999465942383,28.329999923706055,28.309999465942383,28.325000762939453,11678.0
2026-08-05 14:37:00,NXL,,0.34200000762939453,0.34200000762939453,0.34200000762939453,0.34200000762939453,1083.0
2026-08-05 14:37:00,NXPI,,231.4550018310547,231.4949951171875,231.30999755859375,231.4949951171875,2541.0
2026-08-05 14:37:00,NXST,,191.75999450683594,191.8300018310547,191.75999450683594,191.8300018310547,469.0
2026-08-05 14:37:00,NXT,,98.70159912109375,98.86000061035156,98.70159912109375,98.86000061035156,1780.0
2026-08-05 14:37:00,OCCI,,2.490000009536743,2.490000009536743,2.490000009536743,2.490000009536743,248.0
2026-08-05 14:37:00,OCGN,,1.284999966621399,1.284999966621399,1.284999966621399,1.284999966621399,1751.0
2026-08-05 14:37:00,OCUL,,8.574999809265137,8.574999809265137,8.574999809265137,8.574999809265137,593.0
2026-08-05 14:37:00,ODD,,15.220000267028809,15.229999542236328,15.210000038146973,15.229999542236328,3479.0
2026-08-05 14:37:00,ODFL,,214.25999450683594,214.25999450683594,214.14999389648438,214.14999389648438,4218.0
2026-08-05 14:37:00,OGI,,0.9520999789237976,0.9520999789237976,0.9520999789237976,0.9520999789237976,892.0
2026-08-05 14:37:00,OKTA,,148.08999633789062,148.08999633789062,147.94000244140625,147.94000244140625,3162.0
2026-08-05 14:37:00,OLB,,0.3019999861717224,0.3019999861717224,0.3019999861717224,0.3019999861717224,0.0
2026-08-05 14:37:00,OLLI,,78.11499786376953,78.11499786376953,78.11499786376953,78.11499786376953,2015.0
2026-08-05 14:37:00,OLMA,,11.524999618530273,11.539999961853027,11.524999618530273,11.539999961853027,2664.0
2026-08-05 14:37:00,OMER,,12.789999961853027,12.789999961853027,12.789999961853027,12.789999961853027,964.0
2026-08-05 14:37:00,OMH,,0.11460000276565552,0.11460000276565552,0.11429999768733978,0.11429999768733978,9036.0
2026-08-05 14:37:00,ON,,77.70999908447266,77.7249984741211,77.6449966430664,77.70500183105469,14010.0
2026-08-05 14:37:00,ONB,,27.030000686645508,27.03499984741211,27.024999618530273,27.03499984741211,5226.0
2026-08-05 14:37:00,ONDS,,8.875,8.880000114440918,8.869999885559082,8.869999885559082,84092.0
2026-08-05 14:37:00,ONFO,,0.07429999858140945,0.07429999858140945,0.07400000095367432,0.07400000095367432,38892.0
2026-08-05 14:37:00,OPCH,,23.5049991607666,23.510000228881836,23.489999771118164,23.5,3206.0
2026-08-05 14:37:00,OPEN,,3.7850000858306885,3.7899999618530273,3.7799999713897705,3.789900064468384,79965.0
2026-08-05 14:37:00,OPHC,,8.649999618530273,8.649999618530273,8.649999618530273,8.649999618530273,100.0
2026-08-05 14:37:00,OPRA,,19.885000228881836,19.885000228881836,19.885000228881836,19.885000228881836,131.0
2026-08-05 14:37:00,OPRT,,6.119999885559082,6.119999885559082,6.119999885559082,6.119999885559082,744.0
2026-08-05 14:37:00,OPRX,,6.929999828338623,6.960000038146973,6.929999828338623,6.960000038146973,2452.0
2026-08-05 14:37:00,ORIC,,12.859999656677246,12.859999656677246,12.845000267028809,12.850000381469727,2943.0
2026-08-05 14:37:00,ORLY,,92.87000274658203,92.88999938964844,92.81999969482422,92.83999633789062,15674.0
2026-08-05 14:37:00,OSBC,,25.80500030517578,25.80500030517578,25.80500030517578,25.80500030517578,390.0
2026-08-05 14:37:00,OSIS,,236.64999389648438,236.64999389648438,236.58999633789062,236.6300048828125,598.0
2026-08-05 14:37:00,OSS,,13.699999809265137,13.699999809265137,13.699999809265137,13.699999809265137,351.0
2026-08-05 14:37:00,OSUR,,4.114999771118164,4.114999771118164,4.114999771118164,4.114999771118164,595.0
2026-08-05 14:37:00,OTEX,,25.815000534057617,25.81999969482422,25.795000076293945,25.795000076293945,1527.0
2026-08-05 14:37:00,OVID,,2.5799999237060547,2.5850000381469727,2.5799999237060547,2.5850000381469727,4500.0
2026-08-05 14:37:00,OXLC,,9.15999984741211,9.164999961853027,9.15999984741211,9.164999961853027,6889.0
2026-08-05 14:37:00,PAA,,23.19499969482422,23.19499969482422,23.19499969482422,23.19499969482422,1650.0
2026-08-05 14:37:00,PAAS,,47.959999084472656,47.959999084472656,47.939998626708984,47.95000076293945,4030.0
2026-08-05 14:37:00,PACB,,1.315000057220459,1.315000057220459,1.3125,1.315000057220459,844.0
2026-08-05 14:37:00,PAGP,,25.18000030517578,25.18000030517578,25.18000030517578,25.18000030517578,2480.0
2026-08-05 14:37:00,PALI,,2.0999999046325684,2.1050000190734863,2.0950000286102295,2.1050000190734863,28571.0
2026-08-05 14:37:00,PANL,,7.28000020980835,7.28000020980835,7.28000020980835,7.28000020980835,753.0
2026-08-05 14:37:00,PANW,,364.6700134277344,364.6700134277344,364.32000732421875,364.3900146484375,6853.0
2026-08-05 14:37:00,PATK,,87.87000274658203,87.87000274658203,87.87000274658203,87.87000274658203,1371.0
2026-08-05 14:37:00,PAX,,11.430000305175781,11.430000305175781,11.420000076293945,11.420000076293945,2170.0
2026-08-05 14:37:00,PAYO,,7.119999885559082,7.125,7.119999885559082,7.125,846.0
2026-08-05 14:37:00,PAYX,,117.75,117.75,117.75,117.75,2472.0
2026-08-05 14:37:00,PCAR,,133.9949951171875,134.02000427246094,133.97000122070312,134.02000427246094,10060.0
2026-08-05 14:37:00,PCTY,,145.35499572753906,145.35499572753906,145.21499633789062,145.21499633789062,799.0
2026-08-05 14:37:00,PDD,,90.73500061035156,90.76000213623047,90.72000122070312,90.76000213623047,11350.0
2026-08-05 14:37:00,PECO,,41.400001525878906,41.400001525878906,41.38999938964844,41.38999938964844,1434.0
2026-08-05 14:37:00,PEGA,,31.790000915527344,31.790000915527344,31.790000915527344,31.790000915527344,2014.0
2026-08-05 14:37:00,PENN,,19.69499969482422,19.700000762939453,19.684999465942383,19.684999465942383,12789.0
2026-08-05 14:37:00,PEP,,138.60000610351562,138.60499572753906,138.55630493164062,138.55630493164062,9320.0
2026-08-05 14:37:00,PERI,,9.574999809265137,9.574999809265137,9.574999809265137,9.574999809265137,423.0
2026-08-05 14:37:00,PFG,,114.31999969482422,114.37000274658203,114.31999969482422,114.3499984741211,1755.0
2026-08-05 14:37:00,PGEN,,6.835000038146973,6.840000152587891,6.829999923706055,6.835000038146973,8306.0
2026-08-05 14:37:00,PGY,,21.790000915527344,21.790000915527344,21.770000457763672,21.780000686645508,4873.0
2026-08-05 14:37:00,PHAT,,8.364999771118164,8.369999885559082,8.364999771118164,8.369999885559082,1849.0
2026-08-05 14:37:00,PHUN,,2.140000104904175,2.140000104904175,2.140000104904175,2.140000104904175,992.0
2026-08-05 14:37:00,PLAB,,32.119998931884766,32.119998931884766,32.119998931884766,32.119998931884766,435.0
2026-08-05 14:37:00,PLBY,,1.1699999570846558,1.1699999570846558,1.1699999570846558,1.1699999570846558,105.0
2026-08-05 14:37:00,PLTK,,3.884999990463257,3.884999990463257,3.884999990463257,3.884999990463257,634.0
2026-08-05 14:37:00,PLUG,,2.079900026321411,2.0799999237060547,2.069999933242798,2.069999933242798,68160.0
2026-08-05 14:37:00,PLXS,,275.8900146484375,275.8900146484375,275.8900146484375,275.8900146484375,416.0
2026-08-05 14:37:00,PNBK,,1.1399999856948853,1.1399999856948853,1.1399999856948853,1.1399999856948853,174.0
2026-08-05 14:37:00,PNFP,,107.97000122070312,107.97000122070312,107.96499633789062,107.96499633789062,3721.0
2026-08-05 14:37:00,PNRG,,187.50999450683594,187.83999633789062,187.50999450683594,187.83999633789062,220.0
2026-08-05 14:37:00,PNTG,,38.709999084472656,38.709999084472656,38.709999084472656,38.709999084472656,531.0
2026-08-05 14:37:00,POET,,8.229999542236328,8.234999656677246,8.220100402832031,8.220100402832031,6434.0
2026-08-05 14:37:00,POWL,,210.44500732421875,210.44500732421875,210.41000366210938,210.44500732421875,969.0
2026-08-05 14:37:00,PPC,,26.469999313354492,26.469999313354492,26.469999313354492,26.469999313354492,1145.0
2026-08-05 14:37:00,PPTA,,22.413799285888672,22.413799285888672,22.413799285888672,22.413799285888672,357.0
2026-08-05 14:37:00,PRCH,,15.819999694824219,15.819999694824219,15.770000457763672,15.779999732971191,3021.0
2026-08-05 14:37:00,PRCT,,19.100000381469727,19.209999084472656,19.100000381469727,19.209999084472656,10573.0
2026-08-05 14:37:00,PRE,,18.200000762939453,18.200000762939453,18.200000762939453,18.200000762939453,1672.0
2026-08-05 14:37:00,PRGS,,42.27000045776367,42.279998779296875,42.27000045776367,42.27000045776367,1478.0
2026-08-05 14:37:00,PRIM,,84.91999816894531,84.91999816894531,84.9000015258789,84.9000015258789,428.0
2026-08-05 14:37:00,PRLD,,4.579999923706055,4.579999923706055,4.579999923706055,4.579999923706055,3503.0
2026-08-05 14:37:00,PRME,,3.049999952316284,3.049999952316284,3.0499000549316406,3.049999952316284,6653.0
2026-08-05 14:37:00,PRTA,,8.470000267028809,8.494999885559082,8.470000267028809,8.494999885559082,2449.0
2026-08-05 14:37:00,PRVA,,24.190000534057617,24.190000534057617,24.18000030517578,24.18000030517578,885.0
2026-08-05 14:37:00,PRZO,,0.5422999858856201,0.5422999858856201,0.5422999858856201,0.5422999858856201,3900.0
2026-08-05 14:37:00,PSEC,,2.1802000999450684,2.184999942779541,2.1802000999450684,2.184999942779541,2886.0
2026-08-05 14:37:00,PSMT,,187.77999877929688,187.77999877929688,187.72999572753906,187.75999450683594,467.0
2026-08-05 14:37:00,PSNL,,13.510000228881836,13.515000343322754,13.510000228881836,13.515000343322754,1453.0
2026-08-05 14:37:00,PTC,,140.0,140.0,139.88999938964844,139.88999938964844,2298.0
2026-08-05 14:37:00,PTCT,,68.84500122070312,68.84500122070312,68.84500122070312,68.84500122070312,1463.0
2026-08-05 14:37:00,PTEN,,9.795000076293945,9.800000190734863,9.789999961853027,9.795000076293945,5316.0
2026-08-05 14:37:00,PTLO,,4.605000019073486,4.605000019073486,4.603400230407715,4.603400230407715,1460.0
2026-08-05 14:37:00,PTON,,6.490099906921387,6.494999885559082,6.489999771118164,6.494999885559082,6288.0
2026-08-05 14:37:00,PWP,,17.489999771118164,17.5,17.479999542236328,17.5,1676.0
2026-08-05 14:37:00,PYPL,,58.1349983215332,58.150001525878906,58.130001068115234,58.14500045776367,4625.0
2026-08-05 14:37:00,PYXS,,3.109999895095825,3.109999895095825,3.109999895095825,3.109999895095825,4426.0
2026-08-05 14:37:00,PZZA,,29.959999084472656,29.959999084472656,29.950000762939453,29.95989990234375,2463.0
2026-08-05 14:37:00,QCOM,,157.9949951171875,158.02999877929688,157.9600067138672,158.02999877929688,6742.0
2026-08-05 14:37:00,QCRH,,105.37000274658203,105.37000274658203,105.3031997680664,105.3031997680664,1165.0
2026-08-05 14:37:00,QFIN,,13.170000076293945,13.170000076293945,13.170000076293945,13.170000076293945,858.0
2026-08-05 14:37:00,QQQX,,30.39349937438965,30.39349937438965,30.39349937438965,30.39349937438965,143.0
2026-08-05 14:37:00,QRVO,,94.77999877929688,94.81999969482422,94.77999877929688,94.77999877929688,594.0
2026-08-05 14:37:00,SEED,,1.0399999618530273,1.0399999618530273,1.0399999618530273,1.0399999618530273,1395.0
2026-08-05 14:37:00,WOOF,,2.934999942779541,2.934999942779541,2.934999942779541,2.934999942779541,478.0
2026-08-05 14:38:00,ACDC,,4.465000152587891,4.465000152587891,4.460000038146973,4.460000038146973,2918.0
2026-08-05 14:38:00,BPRN,,41.84000015258789,41.97999954223633,41.84000015258789,41.97999954223633,528.0
2026-08-05 14:38:00,CPOP,,0.3499999940395355,0.3499999940395355,0.3499999940395355,0.3499999940395355,7597.0
2026-08-05 14:38:00,EYE,,22.920000076293945,22.940000534057617,22.90999984741211,22.940000534057617,5736.0
2026-08-05 14:38:00,GLUE,,15.470000267028809,15.470000267028809,15.449999809265137,15.460000038146973,3096.0
2026-08-05 14:38:00,KIDS,,21.575000762939453,21.575000762939453,21.575000762939453,21.575000762939453,343.0
2026-08-05 14:38:00,MBRX,,0.3968999981880188,0.3968999981880188,0.3968999981880188,0.3968999981880188,201.0
2026-08-05 14:38:00,MDB,,375.1499938964844,375.1600036621094,375.0899963378906,375.0899963378906,2443.0
2026-08-05 14:38:00,MDLZ,,62.540000915527344,62.58000183105469,62.5099983215332,62.56999969482422,17473.0
2026-08-05 14:38:00,MLTX,,17.559999465942383,17.559999465942383,17.559999465942383,17.559999465942383,627.0
2026-08-05 14:38:00,MNRO,,13.100000381469727,13.130000114440918,13.100000381469727,13.130000114440918,5246.0
2026-08-05 14:38:00,MNST,,94.74500274658203,94.7699966430664,94.74500274658203,94.7699966430664,2429.0
2026-08-05 14:38:00,MNTS,,4.24560022354126,4.24560022354126,4.239999771118164,4.239999771118164,367.0
2026-08-05 14:38:00,MPAA,,13.720000267028809,13.720000267028809,13.720000267028809,13.720000267028809,316.0
2026-08-05 14:38:00,MPWR,,1341.9000244140625,1342.9449462890625,1341.52001953125,1342.7099609375,500.0
2026-08-05 14:38:00,MRNA,,56.459999084472656,56.501399993896484,56.459999084472656,56.501399993896484,3944.0
2026-08-05 14:38:00,MYGN,,3.1449999809265137,3.1449999809265137,3.1449999809265137,3.1449999809265137,2682.0
2026-08-05 14:38:00,MYRG,,340.69000244140625,340.82000732421875,340.69000244140625,340.82000732421875,253.0
2026-08-05 14:38:00,NAMS,,27.3700008392334,27.3700008392334,27.15999984741211,27.229999542236328,7306.0
2026-08-05 14:38:00,NAVI,,9.114999771118164,9.114999771118164,9.114999771118164,9.114999771118164,688.0
2026-08-05 14:38:00,NB,,5.074999809265137,5.074999809265137,5.074999809265137,5.074999809265137,434.0
2026-08-05 14:38:00,NBIX,,162.6300048828125,162.6300048828125,162.6199951171875,162.6199951171875,1366.0
2026-08-05 14:38:00,NBTB,,53.345001220703125,53.345001220703125,53.345001220703125,53.345001220703125,943.0
2026-08-05 14:38:00,NDAQ,,94.95500183105469,94.95500183105469,94.95500183105469,94.95500183105469,558.0
2026-08-05 14:38:00,NDSN,,310.44000244140625,310.5299987792969,310.44000244140625,310.5299987792969,461.0
2026-08-05 14:38:00,NEO,,15.979999542236328,15.979999542236328,15.970000267028809,15.970000267028809,2929.0
2026-08-05 14:38:00,NEOV,,2.7950000762939453,2.7950000762939453,2.7950000762939453,2.7950000762939453,1423.0
2026-08-05 14:38:00,NESR,,28.600000381469727,28.639999389648438,28.600000381469727,28.639999389648438,8443.0
2026-08-05 14:38:00,NEXT,,6.440899848937988,6.440899848937988,6.440899848937988,6.440899848937988,1833.0
2026-08-05 14:38:00,NFE,,0.337799996137619,0.337799996137619,0.337799996137619,0.337799996137619,100.0
2026-08-05 14:38:00,NFLX,,73.48500061035156,73.5,73.46499633789062,73.46499633789062,21579.0
2026-08-05 14:38:00,NICE,,99.08589935302734,99.08589935302734,98.95999908447266,99.0,9730.0
2026-08-05 14:38:00,NKSH,,41.43000030517578,41.65999984741211,41.43000030517578,41.65999984741211,425.0
2026-08-05 14:38:00,NMFC,,7.329999923706055,7.329999923706055,7.329999923706055,7.329999923706055,675.0
2026-08-05 14:38:00,NMIH,,44.63999938964844,44.63999938964844,44.63999938964844,44.63999938964844,466.0
2026-08-05 14:38:00,NMRA,,1.6050000190734863,1.6050000190734863,1.6050000190734863,1.6050000190734863,403.0
2026-08-05 14:38:00,NMRK,,15.694999694824219,15.699999809265137,15.694999694824219,15.699999809265137,2126.0
2026-08-05 14:38:00,NN,,14.5,14.5,14.475000381469727,14.479999542236328,4059.0
2026-08-05 14:38:00,NNBR,,3.8499999046325684,3.8550000190734863,3.8499999046325684,3.8550000190734863,1191.0
2026-08-05 14:38:00,NNDM,,1.5449999570846558,1.5449999570846558,1.5449999570846558,1.5449999570846558,661.0
2026-08-05 14:38:00,NPCE,,13.770000457763672,13.770000457763672,13.770000457763672,13.770000457763672,960.0
2026-08-05 14:38:00,NRC,,19.68000030517578,19.68000030517578,19.68000030517578,19.68000030517578,6396.0
2026-08-05 14:38:00,NRIX,,24.770000457763672,24.770000457763672,24.739999771118164,24.739999771118164,3010.0
2026-08-05 14:38:00,NRSN,,0.5501000285148621,0.5501000285148621,0.5501000285148621,0.5501000285148621,6406.0
2026-08-05 14:38:00,NRXP,,3.075000047683716,3.075000047683716,3.069999933242798,3.069999933242798,207.0
2026-08-05 14:38:00,NTAP,,188.9600067138672,188.9600067138672,188.82000732421875,188.92999267578125,3405.0
2026-08-05 14:38:00,NTCT,,41.84000015258789,41.97999954223633,41.84000015258789,41.8849983215332,1004.0
2026-08-05 14:38:00,NTES,,127.61000061035156,127.61000061035156,127.5999984741211,127.5999984741211,1956.0
2026-08-05 14:38:00,NTGR,,24.270000457763672,24.329999923706055,24.270000457763672,24.329999923706055,1719.0
2026-08-05 14:38:00,NTNX,,60.95000076293945,60.95000076293945,60.95000076293945,60.95000076293945,694.0
2026-08-05 14:38:00,NTRA,,273.8299865722656,273.8299865722656,273.8299865722656,273.8299865722656,1417.0
2026-08-05 14:38:00,NTRS,,184.3699951171875,184.3699951171875,184.3300018310547,184.33999633789062,3888.0
2026-08-05 14:38:00,NVAX,,7.554999828338623,7.554999828338623,7.554999828338623,7.554999828338623,1471.0
2026-08-05 14:38:00,NVCR,,16.040000915527344,16.049999237060547,16.040000915527344,16.049999237060547,1401.0
2026-08-05 14:38:00,NVCT,,19.559999465942383,19.559999465942383,19.559999465942383,19.559999465942383,390.0
2026-08-05 14:38:00,NVDA,,221.85499572753906,221.88999938964844,221.6999969482422,221.72500610351562,271739.0
2026-08-05 14:38:00,NVMI,,405.3800048828125,405.9599914550781,405.3800048828125,405.9599914550781,1127.0
2026-08-05 14:38:00,NVTS,,12.380000114440918,12.380000114440918,12.364999771118164,12.369999885559082,5122.0
2026-08-05 14:38:00,NVX,,0.40049999952316284,0.40049999952316284,0.40049999952316284,0.40049999952316284,715.0
2026-08-05 14:38:00,NWBI,,15.944999694824219,15.944999694824219,15.944999694824219,15.944999694824219,1129.0
2026-08-05 14:38:00,NWE,,69.05000305175781,69.05000305175781,69.05000305175781,69.05000305175781,303.0
2026-08-05 14:38:00,NWL,,6.215000152587891,6.215000152587891,6.210000038146973,6.215000152587891,6465.0
2026-08-05 14:38:00,NWS,,32.36000061035156,32.36000061035156,32.36000061035156,32.36000061035156,431.0
2026-08-05 14:38:00,NWSA,,28.325000762939453,28.325000762939453,28.315000534057617,28.315000534057617,2877.0
2026-08-05 14:38:00,NXGL,,0.4000000059604645,0.4000000059604645,0.4000000059604645,0.4000000059604645,918.0
2026-08-05 14:38:00,NXPI,,231.3300018310547,231.4550018310547,231.3300018310547,231.3300018310547,1976.0
2026-08-05 14:38:00,NXST,,191.8300018310547,191.8300018310547,191.8300018310547,191.8300018310547,384.0
2026-08-05 14:38:00,NXT,,98.78500366210938,98.78500366210938,98.76499938964844,98.76499938964844,892.0
2026-08-05 14:38:00,OABI,,2.0850000381469727,2.0850000381469727,2.0850000381469727,2.0850000381469727,298.0
2026-08-05 14:38:00,OBT,,38.91999816894531,38.91999816894531,38.91999816894531,38.91999816894531,416.0
2026-08-05 14:38:00,OCFC,,19.899999618530273,19.899999618530273,19.899999618530273,19.899999618530273,859.0
2026-08-05 14:38:00,OCG,,1.649999976158142,1.649999976158142,1.649999976158142,1.649999976158142,871.0
2026-08-05 14:38:00,OCGN,,1.2799999713897705,1.285099983215332,1.2799999713897705,1.284999966621399,4711.0
2026-08-05 14:38:00,OCS,,11.989999771118164,11.989999771118164,11.989999771118164,11.989999771118164,355.0
2026-08-05 14:38:00,OCUL,,8.5600004196167,8.569999694824219,8.5600004196167,8.569999694824219,5429.0
2026-08-05 14:38:00,ODFL,,214.11000061035156,214.11000061035156,214.11000061035156,214.11000061035156,837.0
2026-08-05 14:38:00,OESX,,14.979999542236328,14.979999542236328,14.960000038146973,14.960000038146973,450.0
2026-08-05 14:38:00,OFIX,,10.524999618530273,10.524999618530273,10.5,10.524999618530273,5458.0
2026-08-05 14:38:00,OFLX,,30.280000686645508,30.280000686645508,30.280000686645508,30.280000686645508,863.0
2026-08-05 14:38:00,OMCL,,37.25,37.29999923706055,37.25,37.29999923706055,1707.0
2026-08-05 14:38:00,OMER,,12.704999923706055,12.779999732971191,12.664999961853027,12.779999732971191,59372.0
2026-08-05 14:38:00,ON,,77.66000366210938,77.69999694824219,77.6449966430664,77.69999694824219,8469.0
2026-08-05 14:38:00,ONB,,27.024999618530273,27.036500930786133,27.024999618530273,27.028099060058594,17241.0
2026-08-05 14:38:00,ONCY,,0.7972999811172485,0.7972999811172485,0.7972999811172485,0.7972999811172485,10.0
2026-08-05 14:38:00,ONDS,,8.875,8.885000228881836,8.864999771118164,8.869999885559082,535854.0
2026-08-05 14:38:00,ONFO,,0.07410000264644623,0.07429999858140945,0.07400000095367432,0.07419999688863754,45167.0
2026-08-05 14:38:00,OPCH,,23.479999542236328,23.5049991607666,23.479999542236328,23.5049991607666,4208.0
2026-08-05 14:38:00,OPEN,,3.7850000858306885,3.7899999618530273,3.7799999713897705,3.7850000858306885,26155.0
2026-08-05 14:38:00,OPHC,,8.649999618530273,8.649999618530273,8.649999618530273,8.649999618530273,120.0
2026-08-05 14:38:00,OPK,,1.309999942779541,1.309999942779541,1.309999942779541,1.309999942779541,1068.0
2026-08-05 14:38:00,OPRA,,19.864999771118164,19.864999771118164,19.864999771118164,19.864999771118164,994.0
2026-08-05 14:38:00,OPRT,,6.110000133514404,6.110000133514404,6.110000133514404,6.110000133514404,277.0
2026-08-05 14:38:00,ORIC,,12.824999809265137,12.869999885559082,12.824999809265137,12.864999771118164,7809.0
2026-08-05 14:38:00,ORLY,,92.87999725341797,92.87999725341797,92.86000061035156,92.86000061035156,4206.0
2026-08-05 14:38:00,ORMP,,4.389999866485596,4.389999866485596,4.389999866485596,4.389999866485596,689.0
2026-08-05 14:38:00,OSBC,,25.808000564575195,25.809999465942383,25.808000564575195,25.809999465942383,1473.0
2026-08-05 14:38:00,OSIS,,236.77999877929688,236.77999877929688,236.77999877929688,236.77999877929688,167.0
2026-08-05 14:38:00,OSPN,,16.5,16.5,16.5,16.5,1874.0
2026-08-05 14:38:00,OSS,,13.725000381469727,13.725000381469727,13.699999809265137,13.699999809265137,1573.0
2026-08-05 14:38:00,OSUR,,4.110000133514404,4.110000133514404,4.110000133514404,4.110000133514404,1123.0
2026-08-05 14:38:00,OSW,,26.549999237060547,26.56999969482422,26.549999237060547,26.559999465942383,981.0
2026-08-05 14:38:00,OTEX,,25.815000534057617,25.81999969482422,25.815000534057617,25.815000534057617,2993.0
2026-08-05 14:38:00,OTLK,,1.013200044631958,1.013200044631958,1.013200044631958,1.013200044631958,3119.0
2026-08-05 14:38:00,OTTR,,92.25,92.25,92.25,92.25,2172.0
2026-08-05 14:38:00,OVID,,2.575000047683716,2.5799999237060547,2.575000047683716,2.5799999237060547,6590.0
2026-08-05 14:38:00,PAA,,23.204999923706055,23.209999084472656,23.200000762939453,23.200000762939453,8741.0
2026-08-05 14:38:00,PAAS,,47.97999954223633,47.97999954223633,47.95000076293945,47.95000076293945,3553.0
2026-08-05 14:38:00,PACB,,1.315000057220459,1.315000057220459,1.315000057220459,1.315000057220459,1588.0
2026-08-05 14:38:00,PAHC,,35.59000015258789,35.59000015258789,35.59000015258789,35.59000015258789,2129.0
2026-08-05 14:38:00,PALI,,2.1050000190734863,2.1050000190734863,2.0950000286102295,2.0950000286102295,14657.0
2026-08-05 14:38:00,PANW,,364.760009765625,364.760009765625,364.4556884765625,364.4556884765625,2770.0
2026-08-05 14:38:00,PATK,,87.95999908447266,87.95999908447266,87.95999908447266,87.95999908447266,196.0
2026-08-05 14:38:00,PAYO,,7.125,7.125,7.119999885559082,7.119999885559082,2188.0
2026-08-05 14:38:00,PAYS,,9.114999771118164,9.119999885559082,9.114999771118164,9.119999885559082,1433.0
2026-08-05 14:38:00,PAYX,,117.78500366210938,117.78500366210938,117.7300033569336,117.7300033569336,6694.0
2026-08-05 14:38:00,PCAR,,133.97000122070312,134.0,133.97000122070312,133.9949951171875,3467.0
2026-08-05 14:38:00,PCRX,,24.690000534057617,24.75,24.690000534057617,24.739999771118164,4719.0
2026-08-05 14:38:00,PCT,,6.945000171661377,6.949999809265137,6.940000057220459,6.949999809265137,35409.0
2026-08-05 14:38:00,PCTY,,145.21499633789062,145.21499633789062,145.21499633789062,145.21499633789062,1298.0
2026-08-05 14:38:00,PDD,,90.69000244140625,90.72000122070312,90.69000244140625,90.72000122070312,3474.0
2026-08-05 14:38:00,PECO,,41.400001525878906,41.400001525878906,41.400001525878906,41.400001525878906,1348.0
2026-08-05 14:38:00,PENN,,19.709999084472656,19.709999084472656,19.69499969482422,19.700000762939453,4757.0
2026-08-05 14:38:00,PEP,,138.57000732421875,138.60000610351562,138.55999755859375,138.60000610351562,4079.0
2026-08-05 14:38:00,PEPG,,1.9600000381469727,1.965000033378601,1.9600000381469727,1.965000033378601,499.0
2026-08-05 14:38:00,PESI,,17.834999084472656,17.860000610351562,17.829999923706055,17.860000610351562,6241.0
2026-08-05 14:38:00,PFG,,114.38999938964844,114.38999938964844,114.3499984741211,114.3499984741211,1672.0
2026-08-05 14:38:00,PGEN,,6.824999809265137,6.835000038146973,6.824999809265137,6.835000038146973,11378.0
2026-08-05 14:38:00,PGNY,,31.729999542236328,31.729999542236328,31.729999542236328,31.729999542236328,1796.0
2026-08-05 14:38:00,PHAT,,8.350000381469727,8.350000381469727,8.350000381469727,8.350000381469727,923.0
2026-08-05 14:38:00,PLAB,,32.1150016784668,32.1150016784668,32.1150016784668,32.1150016784668,513.0
2026-08-05 14:38:00,PLBY,,1.1699999570846558,1.1699999570846558,1.1699999570846558,1.1699999570846558,207.0
2026-08-05 14:38:00,PLMR,,134.64999389648438,134.64999389648438,134.64999389648438,134.64999389648438,1981.0
2026-08-05 14:38:00,PLRX,,1.059999942779541,1.059999942779541,1.059999942779541,1.059999942779541,120.0
2026-08-05 14:38:00,PLTK,,3.884999990463257,3.890000104904175,3.880000114440918,3.880000114440918,6158.0
2026-08-05 14:38:00,PLUG,,2.0701000690460205,2.0799999237060547,2.069999933242798,2.075000047683716,103718.0
2026-08-05 14:38:00,PLUR,,1.7000000476837158,1.7000000476837158,1.7000000476837158,1.7000000476837158,826.0
2026-08-05 14:38:00,PNBK,,1.1349999904632568,1.1349999904632568,1.1349999904632568,1.1349999904632568,33.0
2026-08-05 14:38:00,PNFP,,107.9749984741211,107.9800033569336,107.93000030517578,107.93000030517578,1918.0
2026-08-05 14:38:00,PNRG,,186.71499633789062,186.71499633789062,186.71499633789062,186.71499633789062,241.0
2026-08-05 14:38:00,PNTG,,38.709999084472656,38.720001220703125,38.70000076293945,38.709999084472656,2810.0
2026-08-05 14:38:00,POET,,8.223199844360352,8.225000381469727,8.21500015258789,8.225000381469727,34392.0
2026-08-05 14:38:00,POLA,,1.8049999475479126,1.8049999475479126,1.8049999475479126,1.8049999475479126,216.0
2026-08-05 14:38:00,POWL,,210.78500366210938,210.85000610351562,210.44000244140625,210.48500061035156,7338.0
2026-08-05 14:38:00,PPBT,,1.5,1.5,1.5,1.5,400.0
2026-08-05 14:38:00,PPTA,,22.440000534057617,22.440000534057617,22.40999984741211,22.40999984741211,1301.0
2026-08-05 14:38:00,PRAX,,315.6449890136719,316.1300048828125,315.6449890136719,316.1300048828125,795.0
2026-08-05 14:38:00,PRCH,,15.789999961853027,15.789999961853027,15.789999961853027,15.789999961853027,528.0
2026-08-05 14:38:00,PRCT,,19.125,19.1299991607666,19.079999923706055,19.079999923706055,5734.0
2026-08-05 14:38:00,PRIM,,84.6500015258789,84.9000015258789,84.6500015258789,84.88999938964844,3724.0
2026-08-05 14:38:00,PRME,,3.049999952316284,3.055000066757202,3.049999952316284,3.055000066757202,3782.0
2026-08-05 14:38:00,PRVA,,24.200000762939453,24.200000762939453,24.184999465942383,24.184999465942383,1642.0
2026-08-05 14:38:00,PRZO,,0.5419999957084656,0.5455999970436096,0.5419999957084656,0.5455999970436096,0.0
2026-08-05 14:38:00,PSHG,,1.7599999904632568,1.7599999904632568,1.7599999904632568,1.7599999904632568,1029.0
2026-08-05 14:38:00,PSMT,,187.8699951171875,187.88999938964844,187.8699951171875,187.88999938964844,814.0
2026-08-05 14:38:00,PSNL,,13.5,13.5,13.5,13.5,937.0
2026-08-05 14:38:00,PTC,,140.02000427246094,140.02000427246094,139.93499755859375,139.97999572753906,3834.0
2026-08-05 14:38:00,PTCT,,68.8499984741211,68.86000061035156,68.80500030517578,68.80500030517578,2950.0
2026-08-05 14:38:00,PTEN,,9.795000076293945,9.800000190734863,9.795000076293945,9.800000190734863,4146.0
2026-08-05 14:38:00,PTGX,,136.0500030517578,136.05999755859375,136.0500030517578,136.0500030517578,2703.0
2026-08-05 14:38:00,PTLO,,4.599999904632568,4.599999904632568,4.59499979019165,4.599999904632568,2354.0
2026-08-05 14:38:00,PTON,,6.494999885559082,6.494999885559082,6.494999885559082,6.494999885559082,419.0
2026-08-05 14:38:00,PUBM,,13.40999984741211,13.40999984741211,13.40999984741211,13.40999984741211,1084.0
2026-08-05 14:38:00,PWP,,17.489999771118164,17.510000228881836,17.489999771118164,17.5,4260.0
2026-08-05 14:38:00,PYPD,,4.554999828338623,4.579999923706055,4.554999828338623,4.579999923706055,704.0
2026-08-05 14:38:00,PYPL,,58.1349983215332,58.13999938964844,58.130001068115234,58.130001068115234,5371.0
2026-08-05 14:38:00,PYXS,,3.106600046157837,3.109999895095825,3.0999999046325684,3.0999999046325684,12713.0
2026-08-05 14:38:00,PZZA,,29.94499969482422,29.950000762939453,29.94499969482422,29.950000762939453,981.0
2026-08-05 14:38:00,QCOM,,157.9420928955078,157.97999572753906,157.8000030517578,157.9499969482422,10562.0
2026-08-05 14:38:00,QRVO,,94.81999969482422,94.81999969482422,94.80999755859375,94.81999969482422,1287.0
2026-08-05 14:38:00,SEED,,1.0199999809265137,1.0391000509262085,1.0199999809265137,1.0200999975204468,6617.0
2026-08-05 14:38:00,STIM,,2.2209999561309814,2.2209999561309814,2.2209999561309814,2.2209999561309814,873.0
2026-08-05 14:38:00,WOOF,,2.934999942779541,2.934999942779541,2.934999942779541,2.934999942779541,447.0
2026-08-05 14:39:00,ACDC,,4.465000152587891,4.465000152587891,4.460000038146973,4.465000152587891,10956.0
2026-08-05 14:39:00,BPOP,,177.13999938964844,177.13999938964844,177.0800018310547,177.0800018310547,550.0
2026-08-05 14:39:00,EYE,,22.920000076293945,22.920000076293945,22.920000076293945,22.920000076293945,3966.0
2026-08-05 14:39:00,GLUE,,15.449999809265137,15.449999809265137,15.449999809265137,15.449999809265137,1167.0
2026-08-05 14:39:00,KIDS,,21.575000762939453,21.582500457763672,21.559999465942383,21.575000762939453,2626.0
2026-08-05 14:39:00,KITT,,1.0199999809265137,1.0199999809265137,1.0199999809265137,1.0199999809265137,200.0
2026-08-05 14:39:00,MDLZ,,62.54499816894531,62.54499816894531,62.525001525878906,62.53499984741211,6651.0
2026-08-05 14:39:00,MLTX,,17.56800079345703,17.56800079345703,17.565000534057617,17.565000534057617,1040.0
2026-08-05 14:39:00,MNST,,94.75,94.75,94.73500061035156,94.73999786376953,4968.0
2026-08-05 14:39:00,MNTS,,4.239999771118164,4.239999771118164,4.239999771118164,4.239999771118164,604.0
2026-08-05 14:39:00,MPWR,,1340.4300537109375,1341.9000244140625,1338.949951171875,1341.31494140625,671.0
2026-08-05 14:39:00,MRNA,,56.44499969482422,56.459999084472656,56.42499923706055,56.42499923706055,5565.0
2026-08-05 14:39:00,MYGN,,3.1449999809265137,3.1449999809265137,3.1449999809265137,3.1449999809265137,1221.0
2026-08-05 14:39:00,MYPS,,0.7218000292778015,0.7218000292778015,0.7215999960899353,0.7215999960899353,509.0
2026-08-05 14:39:00,MYRG,,340.80999755859375,340.80999755859375,340.5350036621094,340.635009765625,467.0
2026-08-05 14:39:00,NAMS,,27.3700008392334,27.454999923706055,27.3700008392334,27.3799991607666,10346.0
2026-08-05 14:39:00,NATR,,20.059999465942383,20.06999969482422,20.059999465942383,20.06999969482422,2560.0
2026-08-05 14:39:00,NAUT,,0.9386000037193298,0.9386000037193298,0.9386000037193298,0.9386000037193298,258.0
2026-08-05 14:39:00,NB,,5.074999809265137,5.074999809265137,5.070000171661377,5.074999809265137,3274.0
2026-08-05 14:39:00,NBTB,,53.34000015258789,53.349998474121094,53.34000015258789,53.345001220703125,1549.0
2026-08-05 14:39:00,NCMI,,4.114999771118164,4.114999771118164,4.105000019073486,4.110000133514404,1528.0
2026-08-05 14:39:00,NCNA,,1.315000057220459,1.315000057220459,1.315000057220459,1.315000057220459,51.0
2026-08-05 14:39:00,NDAQ,,94.95999908447266,94.95999908447266,94.95999908447266,94.95999908447266,317.0
2026-08-05 14:39:00,NEO,,15.970000267028809,15.970000267028809,15.960000038146973,15.960000038146973,2706.0
2026-08-05 14:39:00,NEOG,,11.59000015258789,11.59000015258789,11.579999923706055,11.585000038146973,1356.0
2026-08-05 14:39:00,NEOV,,2.7899999618530273,2.7950000762939453,2.7899999618530273,2.7950000762939453,13891.0
2026-08-05 14:39:00,NESR,,28.59000015258789,28.604999542236328,28.59000015258789,28.604999542236328,1384.0
2026-08-05 14:39:00,NEXT,,6.440000057220459,6.440000057220459,6.434999942779541,6.440000057220459,6938.0
2026-08-05 14:39:00,NFE,,0.3379000127315521,0.3379000127315521,0.3379000127315521,0.3379000127315521,30.0
2026-08-05 14:39:00,NFLX,,73.48999786376953,73.48999786376953,73.4800033569336,73.48500061035156,24172.0
2026-08-05 14:39:00,NGNE,,35.279998779296875,35.279998779296875,35.279998779296875,35.279998779296875,322.0
2026-08-05 14:39:00,NICE,,99.05999755859375,99.05999755859375,99.05999755859375,99.05999755859375,2568.0
2026-08-05 14:39:00,NKSH,,41.42499923706055,41.42499923706055,41.42499923706055,41.42499923706055,204.0
2026-08-05 14:39:00,NKTX,,2.2049999237060547,2.2049999237060547,2.2049999237060547,2.2049999237060547,3450.0
2026-08-05 14:39:00,NMIH,,44.595001220703125,44.619998931884766,44.595001220703125,44.61000061035156,1363.0
2026-08-05 14:39:00,NN,,14.475000381469727,14.50879955291748,14.470000267028809,14.505000114440918,7691.0
2026-08-05 14:39:00,NNBR,,3.8499999046325684,3.8550000190734863,3.8499999046325684,3.8550000190734863,830.0
2026-08-05 14:39:00,NNDM,,1.5399999618530273,1.5449999570846558,1.5399999618530273,1.5449999570846558,5081.0
2026-08-05 14:39:00,NOVT,,155.55999755859375,155.55999755859375,155.55999755859375,155.55999755859375,427.0
2026-08-05 14:39:00,NRC,,19.709999084472656,19.709999084472656,19.690000534057617,19.690000534057617,1620.0
2026-08-05 14:39:00,NRXP,,3.065000057220459,3.075000047683716,3.065000057220459,3.075000047683716,6709.0
2026-08-05 14:39:00,NTAP,,189.00999450683594,189.08999633789062,189.00509643554688,189.00509643554688,2029.0
2026-08-05 14:39:00,NTCT,,41.8650016784668,41.8650016784668,41.8650016784668,41.8650016784668,370.0
2026-08-05 14:39:00,NTNX,,60.994998931884766,60.994998931884766,60.95000076293945,60.95000076293945,7093.0
2026-08-05 14:39:00,NTRS,,184.35499572753906,184.35499572753906,184.35499572753906,184.35499572753906,481.0
2026-08-05 14:39:00,NVAX,,7.545000076293945,7.550000190734863,7.545000076293945,7.550000190734863,4215.0
2026-08-05 14:39:00,NVCR,,16.049999237060547,16.059999465942383,16.049999237060547,16.049999237060547,489.0
2026-08-05 14:39:00,NVCT,,19.510000228881836,19.520000457763672,19.475000381469727,19.520000457763672,2203.0
2026-08-05 14:39:00,NVDA,,221.69000244140625,221.91000366210938,221.6699981689453,221.8502960205078,195804.0
2026-08-05 14:39:00,NVEC,,129.11000061035156,129.2100067138672,129.11000061035156,129.2100067138672,938.0
2026-08-05 14:39:00,NVTS,,12.354999542236328,12.380000114440918,12.354999542236328,12.380000114440918,6602.0
2026-08-05 14:39:00,NWBI,,15.944999694824219,15.944999694824219,15.944999694824219,15.944999694824219,659.0
2026-08-05 14:39:00,NWE,,69.04499816894531,69.04499816894531,69.04499816894531,69.04499816894531,193.0
2026-08-05 14:39:00,NWL,,6.224999904632568,6.224999904632568,6.210000038146973,6.210000038146973,42230.0
2026-08-05 14:39:00,NWS,,32.36000061035156,32.36000061035156,32.36000061035156,32.36000061035156,300.0
2026-08-05 14:39:00,NWSA,,28.31999969482422,28.325000762939453,28.31999969482422,28.325000762939453,2212.0
2026-08-05 14:39:00,NXPI,,231.17999267578125,231.33999633789062,231.13999938964844,231.33999633789062,4749.0
2026-08-05 14:39:00,NXST,,191.8300018310547,191.8300018310547,191.8300018310547,191.8300018310547,1107.0
2026-08-05 14:39:00,NXT,,98.72000122070312,98.86000061035156,98.6500015258789,98.86000061035156,7913.0
2026-08-05 14:39:00,NXTC,,5.125,5.125,5.125,5.125,1101.0
2026-08-05 14:39:00,OCC,,15.880000114440918,15.880000114440918,15.880000114440918,15.880000114440918,540.0
2026-08-05 14:39:00,OCGN,,1.2799999713897705,1.2799999713897705,1.2799999713897705,1.2799999713897705,466.0
2026-08-05 14:39:00,OCSL,,12.104999542236328,12.104999542236328,12.104999542236328,12.104999542236328,1060.0
2026-08-05 14:39:00,ODFL,,213.86749267578125,214.07000732421875,213.86500549316406,214.07000732421875,2021.0
2026-08-05 14:39:00,OESX,,14.875,14.875,14.875,14.875,2219.0
2026-08-05 14:39:00,OFIX,,10.600000381469727,10.600000381469727,10.524999618530273,10.524999618530273,4288.0
2026-08-05 14:39:00,OKTA,,148.14500427246094,148.17999267578125,148.14500427246094,148.1699981689453,1641.0
2026-08-05 14:39:00,OLLI,,78.12000274658203,78.12000274658203,78.11000061035156,78.11499786376953,1913.0
2026-08-05 14:39:00,OMCL,,37.18000030517578,37.2400016784668,37.15999984741211,37.231998443603516,3034.0
2026-08-05 14:39:00,OMER,,12.729999542236328,12.729999542236328,12.710000038146973,12.710000038146973,3386.0
2026-08-05 14:39:00,ON,,77.63500213623047,77.69000244140625,77.61499786376953,77.63999938964844,9161.0
2026-08-05 14:39:00,ONB,,27.024999618530273,27.024999618530273,27.024999618530273,27.024999618530273,1638.0
2026-08-05 14:39:00,ONCY,,0.7940000295639038,0.7940000295639038,0.7910000085830688,0.7910000085830688,1807.0
2026-08-05 14:39:00,ONDS,,8.885000228881836,8.890000343322754,8.869999885559082,8.870100021362305,377637.0
2026-08-05 14:39:00,ONFO,,0.07429999858140945,0.07429999858140945,0.07429999858140945,0.07429999858140945,14493.0
2026-08-05 14:39:00,OPCH,,23.475000381469727,23.479999542236328,23.469999313354492,23.469999313354492,1890.0
2026-08-05 14:39:00,OPEN,,3.7799999713897705,3.7899999618530273,3.7799999713897705,3.7850000858306885,59986.0
2026-08-05 14:39:00,OPK,,1.309999942779541,1.309999942779541,1.309999942779541,1.309999942779541,210.0
2026-08-05 14:39:00,OPRA,,19.90999984741211,19.90999984741211,19.860000610351562,19.860000610351562,4264.0
2026-08-05 14:39:00,ORGO,,2.3450000286102295,2.3450000286102295,2.3399999141693115,2.3399999141693115,15232.0
2026-08-05 14:39:00,ORIC,,12.84000015258789,12.84000015258789,12.84000015258789,12.84000015258789,1296.0
2026-08-05 14:39:00,ORLY,,92.87999725341797,92.87999725341797,92.87000274658203,92.87000274658203,7963.0
2026-08-05 14:39:00,OSS,,13.6899995803833,13.729999542236328,13.6899995803833,13.725000381469727,7163.0
2026-08-05 14:39:00,OTEX,,25.825000762939453,25.825000762939453,25.825000762939453,25.825000762939453,1230.0
2026-08-05 14:39:00,OTLK,,1.0149999856948853,1.0199999809265137,1.0149999856948853,1.0199999809265137,2786.0
2026-08-05 14:39:00,OVID,,2.578900098800659,2.578900098800659,2.575000047683716,2.575000047683716,3326.0
2026-08-05 14:39:00,PAA,,23.204999923706055,23.204999923706055,23.19499969482422,23.204999923706055,10836.0
2026-08-05 14:39:00,PAAS,,47.959999084472656,47.97999954223633,47.95500183105469,47.970001220703125,3942.0
2026-08-05 14:39:00,PACB,,1.3150999546051025,1.3150999546051025,1.309999942779541,1.315000057220459,5757.0
2026-08-05 14:39:00,PAGP,,25.18000030517578,25.18000030517578,25.18000030517578,25.18000030517578,1165.0
2026-08-05 14:39:00,PALI,,2.0950000286102295,2.0999999046325684,2.0950000286102295,2.0999999046325684,9549.0
2026-08-05 14:39:00,PANW,,364.70001220703125,364.8999938964844,364.70001220703125,364.8999938964844,2292.0
2026-08-05 14:39:00,PATK,,87.94999694824219,87.94999694824219,87.94999694824219,87.94999694824219,126.0
2026-08-05 14:39:00,PAVM,,5.110000133514404,5.110000133514404,5.110000133514404,5.110000133514404,1139.0
2026-08-05 14:39:00,PAVS,,4.925000190734863,4.925000190734863,4.925000190734863,4.925000190734863,304.0
2026-08-05 14:39:00,PAX,,11.420000076293945,11.420000076293945,11.414999961853027,11.414999961853027,1631.0
2026-08-05 14:39:00,PAYO,,7.127799987792969,7.127799987792969,7.119999885559082,7.125,1190.0
2026-08-05 14:39:00,PAYS,,9.119999885559082,9.119999885559082,9.114999771118164,9.117500305175781,1264.0
2026-08-05 14:39:00,PAYX,,117.77999877929688,117.77999877929688,117.77999877929688,117.77999877929688,1083.0
2026-08-05 14:39:00,PCAR,,133.97000122070312,133.97000122070312,133.9600067138672,133.9600067138672,753.0
2026-08-05 14:39:00,PCRX,,24.834999084472656,24.834999084472656,24.690000534057617,24.690000534057617,7228.0
2026-08-05 14:39:00,PCT,,6.940000057220459,6.949999809265137,6.940000057220459,6.945000171661377,3831.0
2026-08-05 14:39:00,PDD,,90.68499755859375,90.69999694824219,90.66999816894531,90.69000244140625,3149.0
2026-08-05 14:39:00,PDLB,,20.510000228881836,20.514999389648438,20.510000228881836,20.514999389648438,1586.0
2026-08-05 14:39:00,PDSB,,0.7150999903678894,0.7150999903678894,0.7150999903678894,0.7150999903678894,573.0
2026-08-05 14:39:00,PEGA,,31.799999237060547,31.799999237060547,31.790000915527344,31.790000915527344,2539.0
2026-08-05 14:39:00,PENN,,19.709999084472656,19.709999084472656,19.704999923706055,19.709999084472656,3315.0
2026-08-05 14:39:00,PEP,,138.57000732421875,138.57000732421875,138.55279541015625,138.55279541015625,2388.0
2026-08-05 14:39:00,PERI,,9.579999923706055,9.579999923706055,9.579999923706055,9.579999923706055,243.0
2026-08-05 14:39:00,PESI,,17.84000015258789,17.84000015258789,17.834999084472656,17.834999084472656,214.0
2026-08-05 14:39:00,PFG,,114.31999969482422,114.36000061035156,114.31999969482422,114.36000061035156,4003.0
2026-08-05 14:39:00,PFX,,44.9900016784668,44.9900016784668,44.88999938964844,44.9900016784668,3560.0
2026-08-05 14:39:00,PGEN,,6.820000171661377,6.829999923706055,6.820000171661377,6.824999809265137,7089.0
2026-08-05 14:39:00,PGY,,21.829999923706055,21.850000381469727,21.799999237060547,21.799999237060547,10599.0
2026-08-05 14:39:00,PHAT,,8.350000381469727,8.359999656677246,8.350000381469727,8.359999656677246,530.0
2026-08-05 14:39:00,PKOH,,41.29100036621094,41.29100036621094,41.29100036621094,41.29100036621094,417.0
2026-08-05 14:39:00,PLAB,,32.1150016784668,32.13999938964844,32.1150016784668,32.1150016784668,1017.0
2026-08-05 14:39:00,PLSE,,37.56999969482422,37.56999969482422,37.56999969482422,37.56999969482422,258.0
2026-08-05 14:39:00,PLUG,,2.0725998878479004,2.0799999237060547,2.069999933242798,2.0799999237060547,23524.0
2026-08-05 14:39:00,PNBK,,1.1299999952316284,1.1299999952316284,1.1299999952316284,1.1299999952316284,202.0
2026-08-05 14:39:00,PNFP,,107.9749984741211,107.9749984741211,107.9749984741211,107.9749984741211,616.0
2026-08-05 14:39:00,PNTG,,38.69499969482422,38.72999954223633,38.69499969482422,38.72999954223633,1468.0
2026-08-05 14:39:00,POET,,8.210000038146973,8.225000381469727,8.210000038146973,8.225000381469727,5815.0
2026-08-05 14:39:00,POWI,,61.91999816894531,61.91999816894531,61.91999816894531,61.91999816894531,928.0
2026-08-05 14:39:00,POWL,,210.72000122070312,210.74000549316406,210.72000122070312,210.73500061035156,2132.0
2026-08-05 14:39:00,PPC,,26.459999084472656,26.459999084472656,26.459999084472656,26.459999084472656,1287.0
2026-08-05 14:39:00,PPTA,,22.420000076293945,22.420000076293945,22.420000076293945,22.420000076293945,852.0
2026-08-05 14:39:00,PRAX,,317.29998779296875,317.29998779296875,315.6700134277344,315.6700134277344,1806.0
2026-08-05 14:39:00,PRCH,,15.789999961853027,15.795000076293945,15.779999732971191,15.795000076293945,2943.0
2026-08-05 14:39:00,PRCT,,19.1299991607666,19.139999389648438,19.110000610351562,19.1200008392334,2233.0
2026-08-05 14:39:00,PRDO,,32.810001373291016,32.83000183105469,32.810001373291016,32.83000183105469,2597.0
2026-08-05 14:39:00,PRIM,,84.63999938964844,84.63999938964844,84.63999938964844,84.63999938964844,1464.0
2026-08-05 14:39:00,PRPH,,0.04100000113248825,0.04100000113248825,0.04100000113248825,0.04100000113248825,3.0
2026-08-05 14:39:00,PRVA,,24.18000030517578,24.190000534057617,24.18000030517578,24.190000534057617,1996.0
2026-08-05 14:39:00,PRZO,,0.5435000061988831,0.5435000061988831,0.5435000061988831,0.5435000061988831,434.0
2026-08-05 14:39:00,PSEC,,2.184999942779541,2.184999942779541,2.184999942779541,2.184999942779541,1474.0
2026-08-05 14:39:00,PSNL,,13.505000114440918,13.505000114440918,13.505000114440918,13.505000114440918,594.0
2026-08-05 14:39:00,PSNY,,14.180000305175781,14.180000305175781,14.180000305175781,14.180000305175781,126.0
2026-08-05 14:39:00,PTC,,140.05999755859375,140.05999755859375,140.02000427246094,140.02499389648438,756.0
2026-08-05 14:39:00,PTCT,,69.04000091552734,69.06999969482422,68.83999633789062,68.87899780273438,10508.0
2026-08-05 14:39:00,PTEN,,9.78499984741211,9.789999961853027,9.78499984741211,9.789999961853027,8846.0
2026-08-05 14:39:00,PTGX,,135.9550018310547,136.0,135.74000549316406,135.9199981689453,4120.0
2026-08-05 14:39:00,PTLO,,4.605000019073486,4.605000019073486,4.605000019073486,4.605000019073486,749.0
2026-08-05 14:39:00,PTON,,6.494999885559082,6.494999885559082,6.494999885559082,6.494999885559082,2677.0
2026-08-05 14:39:00,PWP,,17.489999771118164,17.489999771118164,17.489999771118164,17.489999771118164,1286.0
2026-08-05 14:39:00,PYPD,,4.579999923706055,4.590000152587891,4.554999828338623,4.554999828338623,1853.0
2026-08-05 14:39:00,PYPL,,58.13999938964844,58.154998779296875,58.130001068115234,58.1349983215332,8727.0
2026-08-05 14:39:00,PZZA,,29.969999313354492,29.969999313354492,29.940000534057617,29.950000762939453,4579.0
2026-08-05 14:39:00,QCOM,,157.92999267578125,158.02000427246094,157.9199981689453,158.02000427246094,5648.0
2026-08-05 14:39:00,QRVO,,94.8550033569336,94.92500305175781,94.80999755859375,94.83000183105469,2881.0
2026-08-05 14:39:00,SEED,,1.0391000509262085,1.0391000509262085,1.0391000509262085,1.0391000509262085,0.0
2026-08-05 14:39:00,STIM,,2.2200000286102295,2.2200000286102295,2.2200000286102295,2.2200000286102295,1075.0
2026-08-05 14:39:00,TARA,,3.984999895095825,3.984999895095825,3.984999895095825,3.984999895095825,1223.0
2026-08-05 14:39:00,WOOF,,2.934999942779541,2.934999942779541,2.934999942779541,2.934999942779541,2511.0
2026-08-05 14:40:00,BPOP,,177.13999938964844,177.13999938964844,177.13999938964844,177.13999938964844,543.0
2026-08-05 14:40:00,BPRN,,42.0,42.0,42.0,42.0,152.0
2026-08-05 14:40:00,CASH,,89.2249984741211,89.23249816894531,89.2249984741211,89.23249816894531,892.0
2026-08-05 14:40:00,CPOP,,0.34389999508857727,0.34389999508857727,0.34389999508857727,0.34389999508857727,7302.0
2026-08-05 14:40:00,EYE,,22.940000534057617,22.940000534057617,22.920000076293945,22.93000030517578,10410.0
2026-08-05 14:40:00,KIDS,,21.579999923706055,21.579999923706055,21.579999923706055,21.579999923706055,257.0
2026-08-05 14:40:00,KITT,,1.0199999809265137,1.0199999809265137,1.0199999809265137,1.0199999809265137,1900.0
2026-08-05 14:40:00,MDB,,375.3800048828125,375.4700012207031,375.3299865722656,375.3699951171875,2210.0
2026-08-05 14:40:00,MDLZ,,62.54499816894531,62.55500030517578,62.53499984741211,62.54999923706055,8904.0
2026-08-05 14:40:00,MNST,,94.74500274658203,94.74500274658203,94.73999786376953,94.73999786376953,1348.0
2026-08-05 14:40:00,MNTK,,1.6799999475479126,1.6799999475479126,1.6799999475479126,1.6799999475479126,204.0
2026-08-05 14:40:00,MNTS,,4.240200042724609,4.240200042724609,4.240099906921387,4.240099906921387,1639.0
2026-08-05 14:40:00,MPWR,,1340.06494140625,1341.68994140625,1339.4599609375,1340.1600341796875,758.0
2026-08-05 14:40:00,MRNA,,56.439998626708984,56.47999954223633,56.439998626708984,56.470001220703125,6085.0
2026-08-05 14:40:00,MYGN,,3.140000104904175,3.1449999809265137,3.140000104904175,3.140000104904175,1213.0
2026-08-05 14:40:00,MYRG,,340.7699890136719,340.7699890136719,340.5350036621094,340.5350036621094,1291.0
2026-08-05 14:40:00,NAMS,,27.389999389648438,27.389999389648438,27.350000381469727,27.3700008392334,3666.0
2026-08-05 14:40:00,NAUT,,0.9395999908447266,0.9395999908447266,0.9394999742507935,0.9394999742507935,702.0
2026-08-05 14:40:00,NAVI,,9.114999771118164,9.114999771118164,9.114999771118164,9.114999771118164,750.0
2026-08-05 14:40:00,NB,,5.079999923706055,5.079999923706055,5.079999923706055,5.079999923706055,308.0
2026-08-05 14:40:00,NBIX,,162.5800018310547,162.65499877929688,162.5800018310547,162.65499877929688,1956.0
2026-08-05 14:40:00,NDAQ,,94.9749984741211,94.9800033569336,94.95999908447266,94.95999908447266,2064.0
2026-08-05 14:40:00,NDSN,,310.3599853515625,310.4800109863281,310.3599853515625,310.4800109863281,821.0
2026-08-05 14:40:00,NEO,,15.970000267028809,15.970000267028809,15.970000267028809,15.970000267028809,1067.0
2026-08-05 14:40:00,NEOG,,11.585000038146973,11.59000015258789,11.585000038146973,11.59000015258789,1994.0
2026-08-05 14:40:00,NEOV,,2.7899999618530273,2.7899999618530273,2.7899999618530273,2.7899999618530273,3697.0
2026-08-05 14:40:00,NESR,,28.561500549316406,28.561500549316406,28.559999465942383,28.559999465942383,610.0
2026-08-05 14:40:00,NEXT,,6.440000057220459,6.440000057220459,6.440000057220459,6.440000057220459,252.0
2026-08-05 14:40:00,NFE,,0.3379000127315521,0.3379000127315521,0.3379000127315521,0.3379000127315521,200.0
2026-08-05 14:40:00,NFLX,,73.48999786376953,73.50520324707031,73.4800033569336,73.48999786376953,38794.0
2026-08-05 14:40:00,NMRA,,1.6050000190734863,1.6050000190734863,1.6050000190734863,1.6050000190734863,281.0
2026-08-05 14:40:00,NMRK,,15.694999694824219,15.694999694824219,15.694999694824219,15.694999694824219,262.0
2026-08-05 14:40:00,NN,,14.44379997253418,14.470000267028809,14.4350004196167,14.470000267028809,14744.0
2026-08-05 14:40:00,NNDM,,1.5449999570846558,1.5449999570846558,1.5449999570846558,1.5449999570846558,1595.0
2026-08-05 14:40:00,NOVT,,155.33999633789062,155.33999633789062,155.33999633789062,155.33999633789062,307.0
2026-08-05 14:40:00,NPCE,,13.800000190734863,13.800000190734863,13.800000190734863,13.800000190734863,327.0
2026-08-05 14:40:00,NRDS,,9.074999809265137,9.074999809265137,9.0649995803833,9.0649995803833,2151.0
2026-08-05 14:40:00,NRIX,,24.790000915527344,24.790000915527344,24.790000915527344,24.790000915527344,453.0
2026-08-05 14:40:00,NRXP,,3.065000057220459,3.065000057220459,3.065000057220459,3.065000057220459,685.0
2026-08-05 14:40:00,NTAP,,189.05999755859375,189.05999755859375,189.0399932861328,189.0399932861328,1016.0
2026-08-05 14:40:00,NTCT,,41.93000030517578,41.93000030517578,41.93000030517578,41.93000030517578,441.0
2026-08-05 14:40:00,NTNX,,60.9900016784668,61.02000045776367,60.9900016784668,60.994998931884766,2702.0
2026-08-05 14:40:00,NVAX,,7.550000190734863,7.554999828338623,7.545000076293945,7.545000076293945,6185.0
2026-08-05 14:40:00,NVCR,,16.059999465942383,16.065000534057617,16.059999465942383,16.059999465942383,3308.0
2026-08-05 14:40:00,NVDA,,221.6199951171875,221.77999877929688,221.58999633789062,221.6649932861328,212700.0
2026-08-05 14:40:00,NVMI,,405.67498779296875,405.67498779296875,405.67498779296875,405.67498779296875,616.0
2026-08-05 14:40:00,NVTS,,12.364999771118164,12.369999885559082,12.350000381469727,12.354999542236328,12822.0
2026-08-05 14:40:00,NWBI,,15.9350004196167,15.9399995803833,15.9350004196167,15.9399995803833,3410.0
2026-08-05 14:40:00,NWE,,69.02999877929688,69.02999877929688,69.02999877929688,69.02999877929688,306.0
2026-08-05 14:40:00,NWL,,6.221099853515625,6.224999904632568,6.21999979019165,6.224999904632568,6102.0
2026-08-05 14:40:00,NWS,,32.380001068115234,32.380001068115234,32.36000061035156,32.3650016784668,2379.0
2026-08-05 14:40:00,NWSA,,28.344999313354492,28.344999313354492,28.329999923706055,28.329999923706055,27182.0
2026-08-05 14:40:00,NXGL,,0.4000999927520752,0.4000999927520752,0.4000999927520752,0.4000999927520752,200.0
2026-08-05 14:40:00,NXST,,191.7100067138672,191.7100067138672,191.7100067138672,191.7100067138672,652.0
2026-08-05 14:40:00,NXT,,98.7300033569336,98.7300033569336,98.6500015258789,98.68499755859375,9303.0
2026-08-05 14:40:00,OCC,,15.850000381469727,15.859999656677246,15.850000381469727,15.859999656677246,1335.0
2026-08-05 14:40:00,OCFC,,19.899999618530273,19.899999618530273,19.899999618530273,19.899999618530273,2567.0
2026-08-05 14:40:00,OCGN,,1.2799999713897705,1.2799999713897705,1.2799999713897705,1.2799999713897705,504.0
2026-08-05 14:40:00,OCS,,11.99429988861084,12.010000228881836,11.979999542236328,11.979999542236328,1234.0
2026-08-05 14:40:00,OCUL,,8.574999809265137,8.574999809265137,8.569999694824219,8.569999694824219,2059.0
2026-08-05 14:40:00,ODFL,,213.90499877929688,213.9199981689453,213.90499877929688,213.91000366210938,3666.0
2026-08-05 14:40:00,OFIX,,10.579999923706055,10.579999923706055,10.539999961853027,10.579999923706055,2600.0
2026-08-05 14:40:00,OKTA,,148.125,148.13499450683594,148.125,148.13499450683594,1706.0
2026-08-05 14:40:00,OMCL,,37.18000030517578,37.18000030517578,37.18000030517578,37.18000030517578,920.0
2026-08-05 14:40:00,OMER,,12.70989990234375,12.729999542236328,12.680000305175781,12.729999542236328,6849.0
2026-08-05 14:40:00,ON,,77.62999725341797,77.62999725341797,77.5999984741211,77.5999984741211,7747.0
2026-08-05 14:40:00,ONCO,,0.7990000247955322,0.7990000247955322,0.7990000247955322,0.7990000247955322,270.0
2026-08-05 14:40:00,ONCY,,0.7965999841690063,0.7965999841690063,0.7965999841690063,0.7965999841690063,370.0
2026-08-05 14:40:00,ONDS,,8.878199577331543,8.880000114440918,8.869999885559082,8.880000114440918,278097.0
2026-08-05 14:40:00,ONFO,,0.0737999975681305,0.07429999858140945,0.0737999975681305,0.07429999858140945,18375.0
2026-08-05 14:40:00,ONMD,,0.6499999761581421,0.6499999761581421,0.6499999761581421,0.6499999761581421,2298.0
2026-08-05 14:40:00,OPCH,,23.5,23.5,23.479999542236328,23.479999542236328,2872.0
2026-08-05 14:40:00,OPEN,,3.7899999618530273,3.7899999618530273,3.7799999713897705,3.7899999618530273,26020.0
2026-08-05 14:40:00,OPHC,,8.649999618530273,8.649999618530273,8.649999618530273,8.649999618530273,100.0
2026-08-05 14:40:00,OPK,,1.309999942779541,1.315000057220459,1.309999942779541,1.309999942779541,2735.0
2026-08-05 14:40:00,ORIC,,12.824999809265137,12.824999809265137,12.819999694824219,12.824999809265137,1320.0
2026-08-05 14:40:00,ORLY,,92.87000274658203,92.88999938964844,92.87000274658203,92.88999938964844,2690.0
2026-08-05 14:40:00,OSS,,13.683799743652344,13.683799743652344,13.683799743652344,13.683799743652344,734.0
2026-08-05 14:40:00,OSUR,,4.110000133514404,4.110000133514404,4.110000133514404,4.110000133514404,513.0
2026-08-05 14:40:00,OSW,,26.530000686645508,26.530000686645508,26.530000686645508,26.530000686645508,504.0
2026-08-05 14:40:00,OTEX,,25.825000762939453,25.829999923706055,25.825000762939453,25.829999923706055,2565.0
2026-08-05 14:40:00,OTLK,,1.0149999856948853,1.0149999856948853,1.0149999856948853,1.0149999856948853,1359.0
2026-08-05 14:40:00,OVBC,,42.665000915527344,42.665000915527344,42.665000915527344,42.665000915527344,600.0
2026-08-05 14:40:00,OXSQ,,1.5049999952316284,1.5049999952316284,1.5,1.5049999952316284,8811.0
2026-08-05 14:40:00,PAA,,23.19499969482422,23.204999923706055,23.190000534057617,23.204999923706055,13284.0
2026-08-05 14:40:00,PAAS,,47.9900016784668,48.0,47.94499969482422,47.94499969482422,5687.0
2026-08-05 14:40:00,PACB,,1.315000057220459,1.315000057220459,1.309999942779541,1.309999942779541,3750.0
2026-08-05 14:40:00,PAGP,,25.174999237060547,25.174999237060547,25.174999237060547,25.174999237060547,623.0
2026-08-05 14:40:00,PALI,,2.0950000286102295,2.0950000286102295,2.093600034713745,2.093600034713745,1309.0
2026-08-05 14:40:00,PANL,,7.28000020980835,7.28000020980835,7.28000020980835,7.28000020980835,1677.0
2026-08-05 14:40:00,PANW,,364.7200012207031,364.82000732421875,364.6000061035156,364.69000244140625,6634.0
2026-08-05 14:40:00,PATK,,87.97000122070312,87.97000122070312,87.97000122070312,87.97000122070312,431.0
2026-08-05 14:40:00,PAX,,11.425000190734863,11.425000190734863,11.420000076293945,11.420000076293945,2990.0
2026-08-05 14:40:00,PAYO,,7.119999885559082,7.125,7.119999885559082,7.119999885559082,752.0
2026-08-05 14:40:00,PAYS,,9.125,9.130000114440918,9.125,9.130000114440918,2137.0
2026-08-05 14:40:00,PAYX,,117.83000183105469,117.83000183105469,117.79000091552734,117.79000091552734,3339.0
2026-08-05 14:40:00,PBYI,,8.029999732971191,8.039999961853027,8.029999732971191,8.039999961853027,1841.0
2026-08-05 14:40:00,PCAR,,133.8800048828125,133.94000244140625,133.8800048828125,133.94000244140625,4121.0
2026-08-05 14:40:00,PCB,,28.059999465942383,28.059999465942383,28.059999465942383,28.059999465942383,284.0
2026-08-05 14:40:00,PCRX,,24.94499969482422,24.94499969482422,24.8700008392334,24.8700008392334,4004.0
2026-08-05 14:40:00,PCT,,6.934999942779541,6.949999809265137,6.929999828338623,6.949999809265137,8339.0
2026-08-05 14:40:00,PCTY,,145.38999938964844,145.38999938964844,145.38999938964844,145.38999938964844,506.0
2026-08-05 14:40:00,PDD,,90.76000213623047,90.76000213623047,90.69999694824219,90.69999694824219,5847.0
2026-08-05 14:40:00,PDFS,,50.0,50.0,50.0,50.0,2762.0
2026-08-05 14:40:00,PEGA,,31.81999969482422,31.81999969482422,31.799999237060547,31.799999237060547,2953.0
2026-08-05 14:40:00,PENN,,19.719999313354492,19.725000381469727,19.719999313354492,19.719999313354492,6540.0
2026-08-05 14:40:00,PEP,,138.57000732421875,138.5800018310547,138.55999755859375,138.5800018310547,3583.0
2026-08-05 14:40:00,PERI,,9.579999923706055,9.579999923706055,9.579999923706055,9.579999923706055,335.0
2026-08-05 14:40:00,PGEN,,6.835000038146973,6.840000152587891,6.824999809265137,6.824999809265137,14488.0
2026-08-05 14:40:00,PGY,,21.81999969482422,21.81999969482422,21.81999969482422,21.81999969482422,2068.0
2026-08-05 14:40:00,PHAT,,8.369999885559082,8.369999885559082,8.359999656677246,8.359999656677246,3570.0
2026-08-05 14:40:00,PLAB,,32.11000061035156,32.11000061035156,32.09000015258789,32.09000015258789,2358.0
2026-08-05 14:40:00,PLBY,,1.1699999570846558,1.1699999570846558,1.1699999570846558,1.1699999570846558,219.0
2026-08-05 14:40:00,PLTK,,3.884999990463257,3.884999990463257,3.884999990463257,3.884999990463257,819.0
2026-08-05 14:40:00,PLUG,,2.072000026702881,2.0799999237060547,2.069999933242798,2.0799999237060547,53998.0
2026-08-05 14:40:00,PLXS,,275.9200134277344,275.9200134277344,275.9200134277344,275.9200134277344,850.0
2026-08-05 14:40:00,PNFP,,107.93000030517578,107.9749984741211,107.93000030517578,107.93000030517578,545.0
2026-08-05 14:40:00,PNRG,,187.89999389648438,187.89999389648438,187.89999389648438,187.89999389648438,1183.0
2026-08-05 14:40:00,POET,,8.210000038146973,8.210000038146973,8.1899995803833,8.210000038146973,40516.0
2026-08-05 14:40:00,POWI,,61.915000915527344,61.915000915527344,61.915000915527344,61.915000915527344,3604.0
2026-08-05 14:40:00,POWL,,210.7707061767578,210.7707061767578,210.7707061767578,210.7707061767578,384.0
2026-08-05 14:40:00,PPC,,26.469999313354492,26.469999313354492,26.459999084472656,26.459999084472656,1017.0
2026-08-05 14:40:00,PPTA,,22.479999542236328,22.479999542236328,22.40999984741211,22.40999984741211,11875.0
2026-08-05 14:40:00,PRCH,,15.8100004196167,15.8149995803833,15.789999961853027,15.800000190734863,3252.0
2026-08-05 14:40:00,PRCT,,19.110000610351562,19.128299713134766,19.100000381469727,19.110000610351562,3214.0
2026-08-05 14:40:00,PRDO,,32.84000015258789,32.84000015258789,32.83000183105469,32.83000183105469,4211.0
2026-08-05 14:40:00,PRGS,,42.34000015258789,42.34000015258789,42.29999923706055,42.29999923706055,1856.0
2026-08-05 14:40:00,PRIM,,84.66000366210938,84.66000366210938,84.66000366210938,84.66000366210938,503.0
2026-08-05 14:40:00,PRME,,3.055000066757202,3.055000066757202,3.0450000762939453,3.0450000762939453,3042.0
2026-08-05 14:40:00,PROV,,18.100000381469727,18.100000381469727,18.100000381469727,18.100000381469727,1092.0
2026-08-05 14:40:00,PRSO,,0.6922000050544739,0.6922000050544739,0.6922000050544739,0.6922000050544739,902.0
2026-08-05 14:40:00,PSEC,,2.184999942779541,2.190000057220459,2.184999942779541,2.184999942779541,5606.0
2026-08-05 14:40:00,PSMT,,188.16000366210938,188.31500244140625,188.11000061035156,188.11000061035156,1532.0
2026-08-05 14:40:00,PTC,,140.22000122070312,140.22000122070312,140.07000732421875,140.07000732421875,3138.0
2026-08-05 14:40:00,PTCT,,68.94999694824219,69.05999755859375,68.94000244140625,69.05000305175781,2576.0
2026-08-05 14:40:00,PTEN,,9.78499984741211,9.789999961853027,9.78499984741211,9.789999961853027,5057.0
2026-08-05 14:40:00,PTLO,,4.605000019073486,4.605000019073486,4.605000019073486,4.605000019073486,541.0
2026-08-05 14:40:00,PTON,,6.505000114440918,6.505000114440918,6.489999771118164,6.489999771118164,18023.0
2026-08-05 14:40:00,PTPI,,0.0024999999441206455,0.0024999999441206455,0.0024999999441206455,0.0024999999441206455,1.0
2026-08-05 14:40:00,PYPD,,4.574999809265137,4.574999809265137,4.574999809265137,4.574999809265137,1613.0
2026-08-05 14:40:00,PYPL,,58.15999984741211,58.15999984741211,58.154998779296875,58.15999984741211,4481.0
2026-08-05 14:40:00,PZZA,,29.97800064086914,29.97800064086914,29.959999084472656,29.959999084472656,1855.0
2026-08-05 14:40:00,QCOM,,157.8699951171875,157.9199981689453,157.8699951171875,157.8800048828125,7079.0
2026-08-05 14:40:00,QQQX,,30.375,30.375,30.375,30.375,275.0
2026-08-05 14:40:00,QRVO,,94.9000015258789,94.9000015258789,94.8499984741211,94.8499984741211,890.0
2026-08-05 14:40:00,SEED,,1.034999966621399,1.0399999618530273,1.034999966621399,1.0399999618530273,906.0
2026-08-05 14:41:00,ACDC,,4.465000152587891,4.474999904632568,4.465000152587891,4.465000152587891,17913.0
2026-08-05 14:41:00,BPOP,,177.13999938964844,177.13999938964844,177.13999938964844,177.13999938964844,1543.0
2026-08-05 14:41:00,BPRN,,42.0,42.0,42.0,42.0,185.0
2026-08-05 14:41:00,CNXN,,86.20999908447266,86.20999908447266,86.20999908447266,86.20999908447266,392.0
2026-08-05 14:41:00,EYE,,22.93000030517578,22.940000534057617,22.93000030517578,22.93000030517578,2467.0
2026-08-05 14:41:00,FIZZ,,32.189998626708984,32.190101623535156,32.189998626708984,32.190101623535156,1103.0
2026-08-05 14:41:00,GLUE,,15.46500015258789,15.46500015258789,15.46500015258789,15.46500015258789,571.0
2026-08-05 14:41:00,KIDS,,21.6299991607666,21.639999389648438,21.579999923706055,21.579999923706055,3554.0
2026-08-05 14:41:00,KITT,,1.0299999713897705,1.0299999713897705,1.0299999713897705,1.0299999713897705,0.0
2026-08-05 14:41:00,MCRI,,122.93000030517578,123.05999755859375,122.93000030517578,123.05999755859375,1330.0
2026-08-05 14:41:00,MDB,,375.4800109863281,375.4800109863281,375.364990234375,375.364990234375,1369.0
2026-08-05 14:41:00,MDLZ,,62.564998626708984,62.56999969482422,62.540000915527344,62.54499816894531,11004.0
2026-08-05 14:41:00,MLTX,,17.559999465942383,17.559999465942383,17.549999237060547,17.559999465942383,1518.0
2026-08-05 14:41:00,MNPR,,118.5250015258789,118.5250015258789,118.5250015258789,118.5250015258789,155.0
2026-08-05 14:41:00,MNRO,,13.130000114440918,13.130000114440918,13.100799560546875,13.100799560546875,1818.0
2026-08-05 14:41:00,MNST,,94.7300033569336,94.76000213623047,94.7300033569336,94.75,5921.0
2026-08-05 14:41:00,MNTK,,1.6799999475479126,1.6799999475479126,1.6799999475479126,1.6799999475479126,102.0
2026-08-05 14:41:00,MPAA,,13.6899995803833,13.6899995803833,13.6899995803833,13.6899995803833,491.0
2026-08-05 14:41:00,MPWR,,1340.81005859375,1341.27001953125,1339.3699951171875,1340.06494140625,1002.0
2026-08-05 14:41:00,MRNA,,56.400001525878906,56.45000076293945,56.3849983215332,56.45000076293945,7036.0
2026-08-05 14:41:00,MYGN,,3.1449999809265137,3.1449999809265137,3.140000104904175,3.140000104904175,1422.0
2026-08-05 14:41:00,MYPS,,0.7215999960899353,0.7215999960899353,0.7215999960899353,0.7215999960899353,200.0
2026-08-05 14:41:00,MYRG,,340.3800048828125,340.3800048828125,340.239990234375,340.239990234375,429.0
2026-08-05 14:41:00,NATR,,20.084999084472656,20.084999084472656,20.084999084472656,20.084999084472656,269.0
2026-08-05 14:41:00,NAUT,,0.9386000037193298,0.9386000037193298,0.9386000037193298,0.9386000037193298,459.0
2026-08-05 14:41:00,NAVI,,9.114999771118164,9.114999771118164,9.110099792480469,9.110099792480469,1220.0
2026-08-05 14:41:00,NB,,5.078999996185303,5.078999996185303,5.078999996185303,5.078999996185303,1241.0
2026-08-05 14:41:00,NBIX,,162.56500244140625,162.67999267578125,162.56500244140625,162.61500549316406,1627.0
2026-08-05 14:41:00,NBTB,,53.369998931884766,53.369998931884766,53.369998931884766,53.369998931884766,307.0
2026-08-05 14:41:00,NDAQ,,94.9800033569336,94.9800033569336,94.9800033569336,94.9800033569336,800.0
2026-08-05 14:41:00,NDSN,,310.54998779296875,310.5719909667969,310.2749938964844,310.2900085449219,1658.0
2026-08-05 14:41:00,NEO,,15.960000038146973,15.970000267028809,15.960000038146973,15.970000267028809,4835.0
2026-08-05 14:41:00,NEOG,,11.585000038146973,11.59000015258789,11.585000038146973,11.59000015258789,5535.0
2026-08-05 14:41:00,NEON,,0.9399999976158142,0.9399999976158142,0.9399999976158142,0.9399999976158142,0.0
2026-08-05 14:41:00,NEOV,,2.7950000762939453,2.799999952316284,2.7850000858306885,2.7850000858306885,12104.0
2026-08-05 14:41:00,NESR,,28.565200805664062,28.565200805664062,28.540000915527344,28.540000915527344,1213.0
2026-08-05 14:41:00,NEXT,,6.440899848937988,6.445000171661377,6.440000057220459,6.440000057220459,4692.0
2026-08-05 14:41:00,NFE,,0.3379000127315521,0.3379000127315521,0.3379000127315521,0.3379000127315521,100.0
2026-08-05 14:41:00,NFLX,,73.45500183105469,73.48999786376953,73.43499755859375,73.48500061035156,34687.0
2026-08-05 14:41:00,NGNE,,35.33000183105469,35.40999984741211,35.27000045776367,35.40999984741211,2238.0
2026-08-05 14:41:00,NICE,,99.23999786376953,99.23999786376953,99.23999786376953,99.23999786376953,552.0
2026-08-05 14:41:00,NKSH,,41.650001525878906,41.650001525878906,41.650001525878906,41.650001525878906,327.0
2026-08-05 14:41:00,NKTR,,72.6050033569336,72.6050033569336,72.55000305175781,72.55000305175781,1037.0
2026-08-05 14:41:00,NMIH,,44.63999938964844,44.63999938964844,44.619998931884766,44.619998931884766,1514.0
2026-08-05 14:41:00,NMRK,,15.6899995803833,15.694999694824219,15.689000129699707,15.694999694824219,4978.0
2026-08-05 14:41:00,NN,,14.479999542236328,14.479999542236328,14.4399995803833,14.460000038146973,35827.0
2026-08-05 14:41:00,NNBR,,3.8450000286102295,3.8550000190734863,3.8450000286102295,3.8550000190734863,2638.0
2026-08-05 14:41:00,NNDM,,1.5449999570846558,1.5449999570846558,1.5449999570846558,1.5449999570846558,604.0
2026-08-05 14:41:00,NOVT,,155.56500244140625,155.56500244140625,155.56500244140625,155.56500244140625,351.0
2026-08-05 14:41:00,NRDS,,9.074999809265137,9.079099655151367,9.074999809265137,9.074999809265137,2760.0
2026-08-05 14:41:00,NRIX,,24.799999237060547,24.81999969482422,24.790000915527344,24.795000076293945,2380.0
2026-08-05 14:41:00,NRXP,,3.065000057220459,3.069000005722046,3.065000057220459,3.069000005722046,1301.0
2026-08-05 14:41:00,NTAP,,189.1699981689453,189.1699981689453,189.00999450683594,189.05999755859375,3147.0
2026-08-05 14:41:00,NTCT,,41.93000030517578,41.93000030517578,41.93000030517578,41.93000030517578,1226.0
2026-08-05 14:41:00,NTES,,127.61499786376953,127.61499786376953,127.58000183105469,127.58000183105469,396.0
2026-08-05 14:41:00,NTNX,,61.05500030517578,61.05500030517578,60.9901008605957,61.02000045776367,7114.0
2026-08-05 14:41:00,NTRS,,184.36000061035156,184.36000061035156,184.36000061035156,184.36000061035156,2109.0
2026-08-05 14:41:00,NUWE,,1.6950000524520874,1.6950000524520874,1.6950000524520874,1.6950000524520874,465.0
2026-08-05 14:41:00,NVAX,,7.554999828338623,7.559999942779541,7.539999961853027,7.55019998550415,9254.0
2026-08-05 14:41:00,NVCR,,16.059999465942383,16.065000534057617,16.059999465942383,16.065000534057617,4057.0
2026-08-05 14:41:00,NVCT,,19.530000686645508,19.530000686645508,19.530000686645508,19.530000686645508,474.0
2026-08-05 14:41:00,NVDA,,221.67999267578125,221.69000244140625,221.55999755859375,221.6199951171875,153886.0
2026-08-05 14:41:00,NVTS,,12.369999885559082,12.369999885559082,12.359999656677246,12.364999771118164,7954.0
2026-08-05 14:41:00,NWE,,69.08999633789062,69.08999633789062,69.04000091552734,69.04000091552734,4705.0
2026-08-05 14:41:00,NWL,,6.221099853515625,6.228899955749512,6.21999979019165,6.224999904632568,9476.0
2026-08-05 14:41:00,NWS,,32.400001525878906,32.400001525878906,32.369998931884766,32.369998931884766,3318.0
2026-08-05 14:41:00,NWSA,,28.364999771118164,28.3799991607666,28.334999084472656,28.344999313354492,15841.0
2026-08-05 14:41:00,NXPI,,231.19000244140625,231.19000244140625,231.0399932861328,231.0800018310547,5589.0
2026-08-05 14:41:00,NXST,,191.44000244140625,191.5399932861328,191.44000244140625,191.5399932861328,2344.0
2026-08-05 14:41:00,NXT,,98.62999725341797,98.70500183105469,98.62999725341797,98.70500183105469,2629.0
2026-08-05 14:41:00,OABI,,2.0850000381469727,2.0850000381469727,2.0850000381469727,2.0850000381469727,125.0
2026-08-05 14:41:00,OBT,,38.91999816894531,38.91999816894531,38.91999816894531,38.91999816894531,1012.0
2026-08-05 14:41:00,OCFC,,19.899999618530273,19.899999618530273,19.899999618530273,19.899999618530273,1424.0
2026-08-05 14:41:00,OCGN,,1.2799999713897705,1.284999966621399,1.2799999713897705,1.2799999713897705,2299.0
2026-08-05 14:41:00,OCSL,,12.100000381469727,12.104999542236328,12.100000381469727,12.100000381469727,3138.0
2026-08-05 14:41:00,OCUL,,8.570099830627441,8.574999809265137,8.570099830627441,8.574999809265137,2188.0
2026-08-05 14:41:00,ODD,,15.20009994506836,15.20009994506836,15.199999809265137,15.199999809265137,1012.0
2026-08-05 14:41:00,ODFL,,213.99989318847656,213.99989318847656,213.99989318847656,213.99989318847656,1584.0
2026-08-05 14:41:00,OESX,,15.270000457763672,15.300000190734863,15.094400405883789,15.094400405883789,1021.0
2026-08-05 14:41:00,OFIX,,10.539999961853027,10.579999923706055,10.539999961853027,10.579999923706055,159.0
2026-08-05 14:41:00,OFLX,,30.45989990234375,30.559999465942383,30.45989990234375,30.559999465942383,1008.0
2026-08-05 14:41:00,OGI,,0.9520999789237976,0.9520999789237976,0.9520999789237976,0.9520999789237976,138.0
2026-08-05 14:41:00,OKTA,,148.1699981689453,148.1699981689453,148.08999633789062,148.1199951171875,3710.0
2026-08-05 14:41:00,OLLI,,78.11000061035156,78.11499786376953,78.08499908447266,78.11499786376953,3555.0
2026-08-05 14:41:00,OLMA,,11.539999961853027,11.539999961853027,11.539999961853027,11.539999961853027,331.0
2026-08-05 14:41:00,OM,,5.110000133514404,5.110000133514404,5.110000133514404,5.110000133514404,348.0
2026-08-05 14:41:00,OMER,,12.694999694824219,12.699999809265137,12.694999694824219,12.694999694824219,753.0
2026-08-05 14:41:00,OMEX,,0.7509999871253967,0.7509999871253967,0.7509999871253967,0.7509999871253967,92.0
2026-08-05 14:41:00,OMH,,0.11599999666213989,0.11599999666213989,0.11599999666213989,0.11599999666213989,1555.0
2026-08-05 14:41:00,ON,,77.58999633789062,77.61000061035156,77.54499816894531,77.61000061035156,20489.0
2026-08-05 14:41:00,ONB,,27.024999618530273,27.030000686645508,27.020000457763672,27.020000457763672,5296.0
2026-08-05 14:41:00,ONDS,,8.885000228881836,8.890000343322754,8.871800422668457,8.879899978637695,236575.0
2026-08-05 14:41:00,ONFO,,0.07339999824762344,0.07349999994039536,0.07329999655485153,0.07349999994039536,15281.0
2026-08-05 14:41:00,OPCH,,23.5049991607666,23.5049991607666,23.489999771118164,23.5,6454.0
2026-08-05 14:41:00,OPEN,,3.7850000858306885,3.7899999618530273,3.7799999713897705,3.7799999713897705,60702.0
2026-08-05 14:41:00,OPHC,,8.789999961853027,8.789999961853027,8.649999618530273,8.649999618530273,200.0
2026-08-05 14:41:00,OPK,,1.315000057220459,1.315000057220459,1.3109999895095825,1.3109999895095825,1971.0
2026-08-05 14:41:00,OPRT,,6.110000133514404,6.114999771118164,6.110000133514404,6.114999771118164,532.0
2026-08-05 14:41:00,ORGO,,2.3450000286102295,2.3450000286102295,2.3450000286102295,2.3450000286102295,1333.0
2026-08-05 14:41:00,ORIC,,12.819999694824219,12.824999809265137,12.8149995803833,12.819999694824219,4498.0
2026-08-05 14:41:00,ORLY,,92.8499984741211,92.87000274658203,92.8499984741211,92.87000274658203,3776.0
2026-08-05 14:41:00,OSBC,,25.799999237060547,25.799999237060547,25.799999237060547,25.799999237060547,947.0
2026-08-05 14:41:00,OSIS,,236.47000122070312,236.47000122070312,236.47000122070312,236.47000122070312,160.0
2026-08-05 14:41:00,OSPN,,16.549999237060547,16.549999237060547,16.549999237060547,16.549999237060547,737.0
2026-08-05 14:41:00,OSS,,13.6899995803833,13.6899995803833,13.664999961853027,13.664999961853027,1390.0
2026-08-05 14:41:00,OSW,,26.540000915527344,26.540000915527344,26.530000686645508,26.530000686645508,911.0
2026-08-05 14:41:00,OTEX,,25.829999923706055,25.829999923706055,25.829999923706055,25.829999923706055,818.0
2026-08-05 14:41:00,OTLK,,1.0149999856948853,1.0149999856948853,1.0149999856948853,1.0149999856948853,1677.0
2026-08-05 14:41:00,OXLC,,9.150199890136719,9.154999732971191,9.150199890136719,9.154999732971191,6078.0
2026-08-05 14:41:00,PAAS,,47.9900016784668,48.0099983215332,47.974998474121094,47.97999954223633,4985.0
2026-08-05 14:41:00,PAHC,,35.56999969482422,35.56999969482422,35.56999969482422,35.56999969482422,1274.0
2026-08-05 14:41:00,PALI,,2.0950000286102295,2.0950000286102295,2.0950000286102295,2.0950000286102295,308.0
2026-08-05 14:41:00,PANW,,364.40008544921875,364.6144104003906,364.3949890136719,364.5450134277344,3351.0
2026-08-05 14:41:00,PAX,,11.425000190734863,11.425000190734863,11.425000190734863,11.425000190734863,399.0
2026-08-05 14:41:00,PAYO,,7.125,7.125,7.125,7.125,903.0
2026-08-05 14:41:00,PAYX,,117.86000061035156,117.86000061035156,117.81999969482422,117.81999969482422,2344.0
2026-08-05 14:41:00,PBYI,,8.038000106811523,8.038000106811523,8.038000106811523,8.038000106811523,1821.0
2026-08-05 14:41:00,PCAR,,133.88499450683594,133.89999389648438,133.8699951171875,133.89999389648438,2438.0
2026-08-05 14:41:00,PCRX,,25.15999984741211,25.209999084472656,24.940000534057617,24.94499969482422,25562.0
2026-08-05 14:41:00,PCT,,6.934999942779541,6.934999942779541,6.920000076293945,6.929999828338623,10302.0
2026-08-05 14:41:00,PCTY,,145.74000549316406,145.8249969482422,145.24000549316406,145.24000549316406,10750.0
2026-08-05 14:41:00,PDD,,90.74500274658203,90.7699966430664,90.74500274658203,90.7699966430664,2269.0
2026-08-05 14:41:00,PDFS,,50.04999923706055,50.04999923706055,50.04999923706055,50.04999923706055,1274.0
2026-08-05 14:41:00,PEBO,,41.63999938964844,41.63999938964844,41.6349983215332,41.6349983215332,2426.0
2026-08-05 14:41:00,PECO,,41.400001525878906,41.400001525878906,41.400001525878906,41.400001525878906,1942.0
2026-08-05 14:41:00,PEGA,,31.81999969482422,31.825000762939453,31.81999969482422,31.825000762939453,5131.0
2026-08-05 14:41:00,PENN,,19.700000762939453,19.709999084472656,19.69499969482422,19.709999084472656,3378.0
2026-08-05 14:41:00,PEP,,138.54010009765625,138.5800018310547,138.52000427246094,138.5800018310547,8823.0
2026-08-05 14:41:00,PEPG,,1.9699000120162964,1.9699000120162964,1.9699000120162964,1.9699000120162964,1528.0
2026-08-05 14:41:00,PESI,,17.844999313354492,17.844999313354492,17.844999313354492,17.844999313354492,1160.0
2026-08-05 14:41:00,PFG,,114.41999816894531,114.41999816894531,114.36499786376953,114.36499786376953,5268.0
2026-08-05 14:41:00,PGC,,46.665000915527344,46.665000915527344,46.665000915527344,46.665000915527344,338.0
2026-08-05 14:41:00,PGEN,,6.835000038146973,6.835000038146973,6.829999923706055,6.835000038146973,19791.0
2026-08-05 14:41:00,PGNY,,31.739999771118164,31.739999771118164,31.739999771118164,31.739999771118164,703.0
2026-08-05 14:41:00,PGY,,21.806800842285156,21.829999923706055,21.799999237060547,21.829999923706055,4095.0
2026-08-05 14:41:00,PHAT,,8.379899978637695,8.379899978637695,8.37909984588623,8.37909984588623,3688.0
2026-08-05 14:41:00,PHVS,,33.459999084472656,33.459999084472656,33.459999084472656,33.459999084472656,128.0
2026-08-05 14:41:00,PLAB,,32.084999084472656,32.084999084472656,32.084999084472656,32.084999084472656,648.0
2026-08-05 14:41:00,PLBY,,1.159999966621399,1.159999966621399,1.159999966621399,1.159999966621399,171.0
2026-08-05 14:41:00,PLMR,,134.63999938964844,134.66000366210938,134.49000549316406,134.66000366210938,2165.0
2026-08-05 14:41:00,PLSE,,37.5099983215332,37.5099983215332,37.5099983215332,37.5099983215332,419.0
2026-08-05 14:41:00,PLUG,,2.0799999237060547,2.0799999237060547,2.069999933242798,2.0701000690460205,46608.0
2026-08-05 14:41:00,PMVP,,1.1887999773025513,1.1887999773025513,1.1887999773025513,1.1887999773025513,700.0
2026-08-05 14:41:00,PNBK,,1.1349999904632568,1.1349999904632568,1.1349999904632568,1.1349999904632568,102.0
2026-08-05 14:41:00,PNFP,,107.93499755859375,107.95999908447266,107.87999725341797,107.94999694824219,3902.0
2026-08-05 14:41:00,PNRG,,188.10000610351562,188.10000610351562,188.02000427246094,188.02000427246094,2110.0
2026-08-05 14:41:00,PNTG,,38.77000045776367,38.77000045776367,38.72999954223633,38.72999954223633,3433.0
2026-08-05 14:41:00,POET,,8.210000038146973,8.21500015258789,8.204999923706055,8.21500015258789,4509.0
2026-08-05 14:41:00,POOL,,205.13499450683594,205.13499450683594,205.13499450683594,205.13499450683594,1154.0
2026-08-05 14:41:00,POWL,,210.6999969482422,210.6999969482422,210.35009765625,210.6999969482422,426.0
2026-08-05 14:41:00,PPC,,26.440000534057617,26.469999313354492,26.420000076293945,26.469999313354492,17804.0
2026-08-05 14:41:00,PPTA,,22.450000762939453,22.459999084472656,22.450000762939453,22.459999084472656,1340.0
2026-08-05 14:41:00,PRAX,,318.010009765625,318.010009765625,317.42498779296875,317.42498779296875,269.0
2026-08-05 14:41:00,PRCH,,15.800000190734863,15.8100004196167,15.789999961853027,15.789999961853027,4889.0
2026-08-05 14:41:00,PRCT,,19.06999969482422,19.100000381469727,19.05500030517578,19.079999923706055,8083.0
2026-08-05 14:41:00,PRGS,,42.345001220703125,42.345001220703125,42.345001220703125,42.345001220703125,945.0
2026-08-05 14:41:00,PRIM,,84.43000030517578,84.66000366210938,84.43000030517578,84.66000366210938,4719.0
2026-08-05 14:41:00,PRME,,3.0450000762939453,3.049999952316284,3.0450000762939453,3.049999952316284,2344.0
2026-08-05 14:41:00,PROK,,1.6349999904632568,1.6349999904632568,1.6349999904632568,1.6349999904632568,1524.0
2026-08-05 14:41:00,PRTA,,8.461000442504883,8.461000442504883,8.461000442504883,8.461000442504883,743.0
2026-08-05 14:41:00,PRTH,,6.619999885559082,6.619999885559082,6.619999885559082,6.619999885559082,1211.0
2026-08-05 14:41:00,PRVA,,24.190000534057617,24.190000534057617,24.190000534057617,24.190000534057617,418.0
2026-08-05 14:41:00,PRZO,,0.5425000190734863,0.5425000190734863,0.5424000024795532,0.5424000024795532,1034.0
2026-08-05 14:41:00,PSEC,,2.184999942779541,2.190000057220459,2.184999942779541,2.184999942779541,882.0
2026-08-05 14:41:00,PSMT,,188.19000244140625,188.19000244140625,188.1300048828125,188.1300048828125,625.0
2026-08-05 14:41:00,PSNL,,13.496800422668457,13.5,13.489999771118164,13.5,2758.0
2026-08-05 14:41:00,PTC,,140.22000122070312,140.22000122070312,140.22000122070312,140.22000122070312,915.0
2026-08-05 14:41:00,PTCT,,69.05999755859375,69.05999755859375,68.99500274658203,68.99500274658203,1098.0
2026-08-05 14:41:00,PTEN,,9.805000305175781,9.805000305175781,9.781000137329102,9.788999557495117,16893.0
2026-08-05 14:41:00,PTGX,,135.9600067138672,135.9600067138672,135.9600067138672,135.9600067138672,1052.0
2026-08-05 14:41:00,PTON,,6.5,6.505000114440918,6.5,6.505000114440918,2206.0
2026-08-05 14:41:00,PUBM,,13.40999984741211,13.40999984741211,13.40999984741211,13.40999984741211,740.0
2026-08-05 14:41:00,PWP,,17.459999084472656,17.479999542236328,17.459999084472656,17.469999313354492,2241.0
2026-08-05 14:41:00,PYPD,,4.574999809265137,4.574999809265137,4.574999809265137,4.574999809265137,271.0
2026-08-05 14:41:00,PYPL,,58.165000915527344,58.165000915527344,58.150001525878906,58.150001525878906,4993.0
2026-08-05 14:41:00,PYXS,,3.0999999046325684,3.0999999046325684,3.0999999046325684,3.0999999046325684,202.0
2026-08-05 14:41:00,PZZA,,29.950000762939453,29.975000381469727,29.950000762939453,29.975000381469727,4180.0
2026-08-05 14:41:00,QCOM,,157.8699951171875,157.88999938964844,157.80999755859375,157.84010314941406,12633.0
2026-08-05 14:41:00,QCRH,,105.4000015258789,105.4000015258789,105.4000015258789,105.4000015258789,1183.0
2026-08-05 14:41:00,QFIN,,13.175000190734863,13.175000190734863,13.170999526977539,13.170999526977539,935.0
2026-08-05 14:41:00,QQQX,,30.3700008392334,30.3700008392334,30.3700008392334,30.3700008392334,749.0
2026-08-05 14:41:00,QRVO,,94.91999816894531,94.91999816894531,94.85009765625,94.88500213623047,1542.0
2026-08-05 14:41:00,SEED,,1.0399999618530273,1.0399999618530273,1.0399999618530273,1.0399999618530273,500.0
2026-08-05 14:41:00,STIM,,2.2200000286102295,2.2249999046325684,2.2200000286102295,2.2249999046325684,1353.0
2026-08-05 14:41:00,WOOF,,2.934999942779541,2.934999942779541,2.934999942779541,2.934999942779541,441.0
2026-08-05 14:42:00,ACDC,,4.465000152587891,4.46999979019165,4.465000152587891,4.46999979019165,2419.0
2026-08-05 14:42:00,BPOP,,177.2100067138672,177.2899932861328,177.1999969482422,177.1999969482422,2260.0
2026-08-05 14:42:00,CASH,,89.2249984741211,89.2249984741211,89.2249984741211,89.2249984741211,111.0
2026-08-05 14:42:00,CPOP,,0.35499998927116394,0.35499998927116394,0.3456999957561493,0.34700000286102295,12072.0
2026-08-05 14:42:00,EYE,,22.940000534057617,22.940000534057617,22.93000030517578,22.940000534057617,2275.0
2026-08-05 14:42:00,GLUE,,15.470000267028809,15.479999542236328,15.449999809265137,15.460000038146973,1233.0
2026-08-05 14:42:00,KIDS,,21.610000610351562,21.610000610351562,21.610000610351562,21.610000610351562,387.0
2026-08-05 14:42:00,LUNG,,1.9800000190734863,1.9800000190734863,1.9800000190734863,1.9800000190734863,181.0
2026-08-05 14:42:00,MBRX,,0.3970000147819519,0.3970000147819519,0.3970000147819519,0.3970000147819519,2006.0
2026-08-05 14:42:00,MDB,,375.69000244140625,375.69000244140625,375.6400146484375,375.6400146484375,1396.0
2026-08-05 14:42:00,MDLZ,,62.56999969482422,62.57500076293945,62.564998626708984,62.57500076293945,6289.0
2026-08-05 14:42:00,MLTX,,17.575000762939453,17.575000762939453,17.56999969482422,17.56999969482422,621.0
2026-08-05 14:42:00,MNPR,,118.43499755859375,118.43499755859375,118.43499755859375,118.43499755859375,1754.0
2026-08-05 14:42:00,MNRO,,13.100000381469727,13.114999771118164,13.100000381469727,13.114999771118164,4679.0
2026-08-05 14:42:00,MNST,,94.7301025390625,94.73999786376953,94.7301025390625,94.7301025390625,2345.0
2026-08-05 14:42:00,MNTK,,1.6799999475479126,1.6799999475479126,1.6799999475479126,1.6799999475479126,231.0
2026-08-05 14:42:00,MNTS,,4.25,4.25,4.25,4.25,2018.0
2026-08-05 14:42:00,MOVE,,12.15999984741211,12.15999984741211,12.15999984741211,12.15999984741211,1277.0
2026-08-05 14:42:00,MPWR,,1340.8499755859375,1340.93994140625,1339.4649658203125,1340.9000244140625,646.0
2026-08-05 14:42:00,MRNA,,56.5099983215332,56.52000045776367,56.404998779296875,56.404998779296875,5321.0
2026-08-05 14:42:00,MYGN,,3.1449999809265137,3.1449999809265137,3.140000104904175,3.140000104904175,2914.0
2026-08-05 14:42:00,MYRG,,340.32501220703125,340.5400085449219,340.25,340.25,1352.0
2026-08-05 14:42:00,NAMS,,27.360000610351562,27.360000610351562,27.315000534057617,27.315000534057617,2057.0
2026-08-05 14:42:00,NB,,5.065000057220459,5.079999923706055,5.060999870300293,5.074999809265137,25019.0
2026-08-05 14:42:00,NBIX,,162.5800018310547,162.64999389648438,162.5800018310547,162.64999389648438,3599.0
2026-08-05 14:42:00,NBTB,,53.3650016784668,53.3650016784668,53.3650016784668,53.3650016784668,542.0
2026-08-05 14:42:00,NDAQ,,94.91999816894531,94.97000122070312,94.91999816894531,94.97000122070312,3747.0
2026-08-05 14:42:00,NEGG,,16.979999542236328,16.979999542236328,16.979999542236328,16.979999542236328,253.0
2026-08-05 14:42:00,NEO,,15.9399995803833,15.960000038146973,15.9399995803833,15.960000038146973,2026.0
2026-08-05 14:42:00,NEOG,,11.59000015258789,11.59000015258789,11.579999923706055,11.59000015258789,1489.0
2026-08-05 14:42:00,NEOV,,2.7899999618530273,2.7950000762939453,2.7799999713897705,2.791100025177002,32396.0
2026-08-05 14:42:00,NESR,,28.549999237060547,28.566699981689453,28.549999237060547,28.566699981689453,1687.0
2026-08-05 14:42:00,NEXT,,6.445000171661377,6.445000171661377,6.445000171661377,6.445000171661377,1582.0
2026-08-05 14:42:00,NFLX,,73.45980072021484,73.47000122070312,73.41220092773438,73.45500183105469,97294.0
2026-08-05 14:42:00,NGNE,,35.584999084472656,35.584999084472656,35.40999984741211,35.40999984741211,1224.0
2026-08-05 14:42:00,NICE,,99.23999786376953,99.23999786376953,99.23999786376953,99.23999786376953,181.0
2026-08-05 14:42:00,NKSH,,41.43000030517578,41.43000030517578,41.43000030517578,41.43000030517578,104.0
2026-08-05 14:42:00,NKTR,,72.52999877929688,72.58999633789062,72.52999877929688,72.58999633789062,2190.0
2026-08-05 14:42:00,NMRK,,15.6850004196167,15.6899995803833,15.6850004196167,15.6899995803833,2465.0
2026-08-05 14:42:00,NN,,14.489999771118164,14.489999771118164,14.489999771118164,14.489999771118164,684.0
2026-08-05 14:42:00,NNBR,,3.8450000286102295,3.8450000286102295,3.8450000286102295,3.8450000286102295,307.0
2026-08-05 14:42:00,NNDM,,1.5449999570846558,1.5449999570846558,1.5449999570846558,1.5449999570846558,964.0
2026-08-05 14:42:00,NOVT,,155.5050048828125,155.52999877929688,155.49000549316406,155.49000549316406,1776.0
2026-08-05 14:42:00,NRDS,,9.074999809265137,9.085000038146973,9.074999809265137,9.074999809265137,9417.0
2026-08-05 14:42:00,NRIX,,24.829999923706055,24.829999923706055,24.829999923706055,24.829999923706055,1188.0
2026-08-05 14:42:00,NRXP,,3.075000047683716,3.075000047683716,3.069999933242798,3.069999933242798,1714.0
2026-08-05 14:42:00,NTAP,,189.55999755859375,189.55999755859375,189.27999877929688,189.27999877929688,4422.0
2026-08-05 14:42:00,NTES,,127.66000366210938,127.66000366210938,127.61499786376953,127.65499877929688,874.0
2026-08-05 14:42:00,NTNX,,61.10499954223633,61.11000061035156,61.05500030517578,61.05500030517578,15107.0
2026-08-05 14:42:00,NTRA,,273.8500061035156,273.8500061035156,273.8500061035156,273.8500061035156,560.0
2026-08-05 14:42:00,NTRS,,184.3800048828125,184.3800048828125,184.3800048828125,184.3800048828125,1295.0
2026-08-05 14:42:00,NVAX,,7.559999942779541,7.567999839782715,7.559999942779541,7.559999942779541,7252.0
2026-08-05 14:42:00,NVCR,,16.049999237060547,16.065000534057617,16.049999237060547,16.065000534057617,4825.0
2026-08-05 14:42:00,NVCT,,19.565000534057617,19.610000610351562,19.549999237060547,19.610000610351562,2043.0
2026-08-05 14:42:00,NVDA,,221.67999267578125,221.72000122070312,221.60499572753906,221.69000244140625,169417.0
2026-08-05 14:42:00,NVMI,,405.4649963378906,405.4649963378906,405.4649963378906,405.4649963378906,248.0
2026-08-05 14:42:00,NVNI,,1.0800000429153442,1.090000033378601,1.0800000429153442,1.090000033378601,9587.0
2026-08-05 14:42:00,NVTS,,12.350000381469727,12.364999771118164,12.350000381469727,12.364999771118164,15629.0
2026-08-05 14:42:00,NWBI,,15.9399995803833,15.9399995803833,15.9399995803833,15.9399995803833,1739.0
2026-08-05 14:42:00,NWE,,69.12999725341797,69.12999725341797,69.12999725341797,69.12999725341797,596.0
2026-08-05 14:42:00,NWL,,6.224999904632568,6.224999904632568,6.21999979019165,6.21999979019165,8911.0
2026-08-05 14:42:00,NWS,,32.3849983215332,32.38999938964844,32.3849983215332,32.38999938964844,1138.0
2026-08-05 14:42:00,NWSA,,28.354999542236328,28.3700008392334,28.354999542236328,28.360000610351562,7269.0
2026-08-05 14:42:00,NXGL,,0.4000000059604645,0.4000000059604645,0.4000000059604645,0.4000000059604645,200.0
2026-08-05 14:42:00,NXPI,,231.19500732421875,231.2100067138672,231.13499450683594,231.19000244140625,2451.0
2026-08-05 14:42:00,NXT,,98.69000244140625,98.69999694824219,98.58999633789062,98.58999633789062,8681.0
2026-08-05 14:42:00,OABI,,2.0850000381469727,2.0850000381469727,2.0850000381469727,2.0850000381469727,652.0
2026-08-05 14:42:00,OCFC,,19.924999237060547,19.924999237060547,19.905000686645508,19.905000686645508,3585.0
2026-08-05 14:42:00,OCGN,,1.2799999713897705,1.284999966621399,1.2799999713897705,1.2799999713897705,4523.0
2026-08-05 14:42:00,OCS,,11.989999771118164,11.989999771118164,11.989999771118164,11.989999771118164,105.0
2026-08-05 14:42:00,OCUL,,8.579999923706055,8.579999923706055,8.574999809265137,8.574999809265137,1125.0
2026-08-05 14:42:00,OESX,,15.242400169372559,15.242400169372559,15.236200332641602,15.236200332641602,1141.0
2026-08-05 14:42:00,OFIX,,10.550000190734863,10.579999923706055,10.539999961853027,10.539999961853027,2372.0
2026-08-05 14:42:00,OKTA,,148.14999389648438,148.23500061035156,148.14999389648438,148.17999267578125,5991.0
2026-08-05 14:42:00,OLLI,,78.1050033569336,78.11000061035156,78.1050033569336,78.11000061035156,3971.0
2026-08-05 14:42:00,OLMA,,11.529999732971191,11.539999961853027,11.529999732971191,11.539999961853027,3458.0
2026-08-05 14:42:00,OMCL,,37.22999954223633,37.22999954223633,37.22999954223633,37.22999954223633,351.0
2026-08-05 14:42:00,OMER,,12.710000038146973,12.710000038146973,12.699999809265137,12.699999809265137,1594.0
2026-08-05 14:42:00,OMH,,0.11599999666213989,0.11599999666213989,0.11420000344514847,0.11420000344514847,7186.0
2026-08-05 14:42:00,ON,,77.6050033569336,77.61000061035156,77.55999755859375,77.59500122070312,19417.0
2026-08-05 14:42:00,ONB,,27.045700073242188,27.045700073242188,27.030000686645508,27.030000686645508,11335.0
2026-08-05 14:42:00,ONCY,,0.7950999736785889,0.7965999841690063,0.7950999736785889,0.7965999841690063,1056.0
2026-08-05 14:42:00,ONDS,,8.864999771118164,8.890000343322754,8.859999656677246,8.885000228881836,356524.0
2026-08-05 14:42:00,ONFO,,0.07320000231266022,0.07339999824762344,0.07320000231266022,0.07329999655485153,101615.0
2026-08-05 14:42:00,OPCH,,23.5,23.514999389648438,23.5,23.510000228881836,1838.0
2026-08-05 14:42:00,OPEN,,3.788100004196167,3.7899999618530273,3.7799999713897705,3.7899999618530273,40092.0
2026-08-05 14:42:00,OPHC,,8.65999984741211,8.65999984741211,8.65999984741211,8.65999984741211,262.0
2026-08-05 14:42:00,OPK,,1.315000057220459,1.315000057220459,1.3100999593734741,1.3100999593734741,1631.0
2026-08-05 14:42:00,ORGO,,2.3450000286102295,2.3499999046325684,2.3450000286102295,2.3450000286102295,1916.0
2026-08-05 14:42:00,ORIC,,12.819999694824219,12.819999694824219,12.819999694824219,12.819999694824219,1237.0
2026-08-05 14:42:00,ORLY,,92.83999633789062,92.83999633789062,92.83999633789062,92.83999633789062,537.0
2026-08-05 14:42:00,ORRF,,43.310001373291016,43.310001373291016,43.310001373291016,43.310001373291016,465.0
2026-08-05 14:42:00,OSBC,,25.799999237060547,25.799999237060547,25.799999237060547,25.799999237060547,1112.0
2026-08-05 14:42:00,OSIS,,236.7100067138672,236.77000427246094,236.7100067138672,236.77000427246094,205.0
2026-08-05 14:42:00,OSPN,,16.55500030517578,16.55500030517578,16.55500030517578,16.55500030517578,799.0
2026-08-05 14:42:00,OSS,,13.680000305175781,13.6850004196167,13.670000076293945,13.670000076293945,830.0
2026-08-05 14:42:00,OSW,,26.540000915527344,26.540000915527344,26.540000915527344,26.540000915527344,1108.0
2026-08-05 14:42:00,OTEX,,25.825000762939453,25.829999923706055,25.825000762939453,25.829999923706055,1505.0
2026-08-05 14:42:00,OTLK,,1.0149999856948853,1.0199999809265137,1.0149999856948853,1.0199999809265137,1257.0
2026-08-05 14:42:00,OVBC,,42.689998626708984,42.689998626708984,42.689998626708984,42.689998626708984,875.0
2026-08-05 14:42:00,OXLC,,9.154999732971191,9.154999732971191,9.154999732971191,9.154999732971191,1523.0
2026-08-05 14:42:00,PAA,,23.204999923706055,23.204999923706055,23.19499969482422,23.19499969482422,9579.0
2026-08-05 14:42:00,PAAS,,47.9900016784668,48.0,47.97999954223633,47.97999954223633,3829.0
2026-08-05 14:42:00,PACB,,1.3100999593734741,1.315000057220459,1.309999942779541,1.309999942779541,3352.0
2026-08-05 14:42:00,PAGP,,25.184999465942383,25.184999465942383,25.18000030517578,25.18000030517578,2829.0
2026-08-05 14:42:00,PALI,,2.1050000190734863,2.1050000190734863,2.0950000286102295,2.0950000286102295,27374.0
2026-08-05 14:42:00,PANW,,364.8818054199219,364.989990234375,364.6199951171875,364.6199951171875,3428.0
2026-08-05 14:42:00,PATK,,87.9800033569336,87.9800033569336,87.95999908447266,87.95999908447266,296.0
2026-08-05 14:42:00,PAX,,11.425000190734863,11.425000190734863,11.425000190734863,11.425000190734863,665.0
2026-08-05 14:42:00,PAYO,,7.119999885559082,7.125,7.119999885559082,7.125,750.0
2026-08-05 14:42:00,PAYX,,117.86000061035156,117.87000274658203,117.86000061035156,117.87000274658203,2314.0
2026-08-05 14:42:00,PCAR,,133.91000366210938,133.91000366210938,133.90499877929688,133.90499877929688,2120.0
2026-08-05 14:42:00,PCRX,,25.065000534057617,25.15999984741211,25.059999465942383,25.15999984741211,3290.0
2026-08-05 14:42:00,PCT,,6.925000190734863,6.925000190734863,6.925000190734863,6.925000190734863,2565.0
2026-08-05 14:42:00,PCTY,,145.75,145.75999450683594,145.6300048828125,145.7449951171875,1949.0
2026-08-05 14:42:00,PDD,,90.7699966430664,90.77999877929688,90.7699966430664,90.77999877929688,1099.0
2026-08-05 14:42:00,PDLB,,20.489999771118164,20.5,20.489999771118164,20.5,986.0
2026-08-05 14:42:00,PEBO,,41.650001525878906,41.650001525878906,41.650001525878906,41.650001525878906,455.0
2026-08-05 14:42:00,PECO,,41.400001525878906,41.400001525878906,41.400001525878906,41.400001525878906,538.0
2026-08-05 14:42:00,PEGA,,31.84000015258789,31.850000381469727,31.829999923706055,31.829999923706055,2985.0
2026-08-05 14:42:00,PENN,,19.700000762939453,19.700000762939453,19.69499969482422,19.700000762939453,2871.0
2026-08-05 14:42:00,PEP,,138.5500030517578,138.5500030517578,138.52999877929688,138.5399932861328,4505.0
2026-08-05 14:42:00,PERI,,9.574999809265137,9.574999809265137,9.574999809265137,9.574999809265137,492.0
2026-08-05 14:42:00,PFG,,114.49500274658203,114.49500274658203,114.49500274658203,114.49500274658203,448.0
2026-08-05 14:42:00,PGC,,46.65999984741211,46.65999984741211,46.65999984741211,46.65999984741211,262.0
2026-08-05 14:42:00,PGEN,,6.84499979019165,6.849899768829346,6.835000038146973,6.835000038146973,10779.0
2026-08-05 14:42:00,PGY,,21.80500030517578,21.80500030517578,21.80500030517578,21.80500030517578,511.0
2026-08-05 14:42:00,PLAB,,32.099998474121094,32.099998474121094,32.099998474121094,32.099998474121094,550.0
2026-08-05 14:42:00,PLMR,,134.64999389648438,134.9199981689453,134.5,134.63999938964844,2894.0
2026-08-05 14:42:00,PLSE,,37.5099983215332,37.5099983215332,37.5099983215332,37.5099983215332,337.0
2026-08-05 14:42:00,PLTK,,3.884999990463257,3.884999990463257,3.884999990463257,3.884999990463257,1090.0
2026-08-05 14:42:00,PLUG,,2.075000047683716,2.0799999237060547,2.069999933242798,2.069999933242798,29973.0
2026-08-05 14:42:00,PNFP,,108.0,108.0,107.9800033569336,108.0,2027.0
2026-08-05 14:42:00,POET,,8.220000267028809,8.220000267028809,8.210000038146973,8.21500015258789,7531.0
2026-08-05 14:42:00,POWI,,61.900001525878906,61.900001525878906,61.8849983215332,61.8849983215332,1187.0
2026-08-05 14:42:00,POWL,,210.6999969482422,210.88999938964844,210.35009765625,210.52499389648438,1136.0
2026-08-05 14:42:00,PPC,,26.440000534057617,26.440000534057617,26.440000534057617,26.440000534057617,296.0
2026-08-05 14:42:00,PPTA,,22.459999084472656,22.459999084472656,22.440000534057617,22.44499969482422,841.0
2026-08-05 14:42:00,PRAX,,317.677490234375,317.9700012207031,317.5,317.5,530.0
2026-08-05 14:42:00,PRCH,,15.800000190734863,15.800000190734863,15.798999786376953,15.798999786376953,1574.0
2026-08-05 14:42:00,PRCT,,19.079999923706055,19.079999923706055,19.079999923706055,19.079999923706055,2099.0
2026-08-05 14:42:00,PRFX,,1.1150000095367432,1.1150000095367432,1.1150000095367432,1.1150000095367432,1092.0
2026-08-05 14:42:00,PRIM,,84.51000213623047,84.55000305175781,84.42500305175781,84.42500305175781,4573.0
2026-08-05 14:42:00,PRME,,3.053299903869629,3.053299903869629,3.049999952316284,3.049999952316284,3465.0
2026-08-05 14:42:00,PROF,,8.149999618530273,8.149999618530273,8.0,8.005000114440918,4937.0
2026-08-05 14:42:00,PROV,,18.09000015258789,18.09000015258789,18.09000015258789,18.09000015258789,397.0
2026-08-05 14:42:00,PRTA,,8.479999542236328,8.479999542236328,8.470000267028809,8.470000267028809,2237.0
2026-08-05 14:42:00,PRVA,,24.209999084472656,24.219999313354492,24.190000534057617,24.190000534057617,2974.0
2026-08-05 14:42:00,PRZO,,0.5425999760627747,0.5425999760627747,0.5425999760627747,0.5425999760627747,2251.0
2026-08-05 14:42:00,PSEC,,2.1898999214172363,2.1898999214172363,2.1898999214172363,2.1898999214172363,1307.0
2026-08-05 14:42:00,PSMT,,186.9600067138672,188.06500244140625,186.91000366210938,188.06500244140625,21074.0
2026-08-05 14:42:00,PSNL,,13.490099906921387,13.491600036621094,13.490099906921387,13.491600036621094,816.0
2026-08-05 14:42:00,PTC,,140.26499938964844,140.26499938964844,140.26499938964844,140.26499938964844,1236.0
2026-08-05 14:42:00,PTCT,,69.08000183105469,69.08000183105469,69.05999755859375,69.05999755859375,1198.0
2026-08-05 14:42:00,PTEN,,9.805000305175781,9.805000305175781,9.805000305175781,9.805000305175781,6177.0
2026-08-05 14:42:00,PTLO,,4.605000019073486,4.605000019073486,4.599999904632568,4.599999904632568,2965.0
2026-08-05 14:42:00,PTON,,6.494999885559082,6.510000228881836,6.494999885559082,6.505000114440918,21951.0
2026-08-05 14:42:00,PUBM,,13.40999984741211,13.40999984741211,13.40999984741211,13.40999984741211,686.0
2026-08-05 14:42:00,PWP,,17.469999313354492,17.469999313354492,17.459999084472656,17.459999084472656,866.0
2026-08-05 14:42:00,PYPD,,4.574999809265137,4.574999809265137,4.574999809265137,4.574999809265137,219.0
2026-08-05 14:42:00,PYPL,,58.13999938964844,58.165000915527344,58.119998931884766,58.165000915527344,21614.0
2026-08-05 14:42:00,PYXS,,3.109999895095825,3.119999885559082,3.109999895095825,3.119999885559082,326.0
2026-08-05 14:42:00,PZZA,,29.919200897216797,29.93000030517578,29.919200897216797,29.93000030517578,1298.0
2026-08-05 14:42:00,QCOM,,157.985595703125,158.0050048828125,157.83120727539062,157.88999938964844,18086.0
2026-08-05 14:42:00,QFIN,,13.170000076293945,13.170000076293945,13.170000076293945,13.170000076293945,2308.0
2026-08-05 14:42:00,QRVO,,94.97000122070312,94.9800033569336,94.93000030517578,94.95999908447266,903.0
2026-08-05 14:42:00,SEED,,1.0399999618530273,1.0399999618530273,1.034999966621399,1.034999966621399,1315.0
2026-08-05 14:42:00,STIM,,2.2200000286102295,2.2200000286102295,2.2200000286102295,2.2200000286102295,200.0
2026-08-05 14:42:00,WOOF,,2.934999942779541,2.934999942779541,2.934999942779541,2.934999942779541,304.0
2026-08-05 14:43:00,BPOP,,177.22000122070312,177.22000122070312,177.2100067138672,177.2100067138672,3079.0
2026-08-05 14:43:00,CASH,,89.45999908447266,89.45999908447266,89.2249984741211,89.2249984741211,12461.0
2026-08-05 14:43:00,CNXN,,86.20999908447266,86.20999908447266,86.20999908447266,86.20999908447266,429.0
2026-08-05 14:43:00,DTIL,,7.46999979019165,7.46999979019165,7.46999979019165,7.46999979019165,206.0
2026-08-05 14:43:00,EYE,,22.93000030517578,22.940000534057617,22.93000030517578,22.940000534057617,2548.0
2026-08-05 14:43:00,FIZZ,,32.209999084472656,32.209999084472656,32.209999084472656,32.209999084472656,1545.0
2026-08-05 14:43:00,GLUE,,15.470000267028809,15.470000267028809,15.470000267028809,15.470000267028809,3050.0
2026-08-05 14:43:00,KIDS,,21.584999084472656,21.59000015258789,21.579999923706055,21.579999923706055,1173.0
2026-08-05 14:43:00,KITTW,,0.013899999670684338,0.013899999670684338,0.013899999670684338,0.013899999670684338,1300.0
2026-08-05 14:43:00,MBRX,,0.39500001072883606,0.39500001072883606,0.39500001072883606,0.39500001072883606,406.0
2026-08-05 14:43:00,MDB,,375.2749938964844,375.739990234375,375.2550048828125,375.739990234375,2341.0
2026-08-05 14:43:00,MDLZ,,62.55500030517578,62.56999969482422,62.55500030517578,62.560001373291016,8238.0
2026-08-05 14:43:00,MNST,,94.74500274658203,94.74500274658203,94.73500061035156,94.73999786376953,3992.0
2026-08-05 14:43:00,MNTK,,1.6799999475479126,1.6799999475479126,1.6799999475479126,1.6799999475479126,626.0
2026-08-05 14:43:00,MNTS,,4.235000133514404,4.239999771118164,4.231900215148926,4.239999771118164,1285.0
2026-08-05 14:43:00,MPWR,,1340.6300048828125,1340.8499755859375,1338.6600341796875,1340.8499755859375,405.0
2026-08-05 14:43:00,MRNA,,56.47999954223633,56.5,56.459999084472656,56.5,5618.0
2026-08-05 14:43:00,MYGN,,3.1449999809265137,3.1500000953674316,3.1449999809265137,3.1500000953674316,6213.0
2026-08-05 14:43:00,MYPS,,0.7217000126838684,0.7271999716758728,0.7215999960899353,0.7271999716758728,892.0
2026-08-05 14:43:00,MYRG,,340.4599914550781,340.4599914550781,340.07000732421875,340.32501220703125,770.0
2026-08-05 14:43:00,NB,,5.065000057220459,5.065000057220459,5.065000057220459,5.065000057220459,241.0
2026-08-05 14:43:00,NDAQ,,94.8949966430664,94.91000366210938,94.8949966430664,94.91000366210938,797.0
2026-08-05 14:43:00,NDSN,,310.6000061035156,310.6000061035156,310.6000061035156,310.6000061035156,313.0
2026-08-05 14:43:00,NEO,,15.9399995803833,15.9399995803833,15.9399995803833,15.9399995803833,800.0
2026-08-05 14:43:00,NEOG,,11.585000038146973,11.585000038146973,11.585000038146973,11.585000038146973,903.0
2026-08-05 14:43:00,NFE,,0.3379000127315521,0.3379000127315521,0.3379000127315521,0.3379000127315521,100.0
2026-08-05 14:43:00,NFLX,,73.44000244140625,73.47000122070312,73.43499755859375,73.45999908447266,34579.0
2026-08-05 14:43:00,NGNE,,35.46500015258789,35.47999954223633,35.459999084472656,35.47999954223633,1718.0
2026-08-05 14:43:00,NHTC,,1.6399999856948853,1.6399999856948853,1.6399999856948853,1.6399999856948853,714.0
2026-08-05 14:43:00,NICE,,99.23999786376953,99.25,99.23999786376953,99.23999786376953,851.0
2026-08-05 14:43:00,NKTX,,2.2049999237060547,2.2049999237060547,2.2049999237060547,2.2049999237060547,1399.0
2026-08-05 14:43:00,NMFC,,7.329999923706055,7.329999923706055,7.329999923706055,7.329999923706055,1154.0
2026-08-05 14:43:00,NMIH,,44.619998931884766,44.619998931884766,44.619998931884766,44.619998931884766,687.0
2026-08-05 14:43:00,NMRA,,1.6050000190734863,1.6050000190734863,1.600000023841858,1.600000023841858,608.0
2026-08-05 14:43:00,NN,,14.5,14.5,14.489999771118164,14.492899894714355,1505.0
2026-08-05 14:43:00,NNBR,,3.8399999141693115,3.8499999046325684,3.8399999141693115,3.8450000286102295,1123.0
2026-08-05 14:43:00,NNDM,,1.5449999570846558,1.5449999570846558,1.5399999618530273,1.5449999570846558,1189.0
2026-08-05 14:43:00,NNOX,,1.0049999952316284,1.0096999406814575,1.0049999952316284,1.0096999406814575,8096.0
2026-08-05 14:43:00,NOVT,,155.5124969482422,155.5124969482422,155.5124969482422,155.5124969482422,516.0
2026-08-05 14:43:00,NPCE,,13.75,13.770000457763672,13.75,13.770000457763672,817.0
2026-08-05 14:43:00,NRDS,,9.076800346374512,9.076800346374512,9.076800346374512,9.076800346374512,505.0
2026-08-05 14:43:00,NRIX,,24.799999237060547,24.809999465942383,24.799999237060547,24.809999465942383,942.0
2026-08-05 14:43:00,NRXP,,3.069999933242798,3.069999933242798,3.069999933242798,3.069999933242798,990.0
2026-08-05 14:43:00,NSSC,,40.400001525878906,40.400001525878906,40.400001525878906,40.400001525878906,262.0
2026-08-05 14:43:00,NTAP,,189.66000366210938,189.66000366210938,189.66000366210938,189.66000366210938,1694.0
2026-08-05 14:43:00,NTCT,,41.8849983215332,41.8849983215332,41.88249969482422,41.88249969482422,408.0
2026-08-05 14:43:00,NTES,,127.56999969482422,127.61000061035156,127.56999969482422,127.61000061035156,341.0
2026-08-05 14:43:00,NTNX,,61.130001068115234,61.130001068115234,61.11000061035156,61.11000061035156,6559.0
2026-08-05 14:43:00,NTRS,,184.46499633789062,184.47999572753906,184.44500732421875,184.44500732421875,2040.0
2026-08-05 14:43:00,NUWE,,1.6998000144958496,1.7000000476837158,1.6998000144958496,1.7000000476837158,388.0
2026-08-05 14:43:00,NVAX,,7.565000057220459,7.565000057220459,7.559999942779541,7.559999942779541,3883.0
2026-08-05 14:43:00,NVCR,,16.05500030517578,16.05500030517578,16.049999237060547,16.049999237060547,4303.0
2026-08-05 14:43:00,NVDA,,221.72999572753906,221.75,221.58999633789062,221.67999267578125,230468.0
2026-08-05 14:43:00,NVEC,,129.08749389648438,129.08749389648438,129.08749389648438,129.08749389648438,391.0
2026-08-05 14:43:00,NVMI,,405.8999938964844,406.0799865722656,405.8999938964844,406.0799865722656,404.0
2026-08-05 14:43:00,NVTS,,12.354999542236328,12.359999656677246,12.350000381469727,12.354999542236328,3703.0
2026-08-05 14:43:00,NWE,,69.125,69.125,69.125,69.125,841.0
2026-08-05 14:43:00,NWL,,6.221099853515625,6.224999904632568,6.21999979019165,6.224999904632568,11107.0
2026-08-05 14:43:00,NWPX,,127.18000030517578,127.18000030517578,127.18000030517578,127.18000030517578,700.0
2026-08-05 14:43:00,NWS,,32.380001068115234,32.39500045776367,32.380001068115234,32.3849983215332,3320.0
2026-08-05 14:43:00,NWSA,,28.3700008392334,28.3700008392334,28.354999542236328,28.364999771118164,6017.0
2026-08-05 14:43:00,NXPI,,231.02999877929688,231.14500427246094,231.02000427246094,231.07000732421875,2942.0
2026-08-05 14:43:00,NXST,,191.02999877929688,191.11500549316406,191.02999877929688,191.11500549316406,2469.0
2026-08-05 14:43:00,NXT,,98.72250366210938,98.7300033569336,98.62999725341797,98.6500015258789,13278.0
2026-08-05 14:43:00,NXTC,,5.119999885559082,5.119999885559082,5.119999885559082,5.119999885559082,397.0
2026-08-05 14:43:00,OCCI,,2.4749999046325684,2.4749999046325684,2.4749999046325684,2.4749999046325684,600.0
2026-08-05 14:43:00,OCFC,,19.93000030517578,19.93000030517578,19.93000030517578,19.93000030517578,528.0
2026-08-05 14:43:00,OCGN,,1.2799999713897705,1.284999966621399,1.2799999713897705,1.284999966621399,935.0
2026-08-05 14:43:00,OCS,,12.0,12.010000228881836,12.0,12.0,5267.0
2026-08-05 14:43:00,OCSL,,12.095000267028809,12.104999542236328,12.09000015258789,12.104999542236328,7834.0
2026-08-05 14:43:00,OCUL,,8.574999809265137,8.579999923706055,8.574999809265137,8.579999923706055,3169.0
2026-08-05 14:43:00,ODD,,15.199999809265137,15.199999809265137,15.199999809265137,15.199999809265137,383.0
2026-08-05 14:43:00,ODFL,,213.8300018310547,213.8300018310547,213.80999755859375,213.80999755859375,1741.0
2026-08-05 14:43:00,OFIX,,10.579999923706055,10.579999923706055,10.510000228881836,10.53499984741211,6176.0
2026-08-05 14:43:00,OFS,,3.5299999713897705,3.5299999713897705,3.5299999713897705,3.5299999713897705,315.0
2026-08-05 14:43:00,OKTA,,148.25,148.25,148.23500061035156,148.23500061035156,2610.0
2026-08-05 14:43:00,OLMA,,11.520000457763672,11.520000457763672,11.520000457763672,11.520000457763672,1096.0
2026-08-05 14:43:00,OMCL,,37.20000076293945,37.20000076293945,37.20000076293945,37.20000076293945,348.0
2026-08-05 14:43:00,OMEX,,0.7509999871253967,0.7509999871253967,0.7509999871253967,0.7509999871253967,1330.0
2026-08-05 14:43:00,OMH,,0.11599999666213989,0.11599999666213989,0.11490000039339066,0.11490000039339066,2179.0
2026-08-05 14:43:00,ON,,77.58000183105469,77.62000274658203,77.55069732666016,77.58999633789062,14931.0
2026-08-05 14:43:00,ONB,,27.030000686645508,27.040000915527344,27.024999618530273,27.040000915527344,15583.0
2026-08-05 14:43:00,ONDS,,8.864999771118164,8.869999885559082,8.850000381469727,8.859999656677246,236678.0
2026-08-05 14:43:00,ONFO,,0.07320000231266022,0.07339999824762344,0.07320000231266022,0.07339999824762344,18489.0
2026-08-05 14:43:00,OPCH,,23.510000228881836,23.510000228881836,23.4950008392334,23.510000228881836,3980.0
2026-08-05 14:43:00,OPEN,,3.7899999618530273,3.7899999618530273,3.7799999713897705,3.7899999618530273,18952.0
2026-08-05 14:43:00,OPK,,1.3199000358581543,1.3199000358581543,1.315000057220459,1.315000057220459,564.0
2026-08-05 14:43:00,OPRA,,19.920000076293945,19.920000076293945,19.920000076293945,19.920000076293945,252.0
2026-08-05 14:43:00,OPRT,,6.110000133514404,6.110000133514404,6.110000133514404,6.110000133514404,113.0
2026-08-05 14:43:00,ORGO,,2.3399999141693115,2.3399999141693115,2.3399999141693115,2.3399999141693115,692.0
2026-08-05 14:43:00,ORIC,,12.805000305175781,12.819999694824219,12.805000305175781,12.819999694824219,2745.0
2026-08-05 14:43:00,ORLY,,92.83000183105469,92.8499984741211,92.83000183105469,92.8499984741211,3849.0
2026-08-05 14:43:00,OSS,,13.6899995803833,13.6899995803833,13.680000305175781,13.6899995803833,3926.0
2026-08-05 14:43:00,OTEX,,25.825000762939453,25.834999084472656,25.825000762939453,25.825000762939453,1851.0
2026-08-05 14:43:00,OTLK,,1.0104000568389893,1.0198999643325806,1.0104000568389893,1.0198999643325806,4860.0
2026-08-05 14:43:00,PAA,,23.19499969482422,23.204999923706055,23.19499969482422,23.204999923706055,5849.0
2026-08-05 14:43:00,PAAS,,48.0,48.0,47.97999954223633,47.97999954223633,4995.0
2026-08-05 14:43:00,PACB,,1.3144999742507935,1.3194999694824219,1.3144999742507935,1.315000057220459,7958.0
2026-08-05 14:43:00,PAGP,,25.18000030517578,25.18000030517578,25.18000030517578,25.18000030517578,712.0
2026-08-05 14:43:00,PANL,,7.275000095367432,7.275000095367432,7.275000095367432,7.275000095367432,385.0
2026-08-05 14:43:00,PANW,,365.6050109863281,365.7200012207031,364.875,364.875,8000.0
2026-08-05 14:43:00,PATK,,87.8949966430664,87.8949966430664,87.8949966430664,87.8949966430664,369.0
2026-08-05 14:43:00,PAYO,,7.125,7.125,7.125,7.125,980.0
2026-08-05 14:43:00,PAYX,,117.8499984741211,117.87000274658203,117.8499984741211,117.87000274658203,1028.0
2026-08-05 14:43:00,PCAR,,133.86000061035156,133.88999938964844,133.86000061035156,133.88999938964844,2567.0
2026-08-05 14:43:00,PCRX,,24.96500015258789,25.059999465942383,24.860000610351562,25.059999465942383,10391.0
2026-08-05 14:43:00,PCT,,6.925000190734863,6.925000190734863,6.925000190734863,6.925000190734863,538.0
2026-08-05 14:43:00,PDD,,90.75,90.76000213623047,90.75,90.76000213623047,735.0
2026-08-05 14:43:00,PECO,,41.404998779296875,41.404998779296875,41.404998779296875,41.404998779296875,1215.0
2026-08-05 14:43:00,PEGA,,31.84000015258789,31.84000015258789,31.84000015258789,31.84000015258789,991.0
2026-08-05 14:43:00,PENN,,19.69499969482422,19.700000762939453,19.69499969482422,19.700000762939453,9634.0
2026-08-05 14:43:00,PEP,,138.52000427246094,138.5399932861328,138.52000427246094,138.5399932861328,3477.0
2026-08-05 14:43:00,PFG,,114.4800033569336,114.48999786376953,114.4800033569336,114.48999786376953,1205.0
2026-08-05 14:43:00,PGEN,,6.84499979019165,6.84499979019165,6.829999923706055,6.84499979019165,28690.0
2026-08-05 14:43:00,PGY,,21.760000228881836,21.799999237060547,21.760000228881836,21.799999237060547,5356.0
2026-08-05 14:43:00,PHAT,,8.364999771118164,8.371000289916992,8.364999771118164,8.369999885559082,4013.0
2026-08-05 14:43:00,PHVS,,33.459999084472656,33.5,33.459999084472656,33.459999084472656,776.0
2026-08-05 14:43:00,PLAB,,32.084999084472656,32.084999084472656,32.084999084472656,32.084999084472656,697.0
2026-08-05 14:43:00,PLBC,,61.349998474121094,61.349998474121094,61.349998474121094,61.349998474121094,1681.0
2026-08-05 14:43:00,PLMR,,134.3699951171875,134.75,133.97999572753906,134.6649932861328,21600.0
2026-08-05 14:43:00,PLTK,,3.890000104904175,3.890000104904175,3.890000104904175,3.890000104904175,462.0
2026-08-05 14:43:00,PLUG,,2.075000047683716,2.0799999237060547,2.069999933242798,2.069999933242798,54644.0
2026-08-05 14:43:00,PNFP,,108.01000213623047,108.04000091552734,108.01000213623047,108.04000091552734,1821.0
2026-08-05 14:43:00,PNTG,,38.71200180053711,38.71200180053711,38.71200180053711,38.71200180053711,1066.0
2026-08-05 14:43:00,POET,,8.210000038146973,8.225000381469727,8.210000038146973,8.225000381469727,5609.0
2026-08-05 14:43:00,POOL,,204.89999389648438,204.9499969482422,204.89999389648438,204.9499969482422,1942.0
2026-08-05 14:43:00,POWI,,61.849998474121094,61.849998474121094,61.849998474121094,61.849998474121094,6671.0
2026-08-05 14:43:00,POWL,,210.83999633789062,210.9499969482422,210.83999633789062,210.9499969482422,1372.0
2026-08-05 14:43:00,PPC,,26.459999084472656,26.459999084472656,26.440000534057617,26.440000534057617,4381.0
2026-08-05 14:43:00,PPTA,,22.44659996032715,22.44659996032715,22.44659996032715,22.44659996032715,1132.0
2026-08-05 14:43:00,PRAX,,317.6449890136719,317.6449890136719,317.6449890136719,317.6449890136719,231.0
2026-08-05 14:43:00,PRCH,,15.800000190734863,15.800000190734863,15.800000190734863,15.800000190734863,397.0
2026-08-05 14:43:00,PRCT,,19.110000610351562,19.139999389648438,19.06999969482422,19.09000015258789,6862.0
2026-08-05 14:43:00,PRIM,,84.55999755859375,84.55999755859375,84.47000122070312,84.54000091552734,1338.0
2026-08-05 14:43:00,PRME,,3.0450000762939453,3.049999952316284,3.0450000762939453,3.049999952316284,4940.0
2026-08-05 14:43:00,PROF,,8.069999694824219,8.069999694824219,8.069999694824219,8.069999694824219,610.0
2026-08-05 14:43:00,PRSO,,0.6947000026702881,0.6947000026702881,0.6947000026702881,0.6947000026702881,1301.0
2026-08-05 14:43:00,PRTA,,8.470000267028809,8.475000381469727,8.470000267028809,8.475000381469727,1107.0
2026-08-05 14:43:00,PRVA,,24.200000762939453,24.200000762939453,24.200000762939453,24.200000762939453,1377.0
2026-08-05 14:43:00,PRZO,,0.550000011920929,0.550000011920929,0.5497999787330627,0.5497999787330627,3378.0
2026-08-05 14:43:00,PSEC,,2.184999942779541,2.190000057220459,2.1812000274658203,2.190000057220459,3391.0
2026-08-05 14:43:00,PSMT,,187.27000427246094,187.27000427246094,186.75999450683594,187.05499267578125,5805.0
2026-08-05 14:43:00,PSNY,,14.170000076293945,14.170000076293945,14.170000076293945,14.170000076293945,236.0
2026-08-05 14:43:00,PTCT,,69.08499908447266,69.08499908447266,69.08499908447266,69.08499908447266,1277.0
2026-08-05 14:43:00,PTEN,,9.805000305175781,9.805000305175781,9.801199913024902,9.805000305175781,4602.0
2026-08-05 14:43:00,PTON,,6.489999771118164,6.494999885559082,6.489999771118164,6.489999771118164,12579.0
2026-08-05 14:43:00,PWP,,17.459999084472656,17.459999084472656,17.459999084472656,17.459999084472656,459.0
2026-08-05 14:43:00,PYPD,,4.574999809265137,4.574999809265137,4.574999809265137,4.574999809265137,251.0
2026-08-05 14:43:00,PYPL,,58.13999938964844,58.13999938964844,58.130001068115234,58.13999938964844,2769.0
2026-08-05 14:43:00,PYXS,,3.0999999046325684,3.0999999046325684,3.0999999046325684,3.0999999046325684,528.0
2026-08-05 14:43:00,PZZA,,29.889999389648438,29.90999984741211,29.889999389648438,29.899999618530273,3502.0
2026-08-05 14:43:00,QCOM,,157.9600067138672,157.96499633789062,157.91000366210938,157.9499969482422,11247.0
2026-08-05 14:43:00,QFIN,,13.15999984741211,13.15999984741211,13.15999984741211,13.15999984741211,3540.0
2026-08-05 14:43:00,QRVO,,94.96499633789062,94.9800033569336,94.95500183105469,94.9800033569336,869.0
2026-08-05 14:43:00,SEED,,1.049399971961975,1.049399971961975,1.0449999570846558,1.0449999570846558,1650.0
2026-08-05 14:43:00,SQFTP,,5.800000190734863,5.800000190734863,5.800000190734863,5.800000190734863,0.0
2026-08-05 14:43:00,STIM,,2.2200000286102295,2.2249999046325684,2.2200000286102295,2.2200000286102295,923.0
2026-08-05 14:43:00,WOOF,,2.930000066757202,2.930000066757202,2.924999952316284,2.930000066757202,14626.0
2026-08-05 14:44:00,ACDC,,4.474999904632568,4.474999904632568,4.465000152587891,4.465000152587891,26259.0
2026-08-05 14:44:00,DTIL,,7.480000019073486,7.480000019073486,7.480000019073486,7.480000019073486,278.0
2026-08-05 14:44:00,FRST,,16.510000228881836,16.510000228881836,16.489999771118164,16.489999771118164,14547.0
2026-08-05 14:44:00,GLUE,,15.460000038146973,15.460000038146973,15.460000038146973,15.460000038146973,760.0
2026-08-05 14:44:00,LUNG,,1.9800000190734863,1.9900000095367432,1.9800000190734863,1.9900000095367432,1067.0
2026-08-05 14:44:00,MBRX,,0.39500001072883606,0.3970000147819519,0.39500001072883606,0.3970000147819519,740.0
2026-08-05 14:44:00,MDB,,376.0400085449219,376.1000061035156,375.5899963378906,375.5899963378906,3107.0
2026-08-05 14:44:00,MDLZ,,62.52000045776367,62.55500030517578,62.51499938964844,62.55500030517578,14298.0
2026-08-05 14:44:00,MLTX,,17.56999969482422,17.56999969482422,17.56999969482422,17.56999969482422,401.0
2026-08-05 14:44:00,MNRO,,13.100000381469727,13.100000381469727,13.085000038146973,13.100000381469727,14902.0
2026-08-05 14:44:00,MNST,,94.73999786376953,94.73999786376953,94.7300033569336,94.7300033569336,2288.0
2026-08-05 14:44:00,MNTS,,4.239999771118164,4.239999771118164,4.230100154876709,4.230100154876709,6566.0
2026-08-05 14:44:00,MODD,,2.069999933242798,2.1050000190734863,2.069999933242798,2.1050000190734863,4279.0
2026-08-05 14:44:00,MORN,,197.9550018310547,197.99000549316406,197.9550018310547,197.9600067138672,683.0
2026-08-05 14:44:00,MPWR,,1338.9200439453125,1340.6300048828125,1338.9200439453125,1340.6300048828125,363.0
2026-08-05 14:44:00,MRNA,,56.4900016784668,56.529998779296875,56.47999954223633,56.47999954223633,4260.0
2026-08-05 14:44:00,MYGN,,3.1449999809265137,3.1549999713897705,3.1449999809265137,3.1500000953674316,6870.0
2026-08-05 14:44:00,MYRG,,340.44000244140625,340.44000244140625,340.44000244140625,340.44000244140625,62.0
2026-08-05 14:44:00,NAUT,,0.9394999742507935,0.9394999742507935,0.9394999742507935,0.9394999742507935,210.0
2026-08-05 14:44:00,NAVI,,9.114999771118164,9.114999771118164,9.114999771118164,9.114999771118164,321.0
2026-08-05 14:44:00,NB,,5.063000202178955,5.065000057220459,5.059999942779541,5.065000057220459,5667.0
2026-08-05 14:44:00,NDAQ,,94.87999725341797,94.8949966430664,94.86009979248047,94.8949966430664,2093.0
2026-08-05 14:44:00,NEGG,,16.979999542236328,16.979999542236328,16.979999542236328,16.979999542236328,1455.0
2026-08-05 14:44:00,NEO,,15.920000076293945,15.930000305175781,15.920000076293945,15.930000305175781,3123.0
2026-08-05 14:44:00,NEOG,,11.585000038146973,11.58590030670166,11.579999923706055,11.579999923706055,1376.0
2026-08-05 14:44:00,NEOV,,2.7850000858306885,2.7850000858306885,2.7809998989105225,2.7809998989105225,5373.0
2026-08-05 14:44:00,NEXT,,6.440000057220459,6.440000057220459,6.440000057220459,6.440000057220459,685.0
2026-08-05 14:44:00,NFE,,0.337799996137619,0.3398999869823456,0.337799996137619,0.3379000127315521,759.0
2026-08-05 14:44:00,NFLX,,73.41999816894531,73.43499755859375,73.41380310058594,73.43499755859375,23057.0
2026-08-05 14:44:00,NICE,,99.33999633789062,99.33999633789062,99.25,99.25,3820.0
2026-08-05 14:44:00,NKTR,,72.58499908447266,72.58999633789062,72.58499908447266,72.58999633789062,571.0
2026-08-05 14:44:00,NMIH,,44.599998474121094,44.61000061035156,44.599998474121094,44.61000061035156,516.0
2026-08-05 14:44:00,NMRA,,1.6050000190734863,1.6050000190734863,1.6050000190734863,1.6050000190734863,600.0
2026-08-05 14:44:00,NMRK,,15.694999694824219,15.699999809265137,15.6850004196167,15.6850004196167,6132.0
2026-08-05 14:44:00,NN,,14.520000457763672,14.520000457763672,14.510000228881836,14.510000228881836,2152.0
2026-08-05 14:44:00,NNBR,,3.8499999046325684,3.8499999046325684,3.8450000286102295,3.8450000286102295,700.0
2026-08-05 14:44:00,NNDM,,1.5449999570846558,1.5449999570846558,1.5449999570846558,1.5449999570846558,867.0
2026-08-05 14:44:00,NNOX,,1.0099999904632568,1.0099999904632568,1.0049999952316284,1.0099999904632568,7977.0
2026-08-05 14:44:00,NOVT,,155.50999450683594,155.50999450683594,155.50999450683594,155.50999450683594,812.0
2026-08-05 14:44:00,NPCE,,13.765000343322754,13.770000457763672,13.739999771118164,13.739999771118164,2230.0
2026-08-05 14:44:00,NRC,,19.579999923706055,19.770000457763672,19.579999923706055,19.709999084472656,7211.0
2026-08-05 14:44:00,NRDS,,9.074999809265137,9.074999809265137,9.074999809265137,9.074999809265137,315.0
2026-08-05 14:44:00,NRIM,,27.020000457763672,27.020000457763672,27.020000457763672,27.020000457763672,184.0
2026-08-05 14:44:00,NRIX,,24.81999969482422,24.81999969482422,24.815000534057617,24.815000534057617,3260.0
2026-08-05 14:44:00,NRXP,,3.069999933242798,3.069999933242798,3.069999933242798,3.069999933242798,169.0
2026-08-05 14:44:00,NSSC,,40.40999984741211,40.40999984741211,40.40999984741211,40.40999984741211,876.0
2026-08-05 14:44:00,NTAP,,189.66000366210938,189.8300018310547,189.64999389648438,189.75999450683594,7175.0
2026-08-05 14:44:00,NTCT,,41.93000030517578,41.93000030517578,41.93000030517578,41.93000030517578,397.0
2026-08-05 14:44:00,NTES,,127.62000274658203,127.62000274658203,127.62000274658203,127.62000274658203,706.0
2026-08-05 14:44:00,NTGR,,24.3700008392334,24.3700008392334,24.3700008392334,24.3700008392334,187.0
2026-08-05 14:44:00,NTNX,,61.15999984741211,61.15999984741211,61.119998931884766,61.119998931884766,8357.0
2026-08-05 14:44:00,NTRA,,273.2200012207031,273.739990234375,273.2200012207031,273.739990234375,3010.0
2026-08-05 14:44:00,NUWE,,1.6991000175476074,1.6991000175476074,1.690999984741211,1.690999984741211,1563.0
2026-08-05 14:44:00,NVAX,,7.565000057220459,7.565000057220459,7.565000057220459,7.565000057220459,713.0
2026-08-05 14:44:00,NVCR,,16.030000686645508,16.045000076293945,16.030000686645508,16.045000076293945,4738.0
2026-08-05 14:44:00,NVDA,,221.74000549316406,221.77000427246094,221.67030334472656,221.7449951171875,135944.0
2026-08-05 14:44:00,NVMI,,405.9599914550781,405.9599914550781,405.9599914550781,405.9599914550781,350.0
2026-08-05 14:44:00,NVTS,,12.34000015258789,12.354999542236328,12.335000038146973,12.354999542236328,17013.0
2026-08-05 14:44:00,NWBI,,15.9350004196167,15.9350004196167,15.9350004196167,15.9350004196167,963.0
2026-08-05 14:44:00,NWE,,69.08000183105469,69.08999633789062,69.08000183105469,69.08999633789062,543.0
2026-08-05 14:44:00,NWL,,6.224999904632568,6.224999904632568,6.21999979019165,6.21999979019165,11688.0
2026-08-05 14:44:00,NWS,,32.3849983215332,32.3849983215332,32.3849983215332,32.3849983215332,491.0
2026-08-05 14:44:00,NWSA,,28.360000610351562,28.360000610351562,28.354999542236328,28.354999542236328,2084.0
2026-08-05 14:44:00,NXGL,,0.4000000059604645,0.4000000059604645,0.4000000059604645,0.4000000059604645,100.0
2026-08-05 14:44:00,NXPI,,230.86000061035156,231.02999877929688,230.86000061035156,231.02999877929688,3983.0
2026-08-05 14:44:00,NXT,,98.91999816894531,98.91999816894531,98.79000091552734,98.79000091552734,5534.0
2026-08-05 14:44:00,OABI,,2.088900089263916,2.088900089263916,2.088900089263916,2.088900089263916,353.0
2026-08-05 14:44:00,OBIO,,4.215000152587891,4.215000152587891,4.215000152587891,4.215000152587891,631.0
2026-08-05 14:44:00,OCCI,,2.4749999046325684,2.4749999046325684,2.4749999046325684,2.4749999046325684,25.0
2026-08-05 14:44:00,OCFC,,19.93000030517578,19.934999465942383,19.93000030517578,19.930099487304688,11828.0
2026-08-05 14:44:00,OCGN,,1.285099983215332,1.285099983215332,1.2799999713897705,1.2799999713897705,5451.0
2026-08-05 14:44:00,OCSL,,12.09000015258789,12.09000015258789,12.09000015258789,12.09000015258789,4206.0
2026-08-05 14:44:00,ODD,,15.220000267028809,15.220000267028809,15.210000038146973,15.210000038146973,644.0
2026-08-05 14:44:00,ODFL,,213.86000061035156,213.86000061035156,213.86000061035156,213.86000061035156,2238.0
2026-08-05 14:44:00,OFIX,,10.609999656677246,10.645000457763672,10.574999809265137,10.574999809265137,6521.0
2026-08-05 14:44:00,OKTA,,148.3000030517578,148.35000610351562,148.2449951171875,148.2449951171875,4067.0
2026-08-05 14:44:00,OMCL,,37.18000030517578,37.18000030517578,37.18000030517578,37.18000030517578,494.0
2026-08-05 14:44:00,OMEX,,0.7469000220298767,0.7469000220298767,0.7468000054359436,0.7468000054359436,29330.0
2026-08-05 14:44:00,OMH,,0.11550000309944153,0.11550000309944153,0.11550000309944153,0.11550000309944153,570.0
2026-08-05 14:44:00,ON,,77.56999969482422,77.5999984741211,77.55000305175781,77.58999633789062,8561.0
2026-08-05 14:44:00,ONB,,27.030000686645508,27.030000686645508,27.030000686645508,27.030000686645508,2779.0
2026-08-05 14:44:00,ONBPP,,24.83009910583496,24.83009910583496,24.83009910583496,24.83009910583496,784.0
2026-08-05 14:44:00,ONDS,,8.875,8.880000114440918,8.859999656677246,8.864999771118164,330449.0
2026-08-05 14:44:00,ONFO,,0.07329999655485153,0.07329999655485153,0.07320000231266022,0.07329999655485153,9393.0
2026-08-05 14:44:00,OPCH,,23.5,23.5049991607666,23.489999771118164,23.5049991607666,2427.0
2026-08-05 14:44:00,OPEN,,3.7850000858306885,3.7899999618530273,3.7799999713897705,3.789900064468384,63397.0
2026-08-05 14:44:00,OPHC,,8.670000076293945,8.670000076293945,8.670000076293945,8.670000076293945,102.0
2026-08-05 14:44:00,OPK,,1.309999942779541,1.309999942779541,1.309999942779541,1.309999942779541,221.0
2026-08-05 14:44:00,OPRT,,6.119999885559082,6.119999885559082,6.099999904632568,6.099999904632568,1175.0
2026-08-05 14:44:00,ORIC,,12.819999694824219,12.819999694824219,12.805000305175781,12.805000305175781,2496.0
2026-08-05 14:44:00,ORLY,,92.81999969482422,92.83999633789062,92.81999969482422,92.83999633789062,4507.0
2026-08-05 14:44:00,ORMP,,4.400000095367432,4.400000095367432,4.389999866485596,4.389999866485596,1320.0
2026-08-05 14:44:00,OSIS,,236.8249969482422,236.8249969482422,236.8249969482422,236.8249969482422,110.0
2026-08-05 14:44:00,OSPN,,16.559999465942383,16.559999465942383,16.559999465942383,16.559999465942383,386.0
2026-08-05 14:44:00,OSS,,13.680000305175781,13.6899995803833,13.680000305175781,13.6899995803833,896.0
2026-08-05 14:44:00,OSUR,,4.110000133514404,4.110000133514404,4.110000133514404,4.110000133514404,123.0
2026-08-05 14:44:00,OTEX,,25.834999084472656,25.84000015258789,25.825000762939453,25.825000762939453,3408.0
2026-08-05 14:44:00,OTLK,,1.0099999904632568,1.0099999904632568,1.0099999904632568,1.0099999904632568,1408.0
2026-08-05 14:44:00,OXSQ,,1.5,1.5,1.5,1.5,15731.0
2026-08-05 14:44:00,PAA,,23.19499969482422,23.19499969482422,23.19499969482422,23.19499969482422,7660.0
2026-08-05 14:44:00,PAAS,,47.97999954223633,48.0,47.970001220703125,48.0,4585.0
2026-08-05 14:44:00,PACB,,1.3049999475479126,1.319100022315979,1.2999999523162842,1.309999942779541,68482.0
2026-08-05 14:44:00,PAGP,,25.170000076293945,25.174999237060547,25.170000076293945,25.174999237060547,1667.0
2026-08-05 14:44:00,PANL,,7.269999980926514,7.275000095367432,7.269999980926514,7.275000095367432,1945.0
2026-08-05 14:44:00,PANW,,365.8800048828125,365.9549865722656,365.6700134277344,365.6700134277344,69971.0
2026-08-05 14:44:00,PATK,,87.97000122070312,87.97000122070312,87.97000122070312,87.97000122070312,308.0
2026-08-05 14:44:00,PAX,,11.414999961853027,11.425000190734863,11.414999961853027,11.425000190734863,1871.0
2026-08-05 14:44:00,PAYO,,7.119999885559082,7.130000114440918,7.119999885559082,7.119999885559082,2318.0
2026-08-05 14:44:00,PAYX,,117.87000274658203,117.87000274658203,117.8499984741211,117.8550033569336,3078.0
2026-08-05 14:44:00,PCAR,,133.88999938964844,133.88999938964844,133.8800048828125,133.8800048828125,1866.0
2026-08-05 14:44:00,PCRX,,25.0049991607666,25.030000686645508,24.969999313354492,24.969999313354492,3204.0
2026-08-05 14:44:00,PCT,,6.925000190734863,6.929999828338623,6.925000190734863,6.92549991607666,2404.0
2026-08-05 14:44:00,PCTY,,145.69000244140625,145.75999450683594,145.69000244140625,145.7550048828125,1582.0
2026-08-05 14:44:00,PDD,,90.7249984741211,90.7300033569336,90.72000122070312,90.72000122070312,1957.0
2026-08-05 14:44:00,PDFS,,50.005001068115234,50.005001068115234,50.005001068115234,50.005001068115234,417.0
2026-08-05 14:44:00,PECO,,41.400001525878906,41.400001525878906,41.400001525878906,41.400001525878906,111.0
2026-08-05 14:44:00,PEGA,,31.858999252319336,31.858999252319336,31.849000930786133,31.849000930786133,2069.0
2026-08-05 14:44:00,PENN,,19.709999084472656,19.709999084472656,19.6968994140625,19.699899673461914,5869.0
2026-08-05 14:44:00,PEP,,138.49000549316406,138.52000427246094,138.49000549316406,138.50999450683594,11857.0
2026-08-05 14:44:00,PERI,,9.579999923706055,9.579999923706055,9.579999923706055,9.579999923706055,365.0
2026-08-05 14:44:00,PGEN,,6.84499979019165,6.84499979019165,6.840000152587891,6.84499979019165,4009.0
2026-08-05 14:44:00,PGNY,,31.729999542236328,31.729999542236328,31.729999542236328,31.729999542236328,1900.0
2026-08-05 14:44:00,PGY,,21.7549991607666,21.760000228881836,21.75,21.760000228881836,868.0
2026-08-05 14:44:00,PHAT,,8.364999771118164,8.369999885559082,8.364999771118164,8.369999885559082,2346.0
2026-08-05 14:44:00,PHVS,,33.459999084472656,33.459999084472656,33.459999084472656,33.459999084472656,421.0
2026-08-05 14:44:00,PKOH,,41.11000061035156,41.11000061035156,41.11000061035156,41.11000061035156,199.0
2026-08-05 14:44:00,PLAB,,32.11000061035156,32.125,32.099998474121094,32.099998474121094,1418.0
2026-08-05 14:44:00,PLMR,,134.0,134.3300018310547,133.88999938964844,134.24000549316406,4095.0
2026-08-05 14:44:00,PLTK,,3.884999990463257,3.884999990463257,3.884999990463257,3.884999990463257,757.0
2026-08-05 14:44:00,PLUG,,2.079900026321411,2.0799999237060547,2.0701000690460205,2.075000047683716,32667.0
2026-08-05 14:44:00,PLXS,,276.32000732421875,276.5,276.32000732421875,276.32000732421875,402.0
2026-08-05 14:44:00,PMN,,13.265000343322754,13.265000343322754,13.265000343322754,13.265000343322754,127.0
2026-08-05 14:44:00,PNBK,,1.1299999952316284,1.1299999952316284,1.1299999952316284,1.1299999952316284,208.0
2026-08-05 14:44:00,PNFP,,108.02999877929688,108.02999877929688,108.02999877929688,108.02999877929688,384.0
2026-08-05 14:44:00,POET,,8.225000381469727,8.225000381469727,8.210000038146973,8.210100173950195,5476.0
2026-08-05 14:44:00,POOL,,204.97999572753906,204.97999572753906,204.97999572753906,204.97999572753906,686.0
2026-08-05 14:44:00,POWI,,61.79999923706055,61.849998474121094,61.79999923706055,61.849998474121094,1525.0
2026-08-05 14:44:00,POWL,,210.83999633789062,210.83999633789062,210.83999633789062,210.83999633789062,1186.0
2026-08-05 14:44:00,PPC,,26.469999313354492,26.469999313354492,26.459999084472656,26.459999084472656,1568.0
2026-08-05 14:44:00,PPIH,,25.860000610351562,25.860000610351562,25.860000610351562,25.860000610351562,217.0
2026-08-05 14:44:00,PPTA,,22.440000534057617,22.440000534057617,22.440000534057617,22.440000534057617,1912.0
2026-08-05 14:44:00,PRAX,,317.9549865722656,317.9549865722656,317.6449890136719,317.6449890136719,454.0
2026-08-05 14:44:00,PRCH,,15.800000190734863,15.8100004196167,15.789999961853027,15.800000190734863,6745.0
2026-08-05 14:44:00,PRCT,,19.094999313354492,19.100000381469727,19.094999313354492,19.100000381469727,1043.0
2026-08-05 14:44:00,PRDO,,32.88999938964844,32.88999938964844,32.849998474121094,32.849998474121094,1786.0
2026-08-05 14:44:00,PRE,,18.239999771118164,18.239999771118164,18.239999771118164,18.239999771118164,270.0
2026-08-05 14:44:00,PRIM,,84.69999694824219,84.69999694824219,84.4800033569336,84.58999633789062,5183.0
2026-08-05 14:44:00,PRME,,3.04010009765625,3.049999952316284,3.04010009765625,3.0490000247955322,5640.0
2026-08-05 14:44:00,PROF,,8.100000381469727,8.15999984741211,8.0600004196167,8.15999984741211,1906.0
2026-08-05 14:44:00,PRQR,,1.9593000411987305,1.9600000381469727,1.9579999446868896,1.9593000411987305,1561.0
2026-08-05 14:44:00,PRSO,,0.6972000002861023,0.6972000002861023,0.6970999836921692,0.6970999836921692,5934.0
2026-08-05 14:44:00,PRVA,,24.18000030517578,24.190000534057617,24.18000030517578,24.190000534057617,2891.0
2026-08-05 14:44:00,PRZO,,0.5533999800682068,0.5533999800682068,0.5533999800682068,0.5533999800682068,2375.0
2026-08-05 14:44:00,PSMT,,187.3800048828125,187.74000549316406,187.3800048828125,187.74000549316406,3725.0
2026-08-05 14:44:00,PSNL,,13.494999885559082,13.494999885559082,13.494999885559082,13.494999885559082,280.0
2026-08-05 14:44:00,PTEN,,9.790499687194824,9.800000190734863,9.790499687194824,9.800000190734863,6753.0
2026-08-05 14:44:00,PTGX,,135.99000549316406,135.99000549316406,135.99000549316406,135.99000549316406,144.0
2026-08-05 14:44:00,PTLO,,4.605000019073486,4.605000019073486,4.605000019073486,4.605000019073486,1693.0
2026-08-05 14:44:00,PTON,,6.494999885559082,6.494999885559082,6.489999771118164,6.489999771118164,2007.0
2026-08-05 14:44:00,PUBM,,13.40999984741211,13.40999984741211,13.408499717712402,13.408499717712402,863.0
2026-08-05 14:44:00,PWP,,17.479999542236328,17.479999542236328,17.459999084472656,17.479999542236328,3437.0
2026-08-05 14:44:00,PYPD,,4.574999809265137,4.574999809265137,4.574999809265137,4.574999809265137,165.0
2026-08-05 14:44:00,PYPL,,58.140098571777344,58.14500045776367,58.1349983215332,58.1349983215332,4668.0
2026-08-05 14:44:00,PYXS,,3.0999999046325684,3.0999999046325684,3.0999999046325684,3.0999999046325684,577.0
2026-08-05 14:44:00,PZZA,,29.829999923706055,29.899999618530273,29.829999923706055,29.899999618530273,14034.0
2026-08-05 14:44:00,QCOM,,157.88999938964844,157.9459991455078,157.85000610351562,157.9459991455078,9140.0
2026-08-05 14:44:00,QFIN,,13.170000076293945,13.170000076293945,13.170000076293945,13.170000076293945,1964.0
2026-08-05 14:44:00,QRVO,,94.9749984741211,95.0,94.9749984741211,94.98999786376953,1654.0
2026-08-05 14:44:00,SEED,,1.0499999523162842,1.0499999523162842,1.0499999523162842,1.0499999523162842,731.0
2026-08-05 14:44:00,STIM,,2.2200000286102295,2.2249999046325684,2.2200000286102295,2.2249999046325684,699.0
2026-08-05 14:44:00,WOOF,,2.934999942779541,2.934999942779541,2.930000066757202,2.930000066757202,3559.0
2026-08-05 14:45:00,BPOP,,177.14999389648438,177.2050018310547,177.14999389648438,177.2050018310547,1693.0
2026-08-05 14:45:00,BPRN,,42.189998626708984,42.189998626708984,42.189998626708984,42.189998626708984,374.0
2026-08-05 14:45:00,CNXN,,86.16999816894531,86.16999816894531,86.16999816894531,86.16999816894531,736.0
2026-08-05 14:45:00,CPOP,,0.35010001063346863,0.35089999437332153,0.35010001063346863,0.35010001063346863,3806.0
2026-08-05 14:45:00,DTIL,,7.46999979019165,7.46999979019165,7.46999979019165,7.46999979019165,919.0
2026-08-05 14:45:00,EYE,,22.90999984741211,22.920000076293945,22.90999984741211,22.920000076293945,3358.0
2026-08-05 14:45:00,FIZZ,,32.25,32.25,32.25,32.25,545.0
2026-08-05 14:45:00,GLUE,,15.449999809265137,15.449999809265137,15.449999809265137,15.449999809265137,1423.0
2026-08-05 14:45:00,KITT,,1.0399999618530273,1.0399999618530273,1.0399999618530273,1.0399999618530273,2434.0
2026-08-05 14:45:00,LUNG,,1.9850000143051147,1.9900000095367432,1.9850000143051147,1.9850000143051147,2850.0
2026-08-05 14:45:00,MBRX,,0.40149998664855957,0.40149998664855957,0.39500001072883606,0.39500001072883606,609.0
2026-08-05 14:45:00,MDB,,376.29998779296875,376.29998779296875,376.0350036621094,376.0400085449219,1715.0
2026-08-05 14:45:00,MDLZ,,62.46500015258789,62.5099983215332,62.46500015258789,62.5099983215332,8180.0
2026-08-05 14:45:00,MLTX,,17.56999969482422,17.56999969482422,17.56999969482422,17.56999969482422,414.0
2026-08-05 14:45:00,MNRO,,13.109999656677246,13.109999656677246,13.109999656677246,13.109999656677246,1518.0
2026-08-05 14:45:00,MNST,,94.67500305175781,94.7300033569336,94.66500091552734,94.72000122070312,9928.0
2026-08-05 14:45:00,MNTS,,4.244999885559082,4.249100208282471,4.244999885559082,4.249100208282471,589.0
2026-08-05 14:45:00,MODD,,2.0350000858306885,2.069999933242798,2.0,2.069999933242798,18411.0
2026-08-05 14:45:00,MPWR,,1341.5399169921875,1341.5399169921875,1339.760009765625,1339.9000244140625,526.0
2026-08-05 14:45:00,MRNA,,56.525001525878906,56.54999923706055,56.50600051879883,56.5099983215332,4761.0
2026-08-05 14:45:00,MYRG,,340.5799865722656,340.6000061035156,339.7701110839844,339.7701110839844,769.0
2026-08-05 14:45:00,NAMS,,27.360000610351562,27.360000610351562,27.360000610351562,27.360000610351562,321.0
2026-08-05 14:45:00,NAUT,,0.9386000037193298,0.9386000037193298,0.9386000037193298,0.9386000037193298,1171.0
2026-08-05 14:45:00,NAVI,,9.109999656677246,9.109999656677246,9.109999656677246,9.109999656677246,1163.0
2026-08-05 14:45:00,NB,,5.070099830627441,5.074999809265137,5.070000171661377,5.070099830627441,2373.0
2026-08-05 14:45:00,NBIX,,162.72999572753906,162.72999572753906,162.5500030517578,162.61500549316406,3607.0
2026-08-05 14:45:00,NDAQ,,94.83000183105469,94.87000274658203,94.83000183105469,94.87000274658203,3378.0
2026-08-05 14:45:00,NDSN,,310.5400085449219,310.6600036621094,310.5400085449219,310.5400085449219,446.0
2026-08-05 14:45:00,NEO,,15.9399995803833,15.944999694824219,15.925000190734863,15.925000190734863,9541.0
2026-08-05 14:45:00,NEOG,,11.59000015258789,11.59000015258789,11.585000038146973,11.585000038146973,5358.0
2026-08-05 14:45:00,NEOV,,2.7950000762939453,2.795599937438965,2.7850000858306885,2.7850000858306885,12288.0
2026-08-05 14:45:00,NESR,,28.549999237060547,28.56999969482422,28.549999237060547,28.56999969482422,1018.0
2026-08-05 14:45:00,NEWT,,15.09000015258789,15.100000381469727,15.09000015258789,15.100000381469727,448.0
2026-08-05 14:45:00,NEXT,,6.440000057220459,6.440000057220459,6.440000057220459,6.440000057220459,4154.0
2026-08-05 14:45:00,NFE,,0.3379000127315521,0.3379000127315521,0.337799996137619,0.337799996137619,219.0
2026-08-05 14:45:00,NFLX,,73.3949966430664,73.42500305175781,73.37999725341797,73.42500305175781,33201.0
2026-08-05 14:45:00,NICE,,99.31999969482422,99.31999969482422,99.31999969482422,99.31999969482422,379.0
2026-08-05 14:45:00,NKSH,,41.43000030517578,41.43000030517578,41.43000030517578,41.43000030517578,349.0
2026-08-05 14:45:00,NKTX,,2.200000047683716,2.2100000381469727,2.200000047683716,2.2100000381469727,2943.0
2026-08-05 14:45:00,NMFC,,7.322299957275391,7.324999809265137,7.322299957275391,7.324999809265137,311.0
2026-08-05 14:45:00,NMIH,,44.68000030517578,44.68000030517578,44.62009811401367,44.62009811401367,4660.0
2026-08-05 14:45:00,NMRA,,1.6050000190734863,1.6050000190734863,1.6050000190734863,1.6050000190734863,1063.0
2026-08-05 14:45:00,NMRK,,15.704999923706055,15.710000038146973,15.699999809265137,15.699999809265137,2637.0
2026-08-05 14:45:00,NN,,14.520000457763672,14.520000457763672,14.515000343322754,14.520000457763672,1955.0
2026-08-05 14:45:00,NNBR,,3.8450000286102295,3.8499999046325684,3.8450000286102295,3.8450000286102295,1157.0
2026-08-05 14:45:00,NNDM,,1.541100025177002,1.5449999570846558,1.541100025177002,1.5449999570846558,4459.0
2026-08-05 14:45:00,NOVT,,155.50999450683594,155.50999450683594,155.50999450683594,155.50999450683594,599.0
2026-08-05 14:45:00,NPCE,,13.78499984741211,13.789999961853027,13.78499984741211,13.789999961853027,534.0
2026-08-05 14:45:00,NRDS,,9.0649995803833,9.074999809265137,9.0600004196167,9.069999694824219,11576.0
2026-08-05 14:45:00,NRIX,,24.81999969482422,24.81999969482422,24.81999969482422,24.81999969482422,324.0
2026-08-05 14:45:00,NTAP,,189.97000122070312,189.97000122070312,189.6649932861328,189.6699981689453,5415.0
2026-08-05 14:45:00,NTCT,,41.93000030517578,41.93000030517578,41.93000030517578,41.93000030517578,525.0
2026-08-05 14:45:00,NTES,,127.7300033569336,127.7300033569336,127.6500015258789,127.66000366210938,3986.0
2026-08-05 14:45:00,NTGR,,24.3700008392334,24.3700008392334,24.3700008392334,24.3700008392334,945.0
2026-08-05 14:45:00,NTNX,,61.150001525878906,61.15999984741211,61.119998931884766,61.150001525878906,3853.0
2026-08-05 14:45:00,NTRA,,273.50250244140625,273.50250244140625,273.4800109863281,273.4800109863281,1183.0
2026-08-05 14:45:00,NTRB,,2.8301000595092773,2.8301000595092773,2.8301000595092773,2.8301000595092773,601.0
2026-08-05 14:45:00,NTRS,,184.61500549316406,184.61500549316406,184.47500610351562,184.50999450683594,3000.0
2026-08-05 14:45:00,NUWE,,1.7000000476837158,1.7000000476837158,1.6950000524520874,1.6950000524520874,910.0
2026-08-05 14:45:00,NVAX,,7.565000057220459,7.565000057220459,7.565000057220459,7.565000057220459,557.0
2026-08-05 14:45:00,NVCR,,16.049999237060547,16.049999237060547,16.040000915527344,16.040000915527344,2092.0
2026-08-05 14:45:00,NVDA,,221.8000030517578,221.80599975585938,221.60000610351562,221.74000549316406,210553.0
2026-08-05 14:45:00,NVMI,,406.3999938964844,406.3999938964844,406.3999938964844,406.3999938964844,431.0
2026-08-05 14:45:00,NVTS,,12.369999885559082,12.379899978637695,12.345000267028809,12.345000267028809,10726.0
2026-08-05 14:45:00,NWL,,6.21999979019165,6.230000019073486,6.21999979019165,6.224999904632568,11705.0
2026-08-05 14:45:00,NWS,,32.38999938964844,32.38999938964844,32.3849983215332,32.3849983215332,1224.0
2026-08-05 14:45:00,NWSA,,28.354999542236328,28.360000610351562,28.354999542236328,28.354999542236328,5237.0
2026-08-05 14:45:00,NXGL,,0.4000000059604645,0.4000000059604645,0.4000000059604645,0.4000000059604645,100.0
2026-08-05 14:45:00,NXPI,,231.14500427246094,231.1999969482422,230.86000061035156,230.86000061035156,5045.0
2026-08-05 14:45:00,NXT,,99.01000213623047,99.01000213623047,98.83999633789062,98.88500213623047,4147.0
2026-08-05 14:45:00,OCFC,,19.915000915527344,19.940000534057617,19.915000915527344,19.940000534057617,5291.0
2026-08-05 14:45:00,OCGN,,1.284999966621399,1.284999966621399,1.2799999713897705,1.2799999713897705,2041.0
2026-08-05 14:45:00,OCUL,,8.574999809265137,8.574999809265137,8.574999809265137,8.574999809265137,678.0
2026-08-05 14:45:00,OESX,,15.25,15.25,15.25,15.25,559.0
2026-08-05 14:45:00,OFLX,,30.540000915527344,30.540000915527344,30.479999542236328,30.479999542236328,769.0
2026-08-05 14:45:00,OGI,,0.9521999955177307,0.9521999955177307,0.9521999955177307,0.9521999955177307,304.0
2026-08-05 14:45:00,OKTA,,148.36000061035156,148.36000061035156,148.35000610351562,148.35000610351562,1293.0
2026-08-05 14:45:00,OLLI,,78.08000183105469,78.08000183105469,78.08000183105469,78.08000183105469,2512.0
2026-08-05 14:45:00,OMER,,12.720000267028809,12.720000267028809,12.704999923706055,12.704999923706055,3701.0
2026-08-05 14:45:00,OMEX,,0.7488999962806702,0.7488999962806702,0.7488999962806702,0.7488999962806702,750.0
2026-08-05 14:45:00,OMH,,0.11550000309944153,0.11550000309944153,0.11550000309944153,0.11550000309944153,27466.0
2026-08-05 14:45:00,ON,,77.58999633789062,77.60820007324219,77.51000213623047,77.55999755859375,16383.0
2026-08-05 14:45:00,ONB,,27.024999618530273,27.024999618530273,27.024999618530273,27.024999618530273,489.0
2026-08-05 14:45:00,ONDS,,8.870599746704102,8.885000228881836,8.869999885559082,8.875,256119.0
2026-08-05 14:45:00,ONEW,,12.649999618530273,12.649999618530273,12.649999618530273,12.649999618530273,272.0
2026-08-05 14:45:00,ONFO,,0.07360000163316727,0.07360000163316727,0.07329999655485153,0.07339999824762344,14062.0
2026-08-05 14:45:00,OPCH,,23.4950008392334,23.510000228881836,23.4950008392334,23.5049991607666,3372.0
2026-08-05 14:45:00,OPEN,,3.7950000762939453,3.799999952316284,3.7799999713897705,3.7850000858306885,243648.0
2026-08-05 14:45:00,OPHC,,8.670000076293945,8.670000076293945,8.670000076293945,8.670000076293945,101.0
2026-08-05 14:45:00,OPK,,1.309999942779541,1.309999942779541,1.309999942779541,1.309999942779541,949.0
2026-08-05 14:45:00,ORGO,,2.3399999141693115,2.341200113296509,2.3399999141693115,2.3399999141693115,2199.0
2026-08-05 14:45:00,ORIC,,12.84000015258789,12.845000267028809,12.819999694824219,12.819999694824219,2603.0
2026-08-05 14:45:00,ORLY,,92.7699966430664,92.80999755859375,92.7699966430664,92.80999755859375,3141.0
2026-08-05 14:45:00,ORMP,,4.389999866485596,4.389999866485596,4.389999866485596,4.389999866485596,400.0
2026-08-05 14:45:00,OSBC,,25.809999465942383,25.809999465942383,25.809999465942383,25.809999465942383,1013.0
2026-08-05 14:45:00,OSIS,,236.77000427246094,236.77000427246094,236.67999267578125,236.67999267578125,492.0
2026-08-05 14:45:00,OSPN,,16.565000534057617,16.565000534057617,16.559999465942383,16.559999465942383,5204.0
2026-08-05 14:45:00,OSS,,13.675000190734863,13.675000190734863,13.670000076293945,13.670000076293945,1399.0
2026-08-05 14:45:00,OSUR,,4.114999771118164,4.114999771118164,4.114999771118164,4.114999771118164,348.0
2026-08-05 14:45:00,OSW,,26.559999465942383,26.559999465942383,26.559999465942383,26.559999465942383,1138.0
2026-08-05 14:45:00,OTEX,,25.834999084472656,25.84000015258789,25.834999084472656,25.84000015258789,756.0
2026-08-05 14:45:00,OTLK,,1.013200044631958,1.0199999809265137,1.01010000705719,1.0199999809265137,2499.0
2026-08-05 14:45:00,OTTR,,92.16000366210938,92.16000366210938,92.16000366210938,92.16000366210938,1610.0
2026-08-05 14:45:00,OVID,,2.575000047683716,2.575000047683716,2.575000047683716,2.575000047683716,2571.0
2026-08-05 14:45:00,OXLC,,9.154999732971191,9.154999732971191,9.154999732971191,9.154999732971191,106.0
2026-08-05 14:45:00,OXSQ,,1.5049999952316284,1.5049999952316284,1.5049999952316284,1.5049999952316284,4269.0
2026-08-05 14:45:00,PAA,,23.184999465942383,23.19499969482422,23.184999465942383,23.19499969482422,5053.0
2026-08-05 14:45:00,PAAS,,48.02000045776367,48.029998779296875,47.97999954223633,47.97999954223633,8147.0
2026-08-05 14:45:00,PACB,,1.3049999475479126,1.3049999475479126,1.2999999523162842,1.3049999475479126,7362.0
2026-08-05 14:45:00,PALI,,2.1050000190734863,2.1050000190734863,2.1050000190734863,2.1050000190734863,2576.0
2026-08-05 14:45:00,PANW,,365.7900085449219,365.9200134277344,365.760009765625,365.7799987792969,11352.0
2026-08-05 14:45:00,PATK,,88.06999969482422,88.06999969482422,87.9800033569336,87.9800033569336,1613.0
2026-08-05 14:45:00,PAX,,11.414999961853027,11.425000190734863,11.414999961853027,11.420000076293945,4867.0
2026-08-05 14:45:00,PAYO,,7.125,7.125,7.125,7.125,0.0
2026-08-05 14:45:00,PAYS,,9.149999618530273,9.149999618530273,9.149999618530273,9.149999618530273,2126.0
2026-08-05 14:45:00,PAYX,,117.79499816894531,117.86000061035156,117.79499816894531,117.86000061035156,3429.0
2026-08-05 14:45:00,PCAR,,133.83999633789062,133.91000366210938,133.83999633789062,133.86000061035156,3833.0
2026-08-05 14:45:00,PCB,,28.010000228881836,28.020000457763672,28.010000228881836,28.010000228881836,515.0
2026-08-05 14:45:00,PCRX,,25.030000686645508,25.06999969482422,24.959999084472656,25.030000686645508,8389.0
2026-08-05 14:45:00,PCT,,6.945000171661377,6.945000171661377,6.929999828338623,6.929999828338623,7289.0
2026-08-05 14:45:00,PCTY,,145.80999755859375,145.80999755859375,145.66000366210938,145.66000366210938,925.0
2026-08-05 14:45:00,PDD,,90.69999694824219,90.7249984741211,90.69499969482422,90.7249984741211,5008.0
2026-08-05 14:45:00,PDEX,,67.76000213623047,67.76000213623047,67.76000213623047,67.76000213623047,261.0
2026-08-05 14:45:00,PDLB,,20.450000762939453,20.46500015258789,20.450000762939453,20.46500015258789,1031.0
2026-08-05 14:45:00,PECO,,41.38999938964844,41.39500045776367,41.38999938964844,41.39500045776367,958.0
2026-08-05 14:45:00,PEGA,,31.850000381469727,31.854999542236328,31.850000381469727,31.850000381469727,2202.0
2026-08-05 14:45:00,PENN,,19.71500015258789,19.71500015258789,19.700000762939453,19.709999084472656,3287.0
2026-08-05 14:45:00,PEP,,138.41690063476562,138.49000549316406,138.41690063476562,138.49000549316406,9614.0
2026-08-05 14:45:00,PERI,,9.579999923706055,9.579999923706055,9.579999923706055,9.579999923706055,730.0
2026-08-05 14:45:00,PESI,,17.875,17.8799991607666,17.875,17.8799991607666,3517.0
2026-08-05 14:45:00,PFG,,114.47000122070312,114.48999786376953,114.47000122070312,114.47000122070312,1722.0
2026-08-05 14:45:00,PGEN,,6.875,6.880000114440918,6.840000152587891,6.84499979019165,20191.0
2026-08-05 14:45:00,PGNY,,31.729999542236328,31.729999542236328,31.729999542236328,31.729999542236328,845.0
2026-08-05 14:45:00,PGY,,21.75,21.759000778198242,21.75,21.759000778198242,1051.0
2026-08-05 14:45:00,PHAT,,8.364999771118164,8.369999885559082,8.364999771118164,8.364999771118164,1484.0
2026-08-05 14:45:00,PIII,,10.21500015258789,10.21500015258789,10.21500015258789,10.21500015258789,355.0
2026-08-05 14:45:00,PKOH,,41.290000915527344,41.290000915527344,41.290000915527344,41.290000915527344,261.0
2026-08-05 14:45:00,PLAB,,32.12900161743164,32.130001068115234,32.10499954223633,32.10499954223633,897.0
2026-08-05 14:45:00,PLBC,,61.35850143432617,61.35850143432617,61.27000045776367,61.27000045776367,469.0
2026-08-05 14:45:00,PLBY,,1.1649999618530273,1.1663999557495117,1.1649999618530273,1.1663999557495117,9300.0
2026-08-05 14:45:00,PLSE,,37.54999923706055,37.54999923706055,37.4900016784668,37.4900016784668,1702.0
2026-08-05 14:45:00,PLTK,,3.884999990463257,3.884999990463257,3.884999990463257,3.884999990463257,1121.0
2026-08-05 14:45:00,PLUG,,2.0799999237060547,2.0799999237060547,2.075000047683716,2.075000047683716,167340.0
2026-08-05 14:45:00,PLXS,,276.5299987792969,276.6000061035156,276.5299987792969,276.6000061035156,1423.0
2026-08-05 14:45:00,PNFP,,108.0250015258789,108.02999877929688,108.0,108.02999877929688,710.0
2026-08-05 14:45:00,PNTG,,38.75,38.75,38.70000076293945,38.70000076293945,2514.0
2026-08-05 14:45:00,POET,,8.239999771118164,8.239999771118164,8.21500015258789,8.220000267028809,9812.0
2026-08-05 14:45:00,POLA,,1.809999942779541,1.809999942779541,1.809999942779541,1.809999942779541,2171.0
2026-08-05 14:45:00,POOL,,204.9149932861328,204.9149932861328,204.9149932861328,204.9149932861328,197.0
2026-08-05 14:45:00,POWI,,61.79999923706055,61.79999923706055,61.79999923706055,61.79999923706055,601.0
2026-08-05 14:45:00,POWL,,211.33999633789062,211.33999633789062,210.88999938964844,211.00999450683594,2394.0
2026-08-05 14:45:00,PPC,,26.469999313354492,26.469999313354492,26.469999313354492,26.469999313354492,1899.0
2026-08-05 14:45:00,PPSI,,3.0136001110076904,3.0136001110076904,3.0136001110076904,3.0136001110076904,1122.0
2026-08-05 14:45:00,PPTA,,22.479999542236328,22.489999771118164,22.459999084472656,22.459999084472656,3243.0
2026-08-05 14:45:00,PRAX,,317.6449890136719,317.6449890136719,317.6449890136719,317.6449890136719,601.0
2026-08-05 14:45:00,PRCH,,15.8100004196167,15.8100004196167,15.8100004196167,15.8100004196167,3064.0
2026-08-05 14:45:00,PRCT,,19.094999313354492,19.135000228881836,19.020000457763672,19.100000381469727,22785.0
2026-08-05 14:45:00,PRDO,,32.89500045776367,32.89500045776367,32.89500045776367,32.89500045776367,320.0
2026-08-05 14:45:00,PRE,,18.229999542236328,18.25,18.229999542236328,18.25,1881.0
2026-08-05 14:45:00,PRIM,,84.80000305175781,84.80000305175781,84.6449966430664,84.65499877929688,3669.0
2026-08-05 14:45:00,PRME,,3.049999952316284,3.049999952316284,3.049999952316284,3.049999952316284,3243.0
2026-08-05 14:45:00,PRQR,,1.9700000286102295,1.9700000286102295,1.9500000476837158,1.9500000476837158,6208.0
2026-08-05 14:45:00,PRTA,,8.475000381469727,8.475000381469727,8.475000381469727,8.475000381469727,904.0
2026-08-05 14:45:00,PRVA,,24.200000762939453,24.200000762939453,24.190000534057617,24.190000534057617,1683.0
2026-08-05 14:45:00,PSNL,,13.493399620056152,13.493399620056152,13.493399620056152,13.493399620056152,1110.0
2026-08-05 14:45:00,PSNY,,14.149999618530273,14.149999618530273,14.149999618530273,14.149999618530273,184.0
2026-08-05 14:45:00,PTCT,,69.09500122070312,69.09500122070312,69.08999633789062,69.08999633789062,1386.0
2026-08-05 14:45:00,PTEN,,9.789999961853027,9.797599792480469,9.789999961853027,9.797599792480469,8329.0
2026-08-05 14:45:00,PTGX,,136.1300048828125,136.1300048828125,136.1300048828125,136.1300048828125,381.0
2026-08-05 14:45:00,PTLO,,4.59499979019165,4.599999904632568,4.59499979019165,4.599999904632568,3879.0
2026-08-05 14:45:00,PTON,,6.494999885559082,6.5,6.489999771118164,6.5,5211.0
2026-08-05 14:45:00,PUBM,,13.40999984741211,13.40999984741211,13.399999618530273,13.40999984741211,2166.0
2026-08-05 14:45:00,PWP,,17.489999771118164,17.489999771118164,17.469999313354492,17.489999771118164,1997.0
2026-08-05 14:45:00,PYPL,,58.13159942626953,58.154998779296875,58.13010025024414,58.150001525878906,5414.0
2026-08-05 14:45:00,PYXS,,3.0999999046325684,3.0999999046325684,3.0999999046325684,3.0999999046325684,1104.0
2026-08-05 14:45:00,PZZA,,29.819499969482422,29.8799991607666,29.799999237060547,29.8799991607666,9589.0
2026-08-05 14:45:00,QCOM,,158.00999450683594,158.02000427246094,157.85009765625,157.89999389648438,8198.0
2026-08-05 14:45:00,QRVO,,95.12000274658203,95.12000274658203,95.0,95.0,5223.0
2026-08-05 14:45:00,SEED,,1.0499999523162842,1.0499999523162842,1.0499999523162842,1.0499999523162842,517.0
2026-08-05 14:45:00,STIM,,2.2249999046325684,2.2249999046325684,2.2249999046325684,2.2249999046325684,1366.0
2026-08-05 14:45:00,TARA,,3.984999895095825,3.984999895095825,3.984999895095825,3.984999895095825,1950.0
2026-08-05 14:46:00,ACDC,,4.474999904632568,4.474999904632568,4.474999904632568,4.474999904632568,2417.0
2026-08-05 14:46:00,BPOP,,177.11000061035156,177.2050018310547,177.10000610351562,177.2050018310547,2566.0
2026-08-05 14:46:00,CASH,,89.46499633789062,89.46499633789062,89.46499633789062,89.46499633789062,473.0
2026-08-05 14:46:00,CPOP,,0.3443000018596649,0.3443000018596649,0.3443000018596649,0.3443000018596649,400.0
2026-08-05 14:46:00,EYE,,22.899999618530273,22.899999618530273,22.899999618530273,22.899999618530273,334.0
2026-08-05 14:46:00,FIZZ,,32.25,32.25,32.2400016784668,32.2400016784668,606.0
2026-08-05 14:46:00,GLUE,,15.460000038146973,15.460000038146973,15.449999809265137,15.449999809265137,2811.0
2026-08-05 14:46:00,LUNG,,1.9850000143051147,1.9850000143051147,1.9850000143051147,1.9850000143051147,201.0
2026-08-05 14:46:00,MDB,,376.20001220703125,376.32000732421875,376.06500244140625,376.06500244140625,1828.0
2026-08-05 14:46:00,MDLZ,,62.4900016784668,62.494998931884766,62.46500015258789,62.46500015258789,7282.0
2026-08-05 14:46:00,MNRO,,13.119999885559082,13.119999885559082,13.119999885559082,13.119999885559082,1142.0
2026-08-05 14:46:00,MNST,,94.69000244140625,94.69010162353516,94.69000244140625,94.69010162353516,1080.0
2026-08-05 14:46:00,MNTS,,4.252299785614014,4.252299785614014,4.250199794769287,4.250199794769287,1496.0
2026-08-05 14:46:00,MODD,,2.055000066757202,2.055000066757202,2.0299999713897705,2.0299999713897705,2968.0
2026-08-05 14:46:00,MORN,,197.9600067138672,197.9600067138672,197.9600067138672,197.9600067138672,836.0
2026-08-05 14:46:00,MPWR,,1342.1800537109375,1342.719970703125,1340.6949462890625,1340.72998046875,879.0
2026-08-05 14:46:00,MRNA,,56.619998931884766,56.619998931884766,56.529998779296875,56.529998779296875,5064.0
2026-08-05 14:46:00,MYGN,,3.1500000953674316,3.1500000953674316,3.1449999809265137,3.1449999809265137,2132.0
2026-08-05 14:46:00,MYRG,,340.2099914550781,340.2099914550781,340.2099914550781,340.2099914550781,161.0
2026-08-05 14:46:00,NAMS,,27.360000610351562,27.360000610351562,27.360000610351562,27.360000610351562,827.0
2026-08-05 14:46:00,NB,,5.074999809265137,5.079999923706055,5.074999809265137,5.079999923706055,8080.0
2026-08-05 14:46:00,NBTB,,53.349998474121094,53.349998474121094,53.349998474121094,53.349998474121094,477.0
2026-08-05 14:46:00,NDAQ,,94.79000091552734,94.80999755859375,94.79000091552734,94.80999755859375,2185.0
2026-08-05 14:46:00,NDSN,,310.69000244140625,310.69000244140625,310.69000244140625,310.69000244140625,432.0
2026-08-05 14:46:00,NEGG,,17.200000762939453,17.200000762939453,17.010000228881836,17.010000228881836,639.0
2026-08-05 14:46:00,NEO,,15.9399995803833,15.9399995803833,15.9399995803833,15.9399995803833,821.0
2026-08-05 14:46:00,NEOG,,11.59000015258789,11.59000015258789,11.59000015258789,11.59000015258789,3707.0
2026-08-05 14:46:00,NEOV,,2.809999942779541,2.819999933242798,2.801800012588501,2.809999942779541,4750.0
2026-08-05 14:46:00,NESR,,28.549999237060547,28.549999237060547,28.545000076293945,28.549999237060547,1531.0
2026-08-05 14:46:00,NEXT,,6.434999942779541,6.440000057220459,6.434999942779541,6.440000057220459,1983.0
2026-08-05 14:46:00,NFE,,0.337799996137619,0.3391000032424927,0.337799996137619,0.3391000032424927,2100.0
2026-08-05 14:46:00,NFLX,,73.33499908447266,73.40499877929688,73.33499908447266,73.3949966430664,40099.0
2026-08-05 14:46:00,NICE,,99.0999984741211,99.42900085449219,99.0999984741211,99.42900085449219,2316.0
2026-08-05 14:46:00,NKTR,,72.55000305175781,72.55000305175781,72.55000305175781,72.55000305175781,196.0
2026-08-05 14:46:00,NKTX,,2.200000047683716,2.2100000381469727,2.200000047683716,2.2049999237060547,2217.0
2026-08-05 14:46:00,NMFC,,7.324999809265137,7.324999809265137,7.324999809265137,7.324999809265137,957.0
2026-08-05 14:46:00,NMRK,,15.710000038146973,15.710000038146973,15.710000038146973,15.710000038146973,740.0
2026-08-05 14:46:00,NN,,14.520000457763672,14.520000457763672,14.520000457763672,14.520000457763672,2291.0
2026-08-05 14:46:00,NNBR,,3.8399999141693115,3.8399999141693115,3.8399999141693115,3.8399999141693115,280.0
2026-08-05 14:46:00,NNDM,,1.5449999570846558,1.5449999570846558,1.5413000583648682,1.5449999570846558,1103.0
2026-08-05 14:46:00,NNOX,,1.0049999952316284,1.0049999952316284,1.0049999952316284,1.0049999952316284,685.0
2026-08-05 14:46:00,NOVT,,155.35000610351562,155.47999572753906,155.35000610351562,155.47999572753906,1449.0
2026-08-05 14:46:00,NRDS,,9.0649995803833,9.0649995803833,9.0649995803833,9.0649995803833,1605.0
2026-08-05 14:46:00,NRIM,,27.020000457763672,27.020000457763672,27.020000457763672,27.020000457763672,1308.0
2026-08-05 14:46:00,NRXP,,3.065000057220459,3.065000057220459,3.065000057220459,3.065000057220459,11322.0
2026-08-05 14:46:00,NSSC,,40.415000915527344,40.415000915527344,40.415000915527344,40.415000915527344,193.0
2026-08-05 14:46:00,NTAP,,190.125,190.125,190.0500030517578,190.09500122070312,2985.0
2026-08-05 14:46:00,NTCT,,41.90999984741211,41.935001373291016,41.90999984741211,41.935001373291016,2092.0
2026-08-05 14:46:00,NTGR,,24.360000610351562,24.3799991607666,24.360000610351562,24.360000610351562,1523.0
2026-08-05 14:46:00,NTNX,,61.119998931884766,61.13999938964844,61.119998931884766,61.130001068115234,4648.0
2026-08-05 14:46:00,NTRA,,273.7799987792969,273.7799987792969,273.7799987792969,273.7799987792969,690.0
2026-08-05 14:46:00,NTRS,,184.60499572753906,184.61000061035156,184.58999633789062,184.61000061035156,1573.0
2026-08-05 14:46:00,NVAX,,7.579999923706055,7.579999923706055,7.570000171661377,7.570000171661377,6829.0
2026-08-05 14:46:00,NVDA,,221.82000732421875,221.82000732421875,221.67999267578125,221.7899932861328,242891.0
2026-08-05 14:46:00,NVEC,,128.80999755859375,128.80999755859375,128.80999755859375,128.80999755859375,317.0
2026-08-05 14:46:00,NVMI,,406.6000061035156,406.70001220703125,406.6000061035156,406.70001220703125,464.0
2026-08-05 14:46:00,NVTS,,12.385000228881836,12.389800071716309,12.375,12.375,6740.0
2026-08-05 14:46:00,NWBI,,15.9350004196167,15.9350004196167,15.9350004196167,15.9350004196167,371.0
2026-08-05 14:46:00,NWE,,69.00019836425781,69.00019836425781,69.00019836425781,69.00019836425781,252.0
2026-08-05 14:46:00,NWL,,6.224999904632568,6.235000133514404,6.21999979019165,6.221099853515625,33581.0
2026-08-05 14:46:00,NWS,,32.33000183105469,32.3849983215332,32.33000183105469,32.380001068115234,5972.0
2026-08-05 14:46:00,NWSA,,28.295000076293945,28.362499237060547,28.295000076293945,28.295000076293945,24418.0
2026-08-05 14:46:00,NXPI,,231.25,231.25,231.08999633789062,231.14999389648438,3450.0
2026-08-05 14:46:00,NXT,,98.87999725341797,98.91000366210938,98.87999725341797,98.91000366210938,2724.0
2026-08-05 14:46:00,OABI,,2.0799999237060547,2.0799999237060547,2.0799999237060547,2.0799999237060547,404.0
2026-08-05 14:46:00,OCC,,15.760000228881836,15.829999923706055,15.760000228881836,15.829999923706055,494.0
2026-08-05 14:46:00,OCGN,,1.2799999713897705,1.2898999452590942,1.2799999713897705,1.284999966621399,4908.0
2026-08-05 14:46:00,OCSL,,12.079899787902832,12.079999923706055,12.074999809265137,12.079999923706055,1575.0
2026-08-05 14:46:00,OCUL,,8.5649995803833,8.574999809265137,8.5649995803833,8.574999809265137,5521.0
2026-08-05 14:46:00,ODD,,15.199999809265137,15.199999809265137,15.199999809265137,15.199999809265137,637.0
2026-08-05 14:46:00,ODFL,,213.8300018310547,213.86000061035156,213.8300018310547,213.86000061035156,929.0
2026-08-05 14:46:00,OFIX,,10.649999618530273,10.649999618530273,10.649999618530273,10.649999618530273,631.0
2026-08-05 14:46:00,OKTA,,148.36000061035156,148.4199981689453,148.36000061035156,148.36000061035156,1744.0
2026-08-05 14:46:00,OLMA,,11.524999618530273,11.529999732971191,11.524999618530273,11.529999732971191,495.0
2026-08-05 14:46:00,OM,,5.119999885559082,5.119999885559082,5.110000133514404,5.119999885559082,1047.0
2026-08-05 14:46:00,OMCL,,37.189998626708984,37.220001220703125,37.189998626708984,37.220001220703125,473.0
2026-08-05 14:46:00,OMER,,12.739999771118164,12.739999771118164,12.73009967803955,12.739999771118164,2525.0
2026-08-05 14:46:00,ON,,77.62999725341797,77.62999725341797,77.58999633789062,77.5999984741211,12290.0
2026-08-05 14:46:00,ONB,,27.03260040283203,27.03260040283203,27.020299911499023,27.024999618530273,10517.0
2026-08-05 14:46:00,ONDS,,8.849200248718262,8.875,8.84000015258789,8.875,246388.0
2026-08-05 14:46:00,ONEW,,12.6899995803833,12.6899995803833,12.649999618530273,12.65999984741211,2436.0
2026-08-05 14:46:00,ONFO,,0.07349999994039536,0.07349999994039536,0.07349999994039536,0.07349999994039536,1903.0
2026-08-05 14:46:00,OPCH,,23.469999313354492,23.5,23.46500015258789,23.489999771118164,7735.0
2026-08-05 14:46:00,OPEN,,3.799999952316284,3.799999952316284,3.7899999618530273,3.7950000762939453,128447.0
2026-08-05 14:46:00,OPHC,,8.670000076293945,8.670000076293945,8.670000076293945,8.670000076293945,105.0
2026-08-05 14:46:00,OPK,,1.315000057220459,1.315000057220459,1.3100999593734741,1.3100999593734741,710.0
2026-08-05 14:46:00,OPRA,,19.90999984741211,19.90999984741211,19.90999984741211,19.90999984741211,1136.0
2026-08-05 14:46:00,OPRT,,6.110000133514404,6.110000133514404,6.110000133514404,6.110000133514404,3115.0
2026-08-05 14:46:00,ORIC,,12.8149995803833,12.829999923706055,12.8149995803833,12.829999923706055,2522.0
2026-08-05 14:46:00,ORLY,,92.76499938964844,92.76499938964844,92.75,92.75499725341797,5055.0
2026-08-05 14:46:00,OSBC,,25.815000534057617,25.815000534057617,25.815000534057617,25.815000534057617,524.0
2026-08-05 14:46:00,OSPN,,16.540000915527344,16.559999465942383,16.540000915527344,16.559999465942383,2206.0
2026-08-05 14:46:00,OSS,,13.680000305175781,13.680000305175781,13.680000305175781,13.680000305175781,1458.0
2026-08-05 14:46:00,OSUR,,4.114999771118164,4.114999771118164,4.114999771118164,4.114999771118164,373.0
2026-08-05 14:46:00,OTEX,,25.81999969482422,25.829999923706055,25.81999969482422,25.829999923706055,1443.0
2026-08-05 14:46:00,OTLK,,1.0199999809265137,1.0199999809265137,1.0199999809265137,1.0199999809265137,1477.0
2026-08-05 14:46:00,OTTR,,92.13999938964844,92.13999938964844,92.13999938964844,92.13999938964844,1120.0
2026-08-05 14:46:00,OVLY,,33.400001525878906,33.400001525878906,33.400001525878906,33.400001525878906,254.0
2026-08-05 14:46:00,OXLC,,9.154999732971191,9.154999732971191,9.154999732971191,9.154999732971191,470.0
2026-08-05 14:46:00,PAA,,23.174999237060547,23.184999465942383,23.174999237060547,23.18000030517578,4269.0
2026-08-05 14:46:00,PAAS,,48.02000045776367,48.02000045776367,47.9900016784668,48.0099983215332,8777.0
2026-08-05 14:46:00,PACB,,1.3049999475479126,1.309999942779541,1.3013999462127686,1.3049999475479126,188400.0
2026-08-05 14:46:00,PANL,,7.275000095367432,7.275000095367432,7.275000095367432,7.275000095367432,222.0
2026-08-05 14:46:00,PANW,,365.92999267578125,366.0299987792969,365.8800048828125,365.8800048828125,5241.0
2026-08-05 14:46:00,PAYO,,7.119999885559082,7.119999885559082,7.119999885559082,7.119999885559082,474.0
2026-08-05 14:46:00,PAYS,,9.168999671936035,9.168999671936035,9.168999671936035,9.168999671936035,403.0
2026-08-05 14:46:00,PAYX,,117.75499725341797,117.80500030517578,117.75,117.80000305175781,3799.0
2026-08-05 14:46:00,PCAR,,133.9149932861328,133.9149932861328,133.84010314941406,133.84010314941406,2858.0
2026-08-05 14:46:00,PCRX,,25.045000076293945,25.049999237060547,25.020000457763672,25.040000915527344,2879.0
2026-08-05 14:46:00,PCT,,6.940000057220459,6.945000171661377,6.940000057220459,6.945000171661377,5474.0
2026-08-05 14:46:00,PCTY,,145.66000366210938,145.67999267578125,145.66000366210938,145.67999267578125,1271.0
2026-08-05 14:46:00,PDD,,90.72000122070312,90.7300033569336,90.70999908447266,90.7300033569336,1027.0
2026-08-05 14:46:00,PDFS,,50.02000045776367,50.06999969482422,50.02000045776367,50.06999969482422,1631.0
2026-08-05 14:46:00,PDLB,,20.450000762939453,20.454999923706055,20.450000762939453,20.454999923706055,247.0
2026-08-05 14:46:00,PECO,,41.375,41.38999938964844,41.36000061035156,41.380001068115234,19312.0
2026-08-05 14:46:00,PEGA,,31.829999923706055,31.8612003326416,31.829999923706055,31.860000610351562,6892.0
2026-08-05 14:46:00,PENN,,19.719999313354492,19.719999313354492,19.700000762939453,19.700000762939453,1879.0
2026-08-05 14:46:00,PEP,,138.44000244140625,138.4499053955078,138.38999938964844,138.39999389648438,9458.0
2026-08-05 14:46:00,PERI,,9.579999923706055,9.585000038146973,9.579999923706055,9.585000038146973,392.0
2026-08-05 14:46:00,PFG,,114.47000122070312,114.47000122070312,114.47000122070312,114.47000122070312,512.0
2026-08-05 14:46:00,PGC,,46.75,46.75,46.66999816894531,46.66999816894531,1841.0
2026-08-05 14:46:00,PGEN,,6.8867998123168945,6.8867998123168945,6.869999885559082,6.875,20189.0
2026-08-05 14:46:00,PGNY,,31.719999313354492,31.719999313354492,31.719999313354492,31.719999313354492,1496.0
2026-08-05 14:46:00,PGY,,21.739999771118164,21.75,21.739999771118164,21.75,2846.0
2026-08-05 14:46:00,PHVS,,33.400001525878906,33.400001525878906,33.400001525878906,33.400001525878906,303.0
2026-08-05 14:46:00,PLAB,,32.099998474121094,32.119998931884766,32.099998474121094,32.119998931884766,1313.0
2026-08-05 14:46:00,PLBY,,1.1649999618530273,1.1649999618530273,1.1604000329971313,1.1604000329971313,10056.0
2026-08-05 14:46:00,PLMR,,134.0,134.0,133.89999389648438,133.89999389648438,1622.0
2026-08-05 14:46:00,PLTK,,3.884999990463257,3.884999990463257,3.884999990463257,3.884999990463257,1450.0
2026-08-05 14:46:00,PLUG,,2.0799999237060547,2.0799999237060547,2.075000047683716,2.0799999237060547,98219.0
2026-08-05 14:46:00,PMN,,13.265000343322754,13.399999618530273,13.265000343322754,13.399999618530273,2134.0
2026-08-05 14:46:00,PNBK,,1.1349999904632568,1.1349999904632568,1.1349999904632568,1.1349999904632568,5034.0
2026-08-05 14:46:00,PNFP,,108.0,108.0,108.0,108.0,1226.0
2026-08-05 14:46:00,PNTG,,38.75,38.75,38.75,38.75,1114.0
2026-08-05 14:46:00,POCI,,4.21999979019165,4.21999979019165,4.21999979019165,4.21999979019165,210.0
2026-08-05 14:46:00,POET,,8.210200309753418,8.234999656677246,8.210200309753418,8.234999656677246,8201.0
2026-08-05 14:46:00,POOL,,205.02000427246094,205.02000427246094,205.00999450683594,205.00999450683594,1066.0
2026-08-05 14:46:00,POWI,,61.880001068115234,61.880001068115234,61.880001068115234,61.880001068115234,6491.0
2026-08-05 14:46:00,POWL,,211.3350067138672,211.47999572753906,211.3350067138672,211.34500122070312,1292.0
2026-08-05 14:46:00,PPTA,,22.479999542236328,22.479999542236328,22.479999542236328,22.479999542236328,1017.0
2026-08-05 14:46:00,PRAX,,318.1300048828125,318.1300048828125,318.1300048828125,318.1300048828125,314.0
2026-08-05 14:46:00,PRCT,,19.094999313354492,19.094999313354492,19.094999313354492,19.094999313354492,1872.0
2026-08-05 14:46:00,PRDO,,32.84000015258789,32.88999938964844,32.83000183105469,32.880001068115234,11423.0
2026-08-05 14:46:00,PRQR,,1.9600000381469727,1.9700000286102295,1.9600000381469727,1.965000033378601,3274.0
2026-08-05 14:46:00,PRVA,,24.190000534057617,24.190000534057617,24.190000534057617,24.190000534057617,567.0
2026-08-05 14:46:00,PRZO,,0.557699978351593,0.557699978351593,0.557699978351593,0.557699978351593,3510.0
2026-08-05 14:46:00,PSEC,,2.184999942779541,2.184999942779541,2.184999942779541,2.184999942779541,2484.0
2026-08-05 14:46:00,PSNL,,13.520000457763672,13.520000457763672,13.510000228881836,13.510000228881836,1549.0
2026-08-05 14:46:00,PTC,,140.22500610351562,140.22500610351562,140.22500610351562,140.22500610351562,1022.0
2026-08-05 14:46:00,PTEN,,9.795000076293945,9.795000076293945,9.795000076293945,9.795000076293945,4798.0
2026-08-05 14:46:00,PTON,,6.494999885559082,6.494999885559082,6.494999885559082,6.494999885559082,7505.0
2026-08-05 14:46:00,PUBM,,13.40999984741211,13.40999984741211,13.40999984741211,13.40999984741211,249.0
2026-08-05 14:46:00,PWP,,17.5,17.5,17.5,17.5,1120.0
2026-08-05 14:46:00,PYPL,,58.130001068115234,58.14500045776367,58.125099182128906,58.13999938964844,7906.0
2026-08-05 14:46:00,PZZA,,29.670000076293945,29.79050064086914,29.65999984741211,29.790000915527344,13968.0
2026-08-05 14:46:00,QCOM,,157.9499969482422,158.0050048828125,157.92999267578125,157.99000549316406,13703.0
2026-08-05 14:46:00,QRVO,,95.1500015258789,95.16000366210938,95.11000061035156,95.12000274658203,3018.0
2026-08-05 14:46:00,SEED,,1.0399999618530273,1.0499999523162842,1.0299999713897705,1.0499999523162842,3002.0
2026-08-05 14:47:00,ACDC,,4.46999979019165,4.474999904632568,4.46999979019165,4.46999979019165,5174.0
2026-08-05 14:47:00,BPOP,,177.14999389648438,177.14999389648438,177.14999389648438,177.14999389648438,1236.0
2026-08-05 14:47:00,EYE,,22.905000686645508,22.905000686645508,22.905000686645508,22.905000686645508,951.0
2026-08-05 14:47:00,GLUE,,15.460000038146973,15.469900131225586,15.460000038146973,15.469900131225586,456.0
2026-08-05 14:47:00,KIDS,,21.600000381469727,21.600000381469727,21.579999923706055,21.59000015258789,1338.0
2026-08-05 14:47:00,LUNG,,1.9800000190734863,1.9800000190734863,1.9800000190734863,1.9800000190734863,1001.0
2026-08-05 14:47:00,MDLZ,,62.505001068115234,62.5099983215332,62.48500061035156,62.4900016784668,9159.0
2026-08-05 14:47:00,MLTX,,17.56999969482422,17.56999969482422,17.56999969482422,17.56999969482422,130.0
2026-08-05 14:47:00,MNRO,,13.119999885559082,13.119999885559082,13.119999885559082,13.119999885559082,2936.0
2026-08-05 14:47:00,MNST,,94.69999694824219,94.70999908447266,94.69999694824219,94.69999694824219,2511.0
2026-08-05 14:47:00,MNTS,,4.235599994659424,4.235599994659424,4.235599994659424,4.235599994659424,438.0
2026-08-05 14:47:00,MODD,,2.0134999752044678,2.055000066757202,2.0000998973846436,2.055000066757202,741.0
2026-08-05 14:47:00,MPWR,,1342.780029296875,1342.8900146484375,1342.1800537109375,1342.1800537109375,242.0
2026-08-05 14:47:00,MRNA,,56.619998931884766,56.630001068115234,56.619998931884766,56.630001068115234,1666.0
2026-08-05 14:47:00,MYGN,,3.1449999809265137,3.1449999809265137,3.1449999809265137,3.1449999809265137,1174.0
2026-08-05 14:47:00,MYRG,,340.6000061035156,340.6000061035156,340.6000061035156,340.6000061035156,108.0
2026-08-05 14:47:00,NAMS,,27.360000610351562,27.360000610351562,27.360000610351562,27.360000610351562,560.0
2026-08-05 14:47:00,NAVI,,9.109999656677246,9.109999656677246,9.109999656677246,9.109999656677246,596.0
2026-08-05 14:47:00,NBIX,,162.6300048828125,162.82000732421875,162.6300048828125,162.82000732421875,671.0
2026-08-05 14:47:00,NBTB,,53.34000015258789,53.34000015258789,53.34000015258789,53.34000015258789,980.0
2026-08-05 14:47:00,NBTX,,39.880001068115234,39.880001068115234,39.880001068115234,39.880001068115234,457.0
2026-08-05 14:47:00,NDAQ,,94.81500244140625,94.81999969482422,94.80000305175781,94.81999969482422,1606.0
2026-08-05 14:47:00,NEGG,,17.190000534057617,17.190000534057617,17.019500732421875,17.019500732421875,553.0
2026-08-05 14:47:00,NEO,,15.930000305175781,15.930000305175781,15.930000305175781,15.930000305175781,540.0
2026-08-05 14:47:00,NEOG,,11.600000381469727,11.600000381469727,11.600000381469727,11.600000381469727,386.0
2026-08-05 14:47:00,NEON,,0.9399999976158142,0.9399999976158142,0.9399999976158142,0.9399999976158142,1100.0
2026-08-05 14:47:00,NEOV,,2.809999942779541,2.810699939727783,2.809999942779541,2.809999942779541,8644.0
2026-08-05 14:47:00,NESR,,28.559999465942383,28.559999465942383,28.55500030517578,28.55500030517578,2748.0
2026-08-05 14:47:00,NEWT,,15.109999656677246,15.119999885559082,15.095000267028809,15.109999656677246,2588.0
2026-08-05 14:47:00,NEXT,,6.434999942779541,6.434999942779541,6.430099964141846,6.430099964141846,1748.0
2026-08-05 14:47:00,NFE,,0.33809998631477356,0.3391000032424927,0.337799996137619,0.3379000127315521,900.0
2026-08-05 14:47:00,NFLX,,73.36499786376953,73.36990356445312,73.33000183105469,73.33499908447266,26710.0
2026-08-05 14:47:00,NGNE,,35.52000045776367,35.52000045776367,35.52000045776367,35.52000045776367,505.0
2026-08-05 14:47:00,NICE,,99.12999725341797,99.12999725341797,99.0999984741211,99.12999725341797,1423.0
2026-08-05 14:47:00,NKTR,,72.58999633789062,72.67990112304688,72.58999633789062,72.67990112304688,987.0
2026-08-05 14:47:00,NKTX,,2.2049999237060547,2.2049999237060547,2.200000047683716,2.200000047683716,309.0
2026-08-05 14:47:00,NMIH,,44.68000030517578,44.68000030517578,44.68000030517578,44.68000030517578,389.0
2026-08-05 14:47:00,NMRK,,15.71500015258789,15.71500015258789,15.71500015258789,15.71500015258789,370.0
2026-08-05 14:47:00,NN,,14.520000457763672,14.520000457763672,14.520000457763672,14.520000457763672,2933.0
2026-08-05 14:47:00,NNBR,,3.8499999046325684,3.8499999046325684,3.8399999141693115,3.8399999141693115,3008.0
2026-08-05 14:47:00,NNDM,,1.5449999570846558,1.5449999570846558,1.5449999570846558,1.5449999570846558,1065.0
2026-08-05 14:47:00,NNOX,,1.0099999904632568,1.0099999904632568,1.0099999904632568,1.0099999904632568,522.0
2026-08-05 14:47:00,NOVT,,155.36000061035156,155.36000061035156,155.10000610351562,155.10000610351562,4433.0
2026-08-05 14:47:00,NPCE,,13.8100004196167,13.8100004196167,13.8100004196167,13.8100004196167,561.0
2026-08-05 14:47:00,NRC,,19.610000610351562,19.610000610351562,19.610000610351562,19.610000610351562,990.0
2026-08-05 14:47:00,NRDS,,9.0649995803833,9.0649995803833,9.0649995803833,9.0649995803833,436.0
2026-08-05 14:47:00,NRIX,,24.81999969482422,24.81999969482422,24.81999969482422,24.81999969482422,606.0
2026-08-05 14:47:00,NTAP,,190.15499877929688,190.15499877929688,190.1300048828125,190.1300048828125,1396.0
2026-08-05 14:47:00,NTES,,127.6500015258789,127.66000366210938,127.6500015258789,127.66000366210938,1051.0
2026-08-05 14:47:00,NTGR,,24.329999923706055,24.329999923706055,24.329999923706055,24.329999923706055,630.0
2026-08-05 14:47:00,NTNX,,61.150001525878906,61.150001525878906,61.11000061035156,61.11000061035156,6775.0
2026-08-05 14:47:00,NTRS,,184.5449981689453,184.57000732421875,184.5399932861328,184.57000732421875,2604.0
2026-08-05 14:47:00,NVCR,,16.040000915527344,16.049999237060547,16.030000686645508,16.04010009765625,2706.0
2026-08-05 14:47:00,NVDA,,221.80499267578125,221.86000061035156,221.75999450683594,221.80999755859375,246836.0
2026-08-05 14:47:00,NVTS,,12.37969970703125,12.389900207519531,12.375,12.38029956817627,8851.0
2026-08-05 14:47:00,NWBI,,15.9350004196167,15.9350004196167,15.9350004196167,15.9350004196167,1376.0
2026-08-05 14:47:00,NWE,,69.0199966430664,69.03500366210938,69.0199966430664,69.03500366210938,895.0
2026-08-05 14:47:00,NWL,,6.215000152587891,6.224999904632568,6.210000038146973,6.224999904632568,29663.0
2026-08-05 14:47:00,NWS,,32.33000183105469,32.33000183105469,32.33000183105469,32.33000183105469,824.0
2026-08-05 14:47:00,NWSA,,28.299999237060547,28.30500030517578,28.295000076293945,28.299999237060547,11918.0
2026-08-05 14:47:00,NXGL,,0.4000000059604645,0.4000000059604645,0.4000000059604645,0.4000000059604645,100.0
2026-08-05 14:47:00,NXPI,,231.11500549316406,231.21499633789062,230.9600067138672,231.2100067138672,3626.0
2026-08-05 14:47:00,NXT,,98.95999908447266,99.0,98.91999816894531,98.93000030517578,1973.0
2026-08-05 14:47:00,NXTC,,5.090000152587891,5.090000152587891,5.090000152587891,5.090000152587891,1982.0
2026-08-05 14:47:00,OCC,,15.760000228881836,15.760000228881836,15.760000228881836,15.760000228881836,119.0
2026-08-05 14:47:00,OCFC,,19.915000915527344,19.915000915527344,19.915000915527344,19.915000915527344,2148.0
2026-08-05 14:47:00,OCGN,,1.2799999713897705,1.284999966621399,1.2799999713897705,1.284999966621399,5467.0
2026-08-05 14:47:00,OCSL,,12.0600004196167,12.074999809265137,12.0600004196167,12.074999809265137,1975.0
2026-08-05 14:47:00,ODD,,15.1850004196167,15.199999809265137,15.1850004196167,15.1899995803833,3979.0
2026-08-05 14:47:00,ODFL,,213.88999938964844,213.88999938964844,213.69000244140625,213.69000244140625,1920.0
2026-08-05 14:47:00,OFIX,,10.649999618530273,10.649999618530273,10.619999885559082,10.649999618530273,350.0
2026-08-05 14:47:00,OGI,,0.9521999955177307,0.9521999955177307,0.9521999955177307,0.9521999955177307,95.0
2026-08-05 14:47:00,OKTA,,148.40499877929688,148.40499877929688,148.3000030517578,148.33999633789062,4771.0
2026-08-05 14:47:00,OKYO,,1.6100000143051147,1.6100000143051147,1.6100000143051147,1.6100000143051147,4880.0
2026-08-05 14:47:00,OLLI,,77.88999938964844,77.97000122070312,77.88999938964844,77.97000122070312,3148.0
2026-08-05 14:47:00,OLMA,,11.529999732971191,11.545000076293945,11.524999618530273,11.524999618530273,5257.0
2026-08-05 14:47:00,OM,,5.130000114440918,5.130000114440918,5.130000114440918,5.130000114440918,860.0
2026-08-05 14:47:00,OMCL,,37.19499969482422,37.220001220703125,37.19499969482422,37.220001220703125,754.0
2026-08-05 14:47:00,OMER,,12.75,12.75,12.75,12.75,573.0
2026-08-05 14:47:00,ON,,77.56999969482422,77.625,77.55999755859375,77.625,8121.0
2026-08-05 14:47:00,ONB,,27.024999618530273,27.030000686645508,27.020099639892578,27.030000686645508,11675.0
2026-08-05 14:47:00,ONCO,,0.7985000014305115,0.7985000014305115,0.7985000014305115,0.7985000014305115,2569.0
2026-08-05 14:47:00,ONDS,,8.835000038146973,8.850000381469727,8.829999923706055,8.845000267028809,140069.0
2026-08-05 14:47:00,ONFO,,0.07349999994039536,0.07349999994039536,0.07339999824762344,0.07339999824762344,18516.0
2026-08-05 14:47:00,OPCH,,23.459999084472656,23.475000381469727,23.459999084472656,23.475000381469727,2828.0
2026-08-05 14:47:00,OPEN,,3.7899999618530273,3.799999952316284,3.7899999618530273,3.7899999618530273,36518.0
2026-08-05 14:47:00,ORIC,,12.83899974822998,12.83899974822998,12.829999923706055,12.829999923706055,3104.0
2026-08-05 14:47:00,ORLY,,92.80000305175781,92.80000305175781,92.76000213623047,92.76000213623047,19243.0
2026-08-05 14:47:00,OSBC,,25.809999465942383,25.809999465942383,25.809999465942383,25.809999465942383,719.0
2026-08-05 14:47:00,OSPN,,16.530000686645508,16.559999465942383,16.510000228881836,16.520000457763672,25577.0
2026-08-05 14:47:00,OSS,,13.680000305175781,13.680000305175781,13.680000305175781,13.680000305175781,610.0
2026-08-05 14:47:00,OTEX,,25.80500030517578,25.809999465942383,25.80500030517578,25.809999465942383,3867.0
2026-08-05 14:47:00,OTLK,,1.0199999809265137,1.0199999809265137,1.0149999856948853,1.0149999856948853,3105.0
2026-08-05 14:47:00,OVLY,,33.4900016784668,33.4900016784668,33.4900016784668,33.4900016784668,512.0
2026-08-05 14:47:00,PAA,,23.19499969482422,23.19499969482422,23.174999237060547,23.174999237060547,10459.0
2026-08-05 14:47:00,PAAS,,48.04999923706055,48.060001373291016,48.02000045776367,48.025001525878906,4302200.0
2026-08-05 14:47:00,PACB,,1.3049999475479126,1.3098000288009644,1.3049999475479126,1.3049999475479126,3489.0
2026-08-05 14:47:00,PAGP,,25.170000076293945,25.170000076293945,25.170000076293945,25.170000076293945,1130.0
2026-08-05 14:47:00,PAHC,,35.72999954223633,35.72999954223633,35.72999954223633,35.72999954223633,848.0
2026-08-05 14:47:00,PANL,,7.275000095367432,7.275000095367432,7.275000095367432,7.275000095367432,1923.0
2026-08-05 14:47:00,PANW,,366.17999267578125,366.385009765625,365.70001220703125,365.8399963378906,23376.0
2026-08-05 14:47:00,PATK,,88.13999938964844,88.16000366210938,87.98999786376953,88.08000183105469,4779.0
2026-08-05 14:47:00,PAX,,11.404999732971191,11.404999732971191,11.404999732971191,11.404999732971191,327.0
2026-08-05 14:47:00,PAYO,,7.119999885559082,7.125,7.119999885559082,7.125,1600.0
2026-08-05 14:47:00,PAYS,,9.151000022888184,9.15999984741211,9.151000022888184,9.15999984741211,950.0
2026-08-05 14:47:00,PAYX,,117.76499938964844,117.76499938964844,117.75,117.75,1254.0
2026-08-05 14:47:00,PCAR,,133.89999389648438,133.94000244140625,133.89999389648438,133.9199981689453,3809.0
2026-08-05 14:47:00,PCRX,,25.049999237060547,25.110000610351562,25.010000228881836,25.06999969482422,7510.0
2026-08-05 14:47:00,PCSA,,2.200000047683716,2.200000047683716,2.200000047683716,2.200000047683716,167.0
2026-08-05 14:47:00,PCT,,6.938199996948242,6.938199996948242,6.938199996948242,6.938199996948242,2519.0
2026-08-05 14:47:00,PCTY,,145.9698944091797,145.9698944091797,145.85000610351562,145.85000610351562,1988.0
2026-08-05 14:47:00,PDD,,90.66000366210938,90.72000122070312,90.66000366210938,90.72000122070312,5852.0
2026-08-05 14:47:00,PDFS,,50.06999969482422,50.06999969482422,50.06999969482422,50.06999969482422,493.0
2026-08-05 14:47:00,PDLB,,20.46500015258789,20.46500015258789,20.46500015258789,20.46500015258789,101.0
2026-08-05 14:47:00,PEBO,,41.630001068115234,41.630001068115234,41.630001068115234,41.630001068115234,590.0
2026-08-05 14:47:00,PEGA,,31.84000015258789,31.84000015258789,31.829999923706055,31.829999923706055,1847.0
2026-08-05 14:47:00,PENN,,19.700000762939453,19.71500015258789,19.690000534057617,19.71500015258789,6542.0
2026-08-05 14:47:00,PEP,,138.47000122070312,138.47999572753906,138.4600067138672,138.4600067138672,2684.0
2026-08-05 14:47:00,PEPG,,1.965000033378601,1.965000033378601,1.965000033378601,1.965000033378601,245.0
2026-08-05 14:47:00,PERI,,9.579999923706055,9.579999923706055,9.579999923706055,9.579999923706055,323.0
2026-08-05 14:47:00,PFG,,114.5199966430664,114.5199966430664,114.47000122070312,114.47000122070312,2707.0
2026-08-05 14:47:00,PGEN,,6.900000095367432,6.909999847412109,6.8867998123168945,6.8867998123168945,26425.0
2026-08-05 14:47:00,PGNY,,31.700000762939453,31.700000762939453,31.700000762939453,31.700000762939453,858.0
2026-08-05 14:47:00,PGY,,21.729999542236328,21.739999771118164,21.729999542236328,21.729999542236328,3233.0
2026-08-05 14:47:00,PHAR,,10.539999961853027,10.539999961853027,10.539999961853027,10.539999961853027,280.0
2026-08-05 14:47:00,PHAT,,8.350899696350098,8.375,8.350899696350098,8.364999771118164,8410.0
2026-08-05 14:47:00,PKOH,,41.334999084472656,41.334999084472656,41.334999084472656,41.334999084472656,1051.0
2026-08-05 14:47:00,PLAB,,32.0900993347168,32.0900993347168,32.0900993347168,32.0900993347168,1521.0
2026-08-05 14:47:00,PLMR,,133.89500427246094,134.03500366210938,133.88999938964844,134.0,11969.0
2026-08-05 14:47:00,PLTK,,3.884999990463257,3.884999990463257,3.88100004196167,3.88100004196167,1086.0
2026-08-05 14:47:00,PLUG,,2.075000047683716,2.0799999237060547,2.069999933242798,2.077399969100952,17873.0
2026-08-05 14:47:00,PMVP,,1.1749999523162842,1.1800999641418457,1.1749999523162842,1.1799999475479126,3350.0
2026-08-05 14:47:00,PNBK,,1.1299999952316284,1.1299999952316284,1.1299999952316284,1.1299999952316284,210.0
2026-08-05 14:47:00,PNFP,,107.95999908447266,108.0,107.95999908447266,107.98999786376953,1780.0
2026-08-05 14:47:00,POET,,8.220000267028809,8.229999542236328,8.21500015258789,8.220000267028809,10208.0
2026-08-05 14:47:00,POOL,,204.71279907226562,204.9149932861328,204.71279907226562,204.86000061035156,2466.0
2026-08-05 14:47:00,POWI,,61.88999938964844,61.88999938964844,61.88999938964844,61.88999938964844,1000.0
2026-08-05 14:47:00,POWL,,211.60000610351562,211.60000610351562,211.3350067138672,211.3350067138672,492.0
2026-08-05 14:47:00,PPC,,26.469999313354492,26.469999313354492,26.469999313354492,26.469999313354492,631.0
2026-08-05 14:47:00,PPIH,,25.899999618530273,25.899999618530273,25.899999618530273,25.899999618530273,173.0
2026-08-05 14:47:00,PPTA,,22.510000228881836,22.510000228881836,22.510000228881836,22.510000228881836,1181.0
2026-08-05 14:47:00,PRCH,,15.800000190734863,15.829999923706055,15.800000190734863,15.819999694824219,8122.0
2026-08-05 14:47:00,PRCT,,19.094999313354492,19.094999313354492,19.079999923706055,19.079999923706055,566.0
2026-08-05 14:47:00,PRDO,,32.81999969482422,32.81999969482422,32.81999969482422,32.81999969482422,588.0
2026-08-05 14:47:00,PRGS,,42.33000183105469,42.33000183105469,42.33000183105469,42.33000183105469,927.0
2026-08-05 14:47:00,PRIM,,84.69999694824219,84.80999755859375,84.69999694824219,84.80000305175781,3856.0
2026-08-05 14:47:00,PRME,,3.059999942779541,3.059999942779541,3.055000066757202,3.055000066757202,1625.0
2026-08-05 14:47:00,PROK,,1.6349999904632568,1.6349999904632568,1.6349999904632568,1.6349999904632568,631.0
2026-08-05 14:47:00,PROV,,18.100000381469727,18.100000381469727,18.100000381469727,18.100000381469727,383.0
2026-08-05 14:47:00,PRQR,,1.9600000381469727,1.9600000381469727,1.9600000381469727,1.9600000381469727,275.0
2026-08-05 14:47:00,PRSO,,0.7020999789237976,0.7020999789237976,0.7020999789237976,0.7020999789237976,820.0
2026-08-05 14:47:00,PRVA,,24.184999465942383,24.190000534057617,24.184999465942383,24.190000534057617,1603.0
2026-08-05 14:47:00,PSEC,,2.180000066757202,2.184999942779541,2.180000066757202,2.184999942779541,1076.0
2026-08-05 14:47:00,PSNL,,13.510000228881836,13.515000343322754,13.510000228881836,13.510000228881836,2266.0
2026-08-05 14:47:00,PSNY,,14.21500015258789,14.21500015258789,14.21500015258789,14.21500015258789,227.0
2026-08-05 14:47:00,PTC,,140.05999755859375,140.1300048828125,140.05999755859375,140.1300048828125,3420.0
2026-08-05 14:47:00,PTCT,,69.09500122070312,69.09500122070312,69.09500122070312,69.09500122070312,886.0
2026-08-05 14:47:00,PTEN,,9.795000076293945,9.800000190734863,9.795000076293945,9.795000076293945,6300.0
2026-08-05 14:47:00,PTGX,,136.1300048828125,136.1300048828125,136.1300048828125,136.1300048828125,114.0
2026-08-05 14:47:00,PTON,,6.489999771118164,6.5,6.489999771118164,6.494999885559082,2553.0
2026-08-05 14:47:00,PUBM,,13.470000267028809,13.470000267028809,13.380000114440918,13.40999984741211,16774.0
2026-08-05 14:47:00,PWP,,17.489999771118164,17.489999771118164,17.479999542236328,17.489999771118164,4967.0
2026-08-05 14:47:00,PYPL,,58.125,58.125099182128906,58.119998931884766,58.125,1789.0
2026-08-05 14:47:00,PYXS,,3.0999999046325684,3.0999999046325684,3.0999999046325684,3.0999999046325684,102.0
2026-08-05 14:47:00,PZZA,,29.610000610351562,29.67919921875,29.610000610351562,29.670000076293945,12438.0
2026-08-05 14:47:00,QCOM,,157.9499969482422,157.9600067138672,157.9149932861328,157.9600067138672,4926.0
2026-08-05 14:47:00,QRVO,,95.11499786376953,95.125,95.11499786376953,95.11499786376953,938.0
2026-08-05 14:47:00,SEED,,1.0499999523162842,1.0499999523162842,1.0399999618530273,1.0399999618530273,500.0
2026-08-05 14:48:00,ACDC,,4.474999904632568,4.474999904632568,4.465000152587891,4.474999904632568,13220.0
2026-08-05 14:48:00,CNXN,,86.08000183105469,86.08000183105469,86.08000183105469,86.08000183105469,157.0
2026-08-05 14:48:00,DTIL,,7.474999904632568,7.474999904632568,7.474999904632568,7.474999904632568,2060.0
2026-08-05 14:48:00,EYE,,22.940000534057617,22.940000534057617,22.905000686645508,22.905000686645508,6153.0
2026-08-05 14:48:00,FIZZ,,32.2599983215332,32.2599983215332,32.2599983215332,32.2599983215332,1631.0
2026-08-05 14:48:00,FRST,,16.510000228881836,16.510000228881836,16.510000228881836,16.510000228881836,3507.0
2026-08-05 14:48:00,GLUE,,15.470000267028809,15.479999542236328,15.460000038146973,15.460000038146973,1763.0
2026-08-05 14:48:00,MDB,,376.1099853515625,376.1099853515625,375.82000732421875,376.1099853515625,1103.0
2026-08-05 14:48:00,MDLZ,,62.5,62.51499938964844,62.5,62.51499938964844,6427.0
2026-08-05 14:48:00,MLTX,,17.594999313354492,17.594999313354492,17.579999923706055,17.579999923706055,2342.0
2026-08-05 14:48:00,MNRO,,13.125,13.125,13.125,13.125,1035.0
2026-08-05 14:48:00,MNST,,94.71499633789062,94.71499633789062,94.70999908447266,94.70999908447266,1899.0
2026-08-05 14:48:00,MPWR,,1341.510009765625,1343.969970703125,1341.510009765625,1343.969970703125,704.0
2026-08-05 14:48:00,MRNA,,56.619998931884766,56.65999984741211,56.619998931884766,56.630001068115234,3291.0
2026-08-05 14:48:00,MYGN,,3.1449999809265137,3.1449999809265137,3.1449999809265137,3.1449999809265137,3464.0
2026-08-05 14:48:00,NAVI,,9.114999771118164,9.114999771118164,9.114999771118164,9.114999771118164,939.0
2026-08-05 14:48:00,NB,,5.070000171661377,5.070000171661377,5.070000171661377,5.070000171661377,1818.0
2026-08-05 14:48:00,NBIX,,162.6300048828125,162.72999572753906,162.6300048828125,162.64500427246094,3268.0
2026-08-05 14:48:00,NBTB,,53.34000015258789,53.34000015258789,53.34000015258789,53.34000015258789,676.0
2026-08-05 14:48:00,NDAQ,,94.83999633789062,94.83999633789062,94.81510162353516,94.81510162353516,2610.0
2026-08-05 14:48:00,NDSN,,310.8399963378906,310.8500061035156,310.7724914550781,310.8500061035156,506.0
2026-08-05 14:48:00,NEGG,,17.209999084472656,17.209999084472656,17.209999084472656,17.209999084472656,238.0
2026-08-05 14:48:00,NEO,,15.9399995803833,15.9399995803833,15.930000305175781,15.930000305175781,1920.0
2026-08-05 14:48:00,NEOG,,11.604999542236328,11.604999542236328,11.600000381469727,11.600000381469727,4211.0
2026-08-05 14:48:00,NESR,,28.559999465942383,28.559999465942383,28.559999465942383,28.559999465942383,229.0
2026-08-05 14:48:00,NEWT,,15.109999656677246,15.109999656677246,15.069999694824219,15.100000381469727,1017.0
2026-08-05 14:48:00,NEXT,,6.430300235748291,6.437600135803223,6.429999828338623,6.434999942779541,13408.0
2026-08-05 14:48:00,NFE,,0.33809998631477356,0.33809998631477356,0.33809998631477356,0.33809998631477356,208.0
2026-08-05 14:48:00,NFLX,,73.34500122070312,73.36000061035156,73.31500244140625,73.36000061035156,34131.0
2026-08-05 14:48:00,NHTC,,1.6660000085830688,1.6660000085830688,1.6660000085830688,1.6660000085830688,148.0
2026-08-05 14:48:00,NICE,,99.2406005859375,99.2406005859375,99.2406005859375,99.2406005859375,198.0
2026-08-05 14:48:00,NKTR,,72.56999969482422,72.59500122070312,72.56999969482422,72.58999633789062,1507.0
2026-08-05 14:48:00,NKTX,,2.200000047683716,2.2049999237060547,2.200000047683716,2.200000047683716,660.0
2026-08-05 14:48:00,NMFC,,7.321300029754639,7.324999809265137,7.321300029754639,7.324999809265137,1568.0
2026-08-05 14:48:00,NMIH,,44.70000076293945,44.70000076293945,44.70000076293945,44.70000076293945,514.0
2026-08-05 14:48:00,NMRK,,15.704999923706055,15.710000038146973,15.704999923706055,15.710000038146973,1751.0
2026-08-05 14:48:00,NN,,14.505000114440918,14.520000457763672,14.505000114440918,14.520000457763672,6875.0
2026-08-05 14:48:00,NNBR,,3.8450000286102295,3.8450000286102295,3.8450000286102295,3.8450000286102295,502.0
2026-08-05 14:48:00,NNDM,,1.5399999618530273,1.5449999570846558,1.5399999618530273,1.5449999570846558,1008.0
2026-08-05 14:48:00,NNOX,,1.0049999952316284,1.0049999952316284,1.0049999952316284,1.0049999952316284,957.0
2026-08-05 14:48:00,NODK,,15.4399995803833,15.4399995803833,15.4399995803833,15.4399995803833,1356.0
2026-08-05 14:48:00,NOVT,,155.49000549316406,155.51499938964844,155.49000549316406,155.51499938964844,949.0
2026-08-05 14:48:00,NPCE,,13.84000015258789,13.84000015258789,13.84000015258789,13.84000015258789,269.0
2026-08-05 14:48:00,NRDS,,9.0649995803833,9.0649995803833,9.0649995803833,9.0649995803833,650.0
2026-08-05 14:48:00,NRIX,,24.860000610351562,24.860000610351562,24.829999923706055,24.829999923706055,1876.0
2026-08-05 14:48:00,NRXP,,3.065000057220459,3.069999933242798,3.065000057220459,3.069999933242798,4465.0
2026-08-05 14:48:00,NSSC,,40.38999938964844,40.400001525878906,40.38999938964844,40.400001525878906,1784.0
2026-08-05 14:48:00,NTAP,,190.16000366210938,190.16000366210938,190.16000366210938,190.16000366210938,805.0
2026-08-05 14:48:00,NTNX,,61.14500045776367,61.150001525878906,61.130001068115234,61.13999938964844,6112.0
2026-08-05 14:48:00,NTRA,,273.44000244140625,273.760009765625,273.44000244140625,273.6600036621094,1963.0
2026-08-05 14:48:00,NTRS,,184.61000061035156,184.61000061035156,184.5800018310547,184.5800018310547,802.0
2026-08-05 14:48:00,NVCR,,16.040000915527344,16.040000915527344,16.040000915527344,16.040000915527344,416.0
2026-08-05 14:48:00,NVDA,,221.7550048828125,221.91969299316406,221.72999572753906,221.80999755859375,190799.0
2026-08-05 14:48:00,NVEC,,129.42999267578125,129.42999267578125,129.42999267578125,129.42999267578125,295.0
2026-08-05 14:48:00,NVMI,,406.6449890136719,406.6449890136719,406.57000732421875,406.57000732421875,547.0
2026-08-05 14:48:00,NVTS,,12.354999542236328,12.380000114440918,12.350000381469727,12.375,8128.0
2026-08-05 14:48:00,NWE,,69.04000091552734,69.05999755859375,69.04000091552734,69.05999755859375,806.0
2026-08-05 14:48:00,NWL,,6.215000152587891,6.21999979019165,6.210000038146973,6.215000152587891,5299.0
2026-08-05 14:48:00,NWS,,32.31999969482422,32.33000183105469,32.310001373291016,32.33000183105469,3492.0
2026-08-05 14:48:00,NWSA,,28.30500030517578,28.30500030517578,28.295000076293945,28.299999237060547,3884.0
2026-08-05 14:48:00,NXGL,,0.4000000059604645,0.4000000059604645,0.4000000059604645,0.4000000059604645,100.0
2026-08-05 14:48:00,NXPI,,231.13999938964844,231.3000030517578,231.13499450683594,231.1699981689453,5998.0
2026-08-05 14:48:00,NXST,,190.40499877929688,190.72000122070312,190.40499877929688,190.72000122070312,2761.0
2026-08-05 14:48:00,NXT,,98.88999938964844,98.91999816894531,98.8499984741211,98.88999938964844,2500.0
2026-08-05 14:48:00,OCGN,,1.2799999713897705,1.2799999713897705,1.2799999713897705,1.2799999713897705,3369.0
2026-08-05 14:48:00,OCSL,,12.039999961853027,12.039999961853027,12.039999961853027,12.039999961853027,2767.0
2026-08-05 14:48:00,OCUL,,8.5649995803833,8.569999694824219,8.5649995803833,8.569999694824219,1395.0
2026-08-05 14:48:00,ODFL,,213.875,213.9600067138672,213.8350067138672,213.8350067138672,3928.0
2026-08-05 14:48:00,OFIX,,10.649999618530273,10.649999618530273,10.649999618530273,10.649999618530273,1176.0
2026-08-05 14:48:00,OKTA,,148.47000122070312,148.47000122070312,148.40499877929688,148.40499877929688,748.0
2026-08-05 14:48:00,OKYO,,1.6100000143051147,1.6100000143051147,1.6050000190734863,1.6050000190734863,2696.0
2026-08-05 14:48:00,OLLI,,77.9000015258789,77.9000015258789,77.9000015258789,77.9000015258789,605.0
2026-08-05 14:48:00,OMCL,,37.220001220703125,37.220001220703125,37.220001220703125,37.220001220703125,215.0
2026-08-05 14:48:00,OMER,,12.755000114440918,12.755000114440918,12.755000114440918,12.755000114440918,666.0
2026-08-05 14:48:00,OMH,,0.11490000039339066,0.11490000039339066,0.11479999870061874,0.11479999870061874,4087.0
2026-08-05 14:48:00,ON,,77.55000305175781,77.6050033569336,77.54000091552734,77.5999984741211,10491.0
2026-08-05 14:48:00,ONB,,27.024999618530273,27.030000686645508,27.024999618530273,27.030000686645508,2186.0
2026-08-05 14:48:00,ONBPP,,24.949899673461914,24.949899673461914,24.949899673461914,24.949899673461914,108.0
2026-08-05 14:48:00,ONDS,,8.8149995803833,8.84000015258789,8.800000190734863,8.84000015258789,222433.0
2026-08-05 14:48:00,ONFO,,0.07349999994039536,0.07349999994039536,0.07349999994039536,0.07349999994039536,3984.0
2026-08-05 14:48:00,OPCH,,23.479999542236328,23.479999542236328,23.46500015258789,23.46500015258789,3302.0
2026-08-05 14:48:00,OPEN,,3.7950000762939453,3.799999952316284,3.7899999618530273,3.799999952316284,29514.0
2026-08-05 14:48:00,OPHC,,8.670000076293945,8.670000076293945,8.670000076293945,8.670000076293945,120.0
2026-08-05 14:48:00,OPK,,1.3113000392913818,1.3113000392913818,1.309999942779541,1.309999942779541,489.0
2026-08-05 14:48:00,OPRA,,19.90999984741211,19.90999984741211,19.90999984741211,19.90999984741211,302.0
2026-08-05 14:48:00,OPRX,,6.925000190734863,6.925000190734863,6.925000190734863,6.925000190734863,1587.0
2026-08-05 14:48:00,ORGO,,2.3450000286102295,2.3450000286102295,2.3450000286102295,2.3450000286102295,2876.0
2026-08-05 14:48:00,ORIC,,12.779999732971191,12.869999885559082,12.779999732971191,12.845000267028809,10432.0
2026-08-05 14:48:00,ORLY,,92.7699966430664,92.80000305175781,92.7699966430664,92.80000305175781,12096.0
2026-08-05 14:48:00,OSBC,,25.80500030517578,25.80500030517578,25.80500030517578,25.80500030517578,423.0
2026-08-05 14:48:00,OSIS,,236.97450256347656,236.97450256347656,236.77000427246094,236.77000427246094,575.0
2026-08-05 14:48:00,OSPN,,16.559999465942383,16.559999465942383,16.520000457763672,16.559999465942383,16415.0
2026-08-05 14:48:00,OSS,,13.680000305175781,13.6899995803833,13.680000305175781,13.6899995803833,2104.0
2026-08-05 14:48:00,OSUR,,4.114999771118164,4.114999771118164,4.114999771118164,4.114999771118164,1280.0
2026-08-05 14:48:00,OTEX,,25.799999237060547,25.809999465942383,25.799999237060547,25.809999465942383,3517.0
2026-08-05 14:48:00,OTLK,,1.0149999856948853,1.0199999809265137,1.0149999856948853,1.0199999809265137,1391.0
2026-08-05 14:48:00,PAA,,23.184999465942383,23.200000762939453,23.184999465942383,23.200000762939453,7252.0
2026-08-05 14:48:00,PAAS,,48.0099983215332,48.09000015258789,48.0099983215332,48.04999923706055,6000.0
2026-08-05 14:48:00,PACB,,1.3049999475479126,1.3049999475479126,1.304900050163269,1.304900050163269,14398.0
2026-08-05 14:48:00,PAGP,,25.170000076293945,25.170000076293945,25.170000076293945,25.170000076293945,331.0
2026-08-05 14:48:00,PALI,,2.109999895095825,2.109999895095825,2.1050000190734863,2.1050000190734863,3951.0
2026-08-05 14:48:00,PANW,,366.239990234375,366.2449951171875,366.05999755859375,366.2200012207031,5146.0
2026-08-05 14:48:00,PATK,,88.18000030517578,88.18000030517578,88.13999938964844,88.13999938964844,1234.0
2026-08-05 14:48:00,PAX,,11.404999732971191,11.404999732971191,11.404999732971191,11.404999732971191,1713.0
2026-08-05 14:48:00,PAYS,,9.154999732971191,9.154999732971191,9.154999732971191,9.154999732971191,583.0
2026-08-05 14:48:00,PAYX,,117.70999908447266,117.75,117.70999908447266,117.75,1773.0
2026-08-05 14:48:00,PCAR,,133.88999938964844,133.9199981689453,133.88999938964844,133.88999938964844,12989.0
2026-08-05 14:48:00,PCRX,,25.059999465942383,25.059999465942383,25.045000076293945,25.045000076293945,1235.0
2026-08-05 14:48:00,PCT,,6.929999828338623,6.934999942779541,6.929999828338623,6.934999942779541,6806.0
2026-08-05 14:48:00,PCTY,,145.89999389648438,145.89999389648438,145.89999389648438,145.89999389648438,865.0
2026-08-05 14:48:00,PCYO,,10.5600004196167,10.5600004196167,10.5600004196167,10.5600004196167,1071.0
2026-08-05 14:48:00,PDD,,90.66999816894531,90.66999816894531,90.6500015258789,90.6500015258789,3712.0
2026-08-05 14:48:00,PDLB,,20.459999084472656,20.459999084472656,20.459999084472656,20.459999084472656,200.0
2026-08-05 14:48:00,PEBO,,41.650001525878906,41.650001525878906,41.650001525878906,41.650001525878906,571.0
2026-08-05 14:48:00,PECO,,41.36000061035156,41.369998931884766,41.36000061035156,41.369998931884766,2079.0
2026-08-05 14:48:00,PEGA,,31.860000610351562,31.860000610351562,31.84000015258789,31.84000015258789,4691.0
2026-08-05 14:48:00,PENN,,19.69499969482422,19.69499969482422,19.69499969482422,19.69499969482422,1998.0
2026-08-05 14:48:00,PEP,,138.4499969482422,138.47999572753906,138.4499969482422,138.47000122070312,4630.0
2026-08-05 14:48:00,PEPG,,1.965000033378601,1.965000033378601,1.965000033378601,1.965000033378601,1064.0
2026-08-05 14:48:00,PFG,,114.58999633789062,114.58999633789062,114.54000091552734,114.54000091552734,1643.0
2026-08-05 14:48:00,PGEN,,6.890100002288818,6.894999980926514,6.880000114440918,6.889999866485596,12866.0
2026-08-05 14:48:00,PGY,,21.715599060058594,21.715599060058594,21.715599060058594,21.715599060058594,870.0
2026-08-05 14:48:00,PHAT,,8.359999656677246,8.359999656677246,8.359999656677246,8.359999656677246,1597.0
2026-08-05 14:48:00,PLAB,,32.09000015258789,32.09000015258789,32.09000015258789,32.09000015258789,286.0
2026-08-05 14:48:00,PLBY,,1.149999976158142,1.1649999618530273,1.149999976158142,1.1649999618530273,15790.0
2026-08-05 14:48:00,PLMR,,133.86500549316406,133.86500549316406,133.86500549316406,133.86500549316406,266.0
2026-08-05 14:48:00,PLRX,,1.059999942779541,1.059999942779541,1.059999942779541,1.059999942779541,10294.0
2026-08-05 14:48:00,PLTK,,3.890000104904175,3.890000104904175,3.890000104904175,3.890000104904175,1103.0
2026-08-05 14:48:00,PLUG,,2.0715999603271484,2.0799999237060547,2.069999933242798,2.078399896621704,16809.0
2026-08-05 14:48:00,PMN,,13.265000343322754,13.265000343322754,13.265000343322754,13.265000343322754,136.0
2026-08-05 14:48:00,PMVP,,1.1749999523162842,1.1749999523162842,1.1749999523162842,1.1749999523162842,800.0
2026-08-05 14:48:00,PNFP,,108.01499938964844,108.01499938964844,108.01000213623047,108.01000213623047,777.0
2026-08-05 14:48:00,PNTG,,38.779998779296875,38.779998779296875,38.779998779296875,38.779998779296875,648.0
2026-08-05 14:48:00,POCI,,4.25,4.25,4.25,4.25,1147.0
2026-08-05 14:48:00,POET,,8.220000267028809,8.225000381469727,8.210000038146973,8.220100402832031,7879.0
2026-08-05 14:48:00,POWL,,211.35000610351562,211.5500030517578,211.35000610351562,211.5500030517578,615.0
2026-08-05 14:48:00,PPC,,26.450000762939453,26.459999084472656,26.440000534057617,26.459999084472656,4102.0
2026-08-05 14:48:00,PPTA,,22.5,22.520000457763672,22.5,22.520000457763672,1847.0
2026-08-05 14:48:00,PRAA,,17.309999465942383,17.309999465942383,17.309999465942383,17.309999465942383,271.0
2026-08-05 14:48:00,PRAX,,318.07501220703125,318.6099853515625,318.07501220703125,318.4849853515625,444.0
2026-08-05 14:48:00,PRCT,,19.094999313354492,19.094999313354492,19.049999237060547,19.094999313354492,7101.0
2026-08-05 14:48:00,PRIM,,84.73500061035156,84.73500061035156,84.73500061035156,84.73500061035156,524.0
2026-08-05 14:48:00,PROK,,1.6399999856948853,1.6399999856948853,1.6349999904632568,1.6349999904632568,312.0
2026-08-05 14:48:00,PRQR,,1.9550000429153442,1.9600000381469727,1.9550000429153442,1.9600000381469727,13181.0
2026-08-05 14:48:00,PRTA,,8.484999656677246,8.484999656677246,8.479999542236328,8.479999542236328,1180.0
2026-08-05 14:48:00,PRTH,,6.625,6.625,6.625,6.625,397.0
2026-08-05 14:48:00,PRVA,,24.190000534057617,24.190000534057617,24.190000534057617,24.190000534057617,811.0
2026-08-05 14:48:00,PSEC,,2.180000066757202,2.184999942779541,2.180000066757202,2.184999942779541,468.0
2026-08-05 14:48:00,PTC,,139.8699951171875,139.8800048828125,139.82000732421875,139.8800048828125,1755.0
2026-08-05 14:48:00,PTCT,,69.0999984741211,69.0999984741211,69.0999984741211,69.0999984741211,273.0
2026-08-05 14:48:00,PTEN,,9.789999961853027,9.800000190734863,9.789999961853027,9.795000076293945,5009.0
2026-08-05 14:48:00,PTGX,,136.22000122070312,136.22000122070312,136.1300048828125,136.1300048828125,1367.0
2026-08-05 14:48:00,PTLO,,4.590000152587891,4.59499979019165,4.590000152587891,4.59499979019165,1182.0
2026-08-05 14:48:00,PTON,,6.480000019073486,6.489999771118164,6.480000019073486,6.489999771118164,12213.0
2026-08-05 14:48:00,PUBM,,13.460000038146973,13.470000267028809,13.460000038146973,13.470000267028809,2355.0
2026-08-05 14:48:00,PWP,,17.469999313354492,17.489999771118164,17.469999313354492,17.479999542236328,1675.0
2026-08-05 14:48:00,PYPL,,58.11000061035156,58.125099182128906,58.11000061035156,58.12480163574219,11163.0
2026-08-05 14:48:00,PYXS,,3.1050000190734863,3.1050000190734863,3.0999999046325684,3.0999999046325684,845.0
2026-08-05 14:48:00,PZZA,,29.649999618530273,29.649999618530273,29.584999084472656,29.600000381469727,12356.0
2026-08-05 14:48:00,QCOM,,157.97000122070312,158.1199951171875,157.96499633789062,157.96499633789062,16290.0
2026-08-05 14:48:00,QFIN,,13.149999618530273,13.149999618530273,13.149999618530273,13.149999618530273,2071.0
2026-08-05 14:48:00,QRVO,,95.18000030517578,95.18000030517578,95.16000366210938,95.16000366210938,641.0
2026-08-05 14:48:00,SEED,,1.0499999523162842,1.0499999523162842,1.0399999618530273,1.0499999523162842,1991.0
2026-08-05 14:48:00,TARA,,3.984999895095825,3.990000009536743,3.984999895095825,3.990000009536743,2336.0
2026-08-05 14:48:00,WOOF,,2.934999942779541,2.934999942779541,2.934999942779541,2.934999942779541,4583.0
2026-08-05 14:49:00,ACDC,,4.465000152587891,4.474999904632568,4.465000152587891,4.474999904632568,4634.0
2026-08-05 14:49:00,CASH,,89.73999786376953,89.73999786376953,89.5199966430664,89.5199966430664,1434.0
2026-08-05 14:49:00,CNXN,,86.16999816894531,86.16999816894531,86.16999816894531,86.16999816894531,103.0
2026-08-05 14:49:00,GLUE,,15.449999809265137,15.470000267028809,15.449999809265137,15.470000267028809,2370.0
2026-08-05 14:49:00,KIDS,,21.594999313354492,21.594999313354492,21.594999313354492,21.594999313354492,1604.0
2026-08-05 14:49:00,KTTA,,0.45559999346733093,0.4625999927520752,0.45559999346733093,0.4625000059604645,1002.0
2026-08-05 14:49:00,MBRX,,0.40149998664855957,0.40149998664855957,0.40149998664855957,0.40149998664855957,903.0
2026-08-05 14:49:00,MDB,,375.80999755859375,375.80999755859375,375.80999755859375,375.80999755859375,1061.0
2026-08-05 14:49:00,MDLZ,,62.5,62.5,62.494998931884766,62.494998931884766,3867.0
2026-08-05 14:49:00,MLTX,,17.59000015258789,17.590999603271484,17.59000015258789,17.590999603271484,1127.0
2026-08-05 14:49:00,MNST,,94.70999908447266,94.72000122070312,94.69499969482422,94.72000122070312,5625.0
2026-08-05 14:49:00,MNTS,,4.25,4.25,4.25,4.25,3070.0
2026-08-05 14:49:00,MODD,,2.0134999752044678,2.0134999752044678,2.0134999752044678,2.0134999752044678,62.0
2026-08-05 14:49:00,MPWR,,1342.81494140625,1342.8199462890625,1341.8499755859375,1341.885009765625,599.0
2026-08-05 14:49:00,MRNA,,56.47999954223633,56.61000061035156,56.46500015258789,56.61000061035156,9161.0
2026-08-05 14:49:00,MYGN,,3.1449999809265137,3.1449999809265137,3.1449999809265137,3.1449999809265137,2270.0
2026-08-05 14:49:00,MYPS,,0.7329000234603882,0.7329000234603882,0.7329000234603882,0.7329000234603882,12691.0
2026-08-05 14:49:00,MYRG,,340.57000732421875,340.57000732421875,340.57000732421875,340.57000732421875,102.0
2026-08-05 14:49:00,NAMS,,27.31999969482422,27.31999969482422,27.299999237060547,27.31999969482422,6037.0
2026-08-05 14:49:00,NATR,,20.139999389648438,20.139999389648438,20.139999389648438,20.139999389648438,133.0
2026-08-05 14:49:00,NAVI,,9.104999542236328,9.109999656677246,9.095000267028809,9.109999656677246,5612.0
2026-08-05 14:49:00,NB,,5.065000057220459,5.065000057220459,5.059999942779541,5.059999942779541,1154.0
2026-08-05 14:49:00,NBIX,,162.6199951171875,162.6999969482422,162.57000732421875,162.6999969482422,3164.0
2026-08-05 14:49:00,NCMI,,4.110000133514404,4.110000133514404,4.110000133514404,4.110000133514404,1553.0
2026-08-05 14:49:00,NCNA,,1.2999999523162842,1.2999999523162842,1.2999999523162842,1.2999999523162842,1469.0
2026-08-05 14:49:00,NDAQ,,94.80999755859375,94.80999755859375,94.79000091552734,94.79000091552734,1183.0
2026-08-05 14:49:00,NDSN,,310.885009765625,310.885009765625,310.885009765625,310.885009765625,158.0
2026-08-05 14:49:00,NEGG,,17.18000030517578,17.18000030517578,17.18000030517578,17.18000030517578,1191.0
2026-08-05 14:49:00,NEO,,15.9350004196167,15.949999809265137,15.930000305175781,15.9399995803833,5712.0
2026-08-05 14:49:00,NEOG,,11.604999542236328,11.604999542236328,11.604999542236328,11.604999542236328,497.0
2026-08-05 14:49:00,NESR,,28.549999237060547,28.559999465942383,28.549999237060547,28.559999465942383,3257.0
2026-08-05 14:49:00,NEXT,,6.434999942779541,6.434999942779541,6.434999942779541,6.434999942779541,823.0
2026-08-05 14:49:00,NFE,,0.337799996137619,0.3379000127315521,0.337799996137619,0.3379000127315521,4407.0
2026-08-05 14:49:00,NFLX,,73.33499908447266,73.3499984741211,73.31999969482422,73.34500122070312,29409.0
2026-08-05 14:49:00,NICE,,99.20500183105469,99.25990295410156,99.20500183105469,99.25990295410156,3778.0
2026-08-05 14:49:00,NKTX,,2.200000047683716,2.2100000381469727,2.200000047683716,2.2049999237060547,722.0
2026-08-05 14:49:00,NMFC,,7.315000057220459,7.329999923706055,7.315000057220459,7.320000171661377,16486.0
2026-08-05 14:49:00,NMIH,,44.65999984741211,44.68000030517578,44.65999984741211,44.68000030517578,2194.0
2026-08-05 14:49:00,NMRK,,15.710000038146973,15.710000038146973,15.704999923706055,15.704999923706055,1385.0
2026-08-05 14:49:00,NN,,14.520000457763672,14.520000457763672,14.510000228881836,14.510000228881836,3110.0
2026-08-05 14:49:00,NNBR,,3.8350000381469727,3.8499999046325684,3.8350000381469727,3.8450000286102295,3810.0
2026-08-05 14:49:00,NNDM,,1.5449999570846558,1.5449999570846558,1.5449999570846558,1.5449999570846558,807.0
2026-08-05 14:49:00,NNOX,,1.0049999952316284,1.0099999904632568,1.0,1.0,13367.0
2026-08-05 14:49:00,NOVT,,155.5,155.5,155.5,155.5,371.0
2026-08-05 14:49:00,NRIX,,24.84000015258789,24.854999542236328,24.84000015258789,24.854999542236328,1260.0
2026-08-05 14:49:00,NRXP,,3.059999942779541,3.069999933242798,3.059999942779541,3.065000057220459,9629.0
2026-08-05 14:49:00,NTAP,,190.14500427246094,190.15499877929688,190.02000427246094,190.02000427246094,4040.0
2026-08-05 14:49:00,NTES,,127.69960021972656,127.69960021972656,127.69960021972656,127.69960021972656,612.0
2026-08-05 14:49:00,NTNX,,61.119998931884766,61.13999938964844,61.099998474121094,61.13999938964844,9694.0
2026-08-05 14:49:00,NTRA,,273.17999267578125,273.385009765625,273.1700134277344,273.385009765625,796.0
2026-08-05 14:49:00,NTRS,,184.5399932861328,184.60499572753906,184.5399932861328,184.60499572753906,1387.0
2026-08-05 14:49:00,NUWE,,1.6950000524520874,1.6950000524520874,1.6950000524520874,1.6950000524520874,200.0
2026-08-05 14:49:00,NVAX,,7.565000057220459,7.585000038146973,7.559999942779541,7.585000038146973,16116.0
2026-08-05 14:49:00,NVCR,,16.059999465942383,16.059999465942383,16.030000686645508,16.040000915527344,11521.0
2026-08-05 14:49:00,NVDA,,221.77000427246094,221.7899932861328,221.6649932861328,221.75,127197.0
2026-08-05 14:49:00,NVEC,,129.0050048828125,129.0050048828125,129.0050048828125,129.0050048828125,410.0
2026-08-05 14:49:00,NVMI,,406.6499938964844,407.2200012207031,406.6499938964844,407.2200012207031,762.0
2026-08-05 14:49:00,NVTS,,12.359999656677246,12.369999885559082,12.354999542236328,12.359999656677246,5990.0
2026-08-05 14:49:00,NWBI,,15.944999694824219,15.944999694824219,15.9399995803833,15.9399995803833,2599.0
2026-08-05 14:49:00,NWE,,69.05000305175781,69.05000305175781,69.05000305175781,69.05000305175781,278.0
2026-08-05 14:49:00,NWL,,6.204999923706055,6.215000152587891,6.195000171661377,6.210000038146973,47147.0
2026-08-05 14:49:00,NWSA,,28.309999465942383,28.315000534057617,28.30500030517578,28.30500030517578,4880.0
2026-08-05 14:49:00,NXGL,,0.4009000062942505,0.4009000062942505,0.4000000059604645,0.4000000059604645,400.0
2026-08-05 14:49:00,NXPI,,231.15499877929688,231.22000122070312,231.02000427246094,231.13999938964844,2483.0
2026-08-05 14:49:00,NXST,,190.32000732421875,190.32000732421875,190.32000732421875,190.32000732421875,1564.0
2026-08-05 14:49:00,NXT,,98.77999877929688,98.83000183105469,98.77999877929688,98.83000183105469,2754.0
2026-08-05 14:49:00,OCC,,15.8100004196167,15.8100004196167,15.8100004196167,15.8100004196167,1002.0
2026-08-05 14:49:00,OCFC,,19.920000076293945,19.920000076293945,19.920000076293945,19.920000076293945,1060.0
2026-08-05 14:49:00,OCGN,,1.2799999713897705,1.2799999713897705,1.2799999713897705,1.2799999713897705,2308.0
2026-08-05 14:49:00,OCS,,11.9975004196167,12.0,11.994999885559082,12.0,971.0
2026-08-05 14:49:00,OCSL,,12.03499984741211,12.03499984741211,12.03499984741211,12.03499984741211,440.0
2026-08-05 14:49:00,OCUL,,8.555000305175781,8.5600004196167,8.555000305175781,8.5600004196167,5329.0
2026-08-05 14:49:00,ODFL,,214.0,214.02000427246094,213.83999633789062,214.0,8402.0
2026-08-05 14:49:00,OESX,,15.149999618530273,15.149999618530273,15.149999618530273,15.149999618530273,274.0
2026-08-05 14:49:00,OFIX,,10.680000305175781,10.699999809265137,10.649999618530273,10.649999618530273,3877.0
2026-08-05 14:49:00,OKTA,,148.3300018310547,148.4282989501953,148.2899932861328,148.4282989501953,4833.0
2026-08-05 14:49:00,OKYO,,1.6100000143051147,1.6100000143051147,1.6100000143051147,1.6100000143051147,1054.0
2026-08-05 14:49:00,OLLI,,77.93000030517578,77.95999908447266,77.87000274658203,77.87000274658203,4316.0
2026-08-05 14:49:00,OMCL,,37.22999954223633,37.279998779296875,37.20000076293945,37.20000076293945,6314.0
2026-08-05 14:49:00,OMER,,12.739999771118164,12.75,12.739999771118164,12.75,1464.0
2026-08-05 14:49:00,OMH,,0.11429999768733978,0.11429999768733978,0.11420000344514847,0.11420000344514847,12920.0
2026-08-05 14:49:00,ON,,77.55000305175781,77.55999755859375,77.52999877929688,77.55999755859375,10121.0
2026-08-05 14:49:00,ONB,,27.030099868774414,27.03499984741211,27.024999618530273,27.024999618530273,8635.0
2026-08-05 14:49:00,ONBPO,,24.799999237060547,24.800100326538086,24.799999237060547,24.800100326538086,88.0
2026-08-05 14:49:00,ONDS,,8.809900283813477,8.819999694824219,8.795000076293945,8.8149995803833,160738.0
2026-08-05 14:49:00,ONFO,,0.07339999824762344,0.07349999994039536,0.07339999824762344,0.07349999994039536,27950.0
2026-08-05 14:49:00,OPAL,,2.359999895095825,2.359999895095825,2.359999895095825,2.359999895095825,287.0
2026-08-05 14:49:00,OPCH,,23.479999542236328,23.489999771118164,23.475000381469727,23.479999542236328,7022.0
2026-08-05 14:49:00,OPEN,,3.7950000762939453,3.799999952316284,3.7899999618530273,3.7899999618530273,129495.0
2026-08-05 14:49:00,OPHC,,8.670000076293945,8.670000076293945,8.670000076293945,8.670000076293945,101.0
2026-08-05 14:49:00,OPK,,1.315000057220459,1.315000057220459,1.315000057220459,1.315000057220459,1139.0
2026-08-05 14:49:00,OPRA,,19.899999618530273,19.899999618530273,19.899999618530273,19.899999618530273,732.0
2026-08-05 14:49:00,OPRT,,6.105000019073486,6.105000019073486,6.105000019073486,6.105000019073486,500.0
2026-08-05 14:49:00,ORIC,,12.770000457763672,12.779999732971191,12.760000228881836,12.760000228881836,2714.0
2026-08-05 14:49:00,ORLY,,92.7699966430664,92.7699966430664,92.73999786376953,92.7699966430664,13906.0
2026-08-05 14:49:00,OSBC,,25.815000534057617,25.815000534057617,25.815000534057617,25.815000534057617,697.0
2026-08-05 14:49:00,OSPN,,16.594999313354492,16.600000381469727,16.594999313354492,16.600000381469727,2518.0
2026-08-05 14:49:00,OSS,,13.670000076293945,13.670000076293945,13.654999732971191,13.65999984741211,1757.0
2026-08-05 14:49:00,OTEX,,25.80500030517578,25.806499481201172,25.80500030517578,25.806499481201172,1362.0
2026-08-05 14:49:00,OTLK,,1.0199999809265137,1.0199999809265137,1.0149999856948853,1.0199999809265137,1757.0
2026-08-05 14:49:00,OXLC,,9.154999732971191,9.154999732971191,9.154999732971191,9.154999732971191,2540.0
2026-08-05 14:49:00,OXSQ,,1.5,1.5049999952316284,1.5,1.5049999952316284,1032.0
2026-08-05 14:49:00,PAA,,23.204999923706055,23.20709991455078,23.190000534057617,23.190000534057617,13763.0
2026-08-05 14:49:00,PAAS,,48.01499938964844,48.02000045776367,47.97999954223633,48.0099983215332,5079.0
2026-08-05 14:49:00,PACB,,1.309999942779541,1.309999942779541,1.3009999990463257,1.3049999475479126,14939.0
2026-08-05 14:49:00,PAGP,,25.174999237060547,25.174999237060547,25.174999237060547,25.174999237060547,1066.0
2026-08-05 14:49:00,PALI,,2.109999895095825,2.109999895095825,2.109999895095825,2.109999895095825,2003.0
2026-08-05 14:49:00,PANW,,365.5050048828125,366.239990234375,365.5050048828125,366.239990234375,7898.0
2026-08-05 14:49:00,PATK,,88.16999816894531,88.16999816894531,88.16999816894531,88.16999816894531,281.0
2026-08-05 14:49:00,PAVS,,5.0,5.0,5.0,5.0,2743.0
2026-08-05 14:49:00,PAX,,11.404999732971191,11.404999732971191,11.404999732971191,11.404999732971191,1020.0
2026-08-05 14:49:00,PAYO,,7.125,7.125,7.125,7.125,957.0
2026-08-05 14:49:00,PAYS,,9.140000343322754,9.149999618530273,9.140000343322754,9.149999618530273,1610.0
2026-08-05 14:49:00,PAYX,,117.76000213623047,117.76000213623047,117.73999786376953,117.73999786376953,3009.0
2026-08-05 14:49:00,PCAR,,133.92999267578125,133.92999267578125,133.92999267578125,133.92999267578125,1334.0
2026-08-05 14:49:00,PCRX,,25.219999313354492,25.219999313354492,25.09000015258789,25.100000381469727,2317.0
2026-08-05 14:49:00,PDD,,90.66000366210938,90.66999816894531,90.66000366210938,90.66999816894531,863.0
2026-08-05 14:49:00,PDFS,,50.099998474121094,50.099998474121094,50.099998474121094,50.099998474121094,589.0
2026-08-05 14:49:00,PEGA,,31.860000610351562,31.860000610351562,31.860000610351562,31.860000610351562,446.0
2026-08-05 14:49:00,PENN,,19.69499969482422,19.69499969482422,19.69499969482422,19.69499969482422,2355.0
2026-08-05 14:49:00,PEP,,138.41990661621094,138.42999267578125,138.41000366210938,138.42999267578125,6748.0
2026-08-05 14:49:00,PEPG,,1.965000033378601,1.965000033378601,1.965000033378601,1.965000033378601,266.0
2026-08-05 14:49:00,PERI,,9.579999923706055,9.579999923706055,9.579999923706055,9.579999923706055,324.0
2026-08-05 14:49:00,PFG,,114.5199966430664,114.54000091552734,114.5199966430664,114.54000091552734,984.0
2026-08-05 14:49:00,PGEN,,6.894999980926514,6.894999980926514,6.881199836730957,6.889999866485596,9162.0
2026-08-05 14:49:00,PGNY,,31.690000534057617,31.690000534057617,31.690000534057617,31.690000534057617,411.0
2026-08-05 14:49:00,PGY,,21.729999542236328,21.729999542236328,21.704999923706055,21.709999084472656,9346.0
2026-08-05 14:49:00,PHAT,,8.364999771118164,8.364999771118164,8.354999542236328,8.359999656677246,4064.0
2026-08-05 14:49:00,PLAB,,32.099998474121094,32.099998474121094,32.099998474121094,32.099998474121094,288.0
2026-08-05 14:49:00,PLPC,,471.55999755859375,472.80999755859375,471.55999755859375,472.4200134277344,1560.0
2026-08-05 14:49:00,PLRX,,1.0566999912261963,1.0566999912261963,1.0566999912261963,1.0566999912261963,0.0
2026-08-05 14:49:00,PLTK,,3.884999990463257,3.889899969100952,3.884999990463257,3.889899969100952,2550.0
2026-08-05 14:49:00,PLUG,,2.075000047683716,2.0757999420166016,2.0701000690460205,2.075000047683716,28513.0
2026-08-05 14:49:00,PNFP,,108.0250015258789,108.0250015258789,108.0250015258789,108.0250015258789,493.0
2026-08-05 14:49:00,POET,,8.210100173950195,8.220000267028809,8.210000038146973,8.210000038146973,12575.0
2026-08-05 14:49:00,POWI,,61.81999969482422,61.81999969482422,61.81999969482422,61.81999969482422,22379.0
2026-08-05 14:49:00,POWL,,211.47979736328125,211.47979736328125,211.44500732421875,211.44500732421875,232.0
2026-08-05 14:49:00,PPC,,26.450000762939453,26.454999923706055,26.450000762939453,26.454999923706055,1746.0
2026-08-05 14:49:00,PPTA,,22.5,22.5,22.5,22.5,1787.0
2026-08-05 14:49:00,PRAA,,17.309999465942383,17.309999465942383,17.309999465942383,17.309999465942383,544.0
2026-08-05 14:49:00,PRAX,,317.94500732421875,318.5350036621094,317.5199890136719,318.5350036621094,2342.0
2026-08-05 14:49:00,PRCT,,19.06999969482422,19.09000015258789,19.059999465942383,19.09000015258789,2577.0
2026-08-05 14:49:00,PRDO,,32.779998779296875,32.779998779296875,32.779998779296875,32.779998779296875,356.0
2026-08-05 14:49:00,PRE,,18.260000228881836,18.260000228881836,18.260000228881836,18.260000228881836,1262.0
2026-08-05 14:49:00,PRIM,,84.62999725341797,84.70999908447266,84.62999725341797,84.69999694824219,3097.0
2026-08-05 14:49:00,PRME,,3.0450000762939453,3.049999952316284,3.0450000762939453,3.049999952316284,7115.0
2026-08-05 14:49:00,PROF,,8.024999618530273,8.024999618530273,8.024999618530273,8.024999618530273,1270.0
2026-08-05 14:49:00,PROK,,1.6349999904632568,1.6399999856948853,1.6349999904632568,1.6399999856948853,775.0
2026-08-05 14:49:00,PRQR,,1.9550000429153442,1.9558000564575195,1.9550000429153442,1.9550000429153442,1112.0
2026-08-05 14:49:00,PRTA,,8.475000381469727,8.484999656677246,8.475000381469727,8.484999656677246,1198.0
2026-08-05 14:49:00,PRVA,,24.190000534057617,24.190000534057617,24.190000534057617,24.190000534057617,486.0
2026-08-05 14:49:00,PSEC,,2.184999942779541,2.184999942779541,2.184999942779541,2.184999942779541,1130.0
2026-08-05 14:49:00,PSNL,,13.494999885559082,13.505000114440918,13.489999771118164,13.505000114440918,2557.0
2026-08-05 14:49:00,PTC,,139.80250549316406,139.80999755859375,139.80250549316406,139.80999755859375,849.0
2026-08-05 14:49:00,PTCT,,69.0999984741211,69.0999984741211,69.0999984741211,69.0999984741211,760.0
2026-08-05 14:49:00,PTEN,,9.779999732971191,9.795000076293945,9.779999732971191,9.789999961853027,8252.0
2026-08-05 14:49:00,PTGX,,136.13499450683594,136.13499450683594,136.13499450683594,136.13499450683594,452.0
2026-08-05 14:49:00,PTLO,,4.59499979019165,4.59499979019165,4.590000152587891,4.590000152587891,1340.0
2026-08-05 14:49:00,PTON,,6.485000133514404,6.489999771118164,6.480000019073486,6.480000019073486,7901.0
2026-08-05 14:49:00,PUBM,,13.46500015258789,13.46500015258789,13.46500015258789,13.46500015258789,358.0
2026-08-05 14:49:00,PWP,,17.459999084472656,17.469999313354492,17.459999084472656,17.459999084472656,3917.0
2026-08-05 14:49:00,PYPL,,58.14500045776367,58.14500045776367,58.125,58.130001068115234,6363.0
2026-08-05 14:49:00,PZZA,,29.65519905090332,29.670000076293945,29.645000457763672,29.645000457763672,4063.0
2026-08-05 14:49:00,QCOM,,157.9949951171875,158.00999450683594,157.96499633789062,157.97999572753906,7066.0
2026-08-05 14:49:00,QRVO,,95.13500213623047,95.18000030517578,95.12000274658203,95.18000030517578,1791.0
2026-08-05 14:49:00,SEED,,1.0499999523162842,1.0499999523162842,1.0499999523162842,1.0499999523162842,1506.0
2026-08-05 14:49:00,TARA,,3.990000009536743,3.990000009536743,3.990000009536743,3.990000009536743,102.0
2026-08-05 14:49:00,WOOF,,2.934999942779541,2.934999942779541,2.934999942779541,2.934999942779541,884.0
2026-08-05 14:50:00,ACDC,,4.46999979019165,4.46999979019165,4.46999979019165,4.46999979019165,4427.0
2026-08-05 14:50:00,CNXN,,86.08000183105469,86.08499908447266,86.08000183105469,86.08499908447266,1220.0
2026-08-05 14:50:00,DTIL,,7.449999809265137,7.449999809265137,7.449999809265137,7.449999809265137,416.0
2026-08-05 14:50:00,EYE,,22.94499969482422,22.94499969482422,22.940000534057617,22.940000534057617,1680.0
2026-08-05 14:50:00,FRST,,16.520000457763672,16.520000457763672,16.510000228881836,16.510000228881836,1095.0
2026-08-05 14:50:00,GLUE,,15.46500015258789,15.46500015258789,15.46500015258789,15.46500015258789,233.0
2026-08-05 14:50:00,MBRX,,0.40139999985694885,0.40139999985694885,0.39309999346733093,0.39309999346733093,487.0
2026-08-05 14:50:00,MDB,,375.5450134277344,375.5450134277344,375.5450134277344,375.5450134277344,257.0
2026-08-05 14:50:00,MDLZ,,62.52000045776367,62.52000045776367,62.494998931884766,62.494998931884766,8617.0
2026-08-05 14:50:00,MLTX,,17.579999923706055,17.579999923706055,17.579999923706055,17.579999923706055,216.0
2026-08-05 14:50:00,MNRO,,13.109999656677246,13.119999885559082,13.109999656677246,13.119999885559082,1936.0
2026-08-05 14:50:00,MNST,,94.7249984741211,94.7249984741211,94.72000122070312,94.7249984741211,1316.0
2026-08-05 14:50:00,MNTS,,4.239999771118164,4.239999771118164,4.239999771118164,4.239999771118164,162.0
2026-08-05 14:50:00,MPWR,,1342.2750244140625,1343.969970703125,1342.0999755859375,1342.81494140625,308.0
2026-08-05 14:50:00,MRNA,,56.52000045776367,56.52000045776367,56.47999954223633,56.47999954223633,4034.0
2026-08-05 14:50:00,MYGN,,3.1449999809265137,3.1449999809265137,3.1449999809265137,3.1449999809265137,2135.0
2026-08-05 14:50:00,MYRG,,340.55999755859375,340.55999755859375,340.55999755859375,340.55999755859375,74.0
2026-08-05 14:50:00,NAMS,,27.299999237060547,27.302499771118164,27.290000915527344,27.290000915527344,3518.0
2026-08-05 14:50:00,NAUT,,0.9394999742507935,0.9394999742507935,0.9384999871253967,0.9384999871253967,17086.0
2026-08-05 14:50:00,NAVI,,9.100000381469727,9.104999542236328,9.100000381469727,9.100000381469727,3649.0
2026-08-05 14:50:00,NB,,5.074999809265137,5.074999809265137,5.065000057220459,5.065000057220459,4886.0
2026-08-05 14:50:00,NBIX,,162.6649932861328,162.69000244140625,162.6199951171875,162.6199951171875,2729.0
2026-08-05 14:50:00,NBTB,,53.36000061035156,53.36000061035156,53.36000061035156,53.36000061035156,300.0
2026-08-05 14:50:00,NCMI,,4.105000019073486,4.105000019073486,4.105000019073486,4.105000019073486,527.0
2026-08-05 14:50:00,NDAQ,,94.83999633789062,94.8550033569336,94.81999969482422,94.81999969482422,2061.0
2026-08-05 14:50:00,NDSN,,310.7699890136719,310.885009765625,310.6000061035156,310.885009765625,1701.0
2026-08-05 14:50:00,NEGG,,17.174999237060547,17.174999237060547,17.170000076293945,17.174999237060547,618.0
2026-08-05 14:50:00,NEO,,15.944999694824219,15.944999694824219,15.9399995803833,15.9399995803833,2615.0
2026-08-05 14:50:00,NEOG,,11.604999542236328,11.604999542236328,11.604999542236328,11.604999542236328,1994.0
2026-08-05 14:50:00,NEOV,,2.819999933242798,2.819999933242798,2.800299882888794,2.809999942779541,14657.0
2026-08-05 14:50:00,NESR,,28.549999237060547,28.549999237060547,28.540000915527344,28.540000915527344,2263.0
2026-08-05 14:50:00,NEWT,,15.085000038146973,15.085000038146973,15.085000038146973,15.085000038146973,200.0
2026-08-05 14:50:00,NEXT,,6.440000057220459,6.440000057220459,6.425000190734863,6.429999828338623,9702.0
2026-08-05 14:50:00,NFE,,0.33889999985694885,0.33889999985694885,0.33889999985694885,0.33889999985694885,800.0
2026-08-05 14:50:00,NFLX,,73.34500122070312,73.3499984741211,73.31500244140625,73.33049774169922,45833.0
2026-08-05 14:50:00,NIU,,2.4549999237060547,2.4549999237060547,2.4549999237060547,2.4549999237060547,619.0
2026-08-05 14:50:00,NKTR,,72.51000213623047,72.51000213623047,72.51000213623047,72.51000213623047,460.0
2026-08-05 14:50:00,NKTX,,2.200000047683716,2.200000047683716,2.200000047683716,2.200000047683716,382.0
2026-08-05 14:50:00,NMFC,,7.320000171661377,7.320000171661377,7.315000057220459,7.315000057220459,4916.0
2026-08-05 14:50:00,NMRK,,15.704999923706055,15.710000038146973,15.704999923706055,15.704999923706055,1122.0
2026-08-05 14:50:00,NN,,14.525099754333496,14.525099754333496,14.525099754333496,14.525099754333496,471.0
2026-08-05 14:50:00,NNBR,,3.8350000381469727,3.8350000381469727,3.8299999237060547,3.8350000381469727,2268.0
2026-08-05 14:50:00,NNDM,,1.5449999570846558,1.5449999570846558,1.5449999570846558,1.5449999570846558,504.0
2026-08-05 14:50:00,NNOX,,1.0099999904632568,1.0099999904632568,1.0049999952316284,1.0099999904632568,4028.0
2026-08-05 14:50:00,NOVT,,155.5,155.5,155.5,155.5,402.0
2026-08-05 14:50:00,NPCE,,13.8100004196167,13.8100004196167,13.8100004196167,13.8100004196167,667.0
2026-08-05 14:50:00,NRDS,,9.0649995803833,9.0649995803833,9.0649995803833,9.0649995803833,634.0
2026-08-05 14:50:00,NRIX,,24.8700008392334,24.8700008392334,24.834999084472656,24.84000015258789,2278.0
2026-08-05 14:50:00,NSSC,,40.36000061035156,40.36000061035156,40.36000061035156,40.36000061035156,1669.0
2026-08-05 14:50:00,NTAP,,190.24000549316406,190.24000549316406,190.0500030517578,190.14999389648438,4119.0
2026-08-05 14:50:00,NTES,,127.5999984741211,127.63999938964844,127.5999984741211,127.61000061035156,2635.0
2026-08-05 14:50:00,NTGR,,24.389999389648438,24.389999389648438,24.389999389648438,24.389999389648438,622.0
2026-08-05 14:50:00,NTNX,,61.11000061035156,61.119998931884766,61.11000061035156,61.119998931884766,2135.0
2026-08-05 14:50:00,NTRA,,273.375,273.375,273.2200012207031,273.2200012207031,2022.0
2026-08-05 14:50:00,NTRS,,184.63499450683594,184.63499450683594,184.63499450683594,184.63499450683594,364.0
2026-08-05 14:50:00,NUWE,,1.6990000009536743,1.6990000009536743,1.6950000524520874,1.6950000524520874,4244.0
2026-08-05 14:50:00,NVAX,,7.570000171661377,7.570000171661377,7.565000057220459,7.565000057220459,853.0
2026-08-05 14:50:00,NVCR,,16.09000015258789,16.100000381469727,16.06999969482422,16.06999969482422,7947.0
2026-08-05 14:50:00,NVCT,,19.520000457763672,19.565000534057617,19.520000457763672,19.565000534057617,1620.0
2026-08-05 14:50:00,NVDA,,221.7053985595703,221.82000732421875,221.6999969482422,221.75999450683594,171164.0
2026-08-05 14:50:00,NVTS,,12.369999885559082,12.369999885559082,12.350000381469727,12.354999542236328,7147.0
2026-08-05 14:50:00,NWE,,69.0,69.01000213623047,69.0,69.01000213623047,801.0
2026-08-05 14:50:00,NWL,,6.204999923706055,6.210000038146973,6.199999809265137,6.199999809265137,8010.0
2026-08-05 14:50:00,NWPX,,127.01000213623047,127.05000305175781,127.01000213623047,127.05000305175781,616.0
2026-08-05 14:50:00,NWS,,32.31999969482422,32.34000015258789,32.310001373291016,32.34000015258789,2525.0
2026-08-05 14:50:00,NWSA,,28.295000076293945,28.309999465942383,28.295000076293945,28.309999465942383,8765.0
2026-08-05 14:50:00,NXPI,,231.2899932861328,231.33999633789062,231.17999267578125,231.27999877929688,4605.0
2026-08-05 14:50:00,NXT,,98.98999786376953,99.0,98.70999908447266,98.71499633789062,6350.0
2026-08-05 14:50:00,OABI,,2.0799999237060547,2.0850000381469727,2.0799999237060547,2.0850000381469727,727.0
2026-08-05 14:50:00,OBT,,38.86000061035156,38.86000061035156,38.86000061035156,38.86000061035156,289.0
2026-08-05 14:50:00,OCC,,15.84000015258789,15.84000015258789,15.8100004196167,15.8100004196167,1649.0
2026-08-05 14:50:00,OCFC,,19.920000076293945,19.924999237060547,19.920000076293945,19.924999237060547,774.0
2026-08-05 14:50:00,OCGN,,1.284999966621399,1.2898999452590942,1.2799999713897705,1.2799999713897705,12944.0
2026-08-05 14:50:00,OCS,,12.0,12.020000457763672,12.0,12.020000457763672,489.0
2026-08-05 14:50:00,OCSL,,12.029999732971191,12.03499984741211,12.029999732971191,12.029999732971191,725.0
2026-08-05 14:50:00,ODFL,,213.93499755859375,214.0,213.93499755859375,214.0,3362.0
2026-08-05 14:50:00,OFIX,,10.71500015258789,10.71500015258789,10.680000305175781,10.680000305175781,679.0
2026-08-05 14:50:00,OLLI,,77.95999908447266,77.95999908447266,77.91999816894531,77.91999816894531,1929.0
2026-08-05 14:50:00,OMCL,,37.224998474121094,37.22999954223633,37.224998474121094,37.22999954223633,1338.0
2026-08-05 14:50:00,OMER,,12.75,12.75,12.75,12.75,719.0
2026-08-05 14:50:00,OMH,,0.11500000208616257,0.11500000208616257,0.11500000208616257,0.11500000208616257,0.0
2026-08-05 14:50:00,ON,,77.5,77.55000305175781,77.4800033569336,77.52999877929688,19682.0
2026-08-05 14:50:00,ONB,,27.024999618530273,27.030000686645508,27.024999618530273,27.030000686645508,12210.0
2026-08-05 14:50:00,ONCY,,0.796999990940094,0.796999990940094,0.7947999835014343,0.7947999835014343,12000.0
2026-08-05 14:50:00,ONDS,,8.835000038146973,8.835000038146973,8.800000190734863,8.8100004196167,259070.0
2026-08-05 14:50:00,ONFO,,0.07339999824762344,0.07349999994039536,0.07339999824762344,0.07349999994039536,17293.0
2026-08-05 14:50:00,OPCH,,23.485000610351562,23.489999771118164,23.479999542236328,23.479999542236328,3632.0
2026-08-05 14:50:00,OPEN,,3.799999952316284,3.809999942779541,3.7899999618530273,3.7950000762939453,198830.0
2026-08-05 14:50:00,OPHC,,8.670000076293945,8.670000076293945,8.670000076293945,8.670000076293945,100.0
2026-08-05 14:50:00,OPRT,,6.105000019073486,6.105000019073486,6.105000019073486,6.105000019073486,468.0
2026-08-05 14:50:00,ORIC,,12.829999923706055,12.829999923706055,12.779999732971191,12.779999732971191,17208.0
2026-08-05 14:50:00,ORLY,,92.81999969482422,92.83000183105469,92.77999877929688,92.77999877929688,5550.0
2026-08-05 14:50:00,OSBC,,25.809999465942383,25.809999465942383,25.809999465942383,25.809999465942383,1062.0
2026-08-05 14:50:00,OSPN,,16.584999084472656,16.610000610351562,16.584999084472656,16.600000381469727,1133.0
2026-08-05 14:50:00,OSS,,13.65999984741211,13.65999984741211,13.649999618530273,13.654999732971191,3880.0
2026-08-05 14:50:00,OSW,,26.549999237060547,26.549999237060547,26.549999237060547,26.549999237060547,1094.0
2026-08-05 14:50:00,OTEX,,25.795000076293945,25.80500030517578,25.790000915527344,25.80500030517578,4214.0
2026-08-05 14:50:00,OTLK,,1.0199999809265137,1.0199999809265137,1.0149999856948853,1.0199999809265137,763.0
2026-08-05 14:50:00,OVID,,2.575000047683716,2.5799999237060547,2.575000047683716,2.575000047683716,8583.0
2026-08-05 14:50:00,OVLY,,33.4900016784668,33.4900016784668,33.4900016784668,33.4900016784668,955.0
2026-08-05 14:50:00,OXLC,,9.149999618530273,9.154999732971191,9.149999618530273,9.154999732971191,2549.0
2026-08-05 14:50:00,OXSQ,,1.5049999952316284,1.5049999952316284,1.5049999952316284,1.5049999952316284,2649.0
2026-08-05 14:50:00,PAA,,23.204999923706055,23.204999923706055,23.204999923706055,23.204999923706055,407.0
2026-08-05 14:50:00,PAAS,,48.03499984741211,48.04499816894531,48.005001068115234,48.0099983215332,3888.0
2026-08-05 14:50:00,PACB,,1.3099000453948975,1.3099000453948975,1.2999999523162842,1.2999999523162842,10544.0
2026-08-05 14:50:00,PAGP,,25.179000854492188,25.179000854492188,25.179000854492188,25.179000854492188,334.0
2026-08-05 14:50:00,PAHC,,35.755001068115234,35.755001068115234,35.709999084472656,35.709999084472656,606.0
2026-08-05 14:50:00,PALI,,2.1050000190734863,2.109999895095825,2.1050000190734863,2.109999895095825,1186.0
2026-08-05 14:50:00,PANW,,365.55499267578125,365.6499938964844,365.3599853515625,365.3599853515625,5719.0
2026-08-05 14:50:00,PATK,,88.06999969482422,88.12000274658203,88.06999969482422,88.12000274658203,1502.0
2026-08-05 14:50:00,PAX,,11.404999732971191,11.404999732971191,11.404999732971191,11.404999732971191,145.0
2026-08-05 14:50:00,PAYO,,7.125,7.125,7.125,7.125,244.0
2026-08-05 14:50:00,PAYS,,9.149999618530273,9.149999618530273,9.149999618530273,9.149999618530273,2120.0
2026-08-05 14:50:00,PAYX,,117.76249694824219,117.7699966430664,117.75,117.75,2202.0
2026-08-05 14:50:00,PCAR,,133.97999572753906,133.97999572753906,133.9199981689453,133.92999267578125,7556.0
2026-08-05 14:50:00,PCB,,28.040000915527344,28.040000915527344,28.040000915527344,28.040000915527344,406.0
2026-08-05 14:50:00,PCRX,,25.184999465942383,25.184999465942383,25.15999984741211,25.15999984741211,1554.0
2026-08-05 14:50:00,PCT,,6.95989990234375,6.95989990234375,6.925000190734863,6.929999828338623,17568.0
2026-08-05 14:50:00,PCTY,,145.75,145.8800048828125,145.75,145.8800048828125,1552.0
2026-08-05 14:50:00,PDD,,90.69000244140625,90.69000244140625,90.66010284423828,90.66010284423828,2951.0
2026-08-05 14:50:00,PDLB,,20.450000762939453,20.46500015258789,20.450000762939453,20.46500015258789,606.0
2026-08-05 14:50:00,PEGA,,31.8700008392334,31.8700008392334,31.8700008392334,31.8700008392334,3160.0
2026-08-05 14:50:00,PENN,,19.684999465942383,19.690000534057617,19.684999465942383,19.690000534057617,2792.0
2026-08-05 14:50:00,PEP,,138.46499633789062,138.46499633789062,138.41000366210938,138.41000366210938,5742.0
2026-08-05 14:50:00,PEPG,,1.965000033378601,1.9700000286102295,1.965000033378601,1.965000033378601,624.0
2026-08-05 14:50:00,PESI,,17.905000686645508,17.90999984741211,17.899999618530273,17.90999984741211,3456.0
2026-08-05 14:50:00,PFG,,114.55999755859375,114.58000183105469,114.55000305175781,114.55000305175781,2988.0
2026-08-05 14:50:00,PGC,,46.75,46.75,46.75,46.75,305.0
2026-08-05 14:50:00,PGEN,,6.885000228881836,6.894999980926514,6.880000114440918,6.894999980926514,10602.0
2026-08-05 14:50:00,PGNY,,31.690000534057617,31.690000534057617,31.690000534057617,31.690000534057617,813.0
2026-08-05 14:50:00,PGY,,21.75,21.75,21.739999771118164,21.749900817871094,4073.0
2026-08-05 14:50:00,PHIO,,1.065000057220459,1.065000057220459,1.065000057220459,1.065000057220459,482.0
2026-08-05 14:50:00,PLAB,,32.11000061035156,32.11000061035156,32.099998474121094,32.099998474121094,369.0
2026-08-05 14:50:00,PLBY,,1.159999966621399,1.159999966621399,1.159999966621399,1.159999966621399,8050.0
2026-08-05 14:50:00,PLTK,,3.884999990463257,3.884999990463257,3.884999990463257,3.884999990463257,1602.0
2026-08-05 14:50:00,PLUG,,2.075000047683716,2.0799999237060547,2.075000047683716,2.0789999961853027,35036.0
2026-08-05 14:50:00,PMN,,13.319999694824219,13.319999694824219,13.319999694824219,13.319999694824219,490.0
2026-08-05 14:50:00,PNBK,,1.1349999904632568,1.1349999904632568,1.1349999904632568,1.1349999904632568,200.0
2026-08-05 14:50:00,PNFP,,108.02249908447266,108.04000091552734,108.0,108.04000091552734,2251.0
2026-08-05 14:50:00,PNRG,,187.89999389648438,187.89999389648438,187.89999389648438,187.89999389648438,560.0
2026-08-05 14:50:00,POET,,8.229999542236328,8.229999542236328,8.21500015258789,8.21500015258789,18220.0
2026-08-05 14:50:00,POWI,,61.88999938964844,61.88999938964844,61.7599983215332,61.77000045776367,3876.0
2026-08-05 14:50:00,POWL,,211.32000732421875,211.32000732421875,211.24000549316406,211.24000549316406,412.0
2026-08-05 14:50:00,PPTA,,22.4950008392334,22.4950008392334,22.489999771118164,22.489999771118164,5842.0
2026-08-05 14:50:00,PRCH,,15.8100004196167,15.8100004196167,15.8100004196167,15.8100004196167,765.0
2026-08-05 14:50:00,PRCT,,19.104999542236328,19.104999542236328,19.040000915527344,19.040000915527344,4352.0
2026-08-05 14:50:00,PRDO,,32.79999923706055,32.79999923706055,32.779998779296875,32.779998779296875,2524.0
2026-08-05 14:50:00,PRIM,,84.4800033569336,84.68000030517578,84.40499877929688,84.66999816894531,7553.0
2026-08-05 14:50:00,PRME,,3.055000066757202,3.055000066757202,3.049999952316284,3.049999952316284,3120.0
2026-08-05 14:50:00,PRQR,,1.9550000429153442,1.9550000429153442,1.9550000429153442,1.9550000429153442,348.0
2026-08-05 14:50:00,PRSO,,0.7064999938011169,0.7064999938011169,0.7064999938011169,0.7064999938011169,786.0
2026-08-05 14:50:00,PRTH,,6.625,6.625,6.625,6.625,819.0
2026-08-05 14:50:00,PRVA,,24.209999084472656,24.209999084472656,24.209999084472656,24.209999084472656,359.0
2026-08-05 14:50:00,PRZO,,0.5594000220298767,0.5594000220298767,0.5594000220298767,0.5594000220298767,1179.0
2026-08-05 14:50:00,PSEC,,2.1798999309539795,2.180000066757202,2.174999952316284,2.180000066757202,52169.0
2026-08-05 14:50:00,PSMT,,187.1199951171875,187.43499755859375,187.1199951171875,187.13499450683594,1347.0
2026-08-05 14:50:00,PSNL,,13.510000228881836,13.510000228881836,13.5,13.5,1025.0
2026-08-05 14:50:00,PTC,,139.9250030517578,140.00999450683594,139.7949981689453,139.7949981689453,7186.0
2026-08-05 14:50:00,PTEN,,9.78499984741211,9.789999961853027,9.774999618530273,9.779999732971191,15966.0
2026-08-05 14:50:00,PTGX,,136.13499450683594,136.13499450683594,136.13499450683594,136.13499450683594,476.0
2026-08-05 14:50:00,PTLO,,4.599999904632568,4.599999904632568,4.59499979019165,4.599999904632568,3710.0
2026-08-05 14:50:00,PTON,,6.489999771118164,6.494999885559082,6.485000133514404,6.485000133514404,21159.0
2026-08-05 14:50:00,PUBM,,13.46500015258789,13.46500015258789,13.46500015258789,13.46500015258789,210.0
2026-08-05 14:50:00,PWP,,17.469999313354492,17.469999313354492,17.469999313354492,17.469999313354492,457.0
2026-08-05 14:50:00,PYPL,,58.154998779296875,58.15599822998047,58.14030075073242,58.14500045776367,2714.0
2026-08-05 14:50:00,PYXS,,3.1050000190734863,3.1050000190734863,3.1050000190734863,3.1050000190734863,139.0
2026-08-05 14:50:00,PZZA,,29.65999984741211,29.65999984741211,29.65999984741211,29.65999984741211,2023.0
2026-08-05 14:50:00,QCOM,,157.99000549316406,158.07000732421875,157.9199981689453,157.94000244140625,9968.0
2026-08-05 14:50:00,QRVO,,95.16999816894531,95.16999816894531,95.11000061035156,95.16000366210938,1508.0
2026-08-05 14:50:00,SEED,,1.0499999523162842,1.0499999523162842,1.0399999618530273,1.0499999523162842,20757.0
2026-08-05 14:50:00,TARA,,3.984999895095825,3.984999895095825,3.984999895095825,3.984999895095825,200.0
2026-08-05 14:50:00,WOOF,,2.934999942779541,2.934999942779541,2.934999942779541,2.934999942779541,172.0
2026-08-05 14:51:00,ACDC,,4.485000133514404,4.485000133514404,4.474999904632568,4.474999904632568,15750.0
2026-08-05 14:51:00,BPOP,,177.13499450683594,177.16000366210938,177.13499450683594,177.16000366210938,1233.0
2026-08-05 14:51:00,CNXN,,86.11000061035156,86.16999816894531,86.11000061035156,86.16999816894531,1349.0
2026-08-05 14:51:00,CPOP,,0.34389999508857727,0.34389999508857727,0.34389999508857727,0.34389999508857727,2934.0
2026-08-05 14:51:00,DTIL,,7.449999809265137,7.449999809265137,7.449999809265137,7.449999809265137,552.0
2026-08-05 14:51:00,EYE,,22.940000534057617,22.940000534057617,22.940000534057617,22.940000534057617,1117.0
2026-08-05 14:51:00,FIZZ,,32.22999954223633,32.22999954223633,32.22999954223633,32.22999954223633,466.0
2026-08-05 14:51:00,FRST,,16.540000915527344,16.540000915527344,16.524999618530273,16.540000915527344,1235.0
2026-08-05 14:51:00,GLUE,,15.460000038146973,15.460000038146973,15.449999809265137,15.449999809265137,1083.0
2026-08-05 14:51:00,KITT,,1.034999966621399,1.034999966621399,1.034999966621399,1.034999966621399,1000.0
2026-08-05 14:51:00,KTTA,,0.45239999890327454,0.45559999346733093,0.45239999890327454,0.45559999346733093,9359.0
2026-08-05 14:51:00,LUNG,,1.9900000095367432,1.9900000095367432,1.9850000143051147,1.9850000143051147,3804.0
2026-08-05 14:51:00,MCRI,,122.56999969482422,122.56999969482422,122.56999969482422,122.56999969482422,780.0
2026-08-05 14:51:00,MDB,,375.7200012207031,375.7200012207031,375.7200012207031,375.7200012207031,266.0
2026-08-05 14:51:00,MDLZ,,62.52000045776367,62.529998779296875,62.5099983215332,62.52000045776367,7628.0
2026-08-05 14:51:00,MLTX,,17.582500457763672,17.582500457763672,17.582500457763672,17.582500457763672,364.0
2026-08-05 14:51:00,MNST,,94.70500183105469,94.72000122070312,94.70500183105469,94.72000122070312,3010.0
2026-08-05 14:51:00,MNTS,,4.25,4.25,4.239999771118164,4.239999771118164,263.0
2026-08-05 14:51:00,MODD,,2.0350000858306885,2.0350000858306885,2.0350000858306885,2.0350000858306885,400.0
2026-08-05 14:51:00,MORN,,197.94500732421875,197.94500732421875,197.94500732421875,197.94500732421875,392.0
2026-08-05 14:51:00,MPWR,,1340.469970703125,1341.9449462890625,1340.4100341796875,1341.3900146484375,254.0
2026-08-05 14:51:00,MRNA,,56.45000076293945,56.52000045776367,56.45000076293945,56.47999954223633,4616.0
2026-08-05 14:51:00,MYGN,,3.140000104904175,3.140000104904175,3.140000104904175,3.140000104904175,1570.0
2026-08-05 14:51:00,MYRG,,340.56500244140625,340.56500244140625,340.17498779296875,340.17498779296875,345.0
2026-08-05 14:51:00,NAMS,,27.31999969482422,27.31999969482422,27.299999237060547,27.31999969482422,9377.0
2026-08-05 14:51:00,NATR,,20.139999389648438,20.139999389648438,20.139999389648438,20.139999389648438,1582.0
2026-08-05 14:51:00,NAUT,,0.9391000270843506,0.9391000270843506,0.9391000270843506,0.9391000270843506,2682.0
2026-08-05 14:51:00,NB,,5.065000057220459,5.070000171661377,5.065000057220459,5.070000171661377,1972.0
2026-08-05 14:51:00,NBTB,,53.36000061035156,53.36000061035156,53.36000061035156,53.36000061035156,1425.0
2026-08-05 14:51:00,NBTX,,39.650001525878906,39.650001525878906,39.650001525878906,39.650001525878906,1367.0
2026-08-05 14:51:00,NDAQ,,94.84500122070312,94.84500122070312,94.84500122070312,94.84500122070312,947.0
2026-08-05 14:51:00,NEO,,15.925000190734863,15.930999755859375,15.920000076293945,15.930999755859375,2508.0
2026-08-05 14:51:00,NEOG,,11.604999542236328,11.604999542236328,11.604999542236328,11.604999542236328,3578.0
2026-08-05 14:51:00,NEOV,,2.809999942779541,2.815000057220459,2.805000066757202,2.809999942779541,12573.0
2026-08-05 14:51:00,NEWT,,15.100000381469727,15.100000381469727,15.100000381469727,15.100000381469727,205.0
2026-08-05 14:51:00,NEXT,,6.445000171661377,6.445000171661377,6.445000171661377,6.445000171661377,209.0
2026-08-05 14:51:00,NFE,,0.337799996137619,0.337799996137619,0.337799996137619,0.337799996137619,0.0
2026-08-05 14:51:00,NFLX,,73.30989837646484,73.3499984741211,73.30500030517578,73.34500122070312,59407.0
2026-08-05 14:51:00,NKTX,,2.200000047683716,2.2049999237060547,2.200000047683716,2.2049999237060547,381.0
2026-08-05 14:51:00,NMFC,,7.320000171661377,7.320000171661377,7.320000171661377,7.320000171661377,496.0
2026-08-05 14:51:00,NMRK,,15.71500015258789,15.71500015258789,15.710000038146973,15.710000038146973,1366.0
2026-08-05 14:51:00,NN,,14.510000228881836,14.524999618530273,14.510000228881836,14.520000457763672,3225.0
2026-08-05 14:51:00,NNBR,,3.8399999141693115,3.8399999141693115,3.825000047683716,3.8350000381469727,4563.0
2026-08-05 14:51:00,NNDM,,1.5449999570846558,1.5449999570846558,1.5449999570846558,1.5449999570846558,1301.0
2026-08-05 14:51:00,NNOX,,1.0099999904632568,1.0099999904632568,1.0099999904632568,1.0099999904632568,962.0
2026-08-05 14:51:00,NOVT,,155.52499389648438,155.52499389648438,155.52499389648438,155.52499389648438,569.0
2026-08-05 14:51:00,NRIX,,24.860000610351562,24.8799991607666,24.860000610351562,24.8799991607666,836.0
2026-08-05 14:51:00,NSSC,,40.3650016784668,40.3650016784668,40.3650016784668,40.3650016784668,1699.0
2026-08-05 14:51:00,NTAP,,190.14500427246094,190.24000549316406,190.1199951171875,190.14500427246094,2092.0
2026-08-05 14:51:00,NTCT,,41.880001068115234,41.880001068115234,41.880001068115234,41.880001068115234,564.0
2026-08-05 14:51:00,NTNX,,61.130001068115234,61.13999938964844,61.099998474121094,61.119998931884766,10097.0
2026-08-05 14:51:00,NTRA,,273.0,273.2099914550781,273.0,273.2099914550781,1770.0
2026-08-05 14:51:00,NTRS,,184.64500427246094,184.64500427246094,184.64500427246094,184.64500427246094,668.0
2026-08-05 14:51:00,NVAX,,7.565000057220459,7.565000057220459,7.560999870300293,7.560999870300293,2834.0
2026-08-05 14:51:00,NVCR,,16.059999465942383,16.079999923706055,16.059999465942383,16.079999923706055,1966.0
2026-08-05 14:51:00,NVCT,,19.59000015258789,19.59000015258789,19.59000015258789,19.59000015258789,151.0
2026-08-05 14:51:00,NVDA,,221.6300048828125,221.74000549316406,221.62010192871094,221.6999969482422,131854.0
2026-08-05 14:51:00,NVMI,,406.3599853515625,406.3599853515625,406.3599853515625,406.3599853515625,114.0
2026-08-05 14:51:00,NVTS,,12.359999656677246,12.369999885559082,12.359999656677246,12.364999771118164,9622.0
2026-08-05 14:51:00,NWBI,,15.944999694824219,15.944999694824219,15.944999694824219,15.944999694824219,559.0
2026-08-05 14:51:00,NWL,,6.204999923706055,6.210000038146973,6.204999923706055,6.210000038146973,1659.0
2026-08-05 14:51:00,NWPX,,127.1500015258789,127.30999755859375,127.1500015258789,127.29000091552734,785.0
2026-08-05 14:51:00,NWS,,32.314998626708984,32.314998626708984,32.314998626708984,32.314998626708984,1574.0
2026-08-05 14:51:00,NWSA,,28.295000076293945,28.295000076293945,28.295000076293945,28.295000076293945,2171.0
2026-08-05 14:51:00,NXPI,,231.2449951171875,231.2449951171875,231.1699981689453,231.22500610351562,2910.0
2026-08-05 14:51:00,NXT,,98.91000366210938,98.98999786376953,98.91000366210938,98.98999786376953,2767.0
2026-08-05 14:51:00,NXTC,,5.125,5.125,5.125,5.125,2410.0
2026-08-05 14:51:00,OABI,,2.0850000381469727,2.0850000381469727,2.0850000381469727,2.0850000381469727,182.0
2026-08-05 14:51:00,OCC,,15.890000343322754,15.970000267028809,15.84000015258789,15.84000015258789,1707.0
2026-08-05 14:51:00,OCFC,,19.924999237060547,19.924999237060547,19.920000076293945,19.920000076293945,928.0
2026-08-05 14:51:00,OCGN,,1.2799999713897705,1.284999966621399,1.2799999713897705,1.2799999713897705,13907.0
2026-08-05 14:51:00,OCS,,12.020000457763672,12.020000457763672,12.020000457763672,12.020000457763672,776.0
2026-08-05 14:51:00,OCUL,,8.555000305175781,8.555000305175781,8.555000305175781,8.555000305175781,458.0
2026-08-05 14:51:00,ODFL,,213.91000366210938,214.00999450683594,213.80499267578125,213.89999389648438,13696.0
2026-08-05 14:51:00,OESX,,15.168899536132812,15.168899536132812,15.168899536132812,15.168899536132812,168.0
2026-08-05 14:51:00,OFIX,,10.71500015258789,10.71500015258789,10.71500015258789,10.71500015258789,441.0
2026-08-05 14:51:00,OFSSH,,23.530000686645508,23.530000686645508,23.530000686645508,23.530000686645508,0.0
2026-08-05 14:51:00,OGI,,0.9521999955177307,0.9559999704360962,0.9521999955177307,0.9559999704360962,1149.0
2026-08-05 14:51:00,OKTA,,148.2100067138672,148.25,148.2100067138672,148.25,2337.0
2026-08-05 14:51:00,OKYO,,1.6100000143051147,1.6100000143051147,1.6100000143051147,1.6100000143051147,0.0
2026-08-05 14:51:00,OLLI,,77.97000122070312,78.01000213623047,77.88999938964844,77.91999816894531,2406.0
2026-08-05 14:51:00,OMCL,,37.27000045776367,37.27000045776367,37.27000045776367,37.27000045776367,218.0
2026-08-05 14:51:00,OMER,,12.770000457763672,12.770000457763672,12.760000228881836,12.760000228881836,1661.0
2026-08-05 14:51:00,OMH,,0.11509999632835388,0.11509999632835388,0.11509999632835388,0.11509999632835388,18368.0
2026-08-05 14:51:00,ON,,77.52999877929688,77.55999755859375,77.48999786376953,77.5,13547.0
2026-08-05 14:51:00,ONB,,27.020000457763672,27.024999618530273,27.014999389648438,27.024999618530273,7209.0
2026-08-05 14:51:00,ONCY,,0.7968999743461609,0.798799991607666,0.7968999743461609,0.796999990940094,9644.0
2026-08-05 14:51:00,ONDS,,8.8100004196167,8.84000015258789,8.800000190734863,8.829999923706055,363554.0
2026-08-05 14:51:00,ONFO,,0.07339999824762344,0.07339999824762344,0.07339999824762344,0.07339999824762344,6266.0
2026-08-05 14:51:00,OPCH,,23.485000610351562,23.489999771118164,23.475000381469727,23.475000381469727,3522.0
2026-08-05 14:51:00,OPEN,,3.7850000858306885,3.799999952316284,3.7799999713897705,3.7950000762939453,155984.0
2026-08-05 14:51:00,OPHC,,8.670000076293945,8.670000076293945,8.670000076293945,8.670000076293945,100.0
2026-08-05 14:51:00,ORIC,,12.829999923706055,12.829999923706055,12.829999923706055,12.829999923706055,1304.0
2026-08-05 14:51:00,ORLY,,92.8499984741211,92.86000061035156,92.83999633789062,92.83999633789062,3359.0
2026-08-05 14:51:00,OSIS,,237.18499755859375,237.18499755859375,237.1199951171875,237.1300048828125,328.0
2026-08-05 14:51:00,OSPN,,16.625,16.625,16.600000381469727,16.600000381469727,4024.0
2026-08-05 14:51:00,OSS,,13.649999618530273,13.649999618530273,13.649999618530273,13.649999618530273,753.0
2026-08-05 14:51:00,OSW,,26.530000686645508,26.530000686645508,26.530000686645508,26.530000686645508,744.0
2026-08-05 14:51:00,OTEX,,25.790000915527344,25.795000076293945,25.790000915527344,25.795000076293945,2725.0
2026-08-05 14:51:00,OTLK,,1.0199999809265137,1.0199999809265137,1.0199999809265137,1.0199999809265137,1668.0
2026-08-05 14:51:00,OTTR,,92.19000244140625,92.19000244140625,92.19000244140625,92.19000244140625,345.0
2026-08-05 14:51:00,OVID,,2.575000047683716,2.575000047683716,2.575000047683716,2.575000047683716,790.0
2026-08-05 14:51:00,PAA,,23.204999923706055,23.204999923706055,23.200000762939453,23.204999923706055,7282.0
2026-08-05 14:51:00,PAAS,,48.0369987487793,48.040000915527344,48.02000045776367,48.03499984741211,7183.0
2026-08-05 14:51:00,PACB,,1.3092000484466553,1.3092000484466553,1.2999999523162842,1.2999999523162842,7182.0
2026-08-05 14:51:00,PAGP,,25.170000076293945,25.174999237060547,25.170000076293945,25.174999237060547,945.0
2026-08-05 14:51:00,PALI,,2.109999895095825,2.109999895095825,2.109999895095825,2.109999895095825,1294.0
2026-08-05 14:51:00,PANW,,365.5979919433594,365.6600036621094,365.4700012207031,365.55999755859375,7148.0
2026-08-05 14:51:00,PATK,,88.04499816894531,88.04499816894531,88.04499816894531,88.04499816894531,345.0
2026-08-05 14:51:00,PAX,,11.404999732971191,11.40880012512207,11.404999732971191,11.40880012512207,604.0
2026-08-05 14:51:00,PAYO,,7.120299816131592,7.125,7.119999885559082,7.125,963.0
2026-08-05 14:51:00,PAYX,,117.80500030517578,117.80500030517578,117.7699966430664,117.7699966430664,3857.0
2026-08-05 14:51:00,PBYI,,8.029999732971191,8.029999732971191,8.029999732971191,8.029999732971191,101.0
2026-08-05 14:51:00,PCAR,,133.9199981689453,134.00999450683594,133.9199981689453,133.97999572753906,4192.0
2026-08-05 14:51:00,PCRX,,25.1924991607666,25.19499969482422,25.139999389648438,25.149999618530273,5740.0
2026-08-05 14:51:00,PCT,,6.954999923706055,6.960000038146973,6.954999923706055,6.954999923706055,3704.0
2026-08-05 14:51:00,PDD,,90.68000030517578,90.68000030517578,90.68000030517578,90.68000030517578,2593.0
2026-08-05 14:51:00,PDFS,,50.09000015258789,50.095001220703125,50.09000015258789,50.095001220703125,487.0
2026-08-05 14:51:00,PECO,,41.38999938964844,41.38999938964844,41.369998931884766,41.38999938964844,1867.0
2026-08-05 14:51:00,PEGA,,31.8799991607666,31.8799991607666,31.8700008392334,31.8700008392334,1562.0
2026-08-05 14:51:00,PENN,,19.68000030517578,19.690000534057617,19.68000030517578,19.684999465942383,3295.0
2026-08-05 14:51:00,PEP,,138.4199981689453,138.47500610351562,138.4199981689453,138.4600067138672,9137.0
2026-08-05 14:51:00,PESI,,17.8700008392334,17.8799991607666,17.8700008392334,17.8700008392334,2982.0
2026-08-05 14:51:00,PFG,,114.5199966430664,114.5199966430664,114.51000213623047,114.51000213623047,648.0
2026-08-05 14:51:00,PFXNZ,,23.829999923706055,23.829999923706055,23.81999969482422,23.81999969482422,395.0
2026-08-05 14:51:00,PGC,,46.720001220703125,46.72999954223633,46.720001220703125,46.72999954223633,667.0
2026-08-05 14:51:00,PGEN,,6.880000114440918,6.885000228881836,6.880000114440918,6.880000114440918,11534.0
2026-08-05 14:51:00,PGNY,,31.680999755859375,31.680999755859375,31.680999755859375,31.680999755859375,332.0
2026-08-05 14:51:00,PGY,,21.7450008392334,21.760000228881836,21.7450008392334,21.760000228881836,3088.0
2026-08-05 14:51:00,PHIO,,1.059999942779541,1.059999942779541,1.059999942779541,1.059999942779541,600.0
2026-08-05 14:51:00,PLAB,,32.09000015258789,32.09000015258789,32.08000183105469,32.08000183105469,379.0
2026-08-05 14:51:00,PLBY,,1.1649999618530273,1.1649999618530273,1.1649999618530273,1.1649999618530273,618.0
2026-08-05 14:51:00,PLMR,,134.24000549316406,134.24000549316406,134.02999877929688,134.02999877929688,445.0
2026-08-05 14:51:00,PLTK,,3.890000104904175,3.890000104904175,3.890000104904175,3.890000104904175,260.0
2026-08-05 14:51:00,PLUG,,2.075000047683716,2.0799999237060547,2.069999933242798,2.0764000415802,64267.0
2026-08-05 14:51:00,PNBK,,1.1299999952316284,1.1299999952316284,1.1299999952316284,1.1299999952316284,348.0
2026-08-05 14:51:00,POET,,8.225000381469727,8.229999542236328,8.225000381469727,8.225000381469727,1399.0
2026-08-05 14:51:00,POOL,,204.77999877929688,204.77999877929688,204.77999877929688,204.77999877929688,342.0
2026-08-05 14:51:00,POWL,,211.2449951171875,211.26499938964844,211.14999389648438,211.16000366210938,1481.0
2026-08-05 14:51:00,PPTA,,22.499000549316406,22.499000549316406,22.479999542236328,22.4950008392334,1198.0
2026-08-05 14:51:00,PRAX,,318.2699890136719,318.2699890136719,318.2699890136719,318.2699890136719,212.0
2026-08-05 14:51:00,PRCH,,15.8100004196167,15.8100004196167,15.8100004196167,15.8100004196167,1422.0
2026-08-05 14:51:00,PRCT,,19.094999313354492,19.1299991607666,19.09000015258789,19.1200008392334,7377.0
2026-08-05 14:51:00,PRIM,,84.56999969482422,84.58999633789062,84.48750305175781,84.49500274658203,2945.0
2026-08-05 14:51:00,PRME,,3.049999952316284,3.049999952316284,3.049999952316284,3.049999952316284,4624.0
2026-08-05 14:51:00,PRQR,,1.9700000286102295,1.9800000190734863,1.9600000381469727,1.9600000381469727,29814.0
2026-08-05 14:51:00,PRTA,,8.46500015258789,8.46500015258789,8.46500015258789,8.46500015258789,228.0
2026-08-05 14:51:00,PRVA,,24.200000762939453,24.209999084472656,24.200000762939453,24.209999084472656,2611.0
2026-08-05 14:51:00,PSEC,,2.174999952316284,2.174999952316284,2.1700000762939453,2.174999952316284,2557.0
2026-08-05 14:51:00,PSNL,,13.484999656677246,13.510000228881836,13.484999656677246,13.510000228881836,1610.0
2026-08-05 14:51:00,PTC,,139.91000366210938,140.07000732421875,139.91000366210938,140.0500030517578,2988.0
2026-08-05 14:51:00,PTCT,,69.05999755859375,69.1050033569336,69.05999755859375,69.1050033569336,1169.0
2026-08-05 14:51:00,PTEN,,9.78499984741211,9.78499984741211,9.78499984741211,9.78499984741211,806.0
2026-08-05 14:51:00,PTLO,,4.610000133514404,4.610000133514404,4.605000019073486,4.605000019073486,545.0
2026-08-05 14:51:00,PTON,,6.485000133514404,6.489999771118164,6.485000133514404,6.489999771118164,8922.0
2026-08-05 14:51:00,PUBM,,13.46500015258789,13.46500015258789,13.46500015258789,13.46500015258789,493.0
2026-08-05 14:51:00,PYPD,,4.559999942779541,4.559999942779541,4.559999942779541,4.559999942779541,275.0
2026-08-05 14:51:00,PYPL,,58.154998779296875,58.165000915527344,58.150001525878906,58.1599006652832,5584.0
2026-08-05 14:51:00,PYXS,,3.0999999046325684,3.1050000190734863,3.0999999046325684,3.1050000190734863,528.0
2026-08-05 14:51:00,PZZA,,29.700000762939453,29.700000762939453,29.700000762939453,29.700000762939453,369.0
2026-08-05 14:51:00,QCOM,,157.96499633789062,157.97000122070312,157.89999389648438,157.97000122070312,5400.0
2026-08-05 14:51:00,QRVO,,95.16000366210938,95.16000366210938,95.11000061035156,95.11499786376953,1377.0
2026-08-05 14:51:00,SEED,,1.0499999523162842,1.0499999523162842,1.0499999523162842,1.0499999523162842,1400.0
2026-08-05 14:51:00,STIM,,2.2249999046325684,2.2249999046325684,2.2249999046325684,2.2249999046325684,848.0
2026-08-05 14:51:00,TARA,,3.990000009536743,3.990000009536743,3.990000009536743,3.990000009536743,7.0
2026-08-05 14:51:00,WOOF,,2.934999942779541,2.934999942779541,2.934999942779541,2.934999942779541,3284.0
2026-08-05 14:52:00,ACDC,,4.474999904632568,4.485000133514404,4.474999904632568,4.485000133514404,5289.0
2026-08-05 14:52:00,BPOP,,177.06500244140625,177.1699981689453,177.06500244140625,177.14999389648438,1417.0
2026-08-05 14:52:00,CNXN,,86.08999633789062,86.08999633789062,86.08999633789062,86.08999633789062,1117.0
2026-08-05 14:52:00,CPOP,,0.34389999508857727,0.34389999508857727,0.34389999508857727,0.34389999508857727,1537.0
2026-08-05 14:52:00,EYE,,22.94499969482422,22.94499969482422,22.94499969482422,22.94499969482422,1140.0
2026-08-05 14:52:00,FIZZ,,32.23500061035156,32.23500061035156,32.23500061035156,32.23500061035156,2444.0
2026-08-05 14:52:00,FRST,,16.524999618530273,16.524999618530273,16.524999618530273,16.524999618530273,740.0
2026-08-05 14:52:00,GLUE,,15.470000267028809,15.470000267028809,15.460000038146973,15.460000038146973,1032.0
2026-08-05 14:52:00,KITT,,1.0202000141143799,1.0202000141143799,1.0202000141143799,1.0202000141143799,0.0
2026-08-05 14:52:00,KITTW,,0.013899999670684338,0.013899999670684338,0.013899999670684338,0.013899999670684338,2922.0
2026-08-05 14:52:00,LUNG,,1.9850000143051147,1.9850000143051147,1.9850000143051147,1.9850000143051147,3068.0
2026-08-05 14:52:00,MBRX,,0.40139999985694885,0.40139999985694885,0.4000000059604645,0.4000000059604645,5871.0
2026-08-05 14:52:00,MDB,,375.8900146484375,375.8900146484375,375.5350036621094,375.5400085449219,984.0
2026-08-05 14:52:00,MDLZ,,62.51499938964844,62.529998779296875,62.510101318359375,62.52000045776367,4715.0
2026-08-05 14:52:00,MNST,,94.72000122070312,94.72000122070312,94.69999694824219,94.69999694824219,4493.0
2026-08-05 14:52:00,MNTS,,4.25,4.25,4.25,4.25,7167.0
2026-08-05 14:52:00,MPWR,,1341.06005859375,1341.2449951171875,1340.1800537109375,1341.2449951171875,389.0
2026-08-05 14:52:00,MRNA,,56.48500061035156,56.48500061035156,56.47999954223633,56.47999954223633,2564.0
2026-08-05 14:52:00,MYGN,,3.134999990463257,3.134999990463257,3.134999990463257,3.134999990463257,1365.0
2026-08-05 14:52:00,NAMS,,27.344999313354492,27.350000381469727,27.290000915527344,27.299999237060547,4606.0
2026-08-05 14:52:00,NAVI,,9.100000381469727,9.100000381469727,9.100000381469727,9.100000381469727,567.0
2026-08-05 14:52:00,NB,,5.065000057220459,5.065000057220459,5.065000057220459,5.065000057220459,3255.0
2026-08-05 14:52:00,NCMI,,4.105000019073486,4.105000019073486,4.105000019073486,4.105000019073486,211.0
2026-08-05 14:52:00,NCRA,,1.8200000524520874,1.8200000524520874,1.8200000524520874,1.8200000524520874,2100.0
2026-08-05 14:52:00,NDAQ,,94.78500366210938,94.83999633789062,94.77999877929688,94.83999633789062,2527.0
2026-08-05 14:52:00,NEGG,,17.145000457763672,17.145000457763672,17.145000457763672,17.145000457763672,277.0
2026-08-05 14:52:00,NEO,,15.920000076293945,15.920000076293945,15.90999984741211,15.920000076293945,6503.0
2026-08-05 14:52:00,NEOG,,11.600000381469727,11.600000381469727,11.600000381469727,11.600000381469727,985.0
2026-08-05 14:52:00,NEOV,,2.8099000453948975,2.8099000453948975,2.8099000453948975,2.8099000453948975,3020.0
2026-08-05 14:52:00,NESR,,28.549999237060547,28.559999465942383,28.549999237060547,28.559999465942383,1033.0
2026-08-05 14:52:00,NEWT,,15.09000015258789,15.09000015258789,15.09000015258789,15.09000015258789,190.0
2026-08-05 14:52:00,NEXT,,6.434999942779541,6.440000057220459,6.434999942779541,6.440000057220459,2482.0
2026-08-05 14:52:00,NFE,,0.3379000127315521,0.3379000127315521,0.3379000127315521,0.3379000127315521,200.0
2026-08-05 14:52:00,NFLX,,73.31500244140625,73.31999969482422,73.29000091552734,73.29499816894531,32675.0
2026-08-05 14:52:00,NGNE,,35.599998474121094,35.599998474121094,35.529998779296875,35.529998779296875,430.0
2026-08-05 14:52:00,NICE,,99.16000366210938,99.30000305175781,99.16000366210938,99.30000305175781,4156.0
2026-08-05 14:52:00,NKTR,,72.53500366210938,72.53500366210938,72.53500366210938,72.53500366210938,528.0
2026-08-05 14:52:00,NKTX,,2.200000047683716,2.200000047683716,2.200000047683716,2.200000047683716,326.0
2026-08-05 14:52:00,NMFC,,7.324999809265137,7.329999923706055,7.320000171661377,7.320000171661377,7173.0
2026-08-05 14:52:00,NMRK,,15.704999923706055,15.710000038146973,15.704999923706055,15.710000038146973,1989.0
2026-08-05 14:52:00,NN,,14.490400314331055,14.515000343322754,14.490400314331055,14.515000343322754,5950.0
2026-08-05 14:52:00,NNBR,,3.7950000762939453,3.8299999237060547,3.7899999618530273,3.825000047683716,27572.0
2026-08-05 14:52:00,NNDM,,1.5449999570846558,1.5449999570846558,1.5399999618530273,1.5449999570846558,917.0
2026-08-05 14:52:00,NOVT,,155.55250549316406,155.55250549316406,155.52000427246094,155.52000427246094,1459.0
2026-08-05 14:52:00,NRIX,,24.875,24.875,24.8700008392334,24.8700008392334,392.0
2026-08-05 14:52:00,NRXP,,3.059999942779541,3.059999942779541,3.059999942779541,3.059999942779541,675.0
2026-08-05 14:52:00,NTAP,,190.19000244140625,190.19000244140625,190.07000732421875,190.14500427246094,4632.0
2026-08-05 14:52:00,NTNX,,61.1349983215332,61.13999938964844,61.119998931884766,61.1349983215332,2977.0
2026-08-05 14:52:00,NTRA,,273.010009765625,273.260009765625,273.010009765625,273.260009765625,2873.0
2026-08-05 14:52:00,NVCR,,16.049999237060547,16.059999465942383,16.049999237060547,16.049999237060547,1833.0
2026-08-05 14:52:00,NVCT,,19.59000015258789,19.59000015258789,19.59000015258789,19.59000015258789,510.0
2026-08-05 14:52:00,NVDA,,221.6999053955078,221.7100067138672,221.58999633789062,221.63499450683594,123897.0
2026-08-05 14:52:00,NVMI,,406.7300109863281,406.7300109863281,406.69000244140625,406.69000244140625,321.0
2026-08-05 14:52:00,NVTS,,12.359999656677246,12.364999771118164,12.345000267028809,12.350099563598633,10520.0
2026-08-05 14:52:00,NWBI,,15.944999694824219,15.944999694824219,15.944999694824219,15.944999694824219,109.0
2026-08-05 14:52:00,NWE,,69.01000213623047,69.01000213623047,69.01000213623047,69.01000213623047,507.0
2026-08-05 14:52:00,NWL,,6.204999923706055,6.210000038146973,6.199999809265137,6.204999923706055,21372.0
2026-08-05 14:52:00,NWPX,,127.38999938964844,127.38999938964844,127.26000213623047,127.26000213623047,1643.0
2026-08-05 14:52:00,NWSA,,28.299999237060547,28.299999237060547,28.295000076293945,28.295000076293945,1962.0
2026-08-05 14:52:00,NXGL,,0.4009000062942505,0.4009000062942505,0.4009000062942505,0.4009000062942505,100.0
2026-08-05 14:52:00,NXPI,,231.2449951171875,231.27999877929688,231.19000244140625,231.2449951171875,5289.0
2026-08-05 14:52:00,NXT,,98.91999816894531,98.92500305175781,98.87000274658203,98.91999816894531,3042.0
2026-08-05 14:52:00,OCFC,,19.93000030517578,19.93000030517578,19.93000030517578,19.93000030517578,1418.0
2026-08-05 14:52:00,OCGN,,1.2799999713897705,1.284999966621399,1.2799999713897705,1.2799999713897705,2527.0
2026-08-05 14:52:00,OCS,,12.039999961853027,12.039999961853027,12.039999961853027,12.039999961853027,690.0
2026-08-05 14:52:00,OCSL,,12.03499984741211,12.03499984741211,12.03499984741211,12.03499984741211,324.0
2026-08-05 14:52:00,OCUL,,8.5649995803833,8.5649995803833,8.5600004196167,8.5600004196167,859.0
2026-08-05 14:52:00,ODD,,15.204999923706055,15.204999923706055,15.1899995803833,15.1899995803833,747.0
2026-08-05 14:52:00,ODFL,,214.2449951171875,214.2449951171875,214.10000610351562,214.10000610351562,2092.0
2026-08-05 14:52:00,OFIX,,10.71500015258789,10.71500015258789,10.71500015258789,10.71500015258789,397.0
2026-08-05 14:52:00,OFSSH,,23.5,23.510000228881836,23.5,23.5,4000.0
2026-08-05 14:52:00,OKTA,,148.27000427246094,148.27000427246094,148.22000122070312,148.25999450683594,2919.0
2026-08-05 14:52:00,OLLI,,77.96499633789062,78.0199966430664,77.96499633789062,78.0199966430664,1795.0
2026-08-05 14:52:00,OMCL,,37.21500015258789,37.21500015258789,37.21500015258789,37.21500015258789,1535.0
2026-08-05 14:52:00,OMER,,12.774999618530273,12.774999618530273,12.774999618530273,12.774999618530273,609.0
2026-08-05 14:52:00,ON,,77.55000305175781,77.58000183105469,77.52999877929688,77.52999877929688,11097.0
2026-08-05 14:52:00,ONB,,27.020000457763672,27.024999618530273,27.020000457763672,27.024999618530273,5466.0
2026-08-05 14:52:00,ONDS,,8.8149995803833,8.819999694824219,8.800000190734863,8.808199882507324,140092.0
2026-08-05 14:52:00,ONFO,,0.07339999824762344,0.07339999824762344,0.07339999824762344,0.07339999824762344,428.0
2026-08-05 14:52:00,OPAL,,2.359999895095825,2.359999895095825,2.359999895095825,2.359999895095825,1033.0
2026-08-05 14:52:00,OPCH,,23.459999084472656,23.489999771118164,23.459999084472656,23.479999542236328,3518.0
2026-08-05 14:52:00,OPEN,,3.759999990463257,3.7899999618530273,3.759999990463257,3.7899999618530273,142395.0
2026-08-05 14:52:00,OPK,,1.315000057220459,1.315000057220459,1.315000057220459,1.315000057220459,930.0
2026-08-05 14:52:00,OPRA,,19.889999389648438,19.889999389648438,19.889999389648438,19.889999389648438,113.0
2026-08-05 14:52:00,OPRT,,6.105000019073486,6.105000019073486,6.105000019073486,6.105000019073486,793.0
2026-08-05 14:52:00,OPRX,,6.920000076293945,6.920000076293945,6.909999847412109,6.909999847412109,2457.0
2026-08-05 14:52:00,ORIC,,12.829999923706055,12.850000381469727,12.824999809265137,12.829999923706055,5533.0
2026-08-05 14:52:00,ORLY,,92.83999633789062,92.87000274658203,92.83999633789062,92.8499984741211,5242.0
2026-08-05 14:52:00,OSBC,,25.815000534057617,25.815000534057617,25.815000534057617,25.815000534057617,1194.0
2026-08-05 14:52:00,OSPN,,16.729999542236328,16.729999542236328,16.649999618530273,16.649999618530273,5381.0
2026-08-05 14:52:00,OSS,,13.649999618530273,13.649999618530273,13.641799926757812,13.643799781799316,2103.0
2026-08-05 14:52:00,OSUR,,4.114999771118164,4.114999771118164,4.114999771118164,4.114999771118164,214.0
2026-08-05 14:52:00,OTEX,,25.774999618530273,25.774999618530273,25.75,25.770000457763672,14011.0
2026-08-05 14:52:00,OTLK,,1.0099999904632568,1.0199999809265137,1.0099999904632568,1.017699956893921,2851.0
2026-08-05 14:52:00,OTTR,,92.19000244140625,92.19000244140625,92.19000244140625,92.19000244140625,1979.0
2026-08-05 14:52:00,OVID,,2.575000047683716,2.575000047683716,2.575000047683716,2.575000047683716,1908.0
2026-08-05 14:52:00,OVLY,,33.4900016784668,33.4900016784668,33.4900016784668,33.4900016784668,1219.0
2026-08-05 14:52:00,OXLC,,9.149999618530273,9.149999618530273,9.135000228881836,9.135000228881836,8103.0
2026-08-05 14:52:00,OXSQ,,1.5049999952316284,1.5049999952316284,1.5049999952316284,1.5049999952316284,1662.0
2026-08-05 14:52:00,PAAS,,48.04999923706055,48.04999923706055,48.0098991394043,48.03200149536133,7937.0
2026-08-05 14:52:00,PACB,,1.3049999475479126,1.309499979019165,1.3000999689102173,1.3000999689102173,2017.0
2026-08-05 14:52:00,PAGP,,25.170000076293945,25.170000076293945,25.170000076293945,25.170000076293945,793.0
2026-08-05 14:52:00,PALI,,2.109999895095825,2.109999895095825,2.1050000190734863,2.109999895095825,862.0
2026-08-05 14:52:00,PANW,,365.6549987792969,365.7300109863281,365.6549987792969,365.7300109863281,3590.0
2026-08-05 14:52:00,PAX,,11.395000457763672,11.404999732971191,11.395000457763672,11.404999732971191,6024.0
2026-08-05 14:52:00,PAYO,,7.125,7.125,7.125,7.125,1703.0
2026-08-05 14:52:00,PAYX,,117.75499725341797,117.80000305175781,117.75,117.80000305175781,2493.0
2026-08-05 14:52:00,PBYI,,8.029999732971191,8.029999732971191,8.029999732971191,8.029999732971191,375.0
2026-08-05 14:52:00,PCAR,,133.92999267578125,133.9600067138672,133.9199981689453,133.92999267578125,8108.0
2026-08-05 14:52:00,PCB,,28.110000610351562,28.110000610351562,28.110000610351562,28.110000610351562,1032.0
2026-08-05 14:52:00,PCRX,,25.184999465942383,25.229999542236328,25.15999984741211,25.219999313354492,5393.0
2026-08-05 14:52:00,PCT,,6.949999809265137,6.949999809265137,6.945000171661377,6.949999809265137,6619.0
2026-08-05 14:52:00,PCTY,,145.7550048828125,145.9499969482422,145.7550048828125,145.93499755859375,1130.0
2026-08-05 14:52:00,PDD,,90.6449966430664,90.66999816894531,90.6449966430664,90.66999816894531,2816.0
2026-08-05 14:52:00,PDEX,,68.04499816894531,68.04499816894531,67.79000091552734,67.79000091552734,867.0
2026-08-05 14:52:00,PDFS,,50.119998931884766,50.119998931884766,50.119998931884766,50.119998931884766,169.0
2026-08-05 14:52:00,PDLB,,20.434999465942383,20.434999465942383,20.434999465942383,20.434999465942383,242.0
2026-08-05 14:52:00,PEBO,,41.67499923706055,41.67499923706055,41.67499923706055,41.67499923706055,1953.0
2026-08-05 14:52:00,PEGA,,31.790000915527344,31.920000076293945,31.790000915527344,31.8799991607666,52228.0
2026-08-05 14:52:00,PENN,,19.709999084472656,19.709999084472656,19.68000030517578,19.68000030517578,9136.0
2026-08-05 14:52:00,PEP,,138.41000366210938,138.4499969482422,138.40499877929688,138.43499755859375,12180.0
2026-08-05 14:52:00,PEPG,,1.965000033378601,1.965000033378601,1.965000033378601,1.965000033378601,354.0
2026-08-05 14:52:00,PERI,,9.574999809265137,9.574999809265137,9.574999809265137,9.574999809265137,695.0
2026-08-05 14:52:00,PFG,,114.50499725341797,114.50499725341797,114.50499725341797,114.50499725341797,415.0
2026-08-05 14:52:00,PFX,,46.95000076293945,46.95000076293945,45.20000076293945,45.29999923706055,1170.0
2026-08-05 14:52:00,PGC,,46.65999984741211,46.70000076293945,46.65999984741211,46.70000076293945,1298.0
2026-08-05 14:52:00,PGEN,,6.899899959564209,6.900000095367432,6.880000114440918,6.885000228881836,12592.0
2026-08-05 14:52:00,PGNY,,31.68000030517578,31.690000534057617,31.68000030517578,31.690000534057617,918.0
2026-08-05 14:52:00,PGY,,21.739999771118164,21.739999771118164,21.739999771118164,21.739999771118164,456.0
2026-08-05 14:52:00,PHAT,,8.369999885559082,8.369999885559082,8.364999771118164,8.364999771118164,2722.0
2026-08-05 14:52:00,PHIO,,1.0549999475479126,1.0549999475479126,1.0549999475479126,1.0549999475479126,294.0
2026-08-05 14:52:00,PLAB,,32.084999084472656,32.09000015258789,32.06999969482422,32.09000015258789,1178.0
2026-08-05 14:52:00,PLMR,,134.25,134.3300018310547,134.2100067138672,134.2100067138672,1927.0
2026-08-05 14:52:00,PLTK,,3.885499954223633,3.885499954223633,3.884999990463257,3.884999990463257,3515.0
2026-08-05 14:52:00,PLUG,,2.0799999237060547,2.0799999237060547,2.069999933242798,2.078399896621704,35332.0
2026-08-05 14:52:00,PLXS,,276.6499938964844,276.6499938964844,276.6499938964844,276.6499938964844,668.0
2026-08-05 14:52:00,PNFP,,107.95999908447266,107.9800033569336,107.95999908447266,107.9800033569336,1972.0
2026-08-05 14:52:00,PNTG,,38.79999923706055,38.79999923706055,38.79999923706055,38.79999923706055,301.0
2026-08-05 14:52:00,POET,,8.220100402832031,8.229999542236328,8.220100402832031,8.225000381469727,21757.0
2026-08-05 14:52:00,POWI,,61.81999969482422,61.81999969482422,61.81999969482422,61.81999969482422,308.0
2026-08-05 14:52:00,POWL,,211.2449951171875,211.2449951171875,211.2449951171875,211.2449951171875,910.0
2026-08-05 14:52:00,PPC,,26.44499969482422,26.44499969482422,26.440000534057617,26.440000534057617,1488.0
2026-08-05 14:52:00,PPTA,,22.489999771118164,22.489999771118164,22.489999771118164,22.489999771118164,1221.0
2026-08-05 14:52:00,PRAA,,17.290000915527344,17.299999237060547,17.290000915527344,17.299999237060547,1241.0
2026-08-05 14:52:00,PRCH,,15.789999961853027,15.805000305175781,15.78499984741211,15.805000305175781,5628.0
2026-08-05 14:52:00,PRCT,,19.059999465942383,19.09000015258789,19.059999465942383,19.09000015258789,4471.0
2026-08-05 14:52:00,PRFX,,1.1104999780654907,1.1104999780654907,1.1104999780654907,1.1104999780654907,445.0
2026-08-05 14:52:00,PRIM,,84.58000183105469,84.58000183105469,84.58000183105469,84.58000183105469,599.0
2026-08-05 14:52:00,PRQR,,1.975000023841858,1.975000023841858,1.975000023841858,1.975000023841858,398.0
2026-08-05 14:52:00,PRVA,,24.190000534057617,24.190000534057617,24.190000534057617,24.190000534057617,457.0
2026-08-05 14:52:00,PSEC,,2.180000066757202,2.180000066757202,2.180000066757202,2.180000066757202,209.0
2026-08-05 14:52:00,PSMT,,187.625,187.625,187.47999572753906,187.47999572753906,3860.0
2026-08-05 14:52:00,PSNL,,13.470000267028809,13.470000267028809,13.470000267028809,13.470000267028809,528.0
2026-08-05 14:52:00,PSNY,,14.149999618530273,14.149999618530273,14.149999618530273,14.149999618530273,175.0
2026-08-05 14:52:00,PTC,,139.9199981689453,139.9250030517578,139.9199981689453,139.9250030517578,689.0
2026-08-05 14:52:00,PTCT,,69.0999984741211,69.0999984741211,69.0999984741211,69.0999984741211,1672.0
2026-08-05 14:52:00,PTEN,,9.774999618530273,9.789999961853027,9.774999618530273,9.78499984741211,39577.0
2026-08-05 14:52:00,PTLO,,4.59499979019165,4.599999904632568,4.59499979019165,4.599999904632568,2871.0
2026-08-05 14:52:00,PTON,,6.474999904632568,6.480000019073486,6.46999979019165,6.480000019073486,12477.0
2026-08-05 14:52:00,PWP,,17.440000534057617,17.479999542236328,17.440000534057617,17.469999313354492,3526.0
2026-08-05 14:52:00,PYPL,,58.125,58.150001525878906,58.125,58.125,6380.0
2026-08-05 14:52:00,PZZA,,29.69499969482422,29.7091007232666,29.68000030517578,29.68000030517578,1176.0
2026-08-05 14:52:00,QCOM,,157.9499969482422,157.98989868164062,157.94000244140625,157.9499969482422,5466.0
2026-08-05 14:52:00,QFIN,,13.15999984741211,13.15999984741211,13.15999984741211,13.15999984741211,129.0
2026-08-05 14:52:00,QRVO,,95.16999816894531,95.16999816894531,95.11499786376953,95.13999938964844,1518.0
2026-08-05 14:52:00,SEED,,1.0499999523162842,1.0499999523162842,1.0499999523162842,1.0499999523162842,400.0
2026-08-05 14:52:00,TARA,,3.984999895095825,3.984999895095825,3.984999895095825,3.984999895095825,303.0
2026-08-05 14:53:00,ACDC,,4.474999904632568,4.474999904632568,4.474999904632568,4.474999904632568,788.0
2026-08-05 14:53:00,CPOP,,0.34389999508857727,0.34389999508857727,0.34389999508857727,0.34389999508857727,6641.0
2026-08-05 14:53:00,DTIL,,7.46999979019165,7.46999979019165,7.46999979019165,7.46999979019165,1153.0
2026-08-05 14:53:00,EYE,,22.94499969482422,22.94499969482422,22.94499969482422,22.94499969482422,723.0
2026-08-05 14:53:00,GLUE,,15.470000267028809,15.470000267028809,15.470000267028809,15.470000267028809,1798.0
2026-08-05 14:53:00,LUNG,,1.965000033378601,1.9800000190734863,1.965000033378601,1.9800000190734863,4404.0
2026-08-05 14:53:00,MBRX,,0.4023999869823456,0.4023999869823456,0.4023999869823456,0.4023999869823456,500.0
2026-08-05 14:53:00,MCRI,,122.5199966430664,122.55999755859375,122.5199966430664,122.55999755859375,562.0
2026-08-05 14:53:00,MDB,,375.5400085449219,375.9100036621094,375.5400085449219,375.9100036621094,1670.0
2026-08-05 14:53:00,MDLZ,,62.52000045776367,62.525001525878906,62.51499938964844,62.51499938964844,7134.0
2026-08-05 14:53:00,MLTX,,17.56999969482422,17.56999969482422,17.56999969482422,17.56999969482422,639.0
2026-08-05 14:53:00,MNRO,,13.100000381469727,13.100000381469727,13.100000381469727,13.100000381469727,484.0
2026-08-05 14:53:00,MNST,,94.75499725341797,94.75499725341797,94.71499633789062,94.71499633789062,4389.0
2026-08-05 14:53:00,MORN,,197.93499755859375,197.93499755859375,197.93499755859375,197.93499755859375,185.0
2026-08-05 14:53:00,MPAA,,13.65999984741211,13.65999984741211,13.65999984741211,13.65999984741211,868.0
2026-08-05 14:53:00,MPWR,,1338.6600341796875,1340.1949462890625,1338.6500244140625,1340.0,750.0
2026-08-05 14:53:00,MRNA,,56.45000076293945,56.45000076293945,56.400001525878906,56.41999816894531,3564.0
2026-08-05 14:53:00,MYGN,,3.130199909210205,3.134999990463257,3.130000114440918,3.134999990463257,5202.0
2026-08-05 14:53:00,MYRG,,340.1549987792969,340.1549987792969,340.1549987792969,340.1549987792969,84.0
2026-08-05 14:53:00,NAMS,,27.350000381469727,27.360000610351562,27.350000381469727,27.360000610351562,1322.0
2026-08-05 14:53:00,NAUT,,0.939300000667572,0.939300000667572,0.939300000667572,0.939300000667572,407.0
2026-08-05 14:53:00,NAVI,,9.100000381469727,9.100000381469727,9.100000381469727,9.100000381469727,1111.0
2026-08-05 14:53:00,NBIX,,162.6649932861328,162.75999450683594,162.60499572753906,162.60499572753906,1232.0
2026-08-05 14:53:00,NDAQ,,94.69999694824219,94.7699966430664,94.69999694824219,94.7699966430664,2449.0
2026-08-05 14:53:00,NDSN,,310.6000061035156,310.6050109863281,310.6000061035156,310.6050109863281,197.0
2026-08-05 14:53:00,NEO,,15.90999984741211,15.930000305175781,15.90999984741211,15.920000076293945,4911.0
2026-08-05 14:53:00,NEOG,,11.59000015258789,11.604999542236328,11.59000015258789,11.604999542236328,2849.0
2026-08-05 14:53:00,NESR,,28.56999969482422,28.56999969482422,28.56999969482422,28.56999969482422,1958.0
2026-08-05 14:53:00,NEXT,,6.454999923706055,6.454999923706055,6.449999809265137,6.449999809265137,2802.0
2026-08-05 14:53:00,NFE,,0.3379000127315521,0.3379000127315521,0.3379000127315521,0.3379000127315521,100.0
2026-08-05 14:53:00,NFLX,,73.32499694824219,73.33499908447266,73.3147964477539,73.31500244140625,18702.0
2026-08-05 14:53:00,NHTC,,1.6549999713897705,1.6549999713897705,1.6549999713897705,1.6549999713897705,1914.0
2026-08-05 14:53:00,NKTX,,2.200000047683716,2.200000047683716,2.200000047683716,2.200000047683716,1056.0
2026-08-05 14:53:00,NMIH,,44.630001068115234,44.63999938964844,44.630001068115234,44.63999938964844,1446.0
2026-08-05 14:53:00,NMRA,,1.6050000190734863,1.6050000190734863,1.6050000190734863,1.6050000190734863,300.0
2026-08-05 14:53:00,NMRK,,15.699999809265137,15.699999809265137,15.699999809265137,15.699999809265137,1669.0
2026-08-05 14:53:00,NN,,14.510000228881836,14.510000228881836,14.5,14.5,1512.0
2026-08-05 14:53:00,NNBR,,3.799999952316284,3.799999952316284,3.7899999618530273,3.799999952316284,14227.0
2026-08-05 14:53:00,NNDM,,1.5449999570846558,1.5449999570846558,1.5449999570846558,1.5449999570846558,585.0
2026-08-05 14:53:00,NNOX,,1.0099999904632568,1.0099999904632568,1.0049999952316284,1.0049999952316284,1566.0
2026-08-05 14:53:00,NOVT,,155.52499389648438,155.52499389648438,155.52499389648438,155.52499389648438,395.0
2026-08-05 14:53:00,NRIX,,24.8700008392334,24.875,24.860000610351562,24.875,2191.0
2026-08-05 14:53:00,NRXP,,3.049999952316284,3.049999952316284,3.049999952316284,3.049999952316284,538.0
2026-08-05 14:53:00,NTAP,,190.27999877929688,190.27999877929688,190.16000366210938,190.16000366210938,10543.0
2026-08-05 14:53:00,NTNX,,61.119998931884766,61.1349983215332,61.119998931884766,61.130001068115234,6778.0
2026-08-05 14:53:00,NTRA,,272.69000244140625,272.69000244140625,272.69000244140625,272.69000244140625,972.0
2026-08-05 14:53:00,NTRS,,184.49000549316406,184.625,184.47999572753906,184.625,4472.0
2026-08-05 14:53:00,NVAX,,7.565000057220459,7.565000057220459,7.554999828338623,7.565000057220459,16384.0
2026-08-05 14:53:00,NVCR,,16.030000686645508,16.049999237060547,16.030000686645508,16.049999237060547,1851.0
2026-08-05 14:53:00,NVCT,,19.59000015258789,19.59000015258789,19.59000015258789,19.59000015258789,526.0
2026-08-05 14:53:00,NVDA,,221.63999938964844,221.73500061035156,221.60000610351562,221.69000244140625,99741.0
2026-08-05 14:53:00,NVEC,,128.60000610351562,128.66000366210938,128.60000610351562,128.60000610351562,1812.0
2026-08-05 14:53:00,NVMI,,405.82501220703125,406.0899963378906,405.82501220703125,406.0899963378906,904.0
2026-08-05 14:53:00,NVTS,,12.354999542236328,12.359800338745117,12.354999542236328,12.354999542236328,3494.0
2026-08-05 14:53:00,NWBI,,15.944999694824219,15.944999694824219,15.944999694824219,15.944999694824219,430.0
2026-08-05 14:53:00,NWL,,6.204999923706055,6.204999923706055,6.204999923706055,6.204999923706055,2261.0
2026-08-05 14:53:00,NWS,,32.334999084472656,32.345001220703125,32.314998626708984,32.314998626708984,3917.0
2026-08-05 14:53:00,NWSA,,28.315000534057617,28.31999969482422,28.295000076293945,28.299999237060547,6739.0
2026-08-05 14:53:00,NXL,,0.3409999907016754,0.3409999907016754,0.3409999907016754,0.3409999907016754,2100.0
2026-08-05 14:53:00,NXPI,,230.91000366210938,231.13999938964844,230.91000366210938,231.1300048828125,3981.0
2026-08-05 14:53:00,NXST,,189.86000061035156,189.86000061035156,189.86000061035156,189.86000061035156,695.0
2026-08-05 14:53:00,NXT,,98.93000030517578,98.95999908447266,98.91000366210938,98.93499755859375,1888.0
2026-08-05 14:53:00,OCC,,16.019899368286133,16.019899368286133,16.010000228881836,16.010000228881836,649.0
2026-08-05 14:53:00,OCFC,,19.924999237060547,19.924999237060547,19.924999237060547,19.924999237060547,314.0
2026-08-05 14:53:00,OCGN,,1.2799999713897705,1.284999966621399,1.2799999713897705,1.2799999713897705,2974.0
2026-08-05 14:53:00,OCSL,,12.03499984741211,12.03499984741211,12.03499984741211,12.03499984741211,308.0
2026-08-05 14:53:00,OCUL,,8.568900108337402,8.568900108337402,8.5649995803833,8.5649995803833,1267.0
2026-08-05 14:53:00,ODFL,,214.14999389648438,214.15499877929688,214.14999389648438,214.15499877929688,1354.0
2026-08-05 14:53:00,OKTA,,148.27999877929688,148.27999877929688,148.2100067138672,148.26499938964844,1224.0
2026-08-05 14:53:00,OLLI,,77.97000122070312,77.97000122070312,77.95999908447266,77.97000122070312,3320.0
2026-08-05 14:53:00,OLMA,,11.5,11.515000343322754,11.489999771118164,11.515000343322754,15126.0
2026-08-05 14:53:00,OMCL,,37.2400016784668,37.2400016784668,37.2400016784668,37.2400016784668,460.0
2026-08-05 14:53:00,OMER,,12.760000228881836,12.760000228881836,12.760000228881836,12.760000228881836,657.0
2026-08-05 14:53:00,ON,,77.47000122070312,77.55999755859375,77.45999908447266,77.55999755859375,12171.0
2026-08-05 14:53:00,ONB,,27.010000228881836,27.010000228881836,27.010000228881836,27.010000228881836,11776.0
2026-08-05 14:53:00,ONCY,,0.7968999743461609,0.7968999743461609,0.7968999743461609,0.7968999743461609,158.0
2026-08-05 14:53:00,ONDS,,8.805000305175781,8.829999923706055,8.800000190734863,8.8149995803833,528887.0
2026-08-05 14:53:00,ONFO,,0.07339999824762344,0.07339999824762344,0.07339999824762344,0.07339999824762344,7848.0
2026-08-05 14:53:00,OPCH,,23.469999313354492,23.4950008392334,23.450000762939453,23.459999084472656,12297.0
2026-08-05 14:53:00,OPEN,,3.7699999809265137,3.7699999809265137,3.759999990463257,3.7699999809265137,138478.0
2026-08-05 14:53:00,OPHC,,8.670000076293945,8.670000076293945,8.670000076293945,8.670000076293945,120.0
2026-08-05 14:53:00,OPK,,1.315000057220459,1.315000057220459,1.309999942779541,1.315000057220459,1966.0
2026-08-05 14:53:00,OPRA,,19.895000457763672,19.895000457763672,19.889999389648438,19.889999389648438,864.0
2026-08-05 14:53:00,OPRT,,6.085000038146973,6.105000019073486,6.085000038146973,6.105000019073486,3177.0
2026-08-05 14:53:00,ORGO,,2.3399999141693115,2.3399999141693115,2.3399999141693115,2.3399999141693115,676.0
2026-08-05 14:53:00,ORIC,,12.87279987335205,12.87279987335205,12.850000381469727,12.850000381469727,5249.0
2026-08-05 14:53:00,ORLY,,92.83999633789062,92.83999633789062,92.82499694824219,92.83999633789062,3224.0
2026-08-05 14:53:00,OSIS,,236.7899932861328,236.9499969482422,236.52499389648438,236.92999267578125,860.0
2026-08-05 14:53:00,OSPN,,16.735000610351562,16.735000610351562,16.735000610351562,16.735000610351562,315.0
2026-08-05 14:53:00,OSS,,13.649999618530273,13.649999618530273,13.649999618530273,13.649999618530273,1377.0
2026-08-05 14:53:00,OSUR,,4.114999771118164,4.114999771118164,4.114999771118164,4.114999771118164,304.0
2026-08-05 14:53:00,OSW,,26.514999389648438,26.514999389648438,26.510000228881836,26.510000228881836,769.0
2026-08-05 14:53:00,OTEX,,25.795000076293945,25.795000076293945,25.774999618530273,25.774999618530273,1646.0
2026-08-05 14:53:00,OTLK,,1.0199999809265137,1.0199999809265137,1.0149999856948853,1.0199999809265137,1601.0
2026-08-05 14:53:00,OTLY,,14.235899925231934,14.235899925231934,14.235899925231934,14.235899925231934,162.0
2026-08-05 14:53:00,OVLY,,33.4900016784668,33.4900016784668,33.459999084472656,33.459999084472656,739.0
2026-08-05 14:53:00,PAA,,23.209999084472656,23.209999084472656,23.19499969482422,23.19499969482422,9248.0
2026-08-05 14:53:00,PAAS,,48.04499816894531,48.04999923706055,48.040000915527344,48.04499816894531,3569.0
2026-08-05 14:53:00,PACB,,1.3049999475479126,1.3077000379562378,1.3049999475479126,1.3049999475479126,6888.0
2026-08-05 14:53:00,PAGP,,25.18000030517578,25.18000030517578,25.18000030517578,25.18000030517578,941.0
2026-08-05 14:53:00,PALI,,2.1050000190734863,2.109999895095825,2.1050000190734863,2.109999895095825,1512.0
2026-08-05 14:53:00,PANW,,365.510009765625,365.6650085449219,365.510009765625,365.6650085449219,5035.0
2026-08-05 14:53:00,PATK,,88.0999984741211,88.0999984741211,88.0999984741211,88.0999984741211,137.0
2026-08-05 14:53:00,PAX,,11.395000457763672,11.395000457763672,11.395000457763672,11.395000457763672,1776.0
2026-08-05 14:53:00,PAYO,,7.125,7.125,7.125,7.125,3022.0
2026-08-05 14:53:00,PAYX,,117.80000305175781,117.81999969482422,117.78500366210938,117.78900146484375,4365.0
2026-08-05 14:53:00,PBYI,,8.020000457763672,8.020000457763672,8.020000457763672,8.020000457763672,2683.0
2026-08-05 14:53:00,PCAR,,133.9600067138672,133.97000122070312,133.9499969482422,133.9600067138672,3559.0
2026-08-05 14:53:00,PCRX,,25.18000030517578,25.184999465942383,25.170000076293945,25.170000076293945,1162.0
2026-08-05 14:53:00,PCT,,6.938600063323975,6.949999809265137,6.934999942779541,6.949999809265137,6252.0
2026-08-05 14:53:00,PCTY,,145.78500366210938,145.92999267578125,145.75,145.75,937.0
2026-08-05 14:53:00,PDD,,90.68000030517578,90.68000030517578,90.6449966430664,90.6449966430664,3146.0
2026-08-05 14:53:00,PDFS,,49.9900016784668,50.099998474121094,49.9900016784668,50.099998474121094,882.0
2026-08-05 14:53:00,PECO,,41.369998931884766,41.369998931884766,41.369998931884766,41.369998931884766,1365.0
2026-08-05 14:53:00,PEGA,,31.790000915527344,31.809999465942383,31.790000915527344,31.809999465942383,1911.0
2026-08-05 14:53:00,PENN,,19.70549964904785,19.719999313354492,19.70549964904785,19.719999313354492,7158.0
2026-08-05 14:53:00,PEP,,138.4499969482422,138.4499969482422,138.42999267578125,138.42999267578125,4905.0
2026-08-05 14:53:00,PESI,,17.84000015258789,17.850000381469727,17.84000015258789,17.850000381469727,1075.0
2026-08-05 14:53:00,PFG,,114.4800033569336,114.52999877929688,114.4749984741211,114.4749984741211,1342.0
2026-08-05 14:53:00,PGEN,,6.880000114440918,6.894999980926514,6.869999885559082,6.894999980926514,20603.0
2026-08-05 14:53:00,PGNY,,31.670000076293945,31.670000076293945,31.670000076293945,31.670000076293945,875.0
2026-08-05 14:53:00,PGY,,21.735000610351562,21.7450008392334,21.735000610351562,21.739999771118164,527.0
2026-08-05 14:53:00,PLAB,,32.06999969482422,32.06999969482422,32.06999969482422,32.06999969482422,657.0
2026-08-05 14:53:00,PLTK,,3.884999990463257,3.884999990463257,3.884999990463257,3.884999990463257,339.0
2026-08-05 14:53:00,PLUG,,2.079900026321411,2.0799999237060547,2.069999933242798,2.078399896621704,23731.0
2026-08-05 14:53:00,PNBK,,1.1299999952316284,1.1299999952316284,1.1299999952316284,1.1299999952316284,171.0
2026-08-05 14:53:00,PNFP,,107.93000030517578,107.94000244140625,107.93000030517578,107.94000244140625,882.0
2026-08-05 14:53:00,PODC,,3.4214000701904297,3.4214000701904297,3.4214000701904297,3.4214000701904297,572.0
2026-08-05 14:53:00,POET,,8.229999542236328,8.234999656677246,8.229999542236328,8.234999656677246,4590.0
2026-08-05 14:53:00,POOL,,204.5399932861328,204.5399932861328,204.5399932861328,204.5399932861328,222.0
2026-08-05 14:53:00,POWI,,61.810001373291016,61.810001373291016,61.810001373291016,61.810001373291016,896.0
2026-08-05 14:53:00,POWL,,211.17999267578125,211.44000244140625,211.14999389648438,211.44000244140625,2274.0
2026-08-05 14:53:00,PPC,,26.440000534057617,26.44499969482422,26.440000534057617,26.44499969482422,1899.0
2026-08-05 14:53:00,PPIH,,25.954999923706055,25.954999923706055,25.954999923706055,25.954999923706055,112.0
2026-08-05 14:53:00,PRAX,,318.010009765625,318.5950012207031,317.9949951171875,318.5950012207031,365.0
2026-08-05 14:53:00,PRCH,,15.779999732971191,15.789999961853027,15.774999618530273,15.789999961853027,1961.0
2026-08-05 14:53:00,PRCT,,19.00749969482422,19.049999237060547,19.0049991607666,19.049999237060547,5516.0
2026-08-05 14:53:00,PRIM,,84.69499969482422,84.69499969482422,84.66999816894531,84.66999816894531,1238.0
2026-08-05 14:53:00,PRLD,,4.565000057220459,4.570000171661377,4.565000057220459,4.570000171661377,1514.0
2026-08-05 14:53:00,PRME,,3.0450000762939453,3.0450000762939453,3.0450000762939453,3.0450000762939453,3931.0
2026-08-05 14:53:00,PRSO,,0.7057999968528748,0.7057999968528748,0.7057999968528748,0.7057999968528748,138.0
2026-08-05 14:53:00,PRTA,,8.46500015258789,8.46500015258789,8.46500015258789,8.46500015258789,412.0
2026-08-05 14:53:00,PRVA,,24.190000534057617,24.190000534057617,24.190000534057617,24.190000534057617,2009.0
2026-08-05 14:53:00,PSEC,,2.180000066757202,2.180000066757202,2.174999952316284,2.174999952316284,1023.0
2026-08-05 14:53:00,PSNL,,13.499899864196777,13.499899864196777,13.499899864196777,13.499899864196777,1308.0
2026-08-05 14:53:00,PTC,,139.90499877929688,139.90499877929688,139.86000061035156,139.86000061035156,805.0
2026-08-05 14:53:00,PTCT,,69.09500122070312,69.13999938964844,69.09500122070312,69.13999938964844,1635.0
2026-08-05 14:53:00,PTEN,,9.774999618530273,9.774999618530273,9.774999618530273,9.774999618530273,8075.0
2026-08-05 14:53:00,PTGX,,136.15499877929688,136.18499755859375,136.15499877929688,136.18499755859375,756.0
2026-08-05 14:53:00,PTON,,6.489999771118164,6.510000228881836,6.46999979019165,6.474999904632568,84439.0
2026-08-05 14:53:00,PUBM,,13.5,13.5,13.479999542236328,13.479999542236328,1091.0
2026-08-05 14:53:00,PWP,,17.450000762939453,17.450000762939453,17.43000030517578,17.440000534057617,4162.0
2026-08-05 14:53:00,PYPD,,4.530900001525879,4.530900001525879,4.530900001525879,4.530900001525879,191.0
2026-08-05 14:53:00,PYPL,,58.125,58.1349983215332,58.119998931884766,58.119998931884766,12183.0
2026-08-05 14:53:00,PZZA,,29.71500015258789,29.71500015258789,29.700000762939453,29.700199127197266,2157.0
2026-08-05 14:53:00,QCOM,,157.86500549316406,157.9600067138672,157.84500122070312,157.9600067138672,10716.0
2026-08-05 14:53:00,QFIN,,13.168299674987793,13.168299674987793,13.168299674987793,13.168299674987793,1655.0
2026-08-05 14:53:00,QQQX,,30.399499893188477,30.399499893188477,30.399499893188477,30.399499893188477,454.0
2026-08-05 14:53:00,QRVO,,95.16000366210938,95.19999694824219,95.12999725341797,95.16999816894531,2839.0
2026-08-05 14:53:00,SEED,,1.0497000217437744,1.0497000217437744,1.0497000217437744,1.0497000217437744,1127.0
2026-08-05 14:53:00,STIM,,2.2200000286102295,2.2200000286102295,2.2200000286102295,2.2200000286102295,127.0
2026-08-05 14:53:00,TARA,,3.984999895095825,3.984999895095825,3.984999895095825,3.984999895095825,306.0
2026-08-05 14:54:00,ACDC,,4.485000133514404,4.485000133514404,4.474999904632568,4.474999904632568,8296.0
2026-08-05 14:54:00,BPOP,,176.99000549316406,177.00999450683594,176.97000122070312,177.00999450683594,1035.0
2026-08-05 14:54:00,EYE,,22.950000762939453,22.954999923706055,22.940000534057617,22.940000534057617,4648.0
2026-08-05 14:54:00,FIZZ,,32.23500061035156,32.23500061035156,32.23500061035156,32.23500061035156,155.0
2026-08-05 14:54:00,KIDS,,21.69499969482422,21.69499969482422,21.670000076293945,21.670000076293945,912.0
2026-08-05 14:54:00,KITT,,1.0199999809265137,1.0199999809265137,1.0199999809265137,1.0199999809265137,889.0
2026-08-05 14:54:00,LUNG,,1.975000023841858,1.975000023841858,1.9700000286102295,1.9700000286102295,2251.0
2026-08-05 14:54:00,MBRX,,0.4023999869823456,0.4023999869823456,0.4023999869823456,0.4023999869823456,0.0
2026-08-05 14:54:00,MCRI,,122.5199966430664,122.5199966430664,122.5199966430664,122.5199966430664,1272.0
2026-08-05 14:54:00,MDB,,375.9601135253906,375.9700012207031,375.760009765625,375.8999938964844,2324.0
2026-08-05 14:54:00,MDLZ,,62.54499816894531,62.54499816894531,62.52000045776367,62.529998779296875,7977.0
2026-08-05 14:54:00,MLTX,,17.56999969482422,17.579599380493164,17.56999969482422,17.579599380493164,976.0
2026-08-05 14:54:00,MNPR,,118.6500015258789,118.6500015258789,118.6500015258789,118.6500015258789,911.0
2026-08-05 14:54:00,MNRO,,13.109999656677246,13.109999656677246,13.109999656677246,13.109999656677246,1032.0
2026-08-05 14:54:00,MNST,,94.7699966430664,94.79000091552734,94.74500274658203,94.76000213623047,4983.0
2026-08-05 14:54:00,MNTS,,4.240200042724609,4.249899864196777,4.239999771118164,4.239999771118164,3618.0
2026-08-05 14:54:00,MNTSW,,0.003599999938160181,0.003599999938160181,0.003599999938160181,0.003599999938160181,3513.0
2026-08-05 14:54:00,MORN,,197.93499755859375,197.93499755859375,197.93499755859375,197.93499755859375,644.0
2026-08-05 14:54:00,MPWR,,1339.52001953125,1340.02001953125,1339.52001953125,1339.52001953125,237.0
2026-08-05 14:54:00,MRNA,,56.52000045776367,56.52000045776367,56.47999954223633,56.47999954223633,2984.0
2026-08-05 14:54:00,MYGN,,3.130000114440918,3.134999990463257,3.130000114440918,3.134999990463257,2754.0
2026-08-05 14:54:00,MYRG,,340.5799865722656,340.8450012207031,340.25,340.54998779296875,3138.0
2026-08-05 14:54:00,NAMS,,27.329999923706055,27.329999923706055,27.329999923706055,27.329999923706055,423.0
2026-08-05 14:54:00,NAUT,,0.939300000667572,0.939300000667572,0.939300000667572,0.939300000667572,526.0
2026-08-05 14:54:00,NAVI,,9.095000267028809,9.100000381469727,9.095000267028809,9.100000381469727,1953.0
2026-08-05 14:54:00,NB,,5.070000171661377,5.070000171661377,5.065000057220459,5.070000171661377,3128.0
2026-08-05 14:54:00,NBIX,,162.80999755859375,162.83999633789062,162.6750030517578,162.6750030517578,2538.0
2026-08-05 14:54:00,NDAQ,,94.75499725341797,94.75499725341797,94.7300033569336,94.7300033569336,2366.0
2026-08-05 14:54:00,NEO,,15.930000305175781,15.930000305175781,15.90999984741211,15.90999984741211,7433.0
2026-08-05 14:54:00,NEOG,,11.604999542236328,11.604999542236328,11.595000267028809,11.595000267028809,8001.0
2026-08-05 14:54:00,NESR,,28.579999923706055,28.579999923706055,28.579999923706055,28.579999923706055,1592.0
2026-08-05 14:54:00,NEWT,,15.09000015258789,15.09000015258789,15.09000015258789,15.09000015258789,232.0
2026-08-05 14:54:00,NEXT,,6.454999923706055,6.454999923706055,6.454999923706055,6.454999923706055,1695.0
2026-08-05 14:54:00,NFE,,0.3379000127315521,0.3391000032424927,0.3379000127315521,0.3391000032424927,929.0
2026-08-05 14:54:00,NFLX,,73.24500274658203,73.31999969482422,73.2300033569336,73.31999969482422,50126.0
2026-08-05 14:54:00,NIU,,2.4549999237060547,2.4549999237060547,2.4549999237060547,2.4549999237060547,545.0
2026-08-05 14:54:00,NKTX,,2.2049999237060547,2.2049999237060547,2.2049999237060547,2.2049999237060547,313.0
2026-08-05 14:54:00,NMFC,,7.329999923706055,7.329999923706055,7.329999923706055,7.329999923706055,198.0
2026-08-05 14:54:00,NMRK,,15.694999694824219,15.694999694824219,15.694999694824219,15.694999694824219,983.0
2026-08-05 14:54:00,NN,,14.555000305175781,14.59000015258789,14.510000228881836,14.555000305175781,12872.0
2026-08-05 14:54:00,NNBR,,3.7950000762939453,3.7950000762939453,3.7950000762939453,3.7950000762939453,720.0
2026-08-05 14:54:00,NNDM,,1.5549999475479126,1.5549999475479126,1.5449999570846558,1.5449999570846558,48870.0
2026-08-05 14:54:00,NNOX,,1.0099999904632568,1.0099999904632568,1.0,1.0099999904632568,5832.0
2026-08-05 14:54:00,NOVT,,155.55999755859375,155.55999755859375,155.52499389648438,155.52499389648438,871.0
2026-08-05 14:54:00,NRDS,,9.0649995803833,9.0649995803833,9.0649995803833,9.0649995803833,336.0
2026-08-05 14:54:00,NRIM,,27.049999237060547,27.049999237060547,27.049999237060547,27.049999237060547,767.0
2026-08-05 14:54:00,NRIX,,24.889999389648438,24.899999618530273,24.860000610351562,24.860000610351562,3409.0
2026-08-05 14:54:00,NTAP,,190.2899932861328,190.30999755859375,190.2449951171875,190.2449951171875,3936.0
2026-08-05 14:54:00,NTCT,,41.88999938964844,41.89500045776367,41.849998474121094,41.849998474121094,777.0
2026-08-05 14:54:00,NTGR,,24.389999389648438,24.389999389648438,24.389999389648438,24.389999389648438,220.0
2026-08-05 14:54:00,NTNX,,61.16999816894531,61.189998626708984,61.119998931884766,61.119998931884766,9391.0
2026-08-05 14:54:00,NTRA,,272.7799987792969,272.7799987792969,272.7799987792969,272.7799987792969,2096.0
2026-08-05 14:54:00,NTRS,,184.55999755859375,184.55999755859375,184.47000122070312,184.47000122070312,743.0
2026-08-05 14:54:00,NVAX,,7.574999809265137,7.579899787902832,7.565000057220459,7.565000057220459,3840.0
2026-08-05 14:54:00,NVCR,,16.049999237060547,16.049999237060547,16.03499984741211,16.03499984741211,1985.0
2026-08-05 14:54:00,NVCT,,19.59000015258789,19.59000015258789,19.59000015258789,19.59000015258789,107.0
2026-08-05 14:54:00,NVDA,,221.5229949951172,221.67999267578125,221.50999450683594,221.63499450683594,181248.0
2026-08-05 14:54:00,NVTS,,12.354999542236328,12.359999656677246,12.354999542236328,12.354999542236328,2996.0
2026-08-05 14:54:00,NWBI,,15.949999809265137,15.949999809265137,15.949999809265137,15.949999809265137,166.0
2026-08-05 14:54:00,NWE,,69.0,69.0,69.0,69.0,680.0
2026-08-05 14:54:00,NWL,,6.204999923706055,6.210000038146973,6.199999809265137,6.199999809265137,19070.0
2026-08-05 14:54:00,NWPX,,127.24500274658203,127.24500274658203,127.24500274658203,127.24500274658203,225.0
2026-08-05 14:54:00,NWS,,32.34000015258789,32.34000015258789,32.34000015258789,32.34000015258789,232.0
2026-08-05 14:54:00,NWSA,,28.315000534057617,28.315000534057617,28.309999465942383,28.315000534057617,3347.0
2026-08-05 14:54:00,NXGL,,0.4009000062942505,0.4009000062942505,0.4009000062942505,0.4009000062942505,100.0
2026-08-05 14:54:00,NXPI,,231.0,231.07000732421875,230.90499877929688,230.90499877929688,5028.0
2026-08-05 14:54:00,NXST,,189.66000366210938,189.86000061035156,189.66000366210938,189.86000061035156,1964.0
2026-08-05 14:54:00,NXT,,98.9000015258789,98.9000015258789,98.8499984741211,98.87000274658203,1606.0
2026-08-05 14:54:00,OABI,,2.0799999237060547,2.0850000381469727,2.0799999237060547,2.0850000381469727,953.0
2026-08-05 14:54:00,OBIO,,4.215000152587891,4.215000152587891,4.215000152587891,4.215000152587891,361.0
2026-08-05 14:54:00,OCC,,16.010000228881836,16.010000228881836,16.010000228881836,16.010000228881836,121.0
2026-08-05 14:54:00,OCCI,,2.4800000190734863,2.4800000190734863,2.4800000190734863,2.4800000190734863,212.0
2026-08-05 14:54:00,OCFC,,19.915000915527344,19.920000076293945,19.915000915527344,19.920000076293945,4041.0
2026-08-05 14:54:00,OCGN,,1.2799999713897705,1.284999966621399,1.2799999713897705,1.2799999713897705,2005.0
2026-08-05 14:54:00,OCSL,,12.03499984741211,12.03499984741211,12.03499984741211,12.03499984741211,348.0
2026-08-05 14:54:00,ODD,,15.204999923706055,15.204999923706055,15.204999923706055,15.204999923706055,960.0
2026-08-05 14:54:00,ODFL,,214.07000732421875,214.07000732421875,214.07000732421875,214.07000732421875,567.0
2026-08-05 14:54:00,OESX,,15.119999885559082,15.119999885559082,15.119999885559082,15.119999885559082,2536.0
2026-08-05 14:54:00,OKTA,,148.27999877929688,148.32000732421875,148.27999877929688,148.32000732421875,650.0
2026-08-05 14:54:00,OMCL,,37.27000045776367,37.27000045776367,37.20500183105469,37.20500183105469,964.0
2026-08-05 14:54:00,OMER,,12.770000457763672,12.770000457763672,12.770000457763672,12.770000457763672,367.0
2026-08-05 14:54:00,OMEX,,0.7488999962806702,0.7488999962806702,0.7488999962806702,0.7488999962806702,2064.0
2026-08-05 14:54:00,ON,,77.54000091552734,77.54000091552734,77.45010375976562,77.4800033569336,11512.0
2026-08-05 14:54:00,ONB,,27.024999618530273,27.024999618530273,27.014999389648438,27.014999389648438,11161.0
2026-08-05 14:54:00,ONBPP,,24.846099853515625,24.846099853515625,24.846099853515625,24.846099853515625,0.0
2026-08-05 14:54:00,ONCY,,0.796999990940094,0.796999990940094,0.796999990940094,0.796999990940094,245.0
2026-08-05 14:54:00,ONDS,,8.800000190734863,8.819999694824219,8.800000190734863,8.805000305175781,274572.0
2026-08-05 14:54:00,ONFO,,0.07329999655485153,0.07339999824762344,0.07329999655485153,0.07339999824762344,2269.0
2026-08-05 14:54:00,OPCH,,23.475000381469727,23.479999542236328,23.469999313354492,23.469999313354492,5013.0
2026-08-05 14:54:00,OPEN,,3.759999990463257,3.7699999809265137,3.75,3.76990008354187,176180.0
2026-08-05 14:54:00,OPHC,,8.78499984741211,8.78499984741211,8.78499984741211,8.78499984741211,100.0
2026-08-05 14:54:00,ORGO,,2.3399999141693115,2.3499999046325684,2.3399999141693115,2.3450000286102295,672.0
2026-08-05 14:54:00,ORIC,,12.869999885559082,12.880000114440918,12.869999885559082,12.880000114440918,3316.0
2026-08-05 14:54:00,ORLY,,92.83000183105469,92.83000183105469,92.80999755859375,92.81999969482422,3412.0
2026-08-05 14:54:00,OSBC,,25.80500030517578,25.80500030517578,25.80500030517578,25.80500030517578,545.0
2026-08-05 14:54:00,OSPN,,16.709999084472656,16.739999771118164,16.709999084472656,16.709999084472656,4570.0
2026-08-05 14:54:00,OSS,,13.65999984741211,13.65999984741211,13.65999984741211,13.65999984741211,1224.0
2026-08-05 14:54:00,OSUR,,4.110000133514404,4.110000133514404,4.110000133514404,4.110000133514404,232.0
2026-08-05 14:54:00,OTEX,,25.78499984741211,25.78499984741211,25.78499984741211,25.78499984741211,1373.0
2026-08-05 14:54:00,OTLK,,1.0199999809265137,1.0199999809265137,1.0149999856948853,1.0199999809265137,2808.0
2026-08-05 14:54:00,OXLC,,9.149999618530273,9.149999618530273,9.145000457763672,9.145000457763672,302.0
2026-08-05 14:54:00,OXLCM,,25.139999389648438,25.139999389648438,25.139999389648438,25.139999389648438,860.0
2026-08-05 14:54:00,PAA,,23.21500015258789,23.21500015258789,23.21500015258789,23.21500015258789,373.0
2026-08-05 14:54:00,PAAS,,48.084999084472656,48.09000015258789,48.04499816894531,48.04999923706055,5830.0
2026-08-05 14:54:00,PACB,,1.3086999654769897,1.3099000453948975,1.3049999475479126,1.3049999475479126,1270.0
2026-08-05 14:54:00,PAGP,,25.190000534057617,25.190000534057617,25.190000534057617,25.190000534057617,792.0
2026-08-05 14:54:00,PALI,,2.1050000190734863,2.109999895095825,2.1050000190734863,2.109999895095825,5170.0
2026-08-05 14:54:00,PANW,,365.7699890136719,365.8949890136719,365.52099609375,365.625,5956.0
2026-08-05 14:54:00,PATK,,88.0999984741211,88.0999984741211,88.0999984741211,88.0999984741211,116.0
2026-08-05 14:54:00,PAVS,,4.989999771118164,4.989999771118164,4.989999771118164,4.989999771118164,119.0
2026-08-05 14:54:00,PAYX,,117.81500244140625,117.81500244140625,117.79000091552734,117.79000091552734,2489.0
2026-08-05 14:54:00,PBYI,,8.005000114440918,8.005000114440918,8.0,8.005000114440918,2897.0
2026-08-05 14:54:00,PCAR,,133.9600067138672,133.99000549316406,133.9199981689453,133.9600067138672,2061.0
2026-08-05 14:54:00,PCRX,,25.204999923706055,25.204999923706055,25.204999923706055,25.204999923706055,2477.0
2026-08-05 14:54:00,PCT,,6.940000057220459,6.940000057220459,6.940000057220459,6.940000057220459,717.0
2026-08-05 14:54:00,PCTY,,145.9199981689453,145.9199981689453,145.7050018310547,145.7050018310547,2374.0
2026-08-05 14:54:00,PDD,,90.66999816894531,90.68000030517578,90.66999816894531,90.68000030517578,3455.0
2026-08-05 14:54:00,PDLB,,20.46500015258789,20.46500015258789,20.46500015258789,20.46500015258789,936.0
2026-08-05 14:54:00,PECO,,41.369998931884766,41.369998931884766,41.36830139160156,41.36830139160156,586.0
2026-08-05 14:54:00,PEGA,,31.80500030517578,31.80500030517578,31.790000915527344,31.790000915527344,3605.0
2026-08-05 14:54:00,PENN,,19.704999923706055,19.71500015258789,19.704999923706055,19.71500015258789,3242.0
2026-08-05 14:54:00,PEP,,138.47850036621094,138.48500061035156,138.44000244140625,138.4499969482422,6631.0
2026-08-05 14:54:00,PEPG,,1.965000033378601,1.965000033378601,1.9600000381469727,1.9600000381469727,691.0
2026-08-05 14:54:00,PERI,,9.579999923706055,9.579999923706055,9.579999923706055,9.579999923706055,153.0
2026-08-05 14:54:00,PESI,,17.81999969482422,17.81999969482422,17.81999969482422,17.81999969482422,226.0
2026-08-05 14:54:00,PFG,,114.51000213623047,114.51000213623047,114.5,114.5,1128.0
2026-08-05 14:54:00,PGEN,,6.885000228881836,6.885000228881836,6.885000228881836,6.885000228881836,2168.0
2026-08-05 14:54:00,PGNY,,31.672000885009766,31.672000885009766,31.672000885009766,31.672000885009766,481.0
2026-08-05 14:54:00,PGY,,21.7450008392334,21.75,21.739999771118164,21.739999771118164,2173.0
2026-08-05 14:54:00,PHAT,,8.37909984588623,8.37909984588623,8.375,8.375,1067.0
2026-08-05 14:54:00,PHVS,,33.474998474121094,33.474998474121094,33.474998474121094,33.474998474121094,301.0
2026-08-05 14:54:00,PIII,,10.25,10.25,10.234999656677246,10.234999656677246,1156.0
2026-08-05 14:54:00,PLAB,,32.06999969482422,32.06999969482422,32.05500030517578,32.05500030517578,1319.0
2026-08-05 14:54:00,PLBC,,61.43000030517578,61.43000030517578,61.43000030517578,61.43000030517578,543.0
2026-08-05 14:54:00,PLTK,,3.890000104904175,3.890000104904175,3.884999990463257,3.884999990463257,936.0
2026-08-05 14:54:00,PLUG,,2.075000047683716,2.0799999237060547,2.0701000690460205,2.078399896621704,10623.0
2026-08-05 14:54:00,PLXS,,276.6700134277344,276.7300109863281,276.6700134277344,276.67999267578125,3077.0
2026-08-05 14:54:00,PNBK,,1.1349999904632568,1.1349999904632568,1.1349999904632568,1.1349999904632568,206.0
2026-08-05 14:54:00,PNFP,,107.98999786376953,107.98999786376953,107.94000244140625,107.94000244140625,1429.0
2026-08-05 14:54:00,PNTG,,38.810001373291016,38.810001373291016,38.810001373291016,38.810001373291016,354.0
2026-08-05 14:54:00,POET,,8.234999656677246,8.234999656677246,8.225000381469727,8.229999542236328,2610.0
2026-08-05 14:54:00,POWI,,61.83000183105469,61.83000183105469,61.75,61.75,724.0
2026-08-05 14:54:00,POWL,,210.89999389648438,211.2550048828125,210.8699951171875,211.2550048828125,1847.0
2026-08-05 14:54:00,PPC,,26.44499969482422,26.44499969482422,26.44499969482422,26.44499969482422,1507.0
2026-08-05 14:54:00,PPTA,,22.514999389648438,22.514999389648438,22.5,22.5,2150.0
2026-08-05 14:54:00,PRAX,,318.5299987792969,318.5299987792969,318.0,318.0,331.0
2026-08-05 14:54:00,PRCH,,15.770000457763672,15.779999732971191,15.770000457763672,15.779999732971191,1197.0
2026-08-05 14:54:00,PRCT,,19.024999618530273,19.030000686645508,19.0,19.0,3159.0
2026-08-05 14:54:00,PRDO,,32.77669906616211,32.77669906616211,32.775001525878906,32.775001525878906,331.0
2026-08-05 14:54:00,PRIM,,84.79000091552734,84.91000366210938,84.72000122070312,84.79000091552734,8899.0
2026-08-05 14:54:00,PRME,,3.0450000762939453,3.0450000762939453,3.0450000762939453,3.0450000762939453,904.0
2026-08-05 14:54:00,PROK,,1.6349999904632568,1.6349999904632568,1.6349999904632568,1.6349999904632568,170.0
2026-08-05 14:54:00,PRTA,,8.46500015258789,8.46500015258789,8.46500015258789,8.46500015258789,336.0
2026-08-05 14:54:00,PRVA,,24.190000534057617,24.190000534057617,24.190000534057617,24.190000534057617,750.0
2026-08-05 14:54:00,PSEC,,2.174999952316284,2.180000066757202,2.1700000762939453,2.1740000247955322,51844.0
2026-08-05 14:54:00,PSNL,,13.5,13.5,13.5,13.5,1361.0
2026-08-05 14:54:00,PTC,,139.8000030517578,139.8800048828125,139.8000030517578,139.8800048828125,1231.0
2026-08-05 14:54:00,PTCT,,69.16999816894531,69.18000030517578,69.0999984741211,69.0999984741211,5974.0
2026-08-05 14:54:00,PTEN,,9.774999618530273,9.779999732971191,9.774999618530273,9.774999618530273,25652.0
2026-08-05 14:54:00,PTLO,,4.59499979019165,4.598999977111816,4.59499979019165,4.598999977111816,1056.0
2026-08-05 14:54:00,PTON,,6.485000133514404,6.489999771118164,6.485000133514404,6.489999771118164,14244.0
2026-08-05 14:54:00,PWP,,17.450000762939453,17.450000762939453,17.450000762939453,17.450000762939453,200.0
2026-08-05 14:54:00,PYPD,,4.559999942779541,4.559999942779541,4.559999942779541,4.559999942779541,530.0
2026-08-05 14:54:00,PYPL,,58.154998779296875,58.154998779296875,58.13010025024414,58.1349983215332,4135.0
2026-08-05 14:54:00,PYXS,,3.0999999046325684,3.1050000190734863,3.0999999046325684,3.1050000190734863,504.0
2026-08-05 14:54:00,PZZA,,29.719999313354492,29.729999542236328,29.71500015258789,29.71500015258789,2523.0
2026-08-05 14:54:00,QCOM,,157.92999267578125,157.92999267578125,157.831298828125,157.92999267578125,9971.0
2026-08-05 14:54:00,QFIN,,13.15999984741211,13.15999984741211,13.15999984741211,13.15999984741211,1947.0
2026-08-05 14:54:00,QRVO,,95.16000366210938,95.16999816894531,95.12000274658203,95.16999816894531,1952.0
2026-08-05 14:54:00,SEED,,1.0497000217437744,1.0499999523162842,1.0497000217437744,1.0497000217437744,500.0
2026-08-05 14:54:00,STIM,,2.2200000286102295,2.2249999046325684,2.2200000286102295,2.2249999046325684,539.0
2026-08-05 14:54:00,TARA,,3.984999895095825,3.984999895095825,3.984999895095825,3.984999895095825,400.0
2026-08-05 14:55:00,ACDC,,4.46999979019165,4.485000133514404,4.46999979019165,4.480000019073486,7394.0
2026-08-05 14:55:00,BPOP,,176.8699951171875,176.99000549316406,176.8699951171875,176.99000549316406,1506.0
2026-08-05 14:55:00,CNXN,,86.21499633789062,86.21499633789062,86.21499633789062,86.21499633789062,209.0
2026-08-05 14:55:00,CPOP,,0.35190001130104065,0.35190001130104065,0.35190001130104065,0.35190001130104065,411.0
2026-08-05 14:55:00,EYE,,22.96500015258789,22.96500015258789,22.959999084472656,22.959999084472656,3171.0
2026-08-05 14:55:00,FIZZ,,32.2599983215332,32.2599983215332,32.2599983215332,32.2599983215332,481.0
2026-08-05 14:55:00,FRST,,16.530000686645508,16.530000686645508,16.530000686645508,16.530000686645508,453.0
2026-08-05 14:55:00,GLUE,,15.460000038146973,15.470000267028809,15.460000038146973,15.460000038146973,897.0
2026-08-05 14:55:00,KITT,,1.0199999809265137,1.0299999713897705,1.0199999809265137,1.0199999809265137,1789.0
2026-08-05 14:55:00,KTTA,,0.45239999890327454,0.45239999890327454,0.45239999890327454,0.45239999890327454,1623.0
2026-08-05 14:55:00,LUNG,,1.9700000286102295,1.9700000286102295,1.9700000286102295,1.9700000286102295,3990.0
2026-08-05 14:55:00,MDB,,375.32000732421875,375.9599914550781,375.20001220703125,375.9599914550781,3897.0
2026-08-05 14:55:00,MDLZ,,62.560001373291016,62.56999969482422,62.54499816894531,62.54499816894531,6696.0
2026-08-05 14:55:00,MLTX,,17.575000762939453,17.579999923706055,17.575000762939453,17.579999923706055,1109.0
2026-08-05 14:55:00,MNST,,94.7750015258789,94.78500366210938,94.7699966430664,94.7750015258789,2594.0
2026-08-05 14:55:00,MPWR,,1339.52001953125,1339.5250244140625,1338.989990234375,1339.52001953125,242.0
2026-08-05 14:55:00,MRNA,,56.5,56.5,56.48500061035156,56.4900016784668,2681.0
2026-08-05 14:55:00,MYGN,,3.130000114440918,3.130000114440918,3.125,3.130000114440918,6035.0
2026-08-05 14:55:00,MYRG,,340.3399963378906,340.5799865722656,340.2149963378906,340.5799865722656,1924.0
2026-08-05 14:55:00,NAMS,,27.290000915527344,27.325000762939453,27.28499984741211,27.31999969482422,1887.0
2026-08-05 14:55:00,NAUT,,0.9391999840736389,0.9391999840736389,0.9391999840736389,0.9391999840736389,430.0
2026-08-05 14:55:00,NAVI,,9.104999542236328,9.104999542236328,9.100000381469727,9.100000381469727,2228.0
2026-08-05 14:55:00,NB,,5.079899787902832,5.079899787902832,5.079899787902832,5.079899787902832,2673.0
2026-08-05 14:55:00,NBIX,,163.02999877929688,163.02999877929688,163.02999877929688,163.02999877929688,328.0
2026-08-05 14:55:00,NBTB,,53.36000061035156,53.36000061035156,53.36000061035156,53.36000061035156,339.0
2026-08-05 14:55:00,NCMI,,4.099999904632568,4.105000019073486,4.099999904632568,4.105000019073486,1145.0
2026-08-05 14:55:00,NCRA,,1.8200000524520874,1.8250000476837158,1.8200000524520874,1.8250000476837158,1350.0
2026-08-05 14:55:00,NDAQ,,94.73999786376953,94.7699966430664,94.73999786376953,94.7699966430664,1084.0
2026-08-05 14:55:00,NDSN,,310.5899963378906,310.5899963378906,310.5899963378906,310.5899963378906,276.0
2026-08-05 14:55:00,NECB,,27.135000228881836,27.260000228881836,27.135000228881836,27.260000228881836,561.0
2026-08-05 14:55:00,NEO,,15.920000076293945,15.920000076293945,15.920000076293945,15.920000076293945,1766.0
2026-08-05 14:55:00,NEOG,,11.59000015258789,11.600000381469727,11.59000015258789,11.600000381469727,3329.0
2026-08-05 14:55:00,NEON,,0.9395999908447266,0.9395999908447266,0.9395999908447266,0.9395999908447266,900.0
2026-08-05 14:55:00,NESR,,28.575000762939453,28.575000762939453,28.575000762939453,28.575000762939453,369.0
2026-08-05 14:55:00,NEXT,,6.454999923706055,6.454999923706055,6.449999809265137,6.449999809265137,1529.0
2026-08-05 14:55:00,NFLX,,73.27999877929688,73.28500366210938,73.21499633789062,73.23999786376953,57886.0
2026-08-05 14:55:00,NGNE,,35.53499984741211,35.53499984741211,35.53499984741211,35.53499984741211,573.0
2026-08-05 14:55:00,NICE,,99.41999816894531,99.41999816894531,99.31999969482422,99.31999969482422,1578.0
2026-08-05 14:55:00,NKTX,,2.200000047683716,2.2049999237060547,2.200000047683716,2.2049999237060547,5175.0
2026-08-05 14:55:00,NMFC,,7.329999923706055,7.329999923706055,7.329999923706055,7.329999923706055,1590.0
2026-08-05 14:55:00,NMIH,,44.6349983215332,44.6349983215332,44.6349983215332,44.6349983215332,297.0
2026-08-05 14:55:00,NMRA,,1.6050000190734863,1.6050000190734863,1.6050000190734863,1.6050000190734863,727.0
2026-08-05 14:55:00,NMRK,,15.694999694824219,15.694999694824219,15.694999694824219,15.694999694824219,777.0
2026-08-05 14:55:00,NN,,14.649999618530273,14.65999984741211,14.569999694824219,14.569999694824219,15415.0
2026-08-05 14:55:00,NNBR,,3.7950000762939453,3.799999952316284,3.7950000762939453,3.7950000762939453,972.0
2026-08-05 14:55:00,NNDM,,1.5549999475479126,1.5549999475479126,1.5549999475479126,1.5549999475479126,930.0
2026-08-05 14:55:00,NOVT,,155.65499877929688,155.65499877929688,155.64999389648438,155.64999389648438,566.0
2026-08-05 14:55:00,NRDS,,9.0649995803833,9.0649995803833,9.0649995803833,9.0649995803833,523.0
2026-08-05 14:55:00,NRIX,,24.90999984741211,24.90999984741211,24.90999984741211,24.90999984741211,824.0
2026-08-05 14:55:00,NTAP,,190.0500030517578,190.3800048828125,190.0399932861328,190.2550048828125,7399.0
2026-08-05 14:55:00,NTCT,,41.8849983215332,41.8849983215332,41.8849983215332,41.8849983215332,496.0
2026-08-05 14:55:00,NTES,,127.55000305175781,127.55999755859375,127.4800033569336,127.55999755859375,2874.0
2026-08-05 14:55:00,NTGR,,24.389999389648438,24.395000457763672,24.389999389648438,24.395000457763672,749.0
2026-08-05 14:55:00,NTNX,,61.209999084472656,61.209999084472656,61.15010070800781,61.15999984741211,10693.0
2026-08-05 14:55:00,NTRS,,184.55999755859375,184.55999755859375,184.55999755859375,184.55999755859375,687.0
2026-08-05 14:55:00,NVAX,,7.574999809265137,7.574999809265137,7.574999809265137,7.574999809265137,446.0
2026-08-05 14:55:00,NVCT,,19.59000015258789,19.59000015258789,19.59000015258789,19.59000015258789,255.0
2026-08-05 14:55:00,NVDA,,221.38999938964844,221.5500030517578,221.3699951171875,221.50999450683594,180927.0
2026-08-05 14:55:00,NVMI,,406.2900085449219,406.2900085449219,406.25,406.25,226.0
2026-08-05 14:55:00,NVTS,,12.345000267028809,12.359999656677246,12.34000015258789,12.354999542236328,9876.0
2026-08-05 14:55:00,NWBI,,15.944999694824219,15.949999809265137,15.944999694824219,15.944999694824219,1443.0
2026-08-05 14:55:00,NWFL,,33.880001068115234,33.880001068115234,33.880001068115234,33.880001068115234,1593.0
2026-08-05 14:55:00,NWL,,6.201099872589111,6.208899974822998,6.201099872589111,6.204999923706055,5453.0
2026-08-05 14:55:00,NWS,,32.334999084472656,32.34000015258789,32.334999084472656,32.334999084472656,1302.0
2026-08-05 14:55:00,NWSA,,28.315000534057617,28.315000534057617,28.30500030517578,28.315000534057617,5208.0
2026-08-05 14:55:00,NXGL,,0.4009000062942505,0.4009000062942505,0.4009000062942505,0.4009000062942505,100.0
2026-08-05 14:55:00,NXPI,,231.02999877929688,231.02999877929688,231.02999877929688,231.02999877929688,3142.0
2026-08-05 14:55:00,NXT,,98.95999908447266,99.01000213623047,98.88999938964844,98.91000366210938,17493.0
2026-08-05 14:55:00,NXTC,,5.135000228881836,5.135000228881836,5.086400032043457,5.099999904632568,2405.0
2026-08-05 14:55:00,OCC,,16.040000915527344,16.040000915527344,16.040000915527344,16.040000915527344,116.0
2026-08-05 14:55:00,OCGN,,1.2799999713897705,1.2899999618530273,1.2799999713897705,1.2813999652862549,6865.0
2026-08-05 14:55:00,OCUL,,8.569999694824219,8.569999694824219,8.569999694824219,8.569999694824219,761.0
2026-08-05 14:55:00,ODFL,,214.19000244140625,214.19000244140625,214.19000244140625,214.19000244140625,1986.0
2026-08-05 14:55:00,OFLX,,30.46500015258789,30.46500015258789,30.46500015258789,30.46500015258789,229.0
2026-08-05 14:55:00,OKTA,,148.27999877929688,148.27999877929688,148.22999572753906,148.22999572753906,1185.0
2026-08-05 14:55:00,OLLI,,77.92500305175781,77.93000030517578,77.92500305175781,77.93000030517578,929.0
2026-08-05 14:55:00,OLMA,,11.510000228881836,11.510000228881836,11.510000228881836,11.510000228881836,1452.0
2026-08-05 14:55:00,OMER,,12.770000457763672,12.779999732971191,12.770000457763672,12.779999732971191,6385.0
2026-08-05 14:55:00,ON,,77.45999908447266,77.54499816894531,77.44499969482422,77.54499816894531,5981.0
2026-08-05 14:55:00,ONB,,27.020099639892578,27.02989959716797,27.014999389648438,27.024999618530273,16754.0
2026-08-05 14:55:00,ONDS,,8.774999618530273,8.805000305175781,8.770000457763672,8.805000305175781,384915.0
2026-08-05 14:55:00,ONFO,,0.07370000332593918,0.07370000332593918,0.07339999824762344,0.07339999824762344,45397.0
2026-08-05 14:55:00,OPCH,,23.46500015258789,23.469999313354492,23.459999084472656,23.469999313354492,4067.0
2026-08-05 14:55:00,OPEN,,3.7500998973846436,3.759999990463257,3.744999885559082,3.755000114440918,375023.0
2026-08-05 14:55:00,OPHC,,8.670000076293945,8.670000076293945,8.670000076293945,8.670000076293945,371.0
2026-08-05 14:55:00,ORIC,,12.869999885559082,12.890000343322754,12.869999885559082,12.880000114440918,7651.0
2026-08-05 14:55:00,ORLY,,92.73999786376953,92.83499908447266,92.70999908447266,92.83499908447266,20270.0
2026-08-05 14:55:00,ORRF,,43.30500030517578,43.30500030517578,43.30500030517578,43.30500030517578,385.0
2026-08-05 14:55:00,OSBC,,25.795000076293945,25.799999237060547,25.790000915527344,25.795000076293945,2283.0
2026-08-05 14:55:00,OSPN,,16.674999237060547,16.709999084472656,16.670000076293945,16.700000762939453,3072.0
2026-08-05 14:55:00,OSS,,13.660099983215332,13.670000076293945,13.65999984741211,13.670000076293945,3050.0
2026-08-05 14:55:00,OSUR,,4.114999771118164,4.114999771118164,4.114999771118164,4.114999771118164,951.0
2026-08-05 14:55:00,OTEX,,25.80500030517578,25.809999465942383,25.78499984741211,25.78499984741211,4825.0
2026-08-05 14:55:00,OTLK,,1.0149999856948853,1.0199999809265137,1.0149999856948853,1.0199999809265137,5013.0
2026-08-05 14:55:00,OVID,,2.5850000381469727,2.5850000381469727,2.5799999237060547,2.5799999237060547,9985.0
2026-08-05 14:55:00,OXLC,,9.144000053405762,9.144000053405762,9.144000053405762,9.144000053405762,264.0
2026-08-05 14:55:00,OXLCM,,25.110000610351562,25.110000610351562,25.110000610351562,25.110000610351562,0.0
2026-08-05 14:55:00,OXSQ,,1.5023000240325928,1.5049999952316284,1.5023000240325928,1.5049999952316284,497.0
2026-08-05 14:55:00,PAA,,23.21500015258789,23.219999313354492,23.21500015258789,23.219999313354492,357.0
2026-08-05 14:55:00,PAAS,,48.095001220703125,48.11000061035156,48.07099914550781,48.080101013183594,8435.0
2026-08-05 14:55:00,PACB,,1.3049999475479126,1.3049999475479126,1.3049999475479126,1.3049999475479126,1021.0
2026-08-05 14:55:00,PAGP,,25.18000030517578,25.18000030517578,25.18000030517578,25.18000030517578,334.0
2026-08-05 14:55:00,PALI,,2.109999895095825,2.109999895095825,2.109999895095825,2.109999895095825,747.0
2026-08-05 14:55:00,PANW,,365.45001220703125,365.7799987792969,365.0,365.69000244140625,20247.0
2026-08-05 14:55:00,PATK,,88.09500122070312,88.0999984741211,88.09500122070312,88.0999984741211,1479.0
2026-08-05 14:55:00,PAX,,11.385000228881836,11.385000228881836,11.385000228881836,11.385000228881836,1850.0
2026-08-05 14:55:00,PAYO,,7.125,7.125,7.125,7.125,833.0
2026-08-05 14:55:00,PAYX,,117.86000061035156,117.86000061035156,117.80999755859375,117.80999755859375,3400.0
2026-08-05 14:55:00,PBYI,,8.010000228881836,8.010000228881836,8.0,8.0,1873.0
2026-08-05 14:55:00,PCAR,,133.9499969482422,134.0,133.94500732421875,133.97999572753906,3582.0
2026-08-05 14:55:00,PCRX,,25.209999084472656,25.260000228881836,25.209999084472656,25.229999542236328,4106.0
2026-08-05 14:55:00,PCSA,,2.2300000190734863,2.2300000190734863,2.2200000286102295,2.2300000190734863,1482.0
2026-08-05 14:55:00,PCT,,6.929999828338623,6.929999828338623,6.929999828338623,6.929999828338623,2195.0
2026-08-05 14:55:00,PCTY,,146.05999755859375,146.13999938964844,145.97000122070312,145.97000122070312,4387.0
2026-08-05 14:55:00,PDD,,90.69000244140625,90.69000244140625,90.68000030517578,90.69000244140625,1780.0
2026-08-05 14:55:00,PDFS,,50.040000915527344,50.040000915527344,50.040000915527344,50.040000915527344,666.0
2026-08-05 14:55:00,PECO,,41.380001068115234,41.380001068115234,41.380001068115234,41.380001068115234,2373.0
2026-08-05 14:55:00,PEGA,,31.809999465942383,31.809999465942383,31.799999237060547,31.80500030517578,2358.0
2026-08-05 14:55:00,PENN,,19.700000762939453,19.704999923706055,19.700000762939453,19.704999923706055,3219.0
2026-08-05 14:55:00,PEP,,138.52499389648438,138.53500366210938,138.50999450683594,138.51499938964844,3988.0
2026-08-05 14:55:00,PEPG,,1.965000033378601,1.965000033378601,1.965000033378601,1.965000033378601,668.0
2026-08-05 14:55:00,PERI,,9.579999923706055,9.579999923706055,9.579999923706055,9.579999923706055,238.0
2026-08-05 14:55:00,PFG,,114.46499633789062,114.5199966430664,114.46499633789062,114.5199966430664,2135.0
2026-08-05 14:55:00,PGEN,,6.885000228881836,6.889999866485596,6.880000114440918,6.880000114440918,11615.0
2026-08-05 14:55:00,PGNY,,31.670000076293945,31.68000030517578,31.665000915527344,31.68000030517578,9151.0
2026-08-05 14:55:00,PGY,,21.719999313354492,21.739999771118164,21.719999313354492,21.739999771118164,4696.0
2026-08-05 14:55:00,PHAT,,8.375,8.385000228881836,8.375,8.375,5273.0
2026-08-05 14:55:00,PHVS,,33.45000076293945,33.5,33.45000076293945,33.5,254.0
2026-08-05 14:55:00,PLAB,,32.064998626708984,32.064998626708984,32.064998626708984,32.064998626708984,1021.0
2026-08-05 14:55:00,PLBY,,1.159999966621399,1.160099983215332,1.159999966621399,1.160099983215332,21509.0
2026-08-05 14:55:00,PLMR,,134.25,134.3800048828125,134.25,134.3800048828125,1128.0
2026-08-05 14:55:00,PLSE,,37.529998779296875,37.529998779296875,37.529998779296875,37.529998779296875,194.0
2026-08-05 14:55:00,PLTK,,3.884999990463257,3.884999990463257,3.884999990463257,3.884999990463257,1373.0
2026-08-05 14:55:00,PLUG,,2.075000047683716,2.0799999237060547,2.069999933242798,2.069999933242798,23841.0
2026-08-05 14:55:00,PNFP,,107.90499877929688,107.98500061035156,107.87000274658203,107.94000244140625,6757.0
2026-08-05 14:55:00,PNTG,,38.775001525878906,38.775001525878906,38.775001525878906,38.775001525878906,260.0
2026-08-05 14:55:00,PODC,,3.410099983215332,3.410099983215332,3.410099983215332,3.410099983215332,1394.0
2026-08-05 14:55:00,POET,,8.229999542236328,8.234999656677246,8.229999542236328,8.234999656677246,7981.0
2026-08-05 14:55:00,POOL,,204.6750030517578,204.6750030517578,204.5399932861328,204.5399932861328,853.0
2026-08-05 14:55:00,POWI,,61.79999923706055,61.79999923706055,61.79999923706055,61.79999923706055,727.0
2026-08-05 14:55:00,POWL,,210.82000732421875,211.01499938964844,210.77999877929688,211.01499938964844,808.0
2026-08-05 14:55:00,PPSI,,3.0007998943328857,3.009999990463257,3.0007998943328857,3.009999990463257,893.0
2026-08-05 14:55:00,PPTA,,22.520000457763672,22.524999618530273,22.5,22.510000228881836,6016.0
2026-08-05 14:55:00,PRCH,,15.789999961853027,15.789999961853027,15.779999732971191,15.789999961853027,3555.0
2026-08-05 14:55:00,PRCT,,19.020000457763672,19.020000457763672,19.010000228881836,19.010000228881836,2568.0
2026-08-05 14:55:00,PRDO,,32.775001525878906,32.775001525878906,32.775001525878906,32.775001525878906,706.0
2026-08-05 14:55:00,PRGS,,42.404998779296875,42.40999984741211,42.400001525878906,42.400001525878906,779.0
2026-08-05 14:55:00,PRIM,,84.48500061035156,84.77999877929688,84.47000122070312,84.77999877929688,4427.0
2026-08-05 14:55:00,PRME,,3.0450000762939453,3.0450000762939453,3.0450000762939453,3.0450000762939453,580.0
2026-08-05 14:55:00,PRVA,,24.18000030517578,24.18000030517578,24.18000030517578,24.18000030517578,669.0
2026-08-05 14:55:00,PRZO,,0.5551999807357788,0.5551999807357788,0.5551999807357788,0.5551999807357788,574.0
2026-08-05 14:55:00,PSEC,,2.174999952316284,2.174999952316284,2.1700000762939453,2.1700000762939453,3252.0
2026-08-05 14:55:00,PSNL,,13.510000228881836,13.510000228881836,13.510000228881836,13.510000228881836,113.0
2026-08-05 14:55:00,PTC,,140.01499938964844,140.02000427246094,139.89999389648438,139.89999389648438,1236.0
2026-08-05 14:55:00,PTEN,,9.774999618530273,9.774999618530273,9.774999618530273,9.774999618530273,11788.0
2026-08-05 14:55:00,PTON,,6.488900184631348,6.488900184631348,6.485000133514404,6.485000133514404,4349.0
2026-08-05 14:55:00,PUBM,,13.529999732971191,13.539999961853027,13.520000457763672,13.520000457763672,1968.0
2026-08-05 14:55:00,PWP,,17.450000762939453,17.450000762939453,17.43000030517578,17.450000762939453,4009.0
2026-08-05 14:55:00,PYPL,,58.154998779296875,58.15999984741211,58.154998779296875,58.154998779296875,5431.0
2026-08-05 14:55:00,PYXS,,3.109999895095825,3.109999895095825,3.109999895095825,3.109999895095825,183.0
2026-08-05 14:55:00,PZZA,,29.71500015258789,29.71500015258789,29.71500015258789,29.71500015258789,148.0
2026-08-05 14:55:00,QCOM,,157.86000061035156,157.97999572753906,157.86000061035156,157.9499969482422,6602.0
2026-08-05 14:55:00,QRVO,,95.1050033569336,95.16999816894531,95.1050033569336,95.16999816894531,882.0
2026-08-05 14:55:00,SEED,,1.0499999523162842,1.0499999523162842,1.0499999523162842,1.0499999523162842,500.0
2026-08-05 14:55:00,STIM,,2.2249999046325684,2.2249999046325684,2.2249999046325684,2.2249999046325684,603.0
2026-08-05 14:55:00,TARA,,3.984999895095825,3.984999895095825,3.984999895095825,3.984999895095825,11.0
2026-08-05 14:55:00,WOOF,,2.930000066757202,2.930000066757202,2.930000066757202,2.930000066757202,1289.0
2026-08-05 14:56:00,ACDC,,4.474999904632568,4.474999904632568,4.474999904632568,4.474999904632568,558.0
2026-08-05 14:56:00,BPOP,,176.94000244140625,176.94000244140625,176.94000244140625,176.94000244140625,1889.0
2026-08-05 14:56:00,EYE,,22.96500015258789,22.96500015258789,22.96500015258789,22.96500015258789,1272.0
2026-08-05 14:56:00,FIZZ,,32.279998779296875,32.279998779296875,32.27000045776367,32.27000045776367,584.0
2026-08-05 14:56:00,GLUE,,15.46500015258789,15.46500015258789,15.449999809265137,15.449999809265137,1960.0
2026-08-05 14:56:00,KIDS,,21.719999313354492,21.719999313354492,21.719999313354492,21.719999313354492,205.0
2026-08-05 14:56:00,KTTA,,0.45239999890327454,0.45239999890327454,0.4424000084400177,0.4424000084400177,9046.0
2026-08-05 14:56:00,MDB,,375.739990234375,375.75,375.2650146484375,375.3500061035156,2922.0
2026-08-05 14:56:00,MDLZ,,62.564998626708984,62.58000183105469,62.560001373291016,62.560001373291016,10113.0
2026-08-05 14:56:00,MLTX,,17.579999923706055,17.579999923706055,17.575000762939453,17.575000762939453,850.0
2026-08-05 14:56:00,MNRO,,13.114999771118164,13.119999885559082,13.114999771118164,13.119999885559082,1175.0
2026-08-05 14:56:00,MNST,,94.79000091552734,94.81999969482422,94.7750015258789,94.7750015258789,9199.0
2026-08-05 14:56:00,MNTS,,4.25,4.260000228881836,4.244999885559082,4.244999885559082,10659.0
2026-08-05 14:56:00,MPWR,,1337.9649658203125,1339.655029296875,1337.18994140625,1338.6600341796875,836.0
2026-08-05 14:56:00,MRNA,,56.470001220703125,56.4900016784668,56.470001220703125,56.4900016784668,2499.0
2026-08-05 14:56:00,MVBF,,30.690000534057617,30.700000762939453,30.690000534057617,30.700000762939453,1139.0
2026-08-05 14:56:00,MYGN,,3.130000114440918,3.134999990463257,3.130000114440918,3.130000114440918,6229.0
2026-08-05 14:56:00,MYRG,,340.1600036621094,340.1600036621094,340.0400085449219,340.0400085449219,576.0
2026-08-05 14:56:00,NAMS,,27.280000686645508,27.280000686645508,27.270000457763672,27.270000457763672,2068.0
2026-08-05 14:56:00,NAUT,,0.9383000135421753,0.9388999938964844,0.9383000135421753,0.9388999938964844,3898.0
2026-08-05 14:56:00,NB,,5.074999809265137,5.074999809265137,5.065000057220459,5.065000057220459,16481.0
2026-08-05 14:56:00,NBIX,,163.02999877929688,163.02999877929688,163.02999877929688,163.02999877929688,619.0
2026-08-05 14:56:00,NBTB,,53.369998931884766,53.369998931884766,53.36000061035156,53.36000061035156,503.0
2026-08-05 14:56:00,NDAQ,,94.7300033569336,94.73999786376953,94.7300033569336,94.73999786376953,1701.0
2026-08-05 14:56:00,NDSN,,310.7349853515625,310.7349853515625,310.6300048828125,310.7349853515625,360.0
2026-08-05 14:56:00,NEGG,,17.190000534057617,17.190000534057617,17.139999389648438,17.139999389648438,338.0
2026-08-05 14:56:00,NEO,,15.920000076293945,15.920000076293945,15.920000076293945,15.920000076293945,492.0
2026-08-05 14:56:00,NEOG,,11.600000381469727,11.600000381469727,11.590100288391113,11.590100288391113,1299.0
2026-08-05 14:56:00,NEOV,,2.8010001182556152,2.8010001182556152,2.8010001182556152,2.8010001182556152,187.0
2026-08-05 14:56:00,NESR,,28.56999969482422,28.56999969482422,28.559999465942383,28.56999969482422,3699.0
2026-08-05 14:56:00,NEWT,,15.100000381469727,15.100000381469727,15.100000381469727,15.100000381469727,246.0
2026-08-05 14:56:00,NEXT,,6.449999809265137,6.450500011444092,6.445000171661377,6.449999809265137,5398.0
2026-08-05 14:56:00,NFE,,0.3379000127315521,0.3379000127315521,0.3379000127315521,0.3379000127315521,283.0
2026-08-05 14:56:00,NFLX,,73.29000091552734,73.29000091552734,73.23999786376953,73.2750015258789,48994.0
2026-08-05 14:56:00,NICE,,99.52999877929688,99.52999877929688,99.52999877929688,99.52999877929688,410.0
2026-08-05 14:56:00,NKTR,,72.5250015258789,72.5250015258789,72.5250015258789,72.5250015258789,229.0
2026-08-05 14:56:00,NKTX,,2.2049999237060547,2.2049999237060547,2.200000047683716,2.200000047683716,571.0
2026-08-05 14:56:00,NMFC,,7.329999923706055,7.329999923706055,7.329999923706055,7.329999923706055,832.0
2026-08-05 14:56:00,NMFCZ,,25.114999771118164,25.114999771118164,25.114999771118164,25.114999771118164,1000.0
2026-08-05 14:56:00,NMIH,,44.650001525878906,44.650001525878906,44.650001525878906,44.650001525878906,1650.0
2026-08-05 14:56:00,NMRK,,15.694999694824219,15.694999694824219,15.694999694824219,15.694999694824219,344.0
2026-08-05 14:56:00,NN,,14.649999618530273,14.649999618530273,14.614999771118164,14.649999618530273,8331.0
2026-08-05 14:56:00,NNBR,,3.7950000762939453,3.799999952316284,3.7950000762939453,3.7950000762939453,1396.0
2026-08-05 14:56:00,NNDM,,1.5549999475479126,1.5549999475479126,1.5549999475479126,1.5549999475479126,603.0
2026-08-05 14:56:00,NNOX,,1.0099999904632568,1.0099999904632568,1.0049999952316284,1.0049999952316284,2193.0
2026-08-05 14:56:00,NOVT,,155.3699951171875,155.49000549316406,155.3699951171875,155.49000549316406,3376.0
2026-08-05 14:56:00,NRDS,,9.0649995803833,9.0649995803833,9.0649995803833,9.0649995803833,462.0
2026-08-05 14:56:00,NRIX,,24.895000457763672,24.895000457763672,24.8799991607666,24.8799991607666,1433.0
2026-08-05 14:56:00,NTCT,,41.8849983215332,41.8849983215332,41.8849983215332,41.8849983215332,342.0
2026-08-05 14:56:00,NTES,,127.49009704589844,127.49009704589844,127.49009704589844,127.49009704589844,1352.0
2026-08-05 14:56:00,NTNX,,61.2599983215332,61.2599983215332,61.20500183105469,61.220001220703125,5554.0
2026-08-05 14:56:00,NTRS,,184.63999938964844,184.64999389648438,184.52999877929688,184.55999755859375,5231.0
2026-08-05 14:56:00,NUWE,,1.6973999738693237,1.6973999738693237,1.6908999681472778,1.6908999681472778,2027.0
2026-08-05 14:56:00,NVAX,,7.579999923706055,7.579999923706055,7.574999809265137,7.574999809265137,5558.0
2026-08-05 14:56:00,NVCR,,16.040000915527344,16.049999237060547,16.040000915527344,16.049999237060547,1691.0
2026-08-05 14:56:00,NVDA,,221.47000122070312,221.47000122070312,221.2899932861328,221.38999938964844,199207.0
2026-08-05 14:56:00,NVMI,,405.31500244140625,405.6000061035156,405.0899963378906,405.0899963378906,516.0
2026-08-05 14:56:00,NVTS,,12.324999809265137,12.34000015258789,12.324999809265137,12.335000038146973,11570.0
2026-08-05 14:56:00,NWBI,,15.954999923706055,15.960000038146973,15.949999809265137,15.949999809265137,3959.0
2026-08-05 14:56:00,NWE,,69.02999877929688,69.02999877929688,69.02999877929688,69.02999877929688,606.0
2026-08-05 14:56:00,NWL,,6.204999923706055,6.210000038146973,6.199999809265137,6.210000038146973,10944.0
2026-08-05 14:56:00,NWS,,32.31999969482422,32.33000183105469,32.310001373291016,32.33000183105469,2858.0
2026-08-05 14:56:00,NWSA,,28.299999237060547,28.315000534057617,28.299999237060547,28.309999465942383,6274.0
2026-08-05 14:56:00,NXGL,,0.4009000062942505,0.4009000062942505,0.4009000062942505,0.4009000062942505,1103.0
2026-08-05 14:56:00,NXPI,,230.89999389648438,230.89999389648438,230.8300018310547,230.83999633789062,1823.0
2026-08-05 14:56:00,NXT,,98.91999816894531,98.91999816894531,98.88999938964844,98.91999816894531,2278.0
2026-08-05 14:56:00,OCFC,,19.920000076293945,19.920000076293945,19.920000076293945,19.920000076293945,2546.0
2026-08-05 14:56:00,OCGN,,1.284999966621399,1.284999966621399,1.2799999713897705,1.2799999713897705,2885.0
2026-08-05 14:56:00,OCSL,,12.029999732971191,12.029999732971191,12.029999732971191,12.029999732971191,396.0
2026-08-05 14:56:00,OCUL,,8.5600004196167,8.5649995803833,8.5600004196167,8.5649995803833,3807.0
2026-08-05 14:56:00,ODD,,15.21500015258789,15.21500015258789,15.21500015258789,15.21500015258789,889.0
2026-08-05 14:56:00,ODFL,,214.11000061035156,214.11000061035156,214.11000061035156,214.11000061035156,414.0
2026-08-05 14:56:00,OESX,,14.899999618530273,14.904999732971191,14.677200317382812,14.904999732971191,839.0
2026-08-05 14:56:00,OFIX,,10.71500015258789,10.71500015258789,10.71500015258789,10.71500015258789,293.0
2026-08-05 14:56:00,OKTA,,148.19000244140625,148.22999572753906,148.13999938964844,148.22999572753906,6089.0
2026-08-05 14:56:00,OLLI,,77.9000015258789,77.91500091552734,77.9000015258789,77.91500091552734,951.0
2026-08-05 14:56:00,OLMA,,11.510000228881836,11.510000228881836,11.510000228881836,11.510000228881836,2384.0
2026-08-05 14:56:00,OMCL,,37.2400016784668,37.2400016784668,37.2400016784668,37.2400016784668,264.0
2026-08-05 14:56:00,ON,,77.45999908447266,77.47000122070312,77.41999816894531,77.44499969482422,23478.0
2026-08-05 14:56:00,ONB,,27.030000686645508,27.030000686645508,27.030000686645508,27.030000686645508,4970.0
2026-08-05 14:56:00,ONCY,,0.7968999743461609,0.7968999743461609,0.7968999743461609,0.7968999743461609,501.0
2026-08-05 14:56:00,ONDS,,8.769499778747559,8.779999732971191,8.760000228881836,8.774999618530273,307832.0
2026-08-05 14:56:00,ONFO,,0.07329999655485153,0.07370000332593918,0.07329999655485153,0.07370000332593918,17748.0
2026-08-05 14:56:00,ONMD,,0.6499999761581421,0.6499999761581421,0.6499999761581421,0.6499999761581421,4098.0
2026-08-05 14:56:00,OPCH,,23.520000457763672,23.530000686645508,23.459999084472656,23.459999084472656,10390.0
2026-08-05 14:56:00,OPEN,,3.751300096511841,3.759999990463257,3.75,3.755000114440918,59077.0
2026-08-05 14:56:00,OPRT,,6.085000038146973,6.085000038146973,6.079999923706055,6.079999923706055,2619.0
2026-08-05 14:56:00,ORGO,,2.3450000286102295,2.3450000286102295,2.3450000286102295,2.3450000286102295,2941.0
2026-08-05 14:56:00,ORIC,,12.859999656677246,12.859999656677246,12.859999656677246,12.859999656677246,564.0
2026-08-05 14:56:00,ORLY,,92.76000213623047,92.77999877929688,92.76000213623047,92.76000213623047,4430.0
2026-08-05 14:56:00,OSBC,,25.799999237060547,25.799999237060547,25.799999237060547,25.799999237060547,818.0
2026-08-05 14:56:00,OSS,,13.640000343322754,13.65999984741211,13.640000343322754,13.65999984741211,1421.0
2026-08-05 14:56:00,OTEX,,25.795000076293945,25.799999237060547,25.795000076293945,25.799999237060547,2843.0
2026-08-05 14:56:00,OTLK,,1.0199999809265137,1.0199999809265137,1.0149999856948853,1.0199999809265137,2490.0
2026-08-05 14:56:00,OVID,,2.575000047683716,2.5850000381469727,2.575000047683716,2.5850000381469727,8668.0
2026-08-05 14:56:00,OXLC,,9.145000457763672,9.145000457763672,9.145000457763672,9.145000457763672,588.0
2026-08-05 14:56:00,OXSQ,,1.5,1.5049999952316284,1.5,1.5049999952316284,9559.0
2026-08-05 14:56:00,PAA,,23.21500015258789,23.21500015258789,23.21500015258789,23.21500015258789,7351.0
2026-08-05 14:56:00,PAAS,,48.07099914550781,48.10499954223633,48.06999969482422,48.09989929199219,5522.0
2026-08-05 14:56:00,PACB,,1.3049999475479126,1.309999942779541,1.2999999523162842,1.3049999475479126,3479.0
2026-08-05 14:56:00,PALI,,2.109999895095825,2.109999895095825,2.109999895095825,2.109999895095825,1783.0
2026-08-05 14:56:00,PANW,,365.8900146484375,365.92999267578125,365.4700012207031,365.56500244140625,8087.0
2026-08-05 14:56:00,PAX,,11.388999938964844,11.388999938964844,11.388999938964844,11.388999938964844,798.0
2026-08-05 14:56:00,PAYO,,7.125,7.125,7.119999885559082,7.125,1144.0
2026-08-05 14:56:00,PAYX,,117.86000061035156,117.89540100097656,117.86000061035156,117.88999938964844,3373.0
2026-08-05 14:56:00,PBFS,,17.260000228881836,17.260000228881836,17.260000228881836,17.260000228881836,342.0
2026-08-05 14:56:00,PCAR,,133.94000244140625,133.9550018310547,133.9199981689453,133.93499755859375,2367.0
2026-08-05 14:56:00,PCRX,,25.209999084472656,25.209999084472656,25.204999923706055,25.204999923706055,1351.0
2026-08-05 14:56:00,PCT,,6.920000076293945,6.925000190734863,6.920000076293945,6.925000190734863,2444.0
2026-08-05 14:56:00,PCTY,,146.16000366210938,146.16000366210938,146.0449981689453,146.14999389648438,1047.0
2026-08-05 14:56:00,PDD,,90.69000244140625,90.69000244140625,90.69000244140625,90.69000244140625,1266.0
2026-08-05 14:56:00,PDEX,,68.21499633789062,68.21499633789062,68.21499633789062,68.21499633789062,679.0
2026-08-05 14:56:00,PDFS,,50.0,50.01499938964844,50.0,50.01250076293945,602.0
2026-08-05 14:56:00,PDSB,,0.7150999903678894,0.7150999903678894,0.7150999903678894,0.7150999903678894,300.0
2026-08-05 14:56:00,PECO,,41.380001068115234,41.400001525878906,41.380001068115234,41.380001068115234,4158.0
2026-08-05 14:56:00,PEGA,,31.799999237060547,31.809999465942383,31.790000915527344,31.809999465942383,3314.0
2026-08-05 14:56:00,PENN,,19.690000534057617,19.69499969482422,19.68269920349121,19.690000534057617,8577.0
2026-08-05 14:56:00,PEP,,138.55499267578125,138.57000732421875,138.5399932861328,138.5399932861328,2728.0
2026-08-05 14:56:00,PERI,,9.585000038146973,9.585000038146973,9.579999923706055,9.579999923706055,768.0
2026-08-05 14:56:00,PESI,,17.829999923706055,17.829999923706055,17.829999923706055,17.829999923706055,487.0
2026-08-05 14:56:00,PGEN,,6.889999866485596,6.889999866485596,6.885000228881836,6.885000228881836,4580.0
2026-08-05 14:56:00,PGY,,21.719999313354492,21.719999313354492,21.700000762939453,21.709999084472656,3724.0
2026-08-05 14:56:00,PHAT,,8.369999885559082,8.380000114440918,8.369999885559082,8.380000114440918,1817.0
2026-08-05 14:56:00,PLAB,,32.06990051269531,32.06990051269531,32.040000915527344,32.040000915527344,1707.0
2026-08-05 14:56:00,PLTK,,3.880000114440918,3.884999990463257,3.880000114440918,3.884999990463257,1521.0
2026-08-05 14:56:00,PLUG,,2.0701000690460205,2.0799999237060547,2.0701000690460205,2.072000026702881,44981.0
2026-08-05 14:56:00,PNBK,,1.1399999856948853,1.1399999856948853,1.1399999856948853,1.1399999856948853,2342.0
2026-08-05 14:56:00,PNFP,,107.9000015258789,107.9000015258789,107.8499984741211,107.88999938964844,2856.0
2026-08-05 14:56:00,PNRG,,187.89999389648438,187.89999389648438,187.89999389648438,187.89999389648438,345.0
2026-08-05 14:56:00,POCI,,4.21999979019165,4.21999979019165,4.21999979019165,4.21999979019165,821.0
2026-08-05 14:56:00,POET,,8.210000038146973,8.220000267028809,8.199999809265137,8.220000267028809,16305.0
2026-08-05 14:56:00,POOL,,205.1999969482422,205.1999969482422,204.6750030517578,204.6750030517578,5546.0
2026-08-05 14:56:00,POWL,,210.63009643554688,210.8000030517578,210.63009643554688,210.7899932861328,1001.0
2026-08-05 14:56:00,PPC,,26.450000762939453,26.459999084472656,26.450000762939453,26.450000762939453,3440.0
2026-08-05 14:56:00,PPIH,,26.09000015258789,26.09000015258789,26.020000457763672,26.020000457763672,2151.0
2026-08-05 14:56:00,PPTA,,22.5,22.510000228881836,22.5,22.510000228881836,1568.0
2026-08-05 14:56:00,PRAX,,318.5050048828125,318.57501220703125,318.5050048828125,318.57501220703125,122.0
2026-08-05 14:56:00,PRCH,,15.770000457763672,15.789999961853027,15.770000457763672,15.779999732971191,2513.0
2026-08-05 14:56:00,PRCT,,19.040000915527344,19.040000915527344,19.010000228881836,19.024999618530273,3591.0
2026-08-05 14:56:00,PRDO,,32.790000915527344,32.790000915527344,32.779998779296875,32.790000915527344,1696.0
2026-08-05 14:56:00,PRGS,,42.39059829711914,42.39059829711914,42.39059829711914,42.39059829711914,746.0
2026-08-05 14:56:00,PRIM,,84.5250015258789,84.52999877929688,84.48500061035156,84.48500061035156,994.0
2026-08-05 14:56:00,PRME,,3.0450000762939453,3.0450000762939453,3.0450000762939453,3.0450000762939453,1379.0
2026-08-05 14:56:00,PROK,,1.6399999856948853,1.6399999856948853,1.6399999856948853,1.6399999856948853,1046.0
2026-08-05 14:56:00,PRTA,,8.46500015258789,8.46500015258789,8.46500015258789,8.46500015258789,377.0
2026-08-05 14:56:00,PRTH,,6.625,6.625,6.625,6.625,1743.0
2026-08-05 14:56:00,PRVA,,24.190000534057617,24.190000534057617,24.190000534057617,24.190000534057617,583.0
2026-08-05 14:56:00,PSEC,,2.174999952316284,2.1791000366210938,2.1700000762939453,2.174999952316284,7079.0
2026-08-05 14:56:00,PSNL,,13.515000343322754,13.515000343322754,13.515000343322754,13.515000343322754,1721.0
2026-08-05 14:56:00,PTC,,140.00999450683594,140.00999450683594,140.00999450683594,140.00999450683594,1998.0
2026-08-05 14:56:00,PTCT,,69.22000122070312,69.22000122070312,69.22000122070312,69.22000122070312,1406.0
2026-08-05 14:56:00,PTEN,,9.779999732971191,9.779999732971191,9.760000228881836,9.774999618530273,42434.0
2026-08-05 14:56:00,PTGX,,136.0850067138672,136.0850067138672,136.0850067138672,136.0850067138672,548.0
2026-08-05 14:56:00,PTLO,,4.59499979019165,4.59499979019165,4.59499979019165,4.59499979019165,782.0
2026-08-05 14:56:00,PTON,,6.485000133514404,6.485000133514404,6.474999904632568,6.480000019073486,31038.0
2026-08-05 14:56:00,PUBM,,13.520000457763672,13.529999732971191,13.520000457763672,13.529999732971191,2477.0
2026-08-05 14:56:00,PWP,,17.450000762939453,17.459999084472656,17.450000762939453,17.459999084472656,1128.0
2026-08-05 14:56:00,PYPL,,58.154998779296875,58.15999984741211,58.154998779296875,58.15999984741211,7467.0
2026-08-05 14:56:00,PZZA,,29.690000534057617,29.700000762939453,29.690000534057617,29.700000762939453,6062.0
2026-08-05 14:56:00,QCOM,,157.80999755859375,157.8249969482422,157.7550048828125,157.8249969482422,8805.0
2026-08-05 14:56:00,QCRH,,105.43499755859375,105.43499755859375,105.43499755859375,105.43499755859375,296.0
2026-08-05 14:56:00,QQQX,,30.49220085144043,30.49220085144043,30.49220085144043,30.49220085144043,209.0
2026-08-05 14:56:00,QRVO,,95.0999984741211,95.1500015258789,95.05500030517578,95.13999938964844,3159.0
2026-08-05 14:56:00,SEED,,1.0499999523162842,1.0499999523162842,1.0497000217437744,1.0499999523162842,851.0
2026-08-05 14:56:00,STIM,,2.2200000286102295,2.2200000286102295,2.2149999141693115,2.2200000286102295,14649.0
2026-08-05 14:56:00,TARA,,3.984999895095825,3.990000009536743,3.984999895095825,3.990000009536743,323.0
2026-08-05 14:57:00,ACDC,,4.485000133514404,4.485000133514404,4.474999904632568,4.479499816894531,5550.0
2026-08-05 14:57:00,CASH,,89.6500015258789,89.6500015258789,89.6500015258789,89.6500015258789,448.0
2026-08-05 14:57:00,CNXN,,86.21499633789062,86.26000213623047,86.21499633789062,86.26000213623047,707.0
2026-08-05 14:57:00,FIZZ,,32.2599983215332,32.2599983215332,32.2400016784668,32.2599983215332,1398.0
2026-08-05 14:57:00,GLUE,,15.470000267028809,15.470000267028809,15.449999809265137,15.449999809265137,2044.0
2026-08-05 14:57:00,KIDS,,21.665000915527344,21.665000915527344,21.665000915527344,21.665000915527344,789.0
2026-08-05 14:57:00,KTTA,,0.45570001006126404,0.45570001006126404,0.45570001006126404,0.45570001006126404,1677.0
2026-08-05 14:57:00,MDB,,375.9599914550781,375.9599914550781,375.7300109863281,375.7300109863281,1010.0
2026-08-05 14:57:00,MDLZ,,62.54499816894531,62.564998626708984,62.54499816894531,62.564998626708984,8296.0
2026-08-05 14:57:00,MNRO,,13.109999656677246,13.109999656677246,13.109999656677246,13.109999656677246,998.0
2026-08-05 14:57:00,MNST,,94.75,94.79000091552734,94.75,94.79000091552734,4623.0
2026-08-05 14:57:00,MNTS,,4.25,4.25,4.25,4.25,2185.0
2026-08-05 14:57:00,MPAA,,13.680000305175781,13.680000305175781,13.680000305175781,13.680000305175781,287.0
2026-08-05 14:57:00,MPWR,,1337.9300537109375,1338.6400146484375,1337.2099609375,1337.2099609375,330.0
2026-08-05 14:57:00,MRNA,,56.44499969482422,56.46500015258789,56.439998626708984,56.439998626708984,10144.0
2026-08-05 14:57:00,MYGN,,3.134999990463257,3.134999990463257,3.130000114440918,3.130000114440918,1320.0
2026-08-05 14:57:00,NAMS,,27.239999771118164,27.270000457763672,27.239999771118164,27.270000457763672,2717.0
2026-08-05 14:57:00,NAUT,,0.9381999969482422,0.9381999969482422,0.9381999969482422,0.9381999969482422,590.0
2026-08-05 14:57:00,NB,,5.079999923706055,5.085000038146973,5.079999923706055,5.079999923706055,9417.0
2026-08-05 14:57:00,NBIX,,162.91000366210938,162.91000366210938,162.91000366210938,162.91000366210938,635.0
2026-08-05 14:57:00,NBTB,,53.369998931884766,53.369998931884766,53.369998931884766,53.369998931884766,509.0
2026-08-05 14:57:00,NBTX,,39.84000015258789,39.84000015258789,39.84000015258789,39.84000015258789,657.0
2026-08-05 14:57:00,NCRA,,1.8200000524520874,1.8200000524520874,1.8200000524520874,1.8200000524520874,525.0
2026-08-05 14:57:00,NDAQ,,94.7249984741211,94.7300033569336,94.69999694824219,94.69999694824219,1343.0
2026-08-05 14:57:00,NDSN,,310.8550109863281,310.8550109863281,310.67498779296875,310.7699890136719,1087.0
2026-08-05 14:57:00,NEO,,15.90999984741211,15.90999984741211,15.90999984741211,15.90999984741211,1622.0
2026-08-05 14:57:00,NEOG,,11.595000267028809,11.595000267028809,11.59000015258789,11.59000015258789,5412.0
2026-08-05 14:57:00,NEOV,,2.805000066757202,2.809999942779541,2.805000066757202,2.809999942779541,601.0
2026-08-05 14:57:00,NESR,,28.59000015258789,28.59000015258789,28.59000015258789,28.59000015258789,1528.0
2026-08-05 14:57:00,NEWT,,15.09000015258789,15.100000381469727,15.09000015258789,15.09000015258789,718.0
2026-08-05 14:57:00,NEXT,,6.449999809265137,6.454999923706055,6.449999809265137,6.454999923706055,1512.0
2026-08-05 14:57:00,NFE,,0.3379000127315521,0.3379000127315521,0.337799996137619,0.337799996137619,563.0
2026-08-05 14:57:00,NFLX,,73.43000030517578,73.43000030517578,73.30000305175781,73.30000305175781,159386.0
2026-08-05 14:57:00,NGNE,,35.529998779296875,35.529998779296875,35.529998779296875,35.529998779296875,289.0
2026-08-05 14:57:00,NICE,,99.51460266113281,99.51460266113281,99.51460266113281,99.51460266113281,992.0
2026-08-05 14:57:00,NKTR,,72.6500015258789,72.6500015258789,72.6500015258789,72.6500015258789,123.0
2026-08-05 14:57:00,NKTX,,2.2049999237060547,2.2049999237060547,2.200000047683716,2.2049999237060547,798.0
2026-08-05 14:57:00,NMRK,,15.694999694824219,15.694999694824219,15.694999694824219,15.694999694824219,590.0
2026-08-05 14:57:00,NN,,14.625,14.649999618530273,14.625,14.649999618530273,8641.0
2026-08-05 14:57:00,NNBR,,3.7799999713897705,3.7950000762939453,3.7799999713897705,3.79010009765625,4039.0
2026-08-05 14:57:00,NNDM,,1.5549999475479126,1.5549999475479126,1.5549999475479126,1.5549999475479126,636.0
2026-08-05 14:57:00,NOVT,,155.42999267578125,155.42999267578125,155.42999267578125,155.42999267578125,1411.0
2026-08-05 14:57:00,NPCE,,13.770000457763672,13.770000457763672,13.770000457763672,13.770000457763672,233.0
2026-08-05 14:57:00,NRDS,,9.0649995803833,9.0649995803833,9.0649995803833,9.0649995803833,567.0
2026-08-05 14:57:00,NRIX,,24.899999618530273,24.899999618530273,24.899999618530273,24.899999618530273,1195.0
2026-08-05 14:57:00,NRXP,,3.049999952316284,3.049999952316284,3.049999952316284,3.049999952316284,607.0
2026-08-05 14:57:00,NTAP,,190.13999938964844,190.13999938964844,190.0,190.0,4372.0
2026-08-05 14:57:00,NTGR,,24.389999389648438,24.389999389648438,24.389999389648438,24.389999389648438,546.0
2026-08-05 14:57:00,NTNX,,61.279998779296875,61.279998779296875,61.244998931884766,61.25,6869.0
2026-08-05 14:57:00,NUWE,,1.6950000524520874,1.6950000524520874,1.6950000524520874,1.6950000524520874,530.0
2026-08-05 14:57:00,NVAX,,7.579899787902832,7.579899787902832,7.579899787902832,7.579899787902832,3311.0
2026-08-05 14:57:00,NVCR,,16.030000686645508,16.030000686645508,16.030000686645508,16.030000686645508,572.0
2026-08-05 14:57:00,NVCT,,19.59000015258789,19.59000015258789,19.59000015258789,19.59000015258789,896.0
2026-08-05 14:57:00,NVDA,,221.63499450683594,221.6699981689453,221.4154052734375,221.47000122070312,205873.0
2026-08-05 14:57:00,NVTS,,12.350000381469727,12.350000381469727,12.319999694824219,12.320099830627441,9655.0
2026-08-05 14:57:00,NWBI,,15.954999923706055,15.954999923706055,15.954999923706055,15.954999923706055,453.0
2026-08-05 14:57:00,NWGL,,0.27239999175071716,0.27239999175071716,0.27239999175071716,0.27239999175071716,583.0
2026-08-05 14:57:00,NWL,,6.20389986038208,6.210000038146973,6.199999809265137,6.210000038146973,8466.0
2026-08-05 14:57:00,NWPX,,127.16500091552734,127.16500091552734,127.16500091552734,127.16500091552734,129.0
2026-08-05 14:57:00,NWS,,32.349998474121094,32.349998474121094,32.32500076293945,32.32500076293945,2188.0
2026-08-05 14:57:00,NWSA,,28.315000534057617,28.315000534057617,28.299999237060547,28.299999237060547,4610.0
2026-08-05 14:57:00,NXL,,0.3400000035762787,0.3400000035762787,0.3400000035762787,0.3400000035762787,1979.0
2026-08-05 14:57:00,NXPI,,231.0800018310547,231.09500122070312,230.8300018310547,230.94000244140625,3924.0
2026-08-05 14:57:00,NXST,,189.8249969482422,189.8249969482422,189.8249969482422,189.8249969482422,491.0
2026-08-05 14:57:00,NXT,,99.03500366210938,99.05000305175781,98.92050170898438,98.94000244140625,6393.0
2026-08-05 14:57:00,OCC,,15.970000267028809,16.06999969482422,15.970000267028809,16.06999969482422,2524.0
2026-08-05 14:57:00,OCGN,,1.284999966621399,1.284999966621399,1.284999966621399,1.284999966621399,17723.0
2026-08-05 14:57:00,OCSL,,12.020000457763672,12.020000457763672,12.020000457763672,12.020000457763672,204.0
2026-08-05 14:57:00,ODD,,15.21500015258789,15.21500015258789,15.21500015258789,15.21500015258789,1797.0
2026-08-05 14:57:00,ODFL,,214.32000732421875,214.3699951171875,214.14500427246094,214.25999450683594,3225.0
2026-08-05 14:57:00,OESX,,14.899999618530273,14.899999618530273,14.899999618530273,14.899999618530273,517.0
2026-08-05 14:57:00,OFIX,,10.6899995803833,10.71500015258789,10.6899995803833,10.71500015258789,1302.0
2026-08-05 14:57:00,OKTA,,148.27999877929688,148.27999877929688,148.22000122070312,148.27999877929688,2003.0
2026-08-05 14:57:00,OLLI,,77.875,77.875,77.83000183105469,77.83000183105469,1955.0
2026-08-05 14:57:00,OLMA,,11.510000228881836,11.510000228881836,11.510000228881836,11.510000228881836,680.0
2026-08-05 14:57:00,OMCL,,37.25,37.25,37.25,37.25,262.0
2026-08-05 14:57:00,OMER,,12.755000114440918,12.755000114440918,12.75,12.75,441.0
2026-08-05 14:57:00,OMH,,0.11509999632835388,0.11509999632835388,0.11509999632835388,0.11509999632835388,7932.0
2026-08-05 14:57:00,ON,,77.52999877929688,77.56500244140625,77.45999908447266,77.4800033569336,16765.0
2026-08-05 14:57:00,ONB,,27.024999618530273,27.03499984741211,27.024999618530273,27.030000686645508,15067.0
2026-08-05 14:57:00,ONDS,,8.774999618530273,8.779999732971191,8.760000228881836,8.765000343322754,137282.0
2026-08-05 14:57:00,ONFO,,0.0746999979019165,0.0746999979019165,0.0737999975681305,0.0737999975681305,78465.0
2026-08-05 14:57:00,ONMD,,0.6473000049591064,0.6473000049591064,0.6473000049591064,0.6473000049591064,2037.0
2026-08-05 14:57:00,OPCH,,23.514999389648438,23.520000457763672,23.514999389648438,23.520000457763672,928.0
2026-08-05 14:57:00,OPEN,,3.755000114440918,3.759999990463257,3.75,3.755000114440918,62822.0
2026-08-05 14:57:00,OPK,,1.315000057220459,1.315000057220459,1.315000057220459,1.315000057220459,340.0
2026-08-05 14:57:00,OPRT,,6.070000171661377,6.070000171661377,6.070000171661377,6.070000171661377,278.0
2026-08-05 14:57:00,OPRX,,6.920000076293945,6.920000076293945,6.920000076293945,6.920000076293945,872.0
2026-08-05 14:57:00,ORIC,,12.860099792480469,12.860099792480469,12.84000015258789,12.854999542236328,3564.0
2026-08-05 14:57:00,ORLY,,92.73999786376953,92.7699966430664,92.72000122070312,92.7699966430664,4459.0
2026-08-05 14:57:00,OSBC,,25.799999237060547,25.799999237060547,25.799999237060547,25.799999237060547,1426.0
2026-08-05 14:57:00,OSIS,,236.5500030517578,236.56500244140625,236.5500030517578,236.56500244140625,282.0
2026-08-05 14:57:00,OSS,,13.619999885559082,13.629899978637695,13.619999885559082,13.629899978637695,3856.0
2026-08-05 14:57:00,OSW,,26.489999771118164,26.5,26.469999313354492,26.489999771118164,4566.0
2026-08-05 14:57:00,OTEX,,25.809999465942383,25.809999465942383,25.799999237060547,25.799999237060547,1774.0
2026-08-05 14:57:00,OTLK,,1.0149999856948853,1.0199999809265137,1.0149999856948853,1.0199999809265137,2058.0
2026-08-05 14:57:00,OTTR,,92.17500305175781,92.19000244140625,92.17500305175781,92.19000244140625,996.0
2026-08-05 14:57:00,OXBR,,1.5499999523162842,1.5499999523162842,1.5499999523162842,1.5499999523162842,725.0
2026-08-05 14:57:00,OXSQ,,1.5027999877929688,1.5027999877929688,1.5027999877929688,1.5027999877929688,2404.0
2026-08-05 14:57:00,PAA,,23.21500015258789,23.219999313354492,23.209999084472656,23.219999313354492,19556.0
2026-08-05 14:57:00,PAAS,,48.084999084472656,48.09000015258789,48.08000183105469,48.08000183105469,3673.0
2026-08-05 14:57:00,PACB,,1.3049999475479126,1.3049999475479126,1.2999999523162842,1.2999999523162842,10176.0
2026-08-05 14:57:00,PAGP,,25.18000030517578,25.18000030517578,25.170000076293945,25.18000030517578,7939.0
2026-08-05 14:57:00,PALI,,2.1050000190734863,2.1050000190734863,2.0999999046325684,2.1050000190734863,3710.0
2026-08-05 14:57:00,PANW,,365.7099914550781,365.9599914550781,365.6400146484375,365.92999267578125,4868.0
2026-08-05 14:57:00,PATK,,88.08000183105469,88.08000183105469,88.08000183105469,88.08000183105469,1630.0
2026-08-05 14:57:00,PAX,,11.385000228881836,11.385000228881836,11.385000228881836,11.385000228881836,2068.0
2026-08-05 14:57:00,PAYO,,7.125,7.125,7.125,7.125,486.0
2026-08-05 14:57:00,PAYS,,9.135000228881836,9.135000228881836,9.135000228881836,9.135000228881836,491.0
2026-08-05 14:57:00,PAYX,,117.88999938964844,117.88999938964844,117.86000061035156,117.88500213623047,1333.0
2026-08-05 14:57:00,PCAR,,133.9199981689453,133.94000244140625,133.91000366210938,133.91000366210938,2622.0
2026-08-05 14:57:00,PCRX,,25.204999923706055,25.204999923706055,25.204999923706055,25.204999923706055,1641.0
2026-08-05 14:57:00,PCSA,,2.2100000381469727,2.2100000381469727,2.2100000381469727,2.2100000381469727,323.0
2026-08-05 14:57:00,PCT,,6.940000057220459,6.940000057220459,6.909999847412109,6.925000190734863,16310.0
2026-08-05 14:57:00,PCTY,,146.2899932861328,146.2899932861328,146.19000244140625,146.19000244140625,1608.0
2026-08-05 14:57:00,PCYO,,10.569999694824219,10.569999694824219,10.569999694824219,10.569999694824219,694.0
2026-08-05 14:57:00,PDD,,90.68000030517578,90.69000244140625,90.68000030517578,90.69000244140625,1596.0
2026-08-05 14:57:00,PDFS,,50.04999923706055,50.04999923706055,50.0099983215332,50.0099983215332,2513.0
2026-08-05 14:57:00,PDSB,,0.7150999903678894,0.7150999903678894,0.7150999903678894,0.7150999903678894,435.0
2026-08-05 14:57:00,PEGA,,31.834999084472656,31.84000015258789,31.80500030517578,31.80500030517578,5662.0
2026-08-05 14:57:00,PENN,,19.68000030517578,19.684999465942383,19.68000030517578,19.684999465942383,3433.0
2026-08-05 14:57:00,PEP,,138.4949951171875,138.5500030517578,138.48049926757812,138.5500030517578,4377.0
2026-08-05 14:57:00,PEPG,,1.965000033378601,1.965000033378601,1.965000033378601,1.965000033378601,532.0
2026-08-05 14:57:00,PERI,,9.585000038146973,9.585000038146973,9.585000038146973,9.585000038146973,851.0
2026-08-05 14:57:00,PESI,,17.829999923706055,17.829999923706055,17.809999465942383,17.809999465942383,3919.0
2026-08-05 14:57:00,PFG,,114.43499755859375,114.44999694824219,114.43499755859375,114.44999694824219,3219.0
2026-08-05 14:57:00,PGEN,,6.880000114440918,6.889999866485596,6.880000114440918,6.889999866485596,5872.0
2026-08-05 14:57:00,PGNY,,31.670000076293945,31.670000076293945,31.670000076293945,31.670000076293945,1721.0
2026-08-05 14:57:00,PGY,,21.719999313354492,21.719999313354492,21.719999313354492,21.719999313354492,1433.0
2026-08-05 14:57:00,PHAT,,8.369999885559082,8.369999885559082,8.369999885559082,8.369999885559082,1422.0
2026-08-05 14:57:00,PHVS,,33.529998779296875,33.529998779296875,33.505001068115234,33.529998779296875,1513.0
2026-08-05 14:57:00,PLAB,,32.04999923706055,32.04999923706055,32.04999923706055,32.04999923706055,691.0
2026-08-05 14:57:00,PLBY,,1.1399999856948853,1.1549999713897705,1.1399999856948853,1.1549999713897705,10746.0
2026-08-05 14:57:00,PLPC,,471.6300048828125,471.6300048828125,471.6300048828125,471.6300048828125,867.0
2026-08-05 14:57:00,PLSE,,37.51499938964844,37.51499938964844,37.51499938964844,37.51499938964844,366.0
2026-08-05 14:57:00,PLTK,,3.884999990463257,3.884999990463257,3.884999990463257,3.884999990463257,304.0
2026-08-05 14:57:00,PLUG,,2.075000047683716,2.0799999237060547,2.069999933242798,2.0799999237060547,10814.0
2026-08-05 14:57:00,PLXS,,276.6449890136719,276.6449890136719,276.57000732421875,276.57000732421875,3435.0
2026-08-05 14:57:00,PNFP,,107.8949966430664,107.8949966430664,107.8949966430664,107.8949966430664,512.0
2026-08-05 14:57:00,PNTG,,38.77510070800781,38.79999923706055,38.77510070800781,38.79999923706055,948.0
2026-08-05 14:57:00,PODC,,3.4986000061035156,3.4986000061035156,3.4986000061035156,3.4986000061035156,825.0
2026-08-05 14:57:00,POET,,8.220000267028809,8.225000381469727,8.210000038146973,8.210000038146973,7321.0
2026-08-05 14:57:00,POWI,,61.775001525878906,61.775001525878906,61.77000045776367,61.77000045776367,1370.0
2026-08-05 14:57:00,POWL,,210.8000030517578,210.91000366210938,210.72999572753906,210.72999572753906,4052.0
2026-08-05 14:57:00,PPTA,,22.510000228881836,22.510000228881836,22.510000228881836,22.510000228881836,711.0
2026-08-05 14:57:00,PRAX,,318.5050048828125,318.5050048828125,318.5050048828125,318.5050048828125,61.0
2026-08-05 14:57:00,PRCH,,15.770000457763672,15.770000457763672,15.770000457763672,15.770000457763672,774.0
2026-08-05 14:57:00,PRCT,,19.049999237060547,19.049999237060547,19.020000457763672,19.030000686645508,3881.0
2026-08-05 14:57:00,PRDO,,32.779998779296875,32.779998779296875,32.779998779296875,32.779998779296875,620.0
2026-08-05 14:57:00,PRFX,,1.1150000095367432,1.1150000095367432,1.1150000095367432,1.1150000095367432,860.0
2026-08-05 14:57:00,PRIM,,84.69999694824219,84.72000122070312,84.62999725341797,84.6500015258789,2541.0
2026-08-05 14:57:00,PRLD,,4.570000171661377,4.570000171661377,4.570000171661377,4.570000171661377,1151.0
2026-08-05 14:57:00,PRME,,3.049999952316284,3.049999952316284,3.049999952316284,3.049999952316284,1322.0
2026-08-05 14:57:00,PRQR,,1.975000023841858,1.975000023841858,1.975000023841858,1.975000023841858,5665.0
2026-08-05 14:57:00,PRTA,,8.46500015258789,8.46500015258789,8.46500015258789,8.46500015258789,528.0
2026-08-05 14:57:00,PRVA,,24.18000030517578,24.18000030517578,24.18000030517578,24.18000030517578,3116.0
2026-08-05 14:57:00,PRZO,,0.5591999888420105,0.5591999888420105,0.5591999888420105,0.5591999888420105,0.0
2026-08-05 14:57:00,PSEC,,2.174999952316284,2.174999952316284,2.1700000762939453,2.1700000762939453,12053.0
2026-08-05 14:57:00,PSMT,,187.30999755859375,187.30999755859375,187.30999755859375,187.30999755859375,706.0
2026-08-05 14:57:00,PTEN,,9.78499984741211,9.78499984741211,9.779999732971191,9.779999732971191,7206.0
2026-08-05 14:57:00,PTGX,,136.0850067138672,136.0850067138672,136.0850067138672,136.0850067138672,741.0
2026-08-05 14:57:00,PTON,,6.485000133514404,6.485000133514404,6.485000133514404,6.485000133514404,1439.0
2026-08-05 14:57:00,PUBM,,13.529999732971191,13.529999732971191,13.529999732971191,13.529999732971191,398.0
2026-08-05 14:57:00,PWP,,17.459999084472656,17.459999084472656,17.440000534057617,17.450000762939453,1853.0
2026-08-05 14:57:00,PYPL,,58.150001525878906,58.154998779296875,58.13999938964844,58.154998779296875,7837.0
2026-08-05 14:57:00,PYXS,,3.0999999046325684,3.1050000190734863,3.0999999046325684,3.1050000190734863,372.0
2026-08-05 14:57:00,PZZA,,29.68000030517578,29.68000030517578,29.68000030517578,29.68000030517578,6393.0
2026-08-05 14:57:00,QCOM,,157.92999267578125,157.92999267578125,157.7899932861328,157.7899932861328,10411.0
2026-08-05 14:57:00,QRVO,,95.14900207519531,95.14900207519531,95.14900207519531,95.14900207519531,596.0
2026-08-05 14:57:00,SEED,,1.0499999523162842,1.0499999523162842,1.0403000116348267,1.0499999523162842,1186.0
2026-08-05 14:57:00,TARA,,3.984999895095825,3.990000009536743,3.984999895095825,3.990000009536743,261.0
2026-08-05 14:57:00,WOOF,,2.934999942779541,2.934999942779541,2.930000066757202,2.930000066757202,2801.0
2026-08-05 14:58:00,ACDC,,4.480000019073486,4.494999885559082,4.480000019073486,4.485000133514404,9933.0
2026-08-05 14:58:00,CNXN,,86.1500015258789,86.16000366210938,86.13999938964844,86.13999938964844,1226.0
2026-08-05 14:58:00,EYE,,22.954999923706055,22.96500015258789,22.954999923706055,22.96500015258789,1963.0
2026-08-05 14:58:00,FIZZ,,32.25,32.25,32.22999954223633,32.22999954223633,909.0
2026-08-05 14:58:00,FRST,,16.530000686645508,16.530000686645508,16.530000686645508,16.530000686645508,1987.0
2026-08-05 14:58:00,GLUE,,15.460000038146973,15.460000038146973,15.460000038146973,15.460000038146973,3155.0
2026-08-05 14:58:00,KITT,,1.01010000705719,1.01010000705719,1.01010000705719,1.01010000705719,388.0
2026-08-05 14:58:00,KTTA,,0.4447000026702881,0.4447000026702881,0.4447000026702881,0.4447000026702881,17100.0
2026-08-05 14:58:00,MDB,,375.82000732421875,376.0899963378906,375.82000732421875,375.9599914550781,1770.0
2026-08-05 14:58:00,MDLZ,,62.540000915527344,62.54499816894531,62.529998779296875,62.540000915527344,12006.0
2026-08-05 14:58:00,MLTX,,17.56999969482422,17.56999969482422,17.56999969482422,17.56999969482422,265.0
2026-08-05 14:58:00,MNST,,94.7300033569336,94.7300033569336,94.7300033569336,94.7300033569336,820.0
2026-08-05 14:58:00,MNTK,,1.6749999523162842,1.679900050163269,1.6749999523162842,1.679900050163269,679.0
2026-08-05 14:58:00,MNTS,,4.260000228881836,4.260000228881836,4.259799957275391,4.259799957275391,3637.0
2026-08-05 14:58:00,MODD,,2.0350000858306885,2.0350000858306885,2.0350000858306885,2.0350000858306885,742.0
2026-08-05 14:58:00,MPWR,,1337.27001953125,1338.0150146484375,1337.27001953125,1338.0,582.0
2026-08-05 14:58:00,MRNA,,56.43000030517578,56.43000030517578,56.43000030517578,56.43000030517578,4906.0
2026-08-05 14:58:00,MYGN,,3.121000051498413,3.134999990463257,3.121000051498413,3.134999990463257,4978.0
2026-08-05 14:58:00,NAUT,,0.9375,0.9381999969482422,0.9375,0.9381999969482422,3224.0
2026-08-05 14:58:00,NB,,5.074999809265137,5.085000038146973,5.074999809265137,5.085000038146973,3340.0
2026-08-05 14:58:00,NBIX,,162.69000244140625,162.82000732421875,162.69000244140625,162.82000732421875,1143.0
2026-08-05 14:58:00,NCNA,,1.309999942779541,1.309999942779541,1.3079999685287476,1.3079999685287476,11869.0
2026-08-05 14:58:00,NDAQ,,94.69000244140625,94.75,94.69000244140625,94.75,1033.0
2026-08-05 14:58:00,NDSN,,310.7200012207031,310.7200012207031,310.7099914550781,310.7099914550781,187.0
2026-08-05 14:58:00,NEO,,15.914999961853027,15.914999961853027,15.90999984741211,15.90999984741211,1391.0
2026-08-05 14:58:00,NEOG,,11.595000267028809,11.600000381469727,11.59000015258789,11.595000267028809,2306.0
2026-08-05 14:58:00,NEOV,,2.809999942779541,2.809999942779541,2.809999942779541,2.809999942779541,1762.0
2026-08-05 14:58:00,NESR,,28.610000610351562,28.610000610351562,28.600000381469727,28.600000381469727,2336.0
2026-08-05 14:58:00,NEWT,,15.100000381469727,15.100000381469727,15.09000015258789,15.09000015258789,530.0
2026-08-05 14:58:00,NEXT,,6.465000152587891,6.46999979019165,6.454999923706055,6.454999923706055,20406.0
2026-08-05 14:58:00,NFLX,,73.44999694824219,73.4552001953125,73.39140319824219,73.42500305175781,43406.0
2026-08-05 14:58:00,NGNE,,35.529998779296875,35.529998779296875,35.529998779296875,35.529998779296875,319.0
2026-08-05 14:58:00,NICE,,99.44000244140625,99.44499969482422,99.44000244140625,99.44499969482422,1878.0
2026-08-05 14:58:00,NIU,,2.4549999237060547,2.4549999237060547,2.4549999237060547,2.4549999237060547,207.0
2026-08-05 14:58:00,NKTR,,72.51000213623047,72.51000213623047,72.51000213623047,72.51000213623047,177.0
2026-08-05 14:58:00,NKTX,,2.200000047683716,2.2100000381469727,2.200000047683716,2.2100000381469727,997.0
2026-08-05 14:58:00,NMFC,,7.339900016784668,7.339900016784668,7.339900016784668,7.339900016784668,618.0
2026-08-05 14:58:00,NMFCZ,,25.114999771118164,25.114999771118164,25.11009979248047,25.11009979248047,18.0
2026-08-05 14:58:00,NMRA,,1.6050000190734863,1.6050000190734863,1.6050000190734863,1.6050000190734863,118.0
2026-08-05 14:58:00,NMRK,,15.704999923706055,15.704999923706055,15.699999809265137,15.699999809265137,2441.0
2026-08-05 14:58:00,NN,,14.640000343322754,14.680000305175781,14.614999771118164,14.619999885559082,28094.0
2026-08-05 14:58:00,NNBR,,3.7799999713897705,3.7850000858306885,3.7799999713897705,3.7799999713897705,4712.0
2026-08-05 14:58:00,NNDM,,1.5549999475479126,1.5549999475479126,1.5549999475479126,1.5549999475479126,634.0
2026-08-05 14:58:00,NNOX,,1.0049999952316284,1.0049999952316284,1.0049999952316284,1.0049999952316284,1807.0
2026-08-05 14:58:00,NOVT,,155.23500061035156,155.23500061035156,155.23500061035156,155.23500061035156,386.0
2026-08-05 14:58:00,NRC,,19.579999923706055,19.579999923706055,19.579999923706055,19.579999923706055,358.0
2026-08-05 14:58:00,NRIX,,24.8700008392334,24.8799991607666,24.8700008392334,24.8799991607666,1481.0
2026-08-05 14:58:00,NSSC,,40.3849983215332,40.3849983215332,40.3849983215332,40.3849983215332,208.0
2026-08-05 14:58:00,NTAP,,190.18499755859375,190.19000244140625,190.13999938964844,190.13999938964844,1482.0
2026-08-05 14:58:00,NTCT,,41.8849983215332,41.8849983215332,41.8849983215332,41.8849983215332,613.0
2026-08-05 14:58:00,NTNX,,61.220001220703125,61.26499938964844,61.209999084472656,61.2599983215332,5161.0
2026-08-05 14:58:00,NTRA,,273.0,273.0,273.0,273.0,1692.0
2026-08-05 14:58:00,NTRS,,184.6750030517578,184.75,184.6699981689453,184.75,1707.0
2026-08-05 14:58:00,NUTX,,157.97999572753906,158.1199951171875,157.97999572753906,158.1199951171875,762.0
2026-08-05 14:58:00,NUWE,,1.690000057220459,1.690000057220459,1.690000057220459,1.690000057220459,1196.0
2026-08-05 14:58:00,NVAX,,7.574999809265137,7.574999809265137,7.574999809265137,7.574999809265137,1592.0
2026-08-05 14:58:00,NVCR,,16.049999237060547,16.049999237060547,16.040000915527344,16.040000915527344,3963.0
2026-08-05 14:58:00,NVDA,,221.7100067138672,221.75,221.6199951171875,221.6300048828125,221603.0
2026-08-05 14:58:00,NVMI,,405.3949890136719,405.57000732421875,405.3949890136719,405.5299987792969,633.0
2026-08-05 14:58:00,NVTS,,12.341400146484375,12.354999542236328,12.341400146484375,12.350000381469727,10403.0
2026-08-05 14:58:00,NVX,,0.40049999952316284,0.40059998631477356,0.40049999952316284,0.40059998631477356,448.0
2026-08-05 14:58:00,NWBI,,15.954999923706055,15.954999923706055,15.954999923706055,15.954999923706055,332.0
2026-08-05 14:58:00,NWE,,69.08999633789062,69.08999633789062,69.08999633789062,69.08999633789062,542.0
2026-08-05 14:58:00,NWL,,6.204999923706055,6.204999923706055,6.199999809265137,6.199999809265137,10944.0
2026-08-05 14:58:00,NWPX,,127.4000015258789,127.4000015258789,127.36499786376953,127.36499786376953,1502.0
2026-08-05 14:58:00,NWS,,32.334999084472656,32.345001220703125,32.334999084472656,32.345001220703125,1055.0
2026-08-05 14:58:00,NWSA,,28.315000534057617,28.31999969482422,28.309999465942383,28.31999969482422,6130.0
2026-08-05 14:58:00,NXPI,,231.02000427246094,231.07000732421875,231.02000427246094,231.07000732421875,1669.0
2026-08-05 14:58:00,NXST,,189.60499572753906,189.60499572753906,189.60499572753906,189.60499572753906,820.0
2026-08-05 14:58:00,NXT,,99.05999755859375,99.08499908447266,99.04000091552734,99.05000305175781,2590.0
2026-08-05 14:58:00,OBIO,,4.199999809265137,4.210000038146973,4.199999809265137,4.210000038146973,1543.0
2026-08-05 14:58:00,OCC,,15.84000015258789,15.84000015258789,15.84000015258789,15.84000015258789,1161.0
2026-08-05 14:58:00,OCSL,,12.024999618530273,12.024999618530273,12.024999618530273,12.024999618530273,165.0
2026-08-05 14:58:00,OCUL,,8.550000190734863,8.5600004196167,8.550000190734863,8.5600004196167,4563.0
2026-08-05 14:58:00,ODFL,,214.42999267578125,214.49000549316406,214.3800048828125,214.3800048828125,2479.0
2026-08-05 14:58:00,OFIX,,10.720000267028809,10.729999542236328,10.694999694824219,10.694999694824219,2057.0
2026-08-05 14:58:00,OFLX,,30.485000610351562,30.485000610351562,30.485000610351562,30.485000610351562,374.0
2026-08-05 14:58:00,OKTA,,148.22999572753906,148.22999572753906,148.1699981689453,148.22500610351562,1800.0
2026-08-05 14:58:00,OLLI,,77.87000274658203,77.88999938964844,77.87000274658203,77.88999938964844,2843.0
2026-08-05 14:58:00,OLMA,,11.510000228881836,11.510000228881836,11.510000228881836,11.510000228881836,684.0
2026-08-05 14:58:00,OMCL,,37.16999816894531,37.2400016784668,37.15999984741211,37.2400016784668,3899.0
2026-08-05 14:58:00,OMER,,12.734999656677246,12.75,12.734999656677246,12.75,2741.0
2026-08-05 14:58:00,OMEX,,0.7490000128746033,0.7490000128746033,0.7445999979972839,0.7445999979972839,960.0
2026-08-05 14:58:00,OMH,,0.11500000208616257,0.11500000208616257,0.11500000208616257,0.11500000208616257,0.0
2026-08-05 14:58:00,ON,,77.5,77.55000305175781,77.44999694824219,77.55000305175781,19616.0
2026-08-05 14:58:00,ONCY,,0.7971000075340271,0.7971000075340271,0.7971000075340271,0.7971000075340271,111.0
2026-08-05 14:58:00,ONDS,,8.774999618530273,8.779999732971191,8.760199546813965,8.774999618530273,233925.0
2026-08-05 14:58:00,ONFO,,0.07500000298023224,0.07500000298023224,0.07450000196695328,0.0746999979019165,130102.0
2026-08-05 14:58:00,OPCH,,23.510000228881836,23.514999389648438,23.5049991607666,23.510000228881836,2251.0
2026-08-05 14:58:00,OPEN,,3.744999885559082,3.759999990463257,3.740000009536743,3.759999990463257,167009.0
2026-08-05 14:58:00,OPHC,,8.670000076293945,8.680000305175781,8.670000076293945,8.680000305175781,315.0
2026-08-05 14:58:00,OPK,,1.315000057220459,1.315000057220459,1.315000057220459,1.315000057220459,1010.0
2026-08-05 14:58:00,OPRT,,6.059999942779541,6.079999923706055,6.059999942779541,6.070000171661377,5827.0
2026-08-05 14:58:00,ORIC,,12.854999542236328,12.869999885559082,12.84000015258789,12.869999885559082,2398.0
2026-08-05 14:58:00,ORLY,,92.73999786376953,92.75,92.7249984741211,92.7249984741211,5835.0
2026-08-05 14:58:00,ORMP,,4.385000228881836,4.385000228881836,4.385000228881836,4.385000228881836,200.0
2026-08-05 14:58:00,OSIS,,236.5500030517578,236.5500030517578,236.5500030517578,236.5500030517578,169.0
2026-08-05 14:58:00,OSPN,,16.670000076293945,16.670000076293945,16.670000076293945,16.670000076293945,361.0
2026-08-05 14:58:00,OSUR,,4.114999771118164,4.114999771118164,4.114999771118164,4.114999771118164,273.0
2026-08-05 14:58:00,OTEX,,25.799999237060547,25.799999237060547,25.799999237060547,25.799999237060547,685.0
2026-08-05 14:58:00,OTLK,,1.0199999809265137,1.0199999809265137,1.0149999856948853,1.0199999809265137,3395.0
2026-08-05 14:58:00,OTLY,,14.319999694824219,14.319999694824219,14.319999694824219,14.319999694824219,221.0
2026-08-05 14:58:00,OTTR,,92.12000274658203,92.12000274658203,92.12000274658203,92.12000274658203,1130.0
2026-08-05 14:58:00,OVID,,2.575000047683716,2.575000047683716,2.575000047683716,2.575000047683716,1132.0
2026-08-05 14:58:00,OVLY,,33.45000076293945,33.45000076293945,33.45000076293945,33.45000076293945,361.0
2026-08-05 14:58:00,OXLC,,9.140000343322754,9.140000343322754,9.140000343322754,9.140000343322754,350.0
2026-08-05 14:58:00,OXSQ,,1.5089999437332153,1.5089999437332153,1.5089999437332153,1.5089999437332153,2376.0
2026-08-05 14:58:00,PAA,,23.21500015258789,23.21500015258789,23.21500015258789,23.21500015258789,1079.0
2026-08-05 14:58:00,PAAS,,48.079898834228516,48.09000015258789,48.060001373291016,48.08000183105469,5259.0
2026-08-05 14:58:00,PACB,,1.3049999475479126,1.3049999475479126,1.3000999689102173,1.3049999475479126,3044.0
2026-08-05 14:58:00,PALI,,2.109100103378296,2.109999895095825,2.1050000190734863,2.1050000190734863,4728.0
2026-08-05 14:58:00,PANW,,365.6400146484375,365.69000244140625,365.560791015625,365.69000244140625,8787.0
2026-08-05 14:58:00,PAVS,,4.96999979019165,4.96999979019165,4.96999979019165,4.96999979019165,321.0
2026-08-05 14:58:00,PAX,,11.385000228881836,11.385000228881836,11.385000228881836,11.385000228881836,409.0
2026-08-05 14:58:00,PAYO,,7.125,7.125,7.125,7.125,944.0
2026-08-05 14:58:00,PAYX,,117.8290023803711,117.88500213623047,117.8290023803711,117.88500213623047,4624.0
2026-08-05 14:58:00,PCAR,,133.91000366210938,133.92999267578125,133.91000366210938,133.9199981689453,2550.0
2026-08-05 14:58:00,PCRX,,25.209999084472656,25.209999084472656,25.165000915527344,25.165000915527344,2179.0
2026-08-05 14:58:00,PCT,,6.938000202178955,6.940000057220459,6.934999942779541,6.934999942779541,2196.0
2026-08-05 14:58:00,PCTY,,146.06500244140625,146.06500244140625,146.06500244140625,146.06500244140625,603.0
2026-08-05 14:58:00,PDD,,90.63999938964844,90.69000244140625,90.61000061035156,90.69000244140625,10674.0
2026-08-05 14:58:00,PEGA,,31.844999313354492,31.844999313354492,31.834999084472656,31.834999084472656,2418.0
2026-08-05 14:58:00,PENN,,19.684999465942383,19.690000534057617,19.68000030517578,19.684999465942383,9566.0
2026-08-05 14:58:00,PEP,,138.48500061035156,138.49000549316406,138.47999572753906,138.49000549316406,5365.0
2026-08-05 14:58:00,PESI,,17.799999237060547,17.799999237060547,17.799999237060547,17.799999237060547,305.0
2026-08-05 14:58:00,PFG,,114.42500305175781,114.42500305175781,114.42500305175781,114.42500305175781,483.0
2026-08-05 14:58:00,PGEN,,6.889999866485596,6.889999866485596,6.880000114440918,6.885000228881836,7139.0
2026-08-05 14:58:00,PGY,,21.700000762939453,21.709999084472656,21.690000534057617,21.709999084472656,5134.0
2026-08-05 14:58:00,PHAT,,8.380000114440918,8.380000114440918,8.364999771118164,8.364999771118164,1884.0
2026-08-05 14:58:00,PLAB,,32.040000915527344,32.04999923706055,32.040000915527344,32.04999923706055,571.0
2026-08-05 14:58:00,PLMR,,134.02999877929688,134.02999877929688,134.02999877929688,134.02999877929688,632.0
2026-08-05 14:58:00,PLSE,,37.51499938964844,37.51499938964844,37.51499938964844,37.51499938964844,308.0
2026-08-05 14:58:00,PLTK,,3.884999990463257,3.884999990463257,3.884999990463257,3.884999990463257,615.0
2026-08-05 14:58:00,PLUG,,2.0799999237060547,2.0799999237060547,2.069999933242798,2.0799999237060547,15988.0
2026-08-05 14:58:00,PNFP,,107.9000015258789,107.9000015258789,107.9000015258789,107.9000015258789,1429.0
2026-08-05 14:58:00,POET,,8.220000267028809,8.220000267028809,8.21500015258789,8.220000267028809,14618.0
2026-08-05 14:58:00,PPBT,,1.493399977684021,1.493399977684021,1.493399977684021,1.493399977684021,1717.0
2026-08-05 14:58:00,PPTA,,22.5,22.514999389648438,22.5,22.514999389648438,4285.0
2026-08-05 14:58:00,PRAA,,17.295000076293945,17.299999237060547,17.290000915527344,17.290000915527344,3852.0
2026-08-05 14:58:00,PRAX,,318.5050048828125,318.5050048828125,318.5050048828125,318.5050048828125,177.0
2026-08-05 14:58:00,PRCH,,15.770000457763672,15.770000457763672,15.770000457763672,15.770000457763672,592.0
2026-08-05 14:58:00,PRCT,,19.149999618530273,19.174999237060547,19.06999969482422,19.06999969482422,12421.0
2026-08-05 14:58:00,PRDO,,32.77000045776367,32.77000045776367,32.77000045776367,32.77000045776367,240.0
2026-08-05 14:58:00,PRGS,,42.327301025390625,42.380001068115234,42.327301025390625,42.380001068115234,1204.0
2026-08-05 14:58:00,PRIM,,84.74500274658203,84.7699966430664,84.74500274658203,84.7699966430664,963.0
2026-08-05 14:58:00,PRME,,3.0499000549316406,3.0499000549316406,3.0499000549316406,3.0499000549316406,1572.0
2026-08-05 14:58:00,PRQR,,1.975000023841858,1.975000023841858,1.975000023841858,1.975000023841858,4240.0
2026-08-05 14:58:00,PRTA,,8.46500015258789,8.46500015258789,8.46500015258789,8.46500015258789,505.0
2026-08-05 14:58:00,PRVA,,24.170000076293945,24.170000076293945,24.170000076293945,24.170000076293945,493.0
2026-08-05 14:58:00,PSEC,,2.1700000762939453,2.174999952316284,2.1700000762939453,2.174999952316284,54991.0
2026-08-05 14:58:00,PSMT,,186.5,186.83999633789062,186.5,186.83999633789062,2373.0
2026-08-05 14:58:00,PSNL,,13.515000343322754,13.529999732971191,13.515000343322754,13.529999732971191,1204.0
2026-08-05 14:58:00,PSNY,,14.140000343322754,14.140000343322754,14.140000343322754,14.140000343322754,124.0
2026-08-05 14:58:00,PTC,,139.9499969482422,140.02000427246094,139.9499969482422,140.02000427246094,3594.0
2026-08-05 14:58:00,PTCT,,69.12999725341797,69.12999725341797,69.0999984741211,69.12999725341797,1199.0
2026-08-05 14:58:00,PTEN,,9.78499984741211,9.788999557495117,9.779999732971191,9.78499984741211,5833.0
2026-08-05 14:58:00,PTLO,,4.599999904632568,4.599999904632568,4.599999904632568,4.599999904632568,1683.0
2026-08-05 14:58:00,PTON,,6.485000133514404,6.489999771118164,6.480000019073486,6.489999771118164,4573.0
2026-08-05 14:58:00,PUBM,,13.529999732971191,13.529999732971191,13.529999732971191,13.529999732971191,1011.0
2026-08-05 14:58:00,PWP,,17.440000534057617,17.450000762939453,17.440000534057617,17.450000762939453,544.0
2026-08-05 14:58:00,PYPL,,58.13999938964844,58.154998779296875,58.13999938964844,58.154998779296875,5046.0
2026-08-05 14:58:00,PYXS,,3.119999885559082,3.119999885559082,3.109999895095825,3.109999895095825,5207.0
2026-08-05 14:58:00,PZZA,,29.674999237060547,29.674999237060547,29.674999237060547,29.674999237060547,496.0
2026-08-05 14:58:00,QCOM,,157.89999389648438,157.92999267578125,157.86099243164062,157.92999267578125,14600.0
2026-08-05 14:58:00,QRVO,,95.1500015258789,95.1500015258789,95.11499786376953,95.1500015258789,1357.0
2026-08-05 14:58:00,SEED,,1.0499999523162842,1.0499999523162842,1.0499999523162842,1.0499999523162842,605.0
2026-08-05 14:58:00,TARA,,3.984999895095825,3.990000009536743,3.984999895095825,3.990000009536743,303.0
2026-08-05 14:59:00,ACDC,,4.474999904632568,4.474999904632568,4.474999904632568,4.474999904632568,1701.0
2026-08-05 14:59:00,CNXN,,86.26000213623047,86.26000213623047,86.26000213623047,86.26000213623047,394.0
2026-08-05 14:59:00,EYE,,22.940000534057617,22.950000762939453,22.940000534057617,22.950000762939453,1406.0
2026-08-05 14:59:00,FIZZ,,32.22999954223633,32.22999954223633,32.22999954223633,32.22999954223633,796.0
2026-08-05 14:59:00,GLUE,,15.464099884033203,15.46500015258789,15.464099884033203,15.46500015258789,6106.0
2026-08-05 14:59:00,KIDS,,21.690000534057617,21.690000534057617,21.684999465942383,21.684999465942383,410.0
2026-08-05 14:59:00,KTTA,,0.4499000012874603,0.45350000262260437,0.444599986076355,0.45350000262260437,1132.0
2026-08-05 14:59:00,MDB,,375.7049865722656,375.8599853515625,375.5799865722656,375.8399963378906,1174.0
2026-08-05 14:59:00,MDLZ,,62.52750015258789,62.540000915527344,62.51499938964844,62.540000915527344,9033.0
2026-08-05 14:59:00,MLTX,,17.56999969482422,17.56999969482422,17.56999969482422,17.56999969482422,716.0
2026-08-05 14:59:00,MNRO,,13.104999542236328,13.114999771118164,13.104999542236328,13.114999771118164,3685.0
2026-08-05 14:59:00,MNST,,94.72000122070312,94.7300033569336,94.72000122070312,94.7300033569336,2693.0
2026-08-05 14:59:00,MNTS,,4.259200096130371,4.260000228881836,4.255000114440918,4.260000228881836,952.0
2026-08-05 14:59:00,MORN,,197.91000366210938,197.91000366210938,197.91000366210938,197.91000366210938,915.0
2026-08-05 14:59:00,MPWR,,1337.989990234375,1337.9949951171875,1337.27001953125,1337.9949951171875,239.0
2026-08-05 14:59:00,MRNA,,56.33000183105469,56.415000915527344,56.33000183105469,56.415000915527344,13659.0
2026-08-05 14:59:00,MYGN,,3.109999895095825,3.125,3.1050000190734863,3.125,5447.0
2026-08-05 14:59:00,NAMS,,27.25,27.25,27.25,27.25,183.0
2026-08-05 14:59:00,NAVI,,9.095000267028809,9.100000381469727,9.095000267028809,9.100000381469727,2903.0
2026-08-05 14:59:00,NB,,5.079899787902832,5.079899787902832,5.074999809265137,5.074999809265137,2417.0
2026-08-05 14:59:00,NBIX,,162.66000366210938,162.83999633789062,162.66000366210938,162.74000549316406,2232.0
2026-08-05 14:59:00,NBN,,134.63999938964844,134.63999938964844,134.63999938964844,134.63999938964844,222.0
2026-08-05 14:59:00,NBTB,,53.349998474121094,53.349998474121094,53.349998474121094,53.349998474121094,367.0
2026-08-05 14:59:00,NDAQ,,94.70999908447266,94.70999908447266,94.68000030517578,94.68000030517578,3013.0
2026-08-05 14:59:00,NDSN,,310.70001220703125,310.70001220703125,310.6199951171875,310.6199951171875,470.0
2026-08-05 14:59:00,NEGG,,17.239999771118164,17.239999771118164,17.239999771118164,17.239999771118164,160.0
2026-08-05 14:59:00,NEO,,15.885000228881836,15.90999984741211,15.880000114440918,15.90999984741211,7598.0
2026-08-05 14:59:00,NEOG,,11.59000015258789,11.59000015258789,11.59000015258789,11.59000015258789,1514.0
2026-08-05 14:59:00,NEWT,,15.0600004196167,15.09000015258789,15.0600004196167,15.085000038146973,3862.0
2026-08-05 14:59:00,NEXT,,6.454999923706055,6.460000038146973,6.454999923706055,6.460000038146973,3512.0
2026-08-05 14:59:00,NFLX,,73.41000366210938,73.45999908447266,73.41000366210938,73.44999694824219,37690.0
2026-08-05 14:59:00,NGNE,,35.619998931884766,35.619998931884766,35.619998931884766,35.619998931884766,587.0
2026-08-05 14:59:00,NICE,,99.45999908447266,99.5199966430664,99.45999908447266,99.5199966430664,1017.0
2026-08-05 14:59:00,NIU,,2.4509999752044678,2.4509999752044678,2.4509999752044678,2.4509999752044678,200.0
2026-08-05 14:59:00,NKTR,,72.55000305175781,72.55000305175781,72.54000091552734,72.54000091552734,1091.0
2026-08-05 14:59:00,NKTX,,2.200000047683716,2.200000047683716,2.200000047683716,2.200000047683716,353.0
2026-08-05 14:59:00,NMFC,,7.329999923706055,7.329999923706055,7.329999923706055,7.329999923706055,482.0
2026-08-05 14:59:00,NMIH,,44.599998474121094,44.619998931884766,44.59000015258789,44.61000061035156,3964.0
2026-08-05 14:59:00,NMRK,,15.699999809265137,15.699999809265137,15.694999694824219,15.699999809265137,2822.0
2026-08-05 14:59:00,NN,,14.635000228881836,14.645000457763672,14.630000114440918,14.630000114440918,7466.0
2026-08-05 14:59:00,NNBR,,3.7799999713897705,3.7799999713897705,3.7799999713897705,3.7799999713897705,1055.0
2026-08-05 14:59:00,NNDM,,1.5549999475479126,1.5549999475479126,1.5499999523162842,1.5549999475479126,2049.0
2026-08-05 14:59:00,NNOX,,1.0049999952316284,1.0049999952316284,1.0049999952316284,1.0049999952316284,359.0
2026-08-05 14:59:00,NOVT,,155.25999450683594,155.25999450683594,155.25999450683594,155.25999450683594,888.0
2026-08-05 14:59:00,NRDS,,9.0600004196167,9.0649995803833,9.0600004196167,9.0600004196167,3148.0
2026-08-05 14:59:00,NRIX,,24.860000610351562,24.860000610351562,24.860000610351562,24.860000610351562,976.0
2026-08-05 14:59:00,NSSC,,40.3849983215332,40.3849983215332,40.3849983215332,40.3849983215332,2098.0
2026-08-05 14:59:00,NTAP,,190.06500244140625,190.18499755859375,190.00999450683594,190.18499755859375,4585.0
2026-08-05 14:59:00,NTCT,,41.85499954223633,41.86000061035156,41.849998474121094,41.86000061035156,992.0
2026-08-05 14:59:00,NTES,,127.4800033569336,127.4800033569336,127.4800033569336,127.4800033569336,1449.0
2026-08-05 14:59:00,NTGR,,24.350000381469727,24.350000381469727,24.350000381469727,24.350000381469727,1845.0
2026-08-05 14:59:00,NTNX,,61.220001220703125,61.22999954223633,61.18000030517578,61.209999084472656,8191.0
2026-08-05 14:59:00,NTRB,,2.799999952316284,2.809999942779541,2.799999952316284,2.809999942779541,1466.0
2026-08-05 14:59:00,NTRS,,184.6750030517578,184.6750030517578,184.6750030517578,184.6750030517578,1650.0
2026-08-05 14:59:00,NUTX,,157.85000610351562,157.85000610351562,157.85000610351562,157.85000610351562,383.0
2026-08-05 14:59:00,NUWE,,1.6891000270843506,1.6901999711990356,1.6891000270843506,1.690000057220459,7708.0
2026-08-05 14:59:00,NVAX,,7.565000057220459,7.574999809265137,7.565000057220459,7.574999809265137,6353.0
2026-08-05 14:59:00,NVCR,,16.040000915527344,16.06999969482422,16.040000915527344,16.059999465942383,30351.0
2026-08-05 14:59:00,NVCT,,19.59000015258789,19.59000015258789,19.59000015258789,19.59000015258789,518.0
2026-08-05 14:59:00,NVDA,,221.72999572753906,221.75999450683594,221.69000244140625,221.72000122070312,175080.0
2026-08-05 14:59:00,NVEC,,128.66000366210938,128.66000366210938,128.66000366210938,128.66000366210938,139.0
2026-08-05 14:59:00,NVMI,,405.739990234375,405.739990234375,405.3949890136719,405.3949890136719,395.0
2026-08-05 14:59:00,NVTS,,12.329999923706055,12.349900245666504,12.329999923706055,12.345000267028809,8599.0
2026-08-05 14:59:00,NWBI,,15.954999923706055,15.960000038146973,15.954999923706055,15.960000038146973,1092.0
2026-08-05 14:59:00,NWL,,6.204999923706055,6.210000038146973,6.199999809265137,6.199999809265137,12127.0
2026-08-05 14:59:00,NWPX,,127.12999725341797,127.12999725341797,127.12999725341797,127.12999725341797,634.0
2026-08-05 14:59:00,NWS,,32.33000183105469,32.334999084472656,32.32500076293945,32.334999084472656,2061.0
2026-08-05 14:59:00,NWSA,,28.30500030517578,28.315000534057617,28.30500030517578,28.315000534057617,4222.0
2026-08-05 14:59:00,NXPI,,230.97999572753906,231.07000732421875,230.97999572753906,231.07000732421875,4874.0
2026-08-05 14:59:00,NXST,,189.6750030517578,189.6750030517578,189.5399932861328,189.5399932861328,1744.0
2026-08-05 14:59:00,NXT,,99.13999938964844,99.16000366210938,99.01000213623047,99.02999877929688,3299.0
2026-08-05 14:59:00,OABI,,2.0799999237060547,2.0799999237060547,2.0799999237060547,2.0799999237060547,114.0
2026-08-05 14:59:00,OBIO,,4.204999923706055,4.204999923706055,4.190000057220459,4.195000171661377,7292.0
2026-08-05 14:59:00,OCCI,,2.4749999046325684,2.4749999046325684,2.4749999046325684,2.4749999046325684,446.0
2026-08-05 14:59:00,OCFC,,19.915000915527344,19.915000915527344,19.915000915527344,19.915000915527344,720.0
2026-08-05 14:59:00,OCGN,,1.284999966621399,1.284999966621399,1.2799999713897705,1.284999966621399,6715.0
2026-08-05 14:59:00,OCS,,12.0,12.029999732971191,12.0,12.029999732971191,707.0
2026-08-05 14:59:00,OCSL,,12.020000457763672,12.024999618530273,12.020000457763672,12.024999618530273,799.0
2026-08-05 14:59:00,OCUL,,8.545000076293945,8.550000190734863,8.545000076293945,8.550000190734863,868.0
2026-08-05 14:59:00,ODD,,15.220000267028809,15.220000267028809,15.210000038146973,15.210000038146973,584.0
2026-08-05 14:59:00,OESX,,14.610099792480469,14.610099792480469,14.610099792480469,14.610099792480469,450.0
2026-08-05 14:59:00,OFIX,,10.680000305175781,10.699999809265137,10.680000305175781,10.699999809265137,1969.0
2026-08-05 14:59:00,OKTA,,148.14999389648438,148.22999572753906,148.13999938964844,148.22999572753906,2063.0
2026-08-05 14:59:00,OLLI,,77.83999633789062,77.8499984741211,77.83999633789062,77.8499984741211,3100.0
2026-08-05 14:59:00,OLMA,,11.510000228881836,11.510000228881836,11.510000228881836,11.510000228881836,1335.0
2026-08-05 14:59:00,OM,,5.130000114440918,5.130000114440918,5.130000114440918,5.130000114440918,384.0
2026-08-05 14:59:00,OMCL,,37.15999984741211,37.16999816894531,37.15999984741211,37.16999816894531,1916.0
2026-08-05 14:59:00,OMER,,12.729999542236328,12.734199523925781,12.729999542236328,12.734199523925781,2026.0
2026-08-05 14:59:00,OMH,,0.1143999993801117,0.11509999632835388,0.1143999993801117,0.11469999700784683,7152.0
2026-08-05 14:59:00,ON,,77.41999816894531,77.4800033569336,77.41999816894531,77.4800033569336,22608.0
2026-08-05 14:59:00,ONB,,27.024999618530273,27.038299560546875,27.024999618530273,27.030000686645508,13036.0
2026-08-05 14:59:00,ONDS,,8.741800308227539,8.774999618530273,8.740099906921387,8.774999618530273,422313.0
2026-08-05 14:59:00,ONFO,,0.07609999924898148,0.07609999924898148,0.07519999891519547,0.07530000060796738,11967.0
2026-08-05 14:59:00,ONMD,,0.6504999995231628,0.650600016117096,0.6363999843597412,0.6363999843597412,6400.0
2026-08-05 14:59:00,OPAL,,2.369999885559082,2.369999885559082,2.369999885559082,2.369999885559082,1197.0
2026-08-05 14:59:00,OPCH,,23.520000457763672,23.520000457763672,23.514999389648438,23.514999389648438,1853.0
2026-08-05 14:59:00,OPEN,,3.7200000286102295,3.75,3.7200000286102295,3.740000009536743,452801.0
2026-08-05 14:59:00,OPK,,1.309999942779541,1.309999942779541,1.309999942779541,1.309999942779541,1219.0
2026-08-05 14:59:00,OPRT,,6.039999961853027,6.054999828338623,6.039999961853027,6.054999828338623,1871.0
2026-08-05 14:59:00,ORIC,,12.850000381469727,12.895000457763672,12.850000381469727,12.869999885559082,5458.0
2026-08-05 14:59:00,ORLY,,92.72000122070312,92.75,92.70999908447266,92.73500061035156,6146.0
2026-08-05 14:59:00,ORMP,,4.400000095367432,4.400000095367432,4.400000095367432,4.400000095367432,152.0
2026-08-05 14:59:00,OSIS,,236.6699981689453,236.6999969482422,236.61000061035156,236.6999969482422,345.0
2026-08-05 14:59:00,OSPN,,16.639999389648438,16.670000076293945,16.639999389648438,16.670000076293945,8461.0
2026-08-05 14:59:00,OSS,,13.595000267028809,13.600000381469727,13.595000267028809,13.595000267028809,3335.0
2026-08-05 14:59:00,OSUR,,4.114999771118164,4.114999771118164,4.114999771118164,4.114999771118164,426.0
2026-08-05 14:59:00,OSW,,26.5,26.5,26.485000610351562,26.485000610351562,4785.0
2026-08-05 14:59:00,OTEX,,25.790000915527344,25.795000076293945,25.790000915527344,25.795000076293945,3691.0
2026-08-05 14:59:00,OTLK,,1.0199999809265137,1.0199999809265137,1.0149999856948853,1.0199999809265137,1149.0
2026-08-05 14:59:00,OTLY,,14.243499755859375,14.243499755859375,14.243499755859375,14.243499755859375,669.0
2026-08-05 14:59:00,OTTR,,91.94010162353516,92.19000244140625,91.94010162353516,92.13999938964844,2655.0
2026-08-05 14:59:00,OXLC,,9.145000457763672,9.145000457763672,9.145000457763672,9.145000457763672,1187.0
2026-08-05 14:59:00,OXSQ,,1.5,1.5049999952316284,1.5,1.5049999952316284,1619.0
2026-08-05 14:59:00,PAA,,23.21500015258789,23.21500015258789,23.21500015258789,23.21500015258789,1401.0
2026-08-05 14:59:00,PAAS,,48.06999969482422,48.08000183105469,48.060001373291016,48.060001373291016,4194.0
2026-08-05 14:59:00,PACB,,1.3049999475479126,1.3049999475479126,1.3049999475479126,1.3049999475479126,111056.0
2026-08-05 14:59:00,PAHC,,35.77000045776367,35.77000045776367,35.77000045776367,35.77000045776367,230.0
2026-08-05 14:59:00,PALI,,2.109999895095825,2.109999895095825,2.1050000190734863,2.109999895095825,2369.0
2026-08-05 14:59:00,PANW,,365.135009765625,365.760009765625,365.135009765625,365.6449890136719,17006.0
2026-08-05 14:59:00,PAX,,11.385000228881836,11.385000228881836,11.385000228881836,11.385000228881836,1110.0
2026-08-05 14:59:00,PAYO,,7.125,7.125,7.119999885559082,7.119999885559082,2476.0
2026-08-05 14:59:00,PAYX,,117.75499725341797,117.81999969482422,117.75499725341797,117.81999969482422,3082.0
2026-08-05 14:59:00,PCAR,,133.8699951171875,133.90499877929688,133.8699951171875,133.89999389648438,1474.0
2026-08-05 14:59:00,PCRX,,25.190000534057617,25.219999313354492,25.190000534057617,25.21500015258789,2916.0
2026-08-05 14:59:00,PCT,,6.920000076293945,6.934999942779541,6.920000076293945,6.934999942779541,4580.0
2026-08-05 14:59:00,PCTY,,146.05999755859375,146.1699981689453,146.05999755859375,146.07000732421875,646.0
2026-08-05 14:59:00,PDD,,90.66999816894531,90.69000244140625,90.6500015258789,90.6500015258789,5715.0
2026-08-05 14:59:00,PDFS,,50.07500076293945,50.07500076293945,50.07500076293945,50.07500076293945,302.0
2026-08-05 14:59:00,PECO,,41.375,41.380001068115234,41.36000061035156,41.36000061035156,5042.0
2026-08-05 14:59:00,PEGA,,31.809999465942383,31.834999084472656,31.809999465942383,31.834999084472656,1901.0
2026-08-05 14:59:00,PENN,,19.674999237060547,19.68000030517578,19.674999237060547,19.68000030517578,2868.0
2026-08-05 14:59:00,PEP,,138.4250030517578,138.47999572753906,138.4250030517578,138.47999572753906,3759.0
2026-08-05 14:59:00,PEPG,,1.965000033378601,1.965000033378601,1.965000033378601,1.965000033378601,523.0
2026-08-05 14:59:00,PERI,,9.579999923706055,9.585000038146973,9.579999923706055,9.579999923706055,1399.0
2026-08-05 14:59:00,PESI,,17.78499984741211,17.78499984741211,17.78499984741211,17.78499984741211,843.0
2026-08-05 14:59:00,PFG,,114.4000015258789,114.41999816894531,114.4000015258789,114.41999816894531,2216.0
2026-08-05 14:59:00,PGC,,46.70000076293945,46.70000076293945,46.70000076293945,46.70000076293945,677.0
2026-08-05 14:59:00,PGEN,,6.889999866485596,6.894999980926514,6.880000114440918,6.889999866485596,27905.0
2026-08-05 14:59:00,PGNY,,31.65999984741211,31.65999984741211,31.65999984741211,31.65999984741211,1937.0
2026-08-05 14:59:00,PGY,,21.700000762939453,21.700000762939453,21.700000762939453,21.700000762939453,521.0
2026-08-05 14:59:00,PHAT,,8.375,8.375,8.364999771118164,8.369999885559082,3944.0
2026-08-05 14:59:00,PHVS,,33.54999923706055,33.54999923706055,33.540000915527344,33.54999923706055,2093.0
2026-08-05 14:59:00,PLAB,,32.029998779296875,32.05500030517578,32.029998779296875,32.05500030517578,2007.0
2026-08-05 14:59:00,PLMR,,134.5500030517578,134.5500030517578,134.35000610351562,134.35000610351562,887.0
2026-08-05 14:59:00,PLSE,,37.56999969482422,37.56999969482422,37.51499938964844,37.51499938964844,450.0
2026-08-05 14:59:00,PLTK,,3.884999990463257,3.889899969100952,3.884999990463257,3.884999990463257,9489.0
2026-08-05 14:59:00,PLUG,,2.075000047683716,2.0799999237060547,2.069999933242798,2.072700023651123,41969.0
2026-08-05 14:59:00,PLUR,,1.6699999570846558,1.6699999570846558,1.6699999570846558,1.6699999570846558,329.0
2026-08-05 14:59:00,PNFP,,107.86000061035156,107.9000015258789,107.83999633789062,107.9000015258789,1740.0
2026-08-05 14:59:00,PNTG,,38.810001373291016,38.810001373291016,38.810001373291016,38.810001373291016,677.0
2026-08-05 14:59:00,POET,,8.204999923706055,8.220000267028809,8.204999923706055,8.21500015258789,8908.0
2026-08-05 14:59:00,POWI,,61.849998474121094,61.849998474121094,61.779998779296875,61.779998779296875,2634.0
2026-08-05 14:59:00,POWL,,210.76499938964844,210.8000030517578,210.58999633789062,210.66000366210938,4467.0
2026-08-05 14:59:00,PPC,,26.450000762939453,26.450000762939453,26.420000076293945,26.420000076293945,4675.0
2026-08-05 14:59:00,PPTA,,22.510000228881836,22.510000228881836,22.5,22.510000228881836,944.0
2026-08-05 14:59:00,PRAX,,318.30999755859375,318.5050048828125,317.86248779296875,318.5050048828125,866.0
2026-08-05 14:59:00,PRCH,,15.770000457763672,15.770000457763672,15.770000457763672,15.770000457763672,1973.0
2026-08-05 14:59:00,PRCT,,19.149999618530273,19.149999618530273,19.1200008392334,19.149999618530273,7497.0
2026-08-05 14:59:00,PRDO,,32.75,32.7599983215332,32.744998931884766,32.7599983215332,1034.0
2026-08-05 14:59:00,PRGS,,42.31999969482422,42.31999969482422,42.31999969482422,42.31999969482422,972.0
2026-08-05 14:59:00,PRIM,,84.7699966430664,84.83000183105469,84.70999908447266,84.75499725341797,5035.0
2026-08-05 14:59:00,PRTA,,8.46500015258789,8.46500015258789,8.46500015258789,8.46500015258789,400.0
2026-08-05 14:59:00,PRVA,,24.149999618530273,24.170000076293945,24.149999618530273,24.170000076293945,1631.0
2026-08-05 14:59:00,PSEC,,2.1700000762939453,2.180000066757202,2.1700000762939453,2.174999952316284,75655.0
2026-08-05 14:59:00,PSMT,,186.85000610351562,186.85000610351562,186.52999877929688,186.52999877929688,3958.0
2026-08-05 14:59:00,PSNL,,13.510000228881836,13.520000457763672,13.510000228881836,13.510000228881836,2848.0
2026-08-05 14:59:00,PSNY,,14.130000114440918,14.130000114440918,14.119999885559082,14.130000114440918,301.0
2026-08-05 14:59:00,PTC,,139.9600067138672,140.02000427246094,139.9600067138672,140.02000427246094,1118.0
2026-08-05 14:59:00,PTCT,,69.08499908447266,69.08499908447266,69.06999969482422,69.08499908447266,7124.0
2026-08-05 14:59:00,PTEN,,9.78499984741211,9.789999961853027,9.78499984741211,9.78499984741211,3166.0
2026-08-05 14:59:00,PTGX,,136.03500366210938,136.03500366210938,135.9600067138672,135.9600067138672,1310.0
2026-08-05 14:59:00,PTON,,6.480000019073486,6.489999771118164,6.480000019073486,6.489999771118164,8729.0
2026-08-05 14:59:00,PUBM,,13.520000457763672,13.520000457763672,13.510000228881836,13.510000228881836,1530.0
2026-08-05 14:59:00,PWP,,17.40999984741211,17.459999084472656,17.40999984741211,17.459999084472656,4445.0
2026-08-05 14:59:00,PYPL,,58.119998931884766,58.1349983215332,58.119998931884766,58.130001068115234,7736.0
2026-08-05 14:59:00,PYXS,,3.125,3.125,3.125,3.125,1215.0
2026-08-05 14:59:00,PZZA,,29.7549991607666,29.780000686645508,29.649999618530273,29.65999984741211,8018.0
2026-08-05 14:59:00,QCOM,,157.8300018310547,157.89999389648438,157.80499267578125,157.88999938964844,14151.0
2026-08-05 14:59:00,QFIN,,13.154999732971191,13.154999732971191,13.154999732971191,13.154999732971191,640.0
2026-08-05 14:59:00,QRVO,,95.08499908447266,95.1500015258789,95.05999755859375,95.1500015258789,1239.0
2026-08-05 14:59:00,SEED,,1.0499999523162842,1.0499999523162842,1.0499999523162842,1.0499999523162842,862.0
2026-08-05 14:59:00,TARA,,3.984999895095825,3.984999895095825,3.984999895095825,3.984999895095825,328.0
2026-08-05 14:59:00,WOOF,,2.930000066757202,2.934999942779541,2.930000066757202,2.934999942779541,653.0
2026-08-05 15:00:00,ACDC,,4.489999771118164,4.494999885559082,4.480000019073486,4.480000019073486,12748.0
2026-08-05 15:00:00,BPOP,,176.82000732421875,176.83999633789062,176.82000732421875,176.83999633789062,1056.0
2026-08-05 15:00:00,CNXN,,86.27999877929688,86.27999877929688,86.27999877929688,86.27999877929688,499.0
2026-08-05 15:00:00,EYE,,22.940000534057617,22.959999084472656,22.934999465942383,22.939899444580078,8661.0
2026-08-05 15:00:00,FIZZ,,32.209999084472656,32.209999084472656,32.209999084472656,32.209999084472656,1561.0
2026-08-05 15:00:00,GLUE,,15.460000038146973,15.465100288391113,15.449999809265137,15.449999809265137,3720.0
2026-08-05 15:00:00,MDB,,375.92999267578125,375.92999267578125,375.7049865722656,375.7049865722656,2332.0
2026-08-05 15:00:00,MDLZ,,62.4900016784668,62.52000045776367,62.47999954223633,62.52000045776367,12089.0
2026-08-05 15:00:00,MLTX,,17.579500198364258,17.579500198364258,17.560199737548828,17.560199737548828,1337.0
2026-08-05 15:00:00,MNRO,,13.100000381469727,13.100000381469727,13.100000381469727,13.100000381469727,212.0
2026-08-05 15:00:00,MNST,,94.67500305175781,94.72000122070312,94.66999816894531,94.72000122070312,6855.0
2026-08-05 15:00:00,MNTS,,4.269999980926514,4.269999980926514,4.260000228881836,4.260000228881836,862.0
2026-08-05 15:00:00,MPWR,,1341.0699462890625,1341.22998046875,1337.27001953125,1337.989990234375,1805.0
2026-08-05 15:00:00,MRNA,,56.290000915527344,56.33000183105469,56.2400016784668,56.310001373291016,17438.0
2026-08-05 15:00:00,MYGN,,3.115000009536743,3.115000009536743,3.115000009536743,3.115000009536743,374.0
2026-08-05 15:00:00,MYRG,,340.4100036621094,340.4100036621094,339.8399963378906,340.0,2213.0
2026-08-05 15:00:00,MYSZ,,0.37310001254081726,0.37310001254081726,0.37310001254081726,0.37310001254081726,963.0
2026-08-05 15:00:00,NAMS,,27.246700286865234,27.25,27.246700286865234,27.25,909.0
2026-08-05 15:00:00,NB,,5.078999996185303,5.078999996185303,5.074999809265137,5.074999809265137,3728.0
2026-08-05 15:00:00,NBIX,,162.63499450683594,162.66000366210938,162.61000061035156,162.64999389648438,3781.0
2026-08-05 15:00:00,NBTB,,53.369998931884766,53.369998931884766,53.3650016784668,53.3650016784668,800.0
2026-08-05 15:00:00,NCMI,,4.099999904632568,4.099999904632568,4.099999904632568,4.099999904632568,1527.0
2026-08-05 15:00:00,NCRA,,1.7999999523162842,1.7999999523162842,1.7999999523162842,1.7999999523162842,268.0
2026-08-05 15:00:00,NDAQ,,94.70999908447266,94.75,94.69280242919922,94.70999908447266,8521.0
2026-08-05 15:00:00,NDSN,,310.4100036621094,310.5,310.3900146484375,310.5,676.0
2026-08-05 15:00:00,NECB,,27.34000015258789,27.34000015258789,27.34000015258789,27.34000015258789,570.0
2026-08-05 15:00:00,NEGG,,17.450000762939453,17.450000762939453,17.260000228881836,17.260000228881836,1404.0
2026-08-05 15:00:00,NEO,,15.885000228881836,15.90999984741211,15.885000228881836,15.885000228881836,9764.0
2026-08-05 15:00:00,NESR,,28.639999389648438,28.639999389648438,28.6200008392334,28.6200008392334,2722.0
2026-08-05 15:00:00,NEWT,,15.109999656677246,15.109999656677246,15.109999656677246,15.109999656677246,309.0
2026-08-05 15:00:00,NEXT,,6.460000038146973,6.460000038146973,6.454999923706055,6.454999923706055,2014.0
2026-08-05 15:00:00,NFE,,0.33799999952316284,0.33799999952316284,0.33799999952316284,0.33799999952316284,508.0
2026-08-05 15:00:00,NFLX,,73.4000015258789,73.4000015258789,73.3499984741211,73.4000015258789,52641.0
2026-08-05 15:00:00,NICE,,99.62000274658203,99.62000274658203,99.54000091552734,99.54000091552734,951.0
2026-08-05 15:00:00,NIU,,2.4549999237060547,2.4549999237060547,2.4549999237060547,2.4549999237060547,121.0
2026-08-05 15:00:00,NKTX,,2.200000047683716,2.2049999237060547,2.200000047683716,2.2049999237060547,613.0
2026-08-05 15:00:00,NMFC,,7.330100059509277,7.330100059509277,7.330100059509277,7.330100059509277,1827.0
2026-08-05 15:00:00,NMRK,,15.699999809265137,15.704999923706055,15.699999809265137,15.704999923706055,536.0
2026-08-05 15:00:00,NN,,14.670000076293945,14.670000076293945,14.640000343322754,14.640000343322754,4358.0
2026-08-05 15:00:00,NNBR,,3.7899999618530273,3.7899999618530273,3.7850000858306885,3.7899999618530273,1782.0
2026-08-05 15:00:00,NNDM,,1.5549999475479126,1.5549999475479126,1.5549999475479126,1.5549999475479126,1015.0
2026-08-05 15:00:00,NNOX,,1.0099999904632568,1.0099999904632568,1.0099999904632568,1.0099999904632568,289.0
2026-08-05 15:00:00,NPCE,,13.770000457763672,13.770000457763672,13.770000457763672,13.770000457763672,1275.0
2026-08-05 15:00:00,NRIX,,24.829999923706055,24.850000381469727,24.829999923706055,24.850000381469727,993.0
2026-08-05 15:00:00,NRXP,,3.055000066757202,3.055000066757202,3.055000066757202,3.055000066757202,737.0
2026-08-05 15:00:00,NTAP,,190.25,190.25,190.00999450683594,190.02000427246094,4287.0
2026-08-05 15:00:00,NTCT,,41.89500045776367,41.89500045776367,41.89500045776367,41.89500045776367,493.0
2026-08-05 15:00:00,NTES,,127.50499725341797,127.54000091552734,127.48999786376953,127.48999786376953,2200.0
2026-08-05 15:00:00,NTNX,,61.25,61.25,61.20000076293945,61.20000076293945,3452.0
2026-08-05 15:00:00,NTRA,,273.0249938964844,273.1600036621094,272.67010498046875,272.67010498046875,1565.0
2026-08-05 15:00:00,NUTX,,157.39999389648438,157.5399932861328,157.39999389648438,157.5399932861328,1152.0
2026-08-05 15:00:00,NVAX,,7.574999809265137,7.574999809265137,7.559999942779541,7.565000057220459,12871.0
2026-08-05 15:00:00,NVCR,,16.045000076293945,16.045000076293945,16.045000076293945,16.045000076293945,840.0
2026-08-05 15:00:00,NVDA,,221.91639709472656,221.94000244140625,221.6822052001953,221.74000549316406,1524887.0
2026-08-05 15:00:00,NVEC,,128.66000366210938,128.66000366210938,128.66000366210938,128.66000366210938,224.0
2026-08-05 15:00:00,NVMI,,405.95001220703125,406.625,405.7099914550781,405.7099914550781,1713.0
2026-08-05 15:00:00,NVNI,,1.1050000190734863,1.1050000190734863,1.1050000190734863,1.1050000190734863,275.0
2026-08-05 15:00:00,NVTS,,12.385000228881836,12.390000343322754,12.335000038146973,12.335000038146973,13048.0
2026-08-05 15:00:00,NWBI,,15.944999694824219,15.954999923706055,15.944999694824219,15.954999923706055,4066.0
2026-08-05 15:00:00,NWL,,6.190000057220459,6.210000038146973,6.190000057220459,6.199999809265137,70301.0
2026-08-05 15:00:00,NWS,,32.31999969482422,32.33000183105469,32.31999969482422,32.33000183105469,3335.0
2026-08-05 15:00:00,NWSA,,28.28499984741211,28.30500030517578,28.28499984741211,28.299999237060547,11333.0
2026-08-05 15:00:00,NXPI,,231.35499572753906,231.35499572753906,231.00999450683594,231.00999450683594,9262.0
2026-08-05 15:00:00,NXST,,189.97500610351562,190.25999450683594,189.6750030517578,189.6750030517578,6606.0
2026-08-05 15:00:00,NXT,,99.44000244140625,99.45999908447266,99.16000366210938,99.16999816894531,9222.0
2026-08-05 15:00:00,OABI,,2.0799999237060547,2.0799999237060547,2.0799999237060547,2.0799999237060547,3667.0
2026-08-05 15:00:00,OBIO,,4.204999923706055,4.204999923706055,4.204999923706055,4.204999923706055,175.0
2026-08-05 15:00:00,OCFC,,19.90999984741211,19.90999984741211,19.90999984741211,19.90999984741211,1501.0
2026-08-05 15:00:00,OCGN,,1.284999966621399,1.284999966621399,1.2799999713897705,1.2799999713897705,998.0
2026-08-05 15:00:00,OCS,,12.0,12.0,12.0,12.0,824.0
2026-08-05 15:00:00,OCSL,,12.020000457763672,12.020000457763672,12.020000457763672,12.020000457763672,1357.0
2026-08-05 15:00:00,OCUL,,8.5600004196167,8.5600004196167,8.539999961853027,8.539999961853027,4975.0
2026-08-05 15:00:00,ODD,,15.210000038146973,15.210000038146973,15.210000038146973,15.210000038146973,540.0
2026-08-05 15:00:00,ODFL,,214.44000244140625,214.44000244140625,214.43499755859375,214.43499755859375,1146.0
2026-08-05 15:00:00,OESX,,14.609999656677246,14.720000267028809,14.609999656677246,14.720000267028809,407.0
2026-08-05 15:00:00,OFIX,,10.65999984741211,10.670000076293945,10.65999984741211,10.670000076293945,1069.0
2026-08-05 15:00:00,OKTA,,148.24000549316406,148.24000549316406,148.1199951171875,148.1199951171875,2841.0
2026-08-05 15:00:00,OLLI,,77.94999694824219,77.94999694824219,77.83499908447266,77.83499908447266,5428.0
2026-08-05 15:00:00,OM,,5.144999980926514,5.144999980926514,5.119999885559082,5.119999885559082,2922.0
2026-08-05 15:00:00,OMCL,,37.15999984741211,37.15999984741211,37.15999984741211,37.15999984741211,296.0
2026-08-05 15:00:00,OMER,,12.739999771118164,12.739999771118164,12.734999656677246,12.734999656677246,1029.0
2026-08-05 15:00:00,OMH,,0.11559999734163284,0.11559999734163284,0.1143999993801117,0.11500000208616257,11434.0
2026-08-05 15:00:00,ON,,77.55000305175781,77.58000183105469,77.4000015258789,77.41500091552734,27724.0
2026-08-05 15:00:00,ONB,,27.011600494384766,27.024999618530273,27.010000228881836,27.020000457763672,17588.0
2026-08-05 15:00:00,ONCY,,0.7929999828338623,0.7971000075340271,0.792900025844574,0.7971000075340271,1652.0
2026-08-05 15:00:00,ONDS,,8.760100364685059,8.772000312805176,8.739999771118164,8.739999771118164,340261.0
2026-08-05 15:00:00,ONFO,,0.07569999992847443,0.07609999924898148,0.07530000060796738,0.07530000060796738,20052.0
2026-08-05 15:00:00,ONMD,,0.650600016117096,0.650600016117096,0.650600016117096,0.650600016117096,0.0
2026-08-05 15:00:00,OPCH,,23.510000228881836,23.524999618530273,23.5049991607666,23.520000457763672,4963.0
2026-08-05 15:00:00,OPEN,,3.734999895095825,3.73799991607666,3.7200000286102295,3.7200000286102295,200205.0
2026-08-05 15:00:00,OPRA,,19.875,19.875,19.875,19.875,620.0
2026-08-05 15:00:00,OPRT,,6.039999961853027,6.039999961853027,6.039999961853027,6.039999961853027,310.0
2026-08-05 15:00:00,OPRX,,6.949999809265137,6.949999809265137,6.909999847412109,6.909999847412109,10562.0
2026-08-05 15:00:00,ORGO,,2.3399999141693115,2.3399999141693115,2.3350000381469727,2.3399999141693115,8699.0
2026-08-05 15:00:00,ORIC,,12.880000114440918,12.880000114440918,12.854999542236328,12.854999542236328,3573.0
2026-08-05 15:00:00,ORLY,,92.69000244140625,92.72000122070312,92.63999938964844,92.72000122070312,15801.0
2026-08-05 15:00:00,OSBC,,25.78499984741211,25.790000915527344,25.78499984741211,25.78499984741211,1314.0
2026-08-05 15:00:00,OSIS,,236.6300048828125,236.6300048828125,236.61000061035156,236.61000061035156,509.0
2026-08-05 15:00:00,OSPN,,16.639999389648438,16.645000457763672,16.639999389648438,16.645000457763672,620.0
2026-08-05 15:00:00,OSS,,13.640000343322754,13.640000343322754,13.630000114440918,13.630000114440918,863.0
2026-08-05 15:00:00,OSW,,26.510000228881836,26.510000228881836,26.510000228881836,26.510000228881836,1108.0
2026-08-05 15:00:00,OTEX,,25.795000076293945,25.795000076293945,25.790000915527344,25.795000076293945,1629.0
2026-08-05 15:00:00,OTLK,,1.0199999809265137,1.0199999809265137,1.0149999856948853,1.0149999856948853,3317.0
2026-08-05 15:00:00,OTTR,,92.25,92.25499725341797,92.19000244140625,92.19000244140625,1936.0
2026-08-05 15:00:00,OXLC,,9.145000457763672,9.145000457763672,9.140000343322754,9.140000343322754,1052.0
2026-08-05 15:00:00,PAA,,23.21500015258789,23.21500015258789,23.21500015258789,23.21500015258789,9012.0
2026-08-05 15:00:00,PAAS,,48.130001068115234,48.150001525878906,48.05099868774414,48.060001373291016,11330.0
2026-08-05 15:00:00,PACB,,1.3049999475479126,1.3049999475479126,1.2999999523162842,1.2999999523162842,2491.0
2026-08-05 15:00:00,PAHC,,35.77000045776367,35.77000045776367,35.77000045776367,35.77000045776367,298.0
2026-08-05 15:00:00,PALI,,2.109999895095825,2.109999895095825,2.1050000190734863,2.1050000190734863,1847.0
2026-08-05 15:00:00,PANW,,365.2099914550781,365.3399963378906,365.010009765625,365.18499755859375,9966.0
2026-08-05 15:00:00,PATK,,87.86499786376953,87.86499786376953,87.86499786376953,87.86499786376953,507.0
2026-08-05 15:00:00,PAX,,11.385000228881836,11.385000228881836,11.385000228881836,11.385000228881836,905.0
2026-08-05 15:00:00,PAYO,,7.119999885559082,7.125,7.119999885559082,7.119999885559082,1157.0
2026-08-05 15:00:00,PAYS,,9.130000114440918,9.130000114440918,9.125,9.130000114440918,1949.0
2026-08-05 15:00:00,PAYX,,117.66000366210938,117.74500274658203,117.66000366210938,117.73999786376953,3325.0
2026-08-05 15:00:00,PBYI,,8.010000228881836,8.010000228881836,8.010000228881836,8.010000228881836,222.0
2026-08-05 15:00:00,PCAR,,133.8300018310547,133.88499450683594,133.8300018310547,133.8699951171875,6213.0
2026-08-05 15:00:00,PCRX,,25.094999313354492,25.190000534057617,25.094999313354492,25.190000534057617,3138.0
2026-08-05 15:00:00,PCT,,6.945000171661377,6.949999809265137,6.925000190734863,6.929999828338623,32089.0
2026-08-05 15:00:00,PCTY,,145.96499633789062,146.0749969482422,145.89999389648438,146.02999877929688,8189.0
2026-08-05 15:00:00,PDD,,90.72000122070312,90.72000122070312,90.66999816894531,90.68000030517578,3154.0
2026-08-05 15:00:00,PDFS,,50.084999084472656,50.130001068115234,50.084999084472656,50.130001068115234,471.0
2026-08-05 15:00:00,PDLB,,20.459999084472656,20.469999313354492,20.459999084472656,20.469999313354492,1044.0
2026-08-05 15:00:00,PEGA,,31.829999923706055,31.84000015258789,31.809999465942383,31.809999465942383,5189.0
2026-08-05 15:00:00,PENN,,19.68000030517578,19.684999465942383,19.674999237060547,19.674999237060547,6717.0
2026-08-05 15:00:00,PEP,,138.33999633789062,138.41000366210938,138.30999755859375,138.41000366210938,8955.0
2026-08-05 15:00:00,PEPG,,1.965000033378601,1.965000033378601,1.965000033378601,1.965000033378601,570.0
2026-08-05 15:00:00,PFG,,114.4000015258789,114.4000015258789,114.4000015258789,114.4000015258789,482.0
2026-08-05 15:00:00,PGEN,,6.909999847412109,6.909999847412109,6.880000114440918,6.880000114440918,20577.0
2026-08-05 15:00:00,PGNY,,31.65999984741211,31.65999984741211,31.655000686645508,31.655000686645508,552.0
2026-08-05 15:00:00,PGY,,21.729999542236328,21.735000610351562,21.700000762939453,21.700000762939453,4320.0
2026-08-05 15:00:00,PHAT,,8.369999885559082,8.369999885559082,8.369999885559082,8.369999885559082,2091.0
2026-08-05 15:00:00,PKOH,,41.16999816894531,41.16999816894531,41.16999816894531,41.16999816894531,2122.0
2026-08-05 15:00:00,PLAB,,32.060001373291016,32.060001373291016,32.060001373291016,32.060001373291016,1242.0
2026-08-05 15:00:00,PLTK,,3.884999990463257,3.884999990463257,3.884999990463257,3.884999990463257,1443.0
2026-08-05 15:00:00,PLUG,,2.075000047683716,2.0799999237060547,2.0701000690460205,2.0799999237060547,40337.0
2026-08-05 15:00:00,PNFP,,107.87000274658203,107.87000274658203,107.86000061035156,107.86000061035156,3313.0
2026-08-05 15:00:00,PNTG,,38.80500030517578,38.810001373291016,38.80500030517578,38.810001373291016,419.0
2026-08-05 15:00:00,POET,,8.220000267028809,8.234999656677246,8.204999923706055,8.204999923706055,18423.0
2026-08-05 15:00:00,POWI,,61.875,61.875,61.849998474121094,61.849998474121094,2303.0
2026-08-05 15:00:00,POWL,,211.33999633789062,211.33999633789062,210.8000030517578,210.8000030517578,4586.0
2026-08-05 15:00:00,PPC,,26.440000534057617,26.45989990234375,26.440000534057617,26.45989990234375,7146.0
2026-08-05 15:00:00,PPTA,,22.540000915527344,22.540000915527344,22.5,22.514999389648438,4995.0
2026-08-05 15:00:00,PRAA,,17.299999237060547,17.299999237060547,17.290000915527344,17.290000915527344,1908.0
2026-08-05 15:00:00,PRCH,,15.8100004196167,15.829999923706055,15.779999732971191,15.779999732971191,4385.0
2026-08-05 15:00:00,PRCT,,19.170000076293945,19.219999313354492,19.139999389648438,19.139999389648438,8809.0
2026-08-05 15:00:00,PRE,,18.229999542236328,18.239999771118164,18.229999542236328,18.239999771118164,246.0
2026-08-05 15:00:00,PRIM,,85.04000091552734,85.04000091552734,84.75,84.75,3393.0
2026-08-05 15:00:00,PRME,,3.049999952316284,3.049999952316284,3.049999952316284,3.049999952316284,792.0
2026-08-05 15:00:00,PROK,,1.6349999904632568,1.6349999904632568,1.6349999904632568,1.6349999904632568,828.0
2026-08-05 15:00:00,PRQR,,1.9700000286102295,1.975000023841858,1.9700000286102295,1.975000023841858,6184.0
2026-08-05 15:00:00,PRVA,,24.139999389648438,24.139999389648438,24.1200008392334,24.139999389648438,2075.0
2026-08-05 15:00:00,PSEC,,2.1700000762939453,2.174999952316284,2.1700000762939453,2.174999952316284,4954.0
2026-08-05 15:00:00,PSNL,,13.520000457763672,13.520000457763672,13.520000457763672,13.520000457763672,532.0
2026-08-05 15:00:00,PSNY,,14.131400108337402,14.131400108337402,14.119999885559082,14.119999885559082,887.0
2026-08-05 15:00:00,PTC,,139.88999938964844,139.88999938964844,139.88999938964844,139.88999938964844,426.0
2026-08-05 15:00:00,PTCT,,69.08999633789062,69.16000366210938,69.08999633789062,69.12999725341797,5109.0
2026-08-05 15:00:00,PTEN,,9.789999961853027,9.795000076293945,9.779999732971191,9.779999732971191,19187.0
2026-08-05 15:00:00,PTGX,,136.06500244140625,136.07000732421875,136.03500366210938,136.07000732421875,579.0
2026-08-05 15:00:00,PTLO,,4.59499979019165,4.599999904632568,4.59499979019165,4.599999904632568,2495.0
2026-08-05 15:00:00,PTON,,6.480000019073486,6.485000133514404,6.480000019073486,6.485000133514404,1553.0
2026-08-05 15:00:00,PWP,,17.43000030517578,17.43000030517578,17.415000915527344,17.415000915527344,3828.0
2026-08-05 15:00:00,PXLW,,6.300000190734863,6.300000190734863,6.300000190734863,6.300000190734863,1281.0
2026-08-05 15:00:00,PYPD,,4.567500114440918,4.567500114440918,4.565000057220459,4.565000057220459,668.0
2026-08-05 15:00:00,PYPL,,58.11000061035156,58.1150016784668,58.099998474121094,58.11000061035156,10324.0
2026-08-05 15:00:00,PZZA,,29.739999771118164,29.75,29.739999771118164,29.739999771118164,3859.0
2026-08-05 15:00:00,QCOM,,158.00999450683594,158.05999755859375,157.77999877929688,157.8300018310547,12282.0
2026-08-05 15:00:00,QCRH,,105.33000183105469,105.33000183105469,105.33000183105469,105.33000183105469,715.0
2026-08-05 15:00:00,QFIN,,13.15999984741211,13.15999984741211,13.154999732971191,13.154999732971191,2388.0
2026-08-05 15:00:00,QQQX,,30.229999542236328,30.239999771118164,30.229999542236328,30.239999771118164,300.0
2026-08-05 15:00:00,QRVO,,95.16000366210938,95.19000244140625,95.08499908447266,95.08499908447266,5628.0
2026-08-05 15:00:00,TARA,,3.9800000190734863,3.9800000190734863,3.9800000190734863,3.9800000190734863,3975.0
2026-08-05 15:00:00,WOOF,,2.934999942779541,2.934999942779541,2.930000066757202,2.930000066757202,956.0
2026-08-05 15:01:00,ACDC,,4.480000019073486,4.485000133514404,4.474999904632568,4.485000133514404,5040.0
2026-08-05 15:01:00,BPOP,,176.85499572753906,176.85499572753906,176.85499572753906,176.85499572753906,845.0
2026-08-05 15:01:00,CASH,,89.6449966430664,89.6449966430664,89.6449966430664,89.6449966430664,269.0
2026-08-05 15:01:00,CNXN,,86.20999908447266,86.20999908447266,86.20999908447266,86.20999908447266,1561.0
2026-08-05 15:01:00,EYE,,22.9950008392334,22.9950008392334,22.96500015258789,22.96500015258789,2456.0
2026-08-05 15:01:00,GLUE,,15.489999771118164,15.489999771118164,15.460000038146973,15.460000038146973,4914.0
2026-08-05 15:01:00,MDB,,375.9200134277344,375.92999267578125,375.9200134277344,375.92999267578125,1180.0
2026-08-05 15:01:00,MDLZ,,62.48500061035156,62.505001068115234,62.48500061035156,62.5,14447.0
2026-08-05 15:01:00,MNPR,,118.45999908447266,118.45999908447266,118.45999908447266,118.45999908447266,134.0
2026-08-05 15:01:00,MNRO,,13.100000381469727,13.100000381469727,13.100000381469727,13.100000381469727,2224.0
2026-08-05 15:01:00,MNST,,94.66999816894531,94.69000244140625,94.66999816894531,94.68499755859375,4318.0
2026-08-05 15:01:00,MORN,,198.07000732421875,198.07000732421875,198.07000732421875,198.07000732421875,374.0
2026-08-05 15:01:00,MPWR,,1340.800048828125,1341.2349853515625,1338.18994140625,1341.2349853515625,822.0
2026-08-05 15:01:00,MRNA,,56.26499938964844,56.28499984741211,56.22999954223633,56.275001525878906,4447.0
2026-08-05 15:01:00,MYGN,,3.119999885559082,3.119999885559082,3.110100030899048,3.115000009536743,2289.0
2026-08-05 15:01:00,MYRG,,340.1449890136719,340.1449890136719,340.1449890136719,340.1449890136719,448.0
2026-08-05 15:01:00,NATR,,20.100000381469727,20.100000381469727,20.100000381469727,20.100000381469727,2611.0
2026-08-05 15:01:00,NB,,5.054999828338623,5.079999923706055,5.054999828338623,5.079999923706055,95297.0
2026-08-05 15:01:00,NBN,,134.33999633789062,134.33999633789062,134.33999633789062,134.33999633789062,1177.0
2026-08-05 15:01:00,NBTB,,53.345001220703125,53.345001220703125,53.345001220703125,53.345001220703125,324.0
2026-08-05 15:01:00,NCRA,,1.8016999959945679,1.8016999959945679,1.8016999959945679,1.8016999959945679,3547.0
2026-08-05 15:01:00,NDAQ,,94.70999908447266,94.70999908447266,94.70999908447266,94.70999908447266,269.0
2026-08-05 15:01:00,NDSN,,310.17999267578125,310.19000244140625,310.17999267578125,310.19000244140625,499.0
2026-08-05 15:01:00,NEGG,,17.513500213623047,17.513500213623047,17.270000457763672,17.270000457763672,2551.0
2026-08-05 15:01:00,NEO,,15.885000228881836,15.885000228881836,15.880000114440918,15.880000114440918,1794.0
2026-08-05 15:01:00,NEOG,,11.59000015258789,11.600000381469727,11.585000038146973,11.59000015258789,16172.0
2026-08-05 15:01:00,NESR,,28.639999389648438,28.649999618530273,28.626300811767578,28.649999618530273,3054.0
2026-08-05 15:01:00,NEWT,,15.085000038146973,15.085000038146973,15.085000038146973,15.085000038146973,499.0
2026-08-05 15:01:00,NEXT,,6.465000152587891,6.46999979019165,6.464300155639648,6.465000152587891,3146.0
2026-08-05 15:01:00,NFLX,,73.43000030517578,73.44619750976562,73.3949966430664,73.3949966430664,38956.0
2026-08-05 15:01:00,NICE,,99.54000091552734,99.54499816894531,99.54000091552734,99.54499816894531,2116.0
2026-08-05 15:01:00,NKTR,,72.44999694824219,72.44999694824219,72.44999694824219,72.44999694824219,456.0
2026-08-05 15:01:00,NKTX,,2.200000047683716,2.200000047683716,2.200000047683716,2.200000047683716,274.0
2026-08-05 15:01:00,NMRA,,1.6050000190734863,1.6050000190734863,1.6050000190734863,1.6050000190734863,234.0
2026-08-05 15:01:00,NMRK,,15.694999694824219,15.699999809265137,15.6899995803833,15.699999809265137,1897.0
2026-08-05 15:01:00,NN,,14.65999984741211,14.670000076293945,14.645000457763672,14.670000076293945,9747.0
2026-08-05 15:01:00,NNBR,,3.7899999618530273,3.7899999618530273,3.7850000858306885,3.7850000858306885,829.0
2026-08-05 15:01:00,NNDM,,1.5549999475479126,1.5549999475479126,1.5499999523162842,1.5499999523162842,637.0
2026-08-05 15:01:00,NNOX,,1.0049999952316284,1.0049999952316284,1.0049999952316284,1.0049999952316284,313.0
2026-08-05 15:01:00,NOVT,,155.1699981689453,155.25999450683594,155.16000366210938,155.25999450683594,1916.0
2026-08-05 15:01:00,NRIM,,27.049999237060547,27.049999237060547,27.049999237060547,27.049999237060547,299.0
2026-08-05 15:01:00,NRIX,,24.829999923706055,24.850000381469727,24.829999923706055,24.850000381469727,759.0
2026-08-05 15:01:00,NTAP,,190.25999450683594,190.27999877929688,190.05999755859375,190.25,5011.0
2026-08-05 15:01:00,NTNX,,61.22999954223633,61.27000045776367,61.22999954223633,61.255001068115234,3620.0
2026-08-05 15:01:00,NTRA,,273.0400085449219,273.0400085449219,273.0400085449219,273.0400085449219,1229.0
2026-08-05 15:01:00,NTRS,,184.67999267578125,184.67999267578125,184.67999267578125,184.67999267578125,504.0
2026-08-05 15:01:00,NUWE,,1.6887999773025513,1.6887999773025513,1.6887999773025513,1.6887999773025513,679.0
2026-08-05 15:01:00,NVAX,,7.574999809265137,7.579999923706055,7.574999809265137,7.579999923706055,1635.0
2026-08-05 15:01:00,NVCR,,16.059999465942383,16.075000762939453,16.045000076293945,16.045000076293945,4550.0
2026-08-05 15:01:00,NVDA,,222.1699981689453,222.17999267578125,221.89999389648438,221.9149932861328,1209097.0
2026-08-05 15:01:00,NVEC,,129.22999572753906,129.22999572753906,129.05999755859375,129.0800018310547,917.0
2026-08-05 15:01:00,NVMI,,406.2300109863281,406.2300109863281,405.81500244140625,405.8500061035156,424.0
2026-08-05 15:01:00,NVTS,,12.404999732971191,12.414999961853027,12.364999771118164,12.380000114440918,13454.0
2026-08-05 15:01:00,NWBI,,15.949999809265137,15.949999809265137,15.949999809265137,15.949999809265137,761.0
2026-08-05 15:01:00,NWE,,69.02999877929688,69.05000305175781,69.02999877929688,69.05000305175781,1620.0
2026-08-05 15:01:00,NWL,,6.195000171661377,6.195000171661377,6.180500030517578,6.190000057220459,24616.0
2026-08-05 15:01:00,NWS,,32.369998931884766,32.380001068115234,32.310001373291016,32.314998626708984,6785.0
2026-08-05 15:01:00,NWSA,,28.364999771118164,28.3799991607666,28.290000915527344,28.290000915527344,22017.0
2026-08-05 15:01:00,NXL,,0.3418000042438507,0.3418000042438507,0.3411000072956085,0.3411000072956085,8127.0
2026-08-05 15:01:00,NXPI,,231.5,231.5,231.18499755859375,231.2949981689453,5927.0
2026-08-05 15:01:00,NXST,,190.5399932861328,190.5399932861328,190.14500427246094,190.39999389648438,1293.0
2026-08-05 15:01:00,NXT,,99.63500213623047,99.63500213623047,99.36000061035156,99.4000015258789,7067.0
2026-08-05 15:01:00,NXTC,,5.065000057220459,5.065000057220459,5.065000057220459,5.065000057220459,532.0
2026-08-05 15:01:00,OABI,,2.075000047683716,2.075000047683716,2.075000047683716,2.075000047683716,517.0
2026-08-05 15:01:00,OCGN,,1.2800999879837036,1.2800999879837036,1.2800999879837036,1.2800999879837036,4347.0
2026-08-05 15:01:00,OCSL,,12.010000228881836,12.010000228881836,12.010000228881836,12.010000228881836,1835.0
2026-08-05 15:01:00,OCUL,,8.5600004196167,8.5600004196167,8.5600004196167,8.5600004196167,2272.0
2026-08-05 15:01:00,ODD,,15.210000038146973,15.210000038146973,15.210000038146973,15.210000038146973,947.0
2026-08-05 15:01:00,ODFL,,214.39999389648438,214.39999389648438,214.27000427246094,214.27000427246094,3342.0
2026-08-05 15:01:00,OFIX,,10.65999984741211,10.65999984741211,10.65999984741211,10.65999984741211,592.0
2026-08-05 15:01:00,OGI,,0.954200029373169,0.954200029373169,0.954200029373169,0.954200029373169,916.0
2026-08-05 15:01:00,OKTA,,148.3350067138672,148.33999633789062,148.3000030517578,148.3000030517578,3025.0
2026-08-05 15:01:00,OLLI,,77.91500091552734,77.94999694824219,77.87999725341797,77.93000030517578,1997.0
2026-08-05 15:01:00,OLMA,,11.510000228881836,11.520000457763672,11.510000228881836,11.520000457763672,3068.0
2026-08-05 15:01:00,OMCL,,37.189998626708984,37.189998626708984,37.189998626708984,37.189998626708984,260.0
2026-08-05 15:01:00,OMER,,12.739999771118164,12.739999771118164,12.739999771118164,12.739999771118164,428.0
2026-08-05 15:01:00,OMH,,0.1152999997138977,0.1152999997138977,0.1152999997138977,0.1152999997138977,2241.0
2026-08-05 15:01:00,ON,,77.58999633789062,77.58999633789062,77.37999725341797,77.52999877929688,30616.0
2026-08-05 15:01:00,ONB,,27.014999389648438,27.020000457763672,27.0049991607666,27.010000228881836,10668.0
2026-08-05 15:01:00,ONCY,,0.792900025844574,0.7960000038146973,0.792900025844574,0.7960000038146973,1439.0
2026-08-05 15:01:00,ONDS,,8.76990032196045,8.76990032196045,8.739999771118164,8.760000228881836,318045.0
2026-08-05 15:01:00,ONFO,,0.07569999992847443,0.07569999992847443,0.07569999992847443,0.07569999992847443,621.0
2026-08-05 15:01:00,OPCH,,23.5049991607666,23.5049991607666,23.5049991607666,23.5049991607666,917.0
2026-08-05 15:01:00,OPEN,,3.740000009536743,3.740000009536743,3.7300000190734863,3.734999895095825,278045.0
2026-08-05 15:01:00,OPHC,,8.670000076293945,8.670000076293945,8.670000076293945,8.670000076293945,100.0
2026-08-05 15:01:00,OPK,,1.309999942779541,1.309999942779541,1.309999942779541,1.309999942779541,1573.0
2026-08-05 15:01:00,OPRT,,6.03000020980835,6.03000020980835,6.03000020980835,6.03000020980835,660.0
2026-08-05 15:01:00,ORIC,,12.859999656677246,12.869999885559082,12.84000015258789,12.869999885559082,4408.0
2026-08-05 15:01:00,ORLY,,92.73999786376953,92.73999786376953,92.69499969482422,92.69999694824219,9484.0
2026-08-05 15:01:00,OSPN,,16.610000610351562,16.6299991607666,16.610000610351562,16.6299991607666,955.0
2026-08-05 15:01:00,OSS,,13.569999694824219,13.619999885559082,13.530099868774414,13.619999885559082,5674.0
2026-08-05 15:01:00,OTEX,,25.809999465942383,25.809999465942383,25.795000076293945,25.795000076293945,1534.0
2026-08-05 15:01:00,OTLK,,1.0199999809265137,1.0199999809265137,1.0149999856948853,1.0199999809265137,20798.0
2026-08-05 15:01:00,OVID,,2.575000047683716,2.575000047683716,2.575000047683716,2.575000047683716,1319.0
2026-08-05 15:01:00,PAA,,23.21500015258789,23.21500015258789,23.21500015258789,23.21500015258789,2979.0
2026-08-05 15:01:00,PAAS,,48.185001373291016,48.185001373291016,48.10499954223633,48.125,8373.0
2026-08-05 15:01:00,PACB,,1.3049999475479126,1.309499979019165,1.2999999523162842,1.2999999523162842,17888.0
2026-08-05 15:01:00,PAGP,,25.174999237060547,25.18000030517578,25.174999237060547,25.18000030517578,1695.0
2026-08-05 15:01:00,PALI,,2.109999895095825,2.109999895095825,2.109999895095825,2.109999895095825,1514.0
2026-08-05 15:01:00,PANL,,7.269999980926514,7.269999980926514,7.269999980926514,7.269999980926514,646.0
2026-08-05 15:01:00,PANW,,364.9049987792969,365.19500732421875,364.8800048828125,365.1650085449219,21720.0
2026-08-05 15:01:00,PAX,,11.395000457763672,11.395000457763672,11.375,11.380000114440918,8340.0
2026-08-05 15:01:00,PAYO,,7.125,7.125,7.120100021362305,7.125,1896.0
2026-08-05 15:01:00,PAYS,,9.130000114440918,9.130000114440918,9.119999885559082,9.119999885559082,2406.0
2026-08-05 15:01:00,PAYX,,117.66000366210938,117.70999908447266,117.66000366210938,117.66999816894531,3254.0
2026-08-05 15:01:00,PBYI,,8.020000457763672,8.020000457763672,8.0,8.0,4588.0
2026-08-05 15:01:00,PCAR,,133.86000061035156,133.88250732421875,133.83999633789062,133.84500122070312,4169.0
2026-08-05 15:01:00,PCRX,,25.1299991607666,25.1299991607666,25.1299991607666,25.1299991607666,1808.0
2026-08-05 15:01:00,PCT,,6.940000057220459,6.949999809265137,6.934999942779541,6.940100193023682,11658.0
2026-08-05 15:01:00,PDD,,90.72000122070312,90.72000122070312,90.66999816894531,90.72000122070312,2866.0
2026-08-05 15:01:00,PDEX,,68.15499877929688,68.15499877929688,68.15499877929688,68.15499877929688,2002.0
2026-08-05 15:01:00,PDFS,,50.09000015258789,50.09000015258789,50.09000015258789,50.09000015258789,278.0
2026-08-05 15:01:00,PECO,,41.38999938964844,41.38999938964844,41.38999938964844,41.38999938964844,287.0
2026-08-05 15:01:00,PEGA,,31.84000015258789,31.84000015258789,31.829999923706055,31.84000015258789,2106.0
2026-08-05 15:01:00,PEP,,138.3300018310547,138.38499450683594,138.3300018310547,138.36000061035156,7768.0
2026-08-05 15:01:00,PERI,,9.579999923706055,9.579999923706055,9.579999923706055,9.579999923706055,270.0
2026-08-05 15:01:00,PFG,,114.3375015258789,114.36000061035156,114.31500244140625,114.3499984741211,3697.0
2026-08-05 15:01:00,PGEN,,6.880300045013428,6.914999961853027,6.869999885559082,6.909999847412109,33516.0
2026-08-05 15:01:00,PGNY,,31.670000076293945,31.670000076293945,31.649999618530273,31.649999618530273,1690.0
2026-08-05 15:01:00,PGY,,21.739999771118164,21.739999771118164,21.725500106811523,21.725500106811523,2127.0
2026-08-05 15:01:00,PHAT,,8.350000381469727,8.359999656677246,8.350000381469727,8.359999656677246,2492.0
2026-08-05 15:01:00,PKBK,,34.439998626708984,34.439998626708984,34.439998626708984,34.439998626708984,1271.0
2026-08-05 15:01:00,PLAB,,32.07500076293945,32.07500076293945,32.07500076293945,32.07500076293945,840.0
2026-08-05 15:01:00,PLPC,,471.739990234375,471.739990234375,471.739990234375,471.739990234375,723.0
2026-08-05 15:01:00,PLTK,,3.890000104904175,3.890000104904175,3.890000104904175,3.890000104904175,737.0
2026-08-05 15:01:00,PLUG,,2.072000026702881,2.0799999237060547,2.069999933242798,2.075000047683716,11508.0
2026-08-05 15:01:00,PLXS,,276.6449890136719,276.6449890136719,276.6449890136719,276.6449890136719,1431.0
2026-08-05 15:01:00,PNBK,,1.1349999904632568,1.1349999904632568,1.1349999904632568,1.1349999904632568,200.0
2026-08-05 15:01:00,PNFP,,107.87000274658203,107.91500091552734,107.87000274658203,107.87000274658203,2197.0
2026-08-05 15:01:00,PNTG,,38.77000045776367,38.84000015258789,38.77000045776367,38.84000015258789,1510.0
2026-08-05 15:01:00,POCI,,4.25,4.25,4.244999885559082,4.25,1821.0
2026-08-05 15:01:00,POET,,8.239999771118164,8.239999771118164,8.21500015258789,8.220000267028809,6865.0
2026-08-05 15:01:00,POWI,,61.88999938964844,61.91999816894531,61.869998931884766,61.869998931884766,1244.0
2026-08-05 15:01:00,POWL,,211.55999755859375,211.55999755859375,211.33999633789062,211.33999633789062,1336.0
2026-08-05 15:01:00,PPC,,26.489999771118164,26.509899139404297,26.459999084472656,26.459999084472656,3952.0
2026-08-05 15:01:00,PPTA,,22.600000381469727,22.600000381469727,22.540000915527344,22.540000915527344,1554.0
2026-08-05 15:01:00,PRAA,,17.299999237060547,17.299999237060547,17.299999237060547,17.299999237060547,494.0
2026-08-05 15:01:00,PRAX,,318.239990234375,318.57501220703125,318.125,318.57501220703125,1340.0
2026-08-05 15:01:00,PRCH,,15.819999694824219,15.819999694824219,15.819999694824219,15.819999694824219,1029.0
2026-08-05 15:01:00,PRCT,,19.174999237060547,19.190000534057617,19.174999237060547,19.18000030517578,1319.0
2026-08-05 15:01:00,PRDO,,32.7400016784668,32.7400016784668,32.7400016784668,32.7400016784668,257.0
2026-08-05 15:01:00,PRIM,,85.0199966430664,85.02999877929688,85.0199966430664,85.02999877929688,777.0
2026-08-05 15:01:00,PRME,,3.049999952316284,3.049999952316284,3.0450000762939453,3.0450000762939453,2003.0
2026-08-05 15:01:00,PRQR,,1.9740999937057495,1.9740999937057495,1.9700000286102295,1.9700000286102295,813.0
2026-08-05 15:01:00,PRTA,,8.454999923706055,8.46500015258789,8.454999923706055,8.46500015258789,4134.0
2026-08-05 15:01:00,PSEC,,2.180000066757202,2.180000066757202,2.1700000762939453,2.1700000762939453,9135.0
2026-08-05 15:01:00,PSNL,,13.5,13.520000457763672,13.5,13.520000457763672,3982.0
2026-08-05 15:01:00,PTC,,139.91000366210938,139.9600067138672,139.91000366210938,139.91000366210938,2894.0
2026-08-05 15:01:00,PTCT,,69.00499725341797,69.00499725341797,69.00499725341797,69.00499725341797,1427.0
2026-08-05 15:01:00,PTEN,,9.789999961853027,9.789999961853027,9.78499984741211,9.78499984741211,7986.0
2026-08-05 15:01:00,PTGX,,135.9199981689453,136.0399932861328,135.9199981689453,136.0399932861328,2453.0
2026-08-05 15:01:00,PTLO,,4.59499979019165,4.599999904632568,4.59499979019165,4.599999904632568,2635.0
2026-08-05 15:01:00,PTON,,6.485000133514404,6.485000133514404,6.485000133514404,6.485000133514404,3576.0
2026-08-05 15:01:00,PUBM,,13.489999771118164,13.489999771118164,13.489999771118164,13.489999771118164,402.0
2026-08-05 15:01:00,PYPL,,58.09000015258789,58.119998931884766,58.09000015258789,58.1150016784668,7367.0
2026-08-05 15:01:00,PYXS,,3.130000114440918,3.130000114440918,3.119999885559082,3.119999885559082,12746.0
2026-08-05 15:01:00,PZZA,,29.735000610351562,29.739999771118164,29.735000610351562,29.739999771118164,439.0
2026-08-05 15:01:00,QCOM,,158.25,158.25,157.9199981689453,157.97999572753906,11351.0
2026-08-05 15:01:00,QFIN,,13.154999732971191,13.154999732971191,13.154999732971191,13.154999732971191,382.0
2026-08-05 15:01:00,QRVO,,95.23999786376953,95.23999786376953,95.11000061035156,95.11000061035156,2431.0
2026-08-05 15:01:00,SEED,,1.0499999523162842,1.0499999523162842,1.0449999570846558,1.0449999570846558,1595.0
2026-08-05 15:01:00,TARA,,3.9700000286102295,3.9749999046325684,3.9700000286102295,3.9749999046325684,1516.0
2026-08-05 15:02:00,ACDC,,4.489999771118164,4.494999885559082,4.480000019073486,4.480000019073486,17045.0
2026-08-05 15:02:00,CASH,,89.6500015258789,89.6500015258789,89.6500015258789,89.6500015258789,582.0
2026-08-05 15:02:00,DTIL,,7.46999979019165,7.46999979019165,7.460000038146973,7.460000038146973,2614.0
2026-08-05 15:02:00,EYE,,23.010000228881836,23.020000457763672,22.9950008392334,22.9950008392334,5792.0
2026-08-05 15:02:00,GLUE,,15.479999542236328,15.489999771118164,15.479999542236328,15.489999771118164,1071.0
2026-08-05 15:02:00,KIDS,,21.690000534057617,21.690000534057617,21.690000534057617,21.690000534057617,107.0
2026-08-05 15:02:00,MDLZ,,62.51499938964844,62.52000045776367,62.48500061035156,62.48500061035156,11401.0
2026-08-05 15:02:00,MNRO,,13.119999885559082,13.125,13.109999656677246,13.109999656677246,4328.0
2026-08-05 15:02:00,MNST,,94.68000030517578,94.69010162353516,94.66999816894531,94.66999816894531,5675.0
2026-08-05 15:02:00,MNTS,,4.263999938964844,4.28000020980835,4.224999904632568,4.28000020980835,22100.0
2026-08-05 15:02:00,MPAA,,13.6899995803833,13.6899995803833,13.6899995803833,13.6899995803833,855.0
2026-08-05 15:02:00,MPWR,,1345.06005859375,1345.219970703125,1341.3397216796875,1341.3397216796875,653.0
2026-08-05 15:02:00,MRNA,,56.27000045776367,56.31999969482422,56.2599983215332,56.2599983215332,6449.0
2026-08-05 15:02:00,MYGN,,3.115000009536743,3.115000009536743,3.115000009536743,3.115000009536743,1736.0
2026-08-05 15:02:00,MYRG,,340.5,340.6099853515625,340.4649963378906,340.6099853515625,1317.0
2026-08-05 15:02:00,NAMS,,27.2450008392334,27.2450008392334,27.2450008392334,27.2450008392334,549.0
2026-08-05 15:02:00,NAUT,,0.9343000054359436,0.9344000220298767,0.9332000017166138,0.9332000017166138,786.0
2026-08-05 15:02:00,NB,,5.045000076293945,5.051000118255615,5.045000076293945,5.051000118255615,9627.0
2026-08-05 15:02:00,NBIX,,162.6699981689453,162.69500732421875,162.6199951171875,162.69500732421875,1714.0
2026-08-05 15:02:00,NBTB,,53.345001220703125,53.345001220703125,53.345001220703125,53.345001220703125,346.0
2026-08-05 15:02:00,NCRA,,1.8026000261306763,1.8026000261306763,1.8026000261306763,1.8026000261306763,0.0
2026-08-05 15:02:00,NDAQ,,94.66999816894531,94.69000244140625,94.66999816894531,94.69000244140625,2429.0
2026-08-05 15:02:00,NDSN,,310.510009765625,310.510009765625,310.510009765625,310.510009765625,292.0
2026-08-05 15:02:00,NEGG,,17.559999465942383,17.559999465942383,17.559999465942383,17.559999465942383,174.0
2026-08-05 15:02:00,NEO,,15.890000343322754,15.890000343322754,15.885000228881836,15.885000228881836,3231.0
2026-08-05 15:02:00,NEOG,,11.585000038146973,11.595000267028809,11.585000038146973,11.595000267028809,4217.0
2026-08-05 15:02:00,NEON,,0.9379000067710876,0.9379000067710876,0.9377999901771545,0.9377999901771545,130.0
2026-08-05 15:02:00,NEOV,,2.815000057220459,2.815000057220459,2.815000057220459,2.815000057220459,543.0
2026-08-05 15:02:00,NEWT,,15.085000038146973,15.085000038146973,15.085000038146973,15.085000038146973,699.0
2026-08-05 15:02:00,NFE,,0.3391000032424927,0.3391000032424927,0.3391000032424927,0.3391000032424927,2874.0
2026-08-05 15:02:00,NFLX,,73.41500091552734,73.44000244140625,73.41000366210938,73.41999816894531,35342.0
2026-08-05 15:02:00,NGNE,,35.57500076293945,35.57500076293945,35.57500076293945,35.57500076293945,1082.0
2026-08-05 15:02:00,NICE,,99.53500366210938,99.6322021484375,99.53500366210938,99.6322021484375,809.0
2026-08-05 15:02:00,NIU,,2.4600000381469727,2.4600000381469727,2.4600000381469727,2.4600000381469727,416.0
2026-08-05 15:02:00,NKSH,,41.435001373291016,41.435001373291016,41.435001373291016,41.435001373291016,185.0
2026-08-05 15:02:00,NKTR,,72.46499633789062,72.46499633789062,72.46499633789062,72.46499633789062,154.0
2026-08-05 15:02:00,NKTX,,2.200000047683716,2.200000047683716,2.200000047683716,2.200000047683716,393.0
2026-08-05 15:02:00,NMIH,,44.61000061035156,44.61000061035156,44.61000061035156,44.61000061035156,500.0
2026-08-05 15:02:00,NMRA,,1.6050000190734863,1.6050000190734863,1.6050000190734863,1.6050000190734863,500.0
2026-08-05 15:02:00,NMRK,,15.710000038146973,15.710000038146973,15.699999809265137,15.699999809265137,4904.0
2026-08-05 15:02:00,NMTC,,1.6449999809265137,1.6449999809265137,1.6449999809265137,1.6449999809265137,587.0
2026-08-05 15:02:00,NN,,14.640000343322754,14.65999984741211,14.640000343322754,14.65999984741211,2677.0
2026-08-05 15:02:00,NNBR,,3.7850000858306885,3.7850000858306885,3.7850000858306885,3.7850000858306885,1519.0
2026-08-05 15:02:00,NNDM,,1.5549999475479126,1.5549999475479126,1.5549999475479126,1.5549999475479126,654.0
2026-08-05 15:02:00,NOVT,,155.3699951171875,155.3699951171875,155.3000030517578,155.3000030517578,3034.0
2026-08-05 15:02:00,NRDS,,9.055000305175781,9.055000305175781,9.055000305175781,9.055000305175781,568.0
2026-08-05 15:02:00,NRIM,,27.06999969482422,27.06999969482422,27.059999465942383,27.059999465942383,602.0
2026-08-05 15:02:00,NRIX,,24.799999237060547,24.829999923706055,24.799999237060547,24.829999923706055,1451.0
2026-08-05 15:02:00,NTAP,,190.30999755859375,190.3699951171875,190.3000030517578,190.3000030517578,2552.0
2026-08-05 15:02:00,NTCT,,41.900001525878906,41.900001525878906,41.900001525878906,41.900001525878906,542.0
2026-08-05 15:02:00,NTNX,,61.23500061035156,61.275001525878906,61.22999954223633,61.22999954223633,7143.0
2026-08-05 15:02:00,NTRA,,272.94500732421875,273.0199890136719,272.94500732421875,273.0199890136719,679.0
2026-08-05 15:02:00,NTRS,,184.7050018310547,184.7050018310547,184.66000366210938,184.66000366210938,1146.0
2026-08-05 15:02:00,NVAX,,7.579899787902832,7.579999923706055,7.578999996185303,7.578999996185303,863.0
2026-08-05 15:02:00,NVDA,,221.8699951171875,222.17990112304688,221.8000030517578,222.1649932861328,421941.0
2026-08-05 15:02:00,NVEC,,129.22999572753906,129.22999572753906,129.22999572753906,129.22999572753906,354.0
2026-08-05 15:02:00,NVMI,,406.42498779296875,407.02398681640625,406.42498779296875,406.5299987792969,748.0
2026-08-05 15:02:00,NVTS,,12.390000343322754,12.420000076293945,12.390000343322754,12.40999984741211,11972.0
2026-08-05 15:02:00,NWBI,,15.944999694824219,15.944999694824219,15.944999694824219,15.944999694824219,590.0
2026-08-05 15:02:00,NWL,,6.195000171661377,6.195000171661377,6.190000057220459,6.195000171661377,6469.0
2026-08-05 15:02:00,NWPX,,127.23500061035156,127.23500061035156,127.23500061035156,127.23500061035156,375.0
2026-08-05 15:02:00,NWS,,32.369998931884766,32.380001068115234,32.369998931884766,32.380001068115234,1690.0
2026-08-05 15:02:00,NWSA,,28.364999771118164,28.364999771118164,28.364999771118164,28.364999771118164,5929.0
2026-08-05 15:02:00,NXPI,,231.68499755859375,231.80499267578125,231.63999938964844,231.63999938964844,2508.0
2026-08-05 15:02:00,NXST,,190.4199981689453,190.4199981689453,190.4199981689453,190.4199981689453,3033.0
2026-08-05 15:02:00,NXT,,99.52999877929688,99.65499877929688,99.52999877929688,99.65499877929688,2674.0
2026-08-05 15:02:00,NYXH,,1.4190000295639038,1.4190000295639038,1.4190000295639038,1.4190000295639038,111.0
2026-08-05 15:02:00,OABI,,2.0899999141693115,2.0999999046325684,2.0799999237060547,2.0799999237060547,24819.0
2026-08-05 15:02:00,OBIO,,4.210000038146973,4.210000038146973,4.2083001136779785,4.2083001136779785,1329.0
2026-08-05 15:02:00,OCC,,15.90999984741211,15.930000305175781,15.90999984741211,15.930000305175781,1633.0
2026-08-05 15:02:00,OCFC,,19.90999984741211,19.90999984741211,19.90999984741211,19.90999984741211,1249.0
2026-08-05 15:02:00,OCGN,,1.284999966621399,1.284999966621399,1.284999966621399,1.284999966621399,2431.0
2026-08-05 15:02:00,OCUL,,8.5649995803833,8.5649995803833,8.5649995803833,8.5649995803833,368.0
2026-08-05 15:02:00,ODD,,15.229999542236328,15.229999542236328,15.220000267028809,15.220000267028809,1513.0
2026-08-05 15:02:00,ODFL,,214.39999389648438,214.39999389648438,214.39999389648438,214.39999389648438,730.0
2026-08-05 15:02:00,OFIX,,10.6850004196167,10.6850004196167,10.649999618530273,10.649999618530273,4705.0
2026-08-05 15:02:00,OKTA,,148.33999633789062,148.33999633789062,148.33999633789062,148.33999633789062,281.0
2026-08-05 15:02:00,OLLI,,78.02999877929688,78.05999755859375,77.95999908447266,77.95999908447266,3409.0
2026-08-05 15:02:00,OMCL,,37.165000915527344,37.165000915527344,37.165000915527344,37.165000915527344,514.0
2026-08-05 15:02:00,OMER,,12.720000267028809,12.75,12.720000267028809,12.75,5048.0
2026-08-05 15:02:00,OMH,,0.1152999997138977,0.1152999997138977,0.11509999632835388,0.11509999632835388,641.0
2026-08-05 15:02:00,ON,,77.56999969482422,77.66000366210938,77.56999969482422,77.5999984741211,25184.0
2026-08-05 15:02:00,ONB,,27.014999389648438,27.02989959716797,27.014999389648438,27.020000457763672,16265.0
2026-08-05 15:02:00,ONBPO,,24.799999237060547,24.799999237060547,24.799999237060547,24.799999237060547,1318.0
2026-08-05 15:02:00,ONDS,,8.756400108337402,8.767399787902832,8.75,8.765000343322754,165779.0
2026-08-05 15:02:00,ONFO,,0.07540000230073929,0.07569999992847443,0.07540000230073929,0.07569999992847443,12864.0
2026-08-05 15:02:00,OPCH,,23.5049991607666,23.5049991607666,23.5049991607666,23.5049991607666,1215.0
2026-08-05 15:02:00,OPEN,,3.7404000759124756,3.75,3.734999895095825,3.740000009536743,174192.0
2026-08-05 15:02:00,OPHC,,8.670000076293945,8.670000076293945,8.670000076293945,8.670000076293945,121.0
2026-08-05 15:02:00,OPK,,1.315000057220459,1.315000057220459,1.315000057220459,1.315000057220459,2461.0
2026-08-05 15:02:00,OPRA,,19.889999389648438,19.889999389648438,19.889999389648438,19.889999389648438,439.0
2026-08-05 15:02:00,OPRT,,6.0,6.010000228881836,6.0,6.010000228881836,2547.0
2026-08-05 15:02:00,ORGO,,2.3350000381469727,2.3350000381469727,2.3350000381469727,2.3350000381469727,456.0
2026-08-05 15:02:00,ORIC,,12.859999656677246,12.869999885559082,12.859999656677246,12.864999771118164,2814.0
2026-08-05 15:02:00,ORLY,,92.70999908447266,92.75,92.69499969482422,92.71499633789062,7717.0
2026-08-05 15:02:00,OSBC,,25.795000076293945,25.795000076293945,25.790000915527344,25.790000915527344,1593.0
2026-08-05 15:02:00,OSPN,,16.584999084472656,16.600000381469727,16.584999084472656,16.584999084472656,1144.0
2026-08-05 15:02:00,OSS,,13.479999542236328,13.569999694824219,13.4399995803833,13.569999694824219,8322.0
2026-08-05 15:02:00,OSUR,,4.125,4.125,4.114999771118164,4.114999771118164,4177.0
2026-08-05 15:02:00,OTEX,,25.795000076293945,25.795000076293945,25.795000076293945,25.795000076293945,3351.0
2026-08-05 15:02:00,OTLK,,1.0199999809265137,1.0199999809265137,1.0149999856948853,1.0149999856948853,5260.0
2026-08-05 15:02:00,OTTR,,92.19000244140625,92.19000244140625,92.19000244140625,92.19000244140625,1506.0
2026-08-05 15:02:00,OVID,,2.575000047683716,2.575000047683716,2.575000047683716,2.575000047683716,500.0
2026-08-05 15:02:00,OXSQ,,1.5049999952316284,1.5099999904632568,1.5,1.5049999952316284,15711.0
2026-08-05 15:02:00,PAA,,23.209999084472656,23.225000381469727,23.209999084472656,23.219999313354492,43848.0
2026-08-05 15:02:00,PAAS,,48.150001525878906,48.18000030517578,48.150001525878906,48.18000030517578,8983.0
2026-08-05 15:02:00,PACB,,1.3049999475479126,1.3097000122070312,1.3049999475479126,1.3049999475479126,7095.0
2026-08-05 15:02:00,PAGP,,25.18000030517578,25.190000534057617,25.18000030517578,25.18000030517578,3140.0
2026-08-05 15:02:00,PAHC,,35.77000045776367,35.77000045776367,35.77000045776367,35.77000045776367,215.0
2026-08-05 15:02:00,PALI,,2.109999895095825,2.109999895095825,2.1050000190734863,2.1050000190734863,1564.0
2026-08-05 15:02:00,PANL,,7.269999980926514,7.269999980926514,7.269999980926514,7.269999980926514,2198.0
2026-08-05 15:02:00,PANW,,365.0849914550781,365.3399963378906,364.94000244140625,364.94000244140625,4096.0
2026-08-05 15:02:00,PATK,,87.8427963256836,87.8427963256836,87.73999786376953,87.73999786376953,731.0
2026-08-05 15:02:00,PAYO,,7.125,7.125,7.119999885559082,7.125,1436.0
2026-08-05 15:02:00,PAYX,,117.69000244140625,117.69499969482422,117.63500213623047,117.66000366210938,3346.0
2026-08-05 15:02:00,PCAR,,133.85000610351562,133.88999938964844,133.8350067138672,133.86000061035156,5006.0
2026-08-05 15:02:00,PCRX,,25.104999542236328,25.184999465942383,25.104999542236328,25.1299991607666,10169.0
2026-08-05 15:02:00,PCT,,6.949999809265137,6.949999809265137,6.945000171661377,6.945000171661377,9526.0
2026-08-05 15:02:00,PCTY,,146.1699981689453,146.25,146.14999389648438,146.16000366210938,1685.0
2026-08-05 15:02:00,PDD,,90.69999694824219,90.72000122070312,90.69499969482422,90.69499969482422,3802.0
2026-08-05 15:02:00,PDFS,,50.09000015258789,50.09000015258789,50.09000015258789,50.09000015258789,561.0
2026-08-05 15:02:00,PDLB,,20.399999618530273,20.399999618530273,20.399999618530273,20.399999618530273,101.0
2026-08-05 15:02:00,PEBO,,41.68000030517578,41.68000030517578,41.66999816894531,41.66999816894531,1542.0
2026-08-05 15:02:00,PECO,,41.389400482177734,41.389400482177734,41.3849983215332,41.3849983215332,443.0
2026-08-05 15:02:00,PEGA,,31.84000015258789,31.84000015258789,31.84000015258789,31.84000015258789,2103.0
2026-08-05 15:02:00,PENN,,19.684999465942383,19.684999465942383,19.684999465942383,19.684999465942383,1975.0
2026-08-05 15:02:00,PEP,,138.36000061035156,138.36000061035156,138.3249969482422,138.3249969482422,5208.0
2026-08-05 15:02:00,PEPG,,1.965000033378601,1.965000033378601,1.965000033378601,1.965000033378601,384.0
2026-08-05 15:02:00,PERI,,9.585000038146973,9.585000038146973,9.581100463867188,9.581100463867188,625.0
2026-08-05 15:02:00,PESI,,17.809999465942383,17.809999465942383,17.809999465942383,17.809999465942383,1683.0
2026-08-05 15:02:00,PFG,,114.37000274658203,114.375,114.37000274658203,114.37000274658203,1346.0
2026-08-05 15:02:00,PGC,,46.64500045776367,46.64500045776367,46.64500045776367,46.64500045776367,527.0
2026-08-05 15:02:00,PGEN,,6.894999980926514,6.894999980926514,6.885000228881836,6.885000228881836,5291.0
2026-08-05 15:02:00,PGNY,,31.690000534057617,31.690000534057617,31.68000030517578,31.68000030517578,1208.0
2026-08-05 15:02:00,PGY,,21.68000030517578,21.75,21.68000030517578,21.7450008392334,18888.0
2026-08-05 15:02:00,PIII,,10.220000267028809,10.220000267028809,10.220000267028809,10.220000267028809,445.0
2026-08-05 15:02:00,PLAB,,32.099998474121094,32.099998474121094,32.099998474121094,32.099998474121094,1036.0
2026-08-05 15:02:00,PLBY,,1.149899959564209,1.149899959564209,1.149899959564209,1.149899959564209,1016.0
2026-08-05 15:02:00,PLMR,,134.72500610351562,134.72500610351562,134.6699981689453,134.72500610351562,1552.0
2026-08-05 15:02:00,PLSE,,37.529998779296875,37.529998779296875,37.529998779296875,37.529998779296875,279.0
2026-08-05 15:02:00,PLTK,,3.884999990463257,3.884999990463257,3.884999990463257,3.884999990463257,1601.0
2026-08-05 15:02:00,PLUG,,2.075000047683716,2.0799999237060547,2.069999933242798,2.069999933242798,9584.0
2026-08-05 15:02:00,PMN,,13.319999694824219,13.319999694824219,13.319999694824219,13.319999694824219,355.0
2026-08-05 15:02:00,PMVP,,1.179900050163269,1.179900050163269,1.179900050163269,1.179900050163269,2255.0
2026-08-05 15:02:00,PNBK,,1.1349999904632568,1.1349999904632568,1.1349999904632568,1.1349999904632568,100.0
2026-08-05 15:02:00,PNFP,,107.91999816894531,107.95999908447266,107.9000015258789,107.91999816894531,7139.0
2026-08-05 15:02:00,PNRG,,187.89999389648438,187.89999389648438,187.69000244140625,187.69000244140625,1494.0
2026-08-05 15:02:00,PNTG,,38.790000915527344,38.790000915527344,38.790000915527344,38.790000915527344,237.0
2026-08-05 15:02:00,POET,,8.244999885559082,8.244999885559082,8.229999542236328,8.239999771118164,2862.0
2026-08-05 15:02:00,POOL,,205.25999450683594,205.29249572753906,205.19000244140625,205.29249572753906,1164.0
2026-08-05 15:02:00,POWI,,61.880001068115234,62.005001068115234,61.880001068115234,61.959999084472656,7594.0
2026-08-05 15:02:00,POWL,,211.49000549316406,212.11000061035156,211.49000549316406,211.8699951171875,2544.0
2026-08-05 15:02:00,PPTA,,22.559999465942383,22.579999923706055,22.559999465942383,22.579999923706055,1938.0
2026-08-05 15:02:00,PRAX,,318.25,318.3399963378906,318.07000732421875,318.0899963378906,595.0
2026-08-05 15:02:00,PRCT,,19.184999465942383,19.200000762939453,19.18000030517578,19.200000762939453,2468.0
2026-08-05 15:02:00,PRDO,,32.744998931884766,32.744998931884766,32.744998931884766,32.744998931884766,419.0
2026-08-05 15:02:00,PRIM,,85.05000305175781,85.0999984741211,85.0199966430664,85.0250015258789,1815.0
2026-08-05 15:02:00,PRLD,,4.559999942779541,4.559999942779541,4.559999942779541,4.559999942779541,334.0
2026-08-05 15:02:00,PRME,,3.0350000858306885,3.0450000762939453,3.032599925994873,3.0399999618530273,7097.0
2026-08-05 15:02:00,PROK,,1.6349999904632568,1.6349999904632568,1.6349999904632568,1.6349999904632568,499.0
2026-08-05 15:02:00,PROV,,18.05500030517578,18.05500030517578,18.05500030517578,18.05500030517578,1695.0
2026-08-05 15:02:00,PRQR,,1.975000023841858,1.975000023841858,1.975000023841858,1.975000023841858,397.0
2026-08-05 15:02:00,PRVA,,24.1200008392334,24.1299991607666,24.1200008392334,24.1200008392334,4153.0
2026-08-05 15:02:00,PRZO,,0.5547999739646912,0.5547999739646912,0.5547999739646912,0.5547999739646912,1586.0
2026-08-05 15:02:00,PSEC,,2.174999952316284,2.174999952316284,2.174999952316284,2.174999952316284,1125.0
2026-08-05 15:02:00,PSMT,,187.49000549316406,187.49000549316406,187.24000549316406,187.24000549316406,2021.0
2026-08-05 15:02:00,PSNL,,13.5,13.5,13.5,13.5,579.0
2026-08-05 15:02:00,PTC,,139.8699951171875,139.8699951171875,139.8699951171875,139.8699951171875,572.0
2026-08-05 15:02:00,PTCT,,68.95999908447266,68.95999908447266,68.95999908447266,68.95999908447266,1831.0
2026-08-05 15:02:00,PTEN,,9.79010009765625,9.79010009765625,9.789999961853027,9.789999961853027,2603.0
2026-08-05 15:02:00,PTLO,,4.599999904632568,4.599999904632568,4.599999904632568,4.599999904632568,3209.0
2026-08-05 15:02:00,PTON,,6.480000019073486,6.480000019073486,6.480000019073486,6.480000019073486,1078.0
2026-08-05 15:02:00,PWP,,17.434999465942383,17.434999465942383,17.434999465942383,17.434999465942383,724.0
2026-08-05 15:02:00,PYPL,,58.064998626708984,58.09000015258789,58.060001373291016,58.09000015258789,7531.0
2026-08-05 15:02:00,PYXS,,3.130000114440918,3.130000114440918,3.130000114440918,3.130000114440918,1562.0
2026-08-05 15:02:00,PZZA,,29.75,29.75,29.71500015258789,29.735000610351562,3274.0
2026-08-05 15:02:00,QCOM,,158.31500244140625,158.44000244140625,158.22000122070312,158.22000122070312,21764.0
2026-08-05 15:02:00,QFIN,,13.164999961853027,13.164999961853027,13.15999984741211,13.15999984741211,9750.0
2026-08-05 15:02:00,QQQX,,30.210100173950195,30.210100173950195,30.210100173950195,30.210100173950195,645.0
2026-08-05 15:02:00,QRVO,,95.26000213623047,95.30999755859375,95.26000213623047,95.30999755859375,1207.0
2026-08-05 15:02:00,SEED,,1.0497000217437744,1.0499999523162842,1.0497000217437744,1.0499999523162842,1567.0
2026-08-05 15:02:00,STIM,,2.2200000286102295,2.2214999198913574,2.2200000286102295,2.220099925994873,3449.0
2026-08-05 15:02:00,WOOF,,2.934999942779541,2.934999942779541,2.934999942779541,2.934999942779541,2596.0
2026-08-05 15:03:00,ACDC,,4.480000019073486,4.480000019073486,4.480000019073486,4.480000019073486,4213.0
2026-08-05 15:03:00,BPOP,,176.72000122070312,176.80999755859375,176.72000122070312,176.7899932861328,1147.0
2026-08-05 15:03:00,CNXN,,86.20500183105469,86.20500183105469,86.20500183105469,86.20500183105469,432.0
2026-08-05 15:03:00,CPOP,,0.34369999170303345,0.34369999170303345,0.34369999170303345,0.34369999170303345,115.0
2026-08-05 15:03:00,DTIL,,7.465000152587891,7.465000152587891,7.465000152587891,7.465000152587891,274.0
2026-08-05 15:03:00,EYE,,22.9950008392334,23.0,22.989999771118164,23.0,3918.0
2026-08-05 15:03:00,FIZZ,,32.209999084472656,32.21500015258789,32.209999084472656,32.21500015258789,528.0
2026-08-05 15:03:00,FRST,,16.540000915527344,16.540000915527344,16.530000686645508,16.53499984741211,738.0
2026-08-05 15:03:00,GLUE,,15.5,15.520000457763672,15.479999542236328,15.479999542236328,2214.0
2026-08-05 15:03:00,KIDS,,21.690000534057617,21.75,21.690000534057617,21.75,462.0
2026-08-05 15:03:00,KITT,,1.0299999713897705,1.0299999713897705,1.0299999713897705,1.0299999713897705,508.0
2026-08-05 15:03:00,MCRI,,122.45999908447266,122.45999908447266,122.4000015258789,122.4000015258789,1233.0
2026-08-05 15:03:00,MDB,,376.2900085449219,376.3949890136719,375.95001220703125,375.95001220703125,2547.0
2026-08-05 15:03:00,MDLZ,,62.5,62.529998779296875,62.5,62.525001525878906,10257.0
2026-08-05 15:03:00,MLTX,,17.559999465942383,17.559999465942383,17.559999465942383,17.559999465942383,1434.0
2026-08-05 15:03:00,MNPR,,118.45999908447266,118.45999908447266,118.45999908447266,118.45999908447266,119.0
2026-08-05 15:03:00,MNRO,,13.119999885559082,13.119999885559082,13.119999885559082,13.119999885559082,1245.0
2026-08-05 15:03:00,MNST,,94.66000366210938,94.68000030517578,94.66000366210938,94.68000030517578,3217.0
2026-08-05 15:03:00,MNTK,,1.6749999523162842,1.6749999523162842,1.6749999523162842,1.6749999523162842,662.0
2026-08-05 15:03:00,MODD,,2.0399999618530273,2.0399999618530273,2.0399999618530273,2.0399999618530273,810.0
2026-08-05 15:03:00,MORN,,198.10000610351562,198.1199951171875,198.07000732421875,198.07000732421875,1019.0
2026-08-05 15:03:00,MPWR,,1345.3599853515625,1345.3599853515625,1343.714111328125,1345.0799560546875,473.0
2026-08-05 15:03:00,MRNA,,56.26499938964844,56.290000915527344,56.25,56.255001068115234,4582.0
2026-08-05 15:03:00,MYGN,,3.115000009536743,3.115000009536743,3.1050000190734863,3.109999895095825,8469.0
2026-08-05 15:03:00,NAMS,,27.219999313354492,27.2450008392334,27.219999313354492,27.2450008392334,531.0
2026-08-05 15:03:00,NAUT,,0.9341999888420105,0.9341999888420105,0.9330999851226807,0.9330999851226807,480.0
2026-08-05 15:03:00,NAVI,,9.104999542236328,9.104999542236328,9.095000267028809,9.095000267028809,1887.0
2026-08-05 15:03:00,NB,,5.050000190734863,5.050000190734863,5.050000190734863,5.050000190734863,1251.0
2026-08-05 15:03:00,NBIX,,162.6199951171875,162.66000366210938,162.6199951171875,162.63499450683594,2179.0
2026-08-05 15:03:00,NBTB,,53.369998931884766,53.369998931884766,53.36000061035156,53.36000061035156,2215.0
2026-08-05 15:03:00,NCMI,,4.090000152587891,4.090000152587891,4.090000152587891,4.090000152587891,307.0
2026-08-05 15:03:00,NDAQ,,94.69000244140625,94.69000244140625,94.66000366210938,94.66000366210938,1781.0
2026-08-05 15:03:00,NEGG,,17.3700008392334,17.43000030517578,17.3700008392334,17.43000030517578,2636.0
2026-08-05 15:03:00,NEO,,15.904999732971191,15.90999984741211,15.895000457763672,15.895000457763672,4242.0
2026-08-05 15:03:00,NEOG,,11.585000038146973,11.585000038146973,11.585000038146973,11.585000038146973,645.0
2026-08-05 15:03:00,NEON,,0.9305999875068665,0.9305999875068665,0.9305999875068665,0.9305999875068665,115.0
2026-08-05 15:03:00,NESR,,28.63920021057129,28.63920021057129,28.63920021057129,28.63920021057129,354.0
2026-08-05 15:03:00,NEXT,,6.465000152587891,6.46999979019165,6.465000152587891,6.465000152587891,5337.0
2026-08-05 15:03:00,NFLX,,73.46499633789062,73.46499633789062,73.41500091552734,73.41510009765625,36242.0
2026-08-05 15:03:00,NICE,,99.59500122070312,99.59500122070312,99.52749633789062,99.52749633789062,679.0
2026-08-05 15:03:00,NKTR,,72.5999984741211,72.5999984741211,72.46499633789062,72.46499633789062,369.0
2026-08-05 15:03:00,NKTX,,2.200000047683716,2.2049999237060547,2.200000047683716,2.200000047683716,4600.0
2026-08-05 15:03:00,NMIH,,44.58000183105469,44.58000183105469,44.58000183105469,44.58000183105469,658.0
2026-08-05 15:03:00,NMRA,,1.6100000143051147,1.6100000143051147,1.6100000143051147,1.6100000143051147,504.0
2026-08-05 15:03:00,NMRK,,15.704999923706055,15.704999923706055,15.699999809265137,15.699999809265137,3142.0
2026-08-05 15:03:00,NN,,14.630000114440918,14.670000076293945,14.623800277709961,14.640000343322754,11153.0
2026-08-05 15:03:00,NNBR,,3.7850000858306885,3.7869999408721924,3.7799999713897705,3.7850000858306885,1214.0
2026-08-05 15:03:00,NNDM,,1.5549999475479126,1.5549999475479126,1.5499999523162842,1.5499999523162842,1190.0
2026-08-05 15:03:00,NRDS,,9.0649995803833,9.069999694824219,9.050000190734863,9.050000190734863,3723.0
2026-08-05 15:03:00,NRIM,,27.05500030517578,27.059999465942383,27.05500030517578,27.059999465942383,349.0
2026-08-05 15:03:00,NRIX,,24.799999237060547,24.799999237060547,24.799999237060547,24.799999237060547,781.0
2026-08-05 15:03:00,NRXP,,3.049999952316284,3.049999952316284,3.049999952316284,3.049999952316284,354.0
2026-08-05 15:03:00,NTAP,,190.32000732421875,190.3800048828125,190.22000122070312,190.3800048828125,6272.0
2026-08-05 15:03:00,NTCT,,41.880001068115234,41.880001068115234,41.86000061035156,41.869998931884766,623.0
2026-08-05 15:03:00,NTES,,127.51000213623047,127.5199966430664,127.51000213623047,127.5199966430664,1889.0
2026-08-05 15:03:00,NTNX,,61.275001525878906,61.279998779296875,61.2400016784668,61.2400016784668,4549.0
2026-08-05 15:03:00,NTRA,,273.3500061035156,273.3500061035156,272.94500732421875,272.94500732421875,6911.0
2026-08-05 15:03:00,NTRS,,184.77999877929688,184.77999877929688,184.7449951171875,184.7449951171875,2361.0
2026-08-05 15:03:00,NVAX,,7.579999923706055,7.585000038146973,7.579999923706055,7.579999923706055,10104.0
2026-08-05 15:03:00,NVCR,,16.05500030517578,16.059999465942383,16.05500030517578,16.05500030517578,3079.0
2026-08-05 15:03:00,NVCT,,19.59000015258789,19.59000015258789,19.59000015258789,19.59000015258789,664.0
2026-08-05 15:03:00,NVDA,,221.86000061035156,221.9199981689453,221.7501983642578,221.8800048828125,188590.0
2026-08-05 15:03:00,NVTS,,12.40999984741211,12.40999984741211,12.390000343322754,12.399999618530273,10822.0
2026-08-05 15:03:00,NVX,,0.40220001339912415,0.40220001339912415,0.40220001339912415,0.40220001339912415,1184.0
2026-08-05 15:03:00,NWE,,68.9800033569336,68.98999786376953,68.9800033569336,68.98999786376953,970.0
2026-08-05 15:03:00,NWL,,6.190199851989746,6.195000171661377,6.190000057220459,6.190000057220459,9336.0
2026-08-05 15:03:00,NWS,,32.38999938964844,32.38999938964844,32.380001068115234,32.380001068115234,516.0
2026-08-05 15:03:00,NWSA,,28.375,28.375,28.364999771118164,28.364999771118164,10617.0
2026-08-05 15:03:00,NXPI,,231.7050018310547,231.72500610351562,231.55999755859375,231.72500610351562,3230.0
2026-08-05 15:03:00,NXT,,99.4749984741211,99.51000213623047,99.44000244140625,99.51000213623047,2614.0
2026-08-05 15:03:00,NYXH,,1.4149999618530273,1.4149999618530273,1.4149999618530273,1.4149999618530273,391.0
2026-08-05 15:03:00,OABI,,2.0899999141693115,2.0999999046325684,2.0850000381469727,2.0850000381469727,9449.0
2026-08-05 15:03:00,OCFC,,19.90999984741211,19.90999984741211,19.90999984741211,19.90999984741211,254.0
2026-08-05 15:03:00,OCGN,,1.284999966621399,1.284999966621399,1.284999966621399,1.284999966621399,3901.0
2026-08-05 15:03:00,OCUL,,8.560099601745605,8.560099601745605,8.5600004196167,8.5600004196167,2365.0
2026-08-05 15:03:00,ODD,,15.270000457763672,15.270000457763672,15.220000267028809,15.220000267028809,3919.0
2026-08-05 15:03:00,ODFL,,214.1750030517578,214.3350067138672,214.10000610351562,214.25999450683594,3769.0
2026-08-05 15:03:00,OESX,,15.170000076293945,15.1899995803833,14.9128999710083,15.1899995803833,2012.0
2026-08-05 15:03:00,OFIX,,10.6850004196167,10.6850004196167,10.6850004196167,10.6850004196167,148.0
2026-08-05 15:03:00,OKTA,,148.39999389648438,148.44000244140625,148.25999450683594,148.33999633789062,3062.0
2026-08-05 15:03:00,OKYO,,1.600000023841858,1.6050000190734863,1.600000023841858,1.6050000190734863,12697.0
2026-08-05 15:03:00,OLLI,,78.06999969482422,78.20999908447266,78.06999969482422,78.06999969482422,7061.0
2026-08-05 15:03:00,OMCL,,37.20000076293945,37.20000076293945,37.20000076293945,37.20000076293945,360.0
2026-08-05 15:03:00,OMER,,12.694999694824219,12.694999694824219,12.694999694824219,12.694999694824219,3778.0
2026-08-05 15:03:00,OMH,,0.1151999980211258,0.1151999980211258,0.1151999980211258,0.1151999980211258,3522.0
2026-08-05 15:03:00,ON,,77.61000061035156,77.62000274658203,77.54000091552734,77.5999984741211,10030.0
2026-08-05 15:03:00,ONB,,27.020000457763672,27.020000457763672,27.014999389648438,27.014999389648438,2787.0
2026-08-05 15:03:00,ONDS,,8.760000228881836,8.766400337219238,8.75,8.75,199182.0
2026-08-05 15:03:00,ONFO,,0.07360000163316727,0.07569999992847443,0.07360000163316727,0.07569999992847443,8922.0
2026-08-05 15:03:00,OPCH,,23.5049991607666,23.5049991607666,23.5049991607666,23.5049991607666,1242.0
2026-08-05 15:03:00,OPEN,,3.740000009536743,3.75,3.740000009536743,3.742500066757202,37838.0
2026-08-05 15:03:00,OPHC,,8.670000076293945,8.670000076293945,8.670000076293945,8.670000076293945,103.0
2026-08-05 15:03:00,OPK,,1.315000057220459,1.315000057220459,1.315000057220459,1.315000057220459,833.0
2026-08-05 15:03:00,OPRA,,19.90999984741211,19.90999984741211,19.899999618530273,19.899999618530273,685.0
2026-08-05 15:03:00,OPRT,,6.010000228881836,6.010000228881836,6.0,6.0,1465.0
2026-08-05 15:03:00,OPRX,,6.949999809265137,6.949999809265137,6.949999809265137,6.949999809265137,362.0
2026-08-05 15:03:00,ORGO,,2.3350000381469727,2.3350000381469727,2.3350000381469727,2.3350000381469727,200.0
2026-08-05 15:03:00,ORIC,,12.859999656677246,12.859999656677246,12.84000015258789,12.850000381469727,5852.0
2026-08-05 15:03:00,ORLY,,92.79000091552734,92.79000091552734,92.69000244140625,92.69000244140625,18483.0
2026-08-05 15:03:00,ORRF,,43.2599983215332,43.2599983215332,43.2599983215332,43.2599983215332,512.0
2026-08-05 15:03:00,OSIS,,236.78500366210938,236.78500366210938,236.74000549316406,236.74000549316406,253.0
2026-08-05 15:03:00,OSPN,,16.530000686645508,16.610000610351562,16.530000686645508,16.600000381469727,7258.0
2026-08-05 15:03:00,OSS,,13.470000267028809,13.470000267028809,13.444999694824219,13.460000038146973,1326.0
2026-08-05 15:03:00,OTLK,,1.0199999809265137,1.0199999809265137,1.0149999856948853,1.0149999856948853,2152.0
2026-08-05 15:03:00,OVID,,2.5799999237060547,2.5799999237060547,2.5799999237060547,2.5799999237060547,587.0
2026-08-05 15:03:00,PAA,,23.204999923706055,23.204999923706055,23.204999923706055,23.204999923706055,147.0
2026-08-05 15:03:00,PAAS,,48.16999816894531,48.16999816894531,48.119998931884766,48.14500045776367,5922.0
2026-08-05 15:03:00,PACB,,1.3049999475479126,1.3086999654769897,1.3049999475479126,1.3049999475479126,1509.0
2026-08-05 15:03:00,PAGP,,25.16900062561035,25.16900062561035,25.15999984741211,25.15999984741211,3477.0
2026-08-05 15:03:00,PAHC,,35.70000076293945,35.709999084472656,35.70000076293945,35.709999084472656,915.0
2026-08-05 15:03:00,PALI,,2.109999895095825,2.109999895095825,2.1050000190734863,2.109999895095825,1256.0
2026-08-05 15:03:00,PANW,,364.8800964355469,365.3299865722656,364.8800964355469,365.1300048828125,9084.0
2026-08-05 15:03:00,PATK,,87.75,87.75,87.68000030517578,87.70999908447266,1578.0
2026-08-05 15:03:00,PAYO,,7.125,7.125,7.119999885559082,7.119999885559082,1468.0
2026-08-05 15:03:00,PAYS,,9.130000114440918,9.130000114440918,9.130000114440918,9.130000114440918,390.0
2026-08-05 15:03:00,PAYX,,117.79499816894531,117.79499816894531,117.69000244140625,117.69000244140625,3865.0
2026-08-05 15:03:00,PBYI,,8.020000457763672,8.020000457763672,8.010000228881836,8.010000228881836,1147.0
2026-08-05 15:03:00,PCAR,,133.7899932861328,133.7899932861328,133.75,133.75,2122.0
2026-08-05 15:03:00,PCB,,27.959999084472656,28.0,27.959999084472656,27.969999313354492,792.0
2026-08-05 15:03:00,PCRX,,25.059999465942383,25.104999542236328,25.059999465942383,25.100000381469727,4432.0
2026-08-05 15:03:00,PCT,,6.965000152587891,6.965000152587891,6.945000171661377,6.945000171661377,8711.0
2026-08-05 15:03:00,PCTY,,146.3000030517578,146.3000030517578,146.1750030517578,146.2949981689453,1932.0
2026-08-05 15:03:00,PDD,,90.69999694824219,90.70999908447266,90.69999694824219,90.70999908447266,2658.0
2026-08-05 15:03:00,PDFS,,50.154998779296875,50.189998626708984,50.154998779296875,50.18000030517578,543.0
2026-08-05 15:03:00,PECO,,41.369998931884766,41.369998931884766,41.349998474121094,41.369998931884766,10512.0
2026-08-05 15:03:00,PEGA,,31.850000381469727,31.850000381469727,31.84000015258789,31.84000015258789,3164.0
2026-08-05 15:03:00,PENN,,19.709999084472656,19.709999084472656,19.68950080871582,19.690000534057617,11662.0
2026-08-05 15:03:00,PEP,,138.3000030517578,138.3699951171875,138.3000030517578,138.33999633789062,5215.0
2026-08-05 15:03:00,PEPG,,1.9600000381469727,1.965000033378601,1.9600000381469727,1.9600000381469727,1532.0
2026-08-05 15:03:00,PERI,,9.59000015258789,9.59000015258789,9.585000038146973,9.585000038146973,379.0
2026-08-05 15:03:00,PFG,,114.37000274658203,114.38999938964844,114.37000274658203,114.375,2031.0
2026-08-05 15:03:00,PFIS,,72.01000213623047,72.01000213623047,71.94999694824219,71.94999694824219,629.0
2026-08-05 15:03:00,PGEN,,6.894999980926514,6.900000095367432,6.889999866485596,6.894999980926514,6955.0
2026-08-05 15:03:00,PGNY,,31.670000076293945,31.690000534057617,31.670000076293945,31.690000534057617,1970.0
2026-08-05 15:03:00,PGY,,21.690000534057617,21.690000534057617,21.670000076293945,21.674999237060547,5883.0
2026-08-05 15:03:00,PHAT,,8.359999656677246,8.364999771118164,8.354999542236328,8.359999656677246,8887.0
2026-08-05 15:03:00,PHUN,,2.1449999809265137,2.1449999809265137,2.1449999809265137,2.1449999809265137,200.0
2026-08-05 15:03:00,PKBK,,34.349998474121094,34.349998474121094,34.349998474121094,34.349998474121094,805.0
2026-08-05 15:03:00,PLAB,,32.13999938964844,32.13999938964844,32.119998931884766,32.119998931884766,1337.0
2026-08-05 15:03:00,PLPC,,469.4700012207031,469.4700012207031,469.4700012207031,469.4700012207031,312.0
2026-08-05 15:03:00,PLSE,,37.529998779296875,37.529998779296875,37.529998779296875,37.529998779296875,346.0
2026-08-05 15:03:00,PLTK,,3.884999990463257,3.890000104904175,3.884999990463257,3.884999990463257,2339.0
2026-08-05 15:03:00,PLUG,,2.072000026702881,2.0799999237060547,2.0701000690460205,2.075000047683716,7550.0
2026-08-05 15:03:00,PMCB,,0.6029999852180481,0.6029999852180481,0.6029999852180481,0.6029999852180481,1004.0
2026-08-05 15:03:00,PNFP,,107.91999816894531,107.91999816894531,107.91999816894531,107.91999816894531,307.0
2026-08-05 15:03:00,PNRG,,187.6999969482422,187.6999969482422,187.67999267578125,187.67999267578125,2422.0
2026-08-05 15:03:00,PNTG,,38.7599983215332,38.77000045776367,38.7599983215332,38.77000045776367,1676.0
2026-08-05 15:03:00,POET,,8.240400314331055,8.240400314331055,8.234999656677246,8.240099906921387,3743.0
2026-08-05 15:03:00,POWI,,61.81999969482422,61.83000183105469,61.81999969482422,61.83000183105469,1435.0
2026-08-05 15:03:00,POWL,,211.50999450683594,211.50999450683594,211.50999450683594,211.50999450683594,304.0
2026-08-05 15:03:00,PPC,,26.489999771118164,26.489999771118164,26.489999771118164,26.489999771118164,1039.0
2026-08-05 15:03:00,PPTA,,22.583900451660156,22.583900451660156,22.540000915527344,22.54990005493164,2476.0
2026-08-05 15:03:00,PRAX,,317.8500061035156,317.9800109863281,317.8500061035156,317.9800109863281,1374.0
2026-08-05 15:03:00,PRCH,,15.850000381469727,15.850000381469727,15.829999923706055,15.829999923706055,4886.0
2026-08-05 15:03:00,PRCT,,19.229999542236328,19.229999542236328,19.190000534057617,19.200000762939453,5703.0
2026-08-05 15:03:00,PRDO,,32.75,32.75,32.72999954223633,32.7400016784668,2077.0
2026-08-05 15:03:00,PRE,,18.229999542236328,18.229999542236328,18.229999542236328,18.229999542236328,122.0
2026-08-05 15:03:00,PRFX,,1.1150000095367432,1.1150000095367432,1.1150000095367432,1.1150000095367432,0.0
2026-08-05 15:03:00,PRGS,,42.33000183105469,42.33000183105469,42.33000183105469,42.33000183105469,250.0
2026-08-05 15:03:00,PRIM,,84.83499908447266,85.0199966430664,84.80000305175781,85.0199966430664,5728.0
2026-08-05 15:03:00,PRME,,3.0350000858306885,3.0350000858306885,3.0350000858306885,3.0350000858306885,1365.0
2026-08-05 15:03:00,PROK,,1.6299999952316284,1.6349999904632568,1.6299999952316284,1.6349999904632568,701.0
2026-08-05 15:03:00,PRQR,,1.975000023841858,1.975000023841858,1.975000023841858,1.975000023841858,506.0
2026-08-05 15:03:00,PRTA,,8.449999809265137,8.449999809265137,8.449999809265137,8.449999809265137,269.0
2026-08-05 15:03:00,PRZO,,0.5547999739646912,0.5547999739646912,0.5547999739646912,0.5547999739646912,0.0
2026-08-05 15:03:00,PSEC,,2.174999952316284,2.174999952316284,2.1747000217437744,2.1747000217437744,3125.0
2026-08-05 15:03:00,PSNY,,14.140000343322754,14.140000343322754,14.140000343322754,14.140000343322754,310.0
2026-08-05 15:03:00,PTC,,139.9149932861328,140.05999755859375,139.9149932861328,139.99000549316406,7475.0
2026-08-05 15:03:00,PTEN,,9.779999732971191,9.795000076293945,9.779999732971191,9.795000076293945,9320.0
2026-08-05 15:03:00,PTLO,,4.610000133514404,4.610000133514404,4.610000133514404,4.610000133514404,504.0
2026-08-05 15:03:00,PTON,,6.485000133514404,6.485000133514404,6.480000019073486,6.485000133514404,2808.0
2026-08-05 15:03:00,PUBM,,13.510000228881836,13.510000228881836,13.5,13.510000228881836,2760.0
2026-08-05 15:03:00,PYPL,,58.084999084472656,58.084999084472656,58.060001373291016,58.06999969482422,11520.0
2026-08-05 15:03:00,PZZA,,29.764999389648438,29.77400016784668,29.760000228881836,29.760000228881836,4391.0
2026-08-05 15:03:00,QCOM,,158.38999938964844,158.38999938964844,158.30999755859375,158.35000610351562,10887.0
2026-08-05 15:03:00,QFIN,,13.170000076293945,13.170000076293945,13.164999961853027,13.164999961853027,511.0
2026-08-05 15:03:00,QRVO,,95.2750015258789,95.29499816894531,95.25,95.2750015258789,1688.0
2026-08-05 15:03:00,SEED,,1.0497000217437744,1.0497000217437744,1.0497000217437744,1.0497000217437744,919.0
2026-08-05 15:03:00,STIM,,2.2209999561309814,2.2209999561309814,2.2209999561309814,2.2209999561309814,2490.0
2026-08-05 15:03:00,WOOF,,2.934999942779541,2.934999942779541,2.934999942779541,2.934999942779541,295.0
2026-08-05 15:04:00,ACDC,,4.489999771118164,4.489999771118164,4.474999904632568,4.474999904632568,5793.0
2026-08-05 15:04:00,DTIL,,7.465000152587891,7.465000152587891,7.465000152587891,7.465000152587891,165.0
2026-08-05 15:04:00,EYE,,23.010000228881836,23.020000457763672,22.9950008392334,22.9950008392334,6561.0
2026-08-05 15:04:00,GLUE,,15.5,15.5,15.5,15.5,313.0
2026-08-05 15:04:00,KIDS,,21.540000915527344,21.690000534057617,21.520000457763672,21.639999389648438,34979.0
2026-08-05 15:04:00,KTTA,,0.45350000262260437,0.45350000262260437,0.45350000262260437,0.45350000262260437,1868.0
2026-08-05 15:04:00,MDB,,376.4100036621094,376.4100036621094,376.3800048828125,376.3800048828125,499.0
2026-08-05 15:04:00,MDLZ,,62.47999954223633,62.505001068115234,62.47999954223633,62.505001068115234,12288.0
2026-08-05 15:04:00,MLTX,,17.559900283813477,17.559900283813477,17.549999237060547,17.549999237060547,470.0
2026-08-05 15:04:00,MNRO,,13.125,13.125,13.125,13.125,576.0
2026-08-05 15:04:00,MNST,,94.63999938964844,94.6500015258789,94.61000061035156,94.6500015258789,4747.0
2026-08-05 15:04:00,MORN,,197.9499969482422,197.9499969482422,197.9499969482422,197.9499969482422,145.0
2026-08-05 15:04:00,MOVE,,12.239999771118164,12.239999771118164,12.239999771118164,12.239999771118164,1338.0
2026-08-05 15:04:00,MPWR,,1345.010009765625,1346.7198486328125,1345.010009765625,1346.7198486328125,401.0
2026-08-05 15:04:00,MRNA,,56.290000915527344,56.310001373291016,56.2400016784668,56.26499938964844,9272.0
2026-08-05 15:04:00,MYGN,,3.115000009536743,3.115000009536743,3.115000009536743,3.115000009536743,881.0
2026-08-05 15:04:00,NAMS,,27.219999313354492,27.219999313354492,27.209999084472656,27.209999084472656,1727.0
2026-08-05 15:04:00,NAVI,,9.104999542236328,9.104999542236328,9.104999542236328,9.104999542236328,564.0
2026-08-05 15:04:00,NB,,5.044899940490723,5.050000190734863,5.044899940490723,5.045000076293945,2921.0
2026-08-05 15:04:00,NBIX,,162.57000732421875,162.6999969482422,162.55999755859375,162.57000732421875,4712.0
2026-08-05 15:04:00,NCMI,,4.09499979019165,4.09499979019165,4.09499979019165,4.09499979019165,619.0
2026-08-05 15:04:00,NCNA,,1.3198000192642212,1.3198000192642212,1.3198000192642212,1.3198000192642212,0.0
2026-08-05 15:04:00,NDAQ,,94.70999908447266,94.70999908447266,94.69999694824219,94.70999908447266,2376.0
2026-08-05 15:04:00,NDSN,,310.510009765625,310.510009765625,310.3500061035156,310.3500061035156,173.0
2026-08-05 15:04:00,NEO,,15.880000114440918,15.899999618530273,15.880000114440918,15.899999618530273,1698.0
2026-08-05 15:04:00,NEOG,,11.585000038146973,11.585000038146973,11.585000038146973,11.585000038146973,3664.0
2026-08-05 15:04:00,NESR,,28.6299991607666,28.6299991607666,28.6299991607666,28.6299991607666,861.0
2026-08-05 15:04:00,NEWT,,15.0600004196167,15.0600004196167,15.0600004196167,15.0600004196167,501.0
2026-08-05 15:04:00,NEXT,,6.474999904632568,6.474999904632568,6.465000152587891,6.465000152587891,5421.0
2026-08-05 15:04:00,NFLX,,73.53500366210938,73.54000091552734,73.45999908447266,73.46219635009766,50346.0
2026-08-05 15:04:00,NICE,,99.7750015258789,99.7750015258789,99.63999938964844,99.63999938964844,1795.0
2026-08-05 15:04:00,NKTR,,72.69000244140625,72.69000244140625,72.55999755859375,72.55999755859375,2855.0
2026-08-05 15:04:00,NKTX,,2.200000047683716,2.2060000896453857,2.200000047683716,2.200000047683716,855.0
2026-08-05 15:04:00,NMFC,,7.340000152587891,7.340000152587891,7.340000152587891,7.340000152587891,1540.0
2026-08-05 15:04:00,NMRA,,1.601099967956543,1.601099967956543,1.601099967956543,1.601099967956543,690.0
2026-08-05 15:04:00,NMRK,,15.694999694824219,15.699999809265137,15.694999694824219,15.699999809265137,2154.0
2026-08-05 15:04:00,NN,,14.725000381469727,14.725000381469727,14.669400215148926,14.669400215148926,12856.0
2026-08-05 15:04:00,NNBR,,3.7850000858306885,3.7850000858306885,3.7799999713897705,3.7799999713897705,1530.0
2026-08-05 15:04:00,NNDM,,1.5549999475479126,1.5549999475479126,1.5549999475479126,1.5549999475479126,515.0
2026-08-05 15:04:00,NNOX,,1.0099999904632568,1.0099999904632568,1.0099999904632568,1.0099999904632568,126.0
2026-08-05 15:04:00,NOVT,,155.22000122070312,155.22000122070312,155.22000122070312,155.22000122070312,1290.0
2026-08-05 15:04:00,NRDS,,9.074999809265137,9.074999809265137,9.0649995803833,9.0649995803833,1391.0
2026-08-05 15:04:00,NRIM,,27.040000915527344,27.040000915527344,27.040000915527344,27.040000915527344,2572.0
2026-08-05 15:04:00,NRIX,,24.799999237060547,24.799999237060547,24.799999237060547,24.799999237060547,1212.0
2026-08-05 15:04:00,NRXP,,3.055000066757202,3.055000066757202,3.055000066757202,3.055000066757202,746.0
2026-08-05 15:04:00,NTAP,,190.19000244140625,190.36000061035156,190.19000244140625,190.33770751953125,3825.0
2026-08-05 15:04:00,NTCT,,41.84000015258789,41.849998474121094,41.84000015258789,41.849998474121094,498.0
2026-08-05 15:04:00,NTNX,,61.279998779296875,61.290000915527344,61.224998474121094,61.275001525878906,8410.0
2026-08-05 15:04:00,NTRA,,273.1000061035156,273.1000061035156,272.989990234375,272.989990234375,1256.0
2026-08-05 15:04:00,NTRS,,184.66000366210938,184.84500122070312,184.66000366210938,184.84500122070312,5354.0
2026-08-05 15:04:00,NUWE,,1.6890000104904175,1.6890000104904175,1.6890000104904175,1.6890000104904175,469.0
2026-08-05 15:04:00,NVAX,,7.585000038146973,7.585000038146973,7.579999923706055,7.579999923706055,2767.0
2026-08-05 15:04:00,NVCR,,16.06999969482422,16.06999969482422,16.05500030517578,16.05500030517578,1421.0
2026-08-05 15:04:00,NVCT,,19.59000015258789,19.59000015258789,19.59000015258789,19.59000015258789,561.0
2026-08-05 15:04:00,NVDA,,222.02000427246094,222.07000732421875,221.85499572753906,221.85499572753906,298299.0
2026-08-05 15:04:00,NVMI,,407.010009765625,407.4700012207031,407.010009765625,407.0450134277344,991.0
2026-08-05 15:04:00,NVTS,,12.414999961853027,12.414999961853027,12.40999984741211,12.414999961853027,13770.0
2026-08-05 15:04:00,NWBI,,15.944999694824219,15.944999694824219,15.944999694824219,15.944999694824219,952.0
2026-08-05 15:04:00,NWL,,6.195000171661377,6.195000171661377,6.190000057220459,6.190000057220459,8651.0
2026-08-05 15:04:00,NWS,,32.380001068115234,32.38999938964844,32.380001068115234,32.38999938964844,1536.0
2026-08-05 15:04:00,NWSA,,28.375,28.385000228881836,28.360000610351562,28.3799991607666,10197.0
2026-08-05 15:04:00,NXL,,0.3452000021934509,0.3452000021934509,0.3452000021934509,0.3452000021934509,0.0
2026-08-05 15:04:00,NXPI,,231.6300048828125,231.7100067138672,231.57000732421875,231.7100067138672,1902.0
2026-08-05 15:04:00,NXT,,99.40499877929688,99.51000213623047,99.4000015258789,99.50499725341797,7646.0
2026-08-05 15:04:00,OABI,,2.075000047683716,2.0950000286102295,2.075000047683716,2.0950000286102295,4964.0
2026-08-05 15:04:00,OBIO,,4.21999979019165,4.21999979019165,4.199999809265137,4.210000038146973,5883.0
2026-08-05 15:04:00,OCFC,,19.899999618530273,19.90999984741211,19.899999618530273,19.90999984741211,3017.0
2026-08-05 15:04:00,OCGN,,1.284999966621399,1.284999966621399,1.284999966621399,1.284999966621399,8154.0
2026-08-05 15:04:00,OCS,,11.979999542236328,11.979999542236328,11.979999542236328,11.979999542236328,331.0
2026-08-05 15:04:00,OCSL,,12.03499984741211,12.03499984741211,12.03499984741211,12.03499984741211,896.0
2026-08-05 15:04:00,OCUL,,8.5600004196167,8.5600004196167,8.5600004196167,8.5600004196167,325.0
2026-08-05 15:04:00,ODD,,15.260000228881836,15.260000228881836,15.260000228881836,15.260000228881836,637.0
2026-08-05 15:04:00,ODFL,,214.05999755859375,214.10000610351562,214.05499267578125,214.10000610351562,1533.0
2026-08-05 15:04:00,OKTA,,148.30999755859375,148.39999389648438,148.30999755859375,148.39999389648438,1920.0
2026-08-05 15:04:00,OKYO,,1.5950000286102295,1.5950000286102295,1.5950000286102295,1.5950000286102295,382.0
2026-08-05 15:04:00,OLLI,,77.97000122070312,78.1050033569336,77.94999694824219,78.06999969482422,4582.0
2026-08-05 15:04:00,OLMA,,11.5,11.5,11.479999542236328,11.489999771118164,1532.0
2026-08-05 15:04:00,OMCL,,37.209999084472656,37.209999084472656,37.19499969482422,37.19499969482422,955.0
2026-08-05 15:04:00,OMEX,,0.7454000115394592,0.7454000115394592,0.7454000115394592,0.7454000115394592,200.0
2026-08-05 15:04:00,OMH,,0.1151999980211258,0.1151999980211258,0.1151999980211258,0.1151999980211258,1568.0
2026-08-05 15:04:00,ON,,77.56999969482422,77.68000030517578,77.56999969482422,77.62999725341797,18220.0
2026-08-05 15:04:00,ONB,,27.026399612426758,27.03499984741211,27.024999618530273,27.030000686645508,19843.0
2026-08-05 15:04:00,ONBPO,,24.800100326538086,24.815000534057617,24.800100326538086,24.815000534057617,100.0
2026-08-05 15:04:00,ONCY,,0.7929999828338623,0.7929999828338623,0.7929999828338623,0.7929999828338623,635.0
2026-08-05 15:04:00,ONDS,,8.789999961853027,8.789999961853027,8.760000228881836,8.765000343322754,293291.0
2026-08-05 15:04:00,ONFO,,0.07450000196695328,0.07450000196695328,0.07360000163316727,0.07360000163316727,10228.0
2026-08-05 15:04:00,OPAL,,2.369999885559082,2.369999885559082,2.369999885559082,2.369999885559082,307.0
2026-08-05 15:04:00,OPCH,,23.5049991607666,23.510000228881836,23.5049991607666,23.510000228881836,3251.0
2026-08-05 15:04:00,OPEN,,3.734999895095825,3.75,3.7300000190734863,3.740000009536743,108036.0
2026-08-05 15:04:00,OPHC,,8.670000076293945,8.670000076293945,8.670000076293945,8.670000076293945,185.0
2026-08-05 15:04:00,OPRA,,19.934999465942383,19.940000534057617,19.93000030517578,19.93000030517578,1531.0
2026-08-05 15:04:00,OPRT,,6.019999980926514,6.019999980926514,6.019999980926514,6.019999980926514,441.0
2026-08-05 15:04:00,ORGO,,2.3350000381469727,2.3350000381469727,2.3350000381469727,2.3350000381469727,1890.0
2026-08-05 15:04:00,ORIC,,12.869999885559082,12.869999885559082,12.869999885559082,12.869999885559082,1621.0
2026-08-05 15:04:00,ORLY,,92.7750015258789,92.83110046386719,92.7699966430664,92.77999877929688,9135.0
2026-08-05 15:04:00,OSBC,,25.795000076293945,25.795000076293945,25.795000076293945,25.795000076293945,471.0
2026-08-05 15:04:00,OSPN,,16.549999237060547,16.549999237060547,16.549999237060547,16.549999237060547,1056.0
2026-08-05 15:04:00,OSS,,13.402000427246094,13.460000038146973,13.399999618530273,13.460000038146973,5558.0
2026-08-05 15:04:00,OSUR,,4.130000114440918,4.135000228881836,4.125,4.125,2885.0
2026-08-05 15:04:00,OSW,,26.510000228881836,26.540000915527344,26.510000228881836,26.520000457763672,2512.0
2026-08-05 15:04:00,OTEX,,25.81999969482422,25.829999923706055,25.815000534057617,25.825000762939453,3587.0
2026-08-05 15:04:00,OTLK,,1.0241999626159668,1.0299999713897705,1.0199999809265137,1.0199999809265137,5249.0
2026-08-05 15:04:00,OVID,,2.575000047683716,2.575000047683716,2.575000047683716,2.575000047683716,1834.0
2026-08-05 15:04:00,PAA,,23.21500015258789,23.21500015258789,23.209999084472656,23.209999084472656,5509.0
2026-08-05 15:04:00,PAAS,,48.209999084472656,48.22999954223633,48.18000030517578,48.18000030517578,8572.0
2026-08-05 15:04:00,PACB,,1.3049999475479126,1.309999942779541,1.2999999523162842,1.3049999475479126,5658.0
2026-08-05 15:04:00,PAGP,,25.190000534057617,25.190000534057617,25.170000076293945,25.170000076293945,1841.0
2026-08-05 15:04:00,PALI,,2.109999895095825,2.109999895095825,2.1050000190734863,2.1050000190734863,1751.0
2026-08-05 15:04:00,PANW,,364.80999755859375,365.27630615234375,364.80999755859375,365.1449890136719,4934.0
2026-08-05 15:04:00,PATK,,87.86000061035156,87.86000061035156,87.86000061035156,87.86000061035156,1376.0
2026-08-05 15:04:00,PAX,,11.399999618530273,11.404999732971191,11.395000457763672,11.395000457763672,3249.0
2026-08-05 15:04:00,PAYO,,7.119999885559082,7.125,7.119999885559082,7.119999885559082,1125.0
2026-08-05 15:04:00,PAYS,,9.130000114440918,9.130000114440918,9.130000114440918,9.130000114440918,241.0
2026-08-05 15:04:00,PAYX,,117.79000091552734,117.8333969116211,117.78500366210938,117.82499694824219,3637.0
2026-08-05 15:04:00,PBYI,,8.010000228881836,8.020000457763672,8.010000228881836,8.020000457763672,2190.0
2026-08-05 15:04:00,PCAR,,133.72000122070312,133.75999450683594,133.72000122070312,133.75999450683594,3745.0
2026-08-05 15:04:00,PCRX,,25.03499984741211,25.03499984741211,25.03499984741211,25.03499984741211,2827.0
2026-08-05 15:04:00,PCT,,6.965000152587891,6.96999979019165,6.965000152587891,6.965000152587891,1570.0
2026-08-05 15:04:00,PCTY,,146.36000061035156,146.36000061035156,146.3000030517578,146.3000030517578,2260.0
2026-08-05 15:04:00,PDD,,90.70500183105469,90.72000122070312,90.69999694824219,90.69999694824219,1688.0
2026-08-05 15:04:00,PDFS,,50.20500183105469,50.20500183105469,50.20500183105469,50.20500183105469,208.0
2026-08-05 15:04:00,PDLB,,20.420000076293945,20.420000076293945,20.420000076293945,20.420000076293945,482.0
2026-08-05 15:04:00,PEBO,,41.66999816894531,41.66999816894531,41.66999816894531,41.66999816894531,140.0
2026-08-05 15:04:00,PECO,,41.39500045776367,41.39500045776367,41.369998931884766,41.380001068115234,2354.0
2026-08-05 15:04:00,PEGA,,31.850000381469727,31.8799991607666,31.84000015258789,31.860000610351562,7971.0
2026-08-05 15:04:00,PENN,,19.729999542236328,19.729999542236328,19.719999313354492,19.719999313354492,4650.0
2026-08-05 15:04:00,PEP,,138.30499267578125,138.30999755859375,138.27999877929688,138.3000030517578,6476.0
2026-08-05 15:04:00,PEPG,,1.965000033378601,1.965000033378601,1.965000033378601,1.965000033378601,500.0
2026-08-05 15:04:00,PERI,,9.600000381469727,9.600000381469727,9.600000381469727,9.600000381469727,709.0
2026-08-05 15:04:00,PFG,,114.33000183105469,114.37000274658203,114.33000183105469,114.37000274658203,1705.0
2026-08-05 15:04:00,PFIS,,71.94499969482422,71.94499969482422,71.94499969482422,71.94499969482422,2425.0
2026-08-05 15:04:00,PGEN,,6.880000114440918,6.894999980926514,6.880000114440918,6.889999866485596,15098.0
2026-08-05 15:04:00,PGNY,,31.665000915527344,31.665000915527344,31.665000915527344,31.665000915527344,977.0
2026-08-05 15:04:00,PGY,,21.690000534057617,21.690000534057617,21.68000030517578,21.690000534057617,3066.0
2026-08-05 15:04:00,PHAT,,8.354999542236328,8.358400344848633,8.354999542236328,8.358400344848633,2417.0
2026-08-05 15:04:00,PLAB,,32.15999984741211,32.15999984741211,32.15999984741211,32.15999984741211,573.0
2026-08-05 15:04:00,PLBY,,1.1449999809265137,1.1450999975204468,1.1449999809265137,1.1450999975204468,10598.0
2026-08-05 15:04:00,PLMR,,134.83999633789062,135.08999633789062,134.73500061035156,134.73500061035156,3347.0
2026-08-05 15:04:00,PLPC,,468.7099914550781,468.7099914550781,468.4775085449219,468.4775085449219,377.0
2026-08-05 15:04:00,PLSE,,37.529998779296875,37.529998779296875,37.529998779296875,37.529998779296875,275.0
2026-08-05 15:04:00,PLTK,,3.8949999809265137,3.8949999809265137,3.884999990463257,3.890000104904175,4041.0
2026-08-05 15:04:00,PLUG,,2.069999933242798,2.0799999237060547,2.069999933242798,2.075000047683716,6881.0
2026-08-05 15:04:00,PNBK,,1.1349999904632568,1.1349999904632568,1.1349999904632568,1.1349999904632568,107.0
2026-08-05 15:04:00,PNFP,,107.86599731445312,107.91999816894531,107.80999755859375,107.91999816894531,8493.0
2026-08-05 15:04:00,POET,,8.234999656677246,8.239999771118164,8.234999656677246,8.239999771118164,6316.0
2026-08-05 15:04:00,POWI,,61.904998779296875,61.904998779296875,61.904998779296875,61.904998779296875,599.0
2026-08-05 15:04:00,POWL,,211.39999389648438,211.74000549316406,211.39999389648438,211.50999450683594,3806.0
2026-08-05 15:04:00,PPC,,26.5,26.510000228881836,26.5,26.510000228881836,3044.0
2026-08-05 15:04:00,PPTA,,22.600000381469727,22.600000381469727,22.59000015258789,22.59000015258789,850.0
2026-08-05 15:04:00,PRAA,,17.299999237060547,17.309999465942383,17.299999237060547,17.309999465942383,2024.0
2026-08-05 15:04:00,PRAX,,317.6000061035156,317.6000061035156,316.8599853515625,317.44000244140625,2300.0
2026-08-05 15:04:00,PRCH,,15.829999923706055,15.850000381469727,15.829999923706055,15.850000381469727,3204.0
2026-08-05 15:04:00,PRCT,,19.209999084472656,19.25,19.200000762939453,19.235000610351562,7808.0
2026-08-05 15:04:00,PRGS,,42.380001068115234,42.380001068115234,42.380001068115234,42.380001068115234,518.0
2026-08-05 15:04:00,PRIM,,84.66000366210938,84.8499984741211,84.66000366210938,84.8499984741211,2161.0
2026-08-05 15:04:00,PROF,,8.024999618530273,8.024999618530273,8.024999618530273,8.024999618530273,126.0
2026-08-05 15:04:00,PRSO,,0.7049999833106995,0.7049999833106995,0.7049999833106995,0.7049999833106995,394.0
2026-08-05 15:04:00,PRTA,,8.444999694824219,8.449999809265137,8.444999694824219,8.449999809265137,1897.0
2026-08-05 15:04:00,PRTH,,6.625,6.625,6.625,6.625,383.0
2026-08-05 15:04:00,PRVA,,24.139999389648438,24.139999389648438,24.125,24.125,2942.0
2026-08-05 15:04:00,PSEC,,2.174999952316284,2.174999952316284,2.1700000762939453,2.174999952316284,4847.0
2026-08-05 15:04:00,PSNL,,13.510000228881836,13.510000228881836,13.489999771118164,13.489999771118164,813.0
2026-08-05 15:04:00,PSNY,,14.140000343322754,14.140000343322754,14.140000343322754,14.140000343322754,100.0
2026-08-05 15:04:00,PTEN,,9.78499984741211,9.78499984741211,9.779999732971191,9.78499984741211,3986.0
2026-08-05 15:04:00,PTGX,,135.8000030517578,135.8000030517578,135.8000030517578,135.8000030517578,655.0
2026-08-05 15:04:00,PTLO,,4.619999885559082,4.619999885559082,4.605000019073486,4.605000019073486,2334.0
2026-08-05 15:04:00,PTON,,6.485000133514404,6.4899001121521,6.485000133514404,6.4899001121521,6518.0
2026-08-05 15:04:00,PUBM,,13.515000343322754,13.529999732971191,13.515000343322754,13.520000457763672,3372.0
2026-08-05 15:04:00,PWP,,17.450000762939453,17.459999084472656,17.43000030517578,17.440000534057617,5640.0
2026-08-05 15:04:00,PYPL,,58.08000183105469,58.09000015258789,58.08000183105469,58.08000183105469,6308.0
2026-08-05 15:04:00,PZZA,,29.84000015258789,29.84000015258789,29.764999389648438,29.764999389648438,3757.0
2026-08-05 15:04:00,QCOM,,158.25,158.4199981689453,158.2449951171875,158.4199981689453,12111.0
2026-08-05 15:04:00,QFIN,,13.170000076293945,13.180000305175781,13.170000076293945,13.170000076293945,3494.0
2026-08-05 15:04:00,QRVO,,95.30000305175781,95.33999633789062,95.30000305175781,95.33999633789062,810.0
2026-08-05 15:04:00,SEED,,1.0399999618530273,1.0499999523162842,1.0399999618530273,1.0499999523162842,1314.0
2026-08-05 15:04:00,STIM,,2.220900058746338,2.220900058746338,2.220900058746338,2.220900058746338,719.0
2026-08-05 15:04:00,WOOF,,2.934999942779541,2.934999942779541,2.934999942779541,2.934999942779541,7561.0
2026-08-05 15:05:00,ACDC,,4.53000020980835,4.534999847412109,4.489999771118164,4.489999771118164,26803.0
2026-08-05 15:05:00,BPOP,,176.8863067626953,176.8863067626953,176.7899932861328,176.8000030517578,3546.0
2026-08-05 15:05:00,EYE,,22.979999542236328,23.0,22.979999542236328,23.0,6867.0
2026-08-05 15:05:00,FIZZ,,32.209999084472656,32.224998474121094,32.209999084472656,32.224998474121094,1312.0
2026-08-05 15:05:00,FRST,,16.530000686645508,16.530000686645508,16.530000686645508,16.530000686645508,2049.0
2026-08-05 15:05:00,GLUE,,15.529999732971191,15.529999732971191,15.494999885559082,15.510000228881836,2632.0
2026-08-05 15:05:00,KIDS,,21.360000610351562,21.475000381469727,21.31999969482422,21.360000610351562,4809.0
2026-08-05 15:05:00,KTTA,,0.45350000262260437,0.45350000262260437,0.45350000262260437,0.45350000262260437,1823.0
2026-08-05 15:05:00,LUNG,,1.9800000190734863,1.9809999465942383,1.9800000190734863,1.9809999465942383,4913.0
2026-08-05 15:05:00,MBRX,,0.4016999900341034,0.4016999900341034,0.4016999900341034,0.4016999900341034,629.0
2026-08-05 15:05:00,MDB,,376.4700012207031,376.5899963378906,376.4100036621094,376.4100036621094,2473.0
2026-08-05 15:05:00,MDLZ,,62.474998474121094,62.48500061035156,62.46500015258789,62.48500061035156,8603.0
2026-08-05 15:05:00,MLTX,,17.549999237060547,17.549999237060547,17.549999237060547,17.549999237060547,1008.0
2026-08-05 15:05:00,MNRO,,13.130000114440918,13.130000114440918,13.130000114440918,13.130000114440918,1901.0
2026-08-05 15:05:00,MNST,,94.62000274658203,94.63999938964844,94.62000274658203,94.62999725341797,4229.0
2026-08-05 15:05:00,MORN,,198.35000610351562,198.35000610351562,198.16000366210938,198.16000366210938,1774.0
2026-08-05 15:05:00,MPWR,,1345.56005859375,1345.56005859375,1344.3399658203125,1345.0899658203125,627.0
2026-08-05 15:05:00,MRNA,,56.3650016784668,56.38999938964844,56.310001373291016,56.310001373291016,7468.0
2026-08-05 15:05:00,MYGN,,3.115000009536743,3.115000009536743,3.115000009536743,3.115000009536743,2152.0
2026-08-05 15:05:00,MYPS,,0.7398999929428101,0.7398999929428101,0.739799976348877,0.7398999929428101,1248.0
2026-08-05 15:05:00,MYRG,,340.0450134277344,340.0450134277344,340.0450134277344,340.0450134277344,384.0
2026-08-05 15:05:00,NAMS,,27.239999771118164,27.239999771118164,27.229999542236328,27.229999542236328,1714.0
2026-08-05 15:05:00,NAUT,,0.9329000115394592,0.9337000250816345,0.9329000115394592,0.9337000250816345,332.0
2026-08-05 15:05:00,NAVI,,9.100000381469727,9.100000381469727,9.100000381469727,9.100000381469727,620.0
2026-08-05 15:05:00,NB,,5.050000190734863,5.054999828338623,5.048900127410889,5.050000190734863,10720.0
2026-08-05 15:05:00,NBIX,,162.5500030517578,162.63999938964844,162.5500030517578,162.63999938964844,1676.0
2026-08-05 15:05:00,NBTB,,53.310001373291016,53.310001373291016,53.310001373291016,53.310001373291016,383.0
2026-08-05 15:05:00,NCMI,,4.09499979019165,4.09499979019165,4.09499979019165,4.09499979019165,212.0
2026-08-05 15:05:00,NDAQ,,94.69000244140625,94.69000244140625,94.66999816894531,94.66999816894531,583.0
2026-08-05 15:05:00,NDSN,,310.67999267578125,310.67999267578125,310.5199890136719,310.5199890136719,738.0
2026-08-05 15:05:00,NEGG,,17.350000381469727,17.350000381469727,17.350000381469727,17.350000381469727,449.0
2026-08-05 15:05:00,NEO,,15.859999656677246,15.885000228881836,15.859999656677246,15.885000228881836,8489.0
2026-08-05 15:05:00,NEOG,,11.585000038146973,11.59000015258789,11.579999923706055,11.585000038146973,2217.0
2026-08-05 15:05:00,NEOV,,2.825000047683716,2.825000047683716,2.819999933242798,2.819999933242798,7479.0
2026-08-05 15:05:00,NESR,,28.604999542236328,28.610000610351562,28.600000381469727,28.610000610351562,1740.0
2026-08-05 15:05:00,NEWT,,15.085000038146973,15.085000038146973,15.085000038146973,15.085000038146973,1113.0
2026-08-05 15:05:00,NEXT,,6.480000019073486,6.480000019073486,6.474999904632568,6.480000019073486,3845.0
2026-08-05 15:05:00,NFLX,,73.59500122070312,73.61000061035156,73.52999877929688,73.53500366210938,124652.0
2026-08-05 15:05:00,NGNE,,35.564998626708984,35.564998626708984,35.564998626708984,35.564998626708984,452.0
2026-08-05 15:05:00,NICE,,99.68000030517578,99.7699966430664,99.58999633789062,99.7699966430664,5477.0
2026-08-05 15:05:00,NKTX,,2.200000047683716,2.2049999237060547,2.200000047683716,2.200000047683716,1031.0
2026-08-05 15:05:00,NMIH,,44.540000915527344,44.58000183105469,44.540000915527344,44.58000183105469,4687.0
2026-08-05 15:05:00,NMRA,,1.6050000190734863,1.6050000190734863,1.6050000190734863,1.6050000190734863,264.0
2026-08-05 15:05:00,NMRK,,15.694999694824219,15.694999694824219,15.694999694824219,15.694999694824219,1173.0
2026-08-05 15:05:00,NN,,14.739899635314941,14.739899635314941,14.710000038146973,14.729999542236328,7961.0
2026-08-05 15:05:00,NNBR,,3.7887001037597656,3.7899999618530273,3.7850000858306885,3.7850000858306885,1584.0
2026-08-05 15:05:00,NNDM,,1.5549999475479126,1.5549999475479126,1.5549999475479126,1.5549999475479126,843.0
2026-08-05 15:05:00,NNOX,,1.0049999952316284,1.0049999952316284,1.0049999952316284,1.0049999952316284,511.0
2026-08-05 15:05:00,NRDS,,9.074999809265137,9.074999809265137,9.074999809265137,9.074999809265137,2741.0
2026-08-05 15:05:00,NRIX,,24.825000762939453,24.829999923706055,24.780000686645508,24.780000686645508,4251.0
2026-08-05 15:05:00,NRXP,,3.055000066757202,3.055000066757202,3.055000066757202,3.055000066757202,138.0
2026-08-05 15:05:00,NTAP,,190.11000061035156,190.11500549316406,190.11000061035156,190.11000061035156,2855.0
2026-08-05 15:05:00,NTCT,,41.849998474121094,41.849998474121094,41.849998474121094,41.849998474121094,745.0
2026-08-05 15:05:00,NTGR,,24.34000015258789,24.350000381469727,24.34000015258789,24.350000381469727,1037.0
2026-08-05 15:05:00,NTNX,,61.26499938964844,61.275001525878906,61.2599983215332,61.27000045776367,4304.0
2026-08-05 15:05:00,NTRA,,272.7149963378906,273.1000061035156,272.7149963378906,273.1000061035156,2681.0
2026-08-05 15:05:00,NTRS,,184.5800018310547,184.6699981689453,184.5800018310547,184.66000366210938,5945.0
2026-08-05 15:05:00,NUWE,,1.690000057220459,1.690000057220459,1.6806999444961548,1.6806999444961548,1680.0
2026-08-05 15:05:00,NVAX,,7.599899768829346,7.599999904632568,7.579999923706055,7.579999923706055,7210.0
2026-08-05 15:05:00,NVCR,,16.09000015258789,16.09000015258789,16.065000534057617,16.065000534057617,2186.0
2026-08-05 15:05:00,NVDA,,222.08999633789062,222.14999389648438,221.9499969482422,222.02000427246094,293350.0
2026-08-05 15:05:00,NVEC,,129.72500610351562,129.72500610351562,129.24000549316406,129.24000549316406,1488.0
2026-08-05 15:05:00,NVMI,,407.18499755859375,407.18499755859375,406.9100036621094,406.9100036621094,616.0
2026-08-05 15:05:00,NVTS,,12.4350004196167,12.4350004196167,12.414999961853027,12.414999961853027,11528.0
2026-08-05 15:05:00,NWBI,,15.9350004196167,15.9399995803833,15.9350004196167,15.9399995803833,4092.0
2026-08-05 15:05:00,NWL,,6.195000171661377,6.195000171661377,6.190000057220459,6.195000171661377,6293.0
2026-08-05 15:05:00,NWS,,32.3849983215332,32.3849983215332,32.3849983215332,32.3849983215332,1152.0
2026-08-05 15:05:00,NWSA,,28.3799991607666,28.3799991607666,28.364999771118164,28.3700008392334,8221.0
2026-08-05 15:05:00,NXPI,,231.75,231.75,231.6199951171875,231.7100067138672,5617.0
2026-08-05 15:05:00,NXST,,190.48500061035156,190.60000610351562,190.48500061035156,190.60000610351562,1050.0
2026-08-05 15:05:00,NXT,,99.47010040283203,99.52999877929688,99.44000244140625,99.45999908447266,3308.0
2026-08-05 15:05:00,OABI,,2.075000047683716,2.075000047683716,2.075000047683716,2.075000047683716,50.0
2026-08-05 15:05:00,OCC,,15.9399995803833,15.9399995803833,15.890000343322754,15.890000343322754,726.0
2026-08-05 15:05:00,OCFC,,19.899999618530273,19.899999618530273,19.895000457763672,19.899999618530273,5123.0
2026-08-05 15:05:00,OCGN,,1.284999966621399,1.284999966621399,1.284999966621399,1.284999966621399,2985.0
2026-08-05 15:05:00,OCS,,11.989999771118164,11.989999771118164,11.989999771118164,11.989999771118164,207.0
2026-08-05 15:05:00,OCUL,,8.5649995803833,8.5649995803833,8.5649995803833,8.5649995803833,267.0
2026-08-05 15:05:00,ODD,,15.329999923706055,15.329999923706055,15.289999961853027,15.289999961853027,2334.0
2026-08-05 15:05:00,ODFL,,214.09500122070312,214.16000366210938,214.07000732421875,214.0850067138672,3720.0
2026-08-05 15:05:00,OESX,,14.739999771118164,14.885000228881836,14.610099792480469,14.610099792480469,964.0
2026-08-05 15:05:00,OFIX,,10.6850004196167,10.6850004196167,10.6850004196167,10.6850004196167,113.0
2026-08-05 15:05:00,OKTA,,148.29510498046875,148.30999755859375,148.2949981689453,148.30999755859375,905.0
2026-08-05 15:05:00,OLLI,,77.875,77.97699737548828,77.875,77.88500213623047,2492.0
2026-08-05 15:05:00,OLMA,,11.489999771118164,11.489999771118164,11.489999771118164,11.489999771118164,1358.0
2026-08-05 15:05:00,OM,,5.159999847412109,5.159999847412109,5.159999847412109,5.159999847412109,698.0
2026-08-05 15:05:00,ON,,77.69999694824219,77.73999786376953,77.58999633789062,77.58999633789062,15505.0
2026-08-05 15:05:00,ONB,,27.020000457763672,27.024999618530273,27.020000457763672,27.020000457763672,6762.0
2026-08-05 15:05:00,ONCY,,0.792900025844574,0.792900025844574,0.792900025844574,0.792900025844574,379.0
2026-08-05 15:05:00,ONDS,,8.805000305175781,8.8100004196167,8.779999732971191,8.78499984741211,269317.0
2026-08-05 15:05:00,ONFO,,0.07800000160932541,0.07800000160932541,0.07540000230073929,0.07540000230073929,239486.0
2026-08-05 15:05:00,OPCH,,23.5,23.510000228881836,23.489999771118164,23.5049991607666,7713.0
2026-08-05 15:05:00,OPEN,,3.7346999645233154,3.740000009536743,3.7300000190734863,3.734999895095825,33261.0
2026-08-05 15:05:00,OPHC,,8.670000076293945,8.670000076293945,8.670000076293945,8.670000076293945,100.0
2026-08-05 15:05:00,OPK,,1.315000057220459,1.315000057220459,1.315000057220459,1.315000057220459,716.0
2026-08-05 15:05:00,OPRX,,6.940000057220459,6.949999809265137,6.940000057220459,6.949999809265137,607.0
2026-08-05 15:05:00,ORIC,,12.890000343322754,12.890000343322754,12.869999885559082,12.869999885559082,1695.0
2026-08-05 15:05:00,ORLY,,92.80000305175781,92.80000305175781,92.77999877929688,92.77999877929688,8792.0
2026-08-05 15:05:00,OSBC,,25.790000915527344,25.790000915527344,25.78499984741211,25.790000915527344,2297.0
2026-08-05 15:05:00,OSIS,,236.83999633789062,236.83999633789062,236.83999633789062,236.83999633789062,131.0
2026-08-05 15:05:00,OTEX,,25.825000762939453,25.825000762939453,25.81999969482422,25.81999969482422,1125.0
2026-08-05 15:05:00,OTLK,,1.0299999713897705,1.0299999713897705,1.0200999975204468,1.0299999713897705,6212.0
2026-08-05 15:05:00,OTLY,,14.300000190734863,14.300000190734863,14.300000190734863,14.300000190734863,166.0
2026-08-05 15:05:00,OXSQ,,1.5099999904632568,1.5099999904632568,1.5049999952316284,1.507699966430664,10402.0
2026-08-05 15:05:00,PAA,,23.204999923706055,23.21500015258789,23.204999923706055,23.21500015258789,19317.0
2026-08-05 15:05:00,PAAS,,48.189998626708984,48.220001220703125,48.18000030517578,48.209999084472656,7254.0
2026-08-05 15:05:00,PACB,,1.3049999475479126,1.309999942779541,1.3049999475479126,1.3049999475479126,4737.0
2026-08-05 15:05:00,PAGP,,25.18000030517578,25.18000030517578,25.18000030517578,25.18000030517578,951.0
2026-08-05 15:05:00,PALI,,2.109999895095825,2.109999895095825,2.1050000190734863,2.109999895095825,2546.0
2026-08-05 15:05:00,PANW,,365.0400085449219,365.0400085449219,364.6700134277344,364.6700134277344,5796.0
2026-08-05 15:05:00,PAX,,11.399999618530273,11.399999618530273,11.399999618530273,11.399999618530273,1137.0
2026-08-05 15:05:00,PAYO,,7.125,7.125,7.119999885559082,7.125,1996.0
2026-08-05 15:05:00,PAYS,,9.130000114440918,9.130000114440918,9.130000114440918,9.130000114440918,1049.0
2026-08-05 15:05:00,PAYX,,117.79000091552734,117.83000183105469,117.79000091552734,117.80999755859375,3963.0
2026-08-05 15:05:00,PCAR,,133.8000030517578,133.8000030517578,133.77000427246094,133.77999877929688,1253.0
2026-08-05 15:05:00,PCRX,,25.0,25.0,24.93000030517578,24.99250030517578,4743.0
2026-08-05 15:05:00,PCT,,6.980000019073486,6.980000019073486,6.965000152587891,6.965000152587891,7201.0
2026-08-05 15:05:00,PCTY,,146.2550048828125,146.40499877929688,146.2550048828125,146.3800048828125,2066.0
2026-08-05 15:05:00,PDD,,90.66999816894531,90.69999694824219,90.66000366210938,90.69999694824219,5833.0
2026-08-05 15:05:00,PDFS,,50.20500183105469,50.20500183105469,50.20500183105469,50.20500183105469,402.0
2026-08-05 15:05:00,PEBO,,41.65999984741211,41.65999984741211,41.65999984741211,41.65999984741211,672.0
2026-08-05 15:05:00,PEGA,,31.850000381469727,31.850000381469727,31.850000381469727,31.850000381469727,314.0
2026-08-05 15:05:00,PENN,,19.719999313354492,19.729999542236328,19.719999313354492,19.729999542236328,4110.0
2026-08-05 15:05:00,PEP,,138.27000427246094,138.2899932861328,138.2550048828125,138.2899932861328,13466.0
2026-08-05 15:05:00,PEPG,,1.965000033378601,1.965000033378601,1.965000033378601,1.965000033378601,400.0
2026-08-05 15:05:00,PESI,,17.8700008392334,17.8700008392334,17.8700008392334,17.8700008392334,632.0
2026-08-05 15:05:00,PFG,,114.2699966430664,114.29000091552734,114.2699966430664,114.29000091552734,687.0
2026-08-05 15:05:00,PGEN,,6.889999866485596,6.889999866485596,6.880000114440918,6.885000228881836,13591.0
2026-08-05 15:05:00,PGY,,21.700000762939453,21.700000762939453,21.700000762939453,21.700000762939453,3275.0
2026-08-05 15:05:00,PHAT,,8.359999656677246,8.359999656677246,8.359999656677246,8.359999656677246,2191.0
2026-08-05 15:05:00,PLAB,,32.15999984741211,32.15999984741211,32.13999938964844,32.13999938964844,821.0
2026-08-05 15:05:00,PLMR,,134.6999969482422,134.6999969482422,134.6999969482422,134.6999969482422,269.0
2026-08-05 15:05:00,PLUG,,2.075000047683716,2.0799999237060547,2.0701000690460205,2.075000047683716,63080.0
2026-08-05 15:05:00,PNFP,,107.8949966430664,107.8949966430664,107.8949966430664,107.8949966430664,527.0
2026-08-05 15:05:00,POET,,8.241999626159668,8.244999885559082,8.229999542236328,8.234999656677246,4568.0
2026-08-05 15:05:00,POOL,,205.3699951171875,205.3699951171875,205.05909729003906,205.3300018310547,2268.0
2026-08-05 15:05:00,POWL,,211.55999755859375,211.55999755859375,211.42999267578125,211.42999267578125,1239.0
2026-08-05 15:05:00,PPC,,26.489999771118164,26.489999771118164,26.489999771118164,26.489999771118164,3207.0
2026-08-05 15:05:00,PPIH,,26.100000381469727,26.100000381469727,26.100000381469727,26.100000381469727,511.0
2026-08-05 15:05:00,PPTA,,22.58009910583496,22.625,22.58009910583496,22.625,2052.0
2026-08-05 15:05:00,PRAA,,17.280000686645508,17.290000915527344,17.280000686645508,17.290000915527344,1709.0
2026-08-05 15:05:00,PRAX,,317.1650085449219,317.1650085449219,317.1650085449219,317.1650085449219,333.0
2026-08-05 15:05:00,PRCH,,15.829999923706055,15.829999923706055,15.829999923706055,15.829999923706055,1708.0
2026-08-05 15:05:00,PRCT,,19.209999084472656,19.219999313354492,19.190000534057617,19.200000762939453,4459.0
2026-08-05 15:05:00,PRDO,,32.755001068115234,32.755001068115234,32.755001068115234,32.755001068115234,373.0
2026-08-05 15:05:00,PRE,,18.270000457763672,18.270000457763672,18.229999542236328,18.229999542236328,1267.0
2026-08-05 15:05:00,PRIM,,84.69999694824219,84.69999694824219,84.63999938964844,84.69999694824219,2448.0
2026-08-05 15:05:00,PRME,,3.0350000858306885,3.0350000858306885,3.0350000858306885,3.0350000858306885,351.0
2026-08-05 15:05:00,PROF,,8.0,8.020000457763672,7.9207000732421875,7.989999771118164,5918.0
2026-08-05 15:05:00,PROK,,1.6349999904632568,1.6349999904632568,1.6349999904632568,1.6349999904632568,689.0
2026-08-05 15:05:00,PRQR,,1.975000023841858,1.975000023841858,1.975000023841858,1.975000023841858,204.0
2026-08-05 15:05:00,PRTA,,8.4399995803833,8.4399995803833,8.4399995803833,8.4399995803833,434.0
2026-08-05 15:05:00,PRTH,,6.625,6.625,6.625,6.625,1116.0
2026-08-05 15:05:00,PRVA,,24.110000610351562,24.1299991607666,24.110000610351562,24.1299991607666,3746.0
2026-08-05 15:05:00,PSEC,,2.174999952316284,2.174999952316284,2.174999952316284,2.174999952316284,2074.0
2026-08-05 15:05:00,PSMT,,187.1699981689453,187.1699981689453,187.1699981689453,187.1699981689453,322.0
2026-08-05 15:05:00,PSNL,,13.5,13.5,13.5,13.5,1960.0
2026-08-05 15:05:00,PSNY,,14.085000038146973,14.140000343322754,14.085000038146973,14.140000343322754,1543.0
2026-08-05 15:05:00,PTCT,,68.8550033569336,68.86000061035156,68.8550033569336,68.86000061035156,3033.0
2026-08-05 15:05:00,PTEN,,9.774999618530273,9.779999732971191,9.770000457763672,9.779999732971191,18374.0
2026-08-05 15:05:00,PTGX,,135.56500244140625,135.6300048828125,135.39010620117188,135.6199951171875,10216.0
2026-08-05 15:05:00,PTLO,,4.619999885559082,4.619999885559082,4.613900184631348,4.613999843597412,2322.0
2026-08-05 15:05:00,PTON,,6.485000133514404,6.489999771118164,6.480999946594238,6.485000133514404,20529.0
2026-08-05 15:05:00,PUBM,,13.539999961853027,13.550000190734863,13.524999618530273,13.524999618530273,1404.0
2026-08-05 15:05:00,PWP,,17.450000762939453,17.469999313354492,17.450000762939453,17.469999313354492,3356.0
2026-08-05 15:05:00,PYPL,,58.082801818847656,58.09000015258789,58.07500076293945,58.09000015258789,5666.0
2026-08-05 15:05:00,PYXS,,3.130000114440918,3.130000114440918,3.130000114440918,3.130000114440918,252.0
2026-08-05 15:05:00,PZZA,,29.87820053100586,29.889999389648438,29.84000015258789,29.84000015258789,7968.0
2026-08-05 15:05:00,QCOM,,158.410400390625,158.42999267578125,158.22000122070312,158.27999877929688,15354.0
2026-08-05 15:05:00,QCRH,,105.41000366210938,105.41000366210938,105.41000366210938,105.41000366210938,205.0
2026-08-05 15:05:00,QFIN,,13.175000190734863,13.175000190734863,13.175000190734863,13.175000190734863,407.0
2026-08-05 15:05:00,QRVO,,95.2750015258789,95.2750015258789,95.27010345458984,95.27010345458984,1126.0
2026-08-05 15:05:00,SEED,,1.0449999570846558,1.0499999523162842,1.0399999618530273,1.0499999523162842,1238.0
2026-08-05 15:05:00,STIM,,2.2200000286102295,2.2200000286102295,2.2200000286102295,2.2200000286102295,200.0
2026-08-05 15:05:00,WOOF,,2.940000057220459,2.940000057220459,2.940000057220459,2.940000057220459,248.0
2026-08-05 15:06:00,ACDC,,4.53000020980835,4.53000020980835,4.53000020980835,4.53000020980835,2715.0
2026-08-05 15:06:00,BPOP,,176.80499267578125,176.80499267578125,176.72999572753906,176.72999572753906,697.0
2026-08-05 15:06:00,CNXN,,86.2249984741211,86.2249984741211,86.2249984741211,86.2249984741211,218.0
2026-08-05 15:06:00,DTIL,,7.480000019073486,7.480000019073486,7.46999979019165,7.46999979019165,2501.0
2026-08-05 15:06:00,KIDS,,21.350000381469727,21.360000610351562,21.350000381469727,21.360000610351562,469.0
2026-08-05 15:06:00,MBRX,,0.4016999900341034,0.4059999883174896,0.4016999900341034,0.4059999883174896,812.0
2026-08-05 15:06:00,MDB,,376.45001220703125,376.45001220703125,376.2799987792969,376.2799987792969,2141.0
2026-08-05 15:06:00,MDLZ,,62.47999954223633,62.5099983215332,62.474998474121094,62.474998474121094,13694.0
2026-08-05 15:06:00,MLTX,,17.514999389648438,17.540000915527344,17.514999389648438,17.540000915527344,2421.0
2026-08-05 15:06:00,MNPR,,118.26000213623047,118.26000213623047,118.26000213623047,118.26000213623047,671.0
2026-08-05 15:06:00,MNST,,94.62999725341797,94.62999725341797,94.61499786376953,94.62000274658203,7341.0
2026-08-05 15:06:00,MNTS,,4.24560022354126,4.24560022354126,4.24560022354126,4.24560022354126,158.0
2026-08-05 15:06:00,MPWR,,1344.5699462890625,1345.56494140625,1344.18994140625,1344.550048828125,821.0
2026-08-05 15:06:00,MRNA,,56.470001220703125,56.470001220703125,56.38999938964844,56.38999938964844,3007.0
2026-08-05 15:06:00,MYGN,,3.115000009536743,3.115000009536743,3.1050000190734863,3.115000009536743,6208.0
2026-08-05 15:06:00,MYRG,,340.0,340.0,339.9849853515625,340.0,535.0
2026-08-05 15:06:00,NAMS,,27.229999542236328,27.229999542236328,27.229999542236328,27.229999542236328,494.0
2026-08-05 15:06:00,NAVI,,9.095000267028809,9.095000267028809,9.095000267028809,9.095000267028809,869.0
2026-08-05 15:06:00,NB,,5.039999961853027,5.039999961853027,5.039999961853027,5.039999961853027,330.0
2026-08-05 15:06:00,NBIX,,162.61500549316406,162.67999267578125,162.5500030517578,162.55999755859375,4013.0
2026-08-05 15:06:00,NBTB,,53.32500076293945,53.32500076293945,53.310001373291016,53.310001373291016,1700.0
2026-08-05 15:06:00,NDAQ,,94.62000274658203,94.66010284423828,94.6050033569336,94.66000366210938,3884.0
2026-08-05 15:06:00,NDSN,,310.6000061035156,310.6000061035156,310.6000061035156,310.6000061035156,234.0
2026-08-05 15:06:00,NEO,,15.864999771118164,15.864999771118164,15.864999771118164,15.864999771118164,364.0
2026-08-05 15:06:00,NEOG,,11.579999923706055,11.585000038146973,11.579999923706055,11.585000038146973,3073.0
2026-08-05 15:06:00,NEOV,,2.8399999141693115,2.8450000286102295,2.825000047683716,2.825000047683716,15873.0
2026-08-05 15:06:00,NESR,,28.604999542236328,28.604999542236328,28.604999542236328,28.604999542236328,944.0
2026-08-05 15:06:00,NEXT,,6.474999904632568,6.480000019073486,6.474999904632568,6.480000019073486,1001.0
2026-08-05 15:06:00,NFE,,0.3393999934196472,0.34040001034736633,0.3393999934196472,0.3402999937534332,2294.0
2026-08-05 15:06:00,NFLX,,73.6050033569336,73.61499786376953,73.58999633789062,73.6050033569336,97700.0
2026-08-05 15:06:00,NICE,,99.52999877929688,99.52999877929688,99.51000213623047,99.51000213623047,1768.0
2026-08-05 15:06:00,NIU,,2.4549999237060547,2.4549999237060547,2.4549999237060547,2.4549999237060547,697.0
2026-08-05 15:06:00,NKTR,,72.6500015258789,72.6500015258789,72.63999938964844,72.63999938964844,772.0
2026-08-05 15:06:00,NKTX,,2.2100000381469727,2.2100000381469727,2.200000047683716,2.2100000381469727,2129.0
2026-08-05 15:06:00,NMFC,,7.340000152587891,7.34499979019165,7.335000038146973,7.340000152587891,6826.0
2026-08-05 15:06:00,NMIH,,44.56999969482422,44.56999969482422,44.540000915527344,44.540000915527344,1669.0
2026-08-05 15:06:00,NN,,14.720000267028809,14.720000267028809,14.710000038146973,14.720000267028809,5223.0
2026-08-05 15:06:00,NNBR,,3.7799999713897705,3.7899999618530273,3.7799999713897705,3.7850000858306885,1135.0
2026-08-05 15:06:00,NNDM,,1.5549999475479126,1.5549999475479126,1.5549999475479126,1.5549999475479126,1006.0
2026-08-05 15:06:00,NNOX,,1.0,1.0049999952316284,1.0,1.0049999952316284,320.0
2026-08-05 15:06:00,NOVT,,155.24000549316406,155.32000732421875,155.24000549316406,155.32000732421875,2588.0
2026-08-05 15:06:00,NRDS,,9.074999809265137,9.074999809265137,9.074999809265137,9.074999809265137,812.0
2026-08-05 15:06:00,NRIX,,24.829999923706055,24.829999923706055,24.829999923706055,24.829999923706055,942.0
2026-08-05 15:06:00,NTAP,,190.02999877929688,190.11000061035156,190.02999877929688,190.11000061035156,2114.0
2026-08-05 15:06:00,NTCT,,41.88999938964844,41.88999938964844,41.88999938964844,41.88999938964844,443.0
2026-08-05 15:06:00,NTES,,127.5999984741211,127.5999984741211,127.57230377197266,127.57230377197266,293.0
2026-08-05 15:06:00,NTNX,,61.27000045776367,61.27000045776367,61.2599983215332,61.2599983215332,4363.0
2026-08-05 15:06:00,NTRA,,272.7200012207031,272.7200012207031,272.7149963378906,272.7149963378906,892.0
2026-08-05 15:06:00,NTRS,,184.61000061035156,184.61000061035156,184.61000061035156,184.61000061035156,1465.0
2026-08-05 15:06:00,NUWE,,1.684999942779541,1.684999942779541,1.684999942779541,1.684999942779541,706.0
2026-08-05 15:06:00,NVAX,,7.614999771118164,7.614999771118164,7.599899768829346,7.599999904632568,5328.0
2026-08-05 15:06:00,NVCR,,16.079999923706055,16.079999923706055,16.06999969482422,16.079999923706055,5239.0
2026-08-05 15:06:00,NVCT,,19.59000015258789,19.59000015258789,19.59000015258789,19.59000015258789,660.0
2026-08-05 15:06:00,NVDA,,221.94500732421875,222.08999633789062,221.9199981689453,222.08999633789062,215225.0
2026-08-05 15:06:00,NVEC,,130.0050048828125,130.0050048828125,130.0050048828125,130.0050048828125,489.0
2026-08-05 15:06:00,NVMI,,407.1000061035156,407.6700134277344,407.1000061035156,407.6700134277344,770.0
2026-08-05 15:06:00,NVTS,,12.425000190734863,12.4350004196167,12.40999984741211,12.4350004196167,11343.0
2026-08-05 15:06:00,NWBI,,15.96500015258789,15.96500015258789,15.9399995803833,15.9399995803833,15607.0
2026-08-05 15:06:00,NWL,,6.191100120544434,6.195000171661377,6.190000057220459,6.190000057220459,8116.0
2026-08-05 15:06:00,NWS,,32.400001525878906,32.400001525878906,32.38999938964844,32.38999938964844,3777.0
2026-08-05 15:06:00,NWSA,,28.375,28.375,28.364999771118164,28.375,6756.0
2026-08-05 15:06:00,NXPI,,231.5,231.7050018310547,231.5,231.67999267578125,3560.0
2026-08-05 15:06:00,NXST,,190.48500061035156,190.48500061035156,190.48500061035156,190.48500061035156,726.0
2026-08-05 15:06:00,NXT,,99.51000213623047,99.51000213623047,99.51000213623047,99.51000213623047,1912.0
2026-08-05 15:06:00,OABI,,2.069999933242798,2.069999933242798,2.069999933242798,2.069999933242798,1410.0
2026-08-05 15:06:00,OCFC,,19.90999984741211,19.90999984741211,19.90999984741211,19.90999984741211,1260.0
2026-08-05 15:06:00,OCGN,,1.284999966621399,1.284999966621399,1.284999966621399,1.284999966621399,6737.0
2026-08-05 15:06:00,OCS,,12.0,12.0,11.989999771118164,11.989999771118164,222.0
2026-08-05 15:06:00,OCSL,,12.039999961853027,12.039999961853027,12.039999961853027,12.039999961853027,742.0
2026-08-05 15:06:00,OCUL,,8.5600004196167,8.5600004196167,8.5600004196167,8.5600004196167,1678.0
2026-08-05 15:06:00,ODFL,,214.1475067138672,214.1475067138672,214.1475067138672,214.1475067138672,392.0
2026-08-05 15:06:00,OFIX,,10.65999984741211,10.670000076293945,10.65999984741211,10.670000076293945,1119.0
2026-08-05 15:06:00,OKTA,,148.31500244140625,148.33999633789062,148.2949981689453,148.2949981689453,3915.0
2026-08-05 15:06:00,OLLI,,78.07599639892578,78.0999984741211,77.79340362548828,77.79340362548828,3221.0
2026-08-05 15:06:00,OMCL,,37.15999984741211,37.209999084472656,37.15999984741211,37.209999084472656,2146.0
2026-08-05 15:06:00,OMER,,12.699999809265137,12.699999809265137,12.6899995803833,12.6899995803833,3240.0
2026-08-05 15:06:00,OMH,,0.11429999768733978,0.11509999632835388,0.11429999768733978,0.11509999632835388,18120.0
2026-08-05 15:06:00,ON,,77.56890106201172,77.69499969482422,77.55000305175781,77.69000244140625,35405.0
2026-08-05 15:06:00,ONB,,27.03499984741211,27.03499984741211,27.014999389648438,27.020000457763672,12053.0
2026-08-05 15:06:00,ONBPP,,24.889999389648438,24.889999389648438,24.889999389648438,24.889999389648438,2898.0
2026-08-05 15:06:00,ONCY,,0.792900025844574,0.792900025844574,0.792900025844574,0.792900025844574,400.0
2026-08-05 15:06:00,ONDS,,8.800000190734863,8.8100004196167,8.789999961853027,8.805000305175781,333650.0
2026-08-05 15:06:00,ONFO,,0.0763000026345253,0.07800000160932541,0.0763000026345253,0.07779999822378159,61022.0
2026-08-05 15:06:00,OPAL,,2.369999885559082,2.369999885559082,2.369999885559082,2.369999885559082,309.0
2026-08-05 15:06:00,OPCH,,23.489999771118164,23.510000228881836,23.485000610351562,23.5049991607666,13280.0
2026-08-05 15:06:00,OPEN,,3.75,3.75,3.7300000190734863,3.7300000190734863,135940.0
2026-08-05 15:06:00,OPHC,,8.770000457763672,8.770000457763672,8.670000076293945,8.670000076293945,201.0
2026-08-05 15:06:00,ORIC,,12.869999885559082,12.880000114440918,12.869999885559082,12.880000114440918,2567.0
2026-08-05 15:06:00,ORLY,,92.80500030517578,92.8499984741211,92.80000305175781,92.80000305175781,7416.0
2026-08-05 15:06:00,OSIS,,236.77000427246094,237.0,236.77000427246094,237.0,1145.0
2026-08-05 15:06:00,OSPN,,16.56999969482422,16.56999969482422,16.56999969482422,16.56999969482422,528.0
2026-08-05 15:06:00,OSS,,13.4399995803833,13.4399995803833,13.4399995803833,13.4399995803833,1183.0
2026-08-05 15:06:00,OSW,,26.510000228881836,26.510000228881836,26.510000228881836,26.510000228881836,326.0
2026-08-05 15:06:00,OTEX,,25.825000762939453,25.825000762939453,25.815000534057617,25.815000534057617,2715.0
2026-08-05 15:06:00,OTLK,,1.0298999547958374,1.0299999713897705,1.0200999975204468,1.0200999975204468,11141.0
2026-08-05 15:06:00,OTLY,,14.329999923706055,14.34000015258789,14.329999923706055,14.34000015258789,266.0
2026-08-05 15:06:00,OVID,,2.575000047683716,2.5799999237060547,2.575000047683716,2.5799999237060547,1629.0
2026-08-05 15:06:00,OXLC,,9.145999908447266,9.145999908447266,9.145999908447266,9.145999908447266,736.0
2026-08-05 15:06:00,OXSQ,,1.5099999904632568,1.5099999904632568,1.500100016593933,1.500100016593933,23582.0
2026-08-05 15:06:00,PAA,,23.204999923706055,23.204999923706055,23.200000762939453,23.204999923706055,5814.0
2026-08-05 15:06:00,PAAS,,48.189998626708984,48.20000076293945,48.16999816894531,48.189998626708984,5591.0
2026-08-05 15:06:00,PACB,,1.3049999475479126,1.309999942779541,1.3049999475479126,1.3049999475479126,1661.0
2026-08-05 15:06:00,PAGP,,25.170000076293945,25.170000076293945,25.170000076293945,25.170000076293945,996.0
2026-08-05 15:06:00,PALI,,2.109999895095825,2.109999895095825,2.109999895095825,2.109999895095825,1500.0
2026-08-05 15:06:00,PANW,,365.05999755859375,365.07989501953125,364.7923889160156,365.0400085449219,7721.0
2026-08-05 15:06:00,PATK,,87.9800033569336,87.9800033569336,87.95999908447266,87.95999908447266,653.0
2026-08-05 15:06:00,PAX,,11.395000457763672,11.395000457763672,11.390000343322754,11.390000343322754,1067.0
2026-08-05 15:06:00,PAYO,,7.125,7.125,7.119999885559082,7.125,494.0
2026-08-05 15:06:00,PAYX,,117.80999755859375,117.81999969482422,117.77999877929688,117.77999877929688,3488.0
2026-08-05 15:06:00,PCAR,,133.75999450683594,133.83999633789062,133.75999450683594,133.7899932861328,6279.0
2026-08-05 15:06:00,PCRX,,24.950000762939453,24.985000610351562,24.950000762939453,24.979999542236328,2791.0
2026-08-05 15:06:00,PCT,,6.96999979019165,6.974999904632568,6.96999979019165,6.974999904632568,3263.0
2026-08-05 15:06:00,PCTY,,146.39500427246094,146.39500427246094,146.2550048828125,146.2550048828125,399.0
2026-08-05 15:06:00,PDD,,90.68000030517578,90.68000030517578,90.68000030517578,90.68000030517578,1636.0
2026-08-05 15:06:00,PDFS,,50.21500015258789,50.21500015258789,50.209999084472656,50.209999084472656,801.0
2026-08-05 15:06:00,PDSB,,0.7114999890327454,0.7114999890327454,0.7114999890327454,0.7114999890327454,406.0
2026-08-05 15:06:00,PEBK,,43.35499954223633,43.35499954223633,43.35499954223633,43.35499954223633,400.0
2026-08-05 15:06:00,PECO,,41.380001068115234,41.380001068115234,41.380001068115234,41.380001068115234,997.0
2026-08-05 15:06:00,PEGA,,31.860000610351562,31.860000610351562,31.850000381469727,31.860000610351562,2371.0
2026-08-05 15:06:00,PENN,,19.71500015258789,19.71500015258789,19.709999084472656,19.71500015258789,2948.0
2026-08-05 15:06:00,PEP,,138.31959533691406,138.31959533691406,138.27999877929688,138.27999877929688,4618.0
2026-08-05 15:06:00,PEPG,,1.965000033378601,1.965000033378601,1.965000033378601,1.965000033378601,488.0
2026-08-05 15:06:00,PERI,,9.600000381469727,9.600000381469727,9.600000381469727,9.600000381469727,1397.0
2026-08-05 15:06:00,PESI,,17.920000076293945,17.920000076293945,17.920000076293945,17.920000076293945,221.0
2026-08-05 15:06:00,PFBC,,106.55000305175781,106.55000305175781,106.55000305175781,106.55000305175781,353.0
2026-08-05 15:06:00,PFG,,114.28500366210938,114.29000091552734,114.27999877929688,114.27999877929688,1156.0
2026-08-05 15:06:00,PGEN,,6.894999980926514,6.900000095367432,6.889999866485596,6.894999980926514,7484.0
2026-08-05 15:06:00,PGY,,21.690000534057617,21.690000534057617,21.690000534057617,21.690000534057617,630.0
2026-08-05 15:06:00,PHAT,,8.359999656677246,8.359999656677246,8.359999656677246,8.359999656677246,960.0
2026-08-05 15:06:00,PHVS,,33.48500061035156,33.57500076293945,33.48500061035156,33.5,5333.0
2026-08-05 15:06:00,PLAB,,32.150001525878906,32.150001525878906,32.119998931884766,32.150001525878906,1267.0
2026-08-05 15:06:00,PLBY,,1.1449999809265137,1.1449999809265137,1.1449999809265137,1.1449999809265137,10101.0
2026-08-05 15:06:00,PLMR,,134.9250030517578,134.9250030517578,134.9250030517578,134.9250030517578,105.0
2026-08-05 15:06:00,PLRX,,1.059999942779541,1.059999942779541,1.059999942779541,1.059999942779541,407.0
2026-08-05 15:06:00,PLSE,,37.59000015258789,37.59000015258789,37.529998779296875,37.529998779296875,2173.0
2026-08-05 15:06:00,PLTK,,3.9000000953674316,3.9000000953674316,3.8949999809265137,3.8949999809265137,898.0
2026-08-05 15:06:00,PLUG,,2.0799999237060547,2.0799999237060547,2.075000047683716,2.075000047683716,73855.0
2026-08-05 15:06:00,PLXS,,276.7674865722656,276.7674865722656,276.7674865722656,276.7674865722656,162.0
2026-08-05 15:06:00,PNFP,,107.91500091552734,107.91999816894531,107.9000015258789,107.9000015258789,3482.0
2026-08-05 15:06:00,PNTG,,38.73500061035156,38.7401008605957,38.73500061035156,38.7401008605957,1159.0
2026-08-05 15:06:00,POET,,8.23960018157959,8.244999885559082,8.229999542236328,8.244999885559082,5990.0
2026-08-05 15:06:00,POOL,,205.41000366210938,205.41000366210938,205.41000366210938,205.41000366210938,406.0
2026-08-05 15:06:00,POWI,,61.83000183105469,61.998199462890625,61.83000183105469,61.998199462890625,456.0
2026-08-05 15:06:00,POWL,,211.47000122070312,211.5,211.47000122070312,211.5,301.0
2026-08-05 15:06:00,PPTA,,22.59000015258789,22.59000015258789,22.579999923706055,22.579999923706055,780.0
2026-08-05 15:06:00,PRCT,,19.200000762939453,19.219999313354492,19.200000762939453,19.219999313354492,4423.0
2026-08-05 15:06:00,PRDO,,32.779998779296875,32.779998779296875,32.755001068115234,32.755001068115234,1612.0
2026-08-05 15:06:00,PRE,,18.280000686645508,18.280000686645508,18.270000457763672,18.270000457763672,1681.0
2026-08-05 15:06:00,PRIM,,84.70500183105469,84.70500183105469,84.63999938964844,84.69999694824219,1403.0
2026-08-05 15:06:00,PRLD,,4.579999923706055,4.579999923706055,4.570000171661377,4.570000171661377,580.0
2026-08-05 15:06:00,PRME,,3.0390000343322754,3.0399999618530273,3.0311999320983887,3.0311999320983887,7196.0
2026-08-05 15:06:00,PRQR,,1.965000033378601,1.975000023841858,1.965000033378601,1.975000023841858,10086.0
2026-08-05 15:06:00,PRVA,,24.079999923706055,24.09000015258789,24.075000762939453,24.09000015258789,2943.0
2026-08-05 15:06:00,PSEC,,2.180000066757202,2.180000066757202,2.180000066757202,2.180000066757202,1360.0
2026-08-05 15:06:00,PSMT,,187.38999938964844,187.38999938964844,187.13999938964844,187.13999938964844,2360.0
2026-08-05 15:06:00,PTC,,140.01499938964844,140.01499938964844,140.01499938964844,140.01499938964844,1494.0
2026-08-05 15:06:00,PTCT,,68.88999938964844,68.88999938964844,68.83999633789062,68.83999633789062,3590.0
2026-08-05 15:06:00,PTEN,,9.774999618530273,9.774999618530273,9.774999618530273,9.774999618530273,6213.0
2026-08-05 15:06:00,PTLO,,4.614999771118164,4.614999771118164,4.610000133514404,4.610000133514404,805.0
2026-08-05 15:06:00,PTON,,6.489999771118164,6.489999771118164,6.485000133514404,6.485000133514404,1555.0
2026-08-05 15:06:00,PUBM,,13.5600004196167,13.5600004196167,13.550000190734863,13.550000190734863,1279.0
2026-08-05 15:06:00,PWP,,17.450000762939453,17.450000762939453,17.440000534057617,17.440000534057617,622.0
2026-08-05 15:06:00,PYPD,,4.619999885559082,4.619999885559082,4.550099849700928,4.550099849700928,6033.0
2026-08-05 15:06:00,PYPL,,58.07500076293945,58.08000183105469,58.07500076293945,58.08000183105469,5998.0
2026-08-05 15:06:00,PYXS,,3.119999885559082,3.119999885559082,3.119999885559082,3.119999885559082,200.0
2026-08-05 15:06:00,PZZA,,29.850000381469727,29.860000610351562,29.850000381469727,29.860000610351562,2257.0
2026-08-05 15:06:00,QCOM,,158.27000427246094,158.42999267578125,158.25999450683594,158.39999389648438,16905.0
2026-08-05 15:06:00,QFIN,,13.175000190734863,13.180000305175781,13.175000190734863,13.175000190734863,1218.0
2026-08-05 15:06:00,QQQX,,30.3700008392334,30.3700008392334,30.209999084472656,30.209999084472656,548.0
2026-08-05 15:06:00,QRVO,,95.25499725341797,95.30500030517578,95.23999786376953,95.30000305175781,2848.0
2026-08-05 15:06:00,SEED,,1.0499999523162842,1.0499999523162842,1.0399999618530273,1.0399999618530273,797.0
2026-08-05 15:06:00,STIM,,2.244999885559082,2.244999885559082,2.2249999046325684,2.240000009536743,6275.0
2026-08-05 15:06:00,TARA,,3.9700000286102295,3.9700000286102295,3.9700000286102295,3.9700000286102295,204.0
2026-08-05 15:06:00,WOOF,,2.934999942779541,2.934999942779541,2.934999942779541,2.934999942779541,1231.0
2026-08-05 15:07:00,ACDC,,4.514999866485596,4.525000095367432,4.514999866485596,4.525000095367432,5069.0
2026-08-05 15:07:00,BPOP,,176.9199981689453,176.9199981689453,176.85499572753906,176.8800048828125,3885.0
2026-08-05 15:07:00,CNXN,,86.20999908447266,86.20999908447266,86.20999908447266,86.20999908447266,636.0
2026-08-05 15:07:00,CPOP,,0.3456000089645386,0.3456000089645386,0.3456000089645386,0.3456000089645386,8547.0
2026-08-05 15:07:00,EYE,,22.989999771118164,22.9950008392334,22.979999542236328,22.979999542236328,2080.0
2026-08-05 15:07:00,GLUE,,15.515000343322754,15.515000343322754,15.5,15.510000228881836,3785.0
2026-08-05 15:07:00,KIDS,,21.350000381469727,21.350000381469727,21.350000381469727,21.350000381469727,975.0
2026-08-05 15:07:00,KITT,,1.0299999713897705,1.0299999713897705,1.0299999713897705,1.0299999713897705,145.0
2026-08-05 15:07:00,MDB,,376.5299987792969,376.6000061035156,376.5299987792969,376.6000061035156,1248.0
2026-08-05 15:07:00,MDLZ,,62.47999954223633,62.5,62.47999954223633,62.4900016784668,8075.0
2026-08-05 15:07:00,MLTX,,17.510000228881836,17.520000457763672,17.510000228881836,17.520000457763672,2217.0
2026-08-05 15:07:00,MNPR,,118.6500015258789,118.6500015258789,117.94000244140625,117.94000244140625,1428.0
2026-08-05 15:07:00,MNRO,,13.140000343322754,13.145000457763672,13.140000343322754,13.140000343322754,1386.0
2026-08-05 15:07:00,MNST,,94.62999725341797,94.63999938964844,94.62999725341797,94.62999725341797,3557.0
2026-08-05 15:07:00,MNTS,,4.25,4.25,4.241700172424316,4.241700172424316,1205.0
2026-08-05 15:07:00,MODD,,2.009999990463257,2.009999990463257,2.009999990463257,2.009999990463257,1509.0
2026-08-05 15:07:00,MPWR,,1344.6400146484375,1344.6400146484375,1343.1949462890625,1344.5699462890625,1195.0
2026-08-05 15:07:00,MRNA,,56.44499969482422,56.44499969482422,56.40999984741211,56.439998626708984,7513.0
2026-08-05 15:07:00,MYGN,,3.115000009536743,3.115000009536743,3.115000009536743,3.115000009536743,2274.0
2026-08-05 15:07:00,MYRG,,340.135009765625,340.135009765625,339.7799987792969,339.8299865722656,1226.0
2026-08-05 15:07:00,NAMS,,27.19499969482422,27.229999542236328,27.19499969482422,27.229999542236328,2653.0
2026-08-05 15:07:00,NAUT,,0.9329000115394592,0.9337999820709229,0.9329000115394592,0.9337999820709229,4549.0
2026-08-05 15:07:00,NAVI,,9.100000381469727,9.100000381469727,9.100000381469727,9.100000381469727,2341.0
2026-08-05 15:07:00,NB,,5.050000190734863,5.050000190734863,5.04010009765625,5.04010009765625,3147.0
2026-08-05 15:07:00,NBIX,,162.61500549316406,162.61500549316406,162.61500549316406,162.61500549316406,252.0
2026-08-05 15:07:00,NBTB,,53.314998626708984,53.314998626708984,53.310001373291016,53.310001373291016,273.0
2026-08-05 15:07:00,NCMI,,4.09499979019165,4.09499979019165,4.09499979019165,4.09499979019165,371.0
2026-08-05 15:07:00,NDLS,,18.149999618530273,18.149999618530273,18.149999618530273,18.149999618530273,297.0
2026-08-05 15:07:00,NDSN,,310.6050109863281,310.6050109863281,310.6050109863281,310.6050109863281,195.0
2026-08-05 15:07:00,NEGG,,17.350000381469727,17.350000381469727,17.350000381469727,17.350000381469727,241.0
2026-08-05 15:07:00,NEO,,15.850000381469727,15.859999656677246,15.845000267028809,15.859999656677246,9670.0
2026-08-05 15:07:00,NEOG,,11.579999923706055,11.585000038146973,11.579999923706055,11.585000038146973,2347.0
2026-08-05 15:07:00,NEOV,,2.8399999141693115,2.8399999141693115,2.839900016784668,2.8399999141693115,4014.0
2026-08-05 15:07:00,NESR,,28.6200008392334,28.6200008392334,28.6200008392334,28.6200008392334,3674.0
2026-08-05 15:07:00,NEXT,,6.480000019073486,6.485000133514404,6.480000019073486,6.480000019073486,4232.0
2026-08-05 15:07:00,NFE,,0.3393999934196472,0.34040001034736633,0.3393999934196472,0.34040001034736633,252.0
2026-08-05 15:07:00,NFLX,,73.6449966430664,73.66000366210938,73.5999984741211,73.5999984741211,75188.0
2026-08-05 15:07:00,NGNE,,35.564998626708984,35.564998626708984,35.564998626708984,35.564998626708984,782.0
2026-08-05 15:07:00,NICE,,99.83999633789062,99.83999633789062,99.7699966430664,99.7699966430664,1653.0
2026-08-05 15:07:00,NKTX,,2.2100000381469727,2.2100000381469727,2.200000047683716,2.2049999237060547,10636.0
2026-08-05 15:07:00,NMRA,,1.6050000190734863,1.6050000190734863,1.6050000190734863,1.6050000190734863,311.0
2026-08-05 15:07:00,NMRK,,15.699999809265137,15.699999809265137,15.699999809265137,15.699999809265137,819.0
2026-08-05 15:07:00,NN,,14.729999542236328,14.729999542236328,14.71500015258789,14.71500015258789,5175.0
2026-08-05 15:07:00,NNBR,,3.7850000858306885,3.7850000858306885,3.7799999713897705,3.7850000858306885,1931.0
2026-08-05 15:07:00,NNDM,,1.5549999475479126,1.5549999475479126,1.5549999475479126,1.5549999475479126,236.0
2026-08-05 15:07:00,NNOX,,1.0099999904632568,1.0099999904632568,1.0099999904632568,1.0099999904632568,157.0
2026-08-05 15:07:00,NRIX,,24.81999969482422,24.829999923706055,24.81999969482422,24.829999923706055,863.0
2026-08-05 15:07:00,NSSC,,40.369998931884766,40.369998931884766,40.369998931884766,40.369998931884766,1236.0
2026-08-05 15:07:00,NTAP,,190.3800048828125,190.3800048828125,190.24000549316406,190.24000549316406,4596.0
2026-08-05 15:07:00,NTCT,,41.8849983215332,41.90999984741211,41.8650016784668,41.8650016784668,1694.0
2026-08-05 15:07:00,NTES,,127.56999969482422,127.6050033569336,127.56999969482422,127.6050033569336,820.0
2026-08-05 15:07:00,NTNX,,61.36000061035156,61.36000061035156,61.27000045776367,61.279998779296875,5259.0
2026-08-05 15:07:00,NTRA,,272.17999267578125,272.7250061035156,272.17999267578125,272.7250061035156,2931.0
2026-08-05 15:07:00,NTRS,,184.72999572753906,184.72999572753906,184.72000122070312,184.72000122070312,754.0
2026-08-05 15:07:00,NUWE,,1.6801999807357788,1.6801999807357788,1.6799999475479126,1.6799999475479126,713.0
2026-08-05 15:07:00,NVAX,,7.610000133514404,7.610000133514404,7.605000019073486,7.610000133514404,12933.0
2026-08-05 15:07:00,NVCR,,16.079999923706055,16.079999923706055,16.079999923706055,16.079999923706055,1186.0
2026-08-05 15:07:00,NVDA,,222.0800018310547,222.08999633789062,221.86000061035156,221.94500732421875,187039.0
2026-08-05 15:07:00,NVEC,,130.13999938964844,130.13999938964844,130.13999938964844,130.13999938964844,1112.0
2026-08-05 15:07:00,NVMI,,406.3599853515625,407.1050109863281,406.3599853515625,407.1050109863281,408.0
2026-08-05 15:07:00,NVTS,,12.4350004196167,12.4350004196167,12.404999732971191,12.420000076293945,10299.0
2026-08-05 15:07:00,NWL,,6.190000057220459,6.195000171661377,6.190000057220459,6.190000057220459,8196.0
2026-08-05 15:07:00,NWPX,,127.25,127.25,127.25,127.25,1013.0
2026-08-05 15:07:00,NWS,,32.40999984741211,32.40999984741211,32.3849983215332,32.3849983215332,1426.0
2026-08-05 15:07:00,NWSA,,28.385000228881836,28.385000228881836,28.375,28.3799991607666,6385.0
2026-08-05 15:07:00,NXPI,,231.8699951171875,232.02999877929688,231.5,231.5,13288.0
2026-08-05 15:07:00,NXT,,99.3949966430664,99.3949966430664,99.25749969482422,99.38999938964844,4175.0
2026-08-05 15:07:00,OABI,,2.065000057220459,2.065000057220459,2.065000057220459,2.065000057220459,117.0
2026-08-05 15:07:00,OCFC,,19.915000915527344,19.915000915527344,19.915000915527344,19.915000915527344,1260.0
2026-08-05 15:07:00,OCGN,,1.284999966621399,1.284999966621399,1.284999966621399,1.284999966621399,1507.0
2026-08-05 15:07:00,OCS,,11.989999771118164,11.989999771118164,11.989999771118164,11.989999771118164,110.0
2026-08-05 15:07:00,OCUL,,8.555000305175781,8.555000305175781,8.545000076293945,8.550000190734863,3996.0
2026-08-05 15:07:00,ODD,,15.300000190734863,15.300000190734863,15.300000190734863,15.300000190734863,274.0
2026-08-05 15:07:00,ODFL,,214.10000610351562,214.1199951171875,214.08999633789062,214.08999633789062,1330.0
2026-08-05 15:07:00,OKTA,,148.36500549316406,148.36500549316406,148.30499267578125,148.30499267578125,1855.0
2026-08-05 15:07:00,OLLI,,78.01000213623047,78.18000030517578,78.01000213623047,78.08000183105469,3029.0
2026-08-05 15:07:00,OLMA,,11.489999771118164,11.489999771118164,11.489999771118164,11.489999771118164,1183.0
2026-08-05 15:07:00,OMER,,12.710000038146973,12.710000038146973,12.710000038146973,12.710000038146973,778.0
2026-08-05 15:07:00,OMH,,0.11550000309944153,0.11550000309944153,0.11429999768733978,0.11429999768733978,27604.0
2026-08-05 15:07:00,ON,,77.66000366210938,77.66000366210938,77.52999877929688,77.55000305175781,18567.0
2026-08-05 15:07:00,ONB,,27.03499984741211,27.03499984741211,27.03499984741211,27.03499984741211,4355.0
2026-08-05 15:07:00,ONCY,,0.7960000038146973,0.7960000038146973,0.7960000038146973,0.7960000038146973,0.0
2026-08-05 15:07:00,ONDS,,8.79990005493164,8.8100004196167,8.789999961853027,8.800000190734863,240827.0
2026-08-05 15:07:00,ONFO,,0.07729999721050262,0.0778999999165535,0.0763000026345253,0.07720000296831131,41181.0
2026-08-05 15:07:00,OPAL,,2.369999885559082,2.369999885559082,2.369999885559082,2.369999885559082,331.0
2026-08-05 15:07:00,OPCH,,23.4950008392334,23.5,23.489999771118164,23.489999771118164,3610.0
2026-08-05 15:07:00,OPEN,,3.744999885559082,3.75,3.740000009536743,3.7472000122070312,79647.0
2026-08-05 15:07:00,OPRA,,19.979999542236328,19.979999542236328,19.969999313354492,19.969999313354492,452.0
2026-08-05 15:07:00,OPRT,,6.03000020980835,6.03000020980835,6.03000020980835,6.03000020980835,1564.0
2026-08-05 15:07:00,ORGO,,2.3350000381469727,2.3350000381469727,2.3350000381469727,2.3350000381469727,266.0
2026-08-05 15:07:00,ORIC,,12.890000343322754,12.890000343322754,12.869999885559082,12.869999885559082,3767.0
2026-08-05 15:07:00,ORLY,,92.80000305175781,92.81999969482422,92.79000091552734,92.80999755859375,4127.0
2026-08-05 15:07:00,ORMP,,4.385000228881836,4.385000228881836,4.385000228881836,4.385000228881836,250.0
2026-08-05 15:07:00,ORRF,,43.310001373291016,43.310001373291016,43.275001525878906,43.275001525878906,3230.0
2026-08-05 15:07:00,OSS,,13.335000038146973,13.40999984741211,13.3149995803833,13.40999984741211,4928.0
2026-08-05 15:07:00,OTEX,,25.834999084472656,25.834999084472656,25.834999084472656,25.834999084472656,2186.0
2026-08-05 15:07:00,OTLK,,1.0299999713897705,1.0299999713897705,1.0293999910354614,1.0299999713897705,2542.0
2026-08-05 15:07:00,OTLY,,14.34000015258789,14.34000015258789,14.34000015258789,14.34000015258789,1161.0
2026-08-05 15:07:00,OVID,,2.571000099182129,2.5799999237060547,2.571000099182129,2.575000047683716,2262.0
2026-08-05 15:07:00,OXLC,,9.140000343322754,9.145000457763672,9.140000343322754,9.145000457763672,3667.0
2026-08-05 15:07:00,OXSQ,,1.5049999952316284,1.5049999952316284,1.5049999952316284,1.5049999952316284,25177.0
2026-08-05 15:07:00,PAA,,23.19499969482422,23.19499969482422,23.19499969482422,23.19499969482422,338.0
2026-08-05 15:07:00,PAAS,,48.290000915527344,48.290000915527344,48.19499969482422,48.19499969482422,4512.0
2026-08-05 15:07:00,PACB,,1.3049999475479126,1.3049999475479126,1.3049999475479126,1.3049999475479126,12309.0
2026-08-05 15:07:00,PAGP,,25.170000076293945,25.170000076293945,25.170000076293945,25.170000076293945,2453.0
2026-08-05 15:07:00,PAHC,,35.66999816894531,35.66999816894531,35.66999816894531,35.66999816894531,1267.0
2026-08-05 15:07:00,PALI,,2.1050000190734863,2.109999895095825,2.1050000190734863,2.109999895095825,1933.0
2026-08-05 15:07:00,PANW,,365.44000244140625,365.44000244140625,364.9700012207031,364.9700012207031,5869.0
2026-08-05 15:07:00,PAX,,11.395000457763672,11.399999618530273,11.395000457763672,11.399999618530273,1360.0
2026-08-05 15:07:00,PAYO,,7.123700141906738,7.123700141906738,7.119999885559082,7.119999885559082,1191.0
2026-08-05 15:07:00,PAYS,,9.140000343322754,9.140000343322754,9.140000343322754,9.140000343322754,520.0
2026-08-05 15:07:00,PAYX,,117.88999938964844,117.88999938964844,117.83000183105469,117.83000183105469,4788.0
2026-08-05 15:07:00,PCAR,,133.6999969482422,133.7449951171875,133.69000244140625,133.74000549316406,3262.0
2026-08-05 15:07:00,PCT,,6.965000152587891,6.965000152587891,6.965000152587891,6.965000152587891,133.0
2026-08-05 15:07:00,PCTY,,146.2550048828125,146.4199981689453,146.2550048828125,146.4199981689453,1505.0
2026-08-05 15:07:00,PDD,,90.69999694824219,90.69999694824219,90.68000030517578,90.68990325927734,12606.0
2026-08-05 15:07:00,PDEX,,68.0,68.0,68.0,68.0,582.0
2026-08-05 15:07:00,PDFS,,50.154998779296875,50.154998779296875,50.13999938964844,50.13999938964844,2585.0
2026-08-05 15:07:00,PDLB,,20.424999237060547,20.424999237060547,20.424999237060547,20.424999237060547,113.0
2026-08-05 15:07:00,PECO,,41.400001525878906,41.400001525878906,41.38999938964844,41.38999938964844,3022.0
2026-08-05 15:07:00,PEGA,,31.875,31.875,31.8700008392334,31.8700008392334,1032.0
2026-08-05 15:07:00,PENN,,19.719999313354492,19.735000610351562,19.719999313354492,19.719999313354492,8514.0
2026-08-05 15:07:00,PEP,,138.25999450683594,138.3300018310547,138.25999450683594,138.32029724121094,10490.0
2026-08-05 15:07:00,PESI,,17.889999389648438,17.899999618530273,17.889999389648438,17.899999618530273,1362.0
2026-08-05 15:07:00,PFG,,114.3499984741211,114.3499984741211,114.30000305175781,114.30000305175781,4584.0
2026-08-05 15:07:00,PGC,,46.6349983215332,46.6349983215332,46.6349983215332,46.6349983215332,133.0
2026-08-05 15:07:00,PGEN,,6.90500020980835,6.90500020980835,6.880000114440918,6.889999866485596,51419.0
2026-08-05 15:07:00,PGNY,,31.690000534057617,31.690000534057617,31.690000534057617,31.690000534057617,531.0
2026-08-05 15:07:00,PGY,,21.729999542236328,21.729999542236328,21.700000762939453,21.700000762939453,4252.0
2026-08-05 15:07:00,PHAT,,8.385000228881836,8.390000343322754,8.340700149536133,8.359999656677246,54465.0
2026-08-05 15:07:00,PHUN,,2.1401000022888184,2.1401000022888184,2.1401000022888184,2.1401000022888184,312.0
2026-08-05 15:07:00,PLAB,,32.16999816894531,32.16999816894531,32.10639953613281,32.150001525878906,4129.0
2026-08-05 15:07:00,PLMR,,134.58999633789062,134.6199951171875,134.58999633789062,134.6199951171875,375.0
2026-08-05 15:07:00,PLPC,,468.75,469.4200134277344,468.75,469.4200134277344,617.0
2026-08-05 15:07:00,PLTK,,3.8949999809265137,3.8949999809265137,3.8949999809265137,3.8949999809265137,1176.0
2026-08-05 15:07:00,PLUG,,2.0778000354766846,2.0799999237060547,2.069999933242798,2.079900026321411,96924.0
2026-08-05 15:07:00,PLXS,,276.79998779296875,276.79998779296875,276.79998779296875,276.79998779296875,238.0
2026-08-05 15:07:00,PMEC,,0.41999998688697815,0.41999998688697815,0.41999998688697815,0.41999998688697815,0.0
2026-08-05 15:07:00,PNBK,,1.1299999952316284,1.1299999952316284,1.1299999952316284,1.1299999952316284,120.0
2026-08-05 15:07:00,PNFP,,107.92500305175781,107.95999908447266,107.9000015258789,107.91500091552734,5906.0
2026-08-05 15:07:00,POET,,8.25,8.25,8.229999542236328,8.234999656677246,23714.0
2026-08-05 15:07:00,POWI,,61.85499954223633,61.85499954223633,61.81999969482422,61.83000183105469,3017.0
2026-08-05 15:07:00,POWL,,211.41000366210938,211.4600067138672,210.89010620117188,211.3300018310547,2276.0
2026-08-05 15:07:00,PPSI,,3.0199999809265137,3.0199999809265137,3.0199999809265137,3.0199999809265137,457.0
2026-08-05 15:07:00,PPTA,,22.610000610351562,22.610000610351562,22.579999923706055,22.579999923706055,2870.0
2026-08-05 15:07:00,PRCH,,15.84000015258789,15.84000015258789,15.829999923706055,15.829999923706055,1152.0
2026-08-05 15:07:00,PRCT,,19.18000030517578,19.190000534057617,19.15999984741211,19.190000534057617,9519.0
2026-08-05 15:07:00,PRGS,,42.41999816894531,42.41999816894531,42.400001525878906,42.400001525878906,1668.0
2026-08-05 15:07:00,PRIM,,84.61000061035156,84.73999786376953,84.61000061035156,84.70500183105469,3829.0
2026-08-05 15:07:00,PRLD,,4.590000152587891,4.590000152587891,4.579999923706055,4.579999923706055,2843.0
2026-08-05 15:07:00,PRME,,3.0350000858306885,3.0350000858306885,3.0350000858306885,3.0350000858306885,753.0
2026-08-05 15:07:00,PROK,,1.6349999904632568,1.6349999904632568,1.6349999904632568,1.6349999904632568,443.0
2026-08-05 15:07:00,PRQR,,1.965000033378601,1.965000033378601,1.965000033378601,1.965000033378601,1644.0
2026-08-05 15:07:00,PRTA,,8.444999694824219,8.444999694824219,8.444999694824219,8.444999694824219,718.0
2026-08-05 15:07:00,PSEC,,2.180000066757202,2.180000066757202,2.174999952316284,2.180000066757202,6047.0
2026-08-05 15:07:00,PSMT,,187.1999969482422,187.2050018310547,187.19000244140625,187.19000244140625,2209.0
2026-08-05 15:07:00,PSNL,,13.505000114440918,13.505000114440918,13.505000114440918,13.505000114440918,879.0
2026-08-05 15:07:00,PSNY,,14.210000038146973,14.210000038146973,14.079999923706055,14.079999923706055,1024.0
2026-08-05 15:07:00,PTC,,140.00999450683594,140.05499267578125,140.00999450683594,140.05499267578125,2977.0
2026-08-05 15:07:00,PTEN,,9.774999618530273,9.774999618530273,9.770000457763672,9.770000457763672,2802.0
2026-08-05 15:07:00,PTGX,,136.05999755859375,136.05999755859375,135.82000732421875,135.82000732421875,1886.0
2026-08-05 15:07:00,PTLO,,4.630000114440918,4.635000228881836,4.614999771118164,4.614999771118164,9812.0
2026-08-05 15:07:00,PTON,,6.5,6.5,6.485000133514404,6.485000133514404,23408.0
2026-08-05 15:07:00,PUBM,,13.569999694824219,13.569999694824219,13.5600004196167,13.5600004196167,1703.0
2026-08-05 15:07:00,PWP,,17.44499969482422,17.44499969482422,17.44499969482422,17.44499969482422,1298.0
2026-08-05 15:07:00,PYPD,,4.614999771118164,4.614999771118164,4.614999771118164,4.614999771118164,1255.0
2026-08-05 15:07:00,PYPL,,58.084999084472656,58.09000015258789,58.07500076293945,58.07500076293945,4916.0
2026-08-05 15:07:00,PYXS,,3.125,3.125,3.125,3.125,869.0
2026-08-05 15:07:00,PZZA,,29.849899291992188,29.860000610351562,29.825000762939453,29.860000610351562,3549.0
2026-08-05 15:07:00,QCOM,,158.5050048828125,158.5050048828125,158.22500610351562,158.26499938964844,14225.0
2026-08-05 15:07:00,QCRH,,105.37999725341797,105.37999725341797,105.37999725341797,105.37999725341797,207.0
2026-08-05 15:07:00,QFIN,,13.180000305175781,13.180000305175781,13.180000305175781,13.180000305175781,874.0
2026-08-05 15:07:00,QRVO,,95.2699966430664,95.2699966430664,95.23999786376953,95.25,2003.0
2026-08-05 15:07:00,SEED,,1.0449999570846558,1.0449999570846558,1.0399999618530273,1.0449999570846558,1524.0
2026-08-05 15:07:00,TARA,,3.9700000286102295,3.9700000286102295,3.9700000286102295,3.9700000286102295,359.0
2026-08-05 15:08:00,ACDC,,4.5,4.514999866485596,4.5,4.514999866485596,7998.0
2026-08-05 15:08:00,BPOP,,177.08999633789062,177.10000610351562,177.08999633789062,177.10000610351562,1821.0
2026-08-05 15:08:00,DTIL,,7.46999979019165,7.46999979019165,7.46999979019165,7.46999979019165,1701.0
2026-08-05 15:08:00,EYE,,22.979999542236328,23.0,22.979999542236328,22.979999542236328,10913.0
2026-08-05 15:08:00,GLUE,,15.515000343322754,15.515000343322754,15.515000343322754,15.515000343322754,629.0
2026-08-05 15:08:00,KIDS,,21.219999313354492,21.360000610351562,21.219999313354492,21.350000381469727,67365.0
2026-08-05 15:08:00,MDB,,376.1300048828125,376.6700134277344,376.1300048828125,376.6099853515625,3456.0
2026-08-05 15:08:00,MDLZ,,62.45500183105469,62.470001220703125,62.45500183105469,62.470001220703125,7823.0
2026-08-05 15:08:00,MLTX,,17.4950008392334,17.5049991607666,17.479999542236328,17.5049991607666,2610.0
2026-08-05 15:08:00,MNRO,,13.135000228881836,13.140000343322754,13.135000228881836,13.140000343322754,2780.0
2026-08-05 15:08:00,MNST,,94.58000183105469,94.61000061035156,94.57499694824219,94.61000061035156,2784.0
2026-08-05 15:08:00,MODD,,2.009999990463257,2.009999990463257,2.009999990463257,2.009999990463257,200.0
2026-08-05 15:08:00,MPWR,,1343.739990234375,1344.260009765625,1343.199951171875,1344.260009765625,477.0
2026-08-05 15:08:00,MRNA,,56.43000030517578,56.44499969482422,56.40999984741211,56.44499969482422,5107.0
2026-08-05 15:08:00,MYGN,,3.115000009536743,3.115000009536743,3.115000009536743,3.115000009536743,1843.0
2026-08-05 15:08:00,MYRG,,339.2200012207031,339.2200012207031,339.2200012207031,339.2200012207031,297.0
2026-08-05 15:08:00,NAMS,,27.200000762939453,27.219999313354492,27.19499969482422,27.219999313354492,2218.0
2026-08-05 15:08:00,NB,,5.054999828338623,5.054999828338623,5.054999828338623,5.054999828338623,1979.0
2026-08-05 15:08:00,NBIX,,162.61500549316406,162.61500549316406,162.61500549316406,162.61500549316406,1061.0
2026-08-05 15:08:00,NBTB,,53.314998626708984,53.314998626708984,53.314998626708984,53.314998626708984,552.0
2026-08-05 15:08:00,NCMI,,4.099999904632568,4.099999904632568,4.09499979019165,4.09499979019165,2512.0
2026-08-05 15:08:00,NCRA,,1.809999942779541,1.809999942779541,1.809999942779541,1.809999942779541,250.0
2026-08-05 15:08:00,NDAQ,,94.65499877929688,94.65499877929688,94.62999725341797,94.62999725341797,3442.0
2026-08-05 15:08:00,NDSN,,310.7200012207031,310.7200012207031,310.67999267578125,310.67999267578125,328.0
2026-08-05 15:08:00,NEGG,,17.420000076293945,17.420000076293945,17.420000076293945,17.420000076293945,2200.0
2026-08-05 15:08:00,NEO,,15.835000038146973,15.845000267028809,15.835000038146973,15.845000267028809,3380.0
2026-08-05 15:08:00,NEOG,,11.574999809265137,11.579999923706055,11.574999809265137,11.579999923706055,3605.0
2026-08-05 15:08:00,NEWT,,15.079999923706055,15.085000038146973,15.0600004196167,15.069999694824219,3431.0
2026-08-05 15:08:00,NEXT,,6.480000019073486,6.485000133514404,6.480000019073486,6.485000133514404,3759.0
2026-08-05 15:08:00,NFE,,0.3384999930858612,0.3384999930858612,0.3384999930858612,0.3384999930858612,689.0
2026-08-05 15:08:00,NFLX,,73.65499877929688,73.67500305175781,73.6449966430664,73.6449966430664,65668.0
2026-08-05 15:08:00,NHIC,,10.670000076293945,10.670000076293945,10.670000076293945,10.670000076293945,492.0
2026-08-05 15:08:00,NICE,,99.84500122070312,99.97000122070312,99.84500122070312,99.84500122070312,1508.0
2026-08-05 15:08:00,NKTR,,72.63500213623047,72.63500213623047,72.63500213623047,72.63500213623047,373.0
2026-08-05 15:08:00,NKTX,,2.2149999141693115,2.2249999046325684,2.2149999141693115,2.2149999141693115,7978.0
2026-08-05 15:08:00,NMIH,,44.56999969482422,44.56999969482422,44.56999969482422,44.56999969482422,676.0
2026-08-05 15:08:00,NMRA,,1.6100000143051147,1.6100000143051147,1.6050000190734863,1.6050000190734863,1731.0
2026-08-05 15:08:00,NMRK,,15.694999694824219,15.694999694824219,15.694999694824219,15.694999694824219,1746.0
2026-08-05 15:08:00,NN,,14.729999542236328,14.729999542236328,14.729999542236328,14.729999542236328,3929.0
2026-08-05 15:08:00,NNBR,,3.815000057220459,3.815000057220459,3.7799999713897705,3.7899999618530273,67610.0
2026-08-05 15:08:00,NNDM,,1.5549999475479126,1.5549999475479126,1.5549999475479126,1.5549999475479126,1043.0
2026-08-05 15:08:00,NOVT,,154.6750030517578,155.07000732421875,154.6750030517578,155.07000732421875,10577.0
2026-08-05 15:08:00,NRC,,19.559999465942383,19.559999465942383,19.520000457763672,19.520000457763672,415.0
2026-08-05 15:08:00,NRDS,,9.074999809265137,9.074999809265137,9.074999809265137,9.074999809265137,278.0
2026-08-05 15:08:00,NRIX,,24.854999542236328,24.854999542236328,24.81999969482422,24.81999969482422,1946.0
2026-08-05 15:08:00,NRXP,,3.059999942779541,3.069999933242798,3.055000066757202,3.055000066757202,3413.0
2026-08-05 15:08:00,NTAP,,190.10000610351562,190.69500732421875,190.07000732421875,190.69500732421875,32074.0
2026-08-05 15:08:00,NTCT,,41.880001068115234,41.880001068115234,41.880001068115234,41.880001068115234,1281.0
2026-08-05 15:08:00,NTES,,127.6050033569336,127.6050033569336,127.6050033569336,127.6050033569336,1031.0
2026-08-05 15:08:00,NTGR,,24.3700008392334,24.3700008392334,24.3700008392334,24.3700008392334,518.0
2026-08-05 15:08:00,NTNX,,61.31999969482422,61.36000061035156,61.31999969482422,61.36000061035156,3557.0
2026-08-05 15:08:00,NTRA,,272.1650085449219,272.20001220703125,272.0,272.20001220703125,1742.0
2026-08-05 15:08:00,NTRS,,184.73500061035156,184.77000427246094,184.5800018310547,184.77000427246094,2133.0
2026-08-05 15:08:00,NVAX,,7.614999771118164,7.614999771118164,7.610000133514404,7.610000133514404,5018.0
2026-08-05 15:08:00,NVCR,,16.079999923706055,16.079999923706055,16.079999923706055,16.079999923706055,538.0
2026-08-05 15:08:00,NVCT,,19.604999542236328,19.674999237060547,19.604999542236328,19.6299991607666,3705.0
2026-08-05 15:08:00,NVDA,,221.94000244140625,222.10000610351562,221.8699951171875,222.07069396972656,172759.0
2026-08-05 15:08:00,NVEC,,129.6699981689453,129.6699981689453,129.6699981689453,129.6699981689453,277.0
2026-08-05 15:08:00,NVMI,,406.31500244140625,406.8800048828125,406.31500244140625,406.8800048828125,737.0
2026-08-05 15:08:00,NVTS,,12.4399995803833,12.4399995803833,12.421299934387207,12.4350004196167,12971.0
2026-08-05 15:08:00,NWBI,,15.975000381469727,15.975000381469727,15.96500015258789,15.96500015258789,10074.0
2026-08-05 15:08:00,NWE,,68.99500274658203,68.99500274658203,68.95999908447266,68.95999908447266,1263.0
2026-08-05 15:08:00,NWL,,6.184999942779541,6.195000171661377,6.179999828338623,6.195000171661377,23479.0
2026-08-05 15:08:00,NWS,,32.40999984741211,32.40999984741211,32.404998779296875,32.404998779296875,1079.0
2026-08-05 15:08:00,NWSA,,28.395000457763672,28.399999618530273,28.385000228881836,28.385000228881836,5654.0
2026-08-05 15:08:00,NXPI,,231.67999267578125,231.7899932861328,231.58999633789062,231.7899932861328,2848.0
2026-08-05 15:08:00,NXST,,189.72000122070312,190.25999450683594,189.72000122070312,190.22999572753906,4599.0
2026-08-05 15:08:00,NXT,,99.45500183105469,99.4800033569336,99.4000015258789,99.41000366210938,4959.0
2026-08-05 15:08:00,OABI,,2.069999933242798,2.069999933242798,2.069999933242798,2.069999933242798,688.0
2026-08-05 15:08:00,OCC,,16.0,16.0,16.0,16.0,106.0
2026-08-05 15:08:00,OCGN,,1.2799999713897705,1.284999966621399,1.2799999713897705,1.284999966621399,3253.0
2026-08-05 15:08:00,OCS,,12.020000457763672,12.020000457763672,12.0,12.0,1322.0
2026-08-05 15:08:00,OCSL,,12.050000190734863,12.050000190734863,12.050000190734863,12.050000190734863,852.0
2026-08-05 15:08:00,OCUL,,8.5600004196167,8.5600004196167,8.5600004196167,8.5600004196167,1539.0
2026-08-05 15:08:00,ODD,,15.34000015258789,15.34000015258789,15.34000015258789,15.34000015258789,1239.0
2026-08-05 15:08:00,ODFL,,214.13999938964844,214.27000427246094,214.13999938964844,214.14999389648438,3665.0
2026-08-05 15:08:00,OFIX,,10.654999732971191,10.654999732971191,10.65250015258789,10.65250015258789,210.0
2026-08-05 15:08:00,OFLX,,30.459999084472656,30.459999084472656,30.459999084472656,30.459999084472656,1334.0
2026-08-05 15:08:00,OFS,,3.5299999713897705,3.5299999713897705,3.5299999713897705,3.5299999713897705,211.0
2026-08-05 15:08:00,OGI,,0.9549999833106995,0.9549999833106995,0.9549000263214111,0.9549000263214111,3917.0
2026-08-05 15:08:00,OKTA,,148.34500122070312,148.3699951171875,148.34500122070312,148.3699951171875,1393.0
2026-08-05 15:08:00,OLLI,,77.9800033569336,78.04000091552734,77.97000122070312,78.04000091552734,4001.0
2026-08-05 15:08:00,OMER,,12.719900131225586,12.719900131225586,12.703200340270996,12.710000038146973,2358.0
2026-08-05 15:08:00,OMEX,,0.7488999962806702,0.7488999962806702,0.7488999962806702,0.7488999962806702,797.0
2026-08-05 15:08:00,OMH,,0.11550000309944153,0.11559999734163284,0.11550000309944153,0.11559999734163284,12271.0
2026-08-05 15:08:00,ON,,77.63999938964844,77.6500015258789,77.56999969482422,77.6500015258789,13643.0
2026-08-05 15:08:00,ONB,,27.043500900268555,27.045000076293945,27.040000915527344,27.040000915527344,7477.0
2026-08-05 15:08:00,ONDS,,8.81659984588623,8.819899559020996,8.789999961853027,8.795000076293945,672576.0
2026-08-05 15:08:00,ONFO,,0.07779999822378159,0.07800000160932541,0.07720000296831131,0.07769999653100967,299616.0
2026-08-05 15:08:00,OPCH,,23.55500030517578,23.559999465942383,23.4950008392334,23.4950008392334,24489.0
2026-08-05 15:08:00,OPEN,,3.749500036239624,3.75,3.740000009536743,3.740000009536743,38292.0
2026-08-05 15:08:00,OPHC,,8.670000076293945,8.670000076293945,8.670000076293945,8.670000076293945,109.0
2026-08-05 15:08:00,OPK,,1.3200000524520874,1.3200000524520874,1.309999942779541,1.309999942779541,1356.0
2026-08-05 15:08:00,ORGO,,2.3350000381469727,2.3350000381469727,2.3350000381469727,2.3350000381469727,1881.0
2026-08-05 15:08:00,ORIC,,12.880000114440918,12.882100105285645,12.880000114440918,12.882100105285645,1904.0
2026-08-05 15:08:00,ORLY,,92.82499694824219,92.83999633789062,92.78500366210938,92.79000091552734,7604.0
2026-08-05 15:08:00,ORMP,,4.364999771118164,4.385000228881836,4.364999771118164,4.370100021362305,5724.0
2026-08-05 15:08:00,OSBC,,25.799999237060547,25.799999237060547,25.799999237060547,25.799999237060547,1423.0
2026-08-05 15:08:00,OSIS,,237.07000732421875,237.07000732421875,237.0,237.0399932861328,186.0
2026-08-05 15:08:00,OSPN,,16.565000534057617,16.579999923706055,16.565000534057617,16.579999923706055,1777.0
2026-08-05 15:08:00,OSS,,13.369999885559082,13.369999885559082,13.300000190734863,13.3100004196167,3884.0
2026-08-05 15:08:00,OSUR,,4.135000228881836,4.135000228881836,4.135000228881836,4.135000228881836,311.0
2026-08-05 15:08:00,OSW,,26.506000518798828,26.530000686645508,26.493999481201172,26.525999069213867,11828.0
2026-08-05 15:08:00,OTLK,,1.0299999713897705,1.0299999713897705,1.020400047302246,1.0299999713897705,23509.0
2026-08-05 15:08:00,PAAS,,48.310001373291016,48.310001373291016,48.270999908447266,48.297698974609375,8437.0
2026-08-05 15:08:00,PACB,,1.3049999475479126,1.309999942779541,1.3049999475479126,1.3049999475479126,5195.0
2026-08-05 15:08:00,PAGP,,25.18000030517578,25.18000030517578,25.18000030517578,25.18000030517578,562.0
2026-08-05 15:08:00,PALI,,2.109999895095825,2.109999895095825,2.109999895095825,2.109999895095825,1901.0
2026-08-05 15:08:00,PANL,,7.28000020980835,7.28000020980835,7.28000020980835,7.28000020980835,1043.0
2026-08-05 15:08:00,PANW,,364.9800109863281,365.4150085449219,364.95001220703125,365.4150085449219,4509.0
2026-08-05 15:08:00,PATK,,87.9800033569336,87.9800033569336,87.9800033569336,87.9800033569336,292.0
2026-08-05 15:08:00,PAX,,11.399999618530273,11.399999618530273,11.395000457763672,11.395000457763672,2262.0
2026-08-05 15:08:00,PAYO,,7.119999885559082,7.125,7.119999885559082,7.125,1565.0
2026-08-05 15:08:00,PAYX,,117.86000061035156,117.90499877929688,117.8550033569336,117.86000061035156,2564.0
2026-08-05 15:08:00,PBYI,,8.00100040435791,8.00100040435791,8.00100040435791,8.00100040435791,351.0
2026-08-05 15:08:00,PCAR,,133.7100067138672,133.7100067138672,133.6699981689453,133.69000244140625,4499.0
2026-08-05 15:08:00,PCB,,28.079999923706055,28.079999923706055,28.079999923706055,28.079999923706055,570.0
2026-08-05 15:08:00,PCRX,,24.844999313354492,24.950000762939453,24.844999313354492,24.899999618530273,9324.0
2026-08-05 15:08:00,PCT,,6.974999904632568,6.974999904632568,6.965000152587891,6.965000152587891,10187.0
2026-08-05 15:08:00,PCTY,,146.22500610351562,146.25999450683594,146.22500610351562,146.25999450683594,1079.0
2026-08-05 15:08:00,PDD,,90.69999694824219,90.69999694824219,90.69999694824219,90.69999694824219,1070.0
2026-08-05 15:08:00,PEBO,,41.68000030517578,41.68000030517578,41.68000030517578,41.68000030517578,1331.0
2026-08-05 15:08:00,PEGA,,31.895000457763672,31.895000457763672,31.889999389648438,31.889999389648438,2717.0
2026-08-05 15:08:00,PENN,,19.739099502563477,19.739099502563477,19.729999542236328,19.729999542236328,1848.0
2026-08-05 15:08:00,PEP,,138.27000427246094,138.27000427246094,138.2440948486328,138.25,8094.0
2026-08-05 15:08:00,PEPG,,1.965000033378601,1.965000033378601,1.965000033378601,1.965000033378601,1187.0
2026-08-05 15:08:00,PERI,,9.604999542236328,9.604999542236328,9.604999542236328,9.604999542236328,116.0
2026-08-05 15:08:00,PESI,,17.899999618530273,17.90999984741211,17.899999618530273,17.90999984741211,1919.0
2026-08-05 15:08:00,PFG,,114.37000274658203,114.37000274658203,114.33999633789062,114.36000061035156,2198.0
2026-08-05 15:08:00,PGC,,46.65999984741211,46.65999984741211,46.61000061035156,46.619998931884766,609.0
2026-08-05 15:08:00,PGEN,,6.909999847412109,6.909999847412109,6.900000095367432,6.900000095367432,4317.0
2026-08-05 15:08:00,PGNY,,31.690000534057617,31.690000534057617,31.690000534057617,31.690000534057617,1003.0
2026-08-05 15:08:00,PGY,,21.739999771118164,21.739999771118164,21.709999084472656,21.709999084472656,2881.0
2026-08-05 15:08:00,PLBY,,1.1403000354766846,1.1403000354766846,1.1403000354766846,1.1403000354766846,10005.0
2026-08-05 15:08:00,PLMR,,134.74000549316406,134.9250030517578,134.74000549316406,134.9250030517578,611.0
2026-08-05 15:08:00,PLPC,,468.9700012207031,469.69000244140625,468.9700012207031,469.69000244140625,540.0
2026-08-05 15:08:00,PLSE,,37.65999984741211,37.65999984741211,37.65999984741211,37.65999984741211,301.0
2026-08-05 15:08:00,PLTK,,3.8949999809265137,3.8949999809265137,3.8949999809265137,3.8949999809265137,1796.0
2026-08-05 15:08:00,PLUG,,2.075000047683716,2.0799999237060547,2.069999933242798,2.0799999237060547,161167.0
2026-08-05 15:08:00,PLXS,,276.7200012207031,276.7200012207031,276.7200012207031,276.7200012207031,177.0
2026-08-05 15:08:00,PNBK,,1.1349999904632568,1.1349999904632568,1.1349999904632568,1.1349999904632568,101.0
2026-08-05 15:08:00,PNFP,,107.88999938964844,107.97000122070312,107.88999938964844,107.92500305175781,10169.0
2026-08-05 15:08:00,PNTG,,38.76499938964844,38.76499938964844,38.76499938964844,38.76499938964844,463.0
2026-08-05 15:08:00,POCI,,4.260000228881836,4.260000228881836,4.239999771118164,4.239999771118164,2823.0
2026-08-05 15:08:00,POET,,8.260000228881836,8.260000228881836,8.24489974975586,8.25,26132.0
2026-08-05 15:08:00,POOL,,205.42999267578125,205.42999267578125,205.42999267578125,205.42999267578125,800.0
2026-08-05 15:08:00,POWI,,61.900001525878906,61.91999816894531,61.900001525878906,61.91999816894531,1008.0
2026-08-05 15:08:00,POWL,,211.41189575195312,211.41189575195312,211.41189575195312,211.41189575195312,370.0
2026-08-05 15:08:00,PRAA,,17.290000915527344,17.30500030517578,17.280000686645508,17.280000686645508,9248.0
2026-08-05 15:08:00,PRCH,,15.850000381469727,15.859999656677246,15.845000267028809,15.845000267028809,4626.0
2026-08-05 15:08:00,PRCT,,19.219999313354492,19.219999313354492,19.190000534057617,19.190000534057617,2797.0
2026-08-05 15:08:00,PRDO,,32.81999969482422,32.84000015258789,32.810001373291016,32.810001373291016,1298.0
2026-08-05 15:08:00,PRE,,18.270000457763672,18.290000915527344,18.270000457763672,18.270000457763672,728.0
2026-08-05 15:08:00,PRGS,,42.36000061035156,42.40999984741211,42.36000061035156,42.40999984741211,1286.0
2026-08-05 15:08:00,PRIM,,84.73999786376953,84.77999877929688,84.58999633789062,84.61000061035156,4690.0
2026-08-05 15:08:00,PRME,,3.0450000762939453,3.0450000762939453,3.0399999618530273,3.0399999618530273,13018.0
2026-08-05 15:08:00,PROK,,1.6399999856948853,1.6399999856948853,1.6399999856948853,1.6399999856948853,126.0
2026-08-05 15:08:00,PRQR,,1.975000023841858,1.975000023841858,1.9700000286102295,1.9700000286102295,3811.0
2026-08-05 15:08:00,PRVA,,24.084999084472656,24.09000015258789,24.084999084472656,24.09000015258789,1072.0
2026-08-05 15:08:00,PSEC,,2.174999952316284,2.180000066757202,2.1700000762939453,2.174999952316284,17871.0
2026-08-05 15:08:00,PSMT,,186.17999267578125,187.0500030517578,186.1300048828125,187.0399932861328,5199.0
2026-08-05 15:08:00,PSNL,,13.505000114440918,13.505000114440918,13.505000114440918,13.505000114440918,760.0
2026-08-05 15:08:00,PSNY,,14.1899995803833,14.1899995803833,14.1899995803833,14.1899995803833,21.0
2026-08-05 15:08:00,PTCT,,68.9000015258789,68.9000015258789,68.9000015258789,68.9000015258789,1339.0
2026-08-05 15:08:00,PTEN,,9.779999732971191,9.78499984741211,9.774999618530273,9.779999732971191,22721.0
2026-08-05 15:08:00,PTGX,,135.82000732421875,136.05999755859375,135.78500366210938,136.05999755859375,1983.0
2026-08-05 15:08:00,PTON,,6.494999885559082,6.494999885559082,6.494999885559082,6.494999885559082,8722.0
2026-08-05 15:08:00,PUBM,,13.579999923706055,13.579999923706055,13.569999694824219,13.569999694824219,1288.0
2026-08-05 15:08:00,PWP,,17.469999313354492,17.469999313354492,17.440000534057617,17.450000762939453,3819.0
2026-08-05 15:08:00,PYPD,,4.610000133514404,4.610000133514404,4.610000133514404,4.610000133514404,1292.0
2026-08-05 15:08:00,PYPL,,58.11000061035156,58.1150016784668,58.084999084472656,58.084999084472656,7046.0
2026-08-05 15:08:00,PYXS,,3.130000114440918,3.130000114440918,3.130000114440918,3.130000114440918,451.0
2026-08-05 15:08:00,PZZA,,29.84000015258789,29.849899291992188,29.84000015258789,29.849899291992188,1354.0
2026-08-05 15:08:00,QCOM,,158.5,158.5,158.38999938964844,158.49000549316406,10185.0
2026-08-05 15:08:00,QCRH,,105.41500091552734,105.41500091552734,105.33999633789062,105.33999633789062,997.0
2026-08-05 15:08:00,QFIN,,13.1850004196167,13.1899995803833,13.1850004196167,13.1899995803833,839.0
2026-08-05 15:08:00,QRVO,,95.30999755859375,95.30999755859375,95.23999786376953,95.29000091552734,4726.0
2026-08-05 15:08:00,SEED,,1.0499999523162842,1.0499999523162842,1.0449999570846558,1.0449999570846558,502.0
2026-08-05 15:08:00,STIM,,2.2950000762939453,2.2950000762939453,2.244999885559082,2.244999885559082,25252.0
2026-08-05 15:08:00,STKS,,1.7699999809265137,1.7699999809265137,1.7699999809265137,1.7699999809265137,876.0
2026-08-05 15:08:00,TARA,,3.9700000286102295,3.9700000286102295,3.9700000286102295,3.9700000286102295,349.0
2026-08-05 15:08:00,WOOF,,2.934999942779541,2.934999942779541,2.934999942779541,2.934999942779541,2647.0
2026-08-05 15:09:00,ACDC,,4.489999771118164,4.5,4.489999771118164,4.5,3630.0
2026-08-05 15:09:00,DTIL,,7.4710001945495605,7.4710001945495605,7.4710001945495605,7.4710001945495605,1174.0
2026-08-05 15:09:00,EYE,,22.979999542236328,22.979999542236328,22.959999084472656,22.969999313354492,5309.0
2026-08-05 15:09:00,FIZZ,,32.20000076293945,32.20000076293945,32.20000076293945,32.20000076293945,277.0
2026-08-05 15:09:00,GLUE,,15.515000343322754,15.515000343322754,15.515000343322754,15.515000343322754,666.0
2026-08-05 15:09:00,KIDS,,21.43000030517578,21.450000762939453,21.219999313354492,21.219999313354492,3840.0
2026-08-05 15:09:00,MDB,,375.95001220703125,376.3500061035156,375.95001220703125,376.0849914550781,2570.0
2026-08-05 15:09:00,MDLZ,,62.44499969482422,62.45500183105469,62.439998626708984,62.45000076293945,9100.0
2026-08-05 15:09:00,MLTX,,17.5049991607666,17.5049991607666,17.500099182128906,17.500099182128906,553.0
2026-08-05 15:09:00,MNRO,,13.140000343322754,13.140000343322754,13.140000343322754,13.140000343322754,1034.0
2026-08-05 15:09:00,MNST,,94.54000091552734,94.56999969482422,94.54000091552734,94.56999969482422,4425.0
2026-08-05 15:09:00,MNTS,,4.249100208282471,4.249100208282471,4.249100208282471,4.249100208282471,1495.0
2026-08-05 15:09:00,MNTSW,,0.004100000020116568,0.00419999985024333,0.004100000020116568,0.00419999985024333,30101.0
2026-08-05 15:09:00,MODD,,2.0199999809265137,2.0199999809265137,2.015000104904175,2.0199999809265137,1316.0
2026-08-05 15:09:00,MPWR,,1343.550048828125,1343.739990234375,1343.550048828125,1343.739990234375,116.0
2026-08-05 15:09:00,MRNA,,56.459999084472656,56.470001220703125,56.40999984741211,56.42499923706055,7981.0
2026-08-05 15:09:00,MYGN,,3.109999895095825,3.115000009536743,3.109999895095825,3.115000009536743,3065.0
2026-08-05 15:09:00,MYRG,,339.0849914550781,339.32000732421875,339.0849914550781,339.0849914550781,396.0
2026-08-05 15:09:00,NAMS,,27.200000762939453,27.200000762939453,27.190000534057617,27.190000534057617,910.0
2026-08-05 15:09:00,NAUT,,0.9329000115394592,0.933899998664856,0.9319000244140625,0.9319000244140625,11131.0
2026-08-05 15:09:00,NB,,5.050099849700928,5.050099849700928,5.050099849700928,5.050099849700928,2643.0
2026-08-05 15:09:00,NBIX,,162.8300018310547,162.8300018310547,162.61500549316406,162.66000366210938,3529.0
2026-08-05 15:09:00,NBTB,,53.300899505615234,53.300899505615234,53.300899505615234,53.300899505615234,816.0
2026-08-05 15:09:00,NCMI,,4.105000019073486,4.105000019073486,4.105000019073486,4.105000019073486,1006.0
2026-08-05 15:09:00,NDSN,,310.6099853515625,310.6099853515625,310.6099853515625,310.6099853515625,197.0
2026-08-05 15:09:00,NEGG,,17.420000076293945,17.420000076293945,17.420000076293945,17.420000076293945,0.0
2026-08-05 15:09:00,NEO,,15.819999694824219,15.84000015258789,15.819999694824219,15.84000015258789,2954.0
2026-08-05 15:09:00,NEOG,,11.569999694824219,11.570099830627441,11.569999694824219,11.569999694824219,2001.0
2026-08-05 15:09:00,NEON,,0.9363999962806702,0.9363999962806702,0.9363999962806702,0.9363999962806702,753.0
2026-08-05 15:09:00,NEOV,,2.8399999141693115,2.8399999141693115,2.8399999141693115,2.8399999141693115,750.0
2026-08-05 15:09:00,NESR,,28.6200008392334,28.6200008392334,28.610000610351562,28.610000610351562,1166.0
2026-08-05 15:09:00,NEWT,,15.055000305175781,15.0600004196167,15.039999961853027,15.0600004196167,4707.0
2026-08-05 15:09:00,NEXT,,6.474999904632568,6.474999904632568,6.474999904632568,6.474999904632568,1417.0
2026-08-05 15:09:00,NFE,,0.33869999647140503,0.33869999647140503,0.33869999647140503,0.33869999647140503,152.0
2026-08-05 15:09:00,NFLX,,73.67500305175781,73.69000244140625,73.65499877929688,73.65499877929688,77829.0
2026-08-05 15:09:00,NGNE,,35.564998626708984,35.564998626708984,35.564998626708984,35.564998626708984,999.0
2026-08-05 15:09:00,NICE,,99.84500122070312,99.84500122070312,99.84500122070312,99.84500122070312,1004.0
2026-08-05 15:09:00,NKTR,,72.51000213623047,72.51000213623047,72.51000213623047,72.51000213623047,161.0
2026-08-05 15:09:00,NMRK,,15.694999694824219,15.694999694824219,15.694999694824219,15.694999694824219,935.0
2026-08-05 15:09:00,NN,,14.720000267028809,14.720000267028809,14.710000038146973,14.720000267028809,5385.0
2026-08-05 15:09:00,NNBR,,3.815000057220459,3.819999933242798,3.809999942779541,3.815000057220459,7659.0
2026-08-05 15:09:00,NNDM,,1.5549999475479126,1.5549999475479126,1.5549999475479126,1.5549999475479126,225.0
2026-08-05 15:09:00,NOVT,,154.7725067138672,154.77999877929688,154.28219604492188,154.28219604492188,3009.0
2026-08-05 15:09:00,NRC,,19.565000534057617,19.565000534057617,19.565000534057617,19.565000534057617,233.0
2026-08-05 15:09:00,NRIX,,24.854999542236328,24.854999542236328,24.854999542236328,24.854999542236328,1061.0
2026-08-05 15:09:00,NRXP,,3.069999933242798,3.069999933242798,3.069999933242798,3.069999933242798,380.0
2026-08-05 15:09:00,NTAP,,190.47000122070312,190.47000122070312,190.26499938964844,190.26499938964844,936.0
2026-08-05 15:09:00,NTGR,,24.309999465942383,24.360000610351562,24.309999465942383,24.360000610351562,2397.0
2026-08-05 15:09:00,NTNX,,61.29499816894531,61.31999969482422,61.29499816894531,61.310001373291016,6137.0
2026-08-05 15:09:00,NTRA,,272.0,272.0799865722656,271.8900146484375,271.989990234375,3436.0
2026-08-05 15:09:00,NTRB,,2.8199000358581543,2.8199000358581543,2.8199000358581543,2.8199000358581543,2000.0
2026-08-05 15:09:00,NTRS,,184.74000549316406,184.77999877929688,184.6199951171875,184.74000549316406,7489.0
2026-08-05 15:09:00,NVAX,,7.614999771118164,7.614999771118164,7.614999771118164,7.614999771118164,1006.0
2026-08-05 15:09:00,NVCR,,16.09000015258789,16.09000015258789,16.079999923706055,16.079999923706055,4347.0
2026-08-05 15:09:00,NVCT,,19.56999969482422,19.56999969482422,19.56999969482422,19.56999969482422,309.0
2026-08-05 15:09:00,NVDA,,221.94000244140625,221.97999572753906,221.86000061035156,221.9550018310547,157659.0
2026-08-05 15:09:00,NVEC,,129.67999267578125,130.32009887695312,129.67999267578125,130.32009887695312,808.0
2026-08-05 15:09:00,NVMI,,406.4599914550781,407.1099853515625,406.07501220703125,406.07501220703125,357.0
2026-08-05 15:09:00,NVTS,,12.444999694824219,12.444999694824219,12.444999694824219,12.444999694824219,1554.0
2026-08-05 15:09:00,NWBI,,15.96500015258789,15.975000381469727,15.96500015258789,15.970000267028809,3959.0
2026-08-05 15:09:00,NWE,,68.98500061035156,68.99479675292969,68.98500061035156,68.99479675292969,634.0
2026-08-05 15:09:00,NWL,,6.184999942779541,6.184999942779541,6.179999828338623,6.179999828338623,7998.0
2026-08-05 15:09:00,NWS,,32.38999938964844,32.415000915527344,32.38999938964844,32.40999984741211,3289.0
2026-08-05 15:09:00,NWSA,,28.375,28.395000457763672,28.364999771118164,28.395000457763672,9264.0
2026-08-05 15:09:00,NXL,,0.34119999408721924,0.34200000762939453,0.34119999408721924,0.34200000762939453,7904.0
2026-08-05 15:09:00,NXPI,,231.75999450683594,231.75999450683594,231.6750030517578,231.67999267578125,2347.0
2026-08-05 15:09:00,NXST,,189.55499267578125,189.55499267578125,189.55499267578125,189.55499267578125,1428.0
2026-08-05 15:09:00,NXT,,99.58000183105469,99.58000183105469,99.41000366210938,99.43000030517578,6706.0
2026-08-05 15:09:00,NYAX,,67.13999938964844,67.13999938964844,67.11000061035156,67.11000061035156,2009.0
2026-08-05 15:09:00,OABI,,2.061000108718872,2.061000108718872,2.061000108718872,2.061000108718872,397.0
2026-08-05 15:09:00,OBT,,38.96929931640625,38.96929931640625,38.96929931640625,38.96929931640625,453.0
2026-08-05 15:09:00,OCC,,15.979999542236328,15.984999656677246,15.979999542236328,15.984999656677246,436.0
2026-08-05 15:09:00,OCFC,,19.915000915527344,19.915000915527344,19.915000915527344,19.915000915527344,2246.0
2026-08-05 15:09:00,OCGN,,1.2863999605178833,1.2863999605178833,1.284999966621399,1.284999966621399,2342.0
2026-08-05 15:09:00,OCSL,,12.0600004196167,12.0649995803833,12.050000190734863,12.050000190734863,2429.0
2026-08-05 15:09:00,OCUL,,8.5649995803833,8.5649995803833,8.5649995803833,8.5649995803833,1482.0
2026-08-05 15:09:00,ODFL,,214.36000061035156,214.4550018310547,214.2449951171875,214.2449951171875,10050.0
2026-08-05 15:09:00,OFIX,,10.71500015258789,10.729999542236328,10.654999732971191,10.654999732971191,7725.0
2026-08-05 15:09:00,OKTA,,148.30499267578125,148.30499267578125,148.25,148.30499267578125,2661.0
2026-08-05 15:09:00,OLLI,,77.99009704589844,78.05000305175781,77.98999786376953,78.0199966430664,2493.0
2026-08-05 15:09:00,OM,,5.139999866485596,5.139999866485596,5.139999866485596,5.139999866485596,143.0
2026-08-05 15:09:00,OMCL,,37.154998779296875,37.154998779296875,37.130001068115234,37.130001068115234,1596.0
2026-08-05 15:09:00,OMER,,12.710000038146973,12.720000267028809,12.710000038146973,12.720000267028809,1652.0
2026-08-05 15:09:00,OMEX,,0.7454000115394592,0.7454000115394592,0.7454000115394592,0.7454000115394592,757.0
2026-08-05 15:09:00,OMH,,0.11620000004768372,0.11620000004768372,0.11550000309944153,0.11550000309944153,19555.0
2026-08-05 15:09:00,ON,,77.65499877929688,77.66000366210938,77.5999984741211,77.63999938964844,17316.0
2026-08-05 15:09:00,ONB,,27.024999618530273,27.045000076293945,27.024999618530273,27.045000076293945,11445.0
2026-08-05 15:09:00,ONCY,,0.7929999828338623,0.79830002784729,0.792900025844574,0.792900025844574,709.0
2026-08-05 15:09:00,ONDS,,8.824999809265137,8.829999923706055,8.8100004196167,8.810099601745605,250520.0
2026-08-05 15:09:00,ONFO,,0.07720000296831131,0.0778999999165535,0.07670000195503235,0.07779999822378159,15700.0
2026-08-05 15:09:00,OPCH,,23.524999618530273,23.55500030517578,23.524999618530273,23.55500030517578,7951.0
2026-08-05 15:09:00,OPEN,,3.7300000190734863,3.759999990463257,3.7300000190734863,3.744999885559082,275071.0
2026-08-05 15:09:00,OPHC,,8.670000076293945,8.670000076293945,8.670000076293945,8.670000076293945,401.0
2026-08-05 15:09:00,OPK,,1.315000057220459,1.315000057220459,1.315000057220459,1.315000057220459,936.0
2026-08-05 15:09:00,OPRA,,19.940099716186523,19.940099716186523,19.940099716186523,19.940099716186523,993.0
2026-08-05 15:09:00,ORIC,,12.880000114440918,12.880000114440918,12.859999656677246,12.880000114440918,5531.0
2026-08-05 15:09:00,ORLY,,92.91000366210938,92.93000030517578,92.80000305175781,92.80999755859375,13854.0
2026-08-05 15:09:00,ORMP,,4.364999771118164,4.364999771118164,4.364999771118164,4.364999771118164,282.0
2026-08-05 15:09:00,OSBC,,25.80500030517578,25.80500030517578,25.80500030517578,25.80500030517578,729.0
2026-08-05 15:09:00,OSIS,,237.0,237.10000610351562,236.9499969482422,236.9499969482422,789.0
2026-08-05 15:09:00,OSPN,,16.549999237060547,16.55500030517578,16.549999237060547,16.55500030517578,624.0
2026-08-05 15:09:00,OSS,,13.385000228881836,13.399999618530273,13.385000228881836,13.399999618530273,564.0
2026-08-05 15:09:00,OSUR,,4.135000228881836,4.135000228881836,4.135000228881836,4.135000228881836,341.0
2026-08-05 15:09:00,OSW,,26.510000228881836,26.510000228881836,26.510000228881836,26.510000228881836,1454.0
2026-08-05 15:09:00,OTEX,,25.84000015258789,25.84000015258789,25.84000015258789,25.84000015258789,2891.0
2026-08-05 15:09:00,OTLK,,1.0299999713897705,1.0299999713897705,1.024999976158142,1.0299999713897705,806.0
2026-08-05 15:09:00,OTTR,,92.0250015258789,92.0250015258789,92.0250015258789,92.0250015258789,737.0
2026-08-05 15:09:00,OVID,,2.575000047683716,2.575000047683716,2.575000047683716,2.575000047683716,546.0
2026-08-05 15:09:00,OXLC,,9.130000114440918,9.130000114440918,9.130000114440918,9.130000114440918,1284.0
2026-08-05 15:09:00,OXSQ,,1.5049999952316284,1.5049999952316284,1.5049999952316284,1.5049999952316284,10851.0
2026-08-05 15:09:00,PAA,,23.200000762939453,23.200000762939453,23.19499969482422,23.19499969482422,1787.0
2026-08-05 15:09:00,PAAS,,48.279998779296875,48.302101135253906,48.279998779296875,48.29999923706055,2941.0
2026-08-05 15:09:00,PACB,,1.3049999475479126,1.309999942779541,1.2999999523162842,1.305999994277954,396101.0
2026-08-05 15:09:00,PAHC,,35.61009979248047,35.61009979248047,35.61009979248047,35.61009979248047,673.0
2026-08-05 15:09:00,PALI,,2.1050000190734863,2.109999895095825,2.1050000190734863,2.1050000190734863,3188.0
2026-08-05 15:09:00,PANL,,7.269999980926514,7.269999980926514,7.269999980926514,7.269999980926514,325.0
2026-08-05 15:09:00,PANW,,364.739990234375,365.1510925292969,364.68499755859375,365.1510925292969,3995.0
2026-08-05 15:09:00,PATK,,87.98999786376953,87.98999786376953,87.98999786376953,87.98999786376953,255.0
2026-08-05 15:09:00,PAX,,11.395000457763672,11.395000457763672,11.395000457763672,11.395000457763672,138.0
2026-08-05 15:09:00,PAYO,,7.125,7.125,7.119999885559082,7.119999885559082,767.0
2026-08-05 15:09:00,PAYX,,117.83499908447266,117.83999633789062,117.83000183105469,117.83000183105469,1979.0
2026-08-05 15:09:00,PBYI,,8.008999824523926,8.008999824523926,8.008999824523926,8.008999824523926,496.0
2026-08-05 15:09:00,PCAR,,133.66000366210938,133.6699981689453,133.66000366210938,133.6699981689453,3042.0
2026-08-05 15:09:00,PCRX,,24.895000457763672,24.895000457763672,24.829999923706055,24.829999923706055,4352.0
2026-08-05 15:09:00,PCT,,6.969900131225586,6.980000019073486,6.969900131225586,6.980000019073486,5899.0
2026-08-05 15:09:00,PCTY,,146.25999450683594,146.27999877929688,146.05999755859375,146.1300048828125,5765.0
2026-08-05 15:09:00,PDD,,90.69000244140625,90.69999694824219,90.68000030517578,90.69999694824219,5478.0
2026-08-05 15:09:00,PDLB,,20.424999237060547,20.424999237060547,20.424999237060547,20.424999237060547,283.0
2026-08-05 15:09:00,PEGA,,31.899900436401367,31.899900436401367,31.889999389648438,31.889999389648438,1591.0
2026-08-05 15:09:00,PENN,,19.719999313354492,19.735000610351562,19.719999313354492,19.735000610351562,5565.0
2026-08-05 15:09:00,PEP,,138.25999450683594,138.27000427246094,138.22999572753906,138.24000549316406,13454.0
2026-08-05 15:09:00,PEPG,,1.965000033378601,1.965000033378601,1.965000033378601,1.965000033378601,598.0
2026-08-05 15:09:00,PGC,,46.650001525878906,46.650001525878906,46.650001525878906,46.650001525878906,315.0
2026-08-05 15:09:00,PGEN,,6.90500020980835,6.909999847412109,6.90500020980835,6.90500020980835,6267.0
2026-08-05 15:09:00,PGNY,,31.68000030517578,31.68000030517578,31.68000030517578,31.68000030517578,1149.0
2026-08-05 15:09:00,PLAB,,32.14500045776367,32.14500045776367,32.14500045776367,32.14500045776367,1677.0
2026-08-05 15:09:00,PLBC,,61.35499954223633,61.35499954223633,61.27149963378906,61.27149963378906,816.0
2026-08-05 15:09:00,PLBY,,1.1444000005722046,1.1444000005722046,1.1444000005722046,1.1444000005722046,503.0
2026-08-05 15:09:00,PLMR,,134.6699981689453,134.9250030517578,134.6699981689453,134.9250030517578,548.0
2026-08-05 15:09:00,PLPC,,469.04998779296875,469.04998779296875,469.04998779296875,469.04998779296875,693.0
2026-08-05 15:09:00,PLSE,,37.650001525878906,37.68000030517578,37.58000183105469,37.58000183105469,1422.0
2026-08-05 15:09:00,PLTK,,3.8949999809265137,3.9000000953674316,3.8949999809265137,3.9000000953674316,1440.0
2026-08-05 15:09:00,PLUG,,2.0799999237060547,2.0799999237060547,2.075000047683716,2.0799999237060547,47724.0
2026-08-05 15:09:00,PLXS,,276.0899963378906,276.0899963378906,276.0899963378906,276.0899963378906,1890.0
2026-08-05 15:09:00,PMN,,13.319999694824219,13.329999923706055,13.319999694824219,13.329999923706055,895.0
2026-08-05 15:09:00,PNBK,,1.1399999856948853,1.1399999856948853,1.1399999856948853,1.1399999856948853,2728.0
2026-08-05 15:09:00,PNFP,,107.7699966430664,107.95999908447266,107.7699966430664,107.80999755859375,2953.0
2026-08-05 15:09:00,PNTG,,38.730098724365234,38.730098724365234,38.72999954223633,38.72999954223633,1967.0
2026-08-05 15:09:00,POET,,8.25,8.260000228881836,8.239999771118164,8.258299827575684,36934.0
2026-08-05 15:09:00,POOL,,205.25,205.27999877929688,205.10000610351562,205.27499389648438,5661.0
2026-08-05 15:09:00,POWI,,61.935001373291016,61.935001373291016,61.935001373291016,61.935001373291016,361.0
2026-08-05 15:09:00,PPC,,26.450000762939453,26.46500015258789,26.440000534057617,26.46500015258789,2043.0
2026-08-05 15:09:00,PPTA,,22.639999389648438,22.645000457763672,22.6299991607666,22.645000457763672,5944.0
2026-08-05 15:09:00,PRAX,,317.5249938964844,317.5249938964844,317.5249938964844,317.5249938964844,376.0
2026-08-05 15:09:00,PRCH,,15.829999923706055,15.850000381469727,15.829999923706055,15.850000381469727,2548.0
2026-08-05 15:09:00,PRCT,,19.239999771118164,19.239999771118164,19.209999084472656,19.219999313354492,3275.0
2026-08-05 15:09:00,PRE,,18.260000228881836,18.260000228881836,18.260000228881836,18.260000228881836,427.0
2026-08-05 15:09:00,PRGS,,42.209999084472656,42.279998779296875,42.20000076293945,42.27000045776367,2896.0
2026-08-05 15:09:00,PRIM,,84.66000366210938,84.7249984741211,84.63999938964844,84.72000122070312,2038.0
2026-08-05 15:09:00,PRLD,,4.570000171661377,4.579999923706055,4.570000171661377,4.579999923706055,1688.0
2026-08-05 15:09:00,PROF,,7.985000133514404,7.985000133514404,7.985000133514404,7.985000133514404,224.0
2026-08-05 15:09:00,PROK,,1.6399999856948853,1.6399999856948853,1.6399999856948853,1.6399999856948853,7016.0
2026-08-05 15:09:00,PRTA,,8.444999694824219,8.444999694824219,8.444999694824219,8.444999694824219,937.0
2026-08-05 15:09:00,PRTH,,6.625,6.625,6.625,6.625,409.0
2026-08-05 15:09:00,PRVA,,24.100000381469727,24.100000381469727,24.06999969482422,24.08989906311035,6956.0
2026-08-05 15:09:00,PSEC,,2.180000066757202,2.180000066757202,2.174999952316284,2.180000066757202,2865.0
2026-08-05 15:09:00,PSMT,,186.64010620117188,186.64010620117188,186.6300048828125,186.6300048828125,5147.0
2026-08-05 15:09:00,PSNL,,13.505000114440918,13.505000114440918,13.505000114440918,13.505000114440918,1542.0
2026-08-05 15:09:00,PTC,,139.96499633789062,140.0399932861328,139.8800048828125,139.8800048828125,3158.0
2026-08-05 15:09:00,PTCT,,68.95500183105469,68.95500183105469,68.93000030517578,68.93000030517578,3288.0
2026-08-05 15:09:00,PTEN,,9.78499984741211,9.78499984741211,9.779999732971191,9.779999732971191,5390.0
2026-08-05 15:09:00,PUBM,,13.569999694824219,13.569999694824219,13.569999694824219,13.569999694824219,1011.0
2026-08-05 15:09:00,PWP,,17.46500015258789,17.46500015258789,17.46500015258789,17.46500015258789,712.0
2026-08-05 15:09:00,PYPL,,58.060001373291016,58.095001220703125,58.060001373291016,58.095001220703125,5658.0
2026-08-05 15:09:00,PYXS,,3.119999885559082,3.119999885559082,3.119999885559082,3.119999885559082,332.0
2026-08-05 15:09:00,PZZA,,29.875,29.90250015258789,29.84000015258789,29.84000015258789,5025.0
2026-08-05 15:09:00,QCOM,,158.50999450683594,158.50999450683594,158.42999267578125,158.4499969482422,9915.0
2026-08-05 15:09:00,QRVO,,95.26000213623047,95.26000213623047,95.26000213623047,95.26000213623047,359.0
2026-08-05 15:09:00,SEED,,1.0399999618530273,1.0449999570846558,1.0399999618530273,1.0399999618530273,3567.0
2026-08-05 15:09:00,WOOF,,2.934999942779541,2.934999942779541,2.934999942779541,2.934999942779541,1133.0
2026-08-05 15:10:00,ACDC,,4.489999771118164,4.494999885559082,4.489999771118164,4.489999771118164,2543.0
2026-08-05 15:10:00,BPOP,,177.15089416503906,177.15089416503906,177.06500244140625,177.06500244140625,736.0
2026-08-05 15:10:00,CASH,,89.67500305175781,89.68250274658203,89.67500305175781,89.68250274658203,1690.0
2026-08-05 15:10:00,EYE,,23.0,23.0,22.989999771118164,22.989999771118164,5536.0
2026-08-05 15:10:00,FIZZ,,32.18000030517578,32.18000030517578,32.18000030517578,32.18000030517578,611.0
2026-08-05 15:10:00,FRST,,16.520000457763672,16.520000457763672,16.520000457763672,16.520000457763672,1183.0
2026-08-05 15:10:00,KIDS,,21.375,21.375,21.375,21.375,414.0
2026-08-05 15:10:00,MBRX,,0.39590001106262207,0.3959999978542328,0.3955000042915344,0.3959999978542328,2128.0
2026-08-05 15:10:00,MDB,,376.239990234375,376.239990234375,376.1400146484375,376.15008544921875,1312.0
2026-08-05 15:10:00,MDLZ,,62.459999084472656,62.459999084472656,62.41999816894531,62.439998626708984,10510.0
2026-08-05 15:10:00,MLTX,,17.489999771118164,17.5,17.485000610351562,17.5,2544.0
2026-08-05 15:10:00,MNPR,,118.36000061035156,118.36000061035156,118.12999725341797,118.12999725341797,1008.0
2026-08-05 15:10:00,MNST,,94.53500366210938,94.54000091552734,94.5199966430664,94.52999877929688,9252.0
2026-08-05 15:10:00,MNTS,,4.25,4.25,4.25,4.25,4214.0
2026-08-05 15:10:00,MODD,,1.9900000095367432,2.0,1.9900000095367432,1.9900000095367432,8836.0
2026-08-05 15:10:00,MPWR,,1343.64501953125,1344.687255859375,1343.4599609375,1343.6800537109375,627.0
2026-08-05 15:10:00,MRNA,,56.45000076293945,56.474998474121094,56.400001525878906,56.470001220703125,6934.0
2026-08-05 15:10:00,MYGN,,3.1050000190734863,3.109999895095825,3.0999999046325684,3.109999895095825,4526.0
2026-08-05 15:10:00,MYRG,,339.125,339.125,339.125,339.125,149.0
2026-08-05 15:10:00,NAMS,,27.190000534057617,27.200000762939453,27.190000534057617,27.190000534057617,1890.0
2026-08-05 15:10:00,NAUT,,0.9345999956130981,0.9345999956130981,0.9337999820709229,0.9337999820709229,6719.0
2026-08-05 15:10:00,NAVI,,9.085000038146973,9.09000015258789,9.085000038146973,9.09000015258789,2417.0
2026-08-05 15:10:00,NB,,5.054999828338623,5.059999942779541,5.050000190734863,5.054999828338623,22716.0
2026-08-05 15:10:00,NBIX,,162.75999450683594,162.75999450683594,162.75999450683594,162.75999450683594,765.0
2026-08-05 15:10:00,NBTB,,53.27000045776367,53.27000045776367,53.27000045776367,53.27000045776367,1334.0
2026-08-05 15:10:00,NCRA,,1.8199000358581543,1.8199000358581543,1.809999942779541,1.809999942779541,1903.0
2026-08-05 15:10:00,NDAQ,,94.62999725341797,94.62999725341797,94.62999725341797,94.62999725341797,532.0
2026-08-05 15:10:00,NDSN,,310.489990234375,310.7200012207031,310.44000244140625,310.7200012207031,958.0
2026-08-05 15:10:00,NEO,,15.8100004196167,15.820099830627441,15.800000190734863,15.820099830627441,5787.0
2026-08-05 15:10:00,NEOG,,11.5600004196167,11.569999694824219,11.5600004196167,11.569999694824219,4395.0
2026-08-05 15:10:00,NEOV,,2.8550000190734863,2.865000009536743,2.8399999141693115,2.8399999141693115,74753.0
2026-08-05 15:10:00,NESR,,28.625,28.625,28.614999771118164,28.6200008392334,3612.0
2026-08-05 15:10:00,NEXT,,6.474999904632568,6.474999904632568,6.474999904632568,6.474999904632568,336.0
2026-08-05 15:10:00,NFE,,0.3384999930858612,0.3402000069618225,0.3384999930858612,0.3402000069618225,490.0
2026-08-05 15:10:00,NFLX,,73.69499969482422,73.69999694824219,73.66000366210938,73.67500305175781,47116.0
2026-08-05 15:10:00,NICE,,100.11499786376953,100.27999877929688,99.94999694824219,99.94999694824219,7834.0
2026-08-05 15:10:00,NKSH,,41.38999938964844,41.38999938964844,41.38999938964844,41.38999938964844,452.0
2026-08-05 15:10:00,NKTR,,72.54499816894531,72.55000305175781,72.54499816894531,72.55000305175781,491.0
2026-08-05 15:10:00,NMFC,,7.349999904632568,7.349999904632568,7.349999904632568,7.349999904632568,1778.0
2026-08-05 15:10:00,NMRK,,15.704999923706055,15.710000038146973,15.699999809265137,15.699999809265137,4586.0
2026-08-05 15:10:00,NN,,14.720000267028809,14.720000267028809,14.720000267028809,14.720000267028809,1329.0
2026-08-05 15:10:00,NNBR,,3.809999942779541,3.815000057220459,3.809999942779541,3.815000057220459,5510.0
2026-08-05 15:10:00,NNDM,,1.5549999475479126,1.5549999475479126,1.5549999475479126,1.5549999475479126,770.0
2026-08-05 15:10:00,NNOX,,1.0149999856948853,1.0149999856948853,1.0098999738693237,1.0099999904632568,23808.0
2026-08-05 15:10:00,NPCE,,13.779999732971191,13.779999732971191,13.779999732971191,13.779999732971191,296.0
2026-08-05 15:10:00,NRDS,,9.079999923706055,9.085000038146973,9.069999694824219,9.069999694824219,8931.0
2026-08-05 15:10:00,NRIX,,24.854999542236328,24.854999542236328,24.854999542236328,24.854999542236328,315.0
2026-08-05 15:10:00,NTAP,,190.38999938964844,190.47999572753906,190.375,190.38999938964844,3784.0
2026-08-05 15:10:00,NTCT,,41.915000915527344,41.915000915527344,41.915000915527344,41.915000915527344,248.0
2026-08-05 15:10:00,NTES,,127.625,127.625,127.625,127.625,1364.0
2026-08-05 15:10:00,NTGR,,24.309999465942383,24.31999969482422,24.299999237060547,24.31999969482422,1173.0
2026-08-05 15:10:00,NTNX,,61.310001373291016,61.32500076293945,61.29499816894531,61.29750061035156,4947.0
2026-08-05 15:10:00,NTRA,,272.135009765625,272.135009765625,271.9100036621094,272.0899963378906,1685.0
2026-08-05 15:10:00,NTRB,,2.819999933242798,2.831700086593628,2.819999933242798,2.831700086593628,5331.0
2026-08-05 15:10:00,NTRS,,184.74000549316406,184.74000549316406,184.74000549316406,184.74000549316406,593.0
2026-08-05 15:10:00,NTRSO,,18.40999984741211,18.40999984741211,18.40999984741211,18.40999984741211,221.0
2026-08-05 15:10:00,NUWE,,1.684999942779541,1.684999942779541,1.684999942779541,1.684999942779541,177.0
2026-08-05 15:10:00,NVAX,,7.605000019073486,7.610000133514404,7.605000019073486,7.610000133514404,3305.0
2026-08-05 15:10:00,NVCR,,16.06999969482422,16.09000015258789,16.059999465942383,16.059999465942383,15457.0
2026-08-05 15:10:00,NVDA,,221.80320739746094,221.9550018310547,221.77000427246094,221.93499755859375,179176.0
2026-08-05 15:10:00,NVEC,,129.6300048828125,129.6300048828125,129.6300048828125,129.6300048828125,441.0
2026-08-05 15:10:00,NVMI,,406.5400085449219,406.5400085449219,406.4649963378906,406.4649963378906,787.0
2026-08-05 15:10:00,NVTS,,12.4399995803833,12.449999809265137,12.4350004196167,12.449999809265137,14649.0
2026-08-05 15:10:00,NWBI,,15.96500015258789,15.970000267028809,15.96500015258789,15.96500015258789,10188.0
2026-08-05 15:10:00,NWL,,6.184999942779541,6.184999942779541,6.179999828338623,6.184999942779541,8018.0
2026-08-05 15:10:00,NWS,,32.40999984741211,32.40999984741211,32.3849983215332,32.3849983215332,1468.0
2026-08-05 15:10:00,NWSA,,28.385000228881836,28.395000457763672,28.375,28.375,10301.0
2026-08-05 15:10:00,NXGL,,0.4009999930858612,0.4009999930858612,0.4009999930858612,0.4009999930858612,672.0
2026-08-05 15:10:00,NXL,,0.34549999237060547,0.34549999237060547,0.34549999237060547,0.34549999237060547,1100.0
2026-08-05 15:10:00,NXPI,,232.02999877929688,232.02999877929688,231.8300018310547,231.8300018310547,4444.0
2026-08-05 15:10:00,NXST,,189.43499755859375,189.43499755859375,189.43499755859375,189.43499755859375,508.0
2026-08-05 15:10:00,NXT,,99.44000244140625,99.52999877929688,99.44000244140625,99.52999877929688,5830.0
2026-08-05 15:10:00,OBIO,,4.21999979019165,4.21999979019165,4.215000152587891,4.215000152587891,777.0
2026-08-05 15:10:00,OCFC,,19.905000686645508,19.90999984741211,19.905000686645508,19.90999984741211,1227.0
2026-08-05 15:10:00,OCGN,,1.284999966621399,1.284999966621399,1.284999966621399,1.284999966621399,31584.0
2026-08-05 15:10:00,OCS,,12.0,12.0,12.0,12.0,514.0
2026-08-05 15:10:00,OCUL,,8.569999694824219,8.569999694824219,8.550000190734863,8.5600004196167,9068.0
2026-08-05 15:10:00,ODD,,15.34000015258789,15.34000015258789,15.34000015258789,15.34000015258789,772.0
2026-08-05 15:10:00,OFIX,,10.65999984741211,10.680000305175781,10.65999984741211,10.680000305175781,1192.0
2026-08-05 15:10:00,OGI,,0.9538000226020813,0.9538000226020813,0.9538000226020813,0.9538000226020813,200.0
2026-08-05 15:10:00,OKTA,,148.2949981689453,148.2949981689453,148.25,148.25,873.0
2026-08-05 15:10:00,OLLI,,78.13999938964844,78.13999938964844,78.0510025024414,78.0510025024414,3978.0
2026-08-05 15:10:00,OLMA,,11.479999542236328,11.479999542236328,11.479999542236328,11.479999542236328,1067.0
2026-08-05 15:10:00,OMCL,,37.16999816894531,37.16999816894531,37.16999816894531,37.16999816894531,397.0
2026-08-05 15:10:00,OMER,,12.710000038146973,12.710000038146973,12.699999809265137,12.699999809265137,909.0
2026-08-05 15:10:00,OMEX,,0.7454000115394592,0.7454000115394592,0.7454000115394592,0.7454000115394592,200.0
2026-08-05 15:10:00,OMH,,0.11559999734163284,0.1160999983549118,0.11559999734163284,0.1160999983549118,17900.0
2026-08-05 15:10:00,ON,,77.6500015258789,77.66999816894531,77.62000274658203,77.66999816894531,17509.0
2026-08-05 15:10:00,ONB,,27.014999389648438,27.024999618530273,27.014999389648438,27.024999618530273,8319.0
2026-08-05 15:10:00,ONCY,,0.792900025844574,0.7990000247955322,0.792900025844574,0.7975000143051147,1179.0
2026-08-05 15:10:00,ONDS,,8.845000267028809,8.850000381469727,8.815099716186523,8.829999923706055,341775.0
2026-08-05 15:10:00,ONFO,,0.0778999999165535,0.0778999999165535,0.07769999653100967,0.07769999653100967,16449.0
2026-08-05 15:10:00,OPAL,,2.369999885559082,2.369999885559082,2.369999885559082,2.369999885559082,213.0
2026-08-05 15:10:00,OPCH,,23.549999237060547,23.559999465942383,23.520000457763672,23.524999618530273,8473.0
2026-08-05 15:10:00,OPEN,,3.734999895095825,3.740000009536743,3.7300000190734863,3.734999895095825,50095.0
2026-08-05 15:10:00,OPK,,1.315000057220459,1.315000057220459,1.315000057220459,1.315000057220459,200.0
2026-08-05 15:10:00,OPRX,,6.945000171661377,6.945000171661377,6.945000171661377,6.945000171661377,1534.0
2026-08-05 15:10:00,ORIC,,12.880000114440918,12.880000114440918,12.859999656677246,12.869999885559082,5645.0
2026-08-05 15:10:00,ORLY,,92.91000366210938,92.94000244140625,92.88999938964844,92.8949966430664,10262.0
2026-08-05 15:10:00,ORMP,,4.360000133514404,4.360000133514404,4.360000133514404,4.360000133514404,204.0
2026-08-05 15:10:00,OSBC,,25.799999237060547,25.799999237060547,25.799999237060547,25.799999237060547,2974.0
2026-08-05 15:10:00,OSIS,,237.05250549316406,237.11000061035156,237.05250549316406,237.11000061035156,343.0
2026-08-05 15:10:00,OSS,,13.359999656677246,13.359999656677246,13.359999656677246,13.359999656677246,304.0
2026-08-05 15:10:00,OSW,,26.510000228881836,26.510000228881836,26.510000228881836,26.510000228881836,577.0
2026-08-05 15:10:00,OTLK,,1.0299999713897705,1.0299999713897705,1.024999976158142,1.0299999713897705,8391.0
2026-08-05 15:10:00,OVID,,2.5799999237060547,2.5799999237060547,2.5799999237060547,2.5799999237060547,2175.0
2026-08-05 15:10:00,OXLC,,9.135000228881836,9.135000228881836,9.135000228881836,9.135000228881836,2727.0
2026-08-05 15:10:00,PAA,,23.174999237060547,23.19499969482422,23.170000076293945,23.19499969482422,15703.0
2026-08-05 15:10:00,PAAS,,48.2599983215332,48.279998779296875,48.25,48.279701232910156,10043.0
2026-08-05 15:10:00,PACB,,1.3049999475479126,1.309999942779541,1.2999999523162842,1.3049999475479126,1961.0
2026-08-05 15:10:00,PAGP,,25.165000915527344,25.170000076293945,25.165000915527344,25.170000076293945,2005.0
2026-08-05 15:10:00,PALI,,2.109999895095825,2.109999895095825,2.1050000190734863,2.1050000190734863,1567.0
2026-08-05 15:10:00,PANW,,364.8999938964844,364.8999938964844,364.7250061035156,364.75,4974.0
2026-08-05 15:10:00,PAX,,11.395000457763672,11.399999618530273,11.395000457763672,11.395000457763672,5904.0
2026-08-05 15:10:00,PAYO,,7.125,7.125,7.125,7.125,2892.0
2026-08-05 15:10:00,PAYS,,9.140000343322754,9.149999618530273,9.140000343322754,9.140000343322754,930.0
2026-08-05 15:10:00,PAYX,,117.84500122070312,117.84500122070312,117.80000305175781,117.80999755859375,7580.0
2026-08-05 15:10:00,PCAR,,133.6199951171875,133.6300048828125,133.61000061035156,133.6300048828125,4296.0
2026-08-05 15:10:00,PCRX,,24.895000457763672,24.895000457763672,24.895000457763672,24.895000457763672,237.0
2026-08-05 15:10:00,PCSA,,2.2091000080108643,2.2091000080108643,2.2091000080108643,2.2091000080108643,200.0
2026-08-05 15:10:00,PCT,,6.96999979019165,6.96999979019165,6.960000038146973,6.96999979019165,9609.0
2026-08-05 15:10:00,PCTY,,146.3800048828125,146.3800048828125,146.3800048828125,146.3800048828125,906.0
2026-08-05 15:10:00,PDD,,90.69000244140625,90.69000244140625,90.68000030517578,90.68499755859375,6344.0
2026-08-05 15:10:00,PECO,,41.415000915527344,41.41999816894531,41.400001525878906,41.400001525878906,2391.0
2026-08-05 15:10:00,PEGA,,31.899999618530273,31.899999618530273,31.885000228881836,31.885000228881836,1551.0
2026-08-05 15:10:00,PENN,,19.709999084472656,19.71500015258789,19.709999084472656,19.71500015258789,2624.0
2026-08-05 15:10:00,PEP,,138.235107421875,138.25,138.22000122070312,138.25,7648.0
2026-08-05 15:10:00,PEPG,,1.965000033378601,1.965000033378601,1.965000033378601,1.965000033378601,389.0
2026-08-05 15:10:00,PERI,,9.600000381469727,9.604999542236328,9.600000381469727,9.604999542236328,633.0
2026-08-05 15:10:00,PFBC,,106.43000030517578,106.43000030517578,106.43000030517578,106.43000030517578,515.0
2026-08-05 15:10:00,PFG,,114.30000305175781,114.33999633789062,114.30000305175781,114.31999969482422,1225.0
2026-08-05 15:10:00,PGEN,,6.90500020980835,6.909999847412109,6.900000095367432,6.909999847412109,14889.0
2026-08-05 15:10:00,PGY,,21.729999542236328,21.735000610351562,21.725000381469727,21.735000610351562,4156.0
2026-08-05 15:10:00,PHAT,,8.390000343322754,8.390000343322754,8.390000343322754,8.390000343322754,715.0
2026-08-05 15:10:00,PHVS,,33.66999816894531,33.66999816894531,33.657501220703125,33.657501220703125,1924.0
2026-08-05 15:10:00,PLAB,,32.130001068115234,32.14500045776367,32.130001068115234,32.14500045776367,494.0
2026-08-05 15:10:00,PLMR,,134.9250030517578,134.9250030517578,134.9250030517578,134.9250030517578,254.0
2026-08-05 15:10:00,PLTK,,3.8949999809265137,3.8949999809265137,3.8949999809265137,3.8949999809265137,565.0
2026-08-05 15:10:00,PLUG,,2.075000047683716,2.0799999237060547,2.069999933242798,2.0799999237060547,17707.0
2026-08-05 15:10:00,PMCB,,0.5927000045776367,0.5950999855995178,0.5927000045776367,0.5950999855995178,752.0
2026-08-05 15:10:00,PMEC,,0.41909998655319214,0.41909998655319214,0.41909998655319214,0.41909998655319214,696.0
2026-08-05 15:10:00,PNFP,,107.7699966430664,107.86000061035156,107.7699966430664,107.7699966430664,2033.0
2026-08-05 15:10:00,PNRG,,187.3000030517578,187.89999389648438,187.3000030517578,187.5500030517578,2755.0
2026-08-05 15:10:00,POET,,8.244999885559082,8.25,8.244999885559082,8.244999885559082,19732.0
2026-08-05 15:10:00,POOL,,205.2449951171875,205.33999633789062,205.2449951171875,205.33999633789062,1475.0
2026-08-05 15:10:00,POWI,,61.90999984741211,61.90999984741211,61.90999984741211,61.90999984741211,543.0
2026-08-05 15:10:00,POWL,,211.50999450683594,211.50999450683594,211.44500732421875,211.44500732421875,710.0
2026-08-05 15:10:00,PPC,,26.43000030517578,26.440000534057617,26.43000030517578,26.440000534057617,5810.0
2026-08-05 15:10:00,PRAA,,17.280000686645508,17.280000686645508,17.280000686645508,17.280000686645508,255.0
2026-08-05 15:10:00,PRAX,,317.3299865722656,317.3299865722656,317.3299865722656,317.3299865722656,45.0
2026-08-05 15:10:00,PRCT,,19.290000915527344,19.290000915527344,19.260000228881836,19.260000228881836,4281.0
2026-08-05 15:10:00,PRE,,18.190000534057617,18.329999923706055,18.190000534057617,18.225000381469727,4563.0
2026-08-05 15:10:00,PRGS,,42.185001373291016,42.209999084472656,42.13999938964844,42.209999084472656,6153.0
2026-08-05 15:10:00,PRIM,,84.70500183105469,84.76000213623047,84.68000030517578,84.68000030517578,6888.0
2026-08-05 15:10:00,PRME,,3.0399999618530273,3.0450000762939453,3.0399999618530273,3.0450000762939453,12909.0
2026-08-05 15:10:00,PROK,,1.6399999856948853,1.6449999809265137,1.6399999856948853,1.6399999856948853,7848.0
2026-08-05 15:10:00,PRPH,,0.04439999908208847,0.04439999908208847,0.04439999908208847,0.04439999908208847,2500.0
2026-08-05 15:10:00,PRQR,,1.9709999561309814,1.9709999561309814,1.9709999561309814,1.9709999561309814,1994.0
2026-08-05 15:10:00,PRTA,,8.430000305175781,8.4399995803833,8.430000305175781,8.4399995803833,1624.0
2026-08-05 15:10:00,PRVA,,24.110000610351562,24.110000610351562,24.100000381469727,24.100000381469727,3074.0
2026-08-05 15:10:00,PRZO,,0.5547000169754028,0.5547000169754028,0.5526999831199646,0.5526999831199646,2265.0
2026-08-05 15:10:00,PSEC,,2.174999952316284,2.180000066757202,2.174999952316284,2.180000066757202,2654.0
2026-08-05 15:10:00,PTC,,139.96499633789062,140.0399932861328,139.96499633789062,140.0399932861328,1321.0
2026-08-05 15:10:00,PTEN,,9.779999732971191,9.789999961853027,9.774999618530273,9.78499984741211,35092.0
2026-08-05 15:10:00,PTGX,,135.85499572753906,135.8800048828125,135.6999969482422,135.6999969482422,566.0
2026-08-05 15:10:00,PTLO,,4.630000114440918,4.630000114440918,4.630000114440918,4.630000114440918,2719.0
2026-08-05 15:10:00,PTON,,6.494999885559082,6.5,6.494999885559082,6.5,3756.0
2026-08-05 15:10:00,PUBM,,13.569999694824219,13.579999923706055,13.5600004196167,13.5600004196167,1266.0
2026-08-05 15:10:00,PWP,,17.479999542236328,17.479999542236328,17.459999084472656,17.46500015258789,2944.0
2026-08-05 15:10:00,PYPL,,58.04499816894531,58.060001373291016,58.03499984741211,58.060001373291016,10192.0
2026-08-05 15:10:00,PYXS,,3.140000104904175,3.140000104904175,3.140000104904175,3.140000104904175,165.0
2026-08-05 15:10:00,PZZA,,29.8700008392334,29.875,29.8700008392334,29.875,2310.0
2026-08-05 15:10:00,QCOM,,158.5399932861328,158.57000732421875,158.5,158.5500030517578,9341.0
2026-08-05 15:10:00,QFIN,,13.1850004196167,13.1850004196167,13.1850004196167,13.1850004196167,687.0
2026-08-05 15:10:00,QRVO,,95.20999908447266,95.27999877929688,95.20999908447266,95.27999877929688,2770.0
2026-08-05 15:10:00,SEED,,1.0399999618530273,1.0399999618530273,1.0399999618530273,1.0399999618530273,500.0
2026-08-05 15:10:00,STIM,,2.2844998836517334,2.2899999618530273,2.2844998836517334,2.2899999618530273,8898.0
2026-08-05 15:10:00,TARA,,3.9749999046325684,3.9749999046325684,3.9700000286102295,3.9700000286102295,460.0
2026-08-05 15:10:00,WOOF,,2.934999942779541,2.934999942779541,2.934999942779541,2.934999942779541,771.0
2026-08-05 15:11:00,ACDC,,4.485000133514404,4.494999885559082,4.480000019073486,4.489999771118164,10395.0
2026-08-05 15:11:00,BPOP,,176.92999267578125,176.97000122070312,176.92999267578125,176.97000122070312,509.0
2026-08-05 15:11:00,CNXN,,86.19999694824219,86.19999694824219,86.19999694824219,86.19999694824219,477.0
2026-08-05 15:11:00,CPOP,,0.34940001368522644,0.34940001368522644,0.34940001368522644,0.34940001368522644,4200.0
2026-08-05 15:11:00,EYE,,23.0049991607666,23.010000228881836,23.0049991607666,23.0049991607666,1351.0
2026-08-05 15:11:00,GLUE,,15.515000343322754,15.515000343322754,15.5,15.5,2345.0
2026-08-05 15:11:00,KIDS,,21.395000457763672,21.395000457763672,21.395000457763672,21.395000457763672,874.0
2026-08-05 15:11:00,MBRX,,0.3968000113964081,0.3968000113964081,0.3968000113964081,0.3968000113964081,400.0
2026-08-05 15:11:00,MCRI,,122.5250015258789,122.5250015258789,122.4000015258789,122.4000015258789,781.0
2026-08-05 15:11:00,MDB,,376.2799987792969,376.2799987792969,376.2799987792969,376.2799987792969,902.0
2026-08-05 15:11:00,MDLZ,,62.46009826660156,62.46500015258789,62.454498291015625,62.454498291015625,6751.0
2026-08-05 15:11:00,MNRO,,13.140000343322754,13.140000343322754,13.140000343322754,13.140000343322754,1045.0
2026-08-05 15:11:00,MNST,,94.48500061035156,94.5199966430664,94.48500061035156,94.5199966430664,4788.0
2026-08-05 15:11:00,MNTS,,4.248300075531006,4.25,4.239999771118164,4.239999771118164,5686.0
2026-08-05 15:11:00,MODD,,2.0,2.0,1.9900000095367432,1.9900000095367432,0.0
2026-08-05 15:11:00,MORN,,198.4499969482422,198.4499969482422,198.1649932861328,198.1649932861328,939.0
2026-08-05 15:11:00,MPWR,,1345.75,1345.81005859375,1344.199951171875,1344.6800537109375,1322.0
2026-08-05 15:11:00,MRNA,,56.459999084472656,56.470001220703125,56.435001373291016,56.435001373291016,4509.0
2026-08-05 15:11:00,MYGN,,3.0999999046325684,3.0999999046325684,3.0999999046325684,3.0999999046325684,200.0
2026-08-05 15:11:00,MYRG,,339.3699951171875,339.45001220703125,339.3550109863281,339.45001220703125,642.0
2026-08-05 15:11:00,NAMS,,27.225000381469727,27.225000381469727,27.200000762939453,27.209999084472656,7966.0
2026-08-05 15:11:00,NAUT,,0.9362999796867371,0.9362999796867371,0.9327999949455261,0.9327999949455261,1209.0
2026-08-05 15:11:00,NB,,5.039999961853027,5.050000190734863,5.039999961853027,5.050000190734863,12208.0
2026-08-05 15:11:00,NDAQ,,94.65499877929688,94.66000366210938,94.63999938964844,94.63999938964844,1857.0
2026-08-05 15:11:00,NEGG,,17.059999465942383,17.489999771118164,17.059999465942383,17.489999771118164,548.0
2026-08-05 15:11:00,NEO,,15.789999961853027,15.8100004196167,15.789999961853027,15.800000190734863,9838.0
2026-08-05 15:11:00,NEOG,,11.545000076293945,11.5600004196167,11.53499984741211,11.5600004196167,10145.0
2026-08-05 15:11:00,NEOV,,2.880000114440918,2.884999990463257,2.8499999046325684,2.8499999046325684,17774.0
2026-08-05 15:11:00,NESR,,28.6299991607666,28.6299991607666,28.6299991607666,28.6299991607666,1468.0
2026-08-05 15:11:00,NEWT,,15.050000190734863,15.050000190734863,15.050000190734863,15.050000190734863,285.0
2026-08-05 15:11:00,NEXT,,6.46999979019165,6.46999979019165,6.46999979019165,6.46999979019165,3470.0
2026-08-05 15:11:00,NFE,,0.33869999647140503,0.33869999647140503,0.33869999647140503,0.33869999647140503,270.0
2026-08-05 15:11:00,NFLX,,73.69999694824219,73.7300033569336,73.68000030517578,73.69000244140625,53395.0
2026-08-05 15:11:00,NICE,,100.19999694824219,100.19999694824219,100.19000244140625,100.19000244140625,1237.0
2026-08-05 15:11:00,NIU,,2.444999933242798,2.450000047683716,2.444999933242798,2.450000047683716,1701.0
2026-08-05 15:11:00,NKTR,,72.59500122070312,72.59500122070312,72.59500122070312,72.59500122070312,496.0
2026-08-05 15:11:00,NMFC,,7.360000133514404,7.360000133514404,7.360000133514404,7.360000133514404,1888.0
2026-08-05 15:11:00,NMIH,,44.564998626708984,44.572200775146484,44.564998626708984,44.572200775146484,1098.0
2026-08-05 15:11:00,NMRA,,1.6100000143051147,1.6100000143051147,1.6050000190734863,1.6050000190734863,1338.0
2026-08-05 15:11:00,NN,,14.694999694824219,14.71500015258789,14.6850004196167,14.71500015258789,8271.0
2026-08-05 15:11:00,NNBR,,3.8299999237060547,3.8299999237060547,3.812999963760376,3.815000057220459,18181.0
2026-08-05 15:11:00,NNDM,,1.5549999475479126,1.5549999475479126,1.5549999475479126,1.5549999475479126,826.0
2026-08-05 15:11:00,NNOX,,1.0149999856948853,1.0149999856948853,1.0149999856948853,1.0149999856948853,587.0
2026-08-05 15:11:00,NOVT,,154.74000549316406,154.8350067138672,154.72999572753906,154.77999877929688,1833.0
2026-08-05 15:11:00,NRIX,,24.860000610351562,24.860000610351562,24.854999542236328,24.854999542236328,864.0
2026-08-05 15:11:00,NRXP,,3.065000057220459,3.065000057220459,3.065000057220459,3.065000057220459,172.0
2026-08-05 15:11:00,NTAP,,190.4600067138672,190.4600067138672,190.44000244140625,190.44000244140625,1270.0
2026-08-05 15:11:00,NTCT,,41.849998474121094,41.849998474121094,41.849998474121094,41.849998474121094,673.0
2026-08-05 15:11:00,NTGR,,24.290000915527344,24.309999465942383,24.290000915527344,24.309999465942383,1095.0
2026-08-05 15:11:00,NTNX,,61.310001373291016,61.310001373291016,61.310001373291016,61.310001373291016,1140.0
2026-08-05 15:11:00,NTRA,,271.8999938964844,271.9100036621094,271.8999938964844,271.9100036621094,584.0
2026-08-05 15:11:00,NTRB,,2.804500102996826,2.804500102996826,2.804500102996826,2.804500102996826,0.0
2026-08-05 15:11:00,NTRS,,184.74000549316406,184.74000549316406,184.74000549316406,184.74000549316406,239.0
2026-08-05 15:11:00,NUWE,,1.6890000104904175,1.6890000104904175,1.6890000104904175,1.6890000104904175,212.0
2026-08-05 15:11:00,NVAX,,7.614999771118164,7.614999771118164,7.609899997711182,7.609899997711182,4281.0
2026-08-05 15:11:00,NVDA,,221.7899932861328,221.8300018310547,221.69000244140625,221.82000732421875,173451.0
2026-08-05 15:11:00,NVEC,,129.25999450683594,129.44000244140625,129.25999450683594,129.44000244140625,758.0
2026-08-05 15:11:00,NVTS,,12.454999923706055,12.460000038146973,12.4350004196167,12.4399995803833,8426.0
2026-08-05 15:11:00,NWBI,,15.949999809265137,15.96500015258789,15.949999809265137,15.96500015258789,4196.0
2026-08-05 15:11:00,NWE,,69.02999877929688,69.02999877929688,69.02999877929688,69.02999877929688,708.0
2026-08-05 15:11:00,NWGL,,0.26989999413490295,0.26989999413490295,0.26989999413490295,0.26989999413490295,200.0
2026-08-05 15:11:00,NWL,,6.184999942779541,6.190000057220459,6.179999828338623,6.184999942779541,9259.0
2026-08-05 15:11:00,NWS,,32.38999938964844,32.38999938964844,32.38999938964844,32.38999938964844,1846.0
2026-08-05 15:11:00,NWSA,,28.389999389648438,28.389999389648438,28.3700008392334,28.3799991607666,9707.0
2026-08-05 15:11:00,NXPI,,232.02000427246094,232.1999969482422,231.89500427246094,231.97000122070312,5427.0
2026-08-05 15:11:00,NXST,,189.67999267578125,190.0399932861328,189.5800018310547,189.5800018310547,2673.0
2026-08-05 15:11:00,NXT,,99.48999786376953,99.48999786376953,99.4749984741211,99.4749984741211,767.0
2026-08-05 15:11:00,OCC,,15.960000038146973,15.960000038146973,15.960000038146973,15.960000038146973,1792.0
2026-08-05 15:11:00,OCFC,,19.905000686645508,19.905000686645508,19.905000686645508,19.905000686645508,3093.0
2026-08-05 15:11:00,OCGN,,1.2799999713897705,1.284999966621399,1.2799999713897705,1.284999966621399,2917.0
2026-08-05 15:11:00,OCSL,,12.055000305175781,12.055000305175781,12.055000305175781,12.055000305175781,846.0
2026-08-05 15:11:00,ODFL,,214.375,214.4600067138672,214.375,214.4600067138672,3490.0
2026-08-05 15:11:00,OESX,,14.760000228881836,14.944999694824219,14.760000228881836,14.944999694824219,1115.0
2026-08-05 15:11:00,OFIX,,10.640000343322754,10.649999618530273,10.640000343322754,10.649999618530273,1022.0
2026-08-05 15:11:00,OKTA,,148.42999267578125,148.42999267578125,148.2949981689453,148.2949981689453,2150.0
2026-08-05 15:11:00,OLLI,,78.1500015258789,78.1500015258789,78.1500015258789,78.1500015258789,493.0
2026-08-05 15:11:00,OLMA,,11.489999771118164,11.489999771118164,11.489999771118164,11.489999771118164,1799.0
2026-08-05 15:11:00,OMCL,,37.15999984741211,37.15999984741211,37.15999984741211,37.15999984741211,470.0
2026-08-05 15:11:00,OMER,,12.720000267028809,12.720000267028809,12.710000038146973,12.710000038146973,3037.0
2026-08-05 15:11:00,OMEX,,0.7459999918937683,0.7459999918937683,0.7459999918937683,0.7459999918937683,796.0
2026-08-05 15:11:00,OMH,,0.11620000004768372,0.11620000004768372,0.11620000004768372,0.11620000004768372,1566.0
2026-08-05 15:11:00,ON,,77.66999816894531,77.70999908447266,77.63999938964844,77.66999816894531,23656.0
2026-08-05 15:11:00,ONBPO,,24.829999923706055,24.829999923706055,24.829999923706055,24.829999923706055,792.0
2026-08-05 15:11:00,ONBPP,,24.889999389648438,24.889999389648438,24.889999389648438,24.889999389648438,1207.0
2026-08-05 15:11:00,ONCY,,0.7960000038146973,0.7960000038146973,0.7960000038146973,0.7960000038146973,166.0
2026-08-05 15:11:00,ONDS,,8.845000267028809,8.850000381469727,8.829999923706055,8.845000267028809,490853.0
2026-08-05 15:11:00,ONEW,,12.649999618530273,12.65999984741211,12.640000343322754,12.65999984741211,800.0
2026-08-05 15:11:00,ONFO,,0.07800000160932541,0.07810000330209732,0.07800000160932541,0.07800000160932541,124596.0
2026-08-05 15:11:00,OPCH,,23.545000076293945,23.565000534057617,23.545000076293945,23.545000076293945,7041.0
2026-08-05 15:11:00,OPEN,,3.740000009536743,3.740000009536743,3.7300000190734863,3.734999895095825,110604.0
2026-08-05 15:11:00,OPK,,1.315000057220459,1.315000057220459,1.315000057220459,1.315000057220459,2864.0
2026-08-05 15:11:00,OPRA,,19.98550033569336,19.98550033569336,19.98550033569336,19.98550033569336,997.0
2026-08-05 15:11:00,ORIC,,12.880000114440918,12.880000114440918,12.880000114440918,12.880000114440918,519.0
2026-08-05 15:11:00,ORLY,,92.94999694824219,92.94999694824219,92.9000015258789,92.91500091552734,7802.0
2026-08-05 15:11:00,OSBC,,25.795000076293945,25.795000076293945,25.795000076293945,25.795000076293945,299.0
2026-08-05 15:11:00,OSIS,,237.03500366210938,237.03500366210938,237.03500366210938,237.03500366210938,256.0
2026-08-05 15:11:00,OSS,,13.40999984741211,13.430000305175781,13.40999984741211,13.40999984741211,2017.0
2026-08-05 15:11:00,OSW,,26.510000228881836,26.510000228881836,26.510000228881836,26.510000228881836,827.0
2026-08-05 15:11:00,OTEX,,25.84000015258789,25.844999313354492,25.834999084472656,25.84000015258789,3835.0
2026-08-05 15:11:00,OTLK,,1.0295000076293945,1.0295000076293945,1.024999976158142,1.024999976158142,4910.0
2026-08-05 15:11:00,OVID,,2.5799999237060547,2.5799999237060547,2.569999933242798,2.569999933242798,12017.0
2026-08-05 15:11:00,OXLC,,9.135000228881836,9.135000228881836,9.135000228881836,9.135000228881836,1102.0
2026-08-05 15:11:00,OXSQ,,1.5049999952316284,1.5049999952316284,1.5049999952316284,1.5049999952316284,6051.0
2026-08-05 15:11:00,PAA,,23.161100387573242,23.165000915527344,23.161100387573242,23.165000915527344,497.0
2026-08-05 15:11:00,PAAS,,48.3026008605957,48.33000183105469,48.25,48.26100158691406,7162.0
2026-08-05 15:11:00,PACB,,1.3049999475479126,1.3099000453948975,1.3049999475479126,1.3099000453948975,5181.0
2026-08-05 15:11:00,PAGP,,25.15999984741211,25.15999984741211,25.155000686645508,25.155000686645508,2837.0
2026-08-05 15:11:00,PALI,,2.109999895095825,2.109999895095825,2.1050000190734863,2.1050000190734863,3283.0
2026-08-05 15:11:00,PANL,,7.275000095367432,7.275000095367432,7.269999980926514,7.269999980926514,698.0
2026-08-05 15:11:00,PANW,,364.9800109863281,365.0249938964844,364.7200012207031,364.7699890136719,7271.0
2026-08-05 15:11:00,PATK,,87.94999694824219,87.94999694824219,87.94999694824219,87.94999694824219,207.0
2026-08-05 15:11:00,PAX,,11.399999618530273,11.399999618530273,11.399999618530273,11.399999618530273,468.0
2026-08-05 15:11:00,PAYO,,7.125,7.125,7.125,7.125,305.0
2026-08-05 15:11:00,PAYS,,9.140000343322754,9.140000343322754,9.140000343322754,9.140000343322754,429.0
2026-08-05 15:11:00,PAYX,,117.86000061035156,117.87000274658203,117.83000183105469,117.83000183105469,3337.0
2026-08-05 15:11:00,PCAR,,133.5399932861328,133.5399932861328,133.52999877929688,133.52999877929688,3633.0
2026-08-05 15:11:00,PCRX,,24.829999923706055,24.920000076293945,24.81999969482422,24.920000076293945,7476.0
2026-08-05 15:11:00,PCT,,6.965000152587891,6.965000152587891,6.965000152587891,6.965000152587891,2069.0
2026-08-05 15:11:00,PCTY,,146.3800048828125,146.3800048828125,146.3800048828125,146.3800048828125,993.0
2026-08-05 15:11:00,PDD,,90.70500183105469,90.70999908447266,90.69999694824219,90.69999694824219,3588.0
2026-08-05 15:11:00,PDEX,,67.3499984741211,67.98999786376953,67.3499984741211,67.98999786376953,643.0
2026-08-05 15:11:00,PECO,,41.400001525878906,41.400001525878906,41.400001525878906,41.400001525878906,891.0
2026-08-05 15:11:00,PEGA,,31.920000076293945,31.920000076293945,31.90999984741211,31.90999984741211,2203.0
2026-08-05 15:11:00,PENN,,19.71500015258789,19.725000381469727,19.71500015258789,19.719999313354492,3926.0
2026-08-05 15:11:00,PEP,,138.25,138.2698974609375,138.2449951171875,138.2449951171875,4864.0
2026-08-05 15:11:00,PEPG,,1.965000033378601,1.965000033378601,1.965000033378601,1.965000033378601,178.0
2026-08-05 15:11:00,PESI,,17.924999237060547,17.924999237060547,17.924999237060547,17.924999237060547,237.0
2026-08-05 15:11:00,PFG,,114.27999877929688,114.31500244140625,114.2699966430664,114.2699966430664,857.0
2026-08-05 15:11:00,PGC,,46.619998931884766,46.619998931884766,46.619998931884766,46.619998931884766,527.0
2026-08-05 15:11:00,PGEN,,6.929999828338623,6.929999828338623,6.909999847412109,6.920000076293945,16178.0
2026-08-05 15:11:00,PGNY,,31.655000686645508,31.68000030517578,31.655000686645508,31.68000030517578,1534.0
2026-08-05 15:11:00,PGY,,21.700000762939453,21.719999313354492,21.700000762939453,21.719999313354492,3217.0
2026-08-05 15:11:00,PHAT,,8.380000114440918,8.380000114440918,8.380000114440918,8.380000114440918,2616.0
2026-08-05 15:11:00,PHUN,,2.140000104904175,2.1500000953674316,2.140000104904175,2.149899959564209,10601.0
2026-08-05 15:11:00,PLAB,,32.11000061035156,32.119998931884766,32.11000061035156,32.119998931884766,2915.0
2026-08-05 15:11:00,PLBC,,61.35499954223633,61.35499954223633,61.35499954223633,61.35499954223633,702.0
2026-08-05 15:11:00,PLMR,,134.66000366210938,134.66000366210938,134.66000366210938,134.66000366210938,632.0
2026-08-05 15:11:00,PLRX,,1.059999942779541,1.059999942779541,1.059999942779541,1.059999942779541,1103.0
2026-08-05 15:11:00,PLSE,,37.630001068115234,37.630001068115234,37.630001068115234,37.630001068115234,822.0
2026-08-05 15:11:00,PLTK,,3.8949999809265137,3.9000000953674316,3.8949999809265137,3.8949999809265137,2817.0
2026-08-05 15:11:00,PLUG,,2.075000047683716,2.0764999389648438,2.069999933242798,2.0722999572753906,43432.0
2026-08-05 15:11:00,PLXS,,276.19000244140625,276.19000244140625,276.19000244140625,276.19000244140625,414.0
2026-08-05 15:11:00,PMN,,13.319999694824219,13.319999694824219,13.319999694824219,13.319999694824219,135.0
2026-08-05 15:11:00,PMVP,,1.1749999523162842,1.1749999523162842,1.1749999523162842,1.1749999523162842,317.0
2026-08-05 15:11:00,PNRG,,187.39999389648438,187.39999389648438,187.30999755859375,187.30999755859375,2134.0
2026-08-05 15:11:00,POET,,8.244999885559082,8.244999885559082,8.234999656677246,8.244999885559082,12884.0
2026-08-05 15:11:00,POOL,,205.35000610351562,205.35000610351562,205.24000549316406,205.24000549316406,622.0
2026-08-05 15:11:00,POWI,,61.90999984741211,61.90999984741211,61.90999984741211,61.90999984741211,368.0
2026-08-05 15:11:00,POWL,,211.63499450683594,212.02000427246094,211.50999450683594,211.50999450683594,2623.0
2026-08-05 15:11:00,PPTA,,22.6299991607666,22.6299991607666,22.6200008392334,22.6200008392334,4215.0
2026-08-05 15:11:00,PRAA,,17.280000686645508,17.290000915527344,17.270000457763672,17.290000915527344,8944.0
2026-08-05 15:11:00,PRAX,,317.2300109863281,317.57000732421875,317.2300109863281,317.3299865722656,935.0
2026-08-05 15:11:00,PRCH,,15.859999656677246,15.859999656677246,15.845000267028809,15.845000267028809,1066.0
2026-08-05 15:11:00,PRCT,,19.28499984741211,19.299999237060547,19.280000686645508,19.299999237060547,4708.0
2026-08-05 15:11:00,PRDO,,32.86000061035156,32.86000061035156,32.86000061035156,32.86000061035156,505.0
2026-08-05 15:11:00,PRGS,,42.119998931884766,42.119998931884766,42.119998931884766,42.119998931884766,441.0
2026-08-05 15:11:00,PRIM,,84.81999969482422,84.81999969482422,84.69999694824219,84.69999694824219,8472.0
2026-08-05 15:11:00,PROF,,7.994999885559082,7.994999885559082,7.989999771118164,7.994999885559082,815.0
2026-08-05 15:11:00,PRQR,,1.975000023841858,1.975000023841858,1.975000023841858,1.975000023841858,610.0
2026-08-05 15:11:00,PRTA,,8.425000190734863,8.425000190734863,8.425000190734863,8.425000190734863,511.0
2026-08-05 15:11:00,PRTH,,6.625899791717529,6.625899791717529,6.625899791717529,6.625899791717529,528.0
2026-08-05 15:11:00,PRVA,,24.114999771118164,24.114999771118164,24.114999771118164,24.114999771118164,1726.0
2026-08-05 15:11:00,PRZO,,0.5547000169754028,0.5547000169754028,0.5547000169754028,0.5547000169754028,1809.0
2026-08-05 15:11:00,PSEC,,2.180000066757202,2.180000066757202,2.174999952316284,2.180000066757202,4939.0
2026-08-05 15:11:00,PSNL,,13.489999771118164,13.505000114440918,13.489999771118164,13.505000114440918,3279.0
2026-08-05 15:11:00,PSNY,,14.229999542236328,14.229999542236328,14.229999542236328,14.229999542236328,721.0
2026-08-05 15:11:00,PTC,,140.02000427246094,140.0399932861328,140.02000427246094,140.0399932861328,2636.0
2026-08-05 15:11:00,PTCT,,68.92500305175781,68.92500305175781,68.92500305175781,68.92500305175781,457.0
2026-08-05 15:11:00,PTEN,,9.770000457763672,9.779999732971191,9.765000343322754,9.779999732971191,53486.0
2026-08-05 15:11:00,PTGX,,136.0399932861328,136.0399932861328,136.02999877929688,136.02999877929688,711.0
2026-08-05 15:11:00,PTON,,6.492000102996826,6.494999885559082,6.489999771118164,6.494999885559082,6041.0
2026-08-05 15:11:00,PUBM,,13.569999694824219,13.569999694824219,13.569999694824219,13.569999694824219,495.0
2026-08-05 15:11:00,PWP,,17.479999542236328,17.479999542236328,17.479999542236328,17.479999542236328,418.0
2026-08-05 15:11:00,PYPL,,58.040000915527344,58.04999923706055,58.03010177612305,58.04499816894531,9757.0
2026-08-05 15:11:00,PYXS,,3.130000114440918,3.130000114440918,3.130000114440918,3.130000114440918,490.0
2026-08-05 15:11:00,PZZA,,29.875,29.875,29.875,29.875,2572.0
2026-08-05 15:11:00,QCOM,,158.5850067138672,158.63999938964844,158.47000122070312,158.55999755859375,12130.0
2026-08-05 15:11:00,QRVO,,95.2699966430664,95.2699966430664,95.2249984741211,95.2249984741211,2138.0
2026-08-05 15:11:00,SEED,,1.0449999570846558,1.0449999570846558,1.0449999570846558,1.0449999570846558,400.0
2026-08-05 15:11:00,TARA,,3.9800000190734863,3.9800000190734863,3.9800000190734863,3.9800000190734863,261.0
2026-08-05 15:12:00,ACDC,,4.494999885559082,4.5,4.489999771118164,4.489999771118164,8134.0
2026-08-05 15:12:00,BPOP,,177.00999450683594,177.01499938964844,177.00999450683594,177.01499938964844,773.0
2026-08-05 15:12:00,CASH,,89.56999969482422,89.56999969482422,89.56999969482422,89.56999969482422,1195.0
2026-08-05 15:12:00,EYE,,22.979999542236328,23.0049991607666,22.979999542236328,23.0049991607666,5634.0
2026-08-05 15:12:00,FIZZ,,32.154998779296875,32.154998779296875,32.154998779296875,32.154998779296875,468.0
2026-08-05 15:12:00,GLUE,,15.539999961853027,15.539999961853027,15.515000343322754,15.515000343322754,1986.0
2026-08-05 15:12:00,KIDS,,21.395000457763672,21.395000457763672,21.395000457763672,21.395000457763672,424.0
2026-08-05 15:12:00,MDB,,376.04998779296875,376.2799987792969,375.989990234375,376.2799987792969,994.0
2026-08-05 15:12:00,MDLZ,,62.505001068115234,62.5099983215332,62.45000076293945,62.46500015258789,31702.0
2026-08-05 15:12:00,MLTX,,17.5049991607666,17.5049991607666,17.5049991607666,17.5049991607666,794.0
2026-08-05 15:12:00,MNST,,94.43499755859375,94.47000122070312,94.42500305175781,94.47000122070312,5129.0
2026-08-05 15:12:00,MNTS,,4.25,4.25,4.25,4.25,15029.0
2026-08-05 15:12:00,MPWR,,1346.3900146484375,1347.9100341796875,1345.7900390625,1345.7900390625,1095.0
2026-08-05 15:12:00,MRNA,,56.40999984741211,56.459999084472656,56.400001525878906,56.459999084472656,7722.0
2026-08-05 15:12:00,MYGN,,3.1050000190734863,3.1050000190734863,3.0999999046325684,3.1050000190734863,3738.0
2026-08-05 15:12:00,MYRG,,339.6300048828125,339.6300048828125,338.67010498046875,338.67010498046875,433.0
2026-08-05 15:12:00,NAMS,,27.190000534057617,27.239999771118164,27.190000534057617,27.239999771118164,3102.0
2026-08-05 15:12:00,NAUT,,0.935699999332428,0.9362999796867371,0.935699999332428,0.9362999796867371,1082.0
2026-08-05 15:12:00,NB,,5.045000076293945,5.054999828338623,5.045000076293945,5.050000190734863,10587.0
2026-08-05 15:12:00,NBIX,,162.80999755859375,162.80999755859375,162.80999755859375,162.80999755859375,820.0
2026-08-05 15:12:00,NDAQ,,94.66500091552734,94.66500091552734,94.66000366210938,94.66000366210938,2020.0
2026-08-05 15:12:00,NDSN,,310.5400085449219,310.5400085449219,310.5400085449219,310.5400085449219,941.0
2026-08-05 15:12:00,NEO,,15.819999694824219,15.819999694824219,15.789999961853027,15.789999961853027,5202.0
2026-08-05 15:12:00,NEOG,,11.529999732971191,11.550000190734863,11.529999732971191,11.545000076293945,13987.0
2026-08-05 15:12:00,NEOV,,2.876699924468994,2.880000114440918,2.8550000190734863,2.880000114440918,25101.0
2026-08-05 15:12:00,NESR,,28.6299991607666,28.635000228881836,28.6299991607666,28.6299991607666,5128.0
2026-08-05 15:12:00,NEWT,,15.020000457763672,15.039999961853027,15.020000457763672,15.039999961853027,1111.0
2026-08-05 15:12:00,NEXT,,6.46999979019165,6.46999979019165,6.460000038146973,6.46999979019165,5520.0
2026-08-05 15:12:00,NFLX,,73.69000244140625,73.69999694824219,73.68000030517578,73.69999694824219,36986.0
2026-08-05 15:12:00,NHTC,,1.7509000301361084,1.7509000301361084,1.7509000301361084,1.7509000301361084,225.0
2026-08-05 15:12:00,NKTX,,2.2149999141693115,2.2149999141693115,2.2149999141693115,2.2149999141693115,264.0
2026-08-05 15:12:00,NMIH,,44.56999969482422,44.58000183105469,44.56999969482422,44.58000183105469,2430.0
2026-08-05 15:12:00,NMRA,,1.6100000143051147,1.6150000095367432,1.6050000190734863,1.6050000190734863,30787.0
2026-08-05 15:12:00,NMRK,,15.710000038146973,15.710000038146973,15.704999923706055,15.704999923706055,2632.0
2026-08-05 15:12:00,NN,,14.699999809265137,14.710000038146973,14.699999809265137,14.699999809265137,9628.0
2026-08-05 15:12:00,NNBR,,3.8299999237060547,3.8399999141693115,3.8299999237060547,3.8299999237060547,2916.0
2026-08-05 15:12:00,NNDM,,1.5549999475479126,1.5549999475479126,1.5549999475479126,1.5549999475479126,820.0
2026-08-05 15:12:00,NNOX,,1.0199999809265137,1.0199999809265137,1.0199999809265137,1.0199999809265137,1151.0
2026-08-05 15:12:00,NODK,,15.470000267028809,15.470000267028809,15.470000267028809,15.470000267028809,337.0
2026-08-05 15:12:00,NPCE,,13.760000228881836,13.760000228881836,13.760000228881836,13.760000228881836,303.0
2026-08-05 15:12:00,NRC,,19.559999465942383,19.559999465942383,19.559999465942383,19.559999465942383,284.0
2026-08-05 15:12:00,NRDS,,9.074999809265137,9.074999809265137,9.074999809265137,9.074999809265137,449.0
2026-08-05 15:12:00,NRIX,,24.8700008392334,24.8700008392334,24.864999771118164,24.864999771118164,2012.0
2026-08-05 15:12:00,NRSN,,0.5454999804496765,0.5454999804496765,0.5454999804496765,0.5454999804496765,1164.0
2026-08-05 15:12:00,NRXP,,3.065000057220459,3.069999933242798,3.065000057220459,3.069999933242798,449.0
2026-08-05 15:12:00,NTAP,,190.7100067138672,190.7100067138672,190.46499633789062,190.5500030517578,6458.0
2026-08-05 15:12:00,NTCT,,41.89500045776367,41.89500045776367,41.89500045776367,41.89500045776367,1100.0
2026-08-05 15:12:00,NTES,,127.70999908447266,127.70999908447266,127.70999908447266,127.70999908447266,389.0
2026-08-05 15:12:00,NTGR,,24.299999237060547,24.299999237060547,24.290000915527344,24.290000915527344,2370.0
2026-08-05 15:12:00,NTNX,,61.349998474121094,61.349998474121094,61.310001373291016,61.310001373291016,7088.0
2026-08-05 15:12:00,NTRA,,272.07000732421875,272.07000732421875,272.07000732421875,272.07000732421875,1358.0
2026-08-05 15:12:00,NTRS,,184.7449951171875,184.7449951171875,184.74000549316406,184.74000549316406,716.0
2026-08-05 15:12:00,NUWE,,1.687600016593933,1.687600016593933,1.687600016593933,1.687600016593933,810.0
2026-08-05 15:12:00,NVCR,,16.075000762939453,16.100000381469727,16.075000762939453,16.100000381469727,654.0
2026-08-05 15:12:00,NVCT,,19.530000686645508,19.530000686645508,19.530000686645508,19.530000686645508,664.0
2026-08-05 15:12:00,NVDA,,221.90499877929688,221.9149932861328,221.7899932861328,221.7899932861328,155694.0
2026-08-05 15:12:00,NVEC,,129.18499755859375,129.19000244140625,129.18499755859375,129.19000244140625,217.0
2026-08-05 15:12:00,NVMI,,406.45001220703125,406.45001220703125,405.95001220703125,406.45001220703125,1894.0
2026-08-05 15:12:00,NVTS,,12.460000038146973,12.46969985961914,12.460000038146973,12.460000038146973,6779.0
2026-08-05 15:12:00,NWBI,,15.949999809265137,15.954999923706055,15.944999694824219,15.949999809265137,4644.0
2026-08-05 15:12:00,NWE,,69.05999755859375,69.06999969482422,69.02999877929688,69.02999877929688,1662.0
2026-08-05 15:12:00,NWFL,,33.900001525878906,33.939998626708984,33.900001525878906,33.939998626708984,727.0
2026-08-05 15:12:00,NWL,,6.184999942779541,6.190000057220459,6.179999828338623,6.184999942779541,14895.0
2026-08-05 15:12:00,NWS,,32.41999816894531,32.41999816894531,32.40629959106445,32.40629959106445,1834.0
2026-08-05 15:12:00,NWSA,,28.395000457763672,28.399999618530273,28.395000457763672,28.395000457763672,6160.0
2026-08-05 15:12:00,NXL,,0.3456000089645386,0.3456000089645386,0.34549999237060547,0.34549999237060547,2528.0
2026-08-05 15:12:00,NXPI,,232.33999633789062,232.33999633789062,232.24000549316406,232.27999877929688,4943.0
2026-08-05 15:12:00,NXT,,99.52999877929688,99.58499908447266,99.5199966430664,99.54000091552734,11125.0
2026-08-05 15:12:00,NYXH,,1.409999966621399,1.409999966621399,1.409999966621399,1.409999966621399,200.0
2026-08-05 15:12:00,OCCI,,2.4899001121520996,2.4899001121520996,2.4899001121520996,2.4899001121520996,2024.0
2026-08-05 15:12:00,OCGN,,1.2799999713897705,1.284999966621399,1.2799999713897705,1.2799999713897705,4502.0
2026-08-05 15:12:00,OCS,,12.0,12.0,12.0,12.0,176.0
2026-08-05 15:12:00,OCUL,,8.569999694824219,8.569999694824219,8.569999694824219,8.569999694824219,1978.0
2026-08-05 15:12:00,ODD,,15.359999656677246,15.359999656677246,15.34000015258789,15.34000015258789,1860.0
2026-08-05 15:12:00,ODFL,,214.4600067138672,214.4600067138672,214.4600067138672,214.4600067138672,1614.0
2026-08-05 15:12:00,OFIX,,10.609999656677246,10.635000228881836,10.600000381469727,10.630000114440918,16706.0
2026-08-05 15:12:00,OGI,,0.9567999839782715,0.9567999839782715,0.9567999839782715,0.9567999839782715,6161.0
2026-08-05 15:12:00,OKTA,,148.41000366210938,148.41000366210938,148.35000610351562,148.35000610351562,2919.0
2026-08-05 15:12:00,OLLI,,78.11000061035156,78.1500015258789,78.11000061035156,78.14299774169922,3113.0
2026-08-05 15:12:00,OM,,5.159999847412109,5.159999847412109,5.159999847412109,5.159999847412109,278.0
2026-08-05 15:12:00,OMCL,,37.18000030517578,37.18000030517578,37.18000030517578,37.18000030517578,422.0
2026-08-05 15:12:00,OMER,,12.720000267028809,12.720000267028809,12.716300010681152,12.716300010681152,1110.0
2026-08-05 15:12:00,OMEX,,0.7419999837875366,0.7419999837875366,0.7419999837875366,0.7419999837875366,200.0
2026-08-05 15:12:00,OMH,,0.1168999969959259,0.11699999868869781,0.1168999969959259,0.11699999868869781,99294.0
2026-08-05 15:12:00,ON,,77.80999755859375,77.83000183105469,77.68000030517578,77.68000030517578,17853.0
2026-08-05 15:12:00,ONB,,27.0049991607666,27.010000228881836,27.0,27.010000228881836,10598.0
2026-08-05 15:12:00,ONCO,,0.7997000217437744,0.7997000217437744,0.7997000217437744,0.7997000217437744,430.0
2026-08-05 15:12:00,ONCY,,0.7960000038146973,0.7960000038146973,0.7960000038146973,0.7960000038146973,577.0
2026-08-05 15:12:00,ONDS,,8.840100288391113,8.859999656677246,8.84000015258789,8.845000267028809,215931.0
2026-08-05 15:12:00,ONFO,,0.0771000012755394,0.07810000330209732,0.0771000012755394,0.07810000330209732,80865.0
2026-08-05 15:12:00,OPCH,,23.545000076293945,23.549999237060547,23.53499984741211,23.545000076293945,9984.0
2026-08-05 15:12:00,OPEN,,3.7370998859405518,3.740000009536743,3.7300000190734863,3.7399001121520996,74110.0
2026-08-05 15:12:00,OPHC,,8.670000076293945,8.670000076293945,8.670000076293945,8.670000076293945,224.0
2026-08-05 15:12:00,OPRT,,6.03000020980835,6.039999961853027,6.014999866485596,6.014999866485596,3667.0
2026-08-05 15:12:00,OPXS,,11.989999771118164,11.989999771118164,11.989999771118164,11.989999771118164,108.0
2026-08-05 15:12:00,ORGO,,2.3399999141693115,2.3399999141693115,2.3399999141693115,2.3399999141693115,414.0
2026-08-05 15:12:00,ORIC,,12.890000343322754,12.890000343322754,12.875,12.875,5646.0
2026-08-05 15:12:00,ORLY,,92.91000366210938,92.95999908447266,92.90499877929688,92.95999908447266,7362.0
2026-08-05 15:12:00,ORMP,,4.360000133514404,4.360000133514404,4.360000133514404,4.360000133514404,156.0
2026-08-05 15:12:00,OSBC,,25.780000686645508,25.790000915527344,25.780000686645508,25.790000915527344,1807.0
2026-08-05 15:12:00,OSPN,,16.559999465942383,16.559999465942383,16.55500030517578,16.55500030517578,361.0
2026-08-05 15:12:00,OSS,,13.437100410461426,13.437100410461426,13.40999984741211,13.40999984741211,2166.0
2026-08-05 15:12:00,OTEX,,25.850000381469727,25.850000381469727,25.829999923706055,25.84000015258789,3335.0
2026-08-05 15:12:00,OTLK,,1.0299999713897705,1.0299999713897705,1.024999976158142,1.024999976158142,3428.0
2026-08-05 15:12:00,OTTR,,92.11499786376953,92.11499786376953,92.11499786376953,92.11499786376953,388.0
2026-08-05 15:12:00,OVID,,2.5899999141693115,2.5899999141693115,2.5799999237060547,2.5799999237060547,5200.0
2026-08-05 15:12:00,OXLC,,9.135000228881836,9.135000228881836,9.135000228881836,9.135000228881836,200.0
2026-08-05 15:12:00,OXSQ,,1.5047999620437622,1.5047999620437622,1.5047999620437622,1.5047999620437622,1342.0
2026-08-05 15:12:00,PAA,,23.15999984741211,23.165000915527344,23.149999618530273,23.165000915527344,20871.0
2026-08-05 15:12:00,PAAS,,48.380001068115234,48.380001068115234,48.30099868774414,48.310001373291016,9934.0
2026-08-05 15:12:00,PACB,,1.3086999654769897,1.3099000453948975,1.3049999475479126,1.3049999475479126,8359.0
2026-08-05 15:12:00,PAGP,,25.139999389648438,25.139999389648438,25.139999389648438,25.139999389648438,1923.0
2026-08-05 15:12:00,PALI,,2.109999895095825,2.109999895095825,2.1050000190734863,2.1050000190734863,2009.0
2026-08-05 15:12:00,PANW,,364.80499267578125,364.9100036621094,364.80499267578125,364.82501220703125,5442.0
2026-08-05 15:12:00,PAX,,11.404999732971191,11.404999732971191,11.399999618530273,11.399999618530273,5181.0
2026-08-05 15:12:00,PAYO,,7.119999885559082,7.125,7.119999885559082,7.119999885559082,1346.0
2026-08-05 15:12:00,PAYS,,9.149999618530273,9.149999618530273,9.140000343322754,9.140000343322754,999.0
2026-08-05 15:12:00,PAYX,,117.78500366210938,117.83999633789062,117.78500366210938,117.83999633789062,3279.0
2026-08-05 15:12:00,PBYI,,8.015000343322754,8.015000343322754,8.005000114440918,8.010000228881836,1893.0
2026-08-05 15:12:00,PCAR,,133.5399932861328,133.55999755859375,133.5399932861328,133.5500030517578,1908.0
2026-08-05 15:12:00,PCRX,,24.795000076293945,24.834999084472656,24.795000076293945,24.834999084472656,2406.0
2026-08-05 15:12:00,PCT,,6.965000152587891,6.96999979019165,6.965000152587891,6.96999979019165,3536.0
2026-08-05 15:12:00,PCTY,,146.50999450683594,146.50999450683594,146.50999450683594,146.50999450683594,981.0
2026-08-05 15:12:00,PDD,,90.69519805908203,90.72000122070312,90.69519805908203,90.70999908447266,5268.0
2026-08-05 15:12:00,PDEX,,67.3550033569336,67.3550033569336,67.3550033569336,67.3550033569336,630.0
2026-08-05 15:12:00,PDFS,,50.130001068115234,50.130001068115234,50.130001068115234,50.130001068115234,260.0
2026-08-05 15:12:00,PECO,,41.404998779296875,41.4099006652832,41.404998779296875,41.4099006652832,867.0
2026-08-05 15:12:00,PEGA,,31.895000457763672,31.920000076293945,31.895000457763672,31.920000076293945,5206.0
2026-08-05 15:12:00,PENN,,19.690000534057617,19.709999084472656,19.690000534057617,19.709999084472656,3962.0
2026-08-05 15:12:00,PEP,,138.2100067138672,138.24000549316406,138.2050018310547,138.2301025390625,8131.0
2026-08-05 15:12:00,PESI,,17.889999389648438,17.90999984741211,17.889999389648438,17.90999984741211,1107.0
2026-08-05 15:12:00,PFG,,114.27999877929688,114.29499816894531,114.2750015258789,114.27999877929688,1668.0
2026-08-05 15:12:00,PFX,,45.974998474121094,45.974998474121094,45.974998474121094,45.974998474121094,2094.0
2026-08-05 15:12:00,PGC,,46.619998931884766,46.619998931884766,46.619998931884766,46.619998931884766,695.0
2026-08-05 15:12:00,PGEN,,6.925000190734863,6.929999828338623,6.920000076293945,6.925000190734863,10721.0
2026-08-05 15:12:00,PGNY,,31.647499084472656,31.647499084472656,31.639999389648438,31.639999389648438,1097.0
2026-08-05 15:12:00,PGY,,21.690000534057617,21.69260025024414,21.684999465942383,21.690000534057617,3878.0
2026-08-05 15:12:00,PHAT,,8.380000114440918,8.380000114440918,8.380000114440918,8.380000114440918,1337.0
2026-08-05 15:12:00,PHVS,,33.5,33.529998779296875,33.5,33.52000045776367,1638.0
2026-08-05 15:12:00,PLSE,,37.625,37.625,37.625,37.625,676.0
2026-08-05 15:12:00,PLTK,,3.9000000953674316,3.9000000953674316,3.9000000953674316,3.9000000953674316,3609.0
2026-08-05 15:12:00,PLUG,,2.0799999237060547,2.0799999237060547,2.069999933242798,2.0799999237060547,17782.0
2026-08-05 15:12:00,PNFP,,107.63500213623047,107.63500213623047,107.62999725341797,107.62999725341797,1800.0
2026-08-05 15:12:00,PNTG,,38.75,38.75,38.75,38.75,241.0
2026-08-05 15:12:00,PODC,,3.4600000381469727,3.4600000381469727,3.4600000381469727,3.4600000381469727,876.0
2026-08-05 15:12:00,POET,,8.25,8.255000114440918,8.25,8.25,6395.0
2026-08-05 15:12:00,POOL,,205.23500061035156,205.41000366210938,205.23500061035156,205.23500061035156,1204.0
2026-08-05 15:12:00,POWI,,61.935001373291016,61.935001373291016,61.935001373291016,61.935001373291016,2800.0
2026-08-05 15:12:00,POWL,,211.63999938964844,211.63999938964844,211.63999938964844,211.63999938964844,1436.0
2026-08-05 15:12:00,PPC,,26.420000076293945,26.43000030517578,26.420000076293945,26.43000030517578,2432.0
2026-08-05 15:12:00,PPIH,,26.235000610351562,26.235000610351562,26.235000610351562,26.235000610351562,472.0
2026-08-05 15:12:00,PRAA,,17.270000457763672,17.270000457763672,17.260000228881836,17.260000228881836,3265.0
2026-08-05 15:12:00,PRCH,,15.850000381469727,15.850000381469727,15.850000381469727,15.850000381469727,979.0
2026-08-05 15:12:00,PRCT,,19.28499984741211,19.28499984741211,19.28499984741211,19.28499984741211,301.0
2026-08-05 15:12:00,PRE,,18.459999084472656,18.459999084472656,18.459999084472656,18.459999084472656,206.0
2026-08-05 15:12:00,PRGS,,42.130001068115234,42.189998626708984,42.119998931884766,42.119998931884766,1249.0
2026-08-05 15:12:00,PRIM,,84.80500030517578,84.8499984741211,84.76255798339844,84.79000091552734,2826.0
2026-08-05 15:12:00,PRME,,3.0309998989105225,3.0311999320983887,3.0309998989105225,3.0311999320983887,1419.0
2026-08-05 15:12:00,PROK,,1.6403000354766846,1.6449999809265137,1.6403000354766846,1.6449999809265137,1096.0
2026-08-05 15:12:00,PRQR,,1.975000023841858,1.975000023841858,1.975000023841858,1.975000023841858,506.0
2026-08-05 15:12:00,PRTA,,8.4399995803833,8.4399995803833,8.430000305175781,8.430000305175781,3363.0
2026-08-05 15:12:00,PRTH,,6.644999980926514,6.644999980926514,6.625,6.625,2966.0
2026-08-05 15:12:00,PRVA,,24.084999084472656,24.1200008392334,24.084999084472656,24.1200008392334,10287.0
2026-08-05 15:12:00,PRZO,,0.5598999857902527,0.5600000023841858,0.5598999857902527,0.5600000023841858,1967.0
2026-08-05 15:12:00,PSEC,,2.174999952316284,2.1798999309539795,2.174999952316284,2.1798999309539795,12196.0
2026-08-05 15:12:00,PSNL,,13.489999771118164,13.489999771118164,13.489999771118164,13.489999771118164,1425.0
2026-08-05 15:12:00,PTC,,140.02000427246094,140.08999633789062,140.02000427246094,140.02999877929688,1301.0
2026-08-05 15:12:00,PTCT,,68.93000030517578,68.97000122070312,68.93000030517578,68.97000122070312,675.0
2026-08-05 15:12:00,PTEN,,9.765000343322754,9.774999618530273,9.765000343322754,9.770000457763672,29335.0
2026-08-05 15:12:00,PTGX,,136.00999450683594,136.00999450683594,136.00999450683594,136.00999450683594,1122.0
2026-08-05 15:12:00,PTLO,,4.630000114440918,4.639999866485596,4.630000114440918,4.639999866485596,3509.0
2026-08-05 15:12:00,PTON,,6.480000019073486,6.494999885559082,6.480000019073486,6.489999771118164,23044.0
2026-08-05 15:12:00,PUBM,,13.569999694824219,13.569999694824219,13.569999694824219,13.569999694824219,832.0
2026-08-05 15:12:00,PWP,,17.469999313354492,17.479999542236328,17.459999084472656,17.469999313354492,5864.0
2026-08-05 15:12:00,PYPL,,58.04050064086914,58.04050064086914,58.029998779296875,58.03499984741211,26551.0
2026-08-05 15:12:00,PYXS,,3.130000114440918,3.134999990463257,3.130000114440918,3.134999990463257,1812.0
2026-08-05 15:12:00,PZZA,,29.825000762939453,29.889999389648438,29.825000762939453,29.8700008392334,6147.0
2026-08-05 15:12:00,QCOM,,158.64999389648438,158.7050018310547,158.6199951171875,158.6199951171875,16483.0
2026-08-05 15:12:00,QCRH,,105.30999755859375,105.30999755859375,105.30999755859375,105.30999755859375,3060.0
2026-08-05 15:12:00,QFIN,,13.175000190734863,13.180000305175781,13.175000190734863,13.180000305175781,2847.0
2026-08-05 15:12:00,QRVO,,95.27999877929688,95.27999877929688,95.25,95.26000213623047,2645.0
2026-08-05 15:12:00,SEED,,1.0449999570846558,1.0499999523162842,1.0400999784469604,1.0449999570846558,1400.0
2026-08-05 15:12:00,TARA,,3.984999895095825,3.990000009536743,3.9749999046325684,3.9749999046325684,3135.0
2026-08-05 15:12:00,WOOF,,2.934999942779541,2.934999942779541,2.934999942779541,2.934999942779541,1889.0
2026-08-05 15:13:00,ACDC,,4.494999885559082,4.494999885559082,4.494999885559082,4.494999885559082,2130.0
2026-08-05 15:13:00,BPOP,,176.85499572753906,176.92999267578125,176.85499572753906,176.92999267578125,1356.0
2026-08-05 15:13:00,EYE,,22.989999771118164,22.989999771118164,22.989999771118164,22.989999771118164,2417.0
2026-08-05 15:13:00,GLUE,,15.460000038146973,15.520000457763672,15.430000305175781,15.520000457763672,12767.0
2026-08-05 15:13:00,KIDS,,21.395000457763672,21.395000457763672,21.395000457763672,21.395000457763672,476.0
2026-08-05 15:13:00,MCRI,,122.26000213623047,122.26000213623047,122.26000213623047,122.26000213623047,481.0
2026-08-05 15:13:00,MDB,,375.81500244140625,376.20001220703125,375.6000061035156,376.0675048828125,2900.0
2026-08-05 15:13:00,MDLZ,,62.529998779296875,62.53450012207031,62.494998931884766,62.505001068115234,11981.0
2026-08-05 15:13:00,MLTX,,17.510000228881836,17.510000228881836,17.510000228881836,17.510000228881836,672.0
2026-08-05 15:13:00,MNPR,,118.68000030517578,118.68000030517578,118.68000030517578,118.68000030517578,505.0
2026-08-05 15:13:00,MNRO,,13.145000457763672,13.145000457763672,13.140000343322754,13.140000343322754,1188.0
2026-08-05 15:13:00,MNST,,94.41000366210938,94.43000030517578,94.36000061035156,94.43000030517578,9807.0
2026-08-05 15:13:00,MNTS,,4.269999980926514,4.269999980926514,4.25,4.25,14600.0
2026-08-05 15:13:00,MODD,,2.005000114440918,2.005000114440918,2.005000114440918,2.005000114440918,1146.0
2026-08-05 15:13:00,MOVE,,12.25,12.25,12.25,12.25,331.0
2026-08-05 15:13:00,MPWR,,1347.1500244140625,1347.81005859375,1346.699951171875,1346.699951171875,715.0
2026-08-05 15:13:00,MRNA,,56.44499969482422,56.47999954223633,56.42499923706055,56.42539978027344,4974.0
2026-08-05 15:13:00,MYGN,,3.1050000190734863,3.1050000190734863,3.1050000190734863,3.1050000190734863,2734.0
2026-08-05 15:13:00,MYRG,,339.9599914550781,339.9599914550781,339.9599914550781,339.9599914550781,229.0
2026-08-05 15:13:00,NAMS,,27.209999084472656,27.229999542236328,27.200000762939453,27.200000762939453,6408.0
2026-08-05 15:13:00,NAUT,,0.9373000264167786,0.9373000264167786,0.9362999796867371,0.9362999796867371,1843.0
2026-08-05 15:13:00,NB,,5.045000076293945,5.045000076293945,5.045000076293945,5.045000076293945,337.0
2026-08-05 15:13:00,NBIX,,162.80499267578125,162.8300018310547,162.6999969482422,162.6999969482422,1992.0
2026-08-05 15:13:00,NBTB,,53.244998931884766,53.244998931884766,53.244998931884766,53.244998931884766,642.0
2026-08-05 15:13:00,NBTX,,39.59000015258789,39.59000015258789,39.59000015258789,39.59000015258789,1261.0
2026-08-05 15:13:00,NDAQ,,94.69000244140625,94.69000244140625,94.69000244140625,94.69000244140625,476.0
2026-08-05 15:13:00,NDSN,,310.7200012207031,310.7200012207031,310.4100036621094,310.4100036621094,264.0
2026-08-05 15:13:00,NEO,,15.819999694824219,15.819999694824219,15.8149995803833,15.8149995803833,3223.0
2026-08-05 15:13:00,NEOG,,11.520000457763672,11.520000457763672,11.520000457763672,11.520000457763672,1389.0
2026-08-05 15:13:00,NEOV,,2.890000104904175,2.890000104904175,2.880000114440918,2.880000114440918,14937.0
2026-08-05 15:13:00,NESR,,28.639999389648438,28.649999618530273,28.639999389648438,28.639999389648438,3283.0
2026-08-05 15:13:00,NEWT,,15.03499984741211,15.03499984741211,15.03499984741211,15.03499984741211,424.0
2026-08-05 15:13:00,NEXT,,6.480000019073486,6.480000019073486,6.474999904632568,6.474999904632568,4143.0
2026-08-05 15:13:00,NFE,,0.3384000062942505,0.3384999930858612,0.3384000062942505,0.3384999930858612,588.0
2026-08-05 15:13:00,NFLX,,73.66000366210938,73.70500183105469,73.65029907226562,73.69499969482422,41719.0
2026-08-05 15:13:00,NGNE,,35.689998626708984,35.689998626708984,35.66999816894531,35.66999816894531,1263.0
2026-08-05 15:13:00,NICE,,99.91000366210938,100.05999755859375,99.91000366210938,100.05999755859375,4994.0
2026-08-05 15:13:00,NKTR,,72.61000061035156,72.63999938964844,72.5999984741211,72.5999984741211,2776.0
2026-08-05 15:13:00,NKTX,,2.2149999141693115,2.2149999141693115,2.2149999141693115,2.2149999141693115,824.0
2026-08-05 15:13:00,NMIH,,44.58000183105469,44.58000183105469,44.58000183105469,44.58000183105469,841.0
2026-08-05 15:13:00,NMRA,,1.6050000190734863,1.6050000190734863,1.6050000190734863,1.6050000190734863,3920.0
2026-08-05 15:13:00,NMRK,,15.71500015258789,15.71500015258789,15.71500015258789,15.71500015258789,3781.0
2026-08-05 15:13:00,NN,,14.6850004196167,14.692000389099121,14.670000076293945,14.692000389099121,2633.0
2026-08-05 15:13:00,NNBR,,3.8299999237060547,3.8399999141693115,3.8299999237060547,3.8350000381469727,2542.0
2026-08-05 15:13:00,NNDM,,1.5549999475479126,1.5549999475479126,1.5549999475479126,1.5549999475479126,1732.0
2026-08-05 15:13:00,NODK,,15.449999809265137,15.449999809265137,15.449999809265137,15.449999809265137,200.0
2026-08-05 15:13:00,NOVT,,154.8249969482422,154.8249969482422,154.8249969482422,154.8249969482422,2095.0
2026-08-05 15:13:00,NPCE,,13.765000343322754,13.765000343322754,13.765000343322754,13.765000343322754,507.0
2026-08-05 15:13:00,NRIX,,24.850000381469727,24.850000381469727,24.850000381469727,24.850000381469727,662.0
2026-08-05 15:13:00,NRXP,,3.069000005722046,3.069000005722046,3.065000057220459,3.065000057220459,1329.0
2026-08-05 15:13:00,NSSC,,40.349998474121094,40.349998474121094,40.349998474121094,40.349998474121094,864.0
2026-08-05 15:13:00,NTAP,,190.82000732421875,190.83999633789062,190.72000122070312,190.72999572753906,3105.0
2026-08-05 15:13:00,NTES,,127.87999725341797,127.87999725341797,127.7699966430664,127.7699966430664,2520.0
2026-08-05 15:13:00,NTNX,,61.34000015258789,61.3650016784668,61.34000015258789,61.36000061035156,4462.0
2026-08-05 15:13:00,NTRS,,184.7449951171875,184.7449951171875,184.7449951171875,184.7449951171875,2046.0
2026-08-05 15:13:00,NTRSO,,18.391000747680664,18.391000747680664,18.391000747680664,18.391000747680664,399.0
2026-08-05 15:13:00,NUWE,,1.684999942779541,1.684999942779541,1.684999942779541,1.684999942779541,105.0
2026-08-05 15:13:00,NVAX,,7.625,7.625,7.614999771118164,7.619999885559082,7122.0
2026-08-05 15:13:00,NVCR,,16.06999969482422,16.075000762939453,16.049999237060547,16.059999465942383,22049.0
2026-08-05 15:13:00,NVDA,,221.77499389648438,221.9499969482422,221.77000427246094,221.77499389648438,163964.0
2026-08-05 15:13:00,NVMI,,406.4599914550781,406.4700012207031,406.2799987792969,406.4599914550781,3151.0
2026-08-05 15:13:00,NVTS,,12.449999809265137,12.465499877929688,12.449999809265137,12.454999923706055,11621.0
2026-08-05 15:13:00,NWBI,,15.944999694824219,15.944999694824219,15.944999694824219,15.944999694824219,1275.0
2026-08-05 15:13:00,NWE,,69.04000091552734,69.04000091552734,69.04000091552734,69.04000091552734,260.0
2026-08-05 15:13:00,NWL,,6.179999828338623,6.190000057220459,6.179999828338623,6.179999828338623,13655.0
2026-08-05 15:13:00,NWPX,,126.91999816894531,126.91999816894531,126.91000366210938,126.91999816894531,831.0
2026-08-05 15:13:00,NWS,,32.40999984741211,32.415000915527344,32.40999984741211,32.415000915527344,2358.0
2026-08-05 15:13:00,NWSA,,28.395000457763672,28.399999618530273,28.395000457763672,28.399999618530273,7500.0
2026-08-05 15:13:00,NXPI,,232.35499572753906,232.3800048828125,232.27999877929688,232.30999755859375,2350.0
2026-08-05 15:13:00,NXT,,99.5824966430664,99.58999633789062,99.52999877929688,99.54499816894531,2160.0
2026-08-05 15:13:00,NXTC,,5.059999942779541,5.059999942779541,5.059999942779541,5.059999942779541,301.0
2026-08-05 15:13:00,OCCI,,2.490000009536743,2.490000009536743,2.490000009536743,2.490000009536743,6112.0
2026-08-05 15:13:00,OCFC,,19.905000686645508,19.905000686645508,19.905000686645508,19.905000686645508,5640.0
2026-08-05 15:13:00,OCGN,,1.284999966621399,1.284999966621399,1.284999966621399,1.284999966621399,2553.0
2026-08-05 15:13:00,OCS,,12.010000228881836,12.010000228881836,11.994999885559082,11.994999885559082,224.0
2026-08-05 15:13:00,OCSL,,12.0600004196167,12.0600004196167,12.055000305175781,12.05620002746582,3644.0
2026-08-05 15:13:00,ODFL,,214.37249755859375,214.4600067138672,214.37249755859375,214.375,6342.0
2026-08-05 15:13:00,OESX,,15.0,15.0,15.0,15.0,441.0
2026-08-05 15:13:00,OFIX,,10.680000305175781,10.680000305175781,10.59000015258789,10.609999656677246,5771.0
2026-08-05 15:13:00,OKTA,,148.4199981689453,148.42999267578125,148.36000061035156,148.36500549316406,3116.0
2026-08-05 15:13:00,OLLI,,78.0990982055664,78.0990982055664,78.0990982055664,78.0990982055664,1476.0
2026-08-05 15:13:00,OMCL,,37.18000030517578,37.18000030517578,37.18000030517578,37.18000030517578,345.0
2026-08-05 15:13:00,OMER,,12.720000267028809,12.720000267028809,12.720000267028809,12.720000267028809,910.0
2026-08-05 15:13:00,OMH,,0.11720000207424164,0.11720000207424164,0.11720000207424164,0.11720000207424164,9430.0
2026-08-05 15:13:00,ON,,77.7300033569336,77.80000305175781,77.7300033569336,77.7699966430664,12591.0
2026-08-05 15:13:00,ONB,,27.0049991607666,27.009899139404297,27.0049991607666,27.009899139404297,3529.0
2026-08-05 15:13:00,ONCY,,0.792900025844574,0.7982000112533569,0.792900025844574,0.7982000112533569,223.0
2026-08-05 15:13:00,ONDS,,8.849900245666504,8.850000381469727,8.829999923706055,8.840200424194336,436133.0
2026-08-05 15:13:00,ONFO,,0.07689999788999557,0.07689999788999557,0.07660000026226044,0.07660000026226044,74727.0
2026-08-05 15:13:00,OPAL,,2.369999885559082,2.369999885559082,2.369999885559082,2.369999885559082,301.0
2026-08-05 15:13:00,OPCH,,23.514999389648438,23.545000076293945,23.514999389648438,23.545000076293945,4824.0
2026-08-05 15:13:00,OPEN,,3.740000009536743,3.75,3.7300000190734863,3.73799991607666,191322.0
2026-08-05 15:13:00,OPRT,,6.070000171661377,6.070000171661377,6.050000190734863,6.050000190734863,9032.0
2026-08-05 15:13:00,ORIC,,12.90999984741211,12.90999984741211,12.899999618530273,12.899999618530273,1811.0
2026-08-05 15:13:00,ORLY,,92.9000015258789,92.93000030517578,92.9000015258789,92.91000366210938,6368.0
2026-08-05 15:13:00,OSPN,,16.549999237060547,16.559999465942383,16.549999237060547,16.549999237060547,993.0
2026-08-05 15:13:00,OSS,,13.46500015258789,13.46500015258789,13.40999984741211,13.437100410461426,3355.0
2026-08-05 15:13:00,OTEX,,25.844999313354492,25.859899520874023,25.844999313354492,25.854999542236328,1967.0
2026-08-05 15:13:00,OTLK,,1.024999976158142,1.0299999713897705,1.0200999975204468,1.0200999975204468,38755.0
2026-08-05 15:13:00,OTTR,,92.2699966430664,92.2699966430664,92.2699966430664,92.2699966430664,1760.0
2026-08-05 15:13:00,OXLC,,9.149999618530273,9.149999618530273,9.135000228881836,9.135000228881836,4213.0
2026-08-05 15:13:00,OXSQ,,1.5049999952316284,1.5049999952316284,1.5049999952316284,1.5049999952316284,1181.0
2026-08-05 15:13:00,PAA,,23.165000915527344,23.165000915527344,23.165000915527344,23.165000915527344,3821.0
2026-08-05 15:13:00,PAAS,,48.36000061035156,48.39500045776367,48.36000061035156,48.38999938964844,7888.0
2026-08-05 15:13:00,PACB,,1.3049999475479126,1.3049999475479126,1.3049999475479126,1.3049999475479126,11846.0
2026-08-05 15:13:00,PAGP,,25.149900436401367,25.149900436401367,25.149900436401367,25.149900436401367,205.0
2026-08-05 15:13:00,PALI,,2.1089999675750732,2.109999895095825,2.1050000190734863,2.109999895095825,2374.0
2026-08-05 15:13:00,PANL,,7.269999980926514,7.269999980926514,7.269999980926514,7.269999980926514,467.0
2026-08-05 15:13:00,PANW,,365.0799865722656,365.1050109863281,364.7300109863281,364.7300109863281,7755.0
2026-08-05 15:13:00,PATK,,87.98999786376953,87.98999786376953,87.95999908447266,87.95999908447266,1566.0
2026-08-05 15:13:00,PAYO,,7.119999885559082,7.119999885559082,7.119999885559082,7.119999885559082,122.0
2026-08-05 15:13:00,PAYS,,9.145000457763672,9.145000457763672,9.145000457763672,9.145000457763672,1009.0
2026-08-05 15:13:00,PAYX,,117.81999969482422,117.82499694824219,117.79499816894531,117.80000305175781,6888.0
2026-08-05 15:13:00,PCAR,,133.7550048828125,133.7550048828125,133.57000732421875,133.57000732421875,18380.0
2026-08-05 15:13:00,PCRX,,24.799999237060547,24.799999237060547,24.799999237060547,24.799999237060547,642.0
2026-08-05 15:13:00,PCSA,,2.200000047683716,2.200000047683716,2.200000047683716,2.200000047683716,615.0
2026-08-05 15:13:00,PCT,,6.965000152587891,6.965000152587891,6.965000152587891,6.965000152587891,201.0
2026-08-05 15:13:00,PCTY,,146.6750030517578,146.6750030517578,146.6750030517578,146.6750030517578,550.0
2026-08-05 15:13:00,PDD,,90.69999694824219,90.69999694824219,90.69000244140625,90.69999694824219,5741.0
2026-08-05 15:13:00,PECO,,41.40999984741211,41.40999984741211,41.40999984741211,41.40999984741211,163.0
2026-08-05 15:13:00,PEGA,,31.895000457763672,31.906200408935547,31.889999389648438,31.895000457763672,1462.0
2026-08-05 15:13:00,PENN,,19.690000534057617,19.690000534057617,19.690000534057617,19.690000534057617,2315.0
2026-08-05 15:13:00,PEP,,138.25,138.25,138.19000244140625,138.2100067138672,11969.0
2026-08-05 15:13:00,PEPG,,1.9700000286102295,1.9700000286102295,1.9600000381469727,1.965000033378601,576.0
2026-08-05 15:13:00,PERI,,9.609999656677246,9.609999656677246,9.609999656677246,9.609999656677246,1498.0
2026-08-05 15:13:00,PFG,,114.25,114.25,114.19999694824219,114.20999908447266,1713.0
2026-08-05 15:13:00,PGEN,,6.925000190734863,6.929999828338623,6.914999961853027,6.920000076293945,42536.0
2026-08-05 15:13:00,PGY,,21.68000030517578,21.690000534057617,21.68000030517578,21.690000534057617,3408.0
2026-08-05 15:13:00,PHAT,,8.380000114440918,8.380000114440918,8.380000114440918,8.380000114440918,1155.0
2026-08-05 15:13:00,PHUN,,2.1649999618530273,2.1649999618530273,2.1649999618530273,2.1649999618530273,19520.0
2026-08-05 15:13:00,PLAB,,32.1349983215332,32.154998779296875,32.1349983215332,32.154998779296875,634.0
2026-08-05 15:13:00,PLBY,,1.1449999809265137,1.1449999809265137,1.1449999809265137,1.1449999809265137,1068.0
2026-08-05 15:13:00,PLMR,,134.94500732421875,134.94500732421875,134.94500732421875,134.94500732421875,1096.0
2026-08-05 15:13:00,PLPC,,466.75,466.75,466.75,466.75,425.0
2026-08-05 15:13:00,PLTK,,3.9049999713897705,3.9049999713897705,3.9049999713897705,3.9049999713897705,3467.0
2026-08-05 15:13:00,PLUG,,2.075000047683716,2.0799999237060547,2.069999933242798,2.0799999237060547,31275.0
2026-08-05 15:13:00,PLXS,,276.6300048828125,276.6300048828125,276.6300048828125,276.6300048828125,268.0
2026-08-05 15:13:00,PMCB,,0.5899999737739563,0.5899999737739563,0.5899999737739563,0.5899999737739563,500.0
2026-08-05 15:13:00,PMEC,,0.4196000099182129,0.4196000099182129,0.4196000099182129,0.4196000099182129,800.0
2026-08-05 15:13:00,PNBK,,1.1349999904632568,1.1399999856948853,1.1349999904632568,1.1399999856948853,1120.0
2026-08-05 15:13:00,PNFP,,107.625,107.625,107.625,107.625,2473.0
2026-08-05 15:13:00,PNTG,,38.75,38.75,38.75,38.75,584.0
2026-08-05 15:13:00,POET,,8.244999885559082,8.25,8.240500450134277,8.244999885559082,11265.0
2026-08-05 15:13:00,POOL,,205.2100067138672,205.2100067138672,205.2100067138672,205.2100067138672,765.0
2026-08-05 15:13:00,POWL,,211.0800018310547,211.55999755859375,211.0800018310547,211.3699951171875,4619.0
2026-08-05 15:13:00,PPC,,26.434999465942383,26.440000534057617,26.43000030517578,26.43000030517578,3823.0
2026-08-05 15:13:00,PPTA,,22.690000534057617,22.690000534057617,22.68000030517578,22.68000030517578,1406.0
2026-08-05 15:13:00,PRCH,,15.845000267028809,15.850000381469727,15.84000015258789,15.850000381469727,3759.0
2026-08-05 15:13:00,PRCT,,19.28499984741211,19.28499984741211,19.270000457763672,19.28499984741211,2420.0
2026-08-05 15:13:00,PRE,,18.200000762939453,18.243999481201172,18.200000762939453,18.243999481201172,267.0
2026-08-05 15:13:00,PRFX,,1.110200047492981,1.110200047492981,1.110200047492981,1.110200047492981,1016.0
2026-08-05 15:13:00,PRGS,,42.130001068115234,42.130001068115234,42.130001068115234,42.130001068115234,507.0
2026-08-05 15:13:00,PRIM,,84.95999908447266,84.95999908447266,84.81999969482422,84.81999969482422,3656.0
2026-08-05 15:13:00,PRME,,3.0350000858306885,3.0350000858306885,3.0350000858306885,3.0350000858306885,1835.0
2026-08-05 15:13:00,PRQR,,1.9744999408721924,1.9744999408721924,1.9744999408721924,1.9744999408721924,630.0
2026-08-05 15:13:00,PRTH,,6.650000095367432,6.650000095367432,6.650000095367432,6.650000095367432,700.0
2026-08-05 15:13:00,PRVA,,24.084999084472656,24.084999084472656,24.079999923706055,24.084999084472656,1193.0
2026-08-05 15:13:00,PSEC,,2.174999952316284,2.180000066757202,2.174999952316284,2.174999952316284,13769.0
2026-08-05 15:13:00,PSNL,,13.489999771118164,13.5024995803833,13.479999542236328,13.5024995803833,4649.0
2026-08-05 15:13:00,PTC,,140.02000427246094,140.02000427246094,140.02000427246094,140.02000427246094,564.0
2026-08-05 15:13:00,PTCT,,68.93000030517578,68.93000030517578,68.93000030517578,68.93000030517578,584.0
2026-08-05 15:13:00,PTEN,,9.765000343322754,9.765000343322754,9.760000228881836,9.765000343322754,3014.0
2026-08-05 15:13:00,PTLO,,4.644999980926514,4.65500020980835,4.625,4.625,13981.0
2026-08-05 15:13:00,PTON,,6.480000019073486,6.485000133514404,6.480000019073486,6.485000133514404,4777.0
2026-08-05 15:13:00,PUBM,,13.579999923706055,13.579999923706055,13.569999694824219,13.569999694824219,739.0
2026-08-05 15:13:00,PWP,,17.479999542236328,17.479999542236328,17.479999542236328,17.479999542236328,920.0
2026-08-05 15:13:00,PYPD,,4.570000171661377,4.639999866485596,4.570000171661377,4.639999866485596,293.0
2026-08-05 15:13:00,PYPL,,58.03499984741211,58.04999923706055,58.03499984741211,58.04999923706055,8293.0
2026-08-05 15:13:00,PYXS,,3.130000114440918,3.130000114440918,3.130000114440918,3.130000114440918,529.0
2026-08-05 15:13:00,PZZA,,29.829999923706055,29.829999923706055,29.829999923706055,29.829999923706055,814.0
2026-08-05 15:13:00,QCOM,,158.625,158.67999267578125,158.58999633789062,158.64999389648438,8505.0
2026-08-05 15:13:00,QFIN,,13.180000305175781,13.180000305175781,13.175000190734863,13.175000190734863,1301.0
2026-08-05 15:13:00,QQQX,,30.3700008392334,30.3700008392334,30.3700008392334,30.3700008392334,986.0
2026-08-05 15:13:00,QRVO,,95.25499725341797,95.27999877929688,95.25499725341797,95.26000213623047,990.0
2026-08-05 15:13:00,SEED,,1.0499999523162842,1.0499999523162842,1.0499999523162842,1.0499999523162842,1864.0
2026-08-05 15:13:00,STIM,,2.2899999618530273,2.2899999618530273,2.2850000858306885,2.2850000858306885,691.0
2026-08-05 15:14:00,ACDC,,4.485000133514404,4.494999885559082,4.480000019073486,4.494999885559082,15132.0
2026-08-05 15:14:00,BPOP,,176.80999755859375,176.80999755859375,176.80999755859375,176.80999755859375,552.0
2026-08-05 15:14:00,CASH,,89.45999908447266,89.45999908447266,89.45999908447266,89.45999908447266,419.0
2026-08-05 15:14:00,FRST,,16.510000228881836,16.510000228881836,16.510000228881836,16.510000228881836,1545.0
2026-08-05 15:14:00,GLUE,,15.4399995803833,15.475000381469727,15.4399995803833,15.475000381469727,4020.0
2026-08-05 15:14:00,KIDS,,21.395000457763672,21.395000457763672,21.395000457763672,21.395000457763672,408.0
2026-08-05 15:14:00,MBRX,,0.3968000113964081,0.3968000113964081,0.3968000113964081,0.3968000113964081,307.0
2026-08-05 15:14:00,MDB,,376.1600036621094,376.1600036621094,375.8475036621094,375.95001220703125,2728.0
2026-08-05 15:14:00,MDLZ,,62.525001525878906,62.525001525878906,62.525001525878906,62.525001525878906,6875.0
2026-08-05 15:14:00,MLECW,,0.01510000042617321,0.01510000042617321,0.01510000042617321,0.01510000042617321,0.0
2026-08-05 15:14:00,MLTX,,17.510000228881836,17.510000228881836,17.510000228881836,17.510000228881836,379.0
2026-08-05 15:14:00,MNRO,,13.145000457763672,13.145000457763672,13.140000343322754,13.145000457763672,3124.0
2026-08-05 15:14:00,MNST,,94.44999694824219,94.44999694824219,94.41999816894531,94.41999816894531,4392.0
2026-08-05 15:14:00,MNTS,,4.255000114440918,4.255000114440918,4.25,4.25,3965.0
2026-08-05 15:14:00,MODD,,1.9930000305175781,1.9930000305175781,1.9801000356674194,1.9801000356674194,1027.0
2026-08-05 15:14:00,MPWR,,1348.489990234375,1348.489990234375,1346.22998046875,1348.0400390625,3007.0
2026-08-05 15:14:00,MRNA,,56.45000076293945,56.46500015258789,56.41999816894531,56.459999084472656,6507.0
2026-08-05 15:14:00,MYGN,,3.1050000190734863,3.1050000190734863,3.1050000190734863,3.1050000190734863,1066.0
2026-08-05 15:14:00,NAMS,,27.204999923706055,27.229999542236328,27.204999923706055,27.225000381469727,1052.0
2026-08-05 15:14:00,NAVI,,9.085000038146973,9.085000038146973,9.074999809265137,9.079999923706055,3097.0
2026-08-05 15:14:00,NB,,5.054999828338623,5.054999828338623,5.045000076293945,5.045000076293945,4779.0
2026-08-05 15:14:00,NBIX,,162.83999633789062,162.83999633789062,162.6999969482422,162.77999877929688,2034.0
2026-08-05 15:14:00,NDAQ,,94.70989990234375,94.70989990234375,94.66999816894531,94.66999816894531,2654.0
2026-08-05 15:14:00,NDSN,,310.5249938964844,310.5249938964844,310.5249938964844,310.5249938964844,89.0
2026-08-05 15:14:00,NEO,,15.817999839782715,15.819999694824219,15.800000190734863,15.8100004196167,4391.0
2026-08-05 15:14:00,NEOG,,11.524999618530273,11.524999618530273,11.510000228881836,11.510000228881836,8146.0
2026-08-05 15:14:00,NEOV,,2.9649999141693115,2.9700000286102295,2.9000000953674316,2.9000000953674316,159479.0
2026-08-05 15:14:00,NESR,,28.56999969482422,28.65999984741211,28.56999969482422,28.65999984741211,8918.0
2026-08-05 15:14:00,NEWT,,15.024999618530273,15.024999618530273,15.024999618530273,15.024999618530273,755.0
2026-08-05 15:14:00,NEXT,,6.480100154876709,6.480100154876709,6.480100154876709,6.480100154876709,826.0
2026-08-05 15:14:00,NFE,,0.3384999930858612,0.3393999934196472,0.3384999930858612,0.3393999934196472,411.0
2026-08-05 15:14:00,NFLX,,73.6500015258789,73.68499755859375,73.6449966430664,73.66000366210938,61253.0
2026-08-05 15:14:00,NIU,,2.444999933242798,2.444999933242798,2.444999933242798,2.444999933242798,329.0
2026-08-05 15:14:00,NKTR,,72.72000122070312,72.72000122070312,72.5999984741211,72.62000274658203,2289.0
2026-08-05 15:14:00,NMFC,,7.364999771118164,7.364999771118164,7.364999771118164,7.364999771118164,487.0
2026-08-05 15:14:00,NMIH,,44.58000183105469,44.58000183105469,44.58000183105469,44.58000183105469,551.0
2026-08-05 15:14:00,NN,,14.6899995803833,14.6899995803833,14.6899995803833,14.6899995803833,1441.0
2026-08-05 15:14:00,NNBR,,3.8399999141693115,3.8399999141693115,3.8350000381469727,3.8399999141693115,1397.0
2026-08-05 15:14:00,NNDM,,1.5549999475479126,1.5549999475479126,1.5549999475479126,1.5549999475479126,713.0
2026-08-05 15:14:00,NRC,,19.540000915527344,19.549999237060547,19.530000686645508,19.530000686645508,2125.0
2026-08-05 15:14:00,NRDS,,9.0649995803833,9.069999694824219,9.0649995803833,9.069999694824219,2985.0
2026-08-05 15:14:00,NRIX,,24.834999084472656,24.84000015258789,24.829999923706055,24.84000015258789,3527.0
2026-08-05 15:14:00,NTAP,,190.75999450683594,190.83999633789062,190.75999450683594,190.83999633789062,1915.0
2026-08-05 15:14:00,NTCT,,41.845001220703125,41.849998474121094,41.81999969482422,41.849998474121094,776.0
2026-08-05 15:14:00,NTES,,127.86499786376953,127.88999938964844,127.86499786376953,127.88999938964844,943.0
2026-08-05 15:14:00,NTNX,,61.34000015258789,61.34000015258789,61.33000183105469,61.34000015258789,4031.0
2026-08-05 15:14:00,NTRA,,272.114990234375,272.114990234375,272.114990234375,272.114990234375,1470.0
2026-08-05 15:14:00,NTRS,,184.7449951171875,184.7449951171875,184.7449951171875,184.7449951171875,473.0
2026-08-05 15:14:00,NUWE,,1.684999942779541,1.690000057220459,1.684999942779541,1.6899000406265259,702.0
2026-08-05 15:14:00,NVAX,,7.619999885559082,7.625,7.619999885559082,7.625,11319.0
2026-08-05 15:14:00,NVCR,,16.059999465942383,16.06999969482422,16.052499771118164,16.06999969482422,4305.0
2026-08-05 15:14:00,NVDA,,221.88009643554688,221.8802947998047,221.75,221.77000427246094,180436.0
2026-08-05 15:14:00,NVEC,,129.3000030517578,129.33999633789062,129.3000030517578,129.33999633789062,572.0
2026-08-05 15:14:00,NVMI,,406.6700134277344,406.6700134277344,406.4200134277344,406.4200134277344,505.0
2026-08-05 15:14:00,NVTS,,12.460000038146973,12.46500015258789,12.449999809265137,12.449999809265137,16609.0
2026-08-05 15:14:00,NWBI,,15.944999694824219,15.944999694824219,15.944999694824219,15.944999694824219,861.0
2026-08-05 15:14:00,NWE,,69.05000305175781,69.05000305175781,69.05000305175781,69.05000305175781,696.0
2026-08-05 15:14:00,NWL,,6.184999942779541,6.184999942779541,6.179999828338623,6.184999942779541,29946.0
2026-08-05 15:14:00,NWPX,,126.87000274658203,126.87000274658203,126.87000274658203,126.87000274658203,443.0
2026-08-05 15:14:00,NWS,,32.404998779296875,32.404998779296875,32.400001525878906,32.404998779296875,1016.0
2026-08-05 15:14:00,NWSA,,28.395000457763672,28.399999618530273,28.385000228881836,28.395000457763672,7772.0
2026-08-05 15:14:00,NXGL,,0.4009999930858612,0.4009999930858612,0.4009999930858612,0.4009999930858612,300.0
2026-08-05 15:14:00,NXPI,,232.5,232.5,232.10000610351562,232.35499572753906,10390.0
2026-08-05 15:14:00,NXST,,189.4499969482422,189.4499969482422,189.4499969482422,189.4499969482422,656.0
2026-08-05 15:14:00,NXT,,99.5199966430664,99.55000305175781,99.44000244140625,99.55000305175781,7756.0
2026-08-05 15:14:00,NYXH,,1.409999966621399,1.409999966621399,1.409999966621399,1.409999966621399,100.0
2026-08-05 15:14:00,OBIO,,4.21999979019165,4.21999979019165,4.21999979019165,4.21999979019165,908.0
2026-08-05 15:14:00,OCGN,,1.2799999713897705,1.284999966621399,1.2799999713897705,1.284999966621399,6142.0
2026-08-05 15:14:00,OCSL,,12.050000190734863,12.0649995803833,12.045000076293945,12.0649995803833,12488.0
2026-08-05 15:14:00,OCUL,,8.574999809265137,8.574999809265137,8.574999809265137,8.574999809265137,1663.0
2026-08-05 15:14:00,ODD,,15.345000267028809,15.345000267028809,15.34000015258789,15.34000015258789,568.0
2026-08-05 15:14:00,ODFL,,214.06500244140625,214.375,214.06500244140625,214.3699951171875,20776.0
2026-08-05 15:14:00,OFIX,,10.640000343322754,10.680000305175781,10.640000343322754,10.670000076293945,1222.0
2026-08-05 15:14:00,OKTA,,148.4199981689453,148.4199981689453,148.37069702148438,148.38999938964844,1610.0
2026-08-05 15:14:00,OLLI,,78.02999877929688,78.05999755859375,78.0,78.0,1458.0
2026-08-05 15:14:00,OLMA,,11.5,11.5,11.5,11.5,1383.0
2026-08-05 15:14:00,OM,,5.129300117492676,5.159999847412109,5.129300117492676,5.159999847412109,1061.0
2026-08-05 15:14:00,OMCL,,37.375,37.400001525878906,37.189998626708984,37.189998626708984,5352.0
2026-08-05 15:14:00,OMER,,12.729999542236328,12.729999542236328,12.729999542236328,12.729999542236328,4087.0
2026-08-05 15:14:00,OMEX,,0.7419999837875366,0.7419999837875366,0.7419999837875366,0.7419999837875366,414.0
2026-08-05 15:14:00,OMH,,0.11729999631643295,0.11800000071525574,0.11729999631643295,0.11800000071525574,13621.0
2026-08-05 15:14:00,ON,,77.81999969482422,77.81999969482422,77.70999908447266,77.72000122070312,25513.0
2026-08-05 15:14:00,ONB,,26.9950008392334,27.0,26.9950008392334,27.0,9447.0
2026-08-05 15:14:00,ONCY,,0.792900025844574,0.792900025844574,0.792900025844574,0.792900025844574,403.0
2026-08-05 15:14:00,ONDS,,8.848199844360352,8.850000381469727,8.84000015258789,8.84000015258789,269256.0
2026-08-05 15:14:00,ONFO,,0.0778999999165535,0.0778999999165535,0.07699999958276749,0.07729999721050262,124095.0
2026-08-05 15:14:00,OPCH,,23.514999389648438,23.514999389648438,23.510000228881836,23.510000228881836,2508.0
2026-08-05 15:14:00,OPEN,,3.744999885559082,3.75,3.740000009536743,3.740499973297119,130096.0
2026-08-05 15:14:00,OPHC,,8.6899995803833,8.6899995803833,8.675000190734863,8.680000305175781,835.0
2026-08-05 15:14:00,OPK,,1.315000057220459,1.315000057220459,1.315000057220459,1.315000057220459,1112.0
2026-08-05 15:14:00,ORIC,,12.90999984741211,12.920000076293945,12.90999984741211,12.920000076293945,1004.0
2026-08-05 15:14:00,ORLY,,92.94999694824219,92.94999694824219,92.91000366210938,92.91000366210938,10141.0
2026-08-05 15:14:00,ORMP,,4.369999885559082,4.369999885559082,4.369999885559082,4.369999885559082,262.0
2026-08-05 15:14:00,OSBC,,25.780000686645508,25.780000686645508,25.780000686645508,25.780000686645508,1843.0
2026-08-05 15:14:00,OSIS,,236.8699951171875,237.02499389648438,236.8699951171875,237.02499389648438,246.0
2026-08-05 15:14:00,OSS,,13.449999809265137,13.475899696350098,13.449999809265137,13.46500015258789,4214.0
2026-08-05 15:14:00,OSUR,,4.139999866485596,4.139999866485596,4.139999866485596,4.139999866485596,1438.0
2026-08-05 15:14:00,OSW,,26.5,26.5,26.5,26.5,571.0
2026-08-05 15:14:00,OTEX,,25.850000381469727,25.850000381469727,25.844999313354492,25.844999313354492,3760.0
2026-08-05 15:14:00,OTLK,,1.0299999713897705,1.0299999713897705,1.0290000438690186,1.0290000438690186,6529.0
2026-08-05 15:14:00,OVID,,2.5899999141693115,2.5899999141693115,2.5899999141693115,2.5899999141693115,766.0
2026-08-05 15:14:00,PAA,,23.174999237060547,23.174999237060547,23.170000076293945,23.170000076293945,7903.0
2026-08-05 15:14:00,PAAS,,48.369998931884766,48.37649917602539,48.33000183105469,48.35100173950195,11783.0
2026-08-05 15:14:00,PACB,,1.3049999475479126,1.3097000122070312,1.2999999523162842,1.3049999475479126,73602.0
2026-08-05 15:14:00,PAGP,,25.145000457763672,25.145000457763672,25.145000457763672,25.145000457763672,1447.0
2026-08-05 15:14:00,PALI,,2.109999895095825,2.109999895095825,2.1050000190734863,2.1050000190734863,3774.0
2026-08-05 15:14:00,PANL,,7.275000095367432,7.275000095367432,7.275000095367432,7.275000095367432,352.0
2026-08-05 15:14:00,PANW,,365.1549987792969,365.2099914550781,364.9599914550781,365.0799865722656,5021.0
2026-08-05 15:14:00,PATK,,87.83000183105469,87.9000015258789,87.7699966430664,87.9000015258789,4498.0
2026-08-05 15:14:00,PAX,,11.404999732971191,11.404999732971191,11.404999732971191,11.404999732971191,2105.0
2026-08-05 15:14:00,PAYO,,7.119999885559082,7.125,7.119999885559082,7.119999885559082,4255.0
2026-08-05 15:14:00,PAYX,,117.78009796142578,117.80500030517578,117.7699966430664,117.80000305175781,13738.0
2026-08-05 15:14:00,PCAR,,133.72860717773438,133.77000427246094,133.72860717773438,133.77000427246094,2500.0
2026-08-05 15:14:00,PCRX,,24.815000534057617,24.829999923706055,24.809999465942383,24.81999969482422,4253.0
2026-08-05 15:14:00,PCSA,,2.2100000381469727,2.2100000381469727,2.2100000381469727,2.2100000381469727,6297.0
2026-08-05 15:14:00,PCT,,6.974999904632568,6.980000019073486,6.965000152587891,6.965000152587891,13642.0
2026-08-05 15:14:00,PCTY,,146.5,146.5050048828125,146.34500122070312,146.5050048828125,3789.0
2026-08-05 15:14:00,PDD,,90.69999694824219,90.72000122070312,90.69999694824219,90.72000122070312,2139.0
2026-08-05 15:14:00,PDFS,,50.130001068115234,50.189998626708984,50.130001068115234,50.189998626708984,985.0
2026-08-05 15:14:00,PDSB,,0.7103999853134155,0.7103999853134155,0.7103999853134155,0.7103999853134155,400.0
2026-08-05 15:14:00,PECO,,41.41999816894531,41.41999816894531,41.415000915527344,41.415000915527344,2055.0
2026-08-05 15:14:00,PEGA,,31.895000457763672,31.899999618530273,31.885000228881836,31.895000457763672,3367.0
2026-08-05 15:14:00,PENN,,19.690000534057617,19.69499969482422,19.690000534057617,19.690000534057617,6117.0
2026-08-05 15:14:00,PEP,,138.25999450683594,138.27000427246094,138.22999572753906,138.24000549316406,6569.0
2026-08-05 15:14:00,PEPG,,1.9600000381469727,1.965000033378601,1.9600000381469727,1.9600000381469727,409.0
2026-08-05 15:14:00,PERI,,9.614999771118164,9.614999771118164,9.614999771118164,9.614999771118164,343.0
2026-08-05 15:14:00,PESI,,17.860000610351562,17.860000610351562,17.860000610351562,17.860000610351562,1476.0
2026-08-05 15:14:00,PFG,,114.23999786376953,114.27999877929688,114.23999786376953,114.24500274658203,2400.0
2026-08-05 15:14:00,PGEN,,6.945000171661377,6.954999923706055,6.920000076293945,6.925000190734863,43801.0
2026-08-05 15:14:00,PGY,,21.690000534057617,21.690000534057617,21.68000030517578,21.68000030517578,3616.0
2026-08-05 15:14:00,PHAT,,8.380000114440918,8.380000114440918,8.380000114440918,8.380000114440918,644.0
2026-08-05 15:14:00,PHVS,,33.5,33.5,33.5,33.5,214.0
2026-08-05 15:14:00,PLAB,,32.15999984741211,32.15999984741211,32.15999984741211,32.15999984741211,948.0
2026-08-05 15:14:00,PLMR,,134.875,134.875,134.875,134.875,347.0
2026-08-05 15:14:00,PLTK,,3.9049999713897705,3.9049999713897705,3.9049999713897705,3.9049999713897705,167.0
2026-08-05 15:14:00,PLUG,,2.069999933242798,2.0799999237060547,2.069999933242798,2.0799999237060547,23642.0
2026-08-05 15:14:00,PLXS,,276.6400146484375,276.6400146484375,276.6300048828125,276.6300048828125,1126.0
2026-08-05 15:14:00,PMEC,,0.41499999165534973,0.42260000109672546,0.41499999165534973,0.4196999967098236,7938.0
2026-08-05 15:14:00,PNBK,,1.1349999904632568,1.1349999904632568,1.1349999904632568,1.1349999904632568,105.0
2026-08-05 15:14:00,PNFP,,107.6449966430664,107.6449966430664,107.58000183105469,107.6050033569336,1315.0
2026-08-05 15:14:00,POET,,8.25,8.25,8.239999771118164,8.244999885559082,7981.0
2026-08-05 15:14:00,POOL,,204.91749572753906,205.05999755859375,204.88999938964844,205.05999755859375,5190.0
2026-08-05 15:14:00,POWL,,210.84500122070312,211.07000732421875,210.64999389648438,210.8800048828125,1619.0
2026-08-05 15:14:00,PPC,,26.434999465942383,26.434999465942383,26.434999465942383,26.434999465942383,2540.0
2026-08-05 15:14:00,PPTA,,22.68320083618164,22.68320083618164,22.670000076293945,22.68000030517578,1715.0
2026-08-05 15:14:00,PRAX,,317.9200134277344,317.9200134277344,317.8800048828125,317.8800048828125,266.0
2026-08-05 15:14:00,PRCH,,15.84000015258789,15.850000381469727,15.84000015258789,15.845000267028809,1805.0
2026-08-05 15:14:00,PRCT,,19.28499984741211,19.290000915527344,19.260000228881836,19.290000915527344,9658.0
2026-08-05 15:14:00,PRDO,,32.86000061035156,32.86000061035156,32.86000061035156,32.86000061035156,1156.0
2026-08-05 15:14:00,PRGS,,42.130001068115234,42.130001068115234,42.130001068115234,42.130001068115234,669.0
2026-08-05 15:14:00,PRIM,,84.88500213623047,84.93000030517578,84.80000305175781,84.9000015258789,4194.0
2026-08-05 15:14:00,PRLD,,4.570000171661377,4.570000171661377,4.570000171661377,4.570000171661377,534.0
2026-08-05 15:14:00,PROK,,1.6449999809265137,1.6449999809265137,1.6449999809265137,1.6449999809265137,1249.0
2026-08-05 15:14:00,PRSO,,0.7070000171661377,0.7070000171661377,0.7070000171661377,0.7070000171661377,846.0
2026-08-05 15:14:00,PRVA,,24.079999923706055,24.079999923706055,24.075000762939453,24.079999923706055,4892.0
2026-08-05 15:14:00,PSEC,,2.184999942779541,2.184999942779541,2.174999952316284,2.174999952316284,58988.0
2026-08-05 15:14:00,PSNL,,13.489999771118164,13.489999771118164,13.479999542236328,13.479999542236328,4645.0
2026-08-05 15:14:00,PTC,,140.01499938964844,140.01499938964844,140.01499938964844,140.01499938964844,731.0
2026-08-05 15:14:00,PTCT,,68.9000015258789,68.9000015258789,68.87000274658203,68.9000015258789,2374.0
2026-08-05 15:14:00,PTEN,,9.755000114440918,9.760000228881836,9.744999885559082,9.760000228881836,21854.0
2026-08-05 15:14:00,PTLO,,4.644999980926514,4.644999980926514,4.644999980926514,4.644999980926514,604.0
2026-08-05 15:14:00,PTON,,6.485000133514404,6.489999771118164,6.480000019073486,6.485000133514404,7821.0
2026-08-05 15:14:00,PUBM,,13.600000381469727,13.600000381469727,13.569999694824219,13.569999694824219,2599.0
2026-08-05 15:14:00,PWP,,17.459999084472656,17.479999542236328,17.459999084472656,17.479999542236328,6180.0
2026-08-05 15:14:00,PYPL,,58.03499984741211,58.04499816894531,58.029998779296875,58.040000915527344,6596.0
2026-08-05 15:14:00,PZZA,,29.815000534057617,29.829999923706055,29.815000534057617,29.825000762939453,5222.0
2026-08-05 15:14:00,QCOM,,158.6699981689453,158.72999572753906,158.5399932861328,158.58999633789062,62921.0
2026-08-05 15:14:00,QRVO,,95.2699966430664,95.2699966430664,95.21499633789062,95.2300033569336,2689.0
2026-08-05 15:14:00,TARA,,3.984999895095825,3.990000009536743,3.984999895095825,3.990000009536743,502.0
2026-08-05 15:15:00,ACDC,,4.53000020980835,4.534999847412109,4.48799991607666,4.48799991607666,65768.0
2026-08-05 15:15:00,BPOP,,176.93499755859375,176.9499969482422,176.89999389648438,176.89999389648438,2267.0
2026-08-05 15:15:00,CNXN,,86.13999938964844,86.13999938964844,86.0999984741211,86.0999984741211,1138.0
2026-08-05 15:15:00,DTIL,,7.469299793243408,7.469299793243408,7.469299793243408,7.469299793243408,1849.0
2026-08-05 15:15:00,EYE,,22.979999542236328,22.989999771118164,22.979999542236328,22.989999771118164,2641.0
2026-08-05 15:15:00,FIZZ,,32.154998779296875,32.154998779296875,32.154998779296875,32.154998779296875,867.0
2026-08-05 15:15:00,GLUE,,15.470000267028809,15.470000267028809,15.470000267028809,15.470000267028809,899.0
2026-08-05 15:15:00,KIDS,,21.395000457763672,21.395000457763672,21.395000457763672,21.395000457763672,1484.0
2026-08-05 15:15:00,MBRX,,0.3959999978542328,0.3959999978542328,0.3959999978542328,0.3959999978542328,392.0
2026-08-05 15:15:00,MDB,,375.5,376.1000061035156,375.5,376.1000061035156,6043.0
2026-08-05 15:15:00,MDLZ,,62.54499816894531,62.57099914550781,62.52000045776367,62.52000045776367,13414.0
2026-08-05 15:15:00,MLTX,,17.520099639892578,17.520099639892578,17.510099411010742,17.510099411010742,473.0
2026-08-05 15:15:00,MNST,,94.4800033569336,94.48999786376953,94.45999908447266,94.45999908447266,6960.0
2026-08-05 15:15:00,MNTS,,4.258500099182129,4.271200180053711,4.253699779510498,4.253699779510498,17618.0
2026-08-05 15:15:00,MORN,,198.08999633789062,198.08999633789062,198.08999633789062,198.08999633789062,435.0
2026-08-05 15:15:00,MPWR,,1347.0799560546875,1347.7099609375,1347.0799560546875,1347.699951171875,223.0
2026-08-05 15:15:00,MRNA,,56.380001068115234,56.42499923706055,56.380001068115234,56.400001525878906,10950.0
2026-08-05 15:15:00,MYGN,,3.1050000190734863,3.1050000190734863,3.1050000190734863,3.1050000190734863,1884.0
2026-08-05 15:15:00,MYPS,,0.7301999926567078,0.7301999926567078,0.7301999926567078,0.7301999926567078,309.0
2026-08-05 15:15:00,MYRG,,340.5199890136719,340.5199890136719,340.5199890136719,340.5199890136719,381.0
2026-08-05 15:15:00,NAMS,,27.219999313354492,27.219999313354492,27.200000762939453,27.219999313354492,4005.0
2026-08-05 15:15:00,NAUT,,0.9388999938964844,0.9388999938964844,0.9388999938964844,0.9388999938964844,860.0
2026-08-05 15:15:00,NAVI,,9.085000038146973,9.085000038146973,9.085000038146973,9.085000038146973,339.0
2026-08-05 15:15:00,NB,,5.054999828338623,5.054999828338623,5.054999828338623,5.054999828338623,4005.0
2026-08-05 15:15:00,NBIX,,162.72999572753906,162.72999572753906,162.72999572753906,162.72999572753906,1163.0
2026-08-05 15:15:00,NBTB,,53.22999954223633,53.22999954223633,53.22999954223633,53.22999954223633,162.0
2026-08-05 15:15:00,NBTX,,39.72999954223633,39.72999954223633,39.72999954223633,39.72999954223633,200.0
2026-08-05 15:15:00,NDLS,,17.850000381469727,17.850000381469727,17.850000381469727,17.850000381469727,701.0
2026-08-05 15:15:00,NDSN,,310.6400146484375,310.7449951171875,310.57000732421875,310.7200012207031,984.0
2026-08-05 15:15:00,NEO,,15.800000190734863,15.819999694824219,15.800000190734863,15.819999694824219,2167.0
2026-08-05 15:15:00,NEOG,,11.515000343322754,11.520000457763672,11.515000343322754,11.520000457763672,3875.0
2026-08-05 15:15:00,NEON,,0.9211000204086304,0.9350000023841858,0.9211000204086304,0.9350000023841858,3166.0
2026-08-05 15:15:00,NEOV,,2.9549999237060547,2.9700000286102295,2.9549999237060547,2.9700000286102295,13397.0
2026-08-05 15:15:00,NESR,,28.600000381469727,28.600000381469727,28.55500030517578,28.55500030517578,5170.0
2026-08-05 15:15:00,NEXT,,6.485000133514404,6.489999771118164,6.480999946594238,6.488999843597412,3029.0
2026-08-05 15:15:00,NFLX,,73.65499877929688,73.66500091552734,73.6449966430664,73.6449966430664,41482.0
2026-08-05 15:15:00,NKTR,,72.69499969482422,72.69499969482422,72.69499969482422,72.69499969482422,484.0
2026-08-05 15:15:00,NKTX,,2.2149999141693115,2.2149999141693115,2.2149999141693115,2.2149999141693115,2003.0
2026-08-05 15:15:00,NMIH,,44.58000183105469,44.58000183105469,44.58000183105469,44.58000183105469,404.0
2026-08-05 15:15:00,NN,,14.680000305175781,14.6850004196167,14.675000190734863,14.6850004196167,4632.0
2026-08-05 15:15:00,NNBR,,3.8299999237060547,3.8399999141693115,3.8299999237060547,3.8350000381469727,2541.0
2026-08-05 15:15:00,NNDM,,1.5549999475479126,1.5549999475479126,1.5549999475479126,1.5549999475479126,1000.0
2026-08-05 15:15:00,NOVT,,154.66000366210938,154.9199981689453,154.64999389648438,154.83999633789062,5554.0
2026-08-05 15:15:00,NPCE,,13.71500015258789,13.765000343322754,13.71500015258789,13.75,4258.0
2026-08-05 15:15:00,NRIX,,24.850000381469727,24.850000381469727,24.834999084472656,24.834999084472656,1202.0
2026-08-05 15:15:00,NSSC,,40.369998931884766,40.369998931884766,40.369998931884766,40.369998931884766,759.0
2026-08-05 15:15:00,NTAP,,190.1199951171875,190.83999633789062,190.1199951171875,190.74000549316406,18825.0
2026-08-05 15:15:00,NTCT,,41.845001220703125,41.845001220703125,41.845001220703125,41.845001220703125,134.0
2026-08-05 15:15:00,NTES,,127.9000015258789,127.9000015258789,127.81999969482422,127.81999969482422,1072.0
2026-08-05 15:15:00,NTNX,,61.310001373291016,61.33000183105469,61.310001373291016,61.33000183105469,4038.0
2026-08-05 15:15:00,NTRA,,272.4599914550781,272.4599914550781,272.3699951171875,272.3699951171875,971.0
2026-08-05 15:15:00,NTRS,,184.69000244140625,184.7449951171875,184.63999938964844,184.7449951171875,4218.0
2026-08-05 15:15:00,NUWE,,1.6799999475479126,1.690000057220459,1.6799999475479126,1.690000057220459,1747.0
2026-08-05 15:15:00,NVAX,,7.629899978637695,7.629899978637695,7.620100021362305,7.620100021362305,1759.0
2026-08-05 15:15:00,NVCR,,16.049999237060547,16.059999465942383,16.040000915527344,16.049999237060547,3832.0
2026-08-05 15:15:00,NVCT,,19.584999084472656,19.584999084472656,19.584999084472656,19.584999084472656,211.0
2026-08-05 15:15:00,NVDA,,221.7700958251953,221.9250030517578,221.7700958251953,221.8800048828125,154115.0
2026-08-05 15:15:00,NVEC,,130.09500122070312,130.09500122070312,129.86000061035156,129.86000061035156,1938.0
2026-08-05 15:15:00,NVMI,,406.4200134277344,406.4200134277344,406.4200134277344,406.4200134277344,983.0
2026-08-05 15:15:00,NVTS,,12.460000038146973,12.46500015258789,12.454999923706055,12.46500015258789,12108.0
2026-08-05 15:15:00,NWBI,,15.944999694824219,15.944999694824219,15.944999694824219,15.944999694824219,867.0
2026-08-05 15:15:00,NWL,,6.179999828338623,6.190000057220459,6.175000190734863,6.179999828338623,42642.0
2026-08-05 15:15:00,NWS,,32.39500045776367,32.40999984741211,32.39500045776367,32.404998779296875,3390.0
2026-08-05 15:15:00,NWSA,,28.375,28.399999618530273,28.375,28.399999618530273,8206.0
2026-08-05 15:15:00,NXGL,,0.4009999930858612,0.4009999930858612,0.4009999930858612,0.4009999930858612,100.0
2026-08-05 15:15:00,NXPI,,232.26499938964844,232.49000549316406,232.1300048828125,232.4199981689453,3510.0
2026-08-05 15:15:00,NXST,,189.4499969482422,189.4499969482422,189.4499969482422,189.4499969482422,387.0
2026-08-05 15:15:00,NXT,,99.5199966430664,99.5199966430664,99.44999694824219,99.44999694824219,1394.0
2026-08-05 15:15:00,OCFC,,19.899999618530273,19.899999618530273,19.899999618530273,19.899999618530273,1944.0
2026-08-05 15:15:00,OCGN,,1.2899999618530273,1.2899999618530273,1.284999966621399,1.284999966621399,5879.0
2026-08-05 15:15:00,OCS,,12.020000457763672,12.020000457763672,11.994999885559082,11.994999885559082,2396.0
2026-08-05 15:15:00,OCSL,,12.045000076293945,12.045000076293945,12.045000076293945,12.045000076293945,751.0
2026-08-05 15:15:00,OCUL,,8.579999923706055,8.579999923706055,8.579999923706055,8.579999923706055,2105.0
2026-08-05 15:15:00,ODD,,15.345000267028809,15.345000267028809,15.345000267028809,15.345000267028809,2282.0
2026-08-05 15:15:00,ODFL,,214.2100067138672,214.24000549316406,214.05499267578125,214.05499267578125,2763.0
2026-08-05 15:15:00,OFIX,,10.595000267028809,10.640000343322754,10.595000267028809,10.640000343322754,2541.0
2026-08-05 15:15:00,OGI,,0.9577999711036682,0.9577999711036682,0.9577999711036682,0.9577999711036682,555.0
2026-08-05 15:15:00,OKTA,,148.32000732421875,148.375,148.30999755859375,148.375,5587.0
2026-08-05 15:15:00,OLLI,,78.12000274658203,78.12000274658203,78.05000305175781,78.05000305175781,4884.0
2026-08-05 15:15:00,OLMA,,11.505000114440918,11.505000114440918,11.505000114440918,11.505000114440918,639.0
2026-08-05 15:15:00,OMCL,,37.369998931884766,37.380001068115234,37.349998474121094,37.349998474121094,3230.0
2026-08-05 15:15:00,OMH,,0.11720000207424164,0.11720000207424164,0.11630000174045563,0.11699999868869781,29982.0
2026-08-05 15:15:00,ON,,77.7750015258789,77.87999725341797,77.75,77.81500244140625,33737.0
2026-08-05 15:15:00,ONB,,26.979999542236328,26.9950008392334,26.979999542236328,26.989999771118164,15340.0
2026-08-05 15:15:00,ONCY,,0.7983999848365784,0.7983999848365784,0.7983999848365784,0.7983999848365784,200.0
2026-08-05 15:15:00,ONDS,,8.854999542236328,8.869999885559082,8.850000381469727,8.850000381469727,651965.0
2026-08-05 15:15:00,ONFO,,0.07699999958276749,0.0778999999165535,0.07699999958276749,0.07699999958276749,105741.0
2026-08-05 15:15:00,OPAL,,2.369999885559082,2.369999885559082,2.369999885559082,2.369999885559082,520.0
2026-08-05 15:15:00,OPCH,,23.5049991607666,23.53499984741211,23.450000762939453,23.514999389648438,211307.0
2026-08-05 15:15:00,OPEN,,3.7439000606536865,3.75,3.740000009536743,3.740000009536743,73200.0
2026-08-05 15:15:00,OPRA,,19.989999771118164,19.989999771118164,19.979999542236328,19.989900588989258,2236.0
2026-08-05 15:15:00,OPXS,,11.989999771118164,11.989999771118164,11.989999771118164,11.989999771118164,108.0
2026-08-05 15:15:00,ORGO,,2.3350000381469727,2.3399999141693115,2.3350000381469727,2.3350000381469727,1505.0
2026-08-05 15:15:00,ORIC,,12.920000076293945,12.9399995803833,12.90999984741211,12.90999984741211,7800.0
2026-08-05 15:15:00,ORLY,,92.91000366210938,92.97000122070312,92.91000366210938,92.93499755859375,11495.0
2026-08-05 15:15:00,ORMP,,4.369999885559082,4.369999885559082,4.369999885559082,4.369999885559082,887.0
2026-08-05 15:15:00,OSIS,,237.02499389648438,237.02499389648438,237.02499389648438,237.02499389648438,136.0
2026-08-05 15:15:00,OSPN,,16.559999465942383,16.559999465942383,16.559999465942383,16.559999465942383,1481.0
2026-08-05 15:15:00,OSS,,13.46500015258789,13.46500015258789,13.46500015258789,13.46500015258789,816.0
2026-08-05 15:15:00,OSUR,,4.144999980926514,4.144999980926514,4.144999980926514,4.144999980926514,641.0
2026-08-05 15:15:00,OSW,,26.5,26.5049991607666,26.485000610351562,26.489999771118164,2227.0
2026-08-05 15:15:00,OTEX,,25.815000534057617,25.84000015258789,25.815000534057617,25.84000015258789,4641.0
2026-08-05 15:15:00,OTLK,,1.0299999713897705,1.0299999713897705,1.0293999910354614,1.0299999713897705,7711.0
2026-08-05 15:15:00,OVID,,2.5850000381469727,2.5924999713897705,2.5850000381469727,2.5899999141693115,5619.0
2026-08-05 15:15:00,OXSQ,,1.5049999952316284,1.5049999952316284,1.5049999952316284,1.5049999952316284,4594.0
2026-08-05 15:15:00,PAA,,23.174999237060547,23.174999237060547,23.170000076293945,23.170000076293945,7997.0
2026-08-05 15:15:00,PAAS,,48.2599983215332,48.349998474121094,48.255001068115234,48.349998474121094,48115.0
2026-08-05 15:15:00,PACB,,1.3049999475479126,1.309499979019165,1.3049999475479126,1.3049999475479126,3348.0
2026-08-05 15:15:00,PAGP,,25.149999618530273,25.149999618530273,25.145000457763672,25.145000457763672,3512.0
2026-08-05 15:15:00,PAHC,,35.61000061035156,35.61000061035156,35.61000061035156,35.61000061035156,158.0
2026-08-05 15:15:00,PALI,,2.109999895095825,2.109999895095825,2.1050000190734863,2.109999895095825,3434.0
2026-08-05 15:15:00,PANW,,364.510009765625,365.1499938964844,364.510009765625,365.1499938964844,11079.0
2026-08-05 15:15:00,PAX,,11.404999732971191,11.404999732971191,11.404999732971191,11.404999732971191,987.0
2026-08-05 15:15:00,PAYS,,9.145000457763672,9.147100448608398,9.145000457763672,9.147100448608398,586.0
2026-08-05 15:15:00,PAYX,,117.80000305175781,117.80999755859375,117.77999877929688,117.79499816894531,5519.0
2026-08-05 15:15:00,PCAR,,133.7100067138672,133.80999755859375,133.7100067138672,133.80999755859375,4691.0
2026-08-05 15:15:00,PCRX,,24.84000015258789,24.84000015258789,24.8125,24.815000534057617,7789.0
2026-08-05 15:15:00,PCTY,,146.46499633789062,146.46499633789062,146.46499633789062,146.46499633789062,1124.0
2026-08-05 15:15:00,PDD,,90.72000122070312,90.7300033569336,90.69999694824219,90.69999694824219,3819.0
2026-08-05 15:15:00,PDLB,,20.399999618530273,20.399999618530273,20.399999618530273,20.399999618530273,1051.0
2026-08-05 15:15:00,PECO,,41.41999816894531,41.41999816894531,41.41999816894531,41.41999816894531,1084.0
2026-08-05 15:15:00,PEGA,,31.8700008392334,31.889999389648438,31.8700008392334,31.889999389648438,6891.0
2026-08-05 15:15:00,PENN,,19.69499969482422,19.700000762939453,19.690000534057617,19.690000534057617,4715.0
2026-08-05 15:15:00,PEP,,138.3000030517578,138.31500244140625,138.3000030517578,138.30499267578125,7305.0
2026-08-05 15:15:00,PEPG,,1.965000033378601,1.965000033378601,1.965000033378601,1.965000033378601,105.0
2026-08-05 15:15:00,PERI,,9.614999771118164,9.614999771118164,9.614999771118164,9.614999771118164,354.0
2026-08-05 15:15:00,PESI,,17.825000762939453,17.825000762939453,17.825000762939453,17.825000762939453,761.0
2026-08-05 15:15:00,PFG,,114.18499755859375,114.19499969482422,114.18499755859375,114.19499969482422,1183.0
2026-08-05 15:15:00,PGEN,,6.965000152587891,6.965000152587891,6.940100193023682,6.940100193023682,16343.0
2026-08-05 15:15:00,PGY,,21.68000030517578,21.68000030517578,21.68000030517578,21.68000030517578,1386.0
2026-08-05 15:15:00,PHAT,,8.380000114440918,8.380000114440918,8.380000114440918,8.380000114440918,1772.0
2026-08-05 15:15:00,PHUN,,2.1649999618530273,2.1649999618530273,2.1649999618530273,2.1649999618530273,0.0
2026-08-05 15:15:00,PHVS,,33.52000045776367,33.52000045776367,33.52000045776367,33.52000045776367,714.0
2026-08-05 15:15:00,PLAB,,32.130001068115234,32.16999816894531,32.130001068115234,32.15999984741211,2616.0
2026-08-05 15:15:00,PLMR,,134.6300048828125,134.6300048828125,134.6300048828125,134.6300048828125,221.0
2026-08-05 15:15:00,PLTK,,3.9049999713897705,3.9049999713897705,3.9049999713897705,3.9049999713897705,642.0
2026-08-05 15:15:00,PLUG,,2.075000047683716,2.0799999237060547,2.069999933242798,2.0799999237060547,35753.0
2026-08-05 15:15:00,PNBK,,1.1299999952316284,1.1299999952316284,1.1299999952316284,1.1299999952316284,105.0
2026-08-05 15:15:00,PNFP,,107.61499786376953,107.61499786376953,107.61499786376953,107.61499786376953,1119.0
2026-08-05 15:15:00,PNTG,,38.67499923706055,38.720001220703125,38.67499923706055,38.720001220703125,1994.0
2026-08-05 15:15:00,POET,,8.244999885559082,8.255000114440918,8.244999885559082,8.255000114440918,4604.0
2026-08-05 15:15:00,POOL,,204.8800048828125,204.8800048828125,204.8800048828125,204.8800048828125,568.0
2026-08-05 15:15:00,POWI,,61.959999084472656,61.959999084472656,61.959999084472656,61.959999084472656,1445.0
2026-08-05 15:15:00,POWL,,210.88999938964844,210.99000549316406,210.88999938964844,210.99000549316406,554.0
2026-08-05 15:15:00,PPC,,26.415000915527344,26.434999465942383,26.415000915527344,26.434999465942383,3740.0
2026-08-05 15:15:00,PPTA,,22.655000686645508,22.68000030517578,22.649999618530273,22.68000030517578,3718.0
2026-08-05 15:15:00,PRAX,,317.6549987792969,317.9700012207031,317.6549987792969,317.9100036621094,397.0
2026-08-05 15:15:00,PRCH,,15.84000015258789,15.84000015258789,15.829999923706055,15.829999923706055,3583.0
2026-08-05 15:15:00,PRCT,,19.280000686645508,19.280000686645508,19.239999771118164,19.270000457763672,15289.0
2026-08-05 15:15:00,PRDO,,32.869998931884766,32.869998931884766,32.869998931884766,32.869998931884766,1258.0
2026-08-05 15:15:00,PRGS,,42.220001220703125,42.220001220703125,42.130001068115234,42.130001068115234,1469.0
2026-08-05 15:15:00,PRIM,,84.94999694824219,84.94999694824219,84.88999938964844,84.88999938964844,1857.0
2026-08-05 15:15:00,PRME,,3.0399999618530273,3.0399999618530273,3.0399999618530273,3.0399999618530273,492.0
2026-08-05 15:15:00,PROF,,7.980000019073486,7.980000019073486,7.980000019073486,7.980000019073486,710.0
2026-08-05 15:15:00,PRQR,,1.975000023841858,1.975000023841858,1.975000023841858,1.975000023841858,415.0
2026-08-05 15:15:00,PRTH,,6.644999980926514,6.644999980926514,6.644999980926514,6.644999980926514,881.0
2026-08-05 15:15:00,PRVA,,24.048200607299805,24.06999969482422,24.048200607299805,24.06999969482422,2536.0
2026-08-05 15:15:00,PSEC,,2.184999942779541,2.184999942779541,2.180000066757202,2.184999942779541,2872.0
2026-08-05 15:15:00,PTC,,140.02000427246094,140.0800018310547,139.9499969482422,140.01499938964844,3341.0
2026-08-05 15:15:00,PTCT,,68.87000274658203,68.87000274658203,68.87000274658203,68.87000274658203,651.0
2026-08-05 15:15:00,PTEN,,9.755000114440918,9.760000228881836,9.755000114440918,9.759900093078613,5496.0
2026-08-05 15:15:00,PTGX,,136.0800018310547,136.15499877929688,136.0800018310547,136.0800018310547,2304.0
2026-08-05 15:15:00,PTLO,,4.644999980926514,4.644999980926514,4.644999980926514,4.644999980926514,5181.0
2026-08-05 15:15:00,PTON,,6.485000133514404,6.4899001121521,6.480000019073486,6.480000019073486,14631.0
2026-08-05 15:15:00,PUBM,,13.59000015258789,13.600000381469727,13.579999923706055,13.600000381469727,1076.0
2026-08-05 15:15:00,PWP,,17.440000534057617,17.450000762939453,17.440000534057617,17.450000762939453,1810.0
2026-08-05 15:15:00,PYPD,,4.614999771118164,4.614999771118164,4.614999771118164,4.614999771118164,431.0
2026-08-05 15:15:00,PYPL,,58.025001525878906,58.04499816894531,58.02000045776367,58.03499984741211,9417.0
2026-08-05 15:15:00,PYXS,,3.134999990463257,3.134999990463257,3.130000114440918,3.130000114440918,744.0
2026-08-05 15:15:00,PZZA,,29.809999465942383,29.809999465942383,29.809999465942383,29.809999465942383,1201.0
2026-08-05 15:15:00,QCOM,,158.61000061035156,158.6999969482422,158.5500030517578,158.6999969482422,9258.0
2026-08-05 15:15:00,QFIN,,13.170000076293945,13.170000076293945,13.170000076293945,13.170000076293945,1239.0
2026-08-05 15:15:00,QRVO,,95.04000091552734,95.23899841308594,95.04000091552734,95.20999908447266,8566.0
2026-08-05 15:15:00,STIM,,2.299999952316284,2.315000057220459,2.2899999618530273,2.2899999618530273,46470.0
2026-08-05 15:15:00,TARA,,3.994999885559082,3.994999885559082,3.984999895095825,3.984999895095825,2116.0
2026-08-05 15:15:00,WOOF,,2.934999942779541,2.934999942779541,2.934999942779541,2.934999942779541,1057.0
2026-08-05 15:16:00,ACDC,,4.519999980926514,4.534999847412109,4.514999866485596,4.534999847412109,9063.0
2026-08-05 15:16:00,BPOP,,176.98500061035156,176.98500061035156,176.98500061035156,176.98500061035156,923.0
2026-08-05 15:16:00,CASH,,89.5199966430664,89.61000061035156,89.51000213623047,89.51000213623047,2037.0
2026-08-05 15:16:00,EYE,,22.979999542236328,22.979999542236328,22.969999313354492,22.975000381469727,3853.0
2026-08-05 15:16:00,FIZZ,,32.084999084472656,32.150001525878906,32.02000045776367,32.150001525878906,12231.0
2026-08-05 15:16:00,GLUE,,15.449999809265137,15.470000267028809,15.449999809265137,15.470000267028809,997.0
2026-08-05 15:16:00,KIDS,,21.389999389648438,21.389999389648438,21.389999389648438,21.389999389648438,259.0
2026-08-05 15:16:00,KITT,,1.034999966621399,1.034999966621399,1.034999966621399,1.034999966621399,425.0
2026-08-05 15:16:00,LUNG,,1.9950000047683716,1.9950000047683716,1.9950000047683716,1.9950000047683716,422.0
2026-08-05 15:16:00,MBRX,,0.3982999920845032,0.3982999920845032,0.39500001072883606,0.39500001072883606,1494.0
2026-08-05 15:16:00,MCRI,,122.36499786376953,122.36499786376953,122.36499786376953,122.36499786376953,839.0
2026-08-05 15:16:00,MDB,,375.8500061035156,375.9945068359375,375.6700134277344,375.6700134277344,3991.0
2026-08-05 15:16:00,MDLZ,,62.54499816894531,62.54999923706055,62.53499984741211,62.54999923706055,10856.0
2026-08-05 15:16:00,MLTX,,17.514999389648438,17.52359962463379,17.514999389648438,17.52359962463379,895.0
2026-08-05 15:16:00,MNRO,,13.145000457763672,13.145000457763672,13.145000457763672,13.145000457763672,3667.0
2026-08-05 15:16:00,MNST,,94.5199966430664,94.5199966430664,94.47000122070312,94.4800033569336,8870.0
2026-08-05 15:16:00,MNTS,,4.25,4.28000020980835,4.248199939727783,4.28000020980835,19389.0
2026-08-05 15:16:00,MODD,,2.0199999809265137,2.0199999809265137,2.0199999809265137,2.0199999809265137,734.0
2026-08-05 15:16:00,MPWR,,1347.6500244140625,1347.719970703125,1346.3900146484375,1347.7099609375,1513.0
2026-08-05 15:16:00,MRNA,,56.334999084472656,56.40999984741211,56.33000183105469,56.40999984741211,6357.0
2026-08-05 15:16:00,MYGN,,3.1050000190734863,3.1050000190734863,3.0999999046325684,3.0999999046325684,3247.0
2026-08-05 15:16:00,MYPS,,0.7437000274658203,0.7437000274658203,0.7301999926567078,0.7301999926567078,379.0
2026-08-05 15:16:00,MYRG,,340.5899963378906,340.6650085449219,340.4800109863281,340.6650085449219,1083.0
2026-08-05 15:16:00,NAMS,,27.229999542236328,27.229999542236328,27.190000534057617,27.219999313354492,6512.0
2026-08-05 15:16:00,NAVI,,9.100000381469727,9.100000381469727,9.09000015258789,9.09000015258789,5339.0
2026-08-05 15:16:00,NB,,5.039999961853027,5.050000190734863,5.039999961853027,5.050000190734863,57075.0
2026-08-05 15:16:00,NBIX,,162.64500427246094,162.69000244140625,162.64500427246094,162.69000244140625,1291.0
2026-08-05 15:16:00,NBTB,,53.22999954223633,53.22999954223633,53.22999954223633,53.22999954223633,1957.0
2026-08-05 15:16:00,NBTX,,39.517601013183594,39.517601013183594,39.517601013183594,39.517601013183594,475.0
2026-08-05 15:16:00,NCMI,,4.105000019073486,4.105000019073486,4.105000019073486,4.105000019073486,2400.0
2026-08-05 15:16:00,NDAQ,,94.69999694824219,94.72000122070312,94.69499969482422,94.70999908447266,3627.0
2026-08-05 15:16:00,NDSN,,310.6199951171875,310.6199951171875,310.6199951171875,310.6199951171875,181.0
2026-08-05 15:16:00,NEO,,15.800000190734863,15.8100004196167,15.800000190734863,15.8100004196167,2053.0
2026-08-05 15:16:00,NEOG,,11.515000343322754,11.515000343322754,11.515000343322754,11.515000343322754,1637.0
2026-08-05 15:16:00,NEOV,,2.944999933242798,2.9600000381469727,2.944999933242798,2.950000047683716,13788.0
2026-08-05 15:16:00,NESR,,28.579999923706055,28.579999923706055,28.579999923706055,28.579999923706055,353.0
2026-08-05 15:16:00,NEWT,,15.015000343322754,15.015000343322754,15.015000343322754,15.015000343322754,301.0
2026-08-05 15:16:00,NEXT,,6.474999904632568,6.480100154876709,6.474999904632568,6.480100154876709,3593.0
2026-08-05 15:16:00,NFE,,0.3384999930858612,0.3393999934196472,0.3384999930858612,0.3384999930858612,4473.0
2026-08-05 15:16:00,NFLX,,73.6500015258789,73.69000244140625,73.6500015258789,73.65499877929688,84566.0
2026-08-05 15:16:00,NGNE,,35.77000045776367,35.81999969482422,35.63999938964844,35.79999923706055,3611.0
2026-08-05 15:16:00,NICE,,100.4800033569336,100.4800033569336,100.0,100.0,3406.0
2026-08-05 15:16:00,NIU,,2.450000047683716,2.450000047683716,2.444999933242798,2.444999933242798,478.0
2026-08-05 15:16:00,NMFC,,7.369999885559082,7.369999885559082,7.364999771118164,7.364999771118164,940.0
2026-08-05 15:16:00,NMIH,,44.57500076293945,44.59000015258789,44.56999969482422,44.56999969482422,2173.0
2026-08-05 15:16:00,NMRK,,15.710000038146973,15.734999656677246,15.710000038146973,15.720000267028809,21306.0
2026-08-05 15:16:00,NN,,14.680000305175781,14.6850004196167,14.680000305175781,14.6850004196167,2433.0
2026-08-05 15:16:00,NNBR,,3.8350000381469727,3.8350000381469727,3.8299999237060547,3.8350000381469727,6556.0
2026-08-05 15:16:00,NNDM,,1.5549999475479126,1.5549999475479126,1.5549999475479126,1.5549999475479126,500.0
2026-08-05 15:16:00,NODK,,15.449999809265137,15.449999809265137,15.4399995803833,15.4399995803833,420.0
2026-08-05 15:16:00,NOVT,,154.5,154.8699951171875,154.49000549316406,154.49000549316406,6420.0
2026-08-05 15:16:00,NPCE,,13.694999694824219,13.694999694824219,13.694999694824219,13.694999694824219,257.0
2026-08-05 15:16:00,NRC,,19.530000686645508,19.530000686645508,19.530000686645508,19.530000686645508,365.0
2026-08-05 15:16:00,NRDS,,9.0649995803833,9.0649995803833,9.0649995803833,9.0649995803833,656.0
2026-08-05 15:16:00,NRIM,,26.99489974975586,26.99489974975586,26.99489974975586,26.99489974975586,862.0
2026-08-05 15:16:00,NRIX,,24.834999084472656,24.850000381469727,24.834999084472656,24.850000381469727,1812.0
2026-08-05 15:16:00,NSSC,,40.369998931884766,40.369998931884766,40.369998931884766,40.369998931884766,430.0
2026-08-05 15:16:00,NTAP,,190.17999267578125,190.17999267578125,190.00999450683594,190.0800018310547,4174.0
2026-08-05 15:16:00,NTCT,,41.900001525878906,41.900001525878906,41.849998474121094,41.849998474121094,1627.0
2026-08-05 15:16:00,NTES,,127.94000244140625,127.94000244140625,127.94000244140625,127.94000244140625,389.0
2026-08-05 15:16:00,NTGR,,24.44499969482422,24.479999542236328,24.299999237060547,24.299999237060547,6669.0
2026-08-05 15:16:00,NTNX,,61.33000183105469,61.34000015258789,61.310001373291016,61.310001373291016,6356.0
2026-08-05 15:16:00,NTRA,,272.2099914550781,272.55999755859375,272.2099914550781,272.55999755859375,2395.0
2026-08-05 15:16:00,NTRS,,184.69000244140625,184.69000244140625,184.69000244140625,184.69000244140625,1685.0
2026-08-05 15:16:00,NUWE,,1.6799999475479126,1.690000057220459,1.6799999475479126,1.690000057220459,1815.0
2026-08-05 15:16:00,NVAX,,7.614999771118164,7.625,7.614999771118164,7.625,4677.0
2026-08-05 15:16:00,NVCR,,16.049999237060547,16.059999465942383,16.030000686645508,16.05500030517578,14331.0
2026-08-05 15:16:00,NVCT,,19.649799346923828,19.649799346923828,19.649799346923828,19.649799346923828,2227.0
2026-08-05 15:16:00,NVDA,,221.7100067138672,221.8300018310547,221.60000610351562,221.77000427246094,277991.0
2026-08-05 15:16:00,NVMI,,405.5899963378906,406.2200012207031,405.5899963378906,406.2200012207031,1098.0
2026-08-05 15:16:00,NVTS,,12.430000305175781,12.454999923706055,12.420000076293945,12.449999809265137,15763.0
2026-08-05 15:16:00,NWBI,,15.947199821472168,15.947199821472168,15.944999694824219,15.944999694824219,2181.0
2026-08-05 15:16:00,NWE,,69.08499908447266,69.08499908447266,69.06999969482422,69.06999969482422,1757.0
2026-08-05 15:16:00,NWL,,6.170000076293945,6.184999942779541,6.170000076293945,6.184999942779541,43945.0
2026-08-05 15:16:00,NWPX,,127.12000274658203,127.12000274658203,127.12000274658203,127.12000274658203,425.0
2026-08-05 15:16:00,NWS,,32.404998779296875,32.40999984741211,32.404998779296875,32.40999984741211,739.0
2026-08-05 15:16:00,NWSA,,28.389999389648438,28.389999389648438,28.375,28.375,11138.0
2026-08-05 15:16:00,NXGL,,0.4009999930858612,0.4009999930858612,0.4009999930858612,0.4009999930858612,3010.0
2026-08-05 15:16:00,NXPI,,232.47999572753906,232.47999572753906,232.2550048828125,232.26499938964844,6168.0
2026-08-05 15:16:00,NXST,,189.3699951171875,189.3699951171875,189.3699951171875,189.3699951171875,346.0
2026-08-05 15:16:00,NXT,,99.5,99.5,99.44000244140625,99.44999694824219,4718.0
2026-08-05 15:16:00,NXTC,,5.010000228881836,5.010000228881836,5.010000228881836,5.010000228881836,381.0
2026-08-05 15:16:00,NYXH,,1.409999966621399,1.409999966621399,1.409999966621399,1.409999966621399,10.0
2026-08-05 15:16:00,OABI,,2.065000057220459,2.065000057220459,2.065000057220459,2.065000057220459,134.0
2026-08-05 15:16:00,OCFC,,19.895000457763672,19.895000457763672,19.895000457763672,19.895000457763672,1395.0
2026-08-05 15:16:00,OCGN,,1.2858999967575073,1.2858999967575073,1.284999966621399,1.284999966621399,6785.0
2026-08-05 15:16:00,OCSL,,12.03499984741211,12.039999961853027,12.03499984741211,12.039999961853027,882.0
2026-08-05 15:16:00,OCUL,,8.595000267028809,8.595000267028809,8.585000038146973,8.585000038146973,8771.0
2026-08-05 15:16:00,ODFL,,214.1750030517578,214.1750030517578,214.1750030517578,214.1750030517578,2037.0
2026-08-05 15:16:00,OFIX,,10.5600004196167,10.619999885559082,10.550000190734863,10.59000015258789,10437.0
2026-08-05 15:16:00,OKTA,,148.22999572753906,148.34500122070312,148.22999572753906,148.34500122070312,2232.0
2026-08-05 15:16:00,OLLI,,78.08999633789062,78.12000274658203,78.01499938964844,78.12000274658203,4430.0
2026-08-05 15:16:00,OLMA,,11.5,11.5,11.5,11.5,1606.0
2026-08-05 15:16:00,OM,,5.140399932861328,5.140399932861328,5.140399932861328,5.140399932861328,102.0
2026-08-05 15:16:00,OMCL,,37.349998474121094,37.380001068115234,37.34000015258789,37.380001068115234,10373.0
2026-08-05 15:16:00,OMH,,0.11760000139474869,0.11760000139474869,0.11760000139474869,0.11760000139474869,5080.0
2026-08-05 15:16:00,ON,,77.80000305175781,77.80999755859375,77.72000122070312,77.7750015258789,23012.0
2026-08-05 15:16:00,ONB,,26.985000610351562,26.989999771118164,26.979999542236328,26.979999542236328,6804.0
2026-08-05 15:16:00,ONCY,,0.7929999828338623,0.7958999872207642,0.792900025844574,0.7958999872207642,1700.0
2026-08-05 15:16:00,ONDS,,8.835000038146973,8.859999656677246,8.829999923706055,8.854999542236328,254279.0
2026-08-05 15:16:00,ONFO,,0.07750000059604645,0.07750000059604645,0.07660000026226044,0.07699999958276749,242484.0
2026-08-05 15:16:00,ONMD,,0.6556000113487244,0.6556000113487244,0.6556000113487244,0.6556000113487244,3603.0
2026-08-05 15:16:00,OPAL,,2.380000114440918,2.380000114440918,2.380000114440918,2.380000114440918,346.0
2026-08-05 15:16:00,OPCH,,23.520000457763672,23.520000457763672,23.489999771118164,23.489999771118164,11348.0
2026-08-05 15:16:00,OPEN,,3.7399001121520996,3.75,3.7300000190734863,3.740000009536743,88844.0
2026-08-05 15:16:00,OPRT,,6.059999942779541,6.070000171661377,6.059999942779541,6.070000171661377,3125.0
2026-08-05 15:16:00,ORGO,,2.3350000381469727,2.3350000381469727,2.3350000381469727,2.3350000381469727,1626.0
2026-08-05 15:16:00,ORIC,,12.920000076293945,12.920000076293945,12.899999618530273,12.914999961853027,5848.0
2026-08-05 15:16:00,ORLY,,92.91999816894531,92.91999816894531,92.91000366210938,92.91500091552734,5760.0
2026-08-05 15:16:00,OSIS,,237.02999877929688,237.02999877929688,237.02999877929688,237.02999877929688,459.0
2026-08-05 15:16:00,OSS,,13.470000267028809,13.479999542236328,13.45419979095459,13.479999542236328,7489.0
2026-08-05 15:16:00,OSW,,26.4950008392334,26.520000457763672,26.4950008392334,26.520000457763672,5073.0
2026-08-05 15:16:00,OTEX,,25.815000534057617,25.815000534057617,25.815000534057617,25.815000534057617,2450.0
2026-08-05 15:16:00,OTTR,,92.20999908447266,92.20999908447266,92.20999908447266,92.20999908447266,2016.0
2026-08-05 15:16:00,OVID,,2.5899999141693115,2.5899999141693115,2.5899999141693115,2.5899999141693115,1791.0
2026-08-05 15:16:00,OXLC,,9.145000457763672,9.145000457763672,9.140000343322754,9.145000457763672,2237.0
2026-08-05 15:16:00,PAA,,23.165000915527344,23.170000076293945,23.16010093688965,23.170000076293945,1821.0
2026-08-05 15:16:00,PAAS,,48.279998779296875,48.29999923706055,48.2599983215332,48.27000045776367,19390.0
2026-08-05 15:16:00,PACB,,1.3049999475479126,1.309499979019165,1.3049999475479126,1.3049999475479126,1816.0
2026-08-05 15:16:00,PAGP,,25.1299991607666,25.139999389648438,25.1299991607666,25.139999389648438,768.0
2026-08-05 15:16:00,PAHC,,35.66999816894531,35.66999816894531,35.66999816894531,35.66999816894531,529.0
2026-08-05 15:16:00,PALI,,2.115000009536743,2.119999885559082,2.109999895095825,2.109999895095825,12053.0
2026-08-05 15:16:00,PANL,,7.28000020980835,7.28000020980835,7.275000095367432,7.275000095367432,481.0
2026-08-05 15:16:00,PANW,,364.5050048828125,364.6400146484375,364.4649963378906,364.510009765625,8150.0
2026-08-05 15:16:00,PATK,,87.75,87.75,87.75,87.75,1619.0
2026-08-05 15:16:00,PAX,,11.404999732971191,11.404999732971191,11.404999732971191,11.404999732971191,683.0
2026-08-05 15:16:00,PAYO,,7.122200012207031,7.125,7.119999885559082,7.119999885559082,2700.0
2026-08-05 15:16:00,PAYS,,9.135000228881836,9.140000343322754,9.135000228881836,9.140000343322754,1907.0
2026-08-05 15:16:00,PAYX,,117.81500244140625,117.81500244140625,117.78500366210938,117.81500244140625,2358.0
2026-08-05 15:16:00,PBYI,,8.015000343322754,8.01990032196045,8.015000343322754,8.01990032196045,1524.0
2026-08-05 15:16:00,PCAR,,133.77999877929688,133.7899932861328,133.74000549316406,133.74000549316406,5465.0
2026-08-05 15:16:00,PCRX,,24.84000015258789,24.8700008392334,24.790000915527344,24.84000015258789,8780.0
2026-08-05 15:16:00,PCT,,6.965000152587891,6.96999979019165,6.965000152587891,6.96999979019165,5197.0
2026-08-05 15:16:00,PCTY,,146.4600067138672,146.6300048828125,146.4600067138672,146.6300048828125,1135.0
2026-08-05 15:16:00,PDD,,90.72000122070312,90.7300033569336,90.72000122070312,90.72000122070312,4720.0
2026-08-05 15:16:00,PDEX,,67.8499984741211,67.8499984741211,67.8499984741211,67.8499984741211,246.0
2026-08-05 15:16:00,PDFS,,50.130001068115234,50.130001068115234,50.130001068115234,50.130001068115234,1281.0
2026-08-05 15:16:00,PECO,,41.44499969482422,41.44499969482422,41.439998626708984,41.439998626708984,1704.0
2026-08-05 15:16:00,PEGA,,31.889999389648438,31.889999389648438,31.8700008392334,31.8700008392334,7754.0
2026-08-05 15:16:00,PENN,,19.684999465942383,19.690000534057617,19.684999465942383,19.690000534057617,7872.0
2026-08-05 15:16:00,PEP,,138.31500244140625,138.31500244140625,138.27000427246094,138.2899932861328,19945.0
2026-08-05 15:16:00,PEPG,,1.9700000286102295,1.9700000286102295,1.9600000381469727,1.965000033378601,750.0
2026-08-05 15:16:00,PFG,,114.23999786376953,114.23999786376953,114.19999694824219,114.20999908447266,4770.0
2026-08-05 15:16:00,PFX,,45.0,45.000099182128906,45.0,45.000099182128906,3005.0
2026-08-05 15:16:00,PGC,,46.63999938964844,46.63999938964844,46.62990188598633,46.62990188598633,815.0
2026-08-05 15:16:00,PGEN,,6.96999979019165,6.96999979019165,6.960000038146973,6.965000152587891,4950.0
2026-08-05 15:16:00,PGNY,,31.6200008392334,31.635000228881836,31.6200008392334,31.635000228881836,1689.0
2026-08-05 15:16:00,PGY,,21.709999084472656,21.709999084472656,21.68000030517578,21.69499969482422,10056.0
2026-08-05 15:16:00,PHAT,,8.390000343322754,8.390000343322754,8.380000114440918,8.390000343322754,1761.0
2026-08-05 15:16:00,PKBK,,34.375,34.375,34.375,34.375,1044.0
2026-08-05 15:16:00,PLAB,,32.15999984741211,32.15999984741211,32.1349983215332,32.1349983215332,1291.0
2026-08-05 15:16:00,PLBC,,61.16999816894531,61.16999816894531,61.16999816894531,61.16999816894531,819.0
2026-08-05 15:16:00,PLMR,,134.6199951171875,134.87249755859375,134.6199951171875,134.8625030517578,1148.0
2026-08-05 15:16:00,PLSE,,37.630001068115234,37.630001068115234,37.630001068115234,37.630001068115234,558.0
2026-08-05 15:16:00,PLTK,,3.9100000858306885,3.9100000858306885,3.9049999713897705,3.9049999713897705,2375.0
2026-08-05 15:16:00,PLUG,,2.075000047683716,2.0799999237060547,2.069999933242798,2.0799999237060547,61094.0
2026-08-05 15:16:00,PNBK,,1.1299999952316284,1.1299999952316284,1.1299999952316284,1.1299999952316284,127.0
2026-08-05 15:16:00,PNFP,,107.68000030517578,107.68000030517578,107.61499786376953,107.62999725341797,2562.0
2026-08-05 15:16:00,PNTG,,38.59000015258789,38.65999984741211,38.59000015258789,38.65999984741211,2694.0
2026-08-05 15:16:00,POET,,8.244999885559082,8.255000114440918,8.239999771118164,8.25,7248.0
2026-08-05 15:16:00,POOL,,205.07000732421875,205.07000732421875,205.02000427246094,205.02999877929688,1138.0
2026-08-05 15:16:00,POWI,,61.95500183105469,61.95500183105469,61.95500183105469,61.95500183105469,359.0
2026-08-05 15:16:00,POWL,,210.8249969482422,210.88999938964844,210.6300048828125,210.69000244140625,1569.0
2026-08-05 15:16:00,PPC,,26.420000076293945,26.43000030517578,26.41010093688965,26.43000030517578,4382.0
2026-08-05 15:16:00,PPTA,,22.6299991607666,22.649999618530273,22.6299991607666,22.649999618530273,2116.0
2026-08-05 15:16:00,PRAX,,317.8900146484375,317.8900146484375,317.8500061035156,317.8900146484375,1150.0
2026-08-05 15:16:00,PRCH,,15.819999694824219,15.84000015258789,15.819999694824219,15.829999923706055,1971.0
2026-08-05 15:16:00,PRCT,,19.260000228881836,19.260000228881836,19.25,19.260000228881836,3191.0
2026-08-05 15:16:00,PRDO,,32.88999938964844,32.88999938964844,32.8849983215332,32.8849983215332,986.0
2026-08-05 15:16:00,PRGS,,42.32500076293945,42.32500076293945,42.21500015258789,42.21500015258789,3612.0
2026-08-05 15:16:00,PRIM,,84.90499877929688,85.0,84.86000061035156,84.95999908447266,10705.0
2026-08-05 15:16:00,PRME,,3.0350000858306885,3.0350000858306885,3.0350000858306885,3.0350000858306885,1225.0
2026-08-05 15:16:00,PRSO,,0.7069000005722046,0.7069000005722046,0.7069000005722046,0.7069000005722046,105.0
2026-08-05 15:16:00,PRTA,,8.4350004196167,8.444999694824219,8.4350004196167,8.444999694824219,3113.0
2026-08-05 15:16:00,PRVA,,24.05500030517578,24.05500030517578,24.040000915527344,24.040000915527344,3473.0
2026-08-05 15:16:00,PRZO,,0.5631999969482422,0.5631999969482422,0.5631999969482422,0.5631999969482422,8202.0
2026-08-05 15:16:00,PSEC,,2.190000057220459,2.190000057220459,2.184999942779541,2.184999942779541,3769.0
2026-08-05 15:16:00,PSMT,,186.98500061035156,186.98500061035156,186.8300018310547,186.8300018310547,1395.0
2026-08-05 15:16:00,PSNL,,13.489999771118164,13.489999771118164,13.489999771118164,13.489999771118164,2492.0
2026-08-05 15:16:00,PTC,,140.08999633789062,140.13999938964844,140.05999755859375,140.08999633789062,4402.0
2026-08-05 15:16:00,PTCT,,68.83999633789062,68.9000015258789,68.83999633789062,68.9000015258789,4933.0
2026-08-05 15:16:00,PTEN,,9.739999771118164,9.760000228881836,9.739999771118164,9.760000228881836,89402.0
2026-08-05 15:16:00,PTLO,,4.630000114440918,4.644999980926514,4.625,4.640100002288818,29590.0
2026-08-05 15:16:00,PUBM,,13.600000381469727,13.600000381469727,13.600000381469727,13.600000381469727,631.0
2026-08-05 15:16:00,PWP,,17.450000762939453,17.479999542236328,17.43000030517578,17.450000762939453,7669.0
2026-08-05 15:16:00,PYPL,,58.04499816894531,58.04999923706055,58.02000045776367,58.02000045776367,7879.0
2026-08-05 15:16:00,PYXS,,3.134999990463257,3.140000104904175,3.134999990463257,3.140000104904175,966.0
2026-08-05 15:16:00,PZZA,,29.815000534057617,29.815000534057617,29.809999465942383,29.815000534057617,1905.0
2026-08-05 15:16:00,QCOM,,158.6199951171875,158.6300048828125,158.5399932861328,158.60000610351562,9281.0
2026-08-05 15:16:00,QFIN,,13.170000076293945,13.170000076293945,13.170000076293945,13.170000076293945,915.0
2026-08-05 15:16:00,QRVO,,95.19999694824219,95.19999694824219,95.05500030517578,95.05500030517578,3816.0
2026-08-05 15:16:00,SEED,,1.0449999570846558,1.0449999570846558,1.0449999570846558,1.0449999570846558,848.0
2026-08-05 15:16:00,STIM,,2.325000047683716,2.325000047683716,2.2950000762939453,2.305000066757202,17165.0
2026-08-05 15:16:00,TARA,,3.994999885559082,3.994999885559082,3.994999885559082,3.994999885559082,602.0
2026-08-05 15:16:00,WOOF,,2.934999942779541,2.934999942779541,2.934999942779541,2.934999942779541,1550.0
2026-08-05 15:17:00,ACDC,,4.510000228881836,4.514999866485596,4.510000228881836,4.510000228881836,5000.0
2026-08-05 15:17:00,BPOP,,177.11000061035156,177.11000061035156,177.11000061035156,177.11000061035156,571.0
2026-08-05 15:17:00,DTIL,,7.429999828338623,7.429999828338623,7.429999828338623,7.429999828338623,106.0
2026-08-05 15:17:00,EYE,,22.989999771118164,22.989999771118164,22.979999542236328,22.979999542236328,1043.0
2026-08-05 15:17:00,GLUE,,15.390000343322754,15.449999809265137,15.390000343322754,15.449999809265137,6756.0
2026-08-05 15:17:00,KITT,,1.0325000286102295,1.0325000286102295,1.0325000286102295,1.0325000286102295,100.0
2026-08-05 15:17:00,KTTA,,0.4489000141620636,0.4489000141620636,0.4489000141620636,0.4489000141620636,504.0
2026-08-05 15:17:00,LUNG,,2.0,2.0,1.9900000095367432,1.9900000095367432,8307.0
2026-08-05 15:17:00,MBRX,,0.3971000015735626,0.39719998836517334,0.39660000801086426,0.39719998836517334,438.0
2026-08-05 15:17:00,MDB,,375.57501220703125,375.8550109863281,375.5400085449219,375.8550109863281,3544.0
2026-08-05 15:17:00,MDLZ,,62.53499984741211,62.55500030517578,62.53499984741211,62.54999923706055,6710.0
2026-08-05 15:17:00,MNST,,94.51899719238281,94.52999877929688,94.49500274658203,94.5,6464.0
2026-08-05 15:17:00,MNTK,,1.6749999523162842,1.6749999523162842,1.6749999523162842,1.6749999523162842,260.0
2026-08-05 15:17:00,MNTS,,4.28000020980835,4.28000020980835,4.25,4.260000228881836,8730.0
2026-08-05 15:17:00,MORN,,198.11000061035156,198.11000061035156,198.11000061035156,198.11000061035156,193.0
2026-08-05 15:17:00,MPWR,,1348.9200439453125,1349.8499755859375,1347.7449951171875,1348.9300537109375,1805.0
2026-08-05 15:17:00,MRNA,,56.400001525878906,56.40999984741211,56.34000015258789,56.34000015258789,5774.0
2026-08-05 15:17:00,MYGN,,3.1050000190734863,3.1050000190734863,3.1050000190734863,3.1050000190734863,3282.0
2026-08-05 15:17:00,MYRG,,340.5,340.55499267578125,340.30999755859375,340.55499267578125,1444.0
2026-08-05 15:17:00,NAMS,,27.239999771118164,27.239999771118164,27.204999923706055,27.229999542236328,2604.0
2026-08-05 15:17:00,NAUT,,0.9388999938964844,0.9388999938964844,0.9388999938964844,0.9388999938964844,254.0
2026-08-05 15:17:00,NAVI,,9.104999542236328,9.104999542236328,9.104999542236328,9.104999542236328,661.0
2026-08-05 15:17:00,NB,,5.03000020980835,5.030200004577637,5.025000095367432,5.030200004577637,9618.0
2026-08-05 15:17:00,NBIX,,162.60499572753906,162.6699981689453,162.60499572753906,162.63999938964844,1603.0
2026-08-05 15:17:00,NCMI,,4.09499979019165,4.099999904632568,4.09499979019165,4.099999904632568,1402.0
2026-08-05 15:17:00,NDAQ,,94.68000030517578,94.70999908447266,94.68000030517578,94.70999908447266,2652.0
2026-08-05 15:17:00,NDSN,,310.635009765625,310.760009765625,310.635009765625,310.760009765625,478.0
2026-08-05 15:17:00,NEGG,,17.40999984741211,17.40999984741211,17.049999237060547,17.049999237060547,545.0
2026-08-05 15:17:00,NEO,,15.800000190734863,15.824999809265137,15.800000190734863,15.800000190734863,3516.0
2026-08-05 15:17:00,NEOV,,2.942500114440918,2.950000047683716,2.942500114440918,2.950000047683716,1582.0
2026-08-05 15:17:00,NESR,,28.575000762939453,28.575000762939453,28.575000762939453,28.575000762939453,949.0
2026-08-05 15:17:00,NEWT,,15.015000343322754,15.015000343322754,15.015000343322754,15.015000343322754,252.0
2026-08-05 15:17:00,NEXT,,6.46999979019165,6.470900058746338,6.46999979019165,6.470900058746338,3577.0
2026-08-05 15:17:00,NFE,,0.3384000062942505,0.3393999934196472,0.3384000062942505,0.3393999934196472,2540.0
2026-08-05 15:17:00,NFLX,,73.67009735107422,73.69000244140625,73.63999938964844,73.6449966430664,54003.0
2026-08-05 15:17:00,NICE,,100.56999969482422,100.56999969482422,100.4800033569336,100.4800033569336,1766.0
2026-08-05 15:17:00,NIU,,2.444999933242798,2.444999933242798,2.444999933242798,2.444999933242798,250.0
2026-08-05 15:17:00,NKTX,,2.2149999141693115,2.2149999141693115,2.2149999141693115,2.2149999141693115,524.0
2026-08-05 15:17:00,NMIH,,44.58000183105469,44.58000183105469,44.58000183105469,44.58000183105469,460.0
2026-08-05 15:17:00,NMRK,,15.699999809265137,15.699999809265137,15.699999809265137,15.699999809265137,9886.0
2026-08-05 15:17:00,NN,,14.670000076293945,14.680000305175781,14.670000076293945,14.680000305175781,1635.0
2026-08-05 15:17:00,NNBR,,3.8399999141693115,3.8399999141693115,3.8350000381469727,3.8350000381469727,1238.0
2026-08-05 15:17:00,NNDM,,1.5549999475479126,1.5549999475479126,1.5499999523162842,1.5549999475479126,930.0
2026-08-05 15:17:00,NOVT,,154.47999572753906,154.63499450683594,154.36000061035156,154.60000610351562,5299.0
2026-08-05 15:17:00,NRC,,19.549999237060547,19.549999237060547,19.549999237060547,19.549999237060547,300.0
2026-08-05 15:17:00,NRDS,,9.0649995803833,9.0649995803833,9.0649995803833,9.0649995803833,1995.0
2026-08-05 15:17:00,NRIM,,26.979999542236328,26.979999542236328,26.979999542236328,26.979999542236328,1655.0
2026-08-05 15:17:00,NRIX,,24.844999313354492,24.844999313354492,24.844999313354492,24.844999313354492,626.0
2026-08-05 15:17:00,NSSC,,40.34000015258789,40.34000015258789,40.34000015258789,40.34000015258789,999.0
2026-08-05 15:17:00,NTAP,,190.08999633789062,190.22000122070312,190.08999633789062,190.22000122070312,1470.0
2026-08-05 15:17:00,NTCT,,41.7599983215332,41.79999923706055,41.7599983215332,41.79999923706055,1590.0
2026-08-05 15:17:00,NTES,,127.92500305175781,127.97000122070312,127.87000274658203,127.97000122070312,1306.0
2026-08-05 15:17:00,NTGR,,24.44499969482422,24.44499969482422,24.44499969482422,24.44499969482422,238.0
2026-08-05 15:17:00,NTNX,,61.310001373291016,61.31999969482422,61.290000915527344,61.31999969482422,9989.0
2026-08-05 15:17:00,NTRS,,184.69000244140625,184.69000244140625,184.69000244140625,184.69000244140625,376.0
2026-08-05 15:17:00,NVAX,,7.614999771118164,7.614999771118164,7.611000061035156,7.611000061035156,1290.0
2026-08-05 15:17:00,NVDA,,221.77999877929688,221.80999755859375,221.71009826660156,221.72000122070312,176809.0
2026-08-05 15:17:00,NVEC,,130.42999267578125,130.42999267578125,129.91000366210938,129.91000366210938,1298.0
2026-08-05 15:17:00,NVMI,,405.80499267578125,406.1700134277344,405.80499267578125,406.1700134277344,781.0
2026-08-05 15:17:00,NVTS,,12.42020034790039,12.4350004196167,12.420000076293945,12.425000190734863,13631.0
2026-08-05 15:17:00,NWL,,6.161099910736084,6.170000076293945,6.144999980926514,6.170000076293945,186791.0
2026-08-05 15:17:00,NWS,,32.404998779296875,32.41999816894531,32.400001525878906,32.404998779296875,5472.0
2026-08-05 15:17:00,NWSA,,28.405000686645508,28.405000686645508,28.389999389648438,28.389999389648438,7084.0
2026-08-05 15:17:00,NXPI,,232.38999938964844,232.47000122070312,232.27000427246094,232.47000122070312,2929.0
2026-08-05 15:17:00,NXST,,189.69500732421875,189.69500732421875,189.35000610351562,189.35000610351562,940.0
2026-08-05 15:17:00,NXT,,99.51000213623047,99.54000091552734,99.45999908447266,99.49500274658203,5662.0
2026-08-05 15:17:00,OCFC,,19.895000457763672,19.895000457763672,19.889999389648438,19.889999389648438,2445.0
2026-08-05 15:17:00,OCGN,,1.284999966621399,1.2899999618530273,1.284999966621399,1.2899999618530273,6819.0
2026-08-05 15:17:00,OCSL,,12.029999732971191,12.03499984741211,12.029999732971191,12.03499984741211,2463.0
2026-08-05 15:17:00,OCUL,,8.579999923706055,8.600000381469727,8.579999923706055,8.600000381469727,10455.0
2026-08-05 15:17:00,ODD,,15.319999694824219,15.335000038146973,15.319999694824219,15.335000038146973,1121.0
2026-08-05 15:17:00,ODFL,,214.38999938964844,214.38999938964844,214.38999938964844,214.38999938964844,1373.0
2026-08-05 15:17:00,OFIX,,10.545000076293945,10.545000076293945,10.545000076293945,10.545000076293945,1318.0
2026-08-05 15:17:00,OKTA,,148.2899932861328,148.34030151367188,148.27000427246094,148.2899932861328,3453.0
2026-08-05 15:17:00,OLLI,,78.1500015258789,78.1500015258789,78.04750061035156,78.05999755859375,6682.0
2026-08-05 15:17:00,OMCL,,37.33000183105469,37.33000183105469,37.31999969482422,37.33000183105469,1005.0
2026-08-05 15:17:00,OMH,,0.11760000139474869,0.11760000139474869,0.11729999631643295,0.11739999800920486,31295.0
2026-08-05 15:17:00,ON,,77.76000213623047,77.81999969482422,77.7300033569336,77.79000091552734,29475.0
2026-08-05 15:17:00,ONB,,26.98900032043457,26.98900032043457,26.985000610351562,26.985000610351562,2439.0
2026-08-05 15:17:00,ONBPO,,24.82990074157715,24.829999923706055,24.82990074157715,24.829999923706055,458.0
2026-08-05 15:17:00,ONCY,,0.7929999828338623,0.7929999828338623,0.7929999828338623,0.7929999828338623,200.0
2026-08-05 15:17:00,ONDS,,8.854999542236328,8.859999656677246,8.829999923706055,8.839900016784668,361252.0
2026-08-05 15:17:00,ONEW,,12.669500350952148,12.669500350952148,12.65999984741211,12.65999984741211,1415.0
2026-08-05 15:17:00,ONFO,,0.07750000059604645,0.07750000059604645,0.07729999721050262,0.07739999890327454,12619.0
2026-08-05 15:17:00,OPCH,,23.489999771118164,23.520000457763672,23.489999771118164,23.510000228881836,9148.0
2026-08-05 15:17:00,OPEN,,3.73580002784729,3.740000009536743,3.7300000190734863,3.7399001121520996,33620.0
2026-08-05 15:17:00,OPK,,1.315000057220459,1.315000057220459,1.315000057220459,1.315000057220459,393.0
2026-08-05 15:17:00,OPRA,,19.979999542236328,19.979999542236328,19.979999542236328,19.979999542236328,139.0
2026-08-05 15:17:00,OPRT,,6.050000190734863,6.050000190734863,6.050000190734863,6.050000190734863,3716.0
2026-08-05 15:17:00,ORLY,,92.97000122070312,92.97000122070312,92.91000366210938,92.91999816894531,10445.0
2026-08-05 15:17:00,OSPN,,16.540000915527344,16.540000915527344,16.540000915527344,16.540000915527344,178.0
2026-08-05 15:17:00,OSS,,13.470000267028809,13.470000267028809,13.449999809265137,13.449999809265137,4200.0
2026-08-05 15:17:00,OTEX,,25.829999923706055,25.829999923706055,25.829999923706055,25.829999923706055,1386.0
2026-08-05 15:17:00,OTLK,,1.0299999713897705,1.0299999713897705,1.0299999713897705,1.0299999713897705,4886.0
2026-08-05 15:17:00,OTLY,,14.329999923706055,14.329999923706055,14.329999923706055,14.329999923706055,981.0
2026-08-05 15:17:00,OVID,,2.5899999141693115,2.5899999141693115,2.5899999141693115,2.5899999141693115,898.0
2026-08-05 15:17:00,OXLC,,9.149999618530273,9.149999618530273,9.149999618530273,9.149999618530273,513.0
2026-08-05 15:17:00,PAA,,23.149999618530273,23.15999984741211,23.149999618530273,23.15999984741211,4651.0
2026-08-05 15:17:00,PAAS,,48.314998626708984,48.314998626708984,48.279998779296875,48.279998779296875,5463.0
2026-08-05 15:17:00,PACB,,1.3049999475479126,1.308899998664856,1.3049999475479126,1.3049999475479126,1899.0
2026-08-05 15:17:00,PAGP,,25.1200008392334,25.1299991607666,25.1200008392334,25.1299991607666,3832.0
2026-08-05 15:17:00,PALI,,2.115000009536743,2.119999885559082,2.115000009536743,2.115000009536743,2003.0
2026-08-05 15:17:00,PANL,,7.28000020980835,7.28000020980835,7.28000020980835,7.28000020980835,1130.0
2026-08-05 15:17:00,PANW,,364.5199890136719,364.5950012207031,364.4849853515625,364.510009765625,3490.0
2026-08-05 15:17:00,PAX,,11.395000457763672,11.399999618530273,11.395000457763672,11.399999618530273,3784.0
2026-08-05 15:17:00,PAYO,,7.119999885559082,7.119999885559082,7.119999885559082,7.119999885559082,2315.0
2026-08-05 15:17:00,PAYX,,117.73999786376953,117.80000305175781,117.73999786376953,117.80000305175781,3397.0
2026-08-05 15:17:00,PCAR,,133.77499389648438,133.77999877929688,133.75,133.77499389648438,4466.0
2026-08-05 15:17:00,PCT,,6.949999809265137,6.960000038146973,6.949999809265137,6.960000038146973,14931.0
2026-08-05 15:17:00,PCTY,,146.4199981689453,146.6199951171875,146.4199981689453,146.4550018310547,1558.0
2026-08-05 15:17:00,PDD,,90.69999694824219,90.69999694824219,90.69029998779297,90.69999694824219,5277.0
2026-08-05 15:17:00,PDFS,,50.209999084472656,50.209999084472656,50.209999084472656,50.209999084472656,344.0
2026-08-05 15:17:00,PECO,,41.45000076293945,41.45000076293945,41.439998626708984,41.439998626708984,2354.0
2026-08-05 15:17:00,PEGA,,31.8799991607666,31.889999389648438,31.8799991607666,31.889999389648438,1402.0
2026-08-05 15:17:00,PENN,,19.674999237060547,19.68000030517578,19.674999237060547,19.674999237060547,1768.0
2026-08-05 15:17:00,PEP,,138.3000030517578,138.32000732421875,138.2899932861328,138.31500244140625,5566.0
2026-08-05 15:17:00,PEPG,,1.9600000381469727,1.965000033378601,1.9600000381469727,1.9600000381469727,746.0
2026-08-05 15:17:00,PERI,,9.614999771118164,9.625,9.614999771118164,9.619999885559082,1985.0
2026-08-05 15:17:00,PFG,,114.20500183105469,114.25,114.19999694824219,114.25,1938.0
2026-08-05 15:17:00,PGEN,,6.974999904632568,6.980000019073486,6.960000038146973,6.96999979019165,21793.0
2026-08-05 15:17:00,PGY,,21.709999084472656,21.729999542236328,21.709999084472656,21.709999084472656,1495.0
2026-08-05 15:17:00,PHAT,,8.369999885559082,8.390000343322754,8.369999885559082,8.380000114440918,1522.0
2026-08-05 15:17:00,PHIO,,1.059999942779541,1.059999942779541,1.059999942779541,1.059999942779541,718.0
2026-08-05 15:17:00,PLBY,,1.149899959564209,1.149999976158142,1.149899959564209,1.149899959564209,36621.0
2026-08-05 15:17:00,PLMR,,134.85000610351562,134.85000610351562,134.8350067138672,134.8350067138672,5220.0
2026-08-05 15:17:00,PLPC,,469.4800109863281,469.4800109863281,468.5299987792969,468.5299987792969,929.0
2026-08-05 15:17:00,PLTK,,3.9100000858306885,3.9100000858306885,3.9049999713897705,3.9049999713897705,1075.0
2026-08-05 15:17:00,PLUG,,2.075000047683716,2.079900026321411,2.069999933242798,2.075000047683716,104879.0
2026-08-05 15:17:00,PLXS,,276.57000732421875,276.57000732421875,276.57000732421875,276.57000732421875,579.0
2026-08-05 15:17:00,PMVP,,1.1708999872207642,1.1708999872207642,1.1708999872207642,1.1708999872207642,5249.0
2026-08-05 15:17:00,PNBK,,1.1299999952316284,1.1299999952316284,1.1299999952316284,1.1299999952316284,291.0
2026-08-05 15:17:00,PNFP,,107.61000061035156,107.69499969482422,107.5999984741211,107.68000030517578,8547.0
2026-08-05 15:17:00,POCI,,4.260000228881836,4.260000228881836,4.255000114440918,4.255000114440918,1811.0
2026-08-05 15:17:00,POET,,8.260000228881836,8.260000228881836,8.244999885559082,8.244999885559082,18573.0
2026-08-05 15:17:00,POOL,,205.125,205.125,205.125,205.125,941.0
2026-08-05 15:17:00,POWI,,61.95500183105469,61.95500183105469,61.95500183105469,61.95500183105469,1775.0
2026-08-05 15:17:00,POWL,,211.0399932861328,211.0399932861328,210.58009338378906,210.81500244140625,980.0
2026-08-05 15:17:00,PPC,,26.399999618530273,26.40999984741211,26.399999618530273,26.40999984741211,2668.0
2026-08-05 15:17:00,PPTA,,22.6299991607666,22.6299991607666,22.6299991607666,22.6299991607666,313.0
2026-08-05 15:17:00,PRCH,,15.829999923706055,15.829999923706055,15.829999923706055,15.829999923706055,137.0
2026-08-05 15:17:00,PRCT,,19.200000762939453,19.25,19.190000534057617,19.25,7283.0
2026-08-05 15:17:00,PRE,,18.43000030517578,18.43000030517578,18.43000030517578,18.43000030517578,1030.0
2026-08-05 15:17:00,PRGS,,42.2400016784668,42.27000045776367,42.2400016784668,42.2400016784668,464.0
2026-08-05 15:17:00,PRIM,,84.72000122070312,84.9000015258789,84.72000122070312,84.83000183105469,7243.0
2026-08-05 15:17:00,PRME,,3.0350000858306885,3.0350000858306885,3.0350000858306885,3.0350000858306885,1079.0
2026-08-05 15:17:00,PRPH,,0.04100000113248825,0.04100000113248825,0.04100000113248825,0.04100000113248825,1.0
2026-08-05 15:17:00,PRQR,,1.9800000190734863,1.9800000190734863,1.975000023841858,1.975000023841858,1178.0
2026-08-05 15:17:00,PRSO,,0.7062000036239624,0.7069000005722046,0.7062000036239624,0.7069000005722046,226.0
2026-08-05 15:17:00,PRVA,,24.020000457763672,24.049999237060547,24.020000457763672,24.049999237060547,2307.0
2026-08-05 15:17:00,PRZO,,0.5584999918937683,0.5584999918937683,0.5584999918937683,0.5584999918937683,2130.0
2026-08-05 15:17:00,PSEC,,2.190000057220459,2.190000057220459,2.188999891281128,2.190000057220459,2178.0
2026-08-05 15:17:00,PSNL,,13.510000228881836,13.524999618530273,13.5,13.5,4175.0
2026-08-05 15:17:00,PTC,,140.0500030517578,140.05999755859375,140.0500030517578,140.05999755859375,1914.0
2026-08-05 15:17:00,PTEN,,9.725000381469727,9.739999771118164,9.725000381469727,9.739999771118164,15187.0
2026-08-05 15:17:00,PTON,,6.485000133514404,6.485000133514404,6.481100082397461,6.485000133514404,5094.0
2026-08-05 15:17:00,PUBM,,13.600000381469727,13.600000381469727,13.600000381469727,13.600000381469727,787.0
2026-08-05 15:17:00,PWP,,17.440000534057617,17.450000762939453,17.440000534057617,17.450000762939453,2250.0
2026-08-05 15:17:00,PYPL,,58.0099983215332,58.040000915527344,58.0099983215332,58.040000915527344,9518.0
2026-08-05 15:17:00,PYXS,,3.134999990463257,3.1389999389648438,3.134999990463257,3.1389999389648438,1016.0
2026-08-05 15:17:00,PZZA,,29.804000854492188,29.809999465942383,29.780000686645508,29.809999465942383,2400.0
2026-08-05 15:17:00,QCOM,,158.67999267578125,158.72000122070312,158.6300048828125,158.68499755859375,6450.0
2026-08-05 15:17:00,QFIN,,13.178299903869629,13.178299903869629,13.178299903869629,13.178299903869629,831.0
2026-08-05 15:17:00,QRVO,,95.18499755859375,95.18499755859375,95.18499755859375,95.18499755859375,1025.0
2026-08-05 15:17:00,SEED,,1.059399962425232,1.059399962425232,1.059399962425232,1.059399962425232,801.0
2026-08-05 15:17:00,STIM,,2.3399999141693115,2.3550000190734863,2.3299999237060547,2.3399999141693115,62360.0
2026-08-05 15:17:00,TARA,,3.994999885559082,3.994999885559082,3.994999885559082,3.994999885559082,200.0
2026-08-05 15:18:00,ACDC,,4.5,4.505000114440918,4.5,4.505000114440918,2694.0
2026-08-05 15:18:00,DTIL,,7.449999809265137,7.449999809265137,7.449999809265137,7.449999809265137,366.0
2026-08-05 15:18:00,EYE,,22.969999313354492,22.989999771118164,22.959999084472656,22.989999771118164,4807.0
2026-08-05 15:18:00,FIZZ,,32.11000061035156,32.11000061035156,32.11000061035156,32.11000061035156,1324.0
2026-08-05 15:18:00,FRST,,16.5,16.5,16.5,16.5,979.0
2026-08-05 15:18:00,GLUE,,15.369999885559082,15.390000343322754,15.350000381469727,15.380000114440918,47429.0
2026-08-05 15:18:00,KIDS,,21.389999389648438,21.389999389648438,21.389999389648438,21.389999389648438,1237.0
2026-08-05 15:18:00,KITT,,1.034999966621399,1.034999966621399,1.034500002861023,1.034500002861023,195.0
2026-08-05 15:18:00,LUNG,,2.009200096130371,2.009200096130371,2.009200096130371,2.009200096130371,316.0
2026-08-05 15:18:00,MDB,,375.2699890136719,375.5050048828125,375.2699890136719,375.5050048828125,1246.0
2026-08-05 15:18:00,MDLZ,,62.54999923706055,62.54999923706055,62.51499938964844,62.529998779296875,10182.0
2026-08-05 15:18:00,MNPR,,118.69499969482422,118.69499969482422,118.69499969482422,118.69499969482422,251.0
2026-08-05 15:18:00,MNRO,,13.140000343322754,13.145000457763672,13.140000343322754,13.145000457763672,1298.0
2026-08-05 15:18:00,MNST,,94.46499633789062,94.51000213623047,94.46499633789062,94.51000213623047,6636.0
2026-08-05 15:18:00,MORN,,198.18499755859375,198.2949981689453,198.18499755859375,198.2949981689453,599.0
2026-08-05 15:18:00,MPWR,,1349.5849609375,1349.75,1348.8599853515625,1348.949951171875,753.0
2026-08-05 15:18:00,MRNA,,56.39250183105469,56.415000915527344,56.38999938964844,56.40999984741211,4197.0
2026-08-05 15:18:00,MYGN,,3.0999999046325684,3.1050000190734863,3.0999999046325684,3.1050000190734863,2544.0
2026-08-05 15:18:00,MYRG,,340.5,340.5,340.5,340.5,329.0
2026-08-05 15:18:00,MYSZ,,0.3808000087738037,0.3808000087738037,0.3808000087738037,0.3808000087738037,794.0
2026-08-05 15:18:00,NAMS,,27.219999313354492,27.229999542236328,27.219999313354492,27.229999542236328,5635.0
2026-08-05 15:18:00,NAUT,,0.9388999938964844,0.9388999938964844,0.9388999938964844,0.9388999938964844,593.0
2026-08-05 15:18:00,NB,,5.034999847412109,5.034999847412109,5.034999847412109,5.034999847412109,2661.0
2026-08-05 15:18:00,NBIX,,162.59500122070312,162.59500122070312,162.59500122070312,162.59500122070312,776.0
2026-08-05 15:18:00,NBTX,,39.709999084472656,39.709999084472656,39.709999084472656,39.709999084472656,452.0
2026-08-05 15:18:00,NCMI,,4.09499979019165,4.09499979019165,4.09499979019165,4.09499979019165,992.0
2026-08-05 15:18:00,NDAQ,,94.71499633789062,94.71499633789062,94.66500091552734,94.68000030517578,1996.0
2026-08-05 15:18:00,NECB,,27.155000686645508,27.25,27.155000686645508,27.25,423.0
2026-08-05 15:18:00,NEGG,,17.469999313354492,17.469999313354492,17.469999313354492,17.469999313354492,551.0
2026-08-05 15:18:00,NEO,,15.800000190734863,15.8100004196167,15.800000190734863,15.800000190734863,2439.0
2026-08-05 15:18:00,NEOG,,11.484999656677246,11.510000228881836,11.484999656677246,11.510000228881836,8496.0
2026-08-05 15:18:00,NEON,,0.9187999963760376,0.9187999963760376,0.9187999963760376,0.9187999963760376,600.0
2026-08-05 15:18:00,NEOV,,2.9447999000549316,2.9519999027252197,2.9447999000549316,2.950000047683716,4535.0
2026-08-05 15:18:00,NESR,,28.575000762939453,28.575000762939453,28.575000762939453,28.575000762939453,1160.0
2026-08-05 15:18:00,NEWT,,15.020000457763672,15.020000457763672,15.010000228881836,15.020000457763672,2474.0
2026-08-05 15:18:00,NEXT,,6.465000152587891,6.46999979019165,6.465000152587891,6.46999979019165,1693.0
2026-08-05 15:18:00,NFE,,0.337799996137619,0.337799996137619,0.337799996137619,0.337799996137619,315.0
2026-08-05 15:18:00,NFLX,,73.6449966430664,73.67500305175781,73.6449966430664,73.67500305175781,42831.0
2026-08-05 15:18:00,NICE,,100.55999755859375,100.55999755859375,100.41000366210938,100.41000366210938,1517.0
2026-08-05 15:18:00,NIU,,2.450000047683716,2.450000047683716,2.450000047683716,2.450000047683716,227.0
2026-08-05 15:18:00,NKTR,,72.79000091552734,72.79000091552734,72.68000030517578,72.68000030517578,904.0
2026-08-05 15:18:00,NKTX,,2.2049999237060547,2.2100000381469727,2.200000047683716,2.2100000381469727,2461.0
2026-08-05 15:18:00,NMFC,,7.369999885559082,7.369999885559082,7.369999885559082,7.369999885559082,399.0
2026-08-05 15:18:00,NMIH,,44.619998931884766,44.619998931884766,44.59000015258789,44.59000015258789,2062.0
2026-08-05 15:18:00,NN,,14.680000305175781,14.680000305175781,14.664999961853027,14.670000076293945,5644.0
2026-08-05 15:18:00,NNBR,,3.825000047683716,3.8350000381469727,3.825000047683716,3.8299999237060547,3817.0
2026-08-05 15:18:00,NNDM,,1.5549999475479126,1.5549999475479126,1.5549999475479126,1.5549999475479126,1248.0
2026-08-05 15:18:00,NNOX,,1.0049999952316284,1.0099999904632568,1.0,1.0099999904632568,43989.0
2026-08-05 15:18:00,NOVT,,154.60000610351562,154.92999267578125,154.30999755859375,154.38999938964844,2207.0
2026-08-05 15:18:00,NPCE,,13.680000305175781,13.680000305175781,13.680000305175781,13.680000305175781,1321.0
2026-08-05 15:18:00,NRIX,,24.850000381469727,24.850000381469727,24.850000381469727,24.850000381469727,498.0
2026-08-05 15:18:00,NRXP,,3.069999933242798,3.069999933242798,3.069999933242798,3.069999933242798,1091.0
2026-08-05 15:18:00,NTAP,,190.1649932861328,190.1649932861328,190.08999633789062,190.08999633789062,2199.0
2026-08-05 15:18:00,NTES,,127.87999725341797,127.87999725341797,127.81999969482422,127.87000274658203,3832.0
2026-08-05 15:18:00,NTGR,,24.44499969482422,24.44499969482422,24.44499969482422,24.44499969482422,526.0
2026-08-05 15:18:00,NTNX,,61.29499816894531,61.310001373291016,61.29499816894531,61.310001373291016,1157.0
2026-08-05 15:18:00,NTRA,,272.340087890625,272.340087890625,272.340087890625,272.340087890625,461.0
2026-08-05 15:18:00,NTRS,,184.68499755859375,184.68499755859375,184.68499755859375,184.68499755859375,855.0
2026-08-05 15:18:00,NUWE,,1.6890000104904175,1.6890000104904175,1.6890000104904175,1.6890000104904175,720.0
2026-08-05 15:18:00,NVAX,,7.61899995803833,7.619999885559082,7.614999771118164,7.619999885559082,2022.0
2026-08-05 15:18:00,NVCR,,16.09000015258789,16.09000015258789,16.06999969482422,16.06999969482422,1851.0
2026-08-05 15:18:00,NVCT,,19.584999084472656,19.584999084472656,19.584999084472656,19.584999084472656,479.0
2026-08-05 15:18:00,NVDA,,221.6999969482422,221.86500549316406,221.63499450683594,221.77999877929688,213024.0
2026-08-05 15:18:00,NVEC,,129.80999755859375,129.80999755859375,129.80999755859375,129.80999755859375,1313.0
2026-08-05 15:18:00,NVMI,,406.4100036621094,406.4100036621094,406.4100036621094,406.4100036621094,210.0
2026-08-05 15:18:00,NVTS,,12.425000190734863,12.4350004196167,12.425000190734863,12.425000190734863,8341.0
2026-08-05 15:18:00,NWBI,,15.944999694824219,15.944999694824219,15.9399995803833,15.9399995803833,696.0
2026-08-05 15:18:00,NWL,,6.164999961853027,6.164999961853027,6.159999847412109,6.159999847412109,12428.0
2026-08-05 15:18:00,NWS,,32.404998779296875,32.415000915527344,32.404998779296875,32.415000915527344,2200.0
2026-08-05 15:18:00,NWSA,,28.405000686645508,28.405000686645508,28.395000457763672,28.399999618530273,10742.0
2026-08-05 15:18:00,NXPI,,232.50999450683594,232.5399932861328,232.35499572753906,232.41000366210938,5464.0
2026-08-05 15:18:00,NXST,,189.42999267578125,190.05999755859375,189.42999267578125,189.72250366210938,2642.0
2026-08-05 15:18:00,NXT,,99.18000030517578,99.76499938964844,99.13999938964844,99.5999984741211,15287.0
2026-08-05 15:18:00,NYAX,,67.15080261230469,67.15080261230469,67.15080261230469,67.15080261230469,1231.0
2026-08-05 15:18:00,NYXH,,1.409999966621399,1.409999966621399,1.409999966621399,1.409999966621399,366.0
2026-08-05 15:18:00,OCCI,,2.490000009536743,2.490000009536743,2.490000009536743,2.490000009536743,426.0
2026-08-05 15:18:00,OCGN,,1.284999966621399,1.284999966621399,1.2799999713897705,1.2805999517440796,7133.0
2026-08-05 15:18:00,OCSL,,12.03499984741211,12.03499984741211,12.03499984741211,12.03499984741211,254.0
2026-08-05 15:18:00,OCUL,,8.574999809265137,8.574999809265137,8.574999809265137,8.574999809265137,2019.0
2026-08-05 15:18:00,ODFL,,214.3300018310547,214.3300018310547,214.3300018310547,214.3300018310547,953.0
2026-08-05 15:18:00,OESX,,15.149900436401367,15.149900436401367,15.020000457763672,15.020000457763672,1923.0
2026-08-05 15:18:00,OFIX,,10.545000076293945,10.545000076293945,10.545000076293945,10.545000076293945,742.0
2026-08-05 15:18:00,OKTA,,148.28500366210938,148.2899932861328,148.28500366210938,148.2899932861328,768.0
2026-08-05 15:18:00,OLLI,,78.13999938964844,78.13999938964844,78.08000183105469,78.08000183105469,1304.0
2026-08-05 15:18:00,OMCL,,37.31999969482422,37.31999969482422,37.31999969482422,37.31999969482422,416.0
2026-08-05 15:18:00,OMH,,0.1177000030875206,0.1177000030875206,0.11760000139474869,0.1177000030875206,4463.0
2026-08-05 15:18:00,ON,,77.86000061035156,77.86000061035156,77.76499938964844,77.78500366210938,23659.0
2026-08-05 15:18:00,ONB,,26.985000610351562,26.985000610351562,26.985000610351562,26.985000610351562,2412.0
2026-08-05 15:18:00,ONCY,,0.7929999828338623,0.7929999828338623,0.7929999828338623,0.7929999828338623,400.0
2026-08-05 15:18:00,ONDS,,8.864999771118164,8.869999885559082,8.845000267028809,8.854999542236328,715024.0
2026-08-05 15:18:00,ONFO,,0.07609999924898148,0.07729999721050262,0.07609999924898148,0.07729999721050262,52924.0
2026-08-05 15:18:00,OPCH,,23.510000228881836,23.520000457763672,23.489999771118164,23.489999771118164,6826.0
2026-08-05 15:18:00,OPEN,,3.734999895095825,3.740000009536743,3.7200000286102295,3.7300000190734863,282545.0
2026-08-05 15:18:00,OPHC,,8.670000076293945,8.670000076293945,8.670000076293945,8.670000076293945,114.0
2026-08-05 15:18:00,OPK,,1.315000057220459,1.315000057220459,1.315000057220459,1.315000057220459,327.0
2026-08-05 15:18:00,OPRA,,19.981199264526367,19.981199264526367,19.955400466918945,19.955400466918945,1254.0
2026-08-05 15:18:00,OPXS,,12.100000381469727,12.100000381469727,12.100000381469727,12.100000381469727,826.0
2026-08-05 15:18:00,ORIC,,12.90999984741211,12.90999984741211,12.90999984741211,12.90999984741211,2208.0
2026-08-05 15:18:00,ORLY,,92.96499633789062,92.96499633789062,92.94499969482422,92.95500183105469,5330.0
2026-08-05 15:18:00,OSBC,,25.790000915527344,25.790000915527344,25.780000686645508,25.780000686645508,3508.0
2026-08-05 15:18:00,OSPN,,16.6200008392334,16.6200008392334,16.540000915527344,16.540000915527344,2881.0
2026-08-05 15:18:00,OSS,,13.470000267028809,13.479999542236328,13.470000267028809,13.479999542236328,9744.0
2026-08-05 15:18:00,OTEX,,25.81999969482422,25.81999969482422,25.81999969482422,25.81999969482422,316.0
2026-08-05 15:18:00,OTTR,,92.20999908447266,92.20999908447266,92.20999908447266,92.20999908447266,818.0
2026-08-05 15:18:00,OVID,,2.5850000381469727,2.5899999141693115,2.5850000381469727,2.5899999141693115,2517.0
2026-08-05 15:18:00,OXLC,,9.145000457763672,9.145000457763672,9.145000457763672,9.145000457763672,254.0
2026-08-05 15:18:00,OXSQ,,1.5049999952316284,1.5049999952316284,1.5049999952316284,1.5049999952316284,1083.0
2026-08-05 15:18:00,PAA,,23.141199111938477,23.141199111938477,23.141199111938477,23.141199111938477,181.0
2026-08-05 15:18:00,PAAS,,48.310001373291016,48.31999969482422,48.29499816894531,48.310001373291016,8526.0
2026-08-05 15:18:00,PACB,,1.2999999523162842,1.309999942779541,1.2999999523162842,1.309999942779541,5107.0
2026-08-05 15:18:00,PAGP,,25.1200008392334,25.1200008392334,25.1200008392334,25.1200008392334,1068.0
2026-08-05 15:18:00,PALI,,2.119999885559082,2.119999885559082,2.119999885559082,2.119999885559082,1501.0
2026-08-05 15:18:00,PANL,,7.275000095367432,7.28000020980835,7.275000095367432,7.28000020980835,470.0
2026-08-05 15:18:00,PANW,,364.6400146484375,364.760009765625,364.6400146484375,364.69500732421875,4568.0
2026-08-05 15:18:00,PATK,,87.75499725341797,87.75499725341797,87.75,87.75,834.0
2026-08-05 15:18:00,PAX,,11.390000343322754,11.395000457763672,11.390000343322754,11.395000457763672,996.0
2026-08-05 15:18:00,PAYO,,7.119999885559082,7.125,7.119999885559082,7.119999885559082,334055.0
2026-08-05 15:18:00,PAYX,,117.69000244140625,117.72000122070312,117.69000244140625,117.7125015258789,3172.0
2026-08-05 15:18:00,PCAR,,133.7050018310547,133.75999450683594,133.67999267578125,133.72999572753906,11915.0
2026-08-05 15:18:00,PCRX,,24.90999984741211,24.93000030517578,24.81999969482422,24.81999969482422,26776.0
2026-08-05 15:18:00,PCT,,6.954999923706055,6.954999923706055,6.945000171661377,6.945000171661377,6009.0
2026-08-05 15:18:00,PCTY,,146.35000610351562,146.5,146.35000610351562,146.5,1182.0
2026-08-05 15:18:00,PDD,,90.66999816894531,90.68000030517578,90.66999816894531,90.68000030517578,2714.0
2026-08-05 15:18:00,PDSB,,0.7102000117301941,0.7102000117301941,0.7102000117301941,0.7102000117301941,0.0
2026-08-05 15:18:00,PEBO,,41.619998931884766,41.619998931884766,41.619998931884766,41.619998931884766,426.0
2026-08-05 15:18:00,PECO,,41.38999938964844,41.439998626708984,41.38999938964844,41.439998626708984,4385.0
2026-08-05 15:18:00,PEGA,,31.889999389648438,31.889999389648438,31.889999389648438,31.889999389648438,472.0
2026-08-05 15:18:00,PENN,,19.65999984741211,19.68000030517578,19.649999618530273,19.679899215698242,15358.0
2026-08-05 15:18:00,PEP,,138.30999755859375,138.30999755859375,138.28500366210938,138.28500366210938,5958.0
2026-08-05 15:18:00,PEPG,,1.9600000381469727,1.965000033378601,1.9600000381469727,1.965000033378601,355.0
2026-08-05 15:18:00,PERI,,9.619999885559082,9.619999885559082,9.619999885559082,9.619999885559082,787.0
2026-08-05 15:18:00,PESI,,17.84000015258789,17.84000015258789,17.84000015258789,17.84000015258789,763.0
2026-08-05 15:18:00,PFG,,114.25499725341797,114.25499725341797,114.24500274658203,114.25,1569.0
2026-08-05 15:18:00,PGC,,46.630001068115234,46.630001068115234,46.630001068115234,46.630001068115234,700.0
2026-08-05 15:18:00,PGEN,,6.985000133514404,6.985000133514404,6.96999979019165,6.974999904632568,9613.0
2026-08-05 15:18:00,PGY,,21.719999313354492,21.719999313354492,21.704999923706055,21.704999923706055,2598.0
2026-08-05 15:18:00,PHAT,,8.380000114440918,8.380000114440918,8.380000114440918,8.380000114440918,1849.0
2026-08-05 15:18:00,PLAB,,32.15999984741211,32.15999984741211,32.15729904174805,32.15729904174805,968.0
2026-08-05 15:18:00,PLMR,,134.85499572753906,134.85499572753906,134.83999633789062,134.83999633789062,2433.0
2026-08-05 15:18:00,PLPC,,471.3500061035156,471.3500061035156,470.5899963378906,470.5899963378906,564.0
2026-08-05 15:18:00,PLSE,,37.66999816894531,37.66999816894531,37.56999969482422,37.630001068115234,1187.0
2026-08-05 15:18:00,PLUG,,2.0701000690460205,2.0799999237060547,2.069999933242798,2.075000047683716,34139.0
2026-08-05 15:18:00,PMEC,,0.41499999165534973,0.41499999165534973,0.41499999165534973,0.41499999165534973,4549.0
2026-08-05 15:18:00,PNFP,,107.65499877929688,107.65499877929688,107.65499877929688,107.65499877929688,461.0
2026-08-05 15:18:00,POET,,8.260000228881836,8.270000457763672,8.255000114440918,8.260000228881836,13119.0
2026-08-05 15:18:00,POOL,,205.17999267578125,205.17999267578125,205.1699981689453,205.1699981689453,1088.0
2026-08-05 15:18:00,POWL,,210.8300018310547,211.0399932861328,210.64999389648438,210.64999389648438,3282.0
2026-08-05 15:18:00,PPC,,26.399999618530273,26.40999984741211,26.385000228881836,26.385000228881836,2103.0
2026-08-05 15:18:00,PPTA,,22.635000228881836,22.635000228881836,22.635000228881836,22.635000228881836,904.0
2026-08-05 15:18:00,PRAA,,17.299999237060547,17.299999237060547,17.274999618530273,17.274999618530273,1306.0
2026-08-05 15:18:00,PRAX,,317.79998779296875,317.79998779296875,317.79998779296875,317.79998779296875,331.0
2026-08-05 15:18:00,PRCH,,15.829999923706055,15.829999923706055,15.819999694824219,15.819999694824219,1321.0
2026-08-05 15:18:00,PRCT,,19.229999542236328,19.239999771118164,19.170000076293945,19.18000030517578,7876.0
2026-08-05 15:18:00,PRDO,,32.880001068115234,32.88999938964844,32.880001068115234,32.88999938964844,1011.0
2026-08-05 15:18:00,PRGS,,42.25,42.2599983215332,42.25,42.2599983215332,663.0
2026-08-05 15:18:00,PRIM,,84.70999908447266,84.7750015258789,84.70999908447266,84.7750015258789,988.0
2026-08-05 15:18:00,PRME,,3.0450000762939453,3.0450000762939453,3.0399999618530273,3.0399999618530273,12526.0
2026-08-05 15:18:00,PRTH,,6.6479997634887695,6.6479997634887695,6.6479997634887695,6.6479997634887695,1414.0
2026-08-05 15:18:00,PRVA,,24.010000228881836,24.010000228881836,24.010000228881836,24.010000228881836,1319.0
2026-08-05 15:18:00,PSEC,,2.184999942779541,2.190000057220459,2.184999942779541,2.190000057220459,2427.0
2026-08-05 15:18:00,PSNL,,13.520000457763672,13.520000457763672,13.515000343322754,13.515000343322754,2342.0
2026-08-05 15:18:00,PTC,,140.0800018310547,140.0800018310547,140.0800018310547,140.0800018310547,207.0
2026-08-05 15:18:00,PTEN,,9.734999656677246,9.734999656677246,9.725000381469727,9.725000381469727,23181.0
2026-08-05 15:18:00,PTLO,,4.630000114440918,4.630000114440918,4.630000114440918,4.630000114440918,2034.0
2026-08-05 15:18:00,PTON,,6.474999904632568,6.485000133514404,6.474999904632568,6.485000133514404,50344.0
2026-08-05 15:18:00,PUBM,,13.59000015258789,13.59000015258789,13.579999923706055,13.59000015258789,2531.0
2026-08-05 15:18:00,PWP,,17.434999465942383,17.434999465942383,17.434999465942383,17.434999465942383,1541.0
2026-08-05 15:18:00,PYPL,,58.01499938964844,58.02000045776367,58.0,58.0099983215332,11586.0
2026-08-05 15:18:00,PYXS,,3.130000114440918,3.134999990463257,3.130000114440918,3.134999990463257,483.0
2026-08-05 15:18:00,PZZA,,29.80500030517578,29.809999465942383,29.795000076293945,29.799999237060547,4412.0
2026-08-05 15:18:00,QCOM,,158.75990295410156,158.75990295410156,158.69000244140625,158.7176971435547,10280.0
2026-08-05 15:18:00,QRVO,,95.26000213623047,95.26000213623047,95.2249984741211,95.2300033569336,2942.0
2026-08-05 15:18:00,STIM,,2.3499999046325684,2.3499999046325684,2.3350000381469727,2.3399999141693115,26363.0
2026-08-05 15:18:00,TARA,,3.994999885559082,4.0,3.994999885559082,4.0,424.0
2026-08-05 15:18:00,WOOF,,2.934999942779541,2.934999942779541,2.934999942779541,2.934999942779541,789.0
2026-08-05 15:19:00,ACDC,,4.494999885559082,4.514999866485596,4.494999885559082,4.505000114440918,20124.0
2026-08-05 15:19:00,BPOP,,177.08999633789062,177.11500549316406,177.08999633789062,177.11500549316406,793.0
2026-08-05 15:19:00,CNXN,,86.05000305175781,86.05000305175781,86.05000305175781,86.05000305175781,699.0
2026-08-05 15:19:00,EYE,,22.959999084472656,22.959999084472656,22.959999084472656,22.959999084472656,1151.0
2026-08-05 15:19:00,GLUE,,15.375,15.375,15.375,15.375,659.0
2026-08-05 15:19:00,KIDS,,21.385000228881836,21.385000228881836,21.385000228881836,21.385000228881836,341.0
2026-08-05 15:19:00,LUNG,,2.0088999271392822,2.0088999271392822,2.0088999271392822,2.0088999271392822,210.0
2026-08-05 15:19:00,MDB,,374.8500061035156,375.1650085449219,374.8500061035156,375.0299987792969,2671.0
2026-08-05 15:19:00,MDLZ,,62.56100082397461,62.56100082397461,62.540000915527344,62.54999923706055,10239.0
2026-08-05 15:19:00,MLTX,,17.514999389648438,17.514999389648438,17.514999389648438,17.514999389648438,236.0
2026-08-05 15:19:00,MNRO,,13.145000457763672,13.145000457763672,13.145000457763672,13.145000457763672,1084.0
2026-08-05 15:19:00,MNST,,94.44999694824219,94.47000122070312,94.44000244140625,94.47000122070312,4930.0
2026-08-05 15:19:00,MNTS,,4.284999847412109,4.284999847412109,4.284999847412109,4.284999847412109,833.0
2026-08-05 15:19:00,MORN,,198.05999755859375,198.27000427246094,198.00999450683594,198.27000427246094,1018.0
2026-08-05 15:19:00,MPWR,,1348.324951171875,1351.3399658203125,1348.324951171875,1349.8199462890625,1253.0
2026-08-05 15:19:00,MRNA,,56.34000015258789,56.400001525878906,56.34000015258789,56.400001525878906,6518.0
2026-08-05 15:19:00,MVBF,,30.674999237060547,30.674999237060547,30.674999237060547,30.674999237060547,991.0
2026-08-05 15:19:00,MYGN,,3.1050000190734863,3.115000009536743,3.0999999046325684,3.0999999046325684,20187.0
2026-08-05 15:19:00,NAVI,,9.104999542236328,9.104999542236328,9.104999542236328,9.104999542236328,1338.0
2026-08-05 15:19:00,NB,,5.020500183105469,5.034999847412109,5.020500183105469,5.034999847412109,2378.0
2026-08-05 15:19:00,NBIX,,162.5500030517578,162.61500549316406,162.5500030517578,162.56500244140625,2155.0
2026-08-05 15:19:00,NCRA,,1.809999942779541,1.809999942779541,1.809999942779541,1.809999942779541,110.0
2026-08-05 15:19:00,NDAQ,,94.61499786376953,94.69999694824219,94.61499786376953,94.69999694824219,3017.0
2026-08-05 15:19:00,NDSN,,310.7200012207031,310.7200012207031,310.6400146484375,310.6400146484375,580.0
2026-08-05 15:19:00,NEGG,,17.459999084472656,17.459999084472656,17.459999084472656,17.459999084472656,225.0
2026-08-05 15:19:00,NEO,,15.8100004196167,15.8100004196167,15.795000076293945,15.8100004196167,4357.0
2026-08-05 15:19:00,NEOG,,11.479999542236328,11.479999542236328,11.479999542236328,11.479999542236328,212.0
2026-08-05 15:19:00,NEOV,,2.940000057220459,2.944999933242798,2.940000057220459,2.944999933242798,4790.0
2026-08-05 15:19:00,NESR,,28.575000762939453,28.579999923706055,28.559999465942383,28.575000762939453,2042.0
2026-08-05 15:19:00,NEXT,,6.465000152587891,6.465000152587891,6.460000038146973,6.465000152587891,2351.0
2026-08-05 15:19:00,NFLX,,73.63500213623047,73.65499877929688,73.61499786376953,73.6449966430664,65129.0
2026-08-05 15:19:00,NHTC,,1.7723000049591064,1.7723000049591064,1.7723000049591064,1.7723000049591064,767.0
2026-08-05 15:19:00,NICE,,100.55999755859375,100.55999755859375,100.41500091552734,100.41999816894531,1911.0
2026-08-05 15:19:00,NIU,,2.450000047683716,2.450000047683716,2.450000047683716,2.450000047683716,200.0
2026-08-05 15:19:00,NKTR,,72.74500274658203,72.74500274658203,72.74500274658203,72.74500274658203,829.0
2026-08-05 15:19:00,NKTX,,2.200000047683716,2.2049999237060547,2.200000047683716,2.2049999237060547,1066.0
2026-08-05 15:19:00,NMFC,,7.364999771118164,7.364999771118164,7.364999771118164,7.364999771118164,493.0
2026-08-05 15:19:00,NMRA,,1.6050000190734863,1.6050000190734863,1.6050000190734863,1.6050000190734863,6141.0
2026-08-05 15:19:00,NMRK,,15.694999694824219,15.694999694824219,15.694999694824219,15.694999694824219,682.0
2026-08-05 15:19:00,NN,,14.694999694824219,14.694999694824219,14.6899995803833,14.6899995803833,3272.0
2026-08-05 15:19:00,NNBR,,3.809999942779541,3.825000047683716,3.809999942779541,3.825000047683716,3066.0
2026-08-05 15:19:00,NNDM,,1.5549999475479126,1.5549999475479126,1.5549999475479126,1.5549999475479126,7047.0
2026-08-05 15:19:00,NRDS,,9.0649995803833,9.0649995803833,9.0649995803833,9.0649995803833,640.0
2026-08-05 15:19:00,NRIX,,24.850000381469727,24.850000381469727,24.850000381469727,24.850000381469727,1182.0
2026-08-05 15:19:00,NRXP,,3.069999933242798,3.069999933242798,3.069999933242798,3.069999933242798,188.0
2026-08-05 15:19:00,NSSC,,40.31999969482422,40.31999969482422,40.310001373291016,40.310001373291016,1586.0
2026-08-05 15:19:00,NTAP,,190.1999969482422,190.1999969482422,190.1999969482422,190.1999969482422,940.0
2026-08-05 15:19:00,NTCT,,41.76499938964844,41.76499938964844,41.75,41.75,700.0
2026-08-05 15:19:00,NTGR,,24.375,24.479999542236328,24.375,24.440000534057617,26288.0
2026-08-05 15:19:00,NTNX,,61.30910110473633,61.310001373291016,61.290000915527344,61.290000915527344,5202.0
2026-08-05 15:19:00,NTRA,,272.239990234375,272.2799987792969,272.239990234375,272.2799987792969,1546.0
2026-08-05 15:19:00,NTRS,,184.68499755859375,184.68499755859375,184.68499755859375,184.68499755859375,1594.0
2026-08-05 15:19:00,NUWE,,1.684999942779541,1.684999942779541,1.684999942779541,1.684999942779541,673.0
2026-08-05 15:19:00,NVAX,,7.605000019073486,7.614999771118164,7.605000019073486,7.614999771118164,3377.0
2026-08-05 15:19:00,NVCR,,16.09000015258789,16.100000381469727,16.079999923706055,16.100000381469727,3288.0
2026-08-05 15:19:00,NVDA,,221.77000427246094,221.8699951171875,221.69000244140625,221.69000244140625,218779.0
2026-08-05 15:19:00,NVEC,,130.14999389648438,130.14999389648438,130.07000732421875,130.07000732421875,821.0
2026-08-05 15:19:00,NVMI,,406.7900085449219,406.9200134277344,406.7900085449219,406.9200134277344,1087.0
2026-08-05 15:19:00,NVNI,,1.0299999713897705,1.0700000524520874,1.0299999713897705,1.0700000524520874,896.0
2026-08-05 15:19:00,NVTS,,12.373000144958496,12.425000190734863,12.369999885559082,12.425000190734863,13545.0
2026-08-05 15:19:00,NWBI,,15.954999923706055,15.954999923706055,15.9399995803833,15.944999694824219,6008.0
2026-08-05 15:19:00,NWE,,69.11000061035156,69.11000061035156,69.11000061035156,69.11000061035156,626.0
2026-08-05 15:19:00,NWL,,6.159999847412109,6.164999961853027,6.159999847412109,6.164999961853027,11803.0
2026-08-05 15:19:00,NWPX,,127.1050033569336,127.1050033569336,127.1050033569336,127.1050033569336,541.0
2026-08-05 15:19:00,NWS,,32.40999984741211,32.42499923706055,32.404998779296875,32.404998779296875,5313.0
2026-08-05 15:19:00,NWSA,,28.40999984741211,28.415000915527344,28.389999389648438,28.399999618530273,13559.0
2026-08-05 15:19:00,NXPI,,232.16000366210938,232.6699981689453,232.0,232.58999633789062,43961.0
2026-08-05 15:19:00,NXST,,189.72500610351562,189.72500610351562,189.72500610351562,189.72500610351562,463.0
2026-08-05 15:19:00,NXT,,99.0250015258789,99.20999908447266,98.80000305175781,99.1500015258789,33227.0
2026-08-05 15:19:00,OABI,,2.065000057220459,2.065000057220459,2.065000057220459,2.065000057220459,516.0
2026-08-05 15:19:00,OBIO,,4.230000019073486,4.230000019073486,4.224999904632568,4.224999904632568,214.0
2026-08-05 15:19:00,OBT,,38.95800018310547,38.95800018310547,38.95800018310547,38.95800018310547,257.0
2026-08-05 15:19:00,OCFC,,19.905000686645508,19.905000686645508,19.899999618530273,19.899999618530273,2658.0
2026-08-05 15:19:00,OCGN,,1.284999966621399,1.284999966621399,1.2799999713897705,1.284999966621399,3292.0
2026-08-05 15:19:00,OCSL,,12.039999961853027,12.039999961853027,12.032999992370605,12.033599853515625,1204.0
2026-08-05 15:19:00,ODD,,15.279999732971191,15.300000190734863,15.279999732971191,15.300000190734863,1498.0
2026-08-05 15:19:00,ODFL,,214.13999938964844,214.1699981689453,214.13999938964844,214.1699981689453,1372.0
2026-08-05 15:19:00,OESX,,15.309499740600586,15.309499740600586,15.309499740600586,15.309499740600586,1462.0
2026-08-05 15:19:00,OFIX,,10.545000076293945,10.550000190734863,10.545000076293945,10.545000076293945,1570.0
2026-08-05 15:19:00,OKTA,,148.2899932861328,148.2899932861328,148.22999572753906,148.2899932861328,1481.0
2026-08-05 15:19:00,OLLI,,78.08499908447266,78.08499908447266,78.08499908447266,78.08499908447266,1015.0
2026-08-05 15:19:00,OLMA,,11.505000114440918,11.505000114440918,11.505000114440918,11.505000114440918,790.0
2026-08-05 15:19:00,OM,,5.119999885559082,5.119999885559082,5.119999885559082,5.119999885559082,216.0
2026-08-05 15:19:00,OMCL,,37.2599983215332,37.32749938964844,37.2599983215332,37.31999969482422,8362.0
2026-08-05 15:19:00,OMH,,0.11779999732971191,0.11789999902248383,0.11760000139474869,0.11760000139474869,8880.0
2026-08-05 15:19:00,ON,,77.75,77.88999938964844,77.75,77.87000274658203,22862.0
2026-08-05 15:19:00,ONB,,26.985000610351562,26.9950008392334,26.985000610351562,26.985000610351562,15206.0
2026-08-05 15:19:00,ONCY,,0.7930999994277954,0.7930999994277954,0.7930999994277954,0.7930999994277954,450.0
2026-08-05 15:19:00,ONDS,,8.854999542236328,8.869999885559082,8.850000381469727,8.864299774169922,291953.0
2026-08-05 15:19:00,ONFO,,0.07599999755620956,0.0771000012755394,0.07599999755620956,0.07609999924898148,46422.0
2026-08-05 15:19:00,OPCH,,23.475000381469727,23.530000686645508,23.475000381469727,23.510000228881836,11587.0
2026-08-05 15:19:00,OPEN,,3.726599931716919,3.740000009536743,3.7200000286102295,3.7314999103546143,147524.0
2026-08-05 15:19:00,OPHC,,8.770000457763672,8.770000457763672,8.770000457763672,8.770000457763672,322.0
2026-08-05 15:19:00,OPK,,1.315000057220459,1.3199000358581543,1.309999942779541,1.3199000358581543,2018.0
2026-08-05 15:19:00,OPRT,,6.074999809265137,6.074999809265137,6.059999942779541,6.059999942779541,2867.0
2026-08-05 15:19:00,OPRX,,6.929999828338623,6.929999828338623,6.929999828338623,6.929999828338623,807.0
2026-08-05 15:19:00,ORIC,,12.880000114440918,12.899999618530273,12.880000114440918,12.899999618530273,8724.0
2026-08-05 15:19:00,ORLY,,93.02999877929688,93.02999877929688,92.94999694824219,92.97000122070312,24205.0
2026-08-05 15:19:00,OSBC,,25.795000076293945,25.795000076293945,25.795000076293945,25.795000076293945,103.0
2026-08-05 15:19:00,OSIS,,237.17999267578125,237.17999267578125,237.17999267578125,237.17999267578125,52.0
2026-08-05 15:19:00,OSPN,,16.649999618530273,16.649999618530273,16.649999618530273,16.649999618530273,1204.0
2026-08-05 15:19:00,OSS,,13.479999542236328,13.489999771118164,13.47249984741211,13.47249984741211,5173.0
2026-08-05 15:19:00,OSUR,,4.139999866485596,4.139999866485596,4.139999866485596,4.139999866485596,121.0
2026-08-05 15:19:00,OTEX,,25.815000534057617,25.81999969482422,25.799999237060547,25.81999969482422,5683.0
2026-08-05 15:19:00,OTLK,,1.0299999713897705,1.0299999713897705,1.0240999460220337,1.0299999713897705,4270.0
2026-08-05 15:19:00,OVID,,2.5899999141693115,2.5899999141693115,2.5899999141693115,2.5899999141693115,573.0
2026-08-05 15:19:00,OXLC,,9.140000343322754,9.140000343322754,9.140000343322754,9.140000343322754,177.0
2026-08-05 15:19:00,PAA,,23.145000457763672,23.145000457763672,23.139999389648438,23.139999389648438,1711.0
2026-08-05 15:19:00,PAAS,,48.22999954223633,48.29999923706055,48.22999954223633,48.29999923706055,16435.0
2026-08-05 15:19:00,PACB,,1.2999999523162842,1.3049999475479126,1.2949999570846558,1.3049999475479126,210732.0
2026-08-05 15:19:00,PAGP,,25.1200008392334,25.1200008392334,25.114999771118164,25.114999771118164,2330.0
2026-08-05 15:19:00,PAHC,,35.63999938964844,35.63999938964844,35.63999938964844,35.63999938964844,1084.0
2026-08-05 15:19:00,PALI,,2.119999885559082,2.119999885559082,2.115000009536743,2.115000009536743,1295.0
2026-08-05 15:19:00,PANL,,7.275000095367432,7.275000095367432,7.275000095367432,7.275000095367432,328.0
2026-08-05 15:19:00,PANW,,364.6099853515625,364.80999755859375,364.5899963378906,364.6499938964844,9364.0
2026-08-05 15:19:00,PATK,,87.75499725341797,87.75499725341797,87.75499725341797,87.75499725341797,1253.0
2026-08-05 15:19:00,PAX,,11.390000343322754,11.390000343322754,11.390000343322754,11.390000343322754,1374.0
2026-08-05 15:19:00,PAYO,,7.119999885559082,7.125,7.119999885559082,7.125,3069.0
2026-08-05 15:19:00,PAYS,,9.114999771118164,9.125,9.109999656677246,9.125,5767.0
2026-08-05 15:19:00,PAYX,,117.69999694824219,117.69999694824219,117.66999816894531,117.66999816894531,2660.0
2026-08-05 15:19:00,PBYI,,8.015000343322754,8.015000343322754,8.015000343322754,8.015000343322754,752.0
2026-08-05 15:19:00,PCAR,,133.84500122070312,133.84500122070312,133.7050018310547,133.7050018310547,10632.0
2026-08-05 15:19:00,PCRX,,24.899999618530273,24.959999084472656,24.8799991607666,24.885000228881836,23581.0
2026-08-05 15:19:00,PCT,,6.929999828338623,6.954999923706055,6.925000190734863,6.954999923706055,21183.0
2026-08-05 15:19:00,PCTY,,146.30999755859375,146.30999755859375,146.30999755859375,146.30999755859375,544.0
2026-08-05 15:19:00,PCYO,,10.569999694824219,10.569999694824219,10.5649995803833,10.5649995803833,947.0
2026-08-05 15:19:00,PDD,,90.68000030517578,90.69999694824219,90.68000030517578,90.68000030517578,3618.0
2026-08-05 15:19:00,PDFS,,50.2599983215332,50.2599983215332,50.2599983215332,50.2599983215332,1202.0
2026-08-05 15:19:00,PEBO,,41.630001068115234,41.630001068115234,41.630001068115234,41.630001068115234,825.0
2026-08-05 15:19:00,PECO,,41.41999816894531,41.41999816894531,41.40999984741211,41.40999984741211,1292.0
2026-08-05 15:19:00,PEGA,,31.8700008392334,31.889999389648438,31.860000610351562,31.889999389648438,3898.0
2026-08-05 15:19:00,PEP,,138.32000732421875,138.3300018310547,138.2899932861328,138.31500244140625,6016.0
2026-08-05 15:19:00,PEPG,,1.965000033378601,1.965000033378601,1.965000033378601,1.965000033378601,566.0
2026-08-05 15:19:00,PFBC,,106.28500366210938,106.28500366210938,106.28500366210938,106.28500366210938,537.0
2026-08-05 15:19:00,PFG,,114.25499725341797,114.25499725341797,114.25499725341797,114.25499725341797,1450.0
2026-08-05 15:19:00,PGEN,,6.989999771118164,6.989999771118164,6.980000019073486,6.989999771118164,14432.0
2026-08-05 15:19:00,PGNY,,31.600000381469727,31.610000610351562,31.600000381469727,31.610000610351562,1820.0
2026-08-05 15:19:00,PGY,,21.690000534057617,21.700000762939453,21.690000534057617,21.700000762939453,2030.0
2026-08-05 15:19:00,PHAT,,8.380000114440918,8.380000114440918,8.380000114440918,8.380000114440918,568.0
2026-08-05 15:19:00,PHVS,,33.5099983215332,33.5099983215332,33.5099983215332,33.5099983215332,938.0
2026-08-05 15:19:00,PLAB,,32.1349983215332,32.1349983215332,32.1349983215332,32.1349983215332,956.0
2026-08-05 15:19:00,PLMR,,134.3800048828125,134.3800048828125,134.3800048828125,134.3800048828125,522.0
2026-08-05 15:19:00,PLPC,,470.7200012207031,470.7200012207031,470.7200012207031,470.7200012207031,324.0
2026-08-05 15:19:00,PLSE,,37.619998931884766,37.619998931884766,37.619998931884766,37.619998931884766,1099.0
2026-08-05 15:19:00,PLTK,,3.9000000953674316,3.9049999713897705,3.8949999809265137,3.9049999713897705,11005.0
2026-08-05 15:19:00,PLUG,,2.0799999237060547,2.0799999237060547,2.069999933242798,2.075000047683716,102563.0
2026-08-05 15:19:00,PLXS,,275.93011474609375,275.93011474609375,275.93011474609375,275.93011474609375,297.0
2026-08-05 15:19:00,PNFP,,107.65499877929688,107.65499877929688,107.65499877929688,107.65499877929688,634.0
2026-08-05 15:19:00,PNTG,,38.77000045776367,38.779998779296875,38.56999969482422,38.58000183105469,9195.0
2026-08-05 15:19:00,POET,,8.239999771118164,8.260000228881836,8.239999771118164,8.260000228881836,11488.0
2026-08-05 15:19:00,POWI,,61.93000030517578,61.93000030517578,61.93000030517578,61.93000030517578,298.0
2026-08-05 15:19:00,POWL,,210.6300048828125,210.83999633789062,210.6300048828125,210.81500244140625,1228.0
2026-08-05 15:19:00,PPC,,26.399999618530273,26.399999618530273,26.399999618530273,26.399999618530273,1309.0
2026-08-05 15:19:00,PPTA,,22.645000457763672,22.649999618530273,22.645000457763672,22.649999618530273,3054.0
2026-08-05 15:19:00,PRAX,,317.6000061035156,317.79998779296875,317.6000061035156,317.79998779296875,1200.0
2026-08-05 15:19:00,PRCH,,15.8149995803833,15.829999923706055,15.8149995803833,15.829999923706055,3355.0
2026-08-05 15:19:00,PRCT,,19.329999923706055,19.344999313354492,19.200000762939453,19.200000762939453,34723.0
2026-08-05 15:19:00,PRDO,,32.869998931884766,32.876399993896484,32.869998931884766,32.876399993896484,1391.0
2026-08-05 15:19:00,PRGS,,42.2400016784668,42.28499984741211,42.2400016784668,42.2400016784668,1035.0
2026-08-05 15:19:00,PRIM,,84.66000366210938,84.7300033569336,84.66000366210938,84.70999908447266,2736.0
2026-08-05 15:19:00,PRME,,3.0450000762939453,3.0450000762939453,3.0450000762939453,3.0450000762939453,1983.0
2026-08-05 15:19:00,PROK,,1.6449999809265137,1.6449999809265137,1.6449999809265137,1.6449999809265137,180.0
2026-08-05 15:19:00,PRQR,,1.975000023841858,1.975000023841858,1.975000023841858,1.975000023841858,2006.0
2026-08-05 15:19:00,PRSO,,0.7077999711036682,0.7078999876976013,0.7077999711036682,0.7078999876976013,1405.0
2026-08-05 15:19:00,PRTA,,8.449999809265137,8.449999809265137,8.4399995803833,8.4399995803833,804.0
2026-08-05 15:19:00,PRVA,,24.0,24.0,24.0,24.0,426.0
2026-08-05 15:19:00,PRZO,,0.5619000196456909,0.5619000196456909,0.5619000196456909,0.5619000196456909,2028.0
2026-08-05 15:19:00,PSEC,,2.184999942779541,2.184999942779541,2.184999942779541,2.184999942779541,929.0
2026-08-05 15:19:00,PSMT,,186.89500427246094,186.91000366210938,186.89500427246094,186.91000366210938,2750.0
2026-08-05 15:19:00,PSNY,,14.079999923706055,14.079999923706055,14.079999923706055,14.079999923706055,185.0
2026-08-05 15:19:00,PTC,,139.97999572753906,139.97999572753906,139.97999572753906,139.97999572753906,616.0
2026-08-05 15:19:00,PTCT,,68.80000305175781,68.80000305175781,68.77999877929688,68.80000305175781,846.0
2026-08-05 15:19:00,PTEN,,9.734999656677246,9.73900032043457,9.734999656677246,9.734999656677246,4976.0
2026-08-05 15:19:00,PTON,,6.494999885559082,6.494999885559082,6.474999904632568,6.494999885559082,37835.0
2026-08-05 15:19:00,PUBM,,13.595000267028809,13.595000267028809,13.59000015258789,13.59000015258789,6153.0
2026-08-05 15:19:00,PWP,,17.440000534057617,17.44499969482422,17.43000030517578,17.434999465942383,9359.0
2026-08-05 15:19:00,PYPL,,57.98500061035156,58.02000045776367,57.98500061035156,58.02000045776367,8442.0
2026-08-05 15:19:00,PYXS,,3.1387999057769775,3.1387999057769775,3.1387999057769775,3.1387999057769775,101.0
2026-08-05 15:19:00,PZZA,,29.725000381469727,29.809999465942383,29.725000381469727,29.80500030517578,14924.0
2026-08-05 15:19:00,QCOM,,158.6300048828125,158.75,158.6300048828125,158.72999572753906,10940.0
2026-08-05 15:19:00,QFIN,,13.170000076293945,13.170000076293945,13.170000076293945,13.170000076293945,319.0
2026-08-05 15:19:00,QRVO,,95.18070220947266,95.23999786376953,95.18070220947266,95.19999694824219,1151.0
2026-08-05 15:19:00,SEED,,1.0591000318527222,1.059399962425232,1.0591000318527222,1.059399962425232,1638.0
2026-08-05 15:19:00,STIM,,2.359999895095825,2.359999895095825,2.349900007247925,2.349900007247925,14658.0
2026-08-05 15:19:00,TARA,,3.994999885559082,3.994999885559082,3.994999885559082,3.994999885559082,400.0
2026-08-05 15:20:00,ACDC,,4.505000114440918,4.505000114440918,4.494999885559082,4.494999885559082,5143.0
2026-08-05 15:20:00,BPOP,,177.1199951171875,177.1199951171875,177.1199951171875,177.1199951171875,579.0
2026-08-05 15:20:00,DTIL,,7.449999809265137,7.460000038146973,7.449999809265137,7.460000038146973,1250.0
2026-08-05 15:20:00,EYE,,22.969999313354492,22.979999542236328,22.959999084472656,22.979999542236328,2467.0
2026-08-05 15:20:00,GLUE,,15.350000381469727,15.375,15.350000381469727,15.375,3913.0
2026-08-05 15:20:00,KITT,,1.0300999879837036,1.0399999618530273,1.0299999713897705,1.034999966621399,30639.0
2026-08-05 15:20:00,KITTW,,0.013899999670684338,0.014000000432133675,0.013899999670684338,0.013899999670684338,14202.0
2026-08-05 15:20:00,KTTA,,0.4449999928474426,0.4449999928474426,0.4449999928474426,0.4449999928474426,2087.0
2026-08-05 15:20:00,LUNG,,2.005000114440918,2.005000114440918,2.005000114440918,2.005000114440918,367.0
2026-08-05 15:20:00,MBRX,,0.3968999981880188,0.39719998836517334,0.3968999981880188,0.3968999981880188,2101.0
2026-08-05 15:20:00,MDB,,374.7799987792969,375.1499938964844,374.7799987792969,374.87750244140625,1424.0
2026-08-05 15:20:00,MDLZ,,62.584999084472656,62.584999084472656,62.569801330566406,62.569801330566406,11758.0
2026-08-05 15:20:00,MLTX,,17.514999389648438,17.514999389648438,17.514999389648438,17.514999389648438,816.0
2026-08-05 15:20:00,MNRO,,13.130000114440918,13.140000343322754,13.130000114440918,13.140000343322754,3761.0
2026-08-05 15:20:00,MNST,,94.44499969482422,94.45999908447266,94.43000030517578,94.45999908447266,6433.0
2026-08-05 15:20:00,MNTK,,1.6749999523162842,1.6749999523162842,1.6749999523162842,1.6749999523162842,275.0
2026-08-05 15:20:00,MOVE,,12.240099906921387,12.240099906921387,12.240099906921387,12.240099906921387,606.0
2026-08-05 15:20:00,MPAA,,13.710000038146973,13.710000038146973,13.710000038146973,13.710000038146973,486.0
2026-08-05 15:20:00,MPWR,,1348.7950439453125,1349.5899658203125,1348.324951171875,1348.9449462890625,610.0
2026-08-05 15:20:00,MRNA,,56.34000015258789,56.369998931884766,56.31999969482422,56.33000183105469,7473.0
2026-08-05 15:20:00,MYGN,,3.0999999046325684,3.1050000190734863,3.0999999046325684,3.1050000190734863,2507.0
2026-08-05 15:20:00,MYRG,,340.2699890136719,340.5,340.2699890136719,340.5,543.0
2026-08-05 15:20:00,NAMS,,27.229999542236328,27.235000610351562,27.229999542236328,27.235000610351562,953.0
2026-08-05 15:20:00,NAUT,,0.9388999938964844,0.9388999938964844,0.9388999938964844,0.9388999938964844,249.0
2026-08-05 15:20:00,NB,,5.029600143432617,5.03000020980835,5.025000095367432,5.025000095367432,3161.0
2026-08-05 15:20:00,NBIX,,162.4550018310547,162.5800018310547,162.4550018310547,162.55999755859375,4532.0
2026-08-05 15:20:00,NBTB,,53.25,53.2599983215332,53.25,53.25,950.0
2026-08-05 15:20:00,NDAQ,,94.61499786376953,94.63500213623047,94.61499786376953,94.63500213623047,2161.0
2026-08-05 15:20:00,NDSN,,310.5799865722656,310.5799865722656,310.5799865722656,310.5799865722656,83.0
2026-08-05 15:20:00,NEGG,,17.43000030517578,17.43000030517578,17.43000030517578,17.43000030517578,117.0
2026-08-05 15:20:00,NEO,,15.770000457763672,15.789999961853027,15.770000457763672,15.789999961853027,3741.0
2026-08-05 15:20:00,NEOG,,11.479999542236328,11.479999542236328,11.479999542236328,11.479999542236328,1769.0
2026-08-05 15:20:00,NEOV,,2.950000047683716,2.950000047683716,2.940000057220459,2.940000057220459,3012.0
2026-08-05 15:20:00,NESR,,28.59000015258789,28.59000015258789,28.575000762939453,28.575000762939453,2570.0
2026-08-05 15:20:00,NEXT,,6.460000038146973,6.460000038146973,6.460000038146973,6.460000038146973,1856.0
2026-08-05 15:20:00,NFE,,0.337799996137619,0.337799996137619,0.3377000093460083,0.3377000093460083,1428.0
2026-08-05 15:20:00,NFLX,,73.65499877929688,73.66000366210938,73.62999725341797,73.63500213623047,43612.0
2026-08-05 15:20:00,NICE,,100.05000305175781,100.34500122070312,99.87999725341797,100.2699966430664,7286.0
2026-08-05 15:20:00,NIU,,2.450000047683716,2.450000047683716,2.450000047683716,2.450000047683716,308.0
2026-08-05 15:20:00,NKSH,,41.38999938964844,41.38999938964844,41.38999938964844,41.38999938964844,304.0
2026-08-05 15:20:00,NKTX,,2.200000047683716,2.2049999237060547,2.200000047683716,2.200000047683716,4007.0
2026-08-05 15:20:00,NMFC,,7.360000133514404,7.364999771118164,7.360000133514404,7.364999771118164,703.0
2026-08-05 15:20:00,NMIH,,44.630001068115234,44.630001068115234,44.630001068115234,44.630001068115234,871.0
2026-08-05 15:20:00,NMRK,,15.675000190734863,15.6899995803833,15.675000190734863,15.6899995803833,3634.0
2026-08-05 15:20:00,NN,,14.682999610900879,14.682999610900879,14.680000305175781,14.680000305175781,2087.0
2026-08-05 15:20:00,NNBR,,3.8299999237060547,3.8350000381469727,3.819999933242798,3.819999933242798,8367.0
2026-08-05 15:20:00,NNDM,,1.5499999523162842,1.5549999475479126,1.5499999523162842,1.5549999475479126,1000.0
2026-08-05 15:20:00,NOVT,,155.0,155.0,154.92999267578125,154.92999267578125,4763.0
2026-08-05 15:20:00,NRIX,,24.829999923706055,24.850000381469727,24.829999923706055,24.850000381469727,1937.0
2026-08-05 15:20:00,NRSN,,0.5400000214576721,0.5424000024795532,0.5400000214576721,0.5424000024795532,19997.0
2026-08-05 15:20:00,NRXP,,3.069999933242798,3.069999933242798,3.069999933242798,3.069999933242798,367.0
2026-08-05 15:20:00,NTAP,,190.2550048828125,190.32000732421875,190.19000244140625,190.3074951171875,4814.0
2026-08-05 15:20:00,NTCT,,41.76499938964844,41.76499938964844,41.76499938964844,41.76499938964844,624.0
2026-08-05 15:20:00,NTES,,127.79000091552734,127.94999694824219,127.79000091552734,127.81999969482422,2381.0
2026-08-05 15:20:00,NTGR,,24.389999389648438,24.399999618530273,24.375,24.375,4373.0
2026-08-05 15:20:00,NTNX,,61.334999084472656,61.34000015258789,61.31999969482422,61.31999969482422,6932.0
2026-08-05 15:20:00,NTRA,,272.114990234375,272.20001220703125,272.114990234375,272.20001220703125,2402.0
2026-08-05 15:20:00,NTRS,,184.68499755859375,184.68499755859375,184.68499755859375,184.68499755859375,1122.0
2026-08-05 15:20:00,NUTX,,157.0800018310547,157.11000061035156,157.0800018310547,157.11000061035156,1334.0
2026-08-05 15:20:00,NUWE,,1.684999942779541,1.684999942779541,1.6799999475479126,1.684999942779541,10575.0
2026-08-05 15:20:00,NVAX,,7.605000019073486,7.605000019073486,7.605000019073486,7.605000019073486,1649.0
2026-08-05 15:20:00,NVDA,,221.91000366210938,221.92999267578125,221.75,221.7550048828125,223592.0
2026-08-05 15:20:00,NVEC,,129.97000122070312,130.0800018310547,129.6649932861328,129.85000610351562,1539.0
2026-08-05 15:20:00,NVMI,,406.7900085449219,406.7900085449219,406.7900085449219,406.7900085449219,171.0
2026-08-05 15:20:00,NVTS,,12.399999618530273,12.399999618530273,12.380000114440918,12.380000114440918,10439.0
2026-08-05 15:20:00,NWBI,,15.954999923706055,15.954999923706055,15.954999923706055,15.954999923706055,1203.0
2026-08-05 15:20:00,NWE,,69.1500015258789,69.1500015258789,69.1500015258789,69.1500015258789,524.0
2026-08-05 15:20:00,NWL,,6.164999961853027,6.170000076293945,6.159999847412109,6.164999961853027,8384.0
2026-08-05 15:20:00,NWS,,32.41999816894531,32.41999816894531,32.40999984741211,32.40999984741211,2523.0
2026-08-05 15:20:00,NWSA,,28.415000915527344,28.415000915527344,28.395000457763672,28.395000457763672,10584.0
2026-08-05 15:20:00,NXPI,,232.36500549316406,232.36500549316406,232.21499633789062,232.21499633789062,12652.0
2026-08-05 15:20:00,NXST,,189.4199981689453,189.4199981689453,189.4199981689453,189.4199981689453,535.0
2026-08-05 15:20:00,NXT,,99.50499725341797,99.58999633789062,99.15499877929688,99.19000244140625,34996.0
2026-08-05 15:20:00,NXTC,,5.057199954986572,5.057199954986572,5.057199954986572,5.057199954986572,415.0
2026-08-05 15:20:00,OBIO,,4.230000019073486,4.230000019073486,4.224999904632568,4.224999904632568,337.0
2026-08-05 15:20:00,OBT,,38.970001220703125,38.970001220703125,38.970001220703125,38.970001220703125,764.0
2026-08-05 15:20:00,OCC,,15.925000190734863,15.925000190734863,15.925000190734863,15.925000190734863,956.0
2026-08-05 15:20:00,OCFC,,19.90999984741211,19.90999984741211,19.899999618530273,19.905000686645508,1920.0
2026-08-05 15:20:00,OCGN,,1.284999966621399,1.284999966621399,1.284999966621399,1.284999966621399,10372.0
2026-08-05 15:20:00,OCSL,,12.029999732971191,12.03499984741211,12.020000457763672,12.03499984741211,7618.0
2026-08-05 15:20:00,OCUL,,8.5600004196167,8.569999694824219,8.5600004196167,8.569999694824219,6586.0
2026-08-05 15:20:00,ODFL,,214.125,214.125,214.125,214.125,908.0
2026-08-05 15:20:00,OFIX,,10.574999809265137,10.574999809265137,10.5600004196167,10.5600004196167,3345.0
2026-08-05 15:20:00,OKTA,,148.10499572753906,148.2899932861328,148.10499572753906,148.2899932861328,3798.0
2026-08-05 15:20:00,OLB,,0.3021000027656555,0.30219998955726624,0.3021000027656555,0.30219998955726624,6368.0
2026-08-05 15:20:00,OLLI,,78.01000213623047,78.12999725341797,77.9800033569336,78.12999725341797,5673.0
2026-08-05 15:20:00,OLMA,,11.489999771118164,11.510000228881836,11.489999771118164,11.510000228881836,2535.0
2026-08-05 15:20:00,OMER,,12.720000267028809,12.720000267028809,12.720000267028809,12.720000267028809,782.0
2026-08-05 15:20:00,OMH,,0.11749999970197678,0.11789999902248383,0.11729999631643295,0.11789999902248383,53284.0
2026-08-05 15:20:00,ON,,77.88999938964844,77.91500091552734,77.7300033569336,77.73999786376953,27299.0
2026-08-05 15:20:00,ONB,,26.985000610351562,26.988000869750977,26.985000610351562,26.988000869750977,4762.0
2026-08-05 15:20:00,ONCY,,0.7944999933242798,0.7944999933242798,0.7944999933242798,0.7944999933242798,210.0
2026-08-05 15:20:00,ONDS,,8.850299835205078,8.859999656677246,8.829999923706055,8.854999542236328,568699.0
2026-08-05 15:20:00,ONFO,,0.07649999856948853,0.07689999788999557,0.07649999856948853,0.07649999856948853,1476.0
2026-08-05 15:20:00,OPCH,,23.46500015258789,23.475000381469727,23.459999084472656,23.469999313354492,2322.0
2026-08-05 15:20:00,OPEN,,3.7300000190734863,3.740000009536743,3.7200000286102295,3.7200000286102295,112202.0
2026-08-05 15:20:00,ORIC,,12.890000343322754,12.899999618530273,12.880000114440918,12.880000114440918,11733.0
2026-08-05 15:20:00,ORLY,,93.02999877929688,93.05999755859375,93.02999877929688,93.04000091552734,6201.0
2026-08-05 15:20:00,OSBC,,25.79490089416504,25.79490089416504,25.79490089416504,25.79490089416504,714.0
2026-08-05 15:20:00,OSIS,,236.82000732421875,236.99000549316406,236.77000427246094,236.99000549316406,1057.0
2026-08-05 15:20:00,OSS,,13.499899864196777,13.499899864196777,13.499899864196777,13.499899864196777,416.0
2026-08-05 15:20:00,OSUR,,4.144999980926514,4.144999980926514,4.144999980926514,4.144999980926514,609.0
2026-08-05 15:20:00,OTEX,,25.760000228881836,25.81999969482422,25.7549991607666,25.81999969482422,13870.0
2026-08-05 15:20:00,OTLK,,1.0299999713897705,1.0299999713897705,1.0206999778747559,1.0219999551773071,32597.0
2026-08-05 15:20:00,OTTR,,92.37000274658203,92.37000274658203,92.31999969482422,92.31999969482422,2255.0
2026-08-05 15:20:00,OVID,,2.5899999141693115,2.5899999141693115,2.5899999141693115,2.5899999141693115,2000.0
2026-08-05 15:20:00,OVLY,,33.45000076293945,33.45000076293945,33.45000076293945,33.45000076293945,395.0
2026-08-05 15:20:00,OXLC,,9.145000457763672,9.145000457763672,9.140000343322754,9.140000343322754,2752.0
2026-08-05 15:20:00,OXSQ,,1.5049999952316284,1.509600043296814,1.5049999952316284,1.509600043296814,10157.0
2026-08-05 15:20:00,PAA,,23.165000915527344,23.170000076293945,23.145000457763672,23.149999618530273,27424.0
2026-08-05 15:20:00,PAAS,,48.2400016784668,48.25,48.224998474121094,48.22999954223633,11106.0
2026-08-05 15:20:00,PACB,,1.2899999618530273,1.2999000549316406,1.2899999618530273,1.2899999618530273,20148.0
2026-08-05 15:20:00,PAGP,,25.1299991607666,25.1299991607666,25.125,25.125,8087.0
2026-08-05 15:20:00,PALI,,2.119999885559082,2.119999885559082,2.115000009536743,2.119999885559082,2690.0
2026-08-05 15:20:00,PANL,,7.281000137329102,7.281000137329102,7.28000020980835,7.28000020980835,921.0
2026-08-05 15:20:00,PANW,,364.32000732421875,364.7300109863281,364.29998779296875,364.526611328125,10170.0
2026-08-05 15:20:00,PASG,,4.610000133514404,4.610000133514404,4.610000133514404,4.610000133514404,408.0
2026-08-05 15:20:00,PATK,,87.7300033569336,87.75499725341797,87.7300033569336,87.75499725341797,5628.0
2026-08-05 15:20:00,PAVS,,4.960000038146973,4.960000038146973,4.960000038146973,4.960000038146973,787.0
2026-08-05 15:20:00,PAX,,11.385000228881836,11.385000228881836,11.385000228881836,11.385000228881836,3511.0
2026-08-05 15:20:00,PAYO,,7.119999885559082,7.125,7.119999885559082,7.119999885559082,108641.0
2026-08-05 15:20:00,PAYS,,9.114999771118164,9.114999771118164,9.114999771118164,9.114999771118164,239.0
2026-08-05 15:20:00,PAYX,,117.7300033569336,117.75,117.70999908447266,117.70999908447266,5428.0
2026-08-05 15:20:00,PBYI,,8.029999732971191,8.029999732971191,8.029999732971191,8.029999732971191,672.0
2026-08-05 15:20:00,PCAR,,133.8000030517578,133.88999938964844,133.8000030517578,133.84500122070312,9405.0
2026-08-05 15:20:00,PCT,,6.920300006866455,6.929999828338623,6.920000076293945,6.929999828338623,5414.0
2026-08-05 15:20:00,PCTY,,146.42999267578125,146.52000427246094,146.3300018310547,146.3300018310547,1996.0
2026-08-05 15:20:00,PCYO,,10.59000015258789,10.59000015258789,10.59000015258789,10.59000015258789,342.0
2026-08-05 15:20:00,PDD,,90.70500183105469,90.70999908447266,90.68000030517578,90.68000030517578,4116.0
2026-08-05 15:20:00,PDEX,,67.21600341796875,67.21600341796875,67.21600341796875,67.21600341796875,377.0
2026-08-05 15:20:00,PEBO,,41.619998931884766,41.619998931884766,41.619998931884766,41.619998931884766,547.0
2026-08-05 15:20:00,PECO,,41.415000915527344,41.43000030517578,41.415000915527344,41.43000030517578,2233.0
2026-08-05 15:20:00,PEGA,,31.850000381469727,31.8799991607666,31.850000381469727,31.870100021362305,7536.0
2026-08-05 15:20:00,PENN,,19.674999237060547,19.674999237060547,19.649999618530273,19.649999618530273,8988.0
2026-08-05 15:20:00,PEP,,138.32000732421875,138.3350067138672,138.32000732421875,138.32000732421875,6827.0
2026-08-05 15:20:00,PEPG,,1.9600000381469727,1.965000033378601,1.9600000381469727,1.965000033378601,3208.0
2026-08-05 15:20:00,PERI,,9.614999771118164,9.619999885559082,9.614999771118164,9.614999771118164,1227.0
2026-08-05 15:20:00,PFG,,114.2300033569336,114.2300033569336,114.2300033569336,114.2300033569336,633.0
2026-08-05 15:20:00,PGEN,,6.974999904632568,6.989999771118164,6.96999979019165,6.989999771118164,38505.0
2026-08-05 15:20:00,PGY,,21.700000762939453,21.700000762939453,21.6924991607666,21.700000762939453,2748.0
2026-08-05 15:20:00,PHAT,,8.380000114440918,8.380000114440918,8.380000114440918,8.380000114440918,650.0
2026-08-05 15:20:00,PHVS,,33.5,33.5,33.5,33.5,310.0
2026-08-05 15:20:00,PLAB,,32.20000076293945,32.20000076293945,32.1349983215332,32.1349983215332,4810.0
2026-08-05 15:20:00,PLMR,,134.97999572753906,134.97999572753906,134.48500061035156,134.48500061035156,2896.0
2026-08-05 15:20:00,PLPC,,470.7049865722656,471.69500732421875,470.7049865722656,471.69500732421875,470.0
2026-08-05 15:20:00,PLTK,,3.8949999809265137,3.9049999713897705,3.8949999809265137,3.9000000953674316,6462.0
2026-08-05 15:20:00,PLUG,,2.0799999237060547,2.0799999237060547,2.069999933242798,2.075000047683716,12881.0
2026-08-05 15:20:00,PLUR,,1.6799999475479126,1.6799999475479126,1.6699999570846558,1.6699999570846558,389.0
2026-08-05 15:20:00,PLXS,,276.5299987792969,276.5299987792969,276.5299987792969,276.5299987792969,1916.0
2026-08-05 15:20:00,PNBK,,1.1299999952316284,1.1299999952316284,1.1299999952316284,1.1299999952316284,200.0
2026-08-05 15:20:00,PNFP,,107.61000061035156,107.65499877929688,107.58999633789062,107.61000061035156,3684.0
2026-08-05 15:20:00,PNTG,,38.72999954223633,38.72999954223633,38.72999954223633,38.72999954223633,349.0
2026-08-05 15:20:00,PODC,,3.420099973678589,3.420099973678589,3.420099973678589,3.420099973678589,1958.0
2026-08-05 15:20:00,POET,,8.234999656677246,8.239999771118164,8.229999542236328,8.239999771118164,15911.0
2026-08-05 15:20:00,POOL,,205.0500030517578,205.0500030517578,205.0500030517578,205.0500030517578,565.0
2026-08-05 15:20:00,POWI,,61.935001373291016,61.935001373291016,61.935001373291016,61.935001373291016,1299.0
2026-08-05 15:20:00,POWL,,211.02999877929688,211.22999572753906,210.6199951171875,210.72999572753906,2375.0
2026-08-05 15:20:00,PPBT,,1.4550000429153442,1.4550000429153442,1.4550000429153442,1.4550000429153442,692.0
2026-08-05 15:20:00,PPC,,26.3799991607666,26.3799991607666,26.3799991607666,26.3799991607666,966.0
2026-08-05 15:20:00,PRAA,,17.299999237060547,17.299999237060547,17.299999237060547,17.299999237060547,356.0
2026-08-05 15:20:00,PRAX,,317.80499267578125,318.2499084472656,317.80499267578125,318.2499084472656,534.0
2026-08-05 15:20:00,PRCH,,15.829999923706055,15.829999923706055,15.819999694824219,15.819999694824219,1972.0
2026-08-05 15:20:00,PRCT,,19.334999084472656,19.360000610351562,19.299999237060547,19.329999923706055,7622.0
2026-08-05 15:20:00,PRGS,,42.2400016784668,42.2400016784668,42.2400016784668,42.2400016784668,823.0
2026-08-05 15:20:00,PRIM,,84.44999694824219,84.72000122070312,84.44499969482422,84.66000366210938,7264.0
2026-08-05 15:20:00,PRME,,3.0399999618530273,3.0399999618530273,3.0399999618530273,3.0399999618530273,12557.0
2026-08-05 15:20:00,PROK,,1.6449999809265137,1.6449999809265137,1.6399999856948853,1.6399999856948853,343.0
2026-08-05 15:20:00,PRQR,,1.975000023841858,1.975000023841858,1.975000023841858,1.975000023841858,400.0
2026-08-05 15:20:00,PRTA,,8.4399995803833,8.449999809265137,8.4399995803833,8.444999694824219,1509.0
2026-08-05 15:20:00,PRTH,,6.639999866485596,6.644999980926514,6.639999866485596,6.644999980926514,5226.0
2026-08-05 15:20:00,PRVA,,23.989999771118164,24.0,23.989999771118164,24.0,1397.0
2026-08-05 15:20:00,PSEC,,2.184999942779541,2.184999942779541,2.180000066757202,2.180000066757202,1768.0
2026-08-05 15:20:00,PTC,,140.0,140.0,139.97999572753906,139.99000549316406,1757.0
2026-08-05 15:20:00,PTCT,,68.7699966430664,68.83000183105469,68.7699966430664,68.83000183105469,3227.0
2026-08-05 15:20:00,PTEN,,9.734999656677246,9.75,9.734999656677246,9.734999656677246,25537.0
2026-08-05 15:20:00,PTLO,,4.625,4.630000114440918,4.625,4.625,1883.0
2026-08-05 15:20:00,PTON,,6.485000133514404,6.494999885559082,6.485000133514404,6.489999771118164,20635.0
2026-08-05 15:20:00,PUBM,,13.59000015258789,13.595000267028809,13.59000015258789,13.595000267028809,1407.0
2026-08-05 15:20:00,PWP,,17.459999084472656,17.459999084472656,17.43000030517578,17.450000762939453,1731.0
2026-08-05 15:20:00,PYPL,,57.98500061035156,58.0,57.97999954223633,57.97999954223633,7610.0
2026-08-05 15:20:00,PYXS,,3.130000114440918,3.134999990463257,3.130000114440918,3.130000114440918,4200.0
2026-08-05 15:20:00,PZZA,,29.729999542236328,29.739999771118164,29.729999542236328,29.729999542236328,1985.0
2026-08-05 15:20:00,QCOM,,158.75999450683594,158.75999450683594,158.58999633789062,158.6300048828125,9458.0
2026-08-05 15:20:00,QFIN,,13.170000076293945,13.170000076293945,13.170000076293945,13.170000076293945,628.0
2026-08-05 15:20:00,QRVO,,95.33499908447266,95.33499908447266,95.19499969482422,95.19499969482422,2119.0
2026-08-05 15:20:00,SEED,,1.0449999570846558,1.0449999570846558,1.0449999570846558,1.0449999570846558,1360.0
2026-08-05 15:20:00,STIM,,2.390000104904175,2.4000000953674316,2.365000009536743,2.365000009536743,51885.0
2026-08-05 15:20:00,TARA,,3.990000009536743,3.994999885559082,3.990000009536743,3.994999885559082,882.0
2026-08-05 15:20:00,WOOF,,2.934999942779541,2.934999942779541,2.934999942779541,2.934999942779541,1725.0
2026-08-05 15:21:00,ACDC,,4.494999885559082,4.5,4.489999771118164,4.5,5358.0
2026-08-05 15:21:00,BPOP,,177.08999633789062,177.10000610351562,177.0800018310547,177.08999633789062,3904.0
2026-08-05 15:21:00,CASH,,89.41000366210938,89.41000366210938,89.41000366210938,89.41000366210938,232.0
2026-08-05 15:21:00,CNXN,,86.0199966430664,86.0199966430664,86.0199966430664,86.0199966430664,760.0
2026-08-05 15:21:00,EYE,,22.979999542236328,22.979999542236328,22.959999084472656,22.969999313354492,1736.0
2026-08-05 15:21:00,FIZZ,,32.08000183105469,32.08000183105469,32.08000183105469,32.08000183105469,331.0
2026-08-05 15:21:00,GLUE,,15.364999771118164,15.364999771118164,15.364999771118164,15.364999771118164,1481.0
2026-08-05 15:21:00,KIDS,,21.3799991607666,21.385000228881836,21.3799991607666,21.385000228881836,1726.0
2026-08-05 15:21:00,LUNG,,2.0,2.0,2.0,2.0,3770.0
2026-08-05 15:21:00,MBRX,,0.3970000147819519,0.3978999853134155,0.3968999981880188,0.39750000834465027,2943.0
2026-08-05 15:21:00,MDB,,374.5400085449219,374.80499267578125,374.2250061035156,374.80499267578125,4293.0
2026-08-05 15:21:00,MDLZ,,62.56999969482422,62.599998474121094,62.56999969482422,62.595001220703125,8891.0
2026-08-05 15:21:00,MLTX,,17.530000686645508,17.530000686645508,17.510000228881836,17.510000228881836,3630.0
2026-08-05 15:21:00,MNRO,,13.140000343322754,13.140000343322754,13.130000114440918,13.130000114440918,1861.0
2026-08-05 15:21:00,MNST,,94.43000030517578,94.44499969482422,94.43000030517578,94.44499969482422,5752.0
2026-08-05 15:21:00,MNTS,,4.275000095367432,4.275000095367432,4.275000095367432,4.275000095367432,577.0
2026-08-05 15:21:00,MORN,,197.9600067138672,197.9600067138672,197.9600067138672,197.9600067138672,383.0
2026-08-05 15:21:00,MOVE,,12.15999984741211,12.190099716186523,12.15999984741211,12.190099716186523,1998.0
2026-08-05 15:21:00,MPWR,,1348.8125,1349.9599609375,1348.739990234375,1348.7900390625,767.0
2026-08-05 15:21:00,MRNA,,56.345001220703125,56.349998474121094,56.31999969482422,56.33000183105469,6505.0
2026-08-05 15:21:00,MYGN,,3.0999999046325684,3.0999999046325684,3.0999999046325684,3.0999999046325684,808.0
2026-08-05 15:21:00,MYRG,,339.7699890136719,339.7799987792969,339.7699890136719,339.7799987792969,308.0
2026-08-05 15:21:00,NAMS,,27.2549991607666,27.2549991607666,27.235000610351562,27.239999771118164,5627.0
2026-08-05 15:21:00,NAUT,,0.9351999759674072,0.9380000233650208,0.9319999814033508,0.9380000233650208,13149.0
2026-08-05 15:21:00,NB,,5.025000095367432,5.03000020980835,5.025000095367432,5.03000020980835,2681.0
2026-08-05 15:21:00,NBIX,,162.48500061035156,162.48500061035156,162.41000366210938,162.4499969482422,2725.0
2026-08-05 15:21:00,NBTB,,53.2599983215332,53.2599983215332,53.2599983215332,53.2599983215332,322.0
2026-08-05 15:21:00,NDAQ,,94.57879638671875,94.66999816894531,94.57879638671875,94.66500091552734,3879.0
2026-08-05 15:21:00,NDSN,,310.760009765625,310.760009765625,310.739990234375,310.739990234375,291.0
2026-08-05 15:21:00,NEGG,,17.307100296020508,17.40999984741211,17.307100296020508,17.40999984741211,724.0
2026-08-05 15:21:00,NEO,,15.779999732971191,15.78499984741211,15.779999732971191,15.779999732971191,4775.0
2026-08-05 15:21:00,NEOG,,11.489999771118164,11.505000114440918,11.484999656677246,11.484999656677246,17153.0
2026-08-05 15:21:00,NEON,,0.9060999751091003,0.9348999857902527,0.9060999751091003,0.9348999857902527,5481.0
2026-08-05 15:21:00,NEOV,,2.9100000858306885,2.940000057220459,2.890000104904175,2.940000057220459,81889.0
2026-08-05 15:21:00,NESR,,28.579999923706055,28.59000015258789,28.579999923706055,28.59000015258789,2038.0
2026-08-05 15:21:00,NEWT,,14.979999542236328,15.015000343322754,14.979999542236328,15.015000343322754,1592.0
2026-08-05 15:21:00,NEXT,,6.465000152587891,6.465000152587891,6.465000152587891,6.465000152587891,1780.0
2026-08-05 15:21:00,NFLX,,73.68499755859375,73.69000244140625,73.62999725341797,73.6500015258789,55536.0
2026-08-05 15:21:00,NGNE,,35.744998931884766,35.744998931884766,35.744998931884766,35.744998931884766,367.0
2026-08-05 15:21:00,NICE,,99.75,100.01000213623047,99.45999908447266,100.01000213623047,8732.0
2026-08-05 15:21:00,NIU,,2.444999933242798,2.444999933242798,2.444999933242798,2.444999933242798,396.0
2026-08-05 15:21:00,NKTR,,72.7249984741211,72.7249984741211,72.7249984741211,72.7249984741211,337.0
2026-08-05 15:21:00,NKTX,,2.200000047683716,2.2100000381469727,2.200000047683716,2.200000047683716,1586.0
2026-08-05 15:21:00,NMIH,,44.625,44.625,44.619998931884766,44.619998931884766,1128.0
2026-08-05 15:21:00,NMRK,,15.664999961853027,15.670000076293945,15.664999961853027,15.670000076293945,4535.0
2026-08-05 15:21:00,NN,,14.729999542236328,14.729999542236328,14.670000076293945,14.680000305175781,7600.0
2026-08-05 15:21:00,NNBR,,3.825000047683716,3.8299999237060547,3.825000047683716,3.8285999298095703,1174.0
2026-08-05 15:21:00,NNDM,,1.5549999475479126,1.5549999475479126,1.5549999475479126,1.5549999475479126,1100.0
2026-08-05 15:21:00,NRDS,,9.0649995803833,9.0649995803833,9.0649995803833,9.0649995803833,709.0
2026-08-05 15:21:00,NRIX,,24.795000076293945,24.809999465942383,24.795000076293945,24.795000076293945,1096.0
2026-08-05 15:21:00,NRXP,,3.055000066757202,3.059999942779541,3.049999952316284,3.059999942779541,1415.0
2026-08-05 15:21:00,NTAP,,190.02000427246094,190.1199951171875,190.02000427246094,190.07000732421875,1871.0
2026-08-05 15:21:00,NTES,,127.7750015258789,127.7750015258789,127.7750015258789,127.7750015258789,414.0
2026-08-05 15:21:00,NTNX,,61.310001373291016,61.31999969482422,61.28499984741211,61.31999969482422,11223.0
2026-08-05 15:21:00,NTRS,,184.68499755859375,184.74000549316406,184.63999938964844,184.63999938964844,1805.0
2026-08-05 15:21:00,NVAX,,7.601500034332275,7.605000019073486,7.601500034332275,7.605000019073486,758.0
2026-08-05 15:21:00,NVCR,,16.05500030517578,16.094999313354492,16.05500030517578,16.094999313354492,6991.0
2026-08-05 15:21:00,NVCT,,19.540000915527344,19.540000915527344,19.540000915527344,19.540000915527344,850.0
2026-08-05 15:21:00,NVDA,,221.96499633789062,222.02780151367188,221.88999938964844,221.91000366210938,374147.0
2026-08-05 15:21:00,NVEC,,129.97000122070312,129.97000122070312,129.97000122070312,129.97000122070312,752.0
2026-08-05 15:21:00,NVMI,,406.7550048828125,406.7550048828125,406.7550048828125,406.7550048828125,640.0
2026-08-05 15:21:00,NVTS,,12.404999732971191,12.40999984741211,12.395000457763672,12.404999732971191,13082.0
2026-08-05 15:21:00,NWBI,,15.954999923706055,15.954999923706055,15.954999923706055,15.954999923706055,754.0
2026-08-05 15:21:00,NWL,,6.159999847412109,6.164999961853027,6.159999847412109,6.164999961853027,9720.0
2026-08-05 15:21:00,NWS,,32.439998626708984,32.439998626708984,32.41999816894531,32.41999816894531,2209.0
2026-08-05 15:21:00,NWSA,,28.440000534057617,28.440000534057617,28.399999618530273,28.415000915527344,18911.0
2026-08-05 15:21:00,NXPI,,232.4250030517578,232.47000122070312,232.31500244140625,232.4600067138672,4485.0
2026-08-05 15:21:00,NXST,,189.64999389648438,189.67999267578125,189.2100067138672,189.4199981689453,4081.0
2026-08-05 15:21:00,NXT,,99.05500030517578,99.44000244140625,98.9000015258789,99.41999816894531,13312.0
2026-08-05 15:21:00,NXTC,,5.068900108337402,5.068900108337402,5.068900108337402,5.068900108337402,1504.0
2026-08-05 15:21:00,NYXH,,1.409999966621399,1.409999966621399,1.409999966621399,1.409999966621399,964.0
2026-08-05 15:21:00,OABI,,2.065000057220459,2.065000057220459,2.065000057220459,2.065000057220459,328.0
2026-08-05 15:21:00,OCCI,,2.4886999130249023,2.4886999130249023,2.4886999130249023,2.4886999130249023,1127.0
2026-08-05 15:21:00,OCGN,,1.284999966621399,1.284999966621399,1.284999966621399,1.284999966621399,3772.0
2026-08-05 15:21:00,OCSL,,12.039999961853027,12.039999961853027,12.03499984741211,12.03499984741211,1848.0
2026-08-05 15:21:00,OCUL,,8.5600004196167,8.5600004196167,8.555000305175781,8.555000305175781,3195.0
2026-08-05 15:21:00,ODD,,15.270000457763672,15.270000457763672,15.260000228881836,15.260000228881836,2358.0
2026-08-05 15:21:00,ODFL,,214.1300048828125,214.14999389648438,214.08999633789062,214.10499572753906,1790.0
2026-08-05 15:21:00,OFIX,,10.574999809265137,10.574999809265137,10.574999809265137,10.574999809265137,600.0
2026-08-05 15:21:00,OFS,,3.5299999713897705,3.5299999713897705,3.5299999713897705,3.5299999713897705,402.0
2026-08-05 15:21:00,OKTA,,147.8000030517578,148.0399932861328,147.8000030517578,148.0399932861328,3497.0
2026-08-05 15:21:00,OLLI,,78.05000305175781,78.05000305175781,77.99500274658203,78.0,2187.0
2026-08-05 15:21:00,OLMA,,11.484999656677246,11.484999656677246,11.479999542236328,11.479999542236328,1046.0
2026-08-05 15:21:00,OM,,5.110000133514404,5.119999885559082,5.105000019073486,5.119999885559082,703.0
2026-08-05 15:21:00,OMCL,,37.25,37.25,37.25,37.25,896.0
2026-08-05 15:21:00,OMH,,0.11729999631643295,0.11739999800920486,0.11729999631643295,0.11739999800920486,9580.0
2026-08-05 15:21:00,ON,,77.8550033569336,77.88999938964844,77.7750015258789,77.88999938964844,26734.0
2026-08-05 15:21:00,ONB,,26.985000610351562,26.985000610351562,26.979999542236328,26.979999542236328,11917.0
2026-08-05 15:21:00,ONDS,,8.835000038146973,8.854999542236328,8.8302001953125,8.854999542236328,767749.0
2026-08-05 15:21:00,ONFO,,0.07620000094175339,0.07670000195503235,0.07599999755620956,0.07599999755620956,45493.0
2026-08-05 15:21:00,ONMD,,0.642799973487854,0.6456000208854675,0.642799973487854,0.6456000208854675,2726.0
2026-08-05 15:21:00,OPCH,,23.454999923706055,23.46500015258789,23.44499969482422,23.46500015258789,11221.0
2026-08-05 15:21:00,OPEN,,3.734999895095825,3.740000009536743,3.7300000190734863,3.739300012588501,81235.0
2026-08-05 15:21:00,OPHC,,8.710000038146973,8.710000038146973,8.710000038146973,8.710000038146973,301.0
2026-08-05 15:21:00,OPK,,1.315000057220459,1.315000057220459,1.315000057220459,1.315000057220459,200.0
2026-08-05 15:21:00,OPRA,,19.950000762939453,19.950000762939453,19.950000762939453,19.950000762939453,512.0
2026-08-05 15:21:00,OPRT,,6.059999942779541,6.070000171661377,6.039999961853027,6.070000171661377,4675.0
2026-08-05 15:21:00,ORGO,,2.3350000381469727,2.3350000381469727,2.3350000381469727,2.3350000381469727,492.0
2026-08-05 15:21:00,ORIC,,12.90999984741211,12.90999984741211,12.880000114440918,12.880000114440918,4919.0
2026-08-05 15:21:00,ORLY,,93.05000305175781,93.05000305175781,93.0,93.03500366210938,9195.0
2026-08-05 15:21:00,OSIS,,236.7899932861328,236.7899932861328,236.7899932861328,236.7899932861328,309.0
2026-08-05 15:21:00,OSS,,13.460000038146973,13.470000267028809,13.460000038146973,13.470000267028809,567.0
2026-08-05 15:21:00,OTEX,,25.75,25.760000228881836,25.75,25.760000228881836,2169.0
2026-08-05 15:21:00,OTLK,,1.020400047302246,1.024999976158142,1.0199999809265137,1.024999976158142,6233.0
2026-08-05 15:21:00,OVID,,2.5899999141693115,2.5899999141693115,2.5850000381469727,2.5850000381469727,1364.0
2026-08-05 15:21:00,PAA,,23.165000915527344,23.165000915527344,23.165000915527344,23.165000915527344,482.0
2026-08-05 15:21:00,PAAS,,48.26499938964844,48.27000045776367,48.23500061035156,48.2400016784668,13865.0
2026-08-05 15:21:00,PACB,,1.284999966621399,1.2900999784469604,1.2799999713897705,1.2900999784469604,97054.0
2026-08-05 15:21:00,PALI,,2.115000009536743,2.119999885559082,2.115000009536743,2.115000009536743,2033.0
2026-08-05 15:21:00,PANL,,7.275000095367432,7.275000095367432,7.275000095367432,7.275000095367432,937.0
2026-08-05 15:21:00,PANW,,363.94000244140625,364.0950012207031,363.80999755859375,364.07000732421875,7821.0
2026-08-05 15:21:00,PATK,,87.51000213623047,87.51000213623047,87.51000213623047,87.51000213623047,1120.0
2026-08-05 15:21:00,PAX,,11.385000228881836,11.385000228881836,11.385000228881836,11.385000228881836,1827.0
2026-08-05 15:21:00,PAYO,,7.119999885559082,7.125,7.119999885559082,7.125,208146.0
2026-08-05 15:21:00,PAYX,,117.66000366210938,117.7300033569336,117.66000366210938,117.7300033569336,8838.0
2026-08-05 15:21:00,PBYI,,8.024999618530273,8.024999618530273,8.024999618530273,8.024999618530273,800.0
2026-08-05 15:21:00,PCAR,,133.80499267578125,133.82949829101562,133.75,133.75,4216.0
2026-08-05 15:21:00,PCRX,,24.8700008392334,24.8799991607666,24.860000610351562,24.864999771118164,10253.0
2026-08-05 15:21:00,PCT,,6.909999847412109,6.920000076293945,6.909999847412109,6.920000076293945,6497.0
2026-08-05 15:21:00,PCTY,,146.0749969482422,146.35000610351562,146.0749969482422,146.35000610351562,3438.0
2026-08-05 15:21:00,PDD,,90.69319915771484,90.70999908447266,90.69000244140625,90.69999694824219,7325.0
2026-08-05 15:21:00,PDSB,,0.7135999798774719,0.7135999798774719,0.7135999798774719,0.7135999798774719,9104.0
2026-08-05 15:21:00,PEGA,,31.81999969482422,31.84000015258789,31.81999969482422,31.84000015258789,2709.0
2026-08-05 15:21:00,PENN,,19.670000076293945,19.68000030517578,19.670000076293945,19.68000030517578,3964.0
2026-08-05 15:21:00,PEP,,138.2899932861328,138.3300018310547,138.2899932861328,138.31500244140625,5494.0
2026-08-05 15:21:00,PFG,,114.19999694824219,114.19999694824219,114.16999816894531,114.19999694824219,1371.0
2026-08-05 15:21:00,PGEN,,6.974999904632568,6.985000133514404,6.974999904632568,6.980000019073486,18526.0
2026-08-05 15:21:00,PGNY,,31.549999237060547,31.549999237060547,31.549999237060547,31.549999237060547,774.0
2026-08-05 15:21:00,PGY,,21.689899444580078,21.69499969482422,21.684999465942383,21.690000534057617,2253.0
2026-08-05 15:21:00,PHAT,,8.380000114440918,8.380000114440918,8.380000114440918,8.380000114440918,725.0
2026-08-05 15:21:00,PLAB,,32.189998626708984,32.189998626708984,32.189998626708984,32.189998626708984,1433.0
2026-08-05 15:21:00,PLMR,,134.94000244140625,134.94000244140625,134.92999267578125,134.92999267578125,1835.0
2026-08-05 15:21:00,PLPC,,472.260009765625,472.260009765625,471.8599853515625,471.8599853515625,391.0
2026-08-05 15:21:00,PLSE,,37.599998474121094,37.599998474121094,37.599998474121094,37.599998474121094,617.0
2026-08-05 15:21:00,PLUG,,2.075000047683716,2.0799999237060547,2.069999933242798,2.0764000415802,133153.0
2026-08-05 15:21:00,PNFP,,107.5199966430664,107.58999633789062,107.51000213623047,107.58999633789062,2574.0
2026-08-05 15:21:00,PNTG,,38.71500015258789,38.720001220703125,38.71500015258789,38.720001220703125,4440.0
2026-08-05 15:21:00,POET,,8.234999656677246,8.239999771118164,8.234999656677246,8.239999771118164,2058.0
2026-08-05 15:21:00,POWI,,61.935001373291016,61.935001373291016,61.935001373291016,61.935001373291016,606.0
2026-08-05 15:21:00,POWL,,210.75,210.99000549316406,210.75,210.99000549316406,671.0
2026-08-05 15:21:00,PPC,,26.399999618530273,26.399999618530273,26.3799991607666,26.3799991607666,5117.0
2026-08-05 15:21:00,PPTA,,22.65999984741211,22.65999984741211,22.639999389648438,22.639999389648438,2734.0
2026-08-05 15:21:00,PRAA,,17.280000686645508,17.280099868774414,17.270000457763672,17.280000686645508,3370.0
2026-08-05 15:21:00,PRAX,,317.81500244140625,317.81500244140625,317.6000061035156,317.6000061035156,853.0
2026-08-05 15:21:00,PRCH,,15.829999923706055,15.84000015258789,15.829999923706055,15.829999923706055,2619.0
2026-08-05 15:21:00,PRCT,,19.395000457763672,19.395000457763672,19.329999923706055,19.329999923706055,14207.0
2026-08-05 15:21:00,PRDO,,32.82500076293945,32.82500076293945,32.82500076293945,32.82500076293945,1098.0
2026-08-05 15:21:00,PRFX,,1.1200000047683716,1.1200000047683716,1.1200000047683716,1.1200000047683716,965.0
2026-08-05 15:21:00,PRGS,,42.130001068115234,42.2400016784668,42.130001068115234,42.2400016784668,1590.0
2026-08-05 15:21:00,PRIM,,84.33999633789062,84.45999908447266,84.30999755859375,84.45999908447266,4177.0
2026-08-05 15:21:00,PRLD,,4.570000171661377,4.570000171661377,4.570000171661377,4.570000171661377,108.0
2026-08-05 15:21:00,PRME,,3.0450000762939453,3.0450000762939453,3.0399999618530273,3.0399999618530273,3900.0
2026-08-05 15:21:00,PROK,,1.6449999809265137,1.6449999809265137,1.6449999809265137,1.6449999809265137,256.0
2026-08-05 15:21:00,PRQR,,1.975000023841858,1.975000023841858,1.975000023841858,1.975000023841858,939.0
2026-08-05 15:21:00,PRVA,,24.0,24.0,23.989999771118164,23.989999771118164,1485.0
2026-08-05 15:21:00,PRZO,,0.559499979019165,0.559499979019165,0.559499979019165,0.559499979019165,0.0
2026-08-05 15:21:00,PSEC,,2.190000057220459,2.190000057220459,2.184999942779541,2.184999942779541,3291.0
2026-08-05 15:21:00,PSNL,,13.510000228881836,13.520000457763672,13.505000114440918,13.520000457763672,2734.0
2026-08-05 15:21:00,PSNY,,14.079999923706055,14.079999923706055,14.079999923706055,14.079999923706055,139.0
2026-08-05 15:21:00,PTC,,139.92999267578125,139.97000122070312,139.90499877929688,139.9499969482422,6309.0
2026-08-05 15:21:00,PTEN,,9.734999656677246,9.734999656677246,9.734999656677246,9.734999656677246,2644.0
2026-08-05 15:21:00,PTGX,,136.1300048828125,136.13999938964844,136.1300048828125,136.13999938964844,2205.0
2026-08-05 15:21:00,PTLO,,4.625,4.625,4.625,4.625,762.0
2026-08-05 15:21:00,PTON,,6.474100112915039,6.489999771118164,6.470099925994873,6.485000133514404,10460.0
2026-08-05 15:21:00,PUBM,,13.579999923706055,13.595000267028809,13.579999923706055,13.595000267028809,5189.0
2026-08-05 15:21:00,PWP,,17.420000076293945,17.450000762939453,17.420000076293945,17.450000762939453,3367.0
2026-08-05 15:21:00,PYPD,,4.590000152587891,4.590000152587891,4.590000152587891,4.590000152587891,150.0
2026-08-05 15:21:00,PYPL,,57.96500015258789,57.970001220703125,57.95500183105469,57.970001220703125,8310.0
2026-08-05 15:21:00,PZZA,,29.780000686645508,29.780000686645508,29.739999771118164,29.739999771118164,7883.0
2026-08-05 15:21:00,QCOM,,158.75900268554688,158.75900268554688,158.6699981689453,158.74000549316406,8460.0
2026-08-05 15:21:00,QFIN,,13.170000076293945,13.170000076293945,13.170000076293945,13.170000076293945,660.0
2026-08-05 15:21:00,QRVO,,95.31500244140625,95.36000061035156,95.31500244140625,95.3550033569336,1171.0
2026-08-05 15:21:00,SEED,,1.0597000122070312,1.0597000122070312,1.0399999618530273,1.0497000217437744,907.0
2026-08-05 15:21:00,STIM,,2.384999990463257,2.384999990463257,2.384999990463257,2.384999990463257,8022.0
2026-08-05 15:22:00,ACDC,,4.494999885559082,4.5,4.494999885559082,4.5,1516.0
2026-08-05 15:22:00,BPOP,,177.10000610351562,177.10000610351562,177.10000610351562,177.10000610351562,3208.0
2026-08-05 15:22:00,CASH,,89.5199966430664,89.5199966430664,89.5199966430664,89.5199966430664,201.0
2026-08-05 15:22:00,DTIL,,7.460000038146973,7.460000038146973,7.460000038146973,7.460000038146973,953.0
2026-08-05 15:22:00,EYE,,22.969999313354492,22.979999542236328,22.959999084472656,22.979999542236328,7702.0
2026-08-05 15:22:00,FIZZ,,32.09000015258789,32.09000015258789,32.09000015258789,32.09000015258789,662.0
2026-08-05 15:22:00,FRST,,16.5049991607666,16.5049991607666,16.5049991607666,16.5049991607666,437.0
2026-08-05 15:22:00,GLUE,,15.364999771118164,15.364999771118164,15.350000381469727,15.364999771118164,4187.0
2026-08-05 15:22:00,KIDS,,21.375,21.375,21.375,21.375,106.0
2026-08-05 15:22:00,LUNG,,1.9900000095367432,1.9900000095367432,1.9900000095367432,1.9900000095367432,1093.0
2026-08-05 15:22:00,MBRX,,0.4002000093460083,0.40149998664855957,0.39809998869895935,0.40149998664855957,1201.0
2026-08-05 15:22:00,MDB,,374.489990234375,374.5199890136719,374.4024963378906,374.5199890136719,1649.0
2026-08-05 15:22:00,MDLZ,,62.54999923706055,62.56999969482422,62.53499984741211,62.56999969482422,10044.0
2026-08-05 15:22:00,MLTX,,17.545000076293945,17.545000076293945,17.545000076293945,17.545000076293945,384.0
2026-08-05 15:22:00,MNPR,,118.69499969482422,118.69499969482422,118.69499969482422,118.69499969482422,399.0
2026-08-05 15:22:00,MNRO,,13.149999618530273,13.149999618530273,13.149999618530273,13.149999618530273,3955.0
2026-08-05 15:22:00,MNST,,94.38999938964844,94.43000030517578,94.38999938964844,94.43000030517578,6167.0
2026-08-05 15:22:00,MORN,,197.8074951171875,197.8074951171875,197.74000549316406,197.75,3328.0
2026-08-05 15:22:00,MOVE,,12.150099754333496,12.150099754333496,12.150099754333496,12.150099754333496,244.0
2026-08-05 15:22:00,MPWR,,1348.1800537109375,1348.800048828125,1347.6400146484375,1348.800048828125,802.0
2026-08-05 15:22:00,MRNA,,56.38999938964844,56.38999938964844,56.349998474121094,56.349998474121094,3513.0
2026-08-05 15:22:00,MYGN,,3.0850000381469727,3.0999999046325684,3.0799999237060547,3.0999999046325684,16983.0
2026-08-05 15:22:00,MYPS,,0.738099992275238,0.738099992275238,0.738099992275238,0.738099992275238,373.0
2026-08-05 15:22:00,NAVI,,9.104999542236328,9.104999542236328,9.104999542236328,9.104999542236328,894.0
2026-08-05 15:22:00,NBIX,,162.4250030517578,162.5,162.4250030517578,162.5,2795.0
2026-08-05 15:22:00,NBN,,134.2949981689453,134.2949981689453,134.2949981689453,134.2949981689453,726.0
2026-08-05 15:22:00,NBTB,,53.279998779296875,53.279998779296875,53.2599983215332,53.2599983215332,2333.0
2026-08-05 15:22:00,NCMI,,4.090000152587891,4.09499979019165,4.090000152587891,4.09499979019165,1437.0
2026-08-05 15:22:00,NDAQ,,94.57499694824219,94.57499694824219,94.57499694824219,94.57499694824219,695.0
2026-08-05 15:22:00,NDLS,,17.940000534057617,17.940000534057617,17.940000534057617,17.940000534057617,112.0
2026-08-05 15:22:00,NDSN,,310.80999755859375,310.80999755859375,310.54998779296875,310.54998779296875,4230.0
2026-08-05 15:22:00,NEO,,15.774999618530273,15.789999961853027,15.760000228881836,15.770000457763672,11219.0
2026-08-05 15:22:00,NEOG,,11.489999771118164,11.489999771118164,11.489999771118164,11.489999771118164,1936.0
2026-08-05 15:22:00,NEON,,0.8891000151634216,0.8891000151634216,0.8891000151634216,0.8891000151634216,1034.0
2026-08-05 15:22:00,NEOV,,2.9072999954223633,2.9072999954223633,2.9000000953674316,2.9000000953674316,619.0
2026-08-05 15:22:00,NESR,,28.56999969482422,28.56999969482422,28.56999969482422,28.56999969482422,1899.0
2026-08-05 15:22:00,NEXT,,6.460100173950195,6.460999965667725,6.460100173950195,6.460999965667725,3609.0
2026-08-05 15:22:00,NFE,,0.33889999985694885,0.33889999985694885,0.33889999985694885,0.33889999985694885,216.0
2026-08-05 15:22:00,NFLX,,73.78500366210938,73.78990173339844,73.68009948730469,73.68499755859375,71479.0
2026-08-05 15:22:00,NICE,,99.82499694824219,99.82499694824219,99.63500213623047,99.63999938964844,6961.0
2026-08-05 15:22:00,NIU,,2.444999933242798,2.444999933242798,2.444999933242798,2.444999933242798,500.0
2026-08-05 15:22:00,NKTR,,72.72000122070312,72.72000122070312,72.72000122070312,72.72000122070312,286.0
2026-08-05 15:22:00,NKTX,,2.200000047683716,2.2049999237060547,2.200000047683716,2.2049999237060547,669.0
2026-08-05 15:22:00,NMRK,,15.670000076293945,15.670000076293945,15.664999961853027,15.664999961853027,3189.0
2026-08-05 15:22:00,NN,,14.720000267028809,14.739999771118164,14.710000038146973,14.729999542236328,9124.0
2026-08-05 15:22:00,NNBR,,3.8399999141693115,3.8399999141693115,3.819999933242798,3.825000047683716,7247.0
2026-08-05 15:22:00,NNDM,,1.5549999475479126,1.5549999475479126,1.5549999475479126,1.5549999475479126,600.0
2026-08-05 15:22:00,NOVT,,154.88499450683594,154.88499450683594,154.88499450683594,154.88499450683594,380.0
2026-08-05 15:22:00,NRDS,,9.055000305175781,9.0600004196167,9.055000305175781,9.055000305175781,3593.0
2026-08-05 15:22:00,NRIX,,24.815000534057617,24.81999969482422,24.809999465942383,24.809999465942383,2596.0
2026-08-05 15:22:00,NRXP,,3.055000066757202,3.055000066757202,3.055000066757202,3.055000066757202,1033.0
2026-08-05 15:22:00,NTAP,,190.0,190.02999877929688,190.0,190.02999877929688,3069.0
2026-08-05 15:22:00,NTCT,,41.72999954223633,41.7400016784668,41.72999954223633,41.72999954223633,2701.0
2026-08-05 15:22:00,NTES,,127.86000061035156,127.91000366210938,127.80999755859375,127.80999755859375,1475.0
2026-08-05 15:22:00,NTGR,,24.3700008392334,24.389999389648438,24.3700008392334,24.389999389648438,1156.0
2026-08-05 15:22:00,NTNX,,61.34000015258789,61.35499954223633,61.31999969482422,61.31999969482422,5926.0
2026-08-05 15:22:00,NTRA,,271.80999755859375,272.0299987792969,271.80999755859375,272.0299987792969,2782.0
2026-08-05 15:22:00,NTRS,,184.47000122070312,184.66000366210938,184.47000122070312,184.6300048828125,11084.0
2026-08-05 15:22:00,NUWE,,1.6899000406265259,1.6899000406265259,1.6899000406265259,1.6899000406265259,1350.0
2026-08-05 15:22:00,NVAX,,7.619999885559082,7.625,7.605000019073486,7.605000019073486,14184.0
2026-08-05 15:22:00,NVCR,,16.049999237060547,16.049999237060547,16.049999237060547,16.049999237060547,428.0
2026-08-05 15:22:00,NVCT,,19.68000030517578,19.68000030517578,19.68000030517578,19.68000030517578,160.0
2026-08-05 15:22:00,NVDA,,221.8701934814453,222.0399932861328,221.80999755859375,221.9600067138672,174145.0
2026-08-05 15:22:00,NVEC,,129.90499877929688,129.90499877929688,129.875,129.875,260.0
2026-08-05 15:22:00,NVMI,,406.885009765625,406.885009765625,406.885009765625,406.885009765625,284.0
2026-08-05 15:22:00,NVTS,,12.414999961853027,12.420000076293945,12.395000457763672,12.404999732971191,16201.0
2026-08-05 15:22:00,NWBI,,15.949999809265137,15.954999923706055,15.949999809265137,15.954999923706055,841.0
2026-08-05 15:22:00,NWE,,69.18000030517578,69.18000030517578,69.13999938964844,69.1500015258789,680.0
2026-08-05 15:22:00,NWL,,6.159999847412109,6.164999961853027,6.159999847412109,6.163599967956543,14190.0
2026-08-05 15:22:00,NWS,,32.61000061035156,32.61000061035156,32.439998626708984,32.439998626708984,8591.0
2026-08-05 15:22:00,NWSA,,28.604999542236328,28.610000610351562,28.440000534057617,28.440000534057617,42780.0
2026-08-05 15:22:00,NXPI,,232.49000549316406,232.61000061035156,232.42999267578125,232.43499755859375,6926.0
2026-08-05 15:22:00,NXST,,189.5500030517578,189.5500030517578,189.38499450683594,189.43499755859375,4872.0
2026-08-05 15:22:00,NXT,,99.30999755859375,99.41999816894531,99.16999816894531,99.16999816894531,7713.0
2026-08-05 15:22:00,NXTC,,5.079999923706055,5.079999923706055,5.079999923706055,5.079999923706055,0.0
2026-08-05 15:22:00,OBIO,,4.230000019073486,4.230000019073486,4.224999904632568,4.224999904632568,270.0
2026-08-05 15:22:00,OCC,,15.84000015258789,15.90999984741211,15.84000015258789,15.90999984741211,1596.0
2026-08-05 15:22:00,OCFC,,19.905000686645508,19.905000686645508,19.905000686645508,19.905000686645508,939.0
2026-08-05 15:22:00,OCGN,,1.2898999452590942,1.2898999452590942,1.284999966621399,1.284999966621399,4510.0
2026-08-05 15:22:00,OCSL,,12.039999961853027,12.039999961853027,12.039999961853027,12.039999961853027,1389.0
2026-08-05 15:22:00,OCUL,,8.5649995803833,8.5649995803833,8.5649995803833,8.5649995803833,1813.0
2026-08-05 15:22:00,ODFL,,214.0850067138672,214.0850067138672,214.0850067138672,214.0850067138672,423.0
2026-08-05 15:22:00,OFIX,,10.574999809265137,10.574999809265137,10.574999809265137,10.574999809265137,542.0
2026-08-05 15:22:00,OKTA,,147.80999755859375,147.82000732421875,147.80499267578125,147.82000732421875,1505.0
2026-08-05 15:22:00,OLLI,,78.08499908447266,78.0999984741211,78.02999877929688,78.05000305175781,2622.0
2026-08-05 15:22:00,OLMA,,11.539999961853027,11.550000190734863,11.489999771118164,11.489999771118164,12504.0
2026-08-05 15:22:00,OM,,5.110000133514404,5.110000133514404,5.110000133514404,5.110000133514404,41.0
2026-08-05 15:22:00,OMER,,12.720199584960938,12.729999542236328,12.720199584960938,12.729999542236328,4444.0
2026-08-05 15:22:00,OMH,,0.11649999767541885,0.11699999868869781,0.11649999767541885,0.11699999868869781,586.0
2026-08-05 15:22:00,ON,,77.83999633789062,77.88999938964844,77.80000305175781,77.83000183105469,18262.0
2026-08-05 15:22:00,ONB,,26.976600646972656,26.985000610351562,26.975000381469727,26.985000610351562,9863.0
2026-08-05 15:22:00,ONCY,,0.7960000038146973,0.7960000038146973,0.7960000038146973,0.7960000038146973,1215.0
2026-08-05 15:22:00,ONDS,,8.850000381469727,8.854999542236328,8.829999923706055,8.84000015258789,380641.0
2026-08-05 15:22:00,ONFO,,0.07530000060796738,0.07580000162124634,0.07519999891519547,0.07580000162124634,26732.0
2026-08-05 15:22:00,ONMD,,0.6401000022888184,0.642799973487854,0.6401000022888184,0.642799973487854,1464.0
2026-08-05 15:22:00,OPCH,,23.475000381469727,23.485000610351562,23.459999084472656,23.459999084472656,4740.0
2026-08-05 15:22:00,OPEN,,3.7300000190734863,3.740000009536743,3.7300000190734863,3.734999895095825,70976.0
2026-08-05 15:22:00,OPK,,1.309999942779541,1.315000057220459,1.309999942779541,1.309999942779541,3742.0
2026-08-05 15:22:00,OPRT,,6.059999942779541,6.070000171661377,6.039999961853027,6.070000171661377,3594.0
2026-08-05 15:22:00,ORGO,,2.3350000381469727,2.3350000381469727,2.3350000381469727,2.3350000381469727,1593.0
2026-08-05 15:22:00,ORIC,,12.90999984741211,12.90999984741211,12.899999618530273,12.899999618530273,2128.0
2026-08-05 15:22:00,ORLY,,93.06500244140625,93.08999633789062,93.04499816894531,93.05000305175781,10373.0
2026-08-05 15:22:00,OSBC,,25.760000228881836,25.790000915527344,25.760000228881836,25.790000915527344,16731.0
2026-08-05 15:22:00,OSPN,,16.594999313354492,16.594999313354492,16.594999313354492,16.594999313354492,117.0
2026-08-05 15:22:00,OSS,,13.479900360107422,13.479900360107422,13.460000038146973,13.46500015258789,6588.0
2026-08-05 15:22:00,OSW,,26.475000381469727,26.475000381469727,26.475000381469727,26.475000381469727,1069.0
2026-08-05 15:22:00,OTEX,,25.7450008392334,25.7450008392334,25.7450008392334,25.7450008392334,2507.0
2026-08-05 15:22:00,OTLK,,1.0299999713897705,1.0299999713897705,1.024999976158142,1.024999976158142,4078.0
2026-08-05 15:22:00,OVID,,2.5899999141693115,2.5899999141693115,2.5899999141693115,2.5899999141693115,1105.0
2026-08-05 15:22:00,OXSQ,,1.5099999904632568,1.5099999904632568,1.5099999904632568,1.5099999904632568,1273.0
2026-08-05 15:22:00,PAA,,23.155000686645508,23.15999984741211,23.155000686645508,23.15999984741211,4883.0
2026-08-05 15:22:00,PAAS,,48.310001373291016,48.310001373291016,48.28499984741211,48.28499984741211,10821.0
2026-08-05 15:22:00,PACB,,1.284999966621399,1.2899999618530273,1.2799999713897705,1.284999966621399,10309.0
2026-08-05 15:22:00,PAGP,,25.120100021362305,25.1299991607666,25.1200008392334,25.1299991607666,6914.0
2026-08-05 15:22:00,PALI,,2.115000009536743,2.119999885559082,2.115000009536743,2.115000009536743,6270.0
2026-08-05 15:22:00,PANW,,363.8800048828125,364.0450134277344,363.69000244140625,363.92999267578125,5530.0
2026-08-05 15:22:00,PAX,,11.380000114440918,11.380000114440918,11.380000114440918,11.380000114440918,1375.0
2026-08-05 15:22:00,PAYO,,7.125,7.125,7.119999885559082,7.125,2537.0
2026-08-05 15:22:00,PAYS,,9.104999542236328,9.109999656677246,9.104999542236328,9.109999656677246,1541.0
2026-08-05 15:22:00,PAYX,,117.62000274658203,117.62000274658203,117.58999633789062,117.6050033569336,2724.0
2026-08-05 15:22:00,PBYI,,8.029000282287598,8.029000282287598,8.029000282287598,8.029000282287598,802.0
2026-08-05 15:22:00,PCAR,,133.77999877929688,133.8300018310547,133.77499389648438,133.7899932861328,4983.0
2026-08-05 15:22:00,PCRX,,24.8799991607666,24.959999084472656,24.8799991607666,24.90999984741211,3034.0
2026-08-05 15:22:00,PCT,,6.90500020980835,6.914999961853027,6.90500020980835,6.914999961853027,4645.0
2026-08-05 15:22:00,PCTY,,146.0850067138672,146.0850067138672,146.0500030517578,146.0500030517578,1507.0
2026-08-05 15:22:00,PDD,,90.69000244140625,90.69499969482422,90.66000366210938,90.69000244140625,5826.0
2026-08-05 15:22:00,PECO,,41.42499923706055,41.43000030517578,41.41999816894531,41.43000030517578,1572.0
2026-08-05 15:22:00,PEGA,,31.815000534057617,31.815000534057617,31.815000534057617,31.815000534057617,442.0
2026-08-05 15:22:00,PENN,,19.670000076293945,19.670000076293945,19.670000076293945,19.670000076293945,3953.0
2026-08-05 15:22:00,PEP,,138.2899932861328,138.32000732421875,138.27000427246094,138.32000732421875,8210.0
2026-08-05 15:22:00,PEPG,,1.965000033378601,1.965000033378601,1.965000033378601,1.965000033378601,304.0
2026-08-05 15:22:00,PERI,,9.614999771118164,9.614999771118164,9.614999771118164,9.614999771118164,388.0
2026-08-05 15:22:00,PESI,,17.84000015258789,17.84000015258789,17.84000015258789,17.84000015258789,627.0
2026-08-05 15:22:00,PFG,,114.13999938964844,114.16000366210938,114.11000061035156,114.16000366210938,4266.0
2026-08-05 15:22:00,PGEN,,6.989999771118164,6.989999771118164,6.974999904632568,6.978000164031982,9354.0
2026-08-05 15:22:00,PGY,,21.719999313354492,21.725000381469727,21.68000030517578,21.690000534057617,9964.0
2026-08-05 15:22:00,PHAT,,8.354999542236328,8.369999885559082,8.354999542236328,8.369999885559082,7026.0
2026-08-05 15:22:00,PLAB,,32.18000030517578,32.18000030517578,32.18000030517578,32.18000030517578,799.0
2026-08-05 15:22:00,PLMR,,134.80999755859375,134.82000732421875,134.8000030517578,134.8000030517578,6901.0
2026-08-05 15:22:00,PLPC,,473.54998779296875,473.54998779296875,473.3999938964844,473.42999267578125,821.0
2026-08-05 15:22:00,PLSE,,37.70000076293945,37.70000076293945,37.63999938964844,37.63999938964844,2631.0
2026-08-05 15:22:00,PLTK,,3.8949999809265137,3.8949999809265137,3.8949999809265137,3.8949999809265137,215.0
2026-08-05 15:22:00,PLUG,,2.075000047683716,2.0799999237060547,2.069999933242798,2.0799999237060547,20638.0
2026-08-05 15:22:00,PLXS,,276.1099853515625,276.17498779296875,276.1099853515625,276.17498779296875,970.0
2026-08-05 15:22:00,PNFP,,107.41500091552734,107.54000091552734,107.41500091552734,107.54000091552734,2440.0
2026-08-05 15:22:00,POET,,8.229999542236328,8.229999542236328,8.220000267028809,8.229999542236328,16656.0
2026-08-05 15:22:00,POLA,,1.7799999713897705,1.7799999713897705,1.7799999713897705,1.7799999713897705,391.0
2026-08-05 15:22:00,POWI,,61.88999938964844,62.029998779296875,61.86000061035156,61.935001373291016,12342.0
2026-08-05 15:22:00,POWL,,210.47999572753906,210.5800018310547,210.47999572753906,210.5800018310547,1120.0
2026-08-05 15:22:00,PPC,,26.3799991607666,26.399999618530273,26.3799991607666,26.399999618530273,7648.0
2026-08-05 15:22:00,PPTA,,22.670000076293945,22.68000030517578,22.670000076293945,22.670000076293945,3396.0
2026-08-05 15:22:00,PRAA,,17.270000457763672,17.280000686645508,17.270000457763672,17.280000686645508,912.0
2026-08-05 15:22:00,PRAX,,317.82000732421875,317.82000732421875,317.81500244140625,317.81500244140625,528.0
2026-08-05 15:22:00,PRCH,,15.850000381469727,15.850000381469727,15.829999923706055,15.829999923706055,2655.0
2026-08-05 15:22:00,PRCT,,19.415000915527344,19.420000076293945,19.3799991607666,19.399999618530273,5681.0
2026-08-05 15:22:00,PRGS,,42.20000076293945,42.20000076293945,42.119998931884766,42.130001068115234,1828.0
2026-08-05 15:22:00,PRIM,,84.22000122070312,84.36000061035156,84.19000244140625,84.33999633789062,4133.0
2026-08-05 15:22:00,PRLD,,4.570000171661377,4.570000171661377,4.570000171661377,4.570000171661377,1015.0
2026-08-05 15:22:00,PRME,,3.0350000858306885,3.0450000762939453,3.0350000858306885,3.0399999618530273,13011.0
2026-08-05 15:22:00,PROK,,1.6449999809265137,1.6449999809265137,1.6449999809265137,1.6449999809265137,732.0
2026-08-05 15:22:00,PRQR,,1.975000023841858,1.975000023841858,1.975000023841858,1.975000023841858,492.0
2026-08-05 15:22:00,PRTA,,8.454999923706055,8.454999923706055,8.4399995803833,8.4399995803833,2520.0
2026-08-05 15:22:00,PRTH,,6.659999847412109,6.659999847412109,6.639999866485596,6.639999866485596,2467.0
2026-08-05 15:22:00,PRVA,,23.969999313354492,23.989999771118164,23.959999084472656,23.989999771118164,4060.0
2026-08-05 15:22:00,PSEC,,2.184999942779541,2.188999891281128,2.180000066757202,2.184999942779541,3046.0
2026-08-05 15:22:00,PSNL,,13.510000228881836,13.510000228881836,13.5,13.5,2108.0
2026-08-05 15:22:00,PTC,,139.89500427246094,139.89999389648438,139.89500427246094,139.89999389648438,492.0
2026-08-05 15:22:00,PTCT,,68.7750015258789,68.79000091552734,68.7750015258789,68.79000091552734,825.0
2026-08-05 15:22:00,PTEN,,9.734999656677246,9.734999656677246,9.729999542236328,9.729999542236328,2694.0
2026-08-05 15:22:00,PTLO,,4.630000114440918,4.630000114440918,4.630000114440918,4.630000114440918,1156.0
2026-08-05 15:22:00,PTON,,6.474999904632568,6.474999904632568,6.474999904632568,6.474999904632568,6218.0
2026-08-05 15:22:00,PWP,,17.43000030517578,17.43000030517578,17.424999237060547,17.43000030517578,2451.0
2026-08-05 15:22:00,PYPD,,4.623300075531006,4.623300075531006,4.623300075531006,4.623300075531006,257.0
2026-08-05 15:22:00,PYPL,,57.95000076293945,57.959999084472656,57.94499969482422,57.95500183105469,8358.0
2026-08-05 15:22:00,PZZA,,29.780000686645508,29.825000762939453,29.780000686645508,29.780000686645508,10016.0
2026-08-05 15:22:00,QCOM,,158.7100067138672,158.77000427246094,158.69000244140625,158.74130249023438,10607.0
2026-08-05 15:22:00,QFIN,,13.170000076293945,13.170000076293945,13.170000076293945,13.170000076293945,531.0
2026-08-05 15:22:00,QRVO,,95.36000061035156,95.36000061035156,95.31500244140625,95.3499984741211,1546.0
2026-08-05 15:22:00,SEED,,1.059999942779541,1.059999942779541,1.0549999475479126,1.0549999475479126,1369.0
2026-08-05 15:22:00,STIM,,2.375,2.384999990463257,2.375,2.384999990463257,11256.0
2026-08-05 15:22:00,TARA,,3.994999885559082,4.0,3.994999885559082,4.0,692.0
2026-08-05 15:22:00,WOOF,,2.924999952316284,2.930000066757202,2.924999952316284,2.930000066757202,23910.0
2026-08-05 15:23:00,ACDC,,4.494999885559082,4.505000114440918,4.494999885559082,4.494999885559082,11561.0
2026-08-05 15:23:00,CASH,,89.41000366210938,89.41000366210938,89.41000366210938,89.41000366210938,1478.0
2026-08-05 15:23:00,EYE,,22.969999313354492,22.979999542236328,22.969999313354492,22.979999542236328,1323.0
2026-08-05 15:23:00,FIZZ,,32.09000015258789,32.09000015258789,32.09000015258789,32.09000015258789,1650.0
2026-08-05 15:23:00,FRST,,16.5,16.5049991607666,16.5,16.5049991607666,1139.0
2026-08-05 15:23:00,GLUE,,15.369999885559082,15.369999885559082,15.364999771118164,15.364999771118164,3827.0
2026-08-05 15:23:00,KIDS,,21.375,21.375,21.299999237060547,21.375,820.0
2026-08-05 15:23:00,MBRX,,0.40149998664855957,0.40149998664855957,0.40149998664855957,0.40149998664855957,0.0
2026-08-05 15:23:00,MDB,,374.04998779296875,374.5400085449219,374.010009765625,374.489990234375,2569.0
2026-08-05 15:23:00,MDLZ,,62.54499816894531,62.54999923706055,62.53499984741211,62.54499816894531,14201.0
2026-08-05 15:23:00,MLTX,,17.540000915527344,17.540000915527344,17.540000915527344,17.540000915527344,458.0
2026-08-05 15:23:00,MNRO,,13.149999618530273,13.149999618530273,13.149999618530273,13.149999618530273,594.0
2026-08-05 15:23:00,MNST,,94.4000015258789,94.4000015258789,94.3949966430664,94.3949966430664,3230.0
2026-08-05 15:23:00,MNTS,,4.25,4.289899826049805,4.230000019073486,4.289899826049805,16892.0
2026-08-05 15:23:00,MOVE,,12.298600196838379,12.298600196838379,12.150099754333496,12.150099754333496,2871.0
2026-08-05 15:23:00,MPWR,,1349.7950439453125,1349.969970703125,1347.4100341796875,1348.1500244140625,879.0
2026-08-05 15:23:00,MRNA,,56.36000061035156,56.40999984741211,56.36000061035156,56.380001068115234,5947.0
2026-08-05 15:23:00,MYGN,,3.0850000381469727,3.0850000381469727,3.0850000381469727,3.0850000381469727,2859.0
2026-08-05 15:23:00,MYPS,,0.7379999756813049,0.7379999756813049,0.7379999756813049,0.7379999756813049,579.0
2026-08-05 15:23:00,MYRG,,339.2200012207031,339.2200012207031,339.2200012207031,339.2200012207031,336.0
2026-08-05 15:23:00,NAMS,,27.30500030517578,27.329999923706055,27.280000686645508,27.280000686645508,2756.0
2026-08-05 15:23:00,NAUT,,0.933899998664856,0.9355999827384949,0.933899998664856,0.9355999827384949,1112.0
2026-08-05 15:23:00,NAVI,,9.100000381469727,9.100000381469727,9.100000381469727,9.100000381469727,2331.0
2026-08-05 15:23:00,NB,,5.034999847412109,5.034999847412109,5.025000095367432,5.03000020980835,5113.0
2026-08-05 15:23:00,NBIX,,162.5500030517578,162.5500030517578,162.42999267578125,162.42999267578125,2693.0
2026-08-05 15:23:00,NBN,,134.02999877929688,134.02999877929688,134.02999877929688,134.02999877929688,504.0
2026-08-05 15:23:00,NDAQ,,94.55999755859375,94.55999755859375,94.55999755859375,94.55999755859375,777.0
2026-08-05 15:23:00,NDSN,,310.7449951171875,310.8999938964844,310.7349853515625,310.8999938964844,1423.0
2026-08-05 15:23:00,NEGG,,17.43000030517578,17.43000030517578,17.43000030517578,17.43000030517578,446.0
2026-08-05 15:23:00,NEO,,15.770000457763672,15.779999732971191,15.760199546813965,15.770000457763672,5979.0
2026-08-05 15:23:00,NEOG,,11.484999656677246,11.494999885559082,11.484999656677246,11.494999885559082,5427.0
2026-08-05 15:23:00,NEOV,,2.91510009765625,2.918100118637085,2.9082999229431152,2.9082999229431152,2202.0
2026-08-05 15:23:00,NESR,,28.545000076293945,28.545000076293945,28.545000076293945,28.545000076293945,743.0
2026-08-05 15:23:00,NEWT,,14.979999542236328,14.979999542236328,14.979999542236328,14.979999542236328,1093.0
2026-08-05 15:23:00,NEXT,,6.460000038146973,6.465000152587891,6.460000038146973,6.465000152587891,1705.0
2026-08-05 15:23:00,NFE,,0.337799996137619,0.337799996137619,0.337799996137619,0.337799996137619,1060.0
2026-08-05 15:23:00,NFLX,,73.78949737548828,73.80999755859375,73.77999877929688,73.77999877929688,81177.0
2026-08-05 15:23:00,NGNE,,35.744998931884766,35.744998931884766,35.744998931884766,35.744998931884766,198.0
2026-08-05 15:23:00,NICE,,100.0,100.0,100.0,100.0,786.0
2026-08-05 15:23:00,NKTR,,72.86499786376953,72.86499786376953,72.80000305175781,72.81999969482422,1911.0
2026-08-05 15:23:00,NKTX,,2.2049999237060547,2.2049999237060547,2.2049999237060547,2.2049999237060547,1723.0
2026-08-05 15:23:00,NMFC,,7.364999771118164,7.364999771118164,7.364999771118164,7.364999771118164,757.0
2026-08-05 15:23:00,NMIH,,44.6150016784668,44.6150016784668,44.6150016784668,44.6150016784668,1451.0
2026-08-05 15:23:00,NMRK,,15.675000190734863,15.675000190734863,15.675000190734863,15.675000190734863,2980.0
2026-08-05 15:23:00,NN,,14.710000038146973,14.720000267028809,14.710000038146973,14.720000267028809,2918.0
2026-08-05 15:23:00,NNBR,,3.8350000381469727,3.8350000381469727,3.8350000381469727,3.8350000381469727,939.0
2026-08-05 15:23:00,NNDM,,1.5549999475479126,1.5549999475479126,1.5549999475479126,1.5549999475479126,792.0
2026-08-05 15:23:00,NNOX,,1.0049999952316284,1.0049999952316284,1.0049999952316284,1.0049999952316284,1634.0
2026-08-05 15:23:00,NOVT,,154.5800018310547,154.82000732421875,154.5800018310547,154.6999969482422,1971.0
2026-08-05 15:23:00,NPCE,,13.609999656677246,13.609999656677246,13.609999656677246,13.609999656677246,666.0
2026-08-05 15:23:00,NRC,,19.559999465942383,19.559999465942383,19.559999465942383,19.559999465942383,2314.0
2026-08-05 15:23:00,NRDS,,9.045000076293945,9.050000190734863,9.045000076293945,9.050000190734863,1776.0
2026-08-05 15:23:00,NRIX,,25.014999389648438,25.014999389648438,24.829999923706055,24.84000015258789,46162.0
2026-08-05 15:23:00,NSSC,,40.26499938964844,40.26499938964844,40.2599983215332,40.2599983215332,344.0
2026-08-05 15:23:00,NTAP,,189.8175048828125,190.0,189.8175048828125,190.0,4786.0
2026-08-05 15:23:00,NTES,,127.80000305175781,127.87860107421875,127.80000305175781,127.87860107421875,1263.0
2026-08-05 15:23:00,NTNX,,61.29499816894531,61.347999572753906,61.29499816894531,61.345001220703125,7193.0
2026-08-05 15:23:00,NTRS,,184.36000061035156,184.39500427246094,184.36000061035156,184.39500427246094,1064.0
2026-08-05 15:23:00,NUWE,,1.684999942779541,1.684999942779541,1.684999942779541,1.684999942779541,197.0
2026-08-05 15:23:00,NVAX,,7.619999885559082,7.619999885559082,7.619999885559082,7.619999885559082,3783.0
2026-08-05 15:23:00,NVCR,,16.049999237060547,16.059999465942383,16.049999237060547,16.049999237060547,839.0
2026-08-05 15:23:00,NVCT,,19.655000686645508,19.655000686645508,19.655000686645508,19.655000686645508,406.0
2026-08-05 15:23:00,NVDA,,221.97999572753906,222.00990295410156,221.85000610351562,221.8699951171875,154595.0
2026-08-05 15:23:00,NVMI,,407.0199890136719,407.0199890136719,406.5,406.57000732421875,1592.0
2026-08-05 15:23:00,NVTS,,12.419899940490723,12.4350004196167,12.40999984741211,12.420000076293945,20839.0
2026-08-05 15:23:00,NWBI,,15.944999694824219,15.954999923706055,15.9399995803833,15.954999923706055,24084.0
2026-08-05 15:23:00,NWE,,69.18000030517578,69.18000030517578,69.16999816894531,69.16999816894531,1463.0
2026-08-05 15:23:00,NWL,,6.159999847412109,6.164999961853027,6.159999847412109,6.164999961853027,13109.0
2026-08-05 15:23:00,NWPX,,126.88999938964844,126.88999938964844,126.88999938964844,126.88999938964844,529.0
2026-08-05 15:23:00,NWS,,32.630001068115234,32.63999938964844,32.560001373291016,32.61000061035156,12509.0
2026-08-05 15:23:00,NWSA,,28.635000228881836,28.639999389648438,28.55500030517578,28.604999542236328,45953.0
2026-08-05 15:23:00,NXPI,,232.39500427246094,232.5399932861328,232.24000549316406,232.36000061035156,7569.0
2026-08-05 15:23:00,NXST,,189.82000732421875,190.0,189.6999969482422,189.6999969482422,6021.0
2026-08-05 15:23:00,NXT,,99.58999633789062,99.66999816894531,99.37999725341797,99.44000244140625,4703.0
2026-08-05 15:23:00,OBIO,,4.230000019073486,4.230000019073486,4.224999904632568,4.224999904632568,430.0
2026-08-05 15:23:00,OCFC,,19.895000457763672,19.905000686645508,19.895000457763672,19.905000686645508,6524.0
2026-08-05 15:23:00,OCGN,,1.2799999713897705,1.2799999713897705,1.2799999713897705,1.2799999713897705,827.0
2026-08-05 15:23:00,ODD,,15.265000343322754,15.265000343322754,15.265000343322754,15.265000343322754,1103.0
2026-08-05 15:23:00,ODFL,,214.10499572753906,214.1999969482422,214.10499572753906,214.10499572753906,4329.0
2026-08-05 15:23:00,OESX,,14.913800239562988,14.913800239562988,14.913800239562988,14.913800239562988,308.0
2026-08-05 15:23:00,OFIX,,10.569999694824219,10.569999694824219,10.569999694824219,10.569999694824219,409.0
2026-08-05 15:23:00,OKTA,,147.66000366210938,147.7949981689453,147.63999938964844,147.7949981689453,7032.0
2026-08-05 15:23:00,OLLI,,78.04000091552734,78.11000061035156,78.0250015258789,78.0999984741211,2766.0
2026-08-05 15:23:00,OLMA,,11.5,11.5,11.5,11.5,709.0
2026-08-05 15:23:00,OMCL,,37.209999084472656,37.2400016784668,37.209999084472656,37.2400016784668,774.0
2026-08-05 15:23:00,OMH,,0.11710000038146973,0.11729999631643295,0.11680000275373459,0.11680000275373459,21038.0
2026-08-05 15:23:00,ON,,77.87000274658203,77.91000366210938,77.81999969482422,77.83000183105469,20670.0
2026-08-05 15:23:00,ONB,,26.96500015258789,26.969999313354492,26.96500015258789,26.969999313354492,6933.0
2026-08-05 15:23:00,ONDS,,8.839900016784668,8.859999656677246,8.830100059509277,8.850000381469727,225423.0
2026-08-05 15:23:00,ONFO,,0.07580000162124634,0.07580000162124634,0.07509999722242355,0.07569999992847443,17071.0
2026-08-05 15:23:00,ONMD,,0.6432999968528748,0.6453999876976013,0.6399000287055969,0.6399000287055969,8376.0
2026-08-05 15:23:00,OPCH,,23.459999084472656,23.475000381469727,23.450000762939453,23.469999313354492,3815.0
2026-08-05 15:23:00,OPEN,,3.7300000190734863,3.740000009536743,3.7300000190734863,3.734999895095825,41670.0
2026-08-05 15:23:00,OPK,,1.309999942779541,1.315000057220459,1.309999942779541,1.315000057220459,550.0
2026-08-05 15:23:00,OPRA,,19.94499969482422,19.94499969482422,19.94499969482422,19.94499969482422,235.0
2026-08-05 15:23:00,OPRX,,6.949999809265137,6.949999809265137,6.949999809265137,6.949999809265137,1108.0
2026-08-05 15:23:00,ORIC,,12.899999618530273,12.899999618530273,12.899999618530273,12.899999618530273,1636.0
2026-08-05 15:23:00,ORLY,,93.05999755859375,93.08999633789062,93.05999755859375,93.06500244140625,4087.0
2026-08-05 15:23:00,OSIS,,236.78500366210938,236.78500366210938,236.78500366210938,236.78500366210938,203.0
2026-08-05 15:23:00,OSPN,,16.610000610351562,16.610000610351562,16.610000610351562,16.610000610351562,1307.0
2026-08-05 15:23:00,OSS,,13.5,13.5,13.489999771118164,13.5,1035.0
2026-08-05 15:23:00,OTEX,,25.729999542236328,25.7450008392334,25.71500015258789,25.7450008392334,11298.0
2026-08-05 15:23:00,OTLK,,1.0299999713897705,1.0299999713897705,1.0299999713897705,1.0299999713897705,4246.0
2026-08-05 15:23:00,OVID,,2.5899999141693115,2.5899999141693115,2.5899999141693115,2.5899999141693115,724.0
2026-08-05 15:23:00,PAA,,23.149999618530273,23.15999984741211,23.149999618530273,23.15999984741211,1799.0
2026-08-05 15:23:00,PAAS,,48.34000015258789,48.34000015258789,48.30500030517578,48.30500030517578,8772.0
2026-08-05 15:23:00,PACB,,1.284999966621399,1.2899999618530273,1.2799999713897705,1.284999966621399,7648.0
2026-08-05 15:23:00,PAGP,,25.125,25.125,25.125,25.125,801.0
2026-08-05 15:23:00,PAHC,,35.64500045776367,35.64500045776367,35.64500045776367,35.64500045776367,995.0
2026-08-05 15:23:00,PALI,,2.119999885559082,2.119999885559082,2.115000009536743,2.119999885559082,3192.0
2026-08-05 15:23:00,PANW,,363.8299865722656,364.0400085449219,363.6199951171875,364.0400085449219,11229.0
2026-08-05 15:23:00,PAX,,11.375,11.380000114440918,11.375,11.380000114440918,2600.0
2026-08-05 15:23:00,PAYO,,7.125,7.125,7.125,7.125,2255.0
2026-08-05 15:23:00,PAYS,,9.09000015258789,9.104999542236328,9.09000015258789,9.104999542236328,3137.0
2026-08-05 15:23:00,PAYX,,117.62999725341797,117.67500305175781,117.62999725341797,117.63999938964844,4466.0
2026-08-05 15:23:00,PCAR,,133.84500122070312,133.85000610351562,133.8000030517578,133.80999755859375,6736.0
2026-08-05 15:23:00,PCB,,28.040000915527344,28.040000915527344,28.040000915527344,28.040000915527344,139.0
2026-08-05 15:23:00,PCRX,,24.854999542236328,24.899999618530273,24.854999542236328,24.875,4659.0
2026-08-05 15:23:00,PCT,,6.90500020980835,6.909999847412109,6.900000095367432,6.900000095367432,19372.0
2026-08-05 15:23:00,PCTY,,145.98500061035156,145.98500061035156,145.98500061035156,145.98500061035156,398.0
2026-08-05 15:23:00,PDD,,90.7300033569336,90.7300033569336,90.69000244140625,90.69000244140625,5654.0
2026-08-05 15:23:00,PDFS,,50.20000076293945,50.20000076293945,50.16999816894531,50.16999816894531,1306.0
2026-08-05 15:23:00,PEBK,,43.22999954223633,43.22999954223633,43.22999954223633,43.22999954223633,831.0
2026-08-05 15:23:00,PECO,,41.43000030517578,41.439998626708984,41.43000030517578,41.439998626708984,718.0
2026-08-05 15:23:00,PEGA,,31.799999237060547,31.809999465942383,31.799999237060547,31.809999465942383,2255.0
2026-08-05 15:23:00,PENN,,19.649999618530273,19.665000915527344,19.649999618530273,19.665000915527344,4623.0
2026-08-05 15:23:00,PEP,,138.33099365234375,138.3350067138672,138.3000030517578,138.3000030517578,9588.0
2026-08-05 15:23:00,PEPG,,1.9600000381469727,1.965000033378601,1.9600000381469727,1.965000033378601,327.0
2026-08-05 15:23:00,PERI,,9.609999656677246,9.609999656677246,9.609999656677246,9.609999656677246,4584.0
2026-08-05 15:23:00,PFG,,114.08000183105469,114.12000274658203,114.08000183105469,114.12000274658203,1327.0
2026-08-05 15:23:00,PGEN,,6.96999979019165,6.985000133514404,6.96999979019165,6.985000133514404,47357.0
2026-08-05 15:23:00,PGNY,,31.55500030517578,31.55500030517578,31.55500030517578,31.55500030517578,1095.0
2026-08-05 15:23:00,PGY,,21.729999542236328,21.729999542236328,21.719999313354492,21.719999313354492,2516.0
2026-08-05 15:23:00,PHAT,,8.350000381469727,8.359100341796875,8.350000381469727,8.359100341796875,1559.0
2026-08-05 15:23:00,PHVS,,33.529998779296875,33.529998779296875,33.529998779296875,33.529998779296875,1545.0
2026-08-05 15:23:00,PLAB,,32.15999984741211,32.15999984741211,32.15999984741211,32.15999984741211,2463.0
2026-08-05 15:23:00,PLBY,,1.149999976158142,1.149999976158142,1.149999976158142,1.149999976158142,1494.0
2026-08-05 15:23:00,PLMR,,134.77000427246094,135.1699981689453,134.6300048828125,135.1300048828125,14605.0
2026-08-05 15:23:00,PLTK,,3.8949999809265137,3.8949999809265137,3.8949999809265137,3.8949999809265137,766.0
2026-08-05 15:23:00,PLUG,,2.075000047683716,2.0799999237060547,2.069999933242798,2.069999933242798,34763.0
2026-08-05 15:23:00,PMN,,13.329999923706055,13.329999923706055,13.329999923706055,13.329999923706055,550.0
2026-08-05 15:23:00,PNBK,,1.1299999952316284,1.1299999952316284,1.1299999952316284,1.1299999952316284,101.0
2026-08-05 15:23:00,PNFP,,107.33000183105469,107.3949966430664,107.33000183105469,107.3949966430664,960.0
2026-08-05 15:23:00,POET,,8.229999542236328,8.240099906921387,8.229999542236328,8.234999656677246,22989.0
2026-08-05 15:23:00,POOL,,205.01499938964844,205.01499938964844,205.01499938964844,205.01499938964844,388.0
2026-08-05 15:23:00,POWL,,210.4001007080078,210.4001007080078,210.39999389648438,210.39999389648438,466.0
2026-08-05 15:23:00,PPC,,26.389999389648438,26.405000686645508,26.389999389648438,26.395000457763672,2719.0
2026-08-05 15:23:00,PPTA,,22.700000762939453,22.700000762939453,22.65999984741211,22.65999984741211,1704.0
2026-08-05 15:23:00,PRAX,,317.82000732421875,317.82000732421875,317.82000732421875,317.82000732421875,535.0
2026-08-05 15:23:00,PRCH,,15.850000381469727,15.885000228881836,15.850000381469727,15.875,10176.0
2026-08-05 15:23:00,PRCT,,19.43000030517578,19.43000030517578,19.3799991607666,19.415000915527344,7702.0
2026-08-05 15:23:00,PRDO,,32.79999923706055,32.79999923706055,32.79999923706055,32.79999923706055,373.0
2026-08-05 15:23:00,PRGS,,42.150001525878906,42.150001525878906,42.150001525878906,42.150001525878906,244.0
2026-08-05 15:23:00,PRIM,,84.23999786376953,84.31999969482422,84.12000274658203,84.19000244140625,8161.0
2026-08-05 15:23:00,PRME,,3.0399999618530273,3.0399999618530273,3.0399999618530273,3.0399999618530273,207.0
2026-08-05 15:23:00,PRQR,,1.975000023841858,1.975000023841858,1.9700000286102295,1.9700000286102295,504.0
2026-08-05 15:23:00,PRTH,,6.659999847412109,6.659999847412109,6.659999847412109,6.659999847412109,545.0
2026-08-05 15:23:00,PRVA,,23.989999771118164,23.989999771118164,23.979999542236328,23.979999542236328,3865.0
2026-08-05 15:23:00,PSNL,,13.520000457763672,13.524999618530273,13.515000343322754,13.520000457763672,3475.0
2026-08-05 15:23:00,PTC,,139.8800048828125,139.90499877929688,139.8800048828125,139.90499877929688,1434.0
2026-08-05 15:23:00,PTCT,,68.79000091552734,68.79000091552734,68.79000091552734,68.79000091552734,1363.0
2026-08-05 15:23:00,PTEN,,9.734999656677246,9.734999656677246,9.734999656677246,9.734999656677246,4520.0
2026-08-05 15:23:00,PTLO,,4.630000114440918,4.630000114440918,4.625,4.625,2841.0
2026-08-05 15:23:00,PTON,,6.465000152587891,6.474999904632568,6.465000152587891,6.474999904632568,11485.0
2026-08-05 15:23:00,PUBM,,13.545000076293945,13.585000038146973,13.545000076293945,13.585000038146973,4752.0
2026-08-05 15:23:00,PWP,,17.424999237060547,17.43000030517578,17.424999237060547,17.43000030517578,1324.0
2026-08-05 15:23:00,PYPD,,4.650000095367432,4.650000095367432,4.619999885559082,4.619999885559082,3756.0
2026-08-05 15:23:00,PYPL,,57.939998626708984,57.959999084472656,57.939998626708984,57.959999084472656,7475.0
2026-08-05 15:23:00,PYXS,,3.130000114440918,3.130000114440918,3.130000114440918,3.130000114440918,470.0
2026-08-05 15:23:00,PZZA,,29.8075008392334,29.809999465942383,29.799999237060547,29.809999465942383,2987.0
2026-08-05 15:23:00,QCOM,,158.86990356445312,158.86990356445312,158.6999969482422,158.7050018310547,12900.0
2026-08-05 15:23:00,QQQX,,30.375,30.375,30.375,30.375,363.0
2026-08-05 15:23:00,QRVO,,95.37999725341797,95.41000366210938,95.36000061035156,95.36000061035156,1894.0
2026-08-05 15:23:00,SEED,,1.058899998664856,1.059999942779541,1.0582000017166138,1.0582000017166138,1892.0
2026-08-05 15:23:00,TARA,,3.994999885559082,3.994999885559082,3.994999885559082,3.994999885559082,705.0
2026-08-05 15:23:00,WOOF,,2.924999952316284,2.924999952316284,2.9200000762939453,2.9200000762939453,10041.0
2026-08-05 15:24:00,ACDC,,4.489999771118164,4.494999885559082,4.489999771118164,4.489999771118164,7277.0
2026-08-05 15:24:00,BPRN,,41.94499969482422,41.94499969482422,41.94499969482422,41.94499969482422,180.0
2026-08-05 15:24:00,EYE,,22.96500015258789,22.969999313354492,22.96500015258789,22.969999313354492,1719.0
2026-08-05 15:24:00,GLUE,,15.359999656677246,15.359999656677246,15.359999656677246,15.359999656677246,1549.0
2026-08-05 15:24:00,KIDS,,21.46500015258789,21.46500015258789,21.375,21.375,3806.0
2026-08-05 15:24:00,KITTW,,0.013899999670684338,0.013899999670684338,0.013899999670684338,0.013899999670684338,2036.0
2026-08-05 15:24:00,MCRI,,122.16000366210938,122.16000366210938,122.12999725341797,122.12999725341797,855.0
2026-08-05 15:24:00,MDB,,374.2349853515625,374.239990234375,374.0,374.0,1059.0
2026-08-05 15:24:00,MDLZ,,62.55500030517578,62.564998626708984,62.54499816894531,62.54499816894531,6399.0
2026-08-05 15:24:00,MLTX,,17.540000915527344,17.540000915527344,17.540000915527344,17.540000915527344,354.0
2026-08-05 15:24:00,MNST,,94.4000015258789,94.41000366210938,94.38500213623047,94.4000015258789,5599.0
2026-08-05 15:24:00,MNTS,,4.244999885559082,4.244999885559082,4.2210001945495605,4.230000019073486,15660.0
2026-08-05 15:24:00,MPWR,,1349.2099609375,1349.7900390625,1349.2099609375,1349.7900390625,501.0
2026-08-05 15:24:00,MRNA,,56.345001220703125,56.36000061035156,56.345001220703125,56.36000061035156,3672.0
2026-08-05 15:24:00,MYGN,,3.0850000381469727,3.0850000381469727,3.075000047683716,3.0799999237060547,24437.0
2026-08-05 15:24:00,NAMS,,27.299999237060547,27.30500030517578,27.299999237060547,27.30500030517578,811.0
2026-08-05 15:24:00,NAUT,,0.9333999752998352,0.9333999752998352,0.9333999752998352,0.9333999752998352,359.0
2026-08-05 15:24:00,NAVI,,9.095000267028809,9.095000267028809,9.09000015258789,9.095000267028809,2015.0
2026-08-05 15:24:00,NB,,5.034999847412109,5.039999961853027,5.034999847412109,5.039999961853027,9493.0
2026-08-05 15:24:00,NBIX,,162.72000122070312,162.72000122070312,162.55999755859375,162.5800018310547,4192.0
2026-08-05 15:24:00,NBTB,,53.2599983215332,53.2599983215332,53.2599983215332,53.2599983215332,749.0
2026-08-05 15:24:00,NDAQ,,94.55500030517578,94.55500030517578,94.54000091552734,94.54000091552734,2276.0
2026-08-05 15:24:00,NDLS,,18.059999465942383,18.079999923706055,18.059999465942383,18.079999923706055,224.0
2026-08-05 15:24:00,NDSN,,310.7449951171875,310.7449951171875,310.7449951171875,310.7449951171875,119.0
2026-08-05 15:24:00,NEGG,,17.3799991607666,17.3799991607666,17.3799991607666,17.3799991607666,234.0
2026-08-05 15:24:00,NEO,,15.752900123596191,15.760000228881836,15.752900123596191,15.760000228881836,2694.0
2026-08-05 15:24:00,NEOG,,11.5,11.5,11.484999656677246,11.484999656677246,5345.0
2026-08-05 15:24:00,NEON,,0.8995000123977661,0.8995000123977661,0.8995000123977661,0.8995000123977661,427.0
2026-08-05 15:24:00,NEOV,,2.9149999618530273,2.9200000762939453,2.9149999618530273,2.9200000762939453,655.0
2026-08-05 15:24:00,NESR,,28.520000457763672,28.545000076293945,28.520000457763672,28.545000076293945,2082.0
2026-08-05 15:24:00,NEXT,,6.460000038146973,6.460100173950195,6.460000038146973,6.460100173950195,1470.0
2026-08-05 15:24:00,NFE,,0.337799996137619,0.337799996137619,0.3377000093460083,0.3377000093460083,861.0
2026-08-05 15:24:00,NFLX,,73.76499938964844,73.80000305175781,73.76499938964844,73.79000091552734,60334.0
2026-08-05 15:24:00,NGNE,,35.86000061035156,35.86000061035156,35.86000061035156,35.86000061035156,516.0
2026-08-05 15:24:00,NHTC,,1.6299999952316284,1.6299999952316284,1.6299999952316284,1.6299999952316284,982.0
2026-08-05 15:24:00,NICE,,99.98999786376953,99.98999786376953,99.98999786376953,99.98999786376953,736.0
2026-08-05 15:24:00,NIU,,2.444999933242798,2.444999933242798,2.444999933242798,2.444999933242798,1027.0
2026-08-05 15:24:00,NKTX,,2.2100000381469727,2.2100000381469727,2.2049999237060547,2.2049999237060547,773.0
2026-08-05 15:24:00,NN,,14.6899995803833,14.710000038146973,14.6899995803833,14.710000038146973,4783.0
2026-08-05 15:24:00,NNBR,,3.825000047683716,3.8350000381469727,3.819999933242798,3.8350000381469727,4301.0
2026-08-05 15:24:00,NNDM,,1.5549999475479126,1.5549999475479126,1.5549999475479126,1.5549999475479126,865.0
2026-08-05 15:24:00,NOVT,,154.74000549316406,154.77999877929688,154.52000427246094,154.55999755859375,3381.0
2026-08-05 15:24:00,NRDS,,9.04990005493164,9.04990005493164,9.04990005493164,9.04990005493164,218.0
2026-08-05 15:24:00,NRIX,,25.06999969482422,25.06999969482422,25.0049991607666,25.014999389648438,5236.0
2026-08-05 15:24:00,NSSC,,40.26499938964844,40.26499938964844,40.26499938964844,40.26499938964844,1349.0
2026-08-05 15:24:00,NTAP,,189.61000061035156,189.8000030517578,189.60000610351562,189.8000030517578,5906.0
2026-08-05 15:24:00,NTES,,127.84500122070312,127.84500122070312,127.84500122070312,127.84500122070312,330.0
2026-08-05 15:24:00,NTGR,,24.399999618530273,24.440000534057617,24.350000381469727,24.350000381469727,25349.0
2026-08-05 15:24:00,NTNX,,61.29999923706055,61.310001373291016,61.29499816894531,61.29499816894531,4062.0
2026-08-05 15:24:00,NTRS,,184.50999450683594,184.50999450683594,184.42999267578125,184.42999267578125,3319.0
2026-08-05 15:24:00,NUWE,,1.680299997329712,1.686400055885315,1.680299997329712,1.686400055885315,2288.0
2026-08-05 15:24:00,NVAX,,7.630000114440918,7.630000114440918,7.625,7.625,1653.0
2026-08-05 15:24:00,NVCR,,16.049999237060547,16.049999237060547,16.040000915527344,16.049999237060547,6873.0
2026-08-05 15:24:00,NVDA,,221.8800048828125,222.02000427246094,221.77999877929688,221.97999572753906,383513.0
2026-08-05 15:24:00,NVEC,,129.72000122070312,129.72000122070312,129.72000122070312,129.72000122070312,383.0
2026-08-05 15:24:00,NVMI,,406.6549987792969,406.74249267578125,406.6549987792969,406.74249267578125,530.0
2026-08-05 15:24:00,NVTS,,12.404999732971191,12.414999961853027,12.404999732971191,12.414999961853027,5350.0
2026-08-05 15:24:00,NWBI,,15.956000328063965,15.956000328063965,15.949999809265137,15.949999809265137,9124.0
2026-08-05 15:24:00,NWL,,6.159999847412109,6.170000076293945,6.159999847412109,6.164999961853027,14457.0
2026-08-05 15:24:00,NWS,,32.630001068115234,32.65999984741211,32.61000061035156,32.619998931884766,7923.0
2026-08-05 15:24:00,NWSA,,28.639999389648438,28.674999237060547,28.625,28.635000228881836,94643.0
2026-08-05 15:24:00,NXPI,,232.6999969482422,232.6999969482422,232.38499450683594,232.39500427246094,5801.0
2026-08-05 15:24:00,NXST,,189.89999389648438,189.89999389648438,189.75999450683594,189.75999450683594,2030.0
2026-08-05 15:24:00,NXT,,99.5,99.55999755859375,99.43000030517578,99.55999755859375,5181.0
2026-08-05 15:24:00,OBIO,,4.230000019073486,4.230000019073486,4.21999979019165,4.21999979019165,2198.0
2026-08-05 15:24:00,OCFC,,19.889999389648438,19.905000686645508,19.889999389648438,19.889999389648438,10084.0
2026-08-05 15:24:00,OCGN,,1.2799999713897705,1.2799999713897705,1.2799999713897705,1.2799999713897705,672.0
2026-08-05 15:24:00,OCS,,11.989999771118164,11.989999771118164,11.989999771118164,11.989999771118164,562.0
2026-08-05 15:24:00,OCSL,,12.045000076293945,12.045000076293945,12.03499984741211,12.03499984741211,2837.0
2026-08-05 15:24:00,ODD,,15.265000343322754,15.265000343322754,15.265000343322754,15.265000343322754,620.0
2026-08-05 15:24:00,ODFL,,214.1300048828125,214.1300048828125,214.1300048828125,214.1300048828125,1096.0
2026-08-05 15:24:00,OFIX,,10.569999694824219,10.569999694824219,10.569999694824219,10.569999694824219,1361.0
2026-08-05 15:24:00,OFLX,,30.489999771118164,30.489999771118164,30.489999771118164,30.489999771118164,1429.0
2026-08-05 15:24:00,OGI,,0.9501000046730042,0.9501000046730042,0.9501000046730042,0.9501000046730042,1463.0
2026-08-05 15:24:00,OKTA,,147.6699981689453,147.72000122070312,147.60009765625,147.72000122070312,3127.0
2026-08-05 15:24:00,OLLI,,77.9000015258789,78.04000091552734,77.9000015258789,78.04000091552734,3992.0
2026-08-05 15:24:00,OLMA,,11.5,11.5,11.5,11.5,2768.0
2026-08-05 15:24:00,OMH,,0.11649999767541885,0.11649999767541885,0.11649999767541885,0.11649999767541885,2734.0
2026-08-05 15:24:00,ON,,77.88999938964844,77.91500091552734,77.83999633789062,77.88999938964844,36895.0
2026-08-05 15:24:00,ONB,,26.985000610351562,26.985000610351562,26.969999313354492,26.969999313354492,10850.0
2026-08-05 15:24:00,ONCY,,0.7982000112533569,0.7982000112533569,0.7982000112533569,0.7982000112533569,167.0
2026-08-05 15:24:00,ONDS,,8.835000038146973,8.84000015258789,8.829999923706055,8.839900016784668,212269.0
2026-08-05 15:24:00,ONFO,,0.07509999722242355,0.0763000026345253,0.07509999722242355,0.07559999823570251,130577.0
2026-08-05 15:24:00,ONMD,,0.64410001039505,0.6453999876976013,0.64410001039505,0.6446999907493591,3401.0
2026-08-05 15:24:00,OPCH,,23.475000381469727,23.475000381469727,23.44499969482422,23.450000762939453,6863.0
2026-08-05 15:24:00,OPEN,,3.734999895095825,3.740000009536743,3.7249999046325684,3.7300000190734863,98181.0
2026-08-05 15:24:00,OPHC,,8.789999961853027,8.789999961853027,8.739999771118164,8.739999771118164,313.0
2026-08-05 15:24:00,OPRA,,19.93000030517578,19.940000534057617,19.93000030517578,19.940000534057617,508.0
2026-08-05 15:24:00,OPRX,,6.960000038146973,6.960000038146973,6.945000171661377,6.945000171661377,3305.0
2026-08-05 15:24:00,ORGO,,2.3350000381469727,2.3399999141693115,2.3350000381469727,2.3399999141693115,236.0
2026-08-05 15:24:00,ORIC,,12.899999618530273,12.899999618530273,12.890000343322754,12.899999618530273,5504.0
2026-08-05 15:24:00,ORLY,,93.05500030517578,93.08000183105469,93.0250015258789,93.04499816894531,21809.0
2026-08-05 15:24:00,OSBC,,25.780000686645508,25.780000686645508,25.764999389648438,25.764999389648438,2415.0
2026-08-05 15:24:00,OSPN,,16.59000015258789,16.59000015258789,16.59000015258789,16.59000015258789,327.0
2026-08-05 15:24:00,OSS,,13.4399995803833,13.5,13.4350004196167,13.5,3116.0
2026-08-05 15:24:00,OSUR,,4.144999980926514,4.144999980926514,4.144999980926514,4.144999980926514,521.0
2026-08-05 15:24:00,OTEX,,25.709999084472656,25.739999771118164,25.690000534057617,25.729999542236328,17277.0
2026-08-05 15:24:00,OTLK,,1.0299999713897705,1.0299999713897705,1.0290000438690186,1.0290000438690186,1326.0
2026-08-05 15:24:00,OVID,,2.586899995803833,2.5999999046325684,2.5850000381469727,2.5899999141693115,13865.0
2026-08-05 15:24:00,OXLC,,9.135000228881836,9.145000457763672,9.135000228881836,9.145000457763672,3104.0
2026-08-05 15:24:00,PAA,,23.149999618530273,23.155000686645508,23.145000457763672,23.155000686645508,3827.0
2026-08-05 15:24:00,PAAS,,48.31999969482422,48.349998474121094,48.29999923706055,48.334999084472656,9579.0
2026-08-05 15:24:00,PACB,,1.284999966621399,1.2899999618530273,1.2799999713897705,1.284999966621399,4636.0
2026-08-05 15:24:00,PAGP,,25.125,25.125,25.125,25.125,707.0
2026-08-05 15:24:00,PALI,,2.119999885559082,2.119999885559082,2.115000009536743,2.115000009536743,1336.0
2026-08-05 15:24:00,PANL,,7.28000020980835,7.28000020980835,7.28000020980835,7.28000020980835,984.0
2026-08-05 15:24:00,PANW,,364.1600036621094,364.1600036621094,363.7601013183594,363.80999755859375,17762.0
2026-08-05 15:24:00,PATK,,87.84500122070312,87.84500122070312,87.62999725341797,87.62999725341797,4122.0
2026-08-05 15:24:00,PAX,,11.369999885559082,11.369999885559082,11.359999656677246,11.359999656677246,5255.0
2026-08-05 15:24:00,PAYO,,7.125,7.125,7.119999885559082,7.119999885559082,4357.0
2026-08-05 15:24:00,PAYS,,9.09000015258789,9.09000015258789,9.09000015258789,9.09000015258789,148.0
2026-08-05 15:24:00,PAYX,,117.71499633789062,117.7249984741211,117.63999938964844,117.63999938964844,4158.0
2026-08-05 15:24:00,PCAR,,133.81500244140625,133.82000732421875,133.79190063476562,133.79190063476562,4547.0
2026-08-05 15:24:00,PCRX,,24.850000381469727,24.850000381469727,24.850000381469727,24.850000381469727,596.0
2026-08-05 15:24:00,PCT,,6.889999866485596,6.900000095367432,6.889999866485596,6.900000095367432,11466.0
2026-08-05 15:24:00,PCTY,,145.74000549316406,146.00750732421875,145.64999389648438,145.98500061035156,7344.0
2026-08-05 15:24:00,PDD,,90.73059844970703,90.73999786376953,90.73059844970703,90.73999786376953,2178.0
2026-08-05 15:24:00,PDLB,,20.434999465942383,20.434999465942383,20.434999465942383,20.434999465942383,1014.0
2026-08-05 15:24:00,PEBK,,43.404998779296875,43.404998779296875,43.404998779296875,43.404998779296875,905.0
2026-08-05 15:24:00,PEBO,,41.630001068115234,41.630001068115234,41.630001068115234,41.630001068115234,840.0
2026-08-05 15:24:00,PECO,,41.43000030517578,41.43000030517578,41.43000030517578,41.43000030517578,1564.0
2026-08-05 15:24:00,PEGA,,31.799999237060547,31.799999237060547,31.795000076293945,31.799999237060547,2158.0
2026-08-05 15:24:00,PENN,,19.65999984741211,19.65999984741211,19.645000457763672,19.645000457763672,4977.0
2026-08-05 15:24:00,PEP,,138.39999389648438,138.39999389648438,138.3699951171875,138.3699951171875,4633.0
2026-08-05 15:24:00,PEPG,,1.9600000381469727,1.965000033378601,1.9600000381469727,1.9600000381469727,443.0
2026-08-05 15:24:00,PERI,,9.604999542236328,9.604999542236328,9.600000381469727,9.600000381469727,966.0
2026-08-05 15:24:00,PFBC,,106.37000274658203,106.37000274658203,106.36000061035156,106.36000061035156,943.0
2026-08-05 15:24:00,PFG,,114.11499786376953,114.12000274658203,114.11000061035156,114.12000274658203,1789.0
2026-08-05 15:24:00,PGEN,,6.974999904632568,6.980000019073486,6.96999979019165,6.974999904632568,14041.0
2026-08-05 15:24:00,PGY,,21.719999313354492,21.735000610351562,21.719999313354492,21.719999313354492,2272.0
2026-08-05 15:24:00,PHAT,,8.350000381469727,8.350000381469727,8.350000381469727,8.350000381469727,479.0
2026-08-05 15:24:00,PHVS,,33.529998779296875,33.529998779296875,33.529998779296875,33.529998779296875,264.0
2026-08-05 15:24:00,PLMR,,134.80999755859375,134.80999755859375,134.71620178222656,134.72999572753906,1397.0
2026-08-05 15:24:00,PLSE,,37.65999984741211,37.65999984741211,37.56999969482422,37.6150016784668,11300.0
2026-08-05 15:24:00,PLTK,,3.8949999809265137,3.8949999809265137,3.8949999809265137,3.8949999809265137,3027.0
2026-08-05 15:24:00,PLUG,,2.075000047683716,2.078000068664551,2.069999933242798,2.075000047683716,114881.0
2026-08-05 15:24:00,PLXS,,276.05999755859375,276.05999755859375,275.92999267578125,275.9599914550781,2160.0
2026-08-05 15:24:00,PNBK,,1.1349999904632568,1.1349999904632568,1.1349999904632568,1.1349999904632568,235.0
2026-08-05 15:24:00,PNFP,,107.37999725341797,107.41000366210938,107.33000183105469,107.38999938964844,11252.0
2026-08-05 15:24:00,PNRG,,187.5,187.5,187.5,187.5,145.0
2026-08-05 15:24:00,POET,,8.21500015258789,8.225000381469727,8.21500015258789,8.225000381469727,4429.0
2026-08-05 15:24:00,POLA,,1.7799999713897705,1.7799999713897705,1.774999976158142,1.7799999713897705,2491.0
2026-08-05 15:24:00,POOL,,205.05999755859375,205.0749969482422,204.92999267578125,205.0749969482422,3103.0
2026-08-05 15:24:00,POWI,,61.94499969482422,61.94499969482422,61.942501068115234,61.94499969482422,748.0
2026-08-05 15:24:00,POWL,,210.27000427246094,210.55999755859375,210.27000427246094,210.41000366210938,1684.0
2026-08-05 15:24:00,PPC,,26.399999618530273,26.399999618530273,26.389999389648438,26.389999389648438,2774.0
2026-08-05 15:24:00,PPTA,,22.700000762939453,22.709999084472656,22.700000762939453,22.709999084472656,2198.0
2026-08-05 15:24:00,PRAA,,17.270000457763672,17.270000457763672,17.270000457763672,17.270000457763672,3141.0
2026-08-05 15:24:00,PRAX,,318.1499938964844,318.1499938964844,318.1499938964844,318.1499938964844,357.0
2026-08-05 15:24:00,PRCH,,15.859999656677246,15.859999656677246,15.850000381469727,15.850000381469727,2570.0
2026-08-05 15:24:00,PRCT,,19.290000915527344,19.399999618530273,19.25,19.399999618530273,33667.0
2026-08-05 15:24:00,PRE,,18.440000534057617,18.440000534057617,18.18000030517578,18.440000534057617,210.0
2026-08-05 15:24:00,PRGS,,42.185001373291016,42.185001373291016,42.150001525878906,42.150001525878906,819.0
2026-08-05 15:24:00,PRIM,,84.29499816894531,84.38999938964844,84.23500061035156,84.23999786376953,3584.0
2026-08-05 15:24:00,PRME,,3.0399999618530273,3.0399999618530273,3.0350000858306885,3.0399999618530273,1371.0
2026-08-05 15:24:00,PROF,,7.970099925994873,8.029899597167969,7.970099925994873,8.029899597167969,2605.0
2026-08-05 15:24:00,PRSO,,0.7060999870300293,0.7085000276565552,0.7060999870300293,0.7085000276565552,775.0
2026-08-05 15:24:00,PRVA,,24.0,24.0,23.969999313354492,23.969999313354492,3756.0
2026-08-05 15:24:00,PSEC,,2.190000057220459,2.190000057220459,2.180000066757202,2.184999942779541,3199.0
2026-08-05 15:24:00,PSMT,,186.6999969482422,186.6999969482422,186.6999969482422,186.6999969482422,793.0
2026-08-05 15:24:00,PSNL,,13.5,13.515000343322754,13.5,13.510000228881836,2415.0
2026-08-05 15:24:00,PSNY,,14.069999694824219,14.069999694824219,14.069999694824219,14.069999694824219,327.0
2026-08-05 15:24:00,PTC,,139.8350067138672,139.89500427246094,139.8350067138672,139.89500427246094,439.0
2026-08-05 15:24:00,PTCT,,68.7699966430664,68.7699966430664,68.7699966430664,68.7699966430664,470.0
2026-08-05 15:24:00,PTEN,,9.729999542236328,9.734999656677246,9.725000381469727,9.734999656677246,15159.0
2026-08-05 15:24:00,PTLO,,4.6230998039245605,4.630000114440918,4.621200084686279,4.625,12811.0
2026-08-05 15:24:00,PTON,,6.474999904632568,6.474999904632568,6.465000152587891,6.465000152587891,13270.0
2026-08-05 15:24:00,PUBM,,13.539999961853027,13.539999961853027,13.539999961853027,13.539999961853027,1704.0
2026-08-05 15:24:00,PWP,,17.399999618530273,17.420000076293945,17.399999618530273,17.420000076293945,1747.0
2026-08-05 15:24:00,PYPL,,57.959999084472656,57.96989822387695,57.935001373291016,57.935001373291016,6871.0
2026-08-05 15:24:00,PZZA,,29.799999237060547,29.799999237060547,29.790000915527344,29.790000915527344,4310.0
2026-08-05 15:24:00,QCOM,,158.88999938964844,158.9199981689453,158.7938995361328,158.83999633789062,14682.0
2026-08-05 15:24:00,QFIN,,13.170000076293945,13.170000076293945,13.170000076293945,13.170000076293945,1422.0
2026-08-05 15:24:00,QRVO,,95.44000244140625,95.44000244140625,95.43000030517578,95.43000030517578,953.0
2026-08-05 15:24:00,SEED,,1.059999942779541,1.059999942779541,1.059999942779541,1.059999942779541,873.0
2026-08-05 15:24:00,STIM,,2.385200023651123,2.385200023651123,2.385200023651123,2.385200023651123,223.0
2026-08-05 15:24:00,TARA,,4.0,4.0,3.994999885559082,3.994999885559082,314.0
2026-08-05 15:24:00,WOOF,,2.924999952316284,2.924999952316284,2.924999952316284,2.924999952316284,325.0
2026-08-05 15:25:00,ACDC,,4.489999771118164,4.494999885559082,4.485000133514404,4.485000133514404,19710.0
2026-08-05 15:25:00,CNXN,,86.12210083007812,86.12210083007812,86.12210083007812,86.12210083007812,747.0
2026-08-05 15:25:00,EYE,,22.969999313354492,22.979999542236328,22.969999313354492,22.969999313354492,4018.0
2026-08-05 15:25:00,GLUE,,15.420000076293945,15.4399995803833,15.359999656677246,15.369999885559082,22443.0
2026-08-05 15:25:00,KIDS,,21.53499984741211,21.53499984741211,21.5,21.530000686645508,1108.0
2026-08-05 15:25:00,MBRX,,0.39730000495910645,0.39989998936653137,0.39730000495910645,0.398499995470047,1105.0
2026-08-05 15:25:00,MDB,,374.4599914550781,374.5,374.1199951171875,374.2349853515625,4150.0
2026-08-05 15:25:00,MDLZ,,62.51499938964844,62.54999923706055,62.51499938964844,62.54999923706055,13742.0
2026-08-05 15:25:00,MLTX,,17.549999237060547,17.549999237060547,17.530000686645508,17.540000915527344,2037.0
2026-08-05 15:25:00,MNRO,,13.149999618530273,13.149999618530273,13.149999618530273,13.149999618530273,836.0
2026-08-05 15:25:00,MNST,,94.37000274658203,94.40950012207031,94.37000274658203,94.4000015258789,6318.0
2026-08-05 15:25:00,MNTS,,4.249599933624268,4.25,4.244999885559082,4.244999885559082,8107.0
2026-08-05 15:25:00,MPWR,,1352.0150146484375,1352.8599853515625,1350.0350341796875,1350.3599853515625,802.0
2026-08-05 15:25:00,MRNA,,56.41999816894531,56.439998626708984,56.345001220703125,56.345001220703125,9823.0
2026-08-05 15:25:00,MYGN,,3.0799999237060547,3.0850000381469727,3.069999933242798,3.0850000381469727,9271.0
2026-08-05 15:25:00,NAMS,,27.270000457763672,27.299999237060547,27.270000457763672,27.299999237060547,3503.0
2026-08-05 15:25:00,NAVI,,9.100000381469727,9.100000381469727,9.095000267028809,9.095000267028809,366.0
2026-08-05 15:25:00,NB,,5.039999961853027,5.039999961853027,5.034999847412109,5.034999847412109,12179.0
2026-08-05 15:25:00,NBIX,,162.7449951171875,162.7449951171875,162.6699981689453,162.6699981689453,1839.0
2026-08-05 15:25:00,NBN,,133.99000549316406,133.99000549316406,133.99000549316406,133.99000549316406,491.0
2026-08-05 15:25:00,NBTB,,53.29999923706055,53.29999923706055,53.290000915527344,53.290000915527344,857.0
2026-08-05 15:25:00,NBTX,,39.52000045776367,39.56999969482422,39.52000045776367,39.56999969482422,2341.0
2026-08-05 15:25:00,NDAQ,,94.625,94.625,94.58000183105469,94.58000183105469,4680.0
2026-08-05 15:25:00,NDLS,,18.200000762939453,18.200000762939453,18.200000762939453,18.200000762939453,654.0
2026-08-05 15:25:00,NDSN,,310.8399963378906,310.8399963378906,310.8399963378906,310.8399963378906,166.0
2026-08-05 15:25:00,NECB,,27.20800018310547,27.20800018310547,27.1200008392334,27.139999389648438,1549.0
2026-08-05 15:25:00,NEO,,15.760499954223633,15.760499954223633,15.744999885559082,15.75,17556.0
2026-08-05 15:25:00,NEOG,,11.489999771118164,11.505000114440918,11.489999771118164,11.505000114440918,3156.0
2026-08-05 15:25:00,NEOV,,2.9149999618530273,2.9149999618530273,2.9149999618530273,2.9149999618530273,1108.0
2026-08-05 15:25:00,NEXT,,6.449999809265137,6.460000038146973,6.449999809265137,6.460000038146973,9699.0
2026-08-05 15:25:00,NFE,,0.33719998598098755,0.3384999930858612,0.33709999918937683,0.3377000093460083,4601.0
2026-08-05 15:25:00,NFLX,,73.78500366210938,73.79000091552734,73.76499938964844,73.76499938964844,56614.0
2026-08-05 15:25:00,NHTC,,1.6699999570846558,1.6699999570846558,1.6399999856948853,1.6399999856948853,711.0
2026-08-05 15:25:00,NICE,,100.0199966430664,100.02999877929688,100.01000213623047,100.01000213623047,2514.0
2026-08-05 15:25:00,NKTR,,72.8499984741211,72.8499984741211,72.81999969482422,72.81999969482422,875.0
2026-08-05 15:25:00,NKTX,,2.200000047683716,2.2049999237060547,2.200000047683716,2.200000047683716,1204.0
2026-08-05 15:25:00,NMFC,,7.364999771118164,7.364999771118164,7.364999771118164,7.364999771118164,712.0
2026-08-05 15:25:00,NMIH,,44.650001525878906,44.650001525878906,44.650001525878906,44.650001525878906,1626.0
2026-08-05 15:25:00,NMRA,,1.6100000143051147,1.6100000143051147,1.6100000143051147,1.6100000143051147,747.0
2026-08-05 15:25:00,NMRK,,15.6850004196167,15.6850004196167,15.675000190734863,15.675000190734863,2802.0
2026-08-05 15:25:00,NN,,14.704999923706055,14.71660041809082,14.704999923706055,14.710000038146973,3512.0
2026-08-05 15:25:00,NNBR,,3.8299999237060547,3.8299999237060547,3.825000047683716,3.825000047683716,817.0
2026-08-05 15:25:00,NNDM,,1.5549999475479126,1.5549999475479126,1.5500999689102173,1.5549999475479126,1659.0
2026-08-05 15:25:00,NNOX,,1.0099999904632568,1.0099999904632568,1.0049999952316284,1.0049999952316284,12979.0
2026-08-05 15:25:00,NRC,,19.600000381469727,19.600000381469727,19.56999969482422,19.56999969482422,1408.0
2026-08-05 15:25:00,NRDS,,9.055000305175781,9.055000305175781,9.039999961853027,9.039999961853027,2496.0
2026-08-05 15:25:00,NRIX,,25.059999465942383,25.09000015258789,25.05500030517578,25.05500030517578,1195.0
2026-08-05 15:25:00,NSSC,,40.2400016784668,40.2400016784668,40.2400016784668,40.2400016784668,418.0
2026-08-05 15:25:00,NTAP,,189.5800018310547,189.66000366210938,189.57000732421875,189.57000732421875,8960.0
2026-08-05 15:25:00,NTES,,127.75,127.81999969482422,127.75,127.81999969482422,1686.0
2026-08-05 15:25:00,NTGR,,24.31999969482422,24.40999984741211,24.31999969482422,24.399999618530273,4102.0
2026-08-05 15:25:00,NTNX,,61.310001373291016,61.34000015258789,61.29999923706055,61.29999923706055,9179.0
2026-08-05 15:25:00,NTRA,,271.81500244140625,271.81500244140625,271.81500244140625,271.81500244140625,686.0
2026-08-05 15:25:00,NTRS,,184.53500366210938,184.58999633789062,184.52499389648438,184.52499389648438,1717.0
2026-08-05 15:25:00,NVAX,,7.635000228881836,7.635000228881836,7.630000114440918,7.630000114440918,4995.0
2026-08-05 15:25:00,NVCR,,16.06999969482422,16.079999923706055,16.049999237060547,16.049999237060547,7807.0
2026-08-05 15:25:00,NVCT,,19.649999618530273,19.655000686645508,19.649999618530273,19.655000686645508,759.0
2026-08-05 15:25:00,NVDA,,221.8800048828125,221.92999267578125,221.82339477539062,221.875,168102.0
2026-08-05 15:25:00,NVTS,,12.420000076293945,12.425000190734863,12.399999618530273,12.399999618530273,19665.0
2026-08-05 15:25:00,NWBI,,15.960000038146973,15.960000038146973,15.960000038146973,15.960000038146973,1469.0
2026-08-05 15:25:00,NWL,,6.159999847412109,6.170000076293945,6.159999847412109,6.164999961853027,10352.0
2026-08-05 15:25:00,NWS,,32.650001525878906,32.65999984741211,32.584999084472656,32.619998931884766,12596.0
2026-08-05 15:25:00,NWSA,,28.709999084472656,28.725000381469727,28.614999771118164,28.639999389648438,45983.0
2026-08-05 15:25:00,NXPI,,232.6199951171875,232.6999969482422,232.5500030517578,232.5500030517578,4547.0
2026-08-05 15:25:00,NXST,,189.89500427246094,189.89500427246094,189.89500427246094,189.89500427246094,254.0
2026-08-05 15:25:00,NXT,,99.66999816894531,99.66999816894531,99.5,99.5,5693.0
2026-08-05 15:25:00,OABI,,2.065000057220459,2.065000057220459,2.065000057220459,2.065000057220459,348.0
2026-08-05 15:25:00,OCCI,,2.494999885559082,2.494999885559082,2.494999885559082,2.494999885559082,103.0
2026-08-05 15:25:00,OCGN,,1.2799999713897705,1.284999966621399,1.2799999713897705,1.284999966621399,13989.0
2026-08-05 15:25:00,OCSL,,12.044500350952148,12.045000076293945,12.041000366210938,12.041000366210938,933.0
2026-08-05 15:25:00,OCUL,,8.569999694824219,8.569999694824219,8.569999694824219,8.569999694824219,2589.0
2026-08-05 15:25:00,ODD,,15.25,15.270000457763672,15.239999771118164,15.239999771118164,916.0
2026-08-05 15:25:00,ODFL,,214.22000122070312,214.22000122070312,214.02999877929688,214.125,3665.0
2026-08-05 15:25:00,OFIX,,10.595000267028809,10.600000381469727,10.595000267028809,10.600000381469727,1518.0
2026-08-05 15:25:00,OGI,,0.9539999961853027,0.9539999961853027,0.9539999961853027,0.9539999961853027,128.0
2026-08-05 15:25:00,OKTA,,147.75,147.75,147.6750030517578,147.72999572753906,1925.0
2026-08-05 15:25:00,OLLI,,77.91000366210938,77.97000122070312,77.91000366210938,77.97000122070312,1063.0
2026-08-05 15:25:00,OLMA,,11.5,11.5,11.5,11.5,1061.0
2026-08-05 15:25:00,OMCL,,37.2400016784668,37.2400016784668,37.220001220703125,37.220001220703125,596.0
2026-08-05 15:25:00,OMER,,12.739999771118164,12.739999771118164,12.726099967956543,12.726099967956543,3246.0
2026-08-05 15:25:00,OMH,,0.11599999666213989,0.11699999868869781,0.11599999666213989,0.11599999666213989,8006.0
2026-08-05 15:25:00,ON,,77.92500305175781,77.94999694824219,77.87999725341797,77.87999725341797,28580.0
2026-08-05 15:25:00,ONB,,27.0,27.0,26.989999771118164,26.989999771118164,4861.0
2026-08-05 15:25:00,ONDS,,8.845000267028809,8.850000381469727,8.829999923706055,8.835000038146973,523625.0
2026-08-05 15:25:00,ONEW,,12.6899995803833,12.699999809265137,12.6899995803833,12.699999809265137,1457.0
2026-08-05 15:25:00,ONFO,,0.07519999891519547,0.0763000026345253,0.07519999891519547,0.07519999891519547,17893.0
2026-08-05 15:25:00,ONMD,,0.64410001039505,0.64410001039505,0.64410001039505,0.64410001039505,2271.0
2026-08-05 15:25:00,OPCH,,23.485000610351562,23.5,23.475000381469727,23.475000381469727,5076.0
2026-08-05 15:25:00,OPEN,,3.740000009536743,3.740000009536743,3.7300000190734863,3.7300000190734863,62027.0
2026-08-05 15:25:00,OPHC,,8.670000076293945,8.770000457763672,8.670000076293945,8.770000457763672,1089.0
2026-08-05 15:25:00,OPK,,1.315000057220459,1.315000057220459,1.3100999593734741,1.315000057220459,925.0
2026-08-05 15:25:00,OPRA,,19.950000762939453,19.950000762939453,19.950000762939453,19.950000762939453,1247.0
2026-08-05 15:25:00,OPRT,,6.050000190734863,6.050000190734863,6.050000190734863,6.050000190734863,440.0
2026-08-05 15:25:00,OPRX,,6.985000133514404,6.985000133514404,6.960000038146973,6.960000038146973,1878.0
2026-08-05 15:25:00,ORGO,,2.3350000381469727,2.3350000381469727,2.3350000381469727,2.3350000381469727,314.0
2026-08-05 15:25:00,ORIC,,12.899999618530273,12.899999618530273,12.895000457763672,12.895000457763672,3788.0
2026-08-05 15:25:00,ORLY,,93.05999755859375,93.08999633789062,93.04499816894531,93.05000305175781,17431.0
2026-08-05 15:25:00,OSBC,,25.78499984741211,25.78499984741211,25.780000686645508,25.780000686645508,1747.0
2026-08-05 15:25:00,OSIS,,236.49249267578125,236.7899932861328,236.49249267578125,236.7899932861328,1485.0
2026-08-05 15:25:00,OSPN,,16.59000015258789,16.59000015258789,16.59000015258789,16.59000015258789,2351.0
2026-08-05 15:25:00,OSS,,13.4399995803833,13.4399995803833,13.428199768066406,13.4399995803833,6617.0
2026-08-05 15:25:00,OSW,,26.440000534057617,26.440000534057617,26.440000534057617,26.440000534057617,961.0
2026-08-05 15:25:00,OTEX,,25.719999313354492,25.719999313354492,25.71500015258789,25.719999313354492,2919.0
2026-08-05 15:25:00,OTLK,,1.024999976158142,1.024999976158142,1.024999976158142,1.024999976158142,2488.0
2026-08-05 15:25:00,OTLY,,14.444999694824219,14.444999694824219,14.399999618530273,14.399999618530273,441.0
2026-08-05 15:25:00,OTTR,,92.38999938964844,92.38999938964844,92.38999938964844,92.38999938964844,729.0
2026-08-05 15:25:00,OVID,,2.5950000286102295,2.5950000286102295,2.5899999141693115,2.5899999141693115,3354.0
2026-08-05 15:25:00,PAA,,23.145000457763672,23.145000457763672,23.139999389648438,23.145000457763672,5757.0
2026-08-05 15:25:00,PAAS,,48.33000183105469,48.349998474121094,48.31999969482422,48.31999969482422,7115.0
2026-08-05 15:25:00,PACB,,1.284999966621399,1.2899999618530273,1.2799999713897705,1.284999966621399,12237.0
2026-08-05 15:25:00,PAGP,,25.110000610351562,25.1200008392334,25.110000610351562,25.1200008392334,2937.0
2026-08-05 15:25:00,PALI,,2.119999885559082,2.119999885559082,2.115000009536743,2.119999885559082,1703.0
2026-08-05 15:25:00,PANW,,363.75,363.9200134277344,363.5799865722656,363.760009765625,6933.0
2026-08-05 15:25:00,PATK,,87.93000030517578,87.93000030517578,87.93000030517578,87.93000030517578,201.0
2026-08-05 15:25:00,PAX,,11.385000228881836,11.385000228881836,11.380000114440918,11.380000114440918,3376.0
2026-08-05 15:25:00,PAYO,,7.125,7.125,7.119999885559082,7.125,4699.0
2026-08-05 15:25:00,PAYS,,9.109999656677246,9.109999656677246,9.100000381469727,9.100000381469727,3422.0
2026-08-05 15:25:00,PAYX,,117.81999969482422,117.81999969482422,117.73999786376953,117.73999786376953,5310.0
2026-08-05 15:25:00,PCAR,,133.7100067138672,133.82000732421875,133.7100067138672,133.82000732421875,5587.0
2026-08-05 15:25:00,PCRX,,24.854999542236328,24.854999542236328,24.850000381469727,24.850000381469727,2280.0
2026-08-05 15:25:00,PCT,,6.900000095367432,6.900000095367432,6.894999980926514,6.900000095367432,12815.0
2026-08-05 15:25:00,PCTY,,146.16000366210938,146.32000732421875,145.77999877929688,145.77999877929688,10567.0
2026-08-05 15:25:00,PDD,,90.79000091552734,90.79000091552734,90.73999786376953,90.73999786376953,4726.0
2026-08-05 15:25:00,PDEX,,67.43499755859375,67.43499755859375,67.43499755859375,67.43499755859375,204.0
2026-08-05 15:25:00,PDFS,,50.165000915527344,50.165000915527344,50.165000915527344,50.165000915527344,406.0
2026-08-05 15:25:00,PEGA,,31.829999923706055,31.84000015258789,31.799999237060547,31.809999465942383,11816.0
2026-08-05 15:25:00,PENN,,19.635000228881836,19.639999389648438,19.635000228881836,19.639999389648438,3479.0
2026-08-05 15:25:00,PEP,,138.38999938964844,138.4250030517578,138.38499450683594,138.4250030517578,6403.0
2026-08-05 15:25:00,PEPG,,1.965000033378601,1.9700000286102295,1.9600000381469727,1.965000033378601,1052.0
2026-08-05 15:25:00,PERI,,9.600000381469727,9.604999542236328,9.59000015258789,9.600000381469727,2301.0
2026-08-05 15:25:00,PFG,,114.16999816894531,114.16999816894531,114.1449966430664,114.1449966430664,1711.0
2026-08-05 15:25:00,PGC,,46.650001525878906,46.650001525878906,46.650001525878906,46.650001525878906,2394.0
2026-08-05 15:25:00,PGEN,,6.96999979019165,6.974999904632568,6.96999979019165,6.974999904632568,9485.0
2026-08-05 15:25:00,PGNY,,31.540000915527344,31.540000915527344,31.540000915527344,31.540000915527344,924.0
2026-08-05 15:25:00,PGY,,21.729999542236328,21.729999542236328,21.719999313354492,21.719999313354492,3937.0
2026-08-05 15:25:00,PHAT,,8.375,8.375,8.354999542236328,8.354999542236328,17297.0
2026-08-05 15:25:00,PHVS,,33.52000045776367,33.584999084472656,33.52000045776367,33.529998779296875,1527.0
2026-08-05 15:25:00,PLMR,,134.85499572753906,134.85499572753906,134.76499938964844,134.76499938964844,1180.0
2026-08-05 15:25:00,PLPC,,472.75,473.0,472.75,472.75,888.0
2026-08-05 15:25:00,PLSE,,37.724998474121094,37.7400016784668,37.68000030517578,37.68000030517578,3541.0
2026-08-05 15:25:00,PLUG,,2.075000047683716,2.0799999237060547,2.069999933242798,2.075000047683716,16175.0
2026-08-05 15:25:00,PLXS,,276.0775146484375,276.0775146484375,275.6499938964844,275.6499938964844,1692.0
2026-08-05 15:25:00,PNFP,,107.58999633789062,107.58999633789062,107.44999694824219,107.58999633789062,3043.0
2026-08-05 15:25:00,PNRG,,187.4199981689453,187.4199981689453,187.4199981689453,187.4199981689453,1134.0
2026-08-05 15:25:00,PNTG,,38.7599983215332,38.77000045776367,38.720001220703125,38.72999954223633,3318.0
2026-08-05 15:25:00,POET,,8.21500015258789,8.225000381469727,8.211999893188477,8.21500015258789,11197.0
2026-08-05 15:25:00,POOL,,205.22999572753906,205.22999572753906,205.0800018310547,205.0800018310547,1736.0
2026-08-05 15:25:00,POWI,,61.91999816894531,62.0,61.91999816894531,62.0,1358.0
2026-08-05 15:25:00,POWL,,210.25999450683594,210.4600067138672,210.2200927734375,210.25999450683594,421.0
2026-08-05 15:25:00,PPC,,26.395000457763672,26.399999618530273,26.395000457763672,26.395000457763672,2480.0
2026-08-05 15:25:00,PPTA,,22.709999084472656,22.709999084472656,22.700000762939453,22.700000762939453,1778.0
2026-08-05 15:25:00,PRCH,,15.869999885559082,15.869999885559082,15.859999656677246,15.859999656677246,1045.0
2026-08-05 15:25:00,PRCT,,19.200000762939453,19.280000686645508,19.170000076293945,19.280000686645508,9541.0
2026-08-05 15:25:00,PRDO,,32.79999923706055,32.79999923706055,32.79999923706055,32.79999923706055,593.0
2026-08-05 15:25:00,PRE,,18.170000076293945,18.209999084472656,18.010000228881836,18.209999084472656,18117.0
2026-08-05 15:25:00,PRGS,,42.150001525878906,42.220001220703125,42.150001525878906,42.220001220703125,1263.0
2026-08-05 15:25:00,PRIM,,84.31999969482422,84.4000015258789,84.28500366210938,84.28500366210938,10971.0
2026-08-05 15:25:00,PRME,,3.0450000762939453,3.0450000762939453,3.0399999618530273,3.0399999618530273,4044.0
2026-08-05 15:25:00,PROF,,8.0,8.0,8.0,8.0,519.0
2026-08-05 15:25:00,PROK,,1.6449999809265137,1.6449999809265137,1.6449999809265137,1.6449999809265137,745.0
2026-08-05 15:25:00,PRQR,,1.975000023841858,1.975000023841858,1.975000023841858,1.975000023841858,411.0
2026-08-05 15:25:00,PRTA,,8.460000038146973,8.460000038146973,8.460000038146973,8.460000038146973,931.0
2026-08-05 15:25:00,PRVA,,23.989999771118164,24.010000228881836,23.989999771118164,24.010000228881836,3956.0
2026-08-05 15:25:00,PRZO,,0.5595999956130981,0.5595999956130981,0.5595999956130981,0.5595999956130981,1209.0
2026-08-05 15:25:00,PSEC,,2.184999942779541,2.184999942779541,2.184999942779541,2.184999942779541,742.0
2026-08-05 15:25:00,PSNL,,13.520000457763672,13.520000457763672,13.510000228881836,13.510000228881836,1931.0
2026-08-05 15:25:00,PTC,,140.02000427246094,140.02000427246094,139.85000610351562,139.85000610351562,7570.0
2026-08-05 15:25:00,PTCT,,68.78500366210938,68.78500366210938,68.76000213623047,68.78500366210938,1043.0
2026-08-05 15:25:00,PTEN,,9.6899995803833,9.725000381469727,9.6899995803833,9.725000381469727,77607.0
2026-08-05 15:25:00,PTLO,,4.630000114440918,4.630000114440918,4.630000114440918,4.630000114440918,1406.0
2026-08-05 15:25:00,PTON,,6.46999979019165,6.474999904632568,6.46999979019165,6.474999904632568,5869.0
2026-08-05 15:25:00,PWP,,17.399999618530273,17.420000076293945,17.399999618530273,17.420000076293945,3822.0
2026-08-05 15:25:00,PYPL,,57.970001220703125,57.97999954223633,57.959999084472656,57.959999084472656,8815.0
2026-08-05 15:25:00,PYXS,,3.134999990463257,3.134999990463257,3.134999990463257,3.134999990463257,309.0
2026-08-05 15:25:00,PZZA,,29.81999969482422,29.81999969482422,29.799999237060547,29.799999237060547,3698.0
2026-08-05 15:25:00,QCOM,,158.87010192871094,158.97999572753906,158.87010192871094,158.88009643554688,13462.0
2026-08-05 15:25:00,QFIN,,13.175000190734863,13.175000190734863,13.170000076293945,13.170000076293945,1681.0
2026-08-05 15:25:00,QRVO,,95.5,95.54000091552734,95.4800033569336,95.4800033569336,4052.0
2026-08-05 15:25:00,SEED,,1.059999942779541,1.059999942779541,1.059999942779541,1.059999942779541,500.0
2026-08-05 15:25:00,STIM,,2.410099983215332,2.424999952316284,2.384999990463257,2.384999990463257,27544.0
2026-08-05 15:25:00,TARA,,3.994999885559082,3.994999885559082,3.994999885559082,3.994999885559082,567.0
2026-08-05 15:25:00,WOOF,,2.924999952316284,2.930000066757202,2.924999952316284,2.924999952316284,1193.0
2026-08-05 15:26:00,ACDC,,4.489999771118164,4.489999771118164,4.489999771118164,4.489999771118164,3315.0
2026-08-05 15:26:00,DTIL,,7.465000152587891,7.465000152587891,7.465000152587891,7.465000152587891,710.0
2026-08-05 15:26:00,EYE,,22.989999771118164,22.989999771118164,22.979999542236328,22.979999542236328,2975.0
2026-08-05 15:26:00,FIZZ,,32.099998474121094,32.099998474121094,32.099998474121094,32.099998474121094,2578.0
2026-08-05 15:26:00,FRST,,16.5,16.5,16.5,16.5,1381.0
2026-08-05 15:26:00,GLUE,,15.430000305175781,15.430000305175781,15.430000305175781,15.430000305175781,1094.0
2026-08-05 15:26:00,KIDS,,21.645000457763672,21.649999618530273,21.53499984741211,21.53499984741211,2342.0
2026-08-05 15:26:00,KITT,,1.0399999618530273,1.0399999618530273,1.0399999618530273,1.0399999618530273,576.0
2026-08-05 15:26:00,MBRX,,0.3971000015735626,0.3971000015735626,0.3971000015735626,0.3971000015735626,203.0
2026-08-05 15:26:00,MCRI,,122.13999938964844,122.13999938964844,122.13999938964844,122.13999938964844,228.0
2026-08-05 15:26:00,MDB,,374.3399963378906,374.6300048828125,374.3399963378906,374.6300048828125,1806.0
2026-08-05 15:26:00,MDLZ,,62.529998779296875,62.529998779296875,62.51499938964844,62.51499938964844,12521.0
2026-08-05 15:26:00,MLTX,,17.549999237060547,17.559600830078125,17.549999237060547,17.549999237060547,1157.0
2026-08-05 15:26:00,MNRO,,13.141599655151367,13.142000198364258,13.141599655151367,13.142000198364258,1663.0
2026-08-05 15:26:00,MNST,,94.36000061035156,94.37000274658203,94.34500122070312,94.36000061035156,10718.0
2026-08-05 15:26:00,MNTK,,1.6799999475479126,1.6799999475479126,1.6799999475479126,1.6799999475479126,679.0
2026-08-05 15:26:00,MPAA,,13.6899995803833,13.6899995803833,13.6899995803833,13.6899995803833,149.0
2026-08-05 15:26:00,MPWR,,1356.0550537109375,1356.18994140625,1351.8399658203125,1352.0150146484375,3153.0
2026-08-05 15:26:00,MRNA,,56.45000076293945,56.470001220703125,56.439998626708984,56.439998626708984,5132.0
2026-08-05 15:26:00,MYGN,,3.0850000381469727,3.0850000381469727,3.0799999237060547,3.0799999237060547,2554.0
2026-08-05 15:26:00,MYRG,,339.6099853515625,339.6099853515625,339.6099853515625,339.6099853515625,76.0
2026-08-05 15:26:00,NAMS,,27.280000686645508,27.280000686645508,27.280000686645508,27.280000686645508,1205.0
2026-08-05 15:26:00,NATH,,98.34500122070312,98.34500122070312,98.34500122070312,98.34500122070312,557.0
2026-08-05 15:26:00,NAUT,,0.9348999857902527,0.9348999857902527,0.9348000288009644,0.9348000288009644,2076.0
2026-08-05 15:26:00,NAVI,,9.100000381469727,9.104999542236328,9.100000381469727,9.100000381469727,4746.0
2026-08-05 15:26:00,NB,,5.04010009765625,5.045300006866455,5.039899826049805,5.039899826049805,9265.0
2026-08-05 15:26:00,NBIX,,162.69000244140625,162.69000244140625,162.69000244140625,162.69000244140625,1442.0
2026-08-05 15:26:00,NBN,,134.02999877929688,134.02999877929688,134.02999877929688,134.02999877929688,1347.0
2026-08-05 15:26:00,NBTB,,53.275001525878906,53.275001525878906,53.275001525878906,53.275001525878906,478.0
2026-08-05 15:26:00,NCMI,,4.090000152587891,4.090000152587891,4.090000152587891,4.090000152587891,112.0
2026-08-05 15:26:00,NDAQ,,94.62000274658203,94.6449966430664,94.62000274658203,94.63999938964844,2498.0
2026-08-05 15:26:00,NDSN,,310.7449951171875,310.7449951171875,310.7449951171875,310.7449951171875,372.0
2026-08-05 15:26:00,NEGG,,17.40999984741211,17.454999923706055,17.264999389648438,17.264999389648438,2058.0
2026-08-05 15:26:00,NEO,,15.755000114440918,15.779999732971191,15.755000114440918,15.760000228881836,3065.0
2026-08-05 15:26:00,NEOG,,11.494999885559082,11.499899864196777,11.489999771118164,11.499899864196777,3206.0
2026-08-05 15:26:00,NEON,,0.8995000123977661,0.8995000123977661,0.8995000123977661,0.8995000123977661,597.0
2026-08-05 15:26:00,NEOV,,2.930000066757202,2.940000057220459,2.9149999618530273,2.9149999618530273,11738.0
2026-08-05 15:26:00,NESR,,28.530000686645508,28.530000686645508,28.510000228881836,28.510000228881836,4851.0
2026-08-05 15:26:00,NEWT,,14.984999656677246,14.989999771118164,14.979999542236328,14.989999771118164,2685.0
2026-08-05 15:26:00,NEXT,,6.460000038146973,6.460000038146973,6.459000110626221,6.459000110626221,9306.0
2026-08-05 15:26:00,NFE,,0.33719998598098755,0.33799999952316284,0.33719998598098755,0.33799999952316284,4160.0
2026-08-05 15:26:00,NFLX,,73.76499938964844,73.79000091552734,73.75499725341797,73.78500366210938,57246.0
2026-08-05 15:26:00,NGNE,,35.744998931884766,35.744998931884766,35.744998931884766,35.744998931884766,589.0
2026-08-05 15:26:00,NICE,,99.95999908447266,99.95999908447266,99.81500244140625,99.81500244140625,1667.0
2026-08-05 15:26:00,NIU,,2.444999933242798,2.444999933242798,2.444999933242798,2.444999933242798,375.0
2026-08-05 15:26:00,NKSH,,41.36000061035156,41.36000061035156,41.36000061035156,41.36000061035156,333.0
2026-08-05 15:26:00,NKTR,,72.86499786376953,72.86499786376953,72.86499786376953,72.86499786376953,210.0
2026-08-05 15:26:00,NKTX,,2.200000047683716,2.2100000381469727,2.200000047683716,2.2049999237060547,2006.0
2026-08-05 15:26:00,NMIH,,44.685001373291016,44.685001373291016,44.650001525878906,44.65999984741211,5023.0
2026-08-05 15:26:00,NMRA,,1.6100000143051147,1.6100000143051147,1.6100000143051147,1.6100000143051147,211.0
2026-08-05 15:26:00,NMRK,,15.6899995803833,15.6899995803833,15.6899995803833,15.6899995803833,3001.0
2026-08-05 15:26:00,NN,,14.694999694824219,14.699999809265137,14.694999694824219,14.699999809265137,2687.0
2026-08-05 15:26:00,NNBR,,3.825000047683716,3.8299999237060547,3.825000047683716,3.825000047683716,2738.0
2026-08-05 15:26:00,NNDM,,1.5549999475479126,1.5549999475479126,1.5549999475479126,1.5549999475479126,1472.0
2026-08-05 15:26:00,NNOX,,1.0049999952316284,1.0049999952316284,1.0049999952316284,1.0049999952316284,0.0
2026-08-05 15:26:00,NOVT,,154.7550048828125,154.7550048828125,154.7550048828125,154.7550048828125,1526.0
2026-08-05 15:26:00,NRDS,,9.050100326538086,9.0600004196167,9.050100326538086,9.050100326538086,2255.0
2026-08-05 15:26:00,NRIX,,25.1200008392334,25.1299991607666,25.059999465942383,25.059999465942383,1538.0
2026-08-05 15:26:00,NRXP,,3.059999942779541,3.059999942779541,3.059999942779541,3.059999942779541,147.0
2026-08-05 15:26:00,NSSC,,40.310001373291016,40.310001373291016,40.29999923706055,40.29999923706055,5876.0
2026-08-05 15:26:00,NTAP,,189.74000549316406,189.74000549316406,189.60499572753906,189.60499572753906,3272.0
2026-08-05 15:26:00,NTCT,,41.69499969482422,41.69499969482422,41.69499969482422,41.69499969482422,1144.0
2026-08-05 15:26:00,NTES,,127.86000061035156,127.86000061035156,127.77999877929688,127.79000091552734,1788.0
2026-08-05 15:26:00,NTGR,,24.290000915527344,24.31999969482422,24.290000915527344,24.31999969482422,2044.0
2026-08-05 15:26:00,NTNX,,61.290000915527344,61.32500076293945,61.290000915527344,61.31999969482422,7555.0
2026-08-05 15:26:00,NTRA,,271.93499755859375,271.93499755859375,271.6700134277344,271.6700134277344,1640.0
2026-08-05 15:26:00,NVAX,,7.639999866485596,7.644999980926514,7.635000228881836,7.639999866485596,10348.0
2026-08-05 15:26:00,NVCR,,16.079999923706055,16.079999923706055,16.06999969482422,16.06999969482422,1726.0
2026-08-05 15:26:00,NVCT,,19.530000686645508,19.655000686645508,19.510000228881836,19.655000686645508,2100.0
2026-08-05 15:26:00,NVDA,,222.0399932861328,222.0500030517578,221.8699951171875,221.875,253174.0
2026-08-05 15:26:00,NVMI,,408.0799865722656,408.0799865722656,406.7049865722656,406.7049865722656,1556.0
2026-08-05 15:26:00,NVTS,,12.430000305175781,12.444999694824219,12.4197998046875,12.4197998046875,16966.0
2026-08-05 15:26:00,NWBI,,15.954999923706055,15.954999923706055,15.954999923706055,15.954999923706055,1489.0
2026-08-05 15:26:00,NWL,,6.159999847412109,6.164999961853027,6.159999847412109,6.159999847412109,24455.0
2026-08-05 15:26:00,NWPX,,126.9000015258789,127.05000305175781,126.68000030517578,126.95970153808594,4529.0
2026-08-05 15:26:00,NWS,,32.630001068115234,32.63999938964844,32.59000015258789,32.63999938964844,8207.0
2026-08-05 15:26:00,NWSA,,28.739999771118164,28.75,28.674999237060547,28.700000762939453,114597.0
2026-08-05 15:26:00,NXPI,,232.8699951171875,232.8699951171875,232.63999938964844,232.69000244140625,7471.0
2026-08-05 15:26:00,NXST,,189.77999877929688,189.92999267578125,189.64999389648438,189.92999267578125,3161.0
2026-08-05 15:26:00,NXT,,99.6500015258789,99.69499969482422,99.55999755859375,99.66999816894531,5152.0
2026-08-05 15:26:00,OABI,,2.065000057220459,2.065000057220459,2.065000057220459,2.065000057220459,419.0
2026-08-05 15:26:00,OCCIN,,24.90999984741211,24.90999984741211,24.90999984741211,24.90999984741211,228.0
2026-08-05 15:26:00,OCGN,,1.2800999879837036,1.2898999452590942,1.2799999713897705,1.2898999452590942,10479.0
2026-08-05 15:26:00,OCSL,,12.045000076293945,12.045000076293945,12.045000076293945,12.045000076293945,94.0
2026-08-05 15:26:00,ODD,,15.270000457763672,15.270000457763672,15.25,15.25,651.0
2026-08-05 15:26:00,ODFL,,214.17999267578125,214.26759338378906,214.17999267578125,214.26759338378906,2846.0
2026-08-05 15:26:00,OFIX,,10.595000267028809,10.595000267028809,10.595000267028809,10.595000267028809,977.0
2026-08-05 15:26:00,OGI,,0.9539999961853027,0.9539999961853027,0.9539999961853027,0.9539999961853027,766.0
2026-08-05 15:26:00,OKTA,,147.8000030517578,147.8800048828125,147.74000549316406,147.74000549316406,4231.0
2026-08-05 15:26:00,OLB,,0.29750001430511475,0.29750001430511475,0.29750001430511475,0.29750001430511475,2831.0
2026-08-05 15:26:00,OLLI,,77.98999786376953,77.98999786376953,77.94999694824219,77.97000122070312,1811.0
2026-08-05 15:26:00,OLMA,,11.5,11.5,11.5,11.5,1869.0
2026-08-05 15:26:00,OMCL,,37.220001220703125,37.2400016784668,37.220001220703125,37.2400016784668,1619.0
2026-08-05 15:26:00,OMEX,,0.7419999837875366,0.7419999837875366,0.7419999837875366,0.7419999837875366,235.0
2026-08-05 15:26:00,OMH,,0.11630000174045563,0.11630000174045563,0.11620000004768372,0.11630000174045563,39965.0
2026-08-05 15:26:00,ON,,78.05999755859375,78.08999633789062,77.91000366210938,77.93000030517578,35151.0
2026-08-05 15:26:00,ONB,,26.989999771118164,26.9950008392334,26.989999771118164,26.989999771118164,2341.0
2026-08-05 15:26:00,ONCY,,0.7929999828338623,0.79830002784729,0.7929999828338623,0.79830002784729,364.0
2026-08-05 15:26:00,ONDS,,8.864999771118164,8.864999771118164,8.84000015258789,8.84000015258789,156596.0
2026-08-05 15:26:00,ONFO,,0.07519999891519547,0.07739999890327454,0.07519999891519547,0.0763000026345253,116363.0
2026-08-05 15:26:00,OPCH,,23.479999542236328,23.489999771118164,23.479999542236328,23.479999542236328,6111.0
2026-08-05 15:26:00,OPEN,,3.7300000190734863,3.740000009536743,3.7300000190734863,3.734999895095825,101135.0
2026-08-05 15:26:00,OPHC,,8.670000076293945,8.670000076293945,8.670000076293945,8.670000076293945,102.0
2026-08-05 15:26:00,OPK,,1.309999942779541,1.309999942779541,1.309999942779541,1.309999942779541,445.0
2026-08-05 15:26:00,OPRA,,19.94499969482422,19.94499969482422,19.94499969482422,19.94499969482422,177.0
2026-08-05 15:26:00,OPRT,,6.03000020980835,6.059999942779541,6.03000020980835,6.059999942779541,9463.0
2026-08-05 15:26:00,OPRX,,6.960000038146973,6.980000019073486,6.960000038146973,6.980000019073486,4777.0
2026-08-05 15:26:00,ORGO,,2.3350000381469727,2.3399999141693115,2.3350000381469727,2.3350000381469727,7418.0
2026-08-05 15:26:00,ORIC,,12.890000343322754,12.899999618530273,12.885000228881836,12.899999618530273,6196.0
2026-08-05 15:26:00,ORLY,,92.9800033569336,93.05999755859375,92.97000122070312,93.05999755859375,9300.0
2026-08-05 15:26:00,ORMP,,4.355000019073486,4.360000133514404,4.355000019073486,4.360000133514404,446.0
2026-08-05 15:26:00,OSBC,,25.795000076293945,25.795000076293945,25.790000915527344,25.790000915527344,2345.0
2026-08-05 15:26:00,OSIS,,236.40499877929688,236.41000366210938,236.40499877929688,236.41000366210938,487.0
2026-08-05 15:26:00,OSPN,,16.600000381469727,16.6299991607666,16.559999465942383,16.600000381469727,26293.0
2026-08-05 15:26:00,OSS,,13.520000457763672,13.520000457763672,13.479900360107422,13.479900360107422,8612.0
2026-08-05 15:26:00,OSUR,,4.144999980926514,4.144999980926514,4.144999980926514,4.144999980926514,733.0
2026-08-05 15:26:00,OSW,,26.450000762939453,26.450000762939453,26.450000762939453,26.450000762939453,285.0
2026-08-05 15:26:00,OTEX,,25.719999313354492,25.729999542236328,25.71500015258789,25.719999313354492,4612.0
2026-08-05 15:26:00,OTLK,,1.024999976158142,1.024999976158142,1.024999976158142,1.024999976158142,1225.0
2026-08-05 15:26:00,OTLY,,14.444999694824219,14.444999694824219,14.444999694824219,14.444999694824219,557.0
2026-08-05 15:26:00,OVID,,2.5999999046325684,2.5999999046325684,2.5950000286102295,2.5999999046325684,1063.0
2026-08-05 15:26:00,OVLY,,33.45000076293945,33.45000076293945,33.45000076293945,33.45000076293945,201.0
2026-08-05 15:26:00,OXLC,,9.135000228881836,9.135000228881836,9.135000228881836,9.135000228881836,320.0
2026-08-05 15:26:00,PAA,,23.1299991607666,23.139999389648438,23.1299991607666,23.139999389648438,7263.0
2026-08-05 15:26:00,PAAS,,48.34989929199219,48.34989929199219,48.31999969482422,48.31999969482422,2877.0
2026-08-05 15:26:00,PACB,,1.2949999570846558,1.2949999570846558,1.274999976158142,1.2897000312805176,750532.0
2026-08-05 15:26:00,PAGP,,25.094999313354492,25.104999542236328,25.094999313354492,25.104999542236328,2710.0
2026-08-05 15:26:00,PALI,,2.115000009536743,2.119999885559082,2.115000009536743,2.119999885559082,4379.0
2026-08-05 15:26:00,PANL,,7.28000020980835,7.28000020980835,7.28000020980835,7.28000020980835,425.0
2026-08-05 15:26:00,PANW,,363.55999755859375,363.8450012207031,363.4695129394531,363.7699890136719,7861.0
2026-08-05 15:26:00,PATK,,87.93000030517578,87.93000030517578,87.93000030517578,87.93000030517578,245.0
2026-08-05 15:26:00,PAYO,,7.125,7.129899978637695,7.119999885559082,7.119999885559082,1997.0
2026-08-05 15:26:00,PAYS,,9.119999885559082,9.119999885559082,9.109999656677246,9.109999656677246,3761.0
2026-08-05 15:26:00,PAYX,,117.7699966430664,117.79000091552734,117.7699966430664,117.79000091552734,3859.0
2026-08-05 15:26:00,PBYI,,8.029999732971191,8.029999732971191,8.029999732971191,8.029999732971191,895.0
2026-08-05 15:26:00,PCAR,,133.55499267578125,133.77999877929688,133.52999877929688,133.7050018310547,40158.0
2026-08-05 15:26:00,PCRX,,24.940000534057617,24.954999923706055,24.809999465942383,24.850000381469727,17728.0
2026-08-05 15:26:00,PCT,,6.900000095367432,6.909999847412109,6.900000095367432,6.900000095367432,29292.0
2026-08-05 15:26:00,PCTY,,146.36000061035156,146.3699951171875,146.36000061035156,146.3699951171875,431.0
2026-08-05 15:26:00,PCYO,,10.59000015258789,10.59000015258789,10.59000015258789,10.59000015258789,441.0
2026-08-05 15:26:00,PDD,,90.83000183105469,90.84500122070312,90.7802963256836,90.80000305175781,7141.0
2026-08-05 15:26:00,PDEX,,67.06999969482422,67.06999969482422,67.06999969482422,67.06999969482422,1287.0
2026-08-05 15:26:00,PEBO,,41.650001525878906,41.650001525878906,41.650001525878906,41.650001525878906,1080.0
2026-08-05 15:26:00,PECO,,41.400001525878906,41.40999984741211,41.400001525878906,41.40999984741211,1425.0
2026-08-05 15:26:00,PEGA,,31.81999969482422,31.829999923706055,31.81999969482422,31.829999923706055,3897.0
2026-08-05 15:26:00,PENN,,19.6299991607666,19.639999389648438,19.6299991607666,19.639999389648438,2943.0
2026-08-05 15:26:00,PEP,,138.3350067138672,138.3800048828125,138.3350067138672,138.3699951171875,9665.0
2026-08-05 15:26:00,PEPG,,1.965000033378601,1.965000033378601,1.965000033378601,1.965000033378601,198.0
2026-08-05 15:26:00,PERI,,9.600000381469727,9.600000381469727,9.600000381469727,9.600000381469727,291.0
2026-08-05 15:26:00,PESI,,17.80500030517578,17.81999969482422,17.80500030517578,17.81999969482422,3713.0
2026-08-05 15:26:00,PFBC,,106.41000366210938,106.41000366210938,106.41000366210938,106.41000366210938,726.0
2026-08-05 15:26:00,PFG,,114.20500183105469,114.20500183105469,114.18000030517578,114.18000030517578,1995.0
2026-08-05 15:26:00,PGEN,,7.039999961853027,7.054999828338623,6.9710001945495605,6.974999904632568,101644.0
2026-08-05 15:26:00,PGNY,,31.540000915527344,31.545000076293945,31.540000915527344,31.545000076293945,682.0
2026-08-05 15:26:00,PGY,,21.719999313354492,21.729999542236328,21.719999313354492,21.729999542236328,1940.0
2026-08-05 15:26:00,PHAT,,8.359999656677246,8.375,8.359999656677246,8.375,4684.0
2026-08-05 15:26:00,PHUN,,2.1649999618530273,2.1649999618530273,2.1649999618530273,2.1649999618530273,1302.0
2026-08-05 15:26:00,PLAB,,32.2400016784668,32.2400016784668,32.189998626708984,32.189998626708984,4706.0
2026-08-05 15:26:00,PLMR,,134.6300048828125,134.94000244140625,134.6300048828125,134.85499572753906,1950.0
2026-08-05 15:26:00,PLTK,,3.8949999809265137,3.9000000953674316,3.8949999809265137,3.9000000953674316,700.0
2026-08-05 15:26:00,PLUG,,2.069999933242798,2.0799999237060547,2.069999933242798,2.075000047683716,17191.0
2026-08-05 15:26:00,PNBK,,1.1349999904632568,1.1349999904632568,1.1299999952316284,1.1299999952316284,8693.0
2026-08-05 15:26:00,PNFP,,107.4749984741211,107.51000213623047,107.47000122070312,107.5,1897.0
2026-08-05 15:26:00,PNTG,,38.701698303222656,38.701698303222656,38.701698303222656,38.701698303222656,435.0
2026-08-05 15:26:00,PODC,,3.4549999237060547,3.4700000286102295,3.4549999237060547,3.4700000286102295,855.0
2026-08-05 15:26:00,POET,,8.229999542236328,8.229999542236328,8.219499588012695,8.219499588012695,5044.0
2026-08-05 15:26:00,POOL,,205.16000366210938,205.16000366210938,205.16000366210938,205.16000366210938,737.0
2026-08-05 15:26:00,POWI,,61.98500061035156,62.0,61.93000030517578,61.93000030517578,5343.0
2026-08-05 15:26:00,POWL,,210.30999755859375,210.69000244140625,210.2200927734375,210.64999389648438,3045.0
2026-08-05 15:26:00,PPC,,26.40999984741211,26.40999984741211,26.395000457763672,26.399999618530273,4524.0
2026-08-05 15:26:00,PPIH,,26.239999771118164,26.2450008392334,26.239999771118164,26.2450008392334,344.0
2026-08-05 15:26:00,PPTA,,22.729999542236328,22.729999542236328,22.719999313354492,22.719999313354492,906.0
2026-08-05 15:26:00,PRCH,,15.895000457763672,15.899999618530273,15.880000114440918,15.880000114440918,3627.0
2026-08-05 15:26:00,PRCT,,19.229999542236328,19.229999542236328,19.219999313354492,19.219999313354492,4406.0
2026-08-05 15:26:00,PRDO,,32.79999923706055,32.79999923706055,32.79999923706055,32.79999923706055,1661.0
2026-08-05 15:26:00,PRE,,18.100000381469727,18.200000762939453,18.100000381469727,18.200000762939453,2420.0
2026-08-05 15:26:00,PRGS,,42.224998474121094,42.224998474121094,42.150001525878906,42.189998626708984,2136.0
2026-08-05 15:26:00,PRIM,,84.41500091552734,84.4800033569336,84.31999969482422,84.31999969482422,8409.0
2026-08-05 15:26:00,PRME,,3.049999952316284,3.049999952316284,3.0450000762939453,3.045099973678589,1038.0
2026-08-05 15:26:00,PROK,,1.649999976158142,1.649999976158142,1.649999976158142,1.649999976158142,265.0
2026-08-05 15:26:00,PRQR,,1.975000023841858,1.975000023841858,1.975000023841858,1.975000023841858,413.0
2026-08-05 15:26:00,PRTA,,8.46500015258789,8.46500015258789,8.460200309753418,8.460200309753418,650.0
2026-08-05 15:26:00,PRTH,,6.670000076293945,6.670000076293945,6.670000076293945,6.670000076293945,875.0
2026-08-05 15:26:00,PRVA,,23.979999542236328,23.979999542236328,23.979999542236328,23.979999542236328,1549.0
2026-08-05 15:26:00,PSEC,,2.188999891281128,2.188999891281128,2.188999891281128,2.188999891281128,1443.0
2026-08-05 15:26:00,PSMT,,186.91000366210938,186.91000366210938,186.63999938964844,186.6699981689453,7488.0
2026-08-05 15:26:00,PSNL,,13.539999961853027,13.539999961853027,13.529999732971191,13.529999732971191,2491.0
2026-08-05 15:26:00,PSNY,,14.130000114440918,14.21500015258789,14.130000114440918,14.21500015258789,334.0
2026-08-05 15:26:00,PTCT,,68.78500366210938,68.78500366210938,68.78500366210938,68.78500366210938,1056.0
2026-08-05 15:26:00,PTEN,,9.6850004196167,9.699999809265137,9.680000305175781,9.6899995803833,192537.0
2026-08-05 15:26:00,PTLO,,4.630000114440918,4.630000114440918,4.625,4.6255998611450195,1878.0
2026-08-05 15:26:00,PTON,,6.489999771118164,6.489999771118164,6.46999979019165,6.46999979019165,15419.0
2026-08-05 15:26:00,PUBM,,13.550000190734863,13.550000190734863,13.545000076293945,13.545000076293945,3971.0
2026-08-05 15:26:00,PWP,,17.43000030517578,17.43000030517578,17.40999984741211,17.43000030517578,4482.0
2026-08-05 15:26:00,PYPL,,57.94499969482422,57.96500015258789,57.94499969482422,57.96500015258789,5131.0
2026-08-05 15:26:00,PYXS,,3.134999990463257,3.134999990463257,3.134999990463257,3.134999990463257,300.0
2026-08-05 15:26:00,PZZA,,29.920000076293945,29.920000076293945,29.81999969482422,29.81999969482422,13479.0
2026-08-05 15:26:00,QCOM,,159.13999938964844,159.13999938964844,158.8699951171875,158.89999389648438,16437.0
2026-08-05 15:26:00,QFIN,,13.180000305175781,13.180000305175781,13.175000190734863,13.175000190734863,4990.0
2026-08-05 15:26:00,QQQX,,30.493900299072266,30.493900299072266,30.493900299072266,30.493900299072266,533.0
2026-08-05 15:26:00,QRVO,,95.5199966430664,95.54000091552734,95.48500061035156,95.48500061035156,1897.0
2026-08-05 15:26:00,SEED,,1.059999942779541,1.059999942779541,1.0549999475479126,1.0549999475479126,1400.0
2026-08-05 15:26:00,STIM,,2.3901000022888184,2.4100000858306885,2.3901000022888184,2.4052000045776367,5842.0
2026-08-05 15:26:00,TARA,,4.005000114440918,4.005000114440918,3.994999885559082,4.0,2207.0
2026-08-05 15:26:00,WOOF,,2.930000066757202,2.930000066757202,2.930000066757202,2.930000066757202,1846.0
2026-08-05 15:27:00,ACDC,,4.494999885559082,4.494999885559082,4.480000019073486,4.489999771118164,17999.0
2026-08-05 15:27:00,BPOP,,177.2050018310547,177.2050018310547,177.2050018310547,177.2050018310547,1973.0
2026-08-05 15:27:00,EYE,,22.9950008392334,23.0,22.979999542236328,22.989999771118164,3695.0
2026-08-05 15:27:00,GLUE,,15.414999961853027,15.430000305175781,15.414999961853027,15.430000305175781,3296.0
2026-08-05 15:27:00,KIDS,,21.645000457763672,21.649999618530273,21.59000015258789,21.649999618530273,1118.0
2026-08-05 15:27:00,MCRI,,122.13999938964844,122.13999938964844,122.13999938964844,122.13999938964844,729.0
2026-08-05 15:27:00,MDB,,373.9150085449219,374.4750061035156,373.5849914550781,374.4750061035156,4840.0
2026-08-05 15:27:00,MDLZ,,62.529998779296875,62.540000915527344,62.525001525878906,62.525001525878906,11961.0
2026-08-05 15:27:00,MLTX,,17.565000534057617,17.565000534057617,17.540000915527344,17.540000915527344,3802.0
2026-08-05 15:27:00,MNRO,,13.149999618530273,13.149999618530273,13.149999618530273,13.149999618530273,1256.0
2026-08-05 15:27:00,MNST,,94.33000183105469,94.36000061035156,94.31999969482422,94.3499984741211,11320.0
2026-08-05 15:27:00,MODD,,2.0299999713897705,2.0299999713897705,2.015000104904175,2.015000104904175,5260.0
2026-08-05 15:27:00,MORN,,198.11000061035156,198.11000061035156,198.11000061035156,198.11000061035156,330.0
2026-08-05 15:27:00,MOVE,,12.25,12.25,12.25,12.25,1013.0
2026-08-05 15:27:00,MPWR,,1357.75,1357.75,1355.9599609375,1356.0550537109375,1334.0
2026-08-05 15:27:00,MRNA,,56.404998779296875,56.459999084472656,56.38999938964844,56.459999084472656,6553.0
2026-08-05 15:27:00,MYGN,,3.0799999237060547,3.0950000286102295,3.0799999237060547,3.0850000381469727,10798.0
2026-08-05 15:27:00,MYRG,,339.67999267578125,339.67999267578125,339.67999267578125,339.67999267578125,148.0
2026-08-05 15:27:00,NAII,,2.25,2.25,2.25,2.25,400.0
2026-08-05 15:27:00,NAMS,,27.190000534057617,27.274999618530273,27.190000534057617,27.274999618530273,9127.0
2026-08-05 15:27:00,NAVI,,9.114999771118164,9.114999771118164,9.095000267028809,9.095000267028809,11691.0
2026-08-05 15:27:00,NB,,5.045000076293945,5.059999942779541,5.045000076293945,5.054999828338623,9698.0
2026-08-05 15:27:00,NBIX,,162.61000061035156,162.61000061035156,162.58999633789062,162.60000610351562,1744.0
2026-08-05 15:27:00,NCMI,,4.09499979019165,4.09499979019165,4.09499979019165,4.09499979019165,424.0
2026-08-05 15:27:00,NDAQ,,94.63999938964844,94.63999938964844,94.61000061035156,94.62000274658203,4410.0
2026-08-05 15:27:00,NDSN,,310.7449951171875,310.7449951171875,310.6300048828125,310.6300048828125,471.0
2026-08-05 15:27:00,NECB,,27.1200008392334,27.1200008392334,27.06999969482422,27.06999969482422,946.0
2026-08-05 15:27:00,NEGG,,17.469999313354492,17.469999313354492,17.469999313354492,17.469999313354492,866.0
2026-08-05 15:27:00,NEO,,15.729999542236328,15.760000228881836,15.729999542236328,15.755000114440918,10941.0
2026-08-05 15:27:00,NEOG,,11.494999885559082,11.5,11.494999885559082,11.494999885559082,7426.0
2026-08-05 15:27:00,NEOV,,2.9298999309539795,2.930000066757202,2.924999952316284,2.930000066757202,3362.0
2026-08-05 15:27:00,NESR,,28.540000915527344,28.540000915527344,28.520000457763672,28.520000457763672,7221.0
2026-08-05 15:27:00,NEWT,,14.979999542236328,14.989999771118164,14.979999542236328,14.984999656677246,254.0
2026-08-05 15:27:00,NEXT,,6.460000038146973,6.460000038146973,6.460000038146973,6.460000038146973,3290.0
2026-08-05 15:27:00,NFE,,0.33739998936653137,0.33739998936653137,0.33719998598098755,0.33719998598098755,700.0
2026-08-05 15:27:00,NFLX,,73.75499725341797,73.78500366210938,73.75,73.76000213623047,63700.0
2026-08-05 15:27:00,NHTC,,1.6349999904632568,1.6349999904632568,1.6100000143051147,1.6299999952316284,13767.0
2026-08-05 15:27:00,NICE,,99.38999938964844,99.80000305175781,99.38999938964844,99.77999877929688,9432.0
2026-08-05 15:27:00,NKTR,,72.86499786376953,72.86499786376953,72.86499786376953,72.86499786376953,159.0
2026-08-05 15:27:00,NKTX,,2.2049999237060547,2.2049999237060547,2.200000047683716,2.200000047683716,805.0
2026-08-05 15:27:00,NMFC,,7.364999771118164,7.364999771118164,7.364999771118164,7.364999771118164,359.0
2026-08-05 15:27:00,NMIH,,44.689998626708984,44.70500183105469,44.689998626708984,44.689998626708984,5610.0
2026-08-05 15:27:00,NMRA,,1.6100000143051147,1.6100000143051147,1.6100000143051147,1.6100000143051147,1156.0
2026-08-05 15:27:00,NMRK,,15.699999809265137,15.699999809265137,15.699999809265137,15.699999809265137,1967.0
2026-08-05 15:27:00,NN,,14.710000038146973,14.710000038146973,14.694999694824219,14.710000038146973,6970.0
2026-08-05 15:27:00,NNBR,,3.8299999237060547,3.8299999237060547,3.825000047683716,3.825000047683716,3751.0
2026-08-05 15:27:00,NNDM,,1.5499999523162842,1.5549999475479126,1.5499999523162842,1.5549999475479126,601.0
2026-08-05 15:27:00,NOVT,,154.4550018310547,154.7550048828125,154.4550018310547,154.7550048828125,3389.0
2026-08-05 15:27:00,NPCE,,13.600000381469727,13.609999656677246,13.600000381469727,13.609999656677246,517.0
2026-08-05 15:27:00,NRC,,19.59000015258789,19.59000015258789,19.59000015258789,19.59000015258789,3283.0
2026-08-05 15:27:00,NRDS,,9.055000305175781,9.055000305175781,9.050000190734863,9.050000190734863,1841.0
2026-08-05 15:27:00,NRIX,,25.059999465942383,25.104999542236328,25.049999237060547,25.09000015258789,4911.0
2026-08-05 15:27:00,NRSN,,0.5584999918937683,0.5584999918937683,0.5584999918937683,0.5584999918937683,200.0
2026-08-05 15:27:00,NRXP,,3.059999942779541,3.059999942779541,3.059999942779541,3.059999942779541,1363.0
2026-08-05 15:27:00,NTAP,,189.84500122070312,189.84500122070312,189.74000549316406,189.8000030517578,3463.0
2026-08-05 15:27:00,NTES,,127.81999969482422,127.81999969482422,127.79000091552734,127.79000091552734,464.0
2026-08-05 15:27:00,NTGR,,24.315000534057617,24.315000534057617,24.280000686645508,24.280000686645508,3382.0
2026-08-05 15:27:00,NTNX,,61.279998779296875,61.29990005493164,61.275001525878906,61.290000915527344,6173.0
2026-08-05 15:27:00,NTRA,,271.8901062011719,272.1099853515625,271.8901062011719,272.1099853515625,629.0
2026-08-05 15:27:00,NTRS,,184.5749969482422,184.5749969482422,184.5500030517578,184.5500030517578,879.0
2026-08-05 15:27:00,NVAX,,7.639900207519531,7.639999866485596,7.639900207519531,7.639999866485596,5464.0
2026-08-05 15:27:00,NVCR,,16.09000015258789,16.094999313354492,16.09000015258789,16.094999313354492,3658.0
2026-08-05 15:27:00,NVDA,,222.0500030517578,222.05999755859375,221.94000244140625,222.0500030517578,228553.0
2026-08-05 15:27:00,NVEC,,130.27999877929688,130.27999877929688,130.27999877929688,130.27999877929688,559.0
2026-08-05 15:27:00,NVMI,,408.29998779296875,408.5899963378906,408.1400146484375,408.25,954.0
2026-08-05 15:27:00,NVTS,,12.460000038146973,12.46500015258789,12.43970012664795,12.439800262451172,21371.0
2026-08-05 15:27:00,NWBI,,15.954999923706055,15.954999923706055,15.954999923706055,15.954999923706055,1160.0
2026-08-05 15:27:00,NWL,,6.164999961853027,6.164999961853027,6.159999847412109,6.164999961853027,14839.0
2026-08-05 15:27:00,NWS,,32.63999938964844,32.720001220703125,32.619998931884766,32.63999938964844,11691.0
2026-08-05 15:27:00,NWSA,,28.864999771118164,28.899999618530273,28.735000610351562,28.735000610351562,195584.0
2026-08-05 15:27:00,NXPI,,233.52000427246094,233.52000427246094,232.97500610351562,232.97999572753906,7895.0
2026-08-05 15:27:00,NXT,,99.94999694824219,99.94999694824219,99.68000030517578,99.69499969482422,7157.0
2026-08-05 15:27:00,NYXH,,1.409999966621399,1.409999966621399,1.409999966621399,1.409999966621399,735.0
2026-08-05 15:27:00,OCCI,,2.490000009536743,2.490000009536743,2.490000009536743,2.490000009536743,1345.0
2026-08-05 15:27:00,OCFC,,19.895000457763672,19.899999618530273,19.895000457763672,19.899999618530273,3130.0
2026-08-05 15:27:00,OCGN,,1.2799999713897705,1.284999966621399,1.2799999713897705,1.284999966621399,4437.0
2026-08-05 15:27:00,OCSL,,12.045000076293945,12.050000190734863,12.045000076293945,12.050000190734863,282.0
2026-08-05 15:27:00,OCUL,,8.5649995803833,8.569999694824219,8.5649995803833,8.569999694824219,5948.0
2026-08-05 15:27:00,ODD,,15.274999618530273,15.279999732971191,15.270000457763672,15.279999732971191,1129.0
2026-08-05 15:27:00,ODFL,,214.22500610351562,214.27000427246094,214.1750030517578,214.1750030517578,3920.0
2026-08-05 15:27:00,OFIX,,10.600000381469727,10.630000114440918,10.600000381469727,10.619999885559082,1497.0
2026-08-05 15:27:00,OKTA,,147.8000030517578,147.85000610351562,147.74000549316406,147.8000030517578,3337.0
2026-08-05 15:27:00,OLB,,0.2994000017642975,0.2994000017642975,0.2994000017642975,0.2994000017642975,1231.0
2026-08-05 15:27:00,OLLI,,77.94000244140625,77.94000244140625,77.91000366210938,77.91000366210938,2980.0
2026-08-05 15:27:00,OLMA,,11.5,11.5,11.5,11.5,778.0
2026-08-05 15:27:00,OM,,5.114999771118164,5.114999771118164,5.114999771118164,5.114999771118164,249.0
2026-08-05 15:27:00,OMCL,,37.119998931884766,37.220001220703125,37.119998931884766,37.220001220703125,4413.0
2026-08-05 15:27:00,OMER,,12.729999542236328,12.744999885559082,12.729999542236328,12.739999771118164,2111.0
2026-08-05 15:27:00,OMH,,0.11620000004768372,0.11630000174045563,0.11620000004768372,0.11620000004768372,21408.0
2026-08-05 15:27:00,ON,,78.16999816894531,78.19999694824219,78.08000183105469,78.16999816894531,27900.0
2026-08-05 15:27:00,ONB,,26.985000610351562,26.989999771118164,26.985000610351562,26.989999771118164,3932.0
2026-08-05 15:27:00,ONCY,,0.79830002784729,0.79830002784729,0.79830002784729,0.79830002784729,200.0
2026-08-05 15:27:00,ONDS,,8.864999771118164,8.869999885559082,8.859999656677246,8.864999771118164,142739.0
2026-08-05 15:27:00,ONFO,,0.07620000094175339,0.07720000296831131,0.07519999891519547,0.07720000296831131,12318.0
2026-08-05 15:27:00,OPCH,,23.475000381469727,23.489999771118164,23.469999313354492,23.485000610351562,4469.0
2026-08-05 15:27:00,OPEN,,3.755000114440918,3.7692999839782715,3.7300000190734863,3.740000009536743,314743.0
2026-08-05 15:27:00,OPHC,,8.670000076293945,8.770000457763672,8.670000076293945,8.770000457763672,313.0
2026-08-05 15:27:00,OPK,,1.315000057220459,1.315000057220459,1.315000057220459,1.315000057220459,726.0
2026-08-05 15:27:00,OPRA,,19.940000534057617,19.959999084472656,19.940000534057617,19.94499969482422,4611.0
2026-08-05 15:27:00,OPRX,,6.989999771118164,6.989999771118164,6.989999771118164,6.989999771118164,580.0
2026-08-05 15:27:00,ORIC,,12.869999885559082,12.880000114440918,12.869999885559082,12.869999885559082,5140.0
2026-08-05 15:27:00,ORLY,,92.9800033569336,92.98999786376953,92.95999908447266,92.95999908447266,10931.0
2026-08-05 15:27:00,OSBC,,25.780000686645508,25.790000915527344,25.780000686645508,25.790000915527344,1589.0
2026-08-05 15:27:00,OSIS,,236.80999755859375,236.80999755859375,236.80999755859375,236.80999755859375,165.0
2026-08-05 15:27:00,OSS,,13.529999732971191,13.529999732971191,13.5,13.5,1449.0
2026-08-05 15:27:00,OSUR,,4.140999794006348,4.140999794006348,4.140999794006348,4.140999794006348,129.0
2026-08-05 15:27:00,OSW,,26.440000534057617,26.440000534057617,26.440000534057617,26.440000534057617,1855.0
2026-08-05 15:27:00,OTEX,,25.719999313354492,25.725000381469727,25.719999313354492,25.725000381469727,2624.0
2026-08-05 15:27:00,OTLK,,1.0299999713897705,1.0299999713897705,1.0297000408172607,1.0299999713897705,5847.0
2026-08-05 15:27:00,OVID,,2.5999999046325684,2.5999999046325684,2.5950000286102295,2.5950000286102295,1543.0
2026-08-05 15:27:00,OVLY,,33.45000076293945,33.45000076293945,33.45000076293945,33.45000076293945,846.0
2026-08-05 15:27:00,OXSQ,,1.5049999952316284,1.5049999952316284,1.5049999952316284,1.5049999952316284,838.0
2026-08-05 15:27:00,PAA,,23.135000228881836,23.135000228881836,23.13010025024414,23.135000228881836,5867.0
2026-08-05 15:27:00,PAAS,,48.345001220703125,48.36000061035156,48.34000015258789,48.34000015258789,6612.0
2026-08-05 15:27:00,PACB,,1.2949999570846558,1.2999999523162842,1.2949999570846558,1.297700047492981,1470.0
2026-08-05 15:27:00,PAGP,,25.100000381469727,25.100000381469727,25.100000381469727,25.100000381469727,2955.0
2026-08-05 15:27:00,PAHC,,35.66999816894531,35.66999816894531,35.66999816894531,35.66999816894531,316.0
2026-08-05 15:27:00,PALI,,2.119999885559082,2.119999885559082,2.115000009536743,2.119999885559082,1975.0
2026-08-05 15:27:00,PANL,,7.284999847412109,7.284999847412109,7.284999847412109,7.284999847412109,199.0
2026-08-05 15:27:00,PANW,,363.05499267578125,363.4599914550781,362.9100036621094,363.3500061035156,12922.0
2026-08-05 15:27:00,PATK,,87.93000030517578,87.93000030517578,87.93000030517578,87.93000030517578,420.0
2026-08-05 15:27:00,PAVM,,5.159999847412109,5.159999847412109,5.159999847412109,5.159999847412109,1030.0
2026-08-05 15:27:00,PAYO,,7.125,7.125,7.119999885559082,7.125,5574.0
2026-08-05 15:27:00,PAYS,,9.15999984741211,9.1899995803833,9.130000114440918,9.130000114440918,19696.0
2026-08-05 15:27:00,PAYX,,117.77999877929688,117.77999877929688,117.75,117.7699966430664,2208.0
2026-08-05 15:27:00,PBYI,,8.039999961853027,8.039999961853027,8.039999961853027,8.039999961853027,589.0
2026-08-05 15:27:00,PCAR,,133.60000610351562,133.6199951171875,133.5850067138672,133.58999633789062,7115.0
2026-08-05 15:27:00,PCRX,,24.90999984741211,24.90999984741211,24.8799991607666,24.8799991607666,2852.0
2026-08-05 15:27:00,PCT,,6.880000114440918,6.894999980926514,6.880000114440918,6.894999980926514,2958.0
2026-08-05 15:27:00,PCTY,,146.33999633789062,146.3800048828125,146.33999633789062,146.3800048828125,788.0
2026-08-05 15:27:00,PDD,,90.80000305175781,90.83999633789062,90.80000305175781,90.83999633789062,11361.0
2026-08-05 15:27:00,PDFS,,50.29999923706055,50.29999923706055,50.2400016784668,50.27000045776367,4901.0
2026-08-05 15:27:00,PDSB,,0.7102000117301941,0.7102000117301941,0.7102000117301941,0.7102000117301941,338.0
2026-08-05 15:27:00,PECO,,41.400001525878906,41.40999984741211,41.39500045776367,41.400001525878906,2855.0
2026-08-05 15:27:00,PEGA,,31.809999465942383,31.81999969482422,31.809999465942383,31.81999969482422,1727.0
2026-08-05 15:27:00,PENN,,19.604999542236328,19.6299991607666,19.604999542236328,19.6299991607666,6652.0
2026-08-05 15:27:00,PEP,,138.3699951171875,138.3699951171875,138.3249969482422,138.3300018310547,9881.0
2026-08-05 15:27:00,PERI,,9.609999656677246,9.609999656677246,9.609999656677246,9.609999656677246,830.0
2026-08-05 15:27:00,PESI,,17.829999923706055,17.829999923706055,17.829999923706055,17.829999923706055,1879.0
2026-08-05 15:27:00,PFG,,114.17500305175781,114.19999694824219,114.16500091552734,114.19999694824219,3731.0
2026-08-05 15:27:00,PGEN,,7.03000020980835,7.034999847412109,7.010000228881836,7.034999847412109,25355.0
2026-08-05 15:27:00,PGNY,,31.549999237060547,31.549999237060547,31.530000686645508,31.540000915527344,3148.0
2026-08-05 15:27:00,PGY,,21.719999313354492,21.729999542236328,21.719999313354492,21.729999542236328,3540.0
2026-08-05 15:27:00,PHAT,,8.350000381469727,8.350000381469727,8.350000381469727,8.350000381469727,482.0
2026-08-05 15:27:00,PHIO,,1.065000057220459,1.065000057220459,1.065000057220459,1.065000057220459,1048.0
2026-08-05 15:27:00,PHVS,,33.43000030517578,33.63999938964844,33.41999816894531,33.584999084472656,10317.0
2026-08-05 15:27:00,PLAB,,32.275001525878906,32.275001525878906,32.275001525878906,32.275001525878906,532.0
2026-08-05 15:27:00,PLMR,,134.39999389648438,134.4600067138672,134.39999389648438,134.4600067138672,1321.0
2026-08-05 15:27:00,PLPC,,473.0899963378906,473.0899963378906,473.0899963378906,473.0899963378906,193.0
2026-08-05 15:27:00,PLSE,,37.724998474121094,37.724998474121094,37.724998474121094,37.724998474121094,366.0
2026-08-05 15:27:00,PLTK,,3.8949999809265137,3.8952999114990234,3.8949999809265137,3.8952999114990234,1609.0
2026-08-05 15:27:00,PLUG,,2.072499990463257,2.0799999237060547,2.0701000690460205,2.077500104904175,20113.0
2026-08-05 15:27:00,PNBK,,1.1349999904632568,1.1349999904632568,1.1349999904632568,1.1349999904632568,4601.0
2026-08-05 15:27:00,PNFP,,107.4749984741211,107.4749984741211,107.4749984741211,107.4749984741211,530.0
2026-08-05 15:27:00,PNTG,,38.755001068115234,38.790000915527344,38.755001068115234,38.790000915527344,1597.0
2026-08-05 15:27:00,POET,,8.229999542236328,8.234999656677246,8.225000381469727,8.229999542236328,10656.0
2026-08-05 15:27:00,POOL,,205.38999938964844,205.38999938964844,205.27000427246094,205.27999877929688,1587.0
2026-08-05 15:27:00,POWI,,62.19499969482422,62.19499969482422,62.0,62.029998779296875,6507.0
2026-08-05 15:27:00,POWL,,210.55499267578125,210.75999450683594,210.39999389648438,210.43499755859375,2840.0
2026-08-05 15:27:00,PPC,,26.420000076293945,26.420000076293945,26.40999984741211,26.40999984741211,1058.0
2026-08-05 15:27:00,PPIH,,26.170000076293945,26.170000076293945,26.170000076293945,26.170000076293945,747.0
2026-08-05 15:27:00,PPTA,,22.729999542236328,22.739999771118164,22.729999542236328,22.729999542236328,3167.0
2026-08-05 15:27:00,PRAX,,318.5249938964844,318.5249938964844,318.06500244140625,318.06500244140625,736.0
2026-08-05 15:27:00,PRCH,,15.885000228881836,15.899999618530273,15.885000228881836,15.899999618530273,954.0
2026-08-05 15:27:00,PRCT,,19.184999465942383,19.219999313354492,19.155000686645508,19.200000762939453,14381.0
2026-08-05 15:27:00,PRDO,,32.79499816894531,32.79499816894531,32.79499816894531,32.79499816894531,611.0
2026-08-05 15:27:00,PRGS,,42.20500183105469,42.20500183105469,42.16999816894531,42.20500183105469,496.0
2026-08-05 15:27:00,PRIM,,84.3499984741211,84.41500091552734,84.3499984741211,84.37000274658203,1871.0
2026-08-05 15:27:00,PRME,,3.0450000762939453,3.0450000762939453,3.0399999618530273,3.0399999618530273,2705.0
2026-08-05 15:27:00,PROK,,1.649999976158142,1.649999976158142,1.649999976158142,1.649999976158142,884.0
2026-08-05 15:27:00,PRQR,,1.975000023841858,1.975000023841858,1.975000023841858,1.975000023841858,2269.0
2026-08-05 15:27:00,PRTA,,8.444999694824219,8.470000267028809,8.444999694824219,8.470000267028809,2123.0
2026-08-05 15:27:00,PRVA,,23.989999771118164,23.989999771118164,23.979999542236328,23.979999542236328,2244.0
2026-08-05 15:27:00,PRZO,,0.5595999956130981,0.5595999956130981,0.5595999956130981,0.5595999956130981,2000.0
2026-08-05 15:27:00,PSEC,,2.184999942779541,2.184999942779541,2.184999942779541,2.184999942779541,885.0
2026-08-05 15:27:00,PSMT,,186.88999938964844,186.88999938964844,186.8800048828125,186.8800048828125,1055.0
2026-08-05 15:27:00,PSNL,,13.539999961853027,13.539999961853027,13.539999961853027,13.539999961853027,1320.0
2026-08-05 15:27:00,PSNY,,14.279999732971191,14.279999732971191,14.279999732971191,14.279999732971191,143.0
2026-08-05 15:27:00,PTC,,139.97999572753906,139.97999572753906,139.97999572753906,139.97999572753906,919.0
2026-08-05 15:27:00,PTCT,,68.75,68.77999877929688,68.75,68.76499938964844,4861.0
2026-08-05 15:27:00,PTEN,,9.6850004196167,9.688799858093262,9.680000305175781,9.687600135803223,32275.0
2026-08-05 15:27:00,PTGX,,136.1300048828125,136.1699981689453,136.1300048828125,136.16000366210938,3578.0
2026-08-05 15:27:00,PTLO,,4.625,4.625,4.625,4.625,1371.0
2026-08-05 15:27:00,PTON,,6.480000019073486,6.494999885559082,6.480000019073486,6.489999771118164,21806.0
2026-08-05 15:27:00,PUBM,,13.550000190734863,13.550000190734863,13.550000190734863,13.550000190734863,1110.0
2026-08-05 15:27:00,PWP,,17.440000534057617,17.440000534057617,17.434999465942383,17.440000534057617,738.0
2026-08-05 15:27:00,PYPL,,57.94499969482422,57.95500183105469,57.939998626708984,57.94499969482422,9328.0
2026-08-05 15:27:00,PYXS,,3.134999990463257,3.134999990463257,3.134999990463257,3.134999990463257,355.0
2026-08-05 15:27:00,PZZA,,29.892200469970703,29.920000076293945,29.8700008392334,29.920000076293945,5418.0
2026-08-05 15:27:00,QCOM,,159.32000732421875,159.33309936523438,159.1699981689453,159.1699981689453,13948.0
2026-08-05 15:27:00,QRVO,,95.68000030517578,95.68000030517578,95.5199966430664,95.52010345458984,2585.0
2026-08-05 15:27:00,SEED,,1.0499999523162842,1.059999942779541,1.0499999523162842,1.059999942779541,1059.0
2026-08-05 15:27:00,STIM,,2.4200000762939453,2.4200000762939453,2.4000000953674316,2.4200000762939453,35067.0
2026-08-05 15:27:00,TARA,,4.005000114440918,4.005000114440918,4.005000114440918,4.005000114440918,701.0
2026-08-05 15:28:00,ACDC,,4.5,4.505000114440918,4.489999771118164,4.494999885559082,24630.0
2026-08-05 15:28:00,EYE,,23.0049991607666,23.010000228881836,22.9950008392334,22.9950008392334,5629.0
2026-08-05 15:28:00,GLUE,,15.399999618530273,15.40999984741211,15.399999618530273,15.40999984741211,5881.0
2026-08-05 15:28:00,KIDS,,21.645000457763672,21.645000457763672,21.645000457763672,21.645000457763672,733.0
2026-08-05 15:28:00,MBRX,,0.3970000147819519,0.3970000147819519,0.3970000147819519,0.3970000147819519,749.0
2026-08-05 15:28:00,MCRI,,121.94999694824219,122.01000213623047,121.87999725341797,121.87999725341797,1980.0
2026-08-05 15:28:00,MDB,,373.2550048828125,373.8699951171875,373.05999755859375,373.8699951171875,5887.0
2026-08-05 15:28:00,MDLZ,,62.54499816894531,62.54999923706055,62.529998779296875,62.529998779296875,12212.0
2026-08-05 15:28:00,MLTX,,17.549999237060547,17.549999237060547,17.549999237060547,17.549999237060547,2500.0
2026-08-05 15:28:00,MNPR,,118.69499969482422,118.69499969482422,118.69499969482422,118.69499969482422,293.0
2026-08-05 15:28:00,MNRO,,13.145000457763672,13.154999732971191,13.145000457763672,13.154999732971191,2698.0
2026-08-05 15:28:00,MNST,,94.33499908447266,94.36000061035156,94.30999755859375,94.31999969482422,8824.0
2026-08-05 15:28:00,MNTS,,4.244999885559082,4.244999885559082,4.237500190734863,4.239999771118164,6141.0
2026-08-05 15:28:00,MORN,,198.07000732421875,198.07000732421875,198.07000732421875,198.07000732421875,267.0
2026-08-05 15:28:00,MPAA,,13.694999694824219,13.694999694824219,13.694999694824219,13.694999694824219,1012.0
2026-08-05 15:28:00,MPWR,,1357.2099609375,1358.6099853515625,1356.1700439453125,1357.9000244140625,2966.0
2026-08-05 15:28:00,MRNA,,56.369998931884766,56.439998626708984,56.369998931884766,56.41999816894531,9132.0
2026-08-05 15:28:00,MYGN,,3.075000047683716,3.0799999237060547,3.075000047683716,3.075000047683716,1770.0
2026-08-05 15:28:00,NAMS,,27.190000534057617,27.190000534057617,27.184999465942383,27.190000534057617,1725.0
2026-08-05 15:28:00,NATR,,20.010000228881836,20.010000228881836,20.010000228881836,20.010000228881836,747.0
2026-08-05 15:28:00,NAUT,,0.9337999820709229,0.9348999857902527,0.932699978351593,0.932699978351593,2025.0
2026-08-05 15:28:00,NAVI,,9.114999771118164,9.114999771118164,9.114999771118164,9.114999771118164,1605.0
2026-08-05 15:28:00,NB,,5.040299892425537,5.046299934387207,5.040299892425537,5.046299934387207,4087.0
2026-08-05 15:28:00,NBIX,,162.4550018310547,162.58999633789062,162.4550018310547,162.58999633789062,3437.0
2026-08-05 15:28:00,NBTB,,53.27000045776367,53.27000045776367,53.27000045776367,53.27000045776367,362.0
2026-08-05 15:28:00,NDAQ,,94.5999984741211,94.63999938964844,94.5999984741211,94.62999725341797,5565.0
2026-08-05 15:28:00,NECB,,27.11009979248047,27.11009979248047,27.11009979248047,27.11009979248047,351.0
2026-08-05 15:28:00,NEO,,15.734999656677246,15.739999771118164,15.734999656677246,15.739999771118164,3251.0
2026-08-05 15:28:00,NEOG,,11.494999885559082,11.494999885559082,11.494999885559082,11.494999885559082,2911.0
2026-08-05 15:28:00,NEOV,,2.910099983215332,2.924999952316284,2.910099983215332,2.920099973678589,11623.0
2026-08-05 15:28:00,NESR,,28.510000228881836,28.540000915527344,28.510000228881836,28.540000915527344,2003.0
2026-08-05 15:28:00,NEWT,,14.979999542236328,14.989999771118164,14.979999542236328,14.989999771118164,825.0
2026-08-05 15:28:00,NEXT,,6.454999923706055,6.460000038146973,6.454999923706055,6.460000038146973,1214.0
2026-08-05 15:28:00,NFLX,,73.70500183105469,73.75990295410156,73.69999694824219,73.75499725341797,34290.0
2026-08-05 15:28:00,NGNE,,35.869998931884766,35.869998931884766,35.744998931884766,35.744998931884766,352.0
2026-08-05 15:28:00,NICE,,99.45500183105469,99.4800033569336,99.27999877929688,99.29000091552734,2509.0
2026-08-05 15:28:00,NKTR,,72.86499786376953,72.86499786376953,72.86499786376953,72.86499786376953,111.0
2026-08-05 15:28:00,NKTX,,2.200000047683716,2.2049999237060547,2.200000047683716,2.200000047683716,1461.0
2026-08-05 15:28:00,NMFC,,7.364999771118164,7.364999771118164,7.364999771118164,7.364999771118164,1269.0
2026-08-05 15:28:00,NMIH,,44.70000076293945,44.70000076293945,44.685001373291016,44.685001373291016,1052.0
2026-08-05 15:28:00,NMRA,,1.6100000143051147,1.6100000143051147,1.6100000143051147,1.6100000143051147,847.0
2026-08-05 15:28:00,NMRK,,15.694999694824219,15.699999809265137,15.694999694824219,15.699999809265137,3148.0
2026-08-05 15:28:00,NN,,14.6899995803833,14.710000038146973,14.6850004196167,14.710000038146973,6306.0
2026-08-05 15:28:00,NNBR,,3.8450000286102295,3.8499999046325684,3.8350000381469727,3.8350000381469727,4750.0
2026-08-05 15:28:00,NNDM,,1.5549999475479126,1.5549999475479126,1.5549999475479126,1.5549999475479126,1009.0
2026-08-05 15:28:00,NNOX,,1.0049999952316284,1.0049999952316284,1.0049999952316284,1.0049999952316284,2507.0
2026-08-05 15:28:00,NODK,,15.449999809265137,15.449999809265137,15.449999809265137,15.449999809265137,392.0
2026-08-05 15:28:00,NOVT,,154.4550018310547,154.4550018310547,154.4550018310547,154.4550018310547,649.0
2026-08-05 15:28:00,NPCE,,13.609999656677246,13.609999656677246,13.609999656677246,13.609999656677246,558.0
2026-08-05 15:28:00,NRDS,,9.055000305175781,9.055000305175781,9.055000305175781,9.055000305175781,4774.0
2026-08-05 15:28:00,NRIX,,25.040000915527344,25.06999969482422,25.040000915527344,25.06999969482422,2531.0
2026-08-05 15:28:00,NSSC,,40.33000183105469,40.33000183105469,40.29999923706055,40.29999923706055,1408.0
2026-08-05 15:28:00,NTAP,,189.8300018310547,189.84500122070312,189.8000030517578,189.84500122070312,5284.0
2026-08-05 15:28:00,NTCT,,41.72999954223633,41.75,41.70000076293945,41.70000076293945,2004.0
2026-08-05 15:28:00,NTES,,127.83999633789062,127.83999633789062,127.77999877929688,127.77999877929688,2171.0
2026-08-05 15:28:00,NTNX,,61.25,61.290000915527344,61.2400016784668,61.290000915527344,8585.0
2026-08-05 15:28:00,NTRA,,271.8949890136719,271.8949890136719,271.8900146484375,271.8900146484375,2275.0
2026-08-05 15:28:00,NTRS,,184.5749969482422,184.5749969482422,184.5749969482422,184.5749969482422,700.0
2026-08-05 15:28:00,NUTX,,156.66000366210938,156.6699981689453,156.6300048828125,156.6300048828125,2753.0
2026-08-05 15:28:00,NVAX,,7.635000228881836,7.639999866485596,7.630099773406982,7.639999866485596,5441.0
2026-08-05 15:28:00,NVCR,,16.100000381469727,16.100000381469727,16.079999923706055,16.079999923706055,1851.0
2026-08-05 15:28:00,NVDA,,222.0500030517578,222.0800018310547,222.0,222.05499267578125,312195.0
2026-08-05 15:28:00,NVEC,,130.36000061035156,130.36000061035156,130.36000061035156,130.36000061035156,361.0
2026-08-05 15:28:00,NVMI,,407.7300109863281,408.29998779296875,407.7300109863281,408.29998779296875,683.0
2026-08-05 15:28:00,NVTS,,12.460000038146973,12.460000038146973,12.454999923706055,12.460000038146973,17465.0
2026-08-05 15:28:00,NWE,,69.08999633789062,69.08999633789062,69.08999633789062,69.08999633789062,239.0
2026-08-05 15:28:00,NWL,,6.164999961853027,6.170000076293945,6.159999847412109,6.159999847412109,17805.0
2026-08-05 15:28:00,NWS,,32.63999938964844,32.66999816894531,32.619998931884766,32.630001068115234,6669.0
2026-08-05 15:28:00,NWSA,,28.80500030517578,28.8799991607666,28.80500030517578,28.864999771118164,54095.0
2026-08-05 15:28:00,NXPI,,233.42999267578125,233.42999267578125,233.2156982421875,233.32000732421875,3030.0
2026-08-05 15:28:00,NXST,,189.77999877929688,189.77999877929688,189.66000366210938,189.66000366210938,1012.0
2026-08-05 15:28:00,NXT,,100.12999725341797,100.13999938964844,99.80999755859375,99.94999694824219,13570.0
2026-08-05 15:28:00,OABI,,2.065000057220459,2.065000057220459,2.065000057220459,2.065000057220459,191.0
2026-08-05 15:28:00,OBIO,,4.230000019073486,4.230000019073486,4.224999904632568,4.224999904632568,212.0
2026-08-05 15:28:00,OCC,,15.875,15.875,15.875,15.875,724.0
2026-08-05 15:28:00,OCCI,,2.490000009536743,2.490000009536743,2.490000009536743,2.490000009536743,200.0
2026-08-05 15:28:00,OCGN,,1.274999976158142,1.284999966621399,1.274999976158142,1.2799999713897705,44878.0
2026-08-05 15:28:00,OCSL,,12.029999732971191,12.045000076293945,12.029999732971191,12.045000076293945,6275.0
2026-08-05 15:28:00,ODD,,15.274999618530273,15.274999618530273,15.274999618530273,15.274999618530273,1768.0
2026-08-05 15:28:00,ODFL,,214.30999755859375,214.30999755859375,214.27999877929688,214.27999877929688,2111.0
2026-08-05 15:28:00,OKTA,,147.67999267578125,147.7100067138672,147.66000366210938,147.7100067138672,3229.0
2026-08-05 15:28:00,OLB,,0.29510000348091125,0.29510000348091125,0.29499998688697815,0.29499998688697815,2200.0
2026-08-05 15:28:00,OLLI,,78.13999938964844,78.13999938964844,77.94000244140625,77.94000244140625,3832.0
2026-08-05 15:28:00,OLMA,,11.5,11.5,11.5,11.5,1280.0
2026-08-05 15:28:00,OMCL,,37.099998474121094,37.119998931884766,37.099998474121094,37.119998931884766,1458.0
2026-08-05 15:28:00,OMER,,12.729999542236328,12.729999542236328,12.725000381469727,12.725000381469727,2537.0
2026-08-05 15:28:00,OMH,,0.11710000038146973,0.11710000038146973,0.11710000038146973,0.11710000038146973,2139.0
2026-08-05 15:28:00,ON,,78.19999694824219,78.2300033569336,78.11499786376953,78.18000030517578,27907.0
2026-08-05 15:28:00,ONB,,26.985000610351562,26.985000610351562,26.985000610351562,26.985000610351562,1811.0
2026-08-05 15:28:00,ONDS,,8.860099792480469,8.869999885559082,8.850000381469727,8.859999656677246,263589.0
2026-08-05 15:28:00,ONFO,,0.07519999891519547,0.07720000296831131,0.07519999891519547,0.07720000296831131,22746.0
2026-08-05 15:28:00,OPCH,,23.469999313354492,23.479999542236328,23.469999313354492,23.475000381469727,1590.0
2026-08-05 15:28:00,OPEN,,3.7599000930786133,3.759999990463257,3.75,3.759999990463257,141235.0
2026-08-05 15:28:00,ORGO,,2.3350000381469727,2.3350000381469727,2.3350000381469727,2.3350000381469727,1094.0
2026-08-05 15:28:00,ORIC,,12.84000015258789,12.859999656677246,12.829999923706055,12.859999656677246,5062.0
2026-08-05 15:28:00,ORLY,,93.01000213623047,93.02999877929688,92.94000244140625,92.98999786376953,38619.0
2026-08-05 15:28:00,ORMP,,4.354400157928467,4.354400157928467,4.354400157928467,4.354400157928467,616.0
2026-08-05 15:28:00,ORRF,,43.18000030517578,43.18000030517578,43.18000030517578,43.18000030517578,850.0
2026-08-05 15:28:00,OSBC,,25.790000915527344,25.790000915527344,25.790000915527344,25.790000915527344,1157.0
2026-08-05 15:28:00,OSIS,,236.82000732421875,236.82000732421875,236.82000732421875,236.82000732421875,355.0
2026-08-05 15:28:00,OSPN,,16.604999542236328,16.604999542236328,16.600000381469727,16.600000381469727,722.0
2026-08-05 15:28:00,OSS,,13.470000267028809,13.539999961853027,13.470000267028809,13.539999961853027,8973.0
2026-08-05 15:28:00,OSUR,,4.135000228881836,4.144999980926514,4.130000114440918,4.139999866485596,3427.0
2026-08-05 15:28:00,OTEX,,25.71500015258789,25.725000381469727,25.71500015258789,25.719999313354492,5403.0
2026-08-05 15:28:00,OTLK,,1.0299999713897705,1.0299999713897705,1.024999976158142,1.0299999713897705,11209.0
2026-08-05 15:28:00,OVID,,2.5950000286102295,2.5999999046325684,2.5950000286102295,2.5999999046325684,2189.0
2026-08-05 15:28:00,OXLC,,9.13599967956543,9.13599967956543,9.135000228881836,9.135000228881836,1629.0
2026-08-05 15:28:00,PAA,,23.125,23.126399993896484,23.1200008392334,23.125,4663.0
2026-08-05 15:28:00,PAAS,,48.36000061035156,48.36000061035156,48.334999084472656,48.349998474121094,6965.0
2026-08-05 15:28:00,PACB,,1.2990000247955322,1.2990000247955322,1.2949999570846558,1.2949999570846558,6640.0
2026-08-05 15:28:00,PALI,,2.115000009536743,2.119999885559082,2.109999895095825,2.119999885559082,2467.0
2026-08-05 15:28:00,PANL,,7.284999847412109,7.284999847412109,7.284999847412109,7.284999847412109,1273.0
2026-08-05 15:28:00,PANW,,363.0799865722656,363.2250061035156,362.9100036621094,363.0054016113281,9447.0
2026-08-05 15:28:00,PAX,,11.390000343322754,11.390000343322754,11.385000228881836,11.385000228881836,2694.0
2026-08-05 15:28:00,PAYO,,7.125,7.125199794769287,7.119999885559082,7.119999885559082,8918.0
2026-08-05 15:28:00,PAYS,,9.175000190734863,9.180000305175781,9.154999732971191,9.154999732971191,6540.0
2026-08-05 15:28:00,PAYX,,117.72000122070312,117.7699966430664,117.69000244140625,117.7699966430664,7938.0
2026-08-05 15:28:00,PCAR,,133.58999633789062,133.60000610351562,133.58999633789062,133.60000610351562,3942.0
2026-08-05 15:28:00,PCB,,28.079999923706055,28.100000381469727,28.079999923706055,28.09000015258789,726.0
2026-08-05 15:28:00,PCRX,,24.80500030517578,24.8799991607666,24.80500030517578,24.8799991607666,12505.0
2026-08-05 15:28:00,PCT,,6.875,6.880000114440918,6.864999771118164,6.880000114440918,18276.0
2026-08-05 15:28:00,PCTY,,146.22000122070312,146.22000122070312,146.22000122070312,146.22000122070312,661.0
2026-08-05 15:28:00,PDD,,90.79029846191406,90.80999755859375,90.7699966430664,90.80000305175781,5031.0
2026-08-05 15:28:00,PECO,,41.400001525878906,41.400001525878906,41.400001525878906,41.400001525878906,1092.0
2026-08-05 15:28:00,PEGA,,31.790000915527344,31.799999237060547,31.790000915527344,31.799999237060547,2882.0
2026-08-05 15:28:00,PENN,,19.565000534057617,19.604999542236328,19.565000534057617,19.604999542236328,6334.0
2026-08-05 15:28:00,PEP,,138.3699951171875,138.38499450683594,138.36000061035156,138.36000061035156,6580.0
2026-08-05 15:28:00,PEPG,,1.9800000190734863,1.9800000190734863,1.965000033378601,1.965000033378601,18727.0
2026-08-05 15:28:00,PFG,,114.1802978515625,114.2300033569336,114.1802978515625,114.20999908447266,5673.0
2026-08-05 15:28:00,PGEN,,7.025000095367432,7.039999961853027,7.019999980926514,7.034999847412109,45551.0
2026-08-05 15:28:00,PGNY,,31.540000915527344,31.549999237060547,31.530000686645508,31.549999237060547,1713.0
2026-08-05 15:28:00,PGY,,21.719999313354492,21.729999542236328,21.71500015258789,21.719999313354492,4382.0
2026-08-05 15:28:00,PHAT,,8.350000381469727,8.350000381469727,8.350000381469727,8.350000381469727,7183.0
2026-08-05 15:28:00,PHIO,,1.065000057220459,1.065000057220459,1.065000057220459,1.065000057220459,200.0
2026-08-05 15:28:00,PHVS,,33.44499969482422,33.4900016784668,33.44499969482422,33.470001220703125,2198.0
2026-08-05 15:28:00,PLAB,,32.275001525878906,32.275001525878906,32.275001525878906,32.275001525878906,530.0
2026-08-05 15:28:00,PLPC,,472.79998779296875,473.2049865722656,472.79998779296875,472.95001220703125,946.0
2026-08-05 15:28:00,PLTK,,3.9049999713897705,3.9049999713897705,3.9000000953674316,3.9000000953674316,2777.0
2026-08-05 15:28:00,PLUG,,2.075000047683716,2.0799999237060547,2.069999933242798,2.0799999237060547,78471.0
2026-08-05 15:28:00,PLUR,,1.6699999570846558,1.6699999570846558,1.6699999570846558,1.6699999570846558,104.0
2026-08-05 15:28:00,PLXS,,275.510009765625,275.510009765625,275.510009765625,275.510009765625,1240.0
2026-08-05 15:28:00,PNBK,,1.1349999904632568,1.1349999904632568,1.1349999904632568,1.1349999904632568,200.0
2026-08-05 15:28:00,PNFP,,107.52749633789062,107.58000183105469,107.5199966430664,107.55000305175781,4980.0
2026-08-05 15:28:00,POET,,8.229999542236328,8.234999656677246,8.220000267028809,8.229900360107422,18369.0
2026-08-05 15:28:00,POOL,,205.49000549316406,205.49000549316406,205.36000061035156,205.38999938964844,1524.0
2026-08-05 15:28:00,POWI,,62.18000030517578,62.19499969482422,62.18000030517578,62.19499969482422,1184.0
2026-08-05 15:28:00,POWL,,210.77499389648438,210.80999755859375,210.55499267578125,210.55499267578125,2962.0
2026-08-05 15:28:00,PPBT,,1.4900000095367432,1.4900000095367432,1.4900000095367432,1.4900000095367432,0.0
2026-08-05 15:28:00,PPC,,26.399999618530273,26.420000076293945,26.399999618530273,26.420000076293945,6788.0
2026-08-05 15:28:00,PRAX,,318.42999267578125,318.4649963378906,318.42999267578125,318.4649963378906,225.0
2026-08-05 15:28:00,PRCH,,15.875,15.880000114440918,15.869999885559082,15.869999885559082,2618.0
2026-08-05 15:28:00,PRCT,,19.31999969482422,19.329999923706055,19.184999465942383,19.184999465942383,32713.0
2026-08-05 15:28:00,PRDO,,32.7599983215332,32.76499938964844,32.7599983215332,32.76499938964844,372.0
2026-08-05 15:28:00,PRGS,,42.13999938964844,42.2400016784668,42.13999938964844,42.13999938964844,12481.0
2026-08-05 15:28:00,PRIM,,84.2699966430664,84.4000015258789,84.22000122070312,84.37999725341797,9063.0
2026-08-05 15:28:00,PRME,,3.0399999618530273,3.0450000762939453,3.0350000858306885,3.0450000762939453,11112.0
2026-08-05 15:28:00,PROK,,1.6449999809265137,1.6449999809265137,1.6449999809265137,1.6449999809265137,1359.0
2026-08-05 15:28:00,PRQR,,1.975000023841858,1.9788999557495117,1.9708000421524048,1.9788999557495117,690.0
2026-08-05 15:28:00,PRVA,,23.969999313354492,23.9950008392334,23.969999313354492,23.9950008392334,2896.0
2026-08-05 15:28:00,PSEC,,2.184999942779541,2.184999942779541,2.180000066757202,2.180000066757202,4460.0
2026-08-05 15:28:00,PSHG,,1.7549999952316284,1.7549999952316284,1.7549999952316284,1.7549999952316284,292.0
2026-08-05 15:28:00,PSMT,,186.57000732421875,186.66000366210938,186.57000732421875,186.66000366210938,2176.0
2026-08-05 15:28:00,PSNL,,13.529999732971191,13.539999961853027,13.529999732971191,13.539999961853027,6241.0
2026-08-05 15:28:00,PTC,,139.97999572753906,139.99000549316406,139.9499969482422,139.99000549316406,3476.0
2026-08-05 15:28:00,PTCT,,68.7249984741211,68.76000213623047,68.7249984741211,68.76000213623047,2833.0
2026-08-05 15:28:00,PTEN,,9.686100006103516,9.6899995803833,9.680000305175781,9.6850004196167,30969.0
2026-08-05 15:28:00,PTGX,,135.90049743652344,136.10000610351562,135.90049743652344,136.07000732421875,4978.0
2026-08-05 15:28:00,PTLO,,4.630000114440918,4.630000114440918,4.630000114440918,4.630000114440918,1032.0
2026-08-05 15:28:00,PTON,,6.485000133514404,6.488999843597412,6.480000019073486,6.485000133514404,4823.0
2026-08-05 15:28:00,PUBM,,13.5600004196167,13.5600004196167,13.5600004196167,13.5600004196167,487.0
2026-08-05 15:28:00,PWP,,17.43000030517578,17.440000534057617,17.43000030517578,17.434999465942383,4459.0
2026-08-05 15:28:00,PYPL,,57.90999984741211,57.939998626708984,57.90999984741211,57.939998626708984,9241.0
2026-08-05 15:28:00,PYXS,,3.134999990463257,3.134999990463257,3.1301000118255615,3.1301000118255615,1617.0
2026-08-05 15:28:00,PZZA,,29.899999618530273,29.954999923706055,29.889999389648438,29.889999389648438,9085.0
2026-08-05 15:28:00,QCOM,,159.43499755859375,159.4499053955078,159.3280029296875,159.3280029296875,12854.0
2026-08-05 15:28:00,QCRH,,105.27899932861328,105.27899932861328,105.27899932861328,105.27899932861328,773.0
2026-08-05 15:28:00,QFIN,,13.175000190734863,13.175000190734863,13.175000190734863,13.175000190734863,714.0
2026-08-05 15:28:00,QRVO,,95.66999816894531,95.68000030517578,95.625,95.68000030517578,1503.0
2026-08-05 15:28:00,SEED,,1.059999942779541,1.059999942779541,1.059999942779541,1.059999942779541,405.0
2026-08-05 15:28:00,STIM,,2.4198999404907227,2.4200000762939453,2.4100000858306885,2.4200000762939453,4937.0
2026-08-05 15:28:00,TARA,,3.984999895095825,4.005000114440918,3.9800000190734863,4.005000114440918,15028.0
2026-08-05 15:28:00,WOOF,,2.930000066757202,2.930000066757202,2.924999952316284,2.930000066757202,8840.0
2026-08-05 15:29:00,ACDC,,4.494999885559082,4.494999885559082,4.494999885559082,4.494999885559082,3101.0
2026-08-05 15:29:00,BPOP,,177.30999755859375,177.30999755859375,177.11000061035156,177.11000061035156,450.0
2026-08-05 15:29:00,CNXN,,86.12000274658203,86.12000274658203,86.12000274658203,86.12000274658203,1462.0
2026-08-05 15:29:00,DTIL,,7.445000171661377,7.449999809265137,7.445000171661377,7.449999809265137,2411.0
2026-08-05 15:29:00,EYE,,23.014999389648438,23.014999389648438,23.0,23.0049991607666,15237.0
2026-08-05 15:29:00,FRST,,16.489999771118164,16.489999771118164,16.489999771118164,16.489999771118164,650.0
2026-08-05 15:29:00,GLUE,,15.390000343322754,15.395000457763672,15.390000343322754,15.390000343322754,1763.0
2026-08-05 15:29:00,KITTW,,0.013899999670684338,0.014000000432133675,0.013899999670684338,0.014000000432133675,5100.0
2026-08-05 15:29:00,LUNG,,1.9950000047683716,1.9950000047683716,1.9950000047683716,1.9950000047683716,214.0
2026-08-05 15:29:00,MBRX,,0.3971000015735626,0.3971000015735626,0.3971000015735626,0.3971000015735626,403.0
2026-08-05 15:29:00,MDB,,373.1199951171875,373.5799865722656,373.1199951171875,373.2699890136719,4687.0
2026-08-05 15:29:00,MDLZ,,62.55500030517578,62.555999755859375,62.540000915527344,62.54999923706055,9425.0
2026-08-05 15:29:00,MLTX,,17.559999465942383,17.559999465942383,17.559999465942383,17.559999465942383,0.0
2026-08-05 15:29:00,MNPR,,118.38999938964844,118.66000366210938,118.18000030517578,118.66000366210938,1154.0
2026-08-05 15:29:00,MNRO,,13.149999618530273,13.149999618530273,13.149999618530273,13.149999618530273,2418.0
2026-08-05 15:29:00,MNST,,94.32499694824219,94.33999633789062,94.30999755859375,94.33999633789062,8386.0
2026-08-05 15:29:00,MNTS,,4.25,4.25,4.25,4.25,224.0
2026-08-05 15:29:00,MODD,,2.0299999713897705,2.0299999713897705,2.0299999713897705,2.0299999713897705,380.0
2026-08-05 15:29:00,MORN,,198.10000610351562,198.1300048828125,198.10000610351562,198.10000610351562,1428.0
2026-08-05 15:29:00,MPWR,,1356.074951171875,1357.300048828125,1354.8800048828125,1357.1800537109375,2331.0
2026-08-05 15:29:00,MRNA,,56.310001373291016,56.375,56.310001373291016,56.375,5946.0
2026-08-05 15:29:00,MYGN,,3.0850000381469727,3.0850000381469727,3.0799999237060547,3.0799999237060547,5439.0
2026-08-05 15:29:00,MYRG,,340.04998779296875,340.04998779296875,340.04998779296875,340.04998779296875,144.0
2026-08-05 15:29:00,NAMS,,27.174999237060547,27.18000030517578,27.174999237060547,27.18000030517578,1403.0
2026-08-05 15:29:00,NATH,,98.54000091552734,98.54000091552734,98.54000091552734,98.54000091552734,1086.0
2026-08-05 15:29:00,NB,,5.039999961853027,5.039999961853027,5.034999847412109,5.039999961853027,5570.0
2026-08-05 15:29:00,NBIX,,162.5449981689453,162.5500030517578,162.5449981689453,162.5500030517578,989.0
2026-08-05 15:29:00,NBTB,,53.28499984741211,53.28499984741211,53.27000045776367,53.27000045776367,842.0
2026-08-05 15:29:00,NCMI,,4.090000152587891,4.090000152587891,4.090000152587891,4.090000152587891,335.0
2026-08-05 15:29:00,NCRA,,1.809999942779541,1.809999942779541,1.809999942779541,1.809999942779541,137.0
2026-08-05 15:29:00,NDAQ,,94.66000366210938,94.66000366210938,94.62999725341797,94.62999725341797,3025.0
2026-08-05 15:29:00,NDSN,,310.8500061035156,310.8500061035156,310.8500061035156,310.8500061035156,207.0
2026-08-05 15:29:00,NECB,,27.104999542236328,27.104999542236328,27.104999542236328,27.104999542236328,393.0
2026-08-05 15:29:00,NEO,,15.789999961853027,15.789999961853027,15.720000267028809,15.725000381469727,10844.0
2026-08-05 15:29:00,NEON,,0.9049999713897705,0.9049999713897705,0.9049000144004822,0.9049000144004822,1130.0
2026-08-05 15:29:00,NEOV,,2.9200000762939453,2.9200000762939453,2.9149999618530273,2.9149999618530273,11011.0
2026-08-05 15:29:00,NESR,,28.510000228881836,28.510000228881836,28.510000228881836,28.510000228881836,1365.0
2026-08-05 15:29:00,NEWT,,14.96500015258789,14.96500015258789,14.96500015258789,14.96500015258789,964.0
2026-08-05 15:29:00,NEXT,,6.445000171661377,6.460000038146973,6.445000171661377,6.454999923706055,2561.0
2026-08-05 15:29:00,NFE,,0.33739998936653137,0.3384999930858612,0.33719998598098755,0.3384999930858612,562.0
2026-08-05 15:29:00,NFLX,,73.71499633789062,73.73500061035156,73.70500183105469,73.70500183105469,47181.0
2026-08-05 15:29:00,NICE,,99.58000183105469,99.58000183105469,99.37010192871094,99.5,1805.0
2026-08-05 15:29:00,NIU,,2.444999933242798,2.444999933242798,2.444999933242798,2.444999933242798,500.0
2026-08-05 15:29:00,NKTR,,72.75499725341797,72.81999969482422,72.75499725341797,72.81999969482422,1161.0
2026-08-05 15:29:00,NKTX,,2.200000047683716,2.2049999237060547,2.200000047683716,2.200000047683716,478.0
2026-08-05 15:29:00,NMFC,,7.364999771118164,7.364999771118164,7.360000133514404,7.364999771118164,2220.0
2026-08-05 15:29:00,NMIH,,44.75,44.7599983215332,44.709999084472656,44.709999084472656,2678.0
2026-08-05 15:29:00,NMRA,,1.6100000143051147,1.6100000143051147,1.6100000143051147,1.6100000143051147,302.0
2026-08-05 15:29:00,NMRK,,15.710000038146973,15.710000038146973,15.699999809265137,15.699999809265137,5221.0
2026-08-05 15:29:00,NN,,14.680000305175781,14.6899995803833,14.67140007019043,14.6899995803833,4065.0
2026-08-05 15:29:00,NNBR,,3.8450000286102295,3.8499999046325684,3.8399999141693115,3.8450000286102295,6258.0
2026-08-05 15:29:00,NNDM,,1.5549999475479126,1.5549999475479126,1.5549999475479126,1.5549999475479126,1753.0
2026-08-05 15:29:00,NNOX,,1.0149999856948853,1.0149999856948853,1.009600043296814,1.009600043296814,8640.0
2026-08-05 15:29:00,NOVT,,154.44500732421875,154.4550018310547,154.44500732421875,154.4550018310547,2150.0
2026-08-05 15:29:00,NPCE,,13.6225004196167,13.6225004196167,13.6225004196167,13.6225004196167,402.0
2026-08-05 15:29:00,NRIX,,25.049999237060547,25.049999237060547,25.049999237060547,25.049999237060547,375.0
2026-08-05 15:29:00,NSSC,,40.290000915527344,40.33000183105469,40.290000915527344,40.33000183105469,1543.0
2026-08-05 15:29:00,NTAP,,189.74000549316406,189.89999389648438,189.72999572753906,189.85000610351562,8562.0
2026-08-05 15:29:00,NTCT,,41.76499938964844,41.76499938964844,41.7599983215332,41.7599983215332,1192.0
2026-08-05 15:29:00,NTES,,127.79000091552734,127.80999755859375,127.76000213623047,127.76000213623047,2580.0
2026-08-05 15:29:00,NTNX,,61.25,61.25,61.2400016784668,61.2400016784668,4919.0
2026-08-05 15:29:00,NTRB,,2.822499990463257,2.822499990463257,2.822499990463257,2.822499990463257,122.0
2026-08-05 15:29:00,NTRS,,184.5800018310547,184.60000610351562,184.5800018310547,184.5800018310547,2308.0
2026-08-05 15:29:00,NUTX,,156.99000549316406,156.99000549316406,156.75,156.75,872.0
2026-08-05 15:29:00,NUWE,,1.6800999641418457,1.690000057220459,1.6800999641418457,1.690000057220459,2075.0
2026-08-05 15:29:00,NVAX,,7.630000114440918,7.644999980926514,7.630000114440918,7.639999866485596,13960.0
2026-08-05 15:29:00,NVCR,,16.100000381469727,16.100000381469727,16.100000381469727,16.100000381469727,3592.0
2026-08-05 15:29:00,NVDA,,221.8350067138672,222.0399932861328,221.82000732421875,222.0399932861328,274895.0
2026-08-05 15:29:00,NVMI,,407.54998779296875,408.29998779296875,407.54998779296875,408.29998779296875,1200.0
2026-08-05 15:29:00,NVTS,,12.454999923706055,12.46500015258789,12.449999809265137,12.460000038146973,10457.0
2026-08-05 15:29:00,NWBI,,15.96500015258789,15.96500015258789,15.960000038146973,15.960000038146973,4164.0
2026-08-05 15:29:00,NWE,,69.1050033569336,69.1050033569336,69.08999633789062,69.08999633789062,828.0
2026-08-05 15:29:00,NWL,,6.164999961853027,6.170000076293945,6.159999847412109,6.159999847412109,9175.0
2026-08-05 15:29:00,NWPX,,126.58999633789062,126.58999633789062,126.58999633789062,126.58999633789062,225.0
2026-08-05 15:29:00,NWS,,32.68000030517578,32.720001220703125,32.64500045776367,32.64500045776367,11426.0
2026-08-05 15:29:00,NWSA,,28.854999542236328,28.860000610351562,28.795000076293945,28.795000076293945,57302.0
2026-08-05 15:29:00,NXPI,,233.05999755859375,233.30999755859375,233.0500030517578,233.30999755859375,6878.0
2026-08-05 15:29:00,NXST,,189.76499938964844,189.76499938964844,189.76499938964844,189.76499938964844,512.0
2026-08-05 15:29:00,NXT,,99.8949966430664,100.12999725341797,99.8949966430664,100.12999725341797,3172.0
2026-08-05 15:29:00,NYXH,,1.4098999500274658,1.409999966621399,1.4098999500274658,1.409999966621399,3357.0
2026-08-05 15:29:00,OABI,,2.065000057220459,2.065000057220459,2.065000057220459,2.065000057220459,430.0
2026-08-05 15:29:00,OBIO,,4.230000019073486,4.230000019073486,4.224999904632568,4.224999904632568,311.0
2026-08-05 15:29:00,OCCI,,2.490000009536743,2.490000009536743,2.490000009536743,2.490000009536743,181.0
2026-08-05 15:29:00,OCFC,,19.895000457763672,19.895000457763672,19.895000457763672,19.895000457763672,1102.0
2026-08-05 15:29:00,OCGN,,1.2700999975204468,1.2799999713897705,1.2700999975204468,1.274999976158142,6389.0
2026-08-05 15:29:00,OCS,,12.005000114440918,12.005000114440918,12.005000114440918,12.005000114440918,244.0
2026-08-05 15:29:00,OCSL,,12.03499984741211,12.039899826049805,12.03499984741211,12.03499984741211,2535.0
2026-08-05 15:29:00,OCUL,,8.555000305175781,8.5600004196167,8.555000305175781,8.5600004196167,2412.0
2026-08-05 15:29:00,ODFL,,214.33999633789062,214.33999633789062,214.17999267578125,214.2550048828125,7722.0
2026-08-05 15:29:00,OESX,,14.920000076293945,14.920000076293945,14.920000076293945,14.920000076293945,210.0
2026-08-05 15:29:00,OFIX,,10.595000267028809,10.609999656677246,10.59000015258789,10.600000381469727,2165.0
2026-08-05 15:29:00,OKTA,,147.7449951171875,147.7449951171875,147.72500610351562,147.72500610351562,915.0
2026-08-05 15:29:00,OLLI,,78.09500122070312,78.23500061035156,78.09500122070312,78.22000122070312,10695.0
2026-08-05 15:29:00,OLMA,,11.479999542236328,11.484999656677246,11.479999542236328,11.484999656677246,1058.0
2026-08-05 15:29:00,OMCL,,37.20500183105469,37.20750045776367,37.099998474121094,37.099998474121094,4007.0
2026-08-05 15:29:00,OMER,,12.739999771118164,12.739999771118164,12.739999771118164,12.739999771118164,918.0
2026-08-05 15:29:00,OMEX,,0.7423999905586243,0.7441999912261963,0.7423999905586243,0.7441999912261963,2264.0
2026-08-05 15:29:00,OMH,,0.11729999631643295,0.11729999631643295,0.11729999631643295,0.11729999631643295,10829.0
2026-08-05 15:29:00,ON,,78.06500244140625,78.18000030517578,78.05999755859375,78.18000030517578,19487.0
2026-08-05 15:29:00,ONB,,26.9950008392334,26.9950008392334,26.985000610351562,26.985000610351562,5608.0
2026-08-05 15:29:00,ONCY,,0.7960000038146973,0.7982000112533569,0.7960000038146973,0.7982000112533569,202.0
2026-08-05 15:29:00,ONDS,,8.86050033569336,8.869999885559082,8.854999542236328,8.866299629211426,166301.0
2026-08-05 15:29:00,ONFO,,0.07599999755620956,0.07599999755620956,0.07519999891519547,0.07519999891519547,11211.0
2026-08-05 15:29:00,OPCH,,23.475000381469727,23.475000381469727,23.469999313354492,23.469999313354492,2176.0
2026-08-05 15:29:00,OPEN,,3.765000104904175,3.7699999809265137,3.75,3.759999990463257,206646.0
2026-08-05 15:29:00,OPHC,,8.710000038146973,8.710000038146973,8.710000038146973,8.710000038146973,135.0
2026-08-05 15:29:00,OPK,,1.315000057220459,1.315000057220459,1.309999942779541,1.309999942779541,616.0
2026-08-05 15:29:00,OPRT,,6.03000020980835,6.039999961853027,6.03000020980835,6.039999961853027,517.0
2026-08-05 15:29:00,OPXS,,12.0,12.0,12.0,12.0,407.0
2026-08-05 15:29:00,ORGO,,2.3350000381469727,2.3350000381469727,2.3350000381469727,2.3350000381469727,937.0
2026-08-05 15:29:00,ORIC,,12.829999923706055,12.84000015258789,12.824999809265137,12.829999923706055,7450.0
2026-08-05 15:29:00,ORLY,,93.00499725341797,93.02999877929688,93.00499725341797,93.01000213623047,7791.0
2026-08-05 15:29:00,OSBC,,25.809999465942383,25.809999465942383,25.799999237060547,25.799999237060547,1590.0
2026-08-05 15:29:00,OSPN,,16.604999542236328,16.604999542236328,16.604999542236328,16.604999542236328,513.0
2026-08-05 15:29:00,OSS,,13.475000381469727,13.475000381469727,13.475000381469727,13.475000381469727,441.0
2026-08-05 15:29:00,OTEX,,25.7549991607666,25.770000457763672,25.71500015258789,25.71500015258789,88937.0
2026-08-05 15:29:00,OTLK,,1.0281000137329102,1.0283000469207764,1.0281000137329102,1.0283000469207764,4256.0
2026-08-05 15:29:00,OTTR,,92.3949966430664,92.3949966430664,92.3949966430664,92.3949966430664,880.0
2026-08-05 15:29:00,OVID,,2.5950000286102295,2.5999999046325684,2.5950000286102295,2.5999999046325684,3052.0
2026-08-05 15:29:00,OXLC,,9.136199951171875,9.136199951171875,9.135000228881836,9.136199951171875,47.0
2026-08-05 15:29:00,OXLCZ,,24.95989990234375,24.95989990234375,24.95989990234375,24.95989990234375,1773.0
2026-08-05 15:29:00,PAA,,23.1299991607666,23.135000228881836,23.1299991607666,23.1299991607666,22847.0
2026-08-05 15:29:00,PAAS,,48.345001220703125,48.38999938964844,48.34049987792969,48.369998931884766,6695.0
2026-08-05 15:29:00,PACB,,1.2949999570846558,1.2999999523162842,1.2949999570846558,1.2949999570846558,89157.0
2026-08-05 15:29:00,PAGP,,25.094999313354492,25.104999542236328,25.0935001373291,25.0935001373291,3123.0
2026-08-05 15:29:00,PALI,,2.119999885559082,2.119999885559082,2.115000009536743,2.119999885559082,1539.0
2026-08-05 15:29:00,PANW,,363.5199890136719,363.6549987792969,363.06500244140625,363.0799865722656,13719.0
2026-08-05 15:29:00,PATK,,87.87000274658203,87.87000274658203,87.87000274658203,87.87000274658203,473.0
2026-08-05 15:29:00,PAX,,11.359999656677246,11.380000114440918,11.359999656677246,11.380000114440918,4293.0
2026-08-05 15:29:00,PAYO,,7.125,7.125,7.125,7.125,5908.0
2026-08-05 15:29:00,PAYS,,9.175000190734863,9.175000190734863,9.175000190734863,9.175000190734863,649.0
2026-08-05 15:29:00,PAYX,,117.75,117.75,117.70999908447266,117.72000122070312,5317.0
2026-08-05 15:29:00,PCAR,,133.52999877929688,133.58999633789062,133.52999877929688,133.58999633789062,10457.0
2026-08-05 15:29:00,PCB,,28.059999465942383,28.100000381469727,28.059999465942383,28.100000381469727,678.0
2026-08-05 15:29:00,PCRX,,24.84000015258789,24.8799991607666,24.84000015258789,24.850000381469727,2776.0
2026-08-05 15:29:00,PCT,,6.869999885559082,6.879000186920166,6.869999885559082,6.879000186920166,5099.0
2026-08-05 15:29:00,PCTY,,146.3300018310547,146.38999938964844,146.3300018310547,146.35000610351562,3441.0
2026-08-05 15:29:00,PDD,,90.80000305175781,90.80000305175781,90.79499816894531,90.79499816894531,2685.0
2026-08-05 15:29:00,PDFS,,50.09000015258789,50.25,50.09000015258789,50.25,5924.0
2026-08-05 15:29:00,PECO,,41.400001525878906,41.400001525878906,41.39500045776367,41.39500045776367,1295.0
2026-08-05 15:29:00,PEGA,,31.799999237060547,31.799999237060547,31.780000686645508,31.790000915527344,8008.0
2026-08-05 15:29:00,PENN,,19.579999923706055,19.579999923706055,19.55500030517578,19.565000534057617,12322.0
2026-08-05 15:29:00,PEP,,138.44000244140625,138.44000244140625,138.3699951171875,138.37399291992188,8388.0
2026-08-05 15:29:00,PERI,,9.604999542236328,9.604999542236328,9.604999542236328,9.604999542236328,371.0
2026-08-05 15:29:00,PESI,,17.80500030517578,17.80500030517578,17.80500030517578,17.80500030517578,1248.0
2026-08-05 15:29:00,PFG,,114.24500274658203,114.29000091552734,114.24500274658203,114.26000213623047,1669.0
2026-08-05 15:29:00,PGEN,,6.974999904632568,7.025000095367432,6.96999979019165,7.019999980926514,39662.0
2026-08-05 15:29:00,PGNY,,31.540000915527344,31.540000915527344,31.530000686645508,31.530000686645508,1009.0
2026-08-05 15:29:00,PGY,,21.719999313354492,21.729999542236328,21.719999313354492,21.729999542236328,2732.0
2026-08-05 15:29:00,PHAT,,8.350000381469727,8.359999656677246,8.350000381469727,8.350000381469727,7376.0
2026-08-05 15:29:00,PHIO,,1.065000057220459,1.065000057220459,1.065000057220459,1.065000057220459,100.0
2026-08-05 15:29:00,PLAB,,32.255001068115234,32.275001525878906,32.25,32.275001525878906,1368.0
2026-08-05 15:29:00,PLSE,,37.68000030517578,37.68000030517578,37.68000030517578,37.68000030517578,297.0
2026-08-05 15:29:00,PLTK,,3.9100000858306885,3.9100000858306885,3.9049999713897705,3.9049999713897705,1674.0
2026-08-05 15:29:00,PLUG,,2.075000047683716,2.0799999237060547,2.069999933242798,2.069999933242798,8509.0
2026-08-05 15:29:00,PLXS,,275.9800109863281,275.9800109863281,275.9800109863281,275.9800109863281,492.0
2026-08-05 15:29:00,PNBK,,1.1349999904632568,1.1349999904632568,1.1349999904632568,1.1349999904632568,466.0
2026-08-05 15:29:00,PNFP,,107.4800033569336,107.53500366210938,107.4800033569336,107.52749633789062,1618.0
2026-08-05 15:29:00,PNTG,,38.720001220703125,38.720001220703125,38.709999084472656,38.709999084472656,1175.0
2026-08-05 15:29:00,PODC,,3.430000066757202,3.430000066757202,3.430000066757202,3.430000066757202,250.0
2026-08-05 15:29:00,POET,,8.210000038146973,8.234999656677246,8.210000038146973,8.234999656677246,21757.0
2026-08-05 15:29:00,POOL,,206.0399932861328,206.0500030517578,205.6699981689453,206.0399932861328,10027.0
2026-08-05 15:29:00,POWI,,61.97999954223633,62.09000015258789,61.97999954223633,62.08000183105469,5290.0
2026-08-05 15:29:00,POWL,,210.44000244140625,210.80999755859375,210.39999389648438,210.80999755859375,2447.0
2026-08-05 15:29:00,PPBT,,1.4900000095367432,1.4900000095367432,1.4900000095367432,1.4900000095367432,281.0
2026-08-05 15:29:00,PPC,,26.399999618530273,26.40999984741211,26.395000457763672,26.399999618530273,2983.0
2026-08-05 15:29:00,PPTA,,22.75,22.75,22.739999771118164,22.739999771118164,1828.0
2026-08-05 15:29:00,PRAX,,318.07501220703125,318.4700012207031,318.07501220703125,318.44500732421875,563.0
2026-08-05 15:29:00,PRCH,,15.869999885559082,15.880000114440918,15.869999885559082,15.880000114440918,5559.0
2026-08-05 15:29:00,PRCT,,19.290000915527344,19.309999465942383,19.270000457763672,19.299999237060547,17184.0
2026-08-05 15:29:00,PRDO,,32.76499938964844,32.76499938964844,32.76499938964844,32.76499938964844,249.0
2026-08-05 15:29:00,PRE,,18.2549991607666,18.31999969482422,18.2549991607666,18.309999465942383,2523.0
2026-08-05 15:29:00,PRGS,,42.20000076293945,42.31999969482422,42.20000076293945,42.2599983215332,2374.0
2026-08-05 15:29:00,PRIM,,84.15499877929688,84.2699966430664,84.12000274658203,84.22000122070312,5414.0
2026-08-05 15:29:00,PRLD,,4.574999809265137,4.574999809265137,4.559999942779541,4.559999942779541,595.0
2026-08-05 15:29:00,PRME,,3.0399999618530273,3.049999952316284,3.0399999618530273,3.0399999618530273,18255.0
2026-08-05 15:29:00,PROK,,1.6449999809265137,1.6449999809265137,1.6449999809265137,1.6449999809265137,1359.0
2026-08-05 15:29:00,PRPH,,0.04439999908208847,0.04439999908208847,0.04439999908208847,0.04439999908208847,1000.0
2026-08-05 15:29:00,PRQR,,1.975000023841858,1.975000023841858,1.975000023841858,1.975000023841858,5987.0
2026-08-05 15:29:00,PRVA,,23.959999084472656,23.959999084472656,23.959999084472656,23.959999084472656,1126.0
2026-08-05 15:29:00,PRZO,,0.5600000023841858,0.5600000023841858,0.5600000023841858,0.5600000023841858,4.0
2026-08-05 15:29:00,PSEC,,2.180000066757202,2.184999942779541,2.180000066757202,2.184999942779541,2514.0
2026-08-05 15:29:00,PSNL,,13.529999732971191,13.539999961853027,13.529999732971191,13.539999961853027,950.0
2026-08-05 15:29:00,PSNY,,14.15999984741211,14.15999984741211,14.15999984741211,14.15999984741211,213.0
2026-08-05 15:29:00,PTEN,,9.675000190734863,9.6850004196167,9.675000190734863,9.6850004196167,13278.0
2026-08-05 15:29:00,PTGX,,136.02999877929688,136.02999877929688,135.97999572753906,135.97999572753906,2202.0
2026-08-05 15:29:00,PTLO,,4.630000114440918,4.635000228881836,4.625,4.6290998458862305,10891.0
2026-08-05 15:29:00,PTON,,6.485000133514404,6.485000133514404,6.480000019073486,6.480000019073486,11254.0
2026-08-05 15:29:00,PUBM,,13.550000190734863,13.5600004196167,13.550000190734863,13.550000190734863,3494.0
2026-08-05 15:29:00,PWP,,17.479999542236328,17.479999542236328,17.450000762939453,17.450000762939453,4731.0
2026-08-05 15:29:00,PYPL,,57.94499969482422,57.95000076293945,57.91999816894531,57.91999816894531,10707.0
2026-08-05 15:29:00,PZZA,,29.899999618530273,29.905000686645508,29.889999389648438,29.895000457763672,3395.0
2026-08-05 15:29:00,QCOM,,159.28500366210938,159.42999267578125,159.27000427246094,159.42999267578125,13583.0
2026-08-05 15:29:00,QFIN,,13.1850004196167,13.1850004196167,13.175000190734863,13.175000190734863,9383.0
2026-08-05 15:29:00,QRVO,,95.69000244140625,95.75,95.69000244140625,95.75,2795.0
2026-08-05 15:29:00,SEED,,1.059999942779541,1.059999942779541,1.059399962425232,1.059999942779541,1800.0
2026-08-05 15:29:00,STIM,,2.4149999618530273,2.4200000762939453,2.4100000858306885,2.4200000762939453,5225.0
2026-08-05 15:29:00,TARA,,3.984999895095825,3.987499952316284,3.984999895095825,3.984999895095825,789.0
2026-08-05 15:29:00,WOOF,,2.934999942779541,2.934999942779541,2.930000066757202,2.930000066757202,7858.0
2026-08-05 15:30:00,ACDC,,4.510000228881836,4.514999866485596,4.489999771118164,4.489999771118164,24926.0
2026-08-05 15:30:00,BPOP,,177.27999877929688,177.27999877929688,177.27999877929688,177.27999877929688,706.0
2026-08-05 15:30:00,BPRN,,42.189998626708984,42.189998626708984,42.18000030517578,42.18000030517578,254.0
2026-08-05 15:30:00,CASH,,89.63500213623047,89.63500213623047,89.63500213623047,89.63500213623047,903.0
2026-08-05 15:30:00,CPOP,,0.34940001368522644,0.34940001368522644,0.3465000092983246,0.3465000092983246,5232.0
2026-08-05 15:30:00,DTIL,,7.445000171661377,7.445000171661377,7.440000057220459,7.440000057220459,893.0
2026-08-05 15:30:00,EYE,,23.014999389648438,23.024999618530273,23.014999389648438,23.020000457763672,4372.0
2026-08-05 15:30:00,FIZZ,,32.119998931884766,32.119998931884766,32.10499954223633,32.10499954223633,1235.0
2026-08-05 15:30:00,GLUE,,15.385000228881836,15.390000343322754,15.385000228881836,15.390000343322754,3290.0
2026-08-05 15:30:00,KIDS,,21.610000610351562,21.65999984741211,21.610000610351562,21.65999984741211,839.0
2026-08-05 15:30:00,KITT,,1.0399999618530273,1.0399999618530273,1.0399999618530273,1.0399999618530273,944.0
2026-08-05 15:30:00,KTTA,,0.444599986076355,0.444599986076355,0.444599986076355,0.444599986076355,558.0
2026-08-05 15:30:00,LUNG,,1.9950000047683716,2.0,1.9950000047683716,1.9950000047683716,3035.0
2026-08-05 15:30:00,MDB,,373.4750061035156,373.8699951171875,373.364990234375,373.364990234375,9496.0
2026-08-05 15:30:00,MDLZ,,62.53499984741211,62.56999969482422,62.525001525878906,62.55500030517578,24259.0
2026-08-05 15:30:00,MLTX,,17.582500457763672,17.600000381469727,17.559999465942383,17.559999465942383,4887.0
2026-08-05 15:30:00,MNST,,94.25499725341797,94.37000274658203,94.25499725341797,94.25499725341797,12455.0
2026-08-05 15:30:00,MNTS,,4.25,4.25,4.25,4.25,5630.0
2026-08-05 15:30:00,MPAA,,13.789999961853027,13.789999961853027,13.694999694824219,13.694999694824219,338.0
2026-08-05 15:30:00,MPWR,,1354.56005859375,1357.6600341796875,1352.199951171875,1356.06494140625,7166.0
2026-08-05 15:30:00,MRNA,,56.33000183105469,56.369998931884766,56.33000183105469,56.33000183105469,7455.0
2026-08-05 15:30:00,MYGN,,3.0950000286102295,3.0999999046325684,3.075000047683716,3.075000047683716,19558.0
2026-08-05 15:30:00,MYPS,,0.7229999899864197,0.7310000061988831,0.7229999899864197,0.7310000061988831,1474.0
2026-08-05 15:30:00,MYRG,,339.2099914550781,339.2099914550781,339.2099914550781,339.2099914550781,275.0
2026-08-05 15:30:00,NAMS,,27.200000762939453,27.200000762939453,27.174999237060547,27.174999237060547,3128.0
2026-08-05 15:30:00,NATR,,20.030000686645508,20.030000686645508,20.030000686645508,20.030000686645508,567.0
2026-08-05 15:30:00,NAUT,,0.9350000023841858,0.9350000023841858,0.9333999752998352,0.9350000023841858,697.0
2026-08-05 15:30:00,NAVI,,9.119999885559082,9.119999885559082,9.119999885559082,9.119999885559082,1661.0
2026-08-05 15:30:00,NB,,5.039999961853027,5.045000076293945,5.034999847412109,5.034999847412109,4713.0
2026-08-05 15:30:00,NBIX,,162.59249877929688,162.59249877929688,162.5,162.5,4786.0
2026-08-05 15:30:00,NBTB,,53.2599983215332,53.27000045776367,53.2599983215332,53.27000045776367,1092.0
2026-08-05 15:30:00,NCMI,,4.090000152587891,4.090000152587891,4.090000152587891,4.090000152587891,103.0
2026-08-05 15:30:00,NCRA,,1.809999942779541,1.809999942779541,1.809999942779541,1.809999942779541,101.0
2026-08-05 15:30:00,NDAQ,,94.6500015258789,94.66999816894531,94.63999938964844,94.63999938964844,5557.0
2026-08-05 15:30:00,NDLS,,18.100000381469727,18.110000610351562,18.100000381469727,18.110000610351562,666.0
2026-08-05 15:30:00,NDSN,,310.7699890136719,310.95001220703125,310.7650146484375,310.7650146484375,1570.0
2026-08-05 15:30:00,NEGG,,17.479999542236328,17.479999542236328,17.479999542236328,17.479999542236328,285.0
2026-08-05 15:30:00,NEO,,15.770000457763672,15.795000076293945,15.75,15.795000076293945,11589.0
2026-08-05 15:30:00,NEOG,,11.46500015258789,11.5,11.46500015258789,11.494999885559082,19414.0
2026-08-05 15:30:00,NEOV,,2.9149999618530273,2.9200000762939453,2.9149999618530273,2.9200000762939453,7046.0
2026-08-05 15:30:00,NESR,,28.530000686645508,28.530000686645508,28.520000457763672,28.520000457763672,3451.0
2026-08-05 15:30:00,NEWT,,14.970000267028809,14.970000267028809,14.970000267028809,14.970000267028809,427.0
2026-08-05 15:30:00,NEXT,,6.440000057220459,6.449999809265137,6.440000057220459,6.449999809265137,2143.0
2026-08-05 15:30:00,NFE,,0.33980000019073486,0.33980000019073486,0.33980000019073486,0.33980000019073486,150.0
2026-08-05 15:30:00,NFLX,,73.7249984741211,73.76000213623047,73.70500183105469,73.70999908447266,64548.0
2026-08-05 15:30:00,NHTC,,1.6690000295639038,1.6690000295639038,1.6349999904632568,1.6349999904632568,0.0
2026-08-05 15:30:00,NICE,,99.70999908447266,99.70999908447266,99.5199966430664,99.62999725341797,3036.0
2026-08-05 15:30:00,NIU,,2.450000047683716,2.450000047683716,2.440000057220459,2.440000057220459,617.0
2026-08-05 15:30:00,NKTR,,72.75499725341797,72.75499725341797,72.75499725341797,72.75499725341797,113.0
2026-08-05 15:30:00,NKTX,,2.200000047683716,2.2049999237060547,2.200000047683716,2.2049999237060547,918.0
2026-08-05 15:30:00,NMRA,,1.6100000143051147,1.6100000143051147,1.6100000143051147,1.6100000143051147,776.0
2026-08-05 15:30:00,NMRK,,15.694999694824219,15.694999694824219,15.694999694824219,15.694999694824219,1127.0
2026-08-05 15:30:00,NMTC,,1.6399999856948853,1.6399999856948853,1.6399999856948853,1.6399999856948853,200.0
2026-08-05 15:30:00,NN,,14.670000076293945,14.680000305175781,14.670000076293945,14.680000305175781,7966.0
2026-08-05 15:30:00,NNBR,,3.8299999237060547,3.8399999141693115,3.8299999237060547,3.8399999141693115,10879.0
2026-08-05 15:30:00,NNDM,,1.5549999475479126,1.5549999475479126,1.5549999475479126,1.5549999475479126,1868.0
2026-08-05 15:30:00,NODK,,15.380000114440918,15.380000114440918,15.380000114440918,15.380000114440918,515.0
2026-08-05 15:30:00,NOVT,,154.16000366210938,154.1699981689453,154.16000366210938,154.1699981689453,768.0
2026-08-05 15:30:00,NPCE,,13.59000015258789,13.609999656677246,13.59000015258789,13.609999656677246,830.0
2026-08-05 15:30:00,NRDS,,9.0649995803833,9.0649995803833,9.055000305175781,9.055000305175781,3841.0
2026-08-05 15:30:00,NRIX,,25.079999923706055,25.094999313354492,25.040000915527344,25.049999237060547,2831.0
2026-08-05 15:30:00,NTAP,,189.6699981689453,189.72000122070312,189.55499267578125,189.72000122070312,8570.0
2026-08-05 15:30:00,NTCT,,41.7400016784668,41.765098571777344,41.72999954223633,41.765098571777344,1525.0
2026-08-05 15:30:00,NTES,,127.7699966430664,127.7699966430664,127.7699966430664,127.7699966430664,1104.0
2026-08-05 15:30:00,NTNX,,61.22999954223633,61.28499984741211,61.22999954223633,61.27000045776367,11051.0
2026-08-05 15:30:00,NTRA,,271.8949890136719,272.010009765625,271.8949890136719,272.010009765625,779.0
2026-08-05 15:30:00,NTRS,,184.68499755859375,184.68499755859375,184.5800018310547,184.64999389648438,2432.0
2026-08-05 15:30:00,NUTX,,156.99000549316406,157.05999755859375,156.99000549316406,156.99000549316406,1393.0
2026-08-05 15:30:00,NUWE,,1.6299999952316284,1.684999942779541,1.6299999952316284,1.684999942779541,26217.0
2026-08-05 15:30:00,NVAX,,7.635000228881836,7.635000228881836,7.630099773406982,7.635000228881836,8161.0
2026-08-05 15:30:00,NVCR,,16.1299991607666,16.1299991607666,16.110000610351562,16.110000610351562,3138.0
2026-08-05 15:30:00,NVCT,,19.5,19.5,19.5,19.5,225.0
2026-08-05 15:30:00,NVDA,,221.58999633789062,221.8699951171875,221.55999755859375,221.8300018310547,570133.0
2026-08-05 15:30:00,NVEC,,130.35499572753906,130.35499572753906,130.35499572753906,130.35499572753906,914.0
2026-08-05 15:30:00,NVMI,,407.1700134277344,407.30999755859375,406.70001220703125,407.1400146484375,2295.0
2026-08-05 15:30:00,NVTS,,12.430000305175781,12.449999809265137,12.425000190734863,12.449999809265137,22076.0
2026-08-05 15:30:00,NVX,,0.4020000100135803,0.4020000100135803,0.4020000100135803,0.4020000100135803,205.0
2026-08-05 15:30:00,NWBI,,15.970000267028809,15.970000267028809,15.96500015258789,15.96500015258789,1629.0
2026-08-05 15:30:00,NWE,,69.1050033569336,69.1050033569336,69.1050033569336,69.1050033569336,894.0
2026-08-05 15:30:00,NWL,,6.164999961853027,6.170000076293945,6.164999961853027,6.164999961853027,12194.0
2026-08-05 15:30:00,NWPX,,126.5999984741211,126.66999816894531,126.5999984741211,126.66999816894531,1245.0
2026-08-05 15:30:00,NWS,,32.689998626708984,32.724998474121094,32.67499923706055,32.67499923706055,10988.0
2026-08-05 15:30:00,NWSA,,28.8799991607666,28.951000213623047,28.84000015258789,28.850000381469727,150977.0
2026-08-05 15:30:00,NXPI,,232.8699951171875,233.16000366210938,232.8000030517578,233.14999389648438,11179.0
2026-08-05 15:30:00,NXST,,189.80999755859375,189.97000122070312,189.73500061035156,189.81500244140625,3959.0
2026-08-05 15:30:00,NXT,,99.62999725341797,99.90499877929688,99.55000305175781,99.83000183105469,6883.0
2026-08-05 15:30:00,OABI,,2.075000047683716,2.075000047683716,2.065000057220459,2.065000057220459,15996.0
2026-08-05 15:30:00,OBIO,,4.239999771118164,4.239999771118164,4.224999904632568,4.224999904632568,2830.0
2026-08-05 15:30:00,OCC,,15.819999694824219,15.880000114440918,15.819999694824219,15.880000114440918,1340.0
2026-08-05 15:30:00,OCFC,,19.905000686645508,19.905000686645508,19.899999618530273,19.899999618530273,1934.0
2026-08-05 15:30:00,OCGN,,1.274999976158142,1.2799999713897705,1.271399974822998,1.274999976158142,27117.0
2026-08-05 15:30:00,OCS,,12.020000457763672,12.020000457763672,12.005000114440918,12.005000114440918,2483.0
2026-08-05 15:30:00,OCUL,,8.5600004196167,8.5649995803833,8.5600004196167,8.5600004196167,3614.0
2026-08-05 15:30:00,ODD,,15.274999618530273,15.274999618530273,15.274999618530273,15.274999618530273,1344.0
2026-08-05 15:30:00,ODFL,,214.25999450683594,214.35000610351562,214.25999450683594,214.35000610351562,3423.0
2026-08-05 15:30:00,OESX,,15.279999732971191,15.299500465393066,15.279999732971191,15.299500465393066,1600.0
2026-08-05 15:30:00,OFIX,,10.604999542236328,10.619999885559082,10.600000381469727,10.600000381469727,1279.0
2026-08-05 15:30:00,OKTA,,147.7899932861328,147.80999755859375,147.7449951171875,147.7449951171875,4686.0
2026-08-05 15:30:00,OLB,,0.30000001192092896,0.30000001192092896,0.30000001192092896,0.30000001192092896,27861.0
2026-08-05 15:30:00,OMCL,,37.27000045776367,37.27000045776367,37.27000045776367,37.27000045776367,476.0
2026-08-05 15:30:00,OMER,,12.739999771118164,12.739999771118164,12.739999771118164,12.739999771118164,826.0
2026-08-05 15:30:00,OMH,,0.11710000038146973,0.11749999970197678,0.11710000038146973,0.11739999800920486,6610.0
2026-08-05 15:30:00,ON,,77.94999694824219,78.12000274658203,77.94499969482422,78.06500244140625,49604.0
2026-08-05 15:30:00,ONB,,26.985000610351562,26.989999771118164,26.985000610351562,26.989999771118164,4798.0
2026-08-05 15:30:00,ONCY,,0.7982000112533569,0.7982000112533569,0.7949000000953674,0.7949000000953674,229.0
2026-08-05 15:30:00,ONDS,,8.880000114440918,8.880000114440918,8.850000381469727,8.864999771118164,410339.0
2026-08-05 15:30:00,ONFO,,0.07599999755620956,0.07599999755620956,0.07599999755620956,0.07599999755620956,8584.0
2026-08-05 15:30:00,OPAL,,2.375,2.375,2.375,2.375,1179.0
2026-08-05 15:30:00,OPCH,,23.46500015258789,23.5,23.454999923706055,23.475000381469727,49111.0
2026-08-05 15:30:00,OPEN,,3.7750000953674316,3.7799999713897705,3.759999990463257,3.765000104904175,218287.0
2026-08-05 15:30:00,OPHC,,8.670000076293945,8.710000038146973,8.670000076293945,8.710000038146973,358.0
2026-08-05 15:30:00,OPK,,1.315000057220459,1.315000057220459,1.309999942779541,1.309999942779541,47954.0
2026-08-05 15:30:00,OPRA,,19.940000534057617,19.940000534057617,19.940000534057617,19.940000534057617,462.0
2026-08-05 15:30:00,OPRT,,6.039999961853027,6.039999961853027,6.039999961853027,6.039999961853027,1212.0
2026-08-05 15:30:00,ORGO,,2.3450000286102295,2.3450000286102295,2.3350000381469727,2.3350000381469727,13052.0
2026-08-05 15:30:00,ORIC,,12.78499984741211,12.850000381469727,12.78499984741211,12.84000015258789,14016.0
2026-08-05 15:30:00,ORLY,,92.94000244140625,93.0,92.94000244140625,92.98999786376953,14907.0
2026-08-05 15:30:00,OSBC,,25.81999969482422,25.81999969482422,25.815000534057617,25.815000534057617,1523.0
2026-08-05 15:30:00,OSIS,,236.50999450683594,236.53500366210938,236.50999450683594,236.53500366210938,398.0
2026-08-05 15:30:00,OSPN,,16.56999969482422,16.610000610351562,16.56999969482422,16.610000610351562,541.0
2026-08-05 15:30:00,OSS,,13.4399995803833,13.470000267028809,13.4399995803833,13.470000267028809,5657.0
2026-08-05 15:30:00,OSUR,,4.135000228881836,4.135000228881836,4.135000228881836,4.135000228881836,280.0
2026-08-05 15:30:00,OSW,,26.450000762939453,26.450000762939453,26.440000534057617,26.440000534057617,2206.0
2026-08-05 15:30:00,OTEX,,25.7450008392334,25.770000457763672,25.7450008392334,25.7549991607666,15684.0
2026-08-05 15:30:00,OTLK,,1.0299999713897705,1.0299999713897705,1.024999976158142,1.0281000137329102,9812.0
2026-08-05 15:30:00,OVID,,2.5999999046325684,2.5999999046325684,2.5950000286102295,2.5950000286102295,2241.0
2026-08-05 15:30:00,OXSQ,,1.5049999952316284,1.5049999952316284,1.5049999952316284,1.5049999952316284,8527.0
2026-08-05 15:30:00,PAA,,23.114999771118164,23.125,23.114999771118164,23.1200008392334,7023.0
2026-08-05 15:30:00,PAAS,,48.415000915527344,48.435001373291016,48.349998474121094,48.35499954223633,23119.0
2026-08-05 15:30:00,PACB,,1.3049999475479126,1.309999942779541,1.2899999618530273,1.2949999570846558,174635.0
2026-08-05 15:30:00,PAGP,,25.079999923706055,25.104999542236328,25.079999923706055,25.100000381469727,3939.0
2026-08-05 15:30:00,PAHC,,35.65999984741211,35.65999984741211,35.65999984741211,35.65999984741211,937.0
2026-08-05 15:30:00,PALI,,2.119999885559082,2.119999885559082,2.119999885559082,2.119999885559082,2465.0
2026-08-05 15:30:00,PANW,,363.5350036621094,364.0082092285156,363.5199890136719,363.67999267578125,9391.0
2026-08-05 15:30:00,PATK,,87.87999725341797,87.94000244140625,87.87999725341797,87.94000244140625,1133.0
2026-08-05 15:30:00,PAX,,11.345000267028809,11.354999542236328,11.345000267028809,11.354999542236328,10391.0
2026-08-05 15:30:00,PAYO,,7.125,7.125,7.119999885559082,7.125,10492.0
2026-08-05 15:30:00,PAYS,,9.170000076293945,9.170000076293945,9.170000076293945,9.170000076293945,460.0
2026-08-05 15:30:00,PAYX,,117.79000091552734,117.83000183105469,117.7249984741211,117.80000305175781,11084.0
2026-08-05 15:30:00,PBYI,,8.045000076293945,8.045000076293945,8.045000076293945,8.045000076293945,257.0
2026-08-05 15:30:00,PCAR,,133.5399932861328,133.57000732421875,133.49000549316406,133.50999450683594,15104.0
2026-08-05 15:30:00,PCRX,,24.8799991607666,24.8799991607666,24.829999923706055,24.84000015258789,9000.0
2026-08-05 15:30:00,PCT,,6.860000133514404,6.880000114440918,6.860000133514404,6.875,16366.0
2026-08-05 15:30:00,PCTY,,146.2949981689453,146.46499633789062,146.2949981689453,146.44000244140625,7576.0
2026-08-05 15:30:00,PDD,,90.81999969482422,90.8499984741211,90.8125,90.8125,8243.0
2026-08-05 15:30:00,PDFS,,50.040000915527344,50.04999923706055,50.02000045776367,50.04999923706055,993.0
2026-08-05 15:30:00,PEBO,,41.650001525878906,41.650001525878906,41.650001525878906,41.650001525878906,442.0
2026-08-05 15:30:00,PECO,,41.40999984741211,41.40999984741211,41.40999984741211,41.40999984741211,493.0
2026-08-05 15:30:00,PEGA,,31.844999313354492,31.844999313354492,31.799999237060547,31.799999237060547,6022.0
2026-08-05 15:30:00,PENN,,19.604999542236328,19.610000610351562,19.56999969482422,19.575000762939453,20811.0
2026-08-05 15:30:00,PEP,,138.45680236816406,138.50999450683594,138.43499755859375,138.44000244140625,11149.0
2026-08-05 15:30:00,PEPG,,1.9880000352859497,1.9880000352859497,1.975000023841858,1.975000023841858,5034.0
2026-08-05 15:30:00,PFG,,114.29000091552734,114.30999755859375,114.26499938964844,114.26499938964844,4328.0
2026-08-05 15:30:00,PFX,,45.22309875488281,45.22309875488281,45.22309875488281,45.22309875488281,4000.0
2026-08-05 15:30:00,PGEN,,6.965000152587891,6.980100154876709,6.960000038146973,6.96999979019165,26068.0
2026-08-05 15:30:00,PGNY,,31.549999237060547,31.549999237060547,31.549999237060547,31.549999237060547,794.0
2026-08-05 15:30:00,PGY,,21.709999084472656,21.729999542236328,21.700000762939453,21.709999084472656,11062.0
2026-08-05 15:30:00,PHAT,,8.34000015258789,8.350000381469727,8.329999923706055,8.350000381469727,6725.0
2026-08-05 15:30:00,PHIO,,1.065000057220459,1.065000057220459,1.065000057220459,1.065000057220459,105.0
2026-08-05 15:30:00,PHUN,,2.1649999618530273,2.1649999618530273,2.1649999618530273,2.1649999618530273,1221.0
2026-08-05 15:30:00,PLAB,,32.209999084472656,32.2599983215332,32.209999084472656,32.2400016784668,7745.0
2026-08-05 15:30:00,PLMR,,134.7449951171875,134.7449951171875,134.60499572753906,134.60499572753906,900.0
2026-08-05 15:30:00,PLSE,,37.78499984741211,37.900001525878906,37.724998474121094,37.724998474121094,2149.0
2026-08-05 15:30:00,PLTK,,3.9049999713897705,3.9049999713897705,3.9049999713897705,3.9049999713897705,1409.0
2026-08-05 15:30:00,PLUG,,2.0790998935699463,2.0799999237060547,2.069999933242798,2.069999933242798,12454.0
2026-08-05 15:30:00,PLXS,,276.05499267578125,276.05499267578125,276.05499267578125,276.05499267578125,271.0
2026-08-05 15:30:00,PMN,,13.210000038146973,13.239999771118164,13.204999923706055,13.204999923706055,1725.0
2026-08-05 15:30:00,PNFP,,107.5199966430664,107.5199966430664,107.47000122070312,107.4800033569336,5229.0
2026-08-05 15:30:00,PNTG,,38.790000915527344,38.814998626708984,38.7599983215332,38.77000045776367,3923.0
2026-08-05 15:30:00,POET,,8.204999923706055,8.21500015258789,8.199999809265137,8.209500312805176,23842.0
2026-08-05 15:30:00,POWI,,62.1150016784668,62.1150016784668,61.90999984741211,62.005001068115234,5060.0
2026-08-05 15:30:00,POWL,,210.22000122070312,210.4250030517578,210.22000122070312,210.33999633789062,985.0
2026-08-05 15:30:00,PPC,,26.395000457763672,26.399999618530273,26.395000457763672,26.399999618530273,1561.0
2026-08-05 15:30:00,PPTA,,22.756200790405273,22.780000686645508,22.730300903320312,22.730300903320312,3030.0
2026-08-05 15:30:00,PRAX,,318.4049987792969,318.6600036621094,318.2799987792969,318.5150146484375,2978.0
2026-08-05 15:30:00,PRCH,,15.859999656677246,15.859999656677246,15.859999656677246,15.859999656677246,1112.0
2026-08-05 15:30:00,PRCT,,19.415000915527344,19.440000534057617,19.309999465942383,19.309999465942383,32168.0
2026-08-05 15:30:00,PRDO,,32.849998474121094,32.849998474121094,32.77000045776367,32.77000045776367,3769.0
2026-08-05 15:30:00,PRE,,18.2549991607666,18.2549991607666,18.2549991607666,18.2549991607666,1051.0
2026-08-05 15:30:00,PRGS,,42.25,42.279998779296875,42.20000076293945,42.20000076293945,2792.0
2026-08-05 15:30:00,PRIM,,84.06999969482422,84.2300033569336,84.05000305175781,84.15499877929688,7286.0
2026-08-05 15:30:00,PRME,,3.0399999618530273,3.0450000762939453,3.0399999618530273,3.0450000762939453,13489.0
2026-08-05 15:30:00,PROF,,7.989999771118164,7.989999771118164,7.989999771118164,7.989999771118164,588.0
2026-08-05 15:30:00,PROK,,1.6449999809265137,1.6449999809265137,1.6449999809265137,1.6449999809265137,1159.0
2026-08-05 15:30:00,PRQR,,1.975000023841858,1.975000023841858,1.975000023841858,1.975000023841858,2475.0
2026-08-05 15:30:00,PRSO,,0.7073000073432922,0.7073000073432922,0.7073000073432922,0.7073000073432922,1260.0
2026-08-05 15:30:00,PRTH,,6.675000190734863,6.679999828338623,6.670000076293945,6.670000076293945,2056.0
2026-08-05 15:30:00,PRVA,,24.0,24.0,23.969999313354492,23.969999313354492,6823.0
2026-08-05 15:30:00,PSEC,,2.190000057220459,2.190000057220459,2.1812000274658203,2.184999942779541,3361.0
2026-08-05 15:30:00,PSNL,,13.539999961853027,13.539999961853027,13.524999618530273,13.524999618530273,2781.0
2026-08-05 15:30:00,PTC,,140.0,140.0500030517578,139.91000366210938,139.91000366210938,5859.0
2026-08-05 15:30:00,PTCT,,68.66999816894531,68.7249984741211,68.66999816894531,68.66999816894531,4403.0
2026-08-05 15:30:00,PTEN,,9.675000190734863,9.678799629211426,9.675000190734863,9.675000190734863,16424.0
2026-08-05 15:30:00,PTLO,,4.630000114440918,4.630000114440918,4.619999885559082,4.619999885559082,2598.0
2026-08-05 15:30:00,PTON,,6.505000114440918,6.505000114440918,6.505000114440918,6.505000114440918,41303.0
2026-08-05 15:30:00,PUBM,,13.550000190734863,13.550000190734863,13.550000190734863,13.550000190734863,913.0
2026-08-05 15:30:00,PWP,,17.440000534057617,17.479999542236328,17.440000534057617,17.479999542236328,7529.0
2026-08-05 15:30:00,PYPL,,57.959999084472656,57.970001220703125,57.939998626708984,57.95000076293945,12072.0
2026-08-05 15:30:00,PYXS,,3.134999990463257,3.134999990463257,3.130000114440918,3.134999990463257,2481.0
2026-08-05 15:30:00,PZZA,,29.8700008392334,29.895000457763672,29.8700008392334,29.895000457763672,4223.0
2026-08-05 15:30:00,QCOM,,159.22000122070312,159.3800048828125,159.0399932861328,159.32000732421875,28952.0
2026-08-05 15:30:00,QCRH,,105.27999877929688,105.27999877929688,105.27999877929688,105.27999877929688,233.0
2026-08-05 15:30:00,QFIN,,13.180000305175781,13.1899995803833,13.180000305175781,13.1850004196167,5046.0
2026-08-05 15:30:00,QRVO,,95.69999694824219,95.83000183105469,95.68000030517578,95.73999786376953,11139.0
2026-08-05 15:30:00,SEED,,1.059999942779541,1.059999942779541,1.0597000122070312,1.059999942779541,550.0
2026-08-05 15:30:00,STIM,,2.4049999713897705,2.4149999618530273,2.4049999713897705,2.4100000858306885,16371.0
2026-08-05 15:30:00,TARA,,3.990000009536743,3.990000009536743,3.990000009536743,3.990000009536743,2682.0
2026-08-05 15:30:00,WOOF,,2.934999942779541,2.934999942779541,2.934999942779541,2.934999942779541,454.0
2026-08-05 15:31:00,ACDC,,4.514999866485596,4.514999866485596,4.505000114440918,4.510000228881836,22959.0
2026-08-05 15:31:00,BPOP,,177.2949981689453,177.2949981689453,177.24000549316406,177.24000549316406,1058.0
2026-08-05 15:31:00,CASH,,89.56500244140625,89.61000061035156,89.54000091552734,89.61000061035156,1694.0
2026-08-05 15:31:00,DTIL,,7.440000057220459,7.440000057220459,7.440000057220459,7.440000057220459,210.0
2026-08-05 15:31:00,EYE,,22.985000610351562,23.024999618530273,22.985000610351562,23.024999618530273,10774.0
2026-08-05 15:31:00,FRST,,16.4950008392334,16.4950008392334,16.489999771118164,16.489999771118164,1494.0
2026-08-05 15:31:00,GLUE,,15.369999885559082,15.385000228881836,15.369999885559082,15.380000114440918,3496.0
2026-08-05 15:31:00,KIDS,,21.665000915527344,21.665000915527344,21.600000381469727,21.600000381469727,1731.0
2026-08-05 15:31:00,LUNG,,2.009999990463257,2.009999990463257,2.009999990463257,2.009999990463257,3884.0
2026-08-05 15:31:00,MDB,,373.625,373.79998779296875,373.0,373.4750061035156,8312.0
2026-08-05 15:31:00,MDLZ,,62.529998779296875,62.540000915527344,62.51499938964844,62.525001525878906,15831.0
2026-08-05 15:31:00,MLTX,,17.530000686645508,17.56999969482422,17.530000686645508,17.56999969482422,2803.0
2026-08-05 15:31:00,MNPR,,118.55000305175781,118.55000305175781,118.55000305175781,118.55000305175781,150.0
2026-08-05 15:31:00,MNRO,,13.140000343322754,13.149999618530273,13.140000343322754,13.149999618530273,4469.0
2026-08-05 15:31:00,MNST,,94.23999786376953,94.29869842529297,94.23500061035156,94.2699966430664,13840.0
2026-08-05 15:31:00,MNTS,,4.230000019073486,4.239999771118164,4.230000019073486,4.239999771118164,1444.0
2026-08-05 15:31:00,MPWR,,1351.8499755859375,1354.6099853515625,1350.8399658203125,1354.60498046875,1377.0
2026-08-05 15:31:00,MRNA,,56.224998474121094,56.31999969482422,56.220001220703125,56.31999969482422,18017.0
2026-08-05 15:31:00,MVBF,,30.670000076293945,30.670000076293945,30.670000076293945,30.670000076293945,691.0
2026-08-05 15:31:00,MYGN,,3.0899999141693115,3.115000009536743,3.0899999141693115,3.0950000286102295,37473.0
2026-08-05 15:31:00,MYRG,,339.2799987792969,339.57501220703125,339.1199951171875,339.1700134277344,1148.0
2026-08-05 15:31:00,NAMS,,27.219999313354492,27.219999313354492,27.190000534057617,27.200000762939453,5719.0
2026-08-05 15:31:00,NAUT,,0.9351000189781189,0.9351000189781189,0.9350000023841858,0.9350000023841858,1126.0
2026-08-05 15:31:00,NAVI,,9.119999885559082,9.119999885559082,9.119999885559082,9.119999885559082,1366.0
2026-08-05 15:31:00,NB,,5.025000095367432,5.036200046539307,5.025000095367432,5.036200046539307,65574.0
2026-08-05 15:31:00,NBIX,,162.6199951171875,162.6199951171875,162.6199951171875,162.6199951171875,275.0
2026-08-05 15:31:00,NBTB,,53.2599983215332,53.2599983215332,53.2599983215332,53.2599983215332,1104.0
2026-08-05 15:31:00,NCMI,,4.085000038146973,4.090000152587891,4.079999923706055,4.090000152587891,2076.0
2026-08-05 15:31:00,NDAQ,,94.6500015258789,94.6500015258789,94.6500015258789,94.6500015258789,1430.0
2026-08-05 15:31:00,NDSN,,310.8399963378906,310.8399963378906,310.8349914550781,310.8349914550781,286.0
2026-08-05 15:31:00,NECB,,27.1200008392334,27.18000030517578,27.1200008392334,27.18000030517578,273.0
2026-08-05 15:31:00,NEGG,,17.375,17.375,17.375,17.375,630.0
2026-08-05 15:31:00,NEO,,15.779999732971191,15.779999732971191,15.760000228881836,15.779999732971191,7916.0
2026-08-05 15:31:00,NEOG,,11.454999923706055,11.460000038146973,11.454999923706055,11.460000038146973,4259.0
2026-08-05 15:31:00,NEON,,0.9049000144004822,0.9049999713897705,0.9049000144004822,0.9049999713897705,923.0
2026-08-05 15:31:00,NEOV,,2.909899950027466,2.9133999347686768,2.909899950027466,2.9133999347686768,2220.0
2026-08-05 15:31:00,NEPH,,3.569999933242798,3.569999933242798,3.569999933242798,3.569999933242798,263.0
2026-08-05 15:31:00,NESR,,28.530000686645508,28.530000686645508,28.520000457763672,28.520000457763672,3506.0
2026-08-05 15:31:00,NEWT,,14.960000038146973,14.970000267028809,14.960000038146973,14.970000267028809,1133.0
2026-08-05 15:31:00,NEXT,,6.440000057220459,6.44189977645874,6.440000057220459,6.440000057220459,4582.0
2026-08-05 15:31:00,NFE,,0.33709999918937683,0.33709999918937683,0.33709999918937683,0.33709999918937683,1506.0
2026-08-05 15:31:00,NFLX,,73.69499969482422,73.7249984741211,73.68000030517578,73.72000122070312,61485.0
2026-08-05 15:31:00,NGNE,,35.65999984741211,35.73500061035156,35.65999984741211,35.73500061035156,684.0
2026-08-05 15:31:00,NHTC,,1.6349999904632568,1.6349999904632568,1.6349999904632568,1.6349999904632568,1227.0
2026-08-05 15:31:00,NICE,,99.52999877929688,99.56999969482422,99.40239715576172,99.40239715576172,3408.0
2026-08-05 15:31:00,NIU,,2.450000047683716,2.450000047683716,2.450000047683716,2.450000047683716,1994.0
2026-08-05 15:31:00,NKTR,,72.76000213623047,72.76000213623047,72.76000213623047,72.76000213623047,1373.0
2026-08-05 15:31:00,NKTX,,2.2049999237060547,2.2049999237060547,2.200000047683716,2.200000047683716,1992.0
2026-08-05 15:31:00,NMFC,,7.360000133514404,7.364999771118164,7.360000133514404,7.364999771118164,9757.0
2026-08-05 15:31:00,NMIH,,44.76499938964844,44.76499938964844,44.76499938964844,44.76499938964844,632.0
2026-08-05 15:31:00,NMRA,,1.6050000190734863,1.6050000190734863,1.6050000190734863,1.6050000190734863,112.0
2026-08-05 15:31:00,NMRK,,15.6850004196167,15.6899995803833,15.6850004196167,15.6899995803833,9475.0
2026-08-05 15:31:00,NN,,14.630000114440918,14.65999984741211,14.630000114440918,14.65999984741211,35395.0
2026-08-05 15:31:00,NNBR,,3.825000047683716,3.8350000381469727,3.825000047683716,3.8350000381469727,2622.0
2026-08-05 15:31:00,NNDM,,1.5549999475479126,1.5549999475479126,1.5499999523162842,1.5499999523162842,1606.0
2026-08-05 15:31:00,NOVT,,154.03500366210938,154.03500366210938,154.00059509277344,154.00059509277344,1741.0
2026-08-05 15:31:00,NPCE,,13.59000015258789,13.59000015258789,13.5600004196167,13.569999694824219,2191.0
2026-08-05 15:31:00,NRC,,19.5,19.5,19.450000762939453,19.450000762939453,760.0
2026-08-05 15:31:00,NRDS,,9.055000305175781,9.0600004196167,9.055000305175781,9.0600004196167,2725.0
2026-08-05 15:31:00,NRIM,,26.969999313354492,26.969999313354492,26.969999313354492,26.969999313354492,952.0
2026-08-05 15:31:00,NRIX,,25.045000076293945,25.05500030517578,25.045000076293945,25.05500030517578,1940.0
2026-08-05 15:31:00,NSSC,,40.2599983215332,40.275001525878906,40.220001220703125,40.275001525878906,778.0
2026-08-05 15:31:00,NTAP,,189.35000610351562,189.52000427246094,189.2899932861328,189.52000427246094,7249.0
2026-08-05 15:31:00,NTCT,,41.720001220703125,41.744998931884766,41.720001220703125,41.744998931884766,1152.0
2026-08-05 15:31:00,NTES,,127.70999908447266,127.70999908447266,127.70999908447266,127.70999908447266,705.0
2026-08-05 15:31:00,NTNX,,61.255001068115234,61.27000045776367,61.20000076293945,61.22999954223633,12011.0
2026-08-05 15:31:00,NTRA,,271.67999267578125,271.69000244140625,271.67999267578125,271.69000244140625,1311.0
2026-08-05 15:31:00,NTRS,,184.63499450683594,184.63499450683594,184.6199951171875,184.6199951171875,2442.0
2026-08-05 15:31:00,NUWE,,1.6390000581741333,1.6399999856948853,1.6301000118255615,1.6399999856948853,19701.0
2026-08-05 15:31:00,NVAX,,7.630000114440918,7.639999866485596,7.625,7.635000228881836,27416.0
2026-08-05 15:31:00,NVCR,,16.110000610351562,16.1200008392334,16.094999313354492,16.1200008392334,6538.0
2026-08-05 15:31:00,NVCT,,19.43000030517578,19.489999771118164,19.43000030517578,19.489999771118164,675.0
2026-08-05 15:31:00,NVDA,,221.50999450683594,221.61000061035156,221.47000122070312,221.61000061035156,284831.0
2026-08-05 15:31:00,NVEC,,130.3300018310547,130.3300018310547,130.3300018310547,130.3300018310547,1203.0
2026-08-05 15:31:00,NVMI,,406.07000732421875,406.2799987792969,406.07000732421875,406.2799987792969,636.0
2026-08-05 15:31:00,NVTS,,12.354999542236328,12.420000076293945,12.350000381469727,12.420000076293945,30613.0
2026-08-05 15:31:00,NWBI,,15.96500015258789,15.96500015258789,15.96500015258789,15.96500015258789,1492.0
2026-08-05 15:31:00,NWE,,69.19999694824219,69.19999694824219,69.13999938964844,69.13999938964844,2391.0
2026-08-05 15:31:00,NWGL,,0.26010000705718994,0.26010000705718994,0.26010000705718994,0.26010000705718994,10557.0
2026-08-05 15:31:00,NWL,,6.15500020980835,6.164999961853027,6.150000095367432,6.164999961853027,41767.0
2026-08-05 15:31:00,NWS,,32.72999954223633,32.7400016784668,32.68000030517578,32.685001373291016,12512.0
2026-08-05 15:31:00,NWSA,,28.985000610351562,29.0,28.850000381469727,28.8700008392334,100785.0
2026-08-05 15:31:00,NXPI,,232.4600067138672,232.97999572753906,232.35000610351562,232.90499877929688,8087.0
2026-08-05 15:31:00,NXST,,189.57000732421875,189.57000732421875,189.57000732421875,189.57000732421875,1744.0
2026-08-05 15:31:00,NXT,,99.56999969482422,99.75,99.56999969482422,99.75,3525.0
2026-08-05 15:31:00,OABI,,2.065000057220459,2.069999933242798,2.065000057220459,2.069999933242798,1524.0
2026-08-05 15:31:00,OBIO,,4.260000228881836,4.260000228881836,4.244999885559082,4.244999885559082,764.0
2026-08-05 15:31:00,OCC,,15.84000015258789,15.84000015258789,15.84000015258789,15.84000015258789,24.0
2026-08-05 15:31:00,OCFC,,19.905000686645508,19.905000686645508,19.905000686645508,19.905000686645508,928.0
2026-08-05 15:31:00,OCGN,,1.274999976158142,1.2799999713897705,1.2699999809265137,1.2699999809265137,15254.0
2026-08-05 15:31:00,OCS,,12.010000228881836,12.010000228881836,12.010000228881836,12.010000228881836,1361.0
2026-08-05 15:31:00,OCSL,,12.050000190734863,12.050000190734863,12.039999961853027,12.039999961853027,4766.0
2026-08-05 15:31:00,OCUL,,8.529999732971191,8.555000305175781,8.529999732971191,8.555000305175781,7792.0
2026-08-05 15:31:00,ODFL,,214.1699981689453,214.25999450683594,214.13999938964844,214.25999450683594,10381.0
2026-08-05 15:31:00,OESX,,14.810199737548828,14.810199737548828,14.80679988861084,14.80679988861084,695.0
2026-08-05 15:31:00,OFIX,,10.604999542236328,10.604999542236328,10.600000381469727,10.604999542236328,694.0
2026-08-05 15:31:00,OKTA,,147.82000732421875,147.87950134277344,147.67999267578125,147.69000244140625,3594.0
2026-08-05 15:31:00,OLLI,,78.18000030517578,78.18000030517578,78.16000366210938,78.16000366210938,2234.0
2026-08-05 15:31:00,OLMA,,11.479999542236328,11.479999542236328,11.470000267028809,11.470000267028809,2271.0
2026-08-05 15:31:00,OM,,5.099999904632568,5.099999904632568,5.099999904632568,5.099999904632568,136.0
2026-08-05 15:31:00,OMCL,,37.20500183105469,37.25,37.19499969482422,37.25,7083.0
2026-08-05 15:31:00,OMER,,12.710000038146973,12.729999542236328,12.710000038146973,12.729999542236328,2424.0
2026-08-05 15:31:00,OMEX,,0.7441999912261963,0.7441999912261963,0.7441999912261963,0.7441999912261963,112.0
2026-08-05 15:31:00,OMH,,0.11710000038146973,0.11710000038146973,0.11710000038146973,0.11710000038146973,1082.0
2026-08-05 15:31:00,ON,,77.81500244140625,78.0199966430664,77.78500366210938,77.94000244140625,37886.0
2026-08-05 15:31:00,ONB,,26.9950008392334,26.9950008392334,26.985000610351562,26.985000610351562,18548.0
2026-08-05 15:31:00,ONCY,,0.7929999828338623,0.7950000166893005,0.7929999828338623,0.7950000166893005,1118.0
2026-08-05 15:31:00,ONDS,,8.885000228881836,8.899999618530273,8.859999656677246,8.875,472551.0
2026-08-05 15:31:00,ONEW,,12.645000457763672,12.645000457763672,12.645000457763672,12.645000457763672,967.0
2026-08-05 15:31:00,ONFO,,0.07580000162124634,0.07599999755620956,0.0754999965429306,0.07580000162124634,74190.0
2026-08-05 15:31:00,OPCH,,23.479999542236328,23.479999542236328,23.44499969482422,23.459999084472656,7476.0
2026-08-05 15:31:00,OPEN,,3.7600998878479004,3.7799999713897705,3.759999990463257,3.779900074005127,100926.0
2026-08-05 15:31:00,OPHC,,8.729999542236328,8.729999542236328,8.729999542236328,8.729999542236328,199.0
2026-08-05 15:31:00,OPK,,1.3250000476837158,1.3250000476837158,1.3200000524520874,1.3200000524520874,53712.0
2026-08-05 15:31:00,OPRX,,6.965000152587891,6.965000152587891,6.960000038146973,6.960000038146973,1291.0
2026-08-05 15:31:00,OPXS,,12.095000267028809,12.095000267028809,12.095000267028809,12.095000267028809,603.0
2026-08-05 15:31:00,ORGO,,2.3499999046325684,2.3499999046325684,2.3450000286102295,2.3450000286102295,1011.0
2026-08-05 15:31:00,ORIC,,12.845000267028809,12.850000381469727,12.800000190734863,12.800000190734863,7458.0
2026-08-05 15:31:00,ORLY,,93.0199966430664,93.04000091552734,92.93499755859375,93.0199966430664,15941.0
2026-08-05 15:31:00,OSBC,,25.81999969482422,25.81999969482422,25.81999969482422,25.81999969482422,280.0
2026-08-05 15:31:00,OSIS,,236.4600067138672,236.4600067138672,236.42999267578125,236.42999267578125,303.0
2026-08-05 15:31:00,OSPN,,16.610000610351562,16.610000610351562,16.565000534057617,16.565000534057617,3697.0
2026-08-05 15:31:00,OSS,,13.404999732971191,13.420000076293945,13.404999732971191,13.420000076293945,1047.0
2026-08-05 15:31:00,OTEX,,25.725000381469727,25.75,25.725000381469727,25.7450008392334,15737.0
2026-08-05 15:31:00,OTLK,,1.0299999713897705,1.0299999713897705,1.024999976158142,1.0299999713897705,1075.0
2026-08-05 15:31:00,OTLY,,14.4399995803833,14.4399995803833,14.4399995803833,14.4399995803833,2110.0
2026-08-05 15:31:00,OTTR,,92.38999938964844,92.38999938964844,92.38999938964844,92.38999938964844,1197.0
2026-08-05 15:31:00,OVID,,2.5999999046325684,2.5999999046325684,2.5950000286102295,2.5999999046325684,1749.0
2026-08-05 15:31:00,OXLC,,9.140999794006348,9.145000457763672,9.135000228881836,9.137999534606934,6762.0
2026-08-05 15:31:00,OXSQ,,1.5049999952316284,1.5049999952316284,1.5049999952316284,1.5049999952316284,459.0
2026-08-05 15:31:00,PAA,,23.114999771118164,23.114999771118164,23.110000610351562,23.110000610351562,11743.0
2026-08-05 15:31:00,PAAS,,48.33000183105469,48.40999984741211,48.33000183105469,48.400001525878906,16621.0
2026-08-05 15:31:00,PACB,,1.3049999475479126,1.309999942779541,1.3049999475479126,1.309999942779541,21759.0
2026-08-05 15:31:00,PAGP,,25.09000015258789,25.09000015258789,25.079999923706055,25.079999923706055,3729.0
2026-08-05 15:31:00,PALI,,2.115000009536743,2.119999885559082,2.109999895095825,2.119999885559082,3955.0
2026-08-05 15:31:00,PANL,,7.281000137329102,7.281000137329102,7.281000137329102,7.281000137329102,1289.0
2026-08-05 15:31:00,PANW,,363.92999267578125,364.1300048828125,363.42999267578125,363.5,7981.0
2026-08-05 15:31:00,PAX,,11.345000267028809,11.345000267028809,11.345000267028809,11.345000267028809,1200.0
2026-08-05 15:31:00,PAYO,,7.125,7.125,7.125,7.125,1297.0
2026-08-05 15:31:00,PAYS,,9.140000343322754,9.15999984741211,9.140000343322754,9.15999984741211,4400.0
2026-08-05 15:31:00,PAYX,,117.80000305175781,117.83000183105469,117.77999877929688,117.80999755859375,5272.0
2026-08-05 15:31:00,PBYI,,8.069999694824219,8.069999694824219,8.045000076293945,8.045000076293945,3351.0
2026-08-05 15:31:00,PCAR,,133.47500610351562,133.55999755859375,133.4499969482422,133.55999755859375,9319.0
2026-08-05 15:31:00,PCRX,,24.84000015258789,24.950000762939453,24.795000076293945,24.90999984741211,7971.0
2026-08-05 15:31:00,PCT,,6.835000038146973,6.864999771118164,6.829999923706055,6.864999771118164,48147.0
2026-08-05 15:31:00,PCTY,,146.2899932861328,146.2899932861328,146.2899932861328,146.2899932861328,2093.0
2026-08-05 15:31:00,PDD,,90.6500015258789,90.80999755859375,90.6500015258789,90.80999755859375,7048.0
2026-08-05 15:31:00,PDFS,,50.0,50.025001525878906,49.97999954223633,50.0,1811.0
2026-08-05 15:31:00,PECO,,41.40999984741211,41.40999984741211,41.40999984741211,41.40999984741211,1263.0
2026-08-05 15:31:00,PEGA,,31.798999786376953,31.829999923706055,31.780000686645508,31.829999923706055,6659.0
2026-08-05 15:31:00,PENN,,19.55500030517578,19.604999542236328,19.549999237060547,19.604999542236328,13753.0
2026-08-05 15:31:00,PEP,,138.47500610351562,138.47999572753906,138.43499755859375,138.46820068359375,6491.0
2026-08-05 15:31:00,PEPG,,1.9850000143051147,1.9850000143051147,1.9850000143051147,1.9850000143051147,607.0
2026-08-05 15:31:00,PERI,,9.600000381469727,9.605500221252441,9.59000015258789,9.605500221252441,7071.0
2026-08-05 15:31:00,PFBC,,106.38999938964844,106.4000015258789,106.38999938964844,106.4000015258789,471.0
2026-08-05 15:31:00,PFG,,114.30000305175781,114.30000305175781,114.26000213623047,114.2750015258789,2108.0
2026-08-05 15:31:00,PFX,,45.980098724365234,45.980098724365234,45.97999954223633,45.97999954223633,4000.0
2026-08-05 15:31:00,PGEN,,6.954999923706055,6.960000038146973,6.945000171661377,6.960000038146973,33024.0
2026-08-05 15:31:00,PGNY,,31.540000915527344,31.540000915527344,31.530000686645508,31.540000915527344,1418.0
2026-08-05 15:31:00,PGY,,21.649999618530273,21.719999313354492,21.6299991607666,21.719999313354492,29018.0
2026-08-05 15:31:00,PHAT,,8.335000038146973,8.335000038146973,8.335000038146973,8.335000038146973,2583.0
2026-08-05 15:31:00,PHIO,,1.059999942779541,1.059999942779541,1.0499999523162842,1.059999942779541,1730.0
2026-08-05 15:31:00,PHUN,,2.1700000762939453,2.1700000762939453,2.1700000762939453,2.1700000762939453,930.0
2026-08-05 15:31:00,PHVS,,33.494998931884766,33.494998931884766,33.494998931884766,33.494998931884766,155.0
2026-08-05 15:31:00,PIII,,10.1850004196167,10.1850004196167,10.1850004196167,10.1850004196167,1533.0
2026-08-05 15:31:00,PLAB,,32.150001525878906,32.18000030517578,32.150001525878906,32.18000030517578,1005.0
2026-08-05 15:31:00,PLMR,,134.7449951171875,134.7449951171875,134.7449951171875,134.7449951171875,3089.0
2026-08-05 15:31:00,PLSE,,37.78499984741211,37.78499984741211,37.70000076293945,37.70000076293945,587.0
2026-08-05 15:31:00,PLTK,,3.9049999713897705,3.9100000858306885,3.9049999713897705,3.9049999713897705,2761.0
2026-08-05 15:31:00,PLUG,,2.069999933242798,2.0799999237060547,2.069999933242798,2.075000047683716,38900.0
2026-08-05 15:31:00,PLXS,,275.2049865722656,275.260009765625,275.2049865722656,275.260009765625,2171.0
2026-08-05 15:31:00,PNFP,,107.5199966430664,107.5199966430664,107.5199966430664,107.5199966430664,808.0
2026-08-05 15:31:00,PODC,,3.4600000381469727,3.4600000381469727,3.4600000381469727,3.4600000381469727,274.0
2026-08-05 15:31:00,POET,,8.1850004196167,8.194999694824219,8.17039966583252,8.194999694824219,30088.0
2026-08-05 15:31:00,POOL,,206.22000122070312,206.22000122070312,205.9499969482422,205.9499969482422,2805.0
2026-08-05 15:31:00,POWI,,61.91999816894531,62.0099983215332,61.91999816894531,62.0099983215332,2701.0
2026-08-05 15:31:00,POWL,,210.11000061035156,210.4149932861328,210.08999633789062,210.19000244140625,2184.0
2026-08-05 15:31:00,PPC,,26.43000030517578,26.43000030517578,26.395000457763672,26.395000457763672,6537.0
2026-08-05 15:31:00,PPTA,,22.684999465942383,22.7450008392334,22.684999465942383,22.7450008392334,3395.0
2026-08-05 15:31:00,PRAA,,17.270000457763672,17.270000457763672,17.270000457763672,17.270000457763672,1906.0
2026-08-05 15:31:00,PRAX,,318.1499938964844,318.4700012207031,318.1499938964844,318.2300109863281,2786.0
2026-08-05 15:31:00,PRCH,,15.829999923706055,15.859999656677246,15.819999694824219,15.859999656677246,5133.0
2026-08-05 15:31:00,PRCT,,19.389999389648438,19.434999465942383,19.364999771118164,19.420000076293945,16931.0
2026-08-05 15:31:00,PRDO,,32.86000061035156,32.86000061035156,32.849998474121094,32.849998474121094,1736.0
2026-08-05 15:31:00,PRGS,,42.20000076293945,42.25,42.20000076293945,42.244998931884766,1676.0
2026-08-05 15:31:00,PRIM,,84.08000183105469,84.25,84.08000183105469,84.16000366210938,7501.0
2026-08-05 15:31:00,PRLD,,4.570000171661377,4.570000171661377,4.570000171661377,4.570000171661377,302.0
2026-08-05 15:31:00,PRME,,3.0350000858306885,3.0350000858306885,3.0350000858306885,3.0350000858306885,630.0
2026-08-05 15:31:00,PROK,,1.6449999809265137,1.6449999809265137,1.6449999809265137,1.6449999809265137,320.0
2026-08-05 15:31:00,PRSO,,0.7073000073432922,0.7073000073432922,0.7073000073432922,0.7073000073432922,0.0
2026-08-05 15:31:00,PRTH,,6.675000190734863,6.679999828338623,6.675000190734863,6.675000190734863,1268.0
2026-08-05 15:31:00,PRVA,,23.989999771118164,24.0,23.989999771118164,23.9950008392334,4962.0
2026-08-05 15:31:00,PSEC,,2.1856000423431396,2.1856000423431396,2.184999942779541,2.184999942779541,2835.0
2026-08-05 15:31:00,PSMT,,186.94000244140625,186.94000244140625,186.72000122070312,186.72000122070312,4711.0
2026-08-05 15:31:00,PSNL,,13.524999618530273,13.539999961853027,13.520000457763672,13.539999961853027,7848.0
2026-08-05 15:31:00,PSNY,,14.229999542236328,14.229999542236328,14.229999542236328,14.229999542236328,147.0
2026-08-05 15:31:00,PTC,,139.83999633789062,139.94000244140625,139.8000030517578,139.94000244140625,2708.0
2026-08-05 15:31:00,PTCT,,68.66500091552734,68.70999908447266,68.66000366210938,68.70999908447266,5294.0
2026-08-05 15:31:00,PTEN,,9.664999961853027,9.670000076293945,9.664999961853027,9.670000076293945,36865.0
2026-08-05 15:31:00,PTLO,,4.620999813079834,4.630000114440918,4.614999771118164,4.630000114440918,8888.0
2026-08-05 15:31:00,PTON,,6.485000133514404,6.5,6.480000019073486,6.5,28342.0
2026-08-05 15:31:00,PUBM,,13.539999961853027,13.539999961853027,13.539999961853027,13.539999961853027,1336.0
2026-08-05 15:31:00,PWP,,17.389999389648438,17.43000030517578,17.389999389648438,17.43000030517578,4376.0
2026-08-05 15:31:00,PYPD,,4.610000133514404,4.610000133514404,4.610000133514404,4.610000133514404,170.0
2026-08-05 15:31:00,PYPL,,57.94499969482422,57.974998474121094,57.92499923706055,57.959999084472656,16585.0
2026-08-05 15:31:00,PYXS,,3.119999885559082,3.130000114440918,3.119999885559082,3.130000114440918,2391.0
2026-08-05 15:31:00,PZZA,,29.81999969482422,29.8700008392334,29.809999465942383,29.8700008392334,6192.0
2026-08-05 15:31:00,QCOM,,158.82009887695312,159.22500610351562,158.82009887695312,159.1649932861328,13733.0
2026-08-05 15:31:00,QFIN,,13.164999961853027,13.175100326538086,13.15999984741211,13.175100326538086,6373.0
2026-08-05 15:31:00,QQQX,,30.2810001373291,30.2810001373291,30.280000686645508,30.280000686645508,763.0
2026-08-05 15:31:00,QRVO,,95.58999633789062,95.68000030517578,95.55999755859375,95.65499877929688,3230.0
2026-08-05 15:31:00,SEED,,1.0499999523162842,1.059999942779541,1.0499999523162842,1.059999942779541,1514.0
2026-08-05 15:31:00,STIM,,2.3949999809265137,2.4000000953674316,2.3949999809265137,2.4000000953674316,9950.0
2026-08-05 15:31:00,TARA,,3.990000009536743,3.990000009536743,3.990000009536743,3.990000009536743,451.0
2026-08-05 15:31:00,WOOF,,2.940000057220459,2.940000057220459,2.940000057220459,2.940000057220459,1661.0
2026-08-05 15:32:00,ACDC,,4.505000114440918,4.514999866485596,4.505000114440918,4.514999866485596,7687.0
2026-08-05 15:32:00,BPRN,,42.189998626708984,42.189998626708984,42.189998626708984,42.189998626708984,1248.0
2026-08-05 15:32:00,CASH,,89.56500244140625,89.56500244140625,89.56500244140625,89.56500244140625,1008.0
2026-08-05 15:32:00,DTIL,,7.414999961853027,7.440000057220459,7.414999961853027,7.440000057220459,3030.0
2026-08-05 15:32:00,EYE,,22.989999771118164,22.989999771118164,22.985000610351562,22.985000610351562,1799.0
2026-08-05 15:32:00,FIZZ,,32.084999084472656,32.09000015258789,32.08000183105469,32.09000015258789,2306.0
2026-08-05 15:32:00,FRST,,16.4950008392334,16.4950008392334,16.4950008392334,16.4950008392334,1364.0
2026-08-05 15:32:00,GLUE,,15.345000267028809,15.364999771118164,15.345000267028809,15.364999771118164,3385.0
2026-08-05 15:32:00,KIDS,,21.71500015258789,21.770000457763672,21.670000076293945,21.670000076293945,1772.0
2026-08-05 15:32:00,KTTA,,0.44999998807907104,0.44999998807907104,0.44999998807907104,0.44999998807907104,1494.0
2026-08-05 15:32:00,MBRX,,0.39309999346733093,0.39500001072883606,0.39309999346733093,0.39500001072883606,1052.0
2026-08-05 15:32:00,MDB,,373.6400146484375,373.6400146484375,373.6400146484375,373.6400146484375,326.0
2026-08-05 15:32:00,MDLZ,,62.525001525878906,62.540000915527344,62.52000045776367,62.525001525878906,16507.0
2026-08-05 15:32:00,MLTX,,17.510000228881836,17.530000686645508,17.510000228881836,17.520000457763672,2998.0
2026-08-05 15:32:00,MNPR,,118.18000030517578,118.23999786376953,118.1500015258789,118.23999786376953,1221.0
2026-08-05 15:32:00,MNRO,,13.149999618530273,13.149999618530273,13.149999618530273,13.149999618530273,1982.0
2026-08-05 15:32:00,MNST,,94.26000213623047,94.27999877929688,94.25,94.25,8903.0
2026-08-05 15:32:00,MNTS,,4.210000038146973,4.230000019073486,4.190000057220459,4.230000019073486,115853.0
2026-08-05 15:32:00,MOVE,,12.29010009765625,12.29010009765625,12.289999961853027,12.29010009765625,837.0
2026-08-05 15:32:00,MPAA,,13.789999961853027,13.789999961853027,13.789999961853027,13.789999961853027,135.0
2026-08-05 15:32:00,MPWR,,1350.2900390625,1351.7850341796875,1350.125,1351.7850341796875,811.0
2026-08-05 15:32:00,MRNA,,56.18000030517578,56.290000915527344,56.150001525878906,56.220001220703125,19427.0
2026-08-05 15:32:00,MYGN,,3.134999990463257,3.134999990463257,3.075000047683716,3.075000047683716,951985.0
2026-08-05 15:32:00,MYPS,,0.7199000120162964,0.7200000286102295,0.7199000120162964,0.7199000120162964,319.0
2026-08-05 15:32:00,NAMS,,27.229999542236328,27.25,27.21500015258789,27.21500015258789,10564.0
2026-08-05 15:32:00,NATR,,20.030000686645508,20.030000686645508,20.030000686645508,20.030000686645508,210.0
2026-08-05 15:32:00,NAUT,,0.9351000189781189,0.9351000189781189,0.9351000189781189,0.9351000189781189,630.0
2026-08-05 15:32:00,NAVI,,9.114999771118164,9.114999771118164,9.114999771118164,9.114999771118164,3118.0
2026-08-05 15:32:00,NB,,5.014999866485596,5.019999980926514,5.010000228881836,5.019999980926514,28825.0
2026-08-05 15:32:00,NBIX,,162.55999755859375,162.64999389648438,162.55999755859375,162.6199951171875,2795.0
2026-08-05 15:32:00,NBTB,,53.255001068115234,53.27000045776367,53.255001068115234,53.27000045776367,1113.0
2026-08-05 15:32:00,NDAQ,,94.61499786376953,94.6449966430664,94.6050033569336,94.62999725341797,2704.0
2026-08-05 15:32:00,NDLS,,18.309999465942383,18.309999465942383,18.100000381469727,18.110000610351562,645.0
2026-08-05 15:32:00,NDSN,,310.7699890136719,310.8399963378906,310.7699890136719,310.7699890136719,355.0
2026-08-05 15:32:00,NECB,,27.18000030517578,27.18000030517578,27.06999969482422,27.125,1287.0
2026-08-05 15:32:00,NEGG,,17.3799991607666,17.459999084472656,17.3799991607666,17.459999084472656,397.0
2026-08-05 15:32:00,NEO,,15.781000137329102,15.789999961853027,15.770000457763672,15.770000457763672,6031.0
2026-08-05 15:32:00,NEOG,,11.46500015258789,11.46500015258789,11.454999923706055,11.460000038146973,12001.0
2026-08-05 15:32:00,NEON,,0.9000999927520752,0.901199996471405,0.9000999927520752,0.901199996471405,994.0
2026-08-05 15:32:00,NEOV,,2.9100000858306885,2.9100000858306885,2.909899950027466,2.9100000858306885,9193.0
2026-08-05 15:32:00,NESR,,28.520000457763672,28.540000915527344,28.520000457763672,28.530000686645508,2701.0
2026-08-05 15:32:00,NEWT,,14.930000305175781,14.949999809265137,14.930000305175781,14.949999809265137,1910.0
2026-08-05 15:32:00,NEXT,,6.434999942779541,6.440000057220459,6.420000076293945,6.440000057220459,15423.0
2026-08-05 15:32:00,NFE,,0.33719998598098755,0.33719998598098755,0.33709999918937683,0.33709999918937683,1331.0
2026-08-05 15:32:00,NFLX,,73.72000122070312,73.7249984741211,73.69499969482422,73.69499969482422,42408.0
2026-08-05 15:32:00,NHTC,,1.600000023841858,1.6200000047683716,1.600000023841858,1.6200000047683716,9088.0
2026-08-05 15:32:00,NICE,,99.52999877929688,99.52999877929688,99.41999816894531,99.4749984741211,4280.0
2026-08-05 15:32:00,NIU,,2.4549999237060547,2.4549999237060547,2.4549999237060547,2.4549999237060547,619.0
2026-08-05 15:32:00,NKTX,,2.2100000381469727,2.2149999141693115,2.200000047683716,2.2049999237060547,16709.0
2026-08-05 15:32:00,NMIH,,44.7599983215332,44.7599983215332,44.7599983215332,44.7599983215332,763.0
2026-08-05 15:32:00,NMRA,,1.6100000143051147,1.6100000143051147,1.6050000190734863,1.6100000143051147,4789.0
2026-08-05 15:32:00,NMRK,,15.694999694824219,15.699999809265137,15.6899995803833,15.6899995803833,6730.0
2026-08-05 15:32:00,NN,,14.6899995803833,14.6899995803833,14.630000114440918,14.630000114440918,8354.0
2026-08-05 15:32:00,NNBR,,3.865000009536743,3.865000009536743,3.825000047683716,3.8299999237060547,63827.0
2026-08-05 15:32:00,NNDM,,1.5549999475479126,1.5549999475479126,1.5549999475479126,1.5549999475479126,1205.0
2026-08-05 15:32:00,NOVT,,153.8699951171875,153.9199981689453,153.72999572753906,153.80999755859375,4164.0
2026-08-05 15:32:00,NRC,,19.549999237060547,19.559999465942383,19.549999237060547,19.549999237060547,1364.0
2026-08-05 15:32:00,NRDS,,9.050000190734863,9.0600004196167,9.050000190734863,9.0600004196167,1313.0
2026-08-05 15:32:00,NRIX,,24.979999542236328,25.040000915527344,24.979999542236328,25.020000457763672,4898.0
2026-08-05 15:32:00,NSSC,,40.31990051269531,40.31990051269531,40.31990051269531,40.31990051269531,1698.0
2026-08-05 15:32:00,NTAP,,189.27999877929688,189.4499969482422,189.27999877929688,189.27999877929688,3338.0
2026-08-05 15:32:00,NTCT,,41.62009811401367,41.724998474121094,41.62009811401367,41.724998474121094,5713.0
2026-08-05 15:32:00,NTES,,127.79000091552734,127.79000091552734,127.70500183105469,127.79000091552734,3131.0
2026-08-05 15:32:00,NTNX,,61.27000045776367,61.279998779296875,61.27000045776367,61.27000045776367,4587.0
2026-08-05 15:32:00,NTRA,,271.8450012207031,271.8999938964844,271.7099914550781,271.8500061035156,8000.0
2026-08-05 15:32:00,NTRS,,184.72500610351562,184.83999633789062,184.63999938964844,184.67999267578125,2289.0
2026-08-05 15:32:00,NUWE,,1.6299999952316284,1.6390000581741333,1.6299999952316284,1.6349999904632568,3313.0
2026-08-05 15:32:00,NVAX,,7.619999885559082,7.635000228881836,7.619999885559082,7.635000228881836,9227.0
2026-08-05 15:32:00,NVCR,,16.079999923706055,16.1200008392334,16.079999923706055,16.100000381469727,22058.0
2026-08-05 15:32:00,NVDA,,221.360107421875,221.52000427246094,221.27999877929688,221.50010681152344,308024.0
2026-08-05 15:32:00,NVNI,,1.0800000429153442,1.0800000429153442,1.0800000429153442,1.0800000429153442,352.0
2026-08-05 15:32:00,NVTS,,12.375,12.375,12.350000381469727,12.354999542236328,22277.0
2026-08-05 15:32:00,NWBI,,15.96500015258789,15.96500015258789,15.96500015258789,15.96500015258789,211.0
2026-08-05 15:32:00,NWE,,69.16000366210938,69.16000366210938,69.16000366210938,69.16000366210938,639.0
2026-08-05 15:32:00,NWGL,,0.26010000705718994,0.26030001044273376,0.26010000705718994,0.26030001044273376,3671.0
2026-08-05 15:32:00,NWL,,6.15500020980835,6.164999961853027,6.150000095367432,6.15500020980835,108172.0
2026-08-05 15:32:00,NWPX,,126.52999877929688,126.52999877929688,126.52999877929688,126.52999877929688,426.0
2026-08-05 15:32:00,NWS,,32.84000015258789,32.84000015258789,32.71099853515625,32.720001220703125,15575.0
2026-08-05 15:32:00,NWSA,,29.020000457763672,29.020000457763672,28.940000534057617,28.985000610351562,49143.0
2026-08-05 15:32:00,NXPI,,232.35000610351562,232.50999450683594,232.25,232.4550018310547,7471.0
2026-08-05 15:32:00,NXT,,99.70500183105469,99.72000122070312,99.55000305175781,99.58000183105469,5566.0
2026-08-05 15:32:00,NXTC,,5.110000133514404,5.110000133514404,5.110000133514404,5.110000133514404,644.0
2026-08-05 15:32:00,OABI,,2.059999942779541,2.059999942779541,2.059999942779541,2.059999942779541,2138.0
2026-08-05 15:32:00,OBIO,,4.244999885559082,4.260000228881836,4.244999885559082,4.244999885559082,536.0
2026-08-05 15:32:00,OCC,,15.84000015258789,15.84000015258789,15.84000015258789,15.84000015258789,111.0
2026-08-05 15:32:00,OCFC,,19.895000457763672,19.915000915527344,19.895000457763672,19.90999984741211,5484.0
2026-08-05 15:32:00,OCGN,,1.274999976158142,1.2798999547958374,1.2699999809265137,1.2699999809265137,15244.0
2026-08-05 15:32:00,OCSL,,12.039999961853027,12.050000190734863,12.039999961853027,12.045000076293945,2794.0
2026-08-05 15:32:00,OCUL,,8.515000343322754,8.520000457763672,8.515000343322754,8.520000457763672,1541.0
2026-08-05 15:32:00,ODD,,15.289999961853027,15.289999961853027,15.289999961853027,15.289999961853027,356.0
2026-08-05 15:32:00,ODFL,,214.47000122070312,214.47000122070312,214.18499755859375,214.18499755859375,5537.0
2026-08-05 15:32:00,OFIX,,10.595000267028809,10.595000267028809,10.595000267028809,10.595000267028809,2102.0
2026-08-05 15:32:00,OFS,,3.5450000762939453,3.5450000762939453,3.5450000762939453,3.5450000762939453,2130.0
2026-08-05 15:32:00,OKTA,,147.97500610351562,148.02000427246094,147.9149932861328,148.0,8475.0
2026-08-05 15:32:00,OLLI,,78.20999908447266,78.20999908447266,78.12999725341797,78.18000030517578,4781.0
2026-08-05 15:32:00,OLMA,,11.475000381469727,11.489999771118164,11.475000381469727,11.489999771118164,2043.0
2026-08-05 15:32:00,OMCL,,37.189998626708984,37.21500015258789,37.189998626708984,37.21500015258789,1431.0
2026-08-05 15:32:00,OMER,,12.6899995803833,12.699999809265137,12.6899995803833,12.6899995803833,5263.0
2026-08-05 15:32:00,OMH,,0.11659999936819077,0.11659999936819077,0.11659999936819077,0.11659999936819077,1121.0
2026-08-05 15:32:00,ON,,77.81999969482422,77.875,77.7699966430664,77.80500030517578,27183.0
2026-08-05 15:32:00,ONB,,26.985000610351562,26.9950008392334,26.980100631713867,26.9950008392334,10126.0
2026-08-05 15:32:00,ONBPO,,24.81999969482422,24.81999969482422,24.81999969482422,24.81999969482422,123.0
2026-08-05 15:32:00,ONCY,,0.7965999841690063,0.7965999841690063,0.7942000031471252,0.7954999804496765,1136.0
2026-08-05 15:32:00,ONDS,,8.895000457763672,8.899999618530273,8.869999885559082,8.890000343322754,456853.0
2026-08-05 15:32:00,ONFO,,0.07559999823570251,0.07599999755620956,0.0754999965429306,0.0754999965429306,108133.0
2026-08-05 15:32:00,OPBK,,15.819999694824219,15.819999694824219,15.800100326538086,15.800100326538086,1394.0
2026-08-05 15:32:00,OPCH,,23.475000381469727,23.489599227905273,23.475000381469727,23.479999542236328,5690.0
2026-08-05 15:32:00,OPEN,,3.759999990463257,3.7699999809265137,3.759999990463257,3.7699999809265137,25682.0
2026-08-05 15:32:00,OPHC,,8.765000343322754,8.765000343322754,8.710000038146973,8.710000038146973,417.0
2026-08-05 15:32:00,OPK,,1.3250000476837158,1.3250000476837158,1.3200000524520874,1.3200000524520874,2039.0
2026-08-05 15:32:00,OPRA,,19.940000534057617,19.940000534057617,19.940000534057617,19.940000534057617,200.0
2026-08-05 15:32:00,OPRT,,6.039999961853027,6.039999961853027,6.039999961853027,6.039999961853027,2568.0
2026-08-05 15:32:00,OPRX,,6.960000038146973,6.960000038146973,6.960000038146973,6.960000038146973,387.0
2026-08-05 15:32:00,ORIC,,12.829999923706055,12.850000381469727,12.829999923706055,12.84000015258789,4734.0
2026-08-05 15:32:00,ORLY,,93.05000305175781,93.08999633789062,93.0250015258789,93.02999877929688,11839.0
2026-08-05 15:32:00,OSBC,,25.809999465942383,25.81999969482422,25.799999237060547,25.81999969482422,3777.0
2026-08-05 15:32:00,OSIS,,236.60499572753906,236.60499572753906,236.60499572753906,236.60499572753906,251.0
2026-08-05 15:32:00,OSPN,,16.59000015258789,16.600000381469727,16.59000015258789,16.600000381469727,1302.0
2026-08-05 15:32:00,OSS,,13.39009952545166,13.425000190734863,13.39009952545166,13.40999984741211,1232.0
2026-08-05 15:32:00,OSW,,26.454999923706055,26.459999084472656,26.454999923706055,26.459999084472656,2758.0
2026-08-05 15:32:00,OTEX,,25.735000610351562,25.735000610351562,25.725000381469727,25.725000381469727,5361.0
2026-08-05 15:32:00,OTLK,,1.0299999713897705,1.0299999713897705,1.0299999713897705,1.0299999713897705,2014.0
2026-08-05 15:32:00,OVID,,2.5850000381469727,2.5999999046325684,2.5850000381469727,2.5999999046325684,24866.0
2026-08-05 15:32:00,PAA,,23.110000610351562,23.114999771118164,23.110000610351562,23.114999771118164,1838.0
2026-08-05 15:32:00,PAAS,,48.345001220703125,48.36000061035156,48.32899856567383,48.34000015258789,13630.0
2026-08-05 15:32:00,PACB,,1.3049999475479126,1.3049999475479126,1.3049999475479126,1.3049999475479126,10608.0
2026-08-05 15:32:00,PAGP,,25.079999923706055,25.084999084472656,25.079999923706055,25.084999084472656,883.0
2026-08-05 15:32:00,PALI,,2.1050000190734863,2.115000009536743,2.1050000190734863,2.115000009536743,22536.0
2026-08-05 15:32:00,PANL,,7.281000137329102,7.281000137329102,7.275000095367432,7.275000095367432,1125.0
2026-08-05 15:32:00,PANW,,364.2200012207031,364.4100036621094,364.0350036621094,364.07000732421875,4807.0
2026-08-05 15:32:00,PATK,,88.12000274658203,88.12000274658203,87.93000030517578,87.93000030517578,4321.0
2026-08-05 15:32:00,PAX,,11.345000267028809,11.345000267028809,11.345000267028809,11.345000267028809,1710.0
2026-08-05 15:32:00,PAYO,,7.125,7.125,7.125,7.125,3240.0
2026-08-05 15:32:00,PAYS,,9.140000343322754,9.140000343322754,9.140000343322754,9.140000343322754,389.0
2026-08-05 15:32:00,PAYX,,117.73500061035156,117.79499816894531,117.73500061035156,117.79000091552734,5949.0
2026-08-05 15:32:00,PBYI,,8.069999694824219,8.069999694824219,8.069999694824219,8.069999694824219,3844.0
2026-08-05 15:32:00,PCAR,,133.52499389648438,133.5399932861328,133.47500610351562,133.47500610351562,11150.0
2026-08-05 15:32:00,PCRX,,24.825000762939453,24.860000610351562,24.825000762939453,24.860000610351562,683.0
2026-08-05 15:32:00,PCT,,6.84499979019165,6.84499979019165,6.829999923706055,6.835000038146973,14493.0
2026-08-05 15:32:00,PCTY,,145.99209594726562,145.99209594726562,145.99209594726562,145.99209594726562,594.0
2026-08-05 15:32:00,PDD,,90.70999908447266,90.72000122070312,90.6500015258789,90.66000366210938,7735.0
2026-08-05 15:32:00,PDFS,,50.005001068115234,50.005001068115234,50.005001068115234,50.005001068115234,287.0
2026-08-05 15:32:00,PEBO,,41.619998931884766,41.630001068115234,41.619998931884766,41.630001068115234,1910.0
2026-08-05 15:32:00,PECO,,41.40999984741211,41.43000030517578,41.40999984741211,41.41999816894531,4006.0
2026-08-05 15:32:00,PEGA,,31.798999786376953,31.809999465942383,31.790000915527344,31.799999237060547,4676.0
2026-08-05 15:32:00,PENN,,19.56999969482422,19.579999923706055,19.55500030517578,19.559999465942383,13054.0
2026-08-05 15:32:00,PEP,,138.46499633789062,138.47169494628906,138.44000244140625,138.47000122070312,7316.0
2026-08-05 15:32:00,PEPG,,1.9800000190734863,1.9867000579833984,1.9800000190734863,1.9867000579833984,4544.0
2026-08-05 15:32:00,PERI,,9.604999542236328,9.604999542236328,9.604999542236328,9.604999542236328,200.0
2026-08-05 15:32:00,PESI,,17.739999771118164,17.739999771118164,17.739999771118164,17.739999771118164,703.0
2026-08-05 15:32:00,PFBC,,106.43000030517578,106.44499969482422,106.43000030517578,106.44000244140625,1041.0
2026-08-05 15:32:00,PFG,,114.32499694824219,114.3499984741211,114.31999969482422,114.31999969482422,3465.0
2026-08-05 15:32:00,PFX,,45.724998474121094,45.724998474121094,45.010101318359375,45.02000045776367,4704.0
2026-08-05 15:32:00,PGEN,,6.920000076293945,6.954999923706055,6.920000076293945,6.954999923706055,14464.0
2026-08-05 15:32:00,PGNY,,31.56999969482422,31.56999969482422,31.549999237060547,31.549999237060547,2348.0
2026-08-05 15:32:00,PGY,,21.655000686645508,21.68000030517578,21.655000686645508,21.65999984741211,3073.0
2026-08-05 15:32:00,PHAT,,8.329999923706055,8.329999923706055,8.329999923706055,8.329999923706055,1382.0
2026-08-05 15:32:00,PHVS,,33.4900016784668,33.4900016784668,33.4900016784668,33.4900016784668,267.0
2026-08-05 15:32:00,PLAB,,32.099998474121094,32.13999938964844,32.099998474121094,32.13999938964844,2427.0
2026-08-05 15:32:00,PLBY,,1.1500999927520752,1.1500999927520752,1.1500999927520752,1.1500999927520752,825.0
2026-08-05 15:32:00,PLPC,,472.8699951171875,472.8699951171875,472.8699951171875,472.8699951171875,303.0
2026-08-05 15:32:00,PLSE,,37.78499984741211,37.78499984741211,37.78499984741211,37.78499984741211,782.0
2026-08-05 15:32:00,PLTK,,3.9149999618530273,3.9149999618530273,3.9049999713897705,3.909899950027466,3426.0
2026-08-05 15:32:00,PLUG,,2.0732998847961426,2.0799999237060547,2.069999933242798,2.075000047683716,20460.0
2026-08-05 15:32:00,PMN,,13.140000343322754,13.140000343322754,13.140000343322754,13.140000343322754,267.0
2026-08-05 15:32:00,PNFP,,107.5250015258789,107.62999725341797,107.5199966430664,107.5250015258789,3561.0
2026-08-05 15:32:00,PNTG,,38.68000030517578,38.75,38.68000030517578,38.75,3975.0
2026-08-05 15:32:00,POET,,8.1899995803833,8.1899995803833,8.180000305175781,8.1850004196167,8220.0
2026-08-05 15:32:00,POWI,,61.939998626708984,61.939998626708984,61.939998626708984,61.939998626708984,496.0
2026-08-05 15:32:00,POWL,,210.2100067138672,210.2100067138672,210.00999450683594,210.00999450683594,1194.0
2026-08-05 15:32:00,PPC,,26.43000030517578,26.43000030517578,26.40999984741211,26.420000076293945,9910.0
2026-08-05 15:32:00,PPIH,,26.049999237060547,26.120100021362305,26.040000915527344,26.049999237060547,4214.0
2026-08-05 15:32:00,PPTA,,22.699899673461914,22.699899673461914,22.674999237060547,22.674999237060547,1074.0
2026-08-05 15:32:00,PRAX,,317.0,317.6099853515625,317.0,317.6099853515625,1231.0
2026-08-05 15:32:00,PRCH,,15.800000190734863,15.819999694824219,15.800000190734863,15.819999694824219,1332.0
2026-08-05 15:32:00,PRCT,,19.4950008392334,19.530000686645508,19.360000610351562,19.389999389648438,33936.0
2026-08-05 15:32:00,PRGS,,42.220001220703125,42.220001220703125,42.20000076293945,42.20000076293945,1308.0
2026-08-05 15:32:00,PRIM,,83.9000015258789,84.04000091552734,83.80000305175781,84.04000091552734,4772.0
2026-08-05 15:32:00,PRLD,,4.559999942779541,4.559999942779541,4.559999942779541,4.559999942779541,1176.0
2026-08-05 15:32:00,PRME,,3.0299999713897705,3.0350000858306885,3.0299999713897705,3.0350000858306885,5102.0
2026-08-05 15:32:00,PROK,,1.6349999904632568,1.6399999856948853,1.6349999904632568,1.6399999856948853,14399.0
2026-08-05 15:32:00,PRQR,,1.975000023841858,1.975000023841858,1.975000023841858,1.975000023841858,224.0
2026-08-05 15:32:00,PRSO,,0.7084000110626221,0.7084000110626221,0.7084000110626221,0.7084000110626221,0.0
2026-08-05 15:32:00,PRTA,,8.420000076293945,8.430000305175781,8.420000076293945,8.430000305175781,1905.0
2026-08-05 15:32:00,PRVA,,23.979999542236328,23.979999542236328,23.979999542236328,23.979999542236328,957.0
2026-08-05 15:32:00,PRZO,,0.559499979019165,0.5600000023841858,0.559499979019165,0.5600000023841858,1200.0
2026-08-05 15:32:00,PSEC,,2.184999942779541,2.1898999214172363,2.184999942779541,2.1898999214172363,18874.0
2026-08-05 15:32:00,PSNL,,13.520000457763672,13.539999961853027,13.510000228881836,13.529999732971191,20902.0
2026-08-05 15:32:00,PSNY,,14.15999984741211,14.15999984741211,14.15999984741211,14.15999984741211,267.0
2026-08-05 15:32:00,PTC,,139.61000061035156,139.9199981689453,139.61000061035156,139.9199981689453,6367.0
2026-08-05 15:32:00,PTCT,,68.6500015258789,68.70999908447266,68.6500015258789,68.69000244140625,6201.0
2026-08-05 15:32:00,PTEN,,9.649999618530273,9.664999961853027,9.649999618530273,9.65999984741211,23089.0
2026-08-05 15:32:00,PTGX,,135.89999389648438,135.89999389648438,135.89999389648438,135.89999389648438,934.0
2026-08-05 15:32:00,PTLO,,4.630000114440918,4.630000114440918,4.625,4.625,5143.0
2026-08-05 15:32:00,PTON,,6.494999885559082,6.499000072479248,6.485000133514404,6.485000133514404,18721.0
2026-08-05 15:32:00,PUBM,,13.539999961853027,13.539999961853027,13.539999961853027,13.539999961853027,1517.0
2026-08-05 15:32:00,PWP,,17.420000076293945,17.43000030517578,17.3799991607666,17.389999389648438,6150.0
2026-08-05 15:32:00,PYPD,,4.630000114440918,4.630000114440918,4.630000114440918,4.630000114440918,429.0
2026-08-05 15:32:00,PYPL,,57.95500183105469,57.96500015258789,57.939998626708984,57.95000076293945,16566.0
2026-08-05 15:32:00,PYXS,,3.115000009536743,3.119999885559082,3.115000009536743,3.119999885559082,16768.0
2026-08-05 15:32:00,PZZA,,29.825000762939453,29.850000381469727,29.799999237060547,29.81049919128418,5821.0
2026-08-05 15:32:00,QCOM,,158.75,158.83999633789062,158.6999969482422,158.80999755859375,6630.0
2026-08-05 15:32:00,QCRH,,105.08000183105469,105.22000122070312,105.08000183105469,105.22000122070312,949.0
2026-08-05 15:32:00,QFIN,,13.164999961853027,13.170000076293945,13.164999961853027,13.170000076293945,1610.0
2026-08-05 15:32:00,QRVO,,95.58499908447266,95.58999633789062,95.58499908447266,95.58999633789062,1563.0
2026-08-05 15:32:00,SEED,,1.059999942779541,1.059999942779541,1.059999942779541,1.059999942779541,343.0
2026-08-05 15:32:00,STIM,,2.3940999507904053,2.3940999507904053,2.3940999507904053,2.3940999507904053,689.0
2026-08-05 15:32:00,WOOF,,2.940000057220459,2.940000057220459,2.940000057220459,2.940000057220459,2010.0
2026-08-05 15:33:00,ACDC,,4.505000114440918,4.510000228881836,4.505000114440918,4.505000114440918,2906.0
2026-08-05 15:33:00,BPOP,,177.19000244140625,177.22999572753906,177.19000244140625,177.22999572753906,2597.0
2026-08-05 15:33:00,BPRN,,42.189998626708984,42.189998626708984,42.189998626708984,42.189998626708984,397.0
2026-08-05 15:33:00,CASH,,89.45999908447266,89.55999755859375,89.45999908447266,89.55999755859375,1327.0
2026-08-05 15:33:00,CNXN,,85.94000244140625,85.97000122070312,85.94000244140625,85.97000122070312,1104.0
2026-08-05 15:33:00,EYE,,22.989999771118164,22.9950008392334,22.985000610351562,22.9950008392334,4480.0
2026-08-05 15:33:00,FRST,,16.4950008392334,16.4950008392334,16.4950008392334,16.4950008392334,1597.0
2026-08-05 15:33:00,GLUE,,15.329999923706055,15.350000381469727,15.329999923706055,15.350000381469727,3324.0
2026-08-05 15:33:00,MBRX,,0.3930000066757202,0.39320001006126404,0.3930000066757202,0.39320001006126404,11225.0
2026-08-05 15:33:00,MCRI,,121.8499984741211,121.8499984741211,121.8499984741211,121.8499984741211,200.0
2026-08-05 15:33:00,MDB,,373.6000061035156,373.8713073730469,373.6000061035156,373.79998779296875,1297.0
2026-08-05 15:33:00,MDLZ,,62.540000915527344,62.540000915527344,62.51499938964844,62.525001525878906,14291.0
2026-08-05 15:33:00,MLTX,,17.51799964904785,17.51799964904785,17.51799964904785,17.51799964904785,1747.0
2026-08-05 15:33:00,MNST,,94.27999877929688,94.29000091552734,94.2750015258789,94.2750015258789,5336.0
2026-08-05 15:33:00,MNTS,,4.199999809265137,4.21999979019165,4.198599815368652,4.21999979019165,55084.0
2026-08-05 15:33:00,MORN,,198.10499572753906,198.10499572753906,198.10499572753906,198.10499572753906,587.0
2026-08-05 15:33:00,MPWR,,1348.239990234375,1348.969970703125,1346.22998046875,1348.969970703125,795.0
2026-08-05 15:33:00,MRNA,,56.16999816894531,56.18000030517578,56.119998931884766,56.15999984741211,9180.0
2026-08-05 15:33:00,MYGN,,3.125,3.130000114440918,3.119999885559082,3.130000114440918,9291.0
2026-08-05 15:33:00,MYRG,,339.3399963378906,339.3399963378906,339.3399963378906,339.3399963378906,313.0
2026-08-05 15:33:00,NAMS,,27.239999771118164,27.239999771118164,27.219999313354492,27.219999313354492,4929.0
2026-08-05 15:33:00,NATR,,20.010000228881836,20.049999237060547,19.979999542236328,20.049999237060547,5163.0
2026-08-05 15:33:00,NAUT,,0.9379000067710876,0.9379000067710876,0.9351000189781189,0.9351000189781189,1343.0
2026-08-05 15:33:00,NAVI,,9.109999656677246,9.114999771118164,9.109999656677246,9.114999771118164,3735.0
2026-08-05 15:33:00,NB,,5.025000095367432,5.025000095367432,5.019999980926514,5.019999980926514,4664.0
2026-08-05 15:33:00,NBIX,,162.6699981689453,162.67999267578125,162.56500244140625,162.64999389648438,4642.0
2026-08-05 15:33:00,NBTB,,53.27000045776367,53.27000045776367,53.255001068115234,53.255001068115234,1105.0
2026-08-05 15:33:00,NCRA,,1.809999942779541,1.809999942779541,1.8008999824523926,1.8008999824523926,423.0
2026-08-05 15:33:00,NCSM,,47.03499984741211,47.03499984741211,47.03499984741211,47.03499984741211,254.0
2026-08-05 15:33:00,NDAQ,,94.6050033569336,94.6050033569336,94.58499908447266,94.5999984741211,5165.0
2026-08-05 15:33:00,NDSN,,310.7300109863281,310.8450012207031,310.7300109863281,310.8450012207031,604.0
2026-08-05 15:33:00,NECB,,27.125,27.125,27.125,27.125,261.0
2026-08-05 15:33:00,NEGG,,17.450000762939453,17.450000762939453,17.450000762939453,17.450000762939453,205.0
2026-08-05 15:33:00,NEO,,15.774999618530273,15.789999961853027,15.765000343322754,15.779999732971191,8232.0
2026-08-05 15:33:00,NEOG,,11.46500015258789,11.470000267028809,11.46500015258789,11.46500015258789,3813.0
2026-08-05 15:33:00,NEOV,,2.915800094604492,2.9196999073028564,2.9100000858306885,2.9196999073028564,4034.0
2026-08-05 15:33:00,NESR,,28.5,28.530000686645508,28.5,28.530000686645508,2993.0
2026-08-05 15:33:00,NEWT,,14.930000305175781,14.930000305175781,14.930000305175781,14.930000305175781,451.0
2026-08-05 15:33:00,NFLX,,73.70999908447266,73.752197265625,73.70999908447266,73.7249984741211,90708.0
2026-08-05 15:33:00,NGNE,,35.56999969482422,35.599998474121094,35.56999969482422,35.599998474121094,1616.0
2026-08-05 15:33:00,NICE,,99.69000244140625,99.69000244140625,99.69000244140625,99.69000244140625,731.0
2026-08-05 15:33:00,NIU,,2.450000047683716,2.450000047683716,2.450000047683716,2.450000047683716,217.0
2026-08-05 15:33:00,NKTR,,72.72000122070312,72.72000122070312,72.72000122070312,72.72000122070312,200.0
2026-08-05 15:33:00,NKTX,,2.2149999141693115,2.2149999141693115,2.2149999141693115,2.2149999141693115,171.0
2026-08-05 15:33:00,NMFC,,7.350200176239014,7.350200176239014,7.350200176239014,7.350200176239014,1794.0
2026-08-05 15:33:00,NMRK,,15.675000190734863,15.6899995803833,15.675000190734863,15.6899995803833,4470.0
2026-08-05 15:33:00,NN,,14.6899995803833,14.75,14.6899995803833,14.699999809265137,23140.0
2026-08-05 15:33:00,NNBR,,3.869999885559082,3.869999885559082,3.869999885559082,3.869999885559082,228.0
2026-08-05 15:33:00,NNDM,,1.5549999475479126,1.5549999475479126,1.5549999475479126,1.5549999475479126,935.0
2026-08-05 15:33:00,NRDS,,9.055000305175781,9.055000305175781,9.055000305175781,9.055000305175781,1231.0
2026-08-05 15:33:00,NRIX,,24.989999771118164,24.9950008392334,24.969999313354492,24.9950008392334,4566.0
2026-08-05 15:33:00,NTAP,,188.97000122070312,189.3000030517578,188.92999267578125,189.2899932861328,14179.0
2026-08-05 15:33:00,NTCT,,41.6150016784668,41.6150016784668,41.6150016784668,41.6150016784668,778.0
2026-08-05 15:33:00,NTNX,,61.2599983215332,61.27000045776367,61.2599983215332,61.27000045776367,3445.0
2026-08-05 15:33:00,NTRS,,184.6300048828125,184.6999969482422,184.6199951171875,184.6999969482422,2123.0
2026-08-05 15:33:00,NUWE,,1.6390000581741333,1.6390000581741333,1.6349999904632568,1.6349999904632568,531.0
2026-08-05 15:33:00,NVAX,,7.619999885559082,7.619999885559082,7.614999771118164,7.614999771118164,2823.0
2026-08-05 15:33:00,NVCR,,16.114999771118164,16.114999771118164,16.079999923706055,16.079999923706055,2078.0
2026-08-05 15:33:00,NVCT,,19.5,19.5,19.43000030517578,19.43000030517578,409.0
2026-08-05 15:33:00,NVDA,,221.1699981689453,221.3699951171875,220.97999572753906,221.3699951171875,359863.0
2026-08-05 15:33:00,NVEC,,129.50999450683594,129.50999450683594,129.50999450683594,129.50999450683594,510.0
2026-08-05 15:33:00,NVMI,,405.07501220703125,405.9599914550781,405.07501220703125,405.9599914550781,1066.0
2026-08-05 15:33:00,NVTS,,12.364999771118164,12.375,12.350000381469727,12.375,20078.0
2026-08-05 15:33:00,NVX,,0.40139999985694885,0.40139999985694885,0.40139999985694885,0.40139999985694885,100.0
2026-08-05 15:33:00,NWBI,,15.954999923706055,15.96500015258789,15.954999923706055,15.96500015258789,8519.0
2026-08-05 15:33:00,NWL,,6.175000190734863,6.184999942779541,6.15500020980835,6.15500020980835,64531.0
2026-08-05 15:33:00,NWPX,,126.19000244140625,126.31999969482422,126.19000244140625,126.31999969482422,1216.0
2026-08-05 15:33:00,NWS,,32.91999816894531,32.91999816894531,32.849998474121094,32.849998474121094,9877.0
2026-08-05 15:33:00,NWSA,,29.06999969482422,29.084999084472656,29.024999618530273,29.024999618530273,43747.0
2026-08-05 15:33:00,NXL,,0.35600000619888306,0.35600000619888306,0.35600000619888306,0.35600000619888306,3528.0
2026-08-05 15:33:00,NXPI,,232.38499450683594,232.39999389648438,232.1750030517578,232.27000427246094,13929.0
2026-08-05 15:33:00,NXT,,99.55000305175781,99.70999908447266,99.45500183105469,99.68000030517578,11233.0
2026-08-05 15:33:00,OBIO,,4.25,4.25,4.230000019073486,4.230000019073486,419.0
2026-08-05 15:33:00,OCC,,15.815600395202637,15.815600395202637,15.805000305175781,15.805000305175781,646.0
2026-08-05 15:33:00,OCFC,,19.895000457763672,19.895000457763672,19.895000457763672,19.895000457763672,1435.0
2026-08-05 15:33:00,OCGN,,1.2699999809265137,1.2798999547958374,1.2699999809265137,1.2699999809265137,9363.0
2026-08-05 15:33:00,OCS,,12.010000228881836,12.010000228881836,12.010000228881836,12.010000228881836,1409.0
2026-08-05 15:33:00,OCSL,,12.024999618530273,12.03499984741211,12.024999618530273,12.03499984741211,2219.0
2026-08-05 15:33:00,OCUL,,8.520000457763672,8.520000457763672,8.515000343322754,8.515000343322754,7274.0
2026-08-05 15:33:00,ODD,,15.305000305175781,15.3100004196167,15.289999961853027,15.289999961853027,2813.0
2026-08-05 15:33:00,ODFL,,214.58999633789062,214.60000610351562,214.5,214.55999755859375,2775.0
2026-08-05 15:33:00,OESX,,14.720100402832031,14.720100402832031,14.720100402832031,14.720100402832031,232.0
2026-08-05 15:33:00,OFIX,,10.574999809265137,10.585000038146973,10.574999809265137,10.585000038146973,3632.0
2026-08-05 15:33:00,OFS,,3.5899999141693115,3.5899999141693115,3.549999952316284,3.559999942779541,2653.0
2026-08-05 15:33:00,OKTA,,147.9199981689453,147.9199981689453,147.88499450683594,147.88499450683594,1675.0
2026-08-05 15:33:00,OLLI,,78.33999633789062,78.33999633789062,78.2300033569336,78.33999633789062,6132.0
2026-08-05 15:33:00,OLMA,,11.479999542236328,11.479999542236328,11.479999542236328,11.479999542236328,1050.0
2026-08-05 15:33:00,OMCL,,37.224998474121094,37.224998474121094,37.224998474121094,37.224998474121094,350.0
2026-08-05 15:33:00,OMER,,12.6899995803833,12.6899995803833,12.6899995803833,12.6899995803833,2035.0
2026-08-05 15:33:00,OMH,,0.11749999970197678,0.11749999970197678,0.11649999767541885,0.11749999970197678,19339.0
2026-08-05 15:33:00,ON,,77.86000061035156,77.86000061035156,77.75,77.79000091552734,43598.0
2026-08-05 15:33:00,ONB,,26.975000381469727,26.985000610351562,26.975000381469727,26.981000900268555,5084.0
2026-08-05 15:33:00,ONCY,,0.7967000007629395,0.7967000007629395,0.7967000007629395,0.7967000007629395,200.0
2026-08-05 15:33:00,ONDS,,8.885000228881836,8.899999618530273,8.869999885559082,8.89009952545166,521087.0
2026-08-05 15:33:00,ONFO,,0.07720000296831131,0.07720000296831131,0.0754999965429306,0.07639999687671661,19225.0
2026-08-05 15:33:00,ONMD,,0.6453999876976013,0.6453999876976013,0.6377000212669373,0.6377000212669373,2210.0
2026-08-05 15:33:00,OPBK,,15.789999961853027,15.800000190734863,15.789999961853027,15.800000190734863,1432.0
2026-08-05 15:33:00,OPCH,,23.479999542236328,23.479999542236328,23.475000381469727,23.479999542236328,1149.0
2026-08-05 15:33:00,OPEN,,3.755000114440918,3.7699999809265137,3.7535998821258545,3.759999990463257,116170.0
2026-08-05 15:33:00,OPHC,,8.75,8.75,8.75,8.75,201.0
2026-08-05 15:33:00,OPI,,19.06999969482422,19.06999969482422,18.950000762939453,18.950000762939453,894.0
2026-08-05 15:33:00,OPK,,1.3200000524520874,1.3250000476837158,1.3200000524520874,1.3200000524520874,4405.0
2026-08-05 15:33:00,OPRA,,19.940000534057617,19.940000534057617,19.940000534057617,19.940000534057617,672.0
2026-08-05 15:33:00,OPRT,,6.03000020980835,6.03000020980835,6.03000020980835,6.03000020980835,346.0
2026-08-05 15:33:00,ORGO,,2.3450000286102295,2.3450000286102295,2.3450000286102295,2.3450000286102295,435.0
2026-08-05 15:33:00,ORIC,,12.850000381469727,12.850000381469727,12.819999694824219,12.829999923706055,3638.0
2026-08-05 15:33:00,ORLY,,93.05999755859375,93.08999633789062,93.05000305175781,93.05000305175781,11184.0
2026-08-05 15:33:00,ORMP,,4.34499979019165,4.34499979019165,4.34499979019165,4.34499979019165,283.0
2026-08-05 15:33:00,OSBC,,25.799999237060547,25.799999237060547,25.799999237060547,25.799999237060547,440.0
2026-08-05 15:33:00,OSIS,,236.60499572753906,236.60499572753906,236.60499572753906,236.60499572753906,120.0
2026-08-05 15:33:00,OSPN,,16.579999923706055,16.579999923706055,16.579999923706055,16.579999923706055,1417.0
2026-08-05 15:33:00,OSS,,13.40999984741211,13.420000076293945,13.380000114440918,13.390199661254883,7788.0
2026-08-05 15:33:00,OSUR,,4.135000228881836,4.135000228881836,4.135000228881836,4.135000228881836,264.0
2026-08-05 15:33:00,OTEX,,25.735000610351562,25.735000610351562,25.71500015258789,25.729999542236328,8685.0
2026-08-05 15:33:00,OTLK,,1.0199999809265137,1.0299999713897705,1.0199999809265137,1.024999976158142,7999.0
2026-08-05 15:33:00,OTTR,,92.30999755859375,92.30999755859375,92.30999755859375,92.30999755859375,2633.0
2026-08-05 15:33:00,OVID,,2.5850000381469727,2.5850000381469727,2.5850000381469727,2.5850000381469727,1522.0
2026-08-05 15:33:00,OXLC,,9.145000457763672,9.145000457763672,9.145000457763672,9.145000457763672,608.0
2026-08-05 15:33:00,OXSQ,,1.5049999952316284,1.5049999952316284,1.5049999952316284,1.5049999952316284,1417.0
2026-08-05 15:33:00,PAA,,23.094999313354492,23.104999542236328,23.090099334716797,23.104999542236328,5657.0
2026-08-05 15:33:00,PAAS,,48.33000183105469,48.349998474121094,48.27000045776367,48.349998474121094,13936.0
2026-08-05 15:33:00,PACB,,1.309999942779541,1.309999942779541,1.2999999523162842,1.3005000352859497,10345.0
2026-08-05 15:33:00,PAGP,,25.06999969482422,25.079999923706055,25.06999969482422,25.079999923706055,5015.0
2026-08-05 15:33:00,PALI,,2.1050000190734863,2.1050000190734863,2.1050000190734863,2.1050000190734863,1623.0
2026-08-05 15:33:00,PANL,,7.284999847412109,7.284999847412109,7.28000020980835,7.284999847412109,435.0
2026-08-05 15:33:00,PANW,,364.3699951171875,364.3699951171875,364.0799865722656,364.1449890136719,6277.0
2026-08-05 15:33:00,PATK,,88.05000305175781,88.05000305175781,88.01000213623047,88.04000091552734,1503.0
2026-08-05 15:33:00,PAX,,11.329999923706055,11.345000267028809,11.329999923706055,11.34000015258789,3892.0
2026-08-05 15:33:00,PAYO,,7.125,7.125,7.119999885559082,7.125,3019.0
2026-08-05 15:33:00,PAYS,,9.130000114440918,9.130000114440918,9.130000114440918,9.130000114440918,865.0
2026-08-05 15:33:00,PAYX,,117.75,117.75,117.70999908447266,117.73999786376953,6877.0
2026-08-05 15:33:00,PCAR,,133.4499969482422,133.55999755859375,133.4499969482422,133.52000427246094,9358.0
2026-08-05 15:33:00,PCRX,,24.809999465942383,24.875,24.799999237060547,24.799999237060547,7289.0
2026-08-05 15:33:00,PCT,,6.835000038146973,6.84499979019165,6.829999923706055,6.84499979019165,35226.0
2026-08-05 15:33:00,PCTY,,146.24000549316406,146.27499389648438,145.97000122070312,146.17999267578125,11632.0
2026-08-05 15:33:00,PDD,,90.69999694824219,90.7300033569336,90.69999694824219,90.7249984741211,5145.0
2026-08-05 15:33:00,PDFS,,49.90999984741211,50.0,49.83000183105469,50.0,7837.0
2026-08-05 15:33:00,PECO,,41.400001525878906,41.400001525878906,41.400001525878906,41.400001525878906,292.0
2026-08-05 15:33:00,PEGA,,31.798999786376953,31.798999786376953,31.790000915527344,31.790000915527344,1508.0
2026-08-05 15:33:00,PENN,,19.579999923706055,19.579999923706055,19.559999465942383,19.559999465942383,6635.0
2026-08-05 15:33:00,PEP,,138.50999450683594,138.5399932861328,138.4600067138672,138.47500610351562,10764.0
2026-08-05 15:33:00,PERI,,9.604999542236328,9.604999542236328,9.604999542236328,9.604999542236328,898.0
2026-08-05 15:33:00,PESI,,17.65999984741211,17.68000030517578,17.65999984741211,17.68000030517578,873.0
2026-08-05 15:33:00,PFBC,,106.41999816894531,106.43000030517578,106.41999816894531,106.43000030517578,1103.0
2026-08-05 15:33:00,PFG,,114.25,114.30999755859375,114.25,114.30999755859375,2719.0
2026-08-05 15:33:00,PFX,,44.500099182128906,44.54999923706055,44.5,44.54999923706055,1602.0
2026-08-05 15:33:00,PGEN,,6.940000057220459,6.945000171661377,6.920000076293945,6.920000076293945,20741.0
2026-08-05 15:33:00,PGY,,21.625,21.639999389648438,21.6200008392334,21.639999389648438,2643.0
2026-08-05 15:33:00,PHAT,,8.329999923706055,8.329999923706055,8.329999923706055,8.329999923706055,1687.0
2026-08-05 15:33:00,PKOH,,41.15999984741211,41.15999984741211,41.15999984741211,41.15999984741211,873.0
2026-08-05 15:33:00,PLAB,,32.099998474121094,32.11000061035156,32.08399963378906,32.09000015258789,4169.0
2026-08-05 15:33:00,PLPC,,471.2650146484375,471.69000244140625,471.2650146484375,471.69000244140625,866.0
2026-08-05 15:33:00,PLSE,,37.78499984741211,37.78499984741211,37.78499984741211,37.78499984741211,887.0
2026-08-05 15:33:00,PLTK,,3.9100000858306885,3.9100000858306885,3.9049999713897705,3.9100000858306885,5139.0
2026-08-05 15:33:00,PLUG,,2.075000047683716,2.0799999237060547,2.069999933242798,2.075000047683716,55621.0
2026-08-05 15:33:00,PLXS,,275.07000732421875,275.07000732421875,275.07000732421875,275.07000732421875,2444.0
2026-08-05 15:33:00,PNFP,,107.47000122070312,107.5250015258789,107.47000122070312,107.5250015258789,3385.0
2026-08-05 15:33:00,PNTG,,38.709999084472656,38.709999084472656,38.709999084472656,38.709999084472656,2196.0
2026-08-05 15:33:00,POCI,,4.25,4.25,4.25,4.25,200.0
2026-08-05 15:33:00,POET,,8.1899995803833,8.1899995803833,8.170000076293945,8.1850004196167,17139.0
2026-08-05 15:33:00,POOL,,206.14999389648438,206.47999572753906,206.14999389648438,206.38999938964844,1069.0
2026-08-05 15:33:00,POWI,,61.875,61.93000030517578,61.84000015258789,61.88999938964844,5574.0
2026-08-05 15:33:00,POWL,,210.08999633789062,210.3800048828125,210.0,210.1999969482422,3626.0
2026-08-05 15:33:00,PPC,,26.43000030517578,26.43000030517578,26.420000076293945,26.420000076293945,1351.0
2026-08-05 15:33:00,PPTA,,22.670000076293945,22.690000534057617,22.670000076293945,22.690000534057617,1666.0
2026-08-05 15:33:00,PRAX,,317.0799865722656,317.4150085449219,317.0450134277344,317.0450134277344,632.0
2026-08-05 15:33:00,PRCH,,15.779999732971191,15.800000190734863,15.779999732971191,15.800000190734863,2754.0
2026-08-05 15:33:00,PRCT,,19.5049991607666,19.520000457763672,19.469999313354492,19.4950008392334,4603.0
2026-08-05 15:33:00,PRDO,,32.845001220703125,32.869998931884766,32.845001220703125,32.869998931884766,3176.0
2026-08-05 15:33:00,PRE,,18.25,18.25,18.25,18.25,2148.0
2026-08-05 15:33:00,PRGS,,42.209999084472656,42.209999084472656,42.209999084472656,42.209999084472656,1006.0
2026-08-05 15:33:00,PRIM,,83.8499984741211,83.9800033569336,83.68000030517578,83.9800033569336,8908.0
2026-08-05 15:33:00,PRLD,,4.520500183105469,4.539999961853027,4.520500183105469,4.539999961853027,1649.0
2026-08-05 15:33:00,PRME,,3.0299999713897705,3.030100107192993,3.0299999713897705,3.030100107192993,1588.0
2026-08-05 15:33:00,PROK,,1.6349999904632568,1.6349999904632568,1.6349999904632568,1.6349999904632568,2286.0
2026-08-05 15:33:00,PROV,,18.049999237060547,18.049999237060547,18.049999237060547,18.049999237060547,473.0
2026-08-05 15:33:00,PRQR,,1.9600000381469727,1.9700000286102295,1.9600000381469727,1.9700000286102295,15431.0
2026-08-05 15:33:00,PRTA,,8.414999961853027,8.420000076293945,8.414999961853027,8.420000076293945,1082.0
2026-08-05 15:33:00,PRVA,,24.0,24.0,23.989999771118164,23.989999771118164,4627.0
2026-08-05 15:33:00,PRZO,,0.559499979019165,0.559499979019165,0.559499979019165,0.559499979019165,926.0
2026-08-05 15:33:00,PSEC,,2.184999942779541,2.186000108718872,2.184999942779541,2.184999942779541,3935.0
2026-08-05 15:33:00,PSNL,,13.524999618530273,13.529999732971191,13.520000457763672,13.520000457763672,2063.0
2026-08-05 15:33:00,PTC,,139.55499267578125,139.66000366210938,139.5050048828125,139.57000732421875,4805.0
2026-08-05 15:33:00,PTCT,,68.6500015258789,68.6500015258789,68.6500015258789,68.6500015258789,101.0
2026-08-05 15:33:00,PTEN,,9.645000457763672,9.654999732971191,9.645000457763672,9.649999618530273,14492.0
2026-08-05 15:33:00,PTLO,,4.635000228881836,4.635000228881836,4.630000114440918,4.630000114440918,1121.0
2026-08-05 15:33:00,PTON,,6.489999771118164,6.489999771118164,6.489999771118164,6.489999771118164,3201.0
2026-08-05 15:33:00,PUBM,,13.5600004196167,13.5600004196167,13.555000305175781,13.555000305175781,1653.0
2026-08-05 15:33:00,PWP,,17.415000915527344,17.43000030517578,17.40999984741211,17.43000030517578,7997.0
2026-08-05 15:33:00,PYPL,,57.94499969482422,57.95500183105469,57.90999984741211,57.95000076293945,18667.0
2026-08-05 15:33:00,PYXS,,3.1050000190734863,3.109999895095825,3.1050000190734863,3.109999895095825,2068.0
2026-08-05 15:33:00,PZZA,,29.834999084472656,29.834999084472656,29.809999465942383,29.834999084472656,6644.0
2026-08-05 15:33:00,QCOM,,158.75999450683594,158.75999450683594,158.57000732421875,158.6999969482422,12554.0
2026-08-05 15:33:00,QCRH,,105.17500305175781,105.17500305175781,105.17500305175781,105.17500305175781,705.0
2026-08-05 15:33:00,QFIN,,13.154999732971191,13.15999984741211,13.154999732971191,13.15999984741211,1541.0
2026-08-05 15:33:00,QQQX,,30.42169952392578,30.42169952392578,30.42169952392578,30.42169952392578,531.0
2026-08-05 15:33:00,QRVO,,95.56999969482422,95.5999984741211,95.5199966430664,95.5999984741211,5678.0
2026-08-05 15:33:00,SEED,,1.0549999475479126,1.059999942779541,1.0541000366210938,1.059999942779541,900.0
2026-08-05 15:33:00,WOOF,,2.944999933242798,2.944999933242798,2.940000057220459,2.940000057220459,2482.0
2026-08-05 15:34:00,ACDC,,4.514999866485596,4.514999866485596,4.510000228881836,4.510000228881836,22245.0
2026-08-05 15:34:00,BPOP,,177.25,177.25,177.17999267578125,177.17999267578125,3126.0
2026-08-05 15:34:00,CASH,,89.48500061035156,89.48500061035156,89.40399932861328,89.45999908447266,1255.0
2026-08-05 15:34:00,EYE,,22.985000610351562,22.989999771118164,22.969999313354492,22.989999771118164,10224.0
2026-08-05 15:34:00,FIZZ,,32.08000183105469,32.08000183105469,32.08000183105469,32.08000183105469,939.0
2026-08-05 15:34:00,FRST,,16.469999313354492,16.4950008392334,16.469999313354492,16.4950008392334,5180.0
2026-08-05 15:34:00,GLUE,,15.335000038146973,15.34000015258789,15.329999923706055,15.34000015258789,2315.0
2026-08-05 15:34:00,KIDS,,21.59000015258789,21.719999313354492,21.59000015258789,21.719999313354492,37037.0
2026-08-05 15:34:00,MCRI,,121.63999938964844,121.80000305175781,121.62000274658203,121.80000305175781,1842.0
2026-08-05 15:34:00,MDB,,374.2650146484375,375.07000732421875,373.6000061035156,373.79998779296875,52607.0
2026-08-05 15:34:00,MDLZ,,62.54499816894531,62.54610061645508,62.525001525878906,62.529998779296875,15474.0
2026-08-05 15:34:00,MLTX,,17.5,17.510000228881836,17.5,17.510000228881836,1623.0
2026-08-05 15:34:00,MNPR,,117.37999725341797,117.38999938964844,117.37999725341797,117.38999938964844,501.0
2026-08-05 15:34:00,MNRO,,13.149999618530273,13.149999618530273,13.149999618530273,13.149999618530273,856.0
2026-08-05 15:34:00,MNST,,94.30000305175781,94.30999755859375,94.29000091552734,94.29499816894531,6648.0
2026-08-05 15:34:00,MNTS,,4.199999809265137,4.210000038146973,4.199900150299072,4.199999809265137,8587.0
2026-08-05 15:34:00,MODD,,2.0699000358581543,2.0699000358581543,2.0699000358581543,2.0699000358581543,5000.0
2026-08-05 15:34:00,MPWR,,1348.6700439453125,1348.719970703125,1346.6500244140625,1346.6500244140625,874.0
2026-08-05 15:34:00,MRNA,,56.11000061035156,56.189998626708984,56.060001373291016,56.189998626708984,28408.0
2026-08-05 15:34:00,MYGN,,3.125,3.125,3.119999885559082,3.119999885559082,6892.0
2026-08-05 15:34:00,MYPS,,0.7200000286102295,0.7200000286102295,0.7199000120162964,0.7199000120162964,742.0
2026-08-05 15:34:00,MYRG,,339.9800109863281,339.9800109863281,339.94000244140625,339.94000244140625,926.0
2026-08-05 15:34:00,NAMS,,27.235000610351562,27.239999771118164,27.235000610351562,27.235000610351562,2188.0
2026-08-05 15:34:00,NATR,,20.020000457763672,20.020000457763672,20.020000457763672,20.020000457763672,396.0
2026-08-05 15:34:00,NAUT,,0.9366000294685364,0.9366000294685364,0.9366000294685364,0.9366000294685364,572.0
2026-08-05 15:34:00,NB,,5.019999980926514,5.023200035095215,5.019999980926514,5.023200035095215,3998.0
2026-08-05 15:34:00,NBIX,,162.47000122070312,162.67999267578125,162.47000122070312,162.60000610351562,4271.0
2026-08-05 15:34:00,NBTB,,53.279998779296875,53.279998779296875,53.275001525878906,53.275001525878906,538.0
2026-08-05 15:34:00,NCMI,,4.085000038146973,4.085000038146973,4.085000038146973,4.085000038146973,624.0
2026-08-05 15:34:00,NDAQ,,94.66000366210938,94.66000366210938,94.63999938964844,94.63999938964844,3076.0
2026-08-05 15:34:00,NDLS,,18.229999542236328,18.229999542236328,18.229999542236328,18.229999542236328,551.0
2026-08-05 15:34:00,NDSN,,310.760009765625,310.864990234375,310.7300109863281,310.7300109863281,1225.0
2026-08-05 15:34:00,NECB,,27.16900062561035,27.16900062561035,27.16900062561035,27.16900062561035,168.0
2026-08-05 15:34:00,NEO,,15.774999618530273,15.779999732971191,15.770000457763672,15.770000457763672,3836.0
2026-08-05 15:34:00,NEOG,,11.475000381469727,11.475000381469727,11.46500015258789,11.46500015258789,8526.0
2026-08-05 15:34:00,NEON,,0.8892999887466431,0.9031999707221985,0.8892999887466431,0.9031999707221985,783.0
2026-08-05 15:34:00,NEOV,,2.9149999618530273,2.9200000762939453,2.9149999618530273,2.9200000762939453,19665.0
2026-08-05 15:34:00,NESR,,28.5,28.5,28.5,28.5,1645.0
2026-08-05 15:34:00,NEWT,,14.960000038146973,14.96500015258789,14.930000305175781,14.930000305175781,5483.0
2026-08-05 15:34:00,NEXT,,6.434999942779541,6.434999942779541,6.429999828338623,6.429999828338623,1362.0
2026-08-05 15:34:00,NFLX,,73.71499633789062,73.7249984741211,73.68000030517578,73.70010375976562,60314.0
2026-08-05 15:34:00,NGNE,,35.584999084472656,35.584999084472656,35.584999084472656,35.584999084472656,478.0
2026-08-05 15:34:00,NICE,,99.43000030517578,99.50800323486328,99.1500015258789,99.4801025390625,12280.0
2026-08-05 15:34:00,NIU,,2.4549999237060547,2.4549999237060547,2.4549999237060547,2.4549999237060547,2333.0
2026-08-05 15:34:00,NKTR,,72.72000122070312,72.72000122070312,72.72000122070312,72.72000122070312,375.0
2026-08-05 15:34:00,NKTX,,2.2149999141693115,2.2149999141693115,2.2149999141693115,2.2149999141693115,570.0
2026-08-05 15:34:00,NMFC,,7.355000019073486,7.355000019073486,7.355000019073486,7.355000019073486,997.0
2026-08-05 15:34:00,NMIH,,44.779998779296875,44.779998779296875,44.779998779296875,44.779998779296875,1308.0
2026-08-05 15:34:00,NMRK,,15.6899995803833,15.6899995803833,15.680000305175781,15.680000305175781,7482.0
2026-08-05 15:34:00,NN,,14.720000267028809,14.720000267028809,14.670000076293945,14.680000305175781,4933.0
2026-08-05 15:34:00,NNBR,,3.880000114440918,3.880000114440918,3.859999895095825,3.869999885559082,8233.0
2026-08-05 15:34:00,NNDM,,1.5499999523162842,1.5549999475479126,1.5499999523162842,1.5549999475479126,6638.0
2026-08-05 15:34:00,NOVT,,153.98500061035156,154.13999938964844,153.98500061035156,154.13999938964844,1815.0
2026-08-05 15:34:00,NRC,,19.575000762939453,19.575000762939453,19.575000762939453,19.575000762939453,675.0
2026-08-05 15:34:00,NRDS,,9.055000305175781,9.055000305175781,9.055000305175781,9.055000305175781,314.0
2026-08-05 15:34:00,NRIX,,24.9950008392334,24.9950008392334,24.9950008392334,24.9950008392334,1173.0
2026-08-05 15:34:00,NRXP,,3.069999933242798,3.069999933242798,3.059999942779541,3.059999942779541,1560.0
2026-08-05 15:34:00,NTAP,,188.86500549316406,188.94000244140625,188.74000549316406,188.94000244140625,10929.0
2026-08-05 15:34:00,NTCT,,41.60749816894531,41.619998931884766,41.584999084472656,41.619998931884766,2347.0
2026-08-05 15:34:00,NTES,,127.73999786376953,127.76000213623047,127.73999786376953,127.76000213623047,605.0
2026-08-05 15:34:00,NTNX,,61.2400016784668,61.2599983215332,61.22999954223633,61.255001068115234,10734.0
2026-08-05 15:34:00,NTRA,,271.8550109863281,271.8550109863281,271.8550109863281,271.8550109863281,1039.0
2026-08-05 15:34:00,NTRS,,184.63499450683594,184.66000366210938,184.58999633789062,184.6199951171875,3365.0
2026-08-05 15:34:00,NUWE,,1.631100058555603,1.631100058555603,1.631100058555603,1.631100058555603,978.0
2026-08-05 15:34:00,NVAX,,7.605000019073486,7.619999885559082,7.59499979019165,7.619999885559082,43838.0
2026-08-05 15:34:00,NVCR,,16.1299991607666,16.1299991607666,16.110000610351562,16.110000610351562,2179.0
2026-08-05 15:34:00,NVCT,,19.440000534057617,19.440000534057617,19.440000534057617,19.440000534057617,454.0
2026-08-05 15:34:00,NVDA,,221.00999450683594,221.17990112304688,220.99000549316406,221.15719604492188,273876.0
2026-08-05 15:34:00,NVMI,,405.0799865722656,405.79998779296875,405.0799865722656,405.79998779296875,1366.0
2026-08-05 15:34:00,NVTS,,12.375,12.380000114440918,12.360699653625488,12.36870002746582,18384.0
2026-08-05 15:34:00,NWBI,,15.96500015258789,15.96500015258789,15.960000038146973,15.960000038146973,6771.0
2026-08-05 15:34:00,NWE,,69.11000061035156,69.11000061035156,69.11000061035156,69.11000061035156,196.0
2026-08-05 15:34:00,NWFL,,33.83000183105469,33.83000183105469,33.810001373291016,33.810001373291016,544.0
2026-08-05 15:34:00,NWGL,,0.26980000734329224,0.26980000734329224,0.26980000734329224,0.26980000734329224,1189.0
2026-08-05 15:34:00,NWL,,6.175000190734863,6.175000190734863,6.170000076293945,6.170000076293945,3990.0
2026-08-05 15:34:00,NWS,,32.88999938964844,32.93000030517578,32.88999938964844,32.92499923706055,7293.0
2026-08-05 15:34:00,NWSA,,29.065000534057617,29.094999313354492,29.03499984741211,29.070999145507812,59911.0
2026-08-05 15:34:00,NXPI,,232.46499633789062,232.52000427246094,232.17999267578125,232.38499450683594,10814.0
2026-08-05 15:34:00,NXST,,189.30999755859375,189.52000427246094,189.30999755859375,189.39999389648438,1967.0
2026-08-05 15:34:00,NXT,,99.93250274658203,99.94000244140625,99.68000030517578,99.68000030517578,10406.0
2026-08-05 15:34:00,NYXH,,1.4049999713897705,1.4049999713897705,1.4049999713897705,1.4049999713897705,462.0
2026-08-05 15:34:00,OBIO,,4.25,4.25,4.239999771118164,4.239999771118164,513.0
2026-08-05 15:34:00,OCC,,15.805000305175781,15.805000305175781,15.805000305175781,15.805000305175781,272.0
2026-08-05 15:34:00,OCFC,,19.889999389648438,19.895000457763672,19.889999389648438,19.895000457763672,5095.0
2026-08-05 15:34:00,OCGN,,1.2798999547958374,1.2798999547958374,1.2699999809265137,1.2699999809265137,4528.0
2026-08-05 15:34:00,OCSL,,12.024999618530273,12.024999618530273,12.024999618530273,12.024999618530273,1427.0
2026-08-05 15:34:00,ODD,,15.319999694824219,15.319999694824219,15.319999694824219,15.319999694824219,866.0
2026-08-05 15:34:00,ODFL,,214.7100067138672,214.7100067138672,214.58999633789062,214.58999633789062,2937.0
2026-08-05 15:34:00,OESX,,15.600000381469727,15.600000381469727,15.010000228881836,15.010000228881836,6503.0
2026-08-05 15:34:00,OFIX,,10.569999694824219,10.574999809265137,10.569999694824219,10.574999809265137,1493.0
2026-08-05 15:34:00,OFS,,3.569999933242798,3.569999933242798,3.569999933242798,3.569999933242798,40.0
2026-08-05 15:34:00,OKTA,,147.90499877929688,147.94000244140625,147.90499877929688,147.93499755859375,1596.0
2026-08-05 15:34:00,OLLI,,78.31999969482422,78.37999725341797,78.27999877929688,78.31999969482422,4035.0
2026-08-05 15:34:00,OLMA,,11.489999771118164,11.489999771118164,11.489999771118164,11.489999771118164,1022.0
2026-08-05 15:34:00,OM,,5.099999904632568,5.099999904632568,5.099999904632568,5.099999904632568,780.0
2026-08-05 15:34:00,OMCL,,37.20000076293945,37.20000076293945,37.20000076293945,37.20000076293945,600.0
2026-08-05 15:34:00,OMER,,12.699999809265137,12.699999809265137,12.699999809265137,12.699999809265137,548.0
2026-08-05 15:34:00,OMH,,0.11749999970197678,0.11749999970197678,0.11649999767541885,0.11739999800920486,0.0
2026-08-05 15:34:00,ON,,78.0,78.00499725341797,77.8499984741211,78.0,54369.0
2026-08-05 15:34:00,ONB,,26.979999542236328,26.985000610351562,26.975000381469727,26.975000381469727,13624.0
2026-08-05 15:34:00,ONCY,,0.7943000197410583,0.7967000007629395,0.7943000197410583,0.7967000007629395,2320.0
2026-08-05 15:34:00,ONDS,,8.885000228881836,8.899999618530273,8.880000114440918,8.885000228881836,498273.0
2026-08-05 15:34:00,ONFO,,0.07699999958276749,0.07720000296831131,0.07639999687671661,0.07639999687671661,27585.0
2026-08-05 15:34:00,OPCH,,23.489999771118164,23.489999771118164,23.475000381469727,23.479999542236328,9353.0
2026-08-05 15:34:00,OPEN,,3.751199960708618,3.759999990463257,3.75,3.75,59347.0
2026-08-05 15:34:00,OPHC,,8.720000267028809,8.75,8.720000267028809,8.75,501.0
2026-08-05 15:34:00,OPI,,19.049999237060547,19.049999237060547,19.049999237060547,19.049999237060547,159.0
2026-08-05 15:34:00,OPK,,1.3350000381469727,1.3350000381469727,1.3200000524520874,1.3200000524520874,72304.0
2026-08-05 15:34:00,OPRA,,19.969999313354492,19.969999313354492,19.90999984741211,19.90999984741211,2341.0
2026-08-05 15:34:00,OPRT,,6.019999980926514,6.039999961853027,6.019999980926514,6.039999961853027,1303.0
2026-08-05 15:34:00,ORGO,,2.3450000286102295,2.3450000286102295,2.3450000286102295,2.3450000286102295,1089.0
2026-08-05 15:34:00,ORIC,,12.800000190734863,12.850000381469727,12.800000190734863,12.850000381469727,4984.0
2026-08-05 15:34:00,ORLY,,93.0999984741211,93.0999984741211,93.05500030517578,93.06999969482422,11881.0
2026-08-05 15:34:00,OSBC,,25.80500030517578,25.80500030517578,25.80500030517578,25.80500030517578,557.0
2026-08-05 15:34:00,OSIS,,236.58999633789062,236.58999633789062,236.58999633789062,236.58999633789062,834.0
2026-08-05 15:34:00,OSPN,,16.559999465942383,16.559999465942383,16.559999465942383,16.559999465942383,544.0
2026-08-05 15:34:00,OSUR,,4.130000114440918,4.130000114440918,4.130000114440918,4.130000114440918,187.0
2026-08-05 15:34:00,OTEX,,25.704999923706055,25.729999542236328,25.704999923706055,25.729999542236328,4690.0
2026-08-05 15:34:00,OTLK,,1.0299999713897705,1.0299999713897705,1.0299999713897705,1.0299999713897705,5815.0
2026-08-05 15:34:00,OTTR,,92.18499755859375,92.33999633789062,92.18000030517578,92.33000183105469,4797.0
2026-08-05 15:34:00,OXLC,,9.164999961853027,9.164999961853027,9.145000457763672,9.145000457763672,14530.0
2026-08-05 15:34:00,OXSQ,,1.5041999816894531,1.5041999816894531,1.5041999816894531,1.5041999816894531,1385.0
2026-08-05 15:34:00,PAA,,23.104999542236328,23.104999542236328,23.079999923706055,23.094999313354492,22579.0
2026-08-05 15:34:00,PAAS,,48.34000015258789,48.34000015258789,48.29999923706055,48.29999923706055,7206.0
2026-08-05 15:34:00,PACB,,1.3049999475479126,1.3049999475479126,1.2999999523162842,1.3049999475479126,8558.0
2026-08-05 15:34:00,PAGP,,25.075000762939453,25.075000762939453,25.06999969482422,25.06999969482422,2858.0
2026-08-05 15:34:00,PALI,,2.109999895095825,2.109999895095825,2.109999895095825,2.109999895095825,1424.0
2026-08-05 15:34:00,PANL,,7.28000020980835,7.28439998626709,7.28000020980835,7.28439998626709,1119.0
2026-08-05 15:34:00,PANW,,364.19500732421875,364.3699951171875,364.0893859863281,364.2777099609375,10102.0
2026-08-05 15:34:00,PATK,,88.02999877929688,88.02999877929688,88.02999877929688,88.02999877929688,723.0
2026-08-05 15:34:00,PAX,,11.345000267028809,11.345000267028809,11.324999809265137,11.324999809265137,7350.0
2026-08-05 15:34:00,PAYO,,7.125,7.125,7.125,7.125,1566.0
2026-08-05 15:34:00,PAYS,,9.085000038146973,9.130000114440918,9.085000038146973,9.130000114440918,1913.0
2026-08-05 15:34:00,PAYX,,117.66000366210938,117.7699966430664,117.66000366210938,117.75,5968.0
2026-08-05 15:34:00,PCAR,,133.44000244140625,133.5500030517578,133.44000244140625,133.47999572753906,8396.0
2026-08-05 15:34:00,PCRX,,24.844999313354492,24.899999618530273,24.809999465942383,24.84000015258789,7168.0
2026-08-05 15:34:00,PCSA,,2.240000009536743,2.240000009536743,2.240000009536743,2.240000009536743,206.0
2026-08-05 15:34:00,PCT,,6.8404998779296875,6.84499979019165,6.840000152587891,6.840000152587891,12858.0
2026-08-05 15:34:00,PCTY,,146.55999755859375,146.55999755859375,146.32000732421875,146.32000732421875,3788.0
2026-08-05 15:34:00,PDD,,90.68000030517578,90.69000244140625,90.66000366210938,90.69000244140625,5730.0
2026-08-05 15:34:00,PDLB,,20.469999313354492,20.469999313354492,20.469999313354492,20.469999313354492,734.0
2026-08-05 15:34:00,PDSB,,0.7102000117301941,0.7102000117301941,0.7102000117301941,0.7102000117301941,1591.0
2026-08-05 15:34:00,PECO,,41.41999816894531,41.41999816894531,41.400001525878906,41.400001525878906,2038.0
2026-08-05 15:34:00,PEGA,,31.790000915527344,31.799999237060547,31.790000915527344,31.790000915527344,6060.0
2026-08-05 15:34:00,PENN,,19.565000534057617,19.575000762939453,19.559999465942383,19.575000762939453,6990.0
2026-08-05 15:34:00,PEP,,138.5,138.52999877929688,138.49009704589844,138.52000427246094,5240.0
2026-08-05 15:34:00,PESI,,17.6200008392334,17.6200008392334,17.6200008392334,17.6200008392334,205.0
2026-08-05 15:34:00,PETV,,0.6510000228881836,0.6510000228881836,0.6510000228881836,0.6510000228881836,0.0
2026-08-05 15:34:00,PFBC,,106.44999694824219,106.44999694824219,106.41999816894531,106.42500305175781,1096.0
2026-08-05 15:34:00,PFG,,114.26000213623047,114.26000213623047,114.23500061035156,114.23500061035156,1240.0
2026-08-05 15:34:00,PGC,,46.63999938964844,46.63999938964844,46.63999938964844,46.63999938964844,1017.0
2026-08-05 15:34:00,PGEN,,6.945000171661377,6.949999809265137,6.940000057220459,6.945000171661377,19147.0
2026-08-05 15:34:00,PGNY,,31.530000686645508,31.559999465942383,31.530000686645508,31.549999237060547,3669.0
2026-08-05 15:34:00,PGY,,21.604999542236328,21.6200008392334,21.584999084472656,21.6200008392334,12516.0
2026-08-05 15:34:00,PHAT,,8.329999923706055,8.34000015258789,8.329999923706055,8.329999923706055,709.0
2026-08-05 15:34:00,PHUN,,2.174999952316284,2.174999952316284,2.174999952316284,2.174999952316284,527.0
2026-08-05 15:34:00,PKOH,,41.29999923706055,41.31999969482422,41.220001220703125,41.23500061035156,1320.0
2026-08-05 15:34:00,PLPC,,471.6499938964844,471.6499938964844,471.32000732421875,471.32000732421875,239.0
2026-08-05 15:34:00,PLUG,,2.0799999237060547,2.0799999237060547,2.069999933242798,2.070199966430664,226283.0
2026-08-05 15:34:00,PLUR,,1.6699999570846558,1.6699999570846558,1.6699999570846558,1.6699999570846558,200.0
2026-08-05 15:34:00,PMN,,12.979999542236328,13.149999618530273,12.979999542236328,13.130000114440918,2129.0
2026-08-05 15:34:00,PNFP,,107.44999694824219,107.44999694824219,107.4000015258789,107.44999694824219,2523.0
2026-08-05 15:34:00,PNTG,,38.7400016784668,38.7400016784668,38.7400016784668,38.7400016784668,228.0
2026-08-05 15:34:00,POET,,8.1850004196167,8.1899995803833,8.180100440979004,8.189900398254395,4568.0
2026-08-05 15:34:00,POLA,,1.7799999713897705,1.7799999713897705,1.75,1.75,1292.0
2026-08-05 15:34:00,POOL,,206.16000366210938,206.16000366210938,206.1300048828125,206.1300048828125,992.0
2026-08-05 15:34:00,POWL,,210.33999633789062,210.44000244140625,210.2100067138672,210.22999572753906,1708.0
2026-08-05 15:34:00,PPC,,26.424999237060547,26.440099716186523,26.420000076293945,26.420000076293945,10659.0
2026-08-05 15:34:00,PPTA,,22.75,22.75,22.68000030517578,22.68000030517578,5180.0
2026-08-05 15:34:00,PRAX,,317.07000732421875,317.4150085449219,317.07000732421875,317.4150085449219,366.0
2026-08-05 15:34:00,PRCH,,15.835000038146973,15.835000038146973,15.774999618530273,15.779999732971191,7302.0
2026-08-05 15:34:00,PRCT,,19.399999618530273,19.5049991607666,19.399999618530273,19.489999771118164,25351.0
2026-08-05 15:34:00,PRDO,,32.84000015258789,32.849998474121094,32.83000183105469,32.84000015258789,8401.0
2026-08-05 15:34:00,PRE,,18.229999542236328,18.229999542236328,18.229999542236328,18.229999542236328,1696.0
2026-08-05 15:34:00,PRGS,,42.290000915527344,42.290000915527344,42.25,42.25,2185.0
2026-08-05 15:34:00,PRIM,,83.86499786376953,83.94000244140625,83.80000305175781,83.80000305175781,4096.0
2026-08-05 15:34:00,PRLD,,4.519999980926514,4.519999980926514,4.519999980926514,4.519999980926514,310.0
2026-08-05 15:34:00,PRME,,3.0350000858306885,3.0350000858306885,3.0350000858306885,3.0350000858306885,2481.0
2026-08-05 15:34:00,PROF,,7.989999771118164,7.989999771118164,7.989999771118164,7.989999771118164,515.0
2026-08-05 15:34:00,PROK,,1.6349999904632568,1.6349999904632568,1.6349999904632568,1.6349999904632568,1492.0
2026-08-05 15:34:00,PRQR,,1.965000033378601,1.965000033378601,1.965000033378601,1.965000033378601,424.0
2026-08-05 15:34:00,PRTA,,8.420000076293945,8.420000076293945,8.414999961853027,8.414999961853027,508.0
2026-08-05 15:34:00,PRTH,,6.675000190734863,6.675000190734863,6.675000190734863,6.675000190734863,516.0
2026-08-05 15:34:00,PRVA,,23.969999313354492,23.969999313354492,23.959999084472656,23.959999084472656,3019.0
2026-08-05 15:34:00,PSEC,,2.185800075531006,2.185800075531006,2.185800075531006,2.185800075531006,725.0
2026-08-05 15:34:00,PSMT,,186.58999633789062,186.61000061035156,186.5399932861328,186.55999755859375,2446.0
2026-08-05 15:34:00,PSNL,,13.529999732971191,13.529999732971191,13.529999732971191,13.529999732971191,3837.0
2026-08-05 15:34:00,PTC,,139.6649932861328,139.6649932861328,139.57000732421875,139.6300048828125,5018.0
2026-08-05 15:34:00,PTCT,,68.58999633789062,68.66999816894531,68.58999633789062,68.66999816894531,2634.0
2026-08-05 15:34:00,PTEN,,9.649999618530273,9.654999732971191,9.645000457763672,9.645000457763672,45592.0
2026-08-05 15:34:00,PTGX,,135.86000061035156,135.97999572753906,135.86000061035156,135.97999572753906,2541.0
2026-08-05 15:34:00,PTLO,,4.630000114440918,4.630000114440918,4.630000114440918,4.630000114440918,2137.0
2026-08-05 15:34:00,PTON,,6.489999771118164,6.494999885559082,6.484300136566162,6.489999771118164,25835.0
2026-08-05 15:34:00,PUBM,,13.574999809265137,13.579999923706055,13.5600004196167,13.5600004196167,1931.0
2026-08-05 15:34:00,PWP,,17.40999984741211,17.40999984741211,17.40999984741211,17.40999984741211,3882.0
2026-08-05 15:34:00,PXLW,,6.28000020980835,6.28000020980835,6.28000020980835,6.28000020980835,2090.0
2026-08-05 15:34:00,PYPD,,4.605000019073486,4.610000133514404,4.590000152587891,4.610000133514404,423.0
2026-08-05 15:34:00,PYPL,,57.96500015258789,57.970001220703125,57.94499969482422,57.95000076293945,10850.0
2026-08-05 15:34:00,PYXS,,3.0999999046325684,3.0999999046325684,3.0999999046325684,3.0999999046325684,223.0
2026-08-05 15:34:00,PZZA,,29.780000686645508,29.829999923706055,29.729999542236328,29.825000762939453,10253.0
2026-08-05 15:34:00,QCOM,,158.80499267578125,158.82000732421875,158.72000122070312,158.72000122070312,7071.0
2026-08-05 15:34:00,QFIN,,13.15999984741211,13.15999984741211,13.154999732971191,13.154999732971191,2848.0
2026-08-05 15:34:00,QRVO,,95.58999633789062,95.58999633789062,95.55999755859375,95.56999969482422,1880.0
2026-08-05 15:34:00,SEED,,1.059999942779541,1.059999942779541,1.059999942779541,1.059999942779541,50.0
2026-08-05 15:34:00,STIM,,2.4079999923706055,2.4189999103546143,2.3975000381469727,2.3975000381469727,6908.0
2026-08-05 15:34:00,WOOF,,2.944999933242798,2.944999933242798,2.944999933242798,2.944999933242798,1148.0
2026-08-05 15:35:00,ACDC,,4.510000228881836,4.514999866485596,4.505000114440918,4.510000228881836,12677.0
2026-08-05 15:35:00,BPOP,,177.22999572753906,177.22999572753906,177.22999572753906,177.22999572753906,231.0
2026-08-05 15:35:00,CASH,,89.48500061035156,89.48500061035156,89.48500061035156,89.48500061035156,1154.0
2026-08-05 15:35:00,DTIL,,7.409999847412109,7.409999847412109,7.380000114440918,7.409999847412109,6879.0
2026-08-05 15:35:00,EYE,,22.959999084472656,22.979999542236328,22.959999084472656,22.979999542236328,5999.0
2026-08-05 15:35:00,FRST,,16.469999313354492,16.469999313354492,16.469999313354492,16.469999313354492,899.0
2026-08-05 15:35:00,GLUE,,15.3149995803833,15.329999923706055,15.3100004196167,15.319999694824219,5211.0
2026-08-05 15:35:00,KIDS,,21.670000076293945,21.670000076293945,21.579999923706055,21.610000610351562,971.0
2026-08-05 15:35:00,KTTA,,0.445499986410141,0.445499986410141,0.445499986410141,0.445499986410141,391.0
2026-08-05 15:35:00,LUNG,,2.005000114440918,2.005000114440918,2.005000114440918,2.005000114440918,1958.0
2026-08-05 15:35:00,MBRX,,0.39649999141693115,0.3978999853134155,0.39559999108314514,0.3978999853134155,2219.0
2026-08-05 15:35:00,MDB,,374.8599853515625,374.94000244140625,374.4599914550781,374.4599914550781,6127.0
2026-08-05 15:35:00,MDLZ,,62.53499984741211,62.560001373291016,62.4900016784668,62.54169845581055,81597.0
2026-08-05 15:35:00,MLTX,,17.5,17.5,17.489999771118164,17.489999771118164,2241.0
2026-08-05 15:35:00,MNPR,,117.38999938964844,117.38999938964844,117.38999938964844,117.38999938964844,312.0
2026-08-05 15:35:00,MNRO,,13.149999618530273,13.164999961853027,13.149999618530273,13.15999984741211,5517.0
2026-08-05 15:35:00,MNST,,94.30500030517578,94.33999633789062,94.29000091552734,94.30000305175781,11596.0
2026-08-05 15:35:00,MNTK,,1.6749999523162842,1.6749999523162842,1.6749999523162842,1.6749999523162842,163.0
2026-08-05 15:35:00,MNTS,,4.199999809265137,4.21999979019165,4.190100193023682,4.191699981689453,20341.0
2026-08-05 15:35:00,MORN,,198.10499572753906,198.10499572753906,198.10499572753906,198.10499572753906,2098.0
2026-08-05 15:35:00,MPAA,,13.765000343322754,13.765000343322754,13.765000343322754,13.765000343322754,1814.0
2026-08-05 15:35:00,MPWR,,1346.074951171875,1348.1600341796875,1345.97998046875,1348.1300048828125,1054.0
2026-08-05 15:35:00,MRNA,,56.04999923706055,56.119998931884766,56.04999923706055,56.119998931884766,16470.0
2026-08-05 15:35:00,MYGN,,3.119999885559082,3.130000114440918,3.119999885559082,3.130000114440918,8297.0
2026-08-05 15:35:00,MYRG,,339.5299987792969,339.5299987792969,339.5299987792969,339.5299987792969,277.0
2026-08-05 15:35:00,NAMS,,27.229999542236328,27.239999771118164,27.219999313354492,27.219999313354492,4931.0
2026-08-05 15:35:00,NATR,,20.040000915527344,20.040000915527344,20.040000915527344,20.040000915527344,375.0
2026-08-05 15:35:00,NB,,5.025000095367432,5.025000095367432,5.025000095367432,5.025000095367432,303.0
2026-08-05 15:35:00,NBIX,,162.16000366210938,162.47000122070312,162.16000366210938,162.47000122070312,5530.0
2026-08-05 15:35:00,NBTB,,53.27000045776367,53.290000915527344,53.27000045776367,53.290000915527344,1154.0
2026-08-05 15:35:00,NCMI,,4.085000038146973,4.090000152587891,4.079999923706055,4.079999923706055,846.0
2026-08-05 15:35:00,NCRA,,1.809999942779541,1.809999942779541,1.809999942779541,1.809999942779541,341.0
2026-08-05 15:35:00,NDAQ,,94.69000244140625,94.69000244140625,94.63999938964844,94.66500091552734,2560.0
2026-08-05 15:35:00,NDSN,,310.8599853515625,310.8599853515625,310.7878112792969,310.7878112792969,355.0
2026-08-05 15:35:00,NEGG,,17.450000762939453,17.450000762939453,17.420000076293945,17.420000076293945,293.0
2026-08-05 15:35:00,NEO,,15.760000228881836,15.779999732971191,15.75,15.779999732971191,9877.0
2026-08-05 15:35:00,NEOG,,11.475000381469727,11.484999656677246,11.475000381469727,11.479999542236328,9130.0
2026-08-05 15:35:00,NEON,,0.88919997215271,0.88919997215271,0.88919997215271,0.88919997215271,710.0
2026-08-05 15:35:00,NEOV,,2.9049999713897705,2.9149999618530273,2.9049999713897705,2.9149999618530273,7372.0
2026-08-05 15:35:00,NESR,,28.520000457763672,28.520000457763672,28.510000228881836,28.510000228881836,4870.0
2026-08-05 15:35:00,NEWT,,14.989999771118164,14.989999771118164,14.96500015258789,14.96500015258789,1655.0
2026-08-05 15:35:00,NEXT,,6.434999942779541,6.434999942779541,6.434999942779541,6.434999942779541,1823.0
2026-08-05 15:35:00,NFLX,,73.71499633789062,73.73999786376953,73.70999908447266,73.70999908447266,45585.0
2026-08-05 15:35:00,NICE,,99.62000274658203,99.66999816894531,99.54000091552734,99.54000091552734,4633.0
2026-08-05 15:35:00,NKTR,,72.7699966430664,72.79000091552734,72.69999694824219,72.69999694824219,5134.0
2026-08-05 15:35:00,NKTX,,2.2149999141693115,2.2149999141693115,2.2149999141693115,2.2149999141693115,537.0
2026-08-05 15:35:00,NMFC,,7.355000019073486,7.355000019073486,7.355000019073486,7.355000019073486,988.0
2026-08-05 15:35:00,NMIH,,44.810001373291016,44.810001373291016,44.810001373291016,44.810001373291016,1408.0
2026-08-05 15:35:00,NMRK,,15.699999809265137,15.704999923706055,15.694999694824219,15.694999694824219,3081.0
2026-08-05 15:35:00,NN,,14.725000381469727,14.725000381469727,14.704999923706055,14.711600303649902,4961.0
2026-08-05 15:35:00,NNBR,,3.880000114440918,3.880000114440918,3.875,3.875,307.0
2026-08-05 15:35:00,NNDM,,1.5549999475479126,1.5549999475479126,1.5549999475479126,1.5549999475479126,1299.0
2026-08-05 15:35:00,NNOX,,1.0149999856948853,1.0154999494552612,1.0149999856948853,1.0154999494552612,1356.0
2026-08-05 15:35:00,NRDS,,9.074999809265137,9.074999809265137,9.055000305175781,9.055000305175781,4685.0
2026-08-05 15:35:00,NRIM,,26.959999084472656,26.959999084472656,26.959999084472656,26.959999084472656,535.0
2026-08-05 15:35:00,NRIX,,25.0,25.020000457763672,24.969999313354492,25.0,4955.0
2026-08-05 15:35:00,NTAP,,188.89999389648438,188.97999572753906,188.88999938964844,188.9499969482422,3147.0
2026-08-05 15:35:00,NTCT,,41.59000015258789,41.630001068115234,41.58000183105469,41.630001068115234,2364.0
2026-08-05 15:35:00,NTES,,127.7699966430664,127.8499984741211,127.7699966430664,127.7699966430664,3507.0
2026-08-05 15:35:00,NTGR,,24.290000915527344,24.290000915527344,24.290000915527344,24.290000915527344,2112.0
2026-08-05 15:35:00,NTNX,,61.2400016784668,61.25,61.2400016784668,61.25,5541.0
2026-08-05 15:35:00,NTRA,,271.8900146484375,271.8900146484375,271.79998779296875,271.8550109863281,2378.0
2026-08-05 15:35:00,NTRS,,184.71499633789062,184.71499633789062,184.63499450683594,184.67999267578125,4982.0
2026-08-05 15:35:00,NUWE,,1.638800024986267,1.638800024986267,1.632699966430664,1.638800024986267,1736.0
2026-08-05 15:35:00,NVAX,,7.614999771118164,7.619999885559082,7.610000133514404,7.610000133514404,18377.0
2026-08-05 15:35:00,NVCR,,16.110000610351562,16.1299991607666,16.110000610351562,16.1299991607666,2607.0
2026-08-05 15:35:00,NVCT,,19.389999389648438,19.43000030517578,19.389999389648438,19.43000030517578,1063.0
2026-08-05 15:35:00,NVDA,,220.7899932861328,221.0,220.67999267578125,221.0,415173.0
2026-08-05 15:35:00,NVEC,,129.7100067138672,129.7100067138672,129.7100067138672,129.7100067138672,193.0
2026-08-05 15:35:00,NVMI,,404.2950134277344,405.32501220703125,404.2950134277344,405.1300048828125,2308.0
2026-08-05 15:35:00,NVTS,,12.359999656677246,12.369999885559082,12.359999656677246,12.369999885559082,23573.0
2026-08-05 15:35:00,NWE,,69.12000274658203,69.12999725341797,69.12000274658203,69.12999725341797,1702.0
2026-08-05 15:35:00,NWGL,,0.2551000118255615,0.26249998807907104,0.2551000118255615,0.25600001215934753,14754.0
2026-08-05 15:35:00,NWL,,6.175000190734863,6.175000190734863,6.170000076293945,6.175000190734863,16632.0
2026-08-05 15:35:00,NWS,,32.90999984741211,32.939998626708984,32.900001525878906,32.90999984741211,17634.0
2026-08-05 15:35:00,NWSA,,29.024999618530273,29.100000381469727,29.020000457763672,29.024999618530273,71152.0
2026-08-05 15:35:00,NXPI,,232.22999572753906,232.4199981689453,232.22999572753906,232.4199981689453,5915.0
2026-08-05 15:35:00,NXST,,189.22999572753906,189.36500549316406,189.22999572753906,189.26499938964844,983.0
2026-08-05 15:35:00,NXT,,99.82499694824219,99.94999694824219,99.80999755859375,99.93000030517578,8171.0
2026-08-05 15:35:00,OBIO,,4.239999771118164,4.239999771118164,4.230000019073486,4.230000019073486,451.0
2026-08-05 15:35:00,OCC,,15.75,15.765000343322754,15.75,15.760000228881836,1123.0
2026-08-05 15:35:00,OCCI,,2.494999885559082,2.494999885559082,2.494999885559082,2.494999885559082,352.0
2026-08-05 15:35:00,OCFC,,19.895000457763672,19.895000457763672,19.889999389648438,19.895000457763672,8477.0
2026-08-05 15:35:00,OCGN,,1.2799999713897705,1.2799999713897705,1.274999976158142,1.274999976158142,6935.0
2026-08-05 15:35:00,OCSL,,12.024999618530273,12.024999618530273,12.020000457763672,12.020000457763672,1161.0
2026-08-05 15:35:00,OCUL,,8.505000114440918,8.515000343322754,8.505000114440918,8.510000228881836,5048.0
2026-08-05 15:35:00,ODD,,15.319999694824219,15.319999694824219,15.319999694824219,15.319999694824219,387.0
2026-08-05 15:35:00,ODFL,,214.50999450683594,214.60499572753906,214.50999450683594,214.60499572753906,5051.0
2026-08-05 15:35:00,OESX,,15.855400085449219,15.855400085449219,15.855400085449219,15.855400085449219,1979.0
2026-08-05 15:35:00,OFIX,,10.574999809265137,10.574999809265137,10.574999809265137,10.574999809265137,2524.0
2026-08-05 15:35:00,OKTA,,147.7100067138672,147.92999267578125,147.7100067138672,147.90499877929688,5644.0
2026-08-05 15:35:00,OLLI,,78.37000274658203,78.37000274658203,78.37000274658203,78.37000274658203,1830.0
2026-08-05 15:35:00,OLMA,,11.460000038146973,11.470000267028809,11.460000038146973,11.470000267028809,2429.0
2026-08-05 15:35:00,OM,,5.090000152587891,5.090000152587891,5.090000152587891,5.090000152587891,403.0
2026-08-05 15:35:00,OMCL,,37.220001220703125,37.22999954223633,37.20000076293945,37.20000076293945,4691.0
2026-08-05 15:35:00,OMH,,0.11749999970197678,0.11749999970197678,0.11749999970197678,0.11749999970197678,691.0
2026-08-05 15:35:00,ON,,77.8499984741211,78.0,77.83000183105469,77.8499984741211,32271.0
2026-08-05 15:35:00,ONB,,26.985000610351562,26.989999771118164,26.979999542236328,26.989999771118164,8250.0
2026-08-05 15:35:00,ONDS,,8.875,8.890000343322754,8.869999885559082,8.885000228881836,459538.0
2026-08-05 15:35:00,ONFO,,0.07670000195503235,0.07720000296831131,0.07660000026226044,0.07720000296831131,12031.0
2026-08-05 15:35:00,ONMD,,0.6427000164985657,0.6427000164985657,0.6427000164985657,0.6427000164985657,262.0
2026-08-05 15:35:00,OPAL,,2.375,2.380000114440918,2.375,2.380000114440918,2379.0
2026-08-05 15:35:00,OPBK,,15.75,15.75,15.75,15.75,178.0
2026-08-05 15:35:00,OPCH,,23.4950008392334,23.5,23.489999771118164,23.5,4508.0
2026-08-05 15:35:00,OPEN,,3.7300000190734863,3.759999990463257,3.7300000190734863,3.759999990463257,116875.0
2026-08-05 15:35:00,OPHC,,8.710000038146973,8.78499984741211,8.710000038146973,8.78499984741211,731.0
2026-08-05 15:35:00,OPI,,19.049999237060547,19.049999237060547,19.049999237060547,19.049999237060547,363.0
2026-08-05 15:35:00,OPK,,1.3301000595092773,1.3350000381469727,1.3300000429153442,1.3350000381469727,10352.0
2026-08-05 15:35:00,OPRA,,19.969999313354492,19.969999313354492,19.969999313354492,19.969999313354492,529.0
2026-08-05 15:35:00,ORGO,,2.3450000286102295,2.3450000286102295,2.3450000286102295,2.3450000286102295,623.0
2026-08-05 15:35:00,ORIC,,12.800000190734863,12.800000190734863,12.779999732971191,12.789999961853027,3587.0
2026-08-05 15:35:00,ORLY,,93.12999725341797,93.13500213623047,93.08999633789062,93.0999984741211,13637.0
2026-08-05 15:35:00,ORMP,,4.34499979019165,4.34499979019165,4.34499979019165,4.34499979019165,538.0
2026-08-05 15:35:00,ORRF,,43.30500030517578,43.30500030517578,43.2400016784668,43.2400016784668,1259.0
2026-08-05 15:35:00,OSBC,,25.80500030517578,25.80500030517578,25.80500030517578,25.80500030517578,602.0
2026-08-05 15:35:00,OSPN,,16.399999618530273,16.540000915527344,16.399999618530273,16.540000915527344,12090.0
2026-08-05 15:35:00,OSS,,13.399999618530273,13.420000076293945,13.399999618530273,13.40999984741211,7730.0
2026-08-05 15:35:00,OTEX,,25.729999542236328,25.729999542236328,25.704999923706055,25.709999084472656,7722.0
2026-08-05 15:35:00,OTLK,,1.0299999713897705,1.0299999713897705,1.024999976158142,1.0299999713897705,5916.0
2026-08-05 15:35:00,OTTR,,92.20500183105469,92.20500183105469,92.20500183105469,92.20500183105469,442.0
2026-08-05 15:35:00,OVID,,2.575000047683716,2.5850000381469727,2.575000047683716,2.5850000381469727,12781.0
2026-08-05 15:35:00,OXLC,,9.164999961853027,9.166399955749512,9.164999961853027,9.166399955749512,215.0
2026-08-05 15:35:00,PAA,,23.114999771118164,23.114999771118164,23.110000610351562,23.110000610351562,6567.0
2026-08-05 15:35:00,PAAS,,48.29999923706055,48.34000015258789,48.279998779296875,48.31999969482422,11277.0
2026-08-05 15:35:00,PACB,,1.3049999475479126,1.309999942779541,1.2999999523162842,1.3049999475479126,9879.0
2026-08-05 15:35:00,PAGP,,25.079999923706055,25.079999923706055,25.06999969482422,25.06999969482422,1486.0
2026-08-05 15:35:00,PAHC,,35.65570068359375,35.65570068359375,35.65570068359375,35.65570068359375,305.0
2026-08-05 15:35:00,PALI,,2.1050000190734863,2.1050000190734863,2.1050000190734863,2.1050000190734863,713.0
2026-08-05 15:35:00,PANL,,7.28000020980835,7.28000020980835,7.28000020980835,7.28000020980835,952.0
2026-08-05 15:35:00,PANW,,363.94000244140625,364.19000244140625,363.8599853515625,364.19000244140625,8780.0
2026-08-05 15:35:00,PAX,,11.345000267028809,11.345000267028809,11.345000267028809,11.345000267028809,2753.0
2026-08-05 15:35:00,PAYO,,7.125,7.125,7.125,7.125,5372.0
2026-08-05 15:35:00,PAYS,,9.079999923706055,9.079999923706055,9.079999923706055,9.079999923706055,847.0
2026-08-05 15:35:00,PAYX,,117.75,117.76000213623047,117.6500015258789,117.6500015258789,7147.0
2026-08-05 15:35:00,PBYI,,8.029999732971191,8.029999732971191,8.029999732971191,8.029999732971191,685.0
2026-08-05 15:35:00,PCAR,,133.4499969482422,133.50999450683594,133.41000366210938,133.46749877929688,14824.0
2026-08-05 15:35:00,PCRX,,24.989999771118164,25.030000686645508,24.8799991607666,24.8799991607666,18034.0
2026-08-05 15:35:00,PCT,,6.840000152587891,6.84499979019165,6.840000152587891,6.840000152587891,2166.0
2026-08-05 15:35:00,PCTY,,146.52999877929688,146.66000366210938,146.49000549316406,146.5749969482422,10424.0
2026-08-05 15:35:00,PDD,,90.72000122070312,90.73989868164062,90.68499755859375,90.69000244140625,6571.0
2026-08-05 15:35:00,PDFS,,50.084999084472656,50.084999084472656,49.959999084472656,49.959999084472656,2645.0
2026-08-05 15:35:00,PEBO,,41.61000061035156,41.61000061035156,41.61000061035156,41.61000061035156,975.0
2026-08-05 15:35:00,PECO,,41.439998626708984,41.439998626708984,41.439998626708984,41.439998626708984,1351.0
2026-08-05 15:35:00,PEGA,,31.80500030517578,31.809999465942383,31.790000915527344,31.790000915527344,5187.0
2026-08-05 15:35:00,PENN,,19.55500030517578,19.565000534057617,19.55500030517578,19.565000534057617,9044.0
2026-08-05 15:35:00,PEP,,138.55360412597656,138.55999755859375,138.4949951171875,138.4949951171875,10456.0
2026-08-05 15:35:00,PEPG,,1.975000023841858,1.975000023841858,1.975000023841858,1.975000023841858,1341.0
2026-08-05 15:35:00,PESI,,17.6200008392334,17.6200008392334,17.6200008392334,17.6200008392334,661.0
2026-08-05 15:35:00,PFBC,,106.48500061035156,106.48999786376953,106.44499969482422,106.44499969482422,883.0
2026-08-05 15:35:00,PFG,,114.2699966430664,114.2699966430664,114.22000122070312,114.2699966430664,23145.0
2026-08-05 15:35:00,PGEN,,6.945000171661377,6.949999809265137,6.940000057220459,6.945000171661377,11068.0
2026-08-05 15:35:00,PGNY,,31.5,31.5,31.5,31.5,815.0
2026-08-05 15:35:00,PGY,,21.610000610351562,21.610000610351562,21.579999923706055,21.579999923706055,6337.0
2026-08-05 15:35:00,PHAT,,8.329999923706055,8.34000015258789,8.319999694824219,8.329999923706055,7153.0
2026-08-05 15:35:00,PHUN,,2.171099901199341,2.171099901199341,2.171099901199341,2.171099901199341,849.0
2026-08-05 15:35:00,PHVS,,33.5,33.5,33.5,33.5,376.0
2026-08-05 15:35:00,PKOH,,41.23500061035156,41.23500061035156,41.23500061035156,41.23500061035156,427.0
2026-08-05 15:35:00,PLAB,,32.11000061035156,32.119998931884766,32.09000015258789,32.119998931884766,2886.0
2026-08-05 15:35:00,PLMR,,134.67999267578125,134.69500732421875,134.3000030517578,134.3000030517578,925.0
2026-08-05 15:35:00,PLPC,,471.0450134277344,471.0450134277344,471.0450134277344,471.0450134277344,53.0
2026-08-05 15:35:00,PLTK,,3.9149999618530273,3.9149999618530273,3.9149999618530273,3.9149999618530273,2803.0
2026-08-05 15:35:00,PLUG,,2.075000047683716,2.0799999237060547,2.069999933242798,2.0799999237060547,143309.0
2026-08-05 15:35:00,PLUR,,1.6699999570846558,1.6699999570846558,1.6699999570846558,1.6699999570846558,78.0
2026-08-05 15:35:00,PMN,,13.199999809265137,13.199999809265137,13.199999809265137,13.199999809265137,1272.0
2026-08-05 15:35:00,PMVP,,1.1749999523162842,1.1749999523162842,1.1749999523162842,1.1749999523162842,1667.0
2026-08-05 15:35:00,PNFP,,107.43000030517578,107.44999694824219,107.38999938964844,107.44999694824219,2177.0
2026-08-05 15:35:00,PNTG,,38.775001525878906,38.810001373291016,38.7400016784668,38.7400016784668,4182.0
2026-08-05 15:35:00,POET,,8.170000076293945,8.1850004196167,8.170000076293945,8.180000305175781,22125.0
2026-08-05 15:35:00,POOL,,205.97999572753906,205.9801025390625,205.97999572753906,205.9801025390625,3024.0
2026-08-05 15:35:00,POWI,,61.88999938964844,61.97999954223633,61.88999938964844,61.97999954223633,868.0
2026-08-05 15:35:00,POWL,,210.1649932861328,210.36500549316406,210.1649932861328,210.36500549316406,1360.0
2026-08-05 15:35:00,PPC,,26.3799991607666,26.420000076293945,26.3799991607666,26.420000076293945,10141.0
2026-08-05 15:35:00,PPTA,,22.729999542236328,22.764999389648438,22.729999542236328,22.764999389648438,4124.0
2026-08-05 15:35:00,PRAA,,17.274999618530273,17.274999618530273,17.274999618530273,17.274999618530273,988.0
2026-08-05 15:35:00,PRAX,,317.2300109863281,317.2300109863281,317.0,317.0,1354.0
2026-08-05 15:35:00,PRCH,,15.835000038146973,15.835000038146973,15.835000038146973,15.835000038146973,2664.0
2026-08-05 15:35:00,PRCT,,19.344999313354492,19.395000457763672,19.31999969482422,19.395000457763672,20242.0
2026-08-05 15:35:00,PRDO,,32.82500076293945,32.84000015258789,32.81999969482422,32.84000015258789,1715.0
2026-08-05 15:35:00,PRE,,18.104999542236328,18.110000610351562,18.104999542236328,18.110000610351562,439.0
2026-08-05 15:35:00,PRGS,,42.31999969482422,42.31999969482422,42.31999969482422,42.31999969482422,2880.0
2026-08-05 15:35:00,PRIM,,83.92500305175781,83.92500305175781,83.87999725341797,83.88500213623047,2670.0
2026-08-05 15:35:00,PRLD,,4.519999980926514,4.519999980926514,4.519999980926514,4.519999980926514,614.0
2026-08-05 15:35:00,PRME,,3.0350000858306885,3.0350000858306885,3.0350000858306885,3.0350000858306885,2115.0
2026-08-05 15:35:00,PROK,,1.6349999904632568,1.6349999904632568,1.6349999904632568,1.6349999904632568,553.0
2026-08-05 15:35:00,PRQR,,1.965000033378601,1.965000033378601,1.965000033378601,1.965000033378601,1387.0
2026-08-05 15:35:00,PRSO,,0.7059999704360962,0.7059999704360962,0.7059999704360962,0.7059999704360962,406.0
2026-08-05 15:35:00,PRTA,,8.40999984741211,8.414999961853027,8.40999984741211,8.414999961853027,1191.0
2026-08-05 15:35:00,PRTH,,6.650000095367432,6.675000190734863,6.650000095367432,6.675000190734863,10198.0
2026-08-05 15:35:00,PRVA,,23.989999771118164,23.9950008392334,23.969999313354492,23.989999771118164,2930.0
2026-08-05 15:35:00,PSEC,,2.184999942779541,2.184999942779541,2.184999942779541,2.184999942779541,2587.0
2026-08-05 15:35:00,PSNL,,13.529999732971191,13.529999732971191,13.529999732971191,13.529999732971191,2224.0
2026-08-05 15:35:00,PSNY,,14.149999618530273,14.149999618530273,14.149999618530273,14.149999618530273,366.0
2026-08-05 15:35:00,PTC,,139.7899932861328,139.7899932861328,139.60499572753906,139.60499572753906,4979.0
2026-08-05 15:35:00,PTCT,,68.56500244140625,68.58999633789062,68.55999755859375,68.58000183105469,1362.0
2026-08-05 15:35:00,PTEN,,9.649999618530273,9.654999732971191,9.649999618530273,9.654999732971191,7897.0
2026-08-05 15:35:00,PTLO,,4.635000228881836,4.635000228881836,4.635000228881836,4.635000228881836,1029.0
2026-08-05 15:35:00,PTON,,6.485000133514404,6.485000133514404,6.485000133514404,6.485000133514404,11432.0
2026-08-05 15:35:00,PUBM,,13.574999809265137,13.574999809265137,13.574999809265137,13.574999809265137,736.0
2026-08-05 15:35:00,PYPD,,4.599999904632568,4.605000019073486,4.599999904632568,4.605000019073486,422.0
2026-08-05 15:35:00,PYPL,,57.974998474121094,57.98500061035156,57.959999084472656,57.96500015258789,9539.0
2026-08-05 15:35:00,PYXS,,3.0999999046325684,3.109999895095825,3.0999999046325684,3.1050000190734863,2453.0
2026-08-05 15:35:00,PZZA,,29.774999618530273,29.815000534057617,29.75,29.780000686645508,36942.0
2026-08-05 15:35:00,QCOM,,158.73500061035156,158.8000030517578,158.68499755859375,158.8000030517578,13863.0
2026-08-05 15:35:00,QFIN,,13.180000305175781,13.180000305175781,13.15999984741211,13.15999984741211,5023.0
2026-08-05 15:35:00,QQQX,,30.280000686645508,30.280000686645508,30.280000686645508,30.280000686645508,1560.0
2026-08-05 15:35:00,QRVO,,95.62000274658203,95.62000274658203,95.56999969482422,95.56999969482422,2467.0
2026-08-05 15:35:00,SEED,,1.059999942779541,1.059999942779541,1.0516999959945679,1.059999942779541,1900.0
2026-08-05 15:35:00,STIM,,2.409899950027466,2.4100000858306885,2.409899950027466,2.4100000858306885,1053.0
2026-08-05 15:35:00,TARA,,3.994999885559082,3.994999885559082,3.994999885559082,3.994999885559082,211.0
2026-08-05 15:36:00,ACDC,,4.494999885559082,4.514999866485596,4.494999885559082,4.514999866485596,24003.0
2026-08-05 15:36:00,BPOP,,177.22999572753906,177.22999572753906,177.22999572753906,177.22999572753906,557.0
2026-08-05 15:36:00,CASH,,89.42500305175781,89.48500061035156,89.42500305175781,89.48500061035156,1264.0
2026-08-05 15:36:00,DTIL,,7.400000095367432,7.40500020980835,7.400000095367432,7.40500020980835,496.0
2026-08-05 15:36:00,FIZZ,,32.0989990234375,32.130001068115234,32.0989990234375,32.130001068115234,2300.0
2026-08-05 15:36:00,FRST,,16.469999313354492,16.469999313354492,16.469999313354492,16.469999313354492,1351.0
2026-08-05 15:36:00,GLUE,,15.319999694824219,15.319999694824219,15.3149995803833,15.3149995803833,1234.0
2026-08-05 15:36:00,KIDS,,21.735000610351562,21.735000610351562,21.735000610351562,21.735000610351562,320.0
2026-08-05 15:36:00,KTTA,,0.4456000030040741,0.4456000030040741,0.4456000030040741,0.4456000030040741,213.0
2026-08-05 15:36:00,MBRX,,0.39559999108314514,0.39559999108314514,0.39559999108314514,0.39559999108314514,517.0
2026-08-05 15:36:00,MDB,,374.4949951171875,375.20001220703125,374.114990234375,374.54998779296875,39225.0
2026-08-05 15:36:00,MDLZ,,62.52000045776367,62.53499984741211,62.512001037597656,62.529998779296875,22109.0
2026-08-05 15:36:00,MLTX,,17.5,17.5,17.5,17.5,2186.0
2026-08-05 15:36:00,MNPR,,117.69999694824219,117.69999694824219,117.69999694824219,117.69999694824219,182.0
2026-08-05 15:36:00,MNRO,,13.145000457763672,13.145000457763672,13.145000457763672,13.145000457763672,1875.0
2026-08-05 15:36:00,MNST,,94.2249984741211,94.27999877929688,94.22000122070312,94.27999877929688,6323.0
2026-08-05 15:36:00,MNTS,,4.199999809265137,4.21999979019165,4.199999809265137,4.199999809265137,22882.0
2026-08-05 15:36:00,MODD,,2.0199999809265137,2.0199999809265137,2.0,2.0199999809265137,2715.0
2026-08-05 15:36:00,MPWR,,1348.550048828125,1348.97998046875,1345.9100341796875,1346.6800537109375,1476.0
2026-08-05 15:36:00,MRNA,,56.08000183105469,56.147499084472656,56.03409957885742,56.04999923706055,14437.0
2026-08-05 15:36:00,MYGN,,3.130000114440918,3.130000114440918,3.125,3.125,5844.0
2026-08-05 15:36:00,MYRG,,339.1650085449219,339.4750061035156,338.8699951171875,339.4750061035156,939.0
2026-08-05 15:36:00,NAMS,,27.290000915527344,27.290000915527344,27.225000381469727,27.225000381469727,15547.0
2026-08-05 15:36:00,NAUT,,0.9381999969482422,0.9381999969482422,0.9381999969482422,0.9381999969482422,3381.0
2026-08-05 15:36:00,NAVI,,9.104999542236328,9.104999542236328,9.104999542236328,9.104999542236328,1683.0
2026-08-05 15:36:00,NB,,5.025000095367432,5.025000095367432,5.025000095367432,5.025000095367432,2200.0
2026-08-05 15:36:00,NBIX,,162.27000427246094,162.27000427246094,162.16000366210938,162.16000366210938,1818.0
2026-08-05 15:36:00,NBTB,,53.2400016784668,53.2400016784668,53.2400016784668,53.2400016784668,1903.0
2026-08-05 15:36:00,NBTX,,39.439998626708984,39.439998626708984,39.439998626708984,39.439998626708984,155.0
2026-08-05 15:36:00,NCMI,,4.09499979019165,4.09499979019165,4.090000152587891,4.090000152587891,3998.0
2026-08-05 15:36:00,NCRA,,1.809999942779541,1.809999942779541,1.7999999523162842,1.7999999523162842,5592.0
2026-08-05 15:36:00,NDAQ,,94.66500091552734,94.66500091552734,94.63999938964844,94.6500015258789,4179.0
2026-08-05 15:36:00,NDLS,,18.184499740600586,18.184499740600586,18.15999984741211,18.15999984741211,205.0
2026-08-05 15:36:00,NDSN,,310.8900146484375,310.8900146484375,310.80499267578125,310.80499267578125,213.0
2026-08-05 15:36:00,NEGG,,17.479999542236328,17.479999542236328,17.436899185180664,17.436899185180664,824.0
2026-08-05 15:36:00,NEO,,15.75,15.760000228881836,15.75,15.760000228881836,2608.0
2026-08-05 15:36:00,NEOG,,11.475000381469727,11.484999656677246,11.454999923706055,11.475000381469727,21136.0
2026-08-05 15:36:00,NEOV,,2.890000104904175,2.9100000858306885,2.880000114440918,2.9049999713897705,69188.0
2026-08-05 15:36:00,NESR,,28.520000457763672,28.520000457763672,28.520000457763672,28.520000457763672,895.0
2026-08-05 15:36:00,NEWT,,14.989999771118164,14.989999771118164,14.989999771118164,14.989999771118164,1489.0
2026-08-05 15:36:00,NEXT,,6.434999942779541,6.434999942779541,6.434999942779541,6.434999942779541,1325.0
2026-08-05 15:36:00,NFE,,0.33970001339912415,0.3398999869823456,0.33959999680519104,0.33980000019073486,2973.0
2026-08-05 15:36:00,NFLX,,73.71499633789062,73.72000122070312,73.69999694824219,73.71289825439453,27462.0
2026-08-05 15:36:00,NGNE,,35.67580032348633,35.68000030517578,35.67580032348633,35.68000030517578,900.0
2026-08-05 15:36:00,NHTC,,1.6200000047683716,1.6200000047683716,1.6200000047683716,1.6200000047683716,720.0
2026-08-05 15:36:00,NICE,,99.43240356445312,99.61499786376953,99.43009948730469,99.61499786376953,2174.0
2026-08-05 15:36:00,NKTR,,72.77999877929688,72.77999877929688,72.77999877929688,72.77999877929688,707.0
2026-08-05 15:36:00,NKTX,,2.2100000381469727,2.2149999141693115,2.2100000381469727,2.2149999141693115,714.0
2026-08-05 15:36:00,NMFC,,7.355000019073486,7.355000019073486,7.355000019073486,7.355000019073486,2281.0
2026-08-05 15:36:00,NMIH,,44.775001525878906,44.810001373291016,44.775001525878906,44.810001373291016,4466.0
2026-08-05 15:36:00,NMRK,,15.704999923706055,15.704999923706055,15.704999923706055,15.704999923706055,1457.0
2026-08-05 15:36:00,NN,,14.729999542236328,14.729999542236328,14.720000267028809,14.728599548339844,2871.0
2026-08-05 15:36:00,NNBR,,3.880000114440918,3.880000114440918,3.869999885559082,3.875,8195.0
2026-08-05 15:36:00,NNDM,,1.5499999523162842,1.5549999475479126,1.5499999523162842,1.5549999475479126,8017.0
2026-08-05 15:36:00,NNOX,,1.0149999856948853,1.0149999856948853,1.0149999856948853,1.0149999856948853,328.0
2026-08-05 15:36:00,NOVT,,154.10000610351562,154.10000610351562,153.98500061035156,153.98500061035156,1412.0
2026-08-05 15:36:00,NPCE,,13.539999961853027,13.539999961853027,13.539999961853027,13.539999961853027,488.0
2026-08-05 15:36:00,NRDS,,9.074999809265137,9.074999809265137,9.074999809265137,9.074999809265137,12643.0
2026-08-05 15:36:00,NRIX,,24.9950008392334,25.0,24.9950008392334,25.0,685.0
2026-08-05 15:36:00,NRXP,,3.065000057220459,3.065000057220459,3.065000057220459,3.065000057220459,583.0
2026-08-05 15:36:00,NSSC,,40.290000915527344,40.290000915527344,40.26499938964844,40.26499938964844,1889.0
2026-08-05 15:36:00,NTAP,,188.85499572753906,188.8699951171875,188.7899932861328,188.86000061035156,5175.0
2026-08-05 15:36:00,NTCT,,41.5,41.56999969482422,41.5,41.56999969482422,907.0
2026-08-05 15:36:00,NTES,,127.83000183105469,127.8499984741211,127.83000183105469,127.83999633789062,1426.0
2026-08-05 15:36:00,NTNX,,61.19900131225586,61.19900131225586,61.19900131225586,61.19900131225586,26659.0
2026-08-05 15:36:00,NTRA,,271.7950134277344,271.7950134277344,271.7850036621094,271.7850036621094,1157.0
2026-08-05 15:36:00,NTRS,,184.8300018310547,184.8300018310547,184.7100067138672,184.7100067138672,3776.0
2026-08-05 15:36:00,NUWE,,1.6399999856948853,1.6399999856948853,1.6349999904632568,1.6349999904632568,1420.0
2026-08-05 15:36:00,NVAX,,7.614999771118164,7.614999771118164,7.605000019073486,7.614999771118164,12186.0
2026-08-05 15:36:00,NVCR,,16.110000610351562,16.110000610351562,16.110000610351562,16.110000610351562,1939.0
2026-08-05 15:36:00,NVDA,,220.92999267578125,220.9600067138672,220.75050354003906,220.7899932861328,350653.0
2026-08-05 15:36:00,NVEC,,129.0,129.0,129.0,129.0,340.0
2026-08-05 15:36:00,NVMI,,405.29998779296875,405.29998779296875,404.2449951171875,404.2449951171875,1100.0
2026-08-05 15:36:00,NVTS,,12.369999885559082,12.369999885559082,12.354999542236328,12.354999542236328,23670.0
2026-08-05 15:36:00,NWBI,,15.96500015258789,15.96500015258789,15.96500015258789,15.96500015258789,1038.0
2026-08-05 15:36:00,NWL,,6.170100212097168,6.175000190734863,6.170000076293945,6.175000190734863,13569.0
2026-08-05 15:36:00,NWS,,32.82500076293945,32.900001525878906,32.790000915527344,32.88999938964844,14065.0
2026-08-05 15:36:00,NWSA,,28.895000457763672,29.03499984741211,28.871999740600586,29.030000686645508,149092.0
2026-08-05 15:36:00,NXPI,,232.5500030517578,232.65499877929688,232.30999755859375,232.33999633789062,9109.0
2026-08-05 15:36:00,NXST,,188.9696044921875,189.41000366210938,188.9696044921875,189.35000610351562,3092.0
2026-08-05 15:36:00,NXT,,99.92500305175781,100.20500183105469,99.81999969482422,99.81999969482422,15943.0
2026-08-05 15:36:00,OBIO,,4.224999904632568,4.230000019073486,4.224999904632568,4.230000019073486,843.0
2026-08-05 15:36:00,OCCI,,2.494999885559082,2.494999885559082,2.494999885559082,2.494999885559082,400.0
2026-08-05 15:36:00,OCFC,,19.895000457763672,19.899999618530273,19.885000228881836,19.895000457763672,16524.0
2026-08-05 15:36:00,OCGN,,1.274999976158142,1.2799999713897705,1.2700999975204468,1.274999976158142,8109.0
2026-08-05 15:36:00,OCSL,,12.024999618530273,12.029999732971191,12.024999618530273,12.029999732971191,2668.0
2026-08-05 15:36:00,ODD,,15.329999923706055,15.329999923706055,15.329999923706055,15.329999923706055,1823.0
2026-08-05 15:36:00,ODFL,,214.19000244140625,214.49000549316406,214.19000244140625,214.49000549316406,8364.0
2026-08-05 15:36:00,OESX,,15.753399848937988,15.753399848937988,15.444999694824219,15.520000457763672,2804.0
2026-08-05 15:36:00,OKTA,,147.6199951171875,147.7449951171875,147.6199951171875,147.7449951171875,3377.0
2026-08-05 15:36:00,OLLI,,78.30500030517578,78.36000061035156,78.2699966430664,78.36000061035156,8427.0
2026-08-05 15:36:00,OMCL,,37.244998931884766,37.25,37.20000076293945,37.209999084472656,8305.0
2026-08-05 15:36:00,OMER,,12.6850004196167,12.6899995803833,12.6850004196167,12.6899995803833,1804.0
2026-08-05 15:36:00,OMH,,0.11649999767541885,0.11659999936819077,0.11649999767541885,0.11659999936819077,7204.0
2026-08-05 15:36:00,ON,,78.04000091552734,78.04000091552734,77.8550033569336,77.87000274658203,30773.0
2026-08-05 15:36:00,ONB,,26.979999542236328,26.983600616455078,26.979999542236328,26.980100631713867,6146.0
2026-08-05 15:36:00,ONDS,,8.875,8.880000114440918,8.859999656677246,8.875,222709.0
2026-08-05 15:36:00,ONFO,,0.07699999958276749,0.07699999958276749,0.07660000026226044,0.07660000026226044,13590.0
2026-08-05 15:36:00,OPCH,,23.485000610351562,23.5,23.485000610351562,23.5,3071.0
2026-08-05 15:36:00,OPEN,,3.740000009536743,3.740000009536743,3.7300000190734863,3.740000009536743,79689.0
2026-08-05 15:36:00,OPHC,,8.739999771118164,8.739999771118164,8.699999809265137,8.699999809265137,370.0
2026-08-05 15:36:00,OPI,,18.969999313354492,19.049999237060547,18.969999313354492,19.049999237060547,11268.0
2026-08-05 15:36:00,OPK,,1.3301000595092773,1.340000033378601,1.3300000429153442,1.340000033378601,25338.0
2026-08-05 15:36:00,OPRT,,6.039999961853027,6.039999961853027,6.039999961853027,6.039999961853027,1486.0
2026-08-05 15:36:00,OPRX,,6.962100028991699,6.980000019073486,6.962100028991699,6.980000019073486,222.0
2026-08-05 15:36:00,ORGO,,2.3399999141693115,2.3499999046325684,2.3399999141693115,2.3405001163482666,2517.0
2026-08-05 15:36:00,ORIC,,12.789999961853027,12.800000190734863,12.789999961853027,12.800000190734863,2804.0
2026-08-05 15:36:00,ORLY,,93.08999633789062,93.125,93.06500244140625,93.12000274658203,13358.0
2026-08-05 15:36:00,ORRF,,43.2599983215332,43.2599983215332,43.25,43.2599983215332,1666.0
2026-08-05 15:36:00,OSBC,,25.799999237060547,25.799999237060547,25.799999237060547,25.799999237060547,3800.0
2026-08-05 15:36:00,OSPN,,16.399999618530273,16.40999984741211,16.399999618530273,16.40999984741211,802.0
2026-08-05 15:36:00,OSS,,13.40999984741211,13.40999984741211,13.404999732971191,13.404999732971191,2956.0
2026-08-05 15:36:00,OSUR,,4.130000114440918,4.130000114440918,4.130000114440918,4.130000114440918,745.0
2026-08-05 15:36:00,OSW,,26.459999084472656,26.459999084472656,26.450000762939453,26.450000762939453,1269.0
2026-08-05 15:36:00,OTEX,,25.725000381469727,25.725000381469727,25.71500015258789,25.719999313354492,2915.0
2026-08-05 15:36:00,OTLK,,1.0299999713897705,1.0299999713897705,1.024999976158142,1.0299999713897705,5644.0
2026-08-05 15:36:00,OTTR,,92.19499969482422,92.19499969482422,92.19499969482422,92.19499969482422,425.0
2026-08-05 15:36:00,OXLC,,9.164999961853027,9.164999961853027,9.15999984741211,9.15999984741211,329.0
2026-08-05 15:36:00,PAA,,23.126100540161133,23.126100540161133,23.114999771118164,23.114999771118164,12386.0
2026-08-05 15:36:00,PAAS,,48.314998626708984,48.33000183105469,48.29999923706055,48.310001373291016,6516.0
2026-08-05 15:36:00,PACB,,1.309999942779541,1.309999942779541,1.3049999475479126,1.3099000453948975,14943.0
2026-08-05 15:36:00,PAGP,,25.100000381469727,25.104999542236328,25.084999084472656,25.09000015258789,18107.0
2026-08-05 15:36:00,PAHC,,35.619998931884766,35.619998931884766,35.619998931884766,35.619998931884766,1119.0
2026-08-05 15:36:00,PALI,,2.109999895095825,2.109999895095825,2.1050000190734863,2.1050000190734863,1114.0
2026-08-05 15:36:00,PANW,,363.3800048828125,363.7650146484375,363.3800048828125,363.760009765625,8003.0
2026-08-05 15:36:00,PAX,,11.364999771118164,11.364999771118164,11.345000267028809,11.345000267028809,5395.0
2026-08-05 15:36:00,PAYO,,7.125,7.125,7.119999885559082,7.119999885559082,3400.0
2026-08-05 15:36:00,PAYS,,9.0600004196167,9.0600004196167,9.0600004196167,9.0600004196167,1613.0
2026-08-05 15:36:00,PAYX,,117.72000122070312,117.73500061035156,117.69999694824219,117.7300033569336,5222.0
2026-08-05 15:36:00,PCAR,,133.4550018310547,133.47000122070312,133.39999389648438,133.39999389648438,5097.0
2026-08-05 15:36:00,PCRX,,25.0049991607666,25.049999237060547,24.989999771118164,25.010000228881836,16560.0
2026-08-05 15:36:00,PCT,,6.855000019073486,6.860000133514404,6.835000038146973,6.84499979019165,40426.0
2026-08-05 15:36:00,PCTY,,146.5050048828125,146.52000427246094,146.5050048828125,146.52000427246094,1619.0
2026-08-05 15:36:00,PDD,,90.7249984741211,90.73999786376953,90.70999908447266,90.70999908447266,8765.0
2026-08-05 15:36:00,PDEX,,67.18499755859375,67.18499755859375,66.9800033569336,66.9800033569336,1583.0
2026-08-05 15:36:00,PDFS,,50.09000015258789,50.09000015258789,50.09000015258789,50.09000015258789,575.0
2026-08-05 15:36:00,PECO,,41.41999816894531,41.41999816894531,41.41999816894531,41.41999816894531,1714.0
2026-08-05 15:36:00,PEGA,,31.80500030517578,31.80500030517578,31.790000915527344,31.80500030517578,4362.0
2026-08-05 15:36:00,PENN,,19.559999465942383,19.56999969482422,19.559999465942383,19.565000534057617,9829.0
2026-08-05 15:36:00,PEP,,138.4499969482422,138.57699584960938,138.4499969482422,138.56500244140625,11780.0
2026-08-05 15:36:00,PERI,,9.604999542236328,9.609999656677246,9.604999542236328,9.609999656677246,2108.0
2026-08-05 15:36:00,PFBC,,106.49500274658203,106.49500274658203,106.4800033569336,106.4800033569336,921.0
2026-08-05 15:36:00,PFG,,114.23999786376953,114.2699966430664,114.23999786376953,114.2699966430664,1968.0
2026-08-05 15:36:00,PGEN,,6.949999809265137,6.949999809265137,6.929999828338623,6.940000057220459,40147.0
2026-08-05 15:36:00,PGNY,,31.489999771118164,31.489999771118164,31.489999771118164,31.489999771118164,510.0
2026-08-05 15:36:00,PGY,,21.614999771118164,21.614999771118164,21.579999923706055,21.600000381469727,4238.0
2026-08-05 15:36:00,PHAT,,8.324999809265137,8.324999809265137,8.319999694824219,8.324999809265137,3221.0
2026-08-05 15:36:00,PKOH,,41.3650016784668,41.3650016784668,41.2400016784668,41.2400016784668,3264.0
2026-08-05 15:36:00,PLAB,,32.13999938964844,32.13999938964844,32.13999938964844,32.13999938964844,886.0
2026-08-05 15:36:00,PLMR,,134.5800018310547,134.6999969482422,134.53500366210938,134.6699981689453,1917.0
2026-08-05 15:36:00,PLPC,,471.0450134277344,471.0799865722656,471.0450134277344,471.0799865722656,367.0
2026-08-05 15:36:00,PLUG,,2.075000047683716,2.0799999237060547,2.069999933242798,2.075000047683716,16819.0
2026-08-05 15:36:00,PLUR,,1.6699999570846558,1.6700999736785889,1.6699999570846558,1.6700999736785889,1359.0
2026-08-05 15:36:00,PLXS,,275.4849853515625,275.4849853515625,275.1000061035156,275.1000061035156,385.0
2026-08-05 15:36:00,PNFP,,107.43000030517578,107.43000030517578,107.37999725341797,107.37999725341797,920.0
2026-08-05 15:36:00,POCI,,4.25,4.25,4.25,4.25,1214.0
2026-08-05 15:36:00,PODC,,3.4600000381469727,3.4600000381469727,3.4600000381469727,3.4600000381469727,200.0
2026-08-05 15:36:00,POET,,8.1899995803833,8.194999694824219,8.170000076293945,8.170000076293945,9426.0
2026-08-05 15:36:00,POWI,,61.97999954223633,61.97999954223633,61.97999954223633,61.97999954223633,1481.0
2026-08-05 15:36:00,POWL,,210.13999938964844,210.16000366210938,209.99000549316406,210.00999450683594,1292.0
2026-08-05 15:36:00,PPC,,26.375,26.375,26.375,26.375,1001.0
2026-08-05 15:36:00,PPTA,,22.739999771118164,22.7450008392334,22.739999771118164,22.739999771118164,6411.0
2026-08-05 15:36:00,PRAA,,17.270000457763672,17.270000457763672,17.270000457763672,17.270000457763672,1077.0
2026-08-05 15:36:00,PRAX,,316.94000244140625,317.3699951171875,316.94000244140625,317.3699951171875,2772.0
2026-08-05 15:36:00,PRCH,,15.845000267028809,15.845000267028809,15.84000015258789,15.84000015258789,1882.0
2026-08-05 15:36:00,PRCT,,19.385000228881836,19.399999618530273,19.31999969482422,19.350000381469727,20316.0
2026-08-05 15:36:00,PRIM,,83.79000091552734,83.91999816894531,83.76000213623047,83.88500213623047,5873.0
2026-08-05 15:36:00,PRME,,3.0350000858306885,3.0350000858306885,3.0350000858306885,3.0350000858306885,2852.0
2026-08-05 15:36:00,PROF,,8.0,8.055000305175781,7.980000019073486,7.989999771118164,8948.0
2026-08-05 15:36:00,PRPL,,9.325599670410156,9.325599670410156,9.325599670410156,9.325599670410156,174.0
2026-08-05 15:36:00,PRQR,,1.965000033378601,1.965000033378601,1.9601000547409058,1.9601000547409058,1228.0
2026-08-05 15:36:00,PRVA,,23.954999923706055,23.985000610351562,23.950000762939453,23.980100631713867,2985.0
2026-08-05 15:36:00,PSEC,,2.184999942779541,2.190000057220459,2.184999942779541,2.184999942779541,4569.0
2026-08-05 15:36:00,PSMT,,186.47999572753906,186.49000549316406,186.47999572753906,186.49000549316406,1320.0
2026-08-05 15:36:00,PSNL,,13.529999732971191,13.529999732971191,13.510000228881836,13.529999732971191,11902.0
2026-08-05 15:36:00,PSNY,,14.220000267028809,14.220000267028809,14.220000267028809,14.220000267028809,225.0
2026-08-05 15:36:00,PTC,,139.91000366210938,139.91000366210938,139.77999877929688,139.77999877929688,3631.0
2026-08-05 15:36:00,PTCT,,68.5999984741211,68.61000061035156,68.56999969482422,68.56999969482422,1905.0
2026-08-05 15:36:00,PTEN,,9.654999732971191,9.654999732971191,9.649999618530273,9.649999618530273,2438.0
2026-08-05 15:36:00,PTLO,,4.635000228881836,4.635000228881836,4.635000228881836,4.635000228881836,430.0
2026-08-05 15:36:00,PTON,,6.485000133514404,6.489999771118164,6.485000133514404,6.485000133514404,8282.0
2026-08-05 15:36:00,PUBM,,13.569999694824219,13.569999694824219,13.5600004196167,13.569999694824219,6412.0
2026-08-05 15:36:00,PWP,,17.3799991607666,17.40999984741211,17.3799991607666,17.40999984741211,7960.0
2026-08-05 15:36:00,PYPD,,4.599999904632568,4.619999885559082,4.599999904632568,4.605000019073486,1137.0
2026-08-05 15:36:00,PYPL,,57.974998474121094,57.97999954223633,57.959999084472656,57.970001220703125,9996.0
2026-08-05 15:36:00,PYXS,,3.0899999141693115,3.1050000190734863,3.0899999141693115,3.100100040435791,7093.0
2026-08-05 15:36:00,PZZA,,29.760000228881836,29.780000686645508,29.760000228881836,29.767099380493164,3101.0
2026-08-05 15:36:00,QCOM,,158.97000122070312,158.97000122070312,158.72999572753906,158.7899932861328,20901.0
2026-08-05 15:36:00,QRVO,,95.80000305175781,95.80000305175781,95.60970306396484,95.63999938964844,3034.0
2026-08-05 15:36:00,SEED,,1.059999942779541,1.059999942779541,1.0549999475479126,1.059999942779541,937.0
2026-08-05 15:36:00,STIM,,2.4049999713897705,2.4049999713897705,2.4000000953674316,2.4000000953674316,1704.0
2026-08-05 15:36:00,TARA,,3.9749999046325684,3.990000009536743,3.9749999046325684,3.990000009536743,8398.0
2026-08-05 15:36:00,WOOF,,2.944999933242798,2.944999933242798,2.944999933242798,2.944999933242798,2640.0
2026-08-05 15:37:00,ACDC,,4.489999771118164,4.494999885559082,4.489999771118164,4.489999771118164,3541.0
2026-08-05 15:37:00,BPOP,,177.17999267578125,177.23500061035156,177.17999267578125,177.23500061035156,1245.0
2026-08-05 15:37:00,CASH,,89.45999908447266,89.45999908447266,89.37999725341797,89.42500305175781,962.0
2026-08-05 15:37:00,CNXN,,85.95999908447266,85.97000122070312,85.83999633789062,85.91000366210938,8538.0
2026-08-05 15:37:00,DTIL,,7.414999961853027,7.414999961853027,7.40500020980835,7.40500020980835,5243.0
2026-08-05 15:37:00,EYE,,22.950000762939453,22.950000762939453,22.950000762939453,22.950000762939453,2641.0
2026-08-05 15:37:00,FRST,,16.469999313354492,16.469999313354492,16.469999313354492,16.469999313354492,2656.0
2026-08-05 15:37:00,GLUE,,15.329999923706055,15.329999923706055,15.3149995803833,15.319999694824219,4776.0
2026-08-05 15:37:00,KIDS,,21.735000610351562,21.735000610351562,21.735000610351562,21.735000610351562,354.0
2026-08-05 15:37:00,KITTW,,0.013899999670684338,0.013899999670684338,0.013899999670684338,0.013899999670684338,1968.0
2026-08-05 15:37:00,KTTA,,0.45329999923706055,0.45329999923706055,0.45329999923706055,0.45329999923706055,7607.0
2026-08-05 15:37:00,MBRX,,0.39820000529289246,0.39820000529289246,0.3953999876976013,0.39570000767707825,4515.0
2026-08-05 15:37:00,MCRI,,121.44999694824219,121.44999694824219,121.44999694824219,121.44999694824219,148.0
2026-08-05 15:37:00,MDB,,374.4800109863281,374.6400146484375,374.1099853515625,374.489990234375,7276.0
2026-08-05 15:37:00,MDLZ,,62.529998779296875,62.54499816894531,62.52000045776367,62.52000045776367,25512.0
2026-08-05 15:37:00,MNPR,,116.86499786376953,117.87999725341797,116.86499786376953,117.87999725341797,394.0
2026-08-05 15:37:00,MNRO,,13.149999618530273,13.149999618530273,13.149999618530273,13.149999618530273,1787.0
2026-08-05 15:37:00,MNST,,94.2300033569336,94.23999786376953,94.2249984741211,94.2249984741211,6859.0
2026-08-05 15:37:00,MNTK,,1.6799999475479126,1.6799999475479126,1.6799999475479126,1.6799999475479126,291.0
2026-08-05 15:37:00,MNTS,,4.199999809265137,4.21999979019165,4.199999809265137,4.210000038146973,36957.0
2026-08-05 15:37:00,MPWR,,1349.2900390625,1350.3499755859375,1348.5450439453125,1349.02001953125,903.0
2026-08-05 15:37:00,MRNA,,55.95000076293945,56.095001220703125,55.939998626708984,56.09000015258789,19782.0
2026-08-05 15:37:00,MYGN,,3.134999990463257,3.134999990463257,3.125,3.125,7662.0
2026-08-05 15:37:00,MYRG,,339.2049865722656,339.2049865722656,339.2049865722656,339.2049865722656,2404.0
2026-08-05 15:37:00,NAMS,,27.31999969482422,27.339500427246094,27.30500030517578,27.31999969482422,2000.0
2026-08-05 15:37:00,NAUT,,0.9404000043869019,0.9404000043869019,0.9380999803543091,0.9380999803543091,1270.0
2026-08-05 15:37:00,NAVI,,9.104999542236328,9.104999542236328,9.095000267028809,9.100000381469727,5907.0
2026-08-05 15:37:00,NB,,5.034999847412109,5.034999847412109,5.03000020980835,5.03000020980835,5321.0
2026-08-05 15:37:00,NBIX,,162.1999969482422,162.25,162.1999969482422,162.2050018310547,1623.0
2026-08-05 15:37:00,NBTB,,53.209999084472656,53.209999084472656,53.209999084472656,53.209999084472656,255.0
2026-08-05 15:37:00,NBTX,,40.189998626708984,40.189998626708984,39.45000076293945,39.45000076293945,1286.0
2026-08-05 15:37:00,NDAQ,,94.58999633789062,94.62999725341797,94.58999633789062,94.62999725341797,3784.0
2026-08-05 15:37:00,NDLS,,18.219999313354492,18.219999313354492,18.15049934387207,18.15049934387207,1156.0
2026-08-05 15:37:00,NDSN,,310.8900146484375,310.8900146484375,310.8900146484375,310.8900146484375,287.0
2026-08-05 15:37:00,NECB,,27.125,27.125,27.125,27.125,860.0
2026-08-05 15:37:00,NEGG,,17.459999084472656,17.459999084472656,17.459999084472656,17.459999084472656,262.0
2026-08-05 15:37:00,NEO,,15.739999771118164,15.770000457763672,15.739999771118164,15.765000343322754,7321.0
2026-08-05 15:37:00,NEOG,,11.5,11.500100135803223,11.470000267028809,11.479999542236328,11891.0
2026-08-05 15:37:00,NEOV,,2.890199899673462,2.8949999809265137,2.890199899673462,2.8949999809265137,5200.0
2026-08-05 15:37:00,NESR,,28.549999237060547,28.549999237060547,28.530000686645508,28.530000686645508,3638.0
2026-08-05 15:37:00,NEWT,,14.989999771118164,14.989999771118164,14.979999542236328,14.989999771118164,1528.0
2026-08-05 15:37:00,NEXT,,6.429999828338623,6.434999942779541,6.429999828338623,6.434999942779541,2750.0
2026-08-05 15:37:00,NFLX,,73.6801986694336,73.73500061035156,73.68000030517578,73.71620178222656,50573.0
2026-08-05 15:37:00,NGNE,,35.56999969482422,35.56999969482422,35.56999969482422,35.56999969482422,237.0
2026-08-05 15:37:00,NICE,,99.66999816894531,99.73999786376953,99.55500030517578,99.55500030517578,3376.0
2026-08-05 15:37:00,NIU,,2.444999933242798,2.450000047683716,2.444999933242798,2.450000047683716,1648.0
2026-08-05 15:37:00,NKTR,,72.77999877929688,72.77999877929688,72.77999877929688,72.77999877929688,376.0
2026-08-05 15:37:00,NKTX,,2.2100000381469727,2.2149999141693115,2.2100000381469727,2.2149999141693115,678.0
2026-08-05 15:37:00,NMIH,,44.7599983215332,44.77000045776367,44.75,44.77000045776367,2938.0
2026-08-05 15:37:00,NMRK,,15.680000305175781,15.710000038146973,15.680000305175781,15.710000038146973,15027.0
2026-08-05 15:37:00,NN,,14.729999542236328,14.729999542236328,14.729999542236328,14.729999542236328,2834.0
2026-08-05 15:37:00,NNBR,,3.859999895095825,3.875,3.859999895095825,3.875,5857.0
2026-08-05 15:37:00,NNDM,,1.5549999475479126,1.5549999475479126,1.5549999475479126,1.5549999475479126,962.0
2026-08-05 15:37:00,NNOX,,1.01010000705719,1.01010000705719,1.01010000705719,1.01010000705719,608.0
2026-08-05 15:37:00,NOVT,,154.0850067138672,154.1199951171875,154.0850067138672,154.0850067138672,5269.0
2026-08-05 15:37:00,NRDS,,9.0649995803833,9.069999694824219,9.0649995803833,9.069999694824219,4271.0
2026-08-05 15:37:00,NRIX,,24.9950008392334,25.020000457763672,24.9950008392334,24.9950008392334,1426.0
2026-08-05 15:37:00,NTAP,,188.63999938964844,188.85000610351562,188.63999938964844,188.85000610351562,10147.0
2026-08-05 15:37:00,NTCT,,41.505001068115234,41.54999923706055,41.505001068115234,41.505001068115234,4916.0
2026-08-05 15:37:00,NTES,,127.80000305175781,127.81999969482422,127.79000091552734,127.79000091552734,1344.0
2026-08-05 15:37:00,NTGR,,24.299999237060547,24.299999237060547,24.299999237060547,24.299999237060547,1455.0
2026-08-05 15:37:00,NTNX,,61.14250183105469,61.20000076293945,61.13999938964844,61.20000076293945,14382.0
2026-08-05 15:37:00,NTRA,,271.5199890136719,271.7950134277344,271.5199890136719,271.5979919433594,2027.0
2026-08-05 15:37:00,NTRS,,184.60000610351562,184.8300018310547,184.60000610351562,184.8300018310547,8534.0
2026-08-05 15:37:00,NUWE,,1.6399999856948853,1.6399999856948853,1.6399999856948853,1.6399999856948853,2212.0
2026-08-05 15:37:00,NVAX,,7.619999885559082,7.625,7.614999771118164,7.614999771118164,8975.0
2026-08-05 15:37:00,NVCR,,16.09000015258789,16.114999771118164,16.09000015258789,16.100000381469727,7493.0
2026-08-05 15:37:00,NVCT,,19.420000076293945,19.43000030517578,19.3700008392334,19.415000915527344,1900.0
2026-08-05 15:37:00,NVDA,,221.03990173339844,221.13999938964844,220.9300994873047,220.94000244140625,343944.0
2026-08-05 15:37:00,NVMI,,405.760009765625,406.0899963378906,405.5799865722656,405.80999755859375,1194.0
2026-08-05 15:37:00,NVTS,,12.40999984741211,12.40999984741211,12.380000114440918,12.380000114440918,15679.0
2026-08-05 15:37:00,NVX,,0.40059998631477356,0.40059998631477356,0.40059998631477356,0.40059998631477356,448.0
2026-08-05 15:37:00,NWBI,,15.96500015258789,15.96500015258789,15.96500015258789,15.96500015258789,936.0
2026-08-05 15:37:00,NWL,,6.164999961853027,6.175000190734863,6.159999847412109,6.170000076293945,171001.0
2026-08-05 15:37:00,NWS,,32.79999923706055,32.84000015258789,32.79999923706055,32.82500076293945,7800.0
2026-08-05 15:37:00,NWSA,,28.920000076293945,28.94499969482422,28.889999389648438,28.899999618530273,29480.0
2026-08-05 15:37:00,NXPI,,232.86000061035156,232.8699951171875,232.69000244140625,232.75,6681.0
2026-08-05 15:37:00,NXST,,188.9600067138672,188.9600067138672,188.9600067138672,188.9600067138672,533.0
2026-08-05 15:37:00,NXT,,100.0999984741211,100.12000274658203,100.01000213623047,100.01000213623047,3394.0
2026-08-05 15:37:00,OBIO,,4.230000019073486,4.230000019073486,4.224999904632568,4.230000019073486,380.0
2026-08-05 15:37:00,OCC,,15.78499984741211,15.78499984741211,15.78499984741211,15.78499984741211,141.0
2026-08-05 15:37:00,OCFC,,19.875,19.895000457763672,19.875,19.895000457763672,2954.0
2026-08-05 15:37:00,OCGN,,1.2699999809265137,1.274999976158142,1.2699999809265137,1.274999976158142,8020.0
2026-08-05 15:37:00,OCSL,,12.024999618530273,12.024999618530273,12.024999618530273,12.024999618530273,1023.0
2026-08-05 15:37:00,OCUL,,8.5,8.5,8.5,8.5,1826.0
2026-08-05 15:37:00,ODD,,15.34000015258789,15.345000267028809,15.329999923706055,15.345000267028809,732.0
2026-08-05 15:37:00,ODFL,,214.2100067138672,214.2899932861328,214.13499450683594,214.13499450683594,3263.0
2026-08-05 15:37:00,OFIX,,10.574999809265137,10.574999809265137,10.574999809265137,10.574999809265137,860.0
2026-08-05 15:37:00,OKTA,,147.55499267578125,147.6199951171875,147.52999877929688,147.55499267578125,3336.0
2026-08-05 15:37:00,OLLI,,78.29499816894531,78.36000061035156,78.2699966430664,78.30500030517578,7339.0
2026-08-05 15:37:00,OMER,,12.65999984741211,12.699999809265137,12.65999984741211,12.6899995803833,8516.0
2026-08-05 15:37:00,OMEX,,0.7476999759674072,0.7476999759674072,0.7476999759674072,0.7476999759674072,1075.0
2026-08-05 15:37:00,OMH,,0.11649999767541885,0.11649999767541885,0.11649999767541885,0.11649999767541885,1747.0
2026-08-05 15:37:00,ON,,78.08000183105469,78.0999984741211,78.02999877929688,78.04000091552734,24973.0
2026-08-05 15:37:00,ONB,,26.969999313354492,26.979999542236328,26.969999313354492,26.979999542236328,13284.0
2026-08-05 15:37:00,ONCY,,0.7944999933242798,0.7944999933242798,0.7944999933242798,0.7944999933242798,699.0
2026-08-05 15:37:00,ONDS,,8.885000228881836,8.890000343322754,8.869999885559082,8.879899978637695,483328.0
2026-08-05 15:37:00,ONFO,,0.07670000195503235,0.07699999958276749,0.07559999823570251,0.07699999958276749,72502.0
2026-08-05 15:37:00,ONMD,,0.6427000164985657,0.6430000066757202,0.6427000164985657,0.6430000066757202,1250.0
2026-08-05 15:37:00,OPAL,,2.365000009536743,2.369999885559082,2.365000009536743,2.369999885559082,1731.0
2026-08-05 15:37:00,OPCH,,23.475000381469727,23.485000610351562,23.475000381469727,23.485000610351562,3973.0
2026-08-05 15:37:00,OPEN,,3.740000009536743,3.75,3.740000009536743,3.740000009536743,133741.0
2026-08-05 15:37:00,OPI,,19.049999237060547,19.350000381469727,19.049999237060547,19.260000228881836,2149.0
2026-08-05 15:37:00,OPK,,1.3350000381469727,1.3350000381469727,1.3350000381469727,1.3350000381469727,1104.0
2026-08-05 15:37:00,OPRA,,20.030000686645508,20.030000686645508,19.989999771118164,19.989999771118164,3027.0
2026-08-05 15:37:00,OPRT,,6.039999961853027,6.039999961853027,6.039999961853027,6.039999961853027,433.0
2026-08-05 15:37:00,OPRX,,6.980000019073486,6.980000019073486,6.96999979019165,6.96999979019165,1027.0
2026-08-05 15:37:00,ORGO,,2.3450000286102295,2.3499999046325684,2.3450000286102295,2.3450000286102295,880.0
2026-08-05 15:37:00,ORIC,,12.779999732971191,12.789999961853027,12.770000457763672,12.789999961853027,4338.0
2026-08-05 15:37:00,ORLY,,93.08499908447266,93.0999984741211,93.07499694824219,93.0999984741211,11758.0
2026-08-05 15:37:00,OSBC,,25.774999618530273,25.790000915527344,25.774999618530273,25.790000915527344,1084.0
2026-08-05 15:37:00,OSPN,,16.3799991607666,16.3799991607666,16.3799991607666,16.3799991607666,1129.0
2026-08-05 15:37:00,OSS,,13.40999984741211,13.414999961853027,13.40999984741211,13.414999961853027,3681.0
2026-08-05 15:37:00,OSW,,26.5,26.5,26.469999313354492,26.5,2639.0
2026-08-05 15:37:00,OTEX,,25.719999313354492,25.719999313354492,25.709999084472656,25.719999313354492,11536.0
2026-08-05 15:37:00,OTLK,,1.0299999713897705,1.0299999713897705,1.024999976158142,1.0299999713897705,3819.0
2026-08-05 15:37:00,OTTR,,92.16999816894531,92.16999816894531,92.16999816894531,92.16999816894531,498.0
2026-08-05 15:37:00,OVID,,2.5799999237060547,2.5799999237060547,2.5799999237060547,2.5799999237060547,6528.0
2026-08-05 15:37:00,OXLC,,9.14009952545166,9.15999984741211,9.14009952545166,9.15999984741211,4730.0
2026-08-05 15:37:00,OXSQ,,1.5,1.5049999952316284,1.5,1.5049999952316284,16003.0
2026-08-05 15:37:00,PAA,,23.1200008392334,23.1299991607666,23.1200008392334,23.1299991607666,29876.0
2026-08-05 15:37:00,PAAS,,48.30979919433594,48.33000183105469,48.30979919433594,48.31999969482422,12997.0
2026-08-05 15:37:00,PACB,,1.3049999475479126,1.3095999956130981,1.2999999523162842,1.3049999475479126,63190.0
2026-08-05 15:37:00,PAGP,,25.099000930786133,25.104999542236328,25.094999313354492,25.100000381469727,25730.0
2026-08-05 15:37:00,PALI,,2.1050000190734863,2.1050000190734863,2.100100040435791,2.100100040435791,13925.0
2026-08-05 15:37:00,PANL,,7.275000095367432,7.28000020980835,7.275000095367432,7.28000020980835,563.0
2026-08-05 15:37:00,PANW,,363.6099853515625,363.8399963378906,363.3800048828125,363.3800048828125,14431.0
2026-08-05 15:37:00,PATK,,87.93000030517578,87.9800033569336,87.91999816894531,87.9800033569336,2009.0
2026-08-05 15:37:00,PAYO,,7.125,7.125,7.125,7.125,2540.0
2026-08-05 15:37:00,PAYS,,9.0600004196167,9.0600004196167,9.039999961853027,9.0600004196167,2156.0
2026-08-05 15:37:00,PAYX,,117.70999908447266,117.7300033569336,117.69999694824219,117.7300033569336,7208.0
2026-08-05 15:37:00,PCAR,,133.5,133.5,133.42999267578125,133.4499969482422,2927.0
2026-08-05 15:37:00,PCRX,,25.030000686645508,25.079999923706055,25.020000457763672,25.079999923706055,6333.0
2026-08-05 15:37:00,PCT,,6.864999771118164,6.864999771118164,6.855000019073486,6.855000019073486,22693.0
2026-08-05 15:37:00,PCTY,,146.5050048828125,146.5050048828125,146.5050048828125,146.5050048828125,1305.0
2026-08-05 15:37:00,PDD,,90.66999816894531,90.70999908447266,90.66000366210938,90.70999908447266,6014.0
2026-08-05 15:37:00,PDFS,,50.09000015258789,50.09000015258789,50.09000015258789,50.09000015258789,1031.0
2026-08-05 15:37:00,PEBO,,41.59000015258789,41.59000015258789,41.56999969482422,41.56999969482422,1044.0
2026-08-05 15:37:00,PECO,,41.400001525878906,41.40999984741211,41.400001525878906,41.40999984741211,1126.0
2026-08-05 15:37:00,PEGA,,31.780000686645508,31.809999465942383,31.780000686645508,31.80500030517578,4592.0
2026-08-05 15:37:00,PENN,,19.545000076293945,19.579999923706055,19.545000076293945,19.55500030517578,25057.0
2026-08-05 15:37:00,PEP,,138.4600067138672,138.50579833984375,138.4499969482422,138.4499969482422,8547.0
2026-08-05 15:37:00,PERI,,9.614999771118164,9.614999771118164,9.609999656677246,9.609999656677246,1256.0
2026-08-05 15:37:00,PESI,,17.655000686645508,17.67799949645996,17.645000457763672,17.645000457763672,3229.0
2026-08-05 15:37:00,PETS,,1.9709999561309814,1.9709999561309814,1.9709999561309814,1.9709999561309814,122.0
2026-08-05 15:37:00,PFBC,,106.44999694824219,106.56500244140625,106.3949966430664,106.48999786376953,1780.0
2026-08-05 15:37:00,PFG,,114.19000244140625,114.23999786376953,114.19000244140625,114.23999786376953,2663.0
2026-08-05 15:37:00,PGC,,46.59000015258789,46.59000015258789,46.59000015258789,46.59000015258789,439.0
2026-08-05 15:37:00,PGEN,,6.949999809265137,6.954999923706055,6.949999809265137,6.949999809265137,9745.0
2026-08-05 15:37:00,PGY,,21.65999984741211,21.65999984741211,21.604999542236328,21.610000610351562,7754.0
2026-08-05 15:37:00,PHAT,,8.300000190734863,8.335000038146973,8.300000190734863,8.329999923706055,13786.0
2026-08-05 15:37:00,PKOH,,41.595001220703125,41.595001220703125,41.595001220703125,41.595001220703125,270.0
2026-08-05 15:37:00,PLAB,,32.15999984741211,32.15999984741211,32.15999984741211,32.15999984741211,519.0
2026-08-05 15:37:00,PLMR,,134.5500030517578,134.5500030517578,134.53500366210938,134.5500030517578,615.0
2026-08-05 15:37:00,PLSE,,37.70000076293945,37.70000076293945,37.70000076293945,37.70000076293945,640.0
2026-08-05 15:37:00,PLUG,,2.0899999141693115,2.0899999141693115,2.075000047683716,2.075000047683716,804340.0
2026-08-05 15:37:00,PLXS,,275.489990234375,275.5,275.489990234375,275.5,772.0
2026-08-05 15:37:00,PNBK,,1.149999976158142,1.149999976158142,1.1399999856948853,1.1399999856948853,2031.0
2026-08-05 15:37:00,PNFP,,107.44000244140625,107.47000122070312,107.37000274658203,107.43000030517578,6403.0
2026-08-05 15:37:00,PNTG,,38.76499938964844,38.810001373291016,38.76499938964844,38.810001373291016,1965.0
2026-08-05 15:37:00,POCI,,4.25,4.25,4.25,4.25,621.0
2026-08-05 15:37:00,PODC,,3.4800000190734863,3.490000009536743,3.4800000190734863,3.490000009536743,739.0
2026-08-05 15:37:00,POET,,8.1850004196167,8.199999809265137,8.180000305175781,8.199999809265137,32233.0
2026-08-05 15:37:00,POWI,,61.90999984741211,61.9900016784668,61.90999984741211,61.939998626708984,2018.0
2026-08-05 15:37:00,POWL,,210.26499938964844,210.32000732421875,209.9600067138672,209.9600067138672,2407.0
2026-08-05 15:37:00,PPC,,26.389999389648438,26.40999984741211,26.389999389648438,26.389999389648438,7545.0
2026-08-05 15:37:00,PPTA,,22.790000915527344,22.790000915527344,22.75,22.75,8115.0
2026-08-05 15:37:00,PRAA,,17.260000228881836,17.260000228881836,17.260000228881836,17.260000228881836,635.0
2026-08-05 15:37:00,PRAX,,317.07501220703125,317.07501220703125,316.95001220703125,316.95001220703125,963.0
2026-08-05 15:37:00,PRCH,,15.850000381469727,15.850000381469727,15.850000381469727,15.850000381469727,2059.0
2026-08-05 15:37:00,PRCT,,19.5,19.5049991607666,19.385000228881836,19.385000228881836,11191.0
2026-08-05 15:37:00,PRDO,,32.82500076293945,32.82500076293945,32.82500076293945,32.82500076293945,687.0
2026-08-05 15:37:00,PRE,,18.200000762939453,18.200000762939453,18.104999542236328,18.18000030517578,1457.0
2026-08-05 15:37:00,PRGS,,42.310001373291016,42.34000015258789,42.30500030517578,42.34000015258789,3646.0
2026-08-05 15:37:00,PRIM,,83.80000305175781,83.80000305175781,83.72000122070312,83.73999786376953,2977.0
2026-08-05 15:37:00,PRLD,,4.510000228881836,4.510000228881836,4.510000228881836,4.510000228881836,592.0
2026-08-05 15:37:00,PROK,,1.6299999952316284,1.6349999904632568,1.6299999952316284,1.6349999904632568,578.0
2026-08-05 15:37:00,PRTH,,6.650000095367432,6.65500020980835,6.650000095367432,6.65500020980835,303.0
2026-08-05 15:37:00,PRVA,,23.950000762939453,23.950000762939453,23.934999465942383,23.950000762939453,4603.0
2026-08-05 15:37:00,PSEC,,2.184999942779541,2.184999942779541,2.184999942779541,2.184999942779541,481.0
2026-08-05 15:37:00,PSNL,,13.550000190734863,13.555000305175781,13.53499984741211,13.545000076293945,12164.0
2026-08-05 15:37:00,PSNY,,14.225000381469727,14.225000381469727,14.225000381469727,14.225000381469727,180.0
2026-08-05 15:37:00,PTC,,139.9550018310547,139.9550018310547,139.92999267578125,139.92999267578125,1189.0
2026-08-05 15:37:00,PTCT,,68.55500030517578,68.56500244140625,68.55500030517578,68.56500244140625,987.0
2026-08-05 15:37:00,PTEN,,9.654999732971191,9.654999732971191,9.649999618530273,9.649999618530273,5425.0
2026-08-05 15:37:00,PTLO,,4.619999885559082,4.630000114440918,4.619999885559082,4.630000114440918,4387.0
2026-08-05 15:37:00,PTON,,6.505000114440918,6.505000114440918,6.485000133514404,6.485000133514404,25175.0
2026-08-05 15:37:00,PWP,,17.385000228881836,17.399999618530273,17.3799991607666,17.399999618530273,7445.0
2026-08-05 15:37:00,PYPD,,4.590000152587891,4.619999885559082,4.590000152587891,4.599999904632568,3181.0
2026-08-05 15:37:00,PYPL,,57.93000030517578,57.98500061035156,57.93000030517578,57.98500061035156,8691.0
2026-08-05 15:37:00,PYXS,,3.0899999141693115,3.0899999141693115,3.0850000381469727,3.0850000381469727,1542.0
2026-08-05 15:37:00,PZZA,,29.75,29.757200241088867,29.729999542236328,29.73200035095215,16118.0
2026-08-05 15:37:00,QCOM,,159.0240020751953,159.04949951171875,158.9550018310547,158.97999572753906,12618.0
2026-08-05 15:37:00,QFIN,,13.180000305175781,13.180000305175781,13.180000305175781,13.180000305175781,302.0
2026-08-05 15:37:00,QRVO,,95.81999969482422,95.83999633789062,95.76499938964844,95.76499938964844,4026.0
2026-08-05 15:37:00,SEED,,1.0499999523162842,1.059999942779541,1.0499999523162842,1.059999942779541,1544.0
2026-08-05 15:37:00,STIM,,2.4000000953674316,2.4049999713897705,2.4000000953674316,2.4049999713897705,5696.0
2026-08-05 15:37:00,TARA,,3.9749999046325684,3.9749999046325684,3.9749999046325684,3.9749999046325684,487.0
2026-08-05 15:37:00,WOOF,,2.944999933242798,2.944999933242798,2.940000057220459,2.940000057220459,28338.0
2026-08-05 15:38:00,ACDC,,4.505000114440918,4.505000114440918,4.489999771118164,4.494999885559082,21861.0
2026-08-05 15:38:00,BPOP,,177.17999267578125,177.17999267578125,177.15499877929688,177.1699981689453,2468.0
2026-08-05 15:38:00,BPRN,,42.04999923706055,42.04999923706055,42.04999923706055,42.04999923706055,229.0
2026-08-05 15:38:00,CASH,,89.38999938964844,89.45999908447266,89.38999938964844,89.45999908447266,1460.0
2026-08-05 15:38:00,CNXN,,85.98249816894531,85.98249816894531,85.98249816894531,85.98249816894531,1283.0
2026-08-05 15:38:00,EYE,,22.940000534057617,22.950000762939453,22.940000534057617,22.950000762939453,4746.0
2026-08-05 15:38:00,FRST,,16.450000762939453,16.454999923706055,16.450000762939453,16.450000762939453,2812.0
2026-08-05 15:38:00,GLUE,,15.335000038146973,15.34000015258789,15.329999923706055,15.329999923706055,2532.0
2026-08-05 15:38:00,KIDS,,21.729999542236328,21.729999542236328,21.729999542236328,21.729999542236328,127.0
2026-08-05 15:38:00,KITT,,1.0398999452590942,1.0398999452590942,1.0199999809265137,1.0199999809265137,1033.0
2026-08-05 15:38:00,MBRX,,0.396699994802475,0.397599995136261,0.396699994802475,0.397599995136261,0.0
2026-08-05 15:38:00,MCRI,,121.59500122070312,121.59500122070312,121.55000305175781,121.55000305175781,1436.0
2026-08-05 15:38:00,MDB,,375.7200012207031,376.1700134277344,374.4800109863281,374.4800109863281,12258.0
2026-08-05 15:38:00,MDLZ,,62.500999450683594,62.529998779296875,62.5,62.529998779296875,15662.0
2026-08-05 15:38:00,MLTX,,17.520000457763672,17.524999618530273,17.5,17.5,3878.0
2026-08-05 15:38:00,MNPR,,117.49500274658203,117.49500274658203,117.49500274658203,117.49500274658203,254.0
2026-08-05 15:38:00,MNRO,,13.175000190734863,13.175000190734863,13.15999984741211,13.15999984741211,2509.0
2026-08-05 15:38:00,MNST,,94.20999908447266,94.2300033569336,94.20999908447266,94.22000122070312,5996.0
2026-08-05 15:38:00,MNTK,,1.684999942779541,1.684999942779541,1.6799999475479126,1.6799999475479126,2593.0
2026-08-05 15:38:00,MNTS,,4.199999809265137,4.199999809265137,4.199999809265137,4.199999809265137,1220.0
2026-08-05 15:38:00,MOVE,,12.289999961853027,12.289999961853027,12.289999961853027,12.289999961853027,1611.0
2026-08-05 15:38:00,MPWR,,1350.0050048828125,1350.52001953125,1349.4439697265625,1350.25,481.0
2026-08-05 15:38:00,MRNA,,55.86000061035156,55.97999954223633,55.849998474121094,55.935001373291016,34183.0
2026-08-05 15:38:00,MYGN,,3.1449999809265137,3.1449999809265137,3.134999990463257,3.134999990463257,6980.0
2026-08-05 15:38:00,MYRG,,339.8699951171875,339.8699951171875,339.8699951171875,339.8699951171875,106.0
2026-08-05 15:38:00,NAII,,2.25,2.265000104904175,2.25,2.265000104904175,825.0
2026-08-05 15:38:00,NAMS,,27.3799991607666,27.3799991607666,27.360000610351562,27.360000610351562,4068.0
2026-08-05 15:38:00,NATR,,20.040000915527344,20.040000915527344,20.040000915527344,20.040000915527344,225.0
2026-08-05 15:38:00,NAUT,,0.9478999972343445,0.9480000138282776,0.9399999976158142,0.9399999976158142,3256.0
2026-08-05 15:38:00,NAVI,,9.109999656677246,9.109999656677246,9.109999656677246,9.109999656677246,2355.0
2026-08-05 15:38:00,NB,,5.045000076293945,5.045000076293945,5.034999847412109,5.034999847412109,4280.0
2026-08-05 15:38:00,NBIX,,162.1699981689453,162.2100067138672,162.13999938964844,162.2100067138672,3098.0
2026-08-05 15:38:00,NBTB,,53.21500015258789,53.21500015258789,53.21500015258789,53.21500015258789,1267.0
2026-08-05 15:38:00,NBTX,,40.119998931884766,40.119998931884766,40.119998931884766,40.119998931884766,283.0
2026-08-05 15:38:00,NDAQ,,94.5999984741211,94.5999984741211,94.56999969482422,94.56999969482422,1655.0
2026-08-05 15:38:00,NDLS,,18.219999313354492,18.219999313354492,18.219999313354492,18.219999313354492,732.0
2026-08-05 15:38:00,NDSN,,310.7799987792969,310.8999938964844,310.7799987792969,310.8999938964844,1423.0
2026-08-05 15:38:00,NEO,,15.739999771118164,15.755000114440918,15.739999771118164,15.75,5879.0
2026-08-05 15:38:00,NEOG,,11.494999885559082,11.505000114440918,11.494999885559082,11.505000114440918,9239.0
2026-08-05 15:38:00,NEOV,,2.8970999717712402,2.8970999717712402,2.8970999717712402,2.8970999717712402,893.0
2026-08-05 15:38:00,NESR,,28.559999465942383,28.559999465942383,28.549999237060547,28.549999237060547,3405.0
2026-08-05 15:38:00,NEWT,,14.984999656677246,14.994999885559082,14.979999542236328,14.979999542236328,1845.0
2026-08-05 15:38:00,NEXT,,6.434999942779541,6.434999942779541,6.434999942779541,6.434999942779541,256.0
2026-08-05 15:38:00,NFE,,0.3391000032424927,0.3391000032424927,0.3384000062942505,0.3384000062942505,4530.0
2026-08-05 15:38:00,NFLX,,73.66500091552734,73.69999694824219,73.66020202636719,73.68000030517578,46512.0
2026-08-05 15:38:00,NGNE,,35.564998626708984,35.689998626708984,35.564998626708984,35.68000030517578,685.0
2026-08-05 15:38:00,NICE,,99.48999786376953,99.72000122070312,99.48999786376953,99.70500183105469,5772.0
2026-08-05 15:38:00,NKTR,,72.70999908447266,72.77999877929688,72.70999908447266,72.77999877929688,2495.0
2026-08-05 15:38:00,NKTX,,2.2100000381469727,2.2100000381469727,2.2100000381469727,2.2100000381469727,785.0
2026-08-05 15:38:00,NMIH,,44.790000915527344,44.790000915527344,44.779998779296875,44.779998779296875,1653.0
2026-08-05 15:38:00,NMRK,,15.680000305175781,15.680000305175781,15.670000076293945,15.670000076293945,1353.0
2026-08-05 15:38:00,NN,,14.779999732971191,14.800000190734863,14.744999885559082,14.75,18685.0
2026-08-05 15:38:00,NNBR,,3.8550000190734863,3.859999895095825,3.8550000190734863,3.859999895095825,1524.0
2026-08-05 15:38:00,NNDM,,1.5549999475479126,1.5549999475479126,1.5549999475479126,1.5549999475479126,987.0
2026-08-05 15:38:00,NOVT,,154.08999633789062,154.08999633789062,154.0850067138672,154.0850067138672,2064.0
2026-08-05 15:38:00,NRDS,,9.074999809265137,9.074999809265137,9.0649995803833,9.0649995803833,3469.0
2026-08-05 15:38:00,NRIX,,25.010000228881836,25.010000228881836,24.989999771118164,24.9950008392334,921.0
2026-08-05 15:38:00,NSSC,,40.279998779296875,40.310001373291016,40.279998779296875,40.310001373291016,1871.0
2026-08-05 15:38:00,NTAP,,188.6750030517578,188.6999969482422,188.6300048828125,188.64999389648438,4676.0
2026-08-05 15:38:00,NTCT,,41.31999969482422,41.51250076293945,41.31999969482422,41.51250076293945,5421.0
2026-08-05 15:38:00,NTES,,127.80999755859375,127.80999755859375,127.80000305175781,127.80000305175781,926.0
2026-08-05 15:38:00,NTGR,,24.270000457763672,24.290000915527344,24.270000457763672,24.290000915527344,1029.0
2026-08-05 15:38:00,NTNX,,61.119998931884766,61.14500045776367,61.119998931884766,61.13999938964844,13292.0
2026-08-05 15:38:00,NTRA,,272.17999267578125,272.17999267578125,272.0299987792969,272.0299987792969,1951.0
2026-08-05 15:38:00,NTRS,,184.7100067138672,184.7100067138672,184.58999633789062,184.58999633789062,1870.0
2026-08-05 15:38:00,NTRSO,,18.399999618530273,18.40999984741211,18.399999618530273,18.40999984741211,690.0
2026-08-05 15:38:00,NUWE,,1.6349999904632568,1.6398999691009521,1.6349999904632568,1.6349999904632568,3143.0
2026-08-05 15:38:00,NVAX,,7.605000019073486,7.619999885559082,7.59499979019165,7.619999885559082,42464.0
2026-08-05 15:38:00,NVCR,,16.09000015258789,16.09000015258789,16.09000015258789,16.09000015258789,1208.0
2026-08-05 15:38:00,NVDA,,220.8000030517578,221.1300048828125,220.7899932861328,221.0399932861328,344534.0
2026-08-05 15:38:00,NVEC,,128.97999572753906,129.47500610351562,128.8249969482422,129.47500610351562,2210.0
2026-08-05 15:38:00,NVMI,,406.6099853515625,406.6099853515625,406.25,406.5299987792969,1593.0
2026-08-05 15:38:00,NVTS,,12.414999961853027,12.420000076293945,12.404999732971191,12.404999732971191,11269.0
2026-08-05 15:38:00,NWBI,,15.96500015258789,15.970000267028809,15.96500015258789,15.970000267028809,2622.0
2026-08-05 15:38:00,NWFL,,33.810001373291016,33.810001373291016,33.810001373291016,33.810001373291016,783.0
2026-08-05 15:38:00,NWGL,,0.2639000117778778,0.2639000117778778,0.2639000117778778,0.2639000117778778,0.0
2026-08-05 15:38:00,NWL,,6.159999847412109,6.164999961853027,6.159999847412109,6.164999961853027,5544.0
2026-08-05 15:38:00,NWPX,,126.13999938964844,126.13999938964844,126.13999938964844,126.13999938964844,401.0
2026-08-05 15:38:00,NWS,,32.814998626708984,32.83000183105469,32.79999923706055,32.810001373291016,9421.0
2026-08-05 15:38:00,NWSA,,28.954999923706055,28.954999923706055,28.899999618530273,28.90999984741211,32653.0
2026-08-05 15:38:00,NXPI,,232.75599670410156,233.02000427246094,232.75599670410156,232.89999389648438,6595.0
2026-08-05 15:38:00,NXST,,189.06500244140625,189.25,188.97999572753906,189.02499389648438,1375.0
2026-08-05 15:38:00,NXT,,100.38999938964844,100.38999938964844,100.08999633789062,100.08999633789062,7194.0
2026-08-05 15:38:00,OBIO,,4.230000019073486,4.230000019073486,4.230000019073486,4.230000019073486,400.0
2026-08-05 15:38:00,OCC,,15.729999542236328,15.760000228881836,15.729999542236328,15.760000228881836,2393.0
2026-08-05 15:38:00,OCCI,,2.490000009536743,2.490000009536743,2.490000009536743,2.490000009536743,1633.0
2026-08-05 15:38:00,OCFC,,19.875,19.875,19.850000381469727,19.875,7901.0
2026-08-05 15:38:00,OCGN,,1.2699999809265137,1.2768000364303589,1.2699999809265137,1.2768000364303589,9099.0
2026-08-05 15:38:00,OCSL,,12.024999618530273,12.029999732971191,12.020000457763672,12.020000457763672,515.0
2026-08-05 15:38:00,OCUL,,8.5,8.5,8.494999885559082,8.494999885559082,5529.0
2026-08-05 15:38:00,ODD,,15.289999961853027,15.350000381469727,15.279999732971191,15.34000015258789,6990.0
2026-08-05 15:38:00,ODFL,,214.0749969482422,214.2050018310547,214.0749969482422,214.2050018310547,3417.0
2026-08-05 15:38:00,OESX,,15.653300285339355,15.653300285339355,15.653300285339355,15.653300285339355,257.0
2026-08-05 15:38:00,OFIX,,10.574999809265137,10.574999809265137,10.574999809265137,10.574999809265137,1083.0
2026-08-05 15:38:00,OGI,,0.9539999961853027,0.9539999961853027,0.9539999961853027,0.9539999961853027,1176.0
2026-08-05 15:38:00,OKTA,,147.5800018310547,147.5850067138672,147.52999877929688,147.5800018310547,3320.0
2026-08-05 15:38:00,OLLI,,78.41999816894531,78.41999816894531,78.29499816894531,78.29499816894531,5647.0
2026-08-05 15:38:00,OLMA,,11.454999923706055,11.454999923706055,11.454999923706055,11.454999923706055,1304.0
2026-08-05 15:38:00,OM,,5.085000038146973,5.085000038146973,5.085000038146973,5.085000038146973,148.0
2026-08-05 15:38:00,OMCL,,37.25,37.25,37.25,37.25,750.0
2026-08-05 15:38:00,OMER,,12.6899995803833,12.6899995803833,12.680000305175781,12.680000305175781,2302.0
2026-08-05 15:38:00,OMH,,0.11559999734163284,0.11559999734163284,0.11559999734163284,0.11559999734163284,6362.0
2026-08-05 15:38:00,ON,,78.08000183105469,78.12000274658203,78.05999755859375,78.08999633789062,20251.0
2026-08-05 15:38:00,ONB,,26.969999313354492,26.969999313354492,26.959999084472656,26.959999084472656,4680.0
2026-08-05 15:38:00,ONBPO,,24.809999465942383,24.809999465942383,24.809999465942383,24.809999465942383,628.0
2026-08-05 15:38:00,ONDS,,8.895000457763672,8.899999618530273,8.880000114440918,8.885000228881836,270647.0
2026-08-05 15:38:00,ONFO,,0.07609999924898148,0.0763000026345253,0.07609999924898148,0.0763000026345253,11220.0
2026-08-05 15:38:00,ONMD,,0.6417999863624573,0.6417999863624573,0.6417999863624573,0.6417999863624573,1042.0
2026-08-05 15:38:00,OPAL,,2.365000009536743,2.365000009536743,2.365000009536743,2.365000009536743,202.0
2026-08-05 15:38:00,OPCH,,23.485000610351562,23.489999771118164,23.475000381469727,23.475000381469727,3537.0
2026-08-05 15:38:00,OPEN,,3.75,3.75,3.740000009536743,3.744999885559082,70717.0
2026-08-05 15:38:00,OPHC,,8.699999809265137,8.699999809265137,8.699999809265137,8.699999809265137,202.0
2026-08-05 15:38:00,OPI,,19.05500030517578,19.19499969482422,19.049999237060547,19.049999237060547,4507.0
2026-08-05 15:38:00,OPK,,1.3450000286102295,1.3450000286102295,1.3350000381469727,1.3350000381469727,60270.0
2026-08-05 15:38:00,OPRT,,6.034999847412109,6.046500205993652,6.034999847412109,6.045000076293945,6931.0
2026-08-05 15:38:00,OPRX,,6.96750020980835,6.974999904632568,6.96750020980835,6.974999904632568,1574.0
2026-08-05 15:38:00,ORGO,,2.3450000286102295,2.3499999046325684,2.3450000286102295,2.3499999046325684,311.0
2026-08-05 15:38:00,ORIC,,12.789999961853027,12.800000190734863,12.770000457763672,12.779999732971191,3530.0
2026-08-05 15:38:00,ORLY,,93.11000061035156,93.12999725341797,93.06500244140625,93.08000183105469,15454.0
2026-08-05 15:38:00,OSBC,,25.780000686645508,25.780000686645508,25.770000457763672,25.774999618530273,3454.0
2026-08-05 15:38:00,OSIS,,236.77000427246094,236.77000427246094,236.77000427246094,236.77000427246094,355.0
2026-08-05 15:38:00,OSPN,,16.360000610351562,16.364999771118164,16.34000015258789,16.364999771118164,2051.0
2026-08-05 15:38:00,OSS,,13.380000114440918,13.404999732971191,13.380000114440918,13.404999732971191,3630.0
2026-08-05 15:38:00,OSUR,,4.130000114440918,4.130000114440918,4.130000114440918,4.130000114440918,465.0
2026-08-05 15:38:00,OSW,,26.5,26.5,26.5,26.5,1174.0
2026-08-05 15:38:00,OTEX,,25.733999252319336,25.735000610351562,25.733999252319336,25.735000610351562,2652.0
2026-08-05 15:38:00,OTLK,,1.024999976158142,1.024999976158142,1.0202000141143799,1.0202000141143799,5973.0
2026-08-05 15:38:00,OTTR,,92.34500122070312,92.34500122070312,92.12999725341797,92.16500091552734,6045.0
2026-08-05 15:38:00,OVID,,2.5850000381469727,2.5850000381469727,2.5850000381469727,2.5850000381469727,1583.0
2026-08-05 15:38:00,PAA,,23.145000457763672,23.145000457763672,23.125,23.125,15812.0
2026-08-05 15:38:00,PAAS,,48.29999923706055,48.31999969482422,48.29999923706055,48.310001373291016,4607.0
2026-08-05 15:38:00,PACB,,1.3049999475479126,1.309999942779541,1.2999999523162842,1.3049999475479126,49999.0
2026-08-05 15:38:00,PAGP,,25.1299991607666,25.1299991607666,25.094999313354492,25.100000381469727,9381.0
2026-08-05 15:38:00,PALI,,2.109100103378296,2.109999895095825,2.1050000190734863,2.109999895095825,10989.0
2026-08-05 15:38:00,PANL,,7.284999847412109,7.284999847412109,7.28000020980835,7.28000020980835,867.0
2026-08-05 15:38:00,PANW,,363.614990234375,363.625,363.5,363.6199951171875,5613.0
2026-08-05 15:38:00,PAX,,11.364999771118164,11.364999771118164,11.354999542236328,11.359999656677246,5528.0
2026-08-05 15:38:00,PAYO,,7.119999885559082,7.125,7.119999885559082,7.119999885559082,1394.0
2026-08-05 15:38:00,PAYS,,9.029999732971191,9.074999809265137,9.029999732971191,9.074999809265137,2397.0
2026-08-05 15:38:00,PAYX,,117.62999725341797,117.62999725341797,117.59500122070312,117.62000274658203,4479.0
2026-08-05 15:38:00,PCAR,,133.60000610351562,133.60000610351562,133.49000549316406,133.49000549316406,5367.0
2026-08-05 15:38:00,PCRX,,25.1299991607666,25.1299991607666,25.0,25.020000457763672,13639.0
2026-08-05 15:38:00,PCSA,,2.25,2.25,2.2300000190734863,2.2300000190734863,1556.0
2026-08-05 15:38:00,PCT,,6.885000228881836,6.885000228881836,6.860000133514404,6.864999771118164,25913.0
2026-08-05 15:38:00,PCTY,,146.5050048828125,146.5050048828125,146.5050048828125,146.5050048828125,948.0
2026-08-05 15:38:00,PDD,,90.66000366210938,90.68000030517578,90.66000366210938,90.68000030517578,5320.0
2026-08-05 15:38:00,PEBO,,41.59000015258789,41.59000015258789,41.59000015258789,41.59000015258789,2493.0
2026-08-05 15:38:00,PECO,,41.369998931884766,41.380001068115234,41.369998931884766,41.380001068115234,1436.0
2026-08-05 15:38:00,PEGA,,31.80500030517578,31.80500030517578,31.78499984741211,31.790000915527344,6680.0
2026-08-05 15:38:00,PENN,,19.549999237060547,19.559999465942383,19.545000076293945,19.545000076293945,10660.0
2026-08-05 15:38:00,PEP,,138.4149932861328,138.4600067138672,138.4149932861328,138.4499969482422,12421.0
2026-08-05 15:38:00,PERI,,9.630000114440918,9.630000114440918,9.630000114440918,9.630000114440918,742.0
2026-08-05 15:38:00,PFBC,,106.47000122070312,106.48500061035156,106.47000122070312,106.48500061035156,1369.0
2026-08-05 15:38:00,PFG,,114.26000213623047,114.26000213623047,114.1500015258789,114.1500015258789,7229.0
2026-08-05 15:38:00,PGC,,46.55500030517578,46.55500030517578,46.55500030517578,46.55500030517578,239.0
2026-08-05 15:38:00,PGEN,,6.974999904632568,6.980000019073486,6.954999923706055,6.954999923706055,15410.0
2026-08-05 15:38:00,PGNY,,31.520000457763672,31.520000457763672,31.510000228881836,31.510000228881836,1201.0
2026-08-05 15:38:00,PGY,,21.700000762939453,21.709999084472656,21.680200576782227,21.690000534057617,7737.0
2026-08-05 15:38:00,PHAT,,8.300000190734863,8.300000190734863,8.300000190734863,8.300000190734863,11288.0
2026-08-05 15:38:00,PHVS,,33.54999923706055,33.54999923706055,33.5,33.5,637.0
2026-08-05 15:38:00,PLAB,,32.19499969482422,32.19499969482422,32.18000030517578,32.18000030517578,2408.0
2026-08-05 15:38:00,PLMR,,134.8300018310547,135.53500366210938,134.50999450683594,134.5449981689453,4511.0
2026-08-05 15:38:00,PLPC,,472.2349853515625,473.5299987792969,472.010009765625,472.69000244140625,2826.0
2026-08-05 15:38:00,PLTK,,3.9149999618530273,3.9149999618530273,3.9100000858306885,3.9100000858306885,1742.0
2026-08-05 15:38:00,PLUG,,2.089900016784668,2.0899999141693115,2.0799999237060547,2.089900016784668,119807.0
2026-08-05 15:38:00,PLXS,,275.43499755859375,275.489990234375,275.43499755859375,275.4700012207031,883.0
2026-08-05 15:38:00,PNFP,,107.45999908447266,107.46749877929688,107.44000244140625,107.44000244140625,1657.0
2026-08-05 15:38:00,PNTG,,38.7400016784668,38.76499938964844,38.7400016784668,38.76499938964844,1734.0
2026-08-05 15:38:00,POET,,8.194999694824219,8.199999809265137,8.1899995803833,8.1899995803833,6961.0
2026-08-05 15:38:00,POOL,,205.9499969482422,205.9499969482422,205.94000244140625,205.9499969482422,708.0
2026-08-05 15:38:00,POWI,,62.0099983215332,62.060001373291016,62.0,62.025001525878906,6651.0
2026-08-05 15:38:00,POWL,,210.3000030517578,210.36000061035156,210.22000122070312,210.22000122070312,2381.0
2026-08-05 15:38:00,PPBT,,1.4900000095367432,1.4900000095367432,1.4900000095367432,1.4900000095367432,438.0
2026-08-05 15:38:00,PPC,,26.3700008392334,26.3799991607666,26.3700008392334,26.3799991607666,3523.0
2026-08-05 15:38:00,PPTA,,22.81999969482422,22.829999923706055,22.78499984741211,22.78499984741211,10153.0
2026-08-05 15:38:00,PRCH,,15.859999656677246,15.869999885559082,15.859999656677246,15.859999656677246,3791.0
2026-08-05 15:38:00,PRCT,,19.530000686645508,19.6200008392334,19.514999389648438,19.514999389648438,21844.0
2026-08-05 15:38:00,PRGS,,42.2599983215332,42.290000915527344,42.2599983215332,42.290000915527344,3079.0
2026-08-05 15:38:00,PRIM,,83.62000274658203,83.8499984741211,83.62000274658203,83.8499984741211,9010.0
2026-08-05 15:38:00,PRLD,,4.5,4.510000228881836,4.5,4.510000228881836,1667.0
2026-08-05 15:38:00,PROF,,8.03499984741211,8.03499984741211,8.03499984741211,8.03499984741211,587.0
2026-08-05 15:38:00,PROK,,1.6349999904632568,1.6349999904632568,1.6299999952316284,1.6349999904632568,702.0
2026-08-05 15:38:00,PRQR,,1.965000033378601,1.965000033378601,1.965000033378601,1.965000033378601,218.0
2026-08-05 15:38:00,PRSO,,0.7084000110626221,0.7084000110626221,0.7084000110626221,0.7084000110626221,101.0
2026-08-05 15:38:00,PRTA,,8.404999732971191,8.404999732971191,8.404999732971191,8.404999732971191,686.0
2026-08-05 15:38:00,PRTH,,6.670000076293945,6.670000076293945,6.6596999168396,6.659999847412109,4089.0
2026-08-05 15:38:00,PRVA,,23.959999084472656,23.959999084472656,23.940000534057617,23.940000534057617,3020.0
2026-08-05 15:38:00,PRZO,,0.559499979019165,0.559499979019165,0.559499979019165,0.559499979019165,213.0
2026-08-05 15:38:00,PSEC,,2.184999942779541,2.184999942779541,2.180000066757202,2.1800999641418457,45592.0
2026-08-05 15:38:00,PSMT,,186.10000610351562,186.10000610351562,186.10000610351562,186.10000610351562,1285.0
2026-08-05 15:38:00,PSNL,,13.539999961853027,13.539999961853027,13.539999961853027,13.539999961853027,961.0
2026-08-05 15:38:00,PSNY,,14.270000457763672,14.270000457763672,14.225000381469727,14.225000381469727,1464.0
2026-08-05 15:38:00,PTC,,139.8699951171875,139.9550018310547,139.8699951171875,139.9499969482422,1297.0
2026-08-05 15:38:00,PTCT,,68.5250015258789,68.56999969482422,68.5250015258789,68.55500030517578,3439.0
2026-08-05 15:38:00,PTEN,,9.649999618530273,9.65999984741211,9.649999618530273,9.649999618530273,6050.0
2026-08-05 15:38:00,PTLO,,4.625,4.625,4.625,4.625,959.0
2026-08-05 15:38:00,PTON,,6.510000228881836,6.514999866485596,6.505000114440918,6.505000114440918,23767.0
2026-08-05 15:38:00,PUBM,,13.600000381469727,13.600000381469727,13.579999923706055,13.579999923706055,2748.0
2026-08-05 15:38:00,PWP,,17.43000030517578,17.43000030517578,17.3799991607666,17.389999389648438,6079.0
2026-08-05 15:38:00,PYPD,,4.5995001792907715,4.5995001792907715,4.5995001792907715,4.5995001792907715,267.0
2026-08-05 15:38:00,PYPL,,57.935001373291016,57.94499969482422,57.91999816894531,57.93000030517578,16061.0
2026-08-05 15:38:00,PYXS,,3.0850000381469727,3.0850000381469727,3.0850000381469727,3.0850000381469727,280.0
2026-08-05 15:38:00,PZZA,,29.75,29.760000228881836,29.739999771118164,29.760000228881836,2069.0
2026-08-05 15:38:00,QCOM,,158.9250030517578,159.0399932861328,158.9250030517578,159.0399932861328,7605.0
2026-08-05 15:38:00,QCRH,,105.06999969482422,105.06999969482422,105.06999969482422,105.06999969482422,522.0
2026-08-05 15:38:00,QFIN,,13.180000305175781,13.180000305175781,13.180000305175781,13.180000305175781,405.0
2026-08-05 15:38:00,QRVO,,95.87000274658203,95.87000274658203,95.83999633789062,95.83999633789062,1892.0
2026-08-05 15:38:00,SEED,,1.0500999689102173,1.0597000122070312,1.0499999523162842,1.0549999475479126,7464.0
2026-08-05 15:38:00,STIM,,2.4149999618530273,2.4149999618530273,2.3949999809265137,2.3949999809265137,7458.0
2026-08-05 15:38:00,WOOF,,2.934999942779541,2.950000047683716,2.934999942779541,2.950000047683716,14924.0
2026-08-05 15:39:00,ACDC,,4.510000228881836,4.514999866485596,4.505000114440918,4.505000114440918,13721.0
2026-08-05 15:39:00,BPOP,,177.27000427246094,177.27000427246094,177.27000427246094,177.27000427246094,461.0
2026-08-05 15:39:00,BPRN,,42.04999923706055,42.04999923706055,42.04999923706055,42.04999923706055,414.0
2026-08-05 15:39:00,CASH,,89.31999969482422,89.31999969482422,89.27999877929688,89.29000091552734,1377.0
2026-08-05 15:39:00,DTIL,,7.449999809265137,7.449999809265137,7.416999816894531,7.420000076293945,2945.0
2026-08-05 15:39:00,EYE,,22.934999465942383,22.94499969482422,22.934999465942383,22.940000534057617,6881.0
2026-08-05 15:39:00,FRST,,16.450000762939453,16.450000762939453,16.450000762939453,16.450000762939453,1510.0
2026-08-05 15:39:00,GLUE,,15.319999694824219,15.335000038146973,15.319999694824219,15.319999694824219,5347.0
2026-08-05 15:39:00,KIDS,,21.65999984741211,21.725000381469727,21.454999923706055,21.579999923706055,5490.0
2026-08-05 15:39:00,KTTA,,0.4505000114440918,0.4505999982357025,0.4505000114440918,0.4505999982357025,2281.0
2026-08-05 15:39:00,MBRX,,0.39660000801086426,0.39660000801086426,0.39660000801086426,0.39660000801086426,817.0
2026-08-05 15:39:00,MCRI,,122.04000091552734,122.04000091552734,121.7699966430664,121.7699966430664,1975.0
2026-08-05 15:39:00,MDB,,376.239990234375,376.239990234375,375.8074951171875,375.989990234375,4598.0
2026-08-05 15:39:00,MDLZ,,62.525001525878906,62.525001525878906,62.5,62.512001037597656,15429.0
2026-08-05 15:39:00,MLECW,,0.016599999740719795,0.016599999740719795,0.016599999740719795,0.016599999740719795,133.0
2026-08-05 15:39:00,MNPR,,117.76499938964844,117.76499938964844,117.76499938964844,117.76499938964844,570.0
2026-08-05 15:39:00,MNRO,,13.170000076293945,13.180000305175781,13.170000076293945,13.180000305175781,5584.0
2026-08-05 15:39:00,MNST,,94.18000030517578,94.22000122070312,94.18000030517578,94.21499633789062,5797.0
2026-08-05 15:39:00,MNTS,,4.21999979019165,4.21999979019165,4.199900150299072,4.210000038146973,14402.0
2026-08-05 15:39:00,MPWR,,1348.5849609375,1349.9300537109375,1348.56494140625,1349.6600341796875,1011.0
2026-08-05 15:39:00,MRNA,,55.91999816894531,55.91999816894531,55.8400993347168,55.869998931884766,15084.0
2026-08-05 15:39:00,MYGN,,3.1600000858306885,3.1649999618530273,3.1500000953674316,3.1500000953674316,13290.0
2026-08-05 15:39:00,MYPS,,0.73580002784729,0.73580002784729,0.7272999882698059,0.7272999882698059,2141.0
2026-08-05 15:39:00,MYRG,,339.3349914550781,339.7699890136719,338.5,339.0675048828125,4437.0
2026-08-05 15:39:00,NAMS,,27.375,27.389999389648438,27.3700008392334,27.3700008392334,1974.0
2026-08-05 15:39:00,NATH,,98.47000122070312,98.47000122070312,98.47000122070312,98.47000122070312,903.0
2026-08-05 15:39:00,NATR,,20.0,20.0,19.979999542236328,20.0,1556.0
2026-08-05 15:39:00,NAVI,,9.125,9.125,9.119999885559082,9.119999885559082,1249.0
2026-08-05 15:39:00,NB,,5.04010009765625,5.045000076293945,5.04010009765625,5.045000076293945,2742.0
2026-08-05 15:39:00,NBIX,,162.1750030517578,162.2100067138672,162.16000366210938,162.2100067138672,2318.0
2026-08-05 15:39:00,NBTB,,53.25,53.25,53.25,53.25,582.0
2026-08-05 15:39:00,NDAQ,,94.59500122070312,94.6050033569336,94.58999633789062,94.6050033569336,2306.0
2026-08-05 15:39:00,NDSN,,310.8699951171875,310.8699951171875,310.8349914550781,310.8349914550781,318.0
2026-08-05 15:39:00,NEGG,,17.479999542236328,17.479999542236328,17.479999542236328,17.479999542236328,365.0
2026-08-05 15:39:00,NEO,,15.734999656677246,15.734999656677246,15.729999542236328,15.734999656677246,3889.0
2026-08-05 15:39:00,NEOG,,11.494999885559082,11.494999885559082,11.494999885559082,11.494999885559082,2738.0
2026-08-05 15:39:00,NEON,,0.894599974155426,0.8970000147819519,0.894599974155426,0.8970000147819519,1140.0
2026-08-05 15:39:00,NESR,,28.540000915527344,28.59000015258789,28.540000915527344,28.56999969482422,16881.0
2026-08-05 15:39:00,NEWT,,14.989999771118164,14.989999771118164,14.984999656677246,14.989999771118164,1442.0
2026-08-05 15:39:00,NEXT,,6.429999828338623,6.434999942779541,6.429999828338623,6.434999942779541,1759.0
2026-08-05 15:39:00,NFE,,0.33739998936653137,0.33739998936653137,0.33739998936653137,0.33739998936653137,1057.0
2026-08-05 15:39:00,NFLX,,73.67500305175781,73.67970275878906,73.66000366210938,73.66000366210938,33376.0
2026-08-05 15:39:00,NGNE,,35.564998626708984,35.66999816894531,35.564998626708984,35.66999816894531,702.0
2026-08-05 15:39:00,NICE,,99.58999633789062,99.62000274658203,99.5,99.62000274658203,4572.0
2026-08-05 15:39:00,NKTR,,72.58000183105469,72.69499969482422,72.56999969482422,72.62999725341797,4089.0
2026-08-05 15:39:00,NKTX,,2.2149999141693115,2.2200000286102295,2.2149999141693115,2.2200000286102295,1378.0
2026-08-05 15:39:00,NMIH,,44.790000915527344,44.79999923706055,44.790000915527344,44.79999923706055,1186.0
2026-08-05 15:39:00,NMRA,,1.6100000143051147,1.6100000143051147,1.6100000143051147,1.6100000143051147,500.0
2026-08-05 15:39:00,NMRK,,15.682499885559082,15.682499885559082,15.675000190734863,15.680000305175781,3884.0
2026-08-05 15:39:00,NN,,14.760000228881836,14.774999618530273,14.760000228881836,14.770000457763672,4310.0
2026-08-05 15:39:00,NNBR,,3.8450000286102295,3.859999895095825,3.8450000286102295,3.8550000190734863,9246.0
2026-08-05 15:39:00,NNDM,,1.5549999475479126,1.5549999475479126,1.5549999475479126,1.5549999475479126,1518.0
2026-08-05 15:39:00,NNOX,,1.0149999856948853,1.0149999856948853,1.0149999856948853,1.0149999856948853,202.0
2026-08-05 15:39:00,NOVT,,154.08999633789062,154.08999633789062,154.08999633789062,154.08999633789062,175.0
2026-08-05 15:39:00,NPCE,,13.520000457763672,13.529999732971191,13.520000457763672,13.529999732971191,553.0
2026-08-05 15:39:00,NRDS,,9.074999809265137,9.074999809265137,9.069999694824219,9.069999694824219,824.0
2026-08-05 15:39:00,NRIX,,25.0,25.010000228881836,24.985000610351562,25.010000228881836,1242.0
2026-08-05 15:39:00,NRXP,,3.065000057220459,3.065000057220459,3.059999942779541,3.059999942779541,4461.0
2026-08-05 15:39:00,NTAP,,188.61000061035156,188.6999969482422,188.55999755859375,188.6999969482422,8597.0
2026-08-05 15:39:00,NTCT,,41.38999938964844,41.38999938964844,41.38999938964844,41.38999938964844,1040.0
2026-08-05 15:39:00,NTES,,127.79000091552734,127.79000091552734,127.7300033569336,127.79000091552734,5123.0
2026-08-05 15:39:00,NTNX,,61.119998931884766,61.130001068115234,61.11000061035156,61.119998931884766,7065.0
2026-08-05 15:39:00,NTRA,,272.8399963378906,272.8399963378906,272.2099914550781,272.2099914550781,3913.0
2026-08-05 15:39:00,NTRS,,184.7100067138672,184.7100067138672,184.6300048828125,184.7100067138672,2577.0
2026-08-05 15:39:00,NUWE,,1.6390000581741333,1.6390000581741333,1.6390000581741333,1.6390000581741333,590.0
2026-08-05 15:39:00,NVAX,,7.619900226593018,7.619900226593018,7.609899997711182,7.609899997711182,6846.0
2026-08-05 15:39:00,NVCR,,16.06999969482422,16.09000015258789,16.049999237060547,16.09000015258789,7918.0
2026-08-05 15:39:00,NVCT,,19.469999313354492,19.469999313354492,19.469999313354492,19.469999313354492,140.0
2026-08-05 15:39:00,NVDA,,220.64999389648438,220.82000732421875,220.6199951171875,220.8000030517578,270749.0
2026-08-05 15:39:00,NVMI,,407.0,407.07000732421875,405.7699890136719,406.3900146484375,6755.0
2026-08-05 15:39:00,NVTS,,12.418000221252441,12.418000221252441,12.403599739074707,12.414999961853027,10539.0
2026-08-05 15:39:00,NWE,,69.05000305175781,69.05000305175781,69.05000305175781,69.05000305175781,1446.0
2026-08-05 15:39:00,NWL,,6.164999961853027,6.164999961853027,6.159999847412109,6.161300182342529,6462.0
2026-08-05 15:39:00,NWS,,32.83000183105469,32.83000183105469,32.79999923706055,32.81999969482422,5555.0
2026-08-05 15:39:00,NWSA,,28.94499969482422,28.954999923706055,28.924999237060547,28.954999923706055,27566.0
2026-08-05 15:39:00,NXL,,0.3450999855995178,0.3450999855995178,0.34220001101493835,0.34220001101493835,1146.0
2026-08-05 15:39:00,NXPI,,232.67999267578125,232.77999877929688,232.67999267578125,232.72999572753906,5629.0
2026-08-05 15:39:00,NXST,,189.07000732421875,189.07000732421875,189.0050048828125,189.0050048828125,971.0
2026-08-05 15:39:00,NXT,,100.0999984741211,100.41000366210938,100.05999755859375,100.41000366210938,15651.0
2026-08-05 15:39:00,OABI,,2.059999942779541,2.059999942779541,2.059999942779541,2.059999942779541,1461.0
2026-08-05 15:39:00,OBIO,,4.230000019073486,4.230000019073486,4.230000019073486,4.230000019073486,67.0
2026-08-05 15:39:00,OCFC,,19.864999771118164,19.8700008392334,19.864999771118164,19.8700008392334,2621.0
2026-08-05 15:39:00,OCGN,,1.274999976158142,1.274999976158142,1.2699999809265137,1.274999976158142,3345.0
2026-08-05 15:39:00,OCS,,11.989999771118164,11.989999771118164,11.989999771118164,11.989999771118164,529.0
2026-08-05 15:39:00,OCSL,,12.024999618530273,12.024999618530273,12.020000457763672,12.020000457763672,5221.0
2026-08-05 15:39:00,OCUL,,8.505000114440918,8.505000114440918,8.5,8.5,2392.0
2026-08-05 15:39:00,ODFL,,214.0749969482422,214.0749969482422,214.0749969482422,214.0749969482422,1695.0
2026-08-05 15:39:00,OESX,,15.489999771118164,15.880000114440918,15.489999771118164,15.649999618530273,2279.0
2026-08-05 15:39:00,OFIX,,10.574999809265137,10.574999809265137,10.574999809265137,10.574999809265137,1030.0
2026-08-05 15:39:00,OGI,,0.9578999876976013,0.9578999876976013,0.9578999876976013,0.9578999876976013,439.0
2026-08-05 15:39:00,OKTA,,147.6199951171875,147.6300048828125,147.55999755859375,147.5800018310547,3294.0
2026-08-05 15:39:00,OLLI,,78.48500061035156,78.5,78.41999816894531,78.41999816894531,9460.0
2026-08-05 15:39:00,OLMA,,11.475000381469727,11.475000381469727,11.460000038146973,11.460000038146973,3156.0
2026-08-05 15:39:00,OMCL,,37.2599983215332,37.2599983215332,37.25,37.2599983215332,5638.0
2026-08-05 15:39:00,OMER,,12.699999809265137,12.699999809265137,12.699999809265137,12.699999809265137,2021.0
2026-08-05 15:39:00,OMEX,,0.742900013923645,0.7436000108718872,0.742900013923645,0.7436000108718872,710.0
2026-08-05 15:39:00,ON,,78.05000305175781,78.0999984741211,78.04000091552734,78.06999969482422,20147.0
2026-08-05 15:39:00,ONB,,26.979999542236328,26.985000610351562,26.979999542236328,26.979999542236328,9001.0
2026-08-05 15:39:00,ONCY,,0.792900025844574,0.7942000031471252,0.792900025844574,0.7932000160217285,3466.0
2026-08-05 15:39:00,ONDS,,8.864899635314941,8.899999618530273,8.85990047454834,8.895099639892578,211916.0
2026-08-05 15:39:00,ONEW,,12.600000381469727,12.600000381469727,12.600000381469727,12.600000381469727,453.0
2026-08-05 15:39:00,ONFO,,0.07609999924898148,0.07609999924898148,0.07569999992847443,0.07590000331401825,62609.0
2026-08-05 15:39:00,OPAL,,2.369999885559082,2.369999885559082,2.369999885559082,2.369999885559082,331.0
2026-08-05 15:39:00,OPBK,,15.765000343322754,15.765000343322754,15.765000343322754,15.765000343322754,718.0
2026-08-05 15:39:00,OPCH,,23.489999771118164,23.4950008392334,23.479999542236328,23.489999771118164,5165.0
2026-08-05 15:39:00,OPEN,,3.7400999069213867,3.75,3.740000009536743,3.7499001026153564,112603.0
2026-08-05 15:39:00,OPHC,,8.699999809265137,8.699999809265137,8.699999809265137,8.699999809265137,274.0
2026-08-05 15:39:00,OPI,,19.049999237060547,19.049999237060547,19.049999237060547,19.049999237060547,378.0
2026-08-05 15:39:00,OPK,,1.3413000106811523,1.3450000286102295,1.340000033378601,1.3450000286102295,1070.0
2026-08-05 15:39:00,ORGO,,2.3450000286102295,2.3450000286102295,2.3450000286102295,2.3450000286102295,1531.0
2026-08-05 15:39:00,ORIC,,12.770000457763672,12.800000190734863,12.770000457763672,12.800000190734863,6369.0
2026-08-05 15:39:00,ORLY,,93.16000366210938,93.16999816894531,93.11000061035156,93.11000061035156,10950.0
2026-08-05 15:39:00,ORMP,,4.340000152587891,4.340000152587891,4.340000152587891,4.340000152587891,294.0
2026-08-05 15:39:00,OSBC,,25.799999237060547,25.799999237060547,25.78499984741211,25.78499984741211,3692.0
2026-08-05 15:39:00,OSPN,,16.43000030517578,16.43000030517578,16.375,16.3799991607666,3802.0
2026-08-05 15:39:00,OSS,,13.364999771118164,13.375,13.364999771118164,13.375,1043.0
2026-08-05 15:39:00,OSUR,,4.135000228881836,4.135000228881836,4.135000228881836,4.135000228881836,509.0
2026-08-05 15:39:00,OSW,,26.489999771118164,26.489999771118164,26.489999771118164,26.489999771118164,932.0
2026-08-05 15:39:00,OTEX,,25.739999771118164,25.739999771118164,25.735000610351562,25.735000610351562,2984.0
2026-08-05 15:39:00,OTLK,,1.024999976158142,1.0299999713897705,1.024999976158142,1.0299999713897705,2612.0
2026-08-05 15:39:00,OVID,,2.5850000381469727,2.5850000381469727,2.5850000381469727,2.5850000381469727,1064.0
2026-08-05 15:39:00,OVLY,,33.43000030517578,33.43000030517578,33.43000030517578,33.43000030517578,365.0
2026-08-05 15:39:00,PAA,,23.145000457763672,23.145000457763672,23.139999389648438,23.139999389648438,7785.0
2026-08-05 15:39:00,PAAS,,48.32500076293945,48.32500076293945,48.290000915527344,48.29999923706055,13842.0
2026-08-05 15:39:00,PACB,,1.3049999475479126,1.309999942779541,1.2999999523162842,1.3099000453948975,2353.0
2026-08-05 15:39:00,PAGP,,25.1299991607666,25.139999389648438,25.125,25.139999389648438,10421.0
2026-08-05 15:39:00,PAHC,,35.66999816894531,35.689998626708984,35.66999816894531,35.66999816894531,1112.0
2026-08-05 15:39:00,PALI,,2.101099967956543,2.109999895095825,2.101099967956543,2.1050000190734863,0.0
2026-08-05 15:39:00,PANL,,7.28000020980835,7.28000020980835,7.28000020980835,7.28000020980835,633.0
2026-08-05 15:39:00,PANW,,363.9049987792969,364.1449890136719,363.5299987792969,363.6099853515625,18002.0
2026-08-05 15:39:00,PATK,,87.86499786376953,87.86499786376953,87.86000061035156,87.86000061035156,1289.0
2026-08-05 15:39:00,PAX,,11.354999542236328,11.359999656677246,11.354999542236328,11.359999656677246,5742.0
2026-08-05 15:39:00,PAYO,,7.119999885559082,7.125,7.119999885559082,7.119999885559082,1250.0
2026-08-05 15:39:00,PAYS,,9.024999618530273,9.039999961853027,9.024999618530273,9.039999961853027,1719.0
2026-08-05 15:39:00,PAYX,,117.69000244140625,117.69499969482422,117.62000274658203,117.62999725341797,6490.0
2026-08-05 15:39:00,PCAR,,133.64500427246094,133.6699981689453,133.5749969482422,133.5749969482422,9002.0
2026-08-05 15:39:00,PCRX,,25.1200008392334,25.174999237060547,25.114999771118164,25.114999771118164,7975.0
2026-08-05 15:39:00,PCT,,6.880000114440918,6.885000228881836,6.875,6.885000228881836,10504.0
2026-08-05 15:39:00,PCTY,,146.44000244140625,146.5050048828125,146.39999389648438,146.49000549316406,1503.0
2026-08-05 15:39:00,PDD,,90.6500015258789,90.68000030517578,90.62999725341797,90.67500305175781,5735.0
2026-08-05 15:39:00,PDFS,,50.150001525878906,50.150001525878906,50.150001525878906,50.150001525878906,353.0
2026-08-05 15:39:00,PECO,,41.375,41.375,41.36000061035156,41.36000061035156,1227.0
2026-08-05 15:39:00,PEGA,,31.799999237060547,31.809999465942383,31.790000915527344,31.80500030517578,5297.0
2026-08-05 15:39:00,PENN,,19.565000534057617,19.56999969482422,19.545000076293945,19.55500030517578,13777.0
2026-08-05 15:39:00,PEP,,138.45700073242188,138.45700073242188,138.42039489746094,138.4290008544922,10557.0
2026-08-05 15:39:00,PERI,,9.630000114440918,9.630000114440918,9.630000114440918,9.630000114440918,1607.0
2026-08-05 15:39:00,PESI,,17.6299991607666,17.6299991607666,17.6299991607666,17.6299991607666,1296.0
2026-08-05 15:39:00,PFBC,,106.5,106.5,106.5,106.5,988.0
2026-08-05 15:39:00,PFG,,114.30999755859375,114.30999755859375,114.23999786376953,114.24500274658203,4027.0
2026-08-05 15:39:00,PGC,,46.58000183105469,46.58000183105469,46.58000183105469,46.58000183105469,237.0
2026-08-05 15:39:00,PGEN,,6.974999904632568,6.980000019073486,6.974999904632568,6.980000019073486,8388.0
2026-08-05 15:39:00,PGNY,,31.520000457763672,31.530000686645508,31.514999389648438,31.530000686645508,1788.0
2026-08-05 15:39:00,PGY,,21.729999542236328,21.729999542236328,21.709999084472656,21.709999084472656,4278.0
2026-08-05 15:39:00,PHAT,,8.295000076293945,8.300000190734863,8.290499687194824,8.300000190734863,3416.0
2026-08-05 15:39:00,PHVS,,33.4900016784668,33.4900016784668,33.4900016784668,33.4900016784668,472.0
2026-08-05 15:39:00,PKOH,,41.70600128173828,41.70600128173828,41.70600128173828,41.70600128173828,1179.0
2026-08-05 15:39:00,PLAB,,32.16999816894531,32.19499969482422,32.16999816894531,32.19499969482422,1027.0
2026-08-05 15:39:00,PLMR,,134.85000610351562,135.41000366210938,134.85000610351562,135.41000366210938,2830.0
2026-08-05 15:39:00,PLSE,,37.79499816894531,37.79499816894531,37.79499816894531,37.79499816894531,470.0
2026-08-05 15:39:00,PLTK,,3.9149999618530273,3.9149999618530273,3.9149999618530273,3.9149999618530273,203.0
2026-08-05 15:39:00,PLUG,,2.0850000381469727,2.0899999141693115,2.0799999237060547,2.0850000381469727,25639.0
2026-08-05 15:39:00,PNFP,,107.46499633789062,107.5199966430664,107.46499633789062,107.5199966430664,1164.0
2026-08-05 15:39:00,PNRG,,185.72000122070312,185.97000122070312,185.72000122070312,185.97000122070312,794.0
2026-08-05 15:39:00,PNTG,,38.709999084472656,38.71500015258789,38.709999084472656,38.71500015258789,451.0
2026-08-05 15:39:00,POET,,8.190999984741211,8.194999694824219,8.1899995803833,8.194999694824219,7682.0
2026-08-05 15:39:00,POOL,,205.99000549316406,206.00999450683594,205.94000244140625,205.94000244140625,1874.0
2026-08-05 15:39:00,POWL,,210.10000610351562,210.47000122070312,210.10000610351562,210.35000610351562,2678.0
2026-08-05 15:39:00,PPC,,26.3700008392334,26.3700008392334,26.3700008392334,26.3700008392334,2506.0
2026-08-05 15:39:00,PPTA,,22.860000610351562,22.860000610351562,22.790000915527344,22.790000915527344,5137.0
2026-08-05 15:39:00,PRAA,,17.280000686645508,17.280000686645508,17.280000686645508,17.280000686645508,1211.0
2026-08-05 15:39:00,PRAX,,317.1499938964844,317.1499938964844,317.125,317.125,682.0
2026-08-05 15:39:00,PRCH,,15.84000015258789,15.84000015258789,15.84000015258789,15.84000015258789,3879.0
2026-08-05 15:39:00,PRCT,,19.510000228881836,19.520000457763672,19.5,19.520000457763672,19666.0
2026-08-05 15:39:00,PRDO,,32.84000015258789,32.84000015258789,32.84000015258789,32.84000015258789,1557.0
2026-08-05 15:39:00,PRE,,18.149999618530273,18.15999984741211,18.149999618530273,18.15999984741211,2131.0
2026-08-05 15:39:00,PRGS,,42.20100021362305,42.2599983215332,42.20100021362305,42.2599983215332,3374.0
2026-08-05 15:39:00,PRIM,,83.68000030517578,83.68000030517578,83.5,83.5999984741211,16599.0
2026-08-05 15:39:00,PRME,,3.0350000858306885,3.0350000858306885,3.0350000858306885,3.0350000858306885,1802.0
2026-08-05 15:39:00,PROK,,1.6349999904632568,1.6399999856948853,1.6349999904632568,1.6399999856948853,1063.0
2026-08-05 15:39:00,PRQR,,1.965000033378601,1.965000033378601,1.965000033378601,1.965000033378601,628.0
2026-08-05 15:39:00,PRSO,,0.7099999785423279,0.7099999785423279,0.7071999907493591,0.7071999907493591,1200.0
2026-08-05 15:39:00,PRTH,,6.670000076293945,6.670000076293945,6.659999847412109,6.670000076293945,998.0
2026-08-05 15:39:00,PRVA,,23.934999465942383,23.950000762939453,23.934999465942383,23.950000762939453,3362.0
2026-08-05 15:39:00,PSEC,,2.184999942779541,2.184999942779541,2.184999942779541,2.184999942779541,5854.0
2026-08-05 15:39:00,PSNL,,13.550000190734863,13.550000190734863,13.539999961853027,13.539999961853027,3017.0
2026-08-05 15:39:00,PTC,,139.97000122070312,139.97000122070312,139.9600067138672,139.97000122070312,1452.0
2026-08-05 15:39:00,PTCT,,68.52999877929688,68.52999877929688,68.5,68.5199966430664,6970.0
2026-08-05 15:39:00,PTEN,,9.649999618530273,9.65999984741211,9.649999618530273,9.654999732971191,4578.0
2026-08-05 15:39:00,PTLO,,4.625,4.630000114440918,4.625,4.625,7373.0
2026-08-05 15:39:00,PTON,,6.514999866485596,6.514999866485596,6.510000228881836,6.514999866485596,30152.0
2026-08-05 15:39:00,PWP,,17.40999984741211,17.420000076293945,17.399999618530273,17.420000076293945,3529.0
2026-08-05 15:39:00,PYPD,,4.610000133514404,4.610000133514404,4.610000133514404,4.610000133514404,256.0
2026-08-05 15:39:00,PYPL,,57.94499969482422,57.95000076293945,57.93000030517578,57.93000030517578,16698.0
2026-08-05 15:39:00,PYXS,,3.0950000286102295,3.0950000286102295,3.087599992752075,3.087599992752075,9740.0
2026-08-05 15:39:00,PZZA,,29.81999969482422,29.825000762939453,29.75,29.760000228881836,6133.0
2026-08-05 15:39:00,QCOM,,158.88999938964844,159.0,158.88999938964844,158.94000244140625,11858.0
2026-08-05 15:39:00,QFIN,,13.175000190734863,13.175000190734863,13.175000190734863,13.175000190734863,316.0
2026-08-05 15:39:00,QRVO,,95.86499786376953,95.9000015258789,95.81009674072266,95.81009674072266,7209.0
2026-08-05 15:39:00,SEED,,1.0497000217437744,1.0499999523162842,1.048799991607666,1.048799991607666,1412.0
2026-08-05 15:39:00,STIM,,2.4179999828338623,2.4179999828338623,2.4179999828338623,2.4179999828338623,886.0
2026-08-05 15:39:00,TARA,,3.9749999046325684,3.9749999046325684,3.9749999046325684,3.9749999046325684,597.0
2026-08-05 15:39:00,WOOF,,2.934999942779541,2.934999942779541,2.934999942779541,2.934999942779541,9105.0
2026-08-05 15:40:00,ACDC,,4.525000095367432,4.525000095367432,4.505000114440918,4.505000114440918,17295.0
2026-08-05 15:40:00,BPOP,,177.27499389648438,177.27499389648438,177.27499389648438,177.27499389648438,481.0
2026-08-05 15:40:00,BPRN,,42.16999816894531,42.16999816894531,42.16999816894531,42.16999816894531,464.0
2026-08-05 15:40:00,CASH,,89.3499984741211,89.44499969482422,89.29000091552734,89.31999969482422,4774.0
2026-08-05 15:40:00,DTIL,,7.460000038146973,7.460000038146973,7.460000038146973,7.460000038146973,307.0
2026-08-05 15:40:00,EYE,,22.93000030517578,22.93000030517578,22.93000030517578,22.93000030517578,1606.0
2026-08-05 15:40:00,FRST,,16.450000762939453,16.459999084472656,16.440000534057617,16.450000762939453,10255.0
2026-08-05 15:40:00,GLUE,,15.270000457763672,15.3100004196167,15.239999771118164,15.3100004196167,20097.0
2026-08-05 15:40:00,KIDS,,21.760000228881836,21.770000457763672,21.65999984741211,21.65999984741211,3015.0
2026-08-05 15:40:00,MBRX,,0.3955000042915344,0.3955000042915344,0.3955000042915344,0.3955000042915344,628.0
2026-08-05 15:40:00,MDB,,375.69500732421875,376.5799865722656,375.69500732421875,376.3900146484375,5781.0
2026-08-05 15:40:00,MDLZ,,62.52000045776367,62.54499816894531,62.510101318359375,62.529998779296875,16204.0
2026-08-05 15:40:00,MLTX,,17.529499053955078,17.529499053955078,17.510000228881836,17.510000228881836,1374.0
2026-08-05 15:40:00,MNRO,,13.145000457763672,13.15999984741211,13.145000457763672,13.15999984741211,1938.0
2026-08-05 15:40:00,MNST,,94.12000274658203,94.19999694824219,94.0999984741211,94.19999694824219,10012.0
2026-08-05 15:40:00,MNTS,,4.21999979019165,4.21999979019165,4.199999809265137,4.210000038146973,2616.0
2026-08-05 15:40:00,MORN,,198.30999755859375,198.3699951171875,198.3000030517578,198.32000732421875,1772.0
2026-08-05 15:40:00,MPWR,,1349.324951171875,1349.989990234375,1346.989990234375,1349.1199951171875,1261.0
2026-08-05 15:40:00,MRNA,,55.869998931884766,55.904998779296875,55.83000183105469,55.904998779296875,16875.0
2026-08-05 15:40:00,MYGN,,3.1649999618530273,3.1700000762939453,3.1649999618530273,3.1700000762939453,3531.0
2026-08-05 15:40:00,NAMS,,27.360000610351562,27.3799991607666,27.350000381469727,27.3799991607666,2474.0
2026-08-05 15:40:00,NATR,,20.020000457763672,20.020000457763672,20.020000457763672,20.020000457763672,862.0
2026-08-05 15:40:00,NAUT,,0.9434000253677368,0.9456999897956848,0.9427000284194946,0.9456999897956848,4402.0
2026-08-05 15:40:00,NAVI,,9.125,9.125,9.125,9.125,1303.0
2026-08-05 15:40:00,NB,,5.065000057220459,5.065000057220459,5.050000190734863,5.050000190734863,10786.0
2026-08-05 15:40:00,NBIX,,162.0449981689453,162.1699981689453,162.0,162.1199951171875,4197.0
2026-08-05 15:40:00,NBTB,,53.2400016784668,53.2400016784668,53.2400016784668,53.2400016784668,597.0
2026-08-05 15:40:00,NBTX,,39.404998779296875,39.40999984741211,39.404998779296875,39.40999984741211,973.0
2026-08-05 15:40:00,NCPL,,0.41589999198913574,0.41589999198913574,0.41589999198913574,0.41589999198913574,123.0
2026-08-05 15:40:00,NDAQ,,94.5999984741211,94.62999725341797,94.58000183105469,94.62999725341797,4738.0
2026-08-05 15:40:00,NDSN,,311.1600036621094,311.1600036621094,310.8399963378906,310.8399963378906,1410.0
2026-08-05 15:40:00,NEO,,15.75,15.75,15.734999656677246,15.739999771118164,11403.0
2026-08-05 15:40:00,NEOG,,11.475000381469727,11.494999885559082,11.470000267028809,11.494999885559082,21746.0
2026-08-05 15:40:00,NEON,,0.9067000150680542,0.9067000150680542,0.9000999927520752,0.9000999927520752,2019.0
2026-08-05 15:40:00,NEOV,,2.9000000953674316,2.9000000953674316,2.9000000953674316,2.9000000953674316,631.0
2026-08-05 15:40:00,NESR,,28.59000015258789,28.59000015258789,28.530000686645508,28.530000686645508,42934.0
2026-08-05 15:40:00,NEWT,,14.954999923706055,14.989999771118164,14.949999809265137,14.989999771118164,1728.0
2026-08-05 15:40:00,NEXT,,6.429999828338623,6.434999942779541,6.429999828338623,6.434999942779541,2405.0
2026-08-05 15:40:00,NFE,,0.33719998598098755,0.33980000019073486,0.33719998598098755,0.33980000019073486,801.0
2026-08-05 15:40:00,NFLX,,73.69999694824219,73.69999694824219,73.66999816894531,73.68000030517578,59101.0
2026-08-05 15:40:00,NGNE,,35.689998626708984,35.70000076293945,35.689998626708984,35.689998626708984,572.0
2026-08-05 15:40:00,NICE,,99.58999633789062,99.66500091552734,99.54000091552734,99.55999755859375,5326.0
2026-08-05 15:40:00,NKTR,,72.41000366210938,72.57499694824219,72.41000366210938,72.57499694824219,475.0
2026-08-05 15:40:00,NKTX,,2.2100000381469727,2.2149999141693115,2.2100000381469727,2.2149999141693115,751.0
2026-08-05 15:40:00,NMFC,,7.360000133514404,7.360000133514404,7.360000133514404,7.360000133514404,1944.0
2026-08-05 15:40:00,NMIH,,44.790000915527344,44.790000915527344,44.78499984741211,44.78499984741211,984.0
2026-08-05 15:40:00,NMRA,,1.6050000190734863,1.6100000143051147,1.6050000190734863,1.6100000143051147,2041.0
2026-08-05 15:40:00,NMRK,,15.710000038146973,15.710000038146973,15.6850004196167,15.6850004196167,10951.0
2026-08-05 15:40:00,NN,,14.779999732971191,14.779999732971191,14.770000457763672,14.779999732971191,1247.0
2026-08-05 15:40:00,NNBR,,3.8399999141693115,3.8450000286102295,3.8399999141693115,3.8450000286102295,2614.0
2026-08-05 15:40:00,NNDM,,1.5549999475479126,1.5549999475479126,1.5549999475479126,1.5549999475479126,1494.0
2026-08-05 15:40:00,NNOX,,1.0149999856948853,1.0198999643325806,1.0149999856948853,1.0149999856948853,4879.0
2026-08-05 15:40:00,NOVT,,154.3524932861328,154.3524932861328,154.08999633789062,154.09500122070312,3450.0
2026-08-05 15:40:00,NPCE,,13.520000457763672,13.520000457763672,13.5,13.5,1838.0
2026-08-05 15:40:00,NRDS,,9.074999809265137,9.074999809265137,9.074999809265137,9.074999809265137,648.0
2026-08-05 15:40:00,NRIX,,24.989999771118164,25.010000228881836,24.979999542236328,25.0,4715.0
2026-08-05 15:40:00,NRXP,,3.065000057220459,3.065000057220459,3.065000057220459,3.065000057220459,349.0
2026-08-05 15:40:00,NSSC,,40.32500076293945,40.32500076293945,40.29999923706055,40.29999923706055,714.0
2026-08-05 15:40:00,NTAP,,188.81500244140625,188.81500244140625,188.52999877929688,188.5399932861328,8068.0
2026-08-05 15:40:00,NTCT,,41.38999938964844,41.38999938964844,41.38999938964844,41.38999938964844,363.0
2026-08-05 15:40:00,NTES,,127.79000091552734,127.79000091552734,127.7300033569336,127.78500366210938,1427.0
2026-08-05 15:40:00,NTGR,,24.31999969482422,24.31999969482422,24.31999969482422,24.31999969482422,1302.0
2026-08-05 15:40:00,NTNX,,61.15999984741211,61.16999816894531,61.119998931884766,61.119998931884766,23684.0
2026-08-05 15:40:00,NTRA,,273.57501220703125,273.6600036621094,272.6724853515625,272.69500732421875,37652.0
2026-08-05 15:40:00,NTRS,,184.69000244140625,184.69000244140625,184.69000244140625,184.69000244140625,836.0
2026-08-05 15:40:00,NUTX,,156.66000366210938,156.66000366210938,156.66000366210938,156.66000366210938,846.0
2026-08-05 15:40:00,NUWE,,1.6299999952316284,1.6349999904632568,1.6299999952316284,1.6349999904632568,2903.0
2026-08-05 15:40:00,NVAX,,7.625,7.630000114440918,7.619999885559082,7.619999885559082,9723.0
2026-08-05 15:40:00,NVCR,,16.049999237060547,16.06999969482422,16.049999237060547,16.059999465942383,7516.0
2026-08-05 15:40:00,NVCT,,19.475000381469727,19.479999542236328,19.469999313354492,19.469999313354492,1553.0
2026-08-05 15:40:00,NVDA,,220.88999938964844,220.95970153808594,220.63009643554688,220.64999389648438,323438.0
2026-08-05 15:40:00,NVMI,,407.7799987792969,407.7799987792969,406.80499267578125,406.80499267578125,921.0
2026-08-05 15:40:00,NVTS,,12.438699722290039,12.444999694824219,12.420000076293945,12.420000076293945,18438.0
2026-08-05 15:40:00,NWFL,,34.0099983215332,34.0099983215332,34.0099983215332,34.0099983215332,1435.0
2026-08-05 15:40:00,NWL,,6.164999961853027,6.164999961853027,6.159999847412109,6.159999847412109,8412.0
2026-08-05 15:40:00,NWPX,,126.13999938964844,126.44499969482422,126.13999938964844,126.44499969482422,1282.0
2026-08-05 15:40:00,NWS,,32.85499954223633,32.869998931884766,32.82500076293945,32.834999084472656,12271.0
2026-08-05 15:40:00,NWSA,,28.94499969482422,28.94499969482422,28.915000915527344,28.940000534057617,28601.0
2026-08-05 15:40:00,NXPI,,232.96499633789062,232.96499633789062,232.6199951171875,232.69000244140625,8576.0
2026-08-05 15:40:00,NXST,,189.25,189.25,189.0,189.0,1618.0
2026-08-05 15:40:00,NXT,,100.25,100.25,99.91000366210938,100.09500122070312,13922.0
2026-08-05 15:40:00,OBIO,,4.230000019073486,4.230000019073486,4.224999904632568,4.230000019073486,735.0
2026-08-05 15:40:00,OCC,,15.729999542236328,15.734999656677246,15.729999542236328,15.734999656677246,376.0
2026-08-05 15:40:00,OCFC,,19.8700008392334,19.8700008392334,19.8700008392334,19.8700008392334,4433.0
2026-08-05 15:40:00,OCGN,,1.2699999809265137,1.274999976158142,1.2699999809265137,1.2699999809265137,5782.0
2026-08-05 15:40:00,OCSL,,12.024999618530273,12.024999618530273,12.024999618530273,12.024999618530273,874.0
2026-08-05 15:40:00,OCUL,,8.515000343322754,8.515000343322754,8.505000114440918,8.505000114440918,4086.0
2026-08-05 15:40:00,ODD,,15.300000190734863,15.300000190734863,15.300000190734863,15.300000190734863,402.0
2026-08-05 15:40:00,ODFL,,214.43499755859375,214.44000244140625,214.125,214.125,5012.0
2026-08-05 15:40:00,OESX,,15.524999618530273,15.524999618530273,15.524999618530273,15.524999618530273,1035.0
2026-08-05 15:40:00,OFIX,,10.619999885559082,10.630000114440918,10.580100059509277,10.59000015258789,3016.0
2026-08-05 15:40:00,OKTA,,147.47500610351562,147.6199951171875,147.47500610351562,147.6199951171875,4580.0
2026-08-05 15:40:00,OLLI,,78.4800033569336,78.5199966430664,78.44999694824219,78.48500061035156,5293.0
2026-08-05 15:40:00,OLMA,,11.470000267028809,11.470000267028809,11.470000267028809,11.470000267028809,878.0
2026-08-05 15:40:00,OM,,5.079999923706055,5.079999923706055,5.079999923706055,5.079999923706055,1052.0
2026-08-05 15:40:00,OMCL,,37.26499938964844,37.27989959716797,37.2599983215332,37.2599983215332,2070.0
2026-08-05 15:40:00,OMER,,12.680000305175781,12.680000305175781,12.680000305175781,12.680000305175781,1074.0
2026-08-05 15:40:00,OMH,,0.11559999734163284,0.11559999734163284,0.11559999734163284,0.11559999734163284,13135.0
2026-08-05 15:40:00,ON,,78.19999694824219,78.19999694824219,78.02999877929688,78.05999755859375,45391.0
2026-08-05 15:40:00,ONB,,26.979999542236328,26.979999542236328,26.976299285888672,26.976299285888672,6847.0
2026-08-05 15:40:00,ONCO,,0.7985000014305115,0.7985000014305115,0.7985000014305115,0.7985000014305115,481.0
2026-08-05 15:40:00,ONCY,,0.7932000160217285,0.7932000160217285,0.7932000160217285,0.7932000160217285,455.0
2026-08-05 15:40:00,ONDS,,8.895000457763672,8.898200035095215,8.859999656677246,8.859999656677246,420038.0
2026-08-05 15:40:00,ONFO,,0.0763000026345253,0.07680000364780426,0.07609999924898148,0.07609999924898148,51440.0
2026-08-05 15:40:00,ONMD,,0.6410999894142151,0.6410999894142151,0.6410999894142151,0.6410999894142151,2465.0
2026-08-05 15:40:00,OPCH,,23.489999771118164,23.4950008392334,23.485000610351562,23.489999771118164,10816.0
2026-08-05 15:40:00,OPEN,,3.740000009536743,3.75,3.740000009536743,3.75,67019.0
2026-08-05 15:40:00,OPHC,,8.699999809265137,8.699999809265137,8.699999809265137,8.699999809265137,200.0
2026-08-05 15:40:00,OPK,,1.340000033378601,1.3450000286102295,1.3300000429153442,1.3401000499725342,97430.0
2026-08-05 15:40:00,OPRT,,6.039999961853027,6.039999961853027,6.034999847412109,6.039999961853027,1726.0
2026-08-05 15:40:00,ORGO,,2.3499999046325684,2.3499999046325684,2.3450000286102295,2.3450000286102295,2134.0
2026-08-05 15:40:00,ORIC,,12.789999961853027,12.789999961853027,12.770000457763672,12.770000457763672,8207.0
2026-08-05 15:40:00,ORLY,,93.18000030517578,93.19999694824219,93.16000366210938,93.16999816894531,13229.0
2026-08-05 15:40:00,ORMP,,4.340000152587891,4.340000152587891,4.340000152587891,4.340000152587891,102.0
2026-08-05 15:40:00,OSBC,,25.795000076293945,25.795000076293945,25.795000076293945,25.795000076293945,634.0
2026-08-05 15:40:00,OSS,,13.425000190734863,13.425000190734863,13.364999771118164,13.364999771118164,5045.0
2026-08-05 15:40:00,OSW,,26.524999618530273,26.524999618530273,26.510000228881836,26.524999618530273,975.0
2026-08-05 15:40:00,OTEX,,25.735000610351562,25.739999771118164,25.729999542236328,25.735000610351562,19954.0
2026-08-05 15:40:00,OTLK,,1.024999976158142,1.0299999713897705,1.024999976158142,1.0299999713897705,2927.0
2026-08-05 15:40:00,OTTR,,92.19999694824219,92.22000122070312,92.19999694824219,92.22000122070312,456.0
2026-08-05 15:40:00,OVBC,,43.00189971923828,43.00189971923828,43.00189971923828,43.00189971923828,781.0
2026-08-05 15:40:00,OVID,,2.5899999141693115,2.5899999141693115,2.5850000381469727,2.5850000381469727,1198.0
2026-08-05 15:40:00,OXSQ,,1.5099999904632568,1.5099999904632568,1.5049999952316284,1.5049999952316284,11040.0
2026-08-05 15:40:00,PAA,,23.165000915527344,23.170000076293945,23.149999618530273,23.149999618530273,6963.0
2026-08-05 15:40:00,PAAS,,48.41859817504883,48.41999816894531,48.332000732421875,48.34000015258789,16721.0
2026-08-05 15:40:00,PACB,,1.3049999475479126,1.309999942779541,1.2999999523162842,1.2999999523162842,21219.0
2026-08-05 15:40:00,PAGP,,25.149999618530273,25.149999618530273,25.135000228881836,25.135000228881836,2568.0
2026-08-05 15:40:00,PAHC,,35.65999984741211,35.709999084472656,35.65999984741211,35.709999084472656,1551.0
2026-08-05 15:40:00,PALI,,2.1050000190734863,2.1050000190734863,2.1050000190734863,2.1050000190734863,5746.0
2026-08-05 15:40:00,PANW,,364.0,364.07501220703125,363.9200134277344,364.04998779296875,6448.0
2026-08-05 15:40:00,PATK,,87.79000091552734,87.79000091552734,87.79000091552734,87.79000091552734,286.0
2026-08-05 15:40:00,PAX,,11.369099617004395,11.369099617004395,11.354999542236328,11.354999542236328,5363.0
2026-08-05 15:40:00,PAYO,,7.125,7.125,7.119999885559082,7.125,1711.0
2026-08-05 15:40:00,PAYS,,9.039999961853027,9.039999961853027,9.039999961853027,9.039999961853027,578.0
2026-08-05 15:40:00,PAYX,,117.71499633789062,117.73999786376953,117.66999816894531,117.69999694824219,9122.0
2026-08-05 15:40:00,PBYI,,8.029999732971191,8.029999732971191,8.029999732971191,8.029999732971191,339.0
2026-08-05 15:40:00,PCAR,,133.63499450683594,133.63999938964844,133.5800018310547,133.61000061035156,11876.0
2026-08-05 15:40:00,PCB,,28.05500030517578,28.05500030517578,27.860000610351562,27.899999618530273,1223.0
2026-08-05 15:40:00,PCRX,,25.1200008392334,25.15999984741211,25.09000015258789,25.1200008392334,13221.0
2026-08-05 15:40:00,PCT,,6.894999980926514,6.900000095367432,6.881800174713135,6.881800174713135,25901.0
2026-08-05 15:40:00,PCTY,,146.47000122070312,146.47999572753906,146.4199981689453,146.47999572753906,1750.0
2026-08-05 15:40:00,PDD,,90.69000244140625,90.69000244140625,90.63400268554688,90.63400268554688,7137.0
2026-08-05 15:40:00,PDFS,,50.16999816894531,50.16999816894531,50.16999816894531,50.16999816894531,616.0
2026-08-05 15:40:00,PDSB,,0.7113000154495239,0.7113000154495239,0.7113000154495239,0.7113000154495239,1348.0
2026-08-05 15:40:00,PECO,,41.369998931884766,41.375,41.369998931884766,41.375,1295.0
2026-08-05 15:40:00,PEGA,,31.809999465942383,31.819000244140625,31.799999237060547,31.799999237060547,4870.0
2026-08-05 15:40:00,PENN,,19.56999969482422,19.56999969482422,19.55500030517578,19.559999465942383,10128.0
2026-08-05 15:40:00,PEP,,138.38999938964844,138.4499969482422,138.38999938964844,138.4499969482422,9100.0
2026-08-05 15:40:00,PEPG,,1.975000023841858,1.975000023841858,1.975000023841858,1.975000023841858,418.0
2026-08-05 15:40:00,PERI,,9.630000114440918,9.630000114440918,9.630000114440918,9.630000114440918,392.0
2026-08-05 15:40:00,PESI,,17.6200008392334,17.6200008392334,17.6200008392334,17.6200008392334,527.0
2026-08-05 15:40:00,PETS,,1.9700000286102295,1.9700000286102295,1.9700000286102295,1.9700000286102295,487.0
2026-08-05 15:40:00,PFBC,,106.49500274658203,106.49500274658203,106.49500274658203,106.49500274658203,3443.0
2026-08-05 15:40:00,PFG,,114.30999755859375,114.30999755859375,114.23500061035156,114.29000091552734,4881.0
2026-08-05 15:40:00,PGC,,46.58000183105469,46.58000183105469,46.58000183105469,46.58000183105469,164.0
2026-08-05 15:40:00,PGEN,,6.994999885559082,7.0,6.974999904632568,6.980000019073486,54928.0
2026-08-05 15:40:00,PGNY,,31.510499954223633,31.510499954223633,31.510499954223633,31.510499954223633,764.0
2026-08-05 15:40:00,PGY,,21.719999313354492,21.75,21.719999313354492,21.719999313354492,6921.0
2026-08-05 15:40:00,PHAT,,8.295000076293945,8.295000076293945,8.295000076293945,8.295000076293945,1957.0
2026-08-05 15:40:00,PKOH,,41.97999954223633,41.97999954223633,41.88999938964844,41.88999938964844,303.0
2026-08-05 15:40:00,PLAB,,32.18000030517578,32.189998626708984,32.15999984741211,32.16999816894531,3065.0
2026-08-05 15:40:00,PLBY,,1.149999976158142,1.149999976158142,1.149999976158142,1.149999976158142,824.0
2026-08-05 15:40:00,PLMR,,134.86500549316406,134.86500549316406,134.60000610351562,134.72999572753906,1608.0
2026-08-05 15:40:00,PLPC,,470.18499755859375,470.18499755859375,470.18499755859375,470.18499755859375,196.0
2026-08-05 15:40:00,PLTK,,3.9149999618530273,3.9149999618530273,3.9149999618530273,3.9149999618530273,1476.0
2026-08-05 15:40:00,PLUG,,2.0799999237060547,2.0899999141693115,2.0799999237060547,2.0899999141693115,91507.0
2026-08-05 15:40:00,PLXS,,275.1600036621094,275.7099914550781,275.1600036621094,275.7099914550781,1096.0
2026-08-05 15:40:00,PNBK,,1.149999976158142,1.149999976158142,1.149999976158142,1.149999976158142,506.0
2026-08-05 15:40:00,PNFP,,107.41999816894531,107.51000213623047,107.4000015258789,107.46499633789062,3157.0
2026-08-05 15:40:00,PNTG,,38.650001525878906,38.68000030517578,38.650001525878906,38.68000030517578,7497.0
2026-08-05 15:40:00,POET,,8.23009967803955,8.234999656677246,8.190099716186523,8.190099716186523,38392.0
2026-08-05 15:40:00,POOL,,205.88999938964844,205.88999938964844,205.88999938964844,205.88999938964844,135.0
2026-08-05 15:40:00,POWI,,62.0,62.11000061035156,62.0,62.099998474121094,1841.0
2026-08-05 15:40:00,POWL,,210.6199951171875,210.6199951171875,210.18499755859375,210.18499755859375,3198.0
2026-08-05 15:40:00,PPC,,26.360000610351562,26.360000610351562,26.360000610351562,26.360000610351562,2206.0
2026-08-05 15:40:00,PPTA,,22.860000610351562,22.8700008392334,22.84000015258789,22.8700008392334,14118.0
2026-08-05 15:40:00,PRAA,,17.290000915527344,17.290000915527344,17.290000915527344,17.290000915527344,558.0
2026-08-05 15:40:00,PRAX,,317.1499938964844,317.1499938964844,317.1499938964844,317.1499938964844,245.0
2026-08-05 15:40:00,PRCH,,15.850000381469727,15.850000381469727,15.850000381469727,15.850000381469727,1738.0
2026-08-05 15:40:00,PRCT,,19.4950008392334,19.540000915527344,19.479999542236328,19.52750015258789,18511.0
2026-08-05 15:40:00,PRDO,,32.83000183105469,32.83000183105469,32.83000183105469,32.83000183105469,1354.0
2026-08-05 15:40:00,PRE,,18.209999084472656,18.209999084472656,18.209999084472656,18.209999084472656,1380.0
2026-08-05 15:40:00,PRIM,,83.6050033569336,83.68000030517578,83.57499694824219,83.57499694824219,6332.0
2026-08-05 15:40:00,PRME,,3.0350000858306885,3.0350000858306885,3.0350000858306885,3.0350000858306885,4863.0
2026-08-05 15:40:00,PRSO,,0.7099000215530396,0.7099000215530396,0.7099000215530396,0.7099000215530396,3136.0
2026-08-05 15:40:00,PRTH,,6.670000076293945,6.670000076293945,6.670000076293945,6.670000076293945,633.0
2026-08-05 15:40:00,PRVA,,23.93000030517578,23.93000030517578,23.920000076293945,23.920000076293945,3354.0
2026-08-05 15:40:00,PSEC,,2.184999942779541,2.1891000270843506,2.180999994277954,2.184999942779541,38052.0
2026-08-05 15:40:00,PSMT,,186.50999450683594,186.52000427246094,186.3000030517578,186.50999450683594,2053.0
2026-08-05 15:40:00,PSNL,,13.550000190734863,13.550000190734863,13.550000190734863,13.550000190734863,1087.0
2026-08-05 15:40:00,PTC,,139.9499969482422,139.97000122070312,139.8800048828125,139.89999389648438,6240.0
2026-08-05 15:40:00,PTEN,,9.654999732971191,9.65999984741211,9.649999618530273,9.654999732971191,11388.0
2026-08-05 15:40:00,PTLO,,4.630000114440918,4.630000114440918,4.625,4.625,797.0
2026-08-05 15:40:00,PTON,,6.514999866485596,6.519000053405762,6.514999866485596,6.514999866485596,12141.0
2026-08-05 15:40:00,PUBM,,13.59000015258789,13.600000381469727,13.59000015258789,13.600000381469727,3922.0
2026-08-05 15:40:00,PWP,,17.389999389648438,17.40999984741211,17.389999389648438,17.40999984741211,2388.0
2026-08-05 15:40:00,PYPL,,57.95000076293945,57.95500183105469,57.93000030517578,57.939998626708984,7651.0
2026-08-05 15:40:00,PYXS,,3.0950000286102295,3.0950000286102295,3.0950000286102295,3.0950000286102295,1464.0
2026-08-05 15:40:00,PZZA,,29.875,29.8799991607666,29.81999969482422,29.849899291992188,6462.0
2026-08-05 15:40:00,QCOM,,159.08999633789062,159.11000061035156,158.88009643554688,158.89999389648438,16953.0
2026-08-05 15:40:00,QCRH,,105.08999633789062,105.08999633789062,105.08999633789062,105.08999633789062,769.0
2026-08-05 15:40:00,QFIN,,13.170000076293945,13.178999900817871,13.164999961853027,13.170000076293945,3188.0
2026-08-05 15:40:00,QRVO,,96.01000213623047,96.01000213623047,95.94000244140625,95.95999908447266,6162.0
2026-08-05 15:40:00,SEED,,1.0497000217437744,1.0499999523162842,1.0399999618530273,1.0497000217437744,1870.0
2026-08-05 15:40:00,STIM,,2.4114999771118164,2.4149999618530273,2.4100000858306885,2.4100000858306885,6965.0
2026-08-05 15:40:00,TARA,,3.9800000190734863,3.9800000190734863,3.9700000286102295,3.9749999046325684,2049.0
2026-08-05 15:41:00,ACDC,,4.519999980926514,4.534999847412109,4.519999980926514,4.53000020980835,14225.0
2026-08-05 15:41:00,BPOP,,177.0500030517578,177.27499389648438,177.0500030517578,177.27499389648438,3979.0
2026-08-05 15:41:00,CASH,,89.36000061035156,89.36000061035156,89.36000061035156,89.36000061035156,1774.0
2026-08-05 15:41:00,CNXN,,86.05000305175781,86.05000305175781,86.05000305175781,86.05000305175781,1122.0
2026-08-05 15:41:00,CPOP,,0.3400999903678894,0.3400999903678894,0.3400000035762787,0.3400000035762787,1140.0
2026-08-05 15:41:00,DTIL,,7.460000038146973,7.460000038146973,7.460000038146973,7.460000038146973,545.0
2026-08-05 15:41:00,EYE,,22.920000076293945,22.924999237060547,22.920000076293945,22.924999237060547,1951.0
2026-08-05 15:41:00,FIZZ,,32.11000061035156,32.11000061035156,32.11000061035156,32.11000061035156,1045.0
2026-08-05 15:41:00,GLUE,,15.28499984741211,15.28499984741211,15.260000228881836,15.270000457763672,4627.0
2026-08-05 15:41:00,KIDS,,21.725000381469727,21.780000686645508,21.719999313354492,21.780000686645508,2606.0
2026-08-05 15:41:00,LUNG,,2.0,2.015000104904175,2.0,2.009999990463257,8639.0
2026-08-05 15:41:00,MBRX,,0.39989998936653137,0.39989998936653137,0.39989998936653137,0.39989998936653137,872.0
2026-08-05 15:41:00,MCRI,,121.6500015258789,121.81999969482422,121.62999725341797,121.81999969482422,841.0
2026-08-05 15:41:00,MDB,,375.32501220703125,376.1600036621094,375.20001220703125,376.1600036621094,2960.0
2026-08-05 15:41:00,MDLZ,,62.529998779296875,62.529998779296875,62.51499938964844,62.52000045776367,8571.0
2026-08-05 15:41:00,MLTX,,17.5,17.5,17.5,17.5,275.0
2026-08-05 15:41:00,MNPR,,117.46499633789062,117.46499633789062,117.46499633789062,117.46499633789062,479.0
2026-08-05 15:41:00,MNRO,,13.154999732971191,13.154999732971191,13.140000343322754,13.154999732971191,1528.0
2026-08-05 15:41:00,MNST,,94.13500213623047,94.13500213623047,94.11000061035156,94.125,10663.0
2026-08-05 15:41:00,MNTS,,4.199999809265137,4.21999979019165,4.195000171661377,4.210000038146973,10873.0
2026-08-05 15:41:00,MORN,,198.55999755859375,198.55999755859375,198.52999877929688,198.52999877929688,552.0
2026-08-05 15:41:00,MPWR,,1348.6099853515625,1350.800048828125,1347.9449462890625,1349.9300537109375,1241.0
2026-08-05 15:41:00,MRNA,,55.880001068115234,55.88999938964844,55.81999969482422,55.849998474121094,11614.0
2026-08-05 15:41:00,MYGN,,3.1549999713897705,3.1649999618530273,3.1549999713897705,3.1649999618530273,11411.0
2026-08-05 15:41:00,MYRG,,337.82000732421875,339.3349914550781,337.82000732421875,339.3349914550781,1091.0
2026-08-05 15:41:00,NAMS,,27.3700008392334,27.3700008392334,27.3700008392334,27.3700008392334,1474.0
2026-08-05 15:41:00,NAUT,,0.9427000284194946,0.9427000284194946,0.9427000284194946,0.9427000284194946,766.0
2026-08-05 15:41:00,NAVI,,9.125,9.125,9.125,9.125,792.0
2026-08-05 15:41:00,NB,,5.0690999031066895,5.0690999031066895,5.061200141906738,5.061200141906738,3606.0
2026-08-05 15:41:00,NBIX,,162.0050048828125,162.0800018310547,162.0050048828125,162.00999450683594,5451.0
2026-08-05 15:41:00,NBTB,,53.22999954223633,53.22999954223633,53.220001220703125,53.22999954223633,2258.0
2026-08-05 15:41:00,NBTX,,39.40999984741211,39.43000030517578,39.40999984741211,39.43000030517578,398.0
2026-08-05 15:41:00,NCRA,,1.809999942779541,1.809999942779541,1.809999942779541,1.809999942779541,1180.0
2026-08-05 15:41:00,NDAQ,,94.56999969482422,94.6050033569336,94.56999969482422,94.5999984741211,4074.0
2026-08-05 15:41:00,NDSN,,311.07501220703125,311.17999267578125,311.04998779296875,311.1600036621094,1105.0
2026-08-05 15:41:00,NEGG,,17.50469970703125,17.50469970703125,17.440000534057617,17.459999084472656,1323.0
2026-08-05 15:41:00,NEO,,15.729999542236328,15.739999771118164,15.720000267028809,15.739999771118164,6319.0
2026-08-05 15:41:00,NEOG,,11.46500015258789,11.479999542236328,11.460000038146973,11.475000381469727,22199.0
2026-08-05 15:41:00,NEOV,,2.890000104904175,2.890000104904175,2.890000104904175,2.890000104904175,6316.0
2026-08-05 15:41:00,NESR,,28.59000015258789,28.600000381469727,28.59000015258789,28.600000381469727,1935.0
2026-08-05 15:41:00,NEWT,,14.979999542236328,14.979999542236328,14.970000267028809,14.979999542236328,2257.0
2026-08-05 15:41:00,NEXT,,6.434999942779541,6.434999942779541,6.429999828338623,6.429999828338623,4400.0
2026-08-05 15:41:00,NFE,,0.33730000257492065,0.33730000257492065,0.33730000257492065,0.33730000257492065,3000.0
2026-08-05 15:41:00,NFLX,,73.73500061035156,73.75499725341797,73.69010162353516,73.69999694824219,108889.0
2026-08-05 15:41:00,NGNE,,35.810001373291016,35.810001373291016,35.810001373291016,35.810001373291016,860.0
2026-08-05 15:41:00,NHTC,,1.600000023841858,1.6200000047683716,1.600000023841858,1.6200000047683716,10681.0
2026-08-05 15:41:00,NICE,,99.56999969482422,99.56999969482422,99.48999786376953,99.56999969482422,2825.0
2026-08-05 15:41:00,NIU,,2.444999933242798,2.444999933242798,2.444999933242798,2.444999933242798,453.0
2026-08-05 15:41:00,NKTR,,72.5,72.51000213623047,72.5,72.51000213623047,609.0
2026-08-05 15:41:00,NKTX,,2.2149999141693115,2.2149999141693115,2.2149999141693115,2.2149999141693115,224.0
2026-08-05 15:41:00,NMFC,,7.364999771118164,7.364999771118164,7.364999771118164,7.364999771118164,1515.0
2026-08-05 15:41:00,NMIH,,44.79999923706055,44.79999923706055,44.79999923706055,44.79999923706055,709.0
2026-08-05 15:41:00,NMRA,,1.6100000143051147,1.6100000143051147,1.6100000143051147,1.6100000143051147,868.0
2026-08-05 15:41:00,NMRK,,15.702500343322754,15.720000267028809,15.699999809265137,15.704999923706055,5214.0
2026-08-05 15:41:00,NN,,14.765000343322754,14.789999961853027,14.765000343322754,14.765000343322754,7515.0
2026-08-05 15:41:00,NNBR,,3.8450000286102295,3.849900007247925,3.8399999141693115,3.8399999141693115,2692.0
2026-08-05 15:41:00,NNDM,,1.5516999959945679,1.5549999475479126,1.5516999959945679,1.5549999475479126,1182.0
2026-08-05 15:41:00,NOVT,,154.33999633789062,154.36500549316406,154.33999633789062,154.36500549316406,1157.0
2026-08-05 15:41:00,NPCE,,13.529999732971191,13.529999732971191,13.529999732971191,13.529999732971191,508.0
2026-08-05 15:41:00,NRDS,,9.074999809265137,9.074999809265137,9.074999809265137,9.074999809265137,716.0
2026-08-05 15:41:00,NRIM,,26.969999313354492,26.969999313354492,26.959999084472656,26.959999084472656,2270.0
2026-08-05 15:41:00,NRIX,,24.969999313354492,24.969999313354492,24.950000762939453,24.959999084472656,3592.0
2026-08-05 15:41:00,NSSC,,40.31999969482422,40.31999969482422,40.29999923706055,40.29999923706055,1729.0
2026-08-05 15:41:00,NTAP,,188.74000549316406,188.82000732421875,188.73500061035156,188.74000549316406,7104.0
2026-08-05 15:41:00,NTCT,,41.27000045776367,41.36000061035156,41.25,41.36000061035156,2667.0
2026-08-05 15:41:00,NTES,,127.77999877929688,127.77999877929688,127.77999877929688,127.77999877929688,884.0
2026-08-05 15:41:00,NTNX,,61.14500045776367,61.15999984741211,61.130001068115234,61.14500045776367,8011.0
2026-08-05 15:41:00,NTRB,,2.80679988861084,2.80679988861084,2.80679988861084,2.80679988861084,200.0
2026-08-05 15:41:00,NTRS,,184.77499389648438,184.77999877929688,184.75,184.75,1433.0
2026-08-05 15:41:00,NVAX,,7.614999771118164,7.625,7.614999771118164,7.625,5900.0
2026-08-05 15:41:00,NVCR,,16.03499984741211,16.049999237060547,16.03499984741211,16.049999237060547,5901.0
2026-08-05 15:41:00,NVCT,,19.40999984741211,19.40999984741211,19.40999984741211,19.40999984741211,395.0
2026-08-05 15:41:00,NVDA,,220.93600463867188,220.97000122070312,220.81149291992188,220.88999938964844,239395.0
2026-08-05 15:41:00,NVEC,,129.2550048828125,129.2550048828125,129.25250244140625,129.2550048828125,522.0
2026-08-05 15:41:00,NVMI,,408.010009765625,408.489990234375,407.6700134277344,408.1199951171875,1078.0
2026-08-05 15:41:00,NVTS,,12.444999694824219,12.444999694824219,12.430000305175781,12.444999694824219,17120.0
2026-08-05 15:41:00,NWE,,68.98999786376953,68.98999786376953,68.98999786376953,68.98999786376953,543.0
2026-08-05 15:41:00,NWL,,6.159999847412109,6.164999961853027,6.159999847412109,6.159999847412109,9628.0
2026-08-05 15:41:00,NWS,,32.89500045776367,32.91999816894531,32.875,32.875,8886.0
2026-08-05 15:41:00,NWSA,,28.989999771118164,29.049999237060547,28.940000534057617,28.940000534057617,41093.0
2026-08-05 15:41:00,NXPI,,232.91000366210938,233.00999450683594,232.77999877929688,232.96499633789062,7099.0
2026-08-05 15:41:00,NXST,,189.52999877929688,189.52999877929688,189.25,189.3699951171875,5832.0
2026-08-05 15:41:00,NXT,,100.43000030517578,100.54000091552734,100.29000091552734,100.29000091552734,44307.0
2026-08-05 15:41:00,NXTC,,5.224999904632568,5.224999904632568,5.119999885559082,5.119999885559082,4021.0
2026-08-05 15:41:00,NYXH,,1.4049999713897705,1.4049999713897705,1.4049999713897705,1.4049999713897705,107.0
2026-08-05 15:41:00,OABI,,2.055000066757202,2.055000066757202,2.055000066757202,2.055000066757202,371.0
2026-08-05 15:41:00,OBIO,,4.230000019073486,4.230000019073486,4.224999904632568,4.224999904632568,207.0
2026-08-05 15:41:00,OCC,,15.729999542236328,15.729999542236328,15.729999542236328,15.729999542236328,375.0
2026-08-05 15:41:00,OCFC,,19.860000610351562,19.864999771118164,19.860000610351562,19.864999771118164,3912.0
2026-08-05 15:41:00,OCGN,,1.2699999809265137,1.2798999547958374,1.2699999809265137,1.2699999809265137,1695.0
2026-08-05 15:41:00,OCS,,12.020000457763672,12.020000457763672,12.005000114440918,12.010000228881836,1340.0
2026-08-05 15:41:00,OCSL,,12.024999618530273,12.027999877929688,12.024999618530273,12.027999877929688,937.0
2026-08-05 15:41:00,OCUL,,8.505000114440918,8.510000228881836,8.505000114440918,8.510000228881836,4674.0
2026-08-05 15:41:00,ODD,,15.3100004196167,15.3100004196167,15.300000190734863,15.300000190734863,4023.0
2026-08-05 15:41:00,ODFL,,214.38499450683594,214.5399932861328,214.3800048828125,214.47000122070312,5123.0
2026-08-05 15:41:00,OFIX,,10.579999923706055,10.635000228881836,10.569999694824219,10.635000228881836,9125.0
2026-08-05 15:41:00,OKTA,,147.4149932861328,147.4250030517578,147.4149932861328,147.4250030517578,2573.0
2026-08-05 15:41:00,OLLI,,78.52999877929688,78.52999877929688,78.4749984741211,78.4800033569336,3872.0
2026-08-05 15:41:00,OLMA,,11.460000038146973,11.460000038146973,11.454999923706055,11.460000038146973,3709.0
2026-08-05 15:41:00,OMCL,,37.27000045776367,37.270999908447266,37.209999084472656,37.25,15520.0
2026-08-05 15:41:00,OMEX,,0.7434999942779541,0.7434999942779541,0.7434999942779541,0.7434999942779541,7199.0
2026-08-05 15:41:00,OMH,,0.11640000343322754,0.11640000343322754,0.11640000343322754,0.11640000343322754,2351.0
2026-08-05 15:41:00,ON,,78.15499877929688,78.2300033569336,78.1449966430664,78.18000030517578,53222.0
2026-08-05 15:41:00,ONB,,26.975000381469727,26.985000610351562,26.975000381469727,26.985000610351562,5801.0
2026-08-05 15:41:00,ONCY,,0.7932000160217285,0.7932000160217285,0.7932000160217285,0.7932000160217285,200.0
2026-08-05 15:41:00,ONDS,,8.88010025024414,8.899999618530273,8.880000114440918,8.899999618530273,368291.0
2026-08-05 15:41:00,ONFO,,0.07559999823570251,0.07590000331401825,0.0754999965429306,0.07590000331401825,72914.0
2026-08-05 15:41:00,OPCH,,23.524999618530273,23.524999618530273,23.475000381469727,23.485000610351562,18502.0
2026-08-05 15:41:00,OPEN,,3.755000114440918,3.759999990463257,3.734999895095825,3.7409000396728516,314346.0
2026-08-05 15:41:00,OPHC,,8.760000228881836,8.760000228881836,8.720000267028809,8.720000267028809,2234.0
2026-08-05 15:41:00,OPK,,1.3350000381469727,1.340000033378601,1.3350000381469727,1.340000033378601,9135.0
2026-08-05 15:41:00,OPRA,,20.020000457763672,20.020000457763672,20.020000457763672,20.020000457763672,368.0
2026-08-05 15:41:00,OPRT,,6.050000190734863,6.050000190734863,6.050000190734863,6.050000190734863,3239.0
2026-08-05 15:41:00,OPRX,,6.988699913024902,6.988699913024902,6.988699913024902,6.988699913024902,550.0
2026-08-05 15:41:00,ORGO,,2.3450000286102295,2.3450000286102295,2.3450000286102295,2.3450000286102295,1986.0
2026-08-05 15:41:00,ORIC,,12.789999961853027,12.789999961853027,12.779999732971191,12.779999732971191,6191.0
2026-08-05 15:41:00,ORLY,,93.16500091552734,93.18000030517578,93.16000366210938,93.18000030517578,9576.0
2026-08-05 15:41:00,ORMP,,4.329999923706055,4.340000152587891,4.329999923706055,4.340000152587891,9403.0
2026-08-05 15:41:00,OSBC,,25.809999465942383,25.809999465942383,25.799999237060547,25.799999237060547,3764.0
2026-08-05 15:41:00,OSIS,,236.5749969482422,236.5749969482422,236.5749969482422,236.5749969482422,572.0
2026-08-05 15:41:00,OSS,,13.380000114440918,13.425000190734863,13.380000114440918,13.425000190734863,2985.0
2026-08-05 15:41:00,OTEX,,25.760000228881836,25.760000228881836,25.735000610351562,25.735000610351562,63786.0
2026-08-05 15:41:00,OTLK,,1.0298999547958374,1.0299999713897705,1.024999976158142,1.0299999713897705,37704.0
2026-08-05 15:41:00,OTTR,,92.19499969482422,92.19499969482422,92.19499969482422,92.19499969482422,289.0
2026-08-05 15:41:00,OVID,,2.5899999141693115,2.5899999141693115,2.5899999141693115,2.5899999141693115,1865.0
2026-08-05 15:41:00,OXSQ,,1.5099999904632568,1.5099999904632568,1.5099999904632568,1.5099999904632568,392.0
2026-08-05 15:41:00,PAA,,23.170000076293945,23.170000076293945,23.170000076293945,23.170000076293945,13015.0
2026-08-05 15:41:00,PAAS,,48.40999984741211,48.42499923706055,48.38999938964844,48.41809844970703,12004.0
2026-08-05 15:41:00,PACB,,1.3049999475479126,1.309999942779541,1.2999999523162842,1.3049999475479126,15556.0
2026-08-05 15:41:00,PAGP,,25.155000686645508,25.15999984741211,25.149999618530273,25.15999984741211,17696.0
2026-08-05 15:41:00,PALI,,2.109999895095825,2.109999895095825,2.109100103378296,2.109100103378296,7253.0
2026-08-05 15:41:00,PANL,,7.309999942779541,7.309999942779541,7.289999961853027,7.289999961853027,3537.0
2026-08-05 15:41:00,PANW,,364.0249938964844,364.2300109863281,363.8800048828125,364.0,14394.0
2026-08-05 15:41:00,PATK,,87.62000274658203,87.69999694824219,87.62000274658203,87.69999694824219,813.0
2026-08-05 15:41:00,PAX,,11.375,11.375,11.364999771118164,11.364999771118164,4142.0
2026-08-05 15:41:00,PAYO,,7.125,7.125,7.119999885559082,7.119999885559082,4461.0
2026-08-05 15:41:00,PAYS,,9.039999961853027,9.039999961853027,9.030699729919434,9.039999961853027,2767.0
2026-08-05 15:41:00,PAYX,,117.72000122070312,117.7699966430664,117.69000244140625,117.69000244140625,9686.0
2026-08-05 15:41:00,PBYI,,8.029999732971191,8.029999732971191,8.029999732971191,8.029999732971191,883.0
2026-08-05 15:41:00,PCAR,,133.6999969482422,133.6999969482422,133.6300048828125,133.6699981689453,8383.0
2026-08-05 15:41:00,PCRX,,25.059999465942383,25.1200008392334,25.03499984741211,25.1200008392334,7049.0
2026-08-05 15:41:00,PCT,,6.90500020980835,6.909999847412109,6.894999980926514,6.900000095367432,14104.0
2026-08-05 15:41:00,PCTY,,146.9324951171875,146.97999572753906,146.3800048828125,146.47000122070312,20666.0
2026-08-05 15:41:00,PDD,,90.70999908447266,90.71499633789062,90.68000030517578,90.69499969482422,6744.0
2026-08-05 15:41:00,PDFS,,50.165000915527344,50.17499923706055,50.165000915527344,50.17499923706055,625.0
2026-08-05 15:41:00,PECO,,41.380001068115234,41.3849983215332,41.380001068115234,41.380001068115234,3582.0
2026-08-05 15:41:00,PEGA,,31.809999465942383,31.81999969482422,31.809999465942383,31.819000244140625,5409.0
2026-08-05 15:41:00,PENN,,19.540000915527344,19.565000534057617,19.53499984741211,19.565000534057617,12305.0
2026-08-05 15:41:00,PEP,,138.40029907226562,138.41000366210938,138.3800048828125,138.38999938964844,6955.0
2026-08-05 15:41:00,PEPG,,1.9800000190734863,1.9800000190734863,1.975000023841858,1.975000023841858,2987.0
2026-08-05 15:41:00,PERI,,9.630000114440918,9.630000114440918,9.630000114440918,9.630000114440918,262.0
2026-08-05 15:41:00,PFG,,114.30999755859375,114.33999633789062,114.30500030517578,114.33000183105469,2339.0
2026-08-05 15:41:00,PGC,,46.57500076293945,46.57500076293945,46.57500076293945,46.57500076293945,755.0
2026-08-05 15:41:00,PGEN,,6.985000133514404,6.994999885559082,6.974999904632568,6.989999771118164,26234.0
2026-08-05 15:41:00,PGNY,,31.44499969482422,31.510000228881836,31.44499969482422,31.510000228881836,10839.0
2026-08-05 15:41:00,PGY,,21.7450008392334,21.75,21.700000762939453,21.709999084472656,5245.0
2026-08-05 15:41:00,PHAT,,8.295000076293945,8.295000076293945,8.295000076293945,8.295000076293945,3844.0
2026-08-05 15:41:00,PHIO,,1.0549999475479126,1.0549999475479126,1.0549999475479126,1.0549999475479126,683.0
2026-08-05 15:41:00,PKOH,,41.970001220703125,41.970001220703125,41.970001220703125,41.970001220703125,218.0
2026-08-05 15:41:00,PLAB,,32.20000076293945,32.220001220703125,32.20000076293945,32.209999084472656,1974.0
2026-08-05 15:41:00,PLMR,,135.02999877929688,135.02999877929688,135.02999877929688,135.02999877929688,549.0
2026-08-05 15:41:00,PLPC,,470.875,470.875,470.864990234375,470.864990234375,207.0
2026-08-05 15:41:00,PLSE,,37.72999954223633,37.79499816894531,37.72999954223633,37.79499816894531,1886.0
2026-08-05 15:41:00,PLTK,,3.9100000858306885,3.9149999618530273,3.9100000858306885,3.9149999618530273,2303.0
2026-08-05 15:41:00,PLUG,,2.089900016784668,2.0899999141693115,2.0799999237060547,2.0899999141693115,61980.0
2026-08-05 15:41:00,PNFP,,107.45999908447266,107.5,107.45999908447266,107.45999908447266,2950.0
2026-08-05 15:41:00,POCI,,4.304999828338623,4.304999828338623,4.304999828338623,4.304999828338623,200.0
2026-08-05 15:41:00,POET,,8.239999771118164,8.239999771118164,8.229999542236328,8.234999656677246,7768.0
2026-08-05 15:41:00,POOL,,205.9499969482422,205.9600067138672,205.8800048828125,205.9600067138672,1727.0
2026-08-05 15:41:00,POWI,,62.23500061035156,62.23500061035156,62.0,62.04499816894531,11944.0
2026-08-05 15:41:00,POWL,,210.47000122070312,210.6457977294922,210.44000244140625,210.55999755859375,799.0
2026-08-05 15:41:00,PPC,,26.34000015258789,26.350000381469727,26.34000015258789,26.350000381469727,6111.0
2026-08-05 15:41:00,PPIH,,25.969999313354492,25.969999313354492,25.969999313354492,25.969999313354492,593.0
2026-08-05 15:41:00,PPTA,,22.84000015258789,22.8799991607666,22.81999969482422,22.8700008392334,7487.0
2026-08-05 15:41:00,PRAX,,317.0,317.0,317.0,317.0,335.0
2026-08-05 15:41:00,PRCH,,15.850000381469727,15.850000381469727,15.850000381469727,15.850000381469727,919.0
2026-08-05 15:41:00,PRCT,,19.360700607299805,19.5,19.360700607299805,19.5,28001.0
2026-08-05 15:41:00,PRDO,,32.869998931884766,32.869998931884766,32.84000015258789,32.84000015258789,2561.0
2026-08-05 15:41:00,PRFX,,1.121999979019165,1.121999979019165,1.121999979019165,1.121999979019165,212.0
2026-08-05 15:41:00,PRGS,,42.23500061035156,42.23500061035156,42.23500061035156,42.23500061035156,1995.0
2026-08-05 15:41:00,PRIM,,83.62000274658203,83.62000274658203,83.54000091552734,83.55999755859375,4505.0
2026-08-05 15:41:00,PRME,,3.0399999618530273,3.0399999618530273,3.0350000858306885,3.0350000858306885,9266.0
2026-08-05 15:41:00,PROK,,1.6349999904632568,1.6349999904632568,1.6299999952316284,1.6299999952316284,405.0
2026-08-05 15:41:00,PRTA,,8.404999732971191,8.404999732971191,8.404999732971191,8.404999732971191,416.0
2026-08-05 15:41:00,PRTH,,6.670000076293945,6.670000076293945,6.670000076293945,6.670000076293945,1577.0
2026-08-05 15:41:00,PRZO,,0.5559999942779541,0.5559999942779541,0.5559999942779541,0.5559999942779541,2533.0
2026-08-05 15:41:00,PSEC,,2.184999942779541,2.184999942779541,2.182300090789795,2.184999942779541,2367.0
2026-08-05 15:41:00,PSMT,,186.4199981689453,186.4199981689453,186.4199981689453,186.4199981689453,679.0
2026-08-05 15:41:00,PSNL,,13.5600004196167,13.5600004196167,13.550000190734863,13.550000190734863,2390.0
2026-08-05 15:41:00,PTCT,,68.5,68.5,68.5,68.5,1023.0
2026-08-05 15:41:00,PTEN,,9.645000457763672,9.655799865722656,9.640000343322754,9.654999732971191,19421.0
2026-08-05 15:41:00,PTGX,,135.8800048828125,135.8800048828125,135.8800048828125,135.8800048828125,960.0
2026-08-05 15:41:00,PTLO,,4.625,4.625,4.625,4.625,6107.0
2026-08-05 15:41:00,PTON,,6.514999866485596,6.514999866485596,6.514999866485596,6.514999866485596,3684.0
2026-08-05 15:41:00,PUBM,,13.579999923706055,13.59000015258789,13.579999923706055,13.579999923706055,3185.0
2026-08-05 15:41:00,PWP,,17.40999984741211,17.43000030517578,17.40999984741211,17.420000076293945,6562.0
2026-08-05 15:41:00,PYPL,,57.95500183105469,57.959999084472656,57.935001373291016,57.95000076293945,26235.0
2026-08-05 15:41:00,PYXS,,3.0950000286102295,3.0950000286102295,3.0950000286102295,3.0950000286102295,1093.0
2026-08-05 15:41:00,PZZA,,29.825000762939453,29.889999389648438,29.825000762939453,29.875099182128906,9753.0
2026-08-05 15:41:00,QCOM,,159.1300048828125,159.15499877929688,159.07000732421875,159.13999938964844,10299.0
2026-08-05 15:41:00,QFIN,,13.175000190734863,13.175000190734863,13.175000190734863,13.175000190734863,1157.0
2026-08-05 15:41:00,QRVO,,96.0,96.04000091552734,95.97000122070312,96.04000091552734,4686.0
2026-08-05 15:41:00,SEED,,1.0399999618530273,1.0499999523162842,1.0399999618530273,1.0497000217437744,2568.0
2026-08-05 15:41:00,STIM,,2.4149999618530273,2.4163999557495117,2.4100000858306885,2.4100000858306885,3122.0
2026-08-05 15:42:00,ACDC,,4.514999866485596,4.525000095367432,4.514999866485596,4.525000095367432,15928.0
2026-08-05 15:42:00,BPOP,,177.03500366210938,177.03500366210938,177.03500366210938,177.03500366210938,188.0
2026-08-05 15:42:00,BPRN,,41.91999816894531,41.91999816894531,41.91999816894531,41.91999816894531,666.0
2026-08-05 15:42:00,CASH,,89.40499877929688,89.48999786376953,89.3499984741211,89.36000061035156,1521.0
2026-08-05 15:42:00,EYE,,22.924999237060547,22.93000030517578,22.924999237060547,22.924999237060547,3923.0
2026-08-05 15:42:00,GLUE,,15.28499984741211,15.28499984741211,15.28499984741211,15.28499984741211,688.0
2026-08-05 15:42:00,KIDS,,21.774999618530273,21.81999969482422,21.770000457763672,21.770000457763672,1835.0
2026-08-05 15:42:00,MCRI,,121.87000274658203,121.87000274658203,121.86000061035156,121.86000061035156,1278.0
2026-08-05 15:42:00,MDB,,375.1099853515625,375.7200012207031,374.9549865722656,375.31500244140625,11489.0
2026-08-05 15:42:00,MDLZ,,62.564998626708984,62.564998626708984,62.52199935913086,62.525001525878906,15475.0
2026-08-05 15:42:00,MLTX,,17.510000228881836,17.510000228881836,17.507999420166016,17.507999420166016,2034.0
2026-08-05 15:42:00,MNPR,,118.0250015258789,118.0250015258789,118.0250015258789,118.0250015258789,147.0
2026-08-05 15:42:00,MNRO,,13.140000343322754,13.140000343322754,13.140000343322754,13.140000343322754,1307.0
2026-08-05 15:42:00,MNST,,94.18000030517578,94.18000030517578,94.1500015258789,94.1500015258789,3467.0
2026-08-05 15:42:00,MNTS,,4.199999809265137,4.230000019073486,4.198999881744385,4.199900150299072,57214.0
2026-08-05 15:42:00,MORN,,198.74000549316406,198.74000549316406,198.4600067138672,198.55999755859375,810.0
2026-08-05 15:42:00,MPWR,,1347.9649658203125,1350.0,1347.590087890625,1347.590087890625,957.0
2026-08-05 15:42:00,MRNA,,55.845001220703125,55.88999938964844,55.845001220703125,55.88999938964844,5722.0
2026-08-05 15:42:00,MYGN,,3.1600000858306885,3.1600000858306885,3.1549999713897705,3.1549999713897705,3462.0
2026-08-05 15:42:00,MYRG,,337.2799987792969,338.260009765625,337.2799987792969,338.260009765625,1031.0
2026-08-05 15:42:00,NAUT,,0.9426000118255615,0.9426000118255615,0.9426000118255615,0.9426000118255615,895.0
2026-08-05 15:42:00,NAVI,,9.130000114440918,9.130000114440918,9.125,9.125,3867.0
2026-08-05 15:42:00,NB,,5.065000057220459,5.066400051116943,5.065000057220459,5.065000057220459,9722.0
2026-08-05 15:42:00,NBIX,,162.0,162.05999755859375,162.0,162.0,4232.0
2026-08-05 15:42:00,NBTB,,53.29999923706055,53.29999923706055,53.255001068115234,53.255001068115234,1197.0
2026-08-05 15:42:00,NDAQ,,94.6050033569336,94.61000061035156,94.58999633789062,94.58999633789062,3445.0
2026-08-05 15:42:00,NDSN,,311.17999267578125,311.17999267578125,311.1199951171875,311.1199951171875,286.0
2026-08-05 15:42:00,NEGG,,17.575000762939453,17.6299991607666,17.530000686645508,17.549999237060547,1589.0
2026-08-05 15:42:00,NEO,,15.75,15.760000228881836,15.734999656677246,15.734999656677246,9730.0
2026-08-05 15:42:00,NEOG,,11.479999542236328,11.479999542236328,11.460000038146973,11.460000038146973,14298.0
2026-08-05 15:42:00,NEON,,0.9117000102996826,0.9117000102996826,0.9117000102996826,0.9117000102996826,1938.0
2026-08-05 15:42:00,NEOV,,2.9000000953674316,2.9000000953674316,2.8857998847961426,2.8857998847961426,7606.0
2026-08-05 15:42:00,NESR,,28.59000015258789,28.610000610351562,28.59000015258789,28.59000015258789,1323.0
2026-08-05 15:42:00,NEWT,,14.994999885559082,15.0,14.989999771118164,14.989999771118164,723.0
2026-08-05 15:42:00,NEXT,,6.438000202178955,6.438000202178955,6.429999828338623,6.429999828338623,4537.0
2026-08-05 15:42:00,NFE,,0.33739998936653137,0.33739998936653137,0.33739998936653137,0.33739998936653137,0.0
2026-08-05 15:42:00,NFLX,,73.73500061035156,73.74500274658203,73.72000122070312,73.73989868164062,63926.0
2026-08-05 15:42:00,NHTC,,1.600000023841858,1.600000023841858,1.600000023841858,1.600000023841858,5339.0
2026-08-05 15:42:00,NICE,,99.5199966430664,99.58999633789062,99.5199966430664,99.58999633789062,1339.0
2026-08-05 15:42:00,NKSH,,41.34000015258789,41.34000015258789,41.34000015258789,41.34000015258789,104.0
2026-08-05 15:42:00,NKTR,,72.41999816894531,72.54000091552734,72.41000366210938,72.41000366210938,1324.0
2026-08-05 15:42:00,NKTX,,2.2149999141693115,2.2149999141693115,2.2100000381469727,2.2100000381469727,13809.0
2026-08-05 15:42:00,NMFC,,7.364999771118164,7.364999771118164,7.364999771118164,7.364999771118164,2016.0
2026-08-05 15:42:00,NMIH,,44.81999969482422,44.81999969482422,44.810001373291016,44.810001373291016,1819.0
2026-08-05 15:42:00,NMRA,,1.6100000143051147,1.6100000143051147,1.6100000143051147,1.6100000143051147,660.0
2026-08-05 15:42:00,NMRK,,15.720000267028809,15.720000267028809,15.710000038146973,15.710000038146973,6924.0
2026-08-05 15:42:00,NN,,14.774999618530273,14.800000190734863,14.770000457763672,14.770000457763672,12686.0
2026-08-05 15:42:00,NNBR,,3.8450000286102295,3.8499999046325684,3.8399999141693115,3.8399999141693115,8080.0
2026-08-05 15:42:00,NNDM,,1.5549999475479126,1.5549999475479126,1.5549999475479126,1.5549999475479126,921.0
2026-08-05 15:42:00,NNOX,,1.0149999856948853,1.0149999856948853,1.0099999904632568,1.0099999904632568,1096.0
2026-08-05 15:42:00,NOVT,,154.92999267578125,154.92999267578125,154.58999633789062,154.69000244140625,1964.0
2026-08-05 15:42:00,NRDS,,9.074999809265137,9.074999809265137,9.074999809265137,9.074999809265137,3757.0
2026-08-05 15:42:00,NRIX,,24.989999771118164,24.989999771118164,24.989999771118164,24.989999771118164,1581.0
2026-08-05 15:42:00,NRXP,,3.065000057220459,3.065000057220459,3.065000057220459,3.065000057220459,226.0
2026-08-05 15:42:00,NTAP,,188.6699981689453,188.72000122070312,188.6699981689453,188.6699981689453,6714.0
2026-08-05 15:42:00,NTCT,,41.349998474121094,41.349998474121094,41.28499984741211,41.28499984741211,2603.0
2026-08-05 15:42:00,NTES,,127.80000305175781,127.83000183105469,127.79499816894531,127.79499816894531,2971.0
2026-08-05 15:42:00,NTGR,,24.329999923706055,24.329999923706055,24.290000915527344,24.290000915527344,1342.0
2026-08-05 15:42:00,NTNX,,61.08000183105469,61.14500045776367,61.08000183105469,61.13999938964844,9385.0
2026-08-05 15:42:00,NTRA,,273.739990234375,273.7699890136719,273.55999755859375,273.55999755859375,2822.0
2026-08-05 15:42:00,NTRS,,184.7449951171875,184.77999877929688,184.7050018310547,184.77999877929688,3690.0
2026-08-05 15:42:00,NUWE,,1.639299988746643,1.639299988746643,1.6299999952316284,1.6349999904632568,3260.0
2026-08-05 15:42:00,NVAX,,7.619900226593018,7.619900226593018,7.613500118255615,7.614999771118164,6358.0
2026-08-05 15:42:00,NVCR,,16.020000457763672,16.059999465942383,16.020000457763672,16.040000915527344,6479.0
2026-08-05 15:42:00,NVCT,,19.459999084472656,19.459999084472656,19.459999084472656,19.459999084472656,696.0
2026-08-05 15:42:00,NVDA,,220.80999755859375,220.98500061035156,220.75999450683594,220.93600463867188,198814.0
2026-08-05 15:42:00,NVEC,,129.11000061035156,129.11000061035156,129.11000061035156,129.11000061035156,281.0
2026-08-05 15:42:00,NVMI,,408.3999938964844,408.489990234375,408.1199951171875,408.45001220703125,671.0
2026-08-05 15:42:00,NVTS,,12.46500015258789,12.484999656677246,12.449999809265137,12.449999809265137,20889.0
2026-08-05 15:42:00,NWBI,,15.970000267028809,15.975000381469727,15.970000267028809,15.970000267028809,15372.0
2026-08-05 15:42:00,NWGL,,0.272599995136261,0.272599995136261,0.272599995136261,0.272599995136261,0.0
2026-08-05 15:42:00,NWL,,6.17110013961792,6.179999828338623,6.159999847412109,6.164999961853027,49257.0
2026-08-05 15:42:00,NWPX,,126.16000366210938,126.19999694824219,126.16000366210938,126.19999694824219,447.0
2026-08-05 15:42:00,NWS,,32.900001525878906,32.915000915527344,32.900001525878906,32.900001525878906,6109.0
2026-08-05 15:42:00,NWSA,,28.969999313354492,29.010000228881836,28.96500015258789,28.985000610351562,45461.0
2026-08-05 15:42:00,NXPI,,233.0800018310547,233.19000244140625,233.02000427246094,233.02000427246094,5605.0
2026-08-05 15:42:00,NXT,,100.37999725341797,100.54000091552734,100.33000183105469,100.44000244140625,7159.0
2026-08-05 15:42:00,OABI,,2.055000066757202,2.055000066757202,2.055000066757202,2.055000066757202,791.0
2026-08-05 15:42:00,OBIO,,4.224999904632568,4.230000019073486,4.224999904632568,4.230000019073486,512.0
2026-08-05 15:42:00,OBT,,38.97999954223633,38.97999954223633,38.88999938964844,38.88999938964844,2281.0
2026-08-05 15:42:00,OCC,,15.729999542236328,15.729999542236328,15.729999542236328,15.729999542236328,750.0
2026-08-05 15:42:00,OCFC,,19.854999542236328,19.864999771118164,19.850000381469727,19.864999771118164,5794.0
2026-08-05 15:42:00,OCGN,,1.277999997138977,1.2799999713897705,1.274999976158142,1.274999976158142,3363.0
2026-08-05 15:42:00,OCS,,12.010000228881836,12.010000228881836,12.010000228881836,12.010000228881836,386.0
2026-08-05 15:42:00,OCSL,,12.020000457763672,12.024999618530273,12.020000457763672,12.024999618530273,681.0
2026-08-05 15:42:00,OCUL,,8.505000114440918,8.505000114440918,8.505000114440918,8.505000114440918,881.0
2026-08-05 15:42:00,ODD,,15.270000457763672,15.289999961853027,15.270000457763672,15.289999961853027,2260.0
2026-08-05 15:42:00,ODFL,,214.36500549316406,214.49000549316406,214.3300018310547,214.38999938964844,5111.0
2026-08-05 15:42:00,OKTA,,147.35000610351562,147.447998046875,147.35000610351562,147.38999938964844,9132.0
2026-08-05 15:42:00,OLLI,,78.59500122070312,78.63999938964844,78.4800033569336,78.52999877929688,5573.0
2026-08-05 15:42:00,OM,,5.050000190734863,5.050000190734863,5.050000190734863,5.050000190734863,438.0
2026-08-05 15:42:00,OMCL,,37.189998626708984,37.27000045776367,37.189998626708984,37.2599983215332,12627.0
2026-08-05 15:42:00,OMER,,12.670000076293945,12.6850004196167,12.65999984741211,12.6850004196167,14755.0
2026-08-05 15:42:00,OMH,,0.11659999936819077,0.11659999936819077,0.11659999936819077,0.11659999936819077,6884.0
2026-08-05 15:42:00,ON,,78.19999694824219,78.26000213623047,78.15499877929688,78.16999816894531,50194.0
2026-08-05 15:42:00,ONB,,26.9950008392334,27.0,26.979999542236328,26.979999542236328,8304.0
2026-08-05 15:42:00,ONCY,,0.7910000085830688,0.7911999821662903,0.7910000085830688,0.7911999821662903,1322.0
2026-08-05 15:42:00,ONDS,,8.875,8.899999618530273,8.869999885559082,8.885000228881836,238503.0
2026-08-05 15:42:00,ONEW,,12.59000015258789,12.59000015258789,12.569999694824219,12.569999694824219,426.0
2026-08-05 15:42:00,ONFO,,0.07530000060796738,0.07559999823570251,0.07500000298023224,0.0754999965429306,95760.0
2026-08-05 15:42:00,ONMD,,0.6452000141143799,0.6452000141143799,0.6452000141143799,0.6452000141143799,1105.0
2026-08-05 15:42:00,OPCH,,23.559999465942383,23.559999465942383,23.520000457763672,23.530000686645508,16177.0
2026-08-05 15:42:00,OPEN,,3.765000104904175,3.7699999809265137,3.75,3.757699966430664,60703.0
2026-08-05 15:42:00,OPHC,,8.75,8.75,8.75,8.75,207.0
2026-08-05 15:42:00,OPI,,19.0,19.0,19.0,19.0,3035.0
2026-08-05 15:42:00,OPK,,1.3301000595092773,1.3350000381469727,1.3300000429153442,1.3350000381469727,761.0
2026-08-05 15:42:00,OPRA,,20.03499984741211,20.059999465942383,20.03499984741211,20.059999465942383,653.0
2026-08-05 15:42:00,ORIC,,12.789999961853027,12.795000076293945,12.779999732971191,12.789999961853027,5745.0
2026-08-05 15:42:00,ORLY,,93.26000213623047,93.26000213623047,93.13999938964844,93.16500091552734,12043.0
2026-08-05 15:42:00,ORRF,,43.247501373291016,43.25,43.247501373291016,43.25,785.0
2026-08-05 15:42:00,OSBC,,25.81999969482422,25.81999969482422,25.81999969482422,25.81999969482422,4813.0
2026-08-05 15:42:00,OSIS,,236.5749969482422,236.5749969482422,236.5749969482422,236.5749969482422,216.0
2026-08-05 15:42:00,OSPN,,16.469999313354492,16.520000457763672,16.469999313354492,16.469999313354492,3632.0
2026-08-05 15:42:00,OSS,,13.369999885559082,13.380000114440918,13.364999771118164,13.380000114440918,4420.0
2026-08-05 15:42:00,OSUR,,4.135000228881836,4.135000228881836,4.135000228881836,4.135000228881836,627.0
2026-08-05 15:42:00,OSW,,26.540000915527344,26.540000915527344,26.540000915527344,26.540000915527344,1132.0
2026-08-05 15:42:00,OTEX,,25.7549991607666,25.760000228881836,25.75,25.7549991607666,26645.0
2026-08-05 15:42:00,OTLK,,1.0299999713897705,1.0299999713897705,1.024999976158142,1.024999976158142,2161.0
2026-08-05 15:42:00,OTTR,,92.31999969482422,92.31999969482422,92.31999969482422,92.31999969482422,307.0
2026-08-05 15:42:00,OVID,,2.5899999141693115,2.5899999141693115,2.5850000381469727,2.5850000381469727,8447.0
2026-08-05 15:42:00,OXSQ,,1.5098999738693237,1.5099999904632568,1.5049999952316284,1.5049999952316284,31614.0
2026-08-05 15:42:00,PAA,,23.18000030517578,23.18000030517578,23.165000915527344,23.174999237060547,19246.0
2026-08-05 15:42:00,PAAS,,48.45000076293945,48.45500183105469,48.400001525878906,48.400001525878906,13199.0
2026-08-05 15:42:00,PACB,,1.3049999475479126,1.309999942779541,1.3049999475479126,1.3049999475479126,29629.0
2026-08-05 15:42:00,PAGP,,25.155000686645508,25.15999984741211,25.145000457763672,25.15999984741211,9279.0
2026-08-05 15:42:00,PAHC,,35.619998931884766,35.619998931884766,35.619998931884766,35.619998931884766,722.0
2026-08-05 15:42:00,PALI,,2.109999895095825,2.109999895095825,2.0999999046325684,2.109999895095825,4043.0
2026-08-05 15:42:00,PANL,,7.315000057220459,7.315000057220459,7.315000057220459,7.315000057220459,617.0
2026-08-05 15:42:00,PANW,,363.6700134277344,364.0249938964844,363.6700134277344,363.9700012207031,18331.0
2026-08-05 15:42:00,PATK,,87.72000122070312,87.72000122070312,87.72000122070312,87.72000122070312,502.0
2026-08-05 15:42:00,PAX,,11.364999771118164,11.369999885559082,11.364999771118164,11.369999885559082,6969.0
2026-08-05 15:42:00,PAYO,,7.125,7.125,7.119999885559082,7.125,1078.0
2026-08-05 15:42:00,PAYS,,9.069999694824219,9.069999694824219,9.050000190734863,9.050000190734863,2308.0
2026-08-05 15:42:00,PAYX,,117.76499938964844,117.76499938964844,117.69999694824219,117.69999694824219,6193.0
2026-08-05 15:42:00,PBFS,,17.18000030517578,17.18000030517578,17.18000030517578,17.18000030517578,1340.0
2026-08-05 15:42:00,PCAR,,133.72000122070312,133.72999572753906,133.6300048828125,133.72000122070312,8861.0
2026-08-05 15:42:00,PCRX,,25.065000534057617,25.065000534057617,25.010000228881836,25.059999465942383,5946.0
2026-08-05 15:42:00,PCT,,6.925000190734863,6.940000057220459,6.914999961853027,6.914999961853027,31234.0
2026-08-05 15:42:00,PCTY,,146.94500732421875,147.25999450683594,146.94500732421875,147.2100067138672,1951.0
2026-08-05 15:42:00,PDD,,90.75,90.75,90.70999908447266,90.70999908447266,5241.0
2026-08-05 15:42:00,PDEX,,66.94000244140625,66.94000244140625,66.94000244140625,66.94000244140625,299.0
2026-08-05 15:42:00,PDFS,,50.165000915527344,50.165000915527344,50.165000915527344,50.165000915527344,921.0
2026-08-05 15:42:00,PDLB,,20.44700050354004,20.44700050354004,20.44700050354004,20.44700050354004,470.0
2026-08-05 15:42:00,PECO,,41.369998931884766,41.380001068115234,41.369998931884766,41.380001068115234,1578.0
2026-08-05 15:42:00,PEGA,,31.829999923706055,31.839000701904297,31.809999465942383,31.809999465942383,6908.0
2026-08-05 15:42:00,PENN,,19.540000915527344,19.545000076293945,19.53499984741211,19.53499984741211,8954.0
2026-08-05 15:42:00,PEP,,138.52000427246094,138.52000427246094,138.40499877929688,138.40499877929688,11315.0
2026-08-05 15:42:00,PEPG,,1.975000023841858,1.975000023841858,1.975000023841858,1.975000023841858,619.0
2026-08-05 15:42:00,PERI,,9.640000343322754,9.640000343322754,9.630000114440918,9.630000114440918,1005.0
2026-08-05 15:42:00,PESI,,17.610000610351562,17.6200008392334,17.610000610351562,17.6200008392334,1521.0
2026-08-05 15:42:00,PFBC,,106.63999938964844,106.63999938964844,106.58000183105469,106.63999938964844,2098.0
2026-08-05 15:42:00,PFG,,114.3550033569336,114.36000061035156,114.31999969482422,114.31999969482422,5287.0
2026-08-05 15:42:00,PGEN,,6.974999904632568,6.985000133514404,6.96999979019165,6.985000133514404,18960.0
2026-08-05 15:42:00,PGNY,,31.290000915527344,31.440000534057617,31.290000915527344,31.434999465942383,44338.0
2026-08-05 15:42:00,PGY,,21.795000076293945,21.815000534057617,21.75,21.75,9491.0
2026-08-05 15:42:00,PHAT,,8.279999732971191,8.289999961853027,8.265000343322754,8.289999961853027,27453.0
2026-08-05 15:42:00,PKOH,,41.97999954223633,41.99800109863281,41.97999954223633,41.97999954223633,713.0
2026-08-05 15:42:00,PLAB,,32.220001220703125,32.22999954223633,32.220001220703125,32.220001220703125,2705.0
2026-08-05 15:42:00,PLMR,,135.10499572753906,135.1199951171875,135.10499572753906,135.10499572753906,2835.0
2026-08-05 15:42:00,PLPC,,471.3800048828125,471.9200134277344,471.3800048828125,471.7200012207031,548.0
2026-08-05 15:42:00,PLRX,,1.059999942779541,1.059999942779541,1.059999942779541,1.059999942779541,574.0
2026-08-05 15:42:00,PLTK,,3.9149999618530273,3.9149999618530273,3.9149999618530273,3.9149999618530273,0.0
2026-08-05 15:42:00,PLUG,,2.0899999141693115,2.0999999046325684,2.0799999237060547,2.0850000381469727,227883.0
2026-08-05 15:42:00,PLXS,,275.9599914550781,275.9599914550781,275.95001220703125,275.9599914550781,1392.0
2026-08-05 15:42:00,PNFP,,107.625,107.6500015258789,107.45999908447266,107.45999908447266,4657.0
2026-08-05 15:42:00,PNTG,,38.56999969482422,38.59000015258789,38.56999969482422,38.59000015258789,931.0
2026-08-05 15:42:00,POET,,8.239999771118164,8.239999771118164,8.229999542236328,8.239999771118164,18631.0
2026-08-05 15:42:00,POOL,,206.06500244140625,206.06500244140625,205.89500427246094,205.89500427246094,2126.0
2026-08-05 15:42:00,POWI,,62.38999938964844,62.38999938964844,62.23500061035156,62.23500061035156,3721.0
2026-08-05 15:42:00,POWL,,210.34500122070312,210.64999389648438,210.25,210.64999389648438,3022.0
2026-08-05 15:42:00,PPC,,26.364999771118164,26.3799991607666,26.350000381469727,26.364999771118164,11472.0
2026-08-05 15:42:00,PPTA,,22.84000015258789,22.850000381469727,22.829999923706055,22.834999084472656,6789.0
2026-08-05 15:42:00,PRAA,,17.299999237060547,17.299999237060547,17.290000915527344,17.290000915527344,3544.0
2026-08-05 15:42:00,PRCH,,15.85099983215332,15.854999542236328,15.84000015258789,15.84000015258789,5825.0
2026-08-05 15:42:00,PRCT,,19.395000457763672,19.43000030517578,19.375,19.375,14677.0
2026-08-05 15:42:00,PRDO,,32.880001068115234,32.880001068115234,32.880001068115234,32.880001068115234,497.0
2026-08-05 15:42:00,PRIM,,83.55999755859375,83.66000366210938,83.5199966430664,83.63999938964844,8205.0
2026-08-05 15:42:00,PRLD,,4.514999866485596,4.525000095367432,4.510000228881836,4.519999980926514,3379.0
2026-08-05 15:42:00,PRME,,3.0390000343322754,3.0390000343322754,3.0390000343322754,3.0390000343322754,1779.0
2026-08-05 15:42:00,PROK,,1.6349999904632568,1.6349999904632568,1.6299999952316284,1.6299999952316284,579.0
2026-08-05 15:42:00,PRQR,,1.965000033378601,1.9699000120162964,1.9615999460220337,1.9615999460220337,4434.0
2026-08-05 15:42:00,PRVA,,23.920000076293945,23.940000534057617,23.920000076293945,23.920000076293945,4728.0
2026-08-05 15:42:00,PSEC,,2.184999942779541,2.1898999214172363,2.180000066757202,2.184999942779541,50515.0
2026-08-05 15:42:00,PSNL,,13.550000190734863,13.5600004196167,13.550000190734863,13.5600004196167,4655.0
2026-08-05 15:42:00,PTC,,140.0,140.0500030517578,139.9250030517578,140.0050048828125,3716.0
2026-08-05 15:42:00,PTCT,,68.51000213623047,68.51000213623047,68.49500274658203,68.49500274658203,1230.0
2026-08-05 15:42:00,PTEN,,9.635000228881836,9.640000343322754,9.630000114440918,9.640000343322754,11470.0
2026-08-05 15:42:00,PTLO,,4.625,4.630000114440918,4.625,4.625,1205.0
2026-08-05 15:42:00,PTON,,6.514999866485596,6.519999980926514,6.514999866485596,6.514999866485596,7472.0
2026-08-05 15:42:00,PUBM,,13.600000381469727,13.600000381469727,13.600000381469727,13.600000381469727,1377.0
2026-08-05 15:42:00,PWP,,17.40999984741211,17.420000076293945,17.399999618530273,17.420000076293945,7379.0
2026-08-05 15:42:00,PYPD,,4.599999904632568,4.610000133514404,4.599999904632568,4.610000133514404,370.0
2026-08-05 15:42:00,PYPL,,57.994998931884766,57.994998931884766,57.95000076293945,57.95000076293945,17301.0
2026-08-05 15:42:00,PYXS,,3.0950000286102295,3.0950000286102295,3.0950000286102295,3.0950000286102295,1164.0
2026-08-05 15:42:00,PZZA,,29.834999084472656,29.834999084472656,29.81999969482422,29.81999969482422,3561.0
2026-08-05 15:42:00,QCOM,,159.22500610351562,159.24000549316406,159.13999938964844,159.22500610351562,11215.0
2026-08-05 15:42:00,QCRH,,105.19999694824219,105.19999694824219,105.19999694824219,105.19999694824219,615.0
2026-08-05 15:42:00,QFIN,,13.175000190734863,13.175000190734863,13.175000190734863,13.175000190734863,1232.0
2026-08-05 15:42:00,QRVO,,96.01000213623047,96.08999633789062,96.01000213623047,96.04000091552734,4155.0
2026-08-05 15:42:00,SEED,,1.0499999523162842,1.0499999523162842,1.0497000217437744,1.0497000217437744,311.0
2026-08-05 15:42:00,STIM,,2.424999952316284,2.427999973297119,2.4172000885009766,2.4172000885009766,3668.0
2026-08-05 15:42:00,STKS,,1.7599999904632568,1.7699999809265137,1.7599999904632568,1.7599999904632568,4306.0
2026-08-05 15:42:00,TARA,,3.984999895095825,3.984999895095825,3.984999895095825,3.984999895095825,1054.0
2026-08-05 15:43:00,ACDC,,4.510000228881836,4.514999866485596,4.505000114440918,4.510000228881836,17948.0
2026-08-05 15:43:00,BPOP,,177.19000244140625,177.19000244140625,177.1300048828125,177.1300048828125,2226.0
2026-08-05 15:43:00,CASH,,89.62999725341797,89.62999725341797,89.51000213623047,89.51000213623047,2223.0
2026-08-05 15:43:00,DTIL,,7.460000038146973,7.460000038146973,7.460000038146973,7.460000038146973,757.0
2026-08-05 15:43:00,EYE,,22.920000076293945,22.94499969482422,22.905000686645508,22.924999237060547,16261.0
2026-08-05 15:43:00,FIZZ,,32.119998931884766,32.13999938964844,32.119998931884766,32.13999938964844,1983.0
2026-08-05 15:43:00,FRST,,16.440000534057617,16.440000534057617,16.440000534057617,16.440000534057617,5254.0
2026-08-05 15:43:00,GLUE,,15.270000457763672,15.28499984741211,15.270000457763672,15.28499984741211,4001.0
2026-08-05 15:43:00,KIDS,,21.774999618530273,21.774999618530273,21.774999618530273,21.774999618530273,962.0
2026-08-05 15:43:00,MBRX,,0.3959999978542328,0.3959999978542328,0.3959999978542328,0.3959999978542328,164.0
2026-08-05 15:43:00,MDB,,374.5299987792969,375.2799987792969,374.3999938964844,375.0249938964844,15920.0
2026-08-05 15:43:00,MDLZ,,62.6150016784668,62.619998931884766,62.56999969482422,62.57500076293945,13905.0
2026-08-05 15:43:00,MNRO,,13.140000343322754,13.154999732971191,13.140000343322754,13.154999732971191,1535.0
2026-08-05 15:43:00,MNST,,94.23999786376953,94.23999786376953,94.19000244140625,94.19000244140625,12701.0
2026-08-05 15:43:00,MNTK,,1.690000057220459,1.690000057220459,1.690000057220459,1.690000057220459,374.0
2026-08-05 15:43:00,MNTS,,4.199999809265137,4.199999809265137,4.199999809265137,4.199999809265137,2449.0
2026-08-05 15:43:00,MORN,,198.97999572753906,199.00999450683594,198.85000610351562,198.85000610351562,1218.0
2026-08-05 15:43:00,MPWR,,1346.510009765625,1348.1600341796875,1345.4599609375,1348.1600341796875,862.0
2026-08-05 15:43:00,MRNA,,55.88999938964844,55.88999938964844,55.82500076293945,55.845001220703125,11122.0
2026-08-05 15:43:00,MYGN,,3.1600000858306885,3.1649999618530273,3.1549999713897705,3.1549999713897705,16094.0
2026-08-05 15:43:00,MYRG,,336.6300048828125,337.18499755859375,336.5199890136719,337.18499755859375,1108.0
2026-08-05 15:43:00,NAMS,,27.375,27.375,27.375,27.375,662.0
2026-08-05 15:43:00,NAUT,,0.9427000284194946,0.9427000284194946,0.9427000284194946,0.9427000284194946,436.0
2026-08-05 15:43:00,NAVI,,9.135000228881836,9.135000228881836,9.135000228881836,9.135000228881836,528.0
2026-08-05 15:43:00,NB,,5.059999942779541,5.069900035858154,5.059999942779541,5.059999942779541,9373.0
2026-08-05 15:43:00,NBIX,,162.164794921875,162.22000122070312,162.0,162.00999450683594,7550.0
2026-08-05 15:43:00,NBN,,134.22999572753906,134.22999572753906,134.08999633789062,134.08999633789062,738.0
2026-08-05 15:43:00,NBTB,,53.290000915527344,53.290000915527344,53.290000915527344,53.290000915527344,1118.0
2026-08-05 15:43:00,NBTX,,39.3849983215332,39.3849983215332,39.3849983215332,39.3849983215332,118.0
2026-08-05 15:43:00,NCMI,,4.09499979019165,4.09499979019165,4.09499979019165,4.09499979019165,554.0
2026-08-05 15:43:00,NCRA,,1.8300000429153442,1.8300000429153442,1.8300000429153442,1.8300000429153442,600.0
2026-08-05 15:43:00,NDAQ,,94.65499877929688,94.65499877929688,94.61000061035156,94.61000061035156,4069.0
2026-08-05 15:43:00,NDSN,,311.364990234375,311.364990234375,311.0799865722656,311.0799865722656,2398.0
2026-08-05 15:43:00,NEGG,,17.607099533081055,17.607099533081055,17.399999618530273,17.565000534057617,2522.0
2026-08-05 15:43:00,NEO,,15.744999885559082,15.751999855041504,15.739999771118164,15.744999885559082,10968.0
2026-08-05 15:43:00,NEOG,,11.484999656677246,11.494999885559082,11.484999656677246,11.489999771118164,13511.0
2026-08-05 15:43:00,NEOV,,2.8689000606536865,2.875,2.8499999046325684,2.875,68744.0
2026-08-05 15:43:00,NESR,,28.514999389648438,28.59000015258789,28.514999389648438,28.59000015258789,4923.0
2026-08-05 15:43:00,NEWT,,14.994999885559082,15.010000228881836,14.994999885559082,15.010000228881836,1121.0
2026-08-05 15:43:00,NEXT,,6.433899879455566,6.445000171661377,6.429999828338623,6.429999828338623,23133.0
2026-08-05 15:43:00,NFLX,,73.79499816894531,73.79989624023438,73.7300033569336,73.7300033569336,72897.0
2026-08-05 15:43:00,NGNE,,35.869998931884766,35.869998931884766,35.810001373291016,35.810001373291016,1226.0
2026-08-05 15:43:00,NICE,,99.37999725341797,99.63999938964844,99.1500015258789,99.58999633789062,15070.0
2026-08-05 15:43:00,NKSH,,41.34000015258789,41.34000015258789,41.34000015258789,41.34000015258789,101.0
2026-08-05 15:43:00,NKTR,,72.43000030517578,72.4749984741211,72.43000030517578,72.4749984741211,326.0
2026-08-05 15:43:00,NKTX,,2.2049999237060547,2.2100000381469727,2.2049999237060547,2.2100000381469727,5367.0
2026-08-05 15:43:00,NMIH,,44.875,44.875,44.849998474121094,44.86000061035156,1557.0
2026-08-05 15:43:00,NMRA,,1.6050000190734863,1.6100000143051147,1.6050000190734863,1.6100000143051147,252.0
2026-08-05 15:43:00,NMRK,,15.739999771118164,15.739999771118164,15.729999542236328,15.729999542236328,2826.0
2026-08-05 15:43:00,NMTC,,1.6444000005722046,1.6444000005722046,1.6444000005722046,1.6444000005722046,1000.0
2026-08-05 15:43:00,NN,,14.800000190734863,14.800000190734863,14.760000228881836,14.774999618530273,22056.0
2026-08-05 15:43:00,NNDM,,1.5499999523162842,1.5549999475479126,1.5499999523162842,1.5549999475479126,1151.0
2026-08-05 15:43:00,NOVT,,154.88999938964844,154.93499755859375,154.88999938964844,154.93499755859375,659.0
2026-08-05 15:43:00,NRDS,,9.085000038146973,9.085000038146973,9.079999923706055,9.085000038146973,4457.0
2026-08-05 15:43:00,NRIX,,24.989999771118164,24.989999771118164,24.989999771118164,24.989999771118164,340.0
2026-08-05 15:43:00,NTAP,,188.5,188.69000244140625,188.5,188.69000244140625,11419.0
2026-08-05 15:43:00,NTES,,127.8499984741211,127.87999725341797,127.83000183105469,127.8363037109375,3566.0
2026-08-05 15:43:00,NTGR,,24.329999923706055,24.329999923706055,24.309999465942383,24.309999465942383,3954.0
2026-08-05 15:43:00,NTNX,,61.06999969482422,61.08000183105469,61.05500030517578,61.06999969482422,7887.0
2026-08-05 15:43:00,NTRA,,274.38250732421875,274.7900085449219,273.6600036621094,273.7699890136719,9887.0
2026-08-05 15:43:00,NTRS,,184.75999450683594,184.8000030517578,184.7449951171875,184.7949981689453,3685.0
2026-08-05 15:43:00,NVAX,,7.625,7.625,7.614999771118164,7.614999771118164,19124.0
2026-08-05 15:43:00,NVCR,,15.994999885559082,16.014999389648438,15.989999771118164,15.994999885559082,3585.0
2026-08-05 15:43:00,NVCT,,19.44499969482422,19.44499969482422,19.44499969482422,19.44499969482422,1148.0
2026-08-05 15:43:00,NVDA,,220.51499938964844,220.85000610351562,220.50030517578125,220.8300018310547,277379.0
2026-08-05 15:43:00,NVEC,,129.55499267578125,129.55499267578125,129.55499267578125,129.55499267578125,1776.0
2026-08-05 15:43:00,NVMI,,407.1600036621094,407.8299865722656,407.1600036621094,407.8299865722656,1535.0
2026-08-05 15:43:00,NVTS,,12.40999984741211,12.460000038146973,12.40999984741211,12.460000038146973,45161.0
2026-08-05 15:43:00,NWBI,,15.970000267028809,15.970000267028809,15.970000267028809,15.970000267028809,5802.0
2026-08-05 15:43:00,NWE,,69.08999633789062,69.08999633789062,69.0199966430664,69.0199966430664,1876.0
2026-08-05 15:43:00,NWL,,6.184999942779541,6.190000057220459,6.175000190734863,6.179999828338623,12261.0
2026-08-05 15:43:00,NWPX,,126.0,126.13999938964844,125.77999877929688,126.13999938964844,2617.0
2026-08-05 15:43:00,NWS,,32.95000076293945,32.95000076293945,32.88999938964844,32.89500045776367,14389.0
2026-08-05 15:43:00,NWSA,,29.0049991607666,29.0049991607666,28.954999923706055,28.972000122070312,48903.0
2026-08-05 15:43:00,NXPI,,232.71499633789062,232.9600067138672,232.60000610351562,232.9600067138672,7489.0
2026-08-05 15:43:00,NXST,,189.88999938964844,190.0800018310547,189.80999755859375,190.0800018310547,3805.0
2026-08-05 15:43:00,NXT,,99.88999938964844,100.30000305175781,99.88999938964844,100.30000305175781,4480.0
2026-08-05 15:43:00,OBIO,,4.239999771118164,4.239999771118164,4.230000019073486,4.230000019073486,1282.0
2026-08-05 15:43:00,OCC,,15.704999923706055,15.704999923706055,15.649999618530273,15.680000305175781,728.0
2026-08-05 15:43:00,OCFC,,19.8700008392334,19.8700008392334,19.854999542236328,19.860000610351562,3970.0
2026-08-05 15:43:00,OCGN,,1.2799999713897705,1.2799999713897705,1.2799999713897705,1.2799999713897705,6687.0
2026-08-05 15:43:00,OCSL,,12.024999618530273,12.029999732971191,12.024999618530273,12.029999732971191,1261.0
2026-08-05 15:43:00,OCUL,,8.494999885559082,8.505000114440918,8.494999885559082,8.505000114440918,5633.0
2026-08-05 15:43:00,ODD,,15.289999961853027,15.289999961853027,15.289999961853027,15.289999961853027,1047.0
2026-08-05 15:43:00,ODFL,,214.6699981689453,214.6699981689453,214.36500549316406,214.36500549316406,4818.0
2026-08-05 15:43:00,OFIX,,10.574999809265137,10.574999809265137,10.574999809265137,10.574999809265137,1130.0
2026-08-05 15:43:00,OKTA,,147.3800048828125,147.38999938964844,147.2899932861328,147.35000610351562,7846.0
2026-08-05 15:43:00,OLB,,0.304500013589859,0.30889999866485596,0.304500013589859,0.30889999866485596,0.0
2026-08-05 15:43:00,OLLI,,78.69499969482422,78.69499969482422,78.55000305175781,78.59500122070312,10226.0
2026-08-05 15:43:00,OLMA,,11.46500015258789,11.46500015258789,11.460000038146973,11.460000038146973,1503.0
2026-08-05 15:43:00,OMCL,,37.189998626708984,37.209999084472656,37.189998626708984,37.209999084472656,1299.0
2026-08-05 15:43:00,OMER,,12.670000076293945,12.670000076293945,12.670000076293945,12.670000076293945,1060.0
2026-08-05 15:43:00,OMH,,0.11630000174045563,0.11659999936819077,0.11630000174045563,0.11659999936819077,13163.0
2026-08-05 15:43:00,ON,,78.12000274658203,78.20999908447266,78.12000274658203,78.20999908447266,51914.0
2026-08-05 15:43:00,ONB,,27.020000457763672,27.020000457763672,26.9950008392334,26.999900817871094,12116.0
2026-08-05 15:43:00,ONDS,,8.844499588012695,8.875,8.84000015258789,8.869999885559082,134157.0
2026-08-05 15:43:00,ONEW,,12.600000381469727,12.600000381469727,12.600000381469727,12.600000381469727,769.0
2026-08-05 15:43:00,ONFO,,0.07410000264644623,0.07500000298023224,0.07410000264644623,0.07500000298023224,71795.0
2026-08-05 15:43:00,OPCH,,23.575000762939453,23.579999923706055,23.549999237060547,23.559999465942383,9045.0
2026-08-05 15:43:00,OPEN,,3.7699999809265137,3.7767999172210693,3.755000114440918,3.7699999809265137,297885.0
2026-08-05 15:43:00,OPK,,1.3313000202178955,1.3350000381469727,1.3300000429153442,1.3350000381469727,3333.0
2026-08-05 15:43:00,OPRA,,20.03499984741211,20.03499984741211,20.03499984741211,20.03499984741211,183.0
2026-08-05 15:43:00,OPRT,,6.050000190734863,6.050000190734863,6.050000190734863,6.050000190734863,1128.0
2026-08-05 15:43:00,ORGO,,2.3450000286102295,2.3450000286102295,2.3450000286102295,2.3450000286102295,1147.0
2026-08-05 15:43:00,ORIC,,12.779999732971191,12.789999961853027,12.779999732971191,12.789999961853027,3888.0
2026-08-05 15:43:00,ORLY,,93.30000305175781,93.30999755859375,93.25,93.25,13836.0
2026-08-05 15:43:00,ORMP,,4.320000171661377,4.320000171661377,4.320000171661377,4.320000171661377,507.0
2026-08-05 15:43:00,ORRF,,43.27000045776367,43.27000045776367,43.27000045776367,43.27000045776367,573.0
2026-08-05 15:43:00,OSBC,,25.829999923706055,25.829999923706055,25.829999923706055,25.829999923706055,1406.0
2026-08-05 15:43:00,OSIS,,236.6699981689453,236.83999633789062,236.6699981689453,236.83999633789062,1127.0
2026-08-05 15:43:00,OSPN,,16.450000762939453,16.454999923706055,16.450000762939453,16.450000762939453,1497.0
2026-08-05 15:43:00,OSS,,13.329999923706055,13.379899978637695,13.329999923706055,13.369999885559082,3323.0
2026-08-05 15:43:00,OSUR,,4.135000228881836,4.135000228881836,4.135000228881836,4.135000228881836,553.0
2026-08-05 15:43:00,OSW,,26.549999237060547,26.549999237060547,26.549999237060547,26.549999237060547,434.0
2026-08-05 15:43:00,OTEX,,25.760000228881836,25.760000228881836,25.75,25.7549991607666,40834.0
2026-08-05 15:43:00,OTLK,,1.024999976158142,1.024999976158142,1.024999976158142,1.024999976158142,2203.0
2026-08-05 15:43:00,OTTR,,92.30000305175781,92.30000305175781,92.30000305175781,92.30000305175781,1575.0
2026-08-05 15:43:00,PAA,,23.18000030517578,23.184999465942383,23.174999237060547,23.18000030517578,8043.0
2026-08-05 15:43:00,PAAS,,48.36000061035156,48.439998626708984,48.35499954223633,48.42499923706055,21840.0
2026-08-05 15:43:00,PACB,,1.3049999475479126,1.3049999475479126,1.2999999523162842,1.3049999475479126,3293.0
2026-08-05 15:43:00,PAGP,,25.15999984741211,25.15999984741211,25.145000457763672,25.149999618530273,13226.0
2026-08-05 15:43:00,PALI,,2.1050000190734863,2.109999895095825,2.1050000190734863,2.109999895095825,4101.0
2026-08-05 15:43:00,PANL,,7.309999942779541,7.309999942779541,7.309999942779541,7.309999942779541,745.0
2026-08-05 15:43:00,PANW,,363.7900085449219,363.82000732421875,363.4442138671875,363.6400146484375,11508.0
2026-08-05 15:43:00,PATK,,87.66000366210938,87.73999786376953,87.55999755859375,87.7300033569336,2849.0
2026-08-05 15:43:00,PAX,,11.364999771118164,11.364999771118164,11.364999771118164,11.364999771118164,1055.0
2026-08-05 15:43:00,PAYO,,7.125,7.125,7.119999885559082,7.125,5295.0
2026-08-05 15:43:00,PAYS,,9.079999923706055,9.079999923706055,9.074999809265137,9.074999809265137,658.0
2026-08-05 15:43:00,PAYX,,117.97000122070312,117.97000122070312,117.76499938964844,117.97000122070312,13972.0
2026-08-05 15:43:00,PCAR,,133.67999267578125,133.7550048828125,133.67999267578125,133.75,8919.0
2026-08-05 15:43:00,PCRX,,25.06999969482422,25.084999084472656,25.059999465942383,25.059999465942383,3373.0
2026-08-05 15:43:00,PCT,,6.90500020980835,6.920000076293945,6.90500020980835,6.920000076293945,5547.0
2026-08-05 15:43:00,PCTY,,147.30999755859375,147.30999755859375,147.27000427246094,147.2899932861328,1597.0
2026-08-05 15:43:00,PDD,,90.75499725341797,90.8499984741211,90.75,90.75499725341797,20940.0
2026-08-05 15:43:00,PDFS,,50.154998779296875,50.154998779296875,50.154998779296875,50.154998779296875,1194.0
2026-08-05 15:43:00,PDSB,,0.7110000252723694,0.7110000252723694,0.7110000252723694,0.7110000252723694,382.0
2026-08-05 15:43:00,PECO,,41.40999984741211,41.40999984741211,41.380001068115234,41.380001068115234,1694.0
2026-08-05 15:43:00,PEGA,,31.834999084472656,31.84000015258789,31.829999923706055,31.829999923706055,4427.0
2026-08-05 15:43:00,PENN,,19.545000076293945,19.545000076293945,19.520000457763672,19.530000686645508,21227.0
2026-08-05 15:43:00,PEP,,138.64999389648438,138.64999389648438,138.5301055908203,138.5449981689453,14324.0
2026-08-05 15:43:00,PEPG,,1.9797999858856201,1.9797999858856201,1.975000023841858,1.975000023841858,1744.0
2026-08-05 15:43:00,PERI,,9.640000343322754,9.640000343322754,9.640000343322754,9.640000343322754,125.0
2026-08-05 15:43:00,PESI,,17.625,17.625,17.61050033569336,17.61050033569336,397.0
2026-08-05 15:43:00,PFBC,,106.45999908447266,106.69999694824219,106.45999908447266,106.45999908447266,2122.0
2026-08-05 15:43:00,PFG,,114.55999755859375,114.57499694824219,114.375,114.375,64592.0
2026-08-05 15:43:00,PFIS,,72.08999633789062,72.08999633789062,72.08999633789062,72.08999633789062,1151.0
2026-08-05 15:43:00,PGC,,46.61000061035156,46.61000061035156,46.61000061035156,46.61000061035156,408.0
2026-08-05 15:43:00,PGEN,,6.974999904632568,6.974999904632568,6.970099925994873,6.974999904632568,5124.0
2026-08-05 15:43:00,PGNY,,31.329999923706055,31.329999923706055,31.30500030517578,31.30500030517578,4678.0
2026-08-05 15:43:00,PGY,,21.75,21.809999465942383,21.75,21.790000915527344,11494.0
2026-08-05 15:43:00,PHAT,,8.239999771118164,8.270000457763672,8.232799530029297,8.270000457763672,6716.0
2026-08-05 15:43:00,PHVS,,33.4900016784668,33.4900016784668,33.4900016784668,33.4900016784668,117.0
2026-08-05 15:43:00,PKOH,,41.9900016784668,41.9900016784668,41.9900016784668,41.9900016784668,281.0
2026-08-05 15:43:00,PLAB,,32.20000076293945,32.224998474121094,32.20000076293945,32.224998474121094,1631.0
2026-08-05 15:43:00,PLMR,,135.33999633789062,135.46499633789062,134.92999267578125,135.13499450683594,19266.0
2026-08-05 15:43:00,PLSE,,37.810001373291016,37.810001373291016,37.79499816894531,37.79499816894531,1215.0
2026-08-05 15:43:00,PLTK,,3.9149999618530273,3.9149999618530273,3.9149999618530273,3.9149999618530273,884.0
2026-08-05 15:43:00,PLUG,,2.0899999141693115,2.0999999046325684,2.0799999237060547,2.0899999141693115,479077.0
2026-08-05 15:43:00,PLXS,,276.0400085449219,276.0400085449219,276.0400085449219,276.0400085449219,639.0
2026-08-05 15:43:00,PNFP,,107.62999725341797,107.6500015258789,107.625,107.625,3331.0
2026-08-05 15:43:00,PNTG,,38.584999084472656,38.584999084472656,38.584999084472656,38.584999084472656,3503.0
2026-08-05 15:43:00,POCI,,4.304999828338623,4.304999828338623,4.304999828338623,4.304999828338623,100.0
2026-08-05 15:43:00,POET,,8.204999923706055,8.229999542236328,8.204999923706055,8.229999542236328,28397.0
2026-08-05 15:43:00,POOL,,206.14999389648438,206.14999389648438,206.14999389648438,206.14999389648438,688.0
2026-08-05 15:43:00,POWI,,62.2599983215332,62.38999938964844,62.2599983215332,62.38999938964844,6068.0
2026-08-05 15:43:00,POWL,,209.86000061035156,210.14999389648438,209.86000061035156,210.0800018310547,2248.0
2026-08-05 15:43:00,PPC,,26.479999542236328,26.479999542236328,26.3700008392334,26.3700008392334,10220.0
2026-08-05 15:43:00,PPSI,,3.059999942779541,3.059999942779541,3.0299999713897705,3.0299999713897705,4026.0
2026-08-05 15:43:00,PPTA,,22.739999771118164,22.834999084472656,22.739999771118164,22.834999084472656,4256.0
2026-08-05 15:43:00,PRAX,,317.1549987792969,317.1549987792969,317.1449890136719,317.1449890136719,560.0
2026-08-05 15:43:00,PRCH,,15.84000015258789,15.850000381469727,15.84000015258789,15.850000381469727,2859.0
2026-08-05 15:43:00,PRCT,,19.270000457763672,19.3799991607666,19.270000457763672,19.3799991607666,13503.0
2026-08-05 15:43:00,PRDO,,32.89500045776367,32.900001525878906,32.880001068115234,32.880001068115234,2379.0
2026-08-05 15:43:00,PRGS,,42.27000045776367,42.279998779296875,42.27000045776367,42.27000045776367,4673.0
2026-08-05 15:43:00,PRIM,,83.32499694824219,83.5999984741211,83.30000305175781,83.55999755859375,4592.0
2026-08-05 15:43:00,PRLD,,4.510000228881836,4.510000228881836,4.510000228881836,4.510000228881836,1407.0
2026-08-05 15:43:00,PRME,,3.0350000858306885,3.0399999618530273,3.0350000858306885,3.0399999618530273,2437.0
2026-08-05 15:43:00,PROF,,8.024999618530273,8.050000190734863,8.024999618530273,8.024999618530273,2029.0
2026-08-05 15:43:00,PROK,,1.6349999904632568,1.6349999904632568,1.6299999952316284,1.6349999904632568,593.0
2026-08-05 15:43:00,PRQR,,1.965000033378601,1.965000033378601,1.965000033378601,1.965000033378601,399.0
2026-08-05 15:43:00,PRTA,,8.404999732971191,8.404999732971191,8.404999732971191,8.404999732971191,906.0
2026-08-05 15:43:00,PRTH,,6.690000057220459,6.690000057220459,6.679999828338623,6.690000057220459,1298.0
2026-08-05 15:43:00,PRVA,,23.924999237060547,23.924999237060547,23.905000686645508,23.90999984741211,5566.0
2026-08-05 15:43:00,PRZO,,0.5620999932289124,0.5620999932289124,0.5620999932289124,0.5620999932289124,105.0
2026-08-05 15:43:00,PSEC,,2.188999891281128,2.188999891281128,2.180000066757202,2.184999942779541,5656.0
2026-08-05 15:43:00,PSMT,,186.33999633789062,186.33999633789062,186.33999633789062,186.33999633789062,1457.0
2026-08-05 15:43:00,PSNL,,13.550000190734863,13.550000190734863,13.539999961853027,13.550000190734863,11244.0
2026-08-05 15:43:00,PTC,,140.14999389648438,140.16000366210938,140.01499938964844,140.01499938964844,10386.0
2026-08-05 15:43:00,PTCT,,68.62000274658203,68.62000274658203,68.49500274658203,68.49500274658203,6872.0
2026-08-05 15:43:00,PTEN,,9.630000114440918,9.654999732971191,9.619999885559082,9.630000114440918,178460.0
2026-08-05 15:43:00,PTGX,,136.00999450683594,136.00999450683594,136.00999450683594,136.00999450683594,3058.0
2026-08-05 15:43:00,PTLO,,4.630099773406982,4.630099773406982,4.625,4.625,4802.0
2026-08-05 15:43:00,PTON,,6.510000228881836,6.519999980926514,6.505000114440918,6.514999866485596,99600.0
2026-08-05 15:43:00,PUBM,,13.600000381469727,13.600000381469727,13.600000381469727,13.600000381469727,1692.0
2026-08-05 15:43:00,PWP,,17.40999984741211,17.420000076293945,17.389999389648438,17.40999984741211,6995.0
2026-08-05 15:43:00,PYPD,,4.600100040435791,4.600100040435791,4.600100040435791,4.600100040435791,254.0
2026-08-05 15:43:00,PYPL,,58.05500030517578,58.05500030517578,57.98500061035156,57.9900016784668,14074.0
2026-08-05 15:43:00,PYXS,,3.0950000286102295,3.0950000286102295,3.0950000286102295,3.0950000286102295,1779.0
2026-08-05 15:43:00,PZZA,,29.84000015258789,29.8799991607666,29.829999923706055,29.834999084472656,10725.0
2026-08-05 15:43:00,QCOM,,159.06500244140625,159.22999572753906,159.01499938964844,159.22000122070312,24471.0
2026-08-05 15:43:00,QCRH,,105.24500274658203,105.29499816894531,105.22000122070312,105.29499816894531,977.0
2026-08-05 15:43:00,QFIN,,13.161100387573242,13.170000076293945,13.161100387573242,13.170000076293945,2438.0
2026-08-05 15:43:00,QRVO,,95.94000244140625,96.05000305175781,95.94000244140625,96.01499938964844,8079.0
2026-08-05 15:43:00,SEED,,1.0499999523162842,1.0499999523162842,1.0499999523162842,1.0499999523162842,400.0
2026-08-05 15:43:00,STIM,,2.424999952316284,2.4296998977661133,2.4200000762939453,2.4200000762939453,4510.0
2026-08-05 15:44:00,ACDC,,4.5,4.505000114440918,4.5,4.505000114440918,14872.0
2026-08-05 15:44:00,BPOP,,177.26499938964844,177.27000427246094,177.25999450683594,177.27000427246094,2177.0
2026-08-05 15:44:00,CASH,,89.73999786376953,89.81999969482422,89.62000274658203,89.77999877929688,2762.0
2026-08-05 15:44:00,DTIL,,7.449999809265137,7.449999809265137,7.449999809265137,7.449999809265137,1493.0
2026-08-05 15:44:00,EYE,,22.93000030517578,22.93000030517578,22.920000076293945,22.93000030517578,5230.0
2026-08-05 15:44:00,FIZZ,,32.16999816894531,32.16999816894531,32.150001525878906,32.150001525878906,788.0
2026-08-05 15:44:00,FRST,,16.469999313354492,16.469999313354492,16.469999313354492,16.469999313354492,673.0
2026-08-05 15:44:00,GLUE,,15.25,15.270000457763672,15.25,15.270000457763672,3490.0
2026-08-05 15:44:00,KIDS,,21.950000762939453,21.950000762939453,21.8799991607666,21.8799991607666,4874.0
2026-08-05 15:44:00,LUNG,,1.9950000047683716,1.9950000047683716,1.9950000047683716,1.9950000047683716,2191.0
2026-08-05 15:44:00,MBRX,,0.39660000801086426,0.39660000801086426,0.3955000042915344,0.3955000042915344,1064.0
2026-08-05 15:44:00,MDB,,374.8999938964844,375.3900146484375,374.7200012207031,374.82000732421875,8986.0
2026-08-05 15:44:00,MDLZ,,62.709999084472656,62.720001220703125,62.6349983215332,62.6349983215332,22334.0
2026-08-05 15:44:00,MLTX,,17.545000076293945,17.55500030517578,17.514999389648438,17.530000686645508,5945.0
2026-08-05 15:44:00,MNPR,,118.06999969482422,118.08000183105469,117.91000366210938,118.08000183105469,548.0
2026-08-05 15:44:00,MNRO,,13.154999732971191,13.15999984741211,13.149999618530273,13.154999732971191,6439.0
2026-08-05 15:44:00,MNST,,94.3499984741211,94.3499984741211,94.25,94.25,6706.0
2026-08-05 15:44:00,MNTK,,1.6950000524520874,1.6950000524520874,1.690000057220459,1.690000057220459,1664.0
2026-08-05 15:44:00,MNTS,,4.170000076293945,4.210000038146973,4.159999847412109,4.190000057220459,53698.0
2026-08-05 15:44:00,MORN,,199.57000732421875,199.64500427246094,199.4499969482422,199.4499969482422,1475.0
2026-08-05 15:44:00,MPWR,,1344.260009765625,1346.0400390625,1343.0,1345.9100341796875,1795.0
2026-08-05 15:44:00,MRNA,,55.93000030517578,56.005001068115234,55.869998931884766,55.869998931884766,15171.0
2026-08-05 15:44:00,MVBF,,30.649999618530273,30.649999618530273,30.649999618530273,30.649999618530273,674.0
2026-08-05 15:44:00,MYGN,,3.1500000953674316,3.1600000858306885,3.1500000953674316,3.1549999713897705,3135.0
2026-08-05 15:44:00,MYRG,,335.8900146484375,336.4200134277344,335.4800109863281,336.4200134277344,2864.0
2026-08-05 15:44:00,NAMS,,27.389999389648438,27.389999389648438,27.389999389648438,27.389999389648438,1197.0
2026-08-05 15:44:00,NAUT,,0.9426000118255615,0.9426000118255615,0.9426000118255615,0.9426000118255615,143.0
2026-08-05 15:44:00,NAVI,,9.135000228881836,9.135000228881836,9.135000228881836,9.135000228881836,881.0
2026-08-05 15:44:00,NB,,5.039999961853027,5.050000190734863,5.039999961853027,5.050000190734863,11556.0
2026-08-05 15:44:00,NBIX,,162.22999572753906,162.35000610351562,162.2100067138672,162.25999450683594,5611.0
2026-08-05 15:44:00,NBTB,,53.41999816894531,53.41999816894531,53.349998474121094,53.349998474121094,3061.0
2026-08-05 15:44:00,NCMI,,4.105000019073486,4.105000019073486,4.099999904632568,4.099999904632568,2502.0
2026-08-05 15:44:00,NDAQ,,94.77999877929688,94.80999755859375,94.68000030517578,94.68000030517578,4745.0
2026-08-05 15:44:00,NDSN,,311.1499938964844,311.3450012207031,311.1499938964844,311.3450012207031,1290.0
2026-08-05 15:44:00,NECB,,27.23699951171875,27.23699951171875,27.23699951171875,27.23699951171875,230.0
2026-08-05 15:44:00,NEO,,15.734999656677246,15.75,15.729999542236328,15.744999885559082,4176.0
2026-08-05 15:44:00,NEOG,,11.489999771118164,11.494999885559082,11.479999542236328,11.484999656677246,18833.0
2026-08-05 15:44:00,NEOV,,2.8499999046325684,2.859999895095825,2.8499999046325684,2.859999895095825,3387.0
2026-08-05 15:44:00,NESR,,28.44499969482422,28.4950008392334,28.44499969482422,28.4950008392334,2604.0
2026-08-05 15:44:00,NEWT,,15.069999694824219,15.069999694824219,15.029999732971191,15.050000190734863,2655.0
2026-08-05 15:44:00,NEXT,,6.440000057220459,6.445000171661377,6.434999942779541,6.440000057220459,7554.0
2026-08-05 15:44:00,NFE,,0.33739998936653137,0.33739998936653137,0.33739998936653137,0.33739998936653137,711.0
2026-08-05 15:44:00,NFLX,,73.86000061035156,73.87000274658203,73.79499816894531,73.79499816894531,80085.0
2026-08-05 15:44:00,NHTC,,1.590000033378601,1.600000023841858,1.590000033378601,1.600000023841858,7510.0
2026-08-05 15:44:00,NICE,,99.85250091552734,99.8550033569336,99.40499877929688,99.40499877929688,15844.0
2026-08-05 15:44:00,NKSH,,41.34000015258789,41.34000015258789,41.34000015258789,41.34000015258789,106.0
2026-08-05 15:44:00,NKTR,,72.3499984741211,72.38500213623047,72.33999633789062,72.3499984741211,1003.0
2026-08-05 15:44:00,NKTX,,2.2049999237060547,2.2049999237060547,2.2049999237060547,2.2049999237060547,2022.0
2026-08-05 15:44:00,NMFC,,7.369999885559082,7.369999885559082,7.369999885559082,7.369999885559082,2130.0
2026-08-05 15:44:00,NMIH,,44.93000030517578,44.93000030517578,44.880001068115234,44.880001068115234,1827.0
2026-08-05 15:44:00,NMRA,,1.6050000190734863,1.6100000143051147,1.600000023841858,1.600000023841858,11012.0
2026-08-05 15:44:00,NMRK,,15.734999656677246,15.734999656677246,15.734999656677246,15.734999656677246,997.0
2026-08-05 15:44:00,NMTC,,1.6302000284194946,1.6302000284194946,1.6302000284194946,1.6302000284194946,9937.0
2026-08-05 15:44:00,NN,,14.760000228881836,14.800000190734863,14.760000228881836,14.800000190734863,5782.0
2026-08-05 15:44:00,NNBR,,3.8450000286102295,3.8450000286102295,3.8299999237060547,3.8399999141693115,7633.0
2026-08-05 15:44:00,NNDM,,1.5549999475479126,1.5549999475479126,1.5499999523162842,1.5499999523162842,2010.0
2026-08-05 15:44:00,NNOX,,1.0099999904632568,1.0099999904632568,1.0099999904632568,1.0099999904632568,399.0
2026-08-05 15:44:00,NOVT,,154.5850067138672,154.5850067138672,154.5850067138672,154.5850067138672,1481.0
2026-08-05 15:44:00,NPCE,,13.550000190734863,13.550000190734863,13.550000190734863,13.550000190734863,1440.0
2026-08-05 15:44:00,NRC,,19.530000686645508,19.530000686645508,19.530000686645508,19.530000686645508,785.0
2026-08-05 15:44:00,NRDS,,9.095000267028809,9.095000267028809,9.085000038146973,9.09000015258789,4576.0
2026-08-05 15:44:00,NRIX,,24.989999771118164,24.989999771118164,24.975000381469727,24.979999542236328,2365.0
2026-08-05 15:44:00,NRXP,,3.069999933242798,3.069999933242798,3.065000057220459,3.0699000358581543,2116.0
2026-08-05 15:44:00,NSSC,,40.31999969482422,40.31999969482422,40.290000915527344,40.310001373291016,1077.0
2026-08-05 15:44:00,NTAP,,188.30499267578125,188.47000122070312,188.24000549316406,188.30499267578125,10945.0
2026-08-05 15:44:00,NTES,,127.87999725341797,127.87999725341797,127.8499984741211,127.8499984741211,2151.0
2026-08-05 15:44:00,NTGR,,24.31999969482422,24.344999313354492,24.31999969482422,24.344999313354492,2082.0
2026-08-05 15:44:00,NTNX,,61.095001220703125,61.11000061035156,61.08000183105469,61.08000183105469,15792.0
2026-08-05 15:44:00,NTRA,,274.0799865722656,274.42999267578125,273.67498779296875,274.42999267578125,27523.0
2026-08-05 15:44:00,NTRS,,184.6199951171875,184.7449951171875,184.6199951171875,184.7449951171875,7095.0
2026-08-05 15:44:00,NUWE,,1.6349999904632568,1.6349999904632568,1.6299999952316284,1.6299999952316284,4225.0
2026-08-05 15:44:00,NVAX,,7.614999771118164,7.625,7.614999771118164,7.625,14382.0
2026-08-05 15:44:00,NVCR,,15.989999771118164,16.010000228881836,15.989999771118164,16.0,5387.0
2026-08-05 15:44:00,NVCT,,19.229999542236328,19.309999465942383,19.229999542236328,19.299999237060547,1113.0
2026-08-05 15:44:00,NVDA,,220.25,220.52999877929688,220.1699981689453,220.51499938964844,481097.0
2026-08-05 15:44:00,NVMI,,406.3349914550781,406.8999938964844,406.32000732421875,406.8999938964844,2577.0
2026-08-05 15:44:00,NVTS,,12.375,12.404999732971191,12.364999771118164,12.404999732971191,21019.0
2026-08-05 15:44:00,NWBI,,15.979999542236328,15.979999542236328,15.975000381469727,15.979999542236328,4438.0
2026-08-05 15:44:00,NWL,,6.184999942779541,6.190000057220459,6.179999828338623,6.179999828338623,7170.0
2026-08-05 15:44:00,NWS,,33.0099983215332,33.029998779296875,32.95000076293945,32.95000076293945,17946.0
2026-08-05 15:44:00,NWSA,,29.06999969482422,29.094999313354492,29.0049991607666,29.0049991607666,61704.0
2026-08-05 15:44:00,NXPI,,232.39999389648438,232.6199951171875,232.24000549316406,232.60000610351562,7983.0
2026-08-05 15:44:00,NXST,,189.89500427246094,189.89500427246094,189.89500427246094,189.89500427246094,1053.0
2026-08-05 15:44:00,NXT,,99.62000274658203,99.80000305175781,99.53500366210938,99.70999908447266,9875.0
2026-08-05 15:44:00,OCC,,15.649999618530273,15.704999923706055,15.649999618530273,15.704999923706055,832.0
2026-08-05 15:44:00,OCFC,,19.889999389648438,19.889999389648438,19.8700008392334,19.8700008392334,4930.0
2026-08-05 15:44:00,OCGN,,1.2799999713897705,1.2799999713897705,1.274999976158142,1.2799999713897705,14025.0
2026-08-05 15:44:00,OCS,,12.020000457763672,12.020000457763672,12.020000457763672,12.020000457763672,764.0
2026-08-05 15:44:00,OCSL,,12.039999961853027,12.045000076293945,12.029999732971191,12.029999732971191,7046.0
2026-08-05 15:44:00,OCUL,,8.489999771118164,8.494999885559082,8.489999771118164,8.490099906921387,3353.0
2026-08-05 15:44:00,ODD,,15.289999961853027,15.289999961853027,15.289999961853027,15.289999961853027,1090.0
2026-08-05 15:44:00,ODFL,,214.50999450683594,214.63999938964844,214.50999450683594,214.55499267578125,3753.0
2026-08-05 15:44:00,OFIX,,10.614999771118164,10.619999885559082,10.59000015258789,10.59000015258789,2472.0
2026-08-05 15:44:00,OKTA,,147.49000549316406,147.50999450683594,147.43499755859375,147.4600067138672,5026.0
2026-08-05 15:44:00,OLLI,,78.67500305175781,78.7300033569336,78.6500015258789,78.69499969482422,9046.0
2026-08-05 15:44:00,OLMA,,11.454999923706055,11.470000267028809,11.454999923706055,11.470000267028809,2225.0
2026-08-05 15:44:00,OM,,5.079999923706055,5.079999923706055,5.079999923706055,5.079999923706055,1163.0
2026-08-05 15:44:00,OMCL,,37.290000915527344,37.31999969482422,37.20000076293945,37.20000076293945,3409.0
2026-08-05 15:44:00,OMER,,12.59000015258789,12.645000457763672,12.550000190734863,12.640000343322754,53160.0
2026-08-05 15:44:00,OMH,,0.11699999868869781,0.11699999868869781,0.11630000174045563,0.1168999969959259,5309.0
2026-08-05 15:44:00,ON,,78.0999984741211,78.12000274658203,77.98500061035156,78.12000274658203,61769.0
2026-08-05 15:44:00,ONB,,27.03499984741211,27.03499984741211,27.020000457763672,27.020000457763672,6034.0
2026-08-05 15:44:00,ONCY,,0.7907999753952026,0.7907999753952026,0.7907999753952026,0.7907999753952026,567.0
2026-08-05 15:44:00,ONDS,,8.824999809265137,8.850000381469727,8.820099830627441,8.845000267028809,178838.0
2026-08-05 15:44:00,ONEW,,12.579999923706055,12.579999923706055,12.579999923706055,12.579999923706055,628.0
2026-08-05 15:44:00,ONFO,,0.07370000332593918,0.07490000128746033,0.07370000332593918,0.07419999688863754,35708.0
2026-08-05 15:44:00,OPAL,,2.375,2.375,2.369999885559082,2.369999885559082,1264.0
2026-08-05 15:44:00,OPCH,,23.6200008392334,23.6200008392334,23.579999923706055,23.579999923706055,6915.0
2026-08-05 15:44:00,OPEN,,3.7699999809265137,3.7799999713897705,3.759999990463257,3.76990008354187,118321.0
2026-08-05 15:44:00,OPK,,1.3350000381469727,1.3350000381469727,1.3350000381469727,1.3350000381469727,1747.0
2026-08-05 15:44:00,OPRA,,20.049999237060547,20.049999237060547,20.010000228881836,20.010000228881836,2450.0
2026-08-05 15:44:00,OPRT,,6.025000095367432,6.039999961853027,6.025000095367432,6.039999961853027,4383.0
2026-08-05 15:44:00,ORGO,,2.3450000286102295,2.3450000286102295,2.3450000286102295,2.3450000286102295,244.0
2026-08-05 15:44:00,ORIC,,12.831600189208984,12.835000038146973,12.779899597167969,12.779899597167969,10549.0
2026-08-05 15:44:00,ORLY,,93.43000030517578,93.43000030517578,93.30999755859375,93.30999755859375,19609.0
2026-08-05 15:44:00,ORMP,,4.315000057220459,4.315000057220459,4.315000057220459,4.315000057220459,394.0
2026-08-05 15:44:00,ORRF,,43.310001373291016,43.310001373291016,43.310001373291016,43.310001373291016,940.0
2026-08-05 15:44:00,OSBC,,25.864999771118164,25.864999771118164,25.84000015258789,25.84000015258789,2171.0
2026-08-05 15:44:00,OSIS,,236.0,236.5749969482422,236.0,236.5749969482422,1142.0
2026-08-05 15:44:00,OSPN,,16.44499969482422,16.44499969482422,16.395000457763672,16.44499969482422,5831.0
2026-08-05 15:44:00,OSS,,13.3100004196167,13.329999923706055,13.302000045776367,13.329999923706055,5296.0
2026-08-05 15:44:00,OSW,,26.549999237060547,26.559999465942383,26.540000915527344,26.549999237060547,2876.0
2026-08-05 15:44:00,OTEX,,25.795000076293945,25.809999465942383,25.75,25.760000228881836,139489.0
2026-08-05 15:44:00,OTLK,,1.0299999713897705,1.0299999713897705,1.024999976158142,1.0299999713897705,4979.0
2026-08-05 15:44:00,OTTR,,92.3499984741211,92.41999816894531,92.33999633789062,92.41999816894531,2272.0
2026-08-05 15:44:00,OVID,,2.5899999141693115,2.5899999141693115,2.5850000381469727,2.5850000381469727,4900.0
2026-08-05 15:44:00,OXSQ,,1.500499963760376,1.500499963760376,1.500499963760376,1.500499963760376,2186.0
2026-08-05 15:44:00,PAA,,23.209999084472656,23.209999084472656,23.190000534057617,23.190000534057617,3754.0
2026-08-05 15:44:00,PAAS,,48.290000915527344,48.3650016784668,48.25,48.36000061035156,15321.0
2026-08-05 15:44:00,PACB,,1.3049999475479126,1.309999942779541,1.2999999523162842,1.3099000453948975,27085.0
2026-08-05 15:44:00,PAGP,,25.170000076293945,25.18000030517578,25.170000076293945,25.18000030517578,5171.0
2026-08-05 15:44:00,PAHC,,35.72999954223633,35.72999954223633,35.68000030517578,35.709999084472656,3855.0
2026-08-05 15:44:00,PALI,,2.109999895095825,2.109999895095825,2.1050000190734863,2.109999895095825,2028.0
2026-08-05 15:44:00,PANL,,7.304999828338623,7.304999828338623,7.304999828338623,7.304999828338623,899.0
2026-08-05 15:44:00,PANW,,364.3599853515625,364.4100036621094,363.80999755859375,363.80999755859375,7832.0
2026-08-05 15:44:00,PATK,,87.58000183105469,87.58499908447266,87.58000183105469,87.58499908447266,692.0
2026-08-05 15:44:00,PAX,,11.364999771118164,11.364999771118164,11.364999771118164,11.364999771118164,491.0
2026-08-05 15:44:00,PAYO,,7.119999885559082,7.125,7.119999885559082,7.125,4384.0
2026-08-05 15:44:00,PAYS,,9.149999618530273,9.149999618530273,9.079999923706055,9.079999923706055,5917.0
2026-08-05 15:44:00,PAYX,,118.20999908447266,118.20999908447266,117.9800033569336,118.20999908447266,14176.0
2026-08-05 15:44:00,PBYI,,8.029999732971191,8.029999732971191,8.029999732971191,8.029999732971191,3865.0
2026-08-05 15:44:00,PCAR,,133.6300048828125,133.6699981689453,133.6300048828125,133.6699981689453,5776.0
2026-08-05 15:44:00,PCRX,,25.020000457763672,25.09000015258789,25.020000457763672,25.09000015258789,13563.0
2026-08-05 15:44:00,PCT,,6.888599872589111,6.900000095367432,6.885000228881836,6.900000095367432,9148.0
2026-08-05 15:44:00,PCTY,,147.38499450683594,147.6199951171875,147.24000549316406,147.36500549316406,23883.0
2026-08-05 15:44:00,PDD,,90.77999877929688,90.80999755859375,90.77999877929688,90.77999877929688,9347.0
2026-08-05 15:44:00,PDFS,,49.97999954223633,50.099998474121094,49.97999954223633,50.099998474121094,4504.0
2026-08-05 15:44:00,PEBK,,43.470001220703125,43.470001220703125,43.470001220703125,43.470001220703125,193.0
2026-08-05 15:44:00,PECO,,41.43000030517578,41.43000030517578,41.41999816894531,41.41999816894531,3002.0
2026-08-05 15:44:00,PEGA,,31.915000915527344,31.915000915527344,31.84000015258789,31.84000015258789,10507.0
2026-08-05 15:44:00,PENN,,19.549999237060547,19.549999237060547,19.545000076293945,19.547100067138672,6751.0
2026-08-05 15:44:00,PEP,,138.8249969482422,138.8249969482422,138.65499877929688,138.65499877929688,24249.0
2026-08-05 15:44:00,PEPG,,1.975000023841858,1.975000023841858,1.975000023841858,1.975000023841858,289.0
2026-08-05 15:44:00,PERI,,9.645000457763672,9.645000457763672,9.640000343322754,9.640000343322754,1197.0
2026-08-05 15:44:00,PESI,,17.614999771118164,17.614999771118164,17.610000610351562,17.610000610351562,957.0
2026-08-05 15:44:00,PFBC,,106.47000122070312,106.47000122070312,106.47000122070312,106.47000122070312,1854.0
2026-08-05 15:44:00,PFG,,114.67500305175781,114.67500305175781,114.55999755859375,114.55999755859375,8567.0
2026-08-05 15:44:00,PGC,,46.630001068115234,46.630001068115234,46.619998931884766,46.619998931884766,1347.0
2026-08-05 15:44:00,PGEN,,6.965000152587891,6.980000019073486,6.960000038146973,6.96999979019165,30201.0
2026-08-05 15:44:00,PGNY,,31.3799991607666,31.399999618530273,31.350000381469727,31.350000381469727,11410.0
2026-08-05 15:44:00,PGY,,21.7549991607666,21.7549991607666,21.739500045776367,21.7549991607666,5673.0
2026-08-05 15:44:00,PHAT,,8.270000457763672,8.270000457763672,8.255000114440918,8.260000228881836,16601.0
2026-08-05 15:44:00,PHVS,,33.48500061035156,33.4900016784668,33.48500061035156,33.4900016784668,721.0
2026-08-05 15:44:00,PKBK,,34.29499816894531,34.29499816894531,34.29499816894531,34.29499816894531,1321.0
2026-08-05 15:44:00,PLAB,,32.13999938964844,32.18000030517578,32.130001068115234,32.18000030517578,3681.0
2026-08-05 15:44:00,PLMR,,135.69000244140625,135.69000244140625,135.69000244140625,135.69000244140625,166.0
2026-08-05 15:44:00,PLPC,,470.8500061035156,470.8999938964844,470.8500061035156,470.8999938964844,457.0
2026-08-05 15:44:00,PLTK,,3.9149999618530273,3.9200000762939453,3.9149999618530273,3.9149999618530273,5166.0
2026-08-05 15:44:00,PLUG,,2.069999933242798,2.0899999141693115,2.069999933242798,2.0801000595092773,368968.0
2026-08-05 15:44:00,PLXS,,276.0,276.0,275.375,275.375,2186.0
2026-08-05 15:44:00,PNFP,,107.71499633789062,107.73999786376953,107.5999984741211,107.62999725341797,11403.0
2026-08-05 15:44:00,PNTG,,38.72999954223633,38.72999954223633,38.650001525878906,38.650001525878906,3819.0
2026-08-05 15:44:00,POET,,8.170100212097168,8.20009994506836,8.170000076293945,8.20009994506836,31183.0
2026-08-05 15:44:00,POOL,,206.58999633789062,206.58999633789062,206.33999633789062,206.42999267578125,2464.0
2026-08-05 15:44:00,POWI,,62.15999984741211,62.2400016784668,62.130001068115234,62.2400016784668,3251.0
2026-08-05 15:44:00,POWL,,208.55999755859375,209.75,208.3000946044922,209.75,9630.0
2026-08-05 15:44:00,PPC,,26.559999465942383,26.559999465942383,26.489999771118164,26.489999771118164,8597.0
2026-08-05 15:44:00,PPIH,,25.93000030517578,25.950000762939453,25.920000076293945,25.950000762939453,1628.0
2026-08-05 15:44:00,PPTA,,22.68000030517578,22.739999771118164,22.65999984741211,22.719999313354492,5775.0
2026-08-05 15:44:00,PRAA,,17.329999923706055,17.329999923706055,17.31999969482422,17.329999923706055,1531.0
2026-08-05 15:44:00,PRAX,,317.6300048828125,317.6300048828125,317.4599914550781,317.5899963378906,983.0
2026-08-05 15:44:00,PRCH,,15.84000015258789,15.84000015258789,15.829999923706055,15.84000015258789,2039.0
2026-08-05 15:44:00,PRCT,,19.389999389648438,19.450000762939453,19.270000457763672,19.28459930419922,28324.0
2026-08-05 15:44:00,PRDO,,32.95000076293945,32.95000076293945,32.90999984741211,32.90999984741211,2687.0
2026-08-05 15:44:00,PRGS,,42.5,42.5,42.38999938964844,42.41999816894531,2594.0
2026-08-05 15:44:00,PRIM,,83.12999725341797,83.31999969482422,83.05500030517578,83.31999969482422,7118.0
2026-08-05 15:44:00,PRME,,3.0399999618530273,3.0399999618530273,3.0299999713897705,3.0399999618530273,3225.0
2026-08-05 15:44:00,PROF,,8.020000457763672,8.020000457763672,8.020000457763672,8.020000457763672,378.0
2026-08-05 15:44:00,PRQR,,1.965000033378601,1.9700000286102295,1.965000033378601,1.9700000286102295,946.0
2026-08-05 15:44:00,PRTA,,8.425000190734863,8.425000190734863,8.404999732971191,8.404999732971191,3314.0
2026-08-05 15:44:00,PRTH,,6.699999809265137,6.699999809265137,6.690000057220459,6.690000057220459,2398.0
2026-08-05 15:44:00,PRVA,,23.979999542236328,23.979999542236328,23.924999237060547,23.93000030517578,7970.0
2026-08-05 15:44:00,PRZO,,0.5622000098228455,0.5622000098228455,0.5575000047683716,0.5598000288009644,1204.0
2026-08-05 15:44:00,PSEC,,2.184999942779541,2.188999891281128,2.180000066757202,2.184999942779541,7766.0
2026-08-05 15:44:00,PSNL,,13.5,13.555000305175781,13.489999771118164,13.539999961853027,9411.0
2026-08-05 15:44:00,PSNY,,14.300000190734863,14.300000190734863,14.289999961853027,14.289999961853027,658.0
2026-08-05 15:44:00,PTC,,140.3699951171875,140.47500610351562,140.23500061035156,140.24249267578125,5153.0
2026-08-05 15:44:00,PTCT,,68.61499786376953,68.61499786376953,68.56999969482422,68.56999969482422,2641.0
2026-08-05 15:44:00,PTEN,,9.619999885559082,9.635000228881836,9.604999542236328,9.630000114440918,120765.0
2026-08-05 15:44:00,PTGX,,136.24000549316406,136.24000549316406,136.2100067138672,136.2100067138672,1474.0
2026-08-05 15:44:00,PTLO,,4.635000228881836,4.639999866485596,4.635000228881836,4.635000228881836,1993.0
2026-08-05 15:44:00,PTON,,6.525000095367432,6.525000095367432,6.510000228881836,6.510000228881836,41051.0
2026-08-05 15:44:00,PUBM,,13.630000114440918,13.630000114440918,13.609999656677246,13.609999656677246,3766.0
2026-08-05 15:44:00,PWP,,17.459999084472656,17.459999084472656,17.399999618530273,17.40999984741211,7644.0
2026-08-05 15:44:00,PYPL,,58.09000015258789,58.099998474121094,58.060001373291016,58.060001373291016,14405.0
2026-08-05 15:44:00,PYXS,,3.094099998474121,3.0950000286102295,3.094099998474121,3.0950000286102295,1961.0
2026-08-05 15:44:00,PZZA,,29.889999389648438,29.915000915527344,29.850000381469727,29.850000381469727,5438.0
2026-08-05 15:44:00,QCOM,,158.9199981689453,158.97500610351562,158.86500549316406,158.97500610351562,11193.0
2026-08-05 15:44:00,QFIN,,13.175000190734863,13.175000190734863,13.170000076293945,13.170000076293945,1390.0
2026-08-05 15:44:00,QQQX,,30.229999542236328,30.270000457763672,30.229999542236328,30.270000457763672,1103.0
2026-08-05 15:44:00,QRVO,,96.01000213623047,96.01000213623047,95.88999938964844,95.95999908447266,10441.0
2026-08-05 15:44:00,SEED,,1.0499999523162842,1.0499999523162842,1.0499999523162842,1.0499999523162842,193.0
2026-08-05 15:44:00,STIM,,2.4149999618530273,2.4210000038146973,2.4149999618530273,2.4210000038146973,8007.0
2026-08-05 15:44:00,TARA,,3.9800000190734863,3.9800000190734863,3.9800000190734863,3.9800000190734863,454.0
2026-08-05 15:44:00,WOOF,,2.934999942779541,2.934999942779541,2.934999942779541,2.934999942779541,2732.0
2026-08-05 15:45:00,ACDC,,4.510000228881836,4.514999866485596,4.489999771118164,4.505000114440918,41417.0
2026-08-05 15:45:00,BPOP,,177.4499969482422,177.5399932861328,177.26499938964844,177.26499938964844,8474.0
2026-08-05 15:45:00,CASH,,89.66000366210938,89.70500183105469,89.66000366210938,89.70500183105469,1609.0
2026-08-05 15:45:00,CNXN,,86.30999755859375,86.38999938964844,86.19000244140625,86.19000244140625,2005.0
2026-08-05 15:45:00,CPOP,,0.33970001339912415,0.33970001339912415,0.33970001339912415,0.33970001339912415,2101.0
2026-08-05 15:45:00,DTIL,,7.449999809265137,7.449999809265137,7.449999809265137,7.449999809265137,626.0
2026-08-05 15:45:00,EYE,,22.950000762939453,22.954999923706055,22.94499969482422,22.950000762939453,9010.0
2026-08-05 15:45:00,FIZZ,,32.21500015258789,32.21500015258789,32.21500015258789,32.21500015258789,745.0
2026-08-05 15:45:00,FRST,,16.489999771118164,16.489999771118164,16.489999771118164,16.489999771118164,1309.0
2026-08-05 15:45:00,GLUE,,15.239999771118164,15.270000457763672,15.220000267028809,15.270000457763672,8047.0
2026-08-05 15:45:00,KIDS,,21.940000534057617,21.950000762939453,21.940000534057617,21.950000762939453,701.0
2026-08-05 15:45:00,MBRX,,0.39989998936653137,0.39989998936653137,0.39640000462532043,0.39640000462532043,872.0
2026-08-05 15:45:00,MDB,,374.7650146484375,375.05999755859375,374.30999755859375,375.05999755859375,31812.0
2026-08-05 15:45:00,MDLZ,,62.720001220703125,62.7599983215332,62.70000076293945,62.709999084472656,24501.0
2026-08-05 15:45:00,MLTX,,17.549999237060547,17.549999237060547,17.549999237060547,17.549999237060547,690.0
2026-08-05 15:45:00,MNPR,,117.91000366210938,117.91000366210938,117.91000366210938,117.91000366210938,742.0
2026-08-05 15:45:00,MNRO,,13.15999984741211,13.16100025177002,13.15999984741211,13.15999984741211,1855.0
2026-08-05 15:45:00,MNST,,94.38999938964844,94.42900085449219,94.3499984741211,94.3499984741211,13042.0
2026-08-05 15:45:00,MNTS,,4.164999961853027,4.179999828338623,4.164999961853027,4.170000076293945,10682.0
2026-08-05 15:45:00,MORN,,199.8350067138672,199.8350067138672,199.67999267578125,199.67999267578125,1974.0
2026-08-05 15:45:00,MPWR,,1346.4100341796875,1346.4300537109375,1343.0,1344.300048828125,2122.0
2026-08-05 15:45:00,MRNA,,55.90999984741211,55.94499969482422,55.869998931884766,55.93000030517578,14938.0
2026-08-05 15:45:00,MVBF,,30.639999389648438,30.649999618530273,30.639999389648438,30.649999618530273,389.0
2026-08-05 15:45:00,MYGN,,3.1549999713897705,3.1649999618530273,3.1500000953674316,3.1549999713897705,18037.0
2026-08-05 15:45:00,MYRG,,335.9200134277344,335.9200134277344,335.9200134277344,335.9200134277344,152.0
2026-08-05 15:45:00,NAMS,,27.375,27.3799991607666,27.350000381469727,27.3799991607666,5926.0
2026-08-05 15:45:00,NATR,,20.030000686645508,20.059999465942383,20.030000686645508,20.059999465942383,826.0
2026-08-05 15:45:00,NAUT,,0.9330999851226807,0.9427000284194946,0.9330999851226807,0.9426000118255615,5642.0
2026-08-05 15:45:00,NAVI,,9.114999771118164,9.145000457763672,9.114999771118164,9.140000343322754,8808.0
2026-08-05 15:45:00,NB,,5.034999847412109,5.045000076293945,5.034999847412109,5.045000076293945,56912.0
2026-08-05 15:45:00,NBIX,,162.10499572753906,162.13999938964844,162.08999633789062,162.13999938964844,1571.0
2026-08-05 15:45:00,NBN,,134.5,134.5,134.5,134.5,161.0
2026-08-05 15:45:00,NBTB,,53.40999984741211,53.40999984741211,53.400001525878906,53.400001525878906,1236.0
2026-08-05 15:45:00,NCMI,,4.105000019073486,4.105000019073486,4.105000019073486,4.105000019073486,591.0
2026-08-05 15:45:00,NDAQ,,94.83999633789062,94.83999633789062,94.76000213623047,94.77999877929688,7313.0
2026-08-05 15:45:00,NDSN,,311.3699951171875,311.375,311.2099914550781,311.2099914550781,1092.0
2026-08-05 15:45:00,NECB,,27.184999465942383,27.184999465942383,27.184999465942383,27.184999465942383,149.0
2026-08-05 15:45:00,NEGG,,17.719999313354492,17.719999313354492,17.700000762939453,17.700000762939453,300.0
2026-08-05 15:45:00,NEO,,15.729999542236328,15.739999771118164,15.6899995803833,15.729999542236328,16532.0
2026-08-05 15:45:00,NEOG,,11.470000267028809,11.494999885559082,11.470000267028809,11.484999656677246,13927.0
2026-08-05 15:45:00,NEOV,,2.8598999977111816,2.8598999977111816,2.8499999046325684,2.8499999046325684,2012.0
2026-08-05 15:45:00,NESR,,28.420000076293945,28.44499969482422,28.34000015258789,28.44499969482422,11575.0
2026-08-05 15:45:00,NEWT,,15.085000038146973,15.100000381469727,15.069999694824219,15.069999694824219,5421.0
2026-08-05 15:45:00,NEXT,,6.414999961853027,6.434999942779541,6.409999847412109,6.434999942779541,21947.0
2026-08-05 15:45:00,NFE,,0.33730000257492065,0.3398999869823456,0.33640000224113464,0.33980000019073486,70613.0
2026-08-05 15:45:00,NFLX,,73.84500122070312,73.91999816894531,73.81999969482422,73.8499984741211,141123.0
2026-08-05 15:45:00,NGNE,,35.68000030517578,35.68000030517578,35.68000030517578,35.68000030517578,446.0
2026-08-05 15:45:00,NICE,,99.70999908447266,99.8550033569336,99.70999908447266,99.8550033569336,4915.0
2026-08-05 15:45:00,NKSH,,41.34000015258789,41.34000015258789,41.34000015258789,41.34000015258789,146.0
2026-08-05 15:45:00,NKTR,,72.23999786376953,72.38500213623047,72.23999786376953,72.38500213623047,1636.0
2026-08-05 15:45:00,NKTX,,2.2049999237060547,2.2049999237060547,2.2049999237060547,2.2049999237060547,1382.0
2026-08-05 15:45:00,NMFC,,7.400000095367432,7.400000095367432,7.389999866485596,7.389999866485596,6866.0
2026-08-05 15:45:00,NMIH,,44.93000030517578,44.93000030517578,44.93000030517578,44.93000030517578,1835.0
2026-08-05 15:45:00,NMRA,,1.6002000570297241,1.6100000143051147,1.6002000570297241,1.6050000190734863,2977.0
2026-08-05 15:45:00,NMRK,,15.75,15.755499839782715,15.739999771118164,15.739999771118164,3039.0
2026-08-05 15:45:00,NN,,14.789999961853027,14.789999961853027,14.760000228881836,14.770000457763672,11426.0
2026-08-05 15:45:00,NNBR,,3.8399999141693115,3.8450000286102295,3.8399999141693115,3.8450000286102295,830.0
2026-08-05 15:45:00,NNDM,,1.5549999475479126,1.5549999475479126,1.5549999475479126,1.5549999475479126,1154.0
2026-08-05 15:45:00,NNOX,,1.0149999856948853,1.0149999856948853,1.0149999856948853,1.0149999856948853,238.0
2026-08-05 15:45:00,NOVT,,154.24000549316406,154.6699981689453,154.22999572753906,154.6699981689453,5550.0
2026-08-05 15:45:00,NPCE,,13.520000457763672,13.550000190734863,13.5,13.505000114440918,6255.0
2026-08-05 15:45:00,NRDS,,9.114999771118164,9.114999771118164,9.095000267028809,9.095000267028809,11596.0
2026-08-05 15:45:00,NRIX,,24.954999923706055,24.989999771118164,24.954999923706055,24.989999771118164,3709.0
2026-08-05 15:45:00,NRXP,,3.065000057220459,3.065000057220459,3.065000057220459,3.065000057220459,411.0
2026-08-05 15:45:00,NSSC,,40.29999923706055,40.29999923706055,40.29999923706055,40.29999923706055,898.0
2026-08-05 15:45:00,NTAP,,188.3699951171875,188.3699951171875,188.27000427246094,188.33999633789062,11122.0
2026-08-05 15:45:00,NTCT,,41.349998474121094,41.380001068115234,41.32500076293945,41.32500076293945,3213.0
2026-08-05 15:45:00,NTES,,127.87750244140625,127.87750244140625,127.87750244140625,127.87750244140625,1494.0
2026-08-05 15:45:00,NTGR,,24.329999923706055,24.329999923706055,24.329999923706055,24.329999923706055,726.0
2026-08-05 15:45:00,NTNX,,61.130001068115234,61.130001068115234,61.08000183105469,61.08000183105469,13966.0
2026-08-05 15:45:00,NTRA,,273.1099853515625,273.8399963378906,273.1099853515625,273.8399963378906,5965.0
2026-08-05 15:45:00,NTRS,,184.67999267578125,184.69000244140625,184.57000732421875,184.58999633789062,3843.0
2026-08-05 15:45:00,NUWE,,1.6399999856948853,1.6399999856948853,1.6349999904632568,1.6399999856948853,3412.0
2026-08-05 15:45:00,NVAX,,7.599999904632568,7.625,7.599999904632568,7.619999885559082,22006.0
2026-08-05 15:45:00,NVCR,,16.0,16.020000457763672,15.989999771118164,16.0,5552.0
2026-08-05 15:45:00,NVCT,,19.219999313354492,19.219999313354492,19.219999313354492,19.219999313354492,951.0
2026-08-05 15:45:00,NVDA,,220.22999572753906,220.31500244140625,220.05999755859375,220.25,544903.0
2026-08-05 15:45:00,NVMI,,406.69000244140625,407.07000732421875,406.69000244140625,406.760009765625,1216.0
2026-08-05 15:45:00,NVTS,,12.364999771118164,12.369999885559082,12.350000381469727,12.369999885559082,22918.0
2026-08-05 15:45:00,NWBI,,15.994999885559082,16.0,15.984999656677246,15.984999656677246,4018.0
2026-08-05 15:45:00,NWE,,69.13999938964844,69.16999816894531,69.13999938964844,69.13999938964844,1632.0
2026-08-05 15:45:00,NWL,,6.17110013961792,6.195000171661377,6.170000076293945,6.184999942779541,66075.0
2026-08-05 15:45:00,NWPX,,125.625,125.625,125.625,125.625,196.0
2026-08-05 15:45:00,NWS,,33.060001373291016,33.060001373291016,33.0099983215332,33.0099983215332,8505.0
2026-08-05 15:45:00,NWSA,,29.125,29.149999618530273,29.06999969482422,29.06999969482422,52780.0
2026-08-05 15:45:00,NXPI,,232.58999633789062,232.58999633789062,232.27000427246094,232.33999633789062,20548.0
2026-08-05 15:45:00,NXST,,190.1999969482422,190.3300018310547,189.89999389648438,189.89999389648438,7125.0
2026-08-05 15:45:00,NXT,,100.08999633789062,100.08999633789062,99.41500091552734,99.59480285644531,22771.0
2026-08-05 15:45:00,OBIO,,4.239999771118164,4.239999771118164,4.230000019073486,4.230000019073486,822.0
2026-08-05 15:45:00,OCC,,15.640000343322754,15.681599617004395,15.5,15.681599617004395,2497.0
2026-08-05 15:45:00,OCCI,,2.490000009536743,2.490000009536743,2.490000009536743,2.490000009536743,400.0
2026-08-05 15:45:00,OCFC,,19.899999618530273,19.90999984741211,19.895000457763672,19.895000457763672,2815.0
2026-08-05 15:45:00,OCGN,,1.2799999713897705,1.2799999713897705,1.2700999975204468,1.2799999713897705,11381.0
2026-08-05 15:45:00,OCSL,,12.045000076293945,12.055000305175781,12.045000076293945,12.050000190734863,5607.0
2026-08-05 15:45:00,OCUL,,8.489999771118164,8.489999771118164,8.489999771118164,8.489999771118164,1382.0
2026-08-05 15:45:00,ODD,,15.295000076293945,15.300000190734863,15.295000076293945,15.300000190734863,2698.0
2026-08-05 15:45:00,ODFL,,214.69000244140625,214.75,214.5,214.5,8641.0
2026-08-05 15:45:00,OESX,,15.470000267028809,15.470000267028809,15.470000267028809,15.470000267028809,319.0
2026-08-05 15:45:00,OFIX,,10.625,10.625,10.625,10.625,668.0
2026-08-05 15:45:00,OGI,,0.954800009727478,0.9575999975204468,0.9517999887466431,0.9517999887466431,1015.0
2026-08-05 15:45:00,OKTA,,147.39999389648438,147.4696044921875,147.36000061035156,147.42999267578125,9763.0
2026-08-05 15:45:00,OLLI,,78.66999816894531,78.68250274658203,78.6500015258789,78.67500305175781,4139.0
2026-08-05 15:45:00,OLMA,,11.520000457763672,11.545000076293945,11.460000038146973,11.460000038146973,14656.0
2026-08-05 15:45:00,OMCL,,37.334999084472656,37.400001525878906,37.33000183105469,37.33000183105469,3601.0
2026-08-05 15:45:00,OMH,,0.1168999969959259,0.11749999970197678,0.1168999969959259,0.1168999969959259,59496.0
2026-08-05 15:45:00,ON,,78.05000305175781,78.12999725341797,77.98999786376953,78.08000183105469,86785.0
2026-08-05 15:45:00,ONB,,27.045000076293945,27.065000534057617,27.040000915527344,27.040000915527344,29038.0
2026-08-05 15:45:00,ONCY,,0.7907999753952026,0.7907999753952026,0.7907999753952026,0.7907999753952026,348.0
2026-08-05 15:45:00,ONDS,,8.824999809265137,8.835000038146973,8.819999694824219,8.824999809265137,210281.0
2026-08-05 15:45:00,ONFO,,0.07360000163316727,0.07490000128746033,0.07360000163316727,0.07490000128746033,94204.0
2026-08-05 15:45:00,ONMD,,0.6456999778747559,0.6456999778747559,0.6456999778747559,0.6456999778747559,1332.0
2026-08-05 15:45:00,OPCH,,23.6299991607666,23.639999389648438,23.6200008392334,23.6200008392334,13145.0
2026-08-05 15:45:00,OPEN,,3.744999885559082,3.7799999713897705,3.740000009536743,3.7699999809265137,360832.0
2026-08-05 15:45:00,OPHC,,8.739999771118164,8.75,8.725000381469727,8.729999542236328,1491.0
2026-08-05 15:45:00,OPK,,1.3413000106811523,1.3450000286102295,1.340000033378601,1.340000033378601,41353.0
2026-08-05 15:45:00,OPRA,,20.030000686645508,20.040000915527344,20.030000686645508,20.040000915527344,786.0
2026-08-05 15:45:00,OPRX,,6.994999885559082,6.994999885559082,6.980000019073486,6.980000019073486,3531.0
2026-08-05 15:45:00,ORGO,,2.3450000286102295,2.3450000286102295,2.3399999141693115,2.3420000076293945,1934.0
2026-08-05 15:45:00,ORIC,,12.829999923706055,12.829999923706055,12.819999694824219,12.824999809265137,6540.0
2026-08-05 15:45:00,ORLY,,93.31999969482422,93.48999786376953,93.31999969482422,93.41999816894531,19417.0
2026-08-05 15:45:00,OSBC,,25.8700008392334,25.8700008392334,25.8700008392334,25.8700008392334,690.0
2026-08-05 15:45:00,OSIS,,235.77999877929688,236.13999938964844,235.77999877929688,236.13999938964844,873.0
2026-08-05 15:45:00,OSPN,,16.344999313354492,16.43000030517578,16.344999313354492,16.43000030517578,3703.0
2026-08-05 15:45:00,OSS,,13.300000190734863,13.303500175476074,13.29010009765625,13.303500175476074,4229.0
2026-08-05 15:45:00,OSW,,26.520000457763672,26.520000457763672,26.520000457763672,26.520000457763672,800.0
2026-08-05 15:45:00,OTEX,,25.774999618530273,25.809999465942383,25.770000457763672,25.795000076293945,16914.0
2026-08-05 15:45:00,OTLK,,1.0299999713897705,1.0299999713897705,1.024999976158142,1.0299999713897705,4656.0
2026-08-05 15:45:00,OTTR,,92.3499984741211,92.3499984741211,92.3499984741211,92.3499984741211,372.0
2026-08-05 15:45:00,OVID,,2.5852999687194824,2.5852999687194824,2.5852999687194824,2.5852999687194824,541.0
2026-08-05 15:45:00,OXLC,,9.145000457763672,9.149999618530273,9.140000343322754,9.149999618530273,4728.0
2026-08-05 15:45:00,OXSQ,,1.5099999904632568,1.5099999904632568,1.5099999904632568,1.5099999904632568,205.0
2026-08-05 15:45:00,PAA,,23.229000091552734,23.235000610351562,23.209999084472656,23.209999084472656,10460.0
2026-08-05 15:45:00,PAAS,,48.29999923706055,48.314998626708984,48.27000045776367,48.279998779296875,15739.0
2026-08-05 15:45:00,PACB,,1.2999999523162842,1.3099000453948975,1.2999999523162842,1.2999999523162842,38195.0
2026-08-05 15:45:00,PAGP,,25.18000030517578,25.190000534057617,25.18000030517578,25.18000030517578,4862.0
2026-08-05 15:45:00,PAHC,,35.744998931884766,35.744998931884766,35.744998931884766,35.744998931884766,1394.0
2026-08-05 15:45:00,PALI,,2.109999895095825,2.109999895095825,2.1050000190734863,2.109999895095825,5904.0
2026-08-05 15:45:00,PANL,,7.304999828338623,7.304999828338623,7.304999828338623,7.304999828338623,1034.0
2026-08-05 15:45:00,PANW,,363.864990234375,364.5199890136719,363.82000732421875,364.17999267578125,23946.0
2026-08-05 15:45:00,PATK,,87.69000244140625,87.69000244140625,87.66000366210938,87.69000244140625,653.0
2026-08-05 15:45:00,PAX,,11.364999771118164,11.375,11.364999771118164,11.364999771118164,8549.0
2026-08-05 15:45:00,PAYO,,7.119999885559082,7.125,7.119999885559082,7.125,2098.0
2026-08-05 15:45:00,PAYS,,9.1899995803833,9.219900131225586,9.149999618530273,9.149999618530273,6741.0
2026-08-05 15:45:00,PAYX,,118.1500015258789,118.2300033569336,118.1500015258789,118.16999816894531,13968.0
2026-08-05 15:45:00,PCAR,,133.64999389648438,133.6999969482422,133.63999938964844,133.64999389648438,11350.0
2026-08-05 15:45:00,PCB,,28.030000686645508,28.030000686645508,28.030000686645508,28.030000686645508,508.0
2026-08-05 15:45:00,PCRX,,25.045000076293945,25.06999969482422,25.030000686645508,25.030000686645508,7279.0
2026-08-05 15:45:00,PCT,,6.879899978637695,6.90500020980835,6.869999885559082,6.889999866485596,28533.0
2026-08-05 15:45:00,PCTY,,147.52999877929688,147.52999877929688,147.52999877929688,147.52999877929688,787.0
2026-08-05 15:45:00,PCYO,,10.579999923706055,10.615099906921387,10.579999923706055,10.615099906921387,982.0
2026-08-05 15:45:00,PDD,,90.7750015258789,90.8550033569336,90.76750183105469,90.79000091552734,20109.0
2026-08-05 15:45:00,PDFS,,49.939998626708984,49.939998626708984,49.915000915527344,49.915000915527344,550.0
2026-08-05 15:45:00,PEBO,,41.709999084472656,41.72999954223633,41.689998626708984,41.689998626708984,3362.0
2026-08-05 15:45:00,PECO,,41.4900016784668,41.4900016784668,41.45000076293945,41.45000076293945,5233.0
2026-08-05 15:45:00,PEGA,,31.950000762939453,31.959999084472656,31.915000915527344,31.915000915527344,11658.0
2026-08-05 15:45:00,PENN,,19.565000534057617,19.575000762939453,19.559999465942383,19.559999465942383,16946.0
2026-08-05 15:45:00,PEP,,138.81500244140625,138.9250030517578,138.8000030517578,138.8300018310547,17285.0
2026-08-05 15:45:00,PEPG,,1.965000033378601,1.975000023841858,1.965000033378601,1.975000023841858,3462.0
2026-08-05 15:45:00,PESI,,17.600000381469727,17.600000381469727,17.600000381469727,17.600000381469727,1078.0
2026-08-05 15:45:00,PFBC,,106.77999877929688,106.77999877929688,106.77999877929688,106.77999877929688,559.0
2026-08-05 15:45:00,PFG,,114.77999877929688,114.77999877929688,114.69000244140625,114.69000244140625,2730.0
2026-08-05 15:45:00,PGEN,,6.974999904632568,6.980000019073486,6.954999923706055,6.965000152587891,52103.0
2026-08-05 15:45:00,PGY,,21.760000228881836,21.774999618530273,21.750999450683594,21.764999389648438,5676.0
2026-08-05 15:45:00,PHAT,,8.25,8.260000228881836,8.239999771118164,8.260000228881836,3791.0
2026-08-05 15:45:00,PHIO,,1.0549999475479126,1.0549999475479126,1.0549999475479126,1.0549999475479126,250.0
2026-08-05 15:45:00,PHVS,,33.48500061035156,33.48500061035156,33.48500061035156,33.48500061035156,269.0
2026-08-05 15:45:00,PLAB,,32.125,32.13999938964844,32.125,32.13999938964844,1867.0
2026-08-05 15:45:00,PLMR,,135.6999969482422,135.6999969482422,135.50999450683594,135.69000244140625,1443.0
2026-08-05 15:45:00,PLPC,,470.80999755859375,470.8500061035156,469.69000244140625,469.70001220703125,4346.0
2026-08-05 15:45:00,PLSE,,37.810001373291016,37.810001373291016,37.810001373291016,37.810001373291016,519.0
2026-08-05 15:45:00,PLTK,,3.9149999618530273,3.9159998893737793,3.9149999618530273,3.9159998893737793,2596.0
2026-08-05 15:45:00,PLUG,,2.075000047683716,2.0799999237060547,2.069999933242798,2.069999933242798,111793.0
2026-08-05 15:45:00,PNFP,,107.83000183105469,107.83000183105469,107.77999877929688,107.77999877929688,3240.0
2026-08-05 15:45:00,PNTG,,38.779998779296875,38.779998779296875,38.72999954223633,38.7400016784668,2201.0
2026-08-05 15:45:00,POCI,,4.28000020980835,4.28000020980835,4.269999980926514,4.269999980926514,1028.0
2026-08-05 15:45:00,POET,,8.180000305175781,8.180000305175781,8.164999961853027,8.172100067138672,21667.0
2026-08-05 15:45:00,POLA,,1.8200000524520874,1.8200000524520874,1.8200000524520874,1.8200000524520874,512.0
2026-08-05 15:45:00,POOL,,206.38499450683594,206.52999877929688,206.38499450683594,206.4550018310547,3403.0
2026-08-05 15:45:00,POWI,,62.20000076293945,62.20000076293945,62.150001525878906,62.150001525878906,2650.0
2026-08-05 15:45:00,POWL,,208.9149932861328,209.17999267578125,208.5850067138672,208.5850067138672,7967.0
2026-08-05 15:45:00,PPC,,26.540000915527344,26.56999969482422,26.540000915527344,26.559999465942383,11175.0
2026-08-05 15:45:00,PPTA,,22.700000762939453,22.704999923706055,22.68000030517578,22.704999923706055,4519.0
2026-08-05 15:45:00,PRAX,,317.2749938964844,317.2749938964844,317.2749938964844,317.2749938964844,415.0
2026-08-05 15:45:00,PRCH,,15.821000099182129,15.845000267028809,15.819999694824219,15.84000015258789,6803.0
2026-08-05 15:45:00,PRCT,,19.270000457763672,19.3799991607666,19.270000457763672,19.3799991607666,17405.0
2026-08-05 15:45:00,PRGS,,42.435001373291016,42.47999954223633,42.41999816894531,42.470001220703125,10121.0
2026-08-05 15:45:00,PRIM,,83.25,83.29000091552734,83.05999755859375,83.05999755859375,9591.0
2026-08-05 15:45:00,PRME,,3.0299999713897705,3.0399999618530273,3.0250000953674316,3.0350000858306885,17160.0
2026-08-05 15:45:00,PROF,,8.020000457763672,8.020000457763672,8.020000457763672,8.020000457763672,180.0
2026-08-05 15:45:00,PROK,,1.6349999904632568,1.6349999904632568,1.6349999904632568,1.6349999904632568,1348.0
2026-08-05 15:45:00,PRTA,,8.420000076293945,8.425000190734863,8.418999671936035,8.425000190734863,3504.0
2026-08-05 15:45:00,PRTH,,6.704999923706055,6.710000038146973,6.690000057220459,6.690000057220459,974.0
2026-08-05 15:45:00,PRVA,,23.989999771118164,24.0049991607666,23.979999542236328,23.979999542236328,10426.0
2026-08-05 15:45:00,PSEC,,2.184999942779541,2.184999942779541,2.180000066757202,2.184999942779541,4972.0
2026-08-05 15:45:00,PSMT,,186.875,186.875,186.875,186.875,971.0
2026-08-05 15:45:00,PSNL,,13.5,13.5,13.5,13.5,2103.0
2026-08-05 15:45:00,PSNY,,14.300000190734863,14.300000190734863,14.300000190734863,14.300000190734863,686.0
2026-08-05 15:45:00,PTC,,140.50999450683594,140.66000366210938,140.33999633789062,140.3699951171875,8646.0
2026-08-05 15:45:00,PTCT,,68.62000274658203,68.62000274658203,68.51000213623047,68.51000213623047,2337.0
2026-08-05 15:45:00,PTEN,,9.619999885559082,9.630000114440918,9.614999771118164,9.630000114440918,54812.0
2026-08-05 15:45:00,PTGX,,136.49000549316406,136.49000549316406,136.30499267578125,136.30499267578125,2137.0
2026-08-05 15:45:00,PTLO,,4.634799957275391,4.639999866485596,4.634799957275391,4.639999866485596,1083.0
2026-08-05 15:45:00,PTON,,6.565000057220459,6.570000171661377,6.525000095367432,6.525000095367432,297412.0
2026-08-05 15:45:00,PUBM,,13.649999618530273,13.649999618530273,13.649999618530273,13.649999618530273,1041.0
2026-08-05 15:45:00,PWP,,17.469999313354492,17.469999313354492,17.459999084472656,17.459999084472656,1446.0
2026-08-05 15:45:00,PYPD,,4.600100040435791,4.600100040435791,4.600100040435791,4.600100040435791,882.0
2026-08-05 15:45:00,PYPL,,58.095001220703125,58.1349983215332,58.07500076293945,58.09000015258789,23723.0
2026-08-05 15:45:00,PYXS,,3.0941998958587646,3.0950000286102295,3.0941998958587646,3.0950000286102295,2549.0
2026-08-05 15:45:00,PZZA,,29.860000610351562,29.899999618530273,29.850000381469727,29.889999389648438,7905.0
2026-08-05 15:45:00,QCOM,,158.97999572753906,159.07000732421875,158.89500427246094,158.89500427246094,14784.0
2026-08-05 15:45:00,QCRH,,105.38999938964844,105.38999938964844,105.38999938964844,105.38999938964844,236.0
2026-08-05 15:45:00,QFIN,,13.180000305175781,13.180000305175781,13.175000190734863,13.179499626159668,2624.0
2026-08-05 15:45:00,QRVO,,96.03500366210938,96.06999969482422,95.95500183105469,96.02999877929688,10080.0
2026-08-05 15:45:00,SEED,,1.0499999523162842,1.0499999523162842,1.0491000413894653,1.0499999523162842,3403.0
2026-08-05 15:45:00,STIM,,2.4049999713897705,2.4149999618530273,2.4049999713897705,2.4149999618530273,11136.0
2026-08-05 15:45:00,TARA,,3.984999895095825,3.990000009536743,3.984999895095825,3.990000009536743,715.0
2026-08-05 15:45:00,WOOF,,2.934999942779541,2.940000057220459,2.934999942779541,2.940000057220459,576.0
2026-08-05 15:46:00,ACDC,,4.5,4.510000228881836,4.494999885559082,4.510000228881836,12811.0
2026-08-05 15:46:00,CPOP,,0.3440000116825104,0.3440000116825104,0.3440000116825104,0.3440000116825104,101.0
2026-08-05 15:46:00,DTIL,,7.425000190734863,7.425000190734863,7.425000190734863,7.425000190734863,1003.0
2026-08-05 15:46:00,EYE,,22.934999465942383,22.940000534057617,22.934999465942383,22.940000534057617,2879.0
2026-08-05 15:46:00,FIZZ,,32.25,32.25,32.2400016784668,32.2400016784668,1430.0
2026-08-05 15:46:00,GLUE,,15.234999656677246,15.234999656677246,15.229999542236328,15.229999542236328,2017.0
2026-08-05 15:46:00,KIDS,,21.954999923706055,21.954999923706055,21.954999923706055,21.954999923706055,540.0
2026-08-05 15:46:00,KTTA,,0.4553999900817871,0.45590001344680786,0.4553000032901764,0.45590001344680786,1036.0
2026-08-05 15:46:00,MBRX,,0.39750000834465027,0.39989998936653137,0.39750000834465027,0.39989998936653137,506.0
2026-08-05 15:46:00,MCRI,,122.05999755859375,122.05999755859375,122.05999755859375,122.05999755859375,951.0
2026-08-05 15:46:00,MDB,,374.7049865722656,375.2900085449219,374.3500061035156,374.7699890136719,14951.0
2026-08-05 15:46:00,MDLZ,,62.744998931884766,62.75,62.70500183105469,62.70500183105469,23073.0
2026-08-05 15:46:00,MLTX,,17.520000457763672,17.549999237060547,17.520000457763672,17.549999237060547,1919.0
2026-08-05 15:46:00,MNPR,,117.88500213623047,117.91000366210938,117.83000183105469,117.91000366210938,1438.0
2026-08-05 15:46:00,MNRO,,13.149999618530273,13.15999984741211,13.149999618530273,13.15999984741211,3469.0
2026-08-05 15:46:00,MNST,,94.47000122070312,94.47000122070312,94.3949966430664,94.3949966430664,9389.0
2026-08-05 15:46:00,MNTS,,4.139999866485596,4.169000148773193,4.139999866485596,4.168499946594238,20193.0
2026-08-05 15:46:00,MORN,,199.94000244140625,199.94000244140625,199.94000244140625,199.94000244140625,436.0
2026-08-05 15:46:00,MOVE,,12.199999809265137,12.210000038146973,12.199999809265137,12.210000038146973,585.0
2026-08-05 15:46:00,MPWR,,1344.75,1347.8299560546875,1344.0350341796875,1346.1700439453125,5700.0
2026-08-05 15:46:00,MRNA,,55.73500061035156,55.900001525878906,55.717498779296875,55.900001525878906,18148.0
2026-08-05 15:46:00,MYGN,,3.1649999618530273,3.1649999618530273,3.1549999713897705,3.1549999713897705,10615.0
2026-08-05 15:46:00,MYRG,,335.489990234375,336.2850036621094,335.489990234375,336.2850036621094,1761.0
2026-08-05 15:46:00,NAMS,,27.290000915527344,27.3700008392334,27.290000915527344,27.3700008392334,5360.0
2026-08-05 15:46:00,NATR,,20.059999465942383,20.059999465942383,20.059999465942383,20.059999465942383,257.0
2026-08-05 15:46:00,NAVI,,9.125,9.125,9.104999542236328,9.114999771118164,7995.0
2026-08-05 15:46:00,NB,,5.045000076293945,5.045000076293945,5.030099868774414,5.034999847412109,37604.0
2026-08-05 15:46:00,NBIX,,162.0,162.19500732421875,162.0,162.19500732421875,5642.0
2026-08-05 15:46:00,NBN,,134.5800018310547,134.5800018310547,134.5800018310547,134.5800018310547,178.0
2026-08-05 15:46:00,NBTB,,53.39500045776367,53.41999816894531,53.3849983215332,53.3849983215332,1648.0
2026-08-05 15:46:00,NDAQ,,94.77999877929688,94.81999969482422,94.7699966430664,94.80500030517578,3569.0
2026-08-05 15:46:00,NDSN,,311.375,311.375,311.375,311.375,425.0
2026-08-05 15:46:00,NEGG,,17.40999984741211,17.40999984741211,17.40999984741211,17.40999984741211,81.0
2026-08-05 15:46:00,NEO,,15.694999694824219,15.710000038146973,15.694999694824219,15.710000038146973,3085.0
2026-08-05 15:46:00,NEOG,,11.475000381469727,11.475000381469727,11.475000381469727,11.475000381469727,796.0
2026-08-05 15:46:00,NEOV,,2.8554000854492188,2.859999895095825,2.8550000190734863,2.859999895095825,1552.0
2026-08-05 15:46:00,NESR,,28.405000686645508,28.420000076293945,28.405000686645508,28.420000076293945,2694.0
2026-08-05 15:46:00,NEWT,,15.085000038146973,15.100000381469727,15.085000038146973,15.100000381469727,421.0
2026-08-05 15:46:00,NEXT,,6.425000190734863,6.429999828338623,6.420000076293945,6.420000076293945,12167.0
2026-08-05 15:46:00,NFE,,0.33329999446868896,0.3352000117301941,0.33329999446868896,0.3352000117301941,4737.0
2026-08-05 15:46:00,NFLX,,73.83499908447266,73.86499786376953,73.80999755859375,73.84120178222656,79051.0
2026-08-05 15:46:00,NGNE,,35.68000030517578,35.849998474121094,35.68000030517578,35.849998474121094,320.0
2026-08-05 15:46:00,NICE,,100.33000183105469,100.33000183105469,99.80500030517578,99.80500030517578,7045.0
2026-08-05 15:46:00,NKTR,,72.16999816894531,72.23999786376953,72.12999725341797,72.23999786376953,836.0
2026-08-05 15:46:00,NKTX,,2.194999933242798,2.2049999237060547,2.194999933242798,2.2049999237060547,10743.0
2026-08-05 15:46:00,NMIH,,44.959999084472656,44.959999084472656,44.939998626708984,44.939998626708984,1247.0
2026-08-05 15:46:00,NMRK,,15.755000114440918,15.755000114440918,15.75,15.75,3335.0
2026-08-05 15:46:00,NN,,14.734999656677246,14.789999961853027,14.734999656677246,14.774999618530273,8435.0
2026-08-05 15:46:00,NNBR,,3.8350000381469727,3.8499999046325684,3.8350000381469727,3.8399999141693115,14226.0
2026-08-05 15:46:00,NNDM,,1.559999942779541,1.559999942779541,1.5549999475479126,1.5549999475479126,1456.0
2026-08-05 15:46:00,NOVT,,154.4499969482422,154.4499969482422,154.4499969482422,154.4499969482422,1723.0
2026-08-05 15:46:00,NPCE,,13.529999732971191,13.529999732971191,13.529999732971191,13.529999732971191,322.0
2026-08-05 15:46:00,NRDS,,9.104999542236328,9.114999771118164,9.104999542236328,9.114999771118164,7115.0
2026-08-05 15:46:00,NRIM,,27.0,27.024999618530273,27.0,27.024999618530273,1622.0
2026-08-05 15:46:00,NRIX,,24.950000762939453,24.969999313354492,24.940000534057617,24.969999313354492,4053.0
2026-08-05 15:46:00,NRSN,,0.5491999983787537,0.5491999983787537,0.5491999983787537,0.5491999983787537,1771.0
2026-08-05 15:46:00,NRXP,,3.055000066757202,3.059999942779541,3.055000066757202,3.059999942779541,2267.0
2026-08-05 15:46:00,NTAP,,188.19000244140625,188.32000732421875,188.19000244140625,188.32000732421875,12210.0
2026-08-05 15:46:00,NTCT,,41.369998931884766,41.369998931884766,41.369998931884766,41.369998931884766,1260.0
2026-08-05 15:46:00,NTES,,127.83000183105469,127.8499984741211,127.83000183105469,127.83999633789062,1195.0
2026-08-05 15:46:00,NTGR,,24.329999923706055,24.329999923706055,24.329999923706055,24.329999923706055,602.0
2026-08-05 15:46:00,NTNX,,61.06999969482422,61.06999969482422,61.06999969482422,61.06999969482422,24345.0
2026-08-05 15:46:00,NTRA,,272.8599853515625,273.2699890136719,272.8599853515625,273.0559997558594,3937.0
2026-08-05 15:46:00,NTRS,,184.6300048828125,184.6300048828125,184.6300048828125,184.6300048828125,1594.0
2026-08-05 15:46:00,NUWE,,1.6349999904632568,1.6390000581741333,1.6299999952316284,1.6390000581741333,902.0
2026-08-05 15:46:00,NVAX,,7.579999923706055,7.590000152587891,7.574999809265137,7.590000152587891,6495.0
2026-08-05 15:46:00,NVCR,,15.975000381469727,15.984999656677246,15.975000381469727,15.984999656677246,985.0
2026-08-05 15:46:00,NVCT,,19.2450008392334,19.2450008392334,19.2450008392334,19.2450008392334,108.0
2026-08-05 15:46:00,NVDA,,219.86000061035156,220.25999450683594,219.82000732421875,220.22000122070312,495678.0
2026-08-05 15:46:00,NVMI,,406.489990234375,406.94000244140625,406.489990234375,406.9200134277344,1455.0
2026-08-05 15:46:00,NVTS,,12.34000015258789,12.359999656677246,12.34000015258789,12.359999656677246,21843.0
2026-08-05 15:46:00,NWBI,,15.994999885559082,15.994999885559082,15.994999885559082,15.994999885559082,2726.0
2026-08-05 15:46:00,NWL,,6.175000190734863,6.175000190734863,6.170000076293945,6.170000076293945,11738.0
2026-08-05 15:46:00,NWPX,,125.54000091552734,125.75,125.54000091552734,125.75,1106.0
2026-08-05 15:46:00,NWS,,33.06999969482422,33.09000015258789,33.060001373291016,33.06999969482422,10631.0
2026-08-05 15:46:00,NWSA,,29.104999542236328,29.165000915527344,29.104999542236328,29.104999542236328,56907.0
2026-08-05 15:46:00,NXPI,,232.07000732421875,232.5399932861328,232.07000732421875,232.5399932861328,6198.0
2026-08-05 15:46:00,NXST,,190.05999755859375,190.22000122070312,190.05999755859375,190.22000122070312,2695.0
2026-08-05 15:46:00,NXT,,99.95999908447266,100.09500122070312,99.94999694824219,100.09500122070312,6879.0
2026-08-05 15:46:00,NXTC,,5.199999809265137,5.199999809265137,5.190000057220459,5.199999809265137,638.0
2026-08-05 15:46:00,OABI,,2.055000066757202,2.059999942779541,2.055000066757202,2.055000066757202,4138.0
2026-08-05 15:46:00,OBIO,,4.239999771118164,4.25,4.239999771118164,4.239999771118164,833.0
2026-08-05 15:46:00,OCC,,15.630000114440918,15.630000114440918,15.630000114440918,15.630000114440918,160.0
2026-08-05 15:46:00,OCCI,,2.490000009536743,2.490000009536743,2.490000009536743,2.490000009536743,0.0
2026-08-05 15:46:00,OCFC,,19.90999984741211,19.90999984741211,19.905000686645508,19.905000686645508,2095.0
2026-08-05 15:46:00,OCGN,,1.2700999975204468,1.2799999713897705,1.2700999975204468,1.2799999713897705,4265.0
2026-08-05 15:46:00,OCS,,11.960800170898438,12.0,11.960800170898438,12.0,1541.0
2026-08-05 15:46:00,OCSL,,12.0649995803833,12.0649995803833,12.04990005493164,12.050000190734863,23094.0
2026-08-05 15:46:00,OCUL,,8.494999885559082,8.494999885559082,8.475000381469727,8.489999771118164,20306.0
2026-08-05 15:46:00,ODFL,,215.07000732421875,215.125,214.66000366210938,214.66000366210938,9753.0
2026-08-05 15:46:00,OFIX,,10.625,10.625,10.625,10.625,388.0
2026-08-05 15:46:00,OKTA,,147.39999389648438,147.49000549316406,147.36000061035156,147.47000122070312,9235.0
2026-08-05 15:46:00,OLLI,,78.80000305175781,78.80000305175781,78.69000244140625,78.69999694824219,5967.0
2026-08-05 15:46:00,OLMA,,11.449999809265137,11.529999732971191,11.449999809265137,11.529999732971191,11370.0
2026-08-05 15:46:00,OMCL,,37.275001525878906,37.310001373291016,37.27000045776367,37.310001373291016,5189.0
2026-08-05 15:46:00,OMH,,0.11670000106096268,0.11749999970197678,0.11670000106096268,0.11699999868869781,9257.0
2026-08-05 15:46:00,ON,,77.7750015258789,78.04000091552734,77.76000213623047,78.04000091552734,58679.0
2026-08-05 15:46:00,ONB,,27.040000915527344,27.045000076293945,27.040000915527344,27.045000076293945,5116.0
2026-08-05 15:46:00,ONDS,,8.8149995803833,8.829999923706055,8.8100004196167,8.824999809265137,170236.0
2026-08-05 15:46:00,ONFO,,0.0731000006198883,0.0746999979019165,0.0731000006198883,0.07419999688863754,195354.0
2026-08-05 15:46:00,ONTX,,17.0,17.0,17.0,17.0,1001.0
2026-08-05 15:46:00,OPAL,,2.369999885559082,2.369999885559082,2.369999885559082,2.369999885559082,1966.0
2026-08-05 15:46:00,OPCH,,23.649999618530273,23.649999618530273,23.6200008392334,23.639999389648438,11929.0
2026-08-05 15:46:00,OPEN,,3.744999885559082,3.75,3.740000009536743,3.75,65930.0
2026-08-05 15:46:00,OPHC,,8.725000381469727,8.725000381469727,8.725000381469727,8.725000381469727,108.0
2026-08-05 15:46:00,OPK,,1.3450000286102295,1.3450000286102295,1.340000033378601,1.3450000286102295,50603.0
2026-08-05 15:46:00,OPRA,,20.021799087524414,20.021799087524414,20.020000457763672,20.020000457763672,1118.0
2026-08-05 15:46:00,OPRT,,6.019999980926514,6.019999980926514,6.014999866485596,6.014999866485596,411.0
2026-08-05 15:46:00,OPRX,,6.999899864196777,6.999899864196777,6.999899864196777,6.999899864196777,364.0
2026-08-05 15:46:00,ORGO,,2.3499999046325684,2.3499999046325684,2.3399999141693115,2.3450000286102295,3448.0
2026-08-05 15:46:00,ORIC,,12.789999961853027,12.819999694824219,12.78499984741211,12.819999694824219,13175.0
2026-08-05 15:46:00,ORLY,,93.51000213623047,93.5199966430664,93.32499694824219,93.32499694824219,18489.0
2026-08-05 15:46:00,ORMP,,4.309999942779541,4.315000057220459,4.309999942779541,4.315000057220459,1222.0
2026-08-05 15:46:00,OSBC,,25.875,25.875,25.8700008392334,25.875,2552.0
2026-08-05 15:46:00,OSIS,,236.0399932861328,236.25,236.0399932861328,236.25,302.0
2026-08-05 15:46:00,OSPN,,16.389999389648438,16.454999923706055,16.3700008392334,16.3700008392334,18426.0
2026-08-05 15:46:00,OSS,,13.260000228881836,13.289999961853027,13.25,13.289999961853027,8987.0
2026-08-05 15:46:00,OSUR,,4.130000114440918,4.130000114440918,4.130000114440918,4.130000114440918,231.0
2026-08-05 15:46:00,OTEX,,25.774999618530273,25.78499984741211,25.7549991607666,25.774999618530273,16127.0
2026-08-05 15:46:00,OTLK,,1.0299999713897705,1.0299999713897705,1.024999976158142,1.024999976158142,18109.0
2026-08-05 15:46:00,OTTR,,92.44999694824219,92.44999694824219,92.36000061035156,92.36000061035156,357.0
2026-08-05 15:46:00,OVID,,2.5799999237060547,2.5899999141693115,2.5799999237060547,2.5899999141693115,8383.0
2026-08-05 15:46:00,OXLC,,9.135000228881836,9.149999618530273,9.130000114440918,9.149999618530273,5099.0
2026-08-05 15:46:00,OXSQ,,1.5,1.5049999952316284,1.5,1.5049999952316284,9066.0
2026-08-05 15:46:00,PAA,,23.229999542236328,23.239999771118164,23.225000381469727,23.225000381469727,24036.0
2026-08-05 15:46:00,PAAS,,48.22999954223633,48.310001373291016,48.22999954223633,48.29999923706055,12076.0
2026-08-05 15:46:00,PACB,,1.3049999475479126,1.309999942779541,1.2999999523162842,1.309999942779541,107338.0
2026-08-05 15:46:00,PAGP,,25.200000762939453,25.200000762939453,25.18000030517578,25.18000030517578,8132.0
2026-08-05 15:46:00,PALI,,2.1050000190734863,2.109999895095825,2.1050000190734863,2.1050000190734863,5002.0
2026-08-05 15:46:00,PANW,,363.6050109863281,364.010009765625,363.4700012207031,363.8599853515625,15597.0
2026-08-05 15:46:00,PATK,,87.69999694824219,87.69999694824219,87.69999694824219,87.69999694824219,581.0
2026-08-05 15:46:00,PAVS,,4.980000019073486,4.980000019073486,4.980000019073486,4.980000019073486,184.0
2026-08-05 15:46:00,PAX,,11.345000267028809,11.364999771118164,11.345000267028809,11.364999771118164,7437.0
2026-08-05 15:46:00,PAYO,,7.125,7.125,7.119999885559082,7.125,5362.0
2026-08-05 15:46:00,PAYS,,9.164999961853027,9.177200317382812,9.164999961853027,9.170000076293945,3511.0
2026-08-05 15:46:00,PAYX,,118.36499786376953,118.36499786376953,118.16999816894531,118.16999816894531,9791.0
2026-08-05 15:46:00,PCAR,,133.7550048828125,133.75999450683594,133.60499572753906,133.6199951171875,12843.0
2026-08-05 15:46:00,PCRX,,25.030000686645508,25.09000015258789,25.030000686645508,25.045000076293945,12039.0
2026-08-05 15:46:00,PCSA,,2.200000047683716,2.200000047683716,2.200000047683716,2.200000047683716,332.0
2026-08-05 15:46:00,PCT,,6.864999771118164,6.875,6.864999771118164,6.875,10559.0
2026-08-05 15:46:00,PCTY,,147.47999572753906,147.72999572753906,147.2550048828125,147.52999877929688,5955.0
2026-08-05 15:46:00,PDD,,90.76000213623047,90.78949737548828,90.73999786376953,90.78949737548828,7325.0
2026-08-05 15:46:00,PDFS,,49.849998474121094,49.91999816894531,49.849998474121094,49.91999816894531,968.0
2026-08-05 15:46:00,PDLB,,20.4950008392334,20.4950008392334,20.4950008392334,20.4950008392334,615.0
2026-08-05 15:46:00,PDSB,,0.7109000086784363,0.7110000252723694,0.7109000086784363,0.7110000252723694,262.0
2026-08-05 15:46:00,PECO,,41.5099983215332,41.529998779296875,41.5099983215332,41.529998779296875,2570.0
2026-08-05 15:46:00,PEGA,,31.940000534057617,31.969999313354492,31.920000076293945,31.969999313354492,7169.0
2026-08-05 15:46:00,PENN,,19.565000534057617,19.584999084472656,19.559999465942383,19.565000534057617,15369.0
2026-08-05 15:46:00,PEP,,138.99000549316406,138.99000549316406,138.8300018310547,138.8300018310547,9741.0
2026-08-05 15:46:00,PEPG,,1.965000033378601,1.965000033378601,1.965000033378601,1.965000033378601,700.0
2026-08-05 15:46:00,PERI,,9.654999732971191,9.65999984741211,9.649999618530273,9.649999618530273,1346.0
2026-08-05 15:46:00,PESI,,17.600000381469727,17.600000381469727,17.600000381469727,17.600000381469727,653.0
2026-08-05 15:46:00,PFBC,,106.81500244140625,106.81500244140625,106.81500244140625,106.81500244140625,300.0
2026-08-05 15:46:00,PFG,,114.74500274658203,114.80000305175781,114.7300033569336,114.80000305175781,2034.0
2026-08-05 15:46:00,PGEN,,6.974999904632568,6.980000019073486,6.960000038146973,6.974999904632568,27842.0
2026-08-05 15:46:00,PGNY,,31.360000610351562,31.420000076293945,31.360000610351562,31.420000076293945,2456.0
2026-08-05 15:46:00,PGY,,21.739999771118164,21.75,21.700000762939453,21.75,9510.0
2026-08-05 15:46:00,PHAT,,8.229999542236328,8.260000228881836,8.220000267028809,8.25,16014.0
2026-08-05 15:46:00,PHVS,,33.5,33.560001373291016,33.48500061035156,33.560001373291016,1408.0
2026-08-05 15:46:00,PLAB,,32.08000183105469,32.099998474121094,32.08000183105469,32.099998474121094,1630.0
2026-08-05 15:46:00,PLMR,,135.6999969482422,135.6999969482422,135.4199981689453,135.42999267578125,975.0
2026-08-05 15:46:00,PLSE,,37.86000061035156,37.86000061035156,37.86000061035156,37.86000061035156,175.0
2026-08-05 15:46:00,PLTK,,3.9149999618530273,3.9149999618530273,3.9149999618530273,3.9149999618530273,3677.0
2026-08-05 15:46:00,PLUG,,2.075000047683716,2.0799999237060547,2.069999933242798,2.075000047683716,75091.0
2026-08-05 15:46:00,PLXS,,275.5849914550781,275.5849914550781,275.5849914550781,275.5849914550781,527.0
2026-08-05 15:46:00,PNFP,,107.77999877929688,107.83000183105469,107.76000213623047,107.83000183105469,3620.0
2026-08-05 15:46:00,PNTG,,38.869998931884766,38.869998931884766,38.869998931884766,38.869998931884766,481.0
2026-08-05 15:46:00,POET,,8.159600257873535,8.170000076293945,8.149999618530273,8.170000076293945,72668.0
2026-08-05 15:46:00,POWI,,62.09000015258789,62.19499969482422,62.09000015258789,62.19499969482422,3021.0
2026-08-05 15:46:00,POWL,,208.93499755859375,209.05999755859375,208.72999572753906,208.92999267578125,2985.0
2026-08-05 15:46:00,PPC,,26.530000686645508,26.540000915527344,26.5,26.540000915527344,8074.0
2026-08-05 15:46:00,PPTA,,22.639999389648438,22.670000076293945,22.6200008392334,22.670000076293945,3061.0
2026-08-05 15:46:00,PRAX,,315.57000732421875,317.2749938964844,315.32000732421875,317.2749938964844,5523.0
2026-08-05 15:46:00,PRCH,,15.8100004196167,15.829999923706055,15.8100004196167,15.829999923706055,3255.0
2026-08-05 15:46:00,PRCT,,19.260000228881836,19.329999923706055,19.209999084472656,19.290000915527344,63442.0
2026-08-05 15:46:00,PRDO,,32.959999084472656,33.0,32.95000076293945,33.0,6515.0
2026-08-05 15:46:00,PRE,,18.225000381469727,18.239999771118164,18.225000381469727,18.239999771118164,757.0
2026-08-05 15:46:00,PRIM,,82.98999786376953,83.2300033569336,82.95999908447266,83.2300033569336,9953.0
2026-08-05 15:46:00,PRME,,3.0225000381469727,3.0299999713897705,3.0199999809265137,3.0299999713897705,10089.0
2026-08-05 15:46:00,PROF,,8.020000457763672,8.020000457763672,8.020000457763672,8.020000457763672,126.0
2026-08-05 15:46:00,PROK,,1.625,1.6349999904632568,1.625,1.6349999904632568,21355.0
2026-08-05 15:46:00,PRQR,,1.9550000429153442,1.9600000381469727,1.9550000429153442,1.9600000381469727,17673.0
2026-08-05 15:46:00,PRTA,,8.420000076293945,8.425000190734863,8.420000076293945,8.425000190734863,1289.0
2026-08-05 15:46:00,PRTH,,6.699999809265137,6.704999923706055,6.699999809265137,6.699999809265137,4360.0
2026-08-05 15:46:00,PRVA,,23.969999313354492,23.969999313354492,23.969999313354492,23.969999313354492,2457.0
2026-08-05 15:46:00,PSEC,,2.184999942779541,2.190000057220459,2.180000066757202,2.180000066757202,49463.0
2026-08-05 15:46:00,PSNL,,13.460000038146973,13.5,13.460000038146973,13.5,2908.0
2026-08-05 15:46:00,PSNY,,14.40999984741211,14.40999984741211,14.329999923706055,14.329999923706055,2881.0
2026-08-05 15:46:00,PTC,,140.44500732421875,140.57000732421875,140.44000244140625,140.57000732421875,1910.0
2026-08-05 15:46:00,PTCT,,68.63999938964844,68.66000366210938,68.5999984741211,68.6449966430664,2965.0
2026-08-05 15:46:00,PTEN,,9.614999771118164,9.630000114440918,9.614999771118164,9.630000114440918,6299.0
2026-08-05 15:46:00,PTGX,,136.02000427246094,136.13999938964844,136.02000427246094,136.13999938964844,2839.0
2026-08-05 15:46:00,PTLO,,4.639999866485596,4.639999866485596,4.635000228881836,4.635000228881836,1881.0
2026-08-05 15:46:00,PTON,,6.570000171661377,6.570000171661377,6.565000057220459,6.565000057220459,10064.0
2026-08-05 15:46:00,PWP,,17.469999313354492,17.5,17.450000762939453,17.469999313354492,9797.0
2026-08-05 15:46:00,PYPL,,58.1150016784668,58.1150016784668,58.095001220703125,58.099998474121094,15168.0
2026-08-05 15:46:00,PYXS,,3.075000047683716,3.0899999141693115,3.069999933242798,3.0899999141693115,10102.0
2026-08-05 15:46:00,PZZA,,29.872400283813477,29.8799991607666,29.829999923706055,29.829999923706055,8683.0
2026-08-05 15:46:00,QCOM,,158.78500366210938,159.02000427246094,158.7310028076172,159.02000427246094,12770.0
2026-08-05 15:46:00,QFIN,,13.180000305175781,13.180000305175781,13.175000190734863,13.180000305175781,2245.0
2026-08-05 15:46:00,QQQX,,30.229999542236328,30.344999313354492,30.229999542236328,30.344999313354492,550.0
2026-08-05 15:46:00,QRVO,,95.80999755859375,96.08000183105469,95.78500366210938,96.05999755859375,10363.0
2026-08-05 15:46:00,SEED,,1.0499999523162842,1.0499999523162842,1.0400999784469604,1.0499999523162842,900.0
2026-08-05 15:46:00,STIM,,2.3949999809265137,2.4049999713897705,2.3949999809265137,2.4049999713897705,8623.0
2026-08-05 15:46:00,TARA,,3.984999895095825,3.984999895095825,3.984999895095825,3.984999895095825,748.0
2026-08-05 15:46:00,WOOF,,2.934999942779541,2.934999942779541,2.934999942779541,2.934999942779541,3375.0
2026-08-05 15:47:00,ACDC,,4.505000114440918,4.505000114440918,4.5,4.5,2910.0
2026-08-05 15:47:00,BPOP,,177.4550018310547,177.4550018310547,177.4550018310547,177.4550018310547,496.0
2026-08-05 15:47:00,CPOP,,0.3391999900341034,0.3391999900341034,0.3391999900341034,0.3391999900341034,397.0
2026-08-05 15:47:00,EYE,,22.969999313354492,22.969999313354492,22.924999237060547,22.93000030517578,16698.0
2026-08-05 15:47:00,FIZZ,,32.22999954223633,32.25,32.22999954223633,32.25,2165.0
2026-08-05 15:47:00,FRST,,16.4950008392334,16.4950008392334,16.4950008392334,16.4950008392334,711.0
2026-08-05 15:47:00,GLUE,,15.130000114440918,15.220000267028809,15.130000114440918,15.220000267028809,5782.0
2026-08-05 15:47:00,KIDS,,21.954999923706055,21.954999923706055,21.954999923706055,21.954999923706055,701.0
2026-08-05 15:47:00,KITT,,1.0130000114440918,1.0130000114440918,1.0130000114440918,1.0130000114440918,478.0
2026-08-05 15:47:00,LUNG,,1.9950000047683716,1.9950000047683716,1.9950000047683716,1.9950000047683716,747.0
2026-08-05 15:47:00,MBRX,,0.3953999876976013,0.3953999876976013,0.3953999876976013,0.3953999876976013,183.0
2026-08-05 15:47:00,MDB,,375.19000244140625,375.6499938964844,374.7099914550781,374.7099914550781,11790.0
2026-08-05 15:47:00,MDLZ,,62.73500061035156,62.76750183105469,62.724998474121094,62.7400016784668,20817.0
2026-08-05 15:47:00,MLTX,,17.499900817871094,17.510000228881836,17.499900817871094,17.510000228881836,2130.0
2026-08-05 15:47:00,MNRO,,13.119999885559082,13.170000076293945,13.119999885559082,13.15999984741211,4843.0
2026-08-05 15:47:00,MNST,,94.43000030517578,94.4800033569336,94.41999816894531,94.47000122070312,17431.0
2026-08-05 15:47:00,MNTS,,4.170000076293945,4.210000038146973,4.170000076293945,4.184999942779541,8773.0
2026-08-05 15:47:00,MODD,,1.9800000190734863,2.0,1.9500000476837158,2.0,6922.0
2026-08-05 15:47:00,MORN,,200.08999633789062,200.08999633789062,200.08999633789062,200.08999633789062,2423.0
2026-08-05 15:47:00,MPWR,,1348.550048828125,1348.7099609375,1344.56005859375,1344.56005859375,2213.0
2026-08-05 15:47:00,MRNA,,55.6349983215332,55.75,55.6349983215332,55.71500015258789,13783.0
2026-08-05 15:47:00,MYGN,,3.1649999618530273,3.1649999618530273,3.1600000858306885,3.1649999618530273,5284.0
2026-08-05 15:47:00,MYRG,,335.30999755859375,335.4800109863281,335.30999755859375,335.4800109863281,444.0
2026-08-05 15:47:00,NAMS,,27.25,27.270000457763672,27.25,27.270000457763672,3880.0
2026-08-05 15:47:00,NATR,,20.059999465942383,20.079999923706055,20.030000686645508,20.059999465942383,2783.0
2026-08-05 15:47:00,NAVI,,9.125,9.125,9.125,9.125,2120.0
2026-08-05 15:47:00,NB,,5.050000190734863,5.050000190734863,5.050000190734863,5.050000190734863,1853.0
2026-08-05 15:47:00,NBIX,,161.82000732421875,161.96499633789062,161.82000732421875,161.96499633789062,2312.0
2026-08-05 15:47:00,NBTB,,53.400001525878906,53.400001525878906,53.400001525878906,53.400001525878906,1083.0
2026-08-05 15:47:00,NDAQ,,94.77999877929688,94.80000305175781,94.75499725341797,94.7699966430664,7580.0
2026-08-05 15:47:00,NDSN,,311.25,311.25,311.25,311.25,234.0
2026-08-05 15:47:00,NEGG,,17.532499313354492,17.532499313354492,17.532499313354492,17.532499313354492,445.0
2026-08-05 15:47:00,NEO,,15.704999923706055,15.720000267028809,15.675000190734863,15.680000305175781,12066.0
2026-08-05 15:47:00,NEOG,,11.460000038146973,11.475000381469727,11.460000038146973,11.475000381469727,16352.0
2026-08-05 15:47:00,NEOV,,2.8450000286102295,2.8519999980926514,2.8399999141693115,2.8519999980926514,8131.0
2026-08-05 15:47:00,NESR,,28.399999618530273,28.405000686645508,28.399999618530273,28.405000686645508,932.0
2026-08-05 15:47:00,NEWT,,15.085000038146973,15.100000381469727,15.085000038146973,15.100000381469727,724.0
2026-08-05 15:47:00,NEXT,,6.428999900817871,6.428999900817871,6.428999900817871,6.428999900817871,3127.0
2026-08-05 15:47:00,NFE,,0.3319999873638153,0.33469998836517334,0.3319999873638153,0.33250001072883606,5654.0
2026-08-05 15:47:00,NFLX,,73.9749984741211,74.01499938964844,73.81500244140625,73.83000183105469,193614.0
2026-08-05 15:47:00,NGNE,,35.68000030517578,35.68000030517578,35.68000030517578,35.68000030517578,583.0
2026-08-05 15:47:00,NICE,,100.1500015258789,100.62999725341797,100.1500015258789,100.33000183105469,9159.0
2026-08-05 15:47:00,NKTR,,72.05999755859375,72.11000061035156,72.05000305175781,72.05000305175781,555.0
2026-08-05 15:47:00,NKTX,,2.194999933242798,2.194999933242798,2.190000057220459,2.190000057220459,798.0
2026-08-05 15:47:00,NMFC,,7.389999866485596,7.389999866485596,7.389999866485596,7.389999866485596,240.0
2026-08-05 15:47:00,NMIH,,44.95000076293945,44.955101013183594,44.95000076293945,44.955101013183594,1093.0
2026-08-05 15:47:00,NMRA,,1.6100000143051147,1.6100000143051147,1.600000023841858,1.600000023841858,11666.0
2026-08-05 15:47:00,NMRK,,15.760000228881836,15.765000343322754,15.755000114440918,15.760000228881836,5257.0
2026-08-05 15:47:00,NN,,14.760000228881836,14.760000228881836,14.722800254821777,14.734999656677246,10489.0
2026-08-05 15:47:00,NNBR,,3.869999885559082,3.869999885559082,3.8299999237060547,3.8350000381469727,32530.0
2026-08-05 15:47:00,NNDM,,1.5549999475479126,1.5549999475479126,1.5549999475479126,1.5549999475479126,1227.0
2026-08-05 15:47:00,NNOX,,1.0149999856948853,1.0149999856948853,1.0149999856948853,1.0149999856948853,697.0
2026-08-05 15:47:00,NOVT,,154.42999267578125,154.5800018310547,154.42999267578125,154.47999572753906,3028.0
2026-08-05 15:47:00,NPCE,,13.572500228881836,13.577500343322754,13.5600004196167,13.5600004196167,2932.0
2026-08-05 15:47:00,NRDS,,9.104999542236328,9.104999542236328,9.104999542236328,9.104999542236328,2416.0
2026-08-05 15:47:00,NRIX,,24.96500015258789,24.975000381469727,24.940000534057617,24.940000534057617,6653.0
2026-08-05 15:47:00,NSSC,,40.290000915527344,40.310001373291016,40.290000915527344,40.310001373291016,995.0
2026-08-05 15:47:00,NTAP,,188.10000610351562,188.19000244140625,188.10000610351562,188.19000244140625,6543.0
2026-08-05 15:47:00,NTES,,127.80000305175781,127.86000061035156,127.80000305175781,127.83000183105469,1548.0
2026-08-05 15:47:00,NTGR,,24.329999923706055,24.329999923706055,24.329999923706055,24.329999923706055,217.0
2026-08-05 15:47:00,NTNX,,61.09000015258789,61.09000015258789,61.08000183105469,61.08000183105469,8194.0
2026-08-05 15:47:00,NTRA,,273.42999267578125,273.42999267578125,272.45001220703125,273.2900085449219,5892.0
2026-08-05 15:47:00,NTRS,,184.4499969482422,184.7100067138672,184.4499969482422,184.7100067138672,5441.0
2026-08-05 15:47:00,NUWE,,1.6299999952316284,1.6396000385284424,1.6299999952316284,1.63100004196167,3236.0
2026-08-05 15:47:00,NVAX,,7.574999809265137,7.574999809265137,7.565000057220459,7.574999809265137,19106.0
2026-08-05 15:47:00,NVCR,,15.970000267028809,15.989999771118164,15.970000267028809,15.989999771118164,6220.0
2026-08-05 15:47:00,NVCT,,19.219999313354492,19.2450008392334,19.219999313354492,19.2450008392334,950.0
2026-08-05 15:47:00,NVDA,,220.08999633789062,220.10989379882812,219.77000427246094,219.875,514050.0
2026-08-05 15:47:00,NVEC,,128.64999389648438,128.64999389648438,128.64999389648438,128.64999389648438,691.0
2026-08-05 15:47:00,NVMI,,407.45001220703125,407.6600036621094,407.04998779296875,407.04998779296875,882.0
2026-08-05 15:47:00,NVTS,,12.369999885559082,12.375,12.34000015258789,12.34000015258789,15441.0
2026-08-05 15:47:00,NVX,,0.40049999952316284,0.40049999952316284,0.40049999952316284,0.40049999952316284,200.0
2026-08-05 15:47:00,NWBI,,15.991100311279297,16.0,15.991100311279297,16.0,1966.0
2026-08-05 15:47:00,NWE,,69.12999725341797,69.1500015258789,69.12999725341797,69.12999725341797,2083.0
2026-08-05 15:47:00,NWL,,6.159999847412109,6.184999942779541,6.150000095367432,6.175000190734863,116200.0
2026-08-05 15:47:00,NWPX,,125.87000274658203,125.87000274658203,125.87000274658203,125.87000274658203,407.0
2026-08-05 15:47:00,NWS,,33.08000183105469,33.09000015258789,33.060001373291016,33.060001373291016,10918.0
2026-08-05 15:47:00,NWSA,,29.100000381469727,29.1200008392334,29.084999084472656,29.110000610351562,46782.0
2026-08-05 15:47:00,NXPI,,232.55999755859375,232.55999755859375,232.19000244140625,232.19000244140625,17906.0
2026-08-05 15:47:00,NXT,,99.9749984741211,100.0999984741211,99.8949966430664,100.0999984741211,14519.0
2026-08-05 15:47:00,NYXH,,1.409999966621399,1.409999966621399,1.409999966621399,1.409999966621399,413.0
2026-08-05 15:47:00,OABI,,2.055000066757202,2.055000066757202,2.055000066757202,2.055000066757202,1052.0
2026-08-05 15:47:00,OBIO,,4.239999771118164,4.239999771118164,4.239999771118164,4.239999771118164,200.0
2026-08-05 15:47:00,OCC,,15.59000015258789,15.59000015258789,15.500100135803223,15.500100135803223,1191.0
2026-08-05 15:47:00,OCFC,,19.895000457763672,19.905000686645508,19.885000228881836,19.905000686645508,5421.0
2026-08-05 15:47:00,OCG,,1.641700029373169,1.641700029373169,1.6401000022888184,1.6401000022888184,1883.0
2026-08-05 15:47:00,OCGN,,1.2799999713897705,1.2799999713897705,1.274999976158142,1.2799999713897705,10199.0
2026-08-05 15:47:00,OCS,,11.96500015258789,11.979999542236328,11.930000305175781,11.960000038146973,8029.0
2026-08-05 15:47:00,OCSL,,12.0649995803833,12.065099716186523,12.0649995803833,12.065099716186523,2086.0
2026-08-05 15:47:00,OCUL,,8.489999771118164,8.489999771118164,8.489999771118164,8.489999771118164,3688.0
2026-08-05 15:47:00,ODD,,15.265000343322754,15.295000076293945,15.25,15.295000076293945,4093.0
2026-08-05 15:47:00,ODFL,,214.99000549316406,215.17999267578125,214.99000549316406,215.13499450683594,11644.0
2026-08-05 15:47:00,OESX,,15.46500015258789,15.46500015258789,15.46500015258789,15.46500015258789,255.0
2026-08-05 15:47:00,OFIX,,10.625,10.625,10.625,10.625,502.0
2026-08-05 15:47:00,OFS,,3.569999933242798,3.5899999141693115,3.549999952316284,3.549999952316284,2293.0
2026-08-05 15:47:00,OKTA,,147.27499389648438,147.5,147.27499389648438,147.4250030517578,8418.0
2026-08-05 15:47:00,OLLI,,78.83000183105469,78.87000274658203,78.80000305175781,78.80000305175781,5818.0
2026-08-05 15:47:00,OLMA,,11.430000305175781,11.430000305175781,11.430000305175781,11.430000305175781,1287.0
2026-08-05 15:47:00,OMH,,0.11749999970197678,0.11749999970197678,0.11630000174045563,0.11630000174045563,28732.0
2026-08-05 15:47:00,ON,,77.82499694824219,77.8499984741211,77.76000213623047,77.82499694824219,62778.0
2026-08-05 15:47:00,ONB,,27.04990005493164,27.05500030517578,27.040000915527344,27.040000915527344,14037.0
2026-08-05 15:47:00,ONCY,,0.7907999753952026,0.7918999791145325,0.7907999753952026,0.7918999791145325,5912.0
2026-08-05 15:47:00,ONDS,,8.8100004196167,8.829999923706055,8.8100004196167,8.8149995803833,435914.0
2026-08-05 15:47:00,ONFO,,0.07440000027418137,0.07450000196695328,0.0731000006198883,0.0738999992609024,67982.0
2026-08-05 15:47:00,OPCH,,23.6299991607666,23.649999618530273,23.6200008392334,23.649999618530273,10248.0
2026-08-05 15:47:00,OPEN,,3.744999885559082,3.7499001026153564,3.740000009536743,3.744999885559082,39076.0
2026-08-05 15:47:00,OPHC,,8.725000381469727,8.725000381469727,8.725000381469727,8.725000381469727,297.0
2026-08-05 15:47:00,OPK,,1.3450000286102295,1.3550000190734863,1.3450000286102295,1.3450000286102295,87813.0
2026-08-05 15:47:00,OPRA,,20.020000457763672,20.020000457763672,20.020000457763672,20.020000457763672,1021.0
2026-08-05 15:47:00,OPRT,,6.019999980926514,6.025000095367432,6.019999980926514,6.019999980926514,4298.0
2026-08-05 15:47:00,ORGO,,2.3420000076293945,2.3450000286102295,2.3420000076293945,2.3450000286102295,2207.0
2026-08-05 15:47:00,ORIC,,12.8100004196167,12.8100004196167,12.789999961853027,12.789999961853027,5075.0
2026-08-05 15:47:00,ORLY,,93.5,93.52999877929688,93.4800033569336,93.51000213623047,18698.0
2026-08-05 15:47:00,ORMP,,4.309999942779541,4.309999942779541,4.309999942779541,4.309999942779541,473.0
2026-08-05 15:47:00,ORRF,,43.310001373291016,43.33000183105469,43.310001373291016,43.33000183105469,412.0
2026-08-05 15:47:00,OSBC,,25.8799991607666,25.8799991607666,25.8799991607666,25.8799991607666,1984.0
2026-08-05 15:47:00,OSIS,,235.80999755859375,236.0399932861328,235.80999755859375,236.0399932861328,315.0
2026-08-05 15:47:00,OSPN,,16.34000015258789,16.399999618530273,16.34000015258789,16.375,5623.0
2026-08-05 15:47:00,OSS,,13.247699737548828,13.247699737548828,13.247699737548828,13.247699737548828,1000.0
2026-08-05 15:47:00,OSUR,,4.130000114440918,4.135000228881836,4.130000114440918,4.135000228881836,1326.0
2026-08-05 15:47:00,OSW,,26.520000457763672,26.540000915527344,26.520000457763672,26.540000915527344,1904.0
2026-08-05 15:47:00,OTEX,,25.780000686645508,25.78499984741211,25.760000228881836,25.774999618530273,29259.0
2026-08-05 15:47:00,OTLK,,1.0299999713897705,1.0299999713897705,1.0206999778747559,1.0299999713897705,5954.0
2026-08-05 15:47:00,OTLY,,14.489999771118164,14.489999771118164,14.489999771118164,14.489999771118164,159.0
2026-08-05 15:47:00,OTTR,,92.44499969482422,92.44499969482422,92.37000274658203,92.37000274658203,357.0
2026-08-05 15:47:00,OVBC,,42.72999954223633,42.72999954223633,42.72999954223633,42.72999954223633,141.0
2026-08-05 15:47:00,OVID,,2.575000047683716,2.5799999237060547,2.575000047683716,2.5799999237060547,25439.0
2026-08-05 15:47:00,OXLC,,9.135000228881836,9.135000228881836,9.135000228881836,9.135000228881836,1387.0
2026-08-05 15:47:00,PAA,,23.239999771118164,23.239999771118164,23.235000610351562,23.235000610351562,8895.0
2026-08-05 15:47:00,PAAS,,48.209999084472656,48.279998779296875,48.209999084472656,48.2400016784668,20306.0
2026-08-05 15:47:00,PACB,,1.3049999475479126,1.3049999475479126,1.2999999523162842,1.3042999505996704,128564.0
2026-08-05 15:47:00,PAGP,,25.204999923706055,25.209999084472656,25.19499969482422,25.19499969482422,15598.0
2026-08-05 15:47:00,PALI,,2.1089000701904297,2.109999895095825,2.1050000190734863,2.109999895095825,9301.0
2026-08-05 15:47:00,PANL,,7.304999828338623,7.304999828338623,7.300000190734863,7.300000190734863,1255.0
2026-08-05 15:47:00,PANW,,363.57000732421875,363.82000732421875,363.4599914550781,363.7499084472656,25754.0
2026-08-05 15:47:00,PATK,,87.86000061035156,87.86000061035156,87.76000213623047,87.76000213623047,2772.0
2026-08-05 15:47:00,PAVS,,4.900000095367432,4.900000095367432,4.900000095367432,4.900000095367432,186.0
2026-08-05 15:47:00,PAX,,11.354999542236328,11.354999542236328,11.350099563598633,11.354999542236328,1449.0
2026-08-05 15:47:00,PAYO,,7.119999885559082,7.119999885559082,7.119999885559082,7.119999885559082,1132.0
2026-08-05 15:47:00,PAYS,,9.1899995803833,9.1899995803833,9.170000076293945,9.170000076293945,5511.0
2026-08-05 15:47:00,PAYX,,118.37999725341797,118.38999938964844,118.33000183105469,118.33000183105469,7702.0
2026-08-05 15:47:00,PCAR,,133.7100067138672,133.75999450683594,133.7100067138672,133.74000549316406,8451.0
2026-08-05 15:47:00,PCRX,,25.05500030517578,25.065000534057617,25.014999389648438,25.014999389648438,7260.0
2026-08-05 15:47:00,PCT,,6.875,6.875,6.864999771118164,6.864999771118164,8064.0
2026-08-05 15:47:00,PCTY,,147.8699951171875,148.0500030517578,147.66000366210938,147.66000366210938,3129.0
2026-08-05 15:47:00,PDD,,90.77999877929688,90.81500244140625,90.77999877929688,90.77999877929688,16729.0
2026-08-05 15:47:00,PDFS,,49.7599983215332,49.7599983215332,49.71500015258789,49.7599983215332,5921.0
2026-08-05 15:47:00,PDSB,,0.7132999897003174,0.7132999897003174,0.7109000086784363,0.7109000086784363,1358.0
2026-08-05 15:47:00,PEBO,,41.73500061035156,41.7400016784668,41.73500061035156,41.7400016784668,963.0
2026-08-05 15:47:00,PECO,,41.4900016784668,41.5,41.4900016784668,41.5,2771.0
2026-08-05 15:47:00,PEGA,,31.94499969482422,31.959999084472656,31.940000534057617,31.940000534057617,5238.0
2026-08-05 15:47:00,PENN,,19.540000915527344,19.575000762939453,19.53499984741211,19.565000534057617,11173.0
2026-08-05 15:47:00,PEP,,138.97000122070312,138.99000549316406,138.94000244140625,138.99000549316406,14913.0
2026-08-05 15:47:00,PEPG,,1.9550000429153442,1.9550000429153442,1.9550000429153442,1.9550000429153442,1214.0
2026-08-05 15:47:00,PERI,,9.630000114440918,9.65999984741211,9.630000114440918,9.65999984741211,6777.0
2026-08-05 15:47:00,PESI,,17.604999542236328,17.604999542236328,17.604999542236328,17.604999542236328,714.0
2026-08-05 15:47:00,PFBC,,106.81510162353516,106.81510162353516,106.81510162353516,106.81510162353516,273.0
2026-08-05 15:47:00,PFG,,114.70999908447266,114.80999755859375,114.70999908447266,114.76499938964844,6781.0
2026-08-05 15:47:00,PGEN,,6.974999904632568,6.989999771118164,6.965000152587891,6.96999979019165,48638.0
2026-08-05 15:47:00,PGNY,,31.364999771118164,31.364999771118164,31.364999771118164,31.364999771118164,635.0
2026-08-05 15:47:00,PGY,,21.799999237060547,21.799999237060547,21.760000228881836,21.760000228881836,7059.0
2026-08-05 15:47:00,PHAT,,8.229999542236328,8.255000114440918,8.220000267028809,8.234999656677246,21565.0
2026-08-05 15:47:00,PHVS,,33.5,33.5,33.5,33.5,694.0
2026-08-05 15:47:00,PKBK,,34.39500045776367,34.39500045776367,34.39500045776367,34.39500045776367,214.0
2026-08-05 15:47:00,PKOH,,41.970001220703125,41.970001220703125,41.970001220703125,41.970001220703125,363.0
2026-08-05 15:47:00,PLAB,,32.060001373291016,32.060001373291016,32.060001373291016,32.060001373291016,1889.0
2026-08-05 15:47:00,PLBY,,1.1549999713897705,1.1549999713897705,1.1549999713897705,1.1549999713897705,272.0
2026-08-05 15:47:00,PLMR,,135.44000244140625,135.44000244140625,135.44000244140625,135.44000244140625,504.0
2026-08-05 15:47:00,PLPC,,475.6700134277344,475.6700134277344,472.42999267578125,472.54998779296875,1002.0
2026-08-05 15:47:00,PLSE,,37.810001373291016,37.810001373291016,37.810001373291016,37.810001373291016,782.0
2026-08-05 15:47:00,PLTK,,3.9149999618530273,3.9200000762939453,3.9149999618530273,3.9200000762939453,2186.0
2026-08-05 15:47:00,PLUG,,2.0799999237060547,2.0799999237060547,2.069999933242798,2.075000047683716,45469.0
2026-08-05 15:47:00,PLXS,,275.1600036621094,275.1600036621094,275.1099853515625,275.1099853515625,2459.0
2026-08-05 15:47:00,PMVP,,1.1749999523162842,1.1749999523162842,1.1749999523162842,1.1749999523162842,3538.0
2026-08-05 15:47:00,PNBK,,1.149999976158142,1.149999976158142,1.149999976158142,1.149999976158142,529.0
2026-08-05 15:47:00,PNFP,,107.86250305175781,107.9000015258789,107.77999877929688,107.77999877929688,6010.0
2026-08-05 15:47:00,PNTG,,38.86000061035156,38.86000061035156,38.86000061035156,38.86000061035156,673.0
2026-08-05 15:47:00,POET,,8.154999732971191,8.170000076293945,8.149999618530273,8.154999732971191,60732.0
2026-08-05 15:47:00,POOL,,206.55999755859375,206.55999755859375,206.55999755859375,206.55999755859375,2363.0
2026-08-05 15:47:00,POWI,,62.060001373291016,62.099998474121094,62.060001373291016,62.099998474121094,734.0
2026-08-05 15:47:00,POWL,,208.02000427246094,208.92999267578125,207.77499389648438,208.74000549316406,5198.0
2026-08-05 15:47:00,PPC,,26.530000686645508,26.559999465942383,26.530000686645508,26.530000686645508,9977.0
2026-08-05 15:47:00,PPTA,,22.645000457763672,22.700000762939453,22.645000457763672,22.649999618530273,7652.0
2026-08-05 15:47:00,PRAA,,17.31999969482422,17.34000015258789,17.31999969482422,17.34000015258789,1180.0
2026-08-05 15:47:00,PRAX,,315.56500244140625,315.739990234375,315.489990234375,315.57000732421875,1215.0
2026-08-05 15:47:00,PRCH,,15.829999923706055,15.829999923706055,15.819999694824219,15.819999694824219,3153.0
2026-08-05 15:47:00,PRCT,,19.344999313354492,19.344999313354492,19.25,19.270000457763672,22154.0
2026-08-05 15:47:00,PRDO,,32.95500183105469,32.95500183105469,32.94499969482422,32.94499969482422,1209.0
2026-08-05 15:47:00,PRE,,18.219999313354492,18.219999313354492,18.200000762939453,18.219999313354492,384.0
2026-08-05 15:47:00,PRGS,,42.45000076293945,42.45000076293945,42.4010009765625,42.4010009765625,1249.0
2026-08-05 15:47:00,PRIM,,82.86000061035156,82.98999786376953,82.81500244140625,82.98999786376953,7051.0
2026-08-05 15:47:00,PRME,,3.015000104904175,3.0199999809265137,3.015000104904175,3.0199999809265137,13993.0
2026-08-05 15:47:00,PROF,,8.029999732971191,8.050000190734863,8.029999732971191,8.050000190734863,1592.0
2026-08-05 15:47:00,PROK,,1.6299999952316284,1.6299999952316284,1.6299999952316284,1.6299999952316284,502.0
2026-08-05 15:47:00,PRQR,,1.9509999752044678,1.9509999752044678,1.9509999752044678,1.9509999752044678,2211.0
2026-08-05 15:47:00,PRTA,,8.40999984741211,8.414999961853027,8.40999984741211,8.414999961853027,733.0
2026-08-05 15:47:00,PRVA,,23.954999923706055,23.959999084472656,23.954999923706055,23.959999084472656,2992.0
2026-08-05 15:47:00,PSEC,,2.184999942779541,2.184999942779541,2.180000066757202,2.184999942779541,20971.0
2026-08-05 15:47:00,PSMT,,186.77000427246094,187.0399932861328,186.72999572753906,187.0399932861328,2299.0
2026-08-05 15:47:00,PSNL,,13.479999542236328,13.479999542236328,13.460000038146973,13.470000267028809,4097.0
2026-08-05 15:47:00,PSNY,,14.470000267028809,14.470000267028809,14.404999732971191,14.404999732971191,2686.0
2026-08-05 15:47:00,PTC,,140.47000122070312,140.5500030517578,140.47000122070312,140.5500030517578,2004.0
2026-08-05 15:47:00,PTCT,,68.6050033569336,68.6050033569336,68.56999969482422,68.56999969482422,2077.0
2026-08-05 15:47:00,PTEN,,9.604999542236328,9.614999771118164,9.604999542236328,9.614999771118164,12063.0
2026-08-05 15:47:00,PTGX,,136.0500030517578,136.0500030517578,135.94000244140625,135.94000244140625,1384.0
2026-08-05 15:47:00,PTLO,,4.644999980926514,4.644999980926514,4.635000228881836,4.635000228881836,10409.0
2026-08-05 15:47:00,PTON,,6.554999828338623,6.570000171661377,6.554999828338623,6.570000171661377,91563.0
2026-08-05 15:47:00,PUBM,,13.630000114440918,13.649999618530273,13.630000114440918,13.640000343322754,4025.0
2026-08-05 15:47:00,PWP,,17.459999084472656,17.459999084472656,17.440000534057617,17.450000762939453,3160.0
2026-08-05 15:47:00,PXS,,4.75,4.75,4.75,4.75,230.0
2026-08-05 15:47:00,PYPD,,4.579999923706055,4.579999923706055,4.579999923706055,4.579999923706055,892.0
2026-08-05 15:47:00,PYPL,,58.1349983215332,58.15250015258789,58.119998931884766,58.119998931884766,22199.0
2026-08-05 15:47:00,PYXS,,3.075000047683716,3.075000047683716,3.075000047683716,3.075000047683716,886.0
2026-08-05 15:47:00,PZZA,,29.770000457763672,29.885000228881836,29.729999542236328,29.8799991607666,42352.0
2026-08-05 15:47:00,QCOM,,158.96499633789062,158.96499633789062,158.7899932861328,158.8000030517578,19196.0
2026-08-05 15:47:00,QCRH,,105.44000244140625,105.44000244140625,105.33000183105469,105.33000183105469,603.0
2026-08-05 15:47:00,QFIN,,13.175000190734863,13.175000190734863,13.175000190734863,13.175000190734863,315.0
2026-08-05 15:47:00,QQQX,,30.318899154663086,30.469900131225586,30.318899154663086,30.469900131225586,728.0
2026-08-05 15:47:00,QRVO,,95.87000274658203,95.9000015258789,95.81999969482422,95.83999633789062,4950.0
2026-08-05 15:47:00,SEED,,1.0497000217437744,1.0499999523162842,1.0497000217437744,1.0499999523162842,3250.0
2026-08-05 15:47:00,STIM,,2.3949999809265137,2.3949999809265137,2.3901000022888184,2.3949999809265137,6339.0
2026-08-05 15:47:00,TARA,,3.9800000190734863,3.984999895095825,3.9730000495910645,3.9800000190734863,7791.0
2026-08-05 15:48:00,ACDC,,4.505000114440918,4.514999866485596,4.5,4.505000114440918,31552.0
2026-08-05 15:48:00,BPOP,,177.4199981689453,177.4199981689453,177.41000366210938,177.4199981689453,824.0
2026-08-05 15:48:00,CNXN,,86.47750091552734,86.47750091552734,86.33000183105469,86.37999725341797,1018.0
2026-08-05 15:48:00,EYE,,22.979999542236328,22.989999771118164,22.979999542236328,22.989999771118164,4931.0
2026-08-05 15:48:00,FRST,,16.479999542236328,16.479999542236328,16.479999542236328,16.479999542236328,1052.0
2026-08-05 15:48:00,GLUE,,15.130000114440918,15.130000114440918,15.119999885559082,15.130000114440918,4663.0
2026-08-05 15:48:00,KIDS,,22.010000228881836,22.010000228881836,21.954999923706055,22.010000228881836,727.0
2026-08-05 15:48:00,KTTA,,0.45080000162124634,0.45080000162124634,0.45080000162124634,0.45080000162124634,116.0
2026-08-05 15:48:00,MBRX,,0.3953999876976013,0.39570000767707825,0.3953999876976013,0.39570000767707825,280.0
2026-08-05 15:48:00,MDB,,375.0799865722656,375.6499938964844,375.04998779296875,375.3599853515625,10367.0
2026-08-05 15:48:00,MDLZ,,62.76250076293945,62.775001525878906,62.724998474121094,62.73500061035156,25058.0
2026-08-05 15:48:00,MLTX,,17.47260093688965,17.47260093688965,17.459999084472656,17.459999084472656,3882.0
2026-08-05 15:48:00,MNPR,,118.0999984741211,118.0999984741211,118.0999984741211,118.0999984741211,2489.0
2026-08-05 15:48:00,MNRO,,13.119999885559082,13.119999885559082,13.109999656677246,13.119999885559082,1709.0
2026-08-05 15:48:00,MNST,,94.46499633789062,94.47000122070312,94.41999816894531,94.43000030517578,11653.0
2026-08-05 15:48:00,MNTS,,4.199999809265137,4.199999809265137,4.170000076293945,4.175000190734863,3747.0
2026-08-05 15:48:00,MODD,,2.0,2.0,1.9800000190734863,1.9800000190734863,1146.0
2026-08-05 15:48:00,MPAA,,13.760000228881836,13.760000228881836,13.760000228881836,13.760000228881836,384.0
2026-08-05 15:48:00,MPWR,,1349.699951171875,1350.010009765625,1347.7099609375,1349.010009765625,4140.0
2026-08-05 15:48:00,MRNA,,55.619998931884766,55.66999816894531,55.61000061035156,55.64500045776367,15316.0
2026-08-05 15:48:00,MVBF,,30.6299991607666,30.6299991607666,30.6299991607666,30.6299991607666,402.0
2026-08-05 15:48:00,MYGN,,3.1649999618530273,3.1700000762939453,3.1649999618530273,3.1649999618530273,9213.0
2026-08-05 15:48:00,MYRG,,335.4800109863281,335.8324890136719,335.4800109863281,335.81500244140625,1529.0
2026-08-05 15:48:00,NAMS,,27.260000228881836,27.260000228881836,27.25,27.25,2342.0
2026-08-05 15:48:00,NAUT,,0.9330000281333923,0.9330999851226807,0.9330000281333923,0.9330999851226807,3100.0
2026-08-05 15:48:00,NAVI,,9.114999771118164,9.119999885559082,9.114999771118164,9.119999885559082,1901.0
2026-08-05 15:48:00,NB,,5.039999961853027,5.045000076293945,5.039999961853027,5.045000076293945,36637.0
2026-08-05 15:48:00,NBIX,,161.83999633789062,161.89999389648438,161.77000427246094,161.88999938964844,6881.0
2026-08-05 15:48:00,NBN,,134.5800018310547,134.5800018310547,134.5800018310547,134.5800018310547,182.0
2026-08-05 15:48:00,NBTB,,53.43000030517578,53.43000030517578,53.43000030517578,53.43000030517578,303.0
2026-08-05 15:48:00,NCMI,,4.105000019073486,4.105000019073486,4.099999904632568,4.099999904632568,2533.0
2026-08-05 15:48:00,NCRA,,1.809999942779541,1.809999942779541,1.809999942779541,1.809999942779541,0.0
2026-08-05 15:48:00,NDAQ,,94.73999786376953,94.7750015258789,94.73999786376953,94.7750015258789,5023.0
2026-08-05 15:48:00,NDSN,,311.3900146484375,311.3999938964844,311.25,311.3999938964844,944.0
2026-08-05 15:48:00,NECB,,27.25,27.25,27.25,27.25,347.0
2026-08-05 15:48:00,NEO,,15.720000267028809,15.729999542236328,15.699999809265137,15.704999923706055,12242.0
2026-08-05 15:48:00,NEOG,,11.46500015258789,11.475000381469727,11.460000038146973,11.46500015258789,16366.0
2026-08-05 15:48:00,NEON,,0.910099983215332,0.910099983215332,0.910099983215332,0.910099983215332,2269.0
2026-08-05 15:48:00,NEOV,,2.8399999141693115,2.8450000286102295,2.8299999237060547,2.8420000076293945,21901.0
2026-08-05 15:48:00,NESR,,28.43000030517578,28.43000030517578,28.399999618530273,28.399999618530273,5631.0
2026-08-05 15:48:00,NEWT,,15.100000381469727,15.100000381469727,15.085000038146973,15.100000381469727,1388.0
2026-08-05 15:48:00,NEXT,,6.425000190734863,6.425000190734863,6.414999961853027,6.420000076293945,12663.0
2026-08-05 15:48:00,NFE,,0.33340001106262207,0.33340001106262207,0.3319999873638153,0.3319999873638153,4023.0
2026-08-05 15:48:00,NFLX,,73.95999908447266,73.99500274658203,73.94000244140625,73.9749984741211,159215.0
2026-08-05 15:48:00,NICE,,100.19000244140625,100.23999786376953,100.16999816894531,100.19000244140625,6241.0
2026-08-05 15:48:00,NIU,,2.440000057220459,2.440000057220459,2.440000057220459,2.440000057220459,2138.0
2026-08-05 15:48:00,NKSH,,41.310001373291016,41.34000015258789,41.310001373291016,41.34000015258789,1085.0
2026-08-05 15:48:00,NKTR,,72.05000305175781,72.12999725341797,72.0,72.08999633789062,4633.0
2026-08-05 15:48:00,NKTX,,2.194999933242798,2.194999933242798,2.190000057220459,2.190000057220459,2140.0
2026-08-05 15:48:00,NMFC,,7.389999866485596,7.389999866485596,7.389999866485596,7.389999866485596,4843.0
2026-08-05 15:48:00,NMIH,,44.900001525878906,44.95000076293945,44.89500045776367,44.95000076293945,5977.0
2026-08-05 15:48:00,NMRK,,15.744999885559082,15.774999618530273,15.744999885559082,15.774999618530273,21453.0
2026-08-05 15:48:00,NN,,14.770000457763672,14.779999732971191,14.760000228881836,14.760000228881836,9892.0
2026-08-05 15:48:00,NNBR,,3.859999895095825,3.869999885559082,3.859999895095825,3.869999885559082,12610.0
2026-08-05 15:48:00,NNDM,,1.5549999475479126,1.5549999475479126,1.5549999475479126,1.5549999475479126,1450.0
2026-08-05 15:48:00,NNOX,,1.0149999856948853,1.0149999856948853,1.0149999856948853,1.0149999856948853,327.0
2026-08-05 15:48:00,NOVT,,154.46499633789062,154.60000610351562,154.46499633789062,154.60000610351562,1255.0
2026-08-05 15:48:00,NPCE,,13.604999542236328,13.619999885559082,13.600000381469727,13.600000381469727,1664.0
2026-08-05 15:48:00,NRC,,19.549999237060547,19.549999237060547,19.549999237060547,19.549999237060547,123.0
2026-08-05 15:48:00,NRDS,,9.100000381469727,9.100000381469727,9.100000381469727,9.100000381469727,199.0
2026-08-05 15:48:00,NRIX,,24.979999542236328,24.979999542236328,24.959999084472656,24.96500015258789,3097.0
2026-08-05 15:48:00,NRSNW,,0.11869999766349792,0.11869999766349792,0.11869999766349792,0.11869999766349792,500.0
2026-08-05 15:48:00,NRXP,,3.055000066757202,3.059999942779541,3.055000066757202,3.059999942779541,1519.0
2026-08-05 15:48:00,NSSC,,40.33000183105469,40.34000015258789,40.31999969482422,40.33000183105469,3445.0
2026-08-05 15:48:00,NTAP,,187.92999267578125,188.0500030517578,187.9199981689453,188.0500030517578,11953.0
2026-08-05 15:48:00,NTCT,,41.369998931884766,41.38330078125,41.369998931884766,41.38330078125,928.0
2026-08-05 15:48:00,NTES,,127.7699966430664,127.82499694824219,127.72000122070312,127.80999755859375,3944.0
2026-08-05 15:48:00,NTGR,,24.329999923706055,24.329999923706055,24.329999923706055,24.329999923706055,1504.0
2026-08-05 15:48:00,NTNX,,61.029998779296875,61.084999084472656,61.029998779296875,61.08000183105469,9484.0
2026-08-05 15:48:00,NTRA,,273.4200134277344,273.6300048828125,273.4200134277344,273.44000244140625,2785.0
2026-08-05 15:48:00,NTRB,,2.825000047683716,2.825000047683716,2.825000047683716,2.825000047683716,40.0
2026-08-05 15:48:00,NTRS,,184.4324951171875,184.44500732421875,184.4199981689453,184.44500732421875,1844.0
2026-08-05 15:48:00,NUWE,,1.6349999904632568,1.6399999856948853,1.6299999952316284,1.6399999856948853,6357.0
2026-08-05 15:48:00,NVAX,,7.574999809265137,7.574999809265137,7.574999809265137,7.574999809265137,4097.0
2026-08-05 15:48:00,NVCR,,15.960000038146973,15.970000267028809,15.960000038146973,15.970000267028809,3593.0
2026-08-05 15:48:00,NVCT,,19.149999618530273,19.190000534057617,19.149999618530273,19.149999618530273,700.0
2026-08-05 15:48:00,NVDA,,220.13999938964844,220.2100067138672,220.0,220.09500122070312,460122.0
2026-08-05 15:48:00,NVEC,,128.4199981689453,128.4199981689453,128.3000030517578,128.3000030517578,797.0
2026-08-05 15:48:00,NVMI,,408.0975036621094,408.7799987792969,407.4549865722656,407.4549865722656,3135.0
2026-08-05 15:48:00,NVTS,,12.369999885559082,12.380000114440918,12.359999656677246,12.380000114440918,22146.0
2026-08-05 15:48:00,NWBI,,16.0,16.0,15.994999885559082,15.994999885559082,5488.0
2026-08-05 15:48:00,NWL,,6.164999961853027,6.164999961853027,6.159999847412109,6.164999961853027,22853.0
2026-08-05 15:48:00,NWPX,,125.625,125.625,125.625,125.625,273.0
2026-08-05 15:48:00,NWS,,33.08000183105469,33.09000015258789,33.060001373291016,33.06999969482422,11190.0
2026-08-05 15:48:00,NWSA,,29.09000015258789,29.110000610351562,29.06999969482422,29.09000015258789,93332.0
2026-08-05 15:48:00,NXL,,0.3450999855995178,0.3450999855995178,0.3450999855995178,0.3450999855995178,1000.0
2026-08-05 15:48:00,NXPI,,232.42999267578125,232.8300018310547,232.39999389648438,232.65499877929688,9645.0
2026-08-05 15:48:00,NXST,,190.14999389648438,190.22500610351562,189.97999572753906,189.97999572753906,1892.0
2026-08-05 15:48:00,NXT,,100.26000213623047,100.29000091552734,100.04000091552734,100.05000305175781,10286.0
2026-08-05 15:48:00,NYXH,,1.4049999713897705,1.4049999713897705,1.4049999713897705,1.4049999713897705,1194.0
2026-08-05 15:48:00,OABI,,2.055000066757202,2.055000066757202,2.055000066757202,2.055000066757202,327.0
2026-08-05 15:48:00,OBIO,,4.239999771118164,4.239999771118164,4.239999771118164,4.239999771118164,488.0
2026-08-05 15:48:00,OCC,,15.59000015258789,15.59000015258789,15.59000015258789,15.59000015258789,389.0
2026-08-05 15:48:00,OCCI,,2.4899001121520996,2.4899001121520996,2.4899001121520996,2.4899001121520996,457.0
2026-08-05 15:48:00,OCFC,,19.895000457763672,19.895000457763672,19.895000457763672,19.895000457763672,1294.0
2026-08-05 15:48:00,OCGN,,1.2799999713897705,1.2799999713897705,1.2699999809265137,1.2799999713897705,7392.0
2026-08-05 15:48:00,OCS,,11.96500015258789,11.96500015258789,11.96500015258789,11.96500015258789,853.0
2026-08-05 15:48:00,OCSL,,12.055000305175781,12.0649995803833,12.055000305175781,12.0649995803833,2307.0
2026-08-05 15:48:00,ODD,,15.239999771118164,15.265000343322754,15.239999771118164,15.265000343322754,1110.0
2026-08-05 15:48:00,ODFL,,215.2899932861328,215.2899932861328,215.12249755859375,215.16000366210938,2574.0
2026-08-05 15:48:00,OFIX,,10.625,10.625,10.625,10.625,587.0
2026-08-05 15:48:00,OFLX,,30.469999313354492,30.469999313354492,30.469999313354492,30.469999313354492,763.0
2026-08-05 15:48:00,OKTA,,147.09500122070312,147.25,147.0323944091797,147.25,3569.0
2026-08-05 15:48:00,OLLI,,78.94499969482422,78.94499969482422,78.8499984741211,78.8499984741211,6202.0
2026-08-05 15:48:00,OMER,,12.59000015258789,12.59000015258789,12.59000015258789,12.59000015258789,881.0
2026-08-05 15:48:00,OMEX,,0.7451000213623047,0.7484999895095825,0.7444999814033508,0.7444999814033508,5392.0
2026-08-05 15:48:00,OMH,,0.11699999868869781,0.11729999631643295,0.11699999868869781,0.11729999631643295,2543.0
2026-08-05 15:48:00,ON,,77.80999755859375,77.87999725341797,77.7750015258789,77.8499984741211,44484.0
2026-08-05 15:48:00,ONB,,27.045000076293945,27.05500030517578,27.045000076293945,27.049999237060547,3697.0
2026-08-05 15:48:00,ONCY,,0.7908999919891357,0.7908999919891357,0.7907999753952026,0.7907999753952026,937.0
2026-08-05 15:48:00,ONDS,,8.810099601745605,8.819999694824219,8.8100004196167,8.814499855041504,149070.0
2026-08-05 15:48:00,ONFO,,0.0737999975681305,0.07440000027418137,0.0737999975681305,0.07429999858140945,110668.0
2026-08-05 15:48:00,ONMD,,0.6410999894142151,0.6438999772071838,0.6406000256538391,0.6438999772071838,2488.0
2026-08-05 15:48:00,OPAL,,2.375,2.375,2.375,2.375,159.0
2026-08-05 15:48:00,OPCH,,23.670000076293945,23.670000076293945,23.6299991607666,23.6299991607666,18631.0
2026-08-05 15:48:00,OPEN,,3.734999895095825,3.755000114440918,3.7304999828338623,3.744999885559082,394219.0
2026-08-05 15:48:00,OPHC,,8.75,8.779999732971191,8.725000381469727,8.725000381469727,1603.0
2026-08-05 15:48:00,OPK,,1.350000023841858,1.350000023841858,1.340000033378601,1.3450000286102295,26428.0
2026-08-05 15:48:00,OPRT,,6.0100998878479,6.03000020980835,6.0100998878479,6.019999980926514,1052.0
2026-08-05 15:48:00,OPRX,,6.989999771118164,6.989999771118164,6.989999771118164,6.989999771118164,400.0
2026-08-05 15:48:00,ORIC,,12.770000457763672,12.8100004196167,12.75,12.800000190734863,15674.0
2026-08-05 15:48:00,ORLY,,93.48999786376953,93.51000213623047,93.48500061035156,93.48500061035156,11036.0
2026-08-05 15:48:00,ORRF,,43.310001373291016,43.310001373291016,43.310001373291016,43.310001373291016,328.0
2026-08-05 15:48:00,OSBC,,25.885000228881836,25.885000228881836,25.885000228881836,25.885000228881836,315.0
2026-08-05 15:48:00,OSIS,,236.0500030517578,236.0500030517578,236.0500030517578,236.0500030517578,222.0
2026-08-05 15:48:00,OSPN,,16.329999923706055,16.34000015258789,16.31999969482422,16.31999969482422,1676.0
2026-08-05 15:48:00,OSS,,13.28499984741211,13.300000190734863,13.239999771118164,13.244999885559082,9503.0
2026-08-05 15:48:00,OSW,,26.514999389648438,26.514999389648438,26.514999389648438,26.514999389648438,119.0
2026-08-05 15:48:00,OTEX,,25.7549991607666,25.780000686645508,25.7549991607666,25.774999618530273,9040.0
2026-08-05 15:48:00,OTLK,,1.024999976158142,1.0299999713897705,1.0199999809265137,1.024999976158142,44891.0
2026-08-05 15:48:00,OTLY,,14.520000457763672,14.520000457763672,14.520000457763672,14.520000457763672,471.0
2026-08-05 15:48:00,OTTR,,92.35250091552734,92.3550033569336,92.2300033569336,92.3550033569336,639.0
2026-08-05 15:48:00,OXLC,,9.135000228881836,9.135000228881836,9.135000228881836,9.135000228881836,607.0
2026-08-05 15:48:00,OXSQ,,1.5049999952316284,1.5049999952316284,1.5049999952316284,1.5049999952316284,3012.0
2026-08-05 15:48:00,PAA,,23.2450008392334,23.2549991607666,23.240100860595703,23.2450008392334,15474.0
2026-08-05 15:48:00,PAAS,,48.17499923706055,48.209999084472656,48.16999816894531,48.209999084472656,17249.0
2026-08-05 15:48:00,PACB,,1.309000015258789,1.309000015258789,1.3000999689102173,1.3000999689102173,5170.0
2026-08-05 15:48:00,PAGP,,25.204999923706055,25.225000381469727,25.204999923706055,25.209999084472656,10956.0
2026-08-05 15:48:00,PALI,,2.115000009536743,2.115000009536743,2.1050000190734863,2.1089999675750732,26200.0
2026-08-05 15:48:00,PANL,,7.300000190734863,7.300000190734863,7.300000190734863,7.300000190734863,287.0
2026-08-05 15:48:00,PANW,,363.5350036621094,363.6600036621094,363.4049987792969,363.489990234375,12408.0
2026-08-05 15:48:00,PATK,,87.81999969482422,87.94000244140625,87.81999969482422,87.94000244140625,1432.0
2026-08-05 15:48:00,PAX,,11.350000381469727,11.350000381469727,11.350000381469727,11.350000381469727,2976.0
2026-08-05 15:48:00,PAYO,,7.119999885559082,7.125,7.119999885559082,7.119999885559082,3435.0
2026-08-05 15:48:00,PAYS,,9.199999809265137,9.210000038146973,9.1899995803833,9.1899995803833,2189.0
2026-08-05 15:48:00,PAYX,,118.29000091552734,118.29000091552734,118.29000091552734,118.29000091552734,11102.0
2026-08-05 15:48:00,PCAR,,133.66000366210938,133.7100067138672,133.63999938964844,133.7100067138672,9673.0
2026-08-05 15:48:00,PCB,,28.020000457763672,28.09000015258789,28.020000457763672,28.09000015258789,1241.0
2026-08-05 15:48:00,PCRX,,24.959999084472656,25.040000915527344,24.93000030517578,25.040000915527344,26797.0
2026-08-05 15:48:00,PCT,,6.864999771118164,6.880000114440918,6.864999771118164,6.875,7683.0
2026-08-05 15:48:00,PCTY,,147.77999877929688,147.90499877929688,147.77999877929688,147.8800048828125,1610.0
2026-08-05 15:48:00,PDD,,90.7249984741211,90.77999877929688,90.72000122070312,90.7699966430664,9645.0
2026-08-05 15:48:00,PDFS,,49.7599983215332,49.7599983215332,49.7599983215332,49.7599983215332,433.0
2026-08-05 15:48:00,PECO,,41.47999954223633,41.47999954223633,41.46500015258789,41.470001220703125,3292.0
2026-08-05 15:48:00,PEGA,,31.940000534057617,31.950000762939453,31.940000534057617,31.94499969482422,8657.0
2026-08-05 15:48:00,PENN,,19.540000915527344,19.549999237060547,19.540000915527344,19.540000915527344,12195.0
2026-08-05 15:48:00,PEP,,138.99000549316406,139.00999450683594,138.94009399414062,138.96499633789062,8536.0
2026-08-05 15:48:00,PEPG,,1.9500000476837158,1.9550000429153442,1.9500000476837158,1.9500000476837158,1158.0
2026-08-05 15:48:00,PERI,,9.619999885559082,9.619999885559082,9.619999885559082,9.619999885559082,431.0
2026-08-05 15:48:00,PETS,,1.9701000452041626,1.975000023841858,1.9700000286102295,1.975000023841858,7938.0
2026-08-05 15:48:00,PFG,,114.70999908447266,114.70999908447266,114.6500015258789,114.66999816894531,3320.0
2026-08-05 15:48:00,PGC,,46.630001068115234,46.630001068115234,46.630001068115234,46.630001068115234,317.0
2026-08-05 15:48:00,PGEN,,6.960000038146973,6.974999904632568,6.960000038146973,6.974999904632568,35500.0
2026-08-05 15:48:00,PGNY,,31.364999771118164,31.364999771118164,31.364999771118164,31.364999771118164,928.0
2026-08-05 15:48:00,PGY,,21.790000915527344,21.81999969482422,21.78499984741211,21.809999465942383,7384.0
2026-08-05 15:48:00,PHAT,,8.229999542236328,8.229999542236328,8.210000038146973,8.225000381469727,24000.0
2026-08-05 15:48:00,PHVS,,33.474998474121094,33.5,33.400001525878906,33.5,3911.0
2026-08-05 15:48:00,PLAB,,32.13999938964844,32.13999938964844,32.099998474121094,32.099998474121094,2250.0
2026-08-05 15:48:00,PLBC,,61.369998931884766,61.369998931884766,61.369998931884766,61.369998931884766,752.0
2026-08-05 15:48:00,PLBY,,1.149999976158142,1.149999976158142,1.149999976158142,1.149999976158142,203.0
2026-08-05 15:48:00,PLMR,,135.41000366210938,135.6999969482422,135.39999389648438,135.6999969482422,2651.0
2026-08-05 15:48:00,PLPC,,475.69000244140625,475.69000244140625,474.7969055175781,475.0899963378906,370.0
2026-08-05 15:48:00,PLTK,,3.9149999618530273,3.9149999618530273,3.9149999618530273,3.9149999618530273,2487.0
2026-08-05 15:48:00,PLUG,,2.0799999237060547,2.0799999237060547,2.069999933242798,2.069999933242798,29328.0
2026-08-05 15:48:00,PNFP,,107.80999755859375,107.86499786376953,107.80999755859375,107.86499786376953,6563.0
2026-08-05 15:48:00,PNTG,,38.91999816894531,39.0099983215332,38.81999969482422,38.81999969482422,3259.0
2026-08-05 15:48:00,POET,,8.135000228881836,8.154999732971191,8.130000114440918,8.154999732971191,24001.0
2026-08-05 15:48:00,POOL,,206.57000732421875,206.57000732421875,206.52999877929688,206.52999877929688,1136.0
2026-08-05 15:48:00,POWI,,62.16999816894531,62.16999816894531,62.099998474121094,62.099998474121094,2222.0
2026-08-05 15:48:00,POWL,,209.08999633789062,209.11000061035156,207.91000366210938,207.91000366210938,8235.0
2026-08-05 15:48:00,PPC,,26.475000381469727,26.530000686645508,26.475000381469727,26.530000686645508,5777.0
2026-08-05 15:48:00,PPTA,,22.65999984741211,22.670000076293945,22.63010025024414,22.649999618530273,7548.0
2026-08-05 15:48:00,PRAA,,17.309999465942383,17.309999465942383,17.309999465942383,17.309999465942383,636.0
2026-08-05 15:48:00,PRAX,,315.760009765625,315.8900146484375,315.3349914550781,315.44000244140625,3097.0
2026-08-05 15:48:00,PRCH,,15.829999923706055,15.829999923706055,15.829999923706055,15.829999923706055,2121.0
2026-08-05 15:48:00,PRCT,,19.309999465942383,19.344999313354492,19.280000686645508,19.344999313354492,26373.0
2026-08-05 15:48:00,PRDO,,32.95000076293945,32.95000076293945,32.95000076293945,32.95000076293945,903.0
2026-08-05 15:48:00,PRGS,,42.494998931884766,42.494998931884766,42.494998931884766,42.494998931884766,959.0
2026-08-05 15:48:00,PRIM,,82.93000030517578,83.05999755859375,82.80000305175781,82.83999633789062,16724.0
2026-08-05 15:48:00,PRLD,,4.488999843597412,4.488999843597412,4.488999843597412,4.488999843597412,581.0
2026-08-05 15:48:00,PRME,,3.0199999809265137,3.0199999809265137,3.0199999809265137,3.0199999809265137,2261.0
2026-08-05 15:48:00,PROK,,1.6349999904632568,1.6349999904632568,1.625,1.6299999952316284,6465.0
2026-08-05 15:48:00,PRQR,,1.9550000429153442,1.9550000429153442,1.9550000429153442,1.9550000429153442,2910.0
2026-08-05 15:48:00,PRTA,,8.404999732971191,8.409000396728516,8.404999732971191,8.409000396728516,617.0
2026-08-05 15:48:00,PRVA,,23.969999313354492,23.969999313354492,23.940000534057617,23.940000534057617,6079.0
2026-08-05 15:48:00,PRZO,,0.5634999871253967,0.5641000270843506,0.5634999871253967,0.5641000270843506,5993.0
2026-08-05 15:48:00,PSEC,,2.184999942779541,2.190000057220459,2.180000066757202,2.184999942779541,12757.0
2026-08-05 15:48:00,PSMT,,186.50999450683594,186.50999450683594,186.50999450683594,186.50999450683594,347.0
2026-08-05 15:48:00,PSNL,,13.489999771118164,13.5,13.489999771118164,13.489999771118164,4272.0
2026-08-05 15:48:00,PSNY,,14.494999885559082,14.494999885559082,14.494999885559082,14.494999885559082,255.0
2026-08-05 15:48:00,PTC,,140.25,140.5749969482422,140.18499755859375,140.56500244140625,8663.0
2026-08-05 15:48:00,PTCT,,68.57499694824219,68.5999984741211,68.56500244140625,68.5999984741211,3161.0
2026-08-05 15:48:00,PTEN,,9.595000267028809,9.609999656677246,9.595000267028809,9.600000381469727,33205.0
2026-08-05 15:48:00,PTLO,,4.639999866485596,4.650000095367432,4.639999866485596,4.644999980926514,6000.0
2026-08-05 15:48:00,PTON,,6.539999961853027,6.554999828338623,6.539999961853027,6.554999828338623,38308.0
2026-08-05 15:48:00,PUBM,,13.609999656677246,13.619999885559082,13.609999656677246,13.619999885559082,3083.0
2026-08-05 15:48:00,PWP,,17.5,17.5,17.440000534057617,17.459999084472656,5947.0
2026-08-05 15:48:00,PYPD,,4.599999904632568,4.599999904632568,4.599999904632568,4.599999904632568,172.0
2026-08-05 15:48:00,PYPL,,58.05500030517578,58.130001068115234,58.05500030517578,58.130001068115234,22309.0
2026-08-05 15:48:00,PYXS,,3.075000047683716,3.077699899673462,3.069999933242798,3.077699899673462,4464.0
2026-08-05 15:48:00,PZZA,,29.760000228881836,29.799999237060547,29.739999771118164,29.774999618530273,12386.0
2026-08-05 15:48:00,QCOM,,158.98500061035156,159.0399932861328,158.8800048828125,159.0,17983.0
2026-08-05 15:48:00,QFIN,,13.170000076293945,13.180000305175781,13.170000076293945,13.180000305175781,3227.0
2026-08-05 15:48:00,QQQX,,30.219999313354492,30.22010040283203,30.219999313354492,30.22010040283203,405.0
2026-08-05 15:48:00,QRVO,,95.91000366210938,95.93000030517578,95.87000274658203,95.9000015258789,10072.0
2026-08-05 15:48:00,SEED,,1.0499999523162842,1.0499999523162842,1.0499999523162842,1.0499999523162842,3256.0
2026-08-05 15:48:00,STIM,,2.375,2.394200086593628,2.369999885559082,2.394200086593628,15384.0
2026-08-05 15:49:00,ACDC,,4.505000114440918,4.514999866485596,4.505000114440918,4.510000228881836,20258.0
2026-08-05 15:49:00,CASH,,89.7750015258789,89.7750015258789,89.7750015258789,89.7750015258789,668.0
2026-08-05 15:49:00,CNXN,,86.48500061035156,86.48500061035156,86.48500061035156,86.48500061035156,703.0
2026-08-05 15:49:00,CPOP,,0.34040001034736633,0.34040001034736633,0.3393000066280365,0.3393000066280365,1702.0
2026-08-05 15:49:00,EYE,,23.0,23.0,22.979999542236328,22.979999542236328,2248.0
2026-08-05 15:49:00,GLUE,,15.25,15.25,15.085000038146973,15.130000114440918,36484.0
2026-08-05 15:49:00,KIDS,,22.05500030517578,22.139999389648438,22.0,22.020000457763672,9295.0
2026-08-05 15:49:00,KTTA,,0.4510999917984009,0.4510999917984009,0.4510999917984009,0.4510999917984009,1468.0
2026-08-05 15:49:00,LUNG,,1.9850000143051147,1.9950000047683716,1.9850000143051147,1.9950000047683716,10154.0
2026-08-05 15:49:00,MBRX,,0.3953999876976013,0.3953999876976013,0.3953999876976013,0.3953999876976013,3301.0
2026-08-05 15:49:00,MCRI,,122.36849975585938,122.36849975585938,122.36849975585938,122.36849975585938,1093.0
2026-08-05 15:49:00,MDB,,375.1300048828125,375.3399963378906,374.95001220703125,375.0400085449219,14077.0
2026-08-05 15:49:00,MDLZ,,62.7400016784668,62.76499938964844,62.71500015258789,62.75,24017.0
2026-08-05 15:49:00,MLTX,,17.454999923706055,17.454999923706055,17.454999923706055,17.454999923706055,575.0
2026-08-05 15:49:00,MNRO,,13.104999542236328,13.119999885559082,13.104999542236328,13.119999885559082,3264.0
2026-08-05 15:49:00,MNST,,94.46499633789062,94.47000122070312,94.43499755859375,94.46499633789062,10829.0
2026-08-05 15:49:00,MNTS,,4.190000057220459,4.20989990234375,4.170000076293945,4.179999828338623,15428.0
2026-08-05 15:49:00,MOVE,,12.109999656677246,12.109999656677246,12.055000305175781,12.109999656677246,1298.0
2026-08-05 15:49:00,MPWR,,1349.4200439453125,1350.614990234375,1349.0062255859375,1350.3900146484375,2039.0
2026-08-05 15:49:00,MRNA,,55.744998931884766,55.775001525878906,55.58000183105469,55.599998474121094,28264.0
2026-08-05 15:49:00,MSGM,,4.449999809265137,4.449999809265137,4.449999809265137,4.449999809265137,785.0
2026-08-05 15:49:00,MYGN,,3.1649999618530273,3.1700000762939453,3.1649999618530273,3.1649999618530273,14388.0
2026-08-05 15:49:00,MYRG,,335.30999755859375,335.7250061035156,335.30999755859375,335.3500061035156,1434.0
2026-08-05 15:49:00,NAMS,,27.290000915527344,27.290000915527344,27.290000915527344,27.290000915527344,1234.0
2026-08-05 15:49:00,NAUT,,0.9330000281333923,0.9330000281333923,0.9330000281333923,0.9330000281333923,1005.0
2026-08-05 15:49:00,NAVI,,9.119999885559082,9.119999885559082,9.114999771118164,9.114999771118164,4026.0
2026-08-05 15:49:00,NB,,5.019999980926514,5.034999847412109,5.019999980926514,5.034999847412109,9741.0
2026-08-05 15:49:00,NBIX,,161.89999389648438,161.9199981689453,161.84500122070312,161.84500122070312,3794.0
2026-08-05 15:49:00,NBN,,134.58999633789062,134.58999633789062,134.58999633789062,134.58999633789062,268.0
2026-08-05 15:49:00,NBTB,,53.415000915527344,53.415000915527344,53.415000915527344,53.415000915527344,1462.0
2026-08-05 15:49:00,NCMI,,4.099999904632568,4.099999904632568,4.099999904632568,4.099999904632568,242.0
2026-08-05 15:49:00,NCRA,,1.8200000524520874,1.8200000524520874,1.8200000524520874,1.8200000524520874,300.0
2026-08-05 15:49:00,NDAQ,,94.72000122070312,94.75,94.66000366210938,94.7249984741211,5525.0
2026-08-05 15:49:00,NDLS,,18.18000030517578,18.18000030517578,18.1299991607666,18.1299991607666,943.0
2026-08-05 15:49:00,NDSN,,311.57501220703125,311.6499938964844,311.375,311.375,1095.0
2026-08-05 15:49:00,NEO,,15.71500015258789,15.71500015258789,15.699999809265137,15.710000038146973,5798.0
2026-08-05 15:49:00,NEOG,,11.46500015258789,11.484999656677246,11.46500015258789,11.46500015258789,26659.0
2026-08-05 15:49:00,NEOV,,2.8473000526428223,2.8473000526428223,2.8473000526428223,2.8473000526428223,403.0
2026-08-05 15:49:00,NESR,,28.420000076293945,28.420000076293945,28.40999984741211,28.420000076293945,4196.0
2026-08-05 15:49:00,NEWT,,15.100000381469727,15.100000381469727,15.100000381469727,15.100000381469727,1198.0
2026-08-05 15:49:00,NEXT,,6.420100212097168,6.429999828338623,6.420100212097168,6.425000190734863,3119.0
2026-08-05 15:49:00,NFLX,,73.97000122070312,73.98999786376953,73.94999694824219,73.96499633789062,99538.0
2026-08-05 15:49:00,NGNE,,35.665000915527344,35.665000915527344,35.665000915527344,35.665000915527344,1323.0
2026-08-05 15:49:00,NHIC,,10.670000076293945,10.670000076293945,10.670000076293945,10.670000076293945,421.0
2026-08-05 15:49:00,NICE,,100.0,100.08000183105469,99.98999786376953,100.08000183105469,11769.0
2026-08-05 15:49:00,NIU,,2.430000066757202,2.430000066757202,2.430000066757202,2.430000066757202,234.0
2026-08-05 15:49:00,NKTR,,72.125,72.19000244140625,72.05000305175781,72.05000305175781,1462.0
2026-08-05 15:49:00,NKTX,,2.184999942779541,2.200000047683716,2.180000066757202,2.200000047683716,6846.0
2026-08-05 15:49:00,NMFC,,7.385000228881836,7.385000228881836,7.380000114440918,7.380000114440918,1568.0
2026-08-05 15:49:00,NMIH,,44.95000076293945,44.95000076293945,44.90999984741211,44.90999984741211,2738.0
2026-08-05 15:49:00,NMRA,,1.6100000143051147,1.6100000143051147,1.6050000190734863,1.6050000190734863,1132.0
2026-08-05 15:49:00,NMRK,,15.760000228881836,15.760000228881836,15.744999885559082,15.744999885559082,7791.0
2026-08-05 15:49:00,NN,,14.779999732971191,14.779999732971191,14.770000457763672,14.779899597167969,3124.0
2026-08-05 15:49:00,NNBR,,3.8598999977111816,3.865000009536743,3.8550000190734863,3.865000009536743,3561.0
2026-08-05 15:49:00,NNDM,,1.5549999475479126,1.559999942779541,1.5515999794006348,1.5549999475479126,2289.0
2026-08-05 15:49:00,NNOX,,1.0149999856948853,1.0149999856948853,1.0149999856948853,1.0149999856948853,330.0
2026-08-05 15:49:00,NOVT,,154.6199951171875,154.86000061035156,154.61500549316406,154.61500549316406,2284.0
2026-08-05 15:49:00,NPCE,,13.574999809265137,13.579999923706055,13.574999809265137,13.579999923706055,386.0
2026-08-05 15:49:00,NRDS,,9.095000267028809,9.104999542236328,9.09000015258789,9.104999542236328,7196.0
2026-08-05 15:49:00,NRIM,,27.020000457763672,27.020000457763672,27.010000228881836,27.010000228881836,645.0
2026-08-05 15:49:00,NRIX,,24.96500015258789,24.989999771118164,24.96500015258789,24.96500015258789,2154.0
2026-08-05 15:49:00,NRXP,,3.0599000453948975,3.0599000453948975,3.055000066757202,3.055000066757202,939.0
2026-08-05 15:49:00,NTAP,,187.6199951171875,188.0,187.6199951171875,187.6199951171875,10263.0
2026-08-05 15:49:00,NTNX,,61.029998779296875,61.029998779296875,61.01499938964844,61.01499938964844,9040.0
2026-08-05 15:49:00,NTRA,,273.2850036621094,273.6499938964844,272.8599853515625,273.2799987792969,5964.0
2026-08-05 15:49:00,NTRS,,184.5800018310547,184.60000610351562,184.44500732421875,184.44500732421875,4832.0
2026-08-05 15:49:00,NUWE,,1.6399999856948853,1.6399999856948853,1.6349999904632568,1.6349999904632568,3209.0
2026-08-05 15:49:00,NVAX,,7.590000152587891,7.590000152587891,7.574999809265137,7.578800201416016,10350.0
2026-08-05 15:49:00,NVCR,,15.9399995803833,15.949999809265137,15.9399995803833,15.949999809265137,2628.0
2026-08-05 15:49:00,NVCT,,19.229999542236328,19.229999542236328,19.149999618530273,19.149999618530273,1499.0
2026-08-05 15:49:00,NVDA,,220.17999267578125,220.1999969482422,219.91000366210938,220.125,329965.0
2026-08-05 15:49:00,NVEC,,128.22000122070312,128.22000122070312,127.83999633789062,127.83999633789062,827.0
2026-08-05 15:49:00,NVMI,,407.25,408.6400146484375,407.25,408.30499267578125,3586.0
2026-08-05 15:49:00,NVNIW,,0.033900000154972076,0.033900000154972076,0.033900000154972076,0.033900000154972076,0.0
2026-08-05 15:49:00,NVTS,,12.380499839782715,12.385000228881836,12.364999771118164,12.375,19171.0
2026-08-05 15:49:00,NWBI,,16.0049991607666,16.0049991607666,16.0,16.0,3855.0
2026-08-05 15:49:00,NWL,,6.164999961853027,6.164999961853027,6.159999847412109,6.164999961853027,8317.0
2026-08-05 15:49:00,NWPX,,125.7300033569336,125.86000061035156,125.625,125.79000091552734,2179.0
2026-08-05 15:49:00,NWS,,33.029998779296875,33.084999084472656,33.025001525878906,33.084999084472656,19107.0
2026-08-05 15:49:00,NWSA,,29.059999465942383,29.110000610351562,29.05500030517578,29.09000015258789,51862.0
2026-08-05 15:49:00,NXL,,0.3400000035762787,0.3400000035762787,0.3400000035762787,0.3400000035762787,105.0
2026-08-05 15:49:00,NXPI,,232.56500244140625,232.7100067138672,232.39999389648438,232.50999450683594,4460.0
2026-08-05 15:49:00,NXST,,189.94000244140625,190.14999389648438,189.94000244140625,190.14999389648438,864.0
2026-08-05 15:49:00,NXT,,100.33000183105469,100.4000015258789,100.20999908447266,100.27999877929688,15572.0
2026-08-05 15:49:00,NXTC,,5.224999904632568,5.225100040435791,5.224999904632568,5.225100040435791,455.0
2026-08-05 15:49:00,OABI,,2.049999952316284,2.055000066757202,2.049999952316284,2.049999952316284,1140.0
2026-08-05 15:49:00,OBIO,,4.239999771118164,4.239999771118164,4.230000019073486,4.239999771118164,719.0
2026-08-05 15:49:00,OCC,,15.579999923706055,15.579999923706055,15.579999923706055,15.579999923706055,237.0
2026-08-05 15:49:00,OCCI,,2.490000009536743,2.490000009536743,2.4876999855041504,2.4876999855041504,600.0
2026-08-05 15:49:00,OCFC,,19.895000457763672,19.895000457763672,19.895000457763672,19.895000457763672,1445.0
2026-08-05 15:49:00,OCGN,,1.2799999713897705,1.2799999713897705,1.274999976158142,1.2799999713897705,5951.0
2026-08-05 15:49:00,OCS,,11.984999656677246,11.984999656677246,11.984999656677246,11.984999656677246,176.0
2026-08-05 15:49:00,OCSL,,12.039999961853027,12.055000305175781,12.039999961853027,12.055000305175781,2314.0
2026-08-05 15:49:00,OCUL,,8.484999656677246,8.484999656677246,8.484999656677246,8.484999656677246,1577.0
2026-08-05 15:49:00,ODFL,,215.1750030517578,215.2899932861328,215.1750030517578,215.2899932861328,2910.0
2026-08-05 15:49:00,OESX,,15.350000381469727,15.350000381469727,15.350000381469727,15.350000381469727,588.0
2026-08-05 15:49:00,OFIX,,10.649999618530273,10.649999618530273,10.625,10.625,3625.0
2026-08-05 15:49:00,OFLX,,30.5,30.5,30.5,30.5,1231.0
2026-08-05 15:49:00,OKTA,,147.15499877929688,147.1699981689453,147.0207977294922,147.09500122070312,8870.0
2026-08-05 15:49:00,OLB,,0.3000999987125397,0.3000999987125397,0.3000999987125397,0.3000999987125397,209.0
2026-08-05 15:49:00,OLLI,,78.83999633789062,78.94499969482422,78.83999633789062,78.94499969482422,6284.0
2026-08-05 15:49:00,OLMA,,11.43280029296875,11.4399995803833,11.43280029296875,11.4399995803833,2300.0
2026-08-05 15:49:00,OM,,5.070000171661377,5.079999923706055,5.070000171661377,5.079999923706055,1124.0
2026-08-05 15:49:00,OMCL,,37.298500061035156,37.298500061035156,37.298500061035156,37.298500061035156,827.0
2026-08-05 15:49:00,OMER,,12.59000015258789,12.609999656677246,12.5600004196167,12.59000015258789,10309.0
2026-08-05 15:49:00,OMH,,0.11699999868869781,0.11699999868869781,0.1168999969959259,0.1168999969959259,301.0
2026-08-05 15:49:00,ON,,77.7300033569336,77.8499984741211,77.70999908447266,77.81999969482422,37769.0
2026-08-05 15:49:00,ONB,,27.065000534057617,27.065000534057617,27.040000915527344,27.040000915527344,12022.0
2026-08-05 15:49:00,ONCY,,0.7935000061988831,0.7935000061988831,0.7935000061988831,0.7935000061988831,220.0
2026-08-05 15:49:00,ONDS,,8.8100004196167,8.8149995803833,8.800000190734863,8.810099601745605,138340.0
2026-08-05 15:49:00,ONFO,,0.0737999975681305,0.0738999992609024,0.0731000006198883,0.0738999992609024,60912.0
2026-08-05 15:49:00,ONMD,,0.6488000154495239,0.6488000154495239,0.6406000256538391,0.6406000256538391,1452.0
2026-08-05 15:49:00,OPAL,,2.375,2.375,2.375,2.375,502.0
2026-08-05 15:49:00,OPBK,,15.760000228881836,15.760000228881836,15.760000228881836,15.760000228881836,682.0
2026-08-05 15:49:00,OPCH,,23.684999465942383,23.690000534057617,23.670000076293945,23.670000076293945,46255.0
2026-08-05 15:49:00,OPEN,,3.7300000190734863,3.740000009536743,3.7300000190734863,3.7399001121520996,32019.0
2026-08-05 15:49:00,OPHC,,8.779999732971191,8.800000190734863,8.779999732971191,8.779999732971191,873.0
2026-08-05 15:49:00,OPK,,1.3401000499725342,1.3413000106811523,1.340000033378601,1.340000033378601,3743.0
2026-08-05 15:49:00,OPRX,,7.0,7.0,7.0,7.0,513.0
2026-08-05 15:49:00,ORGO,,2.3499999046325684,2.3499999046325684,2.3399999141693115,2.3399999141693115,1814.0
2026-08-05 15:49:00,ORIC,,12.880000114440918,12.880000114440918,12.770000457763672,12.770000457763672,11712.0
2026-08-05 15:49:00,ORLY,,93.5199966430664,93.54000091552734,93.47000122070312,93.48999786376953,14336.0
2026-08-05 15:49:00,ORRF,,43.33000183105469,43.33000183105469,43.27000045776367,43.27000045776367,1580.0
2026-08-05 15:49:00,OSBC,,25.899999618530273,25.899999618530273,25.8799991607666,25.8799991607666,2248.0
2026-08-05 15:49:00,OSIS,,236.1300048828125,236.1300048828125,236.1300048828125,236.1300048828125,173.0
2026-08-05 15:49:00,OSPN,,16.360000610351562,16.389999389648438,16.329999923706055,16.329999923706055,5000.0
2026-08-05 15:49:00,OSS,,13.359999656677246,13.359999656677246,13.260000228881836,13.270000457763672,10668.0
2026-08-05 15:49:00,OSW,,26.514999389648438,26.514999389648438,26.514999389648438,26.514999389648438,2474.0
2026-08-05 15:49:00,OTEX,,25.770000457763672,25.774999618530273,25.7549991607666,25.7549991607666,6670.0
2026-08-05 15:49:00,OTLK,,1.0277999639511108,1.0299999713897705,1.0199999809265137,1.024999976158142,34327.0
2026-08-05 15:49:00,OTTR,,92.34500122070312,92.34500122070312,92.23999786376953,92.23999786376953,1896.0
2026-08-05 15:49:00,OVID,,2.5850000381469727,2.5850000381469727,2.5799999237060547,2.5799999237060547,8187.0
2026-08-05 15:49:00,OXLC,,9.140000343322754,9.140000343322754,9.140000343322754,9.140000343322754,1276.0
2026-08-05 15:49:00,PAA,,23.25,23.25,23.240999221801758,23.2450008392334,13758.0
2026-08-05 15:49:00,PAAS,,48.20000076293945,48.220001220703125,48.18000030517578,48.18000030517578,11500.0
2026-08-05 15:49:00,PACB,,1.3049999475479126,1.309999942779541,1.3049999475479126,1.3049999475479126,19392.0
2026-08-05 15:49:00,PAGP,,25.209999084472656,25.21500015258789,25.201000213623047,25.21500015258789,14169.0
2026-08-05 15:49:00,PAHC,,35.599998474121094,35.599998474121094,35.599998474121094,35.599998474121094,292.0
2026-08-05 15:49:00,PALI,,2.130000114440918,2.130000114440918,2.115000009536743,2.115000009536743,18314.0
2026-08-05 15:49:00,PANL,,7.295000076293945,7.295000076293945,7.295000076293945,7.295000076293945,823.0
2026-08-05 15:49:00,PANW,,363.7099914550781,363.94989013671875,363.4200134277344,363.5350036621094,15823.0
2026-08-05 15:49:00,PATK,,87.8550033569336,87.8550033569336,87.8550033569336,87.8550033569336,444.0
2026-08-05 15:49:00,PAX,,11.345000267028809,11.345000267028809,11.345000267028809,11.345000267028809,2653.0
2026-08-05 15:49:00,PAYO,,7.125,7.125,7.119999885559082,7.125,3027.0
2026-08-05 15:49:00,PAYS,,9.210000038146973,9.220000267028809,9.210000038146973,9.220000267028809,3087.0
2026-08-05 15:49:00,PAYX,,118.23999786376953,118.27999877929688,118.23999786376953,118.26000213623047,10527.0
2026-08-05 15:49:00,PCAR,,133.77000427246094,133.7899932861328,133.60000610351562,133.6199951171875,13745.0
2026-08-05 15:49:00,PCRX,,24.889999389648438,24.96500015258789,24.889999389648438,24.96500015258789,10939.0
2026-08-05 15:49:00,PCT,,6.864999771118164,6.864999771118164,6.860000133514404,6.864999771118164,6888.0
2026-08-05 15:49:00,PCTY,,147.6699981689453,147.77999877929688,147.60000610351562,147.77999877929688,3640.0
2026-08-05 15:49:00,PDD,,90.73999786376953,90.74500274658203,90.7249984741211,90.7249984741211,11995.0
2026-08-05 15:49:00,PDFS,,49.84000015258789,49.84000015258789,49.79999923706055,49.83000183105469,2331.0
2026-08-05 15:49:00,PEBO,,41.7599983215332,41.7599983215332,41.7599983215332,41.7599983215332,1498.0
2026-08-05 15:49:00,PECO,,41.459999084472656,41.47999954223633,41.459999084472656,41.47999954223633,2539.0
2026-08-05 15:49:00,PEGA,,31.940000534057617,31.940000534057617,31.93000030517578,31.93000030517578,5092.0
2026-08-05 15:49:00,PENN,,19.584999084472656,19.584999084472656,19.549999237060547,19.549999237060547,16466.0
2026-08-05 15:49:00,PEP,,138.94000244140625,138.97000122070312,138.94000244140625,138.97000122070312,11664.0
2026-08-05 15:49:00,PEPG,,1.9550000429153442,1.9550000429153442,1.9500000476837158,1.9500000476837158,1566.0
2026-08-05 15:49:00,PERI,,9.649999618530273,9.654999732971191,9.630000114440918,9.630000114440918,2923.0
2026-08-05 15:49:00,PESI,,17.639999389648438,17.639999389648438,17.604999542236328,17.604999542236328,1164.0
2026-08-05 15:49:00,PFG,,114.68499755859375,114.7300033569336,114.68499755859375,114.69999694824219,1648.0
2026-08-05 15:49:00,PGC,,46.630001068115234,46.630001068115234,46.61000061035156,46.61000061035156,486.0
2026-08-05 15:49:00,PGEN,,6.965000152587891,6.96999979019165,6.960000038146973,6.96999979019165,13815.0
2026-08-05 15:49:00,PGNY,,31.3799991607666,31.389999389648438,31.364999771118164,31.364999771118164,1960.0
2026-08-05 15:49:00,PGY,,21.770000457763672,21.790000915527344,21.767499923706055,21.790000915527344,9749.0
2026-08-05 15:49:00,PHAT,,8.210000038146973,8.229999542236328,8.210000038146973,8.220000267028809,5093.0
2026-08-05 15:49:00,PHIO,,1.0499999523162842,1.0549999475479126,1.0499999523162842,1.0499999523162842,707.0
2026-08-05 15:49:00,PHUN,,2.174999952316284,2.174999952316284,2.174999952316284,2.174999952316284,3867.0
2026-08-05 15:49:00,PHVS,,33.474998474121094,33.474998474121094,33.474998474121094,33.474998474121094,905.0
2026-08-05 15:49:00,PKOH,,42.0,42.0,41.8849983215332,41.8849983215332,1238.0
2026-08-05 15:49:00,PLAB,,32.150001525878906,32.150001525878906,32.13999938964844,32.13999938964844,2402.0
2026-08-05 15:49:00,PLBY,,1.149999976158142,1.149999976158142,1.149999976158142,1.149999976158142,635.0
2026-08-05 15:49:00,PLPC,,474.8550109863281,474.8550109863281,474.8550109863281,474.8550109863281,473.0
2026-08-05 15:49:00,PLSE,,37.810001373291016,37.810001373291016,37.810001373291016,37.810001373291016,451.0
2026-08-05 15:49:00,PLTK,,3.9149999618530273,3.9149999618530273,3.9149999618530273,3.9149999618530273,1521.0
2026-08-05 15:49:00,PLUG,,2.075000047683716,2.0799999237060547,2.069999933242798,2.069999933242798,102077.0
2026-08-05 15:49:00,PNFP,,107.82499694824219,107.83000183105469,107.7300033569336,107.80999755859375,10460.0
2026-08-05 15:49:00,PNTG,,38.93000030517578,39.0099983215332,38.93000030517578,39.0099983215332,619.0
2026-08-05 15:49:00,POET,,8.130000114440918,8.140399932861328,8.120100021362305,8.138400077819824,50716.0
2026-08-05 15:49:00,POOL,,206.44000244140625,206.4600067138672,206.44000244140625,206.44000244140625,2005.0
2026-08-05 15:49:00,POWI,,62.20000076293945,62.20000076293945,62.189998626708984,62.189998626708984,1159.0
2026-08-05 15:49:00,POWL,,209.30999755859375,209.52000427246094,208.77999877929688,208.77999877929688,4321.0
2026-08-05 15:49:00,PPC,,26.5,26.520000457763672,26.479999542236328,26.479999542236328,6367.0
2026-08-05 15:49:00,PPIH,,25.959999084472656,25.959999084472656,25.959999084472656,25.959999084472656,1744.0
2026-08-05 15:49:00,PPTA,,22.719999313354492,22.719999313354492,22.649999618530273,22.649999618530273,8540.0
2026-08-05 15:49:00,PRAA,,17.309999465942383,17.309999465942383,17.309999465942383,17.309999465942383,290.0
2026-08-05 15:49:00,PRAX,,316.6700134277344,316.6700134277344,316.0299987792969,316.260009765625,750.0
2026-08-05 15:49:00,PRCH,,15.819999694824219,15.835000038146973,15.819999694824219,15.829999923706055,5809.0
2026-08-05 15:49:00,PRCT,,19.360000610351562,19.38949966430664,19.280000686645508,19.309999465942383,23123.0
2026-08-05 15:49:00,PRDO,,33.040000915527344,33.040000915527344,32.970001220703125,32.970001220703125,8618.0
2026-08-05 15:49:00,PRGS,,42.43000030517578,42.494998931884766,42.43000030517578,42.494998931884766,1610.0
2026-08-05 15:49:00,PRIM,,82.87999725341797,82.95500183105469,82.70999908447266,82.87999725341797,12670.0
2026-08-05 15:49:00,PRLD,,4.489999771118164,4.489999771118164,4.489999771118164,4.489999771118164,642.0
2026-08-05 15:49:00,PRME,,3.0199999809265137,3.0199999809265137,3.015000104904175,3.015000104904175,1845.0
2026-08-05 15:49:00,PROF,,8.020000457763672,8.020000457763672,7.989999771118164,8.020000457763672,3575.0
2026-08-05 15:49:00,PROK,,1.6349999904632568,1.6349999904632568,1.6349999904632568,1.6349999904632568,517.0
2026-08-05 15:49:00,PRQR,,1.9550000429153442,1.9550000429153442,1.9550000429153442,1.9550000429153442,583.0
2026-08-05 15:49:00,PRTH,,6.670000076293945,6.690000057220459,6.670000076293945,6.690000057220459,3397.0
2026-08-05 15:49:00,PRVA,,23.979999542236328,23.979999542236328,23.969999313354492,23.969999313354492,5327.0
2026-08-05 15:49:00,PRZO,,0.5648000240325928,0.5648000240325928,0.5648000240325928,0.5648000240325928,105.0
2026-08-05 15:49:00,PSEC,,2.184999942779541,2.1888999938964844,2.180000066757202,2.188800096511841,11103.0
2026-08-05 15:49:00,PSMT,,186.39999389648438,186.50999450683594,186.39999389648438,186.50999450683594,1214.0
2026-08-05 15:49:00,PSNL,,13.489999771118164,13.489999771118164,13.489999771118164,13.489999771118164,2668.0
2026-08-05 15:49:00,PTC,,140.09750366210938,140.19000244140625,140.05999755859375,140.13999938964844,9963.0
2026-08-05 15:49:00,PTCT,,68.61000061035156,68.61000061035156,68.56999969482422,68.5999984741211,3130.0
2026-08-05 15:49:00,PTEN,,9.574999809265137,9.600000381469727,9.569999694824219,9.600000381469727,91910.0
2026-08-05 15:49:00,PTGX,,136.3800048828125,136.3800048828125,136.35000610351562,136.35000610351562,1171.0
2026-08-05 15:49:00,PTLO,,4.6350998878479,4.63539981842041,4.6350998878479,4.63539981842041,933.0
2026-08-05 15:49:00,PTON,,6.539999961853027,6.545000076293945,6.534999847412109,6.545000076293945,41620.0
2026-08-05 15:49:00,PUBM,,13.600000381469727,13.600000381469727,13.600000381469727,13.600000381469727,263.0
2026-08-05 15:49:00,PWP,,17.43000030517578,17.489999771118164,17.40999984741211,17.469999313354492,12052.0
2026-08-05 15:49:00,PYPD,,4.590000152587891,4.590000152587891,4.590000152587891,4.590000152587891,266.0
2026-08-05 15:49:00,PYPL,,58.04499816894531,58.060001373291016,58.02000045776367,58.04999923706055,16409.0
2026-08-05 15:49:00,PYXS,,3.0738000869750977,3.079900026321411,3.0738000869750977,3.075000047683716,4095.0
2026-08-05 15:49:00,PZZA,,29.700000762939453,29.760000228881836,29.690000534057617,29.743999481201172,14554.0
2026-08-05 15:49:00,QCOM,,158.875,159.0399932861328,158.8300018310547,159.02000427246094,22338.0
2026-08-05 15:49:00,QFIN,,13.164999961853027,13.164999961853027,13.15999984741211,13.15999984741211,700.0
2026-08-05 15:49:00,QRVO,,95.88999938964844,95.91000366210938,95.86000061035156,95.91000366210938,8557.0
2026-08-05 15:49:00,STIM,,2.375,2.375,2.375,2.375,985.0
2026-08-05 15:49:00,TARA,,3.990000009536743,3.990000009536743,3.990000009536743,3.990000009536743,1599.0
2026-08-05 15:50:00,ACDC,,4.514999866485596,4.519999980926514,4.5,4.505000114440918,39460.0
2026-08-05 15:50:00,BPOP,,177.4600067138672,177.6699981689453,177.4600067138672,177.57000732421875,7392.0
2026-08-05 15:50:00,BPRN,,42.060001373291016,42.060001373291016,42.060001373291016,42.060001373291016,954.0
2026-08-05 15:50:00,CASH,,89.70999908447266,89.70999908447266,89.63999938964844,89.63999938964844,608.0
2026-08-05 15:50:00,CPOP,,0.33739998936653137,0.33980000019073486,0.3343999981880188,0.33980000019073486,4705.0
2026-08-05 15:50:00,DTIL,,7.420000076293945,7.420000076293945,7.40500020980835,7.40500020980835,2531.0
2026-08-05 15:50:00,EYE,,22.934999465942383,22.989999771118164,22.920000076293945,22.989999771118164,17959.0
2026-08-05 15:50:00,FIZZ,,32.19499969482422,32.220001220703125,32.189998626708984,32.209999084472656,2734.0
2026-08-05 15:50:00,FRST,,16.469999313354492,16.469999313354492,16.469999313354492,16.469999313354492,2365.0
2026-08-05 15:50:00,GLUE,,15.380000114440918,15.404999732971191,15.260000228881836,15.289999961853027,9025.0
2026-08-05 15:50:00,KIDS,,22.274999618530273,22.290000915527344,22.065000534057617,22.065000534057617,16471.0
2026-08-05 15:50:00,KTTA,,0.4560000002384186,0.4560000002384186,0.45179998874664307,0.45179998874664307,3283.0
2026-08-05 15:50:00,LUNG,,1.9850000143051147,1.9850000143051147,1.9701000452041626,1.975000023841858,6805.0
2026-08-05 15:50:00,MBRX,,0.3953999876976013,0.3955000042915344,0.3953999876976013,0.3955000042915344,9985.0
2026-08-05 15:50:00,MCRI,,121.94999694824219,121.94999694824219,121.94999694824219,121.94999694824219,1303.0
2026-08-05 15:50:00,MDB,,376.25,376.44000244140625,375.1300048828125,375.260009765625,15324.0
2026-08-05 15:50:00,MDLZ,,62.7599983215332,62.79999923706055,62.72999954223633,62.7400016784668,49365.0
2026-08-05 15:50:00,MLTX,,17.4950008392334,17.5,17.45009994506836,17.479999542236328,2445.0
2026-08-05 15:50:00,MNPR,,118.45999908447266,118.45999908447266,118.45999908447266,118.45999908447266,180.0
2026-08-05 15:50:00,MNRO,,13.09000015258789,13.119999885559082,13.09000015258789,13.100000381469727,4566.0
2026-08-05 15:50:00,MNST,,94.44999694824219,94.45999908447266,94.41999816894531,94.41999816894531,15495.0
2026-08-05 15:50:00,MNTK,,1.7100000381469727,1.7200000286102295,1.692199945449829,1.692199945449829,24264.0
2026-08-05 15:50:00,MNTS,,4.210000038146973,4.210000038146973,4.184999942779541,4.184999942779541,2480.0
2026-08-05 15:50:00,MORN,,198.9949951171875,199.6699981689453,198.9949951171875,199.6199951171875,1407.0
2026-08-05 15:50:00,MPWR,,1346.7650146484375,1352.5999755859375,1345.6600341796875,1350.3699951171875,3616.0
2026-08-05 15:50:00,MRNA,,55.91999816894531,56.036598205566406,55.77000045776367,55.77000045776367,25030.0
2026-08-05 15:50:00,MSGM,,4.40500020980835,4.40500020980835,4.40500020980835,4.40500020980835,200.0
2026-08-05 15:50:00,MVBF,,30.604999542236328,30.6299991607666,30.604999542236328,30.6299991607666,416.0
2026-08-05 15:50:00,MYGN,,3.174999952316284,3.174999952316284,3.1649999618530273,3.1649999618530273,14587.0
2026-08-05 15:50:00,MYPS,,0.7343000173568726,0.7343000173568726,0.7343000173568726,0.7343000173568726,524.0
2026-08-05 15:50:00,MYRG,,335.9599914550781,336.7449951171875,335.9200134277344,336.1000061035156,3766.0
2026-08-05 15:50:00,MYSZ,,0.385699987411499,0.385699987411499,0.385699987411499,0.385699987411499,0.0
2026-08-05 15:50:00,NAII,,2.259999990463257,2.2699999809265137,2.259999990463257,2.2699999809265137,1764.0
2026-08-05 15:50:00,NAMS,,27.43000030517578,27.43000030517578,27.299999237060547,27.299999237060547,8806.0
2026-08-05 15:50:00,NAUT,,0.9323999881744385,0.9323999881744385,0.9322999715805054,0.9322999715805054,1297.0
2026-08-05 15:50:00,NAVI,,9.104999542236328,9.119999885559082,9.104999542236328,9.119999885559082,5262.0
2026-08-05 15:50:00,NB,,5.045000076293945,5.045000076293945,5.025000095367432,5.03000020980835,24814.0
2026-08-05 15:50:00,NBIX,,161.72000122070312,161.88999938964844,161.47999572753906,161.88999938964844,17794.0
2026-08-05 15:50:00,NBN,,134.55999755859375,134.55999755859375,134.55999755859375,134.55999755859375,349.0
2026-08-05 15:50:00,NBTB,,53.40999984741211,53.439998626708984,53.375,53.439998626708984,1567.0
2026-08-05 15:50:00,NBTX,,39.619998931884766,39.619998931884766,39.619998931884766,39.619998931884766,441.0
2026-08-05 15:50:00,NCMI,,4.110000133514404,4.110000133514404,4.105000019073486,4.105000019073486,1449.0
2026-08-05 15:50:00,NCPL,,0.41019999980926514,0.41019999980926514,0.41019999980926514,0.41019999980926514,719.0
2026-08-05 15:50:00,NCRA,,1.809999942779541,1.809999942779541,1.809999942779541,1.809999942779541,400.0
2026-08-05 15:50:00,NDAQ,,94.55000305175781,94.71959686279297,94.55000305175781,94.71959686279297,7078.0
2026-08-05 15:50:00,NDLS,,18.309999465942383,18.309999465942383,18.299999237060547,18.299999237060547,1911.0
2026-08-05 15:50:00,NDSN,,311.42999267578125,311.5,311.2099914550781,311.5,2007.0
2026-08-05 15:50:00,NEGG,,17.400100708007812,17.400100708007812,17.400100708007812,17.400100708007812,305.0
2026-08-05 15:50:00,NEO,,15.789999961853027,15.789999961853027,15.729999542236328,15.729999542236328,14903.0
2026-08-05 15:50:00,NEOG,,11.454999923706055,11.479999542236328,11.454999923706055,11.46500015258789,22529.0
2026-08-05 15:50:00,NEON,,0.9038000106811523,0.9038000106811523,0.9038000106811523,0.9038000106811523,1353.0
2026-08-05 15:50:00,NEOV,,2.8550000190734863,2.859999895095825,2.8499999046325684,2.8499999046325684,7629.0
2026-08-05 15:50:00,NESR,,28.459999084472656,28.459999084472656,28.424999237060547,28.424999237060547,6542.0
2026-08-05 15:50:00,NEWT,,15.085000038146973,15.085000038146973,15.085000038146973,15.085000038146973,120.0
2026-08-05 15:50:00,NEXT,,6.445000171661377,6.445000171661377,6.425000190734863,6.425000190734863,14166.0
2026-08-05 15:50:00,NFE,,0.33399999141693115,0.33500000834465027,0.33399999141693115,0.3343000113964081,16320.0
2026-08-05 15:50:00,NFLX,,73.94000244140625,73.9749984741211,73.91999816894531,73.97000122070312,137074.0
2026-08-05 15:50:00,NGNE,,35.68000030517578,35.68000030517578,35.68000030517578,35.68000030517578,608.0
2026-08-05 15:50:00,NICE,,99.95999908447266,100.08999633789062,99.83000183105469,99.98999786376953,5864.0
2026-08-05 15:50:00,NIU,,2.434999942779541,2.440000057220459,2.434999942779541,2.440000057220459,706.0
2026-08-05 15:50:00,NKSH,,41.33000183105469,41.380001068115234,41.1150016784668,41.22999954223633,5694.0
2026-08-05 15:50:00,NKTR,,72.18000030517578,72.2300033569336,72.13999938964844,72.16999816894531,4584.0
2026-08-05 15:50:00,NKTX,,2.200000047683716,2.200000047683716,2.180000066757202,2.184999942779541,24273.0
2026-08-05 15:50:00,NMFC,,7.364999771118164,7.381999969482422,7.364999771118164,7.369999885559082,2882.0
2026-08-05 15:50:00,NMIH,,44.939998626708984,45.02000045776367,44.939998626708984,44.970001220703125,5195.0
2026-08-05 15:50:00,NMRA,,1.6100000143051147,1.6100000143051147,1.6050000190734863,1.6050000190734863,2746.0
2026-08-05 15:50:00,NMRK,,15.755000114440918,15.770000457763672,15.755000114440918,15.765000343322754,20223.0
2026-08-05 15:50:00,NN,,14.8100004196167,14.8100004196167,14.770000457763672,14.789999961853027,10768.0
2026-08-05 15:50:00,NNBR,,3.880000114440918,3.880000114440918,3.859999895095825,3.859999895095825,7607.0
2026-08-05 15:50:00,NNDM,,1.5549999475479126,1.5549999475479126,1.5549999475479126,1.5549999475479126,1468.0
2026-08-05 15:50:00,NNOX,,1.0099999904632568,1.0198999643325806,1.0,1.0099999904632568,13237.0
2026-08-05 15:50:00,NOVT,,153.84500122070312,154.75999450683594,153.84500122070312,154.75999450683594,6725.0
2026-08-05 15:50:00,NPCE,,13.589200019836426,13.589200019836426,13.589200019836426,13.589200019836426,226.0
2026-08-05 15:50:00,NRC,,19.549999237060547,19.549999237060547,19.549999237060547,19.549999237060547,381.0
2026-08-05 15:50:00,NRDS,,9.079999923706055,9.09000015258789,9.074999809265137,9.09000015258789,6194.0
2026-08-05 15:50:00,NRIM,,27.0,27.010000228881836,27.0,27.010000228881836,1346.0
2026-08-05 15:50:00,NRIX,,25.059999465942383,25.075000762939453,24.979999542236328,24.979999542236328,5998.0
2026-08-05 15:50:00,NRXP,,3.059999942779541,3.059999942779541,3.059999942779541,3.059999942779541,1044.0
2026-08-05 15:50:00,NSSC,,40.45500183105469,40.5,40.349998474121094,40.349998474121094,3265.0
2026-08-05 15:50:00,NTAP,,187.67999267578125,187.8000030517578,187.58999633789062,187.64999389648438,15949.0
2026-08-05 15:50:00,NTCT,,41.5099983215332,41.51499938964844,41.41999816894531,41.41999816894531,4658.0
2026-08-05 15:50:00,NTES,,127.87999725341797,127.91000366210938,127.79000091552734,127.87000274658203,13702.0
2026-08-05 15:50:00,NTGR,,24.34000015258789,24.34000015258789,24.329999923706055,24.33340072631836,3396.0
2026-08-05 15:50:00,NTNX,,61.06999969482422,61.1150016784668,61.029998779296875,61.06999969482422,13179.0
2026-08-05 15:50:00,NTRA,,273.44000244140625,273.5899963378906,272.9100036621094,273.2950134277344,20847.0
2026-08-05 15:50:00,NTRS,,184.5,184.52999877929688,184.3800048828125,184.52999877929688,3935.0
2026-08-05 15:50:00,NUWE,,1.6449999809265137,1.649999976158142,1.6401000022888184,1.649999976158142,7559.0
2026-08-05 15:50:00,NVAX,,7.613999843597412,7.625,7.590000152587891,7.590000152587891,61242.0
2026-08-05 15:50:00,NVCR,,16.079999923706055,16.09000015258789,15.9399995803833,15.9399995803833,23640.0
2026-08-05 15:50:00,NVCT,,19.2549991607666,19.2549991607666,19.25,19.2549991607666,874.0
2026-08-05 15:50:00,NVDA,,220.17010498046875,220.39999389648438,220.1300048828125,220.1999969482422,552530.0
2026-08-05 15:50:00,NVEC,,128.2949981689453,128.44000244140625,128.2949981689453,128.4199981689453,1086.0
2026-08-05 15:50:00,NVMI,,406.2650146484375,407.239990234375,406.2650146484375,407.239990234375,2501.0
2026-08-05 15:50:00,NVTS,,12.4350004196167,12.454999923706055,12.390000343322754,12.390000343322754,71139.0
2026-08-05 15:50:00,NVX,,0.4004000127315521,0.4004000127315521,0.4004000127315521,0.4004000127315521,400.0
2026-08-05 15:50:00,NWBI,,15.975000381469727,16.0049991607666,15.975000381469727,16.0,27269.0
2026-08-05 15:50:00,NWE,,69.01000213623047,69.04000091552734,69.00499725341797,69.04000091552734,1377.0
2026-08-05 15:50:00,NWL,,6.175000190734863,6.175000190734863,6.150000095367432,6.164999961853027,187809.0
2026-08-05 15:50:00,NWS,,32.939998626708984,33.025001525878906,32.90999984741211,33.02000045776367,43264.0
2026-08-05 15:50:00,NWSA,,28.93000030517578,29.059999465942383,28.93000030517578,29.059999465942383,104215.0
2026-08-05 15:50:00,NXPI,,232.4250030517578,232.88999938964844,232.30999755859375,232.57000732421875,18489.0
2026-08-05 15:50:00,NXST,,189.25999450683594,189.8300018310547,189.25999450683594,189.8300018310547,2703.0
2026-08-05 15:50:00,NXT,,100.72000122070312,100.77999877929688,100.4000015258789,100.4000015258789,26249.0
2026-08-05 15:50:00,NYXH,,1.409999966621399,1.409999966621399,1.409999966621399,1.409999966621399,1000.0
2026-08-05 15:50:00,OABI,,2.055000066757202,2.055000066757202,2.055000066757202,2.055000066757202,1212.0
2026-08-05 15:50:00,OBIO,,4.230000019073486,4.230000019073486,4.230000019073486,4.230000019073486,554.0
2026-08-05 15:50:00,OCC,,15.600000381469727,15.640000343322754,15.5649995803833,15.5649995803833,1348.0
2026-08-05 15:50:00,OCCI,,2.4800000190734863,2.487799882888794,2.4800000190734863,2.487799882888794,5322.0
2026-08-05 15:50:00,OCFC,,19.829999923706055,19.893999099731445,19.81999969482422,19.889999389648438,13922.0
2026-08-05 15:50:00,OCGN,,1.284999966621399,1.2899999618530273,1.2799999713897705,1.2799999713897705,65984.0
2026-08-05 15:50:00,OCS,,11.984999656677246,11.984999656677246,11.984999656677246,11.984999656677246,1351.0
2026-08-05 15:50:00,OCSL,,12.024999618530273,12.039999961853027,12.020000457763672,12.039999961853027,3236.0
2026-08-05 15:50:00,OCUL,,8.505000114440918,8.505000114440918,8.479999542236328,8.489999771118164,20664.0
2026-08-05 15:50:00,ODD,,15.149999618530273,15.239999771118164,15.130000114440918,15.239999771118164,7741.0
2026-08-05 15:50:00,ODFL,,215.47999572753906,215.75,215.4199981689453,215.4199981689453,14764.0
2026-08-05 15:50:00,OESX,,15.5600004196167,15.770000457763672,15.399999618530273,15.469499588012695,2171.0
2026-08-05 15:50:00,OFIX,,10.779999732971191,10.779999732971191,10.65999984741211,10.694999694824219,6915.0
2026-08-05 15:50:00,OFS,,3.5799999237060547,3.5799999237060547,3.5799999237060547,3.5799999237060547,302.0
2026-08-05 15:50:00,OGI,,0.9585000276565552,0.9585000276565552,0.9585000276565552,0.9585000276565552,779.0
2026-08-05 15:50:00,OKTA,,147.24000549316406,147.3000030517578,147.1199951171875,147.22999572753906,11561.0
2026-08-05 15:50:00,OLB,,0.2971000075340271,0.3005000054836273,0.2971000075340271,0.3005000054836273,755.0
2026-08-05 15:50:00,OLLI,,78.56999969482422,78.81999969482422,78.56999969482422,78.80999755859375,7030.0
2026-08-05 15:50:00,OLMA,,11.510000228881836,11.510000228881836,11.449999809265137,11.449999809265137,4192.0
2026-08-05 15:50:00,OM,,5.074999809265137,5.074999809265137,5.065000057220459,5.065000057220459,1919.0
2026-08-05 15:50:00,OMCL,,37.27000045776367,37.310001373291016,37.27000045776367,37.290000915527344,3942.0
2026-08-05 15:50:00,OMER,,12.65999984741211,12.664999961853027,12.600000381469727,12.600000381469727,4772.0
2026-08-05 15:50:00,OMH,,0.11699999868869781,0.11699999868869781,0.1168999969959259,0.11699999868869781,3996.0
2026-08-05 15:50:00,ON,,77.6500015258789,77.81999969482422,77.62999725341797,77.76000213623047,104046.0
2026-08-05 15:50:00,ONB,,27.020000457763672,27.059999465942383,27.020000457763672,27.059999465942383,18884.0
2026-08-05 15:50:00,ONCO,,0.7997999787330627,0.7997999787330627,0.7997999787330627,0.7997999787330627,1218.0
2026-08-05 15:50:00,ONCY,,0.7996000051498413,0.7997000217437744,0.7935000061988831,0.7935000061988831,1281.0
2026-08-05 15:50:00,ONDS,,8.851799964904785,8.859999656677246,8.8100004196167,8.8100004196167,329973.0
2026-08-05 15:50:00,ONEW,,12.569999694824219,12.569999694824219,12.569999694824219,12.569999694824219,419.0
2026-08-05 15:50:00,ONFO,,0.0738999992609024,0.0738999992609024,0.0731000006198883,0.0738999992609024,75066.0
2026-08-05 15:50:00,OPCH,,23.655000686645508,23.68560028076172,23.649999618530273,23.68000030517578,9741.0
2026-08-05 15:50:00,OPEN,,3.7678000926971436,3.7699999809265137,3.740000009536743,3.740000009536743,491268.0
2026-08-05 15:50:00,OPHC,,8.829999923706055,8.829999923706055,8.779999732971191,8.800000190734863,3046.0
2026-08-05 15:50:00,OPI,,19.094999313354492,19.094999313354492,19.094999313354492,19.094999313354492,2112.0
2026-08-05 15:50:00,OPK,,1.3450000286102295,1.3450000286102295,1.340000033378601,1.3450000286102295,6037.0
2026-08-05 15:50:00,OPRA,,19.975000381469727,20.010000228881836,19.975000381469727,20.0,4369.0
2026-08-05 15:50:00,OPRT,,6.03000020980835,6.03000020980835,6.010000228881836,6.010000228881836,1529.0
2026-08-05 15:50:00,OPRX,,6.989999771118164,6.989999771118164,6.989999771118164,6.989999771118164,946.0
2026-08-05 15:50:00,ORGO,,2.3399999141693115,2.3499999046325684,2.3399999141693115,2.3420000076293945,3059.0
2026-08-05 15:50:00,ORIC,,12.86050033569336,12.920000076293945,12.86050033569336,12.880000114440918,15818.0
2026-08-05 15:50:00,ORLY,,93.5,93.55000305175781,93.44000244140625,93.51000213623047,32416.0
2026-08-05 15:50:00,ORMP,,4.309999942779541,4.309999942779541,4.309999942779541,4.309999942779541,243.0
2026-08-05 15:50:00,OSBC,,25.895000457763672,25.90999984741211,25.8799991607666,25.90999984741211,6505.0
2026-08-05 15:50:00,OSIS,,235.8800048828125,236.3300018310547,235.82000732421875,235.82000732421875,769.0
2026-08-05 15:50:00,OSPN,,16.290000915527344,16.34000015258789,16.290000915527344,16.34000015258789,3574.0
2026-08-05 15:50:00,OSS,,13.350000381469727,13.399999618530273,13.350000381469727,13.354999542236328,8865.0
2026-08-05 15:50:00,OSUR,,4.131999969482422,4.139900207519531,4.131999969482422,4.139900207519531,641.0
2026-08-05 15:50:00,OSW,,26.540000915527344,26.540000915527344,26.520000457763672,26.520000457763672,889.0
2026-08-05 15:50:00,OTEX,,25.719999313354492,25.760000228881836,25.702199935913086,25.760000228881836,28796.0
2026-08-05 15:50:00,OTLK,,1.0299999713897705,1.0299999713897705,1.024999976158142,1.024999976158142,35015.0
2026-08-05 15:50:00,OTLY,,14.539999961853027,14.539999961853027,14.539999961853027,14.539999961853027,364.0
2026-08-05 15:50:00,OTTR,,92.41500091552734,92.43000030517578,92.33000183105469,92.43000030517578,4881.0
2026-08-05 15:50:00,OVBC,,42.720001220703125,42.720001220703125,42.720001220703125,42.720001220703125,1116.0
2026-08-05 15:50:00,OVID,,2.5999999046325684,2.6050000190734863,2.5899999141693115,2.5899999141693115,24397.0
2026-08-05 15:50:00,OXLC,,9.130000114440918,9.135000228881836,9.130000114440918,9.130000114440918,3386.0
2026-08-05 15:50:00,OXSQ,,1.5049999952316284,1.507699966430664,1.5049999952316284,1.507699966430664,4757.0
2026-08-05 15:50:00,PAA,,23.241100311279297,23.280000686645508,23.240100860595703,23.260000228881836,18473.0
2026-08-05 15:50:00,PAAS,,48.22999954223633,48.31999969482422,48.209999084472656,48.209999084472656,86414.0
2026-08-05 15:50:00,PACB,,1.3049999475479126,1.3095999956130981,1.2999999523162842,1.2999999523162842,21316.0
2026-08-05 15:50:00,PAGP,,25.19499969482422,25.219999313354492,25.19499969482422,25.219999313354492,3274.0
2026-08-05 15:50:00,PAHC,,35.66999816894531,35.72999954223633,35.66999816894531,35.72999954223633,834.0
2026-08-05 15:50:00,PALI,,2.115000009536743,2.130000114440918,2.1149001121520996,2.125,35460.0
2026-08-05 15:50:00,PANW,,364.8999938964844,365.2799987792969,363.70001220703125,363.95001220703125,136182.0
2026-08-05 15:50:00,PATK,,88.0199966430664,88.18000030517578,87.91000366210938,87.94999694824219,2723.0
2026-08-05 15:50:00,PAVS,,4.989999771118164,4.989999771118164,4.989999771118164,4.989999771118164,251.0
2026-08-05 15:50:00,PAX,,11.329999923706055,11.34000015258789,11.319999694824219,11.34000015258789,9559.0
2026-08-05 15:50:00,PAYO,,7.119999885559082,7.119999885559082,7.119999885559082,7.119999885559082,87188.0
2026-08-05 15:50:00,PAYS,,9.220000267028809,9.220000267028809,9.1899995803833,9.199999809265137,8780.0
2026-08-05 15:50:00,PAYX,,118.12000274658203,118.23999786376953,118.02999877929688,118.20999908447266,18691.0
2026-08-05 15:50:00,PBYI,,8.015600204467773,8.020000457763672,8.015600204467773,8.020000457763672,2840.0
2026-08-05 15:50:00,PCAR,,133.75999450683594,133.89999389648438,133.75999450683594,133.7899932861328,35605.0
2026-08-05 15:50:00,PCRX,,24.895000457763672,24.90999984741211,24.8799991607666,24.899999618530273,11739.0
2026-08-05 15:50:00,PCSA,,2.194999933242798,2.194999933242798,2.194999933242798,2.194999933242798,700.0
2026-08-05 15:50:00,PCT,,6.860000133514404,6.869900226593018,6.840000152587891,6.860000133514404,27766.0
2026-08-05 15:50:00,PCTY,,147.67999267578125,147.8000030517578,147.66250610351562,147.7899932861328,4141.0
2026-08-05 15:50:00,PCYO,,10.574999809265137,10.574999809265137,10.574999809265137,10.574999809265137,1961.0
2026-08-05 15:50:00,PDD,,90.7300033569336,90.80999755859375,90.69999694824219,90.75,38356.0
2026-08-05 15:50:00,PDFS,,49.83000183105469,49.83000183105469,49.83000183105469,49.83000183105469,571.0
2026-08-05 15:50:00,PDLB,,20.479999542236328,20.479999542236328,20.479999542236328,20.479999542236328,649.0
2026-08-05 15:50:00,PEBO,,41.75,41.810001373291016,41.7400016784668,41.79999923706055,4159.0
2026-08-05 15:50:00,PECO,,41.43000030517578,41.44499969482422,41.40999984741211,41.41999816894531,6543.0
2026-08-05 15:50:00,PEGA,,31.924999237060547,31.950000762939453,31.899999618530273,31.950000762939453,9861.0
2026-08-05 15:50:00,PENN,,19.524999618530273,19.582500457763672,19.510000228881836,19.579999923706055,32166.0
2026-08-05 15:50:00,PEP,,138.89999389648438,138.9929962158203,138.88999938964844,138.94000244140625,26902.0
2026-08-05 15:50:00,PEPG,,1.965000033378601,1.965000033378601,1.9550000429153442,1.9600000381469727,11414.0
2026-08-05 15:50:00,PESI,,17.674999237060547,17.674999237060547,17.674999237060547,17.674999237060547,232.0
2026-08-05 15:50:00,PETS,,1.975000023841858,1.975000023841858,1.975000023841858,1.975000023841858,294.0
2026-08-05 15:50:00,PFBC,,106.93000030517578,106.93000030517578,106.93000030517578,106.93000030517578,407.0
2026-08-05 15:50:00,PFG,,114.73500061035156,114.87999725341797,114.70999908447266,114.73999786376953,9087.0
2026-08-05 15:50:00,PGC,,46.540000915527344,46.58000183105469,46.47999954223633,46.58000183105469,3429.0
2026-08-05 15:50:00,PGEN,,7.013400077819824,7.03000020980835,6.965000152587891,6.96999979019165,127904.0
2026-08-05 15:50:00,PGNY,,31.420000076293945,31.420000076293945,31.354999542236328,31.370100021362305,4856.0
2026-08-05 15:50:00,PGY,,21.790000915527344,21.809900283813477,21.770000457763672,21.770000457763672,9817.0
2026-08-05 15:50:00,PHAT,,8.220000267028809,8.239999771118164,8.220000267028809,8.229999542236328,8939.0
2026-08-05 15:50:00,PHIO,,1.059999942779541,1.059999942779541,1.0549999475479126,1.0549999475479126,936.0
2026-08-05 15:50:00,PHVS,,33.474998474121094,33.54050064086914,33.380001068115234,33.380001068115234,4212.0
2026-08-05 15:50:00,PIII,,10.0,10.0,10.0,10.0,877.0
2026-08-05 15:50:00,PKOH,,42.27000045776367,42.27000045776367,42.27000045776367,42.27000045776367,966.0
2026-08-05 15:50:00,PLAB,,32.13990020751953,32.13999938964844,32.099998474121094,32.130001068115234,3624.0
2026-08-05 15:50:00,PLBY,,1.1549999713897705,1.1549999713897705,1.1549999713897705,1.1549999713897705,92.0
2026-08-05 15:50:00,PLMR,,134.84500122070312,135.65499877929688,134.78500366210938,135.65499877929688,2979.0
2026-08-05 15:50:00,PLPC,,474.6400146484375,475.69000244140625,474.6400146484375,475.69000244140625,950.0
2026-08-05 15:50:00,PLSE,,38.05500030517578,38.064998626708984,37.88999938964844,37.88999938964844,2453.0
2026-08-05 15:50:00,PLTK,,3.9149999618530273,3.9149999618530273,3.9100000858306885,3.9149999618530273,2616.0
2026-08-05 15:50:00,PLUG,,2.075000047683716,2.0799999237060547,2.075000047683716,2.0797998905181885,126423.0
2026-08-05 15:50:00,PLXS,,276.0199890136719,276.04998779296875,275.5799865722656,275.5799865722656,1908.0
2026-08-05 15:50:00,PMN,,13.234999656677246,13.234999656677246,13.234999656677246,13.234999656677246,105.0
2026-08-05 15:50:00,PNBK,,1.1549999713897705,1.1549999713897705,1.1549999713897705,1.1549999713897705,740.0
2026-08-05 15:50:00,PNFP,,107.68499755859375,107.7699966430664,107.68000030517578,107.7699966430664,6123.0
2026-08-05 15:50:00,PNTG,,39.0,39.0,38.93000030517578,38.95000076293945,3180.0
2026-08-05 15:50:00,POET,,8.154999732971191,8.154999732971191,8.130000114440918,8.135000228881836,39766.0
2026-08-05 15:50:00,POOL,,205.88999938964844,206.41000366210938,205.83999633789062,206.41000366210938,5852.0
2026-08-05 15:50:00,POWI,,62.349998474121094,62.349998474121094,62.2599983215332,62.290000915527344,4000.0
2026-08-05 15:50:00,POWL,,209.9499969482422,210.07000732421875,209.47999572753906,209.47999572753906,5028.0
2026-08-05 15:50:00,PPC,,26.520000457763672,26.559999465942383,26.5049991607666,26.510000228881836,7938.0
2026-08-05 15:50:00,PPTA,,22.719999313354492,22.767799377441406,22.690000534057617,22.709999084472656,8149.0
2026-08-05 15:50:00,PRAA,,17.34000015258789,17.3700008392334,17.31999969482422,17.31999969482422,3854.0
2026-08-05 15:50:00,PRAX,,318.239990234375,320.25,316.69000244140625,316.69000244140625,2480.0
2026-08-05 15:50:00,PRCH,,15.925000190734863,15.930000305175781,15.819999694824219,15.829999923706055,11033.0
2026-08-05 15:50:00,PRCT,,19.434999465942383,19.450000762939453,19.3700008392334,19.389999389648438,23075.0
2026-08-05 15:50:00,PRDO,,33.0,33.0099983215332,32.994998931884766,33.0099983215332,3214.0
2026-08-05 15:50:00,PRE,,18.209999084472656,18.219999313354492,18.149999618530273,18.15999984741211,1871.0
2026-08-05 15:50:00,PRFX,,1.1232999563217163,1.1232999563217163,1.1200000047683716,1.1200000047683716,1399.0
2026-08-05 15:50:00,PRGS,,42.2239990234375,42.40999984741211,42.2239990234375,42.40999984741211,2420.0
2026-08-05 15:50:00,PRIM,,82.88999938964844,83.0999984741211,82.70999908447266,82.87000274658203,22333.0
2026-08-05 15:50:00,PRLD,,4.489999771118164,4.489999771118164,4.489999771118164,4.489999771118164,1297.0
2026-08-05 15:50:00,PRME,,3.0350000858306885,3.0399999618530273,3.0199999809265137,3.0199999809265137,20415.0
2026-08-05 15:50:00,PROK,,1.6399999856948853,1.6399999856948853,1.6349999904632568,1.6349999904632568,1099.0
2026-08-05 15:50:00,PRQR,,1.965000033378601,1.9700000286102295,1.9550000429153442,1.9600000381469727,15811.0
2026-08-05 15:50:00,PRTA,,8.470000267028809,8.479000091552734,8.40999984741211,8.40999984741211,17632.0
2026-08-05 15:50:00,PRTH,,6.679999828338623,6.679999828338623,6.679999828338623,6.679999828338623,411.0
2026-08-05 15:50:00,PRVA,,23.9950008392334,24.010000228881836,23.989999771118164,23.989999771118164,9120.0
2026-08-05 15:50:00,PRZO,,0.5630000233650208,0.5630000233650208,0.5619999766349792,0.5619999766349792,3492.0
2026-08-05 15:50:00,PSEC,,2.174999952316284,2.180000066757202,2.174499988555908,2.180000066757202,59256.0
2026-08-05 15:50:00,PSMT,,186.3000030517578,186.3000030517578,186.3000030517578,186.3000030517578,693.0
2026-08-05 15:50:00,PSNL,,13.550000190734863,13.569999694824219,13.5,13.5,15186.0
2026-08-05 15:50:00,PSNY,,14.494999885559082,14.5600004196167,14.494999885559082,14.5600004196167,1388.0
2026-08-05 15:50:00,PTC,,139.85000610351562,139.9582061767578,139.75999450683594,139.82000732421875,6301.0
2026-08-05 15:50:00,PTCT,,68.94000244140625,68.94000244140625,68.62999725341797,68.62999725341797,8552.0
2026-08-05 15:50:00,PTEN,,9.579899787902832,9.579999923706055,9.569999694824219,9.574999809265137,46721.0
2026-08-05 15:50:00,PTLO,,4.635000228881836,4.639999866485596,4.632800102233887,4.635000228881836,11824.0
2026-08-05 15:50:00,PTON,,6.545000076293945,6.559999942779541,6.545000076293945,6.550000190734863,66698.0
2026-08-05 15:50:00,PUBM,,13.609999656677246,13.610099792480469,13.600000381469727,13.600000381469727,6979.0
2026-08-05 15:50:00,PWP,,17.350000381469727,17.399999618530273,17.31999969482422,17.399999618530273,18795.0
2026-08-05 15:50:00,PYPD,,4.599999904632568,4.599999904632568,4.599999904632568,4.599999904632568,141.0
2026-08-05 15:50:00,PYPL,,57.994998931884766,58.04199981689453,57.95000076293945,58.040000915527344,79128.0
2026-08-05 15:50:00,PYXS,,3.0929999351501465,3.0950000286102295,3.0799999237060547,3.0799999237060547,7436.0
2026-08-05 15:50:00,PZZA,,29.760000228881836,29.778400421142578,29.709999084472656,29.739999771118164,7497.0
2026-08-05 15:50:00,QCOM,,158.51499938964844,159.0399932861328,158.4499969482422,158.88499450683594,53825.0
2026-08-05 15:50:00,QCRH,,105.44000244140625,105.44000244140625,105.44000244140625,105.44000244140625,2075.0
2026-08-05 15:50:00,QFIN,,13.164999961853027,13.180000305175781,13.15999984741211,13.170000076293945,8197.0
2026-08-05 15:50:00,QRVO,,95.79000091552734,95.94000244140625,95.76000213623047,95.91000366210938,24298.0
2026-08-05 15:50:00,SEED,,1.0499999523162842,1.0499999523162842,1.0490000247955322,1.0499999523162842,2774.0
2026-08-05 15:50:00,STIM,,2.380000114440918,2.380000114440918,2.375,2.3759000301361084,3983.0
2026-08-05 15:50:00,STKS,,1.750100016593933,1.750100016593933,1.750100016593933,1.750100016593933,190.0
2026-08-05 15:50:00,TARA,,4.0,4.005000114440918,4.0,4.0,2321.0
2026-08-05 15:50:00,WOOF,,2.934499979019165,2.934999942779541,2.9312000274658203,2.934999942779541,3101.0
2026-08-05 15:51:00,ACDC,,4.514999866485596,4.525000095367432,4.510000228881836,4.510000228881836,34094.0
2026-08-05 15:51:00,BPRN,,41.95000076293945,41.95000076293945,41.95000076293945,41.95000076293945,629.0
2026-08-05 15:51:00,CASH,,89.62000274658203,89.62999725341797,89.62000274658203,89.62999725341797,1565.0
2026-08-05 15:51:00,CNXN,,86.4800033569336,86.4800033569336,86.4800033569336,86.4800033569336,566.0
2026-08-05 15:51:00,EYE,,22.959999084472656,22.959999084472656,22.934999465942383,22.934999465942383,11874.0
2026-08-05 15:51:00,FIZZ,,32.20500183105469,32.209999084472656,32.189998626708984,32.209999084472656,1970.0
2026-08-05 15:51:00,GLUE,,15.359999656677246,15.395000457763672,15.319999694824219,15.395000457763672,20423.0
2026-08-05 15:51:00,KIDS,,22.3700008392334,22.3700008392334,22.274999618530273,22.350000381469727,2308.0
2026-08-05 15:51:00,KTTA,,0.4560999870300293,0.4560999870300293,0.4560999870300293,0.4560999870300293,349.0
2026-08-05 15:51:00,LUNG,,1.9850000143051147,1.9850000143051147,1.9850000143051147,1.9850000143051147,704.0
2026-08-05 15:51:00,MBRX,,0.3953999876976013,0.3953999876976013,0.3953000009059906,0.3953000009059906,0.0
2026-08-05 15:51:00,MDB,,376.114990234375,376.4700012207031,375.70001220703125,376.2799987792969,16533.0
2026-08-05 15:51:00,MDLZ,,62.709999084472656,62.77000045776367,62.689998626708984,62.7599983215332,80520.0
2026-08-05 15:51:00,MLTX,,17.530000686645508,17.530000686645508,17.480100631713867,17.510000228881836,4133.0
2026-08-05 15:51:00,MNPR,,118.73999786376953,118.73999786376953,117.21499633789062,117.44000244140625,717.0
2026-08-05 15:51:00,MNRO,,13.100000381469727,13.109999656677246,13.100000381469727,13.100000381469727,5357.0
2026-08-05 15:51:00,MNST,,94.44999694824219,94.47000122070312,94.4000015258789,94.44000244140625,25190.0
2026-08-05 15:51:00,MNTK,,1.7100000381469727,1.7100000381469727,1.7050000429153442,1.7100000381469727,1835.0
2026-08-05 15:51:00,MORN,,199.4499969482422,199.4499969482422,199.4499969482422,199.4499969482422,584.0
2026-08-05 15:51:00,MOVE,,12.018099784851074,12.018099784851074,12.018099784851074,12.018099784851074,3569.0
2026-08-05 15:51:00,MPWR,,1345.6500244140625,1347.030029296875,1344.5400390625,1346.5699462890625,5283.0
2026-08-05 15:51:00,MRNA,,55.95500183105469,55.97999954223633,55.88999938964844,55.92179870605469,26158.0
2026-08-05 15:51:00,MYGN,,3.1549999713897705,3.174999952316284,3.1549999713897705,3.174999952316284,18315.0
2026-08-05 15:51:00,MYRG,,336.6199951171875,336.8399963378906,336.20001220703125,336.6199951171875,628.0
2026-08-05 15:51:00,NAII,,2.309999942779541,2.309999942779541,2.2699999809265137,2.2699999809265137,4028.0
2026-08-05 15:51:00,NAUT,,0.9319999814033508,0.9319999814033508,0.9319999814033508,0.9319999814033508,1836.0
2026-08-05 15:51:00,NAVI,,9.095000267028809,9.100000381469727,9.09000015258789,9.100000381469727,9447.0
2026-08-05 15:51:00,NB,,5.045000076293945,5.050000190734863,5.045000076293945,5.045000076293945,6224.0
2026-08-05 15:51:00,NBIX,,161.66000366210938,161.8000030517578,161.6300048828125,161.72000122070312,6521.0
2026-08-05 15:51:00,NBTB,,53.369998931884766,53.369998931884766,53.369998931884766,53.369998931884766,698.0
2026-08-05 15:51:00,NCMI,,4.105000019073486,4.105000019073486,4.105000019073486,4.105000019073486,1348.0
2026-08-05 15:51:00,NDAQ,,94.52999877929688,94.58999633789062,94.5199966430664,94.54000091552734,6984.0
2026-08-05 15:51:00,NDSN,,311.19000244140625,311.2099914550781,311.1600036621094,311.2099914550781,1106.0
2026-08-05 15:51:00,NEGG,,17.399999618530273,17.709999084472656,17.3799991607666,17.400100708007812,8141.0
2026-08-05 15:51:00,NEO,,15.779999732971191,15.829999923706055,15.779999732971191,15.789999961853027,11130.0
2026-08-05 15:51:00,NEOG,,11.4399995803833,11.460000038146973,11.4350004196167,11.449999809265137,43945.0
2026-08-05 15:51:00,NEOV,,2.8399999141693115,2.8550000190734863,2.8399999141693115,2.8550000190734863,6960.0
2026-08-05 15:51:00,NESR,,28.44499969482422,28.454999923706055,28.434999465942383,28.454999923706055,6257.0
2026-08-05 15:51:00,NEWT,,15.109999656677246,15.109999656677246,15.085000038146973,15.100000381469727,4627.0
2026-08-05 15:51:00,NEXT,,6.434999942779541,6.445000171661377,6.434999942779541,6.445000171661377,4399.0
2026-08-05 15:51:00,NFLX,,74.04499816894531,74.05000305175781,73.94000244140625,73.94000244140625,132659.0
2026-08-05 15:51:00,NGNE,,35.67499923706055,35.68000030517578,35.67499923706055,35.68000030517578,838.0
2026-08-05 15:51:00,NICE,,100.19000244140625,100.19000244140625,99.9800033569336,99.98999786376953,16924.0
2026-08-05 15:51:00,NIU,,2.434999942779541,2.434999942779541,2.434999942779541,2.434999942779541,1069.0
2026-08-05 15:51:00,NKTR,,72.22000122070312,72.3499984741211,72.22000122070312,72.29000091552734,3670.0
2026-08-05 15:51:00,NKTX,,2.2049999237060547,2.2049999237060547,2.2049999237060547,2.2049999237060547,2308.0
2026-08-05 15:51:00,NMFC,,7.355000019073486,7.355000019073486,7.355000019073486,7.355000019073486,3708.0
2026-08-05 15:51:00,NMIH,,44.900001525878906,44.900001525878906,44.88999938964844,44.900001525878906,4185.0
2026-08-05 15:51:00,NMRA,,1.6150000095367432,1.6200000047683716,1.6050000190734863,1.6050000190734863,15854.0
2026-08-05 15:51:00,NMRK,,15.755000114440918,15.755000114440918,15.755000114440918,15.755000114440918,2460.0
2026-08-05 15:51:00,NN,,14.8100004196167,14.819999694824219,14.78499984741211,14.8100004196167,34599.0
2026-08-05 15:51:00,NNBR,,3.880000114440918,3.884999990463257,3.880000114440918,3.884999990463257,9302.0
2026-08-05 15:51:00,NNDM,,1.5549999475479126,1.559999942779541,1.5549999475479126,1.5549999475479126,16738.0
2026-08-05 15:51:00,NNOX,,1.0199999809265137,1.0199999809265137,1.0049999952316284,1.0049999952316284,21621.0
2026-08-05 15:51:00,NODK,,15.345000267028809,15.345000267028809,15.345000267028809,15.345000267028809,480.0
2026-08-05 15:51:00,NOVT,,153.80499267578125,154.16000366210938,153.72500610351562,154.02000427246094,7345.0
2026-08-05 15:51:00,NPCE,,13.5600004196167,13.600000381469727,13.555000305175781,13.574999809265137,5845.0
2026-08-05 15:51:00,NRDS,,9.074999809265137,9.074999809265137,9.074999809265137,9.074999809265137,3456.0
2026-08-05 15:51:00,NRIX,,25.010000228881836,25.059999465942383,25.0,25.059999465942383,7315.0
2026-08-05 15:51:00,NRXP,,3.065000057220459,3.065000057220459,3.059999942779541,3.065000057220459,1699.0
2026-08-05 15:51:00,NSSC,,40.45500183105469,40.45500183105469,40.45500183105469,40.45500183105469,859.0
2026-08-05 15:51:00,NTAP,,187.6199951171875,187.74000549316406,187.5,187.72000122070312,18433.0
2026-08-05 15:51:00,NTES,,127.86000061035156,127.88999938964844,127.86000061035156,127.87000274658203,3372.0
2026-08-05 15:51:00,NTGR,,24.329999923706055,24.329999923706055,24.329999923706055,24.329999923706055,598.0
2026-08-05 15:51:00,NTNX,,61.099998474121094,61.099998474121094,61.06999969482422,61.08000183105469,16165.0
2026-08-05 15:51:00,NTRA,,273.885009765625,273.885009765625,273.7850036621094,273.82000732421875,2213.0
2026-08-05 15:51:00,NTRS,,184.5449981689453,184.5449981689453,184.5,184.5,2400.0
2026-08-05 15:51:00,NUWE,,1.659999966621399,1.659999966621399,1.649999976158142,1.649999976158142,1964.0
2026-08-05 15:51:00,NVAX,,7.625,7.625,7.610000133514404,7.614999771118164,22452.0
2026-08-05 15:51:00,NVCR,,16.110000610351562,16.110000610351562,16.100000381469727,16.100000381469727,4725.0
2026-08-05 15:51:00,NVCT,,19.354999542236328,19.360000610351562,19.299999237060547,19.31999969482422,4298.0
2026-08-05 15:51:00,NVDA,,220.2100067138672,220.2899932861328,220.0500030517578,220.1699981689453,410929.0
2026-08-05 15:51:00,NVMI,,406.45001220703125,407.0299987792969,406.31500244140625,406.3450012207031,3089.0
2026-08-05 15:51:00,NVTS,,12.4399995803833,12.444999694824219,12.425000190734863,12.4399995803833,32749.0
2026-08-05 15:51:00,NWBI,,15.994999885559082,15.994999885559082,15.975000381469727,15.975000381469727,14625.0
2026-08-05 15:51:00,NWE,,68.95999908447266,68.95999908447266,68.95999908447266,68.95999908447266,292.0
2026-08-05 15:51:00,NWL,,6.189799785614014,6.189799785614014,6.170000076293945,6.175000190734863,28569.0
2026-08-05 15:51:00,NWPX,,125.69999694824219,125.81999969482422,125.69999694824219,125.80000305175781,998.0
2026-08-05 15:51:00,NWS,,33.0,33.0099983215332,32.93000030517578,32.93000030517578,15724.0
2026-08-05 15:51:00,NWSA,,29.014999389648438,29.020000457763672,28.915000915527344,28.93000030517578,100993.0
2026-08-05 15:51:00,NXPI,,231.99000549316406,232.5,231.99000549316406,232.30999755859375,25800.0
2026-08-05 15:51:00,NXST,,189.1999969482422,189.27000427246094,189.13999938964844,189.27000427246094,1669.0
2026-08-05 15:51:00,NXT,,100.8499984741211,100.9000015258789,100.68000030517578,100.72000122070312,19477.0
2026-08-05 15:51:00,NXTC,,5.199999809265137,5.252999782562256,5.199999809265137,5.224999904632568,2432.0
2026-08-05 15:51:00,NYXH,,1.409000039100647,1.409000039100647,1.409000039100647,1.409000039100647,300.0
2026-08-05 15:51:00,OBIO,,4.230000019073486,4.230000019073486,4.230000019073486,4.230000019073486,546.0
2026-08-05 15:51:00,OCC,,15.760000228881836,15.760000228881836,15.760000228881836,15.760000228881836,978.0
2026-08-05 15:51:00,OCFC,,19.854999542236328,19.854999542236328,19.825000762939453,19.825000762939453,10106.0
2026-08-05 15:51:00,OCGN,,1.2899999618530273,1.2899999618530273,1.2799999713897705,1.2898999452590942,6252.0
2026-08-05 15:51:00,OCS,,12.0,12.0,11.989999771118164,11.989999771118164,865.0
2026-08-05 15:51:00,OCSL,,12.020000457763672,12.020000457763672,12.020000457763672,12.020000457763672,3418.0
2026-08-05 15:51:00,OCUL,,8.5,8.505000114440918,8.5,8.505000114440918,3530.0
2026-08-05 15:51:00,ODD,,15.180000305175781,15.180000305175781,15.170000076293945,15.170000076293945,4843.0
2026-08-05 15:51:00,ODFL,,215.58999633789062,215.64999389648438,215.52999877929688,215.5800018310547,7950.0
2026-08-05 15:51:00,OESX,,15.600000381469727,15.600000381469727,15.31760025024414,15.31760025024414,1039.0
2026-08-05 15:51:00,OFIX,,10.600000381469727,10.779999732971191,10.579999923706055,10.779999732971191,74922.0
2026-08-05 15:51:00,OGI,,0.9553999900817871,0.9578999876976013,0.9517999887466431,0.9517999887466431,961.0
2026-08-05 15:51:00,OKTA,,147.11500549316406,147.27499389648438,147.11000061035156,147.27499389648438,14502.0
2026-08-05 15:51:00,OLLI,,78.7249984741211,78.7249984741211,78.58000183105469,78.58999633789062,10827.0
2026-08-05 15:51:00,OLMA,,11.510000228881836,11.510000228881836,11.510000228881836,11.510000228881836,702.0
2026-08-05 15:51:00,OM,,5.079999923706055,5.079999923706055,5.079999923706055,5.079999923706055,738.0
2026-08-05 15:51:00,OMCL,,37.27000045776367,37.29999923706055,37.27000045776367,37.27000045776367,4402.0
2026-08-05 15:51:00,OMER,,12.649999618530273,12.649999618530273,12.649999618530273,12.649999618530273,2568.0
2026-08-05 15:51:00,OMEX,,0.7432000041007996,0.7455999851226807,0.7432000041007996,0.7455999851226807,0.0
2026-08-05 15:51:00,ON,,77.61000061035156,77.69499969482422,77.54499816894531,77.66000366210938,83222.0
2026-08-05 15:51:00,ONB,,27.030000686645508,27.030000686645508,27.024999618530273,27.024999618530273,6705.0
2026-08-05 15:51:00,ONCO,,0.7997999787330627,0.7997999787330627,0.7997999787330627,0.7997999787330627,7445.0
2026-08-05 15:51:00,ONCY,,0.7961000204086304,0.7961000204086304,0.7961000204086304,0.7961000204086304,1559.0
2026-08-05 15:51:00,ONDS,,8.845000267028809,8.859999656677246,8.84000015258789,8.854999542236328,96422.0
2026-08-05 15:51:00,ONFO,,0.07370000332593918,0.0738999992609024,0.0731000006198883,0.0737999975681305,125753.0
2026-08-05 15:51:00,OPCH,,23.709999084472656,23.71500015258789,23.649999618530273,23.649999618530273,21857.0
2026-08-05 15:51:00,OPEN,,3.7750000953674316,3.7799999713897705,3.759999990463257,3.765000104904175,221929.0
2026-08-05 15:51:00,OPHC,,8.869999885559082,8.890000343322754,8.854999542236328,8.854999542236328,821.0
2026-08-05 15:51:00,OPK,,1.3450000286102295,1.3450000286102295,1.3450000286102295,1.3450000286102295,5898.0
2026-08-05 15:51:00,ORGO,,2.3519999980926514,2.3519999980926514,2.3399999141693115,2.3450000286102295,32776.0
2026-08-05 15:51:00,ORIC,,12.869999885559082,12.869999885559082,12.859999656677246,12.859999656677246,8417.0
2026-08-05 15:51:00,ORLY,,93.52999877929688,93.54000091552734,93.49500274658203,93.5199966430664,17903.0
2026-08-05 15:51:00,ORMP,,4.320000171661377,4.320000171661377,4.320000171661377,4.320000171661377,1877.0
2026-08-05 15:51:00,OSBC,,25.915000915527344,25.915000915527344,25.899999618530273,25.899999618530273,2174.0
2026-08-05 15:51:00,OSIS,,236.08999633789062,236.30999755859375,235.80499267578125,235.88499450683594,1151.0
2026-08-05 15:51:00,OSPN,,16.309999465942383,16.309999465942383,16.270000457763672,16.290000915527344,4247.0
2026-08-05 15:51:00,OSS,,13.399999618530273,13.399999618530273,13.34000015258789,13.34000015258789,3696.0
2026-08-05 15:51:00,OSUR,,4.130000114440918,4.135000228881836,4.130000114440918,4.130000114440918,1915.0
2026-08-05 15:51:00,OSW,,26.520000457763672,26.540000915527344,26.520000457763672,26.530000686645508,1869.0
2026-08-05 15:51:00,OTEX,,25.71500015258789,25.719999313354492,25.700000762939453,25.709999084472656,17509.0
2026-08-05 15:51:00,OTLK,,1.024999976158142,1.0299999713897705,1.0200999975204468,1.0299999713897705,21938.0
2026-08-05 15:51:00,OTTR,,92.53500366210938,92.55999755859375,92.5,92.5,3768.0
2026-08-05 15:51:00,OVID,,2.5999999046325684,2.5999999046325684,2.598299980163574,2.598299980163574,2097.0
2026-08-05 15:51:00,OXSQ,,1.5049999952316284,1.5049999952316284,1.5,1.5049999952316284,10526.0
2026-08-05 15:51:00,PAA,,23.25,23.2549991607666,23.239999771118164,23.25,29993.0
2026-08-05 15:51:00,PAAS,,48.29999923706055,48.29999923706055,48.23500061035156,48.2400016784668,28708.0
2026-08-05 15:51:00,PACB,,1.3049999475479126,1.309999942779541,1.2999999523162842,1.3049999475479126,43798.0
2026-08-05 15:51:00,PAGP,,25.190000534057617,25.204999923706055,25.190000534057617,25.19499969482422,11361.0
2026-08-05 15:51:00,PAHC,,35.7599983215332,35.79999923706055,35.7599983215332,35.7599983215332,2149.0
2026-08-05 15:51:00,PALI,,2.115000009536743,2.115000009536743,2.111299991607666,2.115000009536743,2573.0
2026-08-05 15:51:00,PANL,,7.295000076293945,7.295000076293945,7.290900230407715,7.290900230407715,2941.0
2026-08-05 15:51:00,PANW,,364.1321105957031,365.489013671875,364.1321105957031,364.95001220703125,53460.0
2026-08-05 15:51:00,PATK,,87.83000183105469,88.02999877929688,87.83000183105469,88.02999877929688,2559.0
2026-08-05 15:51:00,PAVS,,4.960000038146973,4.960000038146973,4.960000038146973,4.960000038146973,1995.0
2026-08-05 15:51:00,PAX,,11.335000038146973,11.34000015258789,11.335000038146973,11.335000038146973,4875.0
2026-08-05 15:51:00,PAYO,,7.119999885559082,7.125,7.119999885559082,7.119999885559082,9269.0
2026-08-05 15:51:00,PAYS,,9.270000457763672,9.291000366210938,9.21500015258789,9.21500015258789,7102.0
2026-08-05 15:51:00,PAYX,,118.20999908447266,118.21499633789062,118.125,118.125,14748.0
2026-08-05 15:51:00,PBYI,,8.024999618530273,8.024999618530273,8.024999618530273,8.024999618530273,246.0
2026-08-05 15:51:00,PCAR,,133.80999755859375,133.80999755859375,133.75,133.8000030517578,28421.0
2026-08-05 15:51:00,PCRX,,24.850000381469727,24.889999389648438,24.850000381469727,24.8799991607666,10760.0
2026-08-05 15:51:00,PCSA,,2.194999933242798,2.226799964904785,2.194999933242798,2.226799964904785,2561.0
2026-08-05 15:51:00,PCT,,6.875,6.875,6.855000019073486,6.858799934387207,17938.0
2026-08-05 15:51:00,PCTY,,147.77999877929688,147.77999877929688,147.67999267578125,147.67999267578125,2312.0
2026-08-05 15:51:00,PDD,,90.79000091552734,90.79000091552734,90.7300033569336,90.75,14978.0
2026-08-05 15:51:00,PDEX,,66.72000122070312,66.72000122070312,66.72000122070312,66.72000122070312,261.0
2026-08-05 15:51:00,PDFS,,49.73500061035156,49.90999984741211,49.73500061035156,49.90999984741211,1249.0
2026-08-05 15:51:00,PDLB,,20.479999542236328,20.479999542236328,20.479999542236328,20.479999542236328,475.0
2026-08-05 15:51:00,PEBO,,41.7599983215332,41.7599983215332,41.7599983215332,41.7599983215332,1146.0
2026-08-05 15:51:00,PECO,,41.45000076293945,41.459999084472656,41.41999816894531,41.41999816894531,5371.0
2026-08-05 15:51:00,PEGA,,31.950000762939453,31.959999084472656,31.90999984741211,31.920000076293945,21696.0
2026-08-05 15:51:00,PENN,,19.514999389648438,19.530000686645508,19.514999389648438,19.524999618530273,17846.0
2026-08-05 15:51:00,PEP,,138.90499877929688,138.9199981689453,138.8699951171875,138.91000366210938,23137.0
2026-08-05 15:51:00,PEPG,,1.9600000381469727,1.9700000286102295,1.9600000381469727,1.9600000381469727,859.0
2026-08-05 15:51:00,PERI,,9.649999618530273,9.649999618530273,9.645000457763672,9.645000457763672,2396.0
2026-08-05 15:51:00,PESI,,17.700000762939453,17.700000762939453,17.665000915527344,17.670000076293945,7337.0
2026-08-05 15:51:00,PFG,,114.93000030517578,114.94999694824219,114.80000305175781,114.80000305175781,5942.0
2026-08-05 15:51:00,PFIS,,72.06999969482422,72.06999969482422,72.06999969482422,72.06999969482422,258.0
2026-08-05 15:51:00,PGC,,46.47999954223633,46.47999954223633,46.47999954223633,46.47999954223633,264.0
2026-08-05 15:51:00,PGEN,,6.985000133514404,7.019999980926514,6.980000019073486,7.010000228881836,102710.0
2026-08-05 15:51:00,PGNY,,31.43000030517578,31.43000030517578,31.399999618530273,31.40999984741211,4475.0
2026-08-05 15:51:00,PGY,,21.829999923706055,21.829999923706055,21.799999237060547,21.799999237060547,7632.0
2026-08-05 15:51:00,PHAT,,8.234999656677246,8.234999656677246,8.225000381469727,8.225000381469727,6314.0
2026-08-05 15:51:00,PHVS,,33.474998474121094,33.474998474121094,33.474998474121094,33.474998474121094,1345.0
2026-08-05 15:51:00,PKBK,,34.33000183105469,34.33000183105469,34.33000183105469,34.33000183105469,309.0
2026-08-05 15:51:00,PLAB,,32.11000061035156,32.130001068115234,32.11000061035156,32.130001068115234,3191.0
2026-08-05 15:51:00,PLMR,,134.7899932861328,135.0,134.7899932861328,135.0,986.0
2026-08-05 15:51:00,PLSE,,38.05500030517578,38.05500030517578,38.05500030517578,38.05500030517578,1632.0
2026-08-05 15:51:00,PLTK,,3.9149999618530273,3.9200000762939453,3.9100000858306885,3.9100000858306885,2647.0
2026-08-05 15:51:00,PLUG,,2.075000047683716,2.0799999237060547,2.069999933242798,2.075000047683716,99555.0
2026-08-05 15:51:00,PLXS,,276.2298889160156,276.2298889160156,276.1300048828125,276.2298889160156,2080.0
2026-08-05 15:51:00,PNBK,,1.1549999713897705,1.1549999713897705,1.149999976158142,1.149999976158142,985.0
2026-08-05 15:51:00,PNFP,,107.63999938964844,107.68499755859375,107.58000183105469,107.68499755859375,30187.0
2026-08-05 15:51:00,PNRG,,186.78500366210938,186.78500366210938,186.78500366210938,186.78500366210938,250.0
2026-08-05 15:51:00,PNTG,,39.06999969482422,39.13999938964844,39.029998779296875,39.08000183105469,1035.0
2026-08-05 15:51:00,PODC,,3.494999885559082,3.494999885559082,3.494999885559082,3.494999885559082,416.0
2026-08-05 15:51:00,POET,,8.149999618530273,8.15999984741211,8.145000457763672,8.149999618530273,23544.0
2026-08-05 15:51:00,POOL,,205.6649932861328,205.75,205.60000610351562,205.6300048828125,1179.0
2026-08-05 15:51:00,POWI,,62.279998779296875,62.279998779296875,62.22999954223633,62.27000045776367,4334.0
2026-08-05 15:51:00,POWL,,209.80499267578125,210.11500549316406,209.6300048828125,210.05999755859375,5780.0
2026-08-05 15:51:00,PPC,,26.510000228881836,26.510000228881836,26.507999420166016,26.510000228881836,5882.0
2026-08-05 15:51:00,PPTA,,22.780000686645508,22.780000686645508,22.739999771118164,22.739999771118164,9095.0
2026-08-05 15:51:00,PRAX,,318.239990234375,318.6300048828125,318.239990234375,318.55999755859375,499.0
2026-08-05 15:51:00,PRCH,,15.9399995803833,15.9399995803833,15.914999961853027,15.9399995803833,5925.0
2026-08-05 15:51:00,PRCT,,19.424999237060547,19.469999313354492,19.399999618530273,19.420000076293945,42292.0
2026-08-05 15:51:00,PRDO,,32.98500061035156,33.0,32.98500061035156,33.0,3900.0
2026-08-05 15:51:00,PRFX,,1.124400019645691,1.1299999952316284,1.124400019645691,1.1299999952316284,400.0
2026-08-05 15:51:00,PRGS,,42.38999938964844,42.38999938964844,42.36000061035156,42.36000061035156,1959.0
2026-08-05 15:51:00,PRIM,,83.01499938964844,83.13999938964844,82.97000122070312,83.0,9892.0
2026-08-05 15:51:00,PRLD,,4.489999771118164,4.489999771118164,4.489999771118164,4.489999771118164,147.0
2026-08-05 15:51:00,PRME,,3.0399999618530273,3.0399999618530273,3.0309998989105225,3.0309998989105225,9492.0
2026-08-05 15:51:00,PROK,,1.6349999904632568,1.6349999904632568,1.6349999904632568,1.6349999904632568,735.0
2026-08-05 15:51:00,PRPH,,0.04100000113248825,0.04100000113248825,0.04100000113248825,0.04100000113248825,30000.0
2026-08-05 15:51:00,PRQR,,1.965000033378601,1.9700000286102295,1.965000033378601,1.9700000286102295,16416.0
2026-08-05 15:51:00,PRSO,,0.7095999717712402,0.7095999717712402,0.7092999815940857,0.7095999717712402,1687.0
2026-08-05 15:51:00,PRTA,,8.477999687194824,8.477999687194824,8.470000267028809,8.470000267028809,2279.0
2026-08-05 15:51:00,PRTH,,6.679999828338623,6.679999828338623,6.679999828338623,6.679999828338623,466.0
2026-08-05 15:51:00,PRVA,,24.040000915527344,24.040000915527344,23.985000610351562,23.990400314331055,11942.0
2026-08-05 15:51:00,PRZO,,0.5629000067710876,0.5629000067710876,0.5629000067710876,0.5629000067710876,269.0
2026-08-05 15:51:00,PSEC,,2.174999952316284,2.1798999309539795,2.174999952316284,2.174999952316284,6567.0
2026-08-05 15:51:00,PSMT,,186.61000061035156,186.61000061035156,186.5500030517578,186.61000061035156,2306.0
2026-08-05 15:51:00,PSNL,,13.550000190734863,13.550000190734863,13.550000190734863,13.550000190734863,2369.0
2026-08-05 15:51:00,PSNY,,14.569999694824219,14.569999694824219,14.529999732971191,14.529999732971191,545.0
2026-08-05 15:51:00,PTC,,139.9499969482422,140.00900268554688,139.8699951171875,139.89999389648438,13807.0
2026-08-05 15:51:00,PTCT,,68.9000015258789,68.91999816894531,68.86000061035156,68.87000274658203,2368.0
2026-08-05 15:51:00,PTEN,,9.555000305175781,9.585000038146973,9.555000305175781,9.57509994506836,113602.0
2026-08-05 15:51:00,PTGX,,136.8000030517578,136.8000030517578,136.5850067138672,136.75999450683594,1418.0
2026-08-05 15:51:00,PTLO,,4.65500020980835,4.659999847412109,4.635000228881836,4.639100074768066,10378.0
2026-08-05 15:51:00,PTON,,6.512199878692627,6.545000076293945,6.510000228881836,6.539999961853027,58730.0
2026-08-05 15:51:00,PUBM,,13.609999656677246,13.614999771118164,13.609999656677246,13.614999771118164,2333.0
2026-08-05 15:51:00,PWP,,17.360000610351562,17.3799991607666,17.34000015258789,17.344999313354492,9476.0
2026-08-05 15:51:00,PYPD,,4.599999904632568,4.599999904632568,4.599999904632568,4.599999904632568,392.0
2026-08-05 15:51:00,PYPL,,58.0463981628418,58.0463981628418,57.9900016784668,57.9900016784668,39624.0
2026-08-05 15:51:00,PYXS,,3.091099977493286,3.0950000286102295,3.089900016784668,3.0950000286102295,5422.0
2026-08-05 15:51:00,PZZA,,29.795000076293945,29.81999969482422,29.760000228881836,29.760000228881836,8739.0
2026-08-05 15:51:00,QCOM,,158.57000732421875,158.69000244140625,158.44500732421875,158.52999877929688,26815.0
2026-08-05 15:51:00,QFIN,,13.170000076293945,13.170000076293945,13.164999961853027,13.164999961853027,4689.0
2026-08-05 15:51:00,QQQX,,30.344999313354492,30.344999313354492,30.344999313354492,30.344999313354492,322.0
2026-08-05 15:51:00,QRVO,,95.83000183105469,95.87000274658203,95.76000213623047,95.83000183105469,7745.0
2026-08-05 15:51:00,SEED,,1.0399999618530273,1.0499999523162842,1.0399999618530273,1.0499999523162842,3925.0
2026-08-05 15:51:00,STIM,,2.380000114440918,2.380000114440918,2.380000114440918,2.380000114440918,10315.0
2026-08-05 15:51:00,STKS,,1.750100016593933,1.750100016593933,1.750100016593933,1.750100016593933,441.0
2026-08-05 15:51:00,TARA,,4.005000114440918,4.005000114440918,4.005000114440918,4.005000114440918,1654.0
2026-08-05 15:52:00,ACDC,,4.514999866485596,4.525000095367432,4.510000228881836,4.510000228881836,33374.0
2026-08-05 15:52:00,CASH,,89.55000305175781,89.55000305175781,89.55000305175781,89.55000305175781,531.0
2026-08-05 15:52:00,CNXN,,86.4800033569336,86.4800033569336,86.4000015258789,86.4000015258789,1755.0
2026-08-05 15:52:00,DTIL,,7.449999809265137,7.449999809265137,7.445000171661377,7.445000171661377,1130.0
2026-08-05 15:52:00,EYE,,23.0049991607666,23.0049991607666,22.950000762939453,22.950000762939453,18893.0
2026-08-05 15:52:00,FIZZ,,32.2400016784668,32.2400016784668,32.22999954223633,32.22999954223633,536.0
2026-08-05 15:52:00,GLUE,,15.369999885559082,15.369999885559082,15.34000015258789,15.359999656677246,4808.0
2026-08-05 15:52:00,KIDS,,22.264999389648438,22.350000381469727,22.264999389648438,22.274999618530273,1768.0
2026-08-05 15:52:00,KITT,,1.0099999904632568,1.024999976158142,1.0099999904632568,1.0099999904632568,5811.0
2026-08-05 15:52:00,LUNG,,1.9850000143051147,1.9900000095367432,1.9850000143051147,1.9900000095367432,3437.0
2026-08-05 15:52:00,MBRX,,0.38190001249313354,0.39250001311302185,0.38190001249313354,0.39250001311302185,29710.0
2026-08-05 15:52:00,MCRI,,121.66500091552734,121.80999755859375,121.66000366210938,121.76000213623047,995.0
2026-08-05 15:52:00,MDB,,376.05999755859375,376.4100036621094,375.3399963378906,375.80999755859375,15813.0
2026-08-05 15:52:00,MDLZ,,62.76499938964844,62.77000045776367,62.66999816894531,62.70500183105469,69919.0
2026-08-05 15:52:00,MLTX,,17.530000686645508,17.530000686645508,17.510000228881836,17.510000228881836,1940.0
2026-08-05 15:52:00,MNPR,,118.08499908447266,118.08499908447266,118.08499908447266,118.08499908447266,1485.0
2026-08-05 15:52:00,MNRO,,13.09000015258789,13.100000381469727,13.09000015258789,13.100000381469727,2532.0
2026-08-05 15:52:00,MNST,,94.54000091552734,94.54000091552734,94.46499633789062,94.46499633789062,16324.0
2026-08-05 15:52:00,MNTK,,1.7100000381469727,1.7100000381469727,1.7100000381469727,1.7100000381469727,105.0
2026-08-05 15:52:00,MNTS,,4.150000095367432,4.199999809265137,4.150000095367432,4.199999809265137,57729.0
2026-08-05 15:52:00,MORN,,198.9550018310547,198.97500610351562,198.9550018310547,198.97500610351562,1120.0
2026-08-05 15:52:00,MPAA,,13.84000015258789,13.84000015258789,13.789999961853027,13.789999961853027,1908.0
2026-08-05 15:52:00,MPWR,,1345.18994140625,1345.989990234375,1341.594970703125,1345.625,2629.0
2026-08-05 15:52:00,MRNA,,55.900001525878906,55.96500015258789,55.88999938964844,55.95500183105469,24072.0
2026-08-05 15:52:00,MVBF,,30.600000381469727,30.600000381469727,30.600000381469727,30.600000381469727,715.0
2026-08-05 15:52:00,MYGN,,3.174999952316284,3.180000066757202,3.1549999713897705,3.1600000858306885,22377.0
2026-08-05 15:52:00,MYPS,,0.7351999878883362,0.7351999878883362,0.7351999878883362,0.7351999878883362,316.0
2026-08-05 15:52:00,MYRG,,336.510009765625,336.6300048828125,336.010009765625,336.2099914550781,1903.0
2026-08-05 15:52:00,NAMS,,27.44499969482422,27.450000762939453,27.44499969482422,27.450000762939453,1793.0
2026-08-05 15:52:00,NAUT,,0.9319000244140625,0.9319000244140625,0.9319000244140625,0.9319000244140625,3341.0
2026-08-05 15:52:00,NAVI,,9.09000015258789,9.095000267028809,9.09000015258789,9.095000267028809,847.0
2026-08-05 15:52:00,NB,,5.045000076293945,5.050000190734863,5.041100025177002,5.045000076293945,14841.0
2026-08-05 15:52:00,NBIX,,161.5449981689453,161.69500732421875,161.50999450683594,161.6199951171875,9360.0
2026-08-05 15:52:00,NBN,,134.63999938964844,134.63999938964844,134.63999938964844,134.63999938964844,288.0
2026-08-05 15:52:00,NBTB,,53.39500045776367,53.439998626708984,53.39500045776367,53.43000030517578,2743.0
2026-08-05 15:52:00,NCRA,,1.809999942779541,1.809999942779541,1.7999999523162842,1.7999999523162842,1032.0
2026-08-05 15:52:00,NDAQ,,94.51499938964844,94.5376968383789,94.48999786376953,94.5376968383789,3037.0
2026-08-05 15:52:00,NDSN,,311.0150146484375,311.0899963378906,311.010009765625,311.05999755859375,1904.0
2026-08-05 15:52:00,NEGG,,17.34000015258789,17.34000015258789,17.34000015258789,17.34000015258789,1170.0
2026-08-05 15:52:00,NEO,,15.770000457763672,15.839900016784668,15.770000457763672,15.789999961853027,14445.0
2026-08-05 15:52:00,NEOG,,11.414999961853027,11.430000305175781,11.399999618530273,11.430000305175781,22170.0
2026-08-05 15:52:00,NEOV,,2.8450000286102295,2.8450000286102295,2.8399999141693115,2.8399999141693115,6404.0
2026-08-05 15:52:00,NESR,,28.415000915527344,28.450000762939453,28.40999984741211,28.44499969482422,3691.0
2026-08-05 15:52:00,NEWT,,15.119999885559082,15.119999885559082,15.104999542236328,15.104999542236328,774.0
2026-08-05 15:52:00,NEXT,,6.414999961853027,6.429999828338623,6.414999961853027,6.429999828338623,11049.0
2026-08-05 15:52:00,NFE,,0.33410000801086426,0.33410000801086426,0.33410000801086426,0.33410000801086426,697.0
2026-08-05 15:52:00,NFLX,,74.12960052490234,74.12960052490234,74.0199966430664,74.05000305175781,264994.0
2026-08-05 15:52:00,NGNE,,35.81999969482422,35.81999969482422,35.68000030517578,35.68000030517578,344.0
2026-08-05 15:52:00,NHTC,,1.600000023841858,1.6100000143051147,1.5800000429153442,1.6100000143051147,3185.0
2026-08-05 15:52:00,NICE,,99.87999725341797,100.1500015258789,99.74500274658203,99.98999786376953,7563.0
2026-08-05 15:52:00,NKTR,,72.29000091552734,72.5,72.29000091552734,72.29000091552734,5011.0
2026-08-05 15:52:00,NKTX,,2.2049999237060547,2.2049999237060547,2.2049999237060547,2.2049999237060547,1780.0
2026-08-05 15:52:00,NMFC,,7.355000019073486,7.355000019073486,7.355000019073486,7.355000019073486,1612.0
2026-08-05 15:52:00,NMFCZ,,25.114999771118164,25.114999771118164,25.114999771118164,25.114999771118164,749.0
2026-08-05 15:52:00,NMRA,,1.6150000095367432,1.6200000047683716,1.6100000143051147,1.6150000095367432,6420.0
2026-08-05 15:52:00,NMRK,,15.734999656677246,15.755000114440918,15.732500076293945,15.75,25872.0
2026-08-05 15:52:00,NN,,14.800000190734863,14.8100004196167,14.800000190734863,14.8100004196167,15526.0
2026-08-05 15:52:00,NNBR,,3.860100030899048,3.880000114440918,3.860100030899048,3.880000114440918,13887.0
2026-08-05 15:52:00,NNDM,,1.565000057220459,1.5700000524520874,1.559999942779541,1.559999942779541,29869.0
2026-08-05 15:52:00,NNOX,,1.0199999809265137,1.0199999809265137,1.0199999809265137,1.0199999809265137,1017.0
2026-08-05 15:52:00,NOVT,,153.2949981689453,154.05999755859375,153.2949981689453,154.02999877929688,6502.0
2026-08-05 15:52:00,NPCE,,13.579999923706055,13.579999923706055,13.579999923706055,13.579999923706055,1164.0
2026-08-05 15:52:00,NRC,,19.559999465942383,19.559999465942383,19.530000686645508,19.530000686645508,1096.0
2026-08-05 15:52:00,NRIX,,25.014999389648438,25.049999237060547,25.010000228881836,25.014999389648438,6985.0
2026-08-05 15:52:00,NRXP,,3.055000066757202,3.059999942779541,3.055000066757202,3.059999942779541,1911.0
2026-08-05 15:52:00,NSSC,,40.45000076293945,40.45000076293945,40.45000076293945,40.45000076293945,343.0
2026-08-05 15:52:00,NTAP,,187.5050048828125,187.6699981689453,187.3800048828125,187.63999938964844,20749.0
2026-08-05 15:52:00,NTCT,,41.52000045776367,41.53499984741211,41.470001220703125,41.47999954223633,6085.0
2026-08-05 15:52:00,NTES,,127.8949966430664,127.91999816894531,127.83000183105469,127.83000183105469,4012.0
2026-08-05 15:52:00,NTGR,,24.329999923706055,24.329999923706055,24.329999923706055,24.329999923706055,3071.0
2026-08-05 15:52:00,NTNX,,61.11000061035156,61.11000061035156,61.060001373291016,61.09000015258789,23758.0
2026-08-05 15:52:00,NTRA,,273.80999755859375,274.17999267578125,273.80999755859375,273.9750061035156,4804.0
2026-08-05 15:52:00,NTRS,,184.4550018310547,184.5800018310547,184.45249938964844,184.5800018310547,5427.0
2026-08-05 15:52:00,NUWE,,1.659999966621399,1.659999966621399,1.649999976158142,1.659999966621399,7130.0
2026-08-05 15:52:00,NVAX,,7.625,7.630000114440918,7.619999885559082,7.619999885559082,12797.0
2026-08-05 15:52:00,NVCR,,16.110000610351562,16.125,16.100000381469727,16.110000610351562,29421.0
2026-08-05 15:52:00,NVCT,,19.354999542236328,19.354999542236328,19.354999542236328,19.354999542236328,509.0
2026-08-05 15:52:00,NVDA,,220.21499633789062,220.25999450683594,220.02099609375,220.19500732421875,344448.0
2026-08-05 15:52:00,NVEC,,128.6999969482422,128.6999969482422,128.6999969482422,128.6999969482422,292.0
2026-08-05 15:52:00,NVMI,,406.0799865722656,406.4200134277344,405.20001220703125,406.0224914550781,4298.0
2026-08-05 15:52:00,NVTS,,12.420000076293945,12.4399995803833,12.399999618530273,12.430000305175781,46222.0
2026-08-05 15:52:00,NVX,,0.4000000059604645,0.4000000059604645,0.4000000059604645,0.4000000059604645,300.0
2026-08-05 15:52:00,NWBI,,15.994999885559082,16.0,15.994999885559082,15.994999885559082,1650.0
2026-08-05 15:52:00,NWE,,68.98500061035156,69.0,68.9800033569336,68.9800033569336,2652.0
2026-08-05 15:52:00,NWL,,6.184999942779541,6.185100078582764,6.179999828338623,6.184999942779541,16532.0
2026-08-05 15:52:00,NWPX,,125.8499984741211,125.88999938964844,125.8499984741211,125.88999938964844,802.0
2026-08-05 15:52:00,NWS,,32.98500061035156,33.005001068115234,32.959999084472656,32.994998931884766,14196.0
2026-08-05 15:52:00,NWSA,,28.979999542236328,29.030000686645508,28.969999313354492,29.010000228881836,74600.0
2026-08-05 15:52:00,NXPI,,231.90499877929688,232.11500549316406,231.8000030517578,232.0,26649.0
2026-08-05 15:52:00,NXST,,189.22000122070312,189.4250030517578,189.14999389648438,189.30999755859375,2549.0
2026-08-05 15:52:00,NXT,,100.87000274658203,100.91999816894531,100.77999877929688,100.91000366210938,29726.0
2026-08-05 15:52:00,NYXH,,1.4049999713897705,1.4088000059127808,1.4049999713897705,1.4088000059127808,430.0
2026-08-05 15:52:00,OBIO,,4.239999771118164,4.239999771118164,4.224999904632568,4.224999904632568,1762.0
2026-08-05 15:52:00,OCFC,,19.860000610351562,19.864999771118164,19.860000610351562,19.860000610351562,5491.0
2026-08-05 15:52:00,OCGN,,1.2899999618530273,1.2899999618530273,1.284999966621399,1.284999966621399,6583.0
2026-08-05 15:52:00,OCS,,12.024999618530273,12.024999618530273,11.989999771118164,11.989999771118164,1829.0
2026-08-05 15:52:00,OCSL,,12.0,12.015000343322754,12.0,12.010000228881836,2727.0
2026-08-05 15:52:00,OCUL,,8.515000343322754,8.515000343322754,8.494999885559082,8.5,15362.0
2026-08-05 15:52:00,ODD,,15.1899995803833,15.1899995803833,15.180000305175781,15.180000305175781,2333.0
2026-08-05 15:52:00,ODFL,,215.14999389648438,215.52000427246094,215.14999389648438,215.52000427246094,20878.0
2026-08-05 15:52:00,OESX,,15.869999885559082,15.869999885559082,15.220000267028809,15.220000267028809,1841.0
2026-08-05 15:52:00,OFIX,,10.600000381469727,10.600000381469727,10.600000381469727,10.600000381469727,4195.0
2026-08-05 15:52:00,OGI,,0.9527999758720398,0.9527999758720398,0.9527999758720398,0.9527999758720398,444.0
2026-08-05 15:52:00,OKTA,,146.9499969482422,147.14999389648438,146.91000366210938,147.10499572753906,17461.0
2026-08-05 15:52:00,OLB,,0.299699991941452,0.299699991941452,0.29499998688697815,0.296099990606308,3444.0
2026-08-05 15:52:00,OLLI,,78.68000030517578,78.73500061035156,78.6500015258789,78.7300033569336,5728.0
2026-08-05 15:52:00,OLMA,,11.520000457763672,11.53499984741211,11.515000343322754,11.520000457763672,5410.0
2026-08-05 15:52:00,OM,,5.079999923706055,5.079999923706055,5.079999923706055,5.079999923706055,101.0
2026-08-05 15:52:00,OMCL,,37.22999954223633,37.290000915527344,37.22999954223633,37.290000915527344,4002.0
2026-08-05 15:52:00,OMER,,12.6850004196167,12.6850004196167,12.680000305175781,12.680000305175781,3998.0
2026-08-05 15:52:00,OMEX,,0.7427999973297119,0.7427999973297119,0.7427999973297119,0.7427999973297119,164.0
2026-08-05 15:52:00,OMH,,0.11720000207424164,0.11720000207424164,0.11630000174045563,0.11649999767541885,46091.0
2026-08-05 15:52:00,ON,,77.41000366210938,77.5999984741211,77.35009765625,77.5999984741211,87973.0
2026-08-05 15:52:00,ONB,,27.045000076293945,27.045000076293945,27.03499984741211,27.03499984741211,4240.0
2026-08-05 15:52:00,ONCO,,0.8029000163078308,0.8029000163078308,0.8029000163078308,0.8029000163078308,659.0
2026-08-05 15:52:00,ONCY,,0.7961000204086304,0.7961000204086304,0.7961000204086304,0.7961000204086304,1620.0
2026-08-05 15:52:00,ONDS,,8.845000267028809,8.850000381469727,8.84000015258789,8.845000267028809,91796.0
2026-08-05 15:52:00,ONEW,,12.529999732971191,12.550000190734863,12.529999732971191,12.550000190734863,394.0
2026-08-05 15:52:00,ONFO,,0.07339999824762344,0.07349999994039536,0.0731000006198883,0.0731000006198883,89128.0
2026-08-05 15:52:00,ONFOW,,0.011099999770522118,0.011099999770522118,0.011099999770522118,0.011099999770522118,0.0
2026-08-05 15:52:00,OPCH,,23.719999313354492,23.729999542236328,23.704999923706055,23.719999313354492,21923.0
2026-08-05 15:52:00,OPEN,,3.765000104904175,3.7850000858306885,3.759999990463257,3.7799999713897705,457615.0
2026-08-05 15:52:00,OPHC,,8.869999885559082,8.869999885559082,8.869999885559082,8.869999885559082,601.0
2026-08-05 15:52:00,OPK,,1.3450000286102295,1.3450000286102295,1.340000033378601,1.340000033378601,5714.0
2026-08-05 15:52:00,OPRA,,19.959999084472656,19.989999771118164,19.959999084472656,19.979999542236328,5655.0
2026-08-05 15:52:00,OPRT,,6.03000020980835,6.03000020980835,6.01200008392334,6.01200008392334,2203.0
2026-08-05 15:52:00,OPRX,,7.0,7.0,7.0,7.0,7836.0
2026-08-05 15:52:00,ORGO,,2.3499999046325684,2.3519999980926514,2.3499999046325684,2.3519999980926514,1241.0
2026-08-05 15:52:00,ORIC,,12.869999885559082,12.880000114440918,12.854999542236328,12.869999885559082,12438.0
2026-08-05 15:52:00,ORLY,,93.54000091552734,93.5999984741211,93.53500366210938,93.54000091552734,25919.0
2026-08-05 15:52:00,ORMP,,4.329999923706055,4.329999923706055,4.324999809265137,4.324999809265137,557.0
2026-08-05 15:52:00,OSIS,,235.8800048828125,236.39500427246094,235.8800048828125,236.0800018310547,1369.0
2026-08-05 15:52:00,OSPN,,16.34000015258789,16.34000015258789,16.301000595092773,16.31999969482422,4140.0
2026-08-05 15:52:00,OSS,,13.359999656677246,13.390000343322754,13.359999656677246,13.390000343322754,5515.0
2026-08-05 15:52:00,OSUR,,4.135000228881836,4.135000228881836,4.135000228881836,4.135000228881836,442.0
2026-08-05 15:52:00,OSW,,26.520000457763672,26.520000457763672,26.520000457763672,26.520000457763672,1047.0
2026-08-05 15:52:00,OTEX,,25.704999923706055,25.709999084472656,25.704999923706055,25.709999084472656,15577.0
2026-08-05 15:52:00,OTLK,,1.0299999713897705,1.0299999713897705,1.024999976158142,1.0299999713897705,10867.0
2026-08-05 15:52:00,OTLY,,14.539999961853027,14.539999961853027,14.539999961853027,14.539999961853027,203.0
2026-08-05 15:52:00,OTTR,,92.55500030517578,92.55500030517578,92.41999816894531,92.41999816894531,1514.0
2026-08-05 15:52:00,OVID,,2.5999999046325684,2.5999999046325684,2.5999999046325684,2.5999999046325684,5070.0
2026-08-05 15:52:00,OXSQ,,1.5049999952316284,1.5098999738693237,1.5049999952316284,1.5049999952316284,7775.0
2026-08-05 15:52:00,PAA,,23.235000610351562,23.25,23.21500015258789,23.25,33312.0
2026-08-05 15:52:00,PAAS,,48.2599983215332,48.290000915527344,48.2400016784668,48.290000915527344,20789.0
2026-08-05 15:52:00,PACB,,1.3049999475479126,1.309999942779541,1.3000999689102173,1.3049999475479126,65689.0
2026-08-05 15:52:00,PAGP,,25.165000915527344,25.184999465942383,25.165000915527344,25.184999465942383,4383.0
2026-08-05 15:52:00,PAHC,,35.86000061035156,35.86000061035156,35.849998474121094,35.86000061035156,1141.0
2026-08-05 15:52:00,PALI,,2.119999885559082,2.125,2.109999895095825,2.109999895095825,40764.0
2026-08-05 15:52:00,PANL,,7.284999847412109,7.289999961853027,7.284999847412109,7.289999961853027,2255.0
2026-08-05 15:52:00,PANW,,364.097900390625,364.3399963378906,364.0400085449219,364.2300109863281,20191.0
2026-08-05 15:52:00,PATK,,87.70999908447266,87.83999633789062,87.70999908447266,87.83000183105469,2173.0
2026-08-05 15:52:00,PAX,,11.335000038146973,11.34000015258789,11.329999923706055,11.335000038146973,2409.0
2026-08-05 15:52:00,PAYO,,7.120100021362305,7.125,7.119999885559082,7.119999885559082,5230.0
2026-08-05 15:52:00,PAYS,,9.449999809265137,9.449999809265137,9.260000228881836,9.270000457763672,101976.0
2026-08-05 15:52:00,PAYX,,118.23500061035156,118.2699966430664,118.22000122070312,118.2300033569336,11863.0
2026-08-05 15:52:00,PBYI,,8.024999618530273,8.024999618530273,8.024999618530273,8.024999618530273,777.0
2026-08-05 15:52:00,PCAR,,133.75,133.875,133.75,133.83999633789062,23982.0
2026-08-05 15:52:00,PCB,,28.100000381469727,28.100000381469727,28.100000381469727,28.100000381469727,256.0
2026-08-05 15:52:00,PCRX,,25.030000686645508,25.09000015258789,24.850000381469727,24.8700008392334,20559.0
2026-08-05 15:52:00,PCSA,,2.194999933242798,2.194999933242798,2.194999933242798,2.194999933242798,100.0
2026-08-05 15:52:00,PCT,,6.860000133514404,6.875,6.860000133514404,6.869999885559082,10822.0
2026-08-05 15:52:00,PCTY,,147.48500061035156,147.6750030517578,147.39999389648438,147.67250061035156,2930.0
2026-08-05 15:52:00,PDD,,90.80999755859375,90.8499984741211,90.77999877929688,90.79499816894531,25898.0
2026-08-05 15:52:00,PDFS,,49.744998931884766,49.834999084472656,49.7400016784668,49.7400016784668,972.0
2026-08-05 15:52:00,PDLB,,20.510000228881836,20.510000228881836,20.5,20.5,917.0
2026-08-05 15:52:00,PEBO,,41.779998779296875,41.779998779296875,41.779998779296875,41.779998779296875,1455.0
2026-08-05 15:52:00,PECO,,41.470001220703125,41.470001220703125,41.470001220703125,41.470001220703125,914.0
2026-08-05 15:52:00,PEGA,,31.950000762939453,31.950000762939453,31.940000534057617,31.940000534057617,4230.0
2026-08-05 15:52:00,PENN,,19.5,19.520000457763672,19.469999313354492,19.520000457763672,45445.0
2026-08-05 15:52:00,PEP,,138.99000549316406,139.0050048828125,138.91000366210938,138.91000366210938,18124.0
2026-08-05 15:52:00,PEPG,,1.9611999988555908,1.9611999988555908,1.9611999988555908,1.9611999988555908,644.0
2026-08-05 15:52:00,PESI,,17.75,17.760000228881836,17.719999313354492,17.719999313354492,6201.0
2026-08-05 15:52:00,PFG,,114.9800033569336,114.98999786376953,114.91999816894531,114.95999908447266,4369.0
2026-08-05 15:52:00,PGC,,46.52000045776367,46.529998779296875,46.52000045776367,46.52000045776367,1215.0
2026-08-05 15:52:00,PGEN,,7.014999866485596,7.019999980926514,6.980000019073486,6.985000133514404,34458.0
2026-08-05 15:52:00,PGNY,,31.399999618530273,31.424999237060547,31.399999618530273,31.424999237060547,3486.0
2026-08-05 15:52:00,PGY,,21.809999465942383,21.81999969482422,21.790000915527344,21.81999969482422,13439.0
2026-08-05 15:52:00,PHAR,,10.675000190734863,10.675000190734863,10.675000190734863,10.675000190734863,563.0
2026-08-05 15:52:00,PHAT,,8.229999542236328,8.244999885559082,8.229999542236328,8.234999656677246,18577.0
2026-08-05 15:52:00,PHVS,,33.48500061035156,33.48500061035156,33.400001525878906,33.474998474121094,1625.0
2026-08-05 15:52:00,PKBK,,34.380001068115234,34.380001068115234,34.380001068115234,34.380001068115234,129.0
2026-08-05 15:52:00,PKOH,,41.959999084472656,42.099998474121094,41.959999084472656,42.099998474121094,914.0
2026-08-05 15:52:00,PLAB,,32.09000015258789,32.11000061035156,32.09000015258789,32.11000061035156,1864.0
2026-08-05 15:52:00,PLBY,,1.149999976158142,1.1549999713897705,1.149999976158142,1.1549999713897705,6719.0
2026-08-05 15:52:00,PLMR,,134.94000244140625,135.0,134.94000244140625,135.0,2729.0
2026-08-05 15:52:00,PLPC,,474.1451110839844,474.1451110839844,474.1451110839844,474.1451110839844,350.0
2026-08-05 15:52:00,PLRX,,1.051300048828125,1.051300048828125,1.051300048828125,1.051300048828125,160.0
2026-08-05 15:52:00,PLSE,,38.05500030517578,38.05500030517578,38.05500030517578,38.05500030517578,349.0
2026-08-05 15:52:00,PLTK,,3.9149999618530273,3.9149999618530273,3.9100000858306885,3.9149999618530273,4008.0
2026-08-05 15:52:00,PLUG,,2.0801000595092773,2.0899999141693115,2.075000047683716,2.075000047683716,373342.0
2026-08-05 15:52:00,PLXS,,275.7250061035156,275.7250061035156,275.6700134277344,275.6700134277344,4055.0
2026-08-05 15:52:00,PNBK,,1.1549999713897705,1.1549999713897705,1.1549999713897705,1.1549999713897705,276.0
2026-08-05 15:52:00,PNFP,,107.51000213623047,107.68000030517578,107.5,107.66999816894531,14940.0
2026-08-05 15:52:00,PNRG,,185.50999450683594,185.50999450683594,185.50999450683594,185.50999450683594,908.0
2026-08-05 15:52:00,PNTG,,39.04999923706055,39.09000015258789,39.04999923706055,39.08000183105469,1609.0
2026-08-05 15:52:00,POCI,,4.289999961853027,4.289999961853027,4.289999961853027,4.289999961853027,1020.0
2026-08-05 15:52:00,POET,,8.14009952545166,8.149999618530273,8.14009952545166,8.149999618530273,31761.0
2026-08-05 15:52:00,POOL,,205.69000244140625,205.8249969482422,205.60000610351562,205.6199951171875,2098.0
2026-08-05 15:52:00,POWI,,62.189998626708984,62.279998779296875,62.189998626708984,62.279998779296875,2894.0
2026-08-05 15:52:00,POWL,,209.75,209.9427032470703,209.75,209.80499267578125,4377.0
2026-08-05 15:52:00,PPC,,26.520000457763672,26.520000457763672,26.510000228881836,26.510000228881836,3023.0
2026-08-05 15:52:00,PPSI,,3.059999942779541,3.059999942779541,3.059999942779541,3.059999942779541,220.0
2026-08-05 15:52:00,PPTA,,22.8799991607666,22.889999389648438,22.770000457763672,22.770000457763672,76211.0
2026-08-05 15:52:00,PRAX,,318.32000732421875,318.44000244140625,317.9649963378906,318.29998779296875,813.0
2026-08-05 15:52:00,PRCH,,15.9350004196167,15.949999809265137,15.930000305175781,15.9399995803833,6204.0
2026-08-05 15:52:00,PRCT,,19.5,19.510000228881836,19.424999237060547,19.424999237060547,22399.0
2026-08-05 15:52:00,PRFX,,1.1200000047683716,1.1200000047683716,1.1200000047683716,1.1200000047683716,490.0
2026-08-05 15:52:00,PRGS,,42.43000030517578,42.43000030517578,42.38999938964844,42.400001525878906,2396.0
2026-08-05 15:52:00,PRIM,,83.16000366210938,83.22000122070312,83.0199966430664,83.05000305175781,23007.0
2026-08-05 15:52:00,PRLD,,4.494999885559082,4.5,4.489999771118164,4.489999771118164,1864.0
2026-08-05 15:52:00,PRME,,3.0399999618530273,3.0399999618530273,3.0399999618530273,3.0399999618530273,4402.0
2026-08-05 15:52:00,PROF,,8.0,8.0,8.0,8.0,687.0
2026-08-05 15:52:00,PROK,,1.6349999904632568,1.6349999904632568,1.6349999904632568,1.6349999904632568,719.0
2026-08-05 15:52:00,PRQR,,1.9700000286102295,1.9700000286102295,1.9700000286102295,1.9700000286102295,576.0
2026-08-05 15:52:00,PRSO,,0.7095999717712402,0.7095999717712402,0.7095999717712402,0.7095999717712402,642.0
2026-08-05 15:52:00,PRTA,,8.484999656677246,8.489999771118164,8.479999542236328,8.479999542236328,2310.0
2026-08-05 15:52:00,PRVA,,24.010000228881836,24.03499984741211,24.010000228881836,24.03499984741211,5539.0
2026-08-05 15:52:00,PRZO,,0.5630000233650208,0.5630000233650208,0.5629000067710876,0.5629000067710876,8534.0
2026-08-05 15:52:00,PSEC,,2.174999952316284,2.178999900817871,2.1700000762939453,2.174999952316284,5515.0
2026-08-05 15:52:00,PSMT,,186.35000610351562,186.35000610351562,186.35000610351562,186.35000610351562,668.0
2026-08-05 15:52:00,PSNL,,13.539999961853027,13.550000190734863,13.539999961853027,13.550000190734863,5316.0
2026-08-05 15:52:00,PSNY,,14.569999694824219,14.59000015258789,14.569999694824219,14.59000015258789,917.0
2026-08-05 15:52:00,PTC,,140.02000427246094,140.02000427246094,139.9499969482422,139.9550018310547,9413.0
2026-08-05 15:52:00,PTCT,,68.86000061035156,68.88999938964844,68.83000183105469,68.86000061035156,4937.0
2026-08-05 15:52:00,PTEN,,9.5649995803833,9.569999694824219,9.550000190734863,9.555000305175781,154349.0
2026-08-05 15:52:00,PTLO,,4.650199890136719,4.659999847412109,4.650199890136719,4.65500020980835,4401.0
2026-08-05 15:52:00,PTON,,6.505000114440918,6.514999866485596,6.505000114440918,6.510000228881836,83838.0
2026-08-05 15:52:00,PUBM,,13.604999542236328,13.604999542236328,13.604999542236328,13.604999542236328,299.0
2026-08-05 15:52:00,PWP,,17.34000015258789,17.3799991607666,17.34000015258789,17.360000610351562,4366.0
2026-08-05 15:52:00,PYPD,,4.610000133514404,4.610000133514404,4.610000133514404,4.610000133514404,354.0
2026-08-05 15:52:00,PYPL,,58.04999923706055,58.04999923706055,58.03499984741211,58.040000915527344,23643.0
2026-08-05 15:52:00,PYXS,,3.0950000286102295,3.099900007247925,3.0950000286102295,3.0950000286102295,3770.0
2026-08-05 15:52:00,PZZA,,29.760000228881836,29.795000076293945,29.760000228881836,29.790000915527344,9601.0
2026-08-05 15:52:00,QCOM,,158.33999633789062,158.52999877929688,158.27000427246094,158.52999877929688,31398.0
2026-08-05 15:52:00,QCRH,,105.36499786376953,105.36499786376953,105.36499786376953,105.36499786376953,1796.0
2026-08-05 15:52:00,QFIN,,13.170000076293945,13.170000076293945,13.170000076293945,13.170000076293945,1385.0
2026-08-05 15:52:00,QRVO,,95.75,95.81999969482422,95.71499633789062,95.81999969482422,9195.0
2026-08-05 15:52:00,SEED,,1.0499999523162842,1.0499999523162842,1.0449999570846558,1.0499999523162842,4814.0
2026-08-05 15:52:00,STIM,,2.384999990463257,2.384999990463257,2.380000114440918,2.380000114440918,2507.0
2026-08-05 15:52:00,WOOF,,2.934999942779541,2.934999942779541,2.934999942779541,2.934999942779541,1538.0
2026-08-05 15:53:00,ACDC,,4.505000114440918,4.514999866485596,4.505000114440918,4.514999866485596,26032.0
2026-08-05 15:53:00,BPOP,,177.3800048828125,177.38999938964844,177.3800048828125,177.3800048828125,2324.0
2026-08-05 15:53:00,BPRN,,42.0099983215332,42.0099983215332,42.0099983215332,42.0099983215332,508.0
2026-08-05 15:53:00,CASH,,89.55000305175781,89.55000305175781,89.55000305175781,89.55000305175781,539.0
2026-08-05 15:53:00,CNXN,,86.30500030517578,86.30500030517578,86.30500030517578,86.30500030517578,275.0
2026-08-05 15:53:00,CPOP,,0.3343000113964081,0.33480000495910645,0.3343000113964081,0.33480000495910645,3922.0
2026-08-05 15:53:00,DTIL,,7.46999979019165,7.46999979019165,7.449999809265137,7.460000038146973,2124.0
2026-08-05 15:53:00,EYE,,22.989999771118164,23.0,22.985000610351562,23.0,6574.0
2026-08-05 15:53:00,FIZZ,,32.244998931884766,32.244998931884766,32.209999084472656,32.244998931884766,828.0
2026-08-05 15:53:00,GLUE,,15.380000114440918,15.399999618530273,15.369999885559082,15.369999885559082,8023.0
2026-08-05 15:53:00,KIDS,,22.290000915527344,22.3700008392334,22.239999771118164,22.34000015258789,4522.0
2026-08-05 15:53:00,KITT,,1.0099999904632568,1.0099999904632568,1.0099999904632568,1.0099999904632568,119.0
2026-08-05 15:53:00,LUNG,,1.9600000381469727,1.9800000190734863,1.9600000381469727,1.9700000286102295,9253.0
2026-08-05 15:53:00,MBRX,,0.3921999931335449,0.3928999900817871,0.3837999999523163,0.3837999999523163,25531.0
2026-08-05 15:53:00,MCRI,,121.93000030517578,121.93000030517578,121.66500091552734,121.66500091552734,1712.0
2026-08-05 15:53:00,MDB,,376.19000244140625,376.760009765625,376.0150146484375,376.0150146484375,10327.0
2026-08-05 15:53:00,MDLZ,,62.70000076293945,62.81999969482422,62.685001373291016,62.810001373291016,92552.0
2026-08-05 15:53:00,MLTX,,17.510000228881836,17.540000915527344,17.489999771118164,17.530000686645508,7114.0
2026-08-05 15:53:00,MNPR,,117.26000213623047,117.26000213623047,117.26000213623047,117.26000213623047,1650.0
2026-08-05 15:53:00,MNRO,,13.09000015258789,13.09000015258789,13.09000015258789,13.09000015258789,8654.0
2026-08-05 15:53:00,MNST,,94.5,94.55999755859375,94.48999786376953,94.5,25957.0
2026-08-05 15:53:00,MNTK,,1.7050000429153442,1.7050000429153442,1.7024999856948853,1.7024999856948853,613.0
2026-08-05 15:53:00,MNTS,,4.149899959564209,4.159999847412109,4.144999980926514,4.150000095367432,28880.0
2026-08-05 15:53:00,MNTSW,,0.004900000058114529,0.004900000058114529,0.004600000102072954,0.004600000102072954,10241.0
2026-08-05 15:53:00,MORN,,199.0050048828125,199.0050048828125,199.0050048828125,199.0050048828125,310.0
2026-08-05 15:53:00,MPWR,,1348.2049560546875,1348.800048828125,1345.1700439453125,1345.739990234375,3959.0
2026-08-05 15:53:00,MRNA,,55.939998626708984,55.97999954223633,55.88999938964844,55.904998779296875,29785.0
2026-08-05 15:53:00,MYGN,,3.180000066757202,3.180000066757202,3.174999952316284,3.174999952316284,11514.0
2026-08-05 15:53:00,MYRG,,336.2099914550781,336.625,335.9599914550781,336.20001220703125,1198.0
2026-08-05 15:53:00,NAAS,,3.250200033187866,3.250200033187866,3.2500998973846436,3.2500998973846436,637.0
2026-08-05 15:53:00,NAII,,2.3399999141693115,2.3399999141693115,2.3399999141693115,2.3399999141693115,100.0
2026-08-05 15:53:00,NAMS,,27.510000228881836,27.524999618530273,27.450000762939453,27.510000228881836,12706.0
2026-08-05 15:53:00,NATH,,98.57499694824219,98.57499694824219,98.57499694824219,98.57499694824219,907.0
2026-08-05 15:53:00,NAUT,,0.9301999807357788,0.9309999942779541,0.9301999807357788,0.9309999942779541,3715.0
2026-08-05 15:53:00,NAVI,,9.07800006866455,9.095000267028809,9.074999809265137,9.095000267028809,6373.0
2026-08-05 15:53:00,NB,,5.045000076293945,5.050000190734863,5.045000076293945,5.045000076293945,11235.0
2026-08-05 15:53:00,NBIX,,161.77999877929688,161.77999877929688,161.5449981689453,161.5500030517578,4170.0
2026-08-05 15:53:00,NBN,,134.47999572753906,134.47999572753906,134.47999572753906,134.47999572753906,714.0
2026-08-05 15:53:00,NCMI,,4.105000019073486,4.105000019073486,4.10099983215332,4.10099983215332,809.0
2026-08-05 15:53:00,NCRA,,1.8478000164031982,1.8478000164031982,1.8478000164031982,1.8478000164031982,5205.0
2026-08-05 15:53:00,NDAQ,,94.5199966430664,94.55999755859375,94.5,94.5,8356.0
2026-08-05 15:53:00,NDSN,,310.6000061035156,311.1098937988281,310.6000061035156,311.1098937988281,562.0
2026-08-05 15:53:00,NECB,,27.18000030517578,27.18000030517578,27.18000030517578,27.18000030517578,1034.0
2026-08-05 15:53:00,NEGG,,17.100000381469727,17.610000610351562,17.06999969482422,17.110000610351562,4370.0
2026-08-05 15:53:00,NEO,,15.765000343322754,15.800000190734863,15.765000343322754,15.78499984741211,15124.0
2026-08-05 15:53:00,NEOG,,11.414999961853027,11.420000076293945,11.40999984741211,11.414999961853027,17270.0
2026-08-05 15:53:00,NEON,,0.9125999808311462,0.9125999808311462,0.9023000001907349,0.902400016784668,1599.0
2026-08-05 15:53:00,NEOV,,2.8499999046325684,2.8499999046325684,2.8450000286102295,2.8450000286102295,4932.0
2026-08-05 15:53:00,NESR,,28.375,28.399999618530273,28.34000015258789,28.399999618530273,8405.0
2026-08-05 15:53:00,NEWT,,15.125,15.130000114440918,15.125,15.130000114440918,345.0
2026-08-05 15:53:00,NEXT,,6.409999847412109,6.414999961853027,6.409999847412109,6.414999961853027,4681.0
2026-08-05 15:53:00,NFE,,0.3319999873638153,0.3319999873638153,0.3319999873638153,0.3319999873638153,8306.0
2026-08-05 15:53:00,NFLX,,74.07499694824219,74.12999725341797,74.05999755859375,74.125,172379.0
2026-08-05 15:53:00,NGNE,,35.869998931884766,35.869998931884766,35.68000030517578,35.68000030517578,3167.0
2026-08-05 15:53:00,NICE,,99.7750015258789,99.7750015258789,99.55999755859375,99.62000274658203,7091.0
2026-08-05 15:53:00,NIU,,2.444999933242798,2.444999933242798,2.434999942779541,2.434999942779541,4993.0
2026-08-05 15:53:00,NKTR,,72.66000366210938,72.66000366210938,72.29000091552734,72.40499877929688,1534.0
2026-08-05 15:53:00,NKTX,,2.2049999237060547,2.2049999237060547,2.200000047683716,2.2049999237060547,2522.0
2026-08-05 15:53:00,NMFC,,7.355000019073486,7.355000019073486,7.355000019073486,7.355000019073486,1549.0
2026-08-05 15:53:00,NMIH,,44.88999938964844,44.88999938964844,44.88999938964844,44.88999938964844,1247.0
2026-08-05 15:53:00,NMRA,,1.6050000190734863,1.6150000095367432,1.6050000190734863,1.6150000095367432,7772.0
2026-08-05 15:53:00,NMRK,,15.694999694824219,15.737799644470215,15.694999694824219,15.734999656677246,7725.0
2026-08-05 15:53:00,NMTC,,1.6150000095367432,1.6200000047683716,1.6150000095367432,1.6200000047683716,9684.0
2026-08-05 15:53:00,NN,,14.8100004196167,14.84000015258789,14.789999961853027,14.8100004196167,30622.0
2026-08-05 15:53:00,NNBR,,3.8499999046325684,3.865000009536743,3.8499999046325684,3.865000009536743,8448.0
2026-08-05 15:53:00,NNDM,,1.565000057220459,1.565000057220459,1.5600999593734741,1.5600999593734741,1614.0
2026-08-05 15:53:00,NNOX,,1.0299999713897705,1.0299999713897705,1.024999976158142,1.024999976158142,1965.0
2026-08-05 15:53:00,NOVT,,153.3000030517578,153.39999389648438,153.1999969482422,153.38999938964844,4244.0
2026-08-05 15:53:00,NPCE,,13.579999923706055,13.609999656677246,13.579999923706055,13.579999923706055,5206.0
2026-08-05 15:53:00,NRDS,,9.079999923706055,9.079999923706055,9.079999923706055,9.079999923706055,592.0
2026-08-05 15:53:00,NRIX,,25.09000015258789,25.09000015258789,25.020000457763672,25.020000457763672,5264.0
2026-08-05 15:53:00,NRXP,,3.069999933242798,3.069999933242798,3.065000057220459,3.065000057220459,1334.0
2026-08-05 15:53:00,NSSC,,40.45000076293945,40.466800689697266,40.45000076293945,40.459999084472656,3502.0
2026-08-05 15:53:00,NTAP,,187.22999572753906,187.51499938964844,187.0500030517578,187.47999572753906,21903.0
2026-08-05 15:53:00,NTCT,,41.41999816894531,41.439998626708984,41.38999938964844,41.439998626708984,2871.0
2026-08-05 15:53:00,NTES,,127.95999908447266,127.95999908447266,127.94000244140625,127.94000244140625,3501.0
2026-08-05 15:53:00,NTGR,,24.40999984741211,24.40999984741211,24.31999969482422,24.31999969482422,8734.0
2026-08-05 15:53:00,NTNX,,61.040000915527344,61.11000061035156,61.03499984741211,61.09000015258789,12375.0
2026-08-05 15:53:00,NTRA,,274.32000732421875,274.4100036621094,274.052490234375,274.052490234375,3437.0
2026-08-05 15:53:00,NTRS,,184.49000549316406,184.49000549316406,184.44500732421875,184.4550018310547,3936.0
2026-08-05 15:53:00,NUTX,,157.8000030517578,157.8000030517578,156.6699981689453,156.6699981689453,4485.0
2026-08-05 15:53:00,NUWE,,1.649999976158142,1.676200032234192,1.649999976158142,1.659999966621399,1003.0
2026-08-05 15:53:00,NVAX,,7.639999866485596,7.644999980926514,7.625,7.625,20508.0
2026-08-05 15:53:00,NVCR,,16.104999542236328,16.1299991607666,16.104999542236328,16.110000610351562,10718.0
2026-08-05 15:53:00,NVCT,,19.434999465942383,19.434999465942383,19.350000381469727,19.350000381469727,2166.0
2026-08-05 15:53:00,NVDA,,220.3531951904297,220.4398956298828,220.1699981689453,220.3531951904297,472059.0
2026-08-05 15:53:00,NVEC,,128.5850067138672,128.5850067138672,128.58250427246094,128.58250427246094,1029.0
2026-08-05 15:53:00,NVMI,,406.760009765625,406.760009765625,405.1000061035156,405.53338623046875,1122.0
2026-08-05 15:53:00,NVTS,,12.430000305175781,12.430000305175781,12.404999732971191,12.430000305175781,46721.0
2026-08-05 15:53:00,NVX,,0.4000000059604645,0.4000000059604645,0.4000000059604645,0.4000000059604645,192.0
2026-08-05 15:53:00,NWBI,,15.984999656677246,15.989999771118164,15.984999656677246,15.989999771118164,5002.0
2026-08-05 15:53:00,NWE,,68.94000244140625,68.94000244140625,68.94000244140625,68.94000244140625,225.0
2026-08-05 15:53:00,NWL,,6.175000190734863,6.184999942779541,6.170000076293945,6.179999828338623,73636.0
2026-08-05 15:53:00,NWPX,,125.36499786376953,125.68000030517578,125.36499786376953,125.68000030517578,1917.0
2026-08-05 15:53:00,NWS,,33.0099983215332,33.029998779296875,32.97999954223633,32.97999954223633,14085.0
2026-08-05 15:53:00,NWSA,,28.9950008392334,29.020000457763672,28.969999313354492,28.979999542236328,86954.0
2026-08-05 15:53:00,NXPI,,231.86000061035156,231.9199981689453,231.60000610351562,231.84500122070312,33182.0
2026-08-05 15:53:00,NXST,,189.4600067138672,189.4600067138672,189.24000549316406,189.25999450683594,1945.0
2026-08-05 15:53:00,NXT,,100.55500030517578,100.87999725341797,100.37000274658203,100.87999725341797,18981.0
2026-08-05 15:53:00,NXTC,,5.190000057220459,5.199999809265137,5.179999828338623,5.199999809265137,749.0
2026-08-05 15:53:00,NYXH,,1.4049999713897705,1.4049999713897705,1.4049999713897705,1.4049999713897705,335.0
2026-08-05 15:53:00,OBIO,,4.235000133514404,4.235000133514404,4.235000133514404,4.235000133514404,493.0
2026-08-05 15:53:00,OCC,,15.789999961853027,15.789999961853027,15.75,15.789999961853027,1701.0
2026-08-05 15:53:00,OCFC,,19.860000610351562,19.864999771118164,19.860000610351562,19.864999771118164,2006.0
2026-08-05 15:53:00,OCGN,,1.2899999618530273,1.2949999570846558,1.2843999862670898,1.2899999618530273,80953.0
2026-08-05 15:53:00,OCS,,12.050000190734863,12.050000190734863,12.029999732971191,12.029999732971191,1179.0
2026-08-05 15:53:00,OCSL,,12.005000114440918,12.005000114440918,12.0,12.0,2084.0
2026-08-05 15:53:00,OCUL,,8.515000343322754,8.518799781799316,8.510100364685059,8.515000343322754,3186.0
2026-08-05 15:53:00,ODD,,15.199999809265137,15.199999809265137,15.1899995803833,15.1899995803833,2374.0
2026-08-05 15:53:00,ODFL,,215.25999450683594,215.25999450683594,215.01499938964844,215.07000732421875,19143.0
2026-08-05 15:53:00,OESX,,15.760000228881836,15.789999961853027,15.569999694824219,15.789999961853027,1618.0
2026-08-05 15:53:00,OFIX,,10.40999984741211,10.600000381469727,10.40999984741211,10.600000381469727,12960.0
2026-08-05 15:53:00,OGI,,0.9527999758720398,0.9527999758720398,0.9527999758720398,0.9527999758720398,106.0
2026-08-05 15:53:00,OKTA,,146.625,146.9499969482422,146.625,146.9001007080078,17977.0
2026-08-05 15:53:00,OLB,,0.29269999265670776,0.299699991941452,0.29269999265670776,0.29499998688697815,22259.0
2026-08-05 15:53:00,OLLI,,78.5999984741211,78.66000366210938,78.5999984741211,78.6500015258789,7728.0
2026-08-05 15:53:00,OLMA,,11.529999732971191,11.529999732971191,11.529999732971191,11.529999732971191,1999.0
2026-08-05 15:53:00,OM,,5.090000152587891,5.090000152587891,5.090000152587891,5.090000152587891,526.0
2026-08-05 15:53:00,OMCL,,37.20000076293945,37.2400016784668,37.20000076293945,37.2400016784668,2099.0
2026-08-05 15:53:00,OMER,,12.694999694824219,12.694999694824219,12.680000305175781,12.680000305175781,4577.0
2026-08-05 15:53:00,ON,,77.43000030517578,77.44999694824219,77.3499984741211,77.4000015258789,99318.0
2026-08-05 15:53:00,ONB,,27.029600143432617,27.045000076293945,27.020000457763672,27.045000076293945,20645.0
2026-08-05 15:53:00,ONCO,,0.8015000224113464,0.8015000224113464,0.8015000224113464,0.8015000224113464,5224.0
2026-08-05 15:53:00,ONCY,,0.7936999797821045,0.7961000204086304,0.7936999797821045,0.7961000204086304,2464.0
2026-08-05 15:53:00,ONDS,,8.884400367736816,8.890000343322754,8.84000015258789,8.845000267028809,207997.0
2026-08-05 15:53:00,ONEW,,12.489999771118164,12.489999771118164,12.489999771118164,12.489999771118164,541.0
2026-08-05 15:53:00,ONFO,,0.07349999994039536,0.07419999688863754,0.0731000006198883,0.07339999824762344,157521.0
2026-08-05 15:53:00,OPBK,,15.779999732971191,15.779999732971191,15.760000228881836,15.760000228881836,1727.0
2026-08-05 15:53:00,OPCH,,23.764999389648438,23.764999389648438,23.71500015258789,23.71500015258789,26943.0
2026-08-05 15:53:00,OPEN,,3.7701001167297363,3.7799999713897705,3.759999990463257,3.765000104904175,331660.0
2026-08-05 15:53:00,OPHC,,8.819999694824219,8.869999885559082,8.819999694824219,8.869999885559082,1080.0
2026-08-05 15:53:00,OPK,,1.3436000347137451,1.350000023841858,1.340000033378601,1.3450000286102295,8100.0
2026-08-05 15:53:00,OPRA,,19.969999313354492,19.969999313354492,19.969999313354492,19.969999313354492,2333.0
2026-08-05 15:53:00,OPRT,,6.039999961853027,6.039999961853027,6.039999961853027,6.039999961853027,144.0
2026-08-05 15:53:00,OPRX,,6.989999771118164,6.989999771118164,6.989999771118164,6.989999771118164,881.0
2026-08-05 15:53:00,ORGO,,2.3499999046325684,2.3550000190734863,2.3499999046325684,2.3519999980926514,11600.0
2026-08-05 15:53:00,ORIC,,12.90999984741211,12.90999984741211,12.875,12.880000114440918,12369.0
2026-08-05 15:53:00,ORLY,,93.55000305175781,93.62000274658203,93.55000305175781,93.55000305175781,18075.0
2026-08-05 15:53:00,ORRF,,43.33000183105469,43.34000015258789,43.33000183105469,43.33000183105469,2104.0
2026-08-05 15:53:00,OSBC,,25.920000076293945,25.924999237060547,25.920000076293945,25.924999237060547,2115.0
2026-08-05 15:53:00,OSIS,,236.0399932861328,236.25999450683594,235.6300048828125,235.8699951171875,1202.0
2026-08-05 15:53:00,OSPN,,16.31999969482422,16.31999969482422,16.31999969482422,16.31999969482422,1530.0
2026-08-05 15:53:00,OSS,,13.335000038146973,13.369999885559082,13.335000038146973,13.359999656677246,6845.0
2026-08-05 15:53:00,OSUR,,4.125,4.130000114440918,4.125,4.130000114440918,4141.0
2026-08-05 15:53:00,OSW,,26.514999389648438,26.540000915527344,26.514999389648438,26.540000915527344,2055.0
2026-08-05 15:53:00,OTEX,,25.704999923706055,25.719999313354492,25.704999923706055,25.704999923706055,12317.0
2026-08-05 15:53:00,OTLK,,1.0263999700546265,1.0299999713897705,1.0200999975204468,1.024999976158142,12023.0
2026-08-05 15:53:00,OTLY,,14.454999923706055,14.505000114440918,14.369999885559082,14.505000114440918,3295.0
2026-08-05 15:53:00,OTTR,,92.51499938964844,92.51499938964844,92.50499725341797,92.50499725341797,1175.0
2026-08-05 15:53:00,OVID,,2.5999999046325684,2.6050000190734863,2.5999999046325684,2.5999999046325684,12908.0
2026-08-05 15:53:00,OXSQ,,1.5099999904632568,1.5099999904632568,1.5033999681472778,1.5049999952316284,21399.0
2026-08-05 15:53:00,PAA,,23.239999771118164,23.239999771118164,23.229999542236328,23.229999542236328,12286.0
2026-08-05 15:53:00,PAAS,,48.290000915527344,48.310001373291016,48.25,48.2599983215332,19326.0
2026-08-05 15:53:00,PACB,,1.3049999475479126,1.309999942779541,1.3049999475479126,1.3049999475479126,26091.0
2026-08-05 15:53:00,PAGP,,25.170000076293945,25.170000076293945,25.15999984741211,25.15999984741211,8930.0
2026-08-05 15:53:00,PAHC,,35.88999938964844,35.88999938964844,35.84000015258789,35.849998474121094,1741.0
2026-08-05 15:53:00,PALI,,2.130000114440918,2.130000114440918,2.125,2.125,7145.0
2026-08-05 15:53:00,PANL,,7.289999961853027,7.289999961853027,7.284999847412109,7.284999847412109,2301.0
2026-08-05 15:53:00,PANW,,363.614990234375,364.489990234375,363.44500732421875,364.260009765625,21023.0
2026-08-05 15:53:00,PATK,,87.55999755859375,87.72000122070312,87.55999755859375,87.66999816894531,2214.0
2026-08-05 15:53:00,PAX,,11.345000267028809,11.345000267028809,11.335000038146973,11.335000038146973,10693.0
2026-08-05 15:53:00,PAYO,,7.119999885559082,7.125,7.119999885559082,7.119999885559082,29095.0
2026-08-05 15:53:00,PAYS,,9.449999809265137,9.489999771118164,9.40999984741211,9.430000305175781,34015.0
2026-08-05 15:53:00,PAYX,,118.20999908447266,118.2699966430664,118.19499969482422,118.23999786376953,17023.0
2026-08-05 15:53:00,PBYI,,8.024999618530273,8.024999618530273,8.024999618530273,8.024999618530273,533.0
2026-08-05 15:53:00,PCAR,,133.67999267578125,133.74000549316406,133.5500030517578,133.74000549316406,19927.0
2026-08-05 15:53:00,PCB,,28.079999923706055,28.079999923706055,28.06999969482422,28.06999969482422,1399.0
2026-08-05 15:53:00,PCRX,,25.030000686645508,25.030000686645508,24.979999542236328,25.014999389648438,16268.0
2026-08-05 15:53:00,PCSA,,2.194999933242798,2.194999933242798,2.194999933242798,2.194999933242798,324.0
2026-08-05 15:53:00,PCT,,6.860000133514404,6.864999771118164,6.860000133514404,6.860000133514404,13277.0
2026-08-05 15:53:00,PCTY,,147.42999267578125,147.42999267578125,147.01499938964844,147.32000732421875,8260.0
2026-08-05 15:53:00,PDD,,90.80999755859375,90.83999633789062,90.79000091552734,90.83000183105469,11414.0
2026-08-05 15:53:00,PDFS,,49.82500076293945,49.83000183105469,49.77000045776367,49.77000045776367,2796.0
2026-08-05 15:53:00,PDLB,,20.5049991607666,20.510000228881836,20.5049991607666,20.510000228881836,764.0
2026-08-05 15:53:00,PEBO,,41.7599983215332,41.77000045776367,41.7599983215332,41.77000045776367,2981.0
2026-08-05 15:53:00,PECO,,41.4900016784668,41.4900016784668,41.470001220703125,41.474998474121094,5876.0
2026-08-05 15:53:00,PEGA,,31.90999984741211,31.94499969482422,31.899999618530273,31.940000534057617,18772.0
2026-08-05 15:53:00,PENN,,19.540000915527344,19.540000915527344,19.5049991607666,19.5049991607666,19388.0
2026-08-05 15:53:00,PEP,,138.97500610351562,139.0850067138672,138.94000244140625,138.97999572753906,38524.0
2026-08-05 15:53:00,PEPG,,1.965000033378601,1.965000033378601,1.965000033378601,1.965000033378601,1915.0
2026-08-05 15:53:00,PERI,,9.649999618530273,9.649999618530273,9.649999618530273,9.649999618530273,2310.0
2026-08-05 15:53:00,PESI,,17.739999771118164,17.739999771118164,17.739999771118164,17.739999771118164,200.0
2026-08-05 15:53:00,PETS,,1.975000023841858,1.975000023841858,1.975000023841858,1.975000023841858,129.0
2026-08-05 15:53:00,PFBC,,106.6500015258789,106.76000213623047,106.6500015258789,106.76000213623047,1119.0
2026-08-05 15:53:00,PFG,,115.0,115.0,114.87999725341797,114.91000366210938,8824.0
2026-08-05 15:53:00,PFIS,,72.08000183105469,72.08999633789062,72.08000183105469,72.08999633789062,698.0
2026-08-05 15:53:00,PGC,,46.4900016784668,46.4900016784668,46.48500061035156,46.48500061035156,652.0
2026-08-05 15:53:00,PGEN,,7.034999847412109,7.034999847412109,7.005000114440918,7.010000228881836,80294.0
2026-08-05 15:53:00,PGNY,,31.360000610351562,31.3700008392334,31.329999923706055,31.3700008392334,7969.0
2026-08-05 15:53:00,PGY,,21.81999969482422,21.84000015258789,21.799999237060547,21.809999465942383,11114.0
2026-08-05 15:53:00,PHAT,,8.220000267028809,8.220000267028809,8.210000038146973,8.220000267028809,10861.0
2026-08-05 15:53:00,PHVS,,33.439998626708984,33.48500061035156,33.439998626708984,33.48500061035156,435.0
2026-08-05 15:53:00,PKOH,,41.849998474121094,41.849998474121094,41.849998474121094,41.849998474121094,135.0
2026-08-05 15:53:00,PLAB,,32.11000061035156,32.11000061035156,32.08000183105469,32.08000183105469,3645.0
2026-08-05 15:53:00,PLBY,,1.149999976158142,1.1549999713897705,1.149999976158142,1.1549999713897705,4758.0
2026-08-05 15:53:00,PLMR,,134.6699981689453,134.94000244140625,134.6699981689453,134.94000244140625,2367.0
2026-08-05 15:53:00,PLSE,,37.86000061035156,37.95000076293945,37.86000061035156,37.95000076293945,2088.0
2026-08-05 15:53:00,PLTK,,3.9100000858306885,3.9149999618530273,3.9100000858306885,3.9149999618530273,2170.0
2026-08-05 15:53:00,PLUG,,2.075000047683716,2.0850000381469727,2.069999933242798,2.0799999237060547,527430.0
2026-08-05 15:53:00,PLXS,,275.6700134277344,275.6700134277344,275.6700134277344,275.6700134277344,551.0
2026-08-05 15:53:00,PNFP,,107.5,107.6500015258789,107.5,107.51000213623047,10023.0
2026-08-05 15:53:00,PNTG,,39.095001220703125,39.095001220703125,39.06999969482422,39.095001220703125,1454.0
2026-08-05 15:53:00,POET,,8.15999984741211,8.15999984741211,8.145000457763672,8.145000457763672,56861.0
2026-08-05 15:53:00,POOL,,206.0,206.05999755859375,205.69000244140625,205.69000244140625,4988.0
2026-08-05 15:53:00,POWI,,62.20000076293945,62.2599983215332,62.16999816894531,62.2599983215332,3220.0
2026-08-05 15:53:00,POWL,,209.6199951171875,209.75999450683594,209.2899932861328,209.74000549316406,8096.0
2026-08-05 15:53:00,PPC,,26.559999465942383,26.559999465942383,26.530000686645508,26.530000686645508,4705.0
2026-08-05 15:53:00,PPTA,,22.846200942993164,22.8799991607666,22.84000015258789,22.8799991607666,16014.0
2026-08-05 15:53:00,PRAA,,17.344999313354492,17.344999313354492,17.344999313354492,17.344999313354492,737.0
2026-08-05 15:53:00,PRAX,,318.2699890136719,318.3450012207031,318.1499938964844,318.3299865722656,3287.0
2026-08-05 15:53:00,PRCH,,15.925000190734863,15.930000305175781,15.920999526977539,15.930000305175781,4596.0
2026-08-05 15:53:00,PRCT,,19.550500869750977,19.600000381469727,19.5,19.5,27418.0
2026-08-05 15:53:00,PRDO,,32.974998474121094,33.0099983215332,32.974998474121094,33.0099983215332,3335.0
2026-08-05 15:53:00,PRFX,,1.1299999952316284,1.1299999952316284,1.1299999952316284,1.1299999952316284,188.0
2026-08-05 15:53:00,PRGS,,42.400001525878906,42.45000076293945,42.33100128173828,42.43000030517578,2890.0
2026-08-05 15:53:00,PRIM,,83.29499816894531,83.37000274658203,83.05999755859375,83.1449966430664,24950.0
2026-08-05 15:53:00,PRLD,,4.510000228881836,4.510000228881836,4.5,4.5,798.0
2026-08-05 15:53:00,PRME,,3.0399999618530273,3.0399999618530273,3.0350000858306885,3.0350000858306885,23303.0
2026-08-05 15:53:00,PROK,,1.6349999904632568,1.6349999904632568,1.6349999904632568,1.6349999904632568,1884.0
2026-08-05 15:53:00,PRQR,,1.9700000286102295,1.9700000286102295,1.9700000286102295,1.9700000286102295,1009.0
2026-08-05 15:53:00,PRTH,,6.679999828338623,6.679999828338623,6.679999828338623,6.679999828338623,1370.0
2026-08-05 15:53:00,PRVA,,23.959999084472656,24.010000228881836,23.93000030517578,24.010000228881836,13889.0
2026-08-05 15:53:00,PRZO,,0.5595999956130981,0.5595999956130981,0.5595999956130981,0.5595999956130981,14640.0
2026-08-05 15:53:00,PSEC,,2.174999952316284,2.180000066757202,2.1700000762939453,2.174999952316284,11851.0
2026-08-05 15:53:00,PSMT,,186.36000061035156,186.36000061035156,186.36000061035156,186.36000061035156,374.0
2026-08-05 15:53:00,PSNL,,13.5649995803833,13.5649995803833,13.550000190734863,13.550000190734863,13194.0
2026-08-05 15:53:00,PTC,,140.02999877929688,140.0749969482422,139.9949951171875,140.0749969482422,2882.0
2026-08-05 15:53:00,PTCT,,68.97000122070312,68.97000122070312,68.87999725341797,68.87999725341797,5926.0
2026-08-05 15:53:00,PTEN,,9.579999923706055,9.585000038146973,9.5649995803833,9.5649995803833,102884.0
2026-08-05 15:53:00,PTGX,,136.8300018310547,136.8300018310547,136.74000549316406,136.7449951171875,2306.0
2026-08-05 15:53:00,PTLO,,4.664999961853027,4.667300224304199,4.659999847412109,4.659999847412109,6742.0
2026-08-05 15:53:00,PTON,,6.514999866485596,6.519999980926514,6.505000114440918,6.505000114440918,82449.0
2026-08-05 15:53:00,PUBM,,13.579999923706055,13.604999542236328,13.579999923706055,13.604999542236328,14768.0
2026-08-05 15:53:00,PWP,,17.3700008392334,17.3700008392334,17.329999923706055,17.34000015258789,9870.0
2026-08-05 15:53:00,PXS,,4.760000228881836,4.760000228881836,4.75,4.75,819.0
2026-08-05 15:53:00,PYPL,,58.029998779296875,58.060001373291016,58.01499938964844,58.04499816894531,38560.0
2026-08-05 15:53:00,PYXS,,3.0950000286102295,3.0950000286102295,3.0899999141693115,3.0950000286102295,4388.0
2026-08-05 15:53:00,PZZA,,29.770000457763672,29.795000076293945,29.739999771118164,29.739999771118164,9078.0
2026-08-05 15:53:00,QCOM,,158.3800048828125,158.42999267578125,158.24000549316406,158.32000732421875,31560.0
2026-08-05 15:53:00,QFIN,,13.170000076293945,13.170000076293945,13.170000076293945,13.170000076293945,538.0
2026-08-05 15:53:00,QRVO,,95.75,95.76000213623047,95.69999694824219,95.76000213623047,5315.0
2026-08-05 15:53:00,STIM,,2.375,2.384999990463257,2.375,2.380000114440918,21588.0
2026-08-05 15:53:00,TARA,,4.005000114440918,4.005000114440918,4.0,4.005000114440918,1419.0
2026-08-05 15:53:00,WOOF,,2.934999942779541,2.934999942779541,2.934999942779541,2.934999942779541,3971.0
2026-08-05 15:54:00,ACDC,,4.489999771118164,4.510000228881836,4.489999771118164,4.505000114440918,37800.0
2026-08-05 15:54:00,BPOP,,177.52999877929688,177.63999938964844,177.49000549316406,177.49000549316406,2696.0
2026-08-05 15:54:00,CASH,,89.54000091552734,89.58000183105469,89.54000091552734,89.58000183105469,2197.0
2026-08-05 15:54:00,CNXN,,86.12000274658203,86.38999938964844,85.86000061035156,86.38999938964844,7469.0
2026-08-05 15:54:00,CPOP,,0.33500000834465027,0.33500000834465027,0.33500000834465027,0.33500000834465027,530.0
2026-08-05 15:54:00,DTIL,,7.474999904632568,7.474999904632568,7.474999904632568,7.474999904632568,617.0
2026-08-05 15:54:00,EYE,,23.030000686645508,23.040000915527344,23.0,23.0,20183.0
2026-08-05 15:54:00,FIZZ,,32.189998626708984,32.244998931884766,32.189998626708984,32.244998931884766,4709.0
2026-08-05 15:54:00,FRST,,16.440000534057617,16.459999084472656,16.440000534057617,16.459999084472656,2079.0
2026-08-05 15:54:00,GLUE,,15.5649995803833,15.625,15.399999618530273,15.430000305175781,12199.0
2026-08-05 15:54:00,KIDS,,22.309999465942383,22.44499969482422,22.290000915527344,22.290000915527344,5732.0
2026-08-05 15:54:00,KTTA,,0.46000000834465027,0.46000000834465027,0.4523000121116638,0.4528000056743622,911.0
2026-08-05 15:54:00,LUNG,,1.9550000429153442,1.9550000429153442,1.9450000524520874,1.9550000429153442,5206.0
2026-08-05 15:54:00,MBRX,,0.3896999955177307,0.3921999931335449,0.3889999985694885,0.3921999931335449,4124.0
2026-08-05 15:54:00,MCRI,,122.2300033569336,122.2300033569336,121.9749984741211,121.9749984741211,3810.0
2026-08-05 15:54:00,MDB,,376.5400085449219,378.0,376.19000244140625,376.19000244140625,14305.0
2026-08-05 15:54:00,MDLZ,,62.689998626708984,62.72999954223633,62.67499923706055,62.69499969482422,123398.0
2026-08-05 15:54:00,MLTX,,17.56999969482422,17.56999969482422,17.510000228881836,17.524999618530273,8934.0
2026-08-05 15:54:00,MNPR,,117.62000274658203,118.94999694824219,117.62000274658203,118.94999694824219,5544.0
2026-08-05 15:54:00,MNRO,,13.09000015258789,13.09000015258789,13.09000015258789,13.09000015258789,17475.0
2026-08-05 15:54:00,MNST,,94.41500091552734,94.4800033569336,94.41000366210938,94.47000122070312,28105.0
2026-08-05 15:54:00,MNTK,,1.7000000476837158,1.7000000476837158,1.7000000476837158,1.7000000476837158,606.0
2026-08-05 15:54:00,MNTS,,4.210000038146973,4.21999979019165,4.150000095367432,4.150000095367432,42651.0
2026-08-05 15:54:00,MORN,,198.9199981689453,198.9199981689453,198.9199981689453,198.9199981689453,957.0
2026-08-05 15:54:00,MPWR,,1348.905029296875,1349.27001953125,1347.030029296875,1348.2049560546875,6405.0
2026-08-05 15:54:00,MRNA,,56.20000076293945,56.21500015258789,55.939998626708984,55.959999084472656,30031.0
2026-08-05 15:54:00,MVBF,,30.559999465942383,30.559999465942383,30.559999465942383,30.559999465942383,1164.0
2026-08-05 15:54:00,MYGN,,3.180000066757202,3.190000057220459,3.1700000762939453,3.174999952316284,51794.0
2026-08-05 15:54:00,MYRG,,336.3974914550781,336.44000244140625,335.32000732421875,335.42999267578125,2904.0
2026-08-05 15:54:00,NAII,,2.3324999809265137,2.3324999809265137,2.3324999809265137,2.3324999809265137,100.0
2026-08-05 15:54:00,NAMS,,27.614999771118164,27.6200008392334,27.510000228881836,27.510000228881836,8485.0
2026-08-05 15:54:00,NATR,,20.010000228881836,20.045000076293945,20.010000228881836,20.045000076293945,2701.0
2026-08-05 15:54:00,NAUT,,0.9298999905586243,0.9301999807357788,0.9200999736785889,0.9301999807357788,7602.0
2026-08-05 15:54:00,NAVI,,9.0600004196167,9.074999809265137,9.0600004196167,9.074999809265137,8171.0
2026-08-05 15:54:00,NB,,5.034999847412109,5.045000076293945,5.034999847412109,5.045000076293945,45834.0
2026-08-05 15:54:00,NBIX,,161.72000122070312,161.82000732421875,161.6699981689453,161.70010375976562,9557.0
2026-08-05 15:54:00,NBN,,134.41000366210938,134.41000366210938,134.36000061035156,134.36000061035156,1200.0
2026-08-05 15:54:00,NBTB,,53.33000183105469,53.380001068115234,53.33000183105469,53.380001068115234,3280.0
2026-08-05 15:54:00,NCMI,,4.099999904632568,4.110000133514404,4.099999904632568,4.110000133514404,9878.0
2026-08-05 15:54:00,NDAQ,,94.54000091552734,94.59500122070312,94.47000122070312,94.5,9725.0
2026-08-05 15:54:00,NDSN,,310.8299865722656,310.8550109863281,310.8299865722656,310.8550109863281,1435.0
2026-08-05 15:54:00,NEGG,,16.90999984741211,17.139999389648438,16.90999984741211,17.139999389648438,222.0
2026-08-05 15:54:00,NEO,,15.8100004196167,15.8100004196167,15.770000457763672,15.770000457763672,9683.0
2026-08-05 15:54:00,NEOG,,11.414999961853027,11.4350004196167,11.404999732971191,11.40999984741211,35499.0
2026-08-05 15:54:00,NEON,,0.9024999737739563,0.9024999737739563,0.9024999737739563,0.9024999737739563,679.0
2026-08-05 15:54:00,NEOV,,2.8550000190734863,2.8598999977111816,2.8499999046325684,2.8550000190734863,1828.0
2026-08-05 15:54:00,NESR,,28.315000534057617,28.3799991607666,28.315000534057617,28.375,8890.0
2026-08-05 15:54:00,NEWT,,15.145000457763672,15.149999618530273,15.135000228881836,15.135000228881836,2235.0
2026-08-05 15:54:00,NEXT,,6.434999942779541,6.434999942779541,6.409999847412109,6.414999961853027,24851.0
2026-08-05 15:54:00,NFE,,0.3375000059604645,0.3375000059604645,0.3375000059604645,0.3375000059604645,156.0
2026-08-05 15:54:00,NFLX,,74.13500213623047,74.17500305175781,74.08000183105469,74.08000183105469,179810.0
2026-08-05 15:54:00,NGNE,,35.970001220703125,35.970001220703125,35.84000015258789,35.84000015258789,3432.0
2026-08-05 15:54:00,NICE,,99.45999908447266,99.74500274658203,99.41000366210938,99.74500274658203,7401.0
2026-08-05 15:54:00,NIU,,2.440000057220459,2.440999984741211,2.440000057220459,2.440999984741211,2434.0
2026-08-05 15:54:00,NKTR,,72.62000274658203,72.6500015258789,72.56999969482422,72.6500015258789,1626.0
2026-08-05 15:54:00,NKTX,,2.2049999237060547,2.2049999237060547,2.2049999237060547,2.2049999237060547,3024.0
2026-08-05 15:54:00,NMFC,,7.364999771118164,7.364999771118164,7.360000133514404,7.360000133514404,2817.0
2026-08-05 15:54:00,NMIH,,44.915000915527344,44.91999816894531,44.89500045776367,44.89500045776367,4373.0
2026-08-05 15:54:00,NMRA,,1.6100000143051147,1.6100000143051147,1.6050000190734863,1.6050000190734863,1094.0
2026-08-05 15:54:00,NMRK,,15.65999984741211,15.71500015258789,15.65999984741211,15.694999694824219,23304.0
2026-08-05 15:54:00,NN,,14.789999961853027,14.8100004196167,14.75,14.8100004196167,25829.0
2026-08-05 15:54:00,NNBR,,3.8550000190734863,3.8550000190734863,3.8299999237060547,3.8550000190734863,24276.0
2026-08-05 15:54:00,NNDM,,1.565000057220459,1.565000057220459,1.559999942779541,1.565000057220459,10212.0
2026-08-05 15:54:00,NNOX,,1.0299999713897705,1.0299999713897705,1.0299999713897705,1.0299999713897705,201.0
2026-08-05 15:54:00,NOVT,,152.9499969482422,153.3000030517578,152.9499969482422,153.3000030517578,5318.0
2026-08-05 15:54:00,NPCE,,13.600000381469727,13.600000381469727,13.600000381469727,13.600000381469727,200.0
2026-08-05 15:54:00,NRC,,19.559999465942383,19.559999465942383,19.559999465942383,19.559999465942383,357.0
2026-08-05 15:54:00,NRDS,,9.087499618530273,9.087499618530273,9.074999809265137,9.074999809265137,10850.0
2026-08-05 15:54:00,NRIM,,26.985000610351562,26.985000610351562,26.985000610351562,26.985000610351562,1060.0
2026-08-05 15:54:00,NRIX,,25.104999542236328,25.110000610351562,25.045000076293945,25.059999465942383,7103.0
2026-08-05 15:54:00,NRXP,,3.077500104904175,3.0799999237060547,3.069999933242798,3.075000047683716,2559.0
2026-08-05 15:54:00,NSSC,,40.380001068115234,40.380001068115234,40.3650016784668,40.369998931884766,1435.0
2026-08-05 15:54:00,NTAP,,186.63999938964844,187.24000549316406,186.63999938964844,187.14500427246094,19768.0
2026-08-05 15:54:00,NTCT,,41.36000061035156,41.400001525878906,41.310001373291016,41.400001525878906,6675.0
2026-08-05 15:54:00,NTES,,127.86499786376953,127.91999816894531,127.80999755859375,127.91999816894531,10395.0
2026-08-05 15:54:00,NTGR,,24.440000534057617,24.479999542236328,24.420000076293945,24.420000076293945,9084.0
2026-08-05 15:54:00,NTNX,,61.02000045776367,61.04999923706055,60.9900016784668,61.029998779296875,18411.0
2026-08-05 15:54:00,NTRA,,274.17999267578125,274.6000061035156,274.04998779296875,274.2699890136719,6336.0
2026-08-05 15:54:00,NTRS,,184.75,184.75,184.35000610351562,184.55999755859375,18487.0
2026-08-05 15:54:00,NUWE,,1.6500999927520752,1.6500999927520752,1.6500999927520752,1.6500999927520752,1050.0
2026-08-05 15:54:00,NVAX,,7.670000076293945,7.679999828338623,7.639999866485596,7.644999980926514,40303.0
2026-08-05 15:54:00,NVCR,,16.1299991607666,16.149999618530273,16.1200008392334,16.1200008392334,11715.0
2026-08-05 15:54:00,NVCT,,19.385000228881836,19.440000534057617,19.385000228881836,19.385000228881836,609.0
2026-08-05 15:54:00,NVDA,,220.27000427246094,220.36000061035156,220.02999877929688,220.36000061035156,478826.0
2026-08-05 15:54:00,NVEC,,128.30250549316406,128.30250549316406,127.75,127.80000305175781,2286.0
2026-08-05 15:54:00,NVMI,,406.5400085449219,406.75,405.92999267578125,405.92999267578125,2889.0
2026-08-05 15:54:00,NVTS,,12.475000381469727,12.484999656677246,12.414299964904785,12.420000076293945,55159.0
2026-08-05 15:54:00,NVX,,0.4000000059604645,0.4000000059604645,0.4000000059604645,0.4000000059604645,200.0
2026-08-05 15:54:00,NWBI,,15.975000381469727,15.989999771118164,15.975000381469727,15.989999771118164,25857.0
2026-08-05 15:54:00,NWE,,68.95999908447266,68.95999908447266,68.94000244140625,68.94000244140625,1353.0
2026-08-05 15:54:00,NWL,,6.175000190734863,6.179999828338623,6.164999961853027,6.175000190734863,102333.0
2026-08-05 15:54:00,NWPX,,125.55500030517578,125.62000274658203,125.54499816894531,125.54499816894531,1453.0
2026-08-05 15:54:00,NWS,,33.040000915527344,33.04999923706055,33.0,33.02000045776367,18859.0
2026-08-05 15:54:00,NWSA,,29.010000228881836,29.014999389648438,28.969999313354492,28.9950008392334,142429.0
2026-08-05 15:54:00,NXL,,0.3400000035762787,0.3400000035762787,0.3400000035762787,0.3400000035762787,200.0
2026-08-05 15:54:00,NXPI,,231.86000061035156,231.9600067138672,231.00999450683594,231.81500244140625,28785.0
2026-08-05 15:54:00,NXST,,189.60000610351562,189.89999389648438,189.4600067138672,189.4600067138672,8908.0
2026-08-05 15:54:00,NXT,,100.5250015258789,100.69999694824219,100.47000122070312,100.56500244140625,17046.0
2026-08-05 15:54:00,NXTC,,5.190000057220459,5.190000057220459,5.190000057220459,5.190000057220459,2078.0
2026-08-05 15:54:00,OABI,,2.049999952316284,2.055000066757202,2.049999952316284,2.049999952316284,1074.0
2026-08-05 15:54:00,OBIO,,4.239999771118164,4.239999771118164,4.235000133514404,4.235000133514404,733.0
2026-08-05 15:54:00,OCC,,15.75,15.789999961853027,15.739999771118164,15.779999732971191,1428.0
2026-08-05 15:54:00,OCCI,,2.4800000190734863,2.4800000190734863,2.4800000190734863,2.4800000190734863,2226.0
2026-08-05 15:54:00,OCFC,,19.882999420166016,19.889999389648438,19.860000610351562,19.860000610351562,13375.0
2026-08-05 15:54:00,OCGN,,1.2899999618530273,1.2899999618530273,1.2799999713897705,1.2799999713897705,13505.0
2026-08-05 15:54:00,OCS,,12.050000190734863,12.050000190734863,12.050000190734863,12.050000190734863,1051.0
2026-08-05 15:54:00,OCSL,,12.015000343322754,12.015000343322754,12.010000228881836,12.010000228881836,3375.0
2026-08-05 15:54:00,OCUL,,8.515000343322754,8.520000457763672,8.510000228881836,8.510000228881836,8700.0
2026-08-05 15:54:00,ODD,,15.199999809265137,15.199999809265137,15.199999809265137,15.199999809265137,1215.0
2026-08-05 15:54:00,ODFL,,215.3000030517578,215.3000030517578,215.13499450683594,215.2899932861328,12385.0
2026-08-05 15:54:00,OESX,,15.768500328063965,15.768500328063965,15.768500328063965,15.768500328063965,933.0
2026-08-05 15:54:00,OFIX,,10.460000038146973,10.460000038146973,10.329999923706055,10.390000343322754,11173.0
2026-08-05 15:54:00,OGI,,0.9527000188827515,0.9527999758720398,0.9527000188827515,0.9527999758720398,723.0
2026-08-05 15:54:00,OKTA,,147.0399932861328,147.22000122070312,146.44000244140625,146.68499755859375,26114.0
2026-08-05 15:54:00,OLB,,0.2962000072002411,0.2962000072002411,0.29120001196861267,0.29269999265670776,15481.0
2026-08-05 15:54:00,OLLI,,78.68000030517578,78.68000030517578,78.55000305175781,78.5999984741211,7154.0
2026-08-05 15:54:00,OLMA,,11.550000190734863,11.5600004196167,11.539999961853027,11.539999961853027,3768.0
2026-08-05 15:54:00,OM,,5.079999923706055,5.079999923706055,5.079999923706055,5.079999923706055,153.0
2026-08-05 15:54:00,OMCL,,37.209999084472656,37.220001220703125,37.119998931884766,37.15999984741211,6493.0
2026-08-05 15:54:00,OMER,,12.699999809265137,12.699999809265137,12.694999694824219,12.694999694824219,3299.0
2026-08-05 15:54:00,OMEX,,0.7405999898910522,0.7405999898910522,0.7405999898910522,0.7405999898910522,1113.0
2026-08-05 15:54:00,ON,,77.02999877929688,77.43000030517578,76.99500274658203,77.41999816894531,211287.0
2026-08-05 15:54:00,ONB,,27.030000686645508,27.049999237060547,27.024999618530273,27.024999618530273,26714.0
2026-08-05 15:54:00,ONDS,,8.879899978637695,8.890000343322754,8.859999656677246,8.889900207519531,250350.0
2026-08-05 15:54:00,ONEW,,12.539999961853027,12.539999961853027,12.510000228881836,12.510000228881836,470.0
2026-08-05 15:54:00,ONFO,,0.07360000163316727,0.0737999975681305,0.07349999994039536,0.0737999975681305,41924.0
2026-08-05 15:54:00,OPAL,,2.369999885559082,2.369999885559082,2.369999885559082,2.369999885559082,1344.0
2026-08-05 15:54:00,OPBK,,15.739999771118164,15.770000457763672,15.739999771118164,15.770000457763672,1040.0
2026-08-05 15:54:00,OPCH,,23.690000534057617,23.760000228881836,23.690000534057617,23.760000228881836,37538.0
2026-08-05 15:54:00,OPEN,,3.789900064468384,3.7899999618530273,3.765000104904175,3.7750000953674316,298872.0
2026-08-05 15:54:00,OPHC,,8.8100004196167,8.829999923706055,8.800000190734863,8.8100004196167,2161.0
2026-08-05 15:54:00,OPK,,1.350000023841858,1.3550000190734863,1.340000033378601,1.3450000286102295,93290.0
2026-08-05 15:54:00,OPRA,,19.979999542236328,19.979999542236328,19.959999084472656,19.959999084472656,1687.0
2026-08-05 15:54:00,OPRT,,6.019999980926514,6.039999961853027,6.019999980926514,6.039999961853027,5952.0
2026-08-05 15:54:00,OPRX,,6.994999885559082,6.994999885559082,6.994999885559082,6.994999885559082,469.0
2026-08-05 15:54:00,OPXS,,11.765000343322754,11.765000343322754,11.765000343322754,11.765000343322754,167.0
2026-08-05 15:54:00,ORGO,,2.359999895095825,2.359999895095825,2.3406999111175537,2.3406999111175537,7161.0
2026-08-05 15:54:00,ORIC,,12.9399995803833,12.958000183105469,12.90999984741211,12.914999961853027,21249.0
2026-08-05 15:54:00,ORLY,,93.4749984741211,93.62999725341797,93.4749984741211,93.55000305175781,43645.0
2026-08-05 15:54:00,ORMP,,4.329999923706055,4.329999923706055,4.329999923706055,4.329999923706055,491.0
2026-08-05 15:54:00,ORRF,,43.33000183105469,43.369998931884766,43.33000183105469,43.36000061035156,2951.0
2026-08-05 15:54:00,OSBC,,25.889999389648438,25.889999389648438,25.889999389648438,25.889999389648438,5834.0
2026-08-05 15:54:00,OSIS,,235.85499572753906,235.86000061035156,235.41000366210938,235.55999755859375,1078.0
2026-08-05 15:54:00,OSPN,,16.389999389648438,16.399999618530273,16.299999237060547,16.299999237060547,5485.0
2026-08-05 15:54:00,OSS,,13.329999923706055,13.350000381469727,13.329999923706055,13.350000381469727,5021.0
2026-08-05 15:54:00,OSUR,,4.135000228881836,4.135000228881836,4.122000217437744,4.125,4005.0
2026-08-05 15:54:00,OSW,,26.559999465942383,26.59000015258789,26.520000457763672,26.540000915527344,7575.0
2026-08-05 15:54:00,OTEX,,25.674999237060547,25.709999084472656,25.674999237060547,25.704999923706055,23767.0
2026-08-05 15:54:00,OTLK,,1.0298999547958374,1.0299999713897705,1.0200999975204468,1.024999976158142,13348.0
2026-08-05 15:54:00,OTTR,,92.68000030517578,92.69999694824219,92.25,92.4000015258789,5994.0
2026-08-05 15:54:00,OVID,,2.5980000495910645,2.6050000190734863,2.5980000495910645,2.5999999046325684,36494.0
2026-08-05 15:54:00,OXLC,,9.119999885559082,9.130000114440918,9.119999885559082,9.130000114440918,4614.0
2026-08-05 15:54:00,OXLCM,,25.125,25.125,25.125,25.125,152.0
2026-08-05 15:54:00,OXSQ,,1.5,1.5049999952316284,1.5,1.5049999952316284,14342.0
2026-08-05 15:54:00,PAA,,23.225000381469727,23.25,23.219999313354492,23.239999771118164,47908.0
2026-08-05 15:54:00,PAAS,,48.310001373291016,48.34000015258789,48.275001525878906,48.279998779296875,26162.0
2026-08-05 15:54:00,PACB,,1.2899999618530273,1.3097000122070312,1.2899999618530273,1.3049999475479126,159464.0
2026-08-05 15:54:00,PAGP,,25.149999618530273,25.174999237060547,25.139999389648438,25.174999237060547,14730.0
2026-08-05 15:54:00,PAHC,,35.86000061035156,35.86000061035156,35.86000061035156,35.86000061035156,187.0
2026-08-05 15:54:00,PALI,,2.130000114440918,2.130000114440918,2.125,2.125,8646.0
2026-08-05 15:54:00,PANL,,7.295000076293945,7.295000076293945,7.289999961853027,7.289999961853027,930.0
2026-08-05 15:54:00,PANW,,363.67498779296875,363.69500732421875,363.0,363.4700012207031,20942.0
2026-08-05 15:54:00,PATK,,87.48999786376953,87.75,87.48999786376953,87.65499877929688,3431.0
2026-08-05 15:54:00,PAX,,11.335000038146973,11.350000381469727,11.335000038146973,11.34000015258789,15616.0
2026-08-05 15:54:00,PAYO,,7.119999885559082,7.125,7.119999885559082,7.119999885559082,15073.0
2026-08-05 15:54:00,PAYS,,9.5,9.539999961853027,9.449999809265137,9.449999809265137,26841.0
2026-08-05 15:54:00,PAYX,,118.20999908447266,118.2699966430664,118.13999938964844,118.19999694824219,27649.0
2026-08-05 15:54:00,PCAR,,133.7100067138672,133.83999633789062,133.7100067138672,133.72999572753906,39703.0
2026-08-05 15:54:00,PCRX,,25.1299991607666,25.219999313354492,25.020000457763672,25.020000457763672,17733.0
2026-08-05 15:54:00,PCSA,,2.194999933242798,2.194999933242798,2.194999933242798,2.194999933242798,146.0
2026-08-05 15:54:00,PCT,,6.900000095367432,6.909999847412109,6.864999771118164,6.864999771118164,52773.0
2026-08-05 15:54:00,PCTY,,147.9949951171875,148.0,146.9199981689453,147.2375030517578,15385.0
2026-08-05 15:54:00,PDD,,90.95999908447266,90.97000122070312,90.80999755859375,90.80999755859375,43402.0
2026-08-05 15:54:00,PDFS,,49.79999923706055,49.83000183105469,49.7400016784668,49.83000183105469,3333.0
2026-08-05 15:54:00,PDSB,,0.711899995803833,0.7121000289916992,0.711899995803833,0.7120000123977661,5582.0
2026-08-05 15:54:00,PEBK,,43.5,43.5,43.5,43.5,1409.0
2026-08-05 15:54:00,PEBO,,41.67499923706055,41.7400016784668,41.67499923706055,41.7400016784668,2125.0
2026-08-05 15:54:00,PECO,,41.5,41.5,41.47999954223633,41.47999954223633,6372.0
2026-08-05 15:54:00,PEGA,,31.90999984741211,31.969999313354492,31.8799991607666,31.90999984741211,24543.0
2026-08-05 15:54:00,PENN,,19.540000915527344,19.559999465942383,19.514999389648438,19.530000686645508,34056.0
2026-08-05 15:54:00,PEP,,138.97000122070312,139.0399932861328,138.97000122070312,138.97999572753906,29749.0
2026-08-05 15:54:00,PEPG,,1.9800000190734863,1.9800000190734863,1.9700000286102295,1.9700000286102295,8284.0
2026-08-05 15:54:00,PERI,,9.635000228881836,9.640000343322754,9.630000114440918,9.640000343322754,2077.0
2026-08-05 15:54:00,PESI,,17.709999084472656,17.7450008392334,17.700000762939453,17.739999771118164,3432.0
2026-08-05 15:54:00,PETS,,1.9700000286102295,1.9700000286102295,1.9700000286102295,1.9700000286102295,389.0
2026-08-05 15:54:00,PFG,,114.88999938964844,114.91999816894531,114.88999938964844,114.91999816894531,3384.0
2026-08-05 15:54:00,PFIS,,71.9800033569336,71.9800033569336,71.9800033569336,71.9800033569336,1079.0
2026-08-05 15:54:00,PGC,,46.41999816894531,46.41999816894531,46.41999816894531,46.41999816894531,1111.0
2026-08-05 15:54:00,PGEN,,7.034999847412109,7.059999942779541,7.03000020980835,7.039999961853027,88440.0
2026-08-05 15:54:00,PGNY,,31.389999389648438,31.399999618530273,31.350000381469727,31.350000381469727,3109.0
2026-08-05 15:54:00,PGY,,21.809999465942383,21.829999923706055,21.809999465942383,21.825000762939453,13099.0
2026-08-05 15:54:00,PHAT,,8.220000267028809,8.25,8.220000267028809,8.220000267028809,11202.0
2026-08-05 15:54:00,PHUN,,2.170099973678589,2.174999952316284,2.170099973678589,2.174999952316284,2017.0
2026-08-05 15:54:00,PHVS,,33.48500061035156,33.529998779296875,33.41999816894531,33.48500061035156,1483.0
2026-08-05 15:54:00,PKBK,,34.33000183105469,34.33000183105469,34.33000183105469,34.33000183105469,931.0
2026-08-05 15:54:00,PKOH,,41.849998474121094,41.849998474121094,41.849998474121094,41.849998474121094,352.0
2026-08-05 15:54:00,PLAB,,32.11000061035156,32.13999938964844,32.11000061035156,32.119998931884766,5014.0
2026-08-05 15:54:00,PLBC,,61.33000183105469,61.3650016784668,61.33000183105469,61.3650016784668,1472.0
2026-08-05 15:54:00,PLMR,,134.0,134.5399932861328,134.0,134.5399932861328,1406.0
2026-08-05 15:54:00,PLPC,,475.67999267578125,475.67999267578125,474.7099914550781,474.8800048828125,1782.0
2026-08-05 15:54:00,PLSE,,37.9900016784668,38.13999938964844,37.86000061035156,37.86000061035156,4125.0
2026-08-05 15:54:00,PLTK,,3.9100000858306885,3.9149999618530273,3.9100000858306885,3.9149999618530273,11071.0
2026-08-05 15:54:00,PLUG,,2.0850000381469727,2.0899999141693115,2.069999933242798,2.077399969100952,308981.0
2026-08-05 15:54:00,PLXS,,275.8999938964844,275.8999938964844,275.6700134277344,275.8999938964844,1545.0
2026-08-05 15:54:00,PMN,,13.234999656677246,13.234999656677246,13.234999656677246,13.234999656677246,144.0
2026-08-05 15:54:00,PNBK,,1.149999976158142,1.149999976158142,1.1449999809265137,1.149999976158142,1711.0
2026-08-05 15:54:00,PNFP,,107.4800033569336,107.58499908447266,107.44000244140625,107.55000305175781,15907.0
2026-08-05 15:54:00,PNTG,,38.880001068115234,39.095001220703125,38.84000015258789,39.095001220703125,6775.0
2026-08-05 15:54:00,POCI,,4.284999847412109,4.284999847412109,4.28000020980835,4.28000020980835,658.0
2026-08-05 15:54:00,POET,,8.135000228881836,8.170000076293945,8.130000114440918,8.154999732971191,109463.0
2026-08-05 15:54:00,POOL,,205.91000366210938,206.3800048828125,205.85000610351562,205.98500061035156,8744.0
2026-08-05 15:54:00,POWI,,62.0099983215332,62.209999084472656,62.0099983215332,62.150001525878906,5286.0
2026-08-05 15:54:00,POWL,,209.9250030517578,210.04949951171875,209.38999938964844,209.5399932861328,5894.0
2026-08-05 15:54:00,PPC,,26.6200008392334,26.6299991607666,26.510000228881836,26.549999237060547,13949.0
2026-08-05 15:54:00,PPIH,,25.899999618530273,25.934999465942383,25.899999618530273,25.934999465942383,1082.0
2026-08-05 15:54:00,PPTA,,22.924999237060547,22.93000030517578,22.834999084472656,22.834999084472656,17461.0
2026-08-05 15:54:00,PRAA,,17.290000915527344,17.329999923706055,17.290000915527344,17.329999923706055,1822.0
2026-08-05 15:54:00,PRAX,,319.6050109863281,319.6050109863281,319.1199951171875,319.1199951171875,827.0
2026-08-05 15:54:00,PRCH,,15.920000076293945,15.96500015258789,15.920000076293945,15.925000190734863,14927.0
2026-08-05 15:54:00,PRCT,,19.4950008392334,19.565000534057617,19.479999542236328,19.559999465942383,32636.0
2026-08-05 15:54:00,PRDO,,32.959999084472656,32.974998474121094,32.93000030517578,32.959999084472656,4927.0
2026-08-05 15:54:00,PRE,,18.051000595092773,18.09000015258789,18.051000595092773,18.09000015258789,280.0
2026-08-05 15:54:00,PRGS,,42.459999084472656,42.459999084472656,42.38999938964844,42.38999938964844,3665.0
2026-08-05 15:54:00,PRIM,,83.27999877929688,83.29000091552734,83.12000274658203,83.28500366210938,10682.0
2026-08-05 15:54:00,PRLD,,4.53000020980835,4.53000020980835,4.514999866485596,4.514999866485596,595.0
2026-08-05 15:54:00,PRME,,3.0299999713897705,3.0399999618530273,3.0250000953674316,3.0350000858306885,82358.0
2026-08-05 15:54:00,PROF,,7.980000019073486,7.980000019073486,7.980000019073486,7.980000019073486,427.0
2026-08-05 15:54:00,PROK,,1.6549999713897705,1.6549999713897705,1.6399999856948853,1.6399999856948853,11972.0
2026-08-05 15:54:00,PRQR,,1.975000023841858,1.975000023841858,1.965000033378601,1.9700000286102295,9366.0
2026-08-05 15:54:00,PRSO,,0.7096999883651733,0.7096999883651733,0.7096999883651733,0.7096999883651733,700.0
2026-08-05 15:54:00,PRTA,,8.5,8.5,8.489999771118164,8.489999771118164,1785.0
2026-08-05 15:54:00,PRVA,,24.020000457763672,24.020000457763672,23.959999084472656,23.959999084472656,11792.0
2026-08-05 15:54:00,PRZO,,0.5629000067710876,0.5630000233650208,0.5629000067710876,0.5630000233650208,892.0
2026-08-05 15:54:00,PSEC,,2.174999952316284,2.180000066757202,2.1700000762939453,2.1798999309539795,9163.0
2026-08-05 15:54:00,PSMT,,186.63999938964844,186.63999938964844,186.19000244140625,186.36000061035156,8164.0
2026-08-05 15:54:00,PSNL,,13.479999542236328,13.5649995803833,13.479999542236328,13.5649995803833,17515.0
2026-08-05 15:54:00,PTC,,139.85000610351562,139.97000122070312,139.72000122070312,139.9600067138672,18854.0
2026-08-05 15:54:00,PTCT,,68.92500305175781,68.98999786376953,68.91500091552734,68.9800033569336,3395.0
2026-08-05 15:54:00,PTEN,,9.585000038146973,9.595000267028809,9.574999809265137,9.588800430297852,155058.0
2026-08-05 15:54:00,PTGX,,137.27000427246094,137.2949981689453,137.2100067138672,137.22999572753906,1790.0
2026-08-05 15:54:00,PTLO,,4.65500020980835,4.675000190734863,4.65500020980835,4.670000076293945,14409.0
2026-08-05 15:54:00,PTON,,6.574999809265137,6.590000152587891,6.514999866485596,6.519999980926514,1076722.0
2026-08-05 15:54:00,PUBM,,13.550000190734863,13.585000038146973,13.539999961853027,13.579999923706055,9838.0
2026-08-05 15:54:00,PWP,,17.360000610351562,17.3799991607666,17.350000381469727,17.3799991607666,6951.0
2026-08-05 15:54:00,PYPL,,58.04499816894531,58.0525016784668,57.91999816894531,58.040000915527344,144032.0
2026-08-05 15:54:00,PYXS,,3.109999895095825,3.109999895095825,3.0950000286102295,3.0950000286102295,4826.0
2026-08-05 15:54:00,PZZA,,29.709999084472656,29.790000915527344,29.709999084472656,29.774999618530273,14853.0
2026-08-05 15:54:00,QCOM,,158.33099365234375,158.4199981689453,158.1999969482422,158.3699951171875,35106.0
2026-08-05 15:54:00,QCRH,,105.33000183105469,105.33000183105469,105.30000305175781,105.30000305175781,2894.0
2026-08-05 15:54:00,QFIN,,13.170000076293945,13.180000305175781,13.170000076293945,13.170000076293945,9161.0
2026-08-05 15:54:00,QRVO,,95.61000061035156,95.7300033569336,95.61000061035156,95.69999694824219,9396.0
2026-08-05 15:54:00,SEED,,1.0499999523162842,1.0499999523162842,1.0449999570846558,1.0449999570846558,1409.0
2026-08-05 15:54:00,STIM,,2.369999885559082,2.375,2.369999885559082,2.375,3739.0
2026-08-05 15:54:00,STKS,,1.7699999809265137,1.7699999809265137,1.7699999809265137,1.7699999809265137,200.0
2026-08-05 15:54:00,TARA,,3.994999885559082,4.005000114440918,3.9800000190734863,4.005000114440918,34203.0
2026-08-05 15:54:00,WOOF,,2.924999952316284,2.934999942779541,2.924999952316284,2.930000066757202,56629.0
2026-08-05 15:55:00,ACDC,,4.53000020980835,4.53000020980835,4.480000019073486,4.485000133514404,112187.0
2026-08-05 15:55:00,BPOP,,177.25,177.4199981689453,177.25,177.4199981689453,3905.0
2026-08-05 15:55:00,CASH,,89.41999816894531,89.5199966430664,89.41999816894531,89.5199966430664,706.0
2026-08-05 15:55:00,CNXN,,86.04000091552734,86.18000030517578,85.87999725341797,85.87999725341797,3844.0
2026-08-05 15:55:00,DTIL,,7.454999923706055,7.474999904632568,7.449999809265137,7.46999979019165,4132.0
2026-08-05 15:55:00,EYE,,23.09000015258789,23.09000015258789,23.024999618530273,23.040000915527344,96178.0
2026-08-05 15:55:00,FIZZ,,32.244998931884766,32.244998931884766,32.2400016784668,32.2400016784668,1079.0
2026-08-05 15:55:00,FRST,,16.40999984741211,16.43000030517578,16.399999618530273,16.43000030517578,4602.0
2026-08-05 15:55:00,GLUE,,15.5600004196167,15.569999694824219,15.510000228881836,15.569999694824219,17061.0
2026-08-05 15:55:00,KIDS,,22.149999618530273,22.309999465942383,22.149999618530273,22.149999618530273,4265.0
2026-08-05 15:55:00,KTTA,,0.4562000036239624,0.4569000005722046,0.4562000036239624,0.4569000005722046,300.0
2026-08-05 15:55:00,LUNG,,1.965000033378601,1.9700000286102295,1.9550000429153442,1.9550000429153442,14368.0
2026-08-05 15:55:00,MBRX,,0.38920000195503235,0.38920000195503235,0.38920000195503235,0.38920000195503235,727.0
2026-08-05 15:55:00,MDB,,375.1099853515625,377.5400085449219,374.9200134277344,377.5400085449219,16001.0
2026-08-05 15:55:00,MDLZ,,62.68000030517578,62.709999084472656,62.65999984741211,62.70000076293945,94330.0
2026-08-05 15:55:00,MLTX,,17.573999404907227,17.600000381469727,17.573999404907227,17.59000015258789,6067.0
2026-08-05 15:55:00,MNPR,,118.27999877929688,118.27999877929688,118.19999694824219,118.2699966430664,1254.0
2026-08-05 15:55:00,MNRO,,13.135000228881836,13.140000343322754,13.095000267028809,13.100000381469727,11334.0
2026-08-05 15:55:00,MNST,,94.5199966430664,94.53500366210938,94.33499908447266,94.5199966430664,49226.0
2026-08-05 15:55:00,MNTK,,1.7000000476837158,1.7000000476837158,1.7000000476837158,1.7000000476837158,2501.0
2026-08-05 15:55:00,MNTS,,4.199999809265137,4.215000152587891,4.199999809265137,4.210000038146973,6269.0
2026-08-05 15:55:00,MODD,,1.9900000095367432,1.9900000095367432,1.9800000190734863,1.9900000095367432,2745.0
2026-08-05 15:55:00,MORN,,199.52999877929688,199.52999877929688,198.52000427246094,198.52000427246094,3374.0
2026-08-05 15:55:00,MOVE,,12.069999694824219,12.069999694824219,12.069999694824219,12.069999694824219,489.0
2026-08-05 15:55:00,MPAA,,13.880000114440918,13.880000114440918,13.880000114440918,13.880000114440918,487.0
2026-08-05 15:55:00,MPWR,,1350.52001953125,1352.7349853515625,1345.6400146484375,1348.6500244140625,9820.0
2026-08-05 15:55:00,MRNA,,56.2599983215332,56.459999084472656,56.185001373291016,56.185001373291016,71199.0
2026-08-05 15:55:00,MYGN,,3.1449999809265137,3.174999952316284,3.1449999809265137,3.174999952316284,33156.0
2026-08-05 15:55:00,MYPS,,0.7300000190734863,0.7300000190734863,0.7300000190734863,0.7300000190734863,213.0
2026-08-05 15:55:00,MYRG,,334.7300109863281,336.0400085449219,334.3699951171875,335.5,3069.0
2026-08-05 15:55:00,NAMS,,27.479999542236328,27.559999465942383,27.479999542236328,27.559999465942383,10513.0
2026-08-05 15:55:00,NATR,,20.040000915527344,20.040000915527344,20.040000915527344,20.040000915527344,1553.0
2026-08-05 15:55:00,NAUT,,0.9289000034332275,0.9289000034332275,0.9258999824523926,0.9279000163078308,4839.0
2026-08-05 15:55:00,NAVI,,9.0649995803833,9.0649995803833,9.045000076293945,9.0600004196167,12874.0
2026-08-05 15:55:00,NB,,5.03000020980835,5.039999961853027,5.03000020980835,5.039999961853027,24443.0
2026-08-05 15:55:00,NBIX,,162.0399932861328,162.0399932861328,161.75999450683594,161.91000366210938,15703.0
2026-08-05 15:55:00,NBN,,133.77999877929688,134.14999389648438,133.64999389648438,134.14999389648438,2555.0
2026-08-05 15:55:00,NBTB,,53.20500183105469,53.290000915527344,53.20500183105469,53.290000915527344,2550.0
2026-08-05 15:55:00,NBTX,,39.70500183105469,39.70500183105469,39.70500183105469,39.70500183105469,361.0
2026-08-05 15:55:00,NCMI,,4.105000019073486,4.105000019073486,4.105000019073486,4.105000019073486,338.0
2026-08-05 15:55:00,NDAQ,,94.58999633789062,94.62000274658203,94.51499938964844,94.51499938964844,16405.0
2026-08-05 15:55:00,NDSN,,310.9700012207031,311.1099853515625,310.9100036621094,311.1000061035156,3043.0
2026-08-05 15:55:00,NEGG,,17.030000686645508,17.030000686645508,17.030000686645508,17.030000686645508,1418.0
2026-08-05 15:55:00,NEO,,15.779999732971191,15.819999694824219,15.770000457763672,15.819999694824219,19238.0
2026-08-05 15:55:00,NEOG,,11.414999961853027,11.4350004196167,11.404999732971191,11.414999961853027,70699.0
2026-08-05 15:55:00,NEON,,0.9100000262260437,0.9100000262260437,0.9024999737739563,0.9027000069618225,1745.0
2026-08-05 15:55:00,NEOV,,2.8399999141693115,2.859999895095825,2.8399999141693115,2.859999895095825,10164.0
2026-08-05 15:55:00,NESR,,28.329999923706055,28.350000381469727,28.280000686645508,28.34000015258789,26622.0
2026-08-05 15:55:00,NEWT,,15.140000343322754,15.140000343322754,15.119999885559082,15.135000228881836,3831.0
2026-08-05 15:55:00,NEXT,,6.429999828338623,6.454999923706055,6.429999828338623,6.440000057220459,36313.0
2026-08-05 15:55:00,NFE,,0.33340001106262207,0.336899995803833,0.3321000039577484,0.334199994802475,7391.0
2026-08-05 15:55:00,NFLX,,74.17009735107422,74.19999694824219,74.13500213623047,74.13500213623047,189888.0
2026-08-05 15:55:00,NGNE,,35.9900016784668,36.0,35.814998626708984,35.814998626708984,2964.0
2026-08-05 15:55:00,NICE,,99.61000061035156,99.61000061035156,99.08999633789062,99.30000305175781,18806.0
2026-08-05 15:55:00,NIU,,2.434999942779541,2.434999942779541,2.434999942779541,2.434999942779541,767.0
2026-08-05 15:55:00,NKSH,,41.150001525878906,41.290000915527344,41.150001525878906,41.290000915527344,2499.0
2026-08-05 15:55:00,NKTR,,73.05999755859375,73.17500305175781,72.79000091552734,72.81999969482422,6730.0
2026-08-05 15:55:00,NKTX,,2.2200000286102295,2.2249999046325684,2.2049999237060547,2.2049999237060547,21131.0
2026-08-05 15:55:00,NMFC,,7.360000133514404,7.364999771118164,7.360000133514404,7.360000133514404,6246.0
2026-08-05 15:55:00,NMIH,,44.91999816894531,44.97999954223633,44.91999816894531,44.91999816894531,4714.0
2026-08-05 15:55:00,NMRA,,1.6100000143051147,1.6150000095367432,1.6100000143051147,1.6100000143051147,17369.0
2026-08-05 15:55:00,NMRK,,15.614999771118164,15.652999877929688,15.600000381469727,15.640000343322754,19460.0
2026-08-05 15:55:00,NN,,14.765000343322754,14.8100004196167,14.760000228881836,14.789999961853027,18873.0
2026-08-05 15:55:00,NNBR,,3.8550000190734863,3.859999895095825,3.8399999141693115,3.8550000190734863,14524.0
2026-08-05 15:55:00,NNDM,,1.565000057220459,1.565000057220459,1.559999942779541,1.565000057220459,6353.0
2026-08-05 15:55:00,NOVT,,152.83999633789062,153.27999877929688,152.82000732421875,152.9499969482422,7170.0
2026-08-05 15:55:00,NPCE,,13.619999885559082,13.619999885559082,13.600000381469727,13.600000381469727,3641.0
2026-08-05 15:55:00,NRC,,19.559999465942383,19.559999465942383,19.559999465942383,19.559999465942383,1303.0
2026-08-05 15:55:00,NRDS,,9.085000038146973,9.09000015258789,9.085000038146973,9.085000038146973,16985.0
2026-08-05 15:55:00,NRIM,,26.950000762939453,26.959999084472656,26.950000762939453,26.959999084472656,3530.0
2026-08-05 15:55:00,NRIX,,25.104999542236328,25.114999771118164,25.040000915527344,25.06999969482422,16520.0
2026-08-05 15:55:00,NRXP,,3.065000057220459,3.069999933242798,3.059999942779541,3.069999933242798,4621.0
2026-08-05 15:55:00,NSSC,,40.415000915527344,40.415000915527344,40.31999969482422,40.33000183105469,4215.0
2026-08-05 15:55:00,NTAP,,186.53500366210938,186.6999969482422,186.3249969482422,186.5500030517578,24730.0
2026-08-05 15:55:00,NTCT,,41.20500183105469,41.31999969482422,41.20500183105469,41.31999969482422,4103.0
2026-08-05 15:55:00,NTES,,128.21499633789062,128.22000122070312,127.91999816894531,127.91999816894531,8144.0
2026-08-05 15:55:00,NTGR,,24.440000534057617,24.450000762939453,24.399999618530273,24.40999984741211,12430.0
2026-08-05 15:55:00,NTNX,,60.95500183105469,61.0099983215332,60.93000030517578,61.0,29552.0
2026-08-05 15:55:00,NTRA,,273.80999755859375,274.4700012207031,273.80999755859375,274.4700012207031,4161.0
2026-08-05 15:55:00,NTRS,,184.41000366210938,184.57000732421875,184.38999938964844,184.57000732421875,9492.0
2026-08-05 15:55:00,NUTX,,157.8000030517578,157.8000030517578,157.8000030517578,157.8000030517578,2486.0
2026-08-05 15:55:00,NUWE,,1.676200032234192,1.676200032234192,1.6649999618530273,1.6649999618530273,1296.0
2026-08-05 15:55:00,NVAX,,7.644999980926514,7.659999847412109,7.635000228881836,7.659999847412109,25529.0
2026-08-05 15:55:00,NVCR,,16.110000610351562,16.170000076293945,16.104999542236328,16.139999389648438,15657.0
2026-08-05 15:55:00,NVCT,,19.46500015258789,19.469999313354492,19.43000030517578,19.459999084472656,4005.0
2026-08-05 15:55:00,NVDA,,219.92999267578125,220.30999755859375,219.80999755859375,220.27999877929688,806054.0
2026-08-05 15:55:00,NVEC,,128.28500366210938,128.30999755859375,128.28500366210938,128.30999755859375,1219.0
2026-08-05 15:55:00,NVMI,,406.29998779296875,406.5899963378906,405.8599853515625,406.20001220703125,4507.0
2026-08-05 15:55:00,NVTS,,12.454999923706055,12.489999771118164,12.454999923706055,12.470000267028809,96508.0
2026-08-05 15:55:00,NWBI,,15.96500015258789,15.975000381469727,15.96500015258789,15.970000267028809,13890.0
2026-08-05 15:55:00,NWE,,69.08999633789062,69.08999633789062,68.98999786376953,68.98999786376953,3214.0
2026-08-05 15:55:00,NWFL,,33.939998626708984,33.939998626708984,33.939998626708984,33.939998626708984,616.0
2026-08-05 15:55:00,NWL,,6.164999961853027,6.175000190734863,6.159999847412109,6.175000190734863,82048.0
2026-08-05 15:55:00,NWPX,,125.30500030517578,125.41999816894531,125.05999755859375,125.41999816894531,1955.0
2026-08-05 15:55:00,NWS,,33.07500076293945,33.119998931884766,33.055999755859375,33.060001373291016,40141.0
2026-08-05 15:55:00,NWSA,,28.9950008392334,29.049999237060547,28.989999771118164,29.010000228881836,163267.0
2026-08-05 15:55:00,NXPI,,231.48500061035156,231.82000732421875,231.3845977783203,231.75999450683594,33582.0
2026-08-05 15:55:00,NXST,,190.55499267578125,190.55499267578125,190.47000122070312,190.47000122070312,3384.0
2026-08-05 15:55:00,NXT,,100.19999694824219,100.48999786376953,100.15499877929688,100.44000244140625,28363.0
2026-08-05 15:55:00,NXTC,,5.159999847412109,5.175000190734863,5.150100231170654,5.175000190734863,2097.0
2026-08-05 15:55:00,NYXH,,1.409999966621399,1.409999966621399,1.409999966621399,1.409999966621399,300.0
2026-08-05 15:55:00,OABI,,2.0450000762939453,2.049999952316284,2.0450000762939453,2.049999952316284,5054.0
2026-08-05 15:55:00,OBIO,,4.239999771118164,4.239999771118164,4.230000019073486,4.235000133514404,1914.0
2026-08-05 15:55:00,OCC,,15.630000114440918,15.710000038146973,15.630000114440918,15.6899995803833,2129.0
2026-08-05 15:55:00,OCCI,,2.4800000190734863,2.490000009536743,2.4800000190734863,2.490000009536743,1414.0
2026-08-05 15:55:00,OCFC,,19.860000610351562,19.8799991607666,19.860000610351562,19.8799991607666,11816.0
2026-08-05 15:55:00,OCGN,,1.2799999713897705,1.2894999980926514,1.2799999713897705,1.284999966621399,44144.0
2026-08-05 15:55:00,OCS,,12.050000190734863,12.0600004196167,12.039999961853027,12.0600004196167,1731.0
2026-08-05 15:55:00,OCSL,,12.029999732971191,12.0600004196167,12.020000457763672,12.020000457763672,10542.0
2026-08-05 15:55:00,OCUL,,8.5,8.510000228881836,8.479999542236328,8.510000228881836,29727.0
2026-08-05 15:55:00,ODD,,15.295000076293945,15.300000190734863,15.220000267028809,15.229999542236328,8470.0
2026-08-05 15:55:00,ODFL,,215.5,215.66000366210938,215.25,215.30999755859375,38390.0
2026-08-05 15:55:00,OESX,,15.600000381469727,15.729999542236328,15.600000381469727,15.720000267028809,2060.0
2026-08-05 15:55:00,OFIX,,10.369999885559082,10.489999771118164,10.364999771118164,10.460000038146973,10923.0
2026-08-05 15:55:00,OFLX,,30.469999313354492,30.469999313354492,30.469999313354492,30.469999313354492,421.0
2026-08-05 15:55:00,OFS,,3.559999942779541,3.5850000381469727,3.559999942779541,3.5850000381469727,1062.0
2026-08-05 15:55:00,OGI,,0.9539999961853027,0.955299973487854,0.9527000188827515,0.955299973487854,1811.0
2026-08-05 15:55:00,OKTA,,146.77999877929688,147.0399932861328,146.71499633789062,147.0399932861328,12700.0
2026-08-05 15:55:00,OLB,,0.2971999943256378,0.2971999943256378,0.2962000072002411,0.2962000072002411,1100.0
2026-08-05 15:55:00,OLLI,,78.58999633789062,78.75,78.48500061035156,78.69999694824219,14981.0
2026-08-05 15:55:00,OLMA,,11.539999961853027,11.59000015258789,11.539999961853027,11.5600004196167,7149.0
2026-08-05 15:55:00,OMCL,,37.18000030517578,37.18000030517578,37.13999938964844,37.18000030517578,6764.0
2026-08-05 15:55:00,OMER,,12.704999923706055,12.710000038146973,12.6899995803833,12.699999809265137,13938.0
2026-08-05 15:55:00,OMEX,,0.7451000213623047,0.7451000213623047,0.7419000267982483,0.7419000267982483,456.0
2026-08-05 15:55:00,OMH,,0.11720000207424164,0.11749999970197678,0.11569999903440475,0.11720000207424164,28062.0
2026-08-05 15:55:00,ON,,76.69779968261719,76.9800033569336,76.69000244140625,76.97000122070312,303546.0
2026-08-05 15:55:00,ONB,,27.0049991607666,27.030000686645508,26.9950008392334,27.020000457763672,57067.0
2026-08-05 15:55:00,ONCO,,0.8500000238418579,0.8546000123023987,0.8130999803543091,0.8130999803543091,10424.0
2026-08-05 15:55:00,ONDS,,8.879899978637695,8.885000228881836,8.854999542236328,8.880000114440918,181731.0
2026-08-05 15:55:00,ONEW,,12.5,12.5,12.5,12.5,596.0
2026-08-05 15:55:00,ONFO,,0.07289999723434448,0.07360000163316727,0.07289999723434448,0.07349999994039536,303315.0
2026-08-05 15:55:00,OPAL,,2.369999885559082,2.369999885559082,2.365000009536743,2.365000009536743,951.0
2026-08-05 15:55:00,OPCH,,23.770000457763672,23.78499984741211,23.700000762939453,23.700000762939453,51007.0
2026-08-05 15:55:00,OPEN,,3.740000009536743,3.7799999713897705,3.740000009536743,3.7799999713897705,375343.0
2026-08-05 15:55:00,OPHC,,8.8100004196167,8.8100004196167,8.8100004196167,8.8100004196167,1017.0
2026-08-05 15:55:00,OPI,,19.079999923706055,19.079999923706055,19.049999237060547,19.049999237060547,216.0
2026-08-05 15:55:00,OPK,,1.3450000286102295,1.350000023841858,1.340000033378601,1.350000023841858,66977.0
2026-08-05 15:55:00,OPRA,,19.969999313354492,20.0,19.950000762939453,19.989999771118164,8485.0
2026-08-05 15:55:00,OPRT,,6.025000095367432,6.034999847412109,6.025000095367432,6.03000020980835,1598.0
2026-08-05 15:55:00,OPRX,,6.960000038146973,6.994999885559082,6.960000038146973,6.989999771118164,6497.0
2026-08-05 15:55:00,ORGO,,2.365000009536743,2.365000009536743,2.3550000190734863,2.359999895095825,6688.0
2026-08-05 15:55:00,ORIC,,12.899999618530273,12.9399995803833,12.890000343322754,12.9399995803833,21571.0
2026-08-05 15:55:00,ORLY,,93.48999786376953,93.54000091552734,93.44999694824219,93.45999908447266,66052.0
2026-08-05 15:55:00,ORRF,,43.31999969482422,43.369998931884766,43.31999969482422,43.36000061035156,6168.0
2026-08-05 15:55:00,OSBC,,25.8799991607666,25.888999938964844,25.8799991607666,25.8799991607666,2763.0
2026-08-05 15:55:00,OSIS,,235.33999633789062,235.35000610351562,235.33999633789062,235.35000610351562,973.0
2026-08-05 15:55:00,OSPN,,16.375,16.40999984741211,16.375,16.375,6650.0
2026-08-05 15:55:00,OSS,,13.305000305175781,13.329999923706055,13.234999656677246,13.319999694824219,39070.0
2026-08-05 15:55:00,OSUR,,4.144999980926514,4.144999980926514,4.139999866485596,4.139999866485596,3449.0
2026-08-05 15:55:00,OSW,,26.56999969482422,26.6200008392334,26.559999465942383,26.56999969482422,9685.0
2026-08-05 15:55:00,OTEX,,25.69499969482422,25.69499969482422,25.68000030517578,25.68000030517578,19103.0
2026-08-05 15:55:00,OTLK,,1.0299999713897705,1.0299999713897705,1.0200999975204468,1.024999976158142,37923.0
2026-08-05 15:55:00,OTTR,,92.67500305175781,92.76000213623047,92.67500305175781,92.76000213623047,2912.0
2026-08-05 15:55:00,OVID,,2.5999999046325684,2.619999885559082,2.5999999046325684,2.609999895095825,49151.0
2026-08-05 15:55:00,OVLY,,33.5,33.5,33.5,33.5,785.0
2026-08-05 15:55:00,OXLC,,9.119999885559082,9.125,9.119999885559082,9.125,7884.0
2026-08-05 15:55:00,OXSQ,,1.5049999952316284,1.5049999952316284,1.5029000043869019,1.5049999952316284,15635.0
2026-08-05 15:55:00,PAA,,23.235000610351562,23.239999771118164,23.209999084472656,23.219999313354492,59760.0
2026-08-05 15:55:00,PAAS,,48.36000061035156,48.400001525878906,48.2599983215332,48.310001373291016,50498.0
2026-08-05 15:55:00,PACB,,1.2949999570846558,1.2999999523162842,1.2899999618530273,1.2949999570846558,45218.0
2026-08-05 15:55:00,PAGP,,25.1299991607666,25.145000457763672,25.114999771118164,25.145000457763672,18556.0
2026-08-05 15:55:00,PAHC,,36.04499816894531,36.11000061035156,35.939998626708984,35.939998626708984,4404.0
2026-08-05 15:55:00,PALI,,2.125,2.130000114440918,2.125,2.130000114440918,9697.0
2026-08-05 15:55:00,PANL,,7.295000076293945,7.295000076293945,7.289999961853027,7.295000076293945,2404.0
2026-08-05 15:55:00,PANW,,363.010009765625,363.5799865722656,362.9100036621094,363.5799865722656,38555.0
2026-08-05 15:55:00,PATK,,87.66000366210938,87.66000366210938,87.47000122070312,87.48999786376953,4650.0
2026-08-05 15:55:00,PAX,,11.3149995803833,11.335000038146973,11.3149995803833,11.329999923706055,11981.0
2026-08-05 15:55:00,PAYO,,7.119999885559082,7.125,7.119999885559082,7.119999885559082,9727.0
2026-08-05 15:55:00,PAYS,,9.489999771118164,9.550000190734863,9.470000267028809,9.510000228881836,12639.0
2026-08-05 15:55:00,PAYX,,118.31500244140625,118.3499984741211,118.21600341796875,118.22000122070312,30476.0
2026-08-05 15:55:00,PBYI,,7.980000019073486,8.020000457763672,7.980000019073486,8.020000457763672,2898.0
2026-08-05 15:55:00,PCAR,,133.6649932861328,133.75999450683594,133.66000366210938,133.6999969482422,37850.0
2026-08-05 15:55:00,PCB,,28.1200008392334,28.1200008392334,28.104999542236328,28.104999542236328,235.0
2026-08-05 15:55:00,PCRX,,25.06999969482422,25.1299991607666,24.979999542236328,25.1299991607666,26560.0
2026-08-05 15:55:00,PCSA,,2.194999933242798,2.194999933242798,2.194999933242798,2.194999933242798,162.0
2026-08-05 15:55:00,PCT,,6.900000095367432,6.925000190734863,6.900000095367432,6.900000095367432,38242.0
2026-08-05 15:55:00,PCTY,,147.81500244140625,148.0749969482422,147.77000427246094,148.02999877929688,3015.0
2026-08-05 15:55:00,PDD,,91.05000305175781,91.08000183105469,90.94000244140625,90.95999908447266,69866.0
2026-08-05 15:55:00,PDEX,,66.87000274658203,66.87000274658203,66.87000274658203,66.87000274658203,757.0
2026-08-05 15:55:00,PDFS,,49.64500045776367,49.77000045776367,49.64500045776367,49.7599983215332,1470.0
2026-08-05 15:55:00,PDLB,,20.475000381469727,20.475000381469727,20.475000381469727,20.475000381469727,492.0
2026-08-05 15:55:00,PEBO,,41.599998474121094,41.619998931884766,41.59000015258789,41.619998931884766,3502.0
2026-08-05 15:55:00,PECO,,41.564998626708984,41.61000061035156,41.474998474121094,41.47999954223633,44315.0
2026-08-05 15:55:00,PEGA,,31.885000228881836,31.940000534057617,31.8700008392334,31.90999984741211,30444.0
2026-08-05 15:55:00,PENN,,19.545000076293945,19.579999923706055,19.520000457763672,19.540000915527344,36438.0
2026-08-05 15:55:00,PEP,,139.0500030517578,139.0800018310547,138.99000549316406,138.99000549316406,36233.0
2026-08-05 15:55:00,PEPG,,1.975000023841858,1.975000023841858,1.975000023841858,1.975000023841858,2704.0
2026-08-05 15:55:00,PERI,,9.635000228881836,9.640000343322754,9.635000228881836,9.640000343322754,1835.0
2026-08-05 15:55:00,PESI,,17.690000534057617,17.719999313354492,17.690000534057617,17.700000762939453,3027.0
2026-08-05 15:55:00,PFG,,114.87999725341797,115.05999755859375,114.87999725341797,114.94000244140625,14518.0
2026-08-05 15:55:00,PGC,,46.39500045776367,46.41299819946289,46.13999938964844,46.20000076293945,7051.0
2026-08-05 15:55:00,PGEN,,7.039999961853027,7.054999828338623,7.014999866485596,7.039999961853027,162843.0
2026-08-05 15:55:00,PGNY,,31.334999084472656,31.3700008392334,31.329999923706055,31.3700008392334,7032.0
2026-08-05 15:55:00,PGY,,21.790000915527344,21.81999969482422,21.770000457763672,21.809999465942383,25113.0
2026-08-05 15:55:00,PHAT,,8.225000381469727,8.229999542236328,8.225000381469727,8.229999542236328,10878.0
2026-08-05 15:55:00,PHIO,,1.059999942779541,1.059999942779541,1.059999942779541,1.059999942779541,204.0
2026-08-05 15:55:00,PHUN,,2.180000066757202,2.180000066757202,2.174999952316284,2.174999952316284,4707.0
2026-08-05 15:55:00,PHVS,,33.47999954223633,33.48500061035156,33.47999954223633,33.48500061035156,866.0
2026-08-05 15:55:00,PKOH,,42.13999938964844,42.13999938964844,41.81999969482422,41.849998474121094,1190.0
2026-08-05 15:55:00,PLAB,,32.119998931884766,32.130001068115234,32.06999969482422,32.099998474121094,10388.0
2026-08-05 15:55:00,PLBY,,1.149999976158142,1.149999976158142,1.149999976158142,1.149999976158142,907.0
2026-08-05 15:55:00,PLMR,,134.0500030517578,134.40499877929688,134.0500030517578,134.1699981689453,3997.0
2026-08-05 15:55:00,PLPC,,471.5799865722656,472.9100036621094,471.5799865722656,472.9100036621094,613.0
2026-08-05 15:55:00,PLSE,,37.810001373291016,38.04999923706055,37.810001373291016,38.04999923706055,6656.0
2026-08-05 15:55:00,PLTK,,3.9049999713897705,3.9149999618530273,3.9000000953674316,3.9100000858306885,9876.0
2026-08-05 15:55:00,PLUG,,2.0850000381469727,2.0899999141693115,2.0799999237060547,2.0850000381469727,378530.0
2026-08-05 15:55:00,PLUR,,1.6799999475479126,1.6799999475479126,1.6799999475479126,1.6799999475479126,102.0
2026-08-05 15:55:00,PLXS,,275.0899963378906,275.4800109863281,275.0899963378906,275.1099853515625,3091.0
2026-08-05 15:55:00,PNBK,,1.149999976158142,1.149999976158142,1.149999976158142,1.149999976158142,434.0
2026-08-05 15:55:00,PNFP,,107.40499877929688,107.6500015258789,107.4000015258789,107.45999908447266,25780.0
2026-08-05 15:55:00,PNTG,,38.900001525878906,38.900001525878906,38.85499954223633,38.85499954223633,2675.0
2026-08-05 15:55:00,PODC,,3.450000047683716,3.450000047683716,3.450000047683716,3.450000047683716,487.0
2026-08-05 15:55:00,POET,,8.130000114440918,8.145000457763672,8.130000114440918,8.140000343322754,58481.0
2026-08-05 15:55:00,POLA,,1.7799999713897705,1.7799999713897705,1.7699999809265137,1.7699999809265137,294.0
2026-08-05 15:55:00,POOL,,206.81500244140625,206.81500244140625,206.00999450683594,206.1199951171875,7625.0
2026-08-05 15:55:00,POWI,,61.869998931884766,61.959999084472656,61.79999923706055,61.849998474121094,7444.0
2026-08-05 15:55:00,POWL,,209.30999755859375,209.84500122070312,208.9600067138672,209.80999755859375,11997.0
2026-08-05 15:55:00,PPC,,26.670000076293945,26.670000076293945,26.579999923706055,26.600000381469727,17711.0
2026-08-05 15:55:00,PPIH,,25.829999923706055,25.860000610351562,25.829999923706055,25.860000610351562,1490.0
2026-08-05 15:55:00,PPSI,,3.0450000762939453,3.0499000549316406,3.0450000762939453,3.0499000549316406,3417.0
2026-08-05 15:55:00,PPTA,,22.916200637817383,22.920000076293945,22.8700008392334,22.920000076293945,21115.0
2026-08-05 15:55:00,PRAA,,17.28499984741211,17.28499984741211,17.280000686645508,17.280000686645508,885.0
2026-08-05 15:55:00,PRAX,,318.7900085449219,319.7049865722656,317.7200012207031,319.7049865722656,816.0
2026-08-05 15:55:00,PRCH,,15.850000381469727,15.920000076293945,15.850000381469727,15.920000076293945,9884.0
2026-08-05 15:55:00,PRCT,,19.530000686645508,19.55500030517578,19.475000381469727,19.510000228881836,56944.0
2026-08-05 15:55:00,PRDO,,32.97999954223633,33.02000045776367,32.900001525878906,33.0099983215332,11377.0
2026-08-05 15:55:00,PRFX,,1.1100000143051147,1.1200000047683716,1.1100000143051147,1.1200000047683716,1559.0
2026-08-05 15:55:00,PRGS,,42.40999984741211,42.43000030517578,42.2599983215332,42.43000030517578,4826.0
2026-08-05 15:55:00,PRIM,,83.38500213623047,83.51000213623047,83.25,83.28500366210938,62904.0
2026-08-05 15:55:00,PRLD,,4.53000020980835,4.53000020980835,4.53000020980835,4.53000020980835,435.0
2026-08-05 15:55:00,PRME,,3.065000057220459,3.065000057220459,3.0399999618530273,3.0399999618530273,45047.0
2026-08-05 15:55:00,PROF,,7.980000019073486,8.0,7.980000019073486,8.0,899.0
2026-08-05 15:55:00,PROK,,1.6549999713897705,1.659999966621399,1.6549999713897705,1.6549999713897705,4481.0
2026-08-05 15:55:00,PRQR,,1.975000023841858,1.975000023841858,1.9700000286102295,1.975000023841858,1469.0
2026-08-05 15:55:00,PRSO,,0.708299994468689,0.7099000215530396,0.708299994468689,0.7099000215530396,2503.0
2026-08-05 15:55:00,PRTA,,8.45680046081543,8.51200008392334,8.4399995803833,8.510000228881836,7603.0
2026-08-05 15:55:00,PRTH,,6.670000076293945,6.679999828338623,6.670000076293945,6.679999828338623,4345.0
2026-08-05 15:55:00,PRVA,,23.959999084472656,24.020000457763672,23.93000030517578,24.020000457763672,12258.0
2026-08-05 15:55:00,PRZO,,0.5626999735832214,0.5626999735832214,0.5570999979972839,0.5626999735832214,29.0
2026-08-05 15:55:00,PSEC,,2.174999952316284,2.1798999309539795,2.1700000762939453,2.1700000762939453,12683.0
2026-08-05 15:55:00,PSNL,,13.505000114440918,13.510000228881836,13.489999771118164,13.489999771118164,11827.0
2026-08-05 15:55:00,PSNY,,14.569999694824219,14.569999694824219,14.569999694824219,14.569999694824219,581.0
2026-08-05 15:55:00,PTC,,140.1300048828125,140.1300048828125,140.0,140.0,15509.0
2026-08-05 15:55:00,PTCT,,68.86250305175781,69.16500091552734,68.8499984741211,68.98999786376953,11042.0
2026-08-05 15:55:00,PTEN,,9.574999809265137,9.59000015258789,9.5649995803833,9.579999923706055,109500.0
2026-08-05 15:55:00,PTGX,,137.05999755859375,137.3000030517578,137.05999755859375,137.1999969482422,3166.0
2026-08-05 15:55:00,PTLO,,4.65500020980835,4.65500020980835,4.650000095367432,4.650000095367432,11371.0
2026-08-05 15:55:00,PTON,,6.565000057220459,6.630000114440918,6.554999828338623,6.574999809265137,735418.0
2026-08-05 15:55:00,PUBM,,13.5,13.550000190734863,13.5,13.550000190734863,4807.0
2026-08-05 15:55:00,PWP,,17.329999923706055,17.399999618530273,17.329999923706055,17.360000610351562,18748.0
2026-08-05 15:55:00,PYPL,,57.95500183105469,58.040000915527344,57.939998626708984,58.040000915527344,137216.0
2026-08-05 15:55:00,PYXS,,3.1075000762939453,3.109999895095825,3.1050000190734863,3.1050000190734863,3735.0
2026-08-05 15:55:00,PZZA,,29.719999313354492,29.719999313354492,29.65999984741211,29.711999893188477,17583.0
2026-08-05 15:55:00,QCOM,,157.97000122070312,158.32000732421875,157.94500732421875,157.97000122070312,84965.0
2026-08-05 15:55:00,QFIN,,13.14900016784668,13.15999984741211,13.130000114440918,13.15999984741211,9111.0
2026-08-05 15:55:00,QQQX,,30.364999771118164,30.364999771118164,30.364999771118164,30.364999771118164,209.0
2026-08-05 15:55:00,QRVO,,95.58000183105469,95.74500274658203,95.47000122070312,95.56999969482422,14526.0
2026-08-05 15:55:00,SEED,,1.0499999523162842,1.0499999523162842,1.0499999523162842,1.0499999523162842,844.0
2026-08-05 15:55:00,STIM,,2.3519999980926514,2.369999885559082,2.3499999046325684,2.369999885559082,7352.0
2026-08-05 15:55:00,TARA,,3.984999895095825,3.994999885559082,3.984999895095825,3.994999885559082,6300.0
2026-08-05 15:55:00,WOOF,,2.924999952316284,2.927999973297119,2.9200000762939453,2.9200000762939453,5694.0
2026-08-05 15:56:00,ACDC,,4.525000095367432,4.545000076293945,4.514999866485596,4.525000095367432,121359.0
2026-08-05 15:56:00,BPOP,,177.19000244140625,177.3300018310547,177.00750732421875,177.3300018310547,8725.0
2026-08-05 15:56:00,CASH,,89.3499984741211,89.44999694824219,89.3499984741211,89.44999694824219,2219.0
2026-08-05 15:56:00,DTIL,,7.460000038146973,7.480000019073486,7.460000038146973,7.460000038146973,3840.0
2026-08-05 15:56:00,EYE,,23.1299991607666,23.1299991607666,23.06999969482422,23.09000015258789,24668.0
2026-08-05 15:56:00,FIZZ,,32.279998779296875,32.279998779296875,32.2599983215332,32.279998779296875,2501.0
2026-08-05 15:56:00,FRST,,16.40999984741211,16.420000076293945,16.40999984741211,16.420000076293945,3266.0
2026-08-05 15:56:00,GLUE,,15.550000190734863,15.555000305175781,15.524999618530273,15.550000190734863,13959.0
2026-08-05 15:56:00,KIDS,,22.204999923706055,22.30500030517578,22.1200008392334,22.30500030517578,9800.0
2026-08-05 15:56:00,KITT,,1.0099999904632568,1.0099999904632568,1.0099999904632568,1.0099999904632568,1178.0
2026-08-05 15:56:00,KTTA,,0.4560999870300293,0.4560999870300293,0.45260000228881836,0.45260000228881836,1176.0
2026-08-05 15:56:00,LUNG,,1.9600000381469727,1.9600000381469727,1.9550000429153442,1.9550000429153442,1212.0
2026-08-05 15:56:00,MBRX,,0.3901999890804291,0.3928000032901764,0.38749998807907104,0.38749998807907104,1902.0
2026-08-05 15:56:00,MCRI,,121.75499725341797,121.75499725341797,121.55999755859375,121.55999755859375,724.0
2026-08-05 15:56:00,MDB,,375.8599853515625,376.4200134277344,374.989990234375,375.6400146484375,18975.0
2026-08-05 15:56:00,MDLZ,,62.79499816894531,62.80500030517578,62.685001373291016,62.685001373291016,108888.0
2026-08-05 15:56:00,MLTX,,17.610000610351562,17.639999389648438,17.56999969482422,17.600000381469727,5945.0
2026-08-05 15:56:00,MNPR,,119.08499908447266,119.08499908447266,118.4000015258789,118.43000030517578,5998.0
2026-08-05 15:56:00,MNRO,,13.149999618530273,13.149999618530273,13.119999885559082,13.140000343322754,9939.0
2026-08-05 15:56:00,MNST,,94.50499725341797,94.54499816894531,94.5,94.52999877929688,38079.0
2026-08-05 15:56:00,MNTK,,1.7000000476837158,1.7000000476837158,1.7000000476837158,1.7000000476837158,2203.0
2026-08-05 15:56:00,MNTS,,4.190000057220459,4.230000019073486,4.179999828338623,4.21120023727417,13849.0
2026-08-05 15:56:00,MODD,,1.9800000190734863,1.9900000095367432,1.9800000190734863,1.9850000143051147,2099.0
2026-08-05 15:56:00,MORN,,199.47000122070312,199.74000549316406,199.38999938964844,199.74000549316406,3092.0
2026-08-05 15:56:00,MOVE,,12.104999542236328,12.104999542236328,12.104999542236328,12.104999542236328,250.0
2026-08-05 15:56:00,MPWR,,1348.9649658203125,1350.6700439453125,1347.0999755859375,1350.6700439453125,9143.0
2026-08-05 15:56:00,MRNA,,56.154998779296875,56.33000183105469,56.119998931884766,56.26499938964844,62837.0
2026-08-05 15:56:00,MSGM,,4.360000133514404,4.400000095367432,4.349999904632568,4.400000095367432,3464.0
2026-08-05 15:56:00,MVBF,,30.479999542236328,30.479999542236328,30.479999542236328,30.479999542236328,599.0
2026-08-05 15:56:00,MYGN,,3.115000009536743,3.1449999809265137,3.115000009536743,3.1449999809265137,38118.0
2026-08-05 15:56:00,MYPS,,0.7300000190734863,0.7300000190734863,0.7300000190734863,0.7300000190734863,869.0
2026-08-05 15:56:00,MYRG,,334.55499267578125,335.45001220703125,334.32000732421875,334.7300109863281,2274.0
2026-08-05 15:56:00,NAMS,,27.389999389648438,27.489999771118164,27.3799991607666,27.489999771118164,13970.0
2026-08-05 15:56:00,NATR,,20.1200008392334,20.1200008392334,20.1200008392334,20.1200008392334,207.0
2026-08-05 15:56:00,NAUT,,0.9298999905586243,0.9298999905586243,0.9275000095367432,0.9289000034332275,3280.0
2026-08-05 15:56:00,NAVI,,9.100000381469727,9.100000381469727,9.0649995803833,9.0649995803833,15500.0
2026-08-05 15:56:00,NB,,5.025000095367432,5.034999847412109,5.019999980926514,5.034999847412109,21360.0
2026-08-05 15:56:00,NBIX,,161.8000030517578,162.1300048828125,161.7899932861328,162.0399932861328,16285.0
2026-08-05 15:56:00,NBTB,,53.2400016784668,53.2400016784668,53.18000030517578,53.18000030517578,4397.0
2026-08-05 15:56:00,NCMI,,4.105000019073486,4.105000019073486,4.099999904632568,4.099999904632568,1070.0
2026-08-05 15:56:00,NDAQ,,94.67500305175781,94.7249984741211,94.55999755859375,94.56999969482422,16271.0
2026-08-05 15:56:00,NDSN,,310.7250061035156,310.8599853515625,310.7250061035156,310.739990234375,1047.0
2026-08-05 15:56:00,NEO,,15.760000228881836,15.800000190734863,15.760000228881836,15.774999618530273,26264.0
2026-08-05 15:56:00,NEOG,,11.444999694824219,11.479999542236328,11.414999961853027,11.414999961853027,69672.0
2026-08-05 15:56:00,NEON,,0.902400016784668,0.902400016784668,0.902400016784668,0.902400016784668,686.0
2026-08-05 15:56:00,NEOV,,2.8450000286102295,2.8450000286102295,2.830199956893921,2.830199956893921,4774.0
2026-08-05 15:56:00,NESR,,28.280000686645508,28.329999923706055,28.280000686645508,28.315000534057617,20139.0
2026-08-05 15:56:00,NEWT,,15.140000343322754,15.149999618530273,15.140000343322754,15.140000343322754,2917.0
2026-08-05 15:56:00,NEXT,,6.409999847412109,6.434999942779541,6.409999847412109,6.430500030517578,10220.0
2026-08-05 15:56:00,NFE,,0.335999995470047,0.335999995470047,0.3321000039577484,0.3321000039577484,3144.0
2026-08-05 15:56:00,NFLX,,74.2249984741211,74.23999786376953,74.17350006103516,74.18000030517578,254194.0
2026-08-05 15:56:00,NGNE,,35.97999954223633,36.13999938964844,35.97999954223633,36.13999938964844,3016.0
2026-08-05 15:56:00,NICE,,99.83999633789062,99.83999633789062,99.4800033569336,99.5,14430.0
2026-08-05 15:56:00,NIU,,2.450000047683716,2.450000047683716,2.434999942779541,2.434999942779541,5772.0
2026-08-05 15:56:00,NKTR,,73.06999969482422,73.18499755859375,72.91999816894531,73.05999755859375,4731.0
2026-08-05 15:56:00,NKTX,,2.2149999141693115,2.2249999046325684,2.2149999141693115,2.2249999046325684,8580.0
2026-08-05 15:56:00,NMFC,,7.364999771118164,7.369999885559082,7.364999771118164,7.364999771118164,8462.0
2026-08-05 15:56:00,NMIH,,45.0099983215332,45.0099983215332,44.92499923706055,44.92499923706055,4325.0
2026-08-05 15:56:00,NMRA,,1.6150000095367432,1.6150000095367432,1.6100000143051147,1.6100000143051147,1043.0
2026-08-05 15:56:00,NMRK,,15.585000038146973,15.630000114440918,15.585000038146973,15.619999885559082,19205.0
2026-08-05 15:56:00,NMTC,,1.6299999952316284,1.6299999952316284,1.6299999952316284,1.6299999952316284,228.0
2026-08-05 15:56:00,NN,,14.8100004196167,14.829999923706055,14.755000114440918,14.770000457763672,33514.0
2026-08-05 15:56:00,NNBR,,3.8550000190734863,3.865000009536743,3.8450000286102295,3.859999895095825,17673.0
2026-08-05 15:56:00,NNDM,,1.565000057220459,1.5700000524520874,1.559999942779541,1.565000057220459,58541.0
2026-08-05 15:56:00,NNOX,,1.0399999618530273,1.0399999618530273,1.0299999713897705,1.0299999713897705,9488.0
2026-08-05 15:56:00,NOVT,,153.39999389648438,153.4199981689453,152.8300018310547,152.9550018310547,9672.0
2026-08-05 15:56:00,NPCE,,13.680000305175781,13.680000305175781,13.619999885559082,13.630000114440918,4584.0
2026-08-05 15:56:00,NRC,,19.56999969482422,19.59000015258789,19.56999969482422,19.59000015258789,587.0
2026-08-05 15:56:00,NRDS,,9.074999809265137,9.085000038146973,9.074999809265137,9.085000038146973,9892.0
2026-08-05 15:56:00,NRIX,,25.114999771118164,25.15999984741211,25.114999771118164,25.114999771118164,6273.0
2026-08-05 15:56:00,NRXP,,3.055000066757202,3.067500114440918,3.049999952316284,3.065000057220459,6966.0
2026-08-05 15:56:00,NSSC,,40.5,40.5,40.30500030517578,40.400001525878906,6350.0
2026-08-05 15:56:00,NTAP,,186.625,186.69000244140625,186.3800048828125,186.52000427246094,27083.0
2026-08-05 15:56:00,NTCT,,41.16999816894531,41.20500183105469,41.099998474121094,41.20500183105469,6258.0
2026-08-05 15:56:00,NTES,,128.1649932861328,128.25,128.1649932861328,128.1649932861328,4572.0
2026-08-05 15:56:00,NTGR,,24.399999618530273,24.450000762939453,24.399999618530273,24.450000762939453,5776.0
2026-08-05 15:56:00,NTNX,,60.94499969482422,60.95000076293945,60.900001525878906,60.95000076293945,24862.0
2026-08-05 15:56:00,NTRA,,273.9599914550781,274.05999755859375,273.70001220703125,274.0,13292.0
2026-08-05 15:56:00,NTRS,,184.38499450683594,184.51499938964844,184.38250732421875,184.4149932861328,8805.0
2026-08-05 15:56:00,NUWE,,1.6799999475479126,1.690000057220459,1.6699999570846558,1.6699999570846558,12500.0
2026-08-05 15:56:00,NVAX,,7.675000190734863,7.679999828338623,7.650000095367432,7.650000095367432,60341.0
2026-08-05 15:56:00,NVCR,,16.110000610351562,16.139999389648438,16.110000610351562,16.110000610351562,18230.0
2026-08-05 15:56:00,NVCT,,19.40999984741211,19.477500915527344,19.40999984741211,19.477500915527344,1394.0
2026-08-05 15:56:00,NVDA,,220.13499450683594,220.13499450683594,219.8800048828125,219.9199981689453,644055.0
2026-08-05 15:56:00,NVEC,,127.8499984741211,128.13999938964844,127.27999877929688,127.48999786376953,1236.0
2026-08-05 15:56:00,NVMI,,404.42999267578125,406.30999755859375,404.05999755859375,405.8699951171875,7554.0
2026-08-05 15:56:00,NVTS,,12.425000190734863,12.454999923706055,12.40999984741211,12.454999923706055,95437.0
2026-08-05 15:56:00,NVX,,0.39899998903274536,0.39910000562667847,0.39899998903274536,0.39910000562667847,957.0
2026-08-05 15:56:00,NWBI,,15.954999923706055,15.970000267028809,15.954999923706055,15.96500015258789,15935.0
2026-08-05 15:56:00,NWE,,69.02999877929688,69.08499908447266,69.02999877929688,69.06999969482422,1808.0
2026-08-05 15:56:00,NWL,,6.164999961853027,6.170000076293945,6.15500020980835,6.164999961853027,130459.0
2026-08-05 15:56:00,NWPX,,124.80000305175781,125.0199966430664,124.80000305175781,125.0199966430664,1506.0
2026-08-05 15:56:00,NWS,,33.09000015258789,33.13999938964844,33.06999969482422,33.06999969482422,20213.0
2026-08-05 15:56:00,NWSA,,29.030000686645508,29.09000015258789,29.0,29.0,142002.0
2026-08-05 15:56:00,NXPI,,231.5500030517578,231.63999938964844,231.39999389648438,231.5,49600.0
2026-08-05 15:56:00,NXST,,190.55999755859375,190.67999267578125,190.3699951171875,190.55499267578125,1102.0
2026-08-05 15:56:00,NXT,,100.04499816894531,100.18499755859375,99.91000366210938,100.16500091552734,27840.0
2026-08-05 15:56:00,NXTC,,5.230000019073486,5.230000019073486,5.175000190734863,5.190000057220459,2809.0
2026-08-05 15:56:00,NYXH,,1.4049999713897705,1.4049999713897705,1.4049999713897705,1.4049999713897705,419.0
2026-08-05 15:56:00,OABI,,2.0350000858306885,2.0450000762939453,2.0350000858306885,2.0450000762939453,3284.0
2026-08-05 15:56:00,OBIO,,4.230000019073486,4.239999771118164,4.230000019073486,4.230000019073486,1683.0
2026-08-05 15:56:00,OCC,,15.649999618530273,15.649999618530273,15.59000015258789,15.649999618530273,1280.0
2026-08-05 15:56:00,OCCI,,2.490000009536743,2.490000009536743,2.4800000190734863,2.4800000190734863,2914.0
2026-08-05 15:56:00,OCFC,,19.875,19.885000228881836,19.860000610351562,19.860000610351562,13732.0
2026-08-05 15:56:00,OCGN,,1.284999966621399,1.284999966621399,1.2799999713897705,1.284999966621399,71568.0
2026-08-05 15:56:00,OCS,,12.050000190734863,12.050000190734863,12.029999732971191,12.050000190734863,1491.0
2026-08-05 15:56:00,OCSL,,12.027000427246094,12.029999732971191,12.024999618530273,12.029999732971191,2170.0
2026-08-05 15:56:00,OCUL,,8.539899826049805,8.539899826049805,8.505000114440918,8.505000114440918,14191.0
2026-08-05 15:56:00,ODD,,15.289999961853027,15.3100004196167,15.270000457763672,15.279999732971191,6206.0
2026-08-05 15:56:00,ODFL,,215.65499877929688,215.77000427246094,215.47000122070312,215.52999877929688,25145.0
2026-08-05 15:56:00,OESX,,15.979999542236328,15.979999542236328,15.600000381469727,15.600000381469727,6176.0
2026-08-05 15:56:00,OFIX,,10.449999809265137,10.454999923706055,10.369999885559082,10.369999885559082,14745.0
2026-08-05 15:56:00,OFLX,,30.395000457763672,30.450000762939453,30.395000457763672,30.450000762939453,1924.0
2026-08-05 15:56:00,OGI,,0.9552000164985657,0.9552000164985657,0.9552000164985657,0.9552000164985657,2389.0
2026-08-05 15:56:00,OKTA,,146.65499877929688,146.80999755859375,146.5800018310547,146.7899932861328,17618.0
2026-08-05 15:56:00,OLLI,,78.62999725341797,78.66000366210938,78.56999969482422,78.56999969482422,29285.0
2026-08-05 15:56:00,OLMA,,11.550000190734863,11.5600004196167,11.550000190734863,11.5600004196167,594.0
2026-08-05 15:56:00,OM,,5.050000190734863,5.070000171661377,5.039999961853027,5.070000171661377,2973.0
2026-08-05 15:56:00,OMCL,,37.18000030517578,37.189998626708984,37.15999984741211,37.189998626708984,6750.0
2026-08-05 15:56:00,OMER,,12.680000305175781,12.720000267028809,12.680000305175781,12.710000038146973,8977.0
2026-08-05 15:56:00,OMEX,,0.745199978351593,0.745199978351593,0.745199978351593,0.745199978351593,290.0
2026-08-05 15:56:00,OMH,,0.11720000207424164,0.11720000207424164,0.11710000038146973,0.11710000038146973,1770.0
2026-08-05 15:56:00,ON,,76.9000015258789,76.91000366210938,76.66999816894531,76.69499969482422,256340.0
2026-08-05 15:56:00,ONB,,27.010000228881836,27.014999389648438,27.0049991607666,27.0049991607666,17728.0
2026-08-05 15:56:00,ONCO,,0.8853999972343445,0.8853999972343445,0.8500999808311462,0.8500999808311462,29470.0
2026-08-05 15:56:00,ONCY,,0.7972000241279602,0.7972000241279602,0.7972000241279602,0.7972000241279602,1357.0
2026-08-05 15:56:00,ONDS,,8.895000457763672,8.899999618530273,8.869999885559082,8.879899978637695,240288.0
2026-08-05 15:56:00,ONEW,,12.510000228881836,12.539999961853027,12.510000228881836,12.539999961853027,1178.0
2026-08-05 15:56:00,ONFO,,0.07289999723434448,0.07360000163316727,0.07259999960660934,0.07360000163316727,81308.0
2026-08-05 15:56:00,OPAL,,2.375,2.375,2.375,2.375,440.0
2026-08-05 15:56:00,OPBK,,15.75,15.75,15.75,15.75,814.0
2026-08-05 15:56:00,OPCH,,23.764999389648438,23.790000915527344,23.739999771118164,23.774999618530273,69746.0
2026-08-05 15:56:00,OPEN,,3.765000104904175,3.7750000953674316,3.740000009536743,3.740000009536743,652866.0
2026-08-05 15:56:00,OPHC,,8.824999809265137,8.850000381469727,8.8100004196167,8.8100004196167,1568.0
2026-08-05 15:56:00,OPI,,19.049999237060547,19.049999237060547,19.049999237060547,19.049999237060547,188.0
2026-08-05 15:56:00,OPK,,1.3550000190734863,1.3550000190734863,1.3450000286102295,1.3450000286102295,61635.0
2026-08-05 15:56:00,OPRT,,6.03000020980835,6.03000020980835,6.019999980926514,6.025000095367432,3691.0
2026-08-05 15:56:00,OPRX,,6.960000038146973,6.960000038146973,6.949999809265137,6.949999809265137,1792.0
2026-08-05 15:56:00,ORGO,,2.359999895095825,2.365000009536743,2.359999895095825,2.359999895095825,9766.0
2026-08-05 15:56:00,ORIC,,12.871000289916992,12.899999618530273,12.8149995803833,12.899999618530273,21120.0
2026-08-05 15:56:00,ORLY,,93.44999694824219,93.5199966430664,93.41999816894531,93.48999786376953,57679.0
2026-08-05 15:56:00,ORMP,,4.315000057220459,4.315000057220459,4.315000057220459,4.315000057220459,248.0
2026-08-05 15:56:00,ORRF,,43.314998626708984,43.314998626708984,43.314998626708984,43.314998626708984,245.0
2026-08-05 15:56:00,OSBC,,25.889999389648438,25.889999389648438,25.8700008392334,25.8799991607666,3495.0
2026-08-05 15:56:00,OSIS,,235.2100067138672,235.61000061035156,235.2100067138672,235.22999572753906,1229.0
2026-08-05 15:56:00,OSPN,,16.149999618530273,16.360000610351562,16.05500030517578,16.360000610351562,21256.0
2026-08-05 15:56:00,OSS,,13.25,13.289799690246582,13.229999542236328,13.279999732971191,22501.0
2026-08-05 15:56:00,OSUR,,4.144999980926514,4.144999980926514,4.139999866485596,4.139999866485596,1171.0
2026-08-05 15:56:00,OSW,,26.57699966430664,26.59000015258789,26.559999465942383,26.559999465942383,8350.0
2026-08-05 15:56:00,OTEX,,25.684999465942383,25.69499969482422,25.674999237060547,25.69499969482422,21753.0
2026-08-05 15:56:00,OTLK,,1.024999976158142,1.0299999713897705,1.0200999975204468,1.0299999713897705,41032.0
2026-08-05 15:56:00,OTTR,,92.91500091552734,92.91500091552734,92.76000213623047,92.77999877929688,4677.0
2026-08-05 15:56:00,OVID,,2.609999895095825,2.609999895095825,2.6050000190734863,2.6050000190734863,1518.0
2026-08-05 15:56:00,OXLC,,9.119999885559082,9.125,9.119999885559082,9.119999885559082,3244.0
2026-08-05 15:56:00,OXSQ,,1.5099999904632568,1.5099999904632568,1.5049999952316284,1.5049999952316284,1742.0
2026-08-05 15:56:00,PAA,,23.190000534057617,23.239999771118164,23.190000534057617,23.239999771118164,25203.0
2026-08-05 15:56:00,PAAS,,48.31999969482422,48.599998474121094,48.314998626708984,48.36000061035156,176770.0
2026-08-05 15:56:00,PACB,,1.2949999570846558,1.2999999523162842,1.2899999618530273,1.2949999570846558,52127.0
2026-08-05 15:56:00,PAGP,,25.125,25.139999389648438,25.110000610351562,25.131000518798828,33565.0
2026-08-05 15:56:00,PAHC,,36.08000183105469,36.11000061035156,36.060001373291016,36.099998474121094,7429.0
2026-08-05 15:56:00,PALI,,2.130000114440918,2.130000114440918,2.125,2.130000114440918,30238.0
2026-08-05 15:56:00,PANL,,7.289999961853027,7.295000076293945,7.28000020980835,7.295000076293945,3253.0
2026-08-05 15:56:00,PANW,,362.8999938964844,363.5150146484375,362.6199951171875,362.8800048828125,46521.0
2026-08-05 15:56:00,PATK,,87.79499816894531,87.86000061035156,87.62000274658203,87.69499969482422,5769.0
2026-08-05 15:56:00,PAX,,11.345000267028809,11.354999542236328,11.3149995803833,11.3149995803833,24744.0
2026-08-05 15:56:00,PAYO,,7.119999885559082,7.119999885559082,7.119999885559082,7.119999885559082,15715.0
2026-08-05 15:56:00,PAYS,,9.479999542236328,9.520000457763672,9.479999542236328,9.489999771118164,13708.0
2026-08-05 15:56:00,PAYX,,118.26000213623047,118.33000183105469,118.23500061035156,118.31500244140625,28690.0
2026-08-05 15:56:00,PBYI,,7.960000038146973,8.0,7.960000038146973,7.96999979019165,14564.0
2026-08-05 15:56:00,PCAR,,133.58999633789062,133.67999267578125,133.5800018310547,133.6649932861328,52247.0
2026-08-05 15:56:00,PCRX,,24.989999771118164,25.075000762939453,24.989999771118164,25.075000762939453,19214.0
2026-08-05 15:56:00,PCT,,6.880000114440918,6.90500020980835,6.880000114440918,6.894999980926514,31348.0
2026-08-05 15:56:00,PCTY,,147.81500244140625,148.0850067138672,147.6999969482422,148.05499267578125,6007.0
2026-08-05 15:56:00,PDD,,91.04000091552734,91.06999969482422,90.98999786376953,91.04000091552734,45425.0
2026-08-05 15:56:00,PDFS,,49.599998474121094,49.650001525878906,49.52000045776367,49.650001525878906,2840.0
2026-08-05 15:56:00,PDSB,,0.7109000086784363,0.7110000252723694,0.7109000086784363,0.7109000086784363,1576.0
2026-08-05 15:56:00,PEBK,,43.439998626708984,43.439998626708984,43.439998626708984,43.439998626708984,665.0
2026-08-05 15:56:00,PEBO,,41.6349983215332,41.63999938964844,41.59000015258789,41.59000015258789,3781.0
2026-08-05 15:56:00,PECO,,41.599998474121094,41.599998474121094,41.54999923706055,41.560001373291016,17244.0
2026-08-05 15:56:00,PEGA,,31.8799991607666,31.885000228881836,31.850000381469727,31.885000228881836,19463.0
2026-08-05 15:56:00,PENN,,19.579999923706055,19.604999542236328,19.55500030517578,19.55500030517578,60213.0
2026-08-05 15:56:00,PEP,,139.08999633789062,139.11500549316406,139.02999877929688,139.06500244140625,43736.0
2026-08-05 15:56:00,PEPG,,1.9900000095367432,1.9900000095367432,1.9700000286102295,1.9700000286102295,28931.0
2026-08-05 15:56:00,PERI,,9.635000228881836,9.640000343322754,9.635000228881836,9.640000343322754,1936.0
2026-08-05 15:56:00,PESI,,17.610000610351562,17.6299991607666,17.610000610351562,17.6299991607666,2375.0
2026-08-05 15:56:00,PETS,,1.965000033378601,1.965000033378601,1.965000033378601,1.965000033378601,303.0
2026-08-05 15:56:00,PFBC,,106.36499786376953,106.625,106.36499786376953,106.625,2234.0
2026-08-05 15:56:00,PFG,,114.8550033569336,114.9000015258789,114.84750366210938,114.9000015258789,9944.0
2026-08-05 15:56:00,PFIS,,71.79000091552734,71.81999969482422,71.79000091552734,71.81999969482422,1680.0
2026-08-05 15:56:00,PGC,,46.369998931884766,46.38999938964844,46.36000061035156,46.38999938964844,1536.0
2026-08-05 15:56:00,PGEN,,6.869999885559082,7.050000190734863,6.849999904632568,7.045000076293945,275915.0
2026-08-05 15:56:00,PGNY,,31.28499984741211,31.34000015258789,31.260000228881836,31.329999923706055,12813.0
2026-08-05 15:56:00,PGY,,21.860000610351562,21.864999771118164,21.780000686645508,21.790000915527344,35530.0
2026-08-05 15:56:00,PHAT,,8.244999885559082,8.255000114440918,8.229999542236328,8.229999542236328,11203.0
2026-08-05 15:56:00,PHIO,,1.059999942779541,1.059999942779541,1.059999942779541,1.059999942779541,554.0
2026-08-05 15:56:00,PHUN,,2.194999933242798,2.194999933242798,2.194999933242798,2.194999933242798,1496.0
2026-08-05 15:56:00,PHVS,,33.47999954223633,33.47999954223633,33.43000030517578,33.47999954223633,1137.0
2026-08-05 15:56:00,PKBK,,34.22999954223633,34.25,34.22999954223633,34.25,1178.0
2026-08-05 15:56:00,PKOH,,41.630001068115234,41.6349983215332,41.630001068115234,41.6349983215332,1262.0
2026-08-05 15:56:00,PLAB,,32.08000183105469,32.11000061035156,32.060001373291016,32.11000061035156,6743.0
2026-08-05 15:56:00,PLBY,,1.149999976158142,1.159999966621399,1.149999976158142,1.149999976158142,1743.0
2026-08-05 15:56:00,PLMR,,134.0,134.25,134.0,134.25,3675.0
2026-08-05 15:56:00,PLPC,,470.4549865722656,470.4549865722656,470.4549865722656,470.4549865722656,110.0
2026-08-05 15:56:00,PLSE,,37.82500076293945,37.82500076293945,37.72999954223633,37.72999954223633,1822.0
2026-08-05 15:56:00,PLTK,,3.9049999713897705,3.9049999713897705,3.9000000953674316,3.9049999713897705,2104.0
2026-08-05 15:56:00,PLUG,,2.0850000381469727,2.0899999141693115,2.0799999237060547,2.0899999141693115,291088.0
2026-08-05 15:56:00,PLUR,,1.6699999570846558,1.6699999570846558,1.6699999570846558,1.6699999570846558,313.0
2026-08-05 15:56:00,PLXS,,274.864990234375,275.32000732421875,274.864990234375,275.2300109863281,2476.0
2026-08-05 15:56:00,PNBK,,1.149999976158142,1.1549999713897705,1.149999976158142,1.149999976158142,2884.0
2026-08-05 15:56:00,PNFP,,107.38999938964844,107.44999694824219,107.30000305175781,107.41000366210938,15617.0
2026-08-05 15:56:00,PNTG,,38.790000915527344,38.85499954223633,38.790000915527344,38.85499954223633,4038.0
2026-08-05 15:56:00,POCI,,4.300000190734863,4.300000190734863,4.28000020980835,4.28000020980835,1489.0
2026-08-05 15:56:00,PODC,,3.4800000190734863,3.4800000190734863,3.4800000190734863,3.4800000190734863,604.0
2026-08-05 15:56:00,POET,,8.114999771118164,8.140000343322754,8.109999656677246,8.125,56288.0
2026-08-05 15:56:00,POOL,,206.4550018310547,206.80999755859375,206.44000244140625,206.80999755859375,4346.0
2026-08-05 15:56:00,POWI,,61.7400016784668,61.88999938964844,61.68000030517578,61.8650016784668,7080.0
2026-08-05 15:56:00,POWL,,209.6300048828125,209.81500244140625,209.08999633789062,209.27499389648438,11561.0
2026-08-05 15:56:00,PPC,,26.68000030517578,26.684999465942383,26.65999984741211,26.68000030517578,10917.0
2026-08-05 15:56:00,PPTA,,22.93000030517578,22.934999465942383,22.899999618530273,22.90999984741211,11340.0
2026-08-05 15:56:00,PRAA,,17.229999542236328,17.270000457763672,17.229999542236328,17.270000457763672,2961.0
2026-08-05 15:56:00,PRAX,,319.6449890136719,319.9100036621094,318.7149963378906,318.7149963378906,2708.0
2026-08-05 15:56:00,PRCH,,15.789999961853027,15.850000381469727,15.789999961853027,15.84000015258789,29510.0
2026-08-05 15:56:00,PRCT,,19.440000534057617,19.59000015258789,19.399999618530273,19.530000686645508,49292.0
2026-08-05 15:56:00,PRDO,,32.9900016784668,32.9900016784668,32.93000030517578,32.970001220703125,7041.0
2026-08-05 15:56:00,PRE,,18.475000381469727,18.475000381469727,18.475000381469727,18.475000381469727,322.0
2026-08-05 15:56:00,PRGS,,42.266998291015625,42.375,42.266998291015625,42.375,3642.0
2026-08-05 15:56:00,PRIM,,83.55999755859375,83.5999984741211,83.28500366210938,83.37999725341797,20709.0
2026-08-05 15:56:00,PRLD,,4.539999961853027,4.554999828338623,4.539999961853027,4.539999961853027,5254.0
2026-08-05 15:56:00,PRME,,3.075000047683716,3.075000047683716,3.065000057220459,3.065000057220459,14084.0
2026-08-05 15:56:00,PROF,,7.980000019073486,8.0,7.980000019073486,8.0,1576.0
2026-08-05 15:56:00,PROK,,1.659999966621399,1.659999966621399,1.6549999713897705,1.659999966621399,891.0
2026-08-05 15:56:00,PROV,,18.049999237060547,18.049999237060547,18.049999237060547,18.049999237060547,128.0
2026-08-05 15:56:00,PRPL,,9.239999771118164,9.239999771118164,9.239999771118164,9.239999771118164,364.0
2026-08-05 15:56:00,PRSO,,0.7099000215530396,0.7099000215530396,0.7098000049591064,0.7098000049591064,966.0
2026-08-05 15:56:00,PRTA,,8.484999656677246,8.484999656677246,8.460000038146973,8.460000038146973,4667.0
2026-08-05 15:56:00,PRTH,,6.675000190734863,6.675000190734863,6.670000076293945,6.670000076293945,1019.0
2026-08-05 15:56:00,PRVA,,23.93000030517578,23.959999084472656,23.8700008392334,23.959999084472656,17600.0
2026-08-05 15:56:00,PRZO,,0.5613999962806702,0.5627999901771545,0.5613999962806702,0.5626999735832214,2233.0
2026-08-05 15:56:00,PSEC,,2.170099973678589,2.174999952316284,2.1700000762939453,2.174999952316284,44403.0
2026-08-05 15:56:00,PSMT,,186.77999877929688,186.77999877929688,186.39500427246094,186.39500427246094,4224.0
2026-08-05 15:56:00,PSNL,,13.520000457763672,13.524999618530273,13.494999885559082,13.510000228881836,17511.0
2026-08-05 15:56:00,PSNY,,14.619999885559082,14.649999618530273,14.569999694824219,14.619999885559082,6038.0
2026-08-05 15:56:00,PTC,,139.97999572753906,140.14500427246094,139.8800048828125,140.1300048828125,24083.0
2026-08-05 15:56:00,PTCT,,68.91000366210938,68.91000366210938,68.83000183105469,68.86499786376953,12104.0
2026-08-05 15:56:00,PTEN,,9.555000305175781,9.574999809265137,9.550000190734863,9.569999694824219,117123.0
2026-08-05 15:56:00,PTGX,,137.25999450683594,137.25999450683594,137.25999450683594,137.25999450683594,158.0
2026-08-05 15:56:00,PTLO,,4.675000190734863,4.679999828338623,4.65500020980835,4.65500020980835,23949.0
2026-08-05 15:56:00,PTON,,6.534999847412109,6.570000171661377,6.534999847412109,6.565000057220459,194218.0
2026-08-05 15:56:00,PUBM,,13.460000038146973,13.489999771118164,13.460000038146973,13.489999771118164,5501.0
2026-08-05 15:56:00,PWP,,17.3700008392334,17.395000457763672,17.309999465942383,17.309999465942383,14899.0
2026-08-05 15:56:00,PYPD,,4.617499828338623,4.617499828338623,4.617499828338623,4.617499828338623,213.0
2026-08-05 15:56:00,PYPL,,57.95500183105469,57.959999084472656,57.93000030517578,57.95000076293945,94465.0
2026-08-05 15:56:00,PYXS,,3.125,3.130000114440918,3.115000009536743,3.115000009536743,3465.0
2026-08-05 15:56:00,PZZA,,29.780000686645508,29.799999237060547,29.702499389648438,29.709999084472656,24766.0
2026-08-05 15:56:00,QCOM,,157.8300018310547,158.03500366210938,157.8000030517578,157.99000549316406,84210.0
2026-08-05 15:56:00,QFIN,,13.135000228881836,13.149999618530273,13.135000228881836,13.145000457763672,7697.0
2026-08-05 15:56:00,QRVO,,95.51000213623047,95.5999984741211,95.47000122070312,95.5999984741211,14776.0
2026-08-05 15:56:00,SEED,,1.0499999523162842,1.0499999523162842,1.0399999618530273,1.0399999618530273,1750.0
2026-08-05 15:56:00,STIM,,2.3499999046325684,2.359999895095825,2.3499999046325684,2.3550000190734863,4960.0
2026-08-05 15:56:00,TARA,,3.990000009536743,3.990000009536743,3.9800000190734863,3.984999895095825,2827.0
2026-08-05 15:56:00,WOOF,,2.9200000762939453,2.924999952316284,2.9200000762939453,2.924999952316284,3163.0
2026-08-05 15:57:00,ACDC,,4.53000020980835,4.534999847412109,4.519999980926514,4.525000095367432,141667.0
2026-08-05 15:57:00,BPOP,,177.42999267578125,177.4600067138672,177.0399932861328,177.0399932861328,16670.0
2026-08-05 15:57:00,CASH,,89.6500015258789,89.6500015258789,89.3550033569336,89.3550033569336,2301.0
2026-08-05 15:57:00,CNXN,,85.9000015258789,86.0999984741211,85.87999725341797,85.91999816894531,6006.0
2026-08-05 15:57:00,CPOP,,0.34130001068115234,0.34130001068115234,0.34130001068115234,0.34130001068115234,152.0
2026-08-05 15:57:00,DTIL,,7.46999979019165,7.480000019073486,7.460000038146973,7.46999979019165,5502.0
2026-08-05 15:57:00,EYE,,23.079999923706055,23.15999984741211,23.059999465942383,23.145000457763672,40705.0
2026-08-05 15:57:00,FIZZ,,32.2599983215332,32.29999923706055,32.2599983215332,32.29999923706055,4171.0
2026-08-05 15:57:00,GLUE,,15.600000381469727,15.640000343322754,15.550000190734863,15.550000190734863,29248.0
2026-08-05 15:57:00,KIDS,,22.18000030517578,22.209999084472656,22.110000610351562,22.200000762939453,3702.0
2026-08-05 15:57:00,KITT,,1.0099999904632568,1.0199999809265137,1.0099999904632568,1.0199999809265137,0.0
2026-08-05 15:57:00,LUNG,,1.9600000381469727,1.965000033378601,1.9550000429153442,1.965000033378601,7416.0
2026-08-05 15:57:00,MBRX,,0.39079999923706055,0.3928000032901764,0.39079999923706055,0.3926999866962433,1717.0
2026-08-05 15:57:00,MCRI,,121.5,121.6500015258789,121.5,121.56500244140625,1229.0
2026-08-05 15:57:00,MDB,,376.2699890136719,376.55999755859375,375.6499938964844,376.19000244140625,20329.0
2026-08-05 15:57:00,MDLZ,,62.70000076293945,62.834999084472656,62.685001373291016,62.79999923706055,134996.0
2026-08-05 15:57:00,MLTX,,17.594999313354492,17.625,17.581899642944336,17.625,3251.0
2026-08-05 15:57:00,MNPR,,119.41000366210938,119.62000274658203,119.11000061035156,119.11000061035156,1886.0
2026-08-05 15:57:00,MNRO,,13.109999656677246,13.149999618530273,13.109999656677246,13.149999618530273,14279.0
2026-08-05 15:57:00,MNST,,94.49500274658203,94.51499938964844,94.44999694824219,94.51000213623047,73847.0
2026-08-05 15:57:00,MNTK,,1.6950000524520874,1.7000000476837158,1.6950000524520874,1.7000000476837158,4165.0
2026-08-05 15:57:00,MNTS,,4.210000038146973,4.210000038146973,4.190000057220459,4.199999809265137,17086.0
2026-08-05 15:57:00,MODD,,1.9900000095367432,2.0,1.9900000095367432,2.0,706.0
2026-08-05 15:57:00,MORN,,199.60499572753906,199.72999572753906,198.91000366210938,199.36000061035156,4635.0
2026-08-05 15:57:00,MOVE,,12.104999542236328,12.104999542236328,12.104999542236328,12.104999542236328,321.0
2026-08-05 15:57:00,MPAA,,13.829999923706055,13.869999885559082,13.824999809265137,13.859999656677246,1510.0
2026-08-05 15:57:00,MPWR,,1350.1700439453125,1351.3900146484375,1348.4549560546875,1348.6800537109375,14236.0
2026-08-05 15:57:00,MRNA,,56.36000061035156,56.36000061035156,56.18000030517578,56.18000030517578,80130.0
2026-08-05 15:57:00,MYGN,,3.1500000953674316,3.1500000953674316,3.115000009536743,3.115000009536743,45084.0
2026-08-05 15:57:00,MYPS,,0.7498999834060669,0.7498999834060669,0.7376000285148621,0.7376999855041504,4765.0
2026-08-05 15:57:00,MYRG,,335.0425109863281,335.0474853515625,334.32000732421875,334.32000732421875,3730.0
2026-08-05 15:57:00,NAAS,,3.25,3.25,3.25,3.25,109.0
2026-08-05 15:57:00,NAMS,,27.399999618530273,27.440000534057617,27.31999969482422,27.385000228881836,19401.0
2026-08-05 15:57:00,NATR,,20.049999237060547,20.079999923706055,20.040000915527344,20.079999923706055,4926.0
2026-08-05 15:57:00,NAUT,,0.9298999905586243,0.9298999905586243,0.9289000034332275,0.9289000034332275,2759.0
2026-08-05 15:57:00,NAVI,,9.055000305175781,9.104999542236328,9.055000305175781,9.095000267028809,34334.0
2026-08-05 15:57:00,NB,,5.03000020980835,5.03000020980835,5.014999866485596,5.025000095367432,71361.0
2026-08-05 15:57:00,NBIX,,161.89999389648438,162.3300018310547,161.80999755859375,161.88999938964844,35019.0
2026-08-05 15:57:00,NBTB,,53.23500061035156,53.2599983215332,53.220001220703125,53.2599983215332,5411.0
2026-08-05 15:57:00,NCMI,,4.105000019073486,4.110000133514404,4.099999904632568,4.099999904632568,2671.0
2026-08-05 15:57:00,NDAQ,,94.63999938964844,94.69000244140625,94.62999725341797,94.66999816894531,19994.0
2026-08-05 15:57:00,NDSN,,310.79998779296875,310.82000732421875,310.6300048828125,310.6300048828125,8386.0
2026-08-05 15:57:00,NEGG,,16.81999969482422,16.81999969482422,16.81999969482422,16.81999969482422,213.0
2026-08-05 15:57:00,NEO,,15.76990032196045,15.779999732971191,15.739999771118164,15.760000228881836,25610.0
2026-08-05 15:57:00,NEOG,,11.449999809265137,11.454999923706055,11.4350004196167,11.444999694824219,44494.0
2026-08-05 15:57:00,NEON,,0.9024999737739563,0.9024999737739563,0.9024999737739563,0.9024999737739563,186.0
2026-08-05 15:57:00,NEOV,,2.8550000190734863,2.8550000190734863,2.8450000286102295,2.8450000286102295,6265.0
2026-08-05 15:57:00,NESR,,28.239999771118164,28.31999969482422,28.239999771118164,28.280000686645508,38975.0
2026-08-05 15:57:00,NEWT,,15.149999618530273,15.15999984741211,15.140000343322754,15.15999984741211,3428.0
2026-08-05 15:57:00,NEXT,,6.40500020980835,6.414999961853027,6.394999980926514,6.400000095367432,91789.0
2026-08-05 15:57:00,NFE,,0.33239999413490295,0.33559998869895935,0.3321000039577484,0.3321000039577484,3906.0
2026-08-05 15:57:00,NFLX,,74.30999755859375,74.31500244140625,74.19499969482422,74.2249984741211,393936.0
2026-08-05 15:57:00,NGNE,,36.20500183105469,36.209999084472656,35.959999084472656,35.959999084472656,1897.0
2026-08-05 15:57:00,NICE,,99.98999786376953,100.05000305175781,99.63999938964844,99.93000030517578,34074.0
2026-08-05 15:57:00,NIU,,2.4549999237060547,2.4549999237060547,2.450000047683716,2.4549999237060547,1922.0
2026-08-05 15:57:00,NKTR,,73.12999725341797,73.19000244140625,72.88500213623047,72.9800033569336,6914.0
2026-08-05 15:57:00,NKTX,,2.2149999141693115,2.2200000286102295,2.2100000381469727,2.2200000286102295,6475.0
2026-08-05 15:57:00,NMFC,,7.375,7.375,7.364999771118164,7.364999771118164,6201.0
2026-08-05 15:57:00,NMFCZ,,25.110000610351562,25.110000610351562,25.110000610351562,25.110000610351562,121.0
2026-08-05 15:57:00,NMIH,,45.04999923706055,45.04999923706055,44.97999954223633,45.02000045776367,9056.0
2026-08-05 15:57:00,NMRA,,1.6100000143051147,1.6150000095367432,1.6100000143051147,1.6150000095367432,1099.0
2026-08-05 15:57:00,NMRK,,15.569999694824219,15.600000381469727,15.569999694824219,15.585000038146973,21827.0
2026-08-05 15:57:00,NN,,14.779999732971191,14.829999923706055,14.770000457763672,14.819999694824219,34103.0
2026-08-05 15:57:00,NNBR,,3.865000009536743,3.880000114440918,3.8499999046325684,3.859800100326538,23959.0
2026-08-05 15:57:00,NNDM,,1.565000057220459,1.565000057220459,1.559999942779541,1.565000057220459,3896.0
2026-08-05 15:57:00,NOVT,,153.15499877929688,153.25,152.9149932861328,153.25,8080.0
2026-08-05 15:57:00,NRC,,19.579999923706055,19.600000381469727,19.549999237060547,19.600000381469727,3500.0
2026-08-05 15:57:00,NRDS,,9.079999923706055,9.09000015258789,9.074999809265137,9.079999923706055,11705.0
2026-08-05 15:57:00,NRIX,,25.190000534057617,25.200000762939453,25.114999771118164,25.149999618530273,16625.0
2026-08-05 15:57:00,NRXP,,3.059999942779541,3.069999933242798,3.059999942779541,3.059999942779541,6754.0
2026-08-05 15:57:00,NSSC,,40.439998626708984,40.54999923706055,40.439998626708984,40.5099983215332,4010.0
2026-08-05 15:57:00,NTAP,,186.56500244140625,186.75999450683594,186.42999267578125,186.6649932861328,39520.0
2026-08-05 15:57:00,NTCT,,41.279998779296875,41.279998779296875,41.16999816894531,41.16999816894531,9052.0
2026-08-05 15:57:00,NTES,,128.1699981689453,128.2100067138672,128.125,128.1999969482422,9668.0
2026-08-05 15:57:00,NTGR,,24.389999389648438,24.399999618530273,24.34000015258789,24.395000457763672,4164.0
2026-08-05 15:57:00,NTNX,,60.97999954223633,60.99250030517578,60.935001373291016,60.95000076293945,34849.0
2026-08-05 15:57:00,NTRA,,274.4200134277344,274.45001220703125,273.8599853515625,273.9750061035156,8901.0
2026-08-05 15:57:00,NTRS,,184.33999633789062,184.46499633789062,184.33999633789062,184.38499450683594,10265.0
2026-08-05 15:57:00,NUTX,,157.36000061035156,157.36000061035156,157.17999267578125,157.17999267578125,2010.0
2026-08-05 15:57:00,NUWE,,1.6799999475479126,1.7000000476837158,1.6799999475479126,1.690000057220459,1463.0
2026-08-05 15:57:00,NVAX,,7.690000057220459,7.699900150299072,7.675000190734863,7.675000190734863,61106.0
2026-08-05 15:57:00,NVCR,,16.1299991607666,16.139999389648438,16.100000381469727,16.114999771118164,26264.0
2026-08-05 15:57:00,NVCT,,19.334999084472656,19.399999618530273,19.334999084472656,19.399999618530273,2581.0
2026-08-05 15:57:00,NVDA,,220.0800018310547,220.14999389648438,219.91000366210938,220.13999938964844,864796.0
2026-08-05 15:57:00,NVEC,,127.4000015258789,127.9124984741211,127.12000274658203,127.23999786376953,2482.0
2026-08-05 15:57:00,NVMI,,404.29998779296875,405.2099914550781,403.6499938964844,404.44000244140625,7320.0
2026-08-05 15:57:00,NVTS,,12.385000228881836,12.430000305175781,12.380000114440918,12.430000305175781,121741.0
2026-08-05 15:57:00,NWBI,,15.960000038146973,15.960000038146973,15.944999694824219,15.949999809265137,28242.0
2026-08-05 15:57:00,NWE,,69.05999755859375,69.1050033569336,69.04000091552734,69.05000305175781,4390.0
2026-08-05 15:57:00,NWL,,6.164999961853027,6.175000190734863,6.159999847412109,6.164999961853027,271111.0
2026-08-05 15:57:00,NWPX,,124.22000122070312,124.80999755859375,124.22000122070312,124.80999755859375,3355.0
2026-08-05 15:57:00,NWS,,33.10499954223633,33.119998931884766,33.04999923706055,33.084999084472656,30928.0
2026-08-05 15:57:00,NWSA,,29.045000076293945,29.059999465942383,28.975000381469727,29.024999618530273,117585.0
2026-08-05 15:57:00,NXL,,0.3402000069618225,0.3402000069618225,0.3402000069618225,0.3402000069618225,100.0
2026-08-05 15:57:00,NXPI,,231.35000610351562,231.7100067138672,231.1199951171875,231.5500030517578,57406.0
2026-08-05 15:57:00,NXST,,190.22999572753906,190.6999969482422,190.22999572753906,190.41000366210938,8139.0
2026-08-05 15:57:00,NXT,,99.7699966430664,100.11000061035156,99.75,100.08000183105469,24149.0
2026-08-05 15:57:00,NYXH,,1.4049999713897705,1.4049999713897705,1.4049999713897705,1.4049999713897705,487.0
2026-08-05 15:57:00,OABI,,2.0450000762939453,2.0450000762939453,2.0350000858306885,2.0350000858306885,9782.0
2026-08-05 15:57:00,OBIO,,4.239999771118164,4.239999771118164,4.239999771118164,4.239999771118164,1413.0
2026-08-05 15:57:00,OCC,,15.699999809265137,15.699999809265137,15.699999809265137,15.699999809265137,229.0
2026-08-05 15:57:00,OCFC,,19.905000686645508,19.90999984741211,19.875,19.875,22924.0
2026-08-05 15:57:00,OCGN,,1.284999966621399,1.2899999618530273,1.2800999879837036,1.284999966621399,57065.0
2026-08-05 15:57:00,OCS,,12.029999732971191,12.029999732971191,12.029999732971191,12.029999732971191,1109.0
2026-08-05 15:57:00,OCSL,,12.020000457763672,12.029999732971191,12.010000228881836,12.024999618530273,13488.0
2026-08-05 15:57:00,OCUL,,8.510000228881836,8.53499984741211,8.494999885559082,8.53499984741211,31898.0
2026-08-05 15:57:00,ODD,,15.319999694824219,15.319999694824219,15.289999961853027,15.300000190734863,4992.0
2026-08-05 15:57:00,ODFL,,215.66000366210938,215.72000122070312,215.39500427246094,215.6199951171875,36481.0
2026-08-05 15:57:00,OESX,,15.925000190734863,16.100000381469727,15.925000190734863,16.0,1318.0
2026-08-05 15:57:00,OFIX,,10.329999923706055,10.449999809265137,10.270000457763672,10.449999809265137,17241.0
2026-08-05 15:57:00,OKTA,,147.1699981689453,147.17999267578125,146.65249633789062,146.65499877929688,25631.0
2026-08-05 15:57:00,OKYO,,1.590000033378601,1.590000033378601,1.5800000429153442,1.5800000429153442,2192.0
2026-08-05 15:57:00,OLLI,,78.49250030517578,78.62999725341797,78.48999786376953,78.62999725341797,21538.0
2026-08-05 15:57:00,OLMA,,11.609999656677246,11.609999656677246,11.5600004196167,11.5600004196167,10113.0
2026-08-05 15:57:00,OM,,5.050000190734863,5.050000190734863,5.03000020980835,5.039999961853027,608.0
2026-08-05 15:57:00,OMCL,,37.16999816894531,37.16999816894531,37.119998931884766,37.15999984741211,14215.0
2026-08-05 15:57:00,OMER,,12.649999618530273,12.6850004196167,12.649999618530273,12.670000076293945,13844.0
2026-08-05 15:57:00,OMH,,0.11739999800920486,0.11779999732971191,0.11710000038146973,0.11749999970197678,29613.0
2026-08-05 15:57:00,ON,,77.03990173339844,77.16000366210938,76.86000061035156,76.88999938964844,461135.0
2026-08-05 15:57:00,ONB,,27.014999389648438,27.014999389648438,26.985000610351562,27.0049991607666,49926.0
2026-08-05 15:57:00,ONCO,,0.890500009059906,0.890500009059906,0.8810999989509583,0.8866000175476074,30143.0
2026-08-05 15:57:00,ONCY,,0.7998999953269958,0.7998999953269958,0.7998999953269958,0.7998999953269958,200.0
2026-08-05 15:57:00,ONDS,,8.869999885559082,8.898200035095215,8.869999885559082,8.896400451660156,289104.0
2026-08-05 15:57:00,ONEW,,12.524999618530273,12.524999618530273,12.510000228881836,12.510000228881836,1029.0
2026-08-05 15:57:00,ONFO,,0.07259999960660934,0.07289999723434448,0.0722000002861023,0.07280000299215317,206713.0
2026-08-05 15:57:00,OPAL,,2.365000009536743,2.3703999519348145,2.365000009536743,2.3703999519348145,1877.0
2026-08-05 15:57:00,OPCH,,23.760000228881836,23.790000915527344,23.75,23.764999389648438,52191.0
2026-08-05 15:57:00,OPEN,,3.7799999713897705,3.7850000858306885,3.759999990463257,3.759999990463257,842116.0
2026-08-05 15:57:00,OPHC,,8.824999809265137,8.850000381469727,8.800000190734863,8.824999809265137,1473.0
2026-08-05 15:57:00,OPK,,1.350000023841858,1.3550000190734863,1.350000023841858,1.3550000190734863,55672.0
2026-08-05 15:57:00,OPRA,,19.959999084472656,19.959999084472656,19.950000762939453,19.950000762939453,6313.0
2026-08-05 15:57:00,OPRT,,6.059999942779541,6.059999942779541,6.020100116729736,6.03000020980835,9568.0
2026-08-05 15:57:00,OPRX,,6.949999809265137,6.960000038146973,6.949999809265137,6.949999809265137,3731.0
2026-08-05 15:57:00,ORGO,,2.369999885559082,2.3715999126434326,2.359999895095825,2.359999895095825,14535.0
2026-08-05 15:57:00,ORIC,,12.890000343322754,12.899999618530273,12.864999771118164,12.88010025024414,41585.0
2026-08-05 15:57:00,ORLY,,93.44000244140625,93.45999908447266,93.37999725341797,93.44999694824219,76549.0
2026-08-05 15:57:00,ORMP,,4.320000171661377,4.320000171661377,4.309999942779541,4.309999942779541,1852.0
2026-08-05 15:57:00,ORRF,,43.2599983215332,43.279998779296875,43.2599983215332,43.279998779296875,3135.0
2026-08-05 15:57:00,OSBC,,25.93000030517578,25.93000030517578,25.93000030517578,25.93000030517578,12973.0
2026-08-05 15:57:00,OSIS,,235.52499389648438,235.8350067138672,235.5,235.5,1441.0
2026-08-05 15:57:00,OSPN,,16.18000030517578,16.229999542236328,16.1299991607666,16.18000030517578,12794.0
2026-08-05 15:57:00,OSS,,13.199999809265137,13.260000228881836,13.199999809265137,13.260000228881836,19814.0
2026-08-05 15:57:00,OSUR,,4.142000198364258,4.150000095367432,4.142000198364258,4.142000198364258,2107.0
2026-08-05 15:57:00,OSW,,26.610000610351562,26.610000610351562,26.59000015258789,26.600000381469727,6653.0
2026-08-05 15:57:00,OTEX,,25.69499969482422,25.700000762939453,25.684999465942383,25.684999465942383,26373.0
2026-08-05 15:57:00,OTLK,,1.0299999713897705,1.0299999713897705,1.024999976158142,1.024999976158142,31032.0
2026-08-05 15:57:00,OTLY,,14.289999961853027,14.380000114440918,14.289999961853027,14.380000114440918,1744.0
2026-08-05 15:57:00,OTTR,,92.94999694824219,93.22000122070312,92.91500091552734,93.07499694824219,12860.0
2026-08-05 15:57:00,OVID,,2.6050000190734863,2.609999895095825,2.6050000190734863,2.609999895095825,7211.0
2026-08-05 15:57:00,OVLY,,33.400001525878906,33.400001525878906,33.400001525878906,33.400001525878906,307.0
2026-08-05 15:57:00,OXLC,,9.119999885559082,9.12030029296875,9.119999885559082,9.12030029296875,6276.0
2026-08-05 15:57:00,PAA,,23.184999465942383,23.19499969482422,23.171100616455078,23.19499969482422,38460.0
2026-08-05 15:57:00,PAAS,,48.40999984741211,48.415000915527344,48.31999969482422,48.31999969482422,52435.0
2026-08-05 15:57:00,PACB,,1.2949999570846558,1.2999999523162842,1.2900999784469604,1.2949999570846558,54961.0
2026-08-05 15:57:00,PAGP,,25.1200008392334,25.1200008392334,25.100000381469727,25.1200008392334,62355.0
2026-08-05 15:57:00,PAHC,,36.04010009765625,36.147499084472656,36.04010009765625,36.14500045776367,2797.0
2026-08-05 15:57:00,PALI,,2.125,2.130000114440918,2.125,2.130000114440918,9826.0
2026-08-05 15:57:00,PANL,,7.275000095367432,7.28000020980835,7.269999980926514,7.28000020980835,5107.0
2026-08-05 15:57:00,PANW,,363.2200012207031,363.56500244140625,362.6199951171875,362.80499267578125,67210.0
2026-08-05 15:57:00,PATK,,87.91999816894531,87.91999816894531,87.7300033569336,87.79499816894531,8078.0
2026-08-05 15:57:00,PAX,,11.354999542236328,11.364999771118164,11.345000267028809,11.345000267028809,17548.0
2026-08-05 15:57:00,PAYO,,7.119999885559082,7.125,7.119999885559082,7.119999885559082,30893.0
2026-08-05 15:57:00,PAYS,,9.5600004196167,9.5600004196167,9.470000267028809,9.475000381469727,18625.0
2026-08-05 15:57:00,PAYX,,118.33000183105469,118.33999633789062,118.2300033569336,118.25,35372.0
2026-08-05 15:57:00,PBYI,,7.974999904632568,7.974999904632568,7.960000038146973,7.960000038146973,2760.0
2026-08-05 15:57:00,PCAR,,133.4949951171875,133.59750366210938,133.4499969482422,133.58999633789062,53585.0
2026-08-05 15:57:00,PCB,,28.079999923706055,28.1299991607666,28.079999923706055,28.1299991607666,2117.0
2026-08-05 15:57:00,PCRX,,24.96500015258789,25.0,24.959999084472656,24.989999771118164,29680.0
2026-08-05 15:57:00,PCSA,,2.194999933242798,2.194999933242798,2.194999933242798,2.194999933242798,138.0
2026-08-05 15:57:00,PCT,,6.90500020980835,6.90500020980835,6.880499839782715,6.889999866485596,66003.0
2026-08-05 15:57:00,PCTY,,147.75999450683594,148.11000061035156,147.6199951171875,147.81500244140625,17280.0
2026-08-05 15:57:00,PDD,,90.9800033569336,91.11000061035156,90.9800033569336,91.04499816894531,85541.0
2026-08-05 15:57:00,PDFS,,49.68000030517578,49.68000030517578,49.540000915527344,49.540000915527344,4801.0
2026-08-05 15:57:00,PDLB,,20.514999389648438,20.514999389648438,20.450000762939453,20.450000762939453,3327.0
2026-08-05 15:57:00,PDSB,,0.7110000252723694,0.7110000252723694,0.7110000252723694,0.7110000252723694,0.0
2026-08-05 15:57:00,PEBO,,41.619998931884766,41.619998931884766,41.599998474121094,41.61000061035156,2796.0
2026-08-05 15:57:00,PECO,,41.61000061035156,41.61000061035156,41.59000015258789,41.599998474121094,7391.0
2026-08-05 15:57:00,PEGA,,31.864999771118164,31.8799991607666,31.850000381469727,31.8700008392334,31066.0
2026-08-05 15:57:00,PENN,,19.6299991607666,19.6299991607666,19.565000534057617,19.575000762939453,55626.0
2026-08-05 15:57:00,PEP,,139.0399932861328,139.1199951171875,138.99000549316406,139.10000610351562,52236.0
2026-08-05 15:57:00,PEPG,,1.9850000143051147,1.9900000095367432,1.9850000143051147,1.9900000095367432,1423.0
2026-08-05 15:57:00,PERI,,9.640000343322754,9.649999618530273,9.635000228881836,9.635000228881836,6742.0
2026-08-05 15:57:00,PESI,,17.59000015258789,17.610000610351562,17.59000015258789,17.610000610351562,2441.0
2026-08-05 15:57:00,PFBC,,106.1500015258789,106.1500015258789,106.1500015258789,106.1500015258789,340.0
2026-08-05 15:57:00,PFG,,115.01000213623047,115.01000213623047,114.8499984741211,114.8550033569336,21369.0
2026-08-05 15:57:00,PGC,,46.3849983215332,46.400001525878906,46.36000061035156,46.36000061035156,2883.0
2026-08-05 15:57:00,PGEN,,6.800000190734863,6.885000228881836,6.760000228881836,6.875,673794.0
2026-08-05 15:57:00,PGNY,,31.350000381469727,31.3799991607666,31.280000686645508,31.280000686645508,15881.0
2026-08-05 15:57:00,PGY,,21.860000610351562,21.889999389648438,21.84000015258789,21.860000610351562,45368.0
2026-08-05 15:57:00,PHAT,,8.234999656677246,8.25,8.229999542236328,8.239999771118164,30329.0
2026-08-05 15:57:00,PHUN,,2.200000047683716,2.200000047683716,2.194999933242798,2.194999933242798,914.0
2026-08-05 15:57:00,PHVS,,33.45000076293945,33.5,33.43000030517578,33.43000030517578,3021.0
2026-08-05 15:57:00,PIIIW,,0.017000000923871994,0.017000000923871994,0.017000000923871994,0.017000000923871994,100.0
2026-08-05 15:57:00,PLAB,,32.119998931884766,32.13999938964844,32.064998626708984,32.099998474121094,12865.0
2026-08-05 15:57:00,PLBY,,1.149999976158142,1.149999976158142,1.149999976158142,1.149999976158142,3201.0
2026-08-05 15:57:00,PLMR,,134.07000732421875,134.27999877929688,134.07000732421875,134.09500122070312,6673.0
2026-08-05 15:57:00,PLPC,,472.3500061035156,472.3500061035156,469.42999267578125,469.42999267578125,720.0
2026-08-05 15:57:00,PLRX,,1.059999942779541,1.059999942779541,1.059999942779541,1.059999942779541,551.0
2026-08-05 15:57:00,PLSE,,37.93000030517578,37.93000030517578,37.72999954223633,37.81999969482422,7286.0
2026-08-05 15:57:00,PLTK,,3.884999990463257,3.9049999713897705,3.884999990463257,3.9049999713897705,28488.0
2026-08-05 15:57:00,PLUG,,2.0850000381469727,2.0899999141693115,2.0799999237060547,2.0850000381469727,124522.0
2026-08-05 15:57:00,PLXS,,274.79998779296875,274.79998779296875,274.79998779296875,274.79998779296875,5146.0
2026-08-05 15:57:00,PNFP,,107.37000274658203,107.41999816894531,107.26000213623047,107.37000274658203,21220.0
2026-08-05 15:57:00,PNTG,,38.79999923706055,38.79999923706055,38.7599983215332,38.7599983215332,6894.0
2026-08-05 15:57:00,POCI,,4.309999942779541,4.309999942779541,4.309999942779541,4.309999942779541,672.0
2026-08-05 15:57:00,POET,,8.079999923706055,8.109999656677246,8.0649995803833,8.109999656677246,124767.0
2026-08-05 15:57:00,POOL,,206.6199951171875,206.64999389648438,206.27000427246094,206.4600067138672,7428.0
2026-08-05 15:57:00,POWI,,61.79499816894531,61.83000183105469,61.65999984741211,61.77000045776367,9011.0
2026-08-05 15:57:00,POWL,,209.35000610351562,209.67999267578125,209.27999877929688,209.55999755859375,16041.0
2026-08-05 15:57:00,PPC,,26.670000076293945,26.729999542236328,26.670000076293945,26.690000534057617,19671.0
2026-08-05 15:57:00,PPIH,,25.829999923706055,25.829999923706055,25.829999923706055,25.829999923706055,608.0
2026-08-05 15:57:00,PPSI,,3.049999952316284,3.049999952316284,3.049999952316284,3.049999952316284,110.0
2026-08-05 15:57:00,PPTA,,22.90999984741211,22.93000030517578,22.8700008392334,22.920000076293945,24970.0
2026-08-05 15:57:00,PRAA,,17.190000534057617,17.219999313354492,17.190000534057617,17.219999313354492,5439.0
2026-08-05 15:57:00,PRAX,,318.9750061035156,319.6499938964844,318.6449890136719,319.6499938964844,5417.0
2026-08-05 15:57:00,PRCH,,15.779999732971191,15.800000190734863,15.75,15.780200004577637,33346.0
2026-08-05 15:57:00,PRCT,,19.395000457763672,19.459999084472656,19.34000015258789,19.44499969482422,62950.0
2026-08-05 15:57:00,PRDO,,33.0099983215332,33.022499084472656,32.9900016784668,33.0,20804.0
2026-08-05 15:57:00,PRE,,18.454999923706055,18.65999984741211,18.290000915527344,18.290000915527344,523.0
2026-08-05 15:57:00,PRGS,,42.34000015258789,42.36000061035156,42.30500030517578,42.36000061035156,4452.0
2026-08-05 15:57:00,PRIM,,83.25250244140625,83.62999725341797,82.94999694824219,83.61000061035156,61380.0
2026-08-05 15:57:00,PRLD,,4.53000020980835,4.539999961853027,4.53000020980835,4.53000020980835,831.0
2026-08-05 15:57:00,PRME,,3.0899999141693115,3.0899999141693115,3.075000047683716,3.075000047683716,40790.0
2026-08-05 15:57:00,PROF,,8.010000228881836,8.010000228881836,8.010000228881836,8.010000228881836,671.0
2026-08-05 15:57:00,PROK,,1.6699999570846558,1.6699999570846558,1.659999966621399,1.659999966621399,9244.0
2026-08-05 15:57:00,PRQR,,1.975000023841858,1.975000023841858,1.975000023841858,1.975000023841858,1838.0
2026-08-05 15:57:00,PRTA,,8.489899635314941,8.489999771118164,8.482500076293945,8.489999771118164,3207.0
2026-08-05 15:57:00,PRTH,,6.659999847412109,6.679999828338623,6.659999847412109,6.670000076293945,9627.0
2026-08-05 15:57:00,PRVA,,23.93000030517578,23.975000381469727,23.93000030517578,23.93000030517578,16855.0
2026-08-05 15:57:00,PRZO,,0.5611000061035156,0.5626999735832214,0.5600000023841858,0.5626999735832214,1805.0
2026-08-05 15:57:00,PSEC,,2.174999952316284,2.1798999309539795,2.1700000762939453,2.174999952316284,16460.0
2026-08-05 15:57:00,PSMT,,186.75,186.75999450683594,186.75,186.75999450683594,3356.0
2026-08-05 15:57:00,PSNL,,13.5,13.520000457763672,13.489999771118164,13.510000228881836,13966.0
2026-08-05 15:57:00,PSNY,,14.704999923706055,14.704999923706055,14.649999618530273,14.670000076293945,1727.0
2026-08-05 15:57:00,PTC,,139.7899932861328,140.0,139.7899932861328,139.9600067138672,28997.0
2026-08-05 15:57:00,PTCT,,69.04000091552734,69.04000091552734,68.87999725341797,68.87999725341797,11930.0
2026-08-05 15:57:00,PTEN,,9.545000076293945,9.5649995803833,9.545000076293945,9.555000305175781,226579.0
2026-08-05 15:57:00,PTGX,,137.44000244140625,137.63999938964844,137.03500366210938,137.27999877929688,3822.0
2026-08-05 15:57:00,PTLO,,4.695000171661377,4.695000171661377,4.679999828338623,4.679999828338623,28009.0
2026-08-05 15:57:00,PTON,,6.53000020980835,6.534999847412109,6.510000228881836,6.534999847412109,372306.0
2026-08-05 15:57:00,PUBM,,13.4399995803833,13.46500015258789,13.4399995803833,13.46500015258789,5546.0
2026-08-05 15:57:00,PWP,,17.34000015258789,17.3700008392334,17.329999923706055,17.3700008392334,18219.0
2026-08-05 15:57:00,PYPL,,57.94499969482422,57.970001220703125,57.939998626708984,57.94499969482422,112122.0
2026-08-05 15:57:00,PYXS,,3.125,3.130000114440918,3.119999885559082,3.130000114440918,8536.0
2026-08-05 15:57:00,PZZA,,29.670000076293945,29.795000076293945,29.670000076293945,29.780000686645508,41057.0
2026-08-05 15:57:00,QCOM,,157.85000610351562,157.94000244140625,157.69000244140625,157.80999755859375,175335.0
2026-08-05 15:57:00,QCRH,,105.11000061035156,105.11000061035156,105.11000061035156,105.11000061035156,233.0
2026-08-05 15:57:00,QFIN,,13.140000343322754,13.140000343322754,13.140000343322754,13.140000343322754,8571.0
2026-08-05 15:57:00,QRVO,,95.45999908447266,95.55000305175781,95.40499877929688,95.5199966430664,12460.0
2026-08-05 15:57:00,SEED,,1.0399999618530273,1.0499999523162842,1.0399999618530273,1.0499999523162842,1590.0
2026-08-05 15:57:00,STIM,,2.3550000190734863,2.359999895095825,2.3499999046325684,2.3550000190734863,17472.0
2026-08-05 15:57:00,STKS,,1.7599999904632568,1.7889000177383423,1.7599999904632568,1.7889000177383423,3563.0
2026-08-05 15:57:00,TARA,,3.994999885559082,3.994999885559082,3.9800000190734863,3.984999895095825,4392.0
2026-08-05 15:57:00,WOOF,,2.934999942779541,2.940000057220459,2.924999952316284,2.924999952316284,51270.0
2026-08-05 15:58:00,ACDC,,4.514999866485596,4.545000076293945,4.514999866485596,4.53000020980835,156910.0
2026-08-05 15:58:00,BPOP,,177.4600067138672,177.57000732421875,177.38999938964844,177.47000122070312,14588.0
2026-08-05 15:58:00,CASH,,89.5199966430664,89.56999969482422,89.5199966430664,89.56999969482422,612.0
2026-08-05 15:58:00,CNXN,,85.98999786376953,86.12999725341797,85.87000274658203,85.87000274658203,3429.0
2026-08-05 15:58:00,CPOP,,0.3409000039100647,0.3409000039100647,0.3409000039100647,0.3409000039100647,1114.0
2026-08-05 15:58:00,DTIL,,7.46999979019165,7.480000019073486,7.449999809265137,7.480000019073486,8313.0
2026-08-05 15:58:00,EYE,,23.065000534057617,23.079999923706055,23.065000534057617,23.06999969482422,28501.0
2026-08-05 15:58:00,FIZZ,,32.22999954223633,32.22999954223633,32.220001220703125,32.220001220703125,2213.0
2026-08-05 15:58:00,FRST,,16.440000534057617,16.44499969482422,16.424999237060547,16.424999237060547,2925.0
2026-08-05 15:58:00,GLUE,,15.585000038146973,15.619999885559082,15.5600004196167,15.609999656677246,37470.0
2026-08-05 15:58:00,KIDS,,22.19499969482422,22.235000610351562,22.09000015258789,22.125,17360.0
2026-08-05 15:58:00,KITT,,1.024999976158142,1.0399999618530273,1.024999976158142,1.0399999618530273,402.0
2026-08-05 15:58:00,LUNG,,1.965000033378601,1.9700000286102295,1.9550000429153442,1.9550000429153442,21208.0
2026-08-05 15:58:00,MBRX,,0.3903000056743622,0.3926999866962433,0.3903000056743622,0.3919000029563904,4448.0
2026-08-05 15:58:00,MCRI,,121.51000213623047,121.54000091552734,121.51000213623047,121.54000091552734,1096.0
2026-08-05 15:58:00,MDB,,376.5350036621094,376.5799865722656,375.70001220703125,376.4750061035156,26350.0
2026-08-05 15:58:00,MDLZ,,62.72999954223633,62.744998931884766,62.665000915527344,62.70000076293945,214606.0
2026-08-05 15:58:00,MLTX,,17.56999969482422,17.579999923706055,17.545000076293945,17.579999923706055,8885.0
2026-08-05 15:58:00,MNPR,,119.56999969482422,119.80999755859375,119.41000366210938,119.41000366210938,4182.0
2026-08-05 15:58:00,MNRO,,13.100000381469727,13.114999771118164,13.09000015258789,13.114999771118164,15068.0
2026-08-05 15:58:00,MNST,,94.50499725341797,94.51499938964844,94.45999908447266,94.48999786376953,76069.0
2026-08-05 15:58:00,MNTS,,4.21999979019165,4.230000019073486,4.210000038146973,4.215000152587891,13779.0
2026-08-05 15:58:00,MORN,,199.36000061035156,199.72000122070312,199.07000732421875,199.72000122070312,3885.0
2026-08-05 15:58:00,MPAA,,13.859999656677246,13.859999656677246,13.850000381469727,13.850000381469727,1166.0
2026-08-05 15:58:00,MPWR,,1351.9200439453125,1352.0799560546875,1349.6099853515625,1349.6099853515625,16765.0
2026-08-05 15:58:00,MRNA,,56.33000183105469,56.369998931884766,56.279998779296875,56.369998931884766,102985.0
2026-08-05 15:58:00,MVBF,,30.510000228881836,30.510000228881836,30.510000228881836,30.510000228881836,281.0
2026-08-05 15:58:00,MYGN,,3.1649999618530273,3.1700000762939453,3.1449999809265137,3.1449999809265137,89711.0
2026-08-05 15:58:00,MYRG,,334.4800109863281,335.1524963378906,334.4800109863281,334.80999755859375,5163.0
2026-08-05 15:58:00,NAAS,,3.2606000900268555,3.2606000900268555,3.259999990463257,3.259999990463257,305.0
2026-08-05 15:58:00,NAMS,,27.43000030517578,27.440000534057617,27.350000381469727,27.389999389648438,31757.0
2026-08-05 15:58:00,NATR,,20.075000762939453,20.075000762939453,20.06999969482422,20.06999969482422,757.0
2026-08-05 15:58:00,NAUT,,0.9261000156402588,0.9300000071525574,0.9261000156402588,0.9294000267982483,6691.0
2026-08-05 15:58:00,NAVI,,9.050000190734863,9.0600004196167,9.050000190734863,9.0600004196167,10932.0
2026-08-05 15:58:00,NB,,5.034999847412109,5.039999961853027,5.03000020980835,5.03000020980835,4339.0
2026-08-05 15:58:00,NBIX,,161.7624969482422,161.88999938964844,161.7100067138672,161.83999633789062,28447.0
2026-08-05 15:58:00,NBN,,133.97000122070312,134.11000061035156,133.97000122070312,134.11000061035156,340.0
2026-08-05 15:58:00,NBTB,,53.244998931884766,53.2599983215332,53.20000076293945,53.2599983215332,6742.0
2026-08-05 15:58:00,NCMI,,4.090000152587891,4.110000133514404,4.090000152587891,4.110000133514404,5259.0
2026-08-05 15:58:00,NCRA,,1.8485000133514404,1.8489999771118164,1.8250000476837158,1.8250000476837158,3185.0
2026-08-05 15:58:00,NDAQ,,94.62999725341797,94.68000030517578,94.62000274658203,94.62999725341797,35698.0
2026-08-05 15:58:00,NDSN,,310.80999755859375,311.0,310.80999755859375,310.81500244140625,4992.0
2026-08-05 15:58:00,NECB,,27.219999313354492,27.219999313354492,27.219999313354492,27.219999313354492,292.0
2026-08-05 15:58:00,NEO,,15.744999885559082,15.760000228881836,15.71500015258789,15.760000228881836,63680.0
2026-08-05 15:58:00,NEOG,,11.4350004196167,11.449999809265137,11.430000305175781,11.449999809265137,88408.0
2026-08-05 15:58:00,NEON,,0.9125000238418579,0.9125000238418579,0.902400016784668,0.902400016784668,1188.0
2026-08-05 15:58:00,NEOV,,2.875,2.875,2.8550000190734863,2.8550000190734863,18252.0
2026-08-05 15:58:00,NESR,,28.174999237060547,28.235000610351562,28.170000076293945,28.235000610351562,36322.0
2026-08-05 15:58:00,NEWT,,15.15999984741211,15.15999984741211,15.145000457763672,15.149999618530273,11100.0
2026-08-05 15:58:00,NEXT,,6.40500020980835,6.409999847412109,6.394999980926514,6.400000095367432,32681.0
2026-08-05 15:58:00,NFE,,0.3321000039577484,0.33399999141693115,0.3321000039577484,0.33239999413490295,15868.0
2026-08-05 15:58:00,NFLX,,74.25,74.30999755859375,74.25,74.30509948730469,422883.0
2026-08-05 15:58:00,NGNE,,36.18000030517578,36.29999923706055,36.130001068115234,36.209999084472656,3875.0
2026-08-05 15:58:00,NHIC,,10.65999984741211,10.65999984741211,10.65999984741211,10.65999984741211,233.0
2026-08-05 15:58:00,NHTC,,1.659999966621399,1.659999966621399,1.659999966621399,1.659999966621399,400.0
2026-08-05 15:58:00,NICE,,99.69000244140625,100.18000030517578,99.63999938964844,100.0999984741211,22335.0
2026-08-05 15:58:00,NIU,,2.4600000381469727,2.4600000381469727,2.450000047683716,2.4549999237060547,5494.0
2026-08-05 15:58:00,NKSH,,41.099998474121094,41.099998474121094,41.099998474121094,41.099998474121094,574.0
2026-08-05 15:58:00,NKTR,,73.0,73.18000030517578,73.0,73.1500015258789,15929.0
2026-08-05 15:58:00,NKTX,,2.2100000381469727,2.2200000286102295,2.2100000381469727,2.2149999141693115,11941.0
2026-08-05 15:58:00,NMFC,,7.364999771118164,7.369999885559082,7.364999771118164,7.369999885559082,16798.0
2026-08-05 15:58:00,NMIH,,45.05500030517578,45.08000183105469,45.04999923706055,45.060001373291016,10273.0
2026-08-05 15:58:00,NMRA,,1.6150000095367432,1.6200000047683716,1.6050000190734863,1.6100000143051147,33975.0
2026-08-05 15:58:00,NMRK,,15.585000038146973,15.609999656677246,15.555000305175781,15.569999694824219,46434.0
2026-08-05 15:58:00,NN,,14.805399894714355,14.805399894714355,14.774999618530273,14.779999732971191,48898.0
2026-08-05 15:58:00,NNBR,,3.859999895095825,3.869999885559082,3.8501999378204346,3.865000009536743,46021.0
2026-08-05 15:58:00,NNDM,,1.5614999532699585,1.565000057220459,1.559999942779541,1.565000057220459,7417.0
2026-08-05 15:58:00,NNOX,,1.003999948501587,1.0399999618530273,1.0,1.0399999618530273,141947.0
2026-08-05 15:58:00,NOVT,,153.1699981689453,153.1699981689453,152.82000732421875,153.0850067138672,8065.0
2026-08-05 15:58:00,NPCE,,13.640000343322754,13.710000038146973,13.619999885559082,13.699999809265137,9513.0
2026-08-05 15:58:00,NRC,,19.59000015258789,19.59000015258789,19.56999969482422,19.56999969482422,360.0
2026-08-05 15:58:00,NRDS,,9.085000038146973,9.085000038146973,9.079999923706055,9.079999923706055,16379.0
2026-08-05 15:58:00,NRIX,,25.184999465942383,25.229999542236328,25.149999618530273,25.190000534057617,50575.0
2026-08-05 15:58:00,NRXP,,3.059999942779541,3.065000057220459,3.055000066757202,3.065000057220459,8107.0
2026-08-05 15:58:00,NSSC,,40.400001525878906,40.439998626708984,40.400001525878906,40.439998626708984,8769.0
2026-08-05 15:58:00,NTAP,,186.80999755859375,186.80999755859375,186.56500244140625,186.56500244140625,36252.0
2026-08-05 15:58:00,NTCT,,41.16999816894531,41.279998779296875,41.16999816894531,41.279998779296875,5963.0
2026-08-05 15:58:00,NTES,,128.14999389648438,128.19000244140625,128.1199951171875,128.1300048828125,18069.0
2026-08-05 15:58:00,NTGR,,24.399999618530273,24.399999618530273,24.364999771118164,24.389999389648438,7789.0
2026-08-05 15:58:00,NTNX,,60.939998626708984,61.0,60.935001373291016,60.970001220703125,44515.0
2026-08-05 15:58:00,NTRA,,274.5899963378906,274.75,274.31500244140625,274.6000061035156,13062.0
2026-08-05 15:58:00,NTRS,,184.375,184.41000366210938,184.33999633789062,184.33999633789062,14942.0
2026-08-05 15:58:00,NTWK,,4.289999961853027,4.317999839782715,4.289999961853027,4.317999839782715,1861.0
2026-08-05 15:58:00,NUTX,,157.08999633789062,157.08999633789062,157.08999633789062,157.08999633789062,470.0
2026-08-05 15:58:00,NUWE,,1.6890000104904175,1.690000057220459,1.6890000104904175,1.690000057220459,445.0
2026-08-05 15:58:00,NVAX,,7.699999809265137,7.699999809265137,7.679999828338623,7.690000057220459,90898.0
2026-08-05 15:58:00,NVCR,,16.149999618530273,16.149999618530273,16.1299991607666,16.1299991607666,20882.0
2026-08-05 15:58:00,NVCT,,19.260000228881836,19.260000228881836,19.260000228881836,19.260000228881836,1993.0
2026-08-05 15:58:00,NVDA,,220.0800018310547,220.14999389648438,219.96499633789062,220.0800018310547,844421.0
2026-08-05 15:58:00,NVEC,,127.48999786376953,127.875,127.37999725341797,127.875,2791.0
2026-08-05 15:58:00,NVMI,,404.6099853515625,404.95001220703125,403.8299865722656,404.3399963378906,11485.0
2026-08-05 15:58:00,NVTS,,12.375,12.395000457763672,12.369999885559082,12.390000343322754,176848.0
2026-08-05 15:58:00,NVX,,0.39910000562667847,0.39910000562667847,0.39910000562667847,0.39910000562667847,270.0
2026-08-05 15:58:00,NWBI,,15.96500015258789,15.96500015258789,15.954999923706055,15.960000038146973,9157.0
2026-08-05 15:58:00,NWE,,69.07499694824219,69.08999633789062,69.02999877929688,69.06999969482422,4129.0
2026-08-05 15:58:00,NWL,,6.175000190734863,6.179999828338623,6.159999847412109,6.164999961853027,122565.0
2026-08-05 15:58:00,NWPX,,124.38500213623047,124.38500213623047,124.38500213623047,124.38500213623047,1743.0
2026-08-05 15:58:00,NWS,,33.1150016784668,33.119998931884766,33.08000183105469,33.099998474121094,36876.0
2026-08-05 15:58:00,NWSA,,29.065000534057617,29.079999923706055,29.03499984741211,29.049999237060547,182036.0
2026-08-05 15:58:00,NXL,,0.3402000069618225,0.3402000069618225,0.3402000069618225,0.3402000069618225,100.0
2026-08-05 15:58:00,NXPI,,231.84500122070312,231.8699951171875,231.22999572753906,231.33999633789062,82167.0
2026-08-05 15:58:00,NXST,,189.8350067138672,190.09500122070312,189.77000427246094,190.0500030517578,5247.0
2026-08-05 15:58:00,NXT,,99.91999816894531,100.08000183105469,99.79499816894531,99.8499984741211,49768.0
2026-08-05 15:58:00,NXTC,,5.28000020980835,5.28000020980835,5.260000228881836,5.260000228881836,638.0
2026-08-05 15:58:00,NYXH,,1.409999966621399,1.409999966621399,1.409999966621399,1.409999966621399,200.0
2026-08-05 15:58:00,OBIO,,4.235000133514404,4.239999771118164,4.235000133514404,4.235000133514404,1123.0
2026-08-05 15:58:00,OBT,,38.89500045776367,38.900001525878906,38.89500045776367,38.900001525878906,955.0
2026-08-05 15:58:00,OCC,,15.609999656677246,15.630000114440918,15.5600004196167,15.5600004196167,3035.0
2026-08-05 15:58:00,OCFC,,19.889999389648438,19.899999618530273,19.885000228881836,19.899999618530273,20611.0
2026-08-05 15:58:00,OCG,,1.649999976158142,1.6699999570846558,1.649999976158142,1.649999976158142,3220.0
2026-08-05 15:58:00,OCGN,,1.2999999523162842,1.2999999523162842,1.284999966621399,1.284999966621399,119302.0
2026-08-05 15:58:00,OCS,,12.0600004196167,12.069999694824219,12.050000190734863,12.050000190734863,3352.0
2026-08-05 15:58:00,OCSL,,12.03499984741211,12.039999961853027,12.020000457763672,12.020000457763672,7739.0
2026-08-05 15:58:00,OCUL,,8.505000114440918,8.515000343322754,8.505000114440918,8.515000343322754,38611.0
2026-08-05 15:58:00,ODD,,15.229999542236328,15.319999694824219,15.229999542236328,15.300000190734863,13944.0
2026-08-05 15:58:00,ODFL,,215.64999389648438,215.6824951171875,215.5,215.65499877929688,48089.0
2026-08-05 15:58:00,OESX,,16.25,16.25,15.860099792480469,16.020000457763672,4160.0
2026-08-05 15:58:00,OFIX,,10.3100004196167,10.345000267028809,10.28499984741211,10.28499984741211,3980.0
2026-08-05 15:58:00,OFS,,3.5799999237060547,3.5899999141693115,3.5799999237060547,3.5899999141693115,589.0
2026-08-05 15:58:00,OGI,,0.9585999846458435,0.9585999846458435,0.9585000276565552,0.9585000276565552,854.0
2026-08-05 15:58:00,OKTA,,147.1199951171875,147.1999969482422,147.07000732421875,147.14999389648438,32691.0
2026-08-05 15:58:00,OLLI,,78.44000244140625,78.49500274658203,78.43499755859375,78.4800033569336,26391.0
2026-08-05 15:58:00,OLMA,,11.5649995803833,11.600000381469727,11.5600004196167,11.600000381469727,30437.0
2026-08-05 15:58:00,OM,,5.059999942779541,5.059999942779541,5.045000076293945,5.045000076293945,1992.0
2026-08-05 15:58:00,OMCL,,37.15999984741211,37.18000030517578,37.09000015258789,37.16999816894531,25720.0
2026-08-05 15:58:00,OMER,,12.649999618530273,12.65999984741211,12.640000343322754,12.65999984741211,18629.0
2026-08-05 15:58:00,OMEX,,0.7404000163078308,0.7404000163078308,0.7404000163078308,0.7404000163078308,2279.0
2026-08-05 15:58:00,OMH,,0.11779999732971191,0.11779999732971191,0.11779999732971191,0.11779999732971191,16608.0
2026-08-05 15:58:00,ON,,77.11000061035156,77.16999816894531,76.94999694824219,77.0199966430664,481731.0
2026-08-05 15:58:00,ONB,,27.030000686645508,27.030000686645508,27.014999389648438,27.020000457763672,25735.0
2026-08-05 15:58:00,ONCO,,0.9097999930381775,0.9276000261306763,0.883400022983551,0.883400022983551,50086.0
2026-08-05 15:58:00,ONCY,,0.8021000027656555,0.8021000027656555,0.7997999787330627,0.7997999787330627,4818.0
2026-08-05 15:58:00,ONDS,,8.854999542236328,8.875,8.850000381469727,8.871800422668457,194815.0
2026-08-05 15:58:00,ONEW,,12.520000457763672,12.520000457763672,12.520000457763672,12.520000457763672,530.0
2026-08-05 15:58:00,ONFO,,0.07259999960660934,0.07270000129938126,0.07199999690055847,0.07259999960660934,196453.0
2026-08-05 15:58:00,ONFOW,,0.010700000450015068,0.010700000450015068,0.010700000450015068,0.010700000450015068,368.0
2026-08-05 15:58:00,ONMD,,0.6510000228881836,0.6510000228881836,0.6510000228881836,0.6510000228881836,873.0
2026-08-05 15:58:00,OPAL,,2.365000009536743,2.369999885559082,2.365000009536743,2.369999885559082,641.0
2026-08-05 15:58:00,OPBK,,15.744999885559082,15.744999885559082,15.739999771118164,15.739999771118164,1307.0
2026-08-05 15:58:00,OPCH,,23.71500015258789,23.770000457763672,23.71500015258789,23.770000457763672,58345.0
2026-08-05 15:58:00,OPEN,,3.7899999618530273,3.799999952316284,3.7750000953674316,3.7850000858306885,898210.0
2026-08-05 15:58:00,OPHC,,8.800000190734863,8.800000190734863,8.765000343322754,8.789999961853027,2967.0
2026-08-05 15:58:00,OPI,,18.940000534057617,19.079999923706055,18.90999984741211,19.079999923706055,2971.0
2026-08-05 15:58:00,OPK,,1.3550000190734863,1.3550000190734863,1.350000023841858,1.350000023841858,19219.0
2026-08-05 15:58:00,OPRA,,19.940000534057617,19.979999542236328,19.940000534057617,19.950000762939453,13436.0
2026-08-05 15:58:00,OPRT,,6.039999961853027,6.059999942779541,6.039999961853027,6.059999942779541,4531.0
2026-08-05 15:58:00,OPRX,,6.940000057220459,6.940000057220459,6.929999828338623,6.929999828338623,2687.0
2026-08-05 15:58:00,ORGO,,2.375,2.380000114440918,2.369999885559082,2.375,6711.0
2026-08-05 15:58:00,ORIC,,12.920000076293945,12.920000076293945,12.885000228881836,12.890000343322754,51852.0
2026-08-05 15:58:00,ORLY,,93.46499633789062,93.5,93.41999816894531,93.44000244140625,134431.0
2026-08-05 15:58:00,ORMP,,4.320000171661377,4.329999923706055,4.320000171661377,4.329999923706055,1318.0
2026-08-05 15:58:00,ORRF,,43.31999969482422,43.31999969482422,43.31999969482422,43.31999969482422,891.0
2026-08-05 15:58:00,OSBC,,25.915000915527344,25.920000076293945,25.899999618530273,25.920000076293945,7956.0
2026-08-05 15:58:00,OSIS,,235.26499938964844,235.75999450683594,235.08999633789062,235.52499389648438,2693.0
2026-08-05 15:58:00,OSPN,,16.280000686645508,16.290000915527344,16.18000030517578,16.18000030517578,20727.0
2026-08-05 15:58:00,OSS,,13.170000076293945,13.1899995803833,13.109999656677246,13.1899995803833,25198.0
2026-08-05 15:58:00,OSUR,,4.139999866485596,4.150000095367432,4.139999866485596,4.150000095367432,3728.0
2026-08-05 15:58:00,OSW,,26.610000610351562,26.610000610351562,26.610000610351562,26.610000610351562,7733.0
2026-08-05 15:58:00,OTEX,,25.649999618530273,25.69499969482422,25.649999618530273,25.69499969482422,49010.0
2026-08-05 15:58:00,OTLK,,1.024999976158142,1.0299999713897705,1.0199999809265137,1.024999976158142,81162.0
2026-08-05 15:58:00,OTLY,,14.292499542236328,14.324999809265137,14.220000267028809,14.300000190734863,6009.0
2026-08-05 15:58:00,OTTR,,92.86000061035156,93.12999725341797,92.83000183105469,92.91000366210938,3273.0
2026-08-05 15:58:00,OVID,,2.6080000400543213,2.609999895095825,2.6080000400543213,2.609999895095825,9358.0
2026-08-05 15:58:00,OVLY,,33.54999923706055,33.54999923706055,33.54999923706055,33.54999923706055,125.0
2026-08-05 15:58:00,OXLC,,9.109999656677246,9.120200157165527,9.109999656677246,9.119999885559082,9766.0
2026-08-05 15:58:00,OXSQ,,1.5049999952316284,1.5049999952316284,1.5049999952316284,1.5049999952316284,6964.0
2026-08-05 15:58:00,PAA,,23.174999237060547,23.19499969482422,23.165000915527344,23.190000534057617,76651.0
2026-08-05 15:58:00,PAAS,,48.43000030517578,48.51499938964844,48.404998779296875,48.41999816894531,90579.0
2026-08-05 15:58:00,PACB,,1.2949999570846558,1.2999999523162842,1.2925000190734863,1.2925000190734863,104753.0
2026-08-05 15:58:00,PAGP,,25.104999542236328,25.1299991607666,25.104999542236328,25.1200008392334,26001.0
2026-08-05 15:58:00,PAHC,,36.04999923706055,36.04999923706055,36.04999923706055,36.04999923706055,287.0
2026-08-05 15:58:00,PALI,,2.130000114440918,2.130000114440918,2.125,2.130000114440918,15900.0
2026-08-05 15:58:00,PANL,,7.255000114440918,7.28000020980835,7.255000114440918,7.28000020980835,5326.0
2026-08-05 15:58:00,PANW,,363.0899963378906,363.3599853515625,363.010009765625,363.20001220703125,68316.0
2026-08-05 15:58:00,PATK,,87.56999969482422,87.91999816894531,87.56999969482422,87.75499725341797,14521.0
2026-08-05 15:58:00,PAVS,,4.960000038146973,4.960000038146973,4.960000038146973,4.960000038146973,200.0
2026-08-05 15:58:00,PAX,,11.345000267028809,11.359999656677246,11.34000015258789,11.354999542236328,41508.0
2026-08-05 15:58:00,PAYO,,7.111000061035156,7.119999885559082,7.110000133514404,7.119999885559082,47269.0
2026-08-05 15:58:00,PAYS,,9.569999694824219,9.569999694824219,9.515000343322754,9.55090045928955,25534.0
2026-08-05 15:58:00,PAYX,,118.30000305175781,118.33499908447266,118.27999877929688,118.31999969482422,54439.0
2026-08-05 15:58:00,PBYI,,8.0,8.005000114440918,7.974999904632568,7.974999904632568,5524.0
2026-08-05 15:58:00,PCAR,,133.44000244140625,133.5,133.42999267578125,133.4949951171875,49220.0
2026-08-05 15:58:00,PCRX,,24.954999923706055,24.96500015258789,24.950000762939453,24.960100173950195,21338.0
2026-08-05 15:58:00,PCSA,,2.190000057220459,2.2049999237060547,2.190000057220459,2.194999933242798,953.0
2026-08-05 15:58:00,PCT,,6.889999866485596,6.914999961853027,6.889999866485596,6.909999847412109,72930.0
2026-08-05 15:58:00,PCTY,,147.77000427246094,147.8300018310547,147.56500244140625,147.60499572753906,18038.0
2026-08-05 15:58:00,PDD,,90.94999694824219,91.0,90.93000030517578,91.0,69620.0
2026-08-05 15:58:00,PDEX,,66.69000244140625,66.69000244140625,66.69000244140625,66.69000244140625,1038.0
2026-08-05 15:58:00,PDFS,,49.599998474121094,49.70000076293945,49.599998474121094,49.70000076293945,7195.0
2026-08-05 15:58:00,PDLB,,20.514999389648438,20.530000686645508,20.479999542236328,20.479999542236328,2190.0
2026-08-05 15:58:00,PDSB,,0.7172999978065491,0.7172999978065491,0.7109000086784363,0.7110000252723694,1946.0
2026-08-05 15:58:00,PEBO,,41.599998474121094,41.625,41.599998474121094,41.619998931884766,2626.0
2026-08-05 15:58:00,PECO,,41.595001220703125,41.619998931884766,41.59000015258789,41.61000061035156,29053.0
2026-08-05 15:58:00,PEGA,,31.829999923706055,31.8799991607666,31.829999923706055,31.864999771118164,35883.0
2026-08-05 15:58:00,PENN,,19.655000686645508,19.684999465942383,19.610000610351562,19.639999389648438,125359.0
2026-08-05 15:58:00,PEP,,138.9149932861328,139.02999877929688,138.9149932861328,139.02999877929688,68733.0
2026-08-05 15:58:00,PEPG,,1.9850000143051147,1.9850000143051147,1.9850000143051147,1.9850000143051147,2617.0
2026-08-05 15:58:00,PERI,,9.640000343322754,9.640000343322754,9.635000228881836,9.635000228881836,2098.0
2026-08-05 15:58:00,PESI,,17.639999389648438,17.670000076293945,17.6200008392334,17.670000076293945,775.0
2026-08-05 15:58:00,PFBC,,106.30999755859375,106.41999816894531,106.30999755859375,106.4000015258789,1122.0
2026-08-05 15:58:00,PFG,,114.87999725341797,115.01000213623047,114.83999633789062,115.01000213623047,19961.0
2026-08-05 15:58:00,PFIS,,71.58000183105469,71.58000183105469,71.58000183105469,71.58000183105469,191.0
2026-08-05 15:58:00,PGC,,46.41999816894531,46.41999816894531,46.38999938964844,46.38999938964844,3080.0
2026-08-05 15:58:00,PGEN,,6.835000038146973,6.835000038146973,6.71999979019165,6.795000076293945,1272647.0
2026-08-05 15:58:00,PGNY,,31.360000610351562,31.3700008392334,31.280000686645508,31.31999969482422,20249.0
2026-08-05 15:58:00,PGY,,21.81999969482422,21.8700008392334,21.809999465942383,21.850000381469727,63899.0
2026-08-05 15:58:00,PHAT,,8.239999771118164,8.244999885559082,8.225000381469727,8.229999542236328,39432.0
2026-08-05 15:58:00,PHIO,,1.059999942779541,1.059999942779541,1.059999942779541,1.059999942779541,0.0
2026-08-05 15:58:00,PHVS,,33.470001220703125,33.4900016784668,33.44499969482422,33.45000076293945,5622.0
2026-08-05 15:58:00,PKBK,,34.15999984741211,34.15999984741211,34.15999984741211,34.15999984741211,117.0
2026-08-05 15:58:00,PLAB,,32.099998474121094,32.130001068115234,32.099998474121094,32.119998931884766,12575.0
2026-08-05 15:58:00,PLBY,,1.149999976158142,1.149999976158142,1.149999976158142,1.149999976158142,475.0
2026-08-05 15:58:00,PLMR,,133.75,134.08999633789062,133.44000244140625,134.08999633789062,7116.0
2026-08-05 15:58:00,PLRX,,1.0592999458312988,1.059999942779541,1.0549999475479126,1.059999942779541,1776.0
2026-08-05 15:58:00,PLSE,,37.88249969482422,38.0099983215332,37.875,37.9900016784668,2156.0
2026-08-05 15:58:00,PLTK,,3.889899969100952,3.889899969100952,3.880000114440918,3.884999990463257,17292.0
2026-08-05 15:58:00,PLUG,,2.0899999141693115,2.0899999141693115,2.0799999237060547,2.0850000381469727,422539.0
2026-08-05 15:58:00,PLXS,,275.04998779296875,275.3299865722656,274.8500061035156,274.989990234375,5965.0
2026-08-05 15:58:00,PMVP,,1.1749999523162842,1.1799999475479126,1.1699999570846558,1.1799999475479126,11128.0
2026-08-05 15:58:00,PNBK,,1.1449999809265137,1.1449999809265137,1.1449999809265137,1.1449999809265137,604.0
2026-08-05 15:58:00,PNFP,,107.31999969482422,107.5199966430664,107.30000305175781,107.37000274658203,40775.0
2026-08-05 15:58:00,PNRG,,186.7100067138672,186.7100067138672,186.7100067138672,186.7100067138672,256.0
2026-08-05 15:58:00,PNTG,,38.869998931884766,38.869998931884766,38.869998931884766,38.869998931884766,604.0
2026-08-05 15:58:00,POCI,,4.300000190734863,4.300000190734863,4.300000190734863,4.300000190734863,208.0
2026-08-05 15:58:00,PODC,,3.4700000286102295,3.4700000286102295,3.4700000286102295,3.4700000286102295,1009.0
2026-08-05 15:58:00,POET,,8.109600067138672,8.109800338745117,8.079999923706055,8.079999923706055,84888.0
2026-08-05 15:58:00,POOL,,206.61500549316406,206.63999938964844,206.3800048828125,206.47999572753906,11490.0
2026-08-05 15:58:00,POWI,,61.89500045776367,61.959999084472656,61.720001220703125,61.72999954223633,17161.0
2026-08-05 15:58:00,POWL,,208.47000122070312,209.30499267578125,208.3000030517578,209.25,24111.0
2026-08-05 15:58:00,PPC,,26.600000381469727,26.649999618530273,26.600000381469727,26.649999618530273,36044.0
2026-08-05 15:58:00,PPIH,,25.799999237060547,25.850000381469727,25.799999237060547,25.829999923706055,880.0
2026-08-05 15:58:00,PPSI,,3.059999942779541,3.059999942779541,3.059999942779541,3.059999942779541,200.0
2026-08-05 15:58:00,PPTA,,22.95009994506836,22.959999084472656,22.905000686645508,22.905000686645508,24546.0
2026-08-05 15:58:00,PRAA,,17.190000534057617,17.209999084472656,17.170000076293945,17.190000534057617,11803.0
2026-08-05 15:58:00,PRAX,,318.8900146484375,319.3500061035156,318.2449951171875,318.8599853515625,7656.0
2026-08-05 15:58:00,PRCH,,15.770000457763672,15.779999732971191,15.760000228881836,15.779999732971191,26400.0
2026-08-05 15:58:00,PRCT,,19.44499969482422,19.450000762939453,19.270000457763672,19.3700008392334,118007.0
2026-08-05 15:58:00,PRDO,,33.04999923706055,33.08000183105469,33.02000045776367,33.02000045776367,35123.0
2026-08-05 15:58:00,PRE,,18.454999923706055,18.454999923706055,18.290000915527344,18.399999618530273,871.0
2026-08-05 15:58:00,PRFX,,1.1050000190734863,1.1100000143051147,1.1050000190734863,1.1100000143051147,626.0
2026-08-05 15:58:00,PRGS,,42.18000030517578,42.30500030517578,42.18000030517578,42.30500030517578,8643.0
2026-08-05 15:58:00,PRIM,,83.29000091552734,83.54499816894531,83.0999984741211,83.28500366210938,58266.0
2026-08-05 15:58:00,PRLD,,4.537499904632568,4.545000076293945,4.53000020980835,4.53000020980835,3507.0
2026-08-05 15:58:00,PRME,,3.0880000591278076,3.0899999141693115,3.081399917602539,3.0850000381469727,33054.0
2026-08-05 15:58:00,PROF,,7.949999809265137,8.0,7.949999809265137,8.0,4791.0
2026-08-05 15:58:00,PROK,,1.6649999618530273,1.6699999570846558,1.6649999618530273,1.6649999618530273,4523.0
2026-08-05 15:58:00,PRQR,,1.975000023841858,1.975000023841858,1.9700000286102295,1.9700000286102295,19367.0
2026-08-05 15:58:00,PRSO,,0.7098000049591064,0.7098000049591064,0.7095999717712402,0.7098000049591064,700.0
2026-08-05 15:58:00,PRTA,,8.5,8.5,8.489999771118164,8.489999771118164,7880.0
2026-08-05 15:58:00,PRTH,,6.650000095367432,6.659999847412109,6.650000095367432,6.650000095367432,3115.0
2026-08-05 15:58:00,PRVA,,23.989999771118164,23.989999771118164,23.93000030517578,23.93000030517578,41034.0
2026-08-05 15:58:00,PRZO,,0.5609999895095825,0.5611000061035156,0.5608999729156494,0.5609999895095825,3182.0
2026-08-05 15:58:00,PSEC,,2.1700000762939453,2.178999900817871,2.1700000762939453,2.174999952316284,23903.0
2026-08-05 15:58:00,PSMT,,186.8300018310547,186.8300018310547,186.8300018310547,186.8300018310547,1182.0
2026-08-05 15:58:00,PSNL,,13.484999656677246,13.5,13.479999542236328,13.5,26736.0
2026-08-05 15:58:00,PSNY,,14.734999656677246,14.734999656677246,14.654999732971191,14.654999732971191,2988.0
2026-08-05 15:58:00,PTC,,139.64999389648438,139.82000732421875,139.64999389648438,139.82000732421875,31499.0
2026-08-05 15:58:00,PTCT,,69.12999725341797,69.16000366210938,69.0,69.08000183105469,24031.0
2026-08-05 15:58:00,PTEN,,9.53499984741211,9.550000190734863,9.529999732971191,9.545000076293945,255384.0
2026-08-05 15:58:00,PTGX,,137.58999633789062,137.61000061035156,137.53500366210938,137.53500366210938,2174.0
2026-08-05 15:58:00,PTLO,,4.690000057220459,4.701000213623047,4.684999942779541,4.695000171661377,34539.0
2026-08-05 15:58:00,PTON,,6.510000228881836,6.534999847412109,6.510000228881836,6.534999847412109,193403.0
2026-08-05 15:58:00,PUBM,,13.430000305175781,13.460000038146973,13.420000076293945,13.449999809265137,17138.0
2026-08-05 15:58:00,PWP,,17.325000762939453,17.350000381469727,17.31999969482422,17.347999572753906,38537.0
2026-08-05 15:58:00,PXLW,,6.349999904632568,6.349999904632568,6.349999904632568,6.349999904632568,637.0
2026-08-05 15:58:00,PYPD,,4.619999885559082,4.619999885559082,4.619999885559082,4.619999885559082,209.0
2026-08-05 15:58:00,PYPL,,57.939998626708984,57.959999084472656,57.935001373291016,57.94499969482422,156040.0
2026-08-05 15:58:00,PYXS,,3.1449999809265137,3.1449999809265137,3.125,3.125,17427.0
2026-08-05 15:58:00,PZZA,,29.645000457763672,29.71500015258789,29.625,29.68000030517578,58170.0
2026-08-05 15:58:00,QCOM,,157.92999267578125,158.0,157.81500244140625,157.83999633789062,136507.0
2026-08-05 15:58:00,QCRH,,105.37000274658203,105.37000274658203,105.31999969482422,105.31999969482422,888.0
2026-08-05 15:58:00,QFIN,,13.130000114440918,13.154999732971191,13.130000114440918,13.140000343322754,10878.0
2026-08-05 15:58:00,QRVO,,95.4800033569336,95.5,95.44999694824219,95.47000122070312,15114.0
2026-08-05 15:58:00,SEED,,1.059999942779541,1.059999942779541,1.0499999523162842,1.0499999523162842,10637.0
2026-08-05 15:58:00,STIM,,2.3450000286102295,2.3499999046325684,2.3450000286102295,2.3499999046325684,5797.0
2026-08-05 15:58:00,TARA,,3.994999885559082,3.994999885559082,3.990000009536743,3.994999885559082,2405.0
2026-08-05 15:58:00,WOOF,,2.934999942779541,2.940000057220459,2.930000066757202,2.934999942779541,14721.0
2026-08-05 15:59:00,ACDC,,4.505000114440918,4.525000095367432,4.494999885559082,4.519999980926514,137625.0
2026-08-05 15:59:00,BPOP,,177.47999572753906,177.6199951171875,177.4199981689453,177.49000549316406,21808.0
2026-08-05 15:59:00,BPRN,,42.02000045776367,42.029998779296875,42.02000045776367,42.029998779296875,1062.0
2026-08-05 15:59:00,CASH,,89.4800033569336,89.58999633789062,89.4800033569336,89.58999633789062,5829.0
2026-08-05 15:59:00,CNXN,,86.02999877929688,86.02999877929688,85.95999908447266,85.95999908447266,1484.0
2026-08-05 15:59:00,CPOP,,0.3319999873638153,0.3319999873638153,0.3319999873638153,0.3319999873638153,18357.0
2026-08-05 15:59:00,DTIL,,7.5,7.5,7.465000152587891,7.46999979019165,9743.0
2026-08-05 15:59:00,EYE,,23.049999237060547,23.06999969482422,23.030000686645508,23.065000534057617,61930.0
2026-08-05 15:59:00,FIZZ,,32.20000076293945,32.22999954223633,32.20000076293945,32.20500183105469,5408.0
2026-08-05 15:59:00,FRST,,16.43000030517578,16.43000030517578,16.43000030517578,16.43000030517578,5152.0
2026-08-05 15:59:00,GLUE,,15.579999923706055,15.600000381469727,15.574999809265137,15.585000038146973,64660.0
2026-08-05 15:59:00,KIDS,,22.329999923706055,22.3700008392334,22.200000762939453,22.200000762939453,41863.0
2026-08-05 15:59:00,KITT,,1.0099999904632568,1.0099999904632568,1.0099999904632568,1.0099999904632568,1066.0
2026-08-05 15:59:00,LUNG,,1.9700000286102295,1.975000023841858,1.9600000381469727,1.965000033378601,17579.0
2026-08-05 15:59:00,MBRX,,0.3874000012874603,0.38929998874664307,0.3874000012874603,0.38929998874664307,4633.0
2026-08-05 15:59:00,MCRI,,121.45999908447266,121.77999877929688,121.45999908447266,121.6500015258789,6295.0
2026-08-05 15:59:00,MDB,,376.0199890136719,376.8599853515625,375.9949951171875,376.54998779296875,62615.0
2026-08-05 15:59:00,MDLZ,,62.56999969482422,62.724998474121094,62.529998779296875,62.724998474121094,513577.0
2026-08-05 15:59:00,MLTX,,17.530000686645508,17.579999923706055,17.530000686645508,17.579999923706055,20726.0
2026-08-05 15:59:00,MNPR,,119.69999694824219,119.72000122070312,119.52999877929688,119.52999877929688,3722.0
2026-08-05 15:59:00,MNRO,,13.154999732971191,13.180000305175781,13.104999542236328,13.104999542236328,27134.0
2026-08-05 15:59:00,MNST,,94.47000122070312,94.50499725341797,94.44999694824219,94.50499725341797,150257.0
2026-08-05 15:59:00,MNTK,,1.7000000476837158,1.7000000476837158,1.690000057220459,1.690000057220459,6665.0
2026-08-05 15:59:00,MNTS,,4.239999771118164,4.244999885559082,4.224999904632568,4.235000133514404,21637.0
2026-08-05 15:59:00,MORN,,199.14999389648438,199.35499572753906,199.08999633789062,199.3350067138672,7606.0
2026-08-05 15:59:00,MOVE,,12.210000038146973,12.449999809265137,12.135000228881836,12.135000228881836,6674.0
2026-08-05 15:59:00,MPAA,,13.859999656677246,13.869999885559082,13.859999656677246,13.869999885559082,2410.0
2026-08-05 15:59:00,MPWR,,1344.9449462890625,1353.800048828125,1336.8499755859375,1352.0699462890625,81811.0
2026-08-05 15:59:00,MRNA,,56.25,56.34000015258789,56.189998626708984,56.31999969482422,202247.0
2026-08-05 15:59:00,MVBF,,30.479999542236328,30.489999771118164,30.479999542236328,30.479999542236328,1359.0
2026-08-05 15:59:00,MYGN,,3.1549999713897705,3.1700000762939453,3.1500000953674316,3.1700000762939453,104017.0
2026-08-05 15:59:00,MYPS,,0.7445999979972839,0.7494000196456909,0.7445999979972839,0.7494000196456909,10872.0
2026-08-05 15:59:00,MYRG,,333.70001220703125,335.07501220703125,333.5,334.5249938964844,14956.0
2026-08-05 15:59:00,NAAS,,3.259999990463257,3.259999990463257,3.259999990463257,3.259999990463257,400.0
2026-08-05 15:59:00,NAMS,,27.389999389648438,27.434999465942383,27.389999389648438,27.43000030517578,33703.0
2026-08-05 15:59:00,NATH,,99.11000061035156,99.11000061035156,99.11000061035156,99.11000061035156,603.0
2026-08-05 15:59:00,NATR,,20.025999069213867,20.049999237060547,20.025999069213867,20.030000686645508,5552.0
2026-08-05 15:59:00,NAUT,,0.9298999905586243,0.9298999905586243,0.9233999848365784,0.9297999739646912,22926.0
2026-08-05 15:59:00,NAVI,,9.069999694824219,9.069999694824219,9.050000190734863,9.055000305175781,28644.0
2026-08-05 15:59:00,NB,,5.010000228881836,5.03000020980835,5.010000228881836,5.03000020980835,79525.0
2026-08-05 15:59:00,NBIX,,161.36000061035156,161.77999877929688,161.36000061035156,161.7100067138672,35609.0
2026-08-05 15:59:00,NBN,,133.47000122070312,133.8000030517578,133.47000122070312,133.56500244140625,2780.0
2026-08-05 15:59:00,NBTB,,53.20000076293945,53.25,53.189998626708984,53.25,11255.0
2026-08-05 15:59:00,NBTX,,39.439998626708984,39.439998626708984,39.415000915527344,39.415000915527344,1810.0
2026-08-05 15:59:00,NCMI,,4.085000038146973,4.090000152587891,4.079999923706055,4.090000152587891,3084.0
2026-08-05 15:59:00,NCRA,,1.840000033378601,1.840000033378601,1.840000033378601,1.840000033378601,871.0
2026-08-05 15:59:00,NDAQ,,94.55000305175781,94.62000274658203,94.54000091552734,94.62000274658203,59373.0
2026-08-05 15:59:00,NDLS,,18.25,18.25,18.25,18.25,490.0
2026-08-05 15:59:00,NDSN,,310.5899963378906,310.79998779296875,310.5199890136719,310.7799987792969,7971.0
2026-08-05 15:59:00,NECB,,27.260000228881836,27.260000228881836,27.139999389648438,27.139999389648438,2453.0
2026-08-05 15:59:00,NEGG,,16.780000686645508,16.844999313354492,16.780000686645508,16.844999313354492,561.0
2026-08-05 15:59:00,NEO,,15.729999542236328,15.75,15.720000267028809,15.744999885559082,50801.0
2026-08-05 15:59:00,NEOG,,11.390000343322754,11.449999809265137,11.380000114440918,11.430000305175781,259340.0
2026-08-05 15:59:00,NEON,,0.9228000044822693,0.9228000044822693,0.9025999903678894,0.9125999808311462,4822.0
2026-08-05 15:59:00,NEOV,,2.869800090789795,2.880000114440918,2.869800090789795,2.875,64699.0
2026-08-05 15:59:00,NESR,,28.170000076293945,28.18000030517578,28.145000457763672,28.170000076293945,45105.0
2026-08-05 15:59:00,NEWT,,15.119999885559082,15.180000305175781,15.119999885559082,15.175000190734863,42212.0
2026-08-05 15:59:00,NEXT,,6.414999961853027,6.420000076293945,6.400000095367432,6.40500020980835,32054.0
2026-08-05 15:59:00,NFE,,0.3321000039577484,0.33219999074935913,0.3319999873638153,0.3319999873638153,9550.0
2026-08-05 15:59:00,NFLX,,74.19499969482422,74.23999786376953,74.16999816894531,74.23999786376953,896056.0
2026-08-05 15:59:00,NGNE,,35.95000076293945,36.18000030517578,35.95000076293945,36.18000030517578,7120.0
2026-08-05 15:59:00,NHIC,,10.680000305175781,10.680000305175781,10.680000305175781,10.680000305175781,1173.0
2026-08-05 15:59:00,NHTC,,1.600000023841858,1.6200000047683716,1.600000023841858,1.6200000047683716,813.0
2026-08-05 15:59:00,NICE,,99.83999633789062,100.12000274658203,99.33999633789062,99.66000366210938,54555.0
2026-08-05 15:59:00,NIU,,2.450000047683716,2.4600000381469727,2.450000047683716,2.4600000381469727,10454.0
2026-08-05 15:59:00,NKSH,,40.959999084472656,41.0,40.959999084472656,41.0,1830.0
2026-08-05 15:59:00,NKTR,,73.08999633789062,73.1050033569336,72.97000122070312,73.1050033569336,21408.0
2026-08-05 15:59:00,NKTX,,2.2100000381469727,2.2190001010894775,2.2100000381469727,2.2149999141693115,35736.0
2026-08-05 15:59:00,NMFC,,7.360000133514404,7.364999771118164,7.360000133514404,7.360000133514404,13707.0
2026-08-05 15:59:00,NMIH,,44.970001220703125,45.03499984741211,44.970001220703125,45.029998779296875,16150.0
2026-08-05 15:59:00,NMRA,,1.6150000095367432,1.6200000047683716,1.6100000143051147,1.6150000095367432,24284.0
2026-08-05 15:59:00,NMRK,,15.585000038146973,15.600000381469727,15.579999923706055,15.579999923706055,53481.0
2026-08-05 15:59:00,NN,,14.829999923706055,14.854999542236328,14.805000305175781,14.8100004196167,83214.0
2026-08-05 15:59:00,NNBR,,3.8399999141693115,3.890000104904175,3.8399999141693115,3.875,52132.0
2026-08-05 15:59:00,NNDM,,1.559999942779541,1.565000057220459,1.559999942779541,1.565000057220459,17188.0
2026-08-05 15:59:00,NNOX,,1.0099999904632568,1.0199999809265137,1.0099999904632568,1.0199999809265137,5340.0
2026-08-05 15:59:00,NODK,,15.40999984741211,15.40999984741211,15.40999984741211,15.40999984741211,539.0
2026-08-05 15:59:00,NOVT,,153.375,153.4550018310547,153.24000549316406,153.30999755859375,13893.0
2026-08-05 15:59:00,NPCE,,13.670000076293945,13.739999771118164,13.635000228881836,13.65999984741211,27234.0
2026-08-05 15:59:00,NRC,,19.540000915527344,19.56999969482422,19.540000915527344,19.56999969482422,4252.0
2026-08-05 15:59:00,NRDS,,9.079000473022461,9.085000038146973,9.071000099182129,9.079999923706055,32629.0
2026-08-05 15:59:00,NRIM,,26.969999313354492,26.979999542236328,26.94499969482422,26.979999542236328,5709.0
2026-08-05 15:59:00,NRIX,,25.145000457763672,25.209999084472656,25.145000457763672,25.184999465942383,22941.0
2026-08-05 15:59:00,NRSN,,0.554099977016449,0.554099977016449,0.5533999800682068,0.5533999800682068,904.0
2026-08-05 15:59:00,NRXP,,3.059999942779541,3.065000057220459,3.055000066757202,3.065000057220459,3622.0
2026-08-05 15:59:00,NSSC,,40.36000061035156,40.40999984741211,40.36000061035156,40.40999984741211,7249.0
2026-08-05 15:59:00,NTAP,,186.60000610351562,186.78500366210938,186.50999450683594,186.77499389648438,68816.0
2026-08-05 15:59:00,NTCT,,40.970001220703125,41.130001068115234,40.970001220703125,41.130001068115234,14102.0
2026-08-05 15:59:00,NTES,,128.0800018310547,128.17999267578125,128.02000427246094,128.1699981689453,33928.0
2026-08-05 15:59:00,NTGR,,24.3700008392334,24.399999618530273,24.34000015258789,24.399999618530273,15224.0
2026-08-05 15:59:00,NTNX,,60.95000076293945,60.95000076293945,60.86000061035156,60.939998626708984,94152.0
2026-08-05 15:59:00,NTRA,,274.4700012207031,274.6499938964844,274.4200134277344,274.4599914550781,16992.0
2026-08-05 15:59:00,NTRB,,2.815000057220459,2.815000057220459,2.799999952316284,2.809999942779541,580.0
2026-08-05 15:59:00,NTRS,,184.33999633789062,184.46499633789062,184.3000030517578,184.3699951171875,34047.0
2026-08-05 15:59:00,NTWK,,4.28000020980835,4.28000020980835,4.28000020980835,4.28000020980835,618.0
2026-08-05 15:59:00,NUTX,,157.47999572753906,157.47999572753906,157.00999450683594,157.11500549316406,2514.0
2026-08-05 15:59:00,NUWE,,1.690000057220459,1.690000057220459,1.690000057220459,1.690000057220459,2008.0
2026-08-05 15:59:00,NVAX,,7.710000038146973,7.71999979019165,7.695000171661377,7.695000171661377,137670.0
2026-08-05 15:59:00,NVCR,,16.049999237060547,16.149999618530273,16.049999237060547,16.149999618530273,59274.0
2026-08-05 15:59:00,NVCT,,19.200000762939453,19.200000762939453,19.149999618530273,19.149999618530273,2632.0
2026-08-05 15:59:00,NVDA,,219.1999969482422,220.17999267578125,218.85000610351562,220.08999633789062,2927951.0
2026-08-05 15:59:00,NVEC,,126.7699966430664,127.51000213623047,126.76499938964844,126.9000015258789,3896.0
2026-08-05 15:59:00,NVMI,,401.875,405.7699890136719,398.8699951171875,404.6199951171875,52914.0
2026-08-05 15:59:00,NVTS,,12.34000015258789,12.375,12.319999694824219,12.375,371762.0
2026-08-05 15:59:00,NWBI,,15.949999809265137,15.970000267028809,15.949999809265137,15.960000038146973,39827.0
2026-08-05 15:59:00,NWE,,69.1500015258789,69.1500015258789,69.12000274658203,69.12999725341797,9241.0
2026-08-05 15:59:00,NWL,,6.184999942779541,6.184999942779541,6.170000076293945,6.175000190734863,235897.0
2026-08-05 15:59:00,NWPX,,124.19999694824219,124.19999694824219,124.19000244140625,124.19000244140625,1304.0
2026-08-05 15:59:00,NWS,,33.119998931884766,33.13999938964844,33.09000015258789,33.1150016784668,61825.0
2026-08-05 15:59:00,NWSA,,29.06999969482422,29.110000610351562,29.030000686645508,29.065000534057617,402898.0
2026-08-05 15:59:00,NXPI,,230.52000427246094,232.16000366210938,230.36000061035156,232.02000427246094,456495.0
2026-08-05 15:59:00,NXST,,190.0399932861328,190.0399932861328,189.55499267578125,189.58999633789062,17977.0
2026-08-05 15:59:00,NXT,,99.69000244140625,99.97000122070312,99.66000366210938,99.9000015258789,66794.0
2026-08-05 15:59:00,NXTC,,5.249899864196777,5.309999942779541,5.244999885559082,5.289999961853027,7746.0
2026-08-05 15:59:00,NYAX,,66.87000274658203,66.87000274658203,66.87000274658203,66.87000274658203,0.0
2026-08-05 15:59:00,NYXH,,1.399999976158142,1.409999966621399,1.399999976158142,1.409999966621399,6953.0
2026-08-05 15:59:00,OABI,,2.0299999713897705,2.0399999618530273,2.0299999713897705,2.0399999618530273,11747.0
2026-08-05 15:59:00,OBIO,,4.235000133514404,4.239999771118164,4.235000133514404,4.235000133514404,1470.0
2026-08-05 15:59:00,OBT,,38.880001068115234,38.880001068115234,38.880001068115234,38.880001068115234,966.0
2026-08-05 15:59:00,OCC,,15.609999656677246,15.609999656677246,15.609999656677246,15.609999656677246,2848.0
2026-08-05 15:59:00,OCFC,,19.875,19.889999389648438,19.8700008392334,19.889999389648438,30067.0
2026-08-05 15:59:00,OCG,,1.659999966621399,1.659999966621399,1.659999966621399,1.659999966621399,941.0
2026-08-05 15:59:00,OCGN,,1.2949999570846558,1.2999999523162842,1.2949999570846558,1.2949999570846558,191928.0
2026-08-05 15:59:00,OCS,,12.039999961853027,12.050000190734863,12.020000457763672,12.050000190734863,4217.0
2026-08-05 15:59:00,OCSL,,12.0600004196167,12.0600004196167,12.039999961853027,12.039999961853027,14578.0
2026-08-05 15:59:00,OCUL,,8.510000228881836,8.510000228881836,8.5,8.5,26974.0
2026-08-05 15:59:00,ODD,,15.204999923706055,15.239999771118164,15.199999809265137,15.234999656677246,24325.0
2026-08-05 15:59:00,ODFL,,215.31500244140625,215.6300048828125,215.31500244140625,215.5800018310547,66030.0
2026-08-05 15:59:00,OESX,,16.25,16.25,16.149999618530273,16.149999618530273,2416.0
2026-08-05 15:59:00,OFIX,,10.380000114440918,10.390000343322754,10.319999694824219,10.319999694824219,15905.0
2026-08-05 15:59:00,OFLX,,30.350000381469727,30.40999984741211,30.350000381469727,30.40999984741211,2507.0
2026-08-05 15:59:00,OGI,,0.9739999771118164,0.9739999771118164,0.964900016784668,0.964900016784668,2110.0
2026-08-05 15:59:00,OKTA,,147.03700256347656,147.0800018310547,146.89999389648438,147.0800018310547,58786.0
2026-08-05 15:59:00,OKYO,,1.5700000524520874,1.5800000429153442,1.5700000524520874,1.5800000429153442,1078.0
2026-08-05 15:59:00,OLLI,,78.36000061035156,78.45999908447266,78.36000061035156,78.43000030517578,45174.0
2026-08-05 15:59:00,OLMA,,11.579999923706055,11.59000015258789,11.574999809265137,11.579999923706055,20358.0
2026-08-05 15:59:00,OM,,5.070000171661377,5.070000171661377,5.050000190734863,5.065000057220459,2391.0
2026-08-05 15:59:00,OMCL,,37.16999816894531,37.20000076293945,37.11000061035156,37.14500045776367,23780.0
2026-08-05 15:59:00,OMER,,12.645000457763672,12.65999984741211,12.640000343322754,12.654999732971191,23593.0
2026-08-05 15:59:00,OMEX,,0.7425000071525574,0.7425000071525574,0.7425000071525574,0.7425000071525574,0.0
2026-08-05 15:59:00,OMH,,0.11760000139474869,0.11760000139474869,0.11580000072717667,0.11580000072717667,3057.0
2026-08-05 15:59:00,ON,,76.9000015258789,77.1500015258789,76.58000183105469,77.11499786376953,1204641.0
2026-08-05 15:59:00,ONB,,26.989999771118164,27.020000457763672,26.989999771118164,27.020000457763672,65188.0
2026-08-05 15:59:00,ONCO,,1.000100016593933,1.000100016593933,0.9089000225067139,0.9089000225067139,136133.0
2026-08-05 15:59:00,ONCY,,0.8052999973297119,0.8098999857902527,0.8019999861717224,0.8019999861717224,7367.0
2026-08-05 15:59:00,ONDS,,8.850000381469727,8.869999885559082,8.845000267028809,8.850000381469727,504963.0
2026-08-05 15:59:00,ONEW,,12.539999961853027,12.539999961853027,12.5,12.520000457763672,760.0
2026-08-05 15:59:00,ONFO,,0.07249999791383743,0.07259999960660934,0.07199999690055847,0.07240000367164612,148863.0
2026-08-05 15:59:00,ONFOW,,0.010700000450015068,0.010700000450015068,0.010700000450015068,0.010700000450015068,1300.0
2026-08-05 15:59:00,ONMD,,0.6510000228881836,0.6510000228881836,0.6500999927520752,0.6500999927520752,1738.0
2026-08-05 15:59:00,ONTX,,16.59000015258789,16.59000015258789,16.59000015258789,16.59000015258789,178.0
2026-08-05 15:59:00,OPAL,,2.369999885559082,2.369999885559082,2.369999885559082,2.369999885559082,673.0
2026-08-05 15:59:00,OPBK,,15.729999542236328,15.729999542236328,15.729999542236328,15.729999542236328,1738.0
2026-08-05 15:59:00,OPCH,,23.700000762939453,23.719999313354492,23.68000030517578,23.71500015258789,84468.0
2026-08-05 15:59:00,OPEN,,3.7699999809265137,3.789900064468384,3.759999990463257,3.7850000858306885,1215049.0
2026-08-05 15:59:00,OPHC,,8.755000114440918,8.850000381469727,8.729999542236328,8.779999732971191,9306.0
2026-08-05 15:59:00,OPK,,1.3600000143051147,1.3600000143051147,1.350000023841858,1.3550000190734863,134011.0
2026-08-05 15:59:00,OPRA,,19.940000534057617,19.940000534057617,19.93000030517578,19.940000534057617,4958.0
2026-08-05 15:59:00,OPRT,,6.059999942779541,6.059999942779541,6.03000020980835,6.03000020980835,18115.0
2026-08-05 15:59:00,OPRX,,6.925000190734863,6.949999809265137,6.925000190734863,6.949999809265137,3662.0
2026-08-05 15:59:00,ORGO,,2.380000114440918,2.390000104904175,2.380000114440918,2.380000114440918,15085.0
2026-08-05 15:59:00,ORIC,,12.920000076293945,12.9399995803833,12.920000076293945,12.925000190734863,68603.0
2026-08-05 15:59:00,ORLY,,93.45999908447266,93.45999908447266,93.41000366210938,93.45999908447266,205097.0
2026-08-05 15:59:00,ORMP,,4.329999923706055,4.329999923706055,4.329999923706055,4.329999923706055,2449.0
2026-08-05 15:59:00,ORRF,,43.27000045776367,43.279998779296875,43.27000045776367,43.279998779296875,1958.0
2026-08-05 15:59:00,OSBC,,25.899999618530273,25.899999618530273,25.885000228881836,25.889999389648438,13505.0
2026-08-05 15:59:00,OSIS,,235.17999267578125,235.4499969482422,235.1300048828125,235.26499938964844,6087.0
2026-08-05 15:59:00,OSPN,,16.309999465942383,16.405000686645508,16.219999313354492,16.264999389648438,45716.0
2026-08-05 15:59:00,OSS,,13.09000015258789,13.208000183105469,13.074999809265137,13.170000076293945,34910.0
2026-08-05 15:59:00,OSUR,,4.110000133514404,4.144999980926514,4.110000133514404,4.144999980926514,23457.0
2026-08-05 15:59:00,OSW,,26.610000610351562,26.614999771118164,26.59000015258789,26.614999771118164,46161.0
2026-08-05 15:59:00,OTEX,,25.65999984741211,25.690000534057617,25.655000686645508,25.655000686645508,59953.0
2026-08-05 15:59:00,OTLK,,1.034999966621399,1.0399999618530273,1.024999976158142,1.024999976158142,94837.0
2026-08-05 15:59:00,OTLY,,14.229999542236328,14.229999542236328,14.220000267028809,14.229999542236328,2134.0
2026-08-05 15:59:00,OTTR,,93.04000091552734,93.0999984741211,92.8499984741211,93.0999984741211,13547.0
2026-08-05 15:59:00,OVID,,2.619999885559082,2.619999885559082,2.6050000190734863,2.6080000400543213,66131.0
2026-08-05 15:59:00,OVLY,,33.38999938964844,33.45000076293945,33.38999938964844,33.45000076293945,2342.0
2026-08-05 15:59:00,OXLC,,9.109999656677246,9.109999656677246,9.109999656677246,9.109999656677246,560.0
2026-08-05 15:59:00,OXSQ,,1.5049999952316284,1.5049999952316284,1.5,1.5049999952316284,100203.0
2026-08-05 15:59:00,PAA,,23.174999237060547,23.183000564575195,23.15999984741211,23.174999237060547,102164.0
2026-08-05 15:59:00,PAAS,,48.2400016784668,48.439998626708984,48.22999954223633,48.43000030517578,257995.0
2026-08-05 15:59:00,PACB,,1.2949999570846558,1.2999999523162842,1.2899999618530273,1.2989000082015991,79764.0
2026-08-05 15:59:00,PAGP,,25.100000381469727,25.110000610351562,25.094999313354492,25.104999542236328,29843.0
2026-08-05 15:59:00,PAHC,,35.970001220703125,36.060001373291016,35.970001220703125,36.060001373291016,7148.0
2026-08-05 15:59:00,PALI,,2.114500045776367,2.132499933242798,2.109999895095825,2.130000114440918,134319.0
2026-08-05 15:59:00,PANL,,7.235000133514404,7.25,7.235000133514404,7.25,4702.0
2026-08-05 15:59:00,PANW,,362.6600036621094,363.0899963378906,362.260009765625,363.05999755859375,134658.0
2026-08-05 15:59:00,PATK,,87.48999786376953,87.66999816894531,87.48999786376953,87.66000366210938,23645.0
2026-08-05 15:59:00,PAX,,11.34000015258789,11.345000267028809,11.329999923706055,11.345000267028809,36876.0
2026-08-05 15:59:00,PAYO,,7.090000152587891,7.114999771118164,7.090000152587891,7.114999771118164,711447.0
2026-08-05 15:59:00,PAYS,,9.579999923706055,9.600000381469727,9.569999694824219,9.59000015258789,43525.0
2026-08-05 15:59:00,PAYX,,118.30999755859375,118.3499984741211,118.26000213623047,118.2699966430664,67347.0
2026-08-05 15:59:00,PBYI,,8.010000228881836,8.010000228881836,8.010000228881836,8.010000228881836,2640.0
2026-08-05 15:59:00,PCAR,,133.3300018310547,133.4250030517578,133.22000122070312,133.4199981689453,164211.0
2026-08-05 15:59:00,PCB,,28.09000015258789,28.09000015258789,28.09000015258789,28.09000015258789,4757.0
2026-08-05 15:59:00,PCRX,,24.844999313354492,24.954999923706055,24.829999923706055,24.954999923706055,50993.0
2026-08-05 15:59:00,PCSA,,2.2049999237060547,2.2049999237060547,2.190000057220459,2.2049999237060547,5525.0
2026-08-05 15:59:00,PCT,,6.864999771118164,6.889999866485596,6.860000133514404,6.885000228881836,112049.0
2026-08-05 15:59:00,PCTY,,147.6999969482422,147.8000030517578,147.6999969482422,147.77000427246094,26068.0
2026-08-05 15:59:00,PDD,,90.9800033569336,91.06999969482422,90.8949966430664,90.93000030517578,224869.0
2026-08-05 15:59:00,PDEX,,66.43499755859375,66.8550033569336,66.43499755859375,66.8550033569336,1108.0
2026-08-05 15:59:00,PDFS,,49.470001220703125,49.689998626708984,49.38999938964844,49.60499954223633,20533.0
2026-08-05 15:59:00,PDLB,,20.459999084472656,20.459999084472656,20.459999084472656,20.459999084472656,1580.0
2026-08-05 15:59:00,PDSB,,0.7207000255584717,0.7207000255584717,0.7207000255584717,0.7207000255584717,303.0
2026-08-05 15:59:00,PEBO,,41.595001220703125,41.595001220703125,41.59000015258789,41.59000015258789,3294.0
2026-08-05 15:59:00,PECO,,41.58000183105469,41.595001220703125,41.564998626708984,41.595001220703125,35307.0
2026-08-05 15:59:00,PEGA,,31.809999465942383,31.825000762939453,31.75,31.825000762939453,59671.0
2026-08-05 15:59:00,PENN,,19.6299991607666,19.674999237060547,19.604999542236328,19.66990089416504,138930.0
2026-08-05 15:59:00,PEP,,138.7899932861328,138.9199981689453,138.77000427246094,138.9199981689453,147241.0
2026-08-05 15:59:00,PEPG,,1.9850000143051147,1.9900000095367432,1.9800000190734863,1.9800000190734863,14549.0
2026-08-05 15:59:00,PERI,,9.619999885559082,9.619999885559082,9.619999885559082,9.619999885559082,5680.0
2026-08-05 15:59:00,PESI,,17.6200008392334,17.68000030517578,17.6200008392334,17.68000030517578,5528.0
2026-08-05 15:59:00,PETS,,1.965000033378601,1.965000033378601,1.965000033378601,1.965000033378601,520.0
2026-08-05 15:59:00,PFBC,,106.27999877929688,106.27999877929688,106.27999877929688,106.27999877929688,2595.0
2026-08-05 15:59:00,PFG,,114.8499984741211,114.87999725341797,114.81999969482422,114.83999633789062,66506.0
2026-08-05 15:59:00,PFIS,,71.58000183105469,71.62000274658203,71.58000183105469,71.62000274658203,2632.0
2026-08-05 15:59:00,PGC,,46.415000915527344,46.435001373291016,46.38999938964844,46.435001373291016,3113.0
2026-08-05 15:59:00,PGEN,,6.872600078582764,6.880000114440918,6.829999923706055,6.840000152587891,574141.0
2026-08-05 15:59:00,PGNY,,31.389999389648438,31.389999389648438,31.332500457763672,31.364999771118164,22135.0
2026-08-05 15:59:00,PGY,,21.799999237060547,21.829999923706055,21.78499984741211,21.809999465942383,95051.0
2026-08-05 15:59:00,PHAT,,8.220000267028809,8.25,8.21500015258789,8.239999771118164,61406.0
2026-08-05 15:59:00,PHUN,,2.2300000190734863,2.2300000190734863,2.194999933242798,2.194999933242798,8791.0
2026-08-05 15:59:00,PHVS,,33.44499969482422,33.4900016784668,33.439998626708984,33.470001220703125,14937.0
2026-08-05 15:59:00,PKBK,,34.20000076293945,34.220001220703125,34.20000076293945,34.220001220703125,1840.0
2026-08-05 15:59:00,PKOH,,41.90999984741211,41.90999984741211,41.90999984741211,41.90999984741211,3147.0
2026-08-05 15:59:00,PLAB,,32.025001525878906,32.125,32.0099983215332,32.099998474121094,30939.0
2026-08-05 15:59:00,PLBC,,61.220001220703125,61.220001220703125,61.220001220703125,61.220001220703125,749.0
2026-08-05 15:59:00,PLBY,,1.159999966621399,1.1749999523162842,1.149999976158142,1.1549999713897705,47600.0
2026-08-05 15:59:00,PLMR,,133.9250030517578,133.97000122070312,133.75,133.75,11760.0
2026-08-05 15:59:00,PLPC,,471.8399963378906,472.1449890136719,470.6400146484375,470.6400146484375,3658.0
2026-08-05 15:59:00,PLRX,,1.0549999475479126,1.0549999475479126,1.0549999475479126,1.0549999475479126,4509.0
2026-08-05 15:59:00,PLSE,,37.79999923706055,37.97999954223633,37.790000915527344,37.900001525878906,10645.0
2026-08-05 15:59:00,PLTK,,3.9000000953674316,3.9000000953674316,3.880000114440918,3.884999990463257,54193.0
2026-08-05 15:59:00,PLUG,,2.0899999141693115,2.0899999141693115,2.0799999237060547,2.0850000381469727,474112.0
2026-08-05 15:59:00,PLUR,,1.6799999475479126,1.6799999475479126,1.6799999475479126,1.6799999475479126,402.0
2026-08-05 15:59:00,PLXS,,275.0400085449219,275.1000061035156,274.5199890136719,275.04998779296875,9766.0
2026-08-05 15:59:00,PMVP,,1.1699999570846558,1.1749999523162842,1.1699999570846558,1.1749999523162842,3701.0
2026-08-05 15:59:00,PNBK,,1.1449999809265137,1.1449999809265137,1.1449999809265137,1.1449999809265137,2205.0
2026-08-05 15:59:00,PNFP,,107.33999633789062,107.41999816894531,107.25,107.33999633789062,53988.0
2026-08-05 15:59:00,PNTG,,38.79999923706055,38.869998931884766,38.79999923706055,38.869998931884766,10386.0
2026-08-05 15:59:00,POCI,,4.25,4.25,4.25,4.25,3675.0
2026-08-05 15:59:00,PODC,,3.4649999141693115,3.4649999141693115,3.450000047683716,3.450000047683716,1937.0
2026-08-05 15:59:00,POET,,8.095000267028809,8.126700401306152,8.09000015258789,8.104999542236328,209364.0
2026-08-05 15:59:00,POLA,,1.7899999618530273,1.7899999618530273,1.7899999618530273,1.7899999618530273,1156.0
2026-08-05 15:59:00,POOL,,206.39999389648438,206.64999389648438,206.39999389648438,206.55999755859375,19573.0
2026-08-05 15:59:00,POWI,,62.04999923706055,62.060001373291016,61.89500045776367,61.89500045776367,19945.0
2026-08-05 15:59:00,POWL,,208.11000061035156,208.8699951171875,208.02999877929688,208.42999267578125,35197.0
2026-08-05 15:59:00,PPBT,,1.5,1.5,1.4900000095367432,1.4900000095367432,802.0
2026-08-05 15:59:00,PPC,,26.56999969482422,26.600000381469727,26.559999465942383,26.600000381469727,52098.0
2026-08-05 15:59:00,PPIH,,25.829999923706055,25.850000381469727,25.829999923706055,25.850000381469727,511.0
2026-08-05 15:59:00,PPSI,,3.049999952316284,3.049999952316284,3.049999952316284,3.049999952316284,482.0
2026-08-05 15:59:00,PPTA,,22.940000534057617,22.969999313354492,22.93000030517578,22.959999084472656,49124.0
2026-08-05 15:59:00,PRAA,,17.190000534057617,17.190000534057617,17.184999465942383,17.184999465942383,1771.0
2026-08-05 15:59:00,PRAX,,319.0799865722656,319.5050048828125,318.989990234375,318.989990234375,9364.0
2026-08-05 15:59:00,PRCH,,15.755000114440918,15.770000457763672,15.75,15.770000457763672,49685.0
2026-08-05 15:59:00,PRCT,,19.350000381469727,19.46500015258789,19.34000015258789,19.459999084472656,183224.0
2026-08-05 15:59:00,PRDO,,33.040000915527344,33.060001373291016,33.029998779296875,33.029998779296875,14833.0
2026-08-05 15:59:00,PRE,,18.309999465942383,18.31999969482422,18.309999465942383,18.31999969482422,2047.0
2026-08-05 15:59:00,PRFX,,1.1050000190734863,1.1050000190734863,1.1050000190734863,1.1050000190734863,0.0
2026-08-05 15:59:00,PRGS,,42.209999084472656,42.2400016784668,42.17499923706055,42.17499923706055,8879.0
2026-08-05 15:59:00,PRIM,,83.5,83.52999877929688,83.25,83.27999877929688,124133.0
2026-08-05 15:59:00,PRLD,,4.53000020980835,4.53000020980835,4.53000020980835,4.53000020980835,3019.0
2026-08-05 15:59:00,PRME,,3.0799999237060547,3.0899999141693115,3.0799999237060547,3.0869998931884766,100264.0
2026-08-05 15:59:00,PROF,,7.949999809265137,7.949999809265137,7.949999809265137,7.949999809265137,2097.0
2026-08-05 15:59:00,PROK,,1.6649999618530273,1.6699999570846558,1.6649999618530273,1.6649999618530273,30015.0
2026-08-05 15:59:00,PRPO,,23.600000381469727,23.600000381469727,22.850000381469727,22.850000381469727,2829.0
2026-08-05 15:59:00,PRQR,,1.975000023841858,1.9800000190734863,1.9700000286102295,1.9700000286102295,15569.0
2026-08-05 15:59:00,PRSO,,0.7098000049591064,0.7098000049591064,0.7098000049591064,0.7098000049591064,1226.0
2026-08-05 15:59:00,PRTA,,8.489999771118164,8.5,8.489999771118164,8.5,12985.0
2026-08-05 15:59:00,PRTH,,6.644999980926514,6.65500020980835,6.644999980926514,6.650000095367432,8202.0
2026-08-05 15:59:00,PRVA,,23.979999542236328,24.0,23.96500015258789,24.0,26902.0
2026-08-05 15:59:00,PRZO,,0.5623999834060669,0.5623999834060669,0.5623999834060669,0.5623999834060669,604.0
2026-08-05 15:59:00,PSEC,,2.1700000762939453,2.1789000034332275,2.1700000762939453,2.174999952316284,64362.0
2026-08-05 15:59:00,PSMT,,186.47000122070312,186.9949951171875,186.35000610351562,186.58999633789062,16657.0
2026-08-05 15:59:00,PSNL,,13.510000228881836,13.550000190734863,13.484999656677246,13.484999656677246,59382.0
2026-08-05 15:59:00,PSNY,,14.720000267028809,14.770000457763672,14.720000267028809,14.770000457763672,1946.0
2026-08-05 15:59:00,PTC,,139.39999389648438,139.61000061035156,139.36000061035156,139.58999633789062,61263.0
2026-08-05 15:59:00,PTCT,,69.20999908447266,69.20999908447266,69.13999938964844,69.16000366210938,32906.0
2026-08-05 15:59:00,PTEN,,9.539999961853027,9.539999961853027,9.524999618530273,9.53499984741211,270788.0
2026-08-05 15:59:00,PTGX,,137.55999755859375,137.64999389648438,137.38999938964844,137.38999938964844,14951.0
2026-08-05 15:59:00,PTLO,,4.679999828338623,4.684999942779541,4.675000190734863,4.684999942779541,47515.0
2026-08-05 15:59:00,PTON,,6.514999866485596,6.53000020980835,6.510000228881836,6.510000228881836,481423.0
2026-08-05 15:59:00,PUBM,,13.5,13.529999732971191,13.420000076293945,13.420000076293945,39851.0
2026-08-05 15:59:00,PWP,,17.31999969482422,17.344999313354492,17.31999969482422,17.327499389648438,45552.0
2026-08-05 15:59:00,PXS,,4.820000171661377,4.820000171661377,4.789999961853027,4.789999961853027,542.0
2026-08-05 15:59:00,PYPD,,4.614999771118164,4.619999885559082,4.614999771118164,4.614999771118164,2011.0
2026-08-05 15:59:00,PYPL,,57.96500015258789,57.970001220703125,57.92499923706055,57.94499969482422,289899.0
2026-08-05 15:59:00,PYXS,,3.130000114440918,3.1449999809265137,3.119999885559082,3.1449999809265137,13532.0
2026-08-05 15:59:00,PZZA,,29.739999771118164,29.75,29.6200008392334,29.640100479125977,55737.0
2026-08-05 15:59:00,QCOM,,157.52999877929688,157.9949951171875,157.16000366210938,157.9499969482422,623285.0
2026-08-05 15:59:00,QCRH,,105.3499984741211,105.3499984741211,105.22000122070312,105.22000122070312,5981.0
2026-08-05 15:59:00,QFIN,,13.130000114440918,13.135000228881836,13.119999885559082,13.135000228881836,9995.0
2026-08-05 15:59:00,QQQX,,30.360000610351562,30.360000610351562,30.360000610351562,30.360000610351562,1150.0
2026-08-05 15:59:00,QRVO,,95.19999694824219,95.48999786376953,95.19999694824219,95.48999786376953,28102.0
2026-08-05 15:59:00,SEED,,1.0499999523162842,1.059999942779541,1.0499999523162842,1.059999942779541,19278.0
2026-08-05 15:59:00,STIM,,2.3399999141693115,2.3499999046325684,2.3399999141693115,2.3450000286102295,15039.0
2026-08-05 15:59:00,TARA,,3.990999937057495,4.0,3.990999937057495,3.994999885559082,12384.0
2026-08-05 15:59:00,WOOF,,2.930000066757202,2.930000066757202,2.9200000762939453,2.930000066757202,27887.0
