Datetime,Ticker,Adj Close,Close,High,Low,Open,Volume
2026-09-10 09:30:00,BKM.V,,2.7200000286102295,2.7200000286102295,2.7200000286102295,2.7200000286102295,0.0
2026-09-10 09:30:00,FEO.V,,0.800000011920929,0.800000011920929,0.800000011920929,0.800000011920929,0.0
2026-09-10 09:30:00,GIII.V,,0.1899999976158142,0.1899999976158142,0.1899999976158142,0.1899999976158142,0.0
2026-09-10 09:30:00,MGG.V,,0.3499999940395355,0.36000001430511475,0.3499999940395355,0.36000001430511475,0.0
2026-09-10 09:30:00,MGRO.V,,0.4000000059604645,0.4000000059604645,0.4000000059604645,0.4000000059604645,0.0
2026-09-10 09:30:00,MHUB.V,,0.550000011920929,0.550000011920929,0.550000011920929,0.550000011920929,0.0
2026-09-10 09:30:00,MKA.V,,0.7900000214576721,0.7900000214576721,0.7900000214576721,0.7900000214576721,0.0
2026-09-10 09:30:00,MMY.V,,1.0,1.0,1.0,1.0,0.0
2026-09-10 09:30:00,MNRG.V,,0.08500000089406967,0.08500000089406967,0.08500000089406967,0.08500000089406967,0.0
2026-09-10 09:30:00,MOO.V,,0.6700000166893005,0.6700000166893005,0.6700000166893005,0.6700000166893005,0.0
2026-09-10 09:30:00,MYID.V,,0.2199999988079071,0.2199999988079071,0.2199999988079071,0.2199999988079071,0.0
2026-09-10 09:30:00,NAM.V,,0.2199999988079071,0.2199999988079071,0.2199999988079071,0.2199999988079071,0.0
2026-09-10 09:30:00,NAU.V,,1.25,1.25,1.2400000095367432,1.2400000095367432,0.0
2026-09-10 09:30:00,NBLC.V,,0.029999999329447746,0.029999999329447746,0.029999999329447746,0.029999999329447746,0.0
2026-09-10 09:30:00,NBM.V,,0.17499999701976776,0.17499999701976776,0.17499999701976776,0.17499999701976776,0.0
2026-09-10 09:30:00,NBVA.V,,0.18000000715255737,0.18000000715255737,0.18000000715255737,0.18000000715255737,0.0
2026-09-10 09:30:00,NCAU.V,,0.3050000071525574,0.3050000071525574,0.3050000071525574,0.3050000071525574,0.0
2026-09-10 09:30:00,NDA.V,,0.6000000238418579,0.6000000238418579,0.6000000238418579,0.6000000238418579,0.0
2026-09-10 09:30:00,NEV.V,,0.05999999865889549,0.05999999865889549,0.05999999865889549,0.05999999865889549,0.0
2026-09-10 09:30:00,NICN.V,,0.09000000357627869,0.09000000357627869,0.09000000357627869,0.09000000357627869,0.0
2026-09-10 09:30:00,NIM.V,,0.7699999809265137,0.7799999713897705,0.7699999809265137,0.7699999809265137,0.0
2026-09-10 09:30:00,NRN.V,,0.03999999910593033,0.03999999910593033,0.03999999910593033,0.03999999910593033,0.0
2026-09-10 09:30:00,NRX.V,,0.6700000166893005,0.6700000166893005,0.6700000166893005,0.6700000166893005,0.0
2026-09-10 09:30:00,NSE.V,,0.7699999809265137,0.7699999809265137,0.7699999809265137,0.7699999809265137,0.0
2026-09-10 09:30:00,NVT.V,,0.03999999910593033,0.03999999910593033,0.03999999910593033,0.03999999910593033,0.0
2026-09-10 09:30:00,NVX.V,,0.6100000143051147,0.6100000143051147,0.6000000238418579,0.6000000238418579,0.0
2026-09-10 09:30:00,NWST.V,,0.3400000035762787,0.3449999988079071,0.3400000035762787,0.3449999988079071,0.0
2026-09-10 09:30:00,OCO.V,,0.49000000953674316,0.49000000953674316,0.49000000953674316,0.49000000953674316,0.0
2026-09-10 09:30:00,ODX-H.V,,0.06499999761581421,0.06499999761581421,0.06499999761581421,0.06499999761581421,0.0
2026-09-10 09:30:00,OMG.V,,2.6500000953674316,2.680000066757202,2.6500000953674316,2.680000066757202,0.0
2026-09-10 09:30:00,OMM.V,,0.054999999701976776,0.054999999701976776,0.054999999701976776,0.054999999701976776,0.0
2026-09-10 09:30:00,OOR.V,,0.05000000074505806,0.05000000074505806,0.05000000074505806,0.05000000074505806,0.0
2026-09-10 09:30:00,OPW.V,,0.1599999964237213,0.1599999964237213,0.1599999964237213,0.1599999964237213,0.0
2026-09-10 09:30:00,PALI.V,,5.199999809265137,5.199999809265137,5.0,5.03000020980835,0.0
2026-09-10 09:30:00,PESO.V,,0.4950000047683716,0.5,0.4950000047683716,0.5,0.0
2026-09-10 09:30:00,PEX.V,,0.23499999940395355,0.23499999940395355,0.23499999940395355,0.23499999940395355,0.0
2026-09-10 09:30:00,PGC.V,,0.029999999329447746,0.029999999329447746,0.029999999329447746,0.029999999329447746,0.0
2026-09-10 09:30:00,PGE.V,,0.4300000071525574,0.4399999976158142,0.4300000071525574,0.4300000071525574,0.0
2026-09-10 09:30:00,PGZ.V,,0.17000000178813934,0.17000000178813934,0.17000000178813934,0.17000000178813934,0.0
2026-09-10 09:30:00,PINK.V,,0.28999999165534973,0.28999999165534973,0.28999999165534973,0.28999999165534973,0.0
2026-09-10 09:30:00,PLSR.V,,1.2899999618530273,1.2899999618530273,1.25,1.25,0.0
2026-09-10 09:30:00,PLUR.V,,0.1550000011920929,0.1550000011920929,0.1550000011920929,0.1550000011920929,0.0
2026-09-10 09:30:00,PLY.V,,0.05999999865889549,0.05999999865889549,0.05999999865889549,0.05999999865889549,0.0
2026-09-10 09:30:00,PNPN.V,,1.2000000476837158,1.2100000381469727,1.1799999475479126,1.190000057220459,0.0
2026-09-10 09:30:00,PNTR.V,,0.45500001311302185,0.46000000834465027,0.45500001311302185,0.46000000834465027,0.0
2026-09-10 09:30:00,PPP.V,,0.8600000143051147,0.8799999952316284,0.8600000143051147,0.8799999952316284,0.0
2026-09-10 09:30:00,PTU.V,,0.36500000953674316,0.36500000953674316,0.36000001430511475,0.36000001430511475,0.0
2026-09-10 09:30:00,PUMA.V,,0.14000000059604645,0.14499999582767487,0.14000000059604645,0.14499999582767487,0.0
2026-09-10 09:30:00,PUR.V,,0.5600000023841858,0.5600000023841858,0.5600000023841858,0.5600000023841858,0.0
2026-09-10 09:30:00,PWM.V,,0.5099999904632568,0.5099999904632568,0.5099999904632568,0.5099999904632568,0.0
2026-09-10 09:30:00,PX.V,,0.1550000011920929,0.1550000011920929,0.1550000011920929,0.1550000011920929,0.0
2026-09-10 09:30:00,QGR.V,,0.20999999344348907,0.20999999344348907,0.20999999344348907,0.20999999344348907,0.0
2026-09-10 09:30:00,QNC.V,,2.450000047683716,2.4800000190734863,2.450000047683716,2.4800000190734863,0.0
2026-09-10 09:30:00,QTWO.V,,2.7100000381469727,2.7100000381469727,2.700000047683716,2.700000047683716,0.0
2026-09-10 09:30:00,RDS.V,,1.1799999475479126,1.190000057220459,1.1799999475479126,1.1799999475479126,0.0
2026-09-10 09:30:00,RDU.V,,0.1550000011920929,0.1599999964237213,0.1550000011920929,0.1599999964237213,0.0
2026-09-10 09:30:00,RECO.V,,0.6200000047683716,0.6200000047683716,0.6200000047683716,0.6200000047683716,0.0
2026-09-10 09:30:00,RET-A.V,,2.0999999046325684,2.0999999046325684,2.0999999046325684,2.0999999046325684,0.0
2026-09-10 09:30:00,RJX-A.V,,0.03999999910593033,0.03999999910593033,0.03999999910593033,0.03999999910593033,0.0
2026-09-10 09:30:00,RML.V,,1.1649999618530273,1.1699999570846558,1.149999976158142,1.1699999570846558,0.0
2026-09-10 09:30:00,ROCK.V,,4.449999809265137,4.449999809265137,4.449999809265137,4.449999809265137,0.0
2026-09-10 09:30:00,ROK.V,,0.4000000059604645,0.4000000059604645,0.4000000059604645,0.4000000059604645,0.0
2026-09-10 09:30:00,RSMX.V,,0.11999999731779099,0.11999999731779099,0.11999999731779099,0.11999999731779099,0.0
2026-09-10 09:30:00,RSS.V,,0.5099999904632568,0.5099999904632568,0.5099999904632568,0.5099999904632568,0.0
2026-09-10 09:30:00,RVG.V,,0.8999999761581421,0.8999999761581421,0.8999999761581421,0.8999999761581421,0.0
2026-09-10 09:30:00,SA-H.V,,0.07000000029802322,0.07000000029802322,0.07000000029802322,0.07000000029802322,0.0
2026-09-10 09:30:00,SAG.V,,1.2799999713897705,1.2799999713897705,1.2799999713897705,1.2799999713897705,0.0
2026-09-10 09:30:00,SAGE.V,,0.13500000536441803,0.13500000536441803,0.13500000536441803,0.13500000536441803,0.0
2026-09-10 09:30:00,SCD.V,,0.1850000023841858,0.1850000023841858,0.1850000023841858,0.1850000023841858,0.0
2026-09-10 09:30:00,SCOT.V,,3.190000057220459,3.2300000190734863,3.180000066757202,3.180000066757202,0.0
2026-09-10 09:30:00,SEI.V,,0.38999998569488525,0.38999998569488525,0.38999998569488525,0.38999998569488525,0.0
2026-09-10 09:30:00,SHL.V,,0.3799999952316284,0.3799999952316284,0.3799999952316284,0.3799999952316284,0.0
2026-09-10 09:30:00,SLG.V,,5.840000152587891,5.989999771118164,5.840000152587891,5.989999771118164,0.0
2026-09-10 09:30:00,SM.V,,1.5099999904632568,1.5199999809265137,1.5,1.5199999809265137,0.0
2026-09-10 09:30:00,SMD.V,,0.36000001430511475,0.36000001430511475,0.36000001430511475,0.36000001430511475,0.0
2026-09-10 09:30:00,SMN.V,,0.1550000011920929,0.1550000011920929,0.1550000011920929,0.1550000011920929,0.0
2026-09-10 09:30:00,SNV.V,,0.019999999552965164,0.019999999552965164,0.019999999552965164,0.019999999552965164,0.0
2026-09-10 09:30:00,SOI.V,,0.19499999284744263,0.19499999284744263,0.19499999284744263,0.19499999284744263,0.0
2026-09-10 09:30:00,SOMA.V,,0.699999988079071,0.699999988079071,0.699999988079071,0.699999988079071,0.0
2026-09-10 09:30:00,SPX.V,,0.10999999940395355,0.10999999940395355,0.10999999940395355,0.10999999940395355,0.0
2026-09-10 09:30:00,SQG.V,,0.11500000208616257,0.11500000208616257,0.11500000208616257,0.11500000208616257,0.0
2026-09-10 09:30:00,SR.V,,0.2549999952316284,0.2549999952316284,0.2549999952316284,0.2549999952316284,0.0
2026-09-10 09:30:00,SRR.V,,1.0700000524520874,1.0700000524520874,1.0700000524520874,1.0700000524520874,0.0
2026-09-10 09:30:00,SSV.V,,0.6200000047683716,0.6200000047683716,0.6200000047683716,0.6200000047683716,0.0
2026-09-10 09:30:00,STRM.V,,0.5099999904632568,0.5099999904632568,0.5099999904632568,0.5099999904632568,0.0
2026-09-10 09:30:00,SVE.V,,0.45500001311302185,0.45500001311302185,0.45500001311302185,0.45500001311302185,0.0
2026-09-10 09:30:00,SVRS.V,,0.5,0.5099999904632568,0.5,0.5099999904632568,0.0
2026-09-10 09:30:00,VIPR.V,,0.4699999988079071,0.4699999988079071,0.4699999988079071,0.4699999988079071,0.0
2026-09-10 09:31:00,MYID.V,,0.2150000035762787,0.2150000035762787,0.2150000035762787,0.2150000035762787,199500.0
2026-09-10 09:31:00,NAU.V,,1.2400000095367432,1.25,1.2400000095367432,1.25,3650.0
2026-09-10 09:31:00,NRX.V,,0.6299999952316284,0.6399999856948853,0.6299999952316284,0.6399999856948853,2500.0
2026-09-10 09:31:00,NSE.V,,0.7699999809265137,0.7699999809265137,0.7699999809265137,0.7699999809265137,1000.0
2026-09-10 09:31:00,OMG.V,,2.640000104904175,2.640000104904175,2.640000104904175,2.640000104904175,1400.0
2026-09-10 09:31:00,PALI.V,,5.239999771118164,5.239999771118164,5.239999771118164,5.239999771118164,5300.0
2026-09-10 09:31:00,PER.V,,0.15000000596046448,0.15000000596046448,0.15000000596046448,0.15000000596046448,0.0
2026-09-10 09:31:00,PESO.V,,0.49000000953674316,0.49000000953674316,0.49000000953674316,0.49000000953674316,11500.0
2026-09-10 09:31:00,PGE.V,,0.42500001192092896,0.42500001192092896,0.42500001192092896,0.42500001192092896,38500.0
2026-09-10 09:31:00,PNPN.V,,1.2000000476837158,1.2000000476837158,1.190000057220459,1.190000057220459,6100.0
2026-09-10 09:31:00,PPP.V,,0.8500000238418579,0.8600000143051147,0.8500000238418579,0.8600000143051147,63085.0
2026-09-10 09:31:00,QNC.V,,2.4100000858306885,2.4100000858306885,2.4100000858306885,2.4100000858306885,151.0
2026-09-10 09:31:00,RDS.V,,1.1799999475479126,1.1799999475479126,1.1699999570846558,1.1699999570846558,15800.0
2026-09-10 09:31:00,RSS.V,,0.5299999713897705,0.5299999713897705,0.5099999904632568,0.5099999904632568,11500.0
2026-09-10 09:31:00,SCD.V,,0.18000000715255737,0.18000000715255737,0.18000000715255737,0.18000000715255737,3000.0
2026-09-10 09:31:00,SCOT.V,,3.1500000953674316,3.200000047683716,3.1500000953674316,3.190000057220459,6400.0
2026-09-10 09:31:00,SEI.V,,0.4000000059604645,0.4000000059604645,0.4000000059604645,0.4000000059604645,18500.0
2026-09-10 09:31:00,SOU.V,,0.07500000298023224,0.07500000298023224,0.07500000298023224,0.07500000298023224,0.0
2026-09-10 09:31:00,SVRS.V,,0.5,0.5,0.5,0.5,126160.0
2026-09-10 09:32:00,MGRO.V,,0.4699999988079071,0.4699999988079071,0.4650000035762787,0.4650000035762787,8000.0
2026-09-10 09:32:00,MRZ.V,,0.32499998807907104,0.33500000834465027,0.32499998807907104,0.33500000834465027,0.0
2026-09-10 09:32:00,MYID.V,,0.2150000035762787,0.2150000035762787,0.2150000035762787,0.2150000035762787,5500.0
2026-09-10 09:32:00,NBM.V,,0.17000000178813934,0.17000000178813934,0.17000000178813934,0.17000000178813934,40000.0
2026-09-10 09:32:00,NSE.V,,0.7699999809265137,0.7699999809265137,0.7699999809265137,0.7699999809265137,500.0
2026-09-10 09:32:00,OMG.V,,2.630000114440918,2.640000104904175,2.630000114440918,2.640000104904175,1300.0
2026-09-10 09:32:00,PNPN.V,,1.2100000381469727,1.215000033378601,1.2000000476837158,1.2000000476837158,16388.0
2026-09-10 09:32:00,PPP.V,,0.8500000238418579,0.8500000238418579,0.8500000238418579,0.8500000238418579,2000.0
2026-09-10 09:32:00,PTU.V,,0.3499999940395355,0.35499998927116394,0.3499999940395355,0.35499998927116394,96500.0
2026-09-10 09:32:00,QNC.V,,2.440000057220459,2.440000057220459,2.4100000858306885,2.4100000858306885,5700.0
2026-09-10 09:32:00,RDG.V,,0.24500000476837158,0.24500000476837158,0.24500000476837158,0.24500000476837158,0.0
2026-09-10 09:32:00,RDS.V,,1.1799999475479126,1.1799999475479126,1.1799999475479126,1.1799999475479126,3600.0
2026-09-10 09:32:00,RECO.V,,0.6299999952316284,0.6299999952316284,0.6200000047683716,0.6200000047683716,4500.0
2026-09-10 09:32:00,RSS.V,,0.5400000214576721,0.5400000214576721,0.5299999713897705,0.5299999713897705,9030.0
2026-09-10 09:33:00,MYID.V,,0.20999999344348907,0.2150000035762787,0.20999999344348907,0.2150000035762787,167315.0
2026-09-10 09:33:00,OMG.V,,2.640000104904175,2.6600000858306885,2.640000104904175,2.6500000953674316,14800.0
2026-09-10 09:33:00,OZ.V,,0.3400000035762787,0.3499999940395355,0.3400000035762787,0.3499999940395355,0.0
2026-09-10 09:33:00,PESO.V,,0.5,0.5,0.5,0.5,2000.0
2026-09-10 09:33:00,PPP.V,,0.8299999833106995,0.8399999737739563,0.8299999833106995,0.8399999737739563,33350.0
2026-09-10 09:33:00,QTWO.V,,2.6700000762939453,2.6700000762939453,2.6500000953674316,2.6600000858306885,2677.0
2026-09-10 09:33:00,RDS.V,,1.1699999570846558,1.1699999570846558,1.1699999570846558,1.1699999570846558,6300.0
2026-09-10 09:33:00,RSMX.V,,0.11999999731779099,0.11999999731779099,0.11999999731779099,0.11999999731779099,40000.0
2026-09-10 09:33:00,RSS.V,,0.550000011920929,0.550000011920929,0.550000011920929,0.550000011920929,4000.0
2026-09-10 09:33:00,SCD.V,,0.18000000715255737,0.18000000715255737,0.18000000715255737,0.18000000715255737,114610.0
2026-09-10 09:33:00,SVE.V,,0.45500001311302185,0.45500001311302185,0.44999998807907104,0.45500001311302185,12133.0
2026-09-10 09:33:00,SVRS.V,,0.5099999904632568,0.5099999904632568,0.5099999904632568,0.5099999904632568,26497.0
2026-09-10 09:34:00,MRZ.V,,0.32499998807907104,0.32499998807907104,0.32499998807907104,0.32499998807907104,18600.0
2026-09-10 09:34:00,MYID.V,,0.20000000298023224,0.20499999821186066,0.20000000298023224,0.20499999821186066,9000.0
2026-09-10 09:34:00,NBM.V,,0.17000000178813934,0.17000000178813934,0.17000000178813934,0.17000000178813934,50011.0
2026-09-10 09:34:00,NSE.V,,0.7699999809265137,0.7699999809265137,0.7699999809265137,0.7699999809265137,17000.0
2026-09-10 09:34:00,ODX-H.V,,0.07999999821186066,0.07999999821186066,0.07999999821186066,0.07999999821186066,1000.0
2026-09-10 09:34:00,OMG.V,,2.640000104904175,2.640000104904175,2.640000104904175,2.640000104904175,100.0
2026-09-10 09:34:00,PINK.V,,0.28999999165534973,0.28999999165534973,0.28999999165534973,0.28999999165534973,6000.0
2026-09-10 09:34:00,PLSR.V,,1.2799999713897705,1.2799999713897705,1.2799999713897705,1.2799999713897705,955.0
2026-09-10 09:34:00,PML.V,,1.8200000524520874,1.8300000429153442,1.8200000524520874,1.8300000429153442,0.0
2026-09-10 09:34:00,PNPN.V,,1.2200000286102295,1.2200000286102295,1.2200000286102295,1.2200000286102295,15700.0
2026-09-10 09:34:00,PPP.V,,0.8399999737739563,0.8399999737739563,0.8199999928474426,0.8199999928474426,20500.0
2026-09-10 09:34:00,ROCK.V,,4.400000095367432,4.400000095367432,4.400000095367432,4.400000095367432,500.0
2026-09-10 09:34:00,ROK.V,,0.4000000059604645,0.4000000059604645,0.4000000059604645,0.4000000059604645,10000.0
2026-09-10 09:34:00,RSS.V,,0.550000011920929,0.550000011920929,0.550000011920929,0.550000011920929,5000.0
2026-09-10 09:34:00,SUGR.V,,10.489999771118164,10.489999771118164,10.489999771118164,10.489999771118164,0.0
2026-09-10 09:35:00,HASH.V,,0.05000000074505806,0.05000000074505806,0.05000000074505806,0.05000000074505806,0.0
2026-09-10 09:35:00,MHUB.V,,0.550000011920929,0.550000011920929,0.550000011920929,0.550000011920929,3000.0
2026-09-10 09:35:00,MMY.V,,0.9900000095367432,1.0,0.9900000095367432,1.0,46827.0
2026-09-10 09:35:00,NSE.V,,0.7799999713897705,0.7799999713897705,0.7799999713897705,0.7799999713897705,10000.0
2026-09-10 09:35:00,OMG.V,,2.640000104904175,2.6600000858306885,2.630000114440918,2.6500000953674316,10075.0
2026-09-10 09:35:00,PESO.V,,0.5,0.5,0.5,0.5,4500.0
2026-09-10 09:35:00,PLSR.V,,1.2799999713897705,1.2899999618530273,1.2799999713897705,1.2899999618530273,10500.0
2026-09-10 09:35:00,PML.V,,1.809999942779541,1.809999942779541,1.809999942779541,1.809999942779541,9800.0
2026-09-10 09:35:00,PNPN.V,,1.2200000286102295,1.2200000286102295,1.2200000286102295,1.2200000286102295,26600.0
2026-09-10 09:35:00,PWM.V,,0.5,0.5,0.5,0.5,7000.0
2026-09-10 09:35:00,ROCK.V,,4.369999885559082,4.369999885559082,4.369999885559082,4.369999885559082,1000.0
2026-09-10 09:35:00,RSM.V,,0.25,0.25,0.25,0.25,0.0
2026-09-10 09:35:00,RSMX.V,,0.11999999731779099,0.11999999731779099,0.11999999731779099,0.11999999731779099,12000.0
2026-09-10 09:35:00,RSS.V,,0.5600000023841858,0.5699999928474426,0.5600000023841858,0.5699999928474426,2000.0
2026-09-10 09:35:00,SCOT.V,,3.119999885559082,3.140000104904175,3.119999885559082,3.140000104904175,1700.0
2026-09-10 09:35:00,SEI.V,,0.39750000834465027,0.39750000834465027,0.39750000834465027,0.39750000834465027,24500.0
2026-09-10 09:36:00,NAM.V,,0.2150000035762787,0.2150000035762787,0.2150000035762787,0.2150000035762787,1500.0
2026-09-10 09:36:00,NCI.V,,0.46000000834465027,0.46000000834465027,0.46000000834465027,0.46000000834465027,0.0
2026-09-10 09:36:00,NIM.V,,0.7799999713897705,0.7799999713897705,0.7799999713897705,0.7799999713897705,6000.0
2026-09-10 09:36:00,PLSR.V,,1.2899999618530273,1.2899999618530273,1.2899999618530273,1.2899999618530273,564.0
2026-09-10 09:36:00,PML.V,,1.8200000524520874,1.8200000524520874,1.8200000524520874,1.8200000524520874,100.0
2026-09-10 09:36:00,PNPN.V,,1.2300000190734863,1.2300000190734863,1.2200000286102295,1.2200000286102295,2300.0
2026-09-10 09:36:00,QNC.V,,2.430000066757202,2.430000066757202,2.430000066757202,2.430000066757202,400.0
2026-09-10 09:36:00,QTWO.V,,2.6600000858306885,2.6600000858306885,2.6600000858306885,2.6600000858306885,400.0
2026-09-10 09:36:00,RDS.V,,1.1799999475479126,1.1799999475479126,1.1799999475479126,1.1799999475479126,3000.0
2026-09-10 09:36:00,RSMX.V,,0.11999999731779099,0.11999999731779099,0.11999999731779099,0.11999999731779099,81500.0
2026-09-10 09:36:00,SMN.V,,0.15000000596046448,0.15000000596046448,0.15000000596046448,0.15000000596046448,11515.0
2026-09-10 09:36:00,SSV.V,,0.6200000047683716,0.6200000047683716,0.6200000047683716,0.6200000047683716,1000.0
2026-09-10 09:37:00,FISH.V,,5.829999923706055,5.829999923706055,5.829999923706055,5.829999923706055,0.0
2026-09-10 09:37:00,MRZ.V,,0.3199999928474426,0.3199999928474426,0.3199999928474426,0.3199999928474426,18500.0
2026-09-10 09:37:00,NCI.V,,0.44999998807907104,0.44999998807907104,0.44999998807907104,0.44999998807907104,2740.0
2026-09-10 09:37:00,NSE.V,,0.7900000214576721,0.800000011920929,0.7900000214576721,0.800000011920929,1500.0
2026-09-10 09:37:00,OCO.V,,0.47999998927116394,0.47999998927116394,0.47999998927116394,0.47999998927116394,12500.0
2026-09-10 09:37:00,OMG.V,,2.619999885559082,2.630000114440918,2.619999885559082,2.630000114440918,8302.0
2026-09-10 09:37:00,OZ.V,,0.3400000035762787,0.3400000035762787,0.3400000035762787,0.3400000035762787,47000.0
2026-09-10 09:37:00,PEX.V,,0.23499999940395355,0.23499999940395355,0.23499999940395355,0.23499999940395355,2000.0
2026-09-10 09:37:00,PNPN.V,,1.2200000286102295,1.2300000190734863,1.2200000286102295,1.2300000190734863,1100.0
2026-09-10 09:37:00,PPP.V,,0.8399999737739563,0.8500000238418579,0.8299999833106995,0.8299999833106995,71803.0
2026-09-10 09:37:00,ROK.V,,0.4000000059604645,0.4000000059604645,0.4000000059604645,0.4000000059604645,15000.0
2026-09-10 09:37:00,RVG.V,,0.8999999761581421,0.8999999761581421,0.8999999761581421,0.8999999761581421,5204.0
2026-09-10 09:37:00,SBMI.V,,0.12999999523162842,0.12999999523162842,0.12999999523162842,0.12999999523162842,0.0
2026-09-10 09:37:00,SCD.V,,0.17499999701976776,0.18000000715255737,0.17499999701976776,0.18000000715255737,108000.0
2026-09-10 09:38:00,OMG.V,,2.609999895095825,2.609999895095825,2.609999895095825,2.609999895095825,1802.0
2026-09-10 09:38:00,PGE.V,,0.41999998688697815,0.41999998688697815,0.41999998688697815,0.41999998688697815,10050.0
2026-09-10 09:38:00,PNPN.V,,1.2200000286102295,1.2200000286102295,1.2200000286102295,1.2200000286102295,200.0
2026-09-10 09:38:00,PPP.V,,0.8399999737739563,0.8399999737739563,0.8399999737739563,0.8399999737739563,6000.0
2026-09-10 09:38:00,QNC.V,,2.440000057220459,2.440000057220459,2.440000057220459,2.440000057220459,100.0
2026-09-10 09:38:00,QTWO.V,,2.619999885559082,2.640000104904175,2.619999885559082,2.640000104904175,700.0
2026-09-10 09:38:00,RDU.V,,0.1550000011920929,0.1550000011920929,0.1550000011920929,0.1550000011920929,25500.0
2026-09-10 09:38:00,ROCK.V,,4.349999904632568,4.349999904632568,4.349999904632568,4.349999904632568,7000.0
2026-09-10 09:38:00,ROK.V,,0.39500001072883606,0.39500001072883606,0.39500001072883606,0.39500001072883606,1250.0
2026-09-10 09:38:00,SBMI.V,,0.12999999523162842,0.12999999523162842,0.12999999523162842,0.12999999523162842,18000.0
2026-09-10 09:38:00,SCOT.V,,3.109999895095825,3.109999895095825,3.109999895095825,3.109999895095825,750.0
2026-09-10 09:39:00,OMG.V,,2.619999885559082,2.630000114440918,2.619999885559082,2.630000114440918,1200.0
2026-09-10 09:39:00,PINK.V,,0.28999999165534973,0.28999999165534973,0.28999999165534973,0.28999999165534973,5000.0
2026-09-10 09:39:00,PNPN.V,,1.2200000286102295,1.2200000286102295,1.2200000286102295,1.2200000286102295,3000.0
2026-09-10 09:39:00,QTWO.V,,2.619999885559082,2.630000114440918,2.619999885559082,2.630000114440918,400.0
2026-09-10 09:39:00,SLG.V,,5.829999923706055,5.829999923706055,5.829999923706055,5.829999923706055,1400.0
2026-09-10 09:39:00,SME.V,,0.1599999964237213,0.1599999964237213,0.1599999964237213,0.1599999964237213,0.0
2026-09-10 09:40:00,NAU.V,,1.25,1.25,1.2400000095367432,1.2400000095367432,7600.0
2026-09-10 09:40:00,NBM.V,,0.17000000178813934,0.17000000178813934,0.17000000178813934,0.17000000178813934,500.0
2026-09-10 09:40:00,PX.V,,0.1550000011920929,0.1550000011920929,0.1550000011920929,0.1550000011920929,4500.0
2026-09-10 09:40:00,QTWO.V,,2.630000114440918,2.630000114440918,2.630000114440918,2.630000114440918,100.0
2026-09-10 09:40:00,ROK.V,,0.4000000059604645,0.4000000059604645,0.4000000059604645,0.4000000059604645,500.0
2026-09-10 09:40:00,RVG.V,,0.8999999761581421,0.8999999761581421,0.8999999761581421,0.8999999761581421,7000.0
2026-09-10 09:40:00,SCOT.V,,3.1500000953674316,3.1500000953674316,3.1500000953674316,3.1500000953674316,100.0
2026-09-10 09:40:00,SLG.V,,5.78000020980835,5.789999961853027,5.78000020980835,5.78000020980835,1800.0
2026-09-10 09:40:00,SPRQ.V,,0.9800000190734863,0.9900000095367432,0.9800000190734863,0.9900000095367432,0.0
2026-09-10 09:40:00,SVRS.V,,0.5099999904632568,0.5099999904632568,0.5099999904632568,0.5099999904632568,17000.0
2026-09-10 09:41:00,MMY.V,,1.0,1.0,1.0,1.0,11650.0
2026-09-10 09:41:00,OCO.V,,0.4749999940395355,0.4749999940395355,0.4749999940395355,0.4749999940395355,1000.0
2026-09-10 09:41:00,OMG.V,,2.640000104904175,2.640000104904175,2.630000114440918,2.630000114440918,500.0
2026-09-10 09:41:00,ONYX.V,,1.6399999856948853,1.6399999856948853,1.6399999856948853,1.6399999856948853,0.0
2026-09-10 09:41:00,OPW.V,,0.1599999964237213,0.1599999964237213,0.1599999964237213,0.1599999964237213,9500.0
2026-09-10 09:41:00,PML.V,,1.809999942779541,1.809999942779541,1.809999942779541,1.809999942779541,100.0
2026-09-10 09:41:00,QTWO.V,,2.619999885559082,2.619999885559082,2.619999885559082,2.619999885559082,200.0
2026-09-10 09:41:00,RDU.V,,0.1599999964237213,0.1599999964237213,0.1599999964237213,0.1599999964237213,9000.0
2026-09-10 09:41:00,RECO.V,,0.625,0.625,0.625,0.625,1000.0
2026-09-10 09:41:00,ROS.V,,0.2199999988079071,0.2199999988079071,0.2199999988079071,0.2199999988079071,0.0
2026-09-10 09:41:00,SBMI.V,,0.12999999523162842,0.12999999523162842,0.12999999523162842,0.12999999523162842,28000.0
2026-09-10 09:41:00,SCOT.V,,3.200000047683716,3.200000047683716,3.190000057220459,3.190000057220459,1284.0
2026-09-10 09:41:00,SEI.V,,0.4025000035762787,0.4099999964237213,0.4025000035762787,0.4099999964237213,13500.0
2026-09-10 09:41:00,SVRS.V,,0.5099999904632568,0.5099999904632568,0.5099999904632568,0.5099999904632568,10098.0
2026-09-10 09:42:00,MGG.V,,0.36000001430511475,0.36000001430511475,0.36000001430511475,0.36000001430511475,12000.0
2026-09-10 09:42:00,OMG.V,,2.640000104904175,2.640000104904175,2.640000104904175,2.640000104904175,100.0
2026-09-10 09:42:00,OMI.V,,0.27000001072883606,0.27000001072883606,0.27000001072883606,0.27000001072883606,0.0
2026-09-10 09:42:00,PINK.V,,0.28999999165534973,0.28999999165534973,0.28999999165534973,0.28999999165534973,1500.0
2026-09-10 09:42:00,PML.V,,1.809999942779541,1.8300000429153442,1.7999999523162842,1.809999942779541,6700.0
2026-09-10 09:42:00,PPP.V,,0.8500000238418579,0.8500000238418579,0.8500000238418579,0.8500000238418579,2500.0
2026-09-10 09:42:00,QNC.V,,2.430000066757202,2.430000066757202,2.430000066757202,2.430000066757202,200.0
2026-09-10 09:42:00,QTWO.V,,2.619999885559082,2.619999885559082,2.619999885559082,2.619999885559082,9100.0
2026-09-10 09:42:00,RDS.V,,1.1699999570846558,1.1699999570846558,1.1699999570846558,1.1699999570846558,100.0
2026-09-10 09:42:00,RECO.V,,0.6299999952316284,0.6299999952316284,0.6299999952316284,0.6299999952316284,2000.0
2026-09-10 09:42:00,SLG.V,,5.789999961853027,5.789999961853027,5.789999961853027,5.789999961853027,200.0
2026-09-10 09:42:00,VIPR.V,,0.46000000834465027,0.46000000834465027,0.46000000834465027,0.46000000834465027,7000.0
2026-09-10 09:43:00,MMY.V,,1.0,1.0,1.0,1.0,11075.0
2026-09-10 09:43:00,OMG.V,,2.630000114440918,2.640000104904175,2.630000114440918,2.640000104904175,400.0
2026-09-10 09:43:00,ONYX.V,,1.6399999856948853,1.6399999856948853,1.6399999856948853,1.6399999856948853,100.0
2026-09-10 09:43:00,PPP.V,,0.8500000238418579,0.8500000238418579,0.8500000238418579,0.8500000238418579,2000.0
2026-09-10 09:43:00,QNC.V,,2.430000066757202,2.430000066757202,2.4200000762939453,2.4200000762939453,400.0
2026-09-10 09:43:00,QTWO.V,,2.619999885559082,2.619999885559082,2.609999895095825,2.619999885559082,400.0
2026-09-10 09:43:00,RECO.V,,0.625,0.625,0.625,0.625,3000.0
2026-09-10 09:43:00,ROK.V,,0.4000000059604645,0.4000000059604645,0.4000000059604645,0.4000000059604645,35750.0
2026-09-10 09:43:00,RVG.V,,0.8999999761581421,0.8999999761581421,0.8999999761581421,0.8999999761581421,5050.0
2026-09-10 09:43:00,SAGE.V,,0.13500000536441803,0.13500000536441803,0.13500000536441803,0.13500000536441803,29500.0
2026-09-10 09:43:00,SLG.V,,5.795000076293945,5.809999942779541,5.78000020980835,5.809999942779541,3452.0
2026-09-10 09:43:00,SVRS.V,,0.5099999904632568,0.5099999904632568,0.5099999904632568,0.5099999904632568,6000.0
2026-09-10 09:44:00,NIM.V,,0.7799999713897705,0.7799999713897705,0.7799999713897705,0.7799999713897705,1500.0
2026-09-10 09:44:00,OMG.V,,2.609999895095825,2.640000104904175,2.609999895095825,2.640000104904175,6850.0
2026-09-10 09:44:00,PPP.V,,0.8500000238418579,0.8500000238418579,0.8500000238418579,0.8500000238418579,2000.0
2026-09-10 09:44:00,QNC.V,,2.430000066757202,2.430000066757202,2.430000066757202,2.430000066757202,700.0
2026-09-10 09:44:00,RECO.V,,0.625,0.625,0.625,0.625,3000.0
2026-09-10 09:44:00,RML.V,,1.1799999475479126,1.1799999475479126,1.1799999475479126,1.1799999475479126,7500.0
2026-09-10 09:44:00,SAGE.V,,0.13500000536441803,0.13500000536441803,0.13500000536441803,0.13500000536441803,50000.0
2026-09-10 09:44:00,SVRS.V,,0.5099999904632568,0.5099999904632568,0.5099999904632568,0.5099999904632568,24000.0
2026-09-10 09:45:00,FISH.V,,5.789999961853027,5.789999961853027,5.789999961853027,5.789999961853027,700.0
2026-09-10 09:45:00,MHUB.V,,0.550000011920929,0.550000011920929,0.550000011920929,0.550000011920929,500.0
2026-09-10 09:45:00,NAU.V,,1.2400000095367432,1.25,1.2400000095367432,1.25,1100.0
2026-09-10 09:45:00,PGE.V,,0.42500001192092896,0.42500001192092896,0.42500001192092896,0.42500001192092896,4500.0
2026-09-10 09:45:00,PML.V,,1.7899999618530273,1.7999999523162842,1.7899999618530273,1.7999999523162842,6800.0
2026-09-10 09:45:00,PNPN.V,,1.2200000286102295,1.2200000286102295,1.2200000286102295,1.2200000286102295,3500.0
2026-09-10 09:45:00,RECO.V,,0.6200000047683716,0.6299999952316284,0.6200000047683716,0.6299999952316284,4500.0
2026-09-10 09:45:00,SRL.V,,0.38499999046325684,0.38499999046325684,0.38499999046325684,0.38499999046325684,0.0
2026-09-10 09:45:00,VIPR.V,,0.4449999928474426,0.46000000834465027,0.4399999976158142,0.46000000834465027,45100.0
2026-09-10 09:46:00,HASH.V,,0.054999999701976776,0.054999999701976776,0.054999999701976776,0.054999999701976776,1000.0
2026-09-10 09:46:00,QNC.V,,2.4100000858306885,2.430000066757202,2.4100000858306885,2.430000066757202,2000.0
2026-09-10 09:46:00,ROK.V,,0.4000000059604645,0.4000000059604645,0.4000000059604645,0.4000000059604645,5500.0
2026-09-10 09:46:00,SCOT.V,,3.0999999046325684,3.140000104904175,3.0999999046325684,3.140000104904175,7180.0
2026-09-10 09:46:00,SVRS.V,,0.5099999904632568,0.5099999904632568,0.5099999904632568,0.5099999904632568,144000.0
2026-09-10 09:46:00,VIPR.V,,0.44999998807907104,0.44999998807907104,0.44999998807907104,0.44999998807907104,500.0
2026-09-10 09:47:00,MMY.V,,1.0,1.0,1.0,1.0,6200.0
2026-09-10 09:47:00,OMG.V,,2.640000104904175,2.6500000953674316,2.630000114440918,2.630000114440918,16700.0
2026-09-10 09:47:00,PGE.V,,0.4300000071525574,0.4300000071525574,0.4300000071525574,0.4300000071525574,14000.0
2026-09-10 09:47:00,PNPN.V,,1.2300000190734863,1.2300000190734863,1.2200000286102295,1.2200000286102295,17300.0
2026-09-10 09:47:00,QNC.V,,2.430000066757202,2.430000066757202,2.430000066757202,2.430000066757202,100.0
2026-09-10 09:47:00,QTWO.V,,2.6500000953674316,2.6500000953674316,2.6500000953674316,2.6500000953674316,100.0
2026-09-10 09:47:00,RDS.V,,1.1699999570846558,1.1699999570846558,1.1699999570846558,1.1699999570846558,5500.0
2026-09-10 09:47:00,ROK.V,,0.4000000059604645,0.4000000059604645,0.4000000059604645,0.4000000059604645,500.0
2026-09-10 09:47:00,SM.V,,1.5199999809265137,1.5199999809265137,1.5199999809265137,1.5199999809265137,254.0
2026-09-10 09:47:00,SSV.V,,0.6200000047683716,0.6200000047683716,0.6100000143051147,0.6200000047683716,13884.0
2026-09-10 09:47:00,SVRS.V,,0.5099999904632568,0.5099999904632568,0.5099999904632568,0.5099999904632568,19500.0
2026-09-10 09:47:00,VIPR.V,,0.44999998807907104,0.44999998807907104,0.44999998807907104,0.44999998807907104,2500.0
2026-09-10 09:48:00,NSE.V,,0.7699999809265137,0.7799999713897705,0.7699999809265137,0.7799999713897705,4000.0
2026-09-10 09:48:00,OMG.V,,2.6500000953674316,2.6500000953674316,2.6500000953674316,2.6500000953674316,100.0
2026-09-10 09:48:00,PML.V,,1.7899999618530273,1.7899999618530273,1.7799999713897705,1.7899999618530273,300.0
2026-09-10 09:48:00,PNPN.V,,1.2200000286102295,1.2200000286102295,1.2200000286102295,1.2200000286102295,2500.0
2026-09-10 09:48:00,PNTR.V,,0.45500001311302185,0.45500001311302185,0.45500001311302185,0.45500001311302185,20500.0
2026-09-10 09:48:00,QNC.V,,2.4200000762939453,2.4200000762939453,2.4200000762939453,2.4200000762939453,600.0
2026-09-10 09:48:00,RDS.V,,1.1699999570846558,1.1699999570846558,1.1699999570846558,1.1699999570846558,1000.0
2026-09-10 09:48:00,ROK.V,,0.4000000059604645,0.4000000059604645,0.4000000059604645,0.4000000059604645,5000.0
2026-09-10 09:48:00,SAGE.V,,0.13500000536441803,0.13500000536441803,0.13500000536441803,0.13500000536441803,25000.0
2026-09-10 09:48:00,SCOT.V,,3.049999952316284,3.049999952316284,3.049999952316284,3.049999952316284,8200.0
2026-09-10 09:48:00,SM.V,,1.5199999809265137,1.5199999809265137,1.5099999904632568,1.5099999904632568,1858.0
2026-09-10 09:48:00,SRR.V,,1.0700000524520874,1.0700000524520874,1.0700000524520874,1.0700000524520874,1000.0
2026-09-10 09:48:00,STRM.V,,0.5099999904632568,0.5099999904632568,0.5099999904632568,0.5099999904632568,1000.0
2026-09-10 09:48:00,SVRS.V,,0.5099999904632568,0.5099999904632568,0.5099999904632568,0.5099999904632568,8000.0
2026-09-10 09:49:00,MMY.V,,1.0,1.0,1.0,1.0,400.0
2026-09-10 09:49:00,OMG.V,,2.6500000953674316,2.6500000953674316,2.6500000953674316,2.6500000953674316,100.0
2026-09-10 09:49:00,PML.V,,1.7899999618530273,1.7899999618530273,1.7899999618530273,1.7899999618530273,400.0
2026-09-10 09:49:00,QTWO.V,,2.6500000953674316,2.6500000953674316,2.6500000953674316,2.6500000953674316,200.0
2026-09-10 09:49:00,RDS.V,,1.1699999570846558,1.1699999570846558,1.1649999618530273,1.1649999618530273,16700.0
2026-09-10 09:49:00,RECO.V,,0.6299999952316284,0.6299999952316284,0.6299999952316284,0.6299999952316284,500.0
2026-09-10 09:49:00,ROK.V,,0.4000000059604645,0.4000000059604645,0.4000000059604645,0.4000000059604645,1050.0
2026-09-10 09:49:00,SAGE.V,,0.13500000536441803,0.13500000536441803,0.13500000536441803,0.13500000536441803,500.0
2026-09-10 09:49:00,SDR.V,,0.17000000178813934,0.17000000178813934,0.17000000178813934,0.17000000178813934,0.0
2026-09-10 09:49:00,SM.V,,1.5199999809265137,1.5199999809265137,1.5199999809265137,1.5199999809265137,1035.0
2026-09-10 09:49:00,SME.V,,0.1599999964237213,0.1599999964237213,0.1599999964237213,0.1599999964237213,6625.0
2026-09-10 09:49:00,SSV.V,,0.6299999952316284,0.6299999952316284,0.6299999952316284,0.6299999952316284,2000.0
2026-09-10 09:49:00,VIPR.V,,0.44999998807907104,0.44999998807907104,0.44999998807907104,0.44999998807907104,3500.0
2026-09-10 09:50:00,AMY.V,,0.054999999701976776,0.054999999701976776,0.054999999701976776,0.054999999701976776,0.0
2026-09-10 09:50:00,MHUB.V,,0.550000011920929,0.550000011920929,0.550000011920929,0.550000011920929,500.0
2026-09-10 09:50:00,MMY.V,,1.0,1.0,1.0,1.0,5000.0
2026-09-10 09:50:00,OMG.V,,2.6500000953674316,2.6500000953674316,2.6500000953674316,2.6500000953674316,900.0
2026-09-10 09:50:00,PALI.V,,5.199999809265137,5.199999809265137,5.199999809265137,5.199999809265137,200.0
2026-09-10 09:50:00,PGE.V,,0.4300000071525574,0.4300000071525574,0.4300000071525574,0.4300000071525574,41000.0
2026-09-10 09:50:00,PNPN.V,,1.2300000190734863,1.2300000190734863,1.2300000190734863,1.2300000190734863,1000.0
2026-09-10 09:50:00,SCOT.V,,3.0399999618530273,3.0399999618530273,3.0399999618530273,3.0399999618530273,100.0
2026-09-10 09:50:00,STE.V,,0.36000001430511475,0.36000001430511475,0.36000001430511475,0.36000001430511475,0.0
2026-09-10 09:50:00,SVRS.V,,0.5049999952316284,0.5099999904632568,0.5049999952316284,0.5099999904632568,19325.0
2026-09-10 09:50:00,VIPR.V,,0.45500001311302185,0.45500001311302185,0.45500001311302185,0.45500001311302185,7500.0
2026-09-10 09:51:00,MGG.V,,0.36000001430511475,0.36000001430511475,0.36000001430511475,0.36000001430511475,3000.0
2026-09-10 09:51:00,MHUB.V,,0.5799999833106995,0.5799999833106995,0.5799999833106995,0.5799999833106995,500.0
2026-09-10 09:51:00,MMY.V,,1.0,1.0,1.0,1.0,2000.0
2026-09-10 09:51:00,OMG.V,,2.6500000953674316,2.6500000953674316,2.6500000953674316,2.6500000953674316,200.0
2026-09-10 09:51:00,PGE.V,,0.4300000071525574,0.4300000071525574,0.4300000071525574,0.4300000071525574,22000.0
2026-09-10 09:51:00,PNPN.V,,1.2200000286102295,1.2200000286102295,1.2200000286102295,1.2200000286102295,1300.0
2026-09-10 09:51:00,PNTR.V,,0.4449999928474426,0.44999998807907104,0.4449999928474426,0.44999998807907104,5000.0
2026-09-10 09:51:00,RDG.V,,0.24500000476837158,0.24500000476837158,0.24500000476837158,0.24500000476837158,20000.0
2026-09-10 09:51:00,SCD.V,,0.18000000715255737,0.18000000715255737,0.18000000715255737,0.18000000715255737,3500.0
2026-09-10 09:51:00,SMN.V,,0.15000000596046448,0.15000000596046448,0.15000000596046448,0.15000000596046448,25000.0
2026-09-10 09:51:00,STRM.V,,0.5099999904632568,0.5099999904632568,0.5099999904632568,0.5099999904632568,1500.0
2026-09-10 09:52:00,FEO.V,,0.800000011920929,0.800000011920929,0.800000011920929,0.800000011920929,8500.0
2026-09-10 09:52:00,MRZ.V,,0.3149999976158142,0.33000001311302185,0.3149999976158142,0.33000001311302185,47500.0
2026-09-10 09:52:00,OMG.V,,2.6500000953674316,2.6500000953674316,2.640000104904175,2.6500000953674316,6700.0
2026-09-10 09:52:00,PNPN.V,,1.2200000286102295,1.2200000286102295,1.2200000286102295,1.2200000286102295,100.0
2026-09-10 09:52:00,PPP.V,,0.8399999737739563,0.8500000238418579,0.8399999737739563,0.8500000238418579,23000.0
2026-09-10 09:52:00,RECO.V,,0.6299999952316284,0.6299999952316284,0.6299999952316284,0.6299999952316284,1000.0
2026-09-10 09:52:00,ROS.V,,0.20499999821186066,0.20999999344348907,0.20499999821186066,0.20999999344348907,13000.0
2026-09-10 09:52:00,SCD.V,,0.18000000715255737,0.18000000715255737,0.18000000715255737,0.18000000715255737,11000.0
2026-09-10 09:52:00,SSV.V,,0.6200000047683716,0.6200000047683716,0.6200000047683716,0.6200000047683716,43000.0
2026-09-10 09:53:00,OCO.V,,0.4650000035762787,0.4650000035762787,0.4650000035762787,0.4650000035762787,1000.0
2026-09-10 09:53:00,OMG.V,,2.630000114440918,2.6500000953674316,2.630000114440918,2.6500000953674316,3700.0
2026-09-10 09:53:00,QNC.V,,2.4000000953674316,2.4100000858306885,2.4000000953674316,2.4100000858306885,10440.0
2026-09-10 09:53:00,RCK.V,,0.6499999761581421,0.6499999761581421,0.6499999761581421,0.6499999761581421,0.0
2026-09-10 09:53:00,ROK.V,,0.4000000059604645,0.4000000059604645,0.4000000059604645,0.4000000059604645,500.0
2026-09-10 09:53:00,ROS.V,,0.20000000298023224,0.20000000298023224,0.20000000298023224,0.20000000298023224,100000.0
2026-09-10 09:53:00,RSS.V,,0.5899999737739563,0.5899999737739563,0.5600000023841858,0.5600000023841858,4500.0
2026-09-10 09:53:00,SOMA.V,,0.699999988079071,0.699999988079071,0.6899999976158142,0.6899999976158142,13248.0
2026-09-10 09:53:00,SPRQ.V,,0.9800000190734863,0.9800000190734863,0.9800000190734863,0.9800000190734863,100.0
2026-09-10 09:53:00,SSV.V,,0.6200000047683716,0.6200000047683716,0.6200000047683716,0.6200000047683716,40500.0
2026-09-10 09:53:00,SVRS.V,,0.5049999952316284,0.5049999952316284,0.5049999952316284,0.5049999952316284,3500.0
2026-09-10 09:54:00,OCO.V,,0.46000000834465027,0.46000000834465027,0.46000000834465027,0.46000000834465027,2000.0
2026-09-10 09:54:00,OMG.V,,2.630000114440918,2.630000114440918,2.630000114440918,2.630000114440918,4900.0
2026-09-10 09:54:00,ONYX.V,,1.6399999856948853,1.6399999856948853,1.6399999856948853,1.6399999856948853,13000.0
2026-09-10 09:54:00,PESO.V,,0.5199999809265137,0.5199999809265137,0.5199999809265137,0.5199999809265137,15500.0
2026-09-10 09:54:00,PPP.V,,0.8399999737739563,0.8399999737739563,0.8399999737739563,0.8399999737739563,3500.0
2026-09-10 09:54:00,RDS.V,,1.1699999570846558,1.1699999570846558,1.1699999570846558,1.1699999570846558,7700.0
2026-09-10 09:54:00,ROK.V,,0.4000000059604645,0.4000000059604645,0.4000000059604645,0.4000000059604645,2000.0
2026-09-10 09:54:00,SM.V,,1.5199999809265137,1.5199999809265137,1.5199999809265137,1.5199999809265137,100.0
2026-09-10 09:54:00,SSV.V,,0.6200000047683716,0.6200000047683716,0.6200000047683716,0.6200000047683716,1000.0
2026-09-10 09:55:00,OCO.V,,0.4650000035762787,0.4650000035762787,0.4650000035762787,0.4650000035762787,500.0
2026-09-10 09:55:00,PLSR.V,,1.2799999713897705,1.2799999713897705,1.2799999713897705,1.2799999713897705,500.0
2026-09-10 09:55:00,PPP.V,,0.8299999833106995,0.8399999737739563,0.8299999833106995,0.8399999737739563,139900.0
2026-09-10 09:55:00,PVF-UN.V,,16.0,16.0,16.0,16.0,0.0
2026-09-10 09:55:00,RML.V,,1.190000057220459,1.190000057220459,1.1699999570846558,1.190000057220459,67100.0
2026-09-10 09:55:00,SOI.V,,0.20000000298023224,0.20000000298023224,0.20000000298023224,0.20000000298023224,14500.0
2026-09-10 09:55:00,SSV.V,,0.6200000047683716,0.6200000047683716,0.6200000047683716,0.6200000047683716,18500.0
2026-09-10 09:55:00,SVRS.V,,0.5099999904632568,0.5099999904632568,0.5099999904632568,0.5099999904632568,39000.0
2026-09-10 09:55:00,SXL.V,,0.05999999865889549,0.05999999865889549,0.05999999865889549,0.05999999865889549,0.0
2026-09-10 09:56:00,OAM.V,,0.10000000149011612,0.10000000149011612,0.10000000149011612,0.10000000149011612,0.0
2026-09-10 09:56:00,ONYX.V,,1.6399999856948853,1.6399999856948853,1.6399999856948853,1.6399999856948853,500.0
2026-09-10 09:56:00,PLSR.V,,1.2699999809265137,1.2699999809265137,1.2699999809265137,1.2699999809265137,3500.0
2026-09-10 09:56:00,PLUR.V,,0.14499999582767487,0.14499999582767487,0.14499999582767487,0.14499999582767487,7950.0
2026-09-10 09:56:00,PML.V,,1.7899999618530273,1.7899999618530273,1.7899999618530273,1.7899999618530273,100.0
2026-09-10 09:56:00,PNPN.V,,1.2200000286102295,1.2200000286102295,1.2200000286102295,1.2200000286102295,2000.0
2026-09-10 09:56:00,PRG.V,,0.1599999964237213,0.1599999964237213,0.1599999964237213,0.1599999964237213,0.0
2026-09-10 09:56:00,PVF-UN.V,,16.0,16.0,16.0,16.0,200.0
2026-09-10 09:56:00,QNC.V,,2.4000000953674316,2.4000000953674316,2.4000000953674316,2.4000000953674316,8000.0
2026-09-10 09:56:00,QTWO.V,,2.640000104904175,2.640000104904175,2.640000104904175,2.640000104904175,200.0
2026-09-10 09:56:00,RML.V,,1.190000057220459,1.190000057220459,1.190000057220459,1.190000057220459,9000.0
2026-09-10 09:56:00,ROK.V,,0.39500001072883606,0.39500001072883606,0.39500001072883606,0.39500001072883606,2000.0
2026-09-10 09:57:00,NBVA.V,,0.18000000715255737,0.18000000715255737,0.18000000715255737,0.18000000715255737,3500.0
2026-09-10 09:57:00,OGO.V,,0.44999998807907104,0.44999998807907104,0.44999998807907104,0.44999998807907104,0.0
2026-09-10 09:57:00,OMG.V,,2.640000104904175,2.640000104904175,2.640000104904175,2.640000104904175,1500.0
2026-09-10 09:57:00,OMI.V,,0.27000001072883606,0.27000001072883606,0.27000001072883606,0.27000001072883606,5012.0
2026-09-10 09:57:00,PNPN.V,,1.215000033378601,1.215000033378601,1.215000033378601,1.215000033378601,300.0
2026-09-10 09:57:00,PPP.V,,0.8299999833106995,0.8299999833106995,0.8299999833106995,0.8299999833106995,5000.0
2026-09-10 09:57:00,PVIS.V,,0.29499998688697815,0.29499998688697815,0.29499998688697815,0.29499998688697815,0.0
2026-09-10 09:57:00,QNC.V,,2.390000104904175,2.390000104904175,2.390000104904175,2.390000104904175,2500.0
2026-09-10 09:57:00,RSS.V,,0.5799999833106995,0.5799999833106995,0.5799999833106995,0.5799999833106995,1000.0
2026-09-10 09:58:00,OMG.V,,2.6449999809265137,2.6449999809265137,2.6449999809265137,2.6449999809265137,100.0
2026-09-10 09:58:00,PVIS.V,,0.2849999964237213,0.2849999964237213,0.2849999964237213,0.2849999964237213,2000.0
2026-09-10 09:58:00,QZM.V,,0.4099999964237213,0.4099999964237213,0.4099999964237213,0.4099999964237213,0.0
2026-09-10 09:58:00,SLG.V,,5.840000152587891,5.840000152587891,5.840000152587891,5.840000152587891,316.0
2026-09-10 09:59:00,MMY.V,,1.0,1.0,1.0,1.0,100.0
2026-09-10 09:59:00,OMG.V,,2.6500000953674316,2.6500000953674316,2.6449999809265137,2.6500000953674316,1000.0
2026-09-10 09:59:00,PESO.V,,0.5199999809265137,0.5199999809265137,0.5199999809265137,0.5199999809265137,1000.0
2026-09-10 09:59:00,PGE.V,,0.4350000023841858,0.4350000023841858,0.4350000023841858,0.4350000023841858,3000.0
2026-09-10 09:59:00,RECO.V,,0.625,0.625,0.625,0.625,500.0
2026-09-10 09:59:00,SMN.V,,0.15000000596046448,0.15000000596046448,0.15000000596046448,0.15000000596046448,1000.0
2026-09-10 09:59:00,SSV.V,,0.6200000047683716,0.6200000047683716,0.6200000047683716,0.6200000047683716,41000.0
2026-09-10 09:59:00,SXL.V,,0.05999999865889549,0.05999999865889549,0.05999999865889549,0.05999999865889549,6000.0
2026-09-10 10:00:00,OGO.V,,0.41999998688697815,0.4399999976158142,0.41999998688697815,0.4399999976158142,41329.0
2026-09-10 10:00:00,OMG.V,,2.6700000762939453,2.6700000762939453,2.6600000858306885,2.6600000858306885,200.0
2026-09-10 10:00:00,PGE.V,,0.4300000071525574,0.4300000071525574,0.4300000071525574,0.4300000071525574,4000.0
2026-09-10 10:00:00,PPP.V,,0.8299999833106995,0.8299999833106995,0.8299999833106995,0.8299999833106995,1300.0
2026-09-10 10:00:00,RDS.V,,1.1699999570846558,1.1699999570846558,1.1699999570846558,1.1699999570846558,5077.0
2026-09-10 10:00:00,SHRP.V,,0.06499999761581421,0.06499999761581421,0.06499999761581421,0.06499999761581421,0.0
2026-09-10 10:00:00,SM.V,,1.5299999713897705,1.5299999713897705,1.5299999713897705,1.5299999713897705,200.0
2026-09-10 10:01:00,NKW-H.V,,0.09000000357627869,0.09000000357627869,0.09000000357627869,0.09000000357627869,0.0
2026-09-10 10:01:00,OCI.V,,0.17499999701976776,0.17499999701976776,0.17499999701976776,0.17499999701976776,0.0
2026-09-10 10:01:00,OMG.V,,2.6700000762939453,2.6700000762939453,2.6700000762939453,2.6700000762939453,300.0
2026-09-10 10:01:00,PPP.V,,0.8399999737739563,0.8399999737739563,0.8399999737739563,0.8399999737739563,21000.0
2026-09-10 10:01:00,QZM.V,,0.4050000011920929,0.4050000011920929,0.4050000011920929,0.4050000011920929,500.0
2026-09-10 10:01:00,RDS.V,,1.1699999570846558,1.1699999570846558,1.1699999570846558,1.1699999570846558,100.0
2026-09-10 10:01:00,RET-A.V,,2.059999942779541,2.059999942779541,2.059999942779541,2.059999942779541,1502.0
2026-09-10 10:02:00,FEO.V,,0.800000011920929,0.800000011920929,0.800000011920929,0.800000011920929,500.0
2026-09-10 10:02:00,MHUB.V,,0.550000011920929,0.5600000023841858,0.550000011920929,0.5600000023841858,44800.0
2026-09-10 10:02:00,NDA.V,,0.6200000047683716,0.6200000047683716,0.6200000047683716,0.6200000047683716,1000.0
2026-09-10 10:02:00,OMG.V,,2.6500000953674316,2.6600000858306885,2.6500000953674316,2.6600000858306885,8400.0
2026-09-10 10:02:00,PML.V,,1.7899999618530273,1.7899999618530273,1.7799999713897705,1.7799999713897705,5100.0
2026-09-10 10:02:00,PRG.V,,0.16500000655651093,0.16500000655651093,0.16500000655651093,0.16500000655651093,500.0
2026-09-10 10:02:00,PWM.V,,0.5,0.5,0.5,0.5,1000.0
2026-09-10 10:02:00,RECO.V,,0.6299999952316284,0.6299999952316284,0.6299999952316284,0.6299999952316284,11500.0
2026-09-10 10:02:00,RZL.V,,0.28999999165534973,0.28999999165534973,0.28999999165534973,0.28999999165534973,0.0
2026-09-10 10:02:00,SOMA.V,,0.6899999976158142,0.6899999976158142,0.6899999976158142,0.6899999976158142,17050.0
2026-09-10 10:03:00,MKA.V,,0.800000011920929,0.800000011920929,0.800000011920929,0.800000011920929,4000.0
2026-09-10 10:03:00,MMY.V,,1.0,1.0,1.0,1.0,200.0
2026-09-10 10:03:00,PML.V,,1.7899999618530273,1.7899999618530273,1.7899999618530273,1.7899999618530273,100.0
2026-09-10 10:03:00,PNPN.V,,1.2300000190734863,1.2300000190734863,1.2200000286102295,1.2200000286102295,16950.0
2026-09-10 10:03:00,RML.V,,1.1699999570846558,1.1699999570846558,1.1699999570846558,1.1699999570846558,100.0
2026-09-10 10:03:00,SOI.V,,0.19499999284744263,0.19499999284744263,0.19499999284744263,0.19499999284744263,15000.0
2026-09-10 10:04:00,FEO.V,,0.7900000214576721,0.7900000214576721,0.7900000214576721,0.7900000214576721,500.0
2026-09-10 10:04:00,OMG.V,,2.6500000953674316,2.6500000953674316,2.6449999809265137,2.6449999809265137,3200.0
2026-09-10 10:04:00,ROK.V,,0.4000000059604645,0.4000000059604645,0.4000000059604645,0.4000000059604645,36000.0
2026-09-10 10:04:00,SCOT.V,,3.049999952316284,3.049999952316284,3.049999952316284,3.049999952316284,10815.0
2026-09-10 10:05:00,OMG.V,,2.6500000953674316,2.6500000953674316,2.6500000953674316,2.6500000953674316,3500.0
2026-09-10 10:05:00,QNC.V,,2.390000104904175,2.390000104904175,2.390000104904175,2.390000104904175,100.0
2026-09-10 10:05:00,RDS.V,,1.1749999523162842,1.1749999523162842,1.1749999523162842,1.1749999523162842,3300.0
2026-09-10 10:05:00,SBMI.V,,0.12999999523162842,0.12999999523162842,0.12999999523162842,0.12999999523162842,45500.0
2026-09-10 10:05:00,SHL.V,,0.38499999046325684,0.38499999046325684,0.38499999046325684,0.38499999046325684,10000.0
2026-09-10 10:05:00,SSV.V,,0.6200000047683716,0.6200000047683716,0.6200000047683716,0.6200000047683716,1000.0
2026-09-10 10:06:00,FISH.V,,5.75,5.75,5.75,5.75,300.0
2026-09-10 10:06:00,MRZ.V,,0.32499998807907104,0.32499998807907104,0.32499998807907104,0.32499998807907104,2500.0
2026-09-10 10:06:00,NAU.V,,1.2300000190734863,1.2300000190734863,1.2300000190734863,1.2300000190734863,4614.0
2026-09-10 10:06:00,OMG.V,,2.6500000953674316,2.6549999713897705,2.6500000953674316,2.6500000953674316,4500.0
2026-09-10 10:06:00,PESO.V,,0.5199999809265137,0.5199999809265137,0.5199999809265137,0.5199999809265137,1500.0
2026-09-10 10:06:00,PINK.V,,0.28999999165534973,0.28999999165534973,0.28999999165534973,0.28999999165534973,4500.0
2026-09-10 10:06:00,PML.V,,1.7899999618530273,1.7899999618530273,1.7899999618530273,1.7899999618530273,100.0
2026-09-10 10:06:00,PNPN.V,,1.2100000381469727,1.2200000286102295,1.2100000381469727,1.2200000286102295,27952.0
2026-09-10 10:06:00,QNC.V,,2.380000114440918,2.3949999809265137,2.380000114440918,2.3949999809265137,3250.0
2026-09-10 10:07:00,BKM.V,,2.75,2.809999942779541,2.75,2.809999942779541,1900.0
2026-09-10 10:07:00,NAU.V,,1.2400000095367432,1.2400000095367432,1.2300000190734863,1.2300000190734863,2700.0
2026-09-10 10:07:00,OMG.V,,2.640000104904175,2.640000104904175,2.640000104904175,2.640000104904175,900.0
2026-09-10 10:07:00,PLY.V,,0.054999999701976776,0.054999999701976776,0.054999999701976776,0.054999999701976776,19000.0
2026-09-10 10:07:00,PNPN.V,,1.2100000381469727,1.2100000381469727,1.2100000381469727,1.2100000381469727,4800.0
2026-09-10 10:07:00,SCOT.V,,3.0799999237060547,3.0899999141693115,3.0799999237060547,3.0799999237060547,2000.0
2026-09-10 10:07:00,SME.V,,0.1599999964237213,0.1599999964237213,0.1599999964237213,0.1599999964237213,3500.0
2026-09-10 10:07:00,SOI.V,,0.19499999284744263,0.19499999284744263,0.19499999284744263,0.19499999284744263,40500.0
2026-09-10 10:07:00,SRQ.V,,0.10000000149011612,0.10000000149011612,0.10000000149011612,0.10000000149011612,0.0
2026-09-10 10:07:00,SSV.V,,0.6200000047683716,0.6200000047683716,0.6200000047683716,0.6200000047683716,9000.0
2026-09-10 10:07:00,SVE.V,,0.44999998807907104,0.44999998807907104,0.44999998807907104,0.44999998807907104,1500.0
2026-09-10 10:08:00,OMG.V,,2.634999990463257,2.634999990463257,2.634999990463257,2.634999990463257,100.0
2026-09-10 10:08:00,PNPN.V,,1.2000000476837158,1.2000000476837158,1.2000000476837158,1.2000000476837158,34160.0
2026-09-10 10:08:00,PUMA.V,,0.14000000059604645,0.14000000059604645,0.14000000059604645,0.14000000059604645,1000.0
2026-09-10 10:08:00,RDS.V,,1.1699999570846558,1.1699999570846558,1.1699999570846558,1.1699999570846558,300.0
2026-09-10 10:08:00,SCOT.V,,3.049999952316284,3.049999952316284,3.049999952316284,3.049999952316284,5000.0
2026-09-10 10:08:00,SLG.V,,5.699999809265137,5.809999942779541,5.699999809265137,5.809999942779541,7100.0
2026-09-10 10:08:00,SOI.V,,0.19499999284744263,0.19499999284744263,0.19499999284744263,0.19499999284744263,56000.0
2026-09-10 10:08:00,SOU.V,,0.07500000298023224,0.07500000298023224,0.07500000298023224,0.07500000298023224,35008.0
2026-09-10 10:08:00,SVE.V,,0.45249998569488525,0.45249998569488525,0.45249998569488525,0.45249998569488525,6000.0
2026-09-10 10:09:00,OMG.V,,2.630000114440918,2.630000114440918,2.630000114440918,2.630000114440918,1300.0
2026-09-10 10:09:00,OZ.V,,0.3449999988079071,0.3449999988079071,0.3449999988079071,0.3449999988079071,3000.0
2026-09-10 10:09:00,PNTR.V,,0.46000000834465027,0.46000000834465027,0.46000000834465027,0.46000000834465027,3000.0
2026-09-10 10:09:00,QNC.V,,2.384999990463257,2.384999990463257,2.384999990463257,2.384999990463257,100.0
2026-09-10 10:09:00,RECO.V,,0.6299999952316284,0.6299999952316284,0.6299999952316284,0.6299999952316284,25000.0
2026-09-10 10:09:00,SAGE.V,,0.13500000536441803,0.13500000536441803,0.13500000536441803,0.13500000536441803,500.0
2026-09-10 10:09:00,SCD.V,,0.17499999701976776,0.17499999701976776,0.17499999701976776,0.17499999701976776,207900.0
2026-09-10 10:09:00,SM.V,,1.5199999809265137,1.5299999713897705,1.5199999809265137,1.5299999713897705,4685.0
2026-09-10 10:09:00,SME.V,,0.16500000655651093,0.16500000655651093,0.16500000655651093,0.16500000655651093,500.0
2026-09-10 10:09:00,SOMA.V,,0.6800000071525574,0.6800000071525574,0.6800000071525574,0.6800000071525574,10679.0
2026-09-10 10:09:00,SVE.V,,0.44999998807907104,0.44999998807907104,0.44999998807907104,0.44999998807907104,8000.0
2026-09-10 10:09:00,SVRS.V,,0.5099999904632568,0.5099999904632568,0.5099999904632568,0.5099999904632568,14000.0
2026-09-10 10:10:00,OMG.V,,2.634999990463257,2.634999990463257,2.630000114440918,2.630000114440918,2800.0
2026-09-10 10:10:00,PNPN.V,,1.190000057220459,1.1950000524520874,1.190000057220459,1.1950000524520874,4500.0
2026-09-10 10:10:00,PNTR.V,,0.46000000834465027,0.46000000834465027,0.46000000834465027,0.46000000834465027,2000.0
2026-09-10 10:10:00,PRG.V,,0.16500000655651093,0.16500000655651093,0.16500000655651093,0.16500000655651093,500.0
2026-09-10 10:10:00,ROK.V,,0.4000000059604645,0.4000000059604645,0.4000000059604645,0.4000000059604645,1500.0
2026-09-10 10:10:00,RSS.V,,0.5699999928474426,0.5799999833106995,0.5699999928474426,0.574999988079071,8000.0
2026-09-10 10:10:00,RZL.V,,0.28999999165534973,0.28999999165534973,0.28999999165534973,0.28999999165534973,1000.0
2026-09-10 10:10:00,SCD.V,,0.17499999701976776,0.17499999701976776,0.17499999701976776,0.17499999701976776,10000.0
2026-09-10 10:10:00,SHL.V,,0.38999998569488525,0.38999998569488525,0.38999998569488525,0.38999998569488525,1500.0
2026-09-10 10:10:00,SVE.V,,0.44999998807907104,0.44999998807907104,0.44999998807907104,0.44999998807907104,10500.0
2026-09-10 10:11:00,MRZ.V,,0.32499998807907104,0.32499998807907104,0.32499998807907104,0.32499998807907104,2500.0
2026-09-10 10:11:00,OMG.V,,2.634999990463257,2.634999990463257,2.634999990463257,2.634999990463257,500.0
2026-09-10 10:11:00,PGZ.V,,0.17000000178813934,0.17000000178813934,0.17000000178813934,0.17000000178813934,3500.0
2026-09-10 10:11:00,QNC.V,,2.380000114440918,2.380000114440918,2.380000114440918,2.380000114440918,100.0
2026-09-10 10:11:00,RDG.V,,0.24500000476837158,0.24500000476837158,0.24500000476837158,0.24500000476837158,29000.0
2026-09-10 10:11:00,SCD.V,,0.17499999701976776,0.17499999701976776,0.17499999701976776,0.17499999701976776,500.0
2026-09-10 10:11:00,SSV.V,,0.6200000047683716,0.6200000047683716,0.6200000047683716,0.6200000047683716,40400.0
2026-09-10 10:12:00,PML.V,,1.7899999618530273,1.7899999618530273,1.7799999713897705,1.7799999713897705,200.0
2026-09-10 10:12:00,QTWO.V,,2.630000114440918,2.630000114440918,2.630000114440918,2.630000114440918,2000.0
2026-09-10 10:12:00,RSS.V,,0.5600000023841858,0.5699999928474426,0.5600000023841858,0.5699999928474426,1000.0
2026-09-10 10:13:00,NCAU.V,,0.29499998688697815,0.30000001192092896,0.29499998688697815,0.30000001192092896,6500.0
2026-09-10 10:13:00,PNPN.V,,1.1950000524520874,1.1950000524520874,1.1950000524520874,1.1950000524520874,800.0
2026-09-10 10:13:00,QTWO.V,,2.630000114440918,2.630000114440918,2.619999885559082,2.619999885559082,1100.0
2026-09-10 10:13:00,SOMA.V,,0.6800000071525574,0.6800000071525574,0.6800000071525574,0.6800000071525574,5000.0
2026-09-10 10:14:00,NRX.V,,0.6299999952316284,0.6299999952316284,0.6299999952316284,0.6299999952316284,17500.0
2026-09-10 10:14:00,OGO.V,,0.4449999928474426,0.4449999928474426,0.4399999976158142,0.4399999976158142,2000.0
2026-09-10 10:14:00,OMG.V,,2.619999885559082,2.630000114440918,2.619999885559082,2.630000114440918,5200.0
2026-09-10 10:14:00,PML.V,,1.7799999713897705,1.7799999713897705,1.7799999713897705,1.7799999713897705,100.0
2026-09-10 10:14:00,SCD.V,,0.17499999701976776,0.17499999701976776,0.17499999701976776,0.17499999701976776,16000.0
2026-09-10 10:14:00,SLG.V,,5.78000020980835,5.78000020980835,5.724999904632568,5.724999904632568,500.0
2026-09-10 10:15:00,OMG.V,,2.630000114440918,2.630000114440918,2.625,2.630000114440918,5500.0
2026-09-10 10:15:00,PALI.V,,5.199999809265137,5.199999809265137,5.199999809265137,5.199999809265137,100.0
2026-09-10 10:15:00,PINK.V,,0.28999999165534973,0.28999999165534973,0.28999999165534973,0.28999999165534973,3000.0
2026-09-10 10:15:00,QNC.V,,2.380000114440918,2.380000114440918,2.380000114440918,2.380000114440918,803.0
2026-09-10 10:15:00,QTWO.V,,2.619999885559082,2.619999885559082,2.609999895095825,2.619999885559082,6400.0
2026-09-10 10:15:00,SCD.V,,0.17499999701976776,0.17499999701976776,0.17499999701976776,0.17499999701976776,47500.0
2026-09-10 10:16:00,PGZ.V,,0.17000000178813934,0.17000000178813934,0.17000000178813934,0.17000000178813934,8500.0
2026-09-10 10:16:00,PLSR.V,,1.2599999904632568,1.2699999809265137,1.2599999904632568,1.2699999809265137,3500.0
2026-09-10 10:16:00,PTU.V,,0.36000001430511475,0.36000001430511475,0.36000001430511475,0.36000001430511475,13000.0
2026-09-10 10:16:00,PUMA.V,,0.14499999582767487,0.14499999582767487,0.14499999582767487,0.14499999582767487,7500.0
2026-09-10 10:16:00,QNC.V,,2.375,2.375,2.375,2.375,100.0
2026-09-10 10:16:00,QTWO.V,,2.630000114440918,2.630000114440918,2.625,2.625,1200.0
2026-09-10 10:16:00,SLG.V,,5.78000020980835,5.78000020980835,5.769999980926514,5.769999980926514,200.0
2026-09-10 10:16:00,SMN.V,,0.15000000596046448,0.15000000596046448,0.15000000596046448,0.15000000596046448,9000.0
2026-09-10 10:17:00,MMY.V,,0.9950000047683716,0.9950000047683716,0.9950000047683716,0.9950000047683716,500.0
2026-09-10 10:17:00,PESO.V,,0.5199999809265137,0.5199999809265137,0.5199999809265137,0.5199999809265137,13500.0
2026-09-10 10:17:00,PGE.V,,0.4300000071525574,0.4300000071525574,0.4300000071525574,0.4300000071525574,6000.0
2026-09-10 10:17:00,SSV.V,,0.6200000047683716,0.6200000047683716,0.6200000047683716,0.6200000047683716,4000.0
2026-09-10 10:18:00,MMY.V,,0.9900000095367432,0.9900000095367432,0.9900000095367432,0.9900000095367432,14000.0
2026-09-10 10:18:00,NAU.V,,1.2400000095367432,1.2400000095367432,1.2400000095367432,1.2400000095367432,100.0
2026-09-10 10:18:00,OCO.V,,0.4650000035762787,0.4699999988079071,0.4650000035762787,0.4699999988079071,20652.0
2026-09-10 10:18:00,PNPN.V,,1.2000000476837158,1.2000000476837158,1.2000000476837158,1.2000000476837158,500.0
2026-09-10 10:18:00,PPP.V,,0.8299999833106995,0.8299999833106995,0.8199999928474426,0.8299999833106995,299000.0
2026-09-10 10:18:00,QNC.V,,2.369999885559082,2.369999885559082,2.365000009536743,2.369999885559082,8380.0
2026-09-10 10:18:00,RECO.V,,0.6200000047683716,0.6200000047683716,0.6150000095367432,0.6200000047683716,72185.0
2026-09-10 10:18:00,RMB.V,,0.699999988079071,0.699999988079071,0.699999988079071,0.699999988079071,0.0
2026-09-10 10:18:00,SM.V,,1.5199999809265137,1.5199999809265137,1.5199999809265137,1.5199999809265137,100.0
2026-09-10 10:18:00,SRQ.V,,0.10000000149011612,0.10000000149011612,0.10000000149011612,0.10000000149011612,9000.0
2026-09-10 10:19:00,OMG.V,,2.634999990463257,2.634999990463257,2.630000114440918,2.630000114440918,4500.0
2026-09-10 10:19:00,PEI.V,,0.03500000014901161,0.03500000014901161,0.03500000014901161,0.03500000014901161,0.0
2026-09-10 10:19:00,PNPN.V,,1.2000000476837158,1.2000000476837158,1.2000000476837158,1.2000000476837158,1300.0
2026-09-10 10:19:00,QNC.V,,2.359999895095825,2.359999895095825,2.359999895095825,2.359999895095825,1500.0
2026-09-10 10:19:00,RDS.V,,1.1699999570846558,1.1699999570846558,1.1699999570846558,1.1699999570846558,2500.0
2026-09-10 10:19:00,SDR.V,,0.17000000178813934,0.17000000178813934,0.17000000178813934,0.17000000178813934,46500.0
2026-09-10 10:20:00,MMY.V,,0.9800000190734863,0.9850000143051147,0.9800000190734863,0.9850000143051147,17700.0
2026-09-10 10:20:00,OMG.V,,2.630000114440918,2.630000114440918,2.630000114440918,2.630000114440918,5000.0
2026-09-10 10:20:00,OMI.V,,0.27000001072883606,0.27000001072883606,0.27000001072883606,0.27000001072883606,3000.0
2026-09-10 10:20:00,PNPN.V,,1.2000000476837158,1.2000000476837158,1.2000000476837158,1.2000000476837158,1000.0
2026-09-10 10:20:00,PRG.V,,0.16500000655651093,0.16500000655651093,0.16500000655651093,0.16500000655651093,500.0
2026-09-10 10:20:00,RK.V,,0.20000000298023224,0.20000000298023224,0.1899999976158142,0.1899999976158142,0.0
2026-09-10 10:20:00,SEI.V,,0.39750000834465027,0.39750000834465027,0.39750000834465027,0.39750000834465027,7000.0
2026-09-10 10:20:00,SRR.V,,1.0800000429153442,1.0800000429153442,1.0800000429153442,1.0800000429153442,1000.0
2026-09-10 10:21:00,OMG.V,,2.630000114440918,2.630000114440918,2.630000114440918,2.630000114440918,100.0
2026-09-10 10:21:00,PLSR.V,,1.25,1.25,1.25,1.25,1700.0
2026-09-10 10:21:00,PML.V,,1.774999976158142,1.774999976158142,1.774999976158142,1.774999976158142,100.0
2026-09-10 10:21:00,RECO.V,,0.6200000047683716,0.6200000047683716,0.6200000047683716,0.6200000047683716,5000.0
2026-09-10 10:21:00,RSS.V,,0.5600000023841858,0.5600000023841858,0.5600000023841858,0.5600000023841858,500.0
2026-09-10 10:21:00,SSV.V,,0.6150000095367432,0.6150000095367432,0.6150000095367432,0.6150000095367432,1500.0
2026-09-10 10:22:00,NSU.V,,0.1899999976158142,0.1899999976158142,0.1899999976158142,0.1899999976158142,0.0
2026-09-10 10:22:00,OMG.V,,2.630000114440918,2.630000114440918,2.630000114440918,2.630000114440918,700.0
2026-09-10 10:22:00,PLSR.V,,1.2599999904632568,1.2599999904632568,1.25,1.25,10400.0
2026-09-10 10:22:00,RDG.V,,0.24500000476837158,0.24500000476837158,0.24500000476837158,0.24500000476837158,16000.0
2026-09-10 10:22:00,RDS.V,,1.1699999570846558,1.1699999570846558,1.1699999570846558,1.1699999570846558,12500.0
2026-09-10 10:22:00,RET-A.V,,2.049999952316284,2.049999952316284,2.049999952316284,2.049999952316284,3000.0
2026-09-10 10:22:00,VIPR.V,,0.46000000834465027,0.46000000834465027,0.46000000834465027,0.46000000834465027,5000.0
2026-09-10 10:23:00,MMY.V,,0.9900000095367432,0.9900000095367432,0.9900000095367432,0.9900000095367432,200.0
2026-09-10 10:23:00,NAM.V,,0.2150000035762787,0.2150000035762787,0.2150000035762787,0.2150000035762787,8500.0
2026-09-10 10:23:00,NAU.V,,1.2400000095367432,1.2400000095367432,1.2400000095367432,1.2400000095367432,100.0
2026-09-10 10:23:00,PLSR.V,,1.25,1.25,1.25,1.25,4700.0
2026-09-10 10:23:00,QGR.V,,0.2150000035762787,0.2150000035762787,0.2150000035762787,0.2150000035762787,3500.0
2026-09-10 10:23:00,SLG.V,,5.96999979019165,5.96999979019165,5.730000019073486,5.820000171661377,5200.0
2026-09-10 10:24:00,MMY.V,,0.9900000095367432,0.9900000095367432,0.9900000095367432,0.9900000095367432,12400.0
2026-09-10 10:24:00,OMG.V,,2.640000104904175,2.640000104904175,2.640000104904175,2.640000104904175,4200.0
2026-09-10 10:24:00,PML.V,,1.7799999713897705,1.7799999713897705,1.7799999713897705,1.7799999713897705,5900.0
2026-09-10 10:24:00,PNPN.V,,1.2100000381469727,1.2100000381469727,1.2100000381469727,1.2100000381469727,1000.0
2026-09-10 10:24:00,QNC.V,,2.380000114440918,2.380000114440918,2.380000114440918,2.380000114440918,100.0
2026-09-10 10:24:00,QTWO.V,,2.6600000858306885,2.6600000858306885,2.640000104904175,2.640000104904175,5500.0
2026-09-10 10:24:00,RDS.V,,1.1699999570846558,1.1699999570846558,1.1699999570846558,1.1699999570846558,300.0
2026-09-10 10:24:00,SLG.V,,5.789999961853027,5.789999961853027,5.789999961853027,5.789999961853027,400.0
2026-09-10 10:24:00,SM.V,,1.5199999809265137,1.5199999809265137,1.5199999809265137,1.5199999809265137,100.0
2026-09-10 10:24:00,SOMA.V,,0.6800000071525574,0.6800000071525574,0.6800000071525574,0.6800000071525574,544.0
2026-09-10 10:24:00,SSV.V,,0.625,0.625,0.6200000047683716,0.6200000047683716,24000.0
2026-09-10 10:24:00,SVRS.V,,0.5099999904632568,0.5099999904632568,0.5099999904632568,0.5099999904632568,52500.0
2026-09-10 10:25:00,MGG.V,,0.36000001430511475,0.36000001430511475,0.36000001430511475,0.36000001430511475,6500.0
2026-09-10 10:25:00,MMY.V,,1.0,1.0,0.9900000095367432,0.9900000095367432,46300.0
2026-09-10 10:25:00,PALI.V,,5.099999904632568,5.099999904632568,5.099999904632568,5.099999904632568,1000.0
2026-09-10 10:25:00,PML.V,,1.7799999713897705,1.7799999713897705,1.7799999713897705,1.7799999713897705,300.0
2026-09-10 10:25:00,SVRS.V,,0.5099999904632568,0.5099999904632568,0.5099999904632568,0.5099999904632568,1500.0
2026-09-10 10:26:00,NAU.V,,1.25,1.25,1.2300000190734863,1.2400000095367432,15100.0
2026-09-10 10:26:00,NIM.V,,0.7699999809265137,0.7699999809265137,0.7699999809265137,0.7699999809265137,10000.0
2026-09-10 10:26:00,OMG.V,,2.640000104904175,2.640000104904175,2.630000114440918,2.640000104904175,3300.0
2026-09-10 10:26:00,PLUR.V,,0.13500000536441803,0.14000000059604645,0.13500000536441803,0.14000000059604645,11500.0
2026-09-10 10:26:00,PNPN.V,,1.2100000381469727,1.2100000381469727,1.2100000381469727,1.2100000381469727,2900.0
2026-09-10 10:26:00,SCD.V,,0.17499999701976776,0.17499999701976776,0.17499999701976776,0.17499999701976776,500.0
2026-09-10 10:27:00,MRZ.V,,0.3199999928474426,0.3199999928474426,0.3199999928474426,0.3199999928474426,5000.0
2026-09-10 10:27:00,MYID.V,,0.20499999821186066,0.20499999821186066,0.20499999821186066,0.20499999821186066,5000.0
2026-09-10 10:27:00,NAU.V,,1.2300000190734863,1.2300000190734863,1.2300000190734863,1.2300000190734863,100.0
2026-09-10 10:27:00,OMG.V,,2.640000104904175,2.640000104904175,2.640000104904175,2.640000104904175,100.0
2026-09-10 10:27:00,SSV.V,,0.6299999952316284,0.6299999952316284,0.625,0.625,5000.0
2026-09-10 10:28:00,NXG.V,,0.6100000143051147,0.6100000143051147,0.6100000143051147,0.6100000143051147,0.0
2026-09-10 10:28:00,OMG.V,,2.640000104904175,2.640000104904175,2.640000104904175,2.640000104904175,100.0
2026-09-10 10:28:00,PML.V,,1.7899999618530273,1.7899999618530273,1.7899999618530273,1.7899999618530273,100.0
2026-09-10 10:29:00,MYID.V,,0.20499999821186066,0.20499999821186066,0.20499999821186066,0.20499999821186066,3000.0
2026-09-10 10:29:00,NAU.V,,1.2200000286102295,1.2200000286102295,1.2200000286102295,1.2200000286102295,5200.0
2026-09-10 10:29:00,NSE.V,,0.7799999713897705,0.7799999713897705,0.7699999809265137,0.7699999809265137,50000.0
2026-09-10 10:29:00,OMG.V,,2.640000104904175,2.640000104904175,2.640000104904175,2.640000104904175,100.0
2026-09-10 10:29:00,PML.V,,1.7899999618530273,1.7899999618530273,1.7899999618530273,1.7899999618530273,100.0
2026-09-10 10:29:00,SLG.V,,5.760000228881836,5.760000228881836,5.760000228881836,5.760000228881836,200.0
2026-09-10 10:30:00,FEO.V,,0.800000011920929,0.800000011920929,0.800000011920929,0.800000011920929,750.0
2026-09-10 10:30:00,OMG.V,,2.634999990463257,2.634999990463257,2.634999990463257,2.634999990463257,200.0
2026-09-10 10:30:00,PML.V,,1.7799999713897705,1.7799999713897705,1.7799999713897705,1.7799999713897705,1700.0
2026-09-10 10:30:00,PNPN.V,,1.2000000476837158,1.2000000476837158,1.2000000476837158,1.2000000476837158,8884.0
2026-09-10 10:30:00,PRG.V,,0.16500000655651093,0.16500000655651093,0.16500000655651093,0.16500000655651093,500.0
2026-09-10 10:30:00,PUMA.V,,0.14000000059604645,0.14000000059604645,0.14000000059604645,0.14000000059604645,32500.0
2026-09-10 10:30:00,QTWO.V,,2.6500000953674316,2.6600000858306885,2.6500000953674316,2.6600000858306885,24400.0
2026-09-10 10:30:00,RECO.V,,0.6299999952316284,0.6299999952316284,0.6299999952316284,0.6299999952316284,8000.0
2026-09-10 10:30:00,RKV.V,,0.26499998569488525,0.26499998569488525,0.26499998569488525,0.26499998569488525,0.0
2026-09-10 10:30:00,SM.V,,1.5199999809265137,1.5199999809265137,1.5199999809265137,1.5199999809265137,100.0
2026-09-10 10:30:00,SVRS.V,,0.5099999904632568,0.5099999904632568,0.5099999904632568,0.5099999904632568,10500.0
2026-09-10 10:31:00,MMY.V,,0.9900000095367432,0.9900000095367432,0.9900000095367432,0.9900000095367432,3000.0
2026-09-10 10:31:00,NAU.V,,1.2200000286102295,1.2200000286102295,1.2200000286102295,1.2200000286102295,100.0
2026-09-10 10:31:00,NED.V,,0.02500000037252903,0.02500000037252903,0.02500000037252903,0.02500000037252903,0.0
2026-09-10 10:31:00,PPP.V,,0.8299999833106995,0.8299999833106995,0.8299999833106995,0.8299999833106995,8000.0
2026-09-10 10:31:00,RECO.V,,0.6200000047683716,0.6200000047683716,0.6200000047683716,0.6200000047683716,500.0
2026-09-10 10:32:00,OMG.V,,2.630000114440918,2.634999990463257,2.630000114440918,2.630000114440918,8739.0
2026-09-10 10:32:00,PNPN.V,,1.190000057220459,1.190000057220459,1.190000057220459,1.190000057220459,53221.0
2026-09-10 10:32:00,PWM.V,,0.5099999904632568,0.5099999904632568,0.5099999904632568,0.5099999904632568,1500.0
2026-09-10 10:32:00,SLG.V,,5.795000076293945,5.795000076293945,5.795000076293945,5.795000076293945,100.0
2026-09-10 10:32:00,SSV.V,,0.6200000047683716,0.6200000047683716,0.6200000047683716,0.6200000047683716,4000.0
2026-09-10 10:32:00,SVRS.V,,0.5099999904632568,0.5099999904632568,0.5099999904632568,0.5099999904632568,500.0
2026-09-10 10:33:00,MINK.V,,0.10499999672174454,0.10499999672174454,0.10499999672174454,0.10499999672174454,0.0
2026-09-10 10:33:00,NSE.V,,0.7799999713897705,0.7799999713897705,0.7799999713897705,0.7799999713897705,500.0
2026-09-10 10:33:00,RDS.V,,1.1799999475479126,1.1799999475479126,1.1799999475479126,1.1799999475479126,3000.0
2026-09-10 10:33:00,SSV.V,,0.6200000047683716,0.6200000047683716,0.6200000047683716,0.6200000047683716,11500.0
2026-09-10 10:34:00,MMY.V,,0.9900000095367432,0.9900000095367432,0.9900000095367432,0.9900000095367432,300.0
2026-09-10 10:34:00,NAU.V,,1.2200000286102295,1.2200000286102295,1.2100000381469727,1.2100000381469727,9200.0
2026-09-10 10:34:00,OCO.V,,0.4699999988079071,0.4699999988079071,0.4699999988079071,0.4699999988079071,1000.0
2026-09-10 10:34:00,OMG.V,,2.640000104904175,2.640000104904175,2.640000104904175,2.640000104904175,2800.0
2026-09-10 10:34:00,SLG.V,,5.809999942779541,5.809999942779541,5.789999961853027,5.789999961853027,2200.0
2026-09-10 10:34:00,SOI.V,,0.19499999284744263,0.19499999284744263,0.19499999284744263,0.19499999284744263,7500.0
2026-09-10 10:34:00,SOMA.V,,0.6800000071525574,0.6800000071525574,0.6800000071525574,0.6800000071525574,2700.0
2026-09-10 10:35:00,PPP.V,,0.8299999833106995,0.8299999833106995,0.8299999833106995,0.8299999833106995,952.0
2026-09-10 10:35:00,QNC.V,,2.4000000953674316,2.4000000953674316,2.390000104904175,2.390000104904175,7400.0
2026-09-10 10:35:00,QTWO.V,,2.6500000953674316,2.6500000953674316,2.6500000953674316,2.6500000953674316,300.0
2026-09-10 10:36:00,MMY.V,,0.9900000095367432,0.9900000095367432,0.9900000095367432,0.9900000095367432,5600.0
2026-09-10 10:36:00,MYID.V,,0.20499999821186066,0.20499999821186066,0.20499999821186066,0.20499999821186066,5000.0
2026-09-10 10:36:00,NAM.V,,0.2199999988079071,0.2199999988079071,0.2150000035762787,0.2150000035762787,11500.0
2026-09-10 10:36:00,OMG.V,,2.6549999713897705,2.6549999713897705,2.6500000953674316,2.6500000953674316,1600.0
2026-09-10 10:36:00,PNPN.V,,1.190000057220459,1.190000057220459,1.190000057220459,1.190000057220459,12100.0
2026-09-10 10:36:00,SAGE.V,,0.13500000536441803,0.13500000536441803,0.13500000536441803,0.13500000536441803,1500.0
2026-09-10 10:37:00,MMY.V,,0.9900000095367432,0.9900000095367432,0.9900000095367432,0.9900000095367432,100.0
2026-09-10 10:37:00,OMG.V,,2.6500000953674316,2.6500000953674316,2.6500000953674316,2.6500000953674316,3000.0
2026-09-10 10:37:00,OMI.V,,0.2750000059604645,0.2750000059604645,0.2750000059604645,0.2750000059604645,32000.0
2026-09-10 10:37:00,OZ.V,,0.3499999940395355,0.3499999940395355,0.3499999940395355,0.3499999940395355,500.0
2026-09-10 10:37:00,PML.V,,1.7799999713897705,1.7799999713897705,1.7799999713897705,1.7799999713897705,100.0
2026-09-10 10:37:00,PPP.V,,0.8299999833106995,0.8299999833106995,0.8299999833106995,0.8299999833106995,62000.0
2026-09-10 10:37:00,SVRS.V,,0.5099999904632568,0.5099999904632568,0.5099999904632568,0.5099999904632568,2500.0
2026-09-10 10:38:00,MKA.V,,0.800000011920929,0.800000011920929,0.800000011920929,0.800000011920929,12000.0
2026-09-10 10:38:00,NAU.V,,1.2300000190734863,1.2400000095367432,1.2300000190734863,1.2400000095367432,200.0
2026-09-10 10:38:00,OMG.V,,2.6500000953674316,2.6500000953674316,2.6500000953674316,2.6500000953674316,200.0
2026-09-10 10:38:00,OMI.V,,0.2750000059604645,0.2750000059604645,0.2750000059604645,0.2750000059604645,6500.0
2026-09-10 10:38:00,QTWO.V,,2.6500000953674316,2.6500000953674316,2.6500000953674316,2.6500000953674316,200.0
2026-09-10 10:38:00,RECO.V,,0.6150000095367432,0.6150000095367432,0.6150000095367432,0.6150000095367432,500.0
2026-09-10 10:38:00,VIPR.V,,0.46000000834465027,0.46000000834465027,0.46000000834465027,0.46000000834465027,1000.0
2026-09-10 10:39:00,MYID.V,,0.20499999821186066,0.20499999821186066,0.20499999821186066,0.20499999821186066,4500.0
2026-09-10 10:39:00,OMG.V,,2.6449999809265137,2.6500000953674316,2.6449999809265137,2.6500000953674316,500.0
2026-09-10 10:39:00,RVG.V,,0.9100000262260437,0.9100000262260437,0.9100000262260437,0.9100000262260437,6500.0
2026-09-10 10:39:00,SLG.V,,5.789999961853027,5.800000190734863,5.789999961853027,5.800000190734863,5100.0
2026-09-10 10:40:00,PRG.V,,0.16500000655651093,0.16500000655651093,0.16500000655651093,0.16500000655651093,1000.0
2026-09-10 10:40:00,SLG.V,,5.795000076293945,5.800000190734863,5.789999961853027,5.789999961853027,7500.0
2026-09-10 10:40:00,SSV.V,,0.6200000047683716,0.6200000047683716,0.6200000047683716,0.6200000047683716,15000.0
2026-09-10 10:41:00,FISH.V,,5.75,5.75,5.75,5.75,600.0
2026-09-10 10:41:00,NCI.V,,0.44999998807907104,0.44999998807907104,0.4399999976158142,0.4399999976158142,2500.0
2026-09-10 10:41:00,OMG.V,,2.6500000953674316,2.6500000953674316,2.6500000953674316,2.6500000953674316,200.0
2026-09-10 10:41:00,PESO.V,,0.5199999809265137,0.5199999809265137,0.5199999809265137,0.5199999809265137,10100.0
2026-09-10 10:41:00,PML.V,,1.7799999713897705,1.7799999713897705,1.7799999713897705,1.7799999713897705,200.0
2026-09-10 10:41:00,PNPN.V,,1.190000057220459,1.190000057220459,1.190000057220459,1.190000057220459,2400.0
2026-09-10 10:41:00,PPP.V,,0.8299999833106995,0.8299999833106995,0.8299999833106995,0.8299999833106995,500.0
2026-09-10 10:41:00,RECO.V,,0.6150000095367432,0.6150000095367432,0.6150000095367432,0.6150000095367432,500.0
2026-09-10 10:42:00,NAU.V,,1.2100000381469727,1.2200000286102295,1.2100000381469727,1.2200000286102295,17300.0
2026-09-10 10:42:00,OMG.V,,2.640000104904175,2.640000104904175,2.640000104904175,2.640000104904175,4300.0
2026-09-10 10:42:00,PNPN.V,,1.1950000524520874,1.1950000524520874,1.1950000524520874,1.1950000524520874,1000.0
2026-09-10 10:42:00,QNC.V,,2.4000000953674316,2.4000000953674316,2.4000000953674316,2.4000000953674316,100.0
2026-09-10 10:42:00,RVG.V,,0.9100000262260437,0.9100000262260437,0.9100000262260437,0.9100000262260437,3500.0
2026-09-10 10:43:00,MKA.V,,0.800000011920929,0.800000011920929,0.800000011920929,0.800000011920929,2000.0
2026-09-10 10:43:00,MMY.V,,0.9900000095367432,0.9900000095367432,0.9900000095367432,0.9900000095367432,3000.0
2026-09-10 10:43:00,NAU.V,,1.2100000381469727,1.2100000381469727,1.2100000381469727,1.2100000381469727,312.0
2026-09-10 10:43:00,PNPN.V,,1.190000057220459,1.190000057220459,1.190000057220459,1.190000057220459,100.0
2026-09-10 10:43:00,PPP.V,,0.8299999833106995,0.8299999833106995,0.8299999833106995,0.8299999833106995,1000.0
2026-09-10 10:43:00,QNC.V,,2.4000000953674316,2.4000000953674316,2.4000000953674316,2.4000000953674316,100.0
2026-09-10 10:43:00,QTWO.V,,2.640000104904175,2.640000104904175,2.640000104904175,2.640000104904175,2500.0
2026-09-10 10:43:00,RDS.V,,1.1699999570846558,1.1699999570846558,1.1699999570846558,1.1699999570846558,5100.0
2026-09-10 10:43:00,RECO.V,,0.6150000095367432,0.6150000095367432,0.6150000095367432,0.6150000095367432,500.0
2026-09-10 10:43:00,REX.V,,0.23999999463558197,0.23999999463558197,0.23999999463558197,0.23999999463558197,0.0
2026-09-10 10:43:00,SSV.V,,0.6200000047683716,0.6200000047683716,0.6200000047683716,0.6200000047683716,500.0
2026-09-10 10:43:00,SVRS.V,,0.5099999904632568,0.5099999904632568,0.5099999904632568,0.5099999904632568,34000.0
2026-09-10 10:44:00,MMY.V,,0.9900000095367432,0.9900000095367432,0.9900000095367432,0.9900000095367432,100.0
2026-09-10 10:44:00,PML.V,,1.7799999713897705,1.7799999713897705,1.7799999713897705,1.7799999713897705,100.0
2026-09-10 10:44:00,QTWO.V,,2.630000114440918,2.630000114440918,2.630000114440918,2.630000114440918,100.0
2026-09-10 10:44:00,SCOT.V,,3.049999952316284,3.049999952316284,3.0299999713897705,3.049999952316284,3100.0
2026-09-10 10:44:00,SLG.V,,5.789999961853027,5.789999961853027,5.789999961853027,5.789999961853027,300.0
2026-09-10 10:44:00,SM.V,,1.5199999809265137,1.5199999809265137,1.5199999809265137,1.5199999809265137,100.0
2026-09-10 10:44:00,SOMA.V,,0.6800000071525574,0.6800000071525574,0.6800000071525574,0.6800000071525574,20248.0
2026-09-10 10:45:00,NAU.V,,1.2100000381469727,1.2100000381469727,1.2100000381469727,1.2100000381469727,1500.0
2026-09-10 10:45:00,OGO.V,,0.44999998807907104,0.44999998807907104,0.44999998807907104,0.44999998807907104,4000.0
2026-09-10 10:45:00,PGE.V,,0.41999998688697815,0.42500001192092896,0.41999998688697815,0.42500001192092896,8015.0
2026-09-10 10:45:00,RECO.V,,0.6150000095367432,0.6150000095367432,0.6150000095367432,0.6150000095367432,2000.0
2026-09-10 10:45:00,SCOT.V,,3.049999952316284,3.049999952316284,3.049999952316284,3.049999952316284,2200.0
2026-09-10 10:45:00,SLG.V,,5.789999961853027,5.789999961853027,5.789999961853027,5.789999961853027,800.0
2026-09-10 10:45:00,SVRS.V,,0.5099999904632568,0.5099999904632568,0.5,0.5,14950.0
2026-09-10 10:46:00,MYID.V,,0.20499999821186066,0.20499999821186066,0.20499999821186066,0.20499999821186066,13000.0
2026-09-10 10:46:00,PGE.V,,0.42500001192092896,0.42500001192092896,0.42500001192092896,0.42500001192092896,500.0
2026-09-10 10:46:00,QNC.V,,2.4100000858306885,2.4100000858306885,2.4100000858306885,2.4100000858306885,600.0
2026-09-10 10:46:00,RECO.V,,0.6150000095367432,0.6150000095367432,0.6150000095367432,0.6150000095367432,11500.0
2026-09-10 10:46:00,SCOT.V,,3.049999952316284,3.049999952316284,3.049999952316284,3.049999952316284,200.0
2026-09-10 10:47:00,MMY.V,,0.9900000095367432,0.9900000095367432,0.9900000095367432,0.9900000095367432,1000.0
2026-09-10 10:47:00,OMG.V,,2.640000104904175,2.640000104904175,2.640000104904175,2.640000104904175,100.0
2026-09-10 10:47:00,PML.V,,1.7699999809265137,1.7799999713897705,1.7699999809265137,1.7799999713897705,800.0
2026-09-10 10:47:00,QGR.V,,0.2150000035762787,0.2150000035762787,0.2150000035762787,0.2150000035762787,500.0
2026-09-10 10:47:00,RECO.V,,0.6150000095367432,0.6150000095367432,0.6150000095367432,0.6150000095367432,15000.0
2026-09-10 10:47:00,SXL.V,,0.05999999865889549,0.05999999865889549,0.05999999865889549,0.05999999865889549,4750.0
2026-09-10 10:48:00,NAU.V,,1.2000000476837158,1.2000000476837158,1.2000000476837158,1.2000000476837158,100.0
2026-09-10 10:48:00,NCI.V,,0.4399999976158142,0.4399999976158142,0.4399999976158142,0.4399999976158142,500.0
2026-09-10 10:48:00,OMG.V,,2.640000104904175,2.640000104904175,2.640000104904175,2.640000104904175,100.0
2026-09-10 10:48:00,PNPN.V,,1.190000057220459,1.190000057220459,1.190000057220459,1.190000057220459,21600.0
2026-09-10 10:48:00,RECO.V,,0.6150000095367432,0.6150000095367432,0.6150000095367432,0.6150000095367432,500.0
2026-09-10 10:48:00,RML.V,,1.1799999475479126,1.1799999475479126,1.1799999475479126,1.1799999475479126,200.0
2026-09-10 10:48:00,ROK.V,,0.4000000059604645,0.4000000059604645,0.4000000059604645,0.4000000059604645,12800.0
2026-09-10 10:48:00,SLG.V,,5.789999961853027,5.789999961853027,5.789999961853027,5.789999961853027,500.0
2026-09-10 10:48:00,SOI.V,,0.19499999284744263,0.19499999284744263,0.19499999284744263,0.19499999284744263,1000.0
2026-09-10 10:48:00,SRR.V,,1.0700000524520874,1.0700000524520874,1.0700000524520874,1.0700000524520874,120.0
2026-09-10 10:48:00,SSV.V,,0.6200000047683716,0.6200000047683716,0.6200000047683716,0.6200000047683716,1000.0
2026-09-10 10:48:00,SVE.V,,0.46000000834465027,0.46000000834465027,0.45500001311302185,0.45500001311302185,9884.0
2026-09-10 10:49:00,MMY.V,,0.9900000095367432,0.9900000095367432,0.9900000095367432,0.9900000095367432,200.0
2026-09-10 10:49:00,OMG.V,,2.640000104904175,2.640000104904175,2.640000104904175,2.640000104904175,400.0
2026-09-10 10:49:00,PNPN.V,,1.190000057220459,1.190000057220459,1.1799999475479126,1.1799999475479126,12500.0
2026-09-10 10:49:00,QNC.V,,2.4200000762939453,2.4200000762939453,2.4100000858306885,2.4100000858306885,300.0
2026-09-10 10:49:00,SLG.V,,5.800000190734863,5.800000190734863,5.795000076293945,5.795000076293945,750.0
2026-09-10 10:49:00,SVE.V,,0.4650000035762787,0.4650000035762787,0.4650000035762787,0.4650000035762787,2000.0
2026-09-10 10:50:00,MKA.V,,0.800000011920929,0.800000011920929,0.800000011920929,0.800000011920929,500.0
2026-09-10 10:50:00,MYID.V,,0.20499999821186066,0.20499999821186066,0.20499999821186066,0.20499999821186066,10000.0
2026-09-10 10:50:00,OGO.V,,0.44999998807907104,0.44999998807907104,0.44999998807907104,0.44999998807907104,3500.0
2026-09-10 10:50:00,OMG.V,,2.640000104904175,2.640000104904175,2.640000104904175,2.640000104904175,400.0
2026-09-10 10:50:00,PLSR.V,,1.2599999904632568,1.2599999904632568,1.2599999904632568,1.2599999904632568,3500.0
2026-09-10 10:50:00,PRG.V,,0.16500000655651093,0.16500000655651093,0.16500000655651093,0.16500000655651093,500.0
2026-09-10 10:50:00,RSS.V,,0.5550000071525574,0.5550000071525574,0.5550000071525574,0.5550000071525574,500.0
2026-09-10 10:50:00,SCD.V,,0.17499999701976776,0.17499999701976776,0.17499999701976776,0.17499999701976776,144500.0
2026-09-10 10:51:00,MMY.V,,0.9900000095367432,0.9900000095367432,0.9900000095367432,0.9900000095367432,200.0
2026-09-10 10:51:00,PLSR.V,,1.2599999904632568,1.2599999904632568,1.2549999952316284,1.2549999952316284,1086.0
2026-09-10 10:51:00,SCOT.V,,3.059999942779541,3.059999942779541,3.059999942779541,3.059999942779541,100.0
2026-09-10 10:51:00,SVE.V,,0.4650000035762787,0.4650000035762787,0.4650000035762787,0.4650000035762787,43500.0
2026-09-10 10:51:00,SVRS.V,,0.5099999904632568,0.5099999904632568,0.5099999904632568,0.5099999904632568,1400.0
2026-09-10 10:52:00,MMY.V,,0.9900000095367432,0.9900000095367432,0.9900000095367432,0.9900000095367432,200.0
2026-09-10 10:52:00,NAU.V,,1.2200000286102295,1.2200000286102295,1.2200000286102295,1.2200000286102295,5200.0
2026-09-10 10:52:00,OMG.V,,2.640000104904175,2.640000104904175,2.640000104904175,2.640000104904175,100.0
2026-09-10 10:52:00,OZ.V,,0.3499999940395355,0.3499999940395355,0.3499999940395355,0.3499999940395355,2000.0
2026-09-10 10:52:00,PGE.V,,0.41999998688697815,0.41999998688697815,0.41999998688697815,0.41999998688697815,500.0
2026-09-10 10:52:00,PNPN.V,,1.2000000476837158,1.2000000476837158,1.1950000524520874,1.2000000476837158,20000.0
2026-09-10 10:52:00,SDI.V,,0.22499999403953552,0.22499999403953552,0.22499999403953552,0.22499999403953552,0.0
2026-09-10 10:52:00,SM.V,,1.5099999904632568,1.5199999809265137,1.5099999904632568,1.5199999809265137,350.0
2026-09-10 10:52:00,SVE.V,,0.46000000834465027,0.46000000834465027,0.46000000834465027,0.46000000834465027,1000.0
2026-09-10 10:53:00,NAU.V,,1.2100000381469727,1.2300000190734863,1.2100000381469727,1.2300000190734863,200.0
2026-09-10 10:53:00,OMG.V,,2.640000104904175,2.6449999809265137,2.640000104904175,2.640000104904175,5000.0
2026-09-10 10:53:00,OMM.V,,0.054999999701976776,0.054999999701976776,0.054999999701976776,0.054999999701976776,50000.0
2026-09-10 10:53:00,OZ.V,,0.3400000035762787,0.3400000035762787,0.3400000035762787,0.3400000035762787,5000.0
2026-09-10 10:53:00,PLSR.V,,1.25,1.25,1.25,1.25,1500.0
2026-09-10 10:53:00,PML.V,,1.7699999809265137,1.7699999809265137,1.7699999809265137,1.7699999809265137,100.0
2026-09-10 10:53:00,RECO.V,,0.6150000095367432,0.6150000095367432,0.6150000095367432,0.6150000095367432,500.0
2026-09-10 10:53:00,ROK.V,,0.4000000059604645,0.4000000059604645,0.4000000059604645,0.4000000059604645,16000.0
2026-09-10 10:53:00,SDI.V,,0.22499999403953552,0.22499999403953552,0.22499999403953552,0.22499999403953552,500.0
2026-09-10 10:54:00,MMY.V,,0.9900000095367432,0.9900000095367432,0.9900000095367432,0.9900000095367432,200.0
2026-09-10 10:54:00,NAU.V,,1.2300000190734863,1.2300000190734863,1.2300000190734863,1.2300000190734863,200.0
2026-09-10 10:54:00,OZ.V,,0.3400000035762787,0.3400000035762787,0.3400000035762787,0.3400000035762787,43000.0
2026-09-10 10:54:00,PEI.V,,0.03500000014901161,0.03500000014901161,0.03500000014901161,0.03500000014901161,30000.0
2026-09-10 10:54:00,PLSR.V,,1.25,1.25,1.25,1.25,520.0
2026-09-10 10:54:00,PNTR.V,,0.4650000035762787,0.4650000035762787,0.4650000035762787,0.4650000035762787,1000.0
2026-09-10 10:54:00,PVF-UN.V,,16.0,16.0,16.0,16.0,5543.0
2026-09-10 10:54:00,RDS.V,,1.1699999570846558,1.1699999570846558,1.1699999570846558,1.1699999570846558,1600.0
2026-09-10 10:54:00,SMN.V,,0.1550000011920929,0.1550000011920929,0.1550000011920929,0.1550000011920929,500.0
2026-09-10 10:55:00,MMY.V,,0.9900000095367432,0.9900000095367432,0.9900000095367432,0.9900000095367432,200.0
2026-09-10 10:55:00,NAU.V,,1.2300000190734863,1.2300000190734863,1.2300000190734863,1.2300000190734863,900.0
2026-09-10 10:55:00,OPW.V,,0.15000000596046448,0.1550000011920929,0.15000000596046448,0.1550000011920929,38200.0
2026-09-10 10:55:00,PALI.V,,5.079999923706055,5.079999923706055,5.079999923706055,5.079999923706055,100.0
2026-09-10 10:55:00,PNPN.V,,1.2000000476837158,1.2000000476837158,1.190000057220459,1.190000057220459,2400.0
2026-09-10 10:56:00,MGG.V,,0.36000001430511475,0.36000001430511475,0.36000001430511475,0.36000001430511475,8000.0
2026-09-10 10:56:00,MKA.V,,0.800000011920929,0.800000011920929,0.800000011920929,0.800000011920929,3000.0
2026-09-10 10:56:00,NAU.V,,1.2300000190734863,1.2300000190734863,1.2300000190734863,1.2300000190734863,100.0
2026-09-10 10:56:00,OMG.V,,2.6500000953674316,2.6500000953674316,2.6500000953674316,2.6500000953674316,1600.0
2026-09-10 10:56:00,PGZ.V,,0.17000000178813934,0.17000000178813934,0.17000000178813934,0.17000000178813934,5500.0
2026-09-10 10:56:00,RVG.V,,0.9049999713897705,0.9049999713897705,0.9049999713897705,0.9049999713897705,500.0
2026-09-10 10:56:00,SAGE.V,,0.13500000536441803,0.13500000536441803,0.13500000536441803,0.13500000536441803,10000.0
2026-09-10 10:57:00,MMY.V,,0.9900000095367432,0.9900000095367432,0.9900000095367432,0.9900000095367432,2300.0
2026-09-10 10:57:00,NAU.V,,1.2300000190734863,1.2300000190734863,1.2300000190734863,1.2300000190734863,300.0
2026-09-10 10:57:00,OMG.V,,2.6600000858306885,2.6600000858306885,2.6600000858306885,2.6600000858306885,100.0
2026-09-10 10:57:00,PALI.V,,5.059999942779541,5.059999942779541,5.059999942779541,5.059999942779541,410.0
2026-09-10 10:57:00,PESO.V,,0.5199999809265137,0.5199999809265137,0.5199999809265137,0.5199999809265137,3500.0
2026-09-10 10:57:00,PNPN.V,,1.2000000476837158,1.2000000476837158,1.1950000524520874,1.1950000524520874,28427.0
2026-09-10 10:57:00,QNC.V,,2.440000057220459,2.440000057220459,2.440000057220459,2.440000057220459,1000.0
2026-09-10 10:57:00,QTWO.V,,2.634999990463257,2.634999990463257,2.634999990463257,2.634999990463257,100.0
2026-09-10 10:57:00,SCD.V,,0.17499999701976776,0.17499999701976776,0.17499999701976776,0.17499999701976776,3000.0
2026-09-10 10:57:00,SCOT.V,,3.059999942779541,3.059999942779541,3.059999942779541,3.059999942779541,210.0
2026-09-10 10:58:00,NAU.V,,1.2300000190734863,1.2300000190734863,1.2300000190734863,1.2300000190734863,100.0
2026-09-10 10:58:00,OMG.V,,2.6600000858306885,2.6600000858306885,2.6600000858306885,2.6600000858306885,300.0
2026-09-10 10:58:00,PDQ.V,,0.10000000149011612,0.10000000149011612,0.10000000149011612,0.10000000149011612,0.0
2026-09-10 10:58:00,QTWO.V,,2.630000114440918,2.630000114440918,2.630000114440918,2.630000114440918,200.0
2026-09-10 10:58:00,SCOT.V,,3.059999942779541,3.059999942779541,3.059999942779541,3.059999942779541,11100.0
2026-09-10 10:59:00,MRZ.V,,0.3149999976158142,0.3149999976158142,0.3149999976158142,0.3149999976158142,2500.0
2026-09-10 10:59:00,OMG.V,,2.6600000858306885,2.6600000858306885,2.6600000858306885,2.6600000858306885,7600.0
2026-09-10 10:59:00,PML.V,,1.7699999809265137,1.7699999809265137,1.7699999809265137,1.7699999809265137,100.0
2026-09-10 10:59:00,QNC.V,,2.450000047683716,2.450000047683716,2.450000047683716,2.450000047683716,500.0
2026-09-10 10:59:00,QTWO.V,,2.630000114440918,2.630000114440918,2.630000114440918,2.630000114440918,300.0
2026-09-10 10:59:00,RET-A.V,,2.009999990463257,2.009999990463257,2.009999990463257,2.009999990463257,2000.0
2026-09-10 11:00:00,NAU.V,,1.2300000190734863,1.2300000190734863,1.2300000190734863,1.2300000190734863,100.0
2026-09-10 11:00:00,OCO.V,,0.4749999940395355,0.4749999940395355,0.4749999940395355,0.4749999940395355,2000.0
2026-09-10 11:00:00,OMG.V,,2.6600000858306885,2.6700000762939453,2.6600000858306885,2.6700000762939453,9700.0
2026-09-10 11:00:00,PGE.V,,0.41999998688697815,0.41999998688697815,0.41999998688697815,0.41999998688697815,500.0
2026-09-10 11:00:00,PML.V,,1.7899999618530273,1.7899999618530273,1.7799999713897705,1.7799999713897705,3800.0
2026-09-10 11:00:00,PRG.V,,0.16500000655651093,0.16500000655651093,0.16500000655651093,0.16500000655651093,500.0
2026-09-10 11:00:00,RDS.V,,1.159999966621399,1.159999966621399,1.159999966621399,1.159999966621399,9100.0
2026-09-10 11:00:00,RECO.V,,0.6150000095367432,0.6150000095367432,0.6150000095367432,0.6150000095367432,500.0
2026-09-10 11:00:00,SDI.V,,0.2199999988079071,0.2199999988079071,0.2199999988079071,0.2199999988079071,11000.0
2026-09-10 11:01:00,NAU.V,,1.2300000190734863,1.2300000190734863,1.2300000190734863,1.2300000190734863,200.0
2026-09-10 11:01:00,OCO.V,,0.4749999940395355,0.4749999940395355,0.4749999940395355,0.4749999940395355,1500.0
2026-09-10 11:01:00,SMN.V,,0.1550000011920929,0.1550000011920929,0.1550000011920929,0.1550000011920929,43000.0
2026-09-10 11:02:00,MHUB.V,,0.5400000214576721,0.5400000214576721,0.5400000214576721,0.5400000214576721,500.0
2026-09-10 11:02:00,NAU.V,,1.2300000190734863,1.2300000190734863,1.2300000190734863,1.2300000190734863,100.0
2026-09-10 11:02:00,QNC.V,,2.430000066757202,2.430000066757202,2.430000066757202,2.430000066757202,100.0
2026-09-10 11:02:00,QTWO.V,,2.630000114440918,2.630000114440918,2.630000114440918,2.630000114440918,400.0
2026-09-10 11:03:00,NAU.V,,1.2300000190734863,1.2300000190734863,1.2300000190734863,1.2300000190734863,100.0
2026-09-10 11:03:00,PEI.V,,0.03500000014901161,0.03500000014901161,0.03500000014901161,0.03500000014901161,28000.0
2026-09-10 11:03:00,PESO.V,,0.5199999809265137,0.5199999809265137,0.5199999809265137,0.5199999809265137,1500.0
2026-09-10 11:03:00,PNPN.V,,1.2050000429153442,1.2050000429153442,1.2050000429153442,1.2050000429153442,2900.0
2026-09-10 11:04:00,MHUB.V,,0.5299999713897705,0.5299999713897705,0.5299999713897705,0.5299999713897705,1925.0
2026-09-10 11:04:00,MMY.V,,0.9900000095367432,0.9900000095367432,0.9900000095367432,0.9900000095367432,9100.0
2026-09-10 11:04:00,NAU.V,,1.2300000190734863,1.2300000190734863,1.2300000190734863,1.2300000190734863,100.0
2026-09-10 11:04:00,OMG.V,,2.6500000953674316,2.6500000953674316,2.6500000953674316,2.6500000953674316,100.0
2026-09-10 11:04:00,ONYX.V,,1.649999976158142,1.649999976158142,1.649999976158142,1.649999976158142,10000.0
2026-09-10 11:04:00,PLSR.V,,1.25,1.25,1.25,1.25,100.0
2026-09-10 11:04:00,PML.V,,1.7999999523162842,1.7999999523162842,1.7999999523162842,1.7999999523162842,200.0
2026-09-10 11:04:00,SLG.V,,5.789999961853027,5.789999961853027,5.789999961853027,5.789999961853027,3000.0
2026-09-10 11:05:00,MMY.V,,0.9900000095367432,0.9900000095367432,0.9900000095367432,0.9900000095367432,3000.0
2026-09-10 11:05:00,NAU.V,,1.2300000190734863,1.2300000190734863,1.2300000190734863,1.2300000190734863,100.0
2026-09-10 11:05:00,OMG.V,,2.6600000858306885,2.6600000858306885,2.6549999713897705,2.6549999713897705,200.0
2026-09-10 11:05:00,PLSR.V,,1.25,1.25,1.25,1.25,3900.0
2026-09-10 11:05:00,PML.V,,1.7999999523162842,1.7999999523162842,1.7999999523162842,1.7999999523162842,200.0
2026-09-10 11:05:00,RSS.V,,0.550000011920929,0.550000011920929,0.550000011920929,0.550000011920929,4500.0
2026-09-10 11:05:00,SUGR.V,,10.25,10.25,10.25,10.25,100.0
2026-09-10 11:06:00,NAU.V,,1.2300000190734863,1.2300000190734863,1.2300000190734863,1.2300000190734863,200.0
2026-09-10 11:06:00,OMG.V,,2.6500000953674316,2.6549999713897705,2.6500000953674316,2.6500000953674316,5400.0
2026-09-10 11:06:00,PGE.V,,0.41999998688697815,0.41999998688697815,0.41999998688697815,0.41999998688697815,500.0
2026-09-10 11:06:00,PML.V,,1.7999999523162842,1.7999999523162842,1.7999999523162842,1.7999999523162842,100.0
2026-09-10 11:06:00,SSV.V,,0.6200000047683716,0.6200000047683716,0.6200000047683716,0.6200000047683716,12500.0
2026-09-10 11:07:00,MMY.V,,0.9950000047683716,0.9950000047683716,0.9950000047683716,0.9950000047683716,200.0
2026-09-10 11:07:00,NAU.V,,1.2300000190734863,1.2300000190734863,1.2300000190734863,1.2300000190734863,200.0
2026-09-10 11:08:00,NAU.V,,1.2300000190734863,1.2300000190734863,1.2300000190734863,1.2300000190734863,100.0
2026-09-10 11:08:00,OMG.V,,2.6600000858306885,2.6600000858306885,2.6600000858306885,2.6600000858306885,200.0
2026-09-10 11:08:00,PESO.V,,0.5199999809265137,0.5199999809265137,0.5199999809265137,0.5199999809265137,2000.0
2026-09-10 11:08:00,PNPN.V,,1.2000000476837158,1.2000000476837158,1.2000000476837158,1.2000000476837158,3000.0
2026-09-10 11:08:00,PVIS.V,,0.27000001072883606,0.2750000059604645,0.27000001072883606,0.2750000059604645,2000.0
2026-09-10 11:08:00,QNC.V,,2.440000057220459,2.440000057220459,2.440000057220459,2.440000057220459,700.0
2026-09-10 11:08:00,SAG.V,,1.190000057220459,1.2200000286102295,1.190000057220459,1.2200000286102295,3300.0
2026-09-10 11:08:00,SMN.V,,0.1550000011920929,0.1550000011920929,0.1550000011920929,0.1550000011920929,2500.0
2026-09-10 11:08:00,SRR.V,,1.0700000524520874,1.0700000524520874,1.0700000524520874,1.0700000524520874,14400.0
2026-09-10 11:09:00,OMG.V,,2.6600000858306885,2.6600000858306885,2.6600000858306885,2.6600000858306885,100.0
2026-09-10 11:09:00,PLSR.V,,1.25,1.25,1.25,1.25,100.0
2026-09-10 11:09:00,PML.V,,1.7899999618530273,1.7899999618530273,1.7899999618530273,1.7899999618530273,100.0
2026-09-10 11:09:00,QNC.V,,2.440000057220459,2.440000057220459,2.440000057220459,2.440000057220459,400.0
2026-09-10 11:09:00,SCD.V,,0.17499999701976776,0.17499999701976776,0.17499999701976776,0.17499999701976776,54779.0
2026-09-10 11:09:00,SME.V,,0.1599999964237213,0.1599999964237213,0.1599999964237213,0.1599999964237213,20500.0
2026-09-10 11:09:00,SRR.V,,1.059999942779541,1.059999942779541,1.059999942779541,1.059999942779541,10920.0
2026-09-10 11:09:00,SSV.V,,0.6200000047683716,0.6200000047683716,0.6200000047683716,0.6200000047683716,10750.0
2026-09-10 11:10:00,NAU.V,,1.2300000190734863,1.2300000190734863,1.2300000190734863,1.2300000190734863,100.0
2026-09-10 11:10:00,NSE.V,,0.7900000214576721,0.7900000214576721,0.7900000214576721,0.7900000214576721,500.0
2026-09-10 11:10:00,PRG.V,,0.16500000655651093,0.16500000655651093,0.16500000655651093,0.16500000655651093,500.0
2026-09-10 11:10:00,RECO.V,,0.6150000095367432,0.6150000095367432,0.6150000095367432,0.6150000095367432,4000.0
2026-09-10 11:10:00,ROK.V,,0.4000000059604645,0.4000000059604645,0.4000000059604645,0.4000000059604645,770.0
2026-09-10 11:10:00,SLG.V,,5.789999961853027,5.789999961853027,5.789999961853027,5.789999961853027,167.0
2026-09-10 11:11:00,MMY.V,,1.0,1.0,1.0,1.0,22600.0
2026-09-10 11:11:00,NAU.V,,1.2300000190734863,1.2300000190734863,1.2300000190734863,1.2300000190734863,200.0
2026-09-10 11:11:00,OCO.V,,0.47999998927116394,0.47999998927116394,0.47999998927116394,0.47999998927116394,22000.0
2026-09-10 11:11:00,OMG.V,,2.6600000858306885,2.6600000858306885,2.6600000858306885,2.6600000858306885,4100.0
2026-09-10 11:11:00,PML.V,,1.8200000524520874,1.8200000524520874,1.7999999523162842,1.7999999523162842,10600.0
2026-09-10 11:11:00,RVG.V,,0.9100000262260437,0.9100000262260437,0.9100000262260437,0.9100000262260437,1000.0
2026-09-10 11:11:00,SMN.V,,0.1550000011920929,0.1550000011920929,0.1550000011920929,0.1550000011920929,57500.0
2026-09-10 11:12:00,MMY.V,,1.0,1.0,1.0,1.0,26100.0
2026-09-10 11:12:00,NAU.V,,1.2300000190734863,1.2300000190734863,1.2300000190734863,1.2300000190734863,100.0
2026-09-10 11:12:00,PML.V,,1.8200000524520874,1.8200000524520874,1.8200000524520874,1.8200000524520874,1100.0
2026-09-10 11:12:00,RDS.V,,1.159999966621399,1.1699999570846558,1.159999966621399,1.1649999618530273,6700.0
2026-09-10 11:12:00,ROCK.V,,4.369999885559082,4.369999885559082,4.369999885559082,4.369999885559082,100.0
2026-09-10 11:12:00,ROMJ.V,,0.47999998927116394,0.47999998927116394,0.47999998927116394,0.47999998927116394,0.0
2026-09-10 11:12:00,SCD.V,,0.17499999701976776,0.17499999701976776,0.17499999701976776,0.17499999701976776,4000.0
2026-09-10 11:12:00,SRR.V,,1.0499999523162842,1.0499999523162842,1.0499999523162842,1.0499999523162842,6500.0
2026-09-10 11:13:00,NAU.V,,1.2100000381469727,1.2100000381469727,1.2100000381469727,1.2100000381469727,100.0
2026-09-10 11:13:00,OAM.V,,0.10000000149011612,0.10000000149011612,0.10000000149011612,0.10000000149011612,2000.0
2026-09-10 11:13:00,PESO.V,,0.5199999809265137,0.5199999809265137,0.5199999809265137,0.5199999809265137,2000.0
2026-09-10 11:13:00,PGE.V,,0.41999998688697815,0.41999998688697815,0.41999998688697815,0.41999998688697815,500.0
2026-09-10 11:13:00,QNC.V,,2.440000057220459,2.450000047683716,2.440000057220459,2.450000047683716,1432.0
2026-09-10 11:13:00,QTWO.V,,2.630000114440918,2.630000114440918,2.630000114440918,2.630000114440918,100.0
2026-09-10 11:13:00,RECO.V,,0.6150000095367432,0.6150000095367432,0.6150000095367432,0.6150000095367432,500.0
2026-09-10 11:13:00,ROK.V,,0.4000000059604645,0.4000000059604645,0.4000000059604645,0.4000000059604645,4000.0
2026-09-10 11:13:00,SOMA.V,,0.6899999976158142,0.6899999976158142,0.6899999976158142,0.6899999976158142,605.0
2026-09-10 11:13:00,SRR.V,,1.0499999523162842,1.0499999523162842,1.0499999523162842,1.0499999523162842,7302.0
2026-09-10 11:14:00,NAU.V,,1.2300000190734863,1.2300000190734863,1.2300000190734863,1.2300000190734863,100.0
2026-09-10 11:14:00,OMG.V,,2.6649999618530273,2.6649999618530273,2.6649999618530273,2.6649999618530273,100.0
2026-09-10 11:14:00,ROK.V,,0.4000000059604645,0.4000000059604645,0.4000000059604645,0.4000000059604645,500.0
2026-09-10 11:14:00,RSS.V,,0.550000011920929,0.550000011920929,0.550000011920929,0.550000011920929,4000.0
2026-09-10 11:15:00,MSR.V,,0.5600000023841858,0.5600000023841858,0.5600000023841858,0.5600000023841858,0.0
2026-09-10 11:15:00,NAU.V,,1.2300000190734863,1.2300000190734863,1.2300000190734863,1.2300000190734863,100.0
2026-09-10 11:15:00,OMG.V,,2.6649999618530273,2.6649999618530273,2.6649999618530273,2.6649999618530273,300.0
2026-09-10 11:15:00,PLSR.V,,1.25,1.25,1.25,1.25,200.0
2026-09-10 11:15:00,RECO.V,,0.6150000095367432,0.6150000095367432,0.6150000095367432,0.6150000095367432,3000.0
2026-09-10 11:15:00,RML.V,,1.190000057220459,1.190000057220459,1.1799999475479126,1.190000057220459,6800.0
2026-09-10 11:16:00,NAU.V,,1.2300000190734863,1.2300000190734863,1.2300000190734863,1.2300000190734863,200.0
2026-09-10 11:16:00,NIM.V,,0.7699999809265137,0.7699999809265137,0.7699999809265137,0.7699999809265137,8500.0
2026-09-10 11:16:00,OMG.V,,2.6700000762939453,2.6700000762939453,2.6700000762939453,2.6700000762939453,100.0
2026-09-10 11:16:00,OPW.V,,0.15000000596046448,0.15000000596046448,0.15000000596046448,0.15000000596046448,7000.0
2026-09-10 11:16:00,PESO.V,,0.5199999809265137,0.5199999809265137,0.5199999809265137,0.5199999809265137,500.0
2026-09-10 11:16:00,PNPN.V,,1.2000000476837158,1.2000000476837158,1.2000000476837158,1.2000000476837158,3300.0
2026-09-10 11:16:00,ROK.V,,0.4000000059604645,0.4000000059604645,0.4000000059604645,0.4000000059604645,500.0
2026-09-10 11:16:00,SOI.V,,0.1899999976158142,0.1899999976158142,0.1899999976158142,0.1899999976158142,2000.0
2026-09-10 11:17:00,MKA.V,,0.800000011920929,0.800000011920929,0.800000011920929,0.800000011920929,25500.0
2026-09-10 11:17:00,NWST.V,,0.3400000035762787,0.3400000035762787,0.3400000035762787,0.3400000035762787,2500.0
2026-09-10 11:17:00,OGO.V,,0.46000000834465027,0.46000000834465027,0.46000000834465027,0.46000000834465027,1000.0
2026-09-10 11:17:00,PML.V,,1.8300000429153442,1.8300000429153442,1.8300000429153442,1.8300000429153442,100.0
2026-09-10 11:17:00,PWM.V,,0.5,0.5,0.5,0.5,500.0
2026-09-10 11:17:00,RECO.V,,0.6150000095367432,0.6150000095367432,0.6150000095367432,0.6150000095367432,500.0
2026-09-10 11:17:00,ROK.V,,0.4000000059604645,0.4000000059604645,0.39500001072883606,0.39750000834465027,6000.0
2026-09-10 11:17:00,SAGE.V,,0.13500000536441803,0.13500000536441803,0.13500000536441803,0.13500000536441803,33000.0
2026-09-10 11:17:00,SME.V,,0.1599999964237213,0.1599999964237213,0.1599999964237213,0.1599999964237213,15000.0
2026-09-10 11:17:00,SOU.V,,0.07500000298023224,0.07500000298023224,0.07500000298023224,0.07500000298023224,2000.0
2026-09-10 11:18:00,MKA.V,,0.800000011920929,0.800000011920929,0.800000011920929,0.800000011920929,3500.0
2026-09-10 11:18:00,MMY.V,,1.0099999904632568,1.0099999904632568,1.0099999904632568,1.0099999904632568,200.0
2026-09-10 11:18:00,NAU.V,,1.2300000190734863,1.2300000190734863,1.2300000190734863,1.2300000190734863,100.0
2026-09-10 11:18:00,NWST.V,,0.3400000035762787,0.3400000035762787,0.3400000035762787,0.3400000035762787,500.0
2026-09-10 11:18:00,OMG.V,,2.6700000762939453,2.6700000762939453,2.6700000762939453,2.6700000762939453,5600.0
2026-09-10 11:18:00,PESO.V,,0.5099999904632568,0.5199999809265137,0.5099999904632568,0.5199999809265137,4500.0
2026-09-10 11:18:00,PML.V,,1.8300000429153442,1.8300000429153442,1.8300000429153442,1.8300000429153442,100.0
2026-09-10 11:18:00,QNC.V,,2.440000057220459,2.450000047683716,2.440000057220459,2.440000057220459,4300.0
2026-09-10 11:18:00,ROK.V,,0.4000000059604645,0.4000000059604645,0.4000000059604645,0.4000000059604645,500.0
2026-09-10 11:19:00,NAU.V,,1.2300000190734863,1.2300000190734863,1.2300000190734863,1.2300000190734863,200.0
2026-09-10 11:19:00,OMG.V,,2.6700000762939453,2.6700000762939453,2.6700000762939453,2.6700000762939453,600.0
2026-09-10 11:19:00,PML.V,,1.8300000429153442,1.8300000429153442,1.8300000429153442,1.8300000429153442,100.0
2026-09-10 11:19:00,PPP.V,,0.8299999833106995,0.8299999833106995,0.8299999833106995,0.8299999833106995,1000.0
2026-09-10 11:19:00,QNC.V,,2.440000057220459,2.440000057220459,2.440000057220459,2.440000057220459,100.0
2026-09-10 11:19:00,ROK.V,,0.4000000059604645,0.4000000059604645,0.4000000059604645,0.4000000059604645,1500.0
2026-09-10 11:19:00,SVRS.V,,0.5199999809265137,0.5199999809265137,0.5199999809265137,0.5199999809265137,500.0
2026-09-10 11:20:00,MGG.V,,0.36000001430511475,0.36000001430511475,0.36000001430511475,0.36000001430511475,33500.0
2026-09-10 11:20:00,NAU.V,,1.2300000190734863,1.2300000190734863,1.2300000190734863,1.2300000190734863,200.0
2026-09-10 11:20:00,OMG.V,,2.6700000762939453,2.6700000762939453,2.6700000762939453,2.6700000762939453,400.0
2026-09-10 11:20:00,PGE.V,,0.41999998688697815,0.41999998688697815,0.41999998688697815,0.41999998688697815,500.0
2026-09-10 11:20:00,PML.V,,1.8300000429153442,1.8300000429153442,1.8300000429153442,1.8300000429153442,100.0
2026-09-10 11:20:00,PNPN.V,,1.190000057220459,1.190000057220459,1.190000057220459,1.190000057220459,23700.0
2026-09-10 11:20:00,PRG.V,,0.16500000655651093,0.16500000655651093,0.16500000655651093,0.16500000655651093,1000.0
2026-09-10 11:20:00,ROK.V,,0.4000000059604645,0.4000000059604645,0.4000000059604645,0.4000000059604645,500.0
2026-09-10 11:21:00,NAU.V,,1.2400000095367432,1.2400000095367432,1.2300000190734863,1.2300000190734863,14700.0
2026-09-10 11:21:00,OMG.V,,2.6700000762939453,2.6700000762939453,2.6600000858306885,2.6649999618530273,1900.0
2026-09-10 11:21:00,PLSR.V,,1.25,1.25,1.25,1.25,100.0
2026-09-10 11:21:00,PML.V,,1.8300000429153442,1.8300000429153442,1.8300000429153442,1.8300000429153442,100.0
2026-09-10 11:21:00,PNPN.V,,1.190000057220459,1.190000057220459,1.190000057220459,1.190000057220459,3400.0
2026-09-10 11:21:00,QTWO.V,,2.625,2.625,2.625,2.625,100.0
2026-09-10 11:21:00,RDS.V,,1.1699999570846558,1.1699999570846558,1.1699999570846558,1.1699999570846558,3600.0
2026-09-10 11:21:00,ROK.V,,0.4000000059604645,0.4000000059604645,0.4000000059604645,0.4000000059604645,500.0
2026-09-10 11:21:00,SCD.V,,0.17499999701976776,0.17499999701976776,0.17499999701976776,0.17499999701976776,1000.0
2026-09-10 11:22:00,MMY.V,,1.0099999904632568,1.0099999904632568,1.0099999904632568,1.0099999904632568,200.0
2026-09-10 11:22:00,NAU.V,,1.2400000095367432,1.2400000095367432,1.2400000095367432,1.2400000095367432,100.0
2026-09-10 11:22:00,OGO.V,,0.46000000834465027,0.46000000834465027,0.46000000834465027,0.46000000834465027,3000.0
2026-09-10 11:22:00,PML.V,,1.8300000429153442,1.8300000429153442,1.8300000429153442,1.8300000429153442,100.0
2026-09-10 11:22:00,PNPN.V,,1.1950000524520874,1.1950000524520874,1.1950000524520874,1.1950000524520874,0.0
2026-09-10 11:22:00,QNC.V,,2.440000057220459,2.440000057220459,2.440000057220459,2.440000057220459,100.0
2026-09-10 11:22:00,ROK.V,,0.4000000059604645,0.4000000059604645,0.4000000059604645,0.4000000059604645,500.0
2026-09-10 11:22:00,SEI.V,,0.39750000834465027,0.39750000834465027,0.39750000834465027,0.39750000834465027,3575.0
2026-09-10 11:23:00,MKA.V,,0.800000011920929,0.800000011920929,0.800000011920929,0.800000011920929,6000.0
2026-09-10 11:23:00,MMY.V,,1.0049999952316284,1.0049999952316284,1.0049999952316284,1.0049999952316284,100.0
2026-09-10 11:23:00,NAU.V,,1.2400000095367432,1.2400000095367432,1.2400000095367432,1.2400000095367432,1100.0
2026-09-10 11:23:00,OCO.V,,0.4950000047683716,0.4950000047683716,0.47999998927116394,0.47999998927116394,34500.0
2026-09-10 11:23:00,OMG.V,,2.6600000858306885,2.6649999618530273,2.6600000858306885,2.6649999618530273,6500.0
2026-09-10 11:23:00,PML.V,,1.8200000524520874,1.8300000429153442,1.809999942779541,1.8300000429153442,3400.0
2026-09-10 11:23:00,PNPN.V,,1.1950000524520874,1.1950000524520874,1.1950000524520874,1.1950000524520874,799339.0
2026-09-10 11:23:00,QTWO.V,,2.630000114440918,2.630000114440918,2.630000114440918,2.630000114440918,400.0
2026-09-10 11:23:00,RDS.V,,1.1799999475479126,1.1799999475479126,1.1799999475479126,1.1799999475479126,100.0
2026-09-10 11:23:00,ROK.V,,0.4000000059604645,0.4000000059604645,0.4000000059604645,0.4000000059604645,1000.0
2026-09-10 11:23:00,SEI.V,,0.38999998569488525,0.39500001072883606,0.38999998569488525,0.39500001072883606,325000.0
2026-09-10 11:23:00,SM.V,,1.5299999713897705,1.5299999713897705,1.5299999713897705,1.5299999713897705,186.0
2026-09-10 11:24:00,MHUB.V,,0.5400000214576721,0.5400000214576721,0.5400000214576721,0.5400000214576721,500.0
2026-09-10 11:24:00,MMY.V,,1.0099999904632568,1.0099999904632568,1.0099999904632568,1.0099999904632568,200.0
2026-09-10 11:24:00,NAU.V,,1.2400000095367432,1.2400000095367432,1.2400000095367432,1.2400000095367432,200.0
2026-09-10 11:24:00,PML.V,,1.8200000524520874,1.8200000524520874,1.8200000524520874,1.8200000524520874,100.0
2026-09-10 11:24:00,QTWO.V,,2.634999990463257,2.634999990463257,2.634999990463257,2.634999990463257,100.0
2026-09-10 11:24:00,RECO.V,,0.6150000095367432,0.6150000095367432,0.6150000095367432,0.6150000095367432,500.0
2026-09-10 11:24:00,ROK.V,,0.4000000059604645,0.4000000059604645,0.4000000059604645,0.4000000059604645,2500.0
2026-09-10 11:24:00,SCD.V,,0.17499999701976776,0.17499999701976776,0.17499999701976776,0.17499999701976776,1000.0
2026-09-10 11:24:00,SEI.V,,0.38499999046325684,0.38999998569488525,0.38499999046325684,0.38999998569488525,64000.0
2026-09-10 11:25:00,MMY.V,,1.0099999904632568,1.0099999904632568,1.0099999904632568,1.0099999904632568,200.0
2026-09-10 11:25:00,NAU.V,,1.2300000190734863,1.2300000190734863,1.2300000190734863,1.2300000190734863,100.0
2026-09-10 11:25:00,NDA.V,,0.6200000047683716,0.6200000047683716,0.6200000047683716,0.6200000047683716,11000.0
2026-09-10 11:25:00,OMG.V,,2.6600000858306885,2.6600000858306885,2.6600000858306885,2.6600000858306885,200.0
2026-09-10 11:25:00,PALI.V,,5.050000190734863,5.050000190734863,5.050000190734863,5.050000190734863,100.0
2026-09-10 11:25:00,QNC.V,,2.450000047683716,2.450000047683716,2.450000047683716,2.450000047683716,1000.0
2026-09-10 11:25:00,ROK.V,,0.4000000059604645,0.4000000059604645,0.4000000059604645,0.4000000059604645,1500.0
2026-09-10 11:25:00,RVG.V,,0.9100000262260437,0.9100000262260437,0.9100000262260437,0.9100000262260437,1000.0
2026-09-10 11:25:00,SCD.V,,0.17499999701976776,0.17499999701976776,0.17499999701976776,0.17499999701976776,500.0
2026-09-10 11:25:00,SEI.V,,0.38999998569488525,0.38999998569488525,0.38999998569488525,0.38999998569488525,52000.0
2026-09-10 11:26:00,NAU.V,,1.2300000190734863,1.2300000190734863,1.2300000190734863,1.2300000190734863,400.0
2026-09-10 11:26:00,OC.V,,0.125,0.125,0.125,0.125,0.0
2026-09-10 11:26:00,OMG.V,,2.6600000858306885,2.6600000858306885,2.6600000858306885,2.6600000858306885,100.0
2026-09-10 11:26:00,PGE.V,,0.41999998688697815,0.41999998688697815,0.41999998688697815,0.41999998688697815,500.0
2026-09-10 11:26:00,QNC.V,,2.440000057220459,2.440000057220459,2.440000057220459,2.440000057220459,100.0
2026-09-10 11:26:00,QTWO.V,,2.630000114440918,2.630000114440918,2.630000114440918,2.630000114440918,700.0
2026-09-10 11:26:00,ROCK.V,,4.389999866485596,4.389999866485596,4.389999866485596,4.389999866485596,100.0
2026-09-10 11:26:00,ROK.V,,0.4000000059604645,0.4000000059604645,0.4000000059604645,0.4000000059604645,500.0
2026-09-10 11:27:00,AMY.V,,0.05000000074505806,0.05000000074505806,0.05000000074505806,0.05000000074505806,1800.0
2026-09-10 11:27:00,MKA.V,,0.8100000023841858,0.8100000023841858,0.8100000023841858,0.8100000023841858,20000.0
2026-09-10 11:27:00,MMY.V,,1.0049999952316284,1.0099999904632568,1.0049999952316284,1.0099999904632568,300.0
2026-09-10 11:27:00,NCI.V,,0.4399999976158142,0.4399999976158142,0.4399999976158142,0.4399999976158142,4000.0
2026-09-10 11:27:00,PLSR.V,,1.25,1.25,1.25,1.25,100.0
2026-09-10 11:27:00,RET-A.V,,1.9500000476837158,2.009999990463257,1.9500000476837158,2.009999990463257,8200.0
2026-09-10 11:27:00,RML.V,,1.2000000476837158,1.2000000476837158,1.2000000476837158,1.2000000476837158,100.0
2026-09-10 11:27:00,ROK.V,,0.4000000059604645,0.4000000059604645,0.4000000059604645,0.4000000059604645,1000.0
2026-09-10 11:27:00,RSM.V,,0.24500000476837158,0.24500000476837158,0.24500000476837158,0.24500000476837158,500.0
2026-09-10 11:27:00,SEI.V,,0.3799999952316284,0.3799999952316284,0.3799999952316284,0.3799999952316284,284033.0
2026-09-10 11:28:00,ODX-H.V,,0.07000000029802322,0.07000000029802322,0.07000000029802322,0.07000000029802322,1150.0
2026-09-10 11:28:00,OLV.V,,0.03999999910593033,0.03999999910593033,0.03999999910593033,0.03999999910593033,0.0
2026-09-10 11:28:00,OMG.V,,2.6600000858306885,2.6600000858306885,2.6600000858306885,2.6600000858306885,200.0
2026-09-10 11:28:00,PGE.V,,0.41999998688697815,0.41999998688697815,0.41999998688697815,0.41999998688697815,500.0
2026-09-10 11:28:00,PPP.V,,0.8299999833106995,0.8299999833106995,0.8299999833106995,0.8299999833106995,12500.0
2026-09-10 11:28:00,RET-A.V,,1.9299999475479126,1.9600000381469727,1.9299999475479126,1.9600000381469727,4500.0
2026-09-10 11:28:00,ROK.V,,0.39750000834465027,0.4000000059604645,0.39750000834465027,0.39750000834465027,2000.0
2026-09-10 11:28:00,SEI.V,,0.3799999952316284,0.3799999952316284,0.3799999952316284,0.3799999952316284,100000.0
2026-09-10 11:28:00,SOU.V,,0.07000000029802322,0.07000000029802322,0.07000000029802322,0.07000000029802322,2436000.0
2026-09-10 11:29:00,MMY.V,,1.0099999904632568,1.0099999904632568,1.0099999904632568,1.0099999904632568,200.0
2026-09-10 11:29:00,OCO.V,,0.5,0.5,0.5,0.5,9000.0
2026-09-10 11:29:00,OMG.V,,2.6500000953674316,2.6500000953674316,2.6500000953674316,2.6500000953674316,1700.0
2026-09-10 11:29:00,PALI.V,,5.050000190734863,5.050000190734863,5.050000190734863,5.050000190734863,315.0
2026-09-10 11:29:00,ROK.V,,0.4000000059604645,0.4000000059604645,0.4000000059604645,0.4000000059604645,1000.0
2026-09-10 11:29:00,RYR.V,,0.1899999976158142,0.1899999976158142,0.1899999976158142,0.1899999976158142,0.0
2026-09-10 11:29:00,SRQ.V,,0.10000000149011612,0.10000000149011612,0.10000000149011612,0.10000000149011612,10000.0
2026-09-10 11:30:00,MHUB.V,,0.5199999809265137,0.5199999809265137,0.5199999809265137,0.5199999809265137,7386.0
2026-09-10 11:30:00,OMG.V,,2.6600000858306885,2.6600000858306885,2.6600000858306885,2.6600000858306885,300.0
2026-09-10 11:30:00,PML.V,,1.7999999523162842,1.8049999475479126,1.7999999523162842,1.8049999475479126,7100.0
2026-09-10 11:30:00,PRG.V,,0.16500000655651093,0.16500000655651093,0.16500000655651093,0.16500000655651093,500.0
2026-09-10 11:30:00,ROK.V,,0.4000000059604645,0.4000000059604645,0.4000000059604645,0.4000000059604645,1000.0
2026-09-10 11:30:00,SEI.V,,0.3799999952316284,0.3799999952316284,0.3799999952316284,0.3799999952316284,27500.0
2026-09-10 11:30:00,SOU.V,,0.07000000029802322,0.07000000029802322,0.07000000029802322,0.07000000029802322,3904.0
2026-09-10 11:31:00,MMY.V,,1.0099999904632568,1.0099999904632568,1.0099999904632568,1.0099999904632568,200.0
2026-09-10 11:31:00,PML.V,,1.7599999904632568,1.7899999618530273,1.7599999904632568,1.7899999618530273,3000.0
2026-09-10 11:31:00,QNC.V,,2.450000047683716,2.450000047683716,2.440000057220459,2.440000057220459,600.0
2026-09-10 11:31:00,ROK.V,,0.4000000059604645,0.4000000059604645,0.4000000059604645,0.4000000059604645,500.0
2026-09-10 11:31:00,SCD.V,,0.17499999701976776,0.17499999701976776,0.17499999701976776,0.17499999701976776,5500.0
2026-09-10 11:31:00,SEI.V,,0.3799999952316284,0.3799999952316284,0.3799999952316284,0.3799999952316284,100000.0
2026-09-10 11:32:00,MMY.V,,1.0,1.0,1.0,1.0,100.0
2026-09-10 11:32:00,NAU.V,,1.2400000095367432,1.2400000095367432,1.2400000095367432,1.2400000095367432,100.0
2026-09-10 11:32:00,OMG.V,,2.6600000858306885,2.6600000858306885,2.6600000858306885,2.6600000858306885,100.0
2026-09-10 11:32:00,PNPN.V,,1.190000057220459,1.190000057220459,1.190000057220459,1.190000057220459,22187.0
2026-09-10 11:32:00,PPX.V,,0.2549999952316284,0.2549999952316284,0.2549999952316284,0.2549999952316284,0.0
2026-09-10 11:32:00,ROK.V,,0.39750000834465027,0.4000000059604645,0.39750000834465027,0.4000000059604645,1000.0
2026-09-10 11:32:00,SCD.V,,0.17499999701976776,0.17499999701976776,0.17499999701976776,0.17499999701976776,1000.0
2026-09-10 11:32:00,SVRS.V,,0.5099999904632568,0.5149999856948853,0.5099999904632568,0.5149999856948853,51541.0
2026-09-10 11:32:00,VIPR.V,,0.45500001311302185,0.45500001311302185,0.45500001311302185,0.45500001311302185,1514.0
2026-09-10 11:33:00,NAU.V,,1.2200000286102295,1.2200000286102295,1.2200000286102295,1.2200000286102295,4100.0
2026-09-10 11:33:00,OGO.V,,0.4699999988079071,0.4699999988079071,0.4650000035762787,0.4650000035762787,2500.0
2026-09-10 11:33:00,OMG.V,,2.6600000858306885,2.6600000858306885,2.6600000858306885,2.6600000858306885,100.0
2026-09-10 11:33:00,PLSR.V,,1.25,1.25,1.25,1.25,100.0
2026-09-10 11:33:00,PML.V,,1.7799999713897705,1.7799999713897705,1.7799999713897705,1.7799999713897705,1200.0
2026-09-10 11:33:00,PNPN.V,,1.190000057220459,1.190000057220459,1.190000057220459,1.190000057220459,13800.0
2026-09-10 11:33:00,RML.V,,1.2000000476837158,1.2000000476837158,1.2000000476837158,1.2000000476837158,100.0
2026-09-10 11:33:00,ROK.V,,0.39750000834465027,0.39750000834465027,0.39750000834465027,0.39750000834465027,500.0
2026-09-10 11:33:00,RSS.V,,0.550000011920929,0.550000011920929,0.550000011920929,0.550000011920929,1500.0
2026-09-10 11:33:00,VIPR.V,,0.45500001311302185,0.45500001311302185,0.45500001311302185,0.45500001311302185,1500.0
2026-09-10 11:34:00,MMY.V,,1.0099999904632568,1.0099999904632568,1.0099999904632568,1.0099999904632568,200.0
2026-09-10 11:34:00,OMG.V,,2.6600000858306885,2.6649999618530273,2.6600000858306885,2.6600000858306885,5450.0
2026-09-10 11:34:00,QNC.V,,2.440000057220459,2.440000057220459,2.440000057220459,2.440000057220459,600.0
2026-09-10 11:34:00,RECO.V,,0.6150000095367432,0.6150000095367432,0.6150000095367432,0.6150000095367432,500.0
2026-09-10 11:34:00,ROK.V,,0.39750000834465027,0.39750000834465027,0.39750000834465027,0.39750000834465027,1000.0
2026-09-10 11:35:00,MMY.V,,1.0099999904632568,1.0099999904632568,1.0099999904632568,1.0099999904632568,200.0
2026-09-10 11:35:00,OMG.V,,2.6600000858306885,2.6600000858306885,2.6600000858306885,2.6600000858306885,200.0
2026-09-10 11:35:00,PGE.V,,0.41999998688697815,0.41999998688697815,0.41999998688697815,0.41999998688697815,500.0
2026-09-10 11:35:00,RET-A.V,,2.0,2.0,2.0,2.0,4000.0
2026-09-10 11:35:00,ROCK.V,,4.400000095367432,4.400000095367432,4.389999866485596,4.389999866485596,2800.0
2026-09-10 11:35:00,ROK.V,,0.39750000834465027,0.39750000834465027,0.39750000834465027,0.39750000834465027,1000.0
2026-09-10 11:36:00,NDA.V,,0.6200000047683716,0.6200000047683716,0.6200000047683716,0.6200000047683716,500.0
2026-09-10 11:36:00,NIM.V,,0.7699999809265137,0.7699999809265137,0.7699999809265137,0.7699999809265137,1500.0
2026-09-10 11:36:00,OMG.V,,2.6600000858306885,2.6600000858306885,2.6600000858306885,2.6600000858306885,100.0
2026-09-10 11:36:00,PESO.V,,0.5299999713897705,0.5299999713897705,0.5299999713897705,0.5299999713897705,17000.0
2026-09-10 11:36:00,PML.V,,1.7799999713897705,1.7799999713897705,1.7799999713897705,1.7799999713897705,200.0
2026-09-10 11:36:00,QNC.V,,2.450000047683716,2.450000047683716,2.440000057220459,2.440000057220459,1100.0
2026-09-10 11:36:00,ROK.V,,0.39750000834465027,0.39750000834465027,0.39750000834465027,0.39750000834465027,500.0
2026-09-10 11:37:00,MMY.V,,1.0099999904632568,1.0099999904632568,1.0049999952316284,1.0049999952316284,300.0
2026-09-10 11:37:00,MYID.V,,0.20999999344348907,0.20999999344348907,0.20999999344348907,0.20999999344348907,100500.0
2026-09-10 11:37:00,OMG.V,,2.6600000858306885,2.6600000858306885,2.6600000858306885,2.6600000858306885,500.0
2026-09-10 11:37:00,PNPN.V,,1.2000000476837158,1.2000000476837158,1.2000000476837158,1.2000000476837158,18800.0
2026-09-10 11:37:00,QNC.V,,2.450000047683716,2.4600000381469727,2.450000047683716,2.450000047683716,7322.0
2026-09-10 11:37:00,QTWO.V,,2.630000114440918,2.630000114440918,2.630000114440918,2.630000114440918,700.0
2026-09-10 11:37:00,ROK.V,,0.39750000834465027,0.39750000834465027,0.39750000834465027,0.39750000834465027,500.0
2026-09-10 11:38:00,MHUB.V,,0.5199999809265137,0.5199999809265137,0.5199999809265137,0.5199999809265137,2500.0
2026-09-10 11:38:00,MYID.V,,0.20999999344348907,0.20999999344348907,0.20999999344348907,0.20999999344348907,1000.0
2026-09-10 11:38:00,NIM.V,,0.7699999809265137,0.7699999809265137,0.7699999809265137,0.7699999809265137,8500.0
2026-09-10 11:38:00,OMG.V,,2.6600000858306885,2.6600000858306885,2.6600000858306885,2.6600000858306885,400.0
2026-09-10 11:38:00,PML.V,,1.7999999523162842,1.7999999523162842,1.7999999523162842,1.7999999523162842,100.0
2026-09-10 11:38:00,PNPN.V,,1.2000000476837158,1.2000000476837158,1.2000000476837158,1.2000000476837158,4500.0
2026-09-10 11:38:00,ROCK.V,,4.380000114440918,4.380000114440918,4.380000114440918,4.380000114440918,100.0
2026-09-10 11:38:00,ROK.V,,0.39750000834465027,0.39750000834465027,0.39750000834465027,0.39750000834465027,500.0
2026-09-10 11:38:00,SEI.V,,0.3799999952316284,0.3799999952316284,0.3799999952316284,0.3799999952316284,20000.0
2026-09-10 11:38:00,SMY.V,,0.23499999940395355,0.23499999940395355,0.23499999940395355,0.23499999940395355,0.0
2026-09-10 11:39:00,MMY.V,,1.0099999904632568,1.0099999904632568,1.0099999904632568,1.0099999904632568,200.0
2026-09-10 11:39:00,NEV.V,,0.05999999865889549,0.05999999865889549,0.05999999865889549,0.05999999865889549,20000.0
2026-09-10 11:39:00,OMG.V,,2.6600000858306885,2.6600000858306885,2.6600000858306885,2.6600000858306885,100.0
2026-09-10 11:39:00,PLSR.V,,1.25,1.25,1.25,1.25,100.0
2026-09-10 11:39:00,PML.V,,1.7899999618530273,1.7899999618530273,1.7899999618530273,1.7899999618530273,100.0
2026-09-10 11:39:00,PNPN.V,,1.1950000524520874,1.2000000476837158,1.1950000524520874,1.2000000476837158,4000.0
2026-09-10 11:39:00,PUR.V,,0.550000011920929,0.550000011920929,0.550000011920929,0.550000011920929,500.0
2026-09-10 11:39:00,QTWO.V,,2.630000114440918,2.630000114440918,2.630000114440918,2.630000114440918,2300.0
2026-09-10 11:39:00,RML.V,,1.2000000476837158,1.2000000476837158,1.2000000476837158,1.2000000476837158,100.0
2026-09-10 11:39:00,ROK.V,,0.39500001072883606,0.39750000834465027,0.39500001072883606,0.39750000834465027,11000.0
2026-09-10 11:39:00,SCD.V,,0.17749999463558197,0.17749999463558197,0.17749999463558197,0.17749999463558197,2520.0
2026-09-10 11:39:00,STE.V,,0.3499999940395355,0.3499999940395355,0.3499999940395355,0.3499999940395355,14500.0
2026-09-10 11:40:00,MKA.V,,0.8100000023841858,0.8100000023841858,0.8100000023841858,0.8100000023841858,1500.0
2026-09-10 11:40:00,MMY.V,,1.0099999904632568,1.0099999904632568,1.0099999904632568,1.0099999904632568,200.0
2026-09-10 11:40:00,OMG.V,,2.6600000858306885,2.6600000858306885,2.6600000858306885,2.6600000858306885,1600.0
2026-09-10 11:40:00,PALI.V,,5.0,5.019999980926514,5.0,5.019999980926514,1700.0
2026-09-10 11:40:00,PML.V,,1.7799999713897705,1.7899999618530273,1.7799999713897705,1.7899999618530273,3600.0
2026-09-10 11:40:00,PPX.V,,0.2549999952316284,0.2549999952316284,0.2549999952316284,0.2549999952316284,500.0
2026-09-10 11:40:00,PRG.V,,0.16500000655651093,0.16500000655651093,0.16500000655651093,0.16500000655651093,500.0
2026-09-10 11:40:00,ROK.V,,0.4000000059604645,0.4000000059604645,0.4000000059604645,0.4000000059604645,500.0
2026-09-10 11:40:00,SMY.V,,0.2549999952316284,0.2549999952316284,0.23499999940395355,0.23499999940395355,21500.0
2026-09-10 11:41:00,NAU.V,,1.2200000286102295,1.2200000286102295,1.2200000286102295,1.2200000286102295,100.0
2026-09-10 11:41:00,NSE.V,,0.7900000214576721,0.7900000214576721,0.7900000214576721,0.7900000214576721,500.0
2026-09-10 11:41:00,OMG.V,,2.6600000858306885,2.6600000858306885,2.6600000858306885,2.6600000858306885,100.0
2026-09-10 11:41:00,ROK.V,,0.39750000834465027,0.39750000834465027,0.39750000834465027,0.39750000834465027,500.0
2026-09-10 11:41:00,SMN.V,,0.1550000011920929,0.1550000011920929,0.1550000011920929,0.1550000011920929,2500.0
2026-09-10 11:42:00,MMY.V,,1.0049999952316284,1.0049999952316284,1.0049999952316284,1.0049999952316284,100.0
2026-09-10 11:42:00,OMG.V,,2.6600000858306885,2.6600000858306885,2.6600000858306885,2.6600000858306885,600.0
2026-09-10 11:42:00,PGE.V,,0.41999998688697815,0.41999998688697815,0.41999998688697815,0.41999998688697815,500.0
2026-09-10 11:42:00,PNPN.V,,1.2000000476837158,1.2000000476837158,1.2000000476837158,1.2000000476837158,1200.0
2026-09-10 11:42:00,PPP.V,,0.8299999833106995,0.8299999833106995,0.8299999833106995,0.8299999833106995,12000.0
2026-09-10 11:42:00,RECO.V,,0.6150000095367432,0.6150000095367432,0.6150000095367432,0.6150000095367432,1000.0
2026-09-10 11:42:00,ROK.V,,0.39750000834465027,0.39750000834465027,0.39750000834465027,0.39750000834465027,500.0
2026-09-10 11:42:00,VIPR.V,,0.45500001311302185,0.45500001311302185,0.45500001311302185,0.45500001311302185,500.0
2026-09-10 11:43:00,MMY.V,,1.0099999904632568,1.0099999904632568,1.0099999904632568,1.0099999904632568,200.0
2026-09-10 11:43:00,NAU.V,,1.2200000286102295,1.2200000286102295,1.2200000286102295,1.2200000286102295,100.0
2026-09-10 11:43:00,NCI.V,,0.44999998807907104,0.44999998807907104,0.44999998807907104,0.44999998807907104,500.0
2026-09-10 11:43:00,OMG.V,,2.6600000858306885,2.6600000858306885,2.6600000858306885,2.6600000858306885,400.0
2026-09-10 11:43:00,PNPN.V,,1.2000000476837158,1.2000000476837158,1.2000000476837158,1.2000000476837158,900.0
2026-09-10 11:43:00,PPP.V,,0.8299999833106995,0.8299999833106995,0.8299999833106995,0.8299999833106995,9500.0
2026-09-10 11:43:00,PWM.V,,0.5,0.5,0.5,0.5,1500.0
2026-09-10 11:43:00,QNC.V,,2.450000047683716,2.450000047683716,2.444999933242798,2.444999933242798,1100.0
2026-09-10 11:43:00,QTWO.V,,2.619999885559082,2.619999885559082,2.619999885559082,2.619999885559082,1000.0
2026-09-10 11:43:00,RET-A.V,,2.0,2.0,2.0,2.0,4000.0
2026-09-10 11:43:00,ROK.V,,0.39750000834465027,0.39750000834465027,0.39750000834465027,0.39750000834465027,500.0
2026-09-10 11:43:00,RSS.V,,0.550000011920929,0.550000011920929,0.550000011920929,0.550000011920929,500.0
2026-09-10 11:43:00,SAG.V,,1.2599999904632568,1.2599999904632568,1.25,1.25,800.0
2026-09-10 11:44:00,MMY.V,,1.0099999904632568,1.0099999904632568,1.0099999904632568,1.0099999904632568,200.0
2026-09-10 11:44:00,NAU.V,,1.2200000286102295,1.2200000286102295,1.2200000286102295,1.2200000286102295,100.0
2026-09-10 11:44:00,OMG.V,,2.6600000858306885,2.6600000858306885,2.6600000858306885,2.6600000858306885,400.0
2026-09-10 11:44:00,PNPN.V,,1.2000000476837158,1.2000000476837158,1.2000000476837158,1.2000000476837158,900.0
2026-09-10 11:44:00,RECO.V,,0.6150000095367432,0.6150000095367432,0.6150000095367432,0.6150000095367432,500.0
2026-09-10 11:44:00,RVG.V,,0.9100000262260437,0.9100000262260437,0.9100000262260437,0.9100000262260437,500.0
2026-09-10 11:45:00,OMG.V,,2.6600000858306885,2.6649999618530273,2.6600000858306885,2.6600000858306885,1700.0
2026-09-10 11:45:00,PESO.V,,0.5199999809265137,0.5199999809265137,0.5199999809265137,0.5199999809265137,3000.0
2026-09-10 11:45:00,PML.V,,1.7899999618530273,1.7899999618530273,1.7899999618530273,1.7899999618530273,2800.0
2026-09-10 11:45:00,QNC.V,,2.450000047683716,2.450000047683716,2.450000047683716,2.450000047683716,3000.0
2026-09-10 11:45:00,RML.V,,1.2000000476837158,1.2000000476837158,1.2000000476837158,1.2000000476837158,100.0
2026-09-10 11:45:00,ROMJ.V,,0.4699999988079071,0.4699999988079071,0.4699999988079071,0.4699999988079071,3000.0
2026-09-10 11:46:00,MMY.V,,1.0099999904632568,1.0099999904632568,1.0099999904632568,1.0099999904632568,200.0
2026-09-10 11:46:00,NAU.V,,1.2100000381469727,1.2200000286102295,1.2100000381469727,1.2200000286102295,1600.0
2026-09-10 11:46:00,OMG.V,,2.6600000858306885,2.6600000858306885,2.6600000858306885,2.6600000858306885,100.0
2026-09-10 11:46:00,PLSR.V,,1.25,1.25,1.25,1.25,100.0
2026-09-10 11:46:00,PML.V,,1.7799999713897705,1.7799999713897705,1.7799999713897705,1.7799999713897705,3300.0
2026-09-10 11:46:00,PPP.V,,0.8299999833106995,0.8299999833106995,0.8299999833106995,0.8299999833106995,34500.0
2026-09-10 11:46:00,QGR.V,,0.2199999988079071,0.2199999988079071,0.2199999988079071,0.2199999988079071,6000.0
2026-09-10 11:46:00,RDS.V,,1.1699999570846558,1.1699999570846558,1.1699999570846558,1.1699999570846558,300.0
2026-09-10 11:47:00,MMY.V,,1.0,1.0,1.0,1.0,100.0
2026-09-10 11:47:00,NAU.V,,1.2100000381469727,1.2100000381469727,1.2100000381469727,1.2100000381469727,100.0
2026-09-10 11:47:00,PLUR.V,,0.13500000536441803,0.13500000536441803,0.13500000536441803,0.13500000536441803,8500.0
2026-09-10 11:47:00,POOL.V,,0.11999999731779099,0.11999999731779099,0.11999999731779099,0.11999999731779099,0.0
2026-09-10 11:47:00,QNC.V,,2.450000047683716,2.450000047683716,2.450000047683716,2.450000047683716,100.0
2026-09-10 11:47:00,RECO.V,,0.6150000095367432,0.6150000095367432,0.6150000095367432,0.6150000095367432,500.0
2026-09-10 11:47:00,ROK.V,,0.39750000834465027,0.39750000834465027,0.39750000834465027,0.39750000834465027,8500.0
2026-09-10 11:47:00,SLG.V,,5.699999809265137,5.699999809265137,5.699999809265137,5.699999809265137,500.0
2026-09-10 11:48:00,OMG.V,,2.640000104904175,2.6549999713897705,2.640000104904175,2.6549999713897705,7900.0
2026-09-10 11:48:00,PALI.V,,5.0,5.0,5.0,5.0,2500.0
2026-09-10 11:48:00,PEX.V,,0.23000000417232513,0.23000000417232513,0.23000000417232513,0.23000000417232513,10000.0
2026-09-10 11:48:00,ROK.V,,0.4000000059604645,0.4000000059604645,0.39500001072883606,0.39500001072883606,1000.0
2026-09-10 11:48:00,SM.V,,1.5099999904632568,1.5199999809265137,1.5099999904632568,1.5199999809265137,2465.0
2026-09-10 11:49:00,MMY.V,,1.0099999904632568,1.0099999904632568,1.0099999904632568,1.0099999904632568,17800.0
2026-09-10 11:49:00,OMG.V,,2.6600000858306885,2.6600000858306885,2.6500000953674316,2.6500000953674316,15700.0
2026-09-10 11:49:00,PML.V,,1.784999966621399,1.784999966621399,1.784999966621399,1.784999966621399,100.0
2026-09-10 11:49:00,RECO.V,,0.6150000095367432,0.6150000095367432,0.6150000095367432,0.6150000095367432,1000.0
2026-09-10 11:49:00,ROK.V,,0.4000000059604645,0.4000000059604645,0.4000000059604645,0.4000000059604645,500.0
2026-09-10 11:50:00,MMY.V,,1.0099999904632568,1.0099999904632568,1.0099999904632568,1.0099999904632568,200.0
2026-09-10 11:50:00,PGE.V,,0.41999998688697815,0.41999998688697815,0.41999998688697815,0.41999998688697815,500.0
2026-09-10 11:50:00,PLUR.V,,0.12999999523162842,0.12999999523162842,0.12999999523162842,0.12999999523162842,5000.0
2026-09-10 11:50:00,PNPN.V,,1.2000000476837158,1.2000000476837158,1.2000000476837158,1.2000000476837158,1800.0
2026-09-10 11:50:00,PRG.V,,0.17000000178813934,0.17000000178813934,0.17000000178813934,0.17000000178813934,500.0
2026-09-10 11:51:00,MMY.V,,1.0099999904632568,1.0099999904632568,1.0099999904632568,1.0099999904632568,2800.0
2026-09-10 11:51:00,OMG.V,,2.6500000953674316,2.6500000953674316,2.6500000953674316,2.6500000953674316,6300.0
2026-09-10 11:51:00,PEX.V,,0.23499999940395355,0.23499999940395355,0.23499999940395355,0.23499999940395355,2000.0
2026-09-10 11:51:00,RDS.V,,1.1699999570846558,1.1699999570846558,1.1699999570846558,1.1699999570846558,200.0
2026-09-10 11:51:00,RECO.V,,0.6150000095367432,0.6150000095367432,0.6150000095367432,0.6150000095367432,500.0
2026-09-10 11:51:00,RML.V,,1.2000000476837158,1.2000000476837158,1.2000000476837158,1.2000000476837158,100.0
2026-09-10 11:51:00,SGZ.V,,0.03500000014901161,0.03500000014901161,0.03500000014901161,0.03500000014901161,0.0
2026-09-10 11:51:00,SLG.V,,5.619999885559082,5.659999847412109,5.619999885559082,5.659999847412109,1304.0
2026-09-10 11:52:00,MMY.V,,1.0099999904632568,1.0099999904632568,1.0099999904632568,1.0099999904632568,200.0
2026-09-10 11:52:00,NAU.V,,1.2100000381469727,1.2100000381469727,1.2100000381469727,1.2100000381469727,200.0
2026-09-10 11:52:00,OMG.V,,2.640000104904175,2.640000104904175,2.640000104904175,2.640000104904175,1300.0
2026-09-10 11:52:00,PLSR.V,,1.25,1.25,1.25,1.25,100.0
2026-09-10 11:52:00,PML.V,,1.7699999809265137,1.7799999713897705,1.7699999809265137,1.7799999713897705,5500.0
2026-09-10 11:52:00,RDS.V,,1.1699999570846558,1.1699999570846558,1.1699999570846558,1.1699999570846558,200.0
2026-09-10 11:52:00,ROK.V,,0.4000000059604645,0.4000000059604645,0.4000000059604645,0.4000000059604645,500.0
2026-09-10 11:52:00,VIPR.V,,0.4449999928474426,0.45500001311302185,0.4449999928474426,0.45500001311302185,11510.0
2026-09-10 11:53:00,NAU.V,,1.2100000381469727,1.2100000381469727,1.2100000381469727,1.2100000381469727,100.0
2026-09-10 11:53:00,OTC.V,,0.46000000834465027,0.4699999988079071,0.46000000834465027,0.4699999988079071,0.0
2026-09-10 11:53:00,PUR.V,,0.550000011920929,0.550000011920929,0.550000011920929,0.550000011920929,500.0
2026-09-10 11:53:00,ROS.V,,0.20499999821186066,0.20499999821186066,0.20499999821186066,0.20499999821186066,37000.0
2026-09-10 11:53:00,SILV.V,,0.14000000059604645,0.14000000059604645,0.14000000059604645,0.14000000059604645,0.0
2026-09-10 11:54:00,MMY.V,,1.0099999904632568,1.0099999904632568,1.0099999904632568,1.0099999904632568,200.0
2026-09-10 11:54:00,NAU.V,,1.2100000381469727,1.2100000381469727,1.2100000381469727,1.2100000381469727,200.0
2026-09-10 11:54:00,OMG.V,,2.640000104904175,2.6449999809265137,2.640000104904175,2.640000104904175,4700.0
2026-09-10 11:54:00,PEAK.V,,0.42500001192092896,0.42500001192092896,0.42500001192092896,0.42500001192092896,0.0
2026-09-10 11:54:00,PESO.V,,0.5299999713897705,0.5299999713897705,0.5299999713897705,0.5299999713897705,3000.0
2026-09-10 11:54:00,PNPN.V,,1.2000000476837158,1.2000000476837158,1.2000000476837158,1.2000000476837158,900.0
2026-09-10 11:54:00,QNC.V,,2.4700000286102295,2.4700000286102295,2.4549999237060547,2.4549999237060547,1500.0
2026-09-10 11:54:00,QTWO.V,,2.619999885559082,2.619999885559082,2.619999885559082,2.619999885559082,200.0
2026-09-10 11:54:00,RECO.V,,0.6150000095367432,0.6150000095367432,0.6150000095367432,0.6150000095367432,500.0
2026-09-10 11:55:00,OMG.V,,2.6449999809265137,2.6449999809265137,2.640000104904175,2.640000104904175,4100.0
2026-09-10 11:56:00,NAU.V,,1.2000000476837158,1.2000000476837158,1.2000000476837158,1.2000000476837158,17900.0
2026-09-10 11:56:00,NIM.V,,0.7799999713897705,0.7799999713897705,0.7799999713897705,0.7799999713897705,3500.0
2026-09-10 11:56:00,PLSR.V,,1.25,1.25,1.25,1.25,200.0
2026-09-10 11:56:00,PML.V,,1.7799999713897705,1.7799999713897705,1.7799999713897705,1.7799999713897705,4592.0
2026-09-10 11:56:00,QTWO.V,,2.609999895095825,2.609999895095825,2.609999895095825,2.609999895095825,1100.0
2026-09-10 11:56:00,RECO.V,,0.6150000095367432,0.6150000095367432,0.6150000095367432,0.6150000095367432,500.0
2026-09-10 11:56:00,ROCK.V,,4.349999904632568,4.349999904632568,4.349999904632568,4.349999904632568,100.0
2026-09-10 11:57:00,MMY.V,,1.0099999904632568,1.0099999904632568,1.0099999904632568,1.0099999904632568,200.0
2026-09-10 11:57:00,OMG.V,,2.640000104904175,2.640000104904175,2.640000104904175,2.640000104904175,100.0
2026-09-10 11:57:00,PGE.V,,0.41999998688697815,0.41999998688697815,0.41999998688697815,0.41999998688697815,500.0
2026-09-10 11:57:00,PLSR.V,,1.2549999952316284,1.2549999952316284,1.2549999952316284,1.2549999952316284,100.0
2026-09-10 11:57:00,QNC.V,,2.4749999046325684,2.4749999046325684,2.4749999046325684,2.4749999046325684,600.0
2026-09-10 11:57:00,RDS.V,,1.1699999570846558,1.1699999570846558,1.1699999570846558,1.1699999570846558,100.0
2026-09-10 11:57:00,SLG.V,,5.690000057220459,5.690000057220459,5.670000076293945,5.670000076293945,2555.0
2026-09-10 11:57:00,SSV.V,,0.6200000047683716,0.6200000047683716,0.6200000047683716,0.6200000047683716,48500.0
2026-09-10 11:57:00,STRM.V,,0.5099999904632568,0.5099999904632568,0.5099999904632568,0.5099999904632568,2000.0
2026-09-10 11:58:00,OMG.V,,2.640000104904175,2.6449999809265137,2.640000104904175,2.640000104904175,5000.0
2026-09-10 11:58:00,OTC.V,,0.46000000834465027,0.46000000834465027,0.46000000834465027,0.46000000834465027,1000.0
2026-09-10 11:58:00,PML.V,,1.7799999713897705,1.7799999713897705,1.7799999713897705,1.7799999713897705,4400.0
2026-09-10 11:58:00,PWM.V,,0.5,0.5,0.5,0.5,1000.0
2026-09-10 11:58:00,RDS.V,,1.1699999570846558,1.1699999570846558,1.1699999570846558,1.1699999570846558,1600.0
2026-09-10 11:58:00,RML.V,,1.2000000476837158,1.2000000476837158,1.2000000476837158,1.2000000476837158,100.0
2026-09-10 11:58:00,ROK.V,,0.4000000059604645,0.4000000059604645,0.39500001072883606,0.39500001072883606,39000.0
2026-09-10 11:58:00,SOI.V,,0.1899999976158142,0.1899999976158142,0.1899999976158142,0.1899999976158142,3000.0
2026-09-10 11:58:00,SSV.V,,0.6200000047683716,0.6200000047683716,0.6200000047683716,0.6200000047683716,14000.0
2026-09-10 11:58:00,SVE.V,,0.44999998807907104,0.44999998807907104,0.44999998807907104,0.44999998807907104,24080.0
2026-09-10 11:59:00,MMY.V,,1.0099999904632568,1.0099999904632568,1.0099999904632568,1.0099999904632568,200.0
2026-09-10 11:59:00,ONYX.V,,1.6399999856948853,1.6399999856948853,1.6399999856948853,1.6399999856948853,5000.0
2026-09-10 11:59:00,PEX.V,,0.23000000417232513,0.23000000417232513,0.23000000417232513,0.23000000417232513,23500.0
2026-09-10 11:59:00,PNPN.V,,1.2000000476837158,1.2000000476837158,1.2000000476837158,1.2000000476837158,900.0
2026-09-10 11:59:00,RDS.V,,1.1699999570846558,1.1699999570846558,1.1699999570846558,1.1699999570846558,100.0
2026-09-10 11:59:00,SME.V,,0.1599999964237213,0.1599999964237213,0.1599999964237213,0.1599999964237213,1500.0
2026-09-10 12:00:00,NAU.V,,1.2000000476837158,1.2000000476837158,1.2000000476837158,1.2000000476837158,2400.0
2026-09-10 12:00:00,PNPN.V,,1.2000000476837158,1.2000000476837158,1.2000000476837158,1.2000000476837158,1600.0
2026-09-10 12:00:00,PRG.V,,0.17000000178813934,0.17000000178813934,0.17000000178813934,0.17000000178813934,1000.0
2026-09-10 12:00:00,QNC.V,,2.4600000381469727,2.4600000381469727,2.4600000381469727,2.4600000381469727,120.0
2026-09-10 12:00:00,RECO.V,,0.6150000095367432,0.6150000095367432,0.6150000095367432,0.6150000095367432,500.0
2026-09-10 12:00:00,ROCK.V,,4.360000133514404,4.360000133514404,4.360000133514404,4.360000133514404,600.0
2026-09-10 12:00:00,ROK.V,,0.4000000059604645,0.4000000059604645,0.4000000059604645,0.4000000059604645,500.0
2026-09-10 12:00:00,VIPR.V,,0.4399999976158142,0.4399999976158142,0.4399999976158142,0.4399999976158142,1000.0
2026-09-10 12:01:00,FISH.V,,5.71999979019165,5.71999979019165,5.71999979019165,5.71999979019165,1500.0
2026-09-10 12:01:00,MMY.V,,1.0099999904632568,1.0099999904632568,1.0099999904632568,1.0099999904632568,200.0
2026-09-10 12:01:00,NAU.V,,1.2000000476837158,1.2000000476837158,1.2000000476837158,1.2000000476837158,5800.0
2026-09-10 12:01:00,PML.V,,1.7799999713897705,1.7799999713897705,1.7799999713897705,1.7799999713897705,600.0
2026-09-10 12:01:00,PNPN.V,,1.2000000476837158,1.2000000476837158,1.2000000476837158,1.2000000476837158,1000.0
2026-09-10 12:01:00,RECO.V,,0.6150000095367432,0.6150000095367432,0.6150000095367432,0.6150000095367432,500.0
2026-09-10 12:01:00,ROCK.V,,4.349999904632568,4.360000133514404,4.349999904632568,4.360000133514404,4700.0
2026-09-10 12:01:00,ROK.V,,0.4000000059604645,0.4000000059604645,0.4000000059604645,0.4000000059604645,500.0
2026-09-10 12:01:00,RZL.V,,0.2800000011920929,0.2849999964237213,0.2800000011920929,0.2849999964237213,2500.0
2026-09-10 12:01:00,SHL.V,,0.38999998569488525,0.38999998569488525,0.38999998569488525,0.38999998569488525,7000.0
2026-09-10 12:01:00,SMN.V,,0.1550000011920929,0.1550000011920929,0.1550000011920929,0.1550000011920929,500.0
2026-09-10 12:02:00,NDA.V,,0.6200000047683716,0.6200000047683716,0.6200000047683716,0.6200000047683716,500.0
2026-09-10 12:02:00,OCO.V,,0.49000000953674316,0.49000000953674316,0.49000000953674316,0.49000000953674316,500.0
2026-09-10 12:02:00,OMG.V,,2.6500000953674316,2.6500000953674316,2.6500000953674316,2.6500000953674316,400.0
2026-09-10 12:02:00,PALI.V,,5.039999961853027,5.039999961853027,5.039999961853027,5.039999961853027,101.0
2026-09-10 12:02:00,PML.V,,1.7699999809265137,1.7799999713897705,1.7699999809265137,1.7799999713897705,9300.0
2026-09-10 12:02:00,PPP.V,,0.8299999833106995,0.8299999833106995,0.8299999833106995,0.8299999833106995,2409.0
2026-09-10 12:02:00,QTWO.V,,2.619999885559082,2.619999885559082,2.619999885559082,2.619999885559082,100.0
2026-09-10 12:02:00,ROCK.V,,4.360000133514404,4.360000133514404,4.360000133514404,4.360000133514404,100.0
2026-09-10 12:02:00,ROK.V,,0.4000000059604645,0.4000000059604645,0.4000000059604645,0.4000000059604645,500.0
2026-09-10 12:03:00,MMY.V,,1.0099999904632568,1.0099999904632568,1.0049999952316284,1.0049999952316284,300.0
2026-09-10 12:03:00,OMG.V,,2.6500000953674316,2.6500000953674316,2.6500000953674316,2.6500000953674316,200.0
2026-09-10 12:03:00,PNPN.V,,1.2000000476837158,1.2000000476837158,1.2000000476837158,1.2000000476837158,1100.0
2026-09-10 12:03:00,QNC.V,,2.4700000286102295,2.4700000286102295,2.4700000286102295,2.4700000286102295,1500.0
2026-09-10 12:03:00,RECO.V,,0.6150000095367432,0.6150000095367432,0.6150000095367432,0.6150000095367432,500.0
2026-09-10 12:03:00,ROCK.V,,4.360000133514404,4.360000133514404,4.360000133514404,4.360000133514404,100.0
2026-09-10 12:03:00,ROK.V,,0.4000000059604645,0.4000000059604645,0.4000000059604645,0.4000000059604645,1000.0
2026-09-10 12:04:00,NAU.V,,1.2000000476837158,1.2000000476837158,1.190000057220459,1.190000057220459,15533.0
2026-09-10 12:04:00,OMG.V,,2.640000104904175,2.640000104904175,2.640000104904175,2.640000104904175,500.0
2026-09-10 12:04:00,OMM.V,,0.054999999701976776,0.054999999701976776,0.054999999701976776,0.054999999701976776,7000.0
2026-09-10 12:04:00,PEX.V,,0.23000000417232513,0.23000000417232513,0.23000000417232513,0.23000000417232513,2000.0
2026-09-10 12:04:00,PML.V,,1.7799999713897705,1.7799999713897705,1.7799999713897705,1.7799999713897705,10000.0
2026-09-10 12:04:00,QTWO.V,,2.619999885559082,2.619999885559082,2.619999885559082,2.619999885559082,700.0
2026-09-10 12:04:00,RML.V,,1.2000000476837158,1.2000000476837158,1.2000000476837158,1.2000000476837158,100.0
2026-09-10 12:04:00,ROCK.V,,4.369999885559082,4.369999885559082,4.369999885559082,4.369999885559082,100.0
2026-09-10 12:04:00,ROK.V,,0.4000000059604645,0.4000000059604645,0.4000000059604645,0.4000000059604645,500.0
2026-09-10 12:04:00,SSV.V,,0.6200000047683716,0.6200000047683716,0.6200000047683716,0.6200000047683716,2500.0
2026-09-10 12:05:00,MMY.V,,1.0099999904632568,1.0099999904632568,1.0099999904632568,1.0099999904632568,200.0
2026-09-10 12:05:00,PGE.V,,0.41999998688697815,0.41999998688697815,0.41999998688697815,0.41999998688697815,36000.0
2026-09-10 12:05:00,QTWO.V,,2.5999999046325684,2.609999895095825,2.5999999046325684,2.609999895095825,7400.0
2026-09-10 12:05:00,ROK.V,,0.4000000059604645,0.4000000059604645,0.4000000059604645,0.4000000059604645,1000.0
2026-09-10 12:06:00,MMY.V,,1.0099999904632568,1.0099999904632568,1.0099999904632568,1.0099999904632568,2000.0
2026-09-10 12:06:00,NAM.V,,0.2150000035762787,0.2150000035762787,0.2150000035762787,0.2150000035762787,1000.0
2026-09-10 12:06:00,OMG.V,,2.6500000953674316,2.6500000953674316,2.6500000953674316,2.6500000953674316,100.0
2026-09-10 12:06:00,PGE.V,,0.41999998688697815,0.41999998688697815,0.41999998688697815,0.41999998688697815,500.0
2026-09-10 12:06:00,PLSR.V,,1.25,1.25,1.25,1.25,100.0
2026-09-10 12:06:00,RDS.V,,1.1699999570846558,1.1699999570846558,1.1699999570846558,1.1699999570846558,500.0
2026-09-10 12:06:00,RECO.V,,0.6150000095367432,0.6150000095367432,0.6150000095367432,0.6150000095367432,500.0
2026-09-10 12:06:00,ROCK.V,,4.360000133514404,4.360000133514404,4.360000133514404,4.360000133514404,100.0
2026-09-10 12:06:00,ROK.V,,0.4000000059604645,0.4000000059604645,0.4000000059604645,0.4000000059604645,500.0
2026-09-10 12:07:00,MMY.V,,1.0099999904632568,1.0099999904632568,1.0099999904632568,1.0099999904632568,200.0
2026-09-10 12:07:00,NAM.V,,0.2150000035762787,0.2150000035762787,0.2150000035762787,0.2150000035762787,1300.0
2026-09-10 12:07:00,NPTH.V,,0.5400000214576721,0.5400000214576721,0.5400000214576721,0.5400000214576721,0.0
2026-09-10 12:07:00,OMG.V,,2.6500000953674316,2.6500000953674316,2.6500000953674316,2.6500000953674316,300.0
2026-09-10 12:07:00,PML.V,,1.7699999809265137,1.7799999713897705,1.7699999809265137,1.7799999713897705,1200.0
2026-09-10 12:07:00,ROK.V,,0.4000000059604645,0.4000000059604645,0.4000000059604645,0.4000000059604645,500.0
2026-09-10 12:07:00,RVG.V,,0.9100000262260437,0.9100000262260437,0.9100000262260437,0.9100000262260437,1500.0
2026-09-10 12:08:00,OMG.V,,2.6500000953674316,2.6500000953674316,2.6500000953674316,2.6500000953674316,500.0
2026-09-10 12:08:00,PGE.V,,0.41999998688697815,0.41999998688697815,0.41999998688697815,0.41999998688697815,57901.0
2026-09-10 12:08:00,QTWO.V,,2.609999895095825,2.609999895095825,2.609999895095825,2.609999895095825,100.0
2026-09-10 12:08:00,RECO.V,,0.6150000095367432,0.6150000095367432,0.6150000095367432,0.6150000095367432,500.0
2026-09-10 12:08:00,ROK.V,,0.4000000059604645,0.4000000059604645,0.4000000059604645,0.4000000059604645,500.0
2026-09-10 12:09:00,NAU.V,,1.2000000476837158,1.2000000476837158,1.2000000476837158,1.2000000476837158,7300.0
2026-09-10 12:09:00,OMG.V,,2.6500000953674316,2.6500000953674316,2.6500000953674316,2.6500000953674316,600.0
2026-09-10 12:09:00,PESO.V,,0.5299999713897705,0.5299999713897705,0.5299999713897705,0.5299999713897705,5000.0
2026-09-10 12:09:00,PEX.V,,0.23000000417232513,0.23000000417232513,0.23000000417232513,0.23000000417232513,2000.0
2026-09-10 12:09:00,PLUR.V,,0.12999999523162842,0.12999999523162842,0.12999999523162842,0.12999999523162842,5500.0
2026-09-10 12:09:00,PNTR.V,,0.4650000035762787,0.4650000035762787,0.4650000035762787,0.4650000035762787,3000.0
2026-09-10 12:09:00,PPP.V,,0.8299999833106995,0.8299999833106995,0.8299999833106995,0.8299999833106995,2000.0
2026-09-10 12:09:00,QNC.V,,2.4800000190734863,2.4800000190734863,2.4800000190734863,2.4800000190734863,2000.0
2026-09-10 12:09:00,QTWO.V,,2.609999895095825,2.609999895095825,2.6050000190734863,2.6050000190734863,400.0
2026-09-10 12:09:00,ROK.V,,0.4000000059604645,0.4000000059604645,0.4000000059604645,0.4000000059604645,500.0
2026-09-10 12:09:00,RSS.V,,0.550000011920929,0.550000011920929,0.550000011920929,0.550000011920929,500.0
2026-09-10 12:09:00,SDR.V,,0.17000000178813934,0.17000000178813934,0.17000000178813934,0.17000000178813934,27000.0
2026-09-10 12:09:00,SSV.V,,0.6200000047683716,0.6200000047683716,0.6200000047683716,0.6200000047683716,500.0
2026-09-10 12:10:00,MKA.V,,0.8100000023841858,0.8100000023841858,0.8100000023841858,0.8100000023841858,1000.0
2026-09-10 12:10:00,NAU.V,,1.2000000476837158,1.2000000476837158,1.2000000476837158,1.2000000476837158,100.0
2026-09-10 12:10:00,OMG.V,,2.6500000953674316,2.6500000953674316,2.6500000953674316,2.6500000953674316,400.0
2026-09-10 12:10:00,PML.V,,1.75,1.7699999809265137,1.75,1.7699999809265137,8705.0
2026-09-10 12:10:00,PPP.V,,0.8299999833106995,0.8299999833106995,0.8299999833106995,0.8299999833106995,500.0
2026-09-10 12:10:00,PRG.V,,0.17000000178813934,0.17000000178813934,0.17000000178813934,0.17000000178813934,500.0
2026-09-10 12:10:00,PUR.V,,0.550000011920929,0.550000011920929,0.550000011920929,0.550000011920929,500.0
2026-09-10 12:10:00,QNC.V,,2.4700000286102295,2.4700000286102295,2.4700000286102295,2.4700000286102295,900.0
2026-09-10 12:10:00,QTWO.V,,2.609999895095825,2.609999895095825,2.609999895095825,2.609999895095825,300.0
2026-09-10 12:10:00,RML.V,,1.2000000476837158,1.2000000476837158,1.2000000476837158,1.2000000476837158,100.0
2026-09-10 12:10:00,ROK.V,,0.4000000059604645,0.4000000059604645,0.4000000059604645,0.4000000059604645,1000.0
2026-09-10 12:11:00,NAU.V,,1.2000000476837158,1.2000000476837158,1.2000000476837158,1.2000000476837158,100.0
2026-09-10 12:11:00,OMG.V,,2.6500000953674316,2.6500000953674316,2.6500000953674316,2.6500000953674316,100.0
2026-09-10 12:11:00,PGE.V,,0.41999998688697815,0.41999998688697815,0.41999998688697815,0.41999998688697815,836.0
2026-09-10 12:11:00,PNPN.V,,1.2000000476837158,1.2000000476837158,1.2000000476837158,1.2000000476837158,48000.0
2026-09-10 12:11:00,QTWO.V,,2.609999895095825,2.609999895095825,2.609999895095825,2.609999895095825,100.0
2026-09-10 12:11:00,ROK.V,,0.4000000059604645,0.4000000059604645,0.4000000059604645,0.4000000059604645,500.0
2026-09-10 12:11:00,SCOT.V,,3.059999942779541,3.059999942779541,3.059999942779541,3.059999942779541,400.0
2026-09-10 12:12:00,OMG.V,,2.6500000953674316,2.6500000953674316,2.6449999809265137,2.6449999809265137,400.0
2026-09-10 12:12:00,PNPN.V,,1.2100000381469727,1.2100000381469727,1.2100000381469727,1.2100000381469727,100.0
2026-09-10 12:12:00,PPX.V,,0.25999999046325684,0.25999999046325684,0.25999999046325684,0.25999999046325684,500.0
2026-09-10 12:12:00,QTWO.V,,2.609999895095825,2.609999895095825,2.609999895095825,2.609999895095825,100.0
2026-09-10 12:12:00,RECO.V,,0.6150000095367432,0.6150000095367432,0.6150000095367432,0.6150000095367432,500.0
2026-09-10 12:12:00,SSV.V,,0.6200000047683716,0.6200000047683716,0.6200000047683716,0.6200000047683716,36180.0
2026-09-10 12:13:00,NAU.V,,1.2000000476837158,1.2000000476837158,1.2000000476837158,1.2000000476837158,200.0
2026-09-10 12:13:00,OMG.V,,2.6500000953674316,2.6500000953674316,2.6500000953674316,2.6500000953674316,500.0
2026-09-10 12:13:00,PEAK.V,,0.41499999165534973,0.41499999165534973,0.41499999165534973,0.41499999165534973,2000.0
2026-09-10 12:13:00,PLSR.V,,1.25,1.25,1.25,1.25,100.0
2026-09-10 12:13:00,PPX.V,,0.2549999952316284,0.2549999952316284,0.2549999952316284,0.2549999952316284,12501.0
2026-09-10 12:13:00,RDS.V,,1.1699999570846558,1.1699999570846558,1.1699999570846558,1.1699999570846558,43200.0
2026-09-10 12:13:00,ROK.V,,0.4000000059604645,0.4000000059604645,0.4000000059604645,0.4000000059604645,1000.0
2026-09-10 12:14:00,MGG.V,,0.35499998927116394,0.35499998927116394,0.35499998927116394,0.35499998927116394,27810.0
2026-09-10 12:14:00,NAU.V,,1.2000000476837158,1.2000000476837158,1.2000000476837158,1.2000000476837158,100.0
2026-09-10 12:14:00,OMG.V,,2.6500000953674316,2.6500000953674316,2.640000104904175,2.6449999809265137,2100.0
2026-09-10 12:14:00,PEX.V,,0.23000000417232513,0.23000000417232513,0.23000000417232513,0.23000000417232513,3000.0
2026-09-10 12:14:00,PGE.V,,0.41999998688697815,0.41999998688697815,0.41999998688697815,0.41999998688697815,500.0
2026-09-10 12:14:00,PNPN.V,,1.2100000381469727,1.2100000381469727,1.2100000381469727,1.2100000381469727,1400.0
2026-09-10 12:14:00,QTWO.V,,2.609999895095825,2.609999895095825,2.609999895095825,2.609999895095825,100.0
2026-09-10 12:14:00,ROK.V,,0.4000000059604645,0.4000000059604645,0.4000000059604645,0.4000000059604645,500.0
2026-09-10 12:15:00,NAU.V,,1.2000000476837158,1.2000000476837158,1.2000000476837158,1.2000000476837158,100.0
2026-09-10 12:15:00,NWST.V,,0.3425000011920929,0.3499999940395355,0.3425000011920929,0.3499999940395355,47500.0
2026-09-10 12:15:00,OMG.V,,2.6500000953674316,2.6500000953674316,2.6500000953674316,2.6500000953674316,300.0
2026-09-10 12:15:00,QTWO.V,,2.609999895095825,2.609999895095825,2.609999895095825,2.609999895095825,100.0
2026-09-10 12:15:00,ROK.V,,0.4000000059604645,0.4000000059604645,0.4000000059604645,0.4000000059604645,500.0
2026-09-10 12:15:00,RZL.V,,0.28999999165534973,0.28999999165534973,0.28999999165534973,0.28999999165534973,500.0
2026-09-10 12:16:00,NAU.V,,1.2000000476837158,1.2000000476837158,1.2000000476837158,1.2000000476837158,200.0
2026-09-10 12:16:00,NWST.V,,0.3425000011920929,0.3499999940395355,0.3425000011920929,0.3499999940395355,44500.0
2026-09-10 12:16:00,OCO.V,,0.49000000953674316,0.49000000953674316,0.49000000953674316,0.49000000953674316,2000.0
2026-09-10 12:16:00,PJX.V,,0.16500000655651093,0.16500000655651093,0.16500000655651093,0.16500000655651093,0.0
2026-09-10 12:16:00,PML.V,,1.7599999904632568,1.7599999904632568,1.7599999904632568,1.7599999904632568,100.0
2026-09-10 12:16:00,PNPN.V,,1.2100000381469727,1.2100000381469727,1.2100000381469727,1.2100000381469727,700.0
2026-09-10 12:16:00,QNC.V,,2.4700000286102295,2.4700000286102295,2.4700000286102295,2.4700000286102295,800.0
2026-09-10 12:16:00,QTWO.V,,2.609999895095825,2.609999895095825,2.609999895095825,2.609999895095825,100.0
2026-09-10 12:16:00,RDS.V,,1.1649999618530273,1.1649999618530273,1.1649999618530273,1.1649999618530273,300.0
2026-09-10 12:16:00,RML.V,,1.2000000476837158,1.2000000476837158,1.2000000476837158,1.2000000476837158,100.0
2026-09-10 12:16:00,ROK.V,,0.4000000059604645,0.4000000059604645,0.4000000059604645,0.4000000059604645,500.0
2026-09-10 12:16:00,SSV.V,,0.6150000095367432,0.6150000095367432,0.6150000095367432,0.6150000095367432,1100.0
2026-09-10 12:17:00,NAU.V,,1.2000000476837158,1.2000000476837158,1.2000000476837158,1.2000000476837158,100.0
2026-09-10 12:17:00,NWST.V,,0.3449999988079071,0.3449999988079071,0.3449999988079071,0.3449999988079071,8000.0
2026-09-10 12:17:00,OMG.V,,2.6500000953674316,2.6500000953674316,2.6449999809265137,2.6449999809265137,1700.0
2026-09-10 12:17:00,PGE.V,,0.41999998688697815,0.41999998688697815,0.41999998688697815,0.41999998688697815,1500.0
2026-09-10 12:17:00,PLUR.V,,0.11999999731779099,0.125,0.11999999731779099,0.125,116000.0
2026-09-10 12:17:00,PML.V,,1.7599999904632568,1.7699999809265137,1.7599999904632568,1.7699999809265137,25000.0
2026-09-10 12:17:00,PNPN.V,,1.2050000429153442,1.2050000429153442,1.2050000429153442,1.2050000429153442,400.0
2026-09-10 12:17:00,PWM.V,,0.4950000047683716,0.5,0.4950000047683716,0.5,3100.0
2026-09-10 12:17:00,QTWO.V,,2.6050000190734863,2.6050000190734863,2.6050000190734863,2.6050000190734863,100.0
2026-09-10 12:17:00,RDS.V,,1.1699999570846558,1.1699999570846558,1.1699999570846558,1.1699999570846558,300.0
2026-09-10 12:17:00,RECO.V,,0.6150000095367432,0.6150000095367432,0.6150000095367432,0.6150000095367432,500.0
2026-09-10 12:17:00,ROK.V,,0.4000000059604645,0.4000000059604645,0.4000000059604645,0.4000000059604645,500.0
2026-09-10 12:17:00,RVG.V,,0.9100000262260437,0.9100000262260437,0.9100000262260437,0.9100000262260437,1000.0
2026-09-10 12:18:00,NAU.V,,1.2000000476837158,1.2000000476837158,1.2000000476837158,1.2000000476837158,100.0
2026-09-10 12:18:00,NBLC.V,,0.02500000037252903,0.02500000037252903,0.02500000037252903,0.02500000037252903,60000.0
2026-09-10 12:18:00,NWST.V,,0.3499999940395355,0.3499999940395355,0.3499999940395355,0.3499999940395355,55000.0
2026-09-10 12:18:00,OMG.V,,2.6500000953674316,2.6500000953674316,2.640000104904175,2.6500000953674316,1000.0
2026-09-10 12:18:00,PJX.V,,0.1599999964237213,0.1599999964237213,0.1599999964237213,0.1599999964237213,37500.0
2026-09-10 12:18:00,PNPN.V,,1.2100000381469727,1.2100000381469727,1.2050000429153442,1.2050000429153442,400.0
2026-09-10 12:18:00,ROK.V,,0.4000000059604645,0.4000000059604645,0.4000000059604645,0.4000000059604645,500.0
2026-09-10 12:18:00,SDR.V,,0.17000000178813934,0.17000000178813934,0.17000000178813934,0.17000000178813934,500.0
2026-09-10 12:18:00,SHL.V,,0.38999998569488525,0.38999998569488525,0.38999998569488525,0.38999998569488525,15000.0
2026-09-10 12:19:00,NAU.V,,1.2000000476837158,1.2000000476837158,1.2000000476837158,1.2000000476837158,100.0
2026-09-10 12:19:00,OMG.V,,2.6449999809265137,2.6449999809265137,2.6449999809265137,2.6449999809265137,300.0
2026-09-10 12:19:00,OPW.V,,0.15000000596046448,0.15000000596046448,0.15000000596046448,0.15000000596046448,100000.0
2026-09-10 12:19:00,PLUR.V,,0.11999999731779099,0.11999999731779099,0.11999999731779099,0.11999999731779099,14500.0
2026-09-10 12:19:00,PML.V,,1.7699999809265137,1.7699999809265137,1.7699999809265137,1.7699999809265137,100.0
2026-09-10 12:19:00,PNPN.V,,1.2100000381469727,1.2100000381469727,1.2100000381469727,1.2100000381469727,300.0
2026-09-10 12:19:00,QNC.V,,2.4749999046325684,2.4800000190734863,2.4749999046325684,2.4800000190734863,3800.0
2026-09-10 12:19:00,QTWO.V,,2.619999885559082,2.619999885559082,2.6050000190734863,2.6050000190734863,6300.0
2026-09-10 12:19:00,RDS.V,,1.1699999570846558,1.1699999570846558,1.1699999570846558,1.1699999570846558,10000.0
2026-09-10 12:19:00,ROK.V,,0.4000000059604645,0.4000000059604645,0.4000000059604645,0.4000000059604645,500.0
2026-09-10 12:19:00,RVG.V,,0.9100000262260437,0.9100000262260437,0.9100000262260437,0.9100000262260437,2670.0
2026-09-10 12:20:00,MMY.V,,1.0049999952316284,1.0049999952316284,1.0049999952316284,1.0049999952316284,100.0
2026-09-10 12:20:00,NAU.V,,1.2000000476837158,1.2000000476837158,1.2000000476837158,1.2000000476837158,100.0
2026-09-10 12:20:00,NWST.V,,0.3474999964237213,0.3474999964237213,0.3474999964237213,0.3474999964237213,20000.0
2026-09-10 12:20:00,OMG.V,,2.6549999713897705,2.6549999713897705,2.6449999809265137,2.6449999809265137,1410.0
2026-09-10 12:20:00,OPW.V,,0.15000000596046448,0.15000000596046448,0.15000000596046448,0.15000000596046448,2500.0
2026-09-10 12:20:00,PNPN.V,,1.2100000381469727,1.2100000381469727,1.2100000381469727,1.2100000381469727,200.0
2026-09-10 12:20:00,PRG.V,,0.17000000178813934,0.17000000178813934,0.17000000178813934,0.17000000178813934,500.0
2026-09-10 12:20:00,QNC.V,,2.4800000190734863,2.4800000190734863,2.4749999046325684,2.4749999046325684,3064.0
2026-09-10 12:20:00,RDS.V,,1.1699999570846558,1.1699999570846558,1.1699999570846558,1.1699999570846558,24300.0
2026-09-10 12:20:00,ROK.V,,0.4000000059604645,0.4000000059604645,0.4000000059604645,0.4000000059604645,500.0
2026-09-10 12:21:00,NWST.V,,0.3474999964237213,0.3474999964237213,0.3474999964237213,0.3474999964237213,40000.0
2026-09-10 12:21:00,OMG.V,,2.6600000858306885,2.6600000858306885,2.6600000858306885,2.6600000858306885,200.0
2026-09-10 12:21:00,PALI.V,,5.039999961853027,5.039999961853027,5.039999961853027,5.039999961853027,101.0
2026-09-10 12:21:00,PJX.V,,0.1599999964237213,0.1599999964237213,0.1599999964237213,0.1599999964237213,500.0
2026-09-10 12:21:00,PLSR.V,,1.25,1.25,1.25,1.25,100.0
2026-09-10 12:21:00,PML.V,,1.7799999713897705,1.7799999713897705,1.7799999713897705,1.7799999713897705,300.0
2026-09-10 12:21:00,PNPN.V,,1.2100000381469727,1.2100000381469727,1.2100000381469727,1.2100000381469727,300.0
2026-09-10 12:21:00,QTWO.V,,2.625,2.625,2.625,2.625,100.0
2026-09-10 12:21:00,RDS.V,,1.1699999570846558,1.1699999570846558,1.1699999570846558,1.1699999570846558,300.0
2026-09-10 12:21:00,RECO.V,,0.6150000095367432,0.6150000095367432,0.6150000095367432,0.6150000095367432,1000.0
2026-09-10 12:21:00,ROK.V,,0.4000000059604645,0.4000000059604645,0.4000000059604645,0.4000000059604645,500.0
2026-09-10 12:21:00,SHL.V,,0.39500001072883606,0.39500001072883606,0.39500001072883606,0.39500001072883606,19000.0
2026-09-10 12:22:00,NAU.V,,1.2000000476837158,1.2000000476837158,1.2000000476837158,1.2000000476837158,200.0
2026-09-10 12:22:00,NWST.V,,0.3499999940395355,0.3499999940395355,0.3474999964237213,0.3474999964237213,36400.0
2026-09-10 12:22:00,OMG.V,,2.6600000858306885,2.6600000858306885,2.6600000858306885,2.6600000858306885,200.0
2026-09-10 12:22:00,PJX.V,,0.1550000011920929,0.1550000011920929,0.1550000011920929,0.1550000011920929,16000.0
2026-09-10 12:22:00,PLSR.V,,1.25,1.25,1.25,1.25,400.0
2026-09-10 12:22:00,PML.V,,1.7799999713897705,1.7799999713897705,1.7799999713897705,1.7799999713897705,800.0
2026-09-10 12:22:00,PNPN.V,,1.2100000381469727,1.2100000381469727,1.2100000381469727,1.2100000381469727,200.0
2026-09-10 12:22:00,RDS.V,,1.1699999570846558,1.1699999570846558,1.1699999570846558,1.1699999570846558,100.0
2026-09-10 12:22:00,RECO.V,,0.6150000095367432,0.6150000095367432,0.6150000095367432,0.6150000095367432,500.0
2026-09-10 12:22:00,RML.V,,1.2000000476837158,1.2000000476837158,1.2000000476837158,1.2000000476837158,100.0
2026-09-10 12:22:00,SLG.V,,5.659999847412109,5.690000057220459,5.659999847412109,5.690000057220459,2600.0
2026-09-10 12:22:00,SMN.V,,0.1550000011920929,0.1550000011920929,0.1550000011920929,0.1550000011920929,61000.0
2026-09-10 12:23:00,NAU.V,,1.2000000476837158,1.2000000476837158,1.2000000476837158,1.2000000476837158,200.0
2026-09-10 12:23:00,NBM.V,,0.17000000178813934,0.17000000178813934,0.17000000178813934,0.17000000178813934,10000.0
2026-09-10 12:23:00,OMG.V,,2.6600000858306885,2.6600000858306885,2.6600000858306885,2.6600000858306885,500.0
2026-09-10 12:23:00,PJX.V,,0.1550000011920929,0.1550000011920929,0.1550000011920929,0.1550000011920929,16500.0
2026-09-10 12:23:00,PNPN.V,,1.2100000381469727,1.2100000381469727,1.2100000381469727,1.2100000381469727,200.0
2026-09-10 12:23:00,QTWO.V,,2.630000114440918,2.630000114440918,2.630000114440918,2.630000114440918,100.0
2026-09-10 12:23:00,RDS.V,,1.1699999570846558,1.1699999570846558,1.1699999570846558,1.1699999570846558,100.0
2026-09-10 12:23:00,ROK.V,,0.4000000059604645,0.4000000059604645,0.4000000059604645,0.4000000059604645,500.0
2026-09-10 12:23:00,RSS.V,,0.5600000023841858,0.5600000023841858,0.5550000071525574,0.5550000071525574,4500.0
2026-09-10 12:24:00,OMG.V,,2.6600000858306885,2.6600000858306885,2.6500000953674316,2.6500000953674316,500.0
2026-09-10 12:24:00,PLSR.V,,1.25,1.25,1.25,1.25,800.0
2026-09-10 12:24:00,PML.V,,1.7799999713897705,1.7799999713897705,1.7799999713897705,1.7799999713897705,200.0
2026-09-10 12:24:00,QTWO.V,,2.625,2.625,2.625,2.625,100.0
2026-09-10 12:24:00,RDS.V,,1.1699999570846558,1.1699999570846558,1.1699999570846558,1.1699999570846558,2500.0
2026-09-10 12:24:00,SHL.V,,0.39500001072883606,0.39500001072883606,0.39500001072883606,0.39500001072883606,33468.0
2026-09-10 12:25:00,NAU.V,,1.2000000476837158,1.2000000476837158,1.2000000476837158,1.2000000476837158,100.0
2026-09-10 12:25:00,OMG.V,,2.6600000858306885,2.6600000858306885,2.6600000858306885,2.6600000858306885,100.0
2026-09-10 12:25:00,PEAK.V,,0.41999998688697815,0.41999998688697815,0.41999998688697815,0.41999998688697815,2000.0
2026-09-10 12:25:00,PML.V,,1.75,1.7699999809265137,1.75,1.7699999809265137,9000.0
2026-09-10 12:25:00,PNPN.V,,1.2100000381469727,1.2100000381469727,1.2100000381469727,1.2100000381469727,100.0
2026-09-10 12:25:00,RDS.V,,1.1699999570846558,1.1699999570846558,1.1699999570846558,1.1699999570846558,1800.0
2026-09-10 12:25:00,SKYG.V,,0.029999999329447746,0.029999999329447746,0.029999999329447746,0.029999999329447746,0.0
2026-09-10 12:25:00,SPX.V,,0.10999999940395355,0.10999999940395355,0.10999999940395355,0.10999999940395355,12500.0
2026-09-10 12:26:00,MMY.V,,1.0,1.0,1.0,1.0,100.0
2026-09-10 12:26:00,NAU.V,,1.2000000476837158,1.2000000476837158,1.2000000476837158,1.2000000476837158,200.0
2026-09-10 12:26:00,NWST.V,,0.3449999988079071,0.3499999940395355,0.3449999988079071,0.3499999940395355,16000.0
2026-09-10 12:26:00,OMG.V,,2.6600000858306885,2.6600000858306885,2.6600000858306885,2.6600000858306885,500.0
2026-09-10 12:26:00,ONYX.V,,1.649999976158142,1.649999976158142,1.649999976158142,1.649999976158142,1000.0
2026-09-10 12:26:00,PGE.V,,0.41999998688697815,0.41999998688697815,0.41499999165534973,0.41499999165534973,6500.0
2026-09-10 12:26:00,PJX.V,,0.1550000011920929,0.1550000011920929,0.1550000011920929,0.1550000011920929,3000.0
2026-09-10 12:26:00,PLUR.V,,0.125,0.125,0.125,0.125,5000.0
2026-09-10 12:26:00,QTWO.V,,2.625,2.625,2.625,2.625,100.0
2026-09-10 12:26:00,RECO.V,,0.6150000095367432,0.6150000095367432,0.6150000095367432,0.6150000095367432,500.0
2026-09-10 12:26:00,SOMA.V,,0.6899999976158142,0.6899999976158142,0.6899999976158142,0.6899999976158142,15000.0
2026-09-10 12:26:00,SVRS.V,,0.5099999904632568,0.5099999904632568,0.5099999904632568,0.5099999904632568,3000.0
2026-09-10 12:26:00,VIPR.V,,0.4399999976158142,0.4399999976158142,0.4399999976158142,0.4399999976158142,500.0
2026-09-10 12:27:00,NAU.V,,1.2000000476837158,1.2000000476837158,1.2000000476837158,1.2000000476837158,100.0
2026-09-10 12:27:00,OMG.V,,2.6600000858306885,2.6600000858306885,2.6600000858306885,2.6600000858306885,200.0
2026-09-10 12:27:00,PLSR.V,,1.25,1.25,1.2450000047683716,1.25,4986.0
2026-09-10 12:27:00,QZM.V,,0.4050000011920929,0.4050000011920929,0.4050000011920929,0.4050000011920929,1500.0
2026-09-10 12:27:00,RML.V,,1.2000000476837158,1.2000000476837158,1.2000000476837158,1.2000000476837158,100.0
2026-09-10 12:27:00,ROCK.V,,4.369999885559082,4.380000114440918,4.369999885559082,4.380000114440918,200.0
2026-09-10 12:27:00,SHL.V,,0.4000000059604645,0.4000000059604645,0.4000000059604645,0.4000000059604645,2500.0
2026-09-10 12:27:00,SVRS.V,,0.5099999904632568,0.5099999904632568,0.5099999904632568,0.5099999904632568,5700.0
2026-09-10 12:28:00,NAU.V,,1.2000000476837158,1.2000000476837158,1.2000000476837158,1.2000000476837158,100.0
2026-09-10 12:28:00,NWST.V,,0.3449999988079071,0.3449999988079071,0.3449999988079071,0.3449999988079071,10000.0
2026-09-10 12:28:00,OMG.V,,2.6600000858306885,2.6600000858306885,2.6600000858306885,2.6600000858306885,700.0
2026-09-10 12:28:00,ONYX.V,,1.6399999856948853,1.6399999856948853,1.6399999856948853,1.6399999856948853,1000.0
2026-09-10 12:28:00,PESO.V,,0.5299999713897705,0.5299999713897705,0.5299999713897705,0.5299999713897705,19000.0
2026-09-10 12:28:00,PLSR.V,,1.25,1.25,1.25,1.25,3100.0
2026-09-10 12:28:00,PPP.V,,0.8199999928474426,0.824999988079071,0.8199999928474426,0.824999988079071,157500.0
2026-09-10 12:28:00,QNC.V,,2.4800000190734863,2.4800000190734863,2.4700000286102295,2.4700000286102295,3500.0
2026-09-10 12:28:00,QTWO.V,,2.625,2.625,2.625,2.625,100.0
2026-09-10 12:28:00,RDS.V,,1.1699999570846558,1.1699999570846558,1.1699999570846558,1.1699999570846558,100.0
2026-09-10 12:28:00,SLG.V,,5.670000076293945,5.679999828338623,5.670000076293945,5.679999828338623,300.0
2026-09-10 12:29:00,NAU.V,,1.2000000476837158,1.2000000476837158,1.2000000476837158,1.2000000476837158,200.0
2026-09-10 12:29:00,OMG.V,,2.6600000858306885,2.6600000858306885,2.6600000858306885,2.6600000858306885,1100.0
2026-09-10 12:29:00,PLSR.V,,1.2599999904632568,1.2599999904632568,1.2599999904632568,1.2599999904632568,16400.0
2026-09-10 12:29:00,PML.V,,1.7599999904632568,1.7599999904632568,1.7599999904632568,1.7599999904632568,25600.0
2026-09-10 12:29:00,PNPN.V,,1.2100000381469727,1.2100000381469727,1.2100000381469727,1.2100000381469727,100.0
2026-09-10 12:29:00,VIPR.V,,0.4300000071525574,0.4300000071525574,0.4300000071525574,0.4300000071525574,2000.0
2026-09-10 12:30:00,MUN.V,,0.3700000047683716,0.3700000047683716,0.3700000047683716,0.3700000047683716,0.0
2026-09-10 12:30:00,NAU.V,,1.2000000476837158,1.2000000476837158,1.2000000476837158,1.2000000476837158,100.0
2026-09-10 12:30:00,NDA.V,,0.6100000143051147,0.6200000047683716,0.6100000143051147,0.6200000047683716,10905.0
2026-09-10 12:30:00,OMG.V,,2.6600000858306885,2.6600000858306885,2.6600000858306885,2.6600000858306885,5500.0
2026-09-10 12:30:00,PPP.V,,0.8199999928474426,0.8199999928474426,0.8199999928474426,0.8199999928474426,10000.0
2026-09-10 12:30:00,PRG.V,,0.17000000178813934,0.17000000178813934,0.17000000178813934,0.17000000178813934,500.0
2026-09-10 12:30:00,QTWO.V,,2.630000114440918,2.630000114440918,2.630000114440918,2.630000114440918,100.0
2026-09-10 12:30:00,RECO.V,,0.6150000095367432,0.6150000095367432,0.6150000095367432,0.6150000095367432,500.0
2026-09-10 12:30:00,RSS.V,,0.5699999928474426,0.5699999928474426,0.5699999928474426,0.5699999928474426,500.0
2026-09-10 12:30:00,SHL.V,,0.4000000059604645,0.4000000059604645,0.4000000059604645,0.4000000059604645,2000.0
2026-09-10 12:31:00,NAU.V,,1.2000000476837158,1.2000000476837158,1.2000000476837158,1.2000000476837158,100.0
2026-09-10 12:31:00,OMG.V,,2.6600000858306885,2.6600000858306885,2.6600000858306885,2.6600000858306885,500.0
2026-09-10 12:31:00,PML.V,,1.7549999952316284,1.7599999904632568,1.7549999952316284,1.7599999904632568,8600.0
2026-09-10 12:31:00,PPP.V,,0.8399999737739563,0.8399999737739563,0.8299999833106995,0.8299999833106995,14000.0
2026-09-10 12:31:00,SOI.V,,0.19499999284744263,0.19499999284744263,0.19499999284744263,0.19499999284744263,10000.0
2026-09-10 12:32:00,MMY.V,,1.0,1.0,1.0,1.0,100.0
2026-09-10 12:32:00,NAU.V,,1.2000000476837158,1.2000000476837158,1.2000000476837158,1.2000000476837158,200.0
2026-09-10 12:32:00,NICN.V,,0.09000000357627869,0.09000000357627869,0.09000000357627869,0.09000000357627869,6500.0
2026-09-10 12:32:00,PEAK.V,,0.4099999964237213,0.41499999165534973,0.4099999964237213,0.41499999165534973,3500.0
2026-09-10 12:32:00,PJX.V,,0.1525000035762787,0.1525000035762787,0.1525000035762787,0.1525000035762787,1000.0
2026-09-10 12:32:00,PLSR.V,,1.2599999904632568,1.2599999904632568,1.2599999904632568,1.2599999904632568,100.0
2026-09-10 12:32:00,PML.V,,1.7549999952316284,1.7549999952316284,1.7549999952316284,1.7549999952316284,100.0
2026-09-10 12:32:00,PPP.V,,0.8299999833106995,0.8399999737739563,0.8299999833106995,0.8399999737739563,9500.0
2026-09-10 12:33:00,NAU.V,,1.2000000476837158,1.2000000476837158,1.2000000476837158,1.2000000476837158,100.0
2026-09-10 12:33:00,OMG.V,,2.6649999618530273,2.6649999618530273,2.6600000858306885,2.6600000858306885,3200.0
2026-09-10 12:33:00,PML.V,,1.7549999952316284,1.7549999952316284,1.7549999952316284,1.7549999952316284,100.0
2026-09-10 12:33:00,PPP.V,,0.8299999833106995,0.8299999833106995,0.8299999833106995,0.8299999833106995,4000.0
2026-09-10 12:33:00,QTWO.V,,2.625,2.625,2.625,2.625,100.0
2026-09-10 12:33:00,RVG.V,,0.9100000262260437,0.9100000262260437,0.9100000262260437,0.9100000262260437,1500.0
2026-09-10 12:34:00,NAU.V,,1.2000000476837158,1.2000000476837158,1.2000000476837158,1.2000000476837158,200.0
2026-09-10 12:34:00,NICN.V,,0.09000000357627869,0.09000000357627869,0.09000000357627869,0.09000000357627869,12000.0
2026-09-10 12:34:00,OMG.V,,2.6549999713897705,2.6600000858306885,2.6500000953674316,2.6600000858306885,5400.0
2026-09-10 12:34:00,PML.V,,1.7549999952316284,1.7549999952316284,1.75,1.75,1300.0
2026-09-10 12:34:00,PPP.V,,0.8299999833106995,0.8299999833106995,0.8299999833106995,0.8299999833106995,7500.0
2026-09-10 12:34:00,QNC.V,,2.450000047683716,2.450000047683716,2.450000047683716,2.450000047683716,100.0
2026-09-10 12:34:00,RECO.V,,0.6150000095367432,0.6150000095367432,0.6150000095367432,0.6150000095367432,500.0
2026-09-10 12:34:00,RML.V,,1.1799999475479126,1.1799999475479126,1.1799999475479126,1.1799999475479126,100.0
2026-09-10 12:34:00,ROK.V,,0.4000000059604645,0.4000000059604645,0.4000000059604645,0.4000000059604645,500.0
2026-09-10 12:35:00,MYID.V,,0.20499999821186066,0.20499999821186066,0.20499999821186066,0.20499999821186066,1000.0
2026-09-10 12:35:00,NAU.V,,1.2000000476837158,1.2000000476837158,1.2000000476837158,1.2000000476837158,300.0
2026-09-10 12:35:00,PML.V,,1.7549999952316284,1.7549999952316284,1.7549999952316284,1.7549999952316284,300.0
2026-09-10 12:35:00,PNPN.V,,1.2000000476837158,1.2000000476837158,1.2000000476837158,1.2000000476837158,2300.0
2026-09-10 12:35:00,PPP.V,,0.8299999833106995,0.8299999833106995,0.8299999833106995,0.8299999833106995,7000.0
2026-09-10 12:35:00,QTWO.V,,2.609999895095825,2.619999885559082,2.609999895095825,2.619999885559082,1000.0
2026-09-10 12:35:00,SLG.V,,5.670000076293945,5.670000076293945,5.659999847412109,5.670000076293945,4450.0
2026-09-10 12:35:00,VIPR.V,,0.4300000071525574,0.4300000071525574,0.4300000071525574,0.4300000071525574,3000.0
2026-09-10 12:36:00,NAU.V,,1.2000000476837158,1.2000000476837158,1.2000000476837158,1.2000000476837158,100.0
2026-09-10 12:36:00,OGO.V,,0.4699999988079071,0.4699999988079071,0.4699999988079071,0.4699999988079071,11985.0
2026-09-10 12:36:00,OMG.V,,2.6500000953674316,2.6500000953674316,2.6500000953674316,2.6500000953674316,100.0
2026-09-10 12:36:00,PALI.V,,5.039999961853027,5.039999961853027,5.039999961853027,5.039999961853027,100.0
2026-09-10 12:36:00,PML.V,,1.7549999952316284,1.7549999952316284,1.7549999952316284,1.7549999952316284,200.0
2026-09-10 12:36:00,SEI.V,,0.3799999952316284,0.3799999952316284,0.3799999952316284,0.3799999952316284,4000.0
2026-09-10 12:37:00,NAU.V,,1.2000000476837158,1.2000000476837158,1.2000000476837158,1.2000000476837158,100.0
2026-09-10 12:37:00,PALI.V,,4.989999771118164,4.989999771118164,4.989999771118164,4.989999771118164,101.0
2026-09-10 12:37:00,PGE.V,,0.41499999165534973,0.41499999165534973,0.41499999165534973,0.41499999165534973,500.0
2026-09-10 12:37:00,PML.V,,1.7549999952316284,1.7549999952316284,1.7549999952316284,1.7549999952316284,200.0
2026-09-10 12:37:00,PNPN.V,,1.2000000476837158,1.2000000476837158,1.2000000476837158,1.2000000476837158,100.0
2026-09-10 12:37:00,PPP.V,,0.8299999833106995,0.8299999833106995,0.8299999833106995,0.8299999833106995,2000.0
2026-09-10 12:37:00,QNC.V,,2.450000047683716,2.450000047683716,2.450000047683716,2.450000047683716,300.0
2026-09-10 12:37:00,RK.V,,0.20000000298023224,0.20000000298023224,0.20000000298023224,0.20000000298023224,2000.0
2026-09-10 12:37:00,SOI.V,,0.1899999976158142,0.1899999976158142,0.1899999976158142,0.1899999976158142,8000.0
2026-09-10 12:38:00,MMY.V,,1.0,1.0,1.0,1.0,100.0
2026-09-10 12:38:00,NAU.V,,1.2000000476837158,1.2000000476837158,1.2000000476837158,1.2000000476837158,300.0
2026-09-10 12:38:00,OMG.V,,2.6600000858306885,2.6600000858306885,2.6600000858306885,2.6600000858306885,100.0
2026-09-10 12:38:00,PML.V,,1.7549999952316284,1.7549999952316284,1.7549999952316284,1.7549999952316284,400.0
2026-09-10 12:38:00,PNPN.V,,1.2000000476837158,1.2000000476837158,1.2000000476837158,1.2000000476837158,100.0
2026-09-10 12:38:00,PPP.V,,0.8299999833106995,0.8299999833106995,0.8299999833106995,0.8299999833106995,3000.0
2026-09-10 12:38:00,SMN.V,,0.1550000011920929,0.1550000011920929,0.1550000011920929,0.1550000011920929,30000.0
2026-09-10 12:39:00,NAU.V,,1.2000000476837158,1.2000000476837158,1.2000000476837158,1.2000000476837158,100.0
2026-09-10 12:39:00,OMG.V,,2.6600000858306885,2.6600000858306885,2.6600000858306885,2.6600000858306885,100.0
2026-09-10 12:39:00,PGE.V,,0.41499999165534973,0.41499999165534973,0.41499999165534973,0.41499999165534973,1500.0
2026-09-10 12:39:00,PML.V,,1.7549999952316284,1.7549999952316284,1.7549999952316284,1.7549999952316284,200.0
2026-09-10 12:39:00,PNPN.V,,1.2000000476837158,1.2000000476837158,1.2000000476837158,1.2000000476837158,100.0
2026-09-10 12:39:00,PPP.V,,0.8299999833106995,0.8299999833106995,0.8299999833106995,0.8299999833106995,500.0
2026-09-10 12:39:00,RDS.V,,1.1699999570846558,1.1699999570846558,1.1699999570846558,1.1699999570846558,2000.0
2026-09-10 12:39:00,ROCK.V,,4.369999885559082,4.369999885559082,4.369999885559082,4.369999885559082,100.0
2026-09-10 12:39:00,ROK.V,,0.4000000059604645,0.4000000059604645,0.4000000059604645,0.4000000059604645,500.0
2026-09-10 12:39:00,SCD.V,,0.17499999701976776,0.17499999701976776,0.17499999701976776,0.17499999701976776,22500.0
2026-09-10 12:39:00,SM.V,,1.5299999713897705,1.5299999713897705,1.5299999713897705,1.5299999713897705,6500.0
2026-09-10 12:40:00,NAU.V,,1.2000000476837158,1.2000000476837158,1.2000000476837158,1.2000000476837158,100.0
2026-09-10 12:40:00,PML.V,,1.7549999952316284,1.7549999952316284,1.7549999952316284,1.7549999952316284,200.0
2026-09-10 12:40:00,PPP.V,,0.8299999833106995,0.8299999833106995,0.8299999833106995,0.8299999833106995,1000.0
2026-09-10 12:40:00,PRG.V,,0.17000000178813934,0.17000000178813934,0.17000000178813934,0.17000000178813934,1000.0
2026-09-10 12:40:00,RECO.V,,0.6150000095367432,0.6150000095367432,0.6150000095367432,0.6150000095367432,500.0
2026-09-10 12:41:00,FEO.V,,0.800000011920929,0.800000011920929,0.800000011920929,0.800000011920929,500.0
2026-09-10 12:41:00,NAU.V,,1.2000000476837158,1.2000000476837158,1.2000000476837158,1.2000000476837158,100.0
2026-09-10 12:41:00,OMG.V,,2.6600000858306885,2.6600000858306885,2.6600000858306885,2.6600000858306885,200.0
2026-09-10 12:41:00,PML.V,,1.7549999952316284,1.7549999952316284,1.7549999952316284,1.7549999952316284,200.0
2026-09-10 12:41:00,PPP.V,,0.8299999833106995,0.8299999833106995,0.8299999833106995,0.8299999833106995,1000.0
2026-09-10 12:41:00,QTWO.V,,2.619999885559082,2.619999885559082,2.619999885559082,2.619999885559082,100.0
2026-09-10 12:41:00,RDS.V,,1.1699999570846558,1.1699999570846558,1.1699999570846558,1.1699999570846558,3000.0
2026-09-10 12:41:00,SCOT.V,,3.059999942779541,3.059999942779541,3.049999952316284,3.049999952316284,5000.0
2026-09-10 12:42:00,NAU.V,,1.2000000476837158,1.2000000476837158,1.2000000476837158,1.2000000476837158,2700.0
2026-09-10 12:42:00,NRM.V,,0.07000000029802322,0.07000000029802322,0.07000000029802322,0.07000000029802322,0.0
2026-09-10 12:42:00,OMG.V,,2.6500000953674316,2.6500000953674316,2.6500000953674316,2.6500000953674316,2100.0
2026-09-10 12:42:00,PLSR.V,,1.2599999904632568,1.2599999904632568,1.2599999904632568,1.2599999904632568,100.0
2026-09-10 12:42:00,PML.V,,1.75,1.75,1.75,1.75,3100.0
2026-09-10 12:42:00,PPP.V,,0.8299999833106995,0.8299999833106995,0.8299999833106995,0.8299999833106995,500.0
2026-09-10 12:42:00,SM.V,,1.5199999809265137,1.5199999809265137,1.5199999809265137,1.5199999809265137,100.0
2026-09-10 12:42:00,SPRQ.V,,0.9900000095367432,0.9900000095367432,0.9900000095367432,0.9900000095367432,10000.0
2026-09-10 12:42:00,SVRS.V,,0.5099999904632568,0.5099999904632568,0.5099999904632568,0.5099999904632568,1000.0
2026-09-10 12:43:00,NAU.V,,1.2000000476837158,1.2000000476837158,1.2000000476837158,1.2000000476837158,200.0
2026-09-10 12:43:00,OMG.V,,2.6549999713897705,2.6549999713897705,2.6500000953674316,2.6549999713897705,2100.0
2026-09-10 12:43:00,PNPN.V,,1.2000000476837158,1.2000000476837158,1.2000000476837158,1.2000000476837158,5500.0
2026-09-10 12:43:00,PPP.V,,0.8299999833106995,0.8299999833106995,0.8299999833106995,0.8299999833106995,1000.0
2026-09-10 12:43:00,QNC.V,,2.440000057220459,2.440000057220459,2.440000057220459,2.440000057220459,100.0
2026-09-10 12:44:00,MMY.V,,1.0,1.0,1.0,1.0,100.0
2026-09-10 12:44:00,NAU.V,,1.2000000476837158,1.2000000476837158,1.2000000476837158,1.2000000476837158,200.0
2026-09-10 12:44:00,NDA.V,,0.6150000095367432,0.6150000095367432,0.6150000095367432,0.6150000095367432,0.0
2026-09-10 12:44:00,PALI.V,,4.989999771118164,4.989999771118164,4.989999771118164,4.989999771118164,201.0
2026-09-10 12:44:00,PLSR.V,,1.25,1.25,1.25,1.25,100.0
2026-09-10 12:44:00,PML.V,,1.7549999952316284,1.7549999952316284,1.7549999952316284,1.7549999952316284,200.0
2026-09-10 12:44:00,PPP.V,,0.8299999833106995,0.8299999833106995,0.8299999833106995,0.8299999833106995,1000.0
2026-09-10 12:44:00,QNC.V,,2.440000057220459,2.440000057220459,2.440000057220459,2.440000057220459,1100.0
2026-09-10 12:44:00,RDS.V,,1.1699999570846558,1.1699999570846558,1.1699999570846558,1.1699999570846558,300.0
2026-09-10 12:44:00,RE.V,,0.3799999952316284,0.3799999952316284,0.3799999952316284,0.3799999952316284,0.0
2026-09-10 12:44:00,STRM.V,,0.5099999904632568,0.5099999904632568,0.5099999904632568,0.5099999904632568,20000.0
2026-09-10 12:45:00,FISH.V,,5.71999979019165,5.71999979019165,5.71999979019165,5.71999979019165,500.0
2026-09-10 12:45:00,MMY.V,,1.0099999904632568,1.0099999904632568,1.0099999904632568,1.0099999904632568,200.0
2026-09-10 12:45:00,NAU.V,,1.2000000476837158,1.2000000476837158,1.2000000476837158,1.2000000476837158,300.0
2026-09-10 12:45:00,NDA.V,,0.6150000095367432,0.6150000095367432,0.6150000095367432,0.6150000095367432,41053.0
2026-09-10 12:45:00,NSE.V,,0.7799999713897705,0.7900000214576721,0.7799999713897705,0.7900000214576721,2500.0
2026-09-10 12:45:00,PLSR.V,,1.2549999952316284,1.2549999952316284,1.2549999952316284,1.2549999952316284,100.0
2026-09-10 12:45:00,PML.V,,1.7549999952316284,1.7549999952316284,1.7549999952316284,1.7549999952316284,100.0
2026-09-10 12:45:00,PNPN.V,,1.2100000381469727,1.2100000381469727,1.2100000381469727,1.2100000381469727,200.0
2026-09-10 12:45:00,PPP.V,,0.8299999833106995,0.8299999833106995,0.8299999833106995,0.8299999833106995,1000.0
2026-09-10 12:45:00,PUL.V,,0.009999999776482582,0.009999999776482582,0.009999999776482582,0.009999999776482582,0.0
2026-09-10 12:45:00,QTWO.V,,2.619999885559082,2.619999885559082,2.619999885559082,2.619999885559082,100.0
2026-09-10 12:45:00,RML.V,,1.190000057220459,1.190000057220459,1.190000057220459,1.190000057220459,100.0
2026-09-10 12:46:00,NAU.V,,1.2000000476837158,1.2000000476837158,1.2000000476837158,1.2000000476837158,200.0
2026-09-10 12:46:00,OMG.V,,2.6600000858306885,2.6600000858306885,2.6600000858306885,2.6600000858306885,300.0
2026-09-10 12:46:00,PML.V,,1.7549999952316284,1.7549999952316284,1.7549999952316284,1.7549999952316284,100.0
2026-09-10 12:46:00,PNPN.V,,1.2100000381469727,1.2100000381469727,1.2100000381469727,1.2100000381469727,200.0
2026-09-10 12:46:00,PPP.V,,0.8299999833106995,0.8299999833106995,0.8299999833106995,0.8299999833106995,500.0
2026-09-10 12:46:00,QTWO.V,,2.619999885559082,2.619999885559082,2.619999885559082,2.619999885559082,700.0
2026-09-10 12:47:00,BKM.V,,2.759999990463257,2.759999990463257,2.759999990463257,2.759999990463257,100.0
2026-09-10 12:47:00,NAU.V,,1.2000000476837158,1.2000000476837158,1.2000000476837158,1.2000000476837158,100.0
2026-09-10 12:47:00,NSE.V,,0.7699999809265137,0.7699999809265137,0.7699999809265137,0.7699999809265137,15000.0
2026-09-10 12:47:00,OCO.V,,0.48500001430511475,0.48500001430511475,0.48500001430511475,0.48500001430511475,2000.0
2026-09-10 12:47:00,OMG.V,,2.6600000858306885,2.6600000858306885,2.6600000858306885,2.6600000858306885,100.0
2026-09-10 12:47:00,PGE.V,,0.41499999165534973,0.41499999165534973,0.41499999165534973,0.41499999165534973,500.0
2026-09-10 12:47:00,PML.V,,1.7549999952316284,1.7549999952316284,1.7549999952316284,1.7549999952316284,100.0
2026-09-10 12:47:00,PNPN.V,,1.2100000381469727,1.2100000381469727,1.2100000381469727,1.2100000381469727,600.0
2026-09-10 12:47:00,PPP.V,,0.8299999833106995,0.8299999833106995,0.8299999833106995,0.8299999833106995,2500.0
2026-09-10 12:47:00,RDS.V,,1.1699999570846558,1.1699999570846558,1.1699999570846558,1.1699999570846558,200.0
2026-09-10 12:47:00,SSV.V,,0.6200000047683716,0.6200000047683716,0.6200000047683716,0.6200000047683716,1500.0
2026-09-10 12:48:00,MMY.V,,1.0099999904632568,1.0099999904632568,1.0099999904632568,1.0099999904632568,200.0
2026-09-10 12:48:00,NAU.V,,1.2000000476837158,1.2000000476837158,1.2000000476837158,1.2000000476837158,200.0
2026-09-10 12:48:00,PML.V,,1.7549999952316284,1.7549999952316284,1.7549999952316284,1.7549999952316284,200.0
2026-09-10 12:48:00,PNPN.V,,1.2100000381469727,1.2100000381469727,1.2100000381469727,1.2100000381469727,1100.0
2026-09-10 12:48:00,PPP.V,,0.8299999833106995,0.8299999833106995,0.8299999833106995,0.8299999833106995,1000.0
2026-09-10 12:48:00,QTWO.V,,2.619999885559082,2.619999885559082,2.619999885559082,2.619999885559082,1000.0
2026-09-10 12:48:00,RDS.V,,1.1699999570846558,1.1699999570846558,1.1699999570846558,1.1699999570846558,100.0
2026-09-10 12:48:00,RECO.V,,0.6150000095367432,0.6150000095367432,0.6150000095367432,0.6150000095367432,500.0
2026-09-10 12:48:00,SPRQ.V,,0.9900000095367432,0.9900000095367432,0.9900000095367432,0.9900000095367432,1500.0
2026-09-10 12:48:00,STUV.V,,0.5400000214576721,0.5400000214576721,0.5400000214576721,0.5400000214576721,0.0
2026-09-10 12:48:00,SVRS.V,,0.5099999904632568,0.5099999904632568,0.5099999904632568,0.5099999904632568,5000.0
2026-09-10 12:49:00,MMY.V,,1.0,1.0,1.0,1.0,100.0
2026-09-10 12:49:00,NAU.V,,1.2000000476837158,1.2000000476837158,1.2000000476837158,1.2000000476837158,200.0
2026-09-10 12:49:00,PML.V,,1.75,1.7549999952316284,1.75,1.7549999952316284,300.0
2026-09-10 12:49:00,PPP.V,,0.8299999833106995,0.8299999833106995,0.8299999833106995,0.8299999833106995,500.0
2026-09-10 12:49:00,RECO.V,,0.6100000143051147,0.6150000095367432,0.6100000143051147,0.6150000095367432,112500.0
2026-09-10 12:49:00,SBMI.V,,0.125,0.125,0.125,0.125,3500.0
2026-09-10 12:49:00,SOI.V,,0.19499999284744263,0.19499999284744263,0.19499999284744263,0.19499999284744263,10000.0
2026-09-10 12:49:00,SRR.V,,1.059999942779541,1.059999942779541,1.059999942779541,1.059999942779541,3300.0
2026-09-10 12:50:00,NAU.V,,1.2000000476837158,1.2000000476837158,1.2000000476837158,1.2000000476837158,100.0
2026-09-10 12:50:00,NCI.V,,0.44999998807907104,0.44999998807907104,0.44999998807907104,0.44999998807907104,1500.0
2026-09-10 12:50:00,PML.V,,1.7549999952316284,1.7549999952316284,1.75,1.75,1400.0
2026-09-10 12:50:00,PNPN.V,,1.2100000381469727,1.2100000381469727,1.2100000381469727,1.2100000381469727,15800.0
2026-09-10 12:50:00,PRG.V,,0.17000000178813934,0.17000000178813934,0.17000000178813934,0.17000000178813934,500.0
2026-09-10 12:50:00,RECO.V,,0.6150000095367432,0.6150000095367432,0.6100000143051147,0.6100000143051147,4000.0
2026-09-10 12:50:00,ROK.V,,0.39500001072883606,0.39500001072883606,0.39500001072883606,0.39500001072883606,32215.0
2026-09-10 12:51:00,NAU.V,,1.2000000476837158,1.2000000476837158,1.2000000476837158,1.2000000476837158,3300.0
2026-09-10 12:51:00,NEV.V,,0.05999999865889549,0.05999999865889549,0.05999999865889549,0.05999999865889549,40000.0
2026-09-10 12:51:00,NSE.V,,0.7699999809265137,0.7699999809265137,0.7699999809265137,0.7699999809265137,1500.0
2026-09-10 12:51:00,OMG.V,,2.6600000858306885,2.6600000858306885,2.6600000858306885,2.6600000858306885,200.0
2026-09-10 12:51:00,PGZ.V,,0.16500000655651093,0.16500000655651093,0.16500000655651093,0.16500000655651093,22000.0
2026-09-10 12:51:00,PML.V,,1.7549999952316284,1.7549999952316284,1.7549999952316284,1.7549999952316284,300.0
2026-09-10 12:51:00,PNPN.V,,1.2100000381469727,1.2100000381469727,1.2100000381469727,1.2100000381469727,100.0
2026-09-10 12:51:00,PNTR.V,,0.4650000035762787,0.4650000035762787,0.4650000035762787,0.4650000035762787,500.0
2026-09-10 12:51:00,PPP.V,,0.8299999833106995,0.8299999833106995,0.8299999833106995,0.8299999833106995,1000.0
2026-09-10 12:51:00,RECO.V,,0.6150000095367432,0.6150000095367432,0.6150000095367432,0.6150000095367432,19000.0
2026-09-10 12:51:00,SGZ.V,,0.03999999910593033,0.03999999910593033,0.03999999910593033,0.03999999910593033,69000.0
2026-09-10 12:52:00,NAU.V,,1.2000000476837158,1.2000000476837158,1.2000000476837158,1.2000000476837158,200.0
2026-09-10 12:52:00,NEV.V,,0.054999999701976776,0.054999999701976776,0.054999999701976776,0.054999999701976776,20000.0
2026-09-10 12:52:00,OZ.V,,0.36000001430511475,0.36000001430511475,0.36000001430511475,0.36000001430511475,8005.0
2026-09-10 12:52:00,PML.V,,1.7549999952316284,1.7549999952316284,1.7549999952316284,1.7549999952316284,200.0
2026-09-10 12:52:00,QNC.V,,2.430000066757202,2.430000066757202,2.430000066757202,2.430000066757202,100.0
2026-09-10 12:53:00,NAU.V,,1.2000000476837158,1.2000000476837158,1.2000000476837158,1.2000000476837158,200.0
2026-09-10 12:53:00,OCO.V,,0.49000000953674316,0.49000000953674316,0.49000000953674316,0.49000000953674316,2500.0
2026-09-10 12:53:00,OMG.V,,2.6600000858306885,2.6600000858306885,2.6600000858306885,2.6600000858306885,100.0
2026-09-10 12:53:00,OZ.V,,0.36000001430511475,0.36000001430511475,0.36000001430511475,0.36000001430511475,2000.0
2026-09-10 12:53:00,PALI.V,,5.110000133514404,5.110000133514404,5.050000190734863,5.070000171661377,12900.0
2026-09-10 12:53:00,PML.V,,1.7549999952316284,1.7549999952316284,1.7549999952316284,1.7549999952316284,200.0
2026-09-10 12:53:00,PNPN.V,,1.2100000381469727,1.2100000381469727,1.2100000381469727,1.2100000381469727,1400.0
2026-09-10 12:53:00,PPP.V,,0.8299999833106995,0.8299999833106995,0.8299999833106995,0.8299999833106995,500.0
2026-09-10 12:53:00,RECO.V,,0.6150000095367432,0.6150000095367432,0.6150000095367432,0.6150000095367432,3000.0
2026-09-10 12:53:00,STUV.V,,0.5400000214576721,0.5400000214576721,0.5400000214576721,0.5400000214576721,1000.0
2026-09-10 12:54:00,NAU.V,,1.2000000476837158,1.2000000476837158,1.2000000476837158,1.2000000476837158,200.0
2026-09-10 12:54:00,OGO.V,,0.4650000035762787,0.4650000035762787,0.4650000035762787,0.4650000035762787,1000.0
2026-09-10 12:54:00,PGZ.V,,0.16500000655651093,0.16500000655651093,0.16500000655651093,0.16500000655651093,11000.0
2026-09-10 12:54:00,PML.V,,1.7549999952316284,1.7549999952316284,1.7549999952316284,1.7549999952316284,200.0
2026-09-10 12:54:00,PNPN.V,,1.2100000381469727,1.2100000381469727,1.2100000381469727,1.2100000381469727,100.0
2026-09-10 12:54:00,RECO.V,,0.6150000095367432,0.6150000095367432,0.6150000095367432,0.6150000095367432,3000.0
2026-09-10 12:54:00,ROK.V,,0.4000000059604645,0.4000000059604645,0.4000000059604645,0.4000000059604645,1000.0
2026-09-10 12:54:00,SHL.V,,0.4000000059604645,0.4000000059604645,0.39750000834465027,0.39750000834465027,26000.0
2026-09-10 12:54:00,SLG.V,,5.679999828338623,5.679999828338623,5.670000076293945,5.670000076293945,500.0
2026-09-10 12:54:00,STRM.V,,0.5199999809265137,0.5199999809265137,0.5199999809265137,0.5199999809265137,3000.0
2026-09-10 12:55:00,MMY.V,,1.0,1.0,1.0,1.0,100.0
2026-09-10 12:55:00,NAU.V,,1.2000000476837158,1.2000000476837158,1.2000000476837158,1.2000000476837158,100.0
2026-09-10 12:55:00,OMG.V,,2.6600000858306885,2.6600000858306885,2.6600000858306885,2.6600000858306885,100.0
2026-09-10 12:55:00,PGZ.V,,0.16500000655651093,0.16500000655651093,0.16500000655651093,0.16500000655651093,11000.0
2026-09-10 12:55:00,PML.V,,1.7549999952316284,1.7549999952316284,1.7549999952316284,1.7549999952316284,200.0
2026-09-10 12:55:00,RECO.V,,0.6150000095367432,0.6150000095367432,0.6150000095367432,0.6150000095367432,2500.0
2026-09-10 12:55:00,ROK.V,,0.4000000059604645,0.4000000059604645,0.4000000059604645,0.4000000059604645,1500.0
2026-09-10 12:56:00,NAU.V,,1.2000000476837158,1.2000000476837158,1.2000000476837158,1.2000000476837158,300.0
2026-09-10 12:56:00,PML.V,,1.7549999952316284,1.7549999952316284,1.7549999952316284,1.7549999952316284,200.0
2026-09-10 12:56:00,PNPN.V,,1.2100000381469727,1.2100000381469727,1.2100000381469727,1.2100000381469727,27300.0
2026-09-10 12:56:00,PPP.V,,0.8299999833106995,0.8299999833106995,0.8299999833106995,0.8299999833106995,1500.0
2026-09-10 12:56:00,RECO.V,,0.6150000095367432,0.6150000095367432,0.6150000095367432,0.6150000095367432,500.0
2026-09-10 12:56:00,ROK.V,,0.4000000059604645,0.4000000059604645,0.4000000059604645,0.4000000059604645,1000.0
2026-09-10 12:56:00,SLG.V,,5.679999828338623,5.679999828338623,5.679999828338623,5.679999828338623,600.0
2026-09-10 12:56:00,SSV.V,,0.6100000143051147,0.6150000095367432,0.6100000143051147,0.6150000095367432,8407.0
2026-09-10 12:57:00,NAU.V,,1.2000000476837158,1.2000000476837158,1.2000000476837158,1.2000000476837158,200.0
2026-09-10 12:57:00,OCO.V,,0.49000000953674316,0.49000000953674316,0.49000000953674316,0.49000000953674316,1145.0
2026-09-10 12:57:00,OMG.V,,2.6600000858306885,2.6600000858306885,2.6600000858306885,2.6600000858306885,100.0
2026-09-10 12:57:00,PGE.V,,0.41499999165534973,0.41499999165534973,0.41499999165534973,0.41499999165534973,500.0
2026-09-10 12:57:00,PML.V,,1.7549999952316284,1.7549999952316284,1.7549999952316284,1.7549999952316284,1400.0
2026-09-10 12:57:00,PNPN.V,,1.2100000381469727,1.2100000381469727,1.2100000381469727,1.2100000381469727,100.0
2026-09-10 12:57:00,PPP.V,,0.8299999833106995,0.8299999833106995,0.8299999833106995,0.8299999833106995,500.0
2026-09-10 12:57:00,RECO.V,,0.6150000095367432,0.6150000095367432,0.6150000095367432,0.6150000095367432,1000.0
2026-09-10 12:57:00,ROK.V,,0.4000000059604645,0.4000000059604645,0.4000000059604645,0.4000000059604645,1500.0
2026-09-10 12:57:00,SOMA.V,,0.6899999976158142,0.6899999976158142,0.6899999976158142,0.6899999976158142,1034.0
2026-09-10 12:57:00,SSV.V,,0.6200000047683716,0.6200000047683716,0.6200000047683716,0.6200000047683716,1000.0
2026-09-10 12:57:00,SVRS.V,,0.5099999904632568,0.5099999904632568,0.5099999904632568,0.5099999904632568,33500.0
2026-09-10 12:58:00,NAU.V,,1.2000000476837158,1.2000000476837158,1.2000000476837158,1.2000000476837158,100.0
2026-09-10 12:58:00,OMG.V,,2.6600000858306885,2.6600000858306885,2.6600000858306885,2.6600000858306885,100.0
2026-09-10 12:58:00,OMI.V,,0.26499998569488525,0.26499998569488525,0.26499998569488525,0.26499998569488525,5000.0
2026-09-10 12:58:00,PEAK.V,,0.41499999165534973,0.41499999165534973,0.41499999165534973,0.41499999165534973,2500.0
2026-09-10 12:58:00,PML.V,,1.7549999952316284,1.7549999952316284,1.7549999952316284,1.7549999952316284,300.0
2026-09-10 12:58:00,PNPN.V,,1.2100000381469727,1.2100000381469727,1.2100000381469727,1.2100000381469727,300.0
2026-09-10 12:58:00,RECO.V,,0.6150000095367432,0.6150000095367432,0.6150000095367432,0.6150000095367432,500.0
2026-09-10 12:58:00,ROK.V,,0.4000000059604645,0.4000000059604645,0.4000000059604645,0.4000000059604645,1000.0
2026-09-10 12:58:00,SHL.V,,0.39500001072883606,0.4000000059604645,0.39500001072883606,0.4000000059604645,18500.0
2026-09-10 12:59:00,NAU.V,,1.2000000476837158,1.2000000476837158,1.2000000476837158,1.2000000476837158,200.0
2026-09-10 12:59:00,OMG.V,,2.6600000858306885,2.6600000858306885,2.6600000858306885,2.6600000858306885,100.0
2026-09-10 12:59:00,PML.V,,1.7549999952316284,1.7549999952316284,1.7549999952316284,1.7549999952316284,300.0
2026-09-10 12:59:00,PNPN.V,,1.2100000381469727,1.2100000381469727,1.2100000381469727,1.2100000381469727,300.0
2026-09-10 12:59:00,PPP.V,,0.8299999833106995,0.8299999833106995,0.8299999833106995,0.8299999833106995,500.0
2026-09-10 12:59:00,RECO.V,,0.6150000095367432,0.6150000095367432,0.6150000095367432,0.6150000095367432,500.0
2026-09-10 12:59:00,ROK.V,,0.4000000059604645,0.4000000059604645,0.4000000059604645,0.4000000059604645,1000.0
2026-09-10 12:59:00,RSS.V,,0.5600000023841858,0.5600000023841858,0.5600000023841858,0.5600000023841858,500.0
2026-09-10 12:59:00,SVRS.V,,0.5099999904632568,0.5099999904632568,0.5099999904632568,0.5099999904632568,10000.0
2026-09-10 13:00:00,MGG.V,,0.35499998927116394,0.35499998927116394,0.35499998927116394,0.35499998927116394,500.0
2026-09-10 13:00:00,MMY.V,,1.0,1.0099999904632568,1.0,1.0099999904632568,300.0
2026-09-10 13:00:00,OMG.V,,2.6600000858306885,2.6600000858306885,2.6600000858306885,2.6600000858306885,100.0
2026-09-10 13:00:00,PLSR.V,,1.25,1.25,1.25,1.25,100.0
2026-09-10 13:00:00,PML.V,,1.7549999952316284,1.7549999952316284,1.7549999952316284,1.7549999952316284,100.0
2026-09-10 13:00:00,PNPN.V,,1.2100000381469727,1.2100000381469727,1.2100000381469727,1.2100000381469727,100.0
2026-09-10 13:00:00,PRG.V,,0.17000000178813934,0.17000000178813934,0.17000000178813934,0.17000000178813934,500.0
2026-09-10 13:00:00,RECO.V,,0.6150000095367432,0.6150000095367432,0.6150000095367432,0.6150000095367432,500.0
2026-09-10 13:00:00,ROCK.V,,4.400000095367432,4.400000095367432,4.400000095367432,4.400000095367432,300.0
2026-09-10 13:00:00,ROK.V,,0.4000000059604645,0.4000000059604645,0.4000000059604645,0.4000000059604645,1000.0
2026-09-10 13:01:00,NAU.V,,1.2000000476837158,1.2000000476837158,1.2000000476837158,1.2000000476837158,100.0
2026-09-10 13:01:00,OMG.V,,2.6600000858306885,2.6600000858306885,2.6600000858306885,2.6600000858306885,500.0
2026-09-10 13:01:00,ONYX.V,,1.649999976158142,1.649999976158142,1.649999976158142,1.649999976158142,600.0
2026-09-10 13:01:00,PML.V,,1.7549999952316284,1.7549999952316284,1.7549999952316284,1.7549999952316284,100.0
2026-09-10 13:01:00,PNPN.V,,1.2000000476837158,1.2100000381469727,1.2000000476837158,1.2100000381469727,18200.0
2026-09-10 13:01:00,PPP.V,,0.8299999833106995,0.8299999833106995,0.8299999833106995,0.8299999833106995,500.0
2026-09-10 13:01:00,QNC.V,,2.430000066757202,2.430000066757202,2.430000066757202,2.430000066757202,100.0
2026-09-10 13:01:00,QTWO.V,,2.619999885559082,2.619999885559082,2.619999885559082,2.619999885559082,100.0
2026-09-10 13:01:00,RECO.V,,0.6150000095367432,0.6150000095367432,0.6150000095367432,0.6150000095367432,1000.0
2026-09-10 13:01:00,ROK.V,,0.4000000059604645,0.4000000059604645,0.4000000059604645,0.4000000059604645,1000.0
2026-09-10 13:02:00,MMY.V,,1.0099999904632568,1.0099999904632568,1.0099999904632568,1.0099999904632568,200.0
2026-09-10 13:02:00,NWST.V,,0.3499999940395355,0.3499999940395355,0.3499999940395355,0.3499999940395355,500.0
2026-09-10 13:02:00,OMG.V,,2.6600000858306885,2.6600000858306885,2.6600000858306885,2.6600000858306885,500.0
2026-09-10 13:02:00,PML.V,,1.7549999952316284,1.7549999952316284,1.7549999952316284,1.7549999952316284,200.0
2026-09-10 13:02:00,PVT.V,,1.149999976158142,1.149999976158142,1.149999976158142,1.149999976158142,0.0
2026-09-10 13:02:00,QTWO.V,,2.619999885559082,2.619999885559082,2.619999885559082,2.619999885559082,100.0
2026-09-10 13:02:00,RECO.V,,0.6150000095367432,0.6150000095367432,0.6150000095367432,0.6150000095367432,500.0
2026-09-10 13:02:00,ROK.V,,0.4000000059604645,0.4000000059604645,0.4000000059604645,0.4000000059604645,1000.0
2026-09-10 13:02:00,SM.V,,1.5199999809265137,1.5199999809265137,1.5199999809265137,1.5199999809265137,130.0
2026-09-10 13:02:00,SOMA.V,,0.6899999976158142,0.6899999976158142,0.6899999976158142,0.6899999976158142,600.0
2026-09-10 13:02:00,SSV.V,,0.6200000047683716,0.6200000047683716,0.6200000047683716,0.6200000047683716,2000.0
2026-09-10 13:03:00,NAU.V,,1.2000000476837158,1.2000000476837158,1.2000000476837158,1.2000000476837158,300.0
2026-09-10 13:03:00,NCI.V,,0.45500001311302185,0.45500001311302185,0.45500001311302185,0.45500001311302185,500.0
2026-09-10 13:03:00,OMG.V,,2.6600000858306885,2.6600000858306885,2.6600000858306885,2.6600000858306885,200.0
2026-09-10 13:03:00,PGE.V,,0.41999998688697815,0.41999998688697815,0.41999998688697815,0.41999998688697815,500.0
2026-09-10 13:03:00,PML.V,,1.7549999952316284,1.7549999952316284,1.7549999952316284,1.7549999952316284,100.0
2026-09-10 13:03:00,PTU.V,,0.36500000953674316,0.36500000953674316,0.36000001430511475,0.36000001430511475,1045.0
2026-09-10 13:03:00,RECO.V,,0.6150000095367432,0.6150000095367432,0.6150000095367432,0.6150000095367432,500.0
2026-09-10 13:03:00,ROK.V,,0.4000000059604645,0.4000000059604645,0.4000000059604645,0.4000000059604645,500.0
2026-09-10 13:04:00,MMY.V,,1.0099999904632568,1.0099999904632568,1.0099999904632568,1.0099999904632568,200.0
2026-09-10 13:04:00,NAU.V,,1.2000000476837158,1.2000000476837158,1.2000000476837158,1.2000000476837158,200.0
2026-09-10 13:04:00,OMG.V,,2.6600000858306885,2.6600000858306885,2.6600000858306885,2.6600000858306885,300.0
2026-09-10 13:04:00,PGE.V,,0.41999998688697815,0.41999998688697815,0.41999998688697815,0.41999998688697815,500.0
2026-09-10 13:04:00,PML.V,,1.7549999952316284,1.7549999952316284,1.7549999952316284,1.7549999952316284,200.0
2026-09-10 13:04:00,PNPN.V,,1.2100000381469727,1.2100000381469727,1.2100000381469727,1.2100000381469727,200.0
2026-09-10 13:04:00,RECO.V,,0.6150000095367432,0.6150000095367432,0.6150000095367432,0.6150000095367432,500.0
2026-09-10 13:04:00,ROK.V,,0.4000000059604645,0.4000000059604645,0.4000000059604645,0.4000000059604645,500.0
2026-09-10 13:05:00,MGG.V,,0.35499998927116394,0.35499998927116394,0.35499998927116394,0.35499998927116394,1000.0
2026-09-10 13:05:00,NCI.V,,0.45500001311302185,0.45500001311302185,0.45500001311302185,0.45500001311302185,3500.0
2026-09-10 13:05:00,OMG.V,,2.6600000858306885,2.6600000858306885,2.6600000858306885,2.6600000858306885,400.0
2026-09-10 13:05:00,PML.V,,1.7549999952316284,1.7549999952316284,1.7549999952316284,1.7549999952316284,400.0
2026-09-10 13:05:00,PNPN.V,,1.2100000381469727,1.2100000381469727,1.2050000429153442,1.2050000429153442,1500.0
2026-09-10 13:05:00,PPP.V,,0.8299999833106995,0.8299999833106995,0.8299999833106995,0.8299999833106995,500.0
2026-09-10 13:05:00,RECO.V,,0.6150000095367432,0.6150000095367432,0.6150000095367432,0.6150000095367432,500.0
2026-09-10 13:05:00,ROK.V,,0.4000000059604645,0.4000000059604645,0.4000000059604645,0.4000000059604645,500.0
2026-09-10 13:05:00,SSV.V,,0.6150000095367432,0.6150000095367432,0.6150000095367432,0.6150000095367432,3000.0
2026-09-10 13:06:00,MMY.V,,1.0,1.0099999904632568,1.0,1.0099999904632568,300.0
2026-09-10 13:06:00,NAU.V,,1.2000000476837158,1.2000000476837158,1.2000000476837158,1.2000000476837158,100.0
2026-09-10 13:06:00,NDA.V,,0.6100000143051147,0.6100000143051147,0.6100000143051147,0.6100000143051147,500.0
2026-09-10 13:06:00,OMG.V,,2.6600000858306885,2.6649999618530273,2.6600000858306885,2.6600000858306885,5700.0
2026-09-10 13:06:00,PGE.V,,0.41999998688697815,0.41999998688697815,0.41999998688697815,0.41999998688697815,500.0
2026-09-10 13:06:00,PML.V,,1.75,1.7549999952316284,1.75,1.7549999952316284,200.0
2026-09-10 13:06:00,PNPN.V,,1.2100000381469727,1.2100000381469727,1.2100000381469727,1.2100000381469727,800.0
2026-09-10 13:06:00,PPP.V,,0.8299999833106995,0.8299999833106995,0.8299999833106995,0.8299999833106995,500.0
2026-09-10 13:06:00,QTWO.V,,2.619999885559082,2.619999885559082,2.619999885559082,2.619999885559082,200.0
2026-09-10 13:06:00,RECO.V,,0.6150000095367432,0.6150000095367432,0.6150000095367432,0.6150000095367432,500.0
2026-09-10 13:06:00,RVG.V,,0.9100000262260437,0.9100000262260437,0.9100000262260437,0.9100000262260437,1000.0
2026-09-10 13:06:00,SEI.V,,0.3799999952316284,0.3799999952316284,0.3799999952316284,0.3799999952316284,19000.0
2026-09-10 13:06:00,SLG.V,,5.650000095367432,5.659999847412109,5.650000095367432,5.659999847412109,500.0
2026-09-10 13:07:00,NAU.V,,1.2000000476837158,1.2000000476837158,1.2000000476837158,1.2000000476837158,200.0
2026-09-10 13:07:00,OC.V,,0.11999999731779099,0.11999999731779099,0.11999999731779099,0.11999999731779099,39000.0
2026-09-10 13:07:00,OCO.V,,0.49000000953674316,0.49000000953674316,0.49000000953674316,0.49000000953674316,1478.0
2026-09-10 13:07:00,OMG.V,,2.6600000858306885,2.6600000858306885,2.6600000858306885,2.6600000858306885,200.0
2026-09-10 13:07:00,PALI.V,,5.329999923706055,5.329999923706055,5.329999923706055,5.329999923706055,100.0
2026-09-10 13:07:00,PML.V,,1.7549999952316284,1.7549999952316284,1.7549999952316284,1.7549999952316284,100.0
2026-09-10 13:07:00,PNPN.V,,1.2100000381469727,1.2100000381469727,1.2100000381469727,1.2100000381469727,500.0
2026-09-10 13:07:00,QGR.V,,0.20499999821186066,0.20499999821186066,0.20499999821186066,0.20499999821186066,1000.0
2026-09-10 13:07:00,RECO.V,,0.6150000095367432,0.6150000095367432,0.6150000095367432,0.6150000095367432,1000.0
2026-09-10 13:07:00,RKV.V,,0.25,0.25,0.25,0.25,3510.0
2026-09-10 13:07:00,ROCK.V,,4.400000095367432,4.400000095367432,4.400000095367432,4.400000095367432,800.0
2026-09-10 13:07:00,SVRS.V,,0.5,0.5,0.5,0.5,8500.0
2026-09-10 13:08:00,MMY.V,,1.0099999904632568,1.0099999904632568,1.0099999904632568,1.0099999904632568,200.0
2026-09-10 13:08:00,OMG.V,,2.6600000858306885,2.6600000858306885,2.6600000858306885,2.6600000858306885,1500.0
2026-09-10 13:08:00,PDQ.V,,0.10499999672174454,0.10499999672174454,0.10499999672174454,0.10499999672174454,2000.0
2026-09-10 13:08:00,PLSR.V,,1.25,1.25,1.25,1.25,100.0
2026-09-10 13:08:00,PML.V,,1.7549999952316284,1.7549999952316284,1.7549999952316284,1.7549999952316284,200.0
2026-09-10 13:08:00,PNPN.V,,1.2100000381469727,1.2100000381469727,1.2100000381469727,1.2100000381469727,400.0
2026-09-10 13:08:00,PPP.V,,0.8299999833106995,0.8299999833106995,0.8299999833106995,0.8299999833106995,52500.0
2026-09-10 13:08:00,QTWO.V,,2.615000009536743,2.615000009536743,2.615000009536743,2.615000009536743,100.0
2026-09-10 13:08:00,RECO.V,,0.6150000095367432,0.6150000095367432,0.6150000095367432,0.6150000095367432,500.0
2026-09-10 13:08:00,SPRQ.V,,1.0,1.0,1.0,1.0,15000.0
2026-09-10 13:08:00,SSV.V,,0.6200000047683716,0.6200000047683716,0.6200000047683716,0.6200000047683716,6000.0
2026-09-10 13:09:00,MYID.V,,0.20999999344348907,0.20999999344348907,0.20999999344348907,0.20999999344348907,20000.0
2026-09-10 13:09:00,NAU.V,,1.2000000476837158,1.2000000476837158,1.2000000476837158,1.2000000476837158,200.0
2026-09-10 13:09:00,OMG.V,,2.6600000858306885,2.6600000858306885,2.6600000858306885,2.6600000858306885,200.0
2026-09-10 13:09:00,PALI.V,,5.329999923706055,5.329999923706055,5.329999923706055,5.329999923706055,100.0
2026-09-10 13:09:00,PLSR.V,,1.25,1.25,1.25,1.25,200.0
2026-09-10 13:09:00,PML.V,,1.7549999952316284,1.7549999952316284,1.7549999952316284,1.7549999952316284,200.0
2026-09-10 13:09:00,PNPN.V,,1.2100000381469727,1.2100000381469727,1.2100000381469727,1.2100000381469727,400.0
2026-09-10 13:09:00,PPP.V,,0.8299999833106995,0.8299999833106995,0.8299999833106995,0.8299999833106995,1000.0
2026-09-10 13:09:00,QNC.V,,2.440000057220459,2.440000057220459,2.440000057220459,2.440000057220459,100.0
2026-09-10 13:09:00,RDS.V,,1.1749999523162842,1.1749999523162842,1.1749999523162842,1.1749999523162842,1900.0
2026-09-10 13:09:00,RECO.V,,0.6150000095367432,0.6150000095367432,0.6150000095367432,0.6150000095367432,500.0
2026-09-10 13:10:00,MMY.V,,1.0099999904632568,1.0099999904632568,1.0099999904632568,1.0099999904632568,200.0
2026-09-10 13:10:00,MYID.V,,0.20999999344348907,0.20999999344348907,0.20999999344348907,0.20999999344348907,16500.0
2026-09-10 13:10:00,OMG.V,,2.6600000858306885,2.6649999618530273,2.6500000953674316,2.6600000858306885,12600.0
2026-09-10 13:10:00,OMM.V,,0.054999999701976776,0.054999999701976776,0.054999999701976776,0.054999999701976776,80200.0
2026-09-10 13:10:00,PALI.V,,5.329999923706055,5.329999923706055,5.329999923706055,5.329999923706055,100.0
2026-09-10 13:10:00,PDQ.V,,0.10999999940395355,0.10999999940395355,0.10999999940395355,0.10999999940395355,3500.0
2026-09-10 13:10:00,PML.V,,1.7549999952316284,1.7549999952316284,1.7549999952316284,1.7549999952316284,100.0
2026-09-10 13:10:00,PNPN.V,,1.2100000381469727,1.2100000381469727,1.2100000381469727,1.2100000381469727,400.0
2026-09-10 13:10:00,PPP.V,,0.8299999833106995,0.8299999833106995,0.8299999833106995,0.8299999833106995,500.0
2026-09-10 13:10:00,PRG.V,,0.16249999403953552,0.16249999403953552,0.16249999403953552,0.16249999403953552,500.0
2026-09-10 13:10:00,RECO.V,,0.6150000095367432,0.6150000095367432,0.6150000095367432,0.6150000095367432,500.0
2026-09-10 13:10:00,ROK.V,,0.4000000059604645,0.4000000059604645,0.4000000059604645,0.4000000059604645,500.0
2026-09-10 13:10:00,SCD.V,,0.17499999701976776,0.17499999701976776,0.17499999701976776,0.17499999701976776,500.0
2026-09-10 13:10:00,SVRS.V,,0.5199999809265137,0.5199999809265137,0.5199999809265137,0.5199999809265137,500.0
2026-09-10 13:11:00,NAU.V,,1.2000000476837158,1.2000000476837158,1.2000000476837158,1.2000000476837158,200.0
2026-09-10 13:11:00,NEV.V,,0.05999999865889549,0.05999999865889549,0.05999999865889549,0.05999999865889549,14000.0
2026-09-10 13:11:00,OCO.V,,0.48500001430511475,0.48500001430511475,0.48500001430511475,0.48500001430511475,500.0
2026-09-10 13:11:00,PML.V,,1.7549999952316284,1.7549999952316284,1.7549999952316284,1.7549999952316284,300.0
2026-09-10 13:11:00,PNPN.V,,1.2100000381469727,1.2100000381469727,1.2100000381469727,1.2100000381469727,300.0
2026-09-10 13:11:00,QNC.V,,2.430000066757202,2.430000066757202,2.430000066757202,2.430000066757202,200.0
2026-09-10 13:11:00,RECO.V,,0.6150000095367432,0.6150000095367432,0.6150000095367432,0.6150000095367432,500.0
2026-09-10 13:11:00,SVRS.V,,0.5099999904632568,0.5099999904632568,0.5,0.5,112500.0
2026-09-10 13:11:00,VIPR.V,,0.4300000071525574,0.4300000071525574,0.4300000071525574,0.4300000071525574,7100.0
2026-09-10 13:12:00,NAU.V,,1.2000000476837158,1.2000000476837158,1.2000000476837158,1.2000000476837158,100.0
2026-09-10 13:12:00,OCO.V,,0.49000000953674316,0.49000000953674316,0.48500001430511475,0.48500001430511475,12498.0
2026-09-10 13:12:00,PALI.V,,5.329999923706055,5.329999923706055,5.329999923706055,5.329999923706055,100.0
2026-09-10 13:12:00,PML.V,,1.7549999952316284,1.7549999952316284,1.7549999952316284,1.7549999952316284,200.0
2026-09-10 13:12:00,PNPN.V,,1.2100000381469727,1.2100000381469727,1.2100000381469727,1.2100000381469727,300.0
2026-09-10 13:12:00,PPP.V,,0.824999988079071,0.824999988079071,0.824999988079071,0.824999988079071,2000.0
2026-09-10 13:12:00,RECO.V,,0.6150000095367432,0.6150000095367432,0.6150000095367432,0.6150000095367432,500.0
2026-09-10 13:12:00,SEI.V,,0.375,0.375,0.375,0.375,41640.0
2026-09-10 13:13:00,MMY.V,,1.0099999904632568,1.0099999904632568,1.0,1.0,300.0
2026-09-10 13:13:00,MYID.V,,0.20999999344348907,0.20999999344348907,0.20999999344348907,0.20999999344348907,45500.0
2026-09-10 13:13:00,PML.V,,1.7549999952316284,1.7549999952316284,1.7549999952316284,1.7549999952316284,100.0
2026-09-10 13:13:00,PNPN.V,,1.2100000381469727,1.2100000381469727,1.2100000381469727,1.2100000381469727,300.0
2026-09-10 13:13:00,PPP.V,,0.8299999833106995,0.8299999833106995,0.8299999833106995,0.8299999833106995,500.0
2026-09-10 13:13:00,RECO.V,,0.6150000095367432,0.6150000095367432,0.6150000095367432,0.6150000095367432,500.0
2026-09-10 13:13:00,ROK.V,,0.39500001072883606,0.39500001072883606,0.39500001072883606,0.39500001072883606,23500.0
2026-09-10 13:13:00,SEI.V,,0.3700000047683716,0.375,0.3700000047683716,0.3700000047683716,127500.0
2026-09-10 13:14:00,MYID.V,,0.20999999344348907,0.20999999344348907,0.20999999344348907,0.20999999344348907,3000.0
2026-09-10 13:14:00,NAU.V,,1.2000000476837158,1.2000000476837158,1.2000000476837158,1.2000000476837158,150.0
2026-09-10 13:14:00,OPW.V,,0.1599999964237213,0.1599999964237213,0.1599999964237213,0.1599999964237213,11000.0
2026-09-10 13:14:00,PALI.V,,5.329999923706055,5.329999923706055,5.329999923706055,5.329999923706055,100.0
2026-09-10 13:14:00,PML.V,,1.7549999952316284,1.7549999952316284,1.7549999952316284,1.7549999952316284,300.0
2026-09-10 13:14:00,PNPN.V,,1.2100000381469727,1.2100000381469727,1.2100000381469727,1.2100000381469727,300.0
2026-09-10 13:14:00,RECO.V,,0.6150000095367432,0.6150000095367432,0.6150000095367432,0.6150000095367432,500.0
2026-09-10 13:14:00,ROK.V,,0.4000000059604645,0.4000000059604645,0.4000000059604645,0.4000000059604645,500.0
2026-09-10 13:14:00,RSS.V,,0.5600000023841858,0.5600000023841858,0.5600000023841858,0.5600000023841858,500.0
2026-09-10 13:15:00,MMY.V,,1.0099999904632568,1.0099999904632568,1.0099999904632568,1.0099999904632568,200.0
2026-09-10 13:15:00,OMG.V,,2.6600000858306885,2.6600000858306885,2.6600000858306885,2.6600000858306885,100.0
2026-09-10 13:15:00,PGE.V,,0.41999998688697815,0.41999998688697815,0.41999998688697815,0.41999998688697815,500.0
2026-09-10 13:15:00,PML.V,,1.75,1.7549999952316284,1.75,1.7549999952316284,200.0
2026-09-10 13:15:00,PNPN.V,,1.2000000476837158,1.2100000381469727,1.2000000476837158,1.2100000381469727,9850.0
2026-09-10 13:15:00,PPP.V,,0.8299999833106995,0.8299999833106995,0.8299999833106995,0.8299999833106995,500.0
2026-09-10 13:15:00,PWM.V,,0.4975000023841858,0.4975000023841858,0.4975000023841858,0.4975000023841858,1000.0
2026-09-10 13:15:00,RECO.V,,0.6150000095367432,0.6150000095367432,0.6150000095367432,0.6150000095367432,500.0
2026-09-10 13:15:00,ROK.V,,0.4000000059604645,0.4000000059604645,0.4000000059604645,0.4000000059604645,500.0
2026-09-10 13:15:00,SLG.V,,5.650000095367432,5.650000095367432,5.650000095367432,5.650000095367432,200.0
2026-09-10 13:15:00,SRR.V,,1.0700000524520874,1.0700000524520874,1.0700000524520874,1.0700000524520874,5000.0
2026-09-10 13:16:00,MGG.V,,0.3499999940395355,0.3499999940395355,0.3499999940395355,0.3499999940395355,15000.0
2026-09-10 13:16:00,NAU.V,,1.2000000476837158,1.2000000476837158,1.2000000476837158,1.2000000476837158,200.0
2026-09-10 13:16:00,NWST.V,,0.3449999988079071,0.3449999988079071,0.3449999988079071,0.3449999988079071,10500.0
2026-09-10 13:16:00,OMG.V,,2.6600000858306885,2.6600000858306885,2.6600000858306885,2.6600000858306885,500.0
2026-09-10 13:16:00,PALI.V,,5.329999923706055,5.329999923706055,5.329999923706055,5.329999923706055,100.0
2026-09-10 13:16:00,PLSR.V,,1.2549999952316284,1.2549999952316284,1.25,1.25,200.0
2026-09-10 13:16:00,PML.V,,1.7549999952316284,1.7549999952316284,1.7549999952316284,1.7549999952316284,200.0
2026-09-10 13:16:00,PPP.V,,0.8299999833106995,0.8299999833106995,0.8299999833106995,0.8299999833106995,500.0
2026-09-10 13:16:00,RECO.V,,0.6150000095367432,0.6150000095367432,0.6150000095367432,0.6150000095367432,500.0
2026-09-10 13:16:00,SEI.V,,0.3700000047683716,0.375,0.3700000047683716,0.375,164000.0
2026-09-10 13:17:00,FEO.V,,0.7900000214576721,0.7900000214576721,0.7900000214576721,0.7900000214576721,6039.0
2026-09-10 13:17:00,MGG.V,,0.3499999940395355,0.3499999940395355,0.3499999940395355,0.3499999940395355,27500.0
2026-09-10 13:17:00,MMY.V,,1.0099999904632568,1.0099999904632568,1.0099999904632568,1.0099999904632568,200.0
2026-09-10 13:17:00,NAU.V,,1.2000000476837158,1.2000000476837158,1.2000000476837158,1.2000000476837158,200.0
2026-09-10 13:17:00,OMG.V,,2.6600000858306885,2.6600000858306885,2.6549999713897705,2.6549999713897705,200.0
2026-09-10 13:17:00,PML.V,,1.75,1.7549999952316284,1.75,1.7549999952316284,4112.0
2026-09-10 13:17:00,PNPN.V,,1.2000000476837158,1.2000000476837158,1.2000000476837158,1.2000000476837158,300.0
2026-09-10 13:17:00,PPP.V,,0.8299999833106995,0.8299999833106995,0.8299999833106995,0.8299999833106995,2000.0
2026-09-10 13:17:00,RECO.V,,0.6150000095367432,0.6150000095367432,0.6150000095367432,0.6150000095367432,500.0
2026-09-10 13:17:00,ROK.V,,0.4000000059604645,0.4000000059604645,0.4000000059604645,0.4000000059604645,1000.0
2026-09-10 13:18:00,OCO.V,,0.5,0.5,0.4950000047683716,0.4950000047683716,46920.0
2026-09-10 13:18:00,OMG.V,,2.6600000858306885,2.6600000858306885,2.6600000858306885,2.6600000858306885,100.0
2026-09-10 13:18:00,PNPN.V,,1.2000000476837158,1.2000000476837158,1.2000000476837158,1.2000000476837158,500.0
2026-09-10 13:18:00,QNC.V,,2.440000057220459,2.440000057220459,2.440000057220459,2.440000057220459,105.0
2026-09-10 13:18:00,RECO.V,,0.6150000095367432,0.6150000095367432,0.6150000095367432,0.6150000095367432,500.0
2026-09-10 13:18:00,ROK.V,,0.4000000059604645,0.4000000059604645,0.4000000059604645,0.4000000059604645,500.0
2026-09-10 13:18:00,SCD.V,,0.17499999701976776,0.17499999701976776,0.17499999701976776,0.17499999701976776,127944.0
2026-09-10 13:18:00,SLG.V,,5.650000095367432,5.650000095367432,5.650000095367432,5.650000095367432,2900.0
2026-09-10 13:19:00,FEO.V,,0.7900000214576721,0.7900000214576721,0.7900000214576721,0.7900000214576721,1000.0
2026-09-10 13:19:00,FISH.V,,5.71999979019165,5.71999979019165,5.71999979019165,5.71999979019165,500.0
2026-09-10 13:19:00,MMY.V,,1.0049999952316284,1.0049999952316284,1.0049999952316284,1.0049999952316284,100.0
2026-09-10 13:19:00,NAU.V,,1.2000000476837158,1.2000000476837158,1.2000000476837158,1.2000000476837158,100.0
2026-09-10 13:19:00,OMG.V,,2.6600000858306885,2.6600000858306885,2.6600000858306885,2.6600000858306885,3500.0
2026-09-10 13:19:00,PNPN.V,,1.2000000476837158,1.2000000476837158,1.2000000476837158,1.2000000476837158,200.0
2026-09-10 13:19:00,RECO.V,,0.6150000095367432,0.6150000095367432,0.6150000095367432,0.6150000095367432,5000.0
2026-09-10 13:19:00,ROK.V,,0.4000000059604645,0.4000000059604645,0.4000000059604645,0.4000000059604645,1000.0
2026-09-10 13:19:00,SEI.V,,0.3700000047683716,0.3700000047683716,0.3700000047683716,0.3700000047683716,101500.0
2026-09-10 13:20:00,MMY.V,,1.0099999904632568,1.0099999904632568,1.0099999904632568,1.0099999904632568,200.0
2026-09-10 13:20:00,OMG.V,,2.6649999618530273,2.6649999618530273,2.6649999618530273,2.6649999618530273,200.0
2026-09-10 13:20:00,PNPN.V,,1.2000000476837158,1.2000000476837158,1.2000000476837158,1.2000000476837158,400.0
2026-09-10 13:20:00,PPP.V,,0.8299999833106995,0.8299999833106995,0.8299999833106995,0.8299999833106995,500.0
2026-09-10 13:20:00,PRG.V,,0.17000000178813934,0.17000000178813934,0.17000000178813934,0.17000000178813934,1000.0
2026-09-10 13:20:00,QNC.V,,2.430000066757202,2.430000066757202,2.430000066757202,2.430000066757202,100.0
2026-09-10 13:20:00,RECO.V,,0.6150000095367432,0.6150000095367432,0.6150000095367432,0.6150000095367432,500.0
2026-09-10 13:20:00,RKV.V,,0.23000000417232513,0.23000000417232513,0.23000000417232513,0.23000000417232513,3500.0
2026-09-10 13:20:00,ROK.V,,0.4000000059604645,0.4000000059604645,0.4000000059604645,0.4000000059604645,500.0
2026-09-10 13:21:00,FEO.V,,0.7900000214576721,0.7900000214576721,0.7900000214576721,0.7900000214576721,1000.0
2026-09-10 13:21:00,NAU.V,,1.2000000476837158,1.2000000476837158,1.2000000476837158,1.2000000476837158,200.0
2026-09-10 13:21:00,OMG.V,,2.6649999618530273,2.6649999618530273,2.6649999618530273,2.6649999618530273,400.0
2026-09-10 13:21:00,PML.V,,1.75,1.75,1.75,1.75,100.0
2026-09-10 13:21:00,PNPN.V,,1.2000000476837158,1.2000000476837158,1.2000000476837158,1.2000000476837158,300.0
2026-09-10 13:21:00,PPP.V,,0.8299999833106995,0.8299999833106995,0.8299999833106995,0.8299999833106995,1000.0
2026-09-10 13:21:00,RECO.V,,0.6150000095367432,0.6150000095367432,0.6150000095367432,0.6150000095367432,500.0
2026-09-10 13:21:00,ROK.V,,0.4000000059604645,0.4000000059604645,0.4000000059604645,0.4000000059604645,500.0
2026-09-10 13:21:00,SLG.V,,5.690000057220459,5.690000057220459,5.690000057220459,5.690000057220459,300.0
2026-09-10 13:22:00,NAU.V,,1.2000000476837158,1.2000000476837158,1.2000000476837158,1.2000000476837158,300.0
2026-09-10 13:22:00,NDA.V,,0.6100000143051147,0.6100000143051147,0.6100000143051147,0.6100000143051147,2500.0
2026-09-10 13:22:00,NMI.V,,0.1850000023841858,0.1850000023841858,0.1850000023841858,0.1850000023841858,0.0
2026-09-10 13:22:00,OMG.V,,2.6700000762939453,2.6700000762939453,2.6649999618530273,2.6649999618530273,300.0
2026-09-10 13:22:00,PALI.V,,5.329999923706055,5.329999923706055,5.329999923706055,5.329999923706055,100.0
2026-09-10 13:22:00,PML.V,,1.75,1.75,1.75,1.75,600.0
2026-09-10 13:22:00,PNPN.V,,1.2000000476837158,1.2000000476837158,1.2000000476837158,1.2000000476837158,200.0
2026-09-10 13:22:00,RECO.V,,0.6150000095367432,0.6150000095367432,0.6150000095367432,0.6150000095367432,500.0
2026-09-10 13:22:00,ROK.V,,0.4000000059604645,0.4000000059604645,0.4000000059604645,0.4000000059604645,1000.0
2026-09-10 13:23:00,MMY.V,,1.0099999904632568,1.0099999904632568,1.0099999904632568,1.0099999904632568,200.0
2026-09-10 13:23:00,NAU.V,,1.2000000476837158,1.2000000476837158,1.2000000476837158,1.2000000476837158,100.0
2026-09-10 13:23:00,NCI.V,,0.44999998807907104,0.44999998807907104,0.44999998807907104,0.44999998807907104,1702.0
2026-09-10 13:23:00,OMG.V,,2.6600000858306885,2.6600000858306885,2.6600000858306885,2.6600000858306885,3700.0
2026-09-10 13:23:00,PGE.V,,0.41999998688697815,0.41999998688697815,0.41999998688697815,0.41999998688697815,500.0
2026-09-10 13:23:00,PML.V,,1.75,1.75,1.75,1.75,15800.0
2026-09-10 13:23:00,PNPN.V,,1.2000000476837158,1.2000000476837158,1.2000000476837158,1.2000000476837158,200.0
2026-09-10 13:23:00,ROK.V,,0.4000000059604645,0.4000000059604645,0.4000000059604645,0.4000000059604645,500.0
2026-09-10 13:23:00,SEI.V,,0.36500000953674316,0.36500000953674316,0.36500000953674316,0.36500000953674316,21500.0
2026-09-10 13:23:00,SMN.V,,0.1550000011920929,0.1550000011920929,0.1550000011920929,0.1550000011920929,500.0
2026-09-10 13:24:00,NAU.V,,1.2000000476837158,1.2000000476837158,1.2000000476837158,1.2000000476837158,526.0
2026-09-10 13:24:00,PPP.V,,0.8299999833106995,0.8299999833106995,0.8299999833106995,0.8299999833106995,5500.0
2026-09-10 13:24:00,RECO.V,,0.6150000095367432,0.6150000095367432,0.6150000095367432,0.6150000095367432,500.0
2026-09-10 13:24:00,ROK.V,,0.4000000059604645,0.4000000059604645,0.4000000059604645,0.4000000059604645,500.0
2026-09-10 13:25:00,MMY.V,,1.0099999904632568,1.0099999904632568,1.0099999904632568,1.0099999904632568,200.0
2026-09-10 13:25:00,NAU.V,,1.2000000476837158,1.2000000476837158,1.2000000476837158,1.2000000476837158,100.0
2026-09-10 13:25:00,PMX.V,,0.10999999940395355,0.10999999940395355,0.10999999940395355,0.10999999940395355,0.0
2026-09-10 13:25:00,RECO.V,,0.6150000095367432,0.6150000095367432,0.6150000095367432,0.6150000095367432,500.0
2026-09-10 13:25:00,ROK.V,,0.4000000059604645,0.4000000059604645,0.4000000059604645,0.4000000059604645,500.0
2026-09-10 13:25:00,SCD.V,,0.17499999701976776,0.17499999701976776,0.17499999701976776,0.17499999701976776,4886.0
2026-09-10 13:26:00,NAU.V,,1.2000000476837158,1.2000000476837158,1.2000000476837158,1.2000000476837158,700.0
2026-09-10 13:26:00,PNPN.V,,1.2000000476837158,1.2000000476837158,1.2000000476837158,1.2000000476837158,300.0
2026-09-10 13:26:00,PPP.V,,0.8299999833106995,0.8299999833106995,0.8299999833106995,0.8299999833106995,500.0
2026-09-10 13:26:00,PWM.V,,0.5,0.5,0.4975000023841858,0.4975000023841858,12000.0
2026-09-10 13:26:00,ROK.V,,0.4000000059604645,0.4000000059604645,0.4000000059604645,0.4000000059604645,500.0
2026-09-10 13:26:00,STRM.V,,0.5199999809265137,0.5199999809265137,0.5199999809265137,0.5199999809265137,27000.0
2026-09-10 13:27:00,MMY.V,,1.0099999904632568,1.0099999904632568,1.0049999952316284,1.0049999952316284,300.0
2026-09-10 13:27:00,NAU.V,,1.2000000476837158,1.2000000476837158,1.2000000476837158,1.2000000476837158,200.0
2026-09-10 13:27:00,PML.V,,1.75,1.75,1.75,1.75,300.0
2026-09-10 13:27:00,PNPN.V,,1.2000000476837158,1.2000000476837158,1.2000000476837158,1.2000000476837158,200.0
2026-09-10 13:27:00,RECO.V,,0.6150000095367432,0.6150000095367432,0.6150000095367432,0.6150000095367432,500.0
2026-09-10 13:27:00,ROK.V,,0.4000000059604645,0.4000000059604645,0.4000000059604645,0.4000000059604645,1000.0
2026-09-10 13:27:00,SLG.V,,5.699999809265137,5.699999809265137,5.690000057220459,5.690000057220459,1600.0
2026-09-10 13:28:00,NAU.V,,1.2000000476837158,1.2000000476837158,1.2000000476837158,1.2000000476837158,2000.0
2026-09-10 13:28:00,NICN.V,,0.09000000357627869,0.09000000357627869,0.09000000357627869,0.09000000357627869,5000.0
2026-09-10 13:28:00,OMG.V,,2.6700000762939453,2.6700000762939453,2.6700000762939453,2.6700000762939453,100.0
2026-09-10 13:28:00,PEAK.V,,0.41499999165534973,0.41499999165534973,0.41499999165534973,0.41499999165534973,3500.0
2026-09-10 13:28:00,PESO.V,,0.5299999713897705,0.5299999713897705,0.5299999713897705,0.5299999713897705,3006.0
2026-09-10 13:28:00,PGE.V,,0.41999998688697815,0.41999998688697815,0.41999998688697815,0.41999998688697815,3000.0
2026-09-10 13:28:00,PML.V,,1.75,1.75,1.75,1.75,200.0
2026-09-10 13:28:00,PNPN.V,,1.2000000476837158,1.2000000476837158,1.2000000476837158,1.2000000476837158,1500.0
2026-09-10 13:28:00,PWM.V,,0.5,0.5,0.5,0.5,2000.0
2026-09-10 13:28:00,RECO.V,,0.6150000095367432,0.6150000095367432,0.6150000095367432,0.6150000095367432,500.0
2026-09-10 13:28:00,SEI.V,,0.36000001430511475,0.36500000953674316,0.36000001430511475,0.36500000953674316,150178.0
2026-09-10 13:29:00,NAU.V,,1.2000000476837158,1.2000000476837158,1.2000000476837158,1.2000000476837158,100.0
2026-09-10 13:29:00,PML.V,,1.75,1.75,1.75,1.75,200.0
2026-09-10 13:29:00,PNPN.V,,1.2000000476837158,1.2000000476837158,1.2000000476837158,1.2000000476837158,200.0
2026-09-10 13:29:00,PWM.V,,0.5099999904632568,0.5099999904632568,0.5099999904632568,0.5099999904632568,1000.0
2026-09-10 13:29:00,ROK.V,,0.4000000059604645,0.4000000059604645,0.4000000059604645,0.4000000059604645,500.0
2026-09-10 13:29:00,RVG.V,,0.9100000262260437,0.9100000262260437,0.9100000262260437,0.9100000262260437,500.0
2026-09-10 13:29:00,SLG.V,,5.699999809265137,5.699999809265137,5.699999809265137,5.699999809265137,2200.0
2026-09-10 13:30:00,MYID.V,,0.20999999344348907,0.20999999344348907,0.20999999344348907,0.20999999344348907,37500.0
2026-09-10 13:30:00,OMG.V,,2.6649999618530273,2.6649999618530273,2.6649999618530273,2.6649999618530273,100.0
2026-09-10 13:30:00,PALI.V,,5.329999923706055,5.329999923706055,5.329999923706055,5.329999923706055,100.0
2026-09-10 13:30:00,PML.V,,1.75,1.75,1.75,1.75,100.0
2026-09-10 13:30:00,PNPN.V,,1.2000000476837158,1.2000000476837158,1.2000000476837158,1.2000000476837158,200.0
2026-09-10 13:30:00,PRG.V,,0.17000000178813934,0.17000000178813934,0.17000000178813934,0.17000000178813934,500.0
2026-09-10 13:30:00,QNC.V,,2.430000066757202,2.430000066757202,2.430000066757202,2.430000066757202,100.0
2026-09-10 13:30:00,RECO.V,,0.6150000095367432,0.6150000095367432,0.6150000095367432,0.6150000095367432,500.0
2026-09-10 13:30:00,RSS.V,,0.5600000023841858,0.5600000023841858,0.5600000023841858,0.5600000023841858,500.0
2026-09-10 13:30:00,SSV.V,,0.6200000047683716,0.6200000047683716,0.6200000047683716,0.6200000047683716,41500.0
2026-09-10 13:31:00,NAU.V,,1.2000000476837158,1.2000000476837158,1.2000000476837158,1.2000000476837158,200.0
2026-09-10 13:31:00,PML.V,,1.75,1.75,1.75,1.75,100.0
2026-09-10 13:31:00,PNPN.V,,1.2000000476837158,1.2000000476837158,1.2000000476837158,1.2000000476837158,200.0
2026-09-10 13:31:00,PPP.V,,0.8299999833106995,0.8299999833106995,0.8299999833106995,0.8299999833106995,1000.0
2026-09-10 13:31:00,QNC.V,,2.430000066757202,2.430000066757202,2.430000066757202,2.430000066757202,100.0
2026-09-10 13:31:00,SAGE.V,,0.13500000536441803,0.13500000536441803,0.13500000536441803,0.13500000536441803,37000.0
2026-09-10 13:31:00,SEI.V,,0.36500000953674316,0.36500000953674316,0.36500000953674316,0.36500000953674316,2777.0
2026-09-10 13:31:00,VIPR.V,,0.4350000023841858,0.4350000023841858,0.4350000023841858,0.4350000023841858,500.0
2026-09-10 13:32:00,NAU.V,,1.2000000476837158,1.2000000476837158,1.2000000476837158,1.2000000476837158,200.0
2026-09-10 13:32:00,OGO.V,,0.4650000035762787,0.4650000035762787,0.4650000035762787,0.4650000035762787,5000.0
2026-09-10 13:32:00,OMG.V,,2.6700000762939453,2.6700000762939453,2.6700000762939453,2.6700000762939453,100.0
2026-09-10 13:32:00,PGE.V,,0.41999998688697815,0.41999998688697815,0.41999998688697815,0.41999998688697815,500.0
2026-09-10 13:32:00,PLSR.V,,1.2549999952316284,1.2549999952316284,1.2549999952316284,1.2549999952316284,200.0
2026-09-10 13:32:00,PML.V,,1.75,1.75,1.75,1.75,100.0
2026-09-10 13:32:00,PNPN.V,,1.2000000476837158,1.2000000476837158,1.2000000476837158,1.2000000476837158,100.0
2026-09-10 13:32:00,RECO.V,,0.6150000095367432,0.6150000095367432,0.6150000095367432,0.6150000095367432,500.0
2026-09-10 13:32:00,RSS.V,,0.5699999928474426,0.5699999928474426,0.5699999928474426,0.5699999928474426,500.0
2026-09-10 13:33:00,MMY.V,,1.0099999904632568,1.0099999904632568,1.0099999904632568,1.0099999904632568,2400.0
2026-09-10 13:33:00,NAU.V,,1.2000000476837158,1.2000000476837158,1.2000000476837158,1.2000000476837158,100.0
2026-09-10 13:33:00,PML.V,,1.7400000095367432,1.75,1.7400000095367432,1.75,200.0
2026-09-10 13:33:00,RECO.V,,0.6150000095367432,0.6150000095367432,0.6150000095367432,0.6150000095367432,500.0
2026-09-10 13:33:00,RML.V,,1.2000000476837158,1.2000000476837158,1.190000057220459,1.2000000476837158,49404.0
2026-09-10 13:33:00,ROK.V,,0.4000000059604645,0.4000000059604645,0.4000000059604645,0.4000000059604645,500.0
2026-09-10 13:34:00,MMY.V,,1.0049999952316284,1.0099999904632568,1.0049999952316284,1.0099999904632568,300.0
2026-09-10 13:34:00,NAU.V,,1.2000000476837158,1.2000000476837158,1.2000000476837158,1.2000000476837158,200.0
2026-09-10 13:34:00,NSE.V,,0.7699999809265137,0.7699999809265137,0.7699999809265137,0.7699999809265137,500.0
2026-09-10 13:34:00,OMG.V,,2.6649999618530273,2.6700000762939453,2.6649999618530273,2.6700000762939453,200.0
2026-09-10 13:34:00,PML.V,,1.75,1.75,1.75,1.75,100.0
2026-09-10 13:34:00,PNPN.V,,1.2000000476837158,1.2000000476837158,1.2000000476837158,1.2000000476837158,100.0
2026-09-10 13:34:00,RECO.V,,0.6150000095367432,0.6150000095367432,0.6150000095367432,0.6150000095367432,500.0
2026-09-10 13:34:00,ROK.V,,0.4000000059604645,0.4000000059604645,0.4000000059604645,0.4000000059604645,500.0
2026-09-10 13:35:00,OMG.V,,2.6649999618530273,2.6649999618530273,2.6649999618530273,2.6649999618530273,100.0
2026-09-10 13:35:00,PTU.V,,0.36500000953674316,0.36500000953674316,0.36500000953674316,0.36500000953674316,6500.0
2026-09-10 13:35:00,QNC.V,,2.430000066757202,2.430000066757202,2.430000066757202,2.430000066757202,200.0
2026-09-10 13:35:00,RML.V,,1.2000000476837158,1.2000000476837158,1.2000000476837158,1.2000000476837158,5200.0
2026-09-10 13:35:00,ROK.V,,0.4000000059604645,0.4000000059604645,0.4000000059604645,0.4000000059604645,500.0
2026-09-10 13:36:00,MMY.V,,1.0099999904632568,1.0099999904632568,1.0099999904632568,1.0099999904632568,200.0
2026-09-10 13:36:00,NAU.V,,1.2000000476837158,1.2000000476837158,1.2000000476837158,1.2000000476837158,200.0
2026-09-10 13:36:00,NEV.V,,0.054999999701976776,0.054999999701976776,0.054999999701976776,0.054999999701976776,116251.0
2026-09-10 13:36:00,OMG.V,,2.6649999618530273,2.6649999618530273,2.6649999618530273,2.6649999618530273,200.0
2026-09-10 13:36:00,PINE-UN.V,,0.03500000014901161,0.03500000014901161,0.03500000014901161,0.03500000014901161,0.0
2026-09-10 13:36:00,PML.V,,1.75,1.75,1.75,1.75,100.0
2026-09-10 13:36:00,RECO.V,,0.6150000095367432,0.6150000095367432,0.6150000095367432,0.6150000095367432,500.0
2026-09-10 13:36:00,ROK.V,,0.4000000059604645,0.4000000059604645,0.4000000059604645,0.4000000059604645,500.0
2026-09-10 13:36:00,SLG.V,,5.699999809265137,5.699999809265137,5.690000057220459,5.690000057220459,800.0
2026-09-10 13:36:00,VIPR.V,,0.4350000023841858,0.4350000023841858,0.4350000023841858,0.4350000023841858,10000.0
2026-09-10 13:37:00,MGG.V,,0.3499999940395355,0.3499999940395355,0.3499999940395355,0.3499999940395355,1000.0
2026-09-10 13:37:00,NCAU.V,,0.30000001192092896,0.30000001192092896,0.30000001192092896,0.30000001192092896,3000.0
2026-09-10 13:37:00,OMG.V,,2.6649999618530273,2.6649999618530273,2.6649999618530273,2.6649999618530273,200.0
2026-09-10 13:37:00,PALI.V,,5.329999923706055,5.329999923706055,5.329999923706055,5.329999923706055,100.0
2026-09-10 13:37:00,PML.V,,1.75,1.75,1.75,1.75,100.0
2026-09-10 13:37:00,RVG.V,,0.9150000214576721,0.9150000214576721,0.9150000214576721,0.9150000214576721,3200.0
2026-09-10 13:38:00,MMY.V,,1.0099999904632568,1.0099999904632568,1.0099999904632568,1.0099999904632568,12017.0
2026-09-10 13:38:00,NAU.V,,1.2000000476837158,1.2000000476837158,1.2000000476837158,1.2000000476837158,300.0
2026-09-10 13:38:00,OCO.V,,0.49000000953674316,0.49000000953674316,0.49000000953674316,0.49000000953674316,500.0
2026-09-10 13:38:00,OMG.V,,2.6600000858306885,2.6649999618530273,2.6600000858306885,2.6649999618530273,5700.0
2026-09-10 13:38:00,PML.V,,1.75,1.75,1.75,1.75,100.0
2026-09-10 13:38:00,PNPN.V,,1.2000000476837158,1.2000000476837158,1.2000000476837158,1.2000000476837158,5000.0
2026-09-10 13:38:00,RECO.V,,0.6150000095367432,0.6150000095367432,0.6150000095367432,0.6150000095367432,500.0
2026-09-10 13:38:00,ROK.V,,0.4000000059604645,0.4000000059604645,0.4000000059604645,0.4000000059604645,500.0
2026-09-10 13:39:00,NAU.V,,1.2000000476837158,1.2000000476837158,1.2000000476837158,1.2000000476837158,200.0
2026-09-10 13:39:00,NCAU.V,,0.3050000071525574,0.3050000071525574,0.3050000071525574,0.3050000071525574,500.0
2026-09-10 13:39:00,OCO.V,,0.49000000953674316,0.49000000953674316,0.49000000953674316,0.49000000953674316,500.0
2026-09-10 13:39:00,PJX.V,,0.1550000011920929,0.1550000011920929,0.1550000011920929,0.1550000011920929,7000.0
2026-09-10 13:39:00,PML.V,,1.75,1.75,1.75,1.75,100.0
2026-09-10 13:39:00,PNPN.V,,1.2000000476837158,1.2000000476837158,1.2000000476837158,1.2000000476837158,100.0
2026-09-10 13:39:00,ROK.V,,0.4000000059604645,0.4000000059604645,0.4000000059604645,0.4000000059604645,500.0
2026-09-10 13:39:00,STRM.V,,0.5099999904632568,0.5099999904632568,0.5099999904632568,0.5099999904632568,7500.0
2026-09-10 13:40:00,NSE.V,,0.7699999809265137,0.7699999809265137,0.7699999809265137,0.7699999809265137,500.0
2026-09-10 13:40:00,OCO.V,,0.49000000953674316,0.49000000953674316,0.49000000953674316,0.49000000953674316,500.0
2026-09-10 13:40:00,OMG.V,,2.6600000858306885,2.6600000858306885,2.6600000858306885,2.6600000858306885,100.0
2026-09-10 13:40:00,PML.V,,1.75,1.75,1.75,1.75,100.0
2026-09-10 13:40:00,PNPN.V,,1.2000000476837158,1.2000000476837158,1.2000000476837158,1.2000000476837158,100.0
2026-09-10 13:40:00,PRG.V,,0.17000000178813934,0.17000000178813934,0.17000000178813934,0.17000000178813934,500.0
2026-09-10 13:40:00,QNC.V,,2.430000066757202,2.430000066757202,2.430000066757202,2.430000066757202,100.0
2026-09-10 13:40:00,QTWO.V,,2.609999895095825,2.609999895095825,2.609999895095825,2.609999895095825,100.0
2026-09-10 13:40:00,RECO.V,,0.6150000095367432,0.6150000095367432,0.6150000095367432,0.6150000095367432,500.0
2026-09-10 13:40:00,SLG.V,,5.670000076293945,5.670000076293945,5.670000076293945,5.670000076293945,200.0
2026-09-10 13:41:00,MMY.V,,1.0049999952316284,1.0049999952316284,1.0049999952316284,1.0049999952316284,100.0
2026-09-10 13:41:00,NAU.V,,1.2000000476837158,1.2000000476837158,1.2000000476837158,1.2000000476837158,100.0
2026-09-10 13:41:00,OCO.V,,0.49000000953674316,0.49000000953674316,0.49000000953674316,0.49000000953674316,500.0
2026-09-10 13:41:00,OMG.V,,2.6600000858306885,2.6600000858306885,2.6600000858306885,2.6600000858306885,200.0
2026-09-10 13:41:00,PPP.V,,0.8199999928474426,0.8199999928474426,0.8199999928474426,0.8199999928474426,3500.0
2026-09-10 13:41:00,SLG.V,,5.690000057220459,5.690000057220459,5.690000057220459,5.690000057220459,300.0
2026-09-10 13:42:00,GIII.V,,0.1899999976158142,0.1899999976158142,0.1899999976158142,0.1899999976158142,500.0
2026-09-10 13:42:00,NRX.V,,0.6299999952316284,0.6299999952316284,0.6299999952316284,0.6299999952316284,2500.0
2026-09-10 13:42:00,OCO.V,,0.49000000953674316,0.49000000953674316,0.49000000953674316,0.49000000953674316,500.0
2026-09-10 13:42:00,OMG.V,,2.6600000858306885,2.6600000858306885,2.6600000858306885,2.6600000858306885,1600.0
2026-09-10 13:42:00,PGE.V,,0.41499999165534973,0.41499999165534973,0.41499999165534973,0.41499999165534973,571.0
2026-09-10 13:42:00,PINK.V,,0.29499998688697815,0.29499998688697815,0.29499998688697815,0.29499998688697815,16500.0
2026-09-10 13:42:00,PLUR.V,,0.125,0.125,0.125,0.125,4000.0
2026-09-10 13:42:00,PML.V,,1.7400000095367432,1.75,1.7400000095367432,1.75,200.0
2026-09-10 13:42:00,PNPN.V,,1.2000000476837158,1.2000000476837158,1.2000000476837158,1.2000000476837158,100.0
2026-09-10 13:42:00,QNC.V,,2.430000066757202,2.430000066757202,2.430000066757202,2.430000066757202,1200.0
2026-09-10 13:42:00,RECO.V,,0.6150000095367432,0.6150000095367432,0.6150000095367432,0.6150000095367432,52500.0
2026-09-10 13:42:00,SME.V,,0.1550000011920929,0.1550000011920929,0.1550000011920929,0.1550000011920929,11000.0
2026-09-10 13:42:00,SRL.V,,0.38999998569488525,0.38999998569488525,0.38999998569488525,0.38999998569488525,16500.0
2026-09-10 13:43:00,NAU.V,,1.2000000476837158,1.2000000476837158,1.2000000476837158,1.2000000476837158,100.0
2026-09-10 13:43:00,OMG.V,,2.6600000858306885,2.6600000858306885,2.6600000858306885,2.6600000858306885,400.0
2026-09-10 13:43:00,SEI.V,,0.36000001430511475,0.36000001430511475,0.36000001430511475,0.36000001430511475,500.0
2026-09-10 13:43:00,SME.V,,0.1599999964237213,0.1599999964237213,0.1599999964237213,0.1599999964237213,500.0
2026-09-10 13:44:00,NAU.V,,1.2000000476837158,1.2000000476837158,1.2000000476837158,1.2000000476837158,100.0
2026-09-10 13:44:00,NRX.V,,0.6299999952316284,0.6299999952316284,0.6299999952316284,0.6299999952316284,1000.0
2026-09-10 13:44:00,NWST.V,,0.3449999988079071,0.3449999988079071,0.3449999988079071,0.3449999988079071,8000.0
2026-09-10 13:44:00,OMG.V,,2.6600000858306885,2.6600000858306885,2.6600000858306885,2.6600000858306885,600.0
2026-09-10 13:44:00,PALI.V,,5.329999923706055,5.329999923706055,5.329999923706055,5.329999923706055,100.0
2026-09-10 13:44:00,PINK.V,,0.30000001192092896,0.30000001192092896,0.30000001192092896,0.30000001192092896,8500.0
2026-09-10 13:44:00,PLUR.V,,0.125,0.125,0.125,0.125,10000.0
2026-09-10 13:44:00,PML.V,,1.75,1.75,1.75,1.75,200.0
2026-09-10 13:44:00,QTWO.V,,2.609999895095825,2.609999895095825,2.609999895095825,2.609999895095825,22200.0
2026-09-10 13:44:00,RECO.V,,0.6150000095367432,0.6150000095367432,0.6150000095367432,0.6150000095367432,500.0
2026-09-10 13:44:00,SME.V,,0.15000000596046448,0.15000000596046448,0.15000000596046448,0.15000000596046448,10500.0
2026-09-10 13:44:00,SRL.V,,0.38999998569488525,0.38999998569488525,0.38999998569488525,0.38999998569488525,14500.0
2026-09-10 13:44:00,VIPR.V,,0.4399999976158142,0.4399999976158142,0.4350000023841858,0.4350000023841858,6000.0
2026-09-10 13:45:00,MMY.V,,1.0099999904632568,1.0099999904632568,1.0099999904632568,1.0099999904632568,17200.0
2026-09-10 13:45:00,NDA.V,,0.6150000095367432,0.6150000095367432,0.6150000095367432,0.6150000095367432,500.0
2026-09-10 13:45:00,OMG.V,,2.6600000858306885,2.6600000858306885,2.6600000858306885,2.6600000858306885,200.0
2026-09-10 13:45:00,PGE.V,,0.41999998688697815,0.41999998688697815,0.41999998688697815,0.41999998688697815,650.0
2026-09-10 13:45:00,PML.V,,1.75,1.75,1.75,1.75,100.0
2026-09-10 13:46:00,GIII.V,,0.18000000715255737,0.18000000715255737,0.18000000715255737,0.18000000715255737,11000.0
2026-09-10 13:46:00,MMY.V,,1.0049999952316284,1.0049999952316284,1.0049999952316284,1.0049999952316284,3700.0
2026-09-10 13:46:00,NAU.V,,1.2000000476837158,1.2000000476837158,1.2000000476837158,1.2000000476837158,200.0
2026-09-10 13:46:00,NRX.V,,0.6200000047683716,0.6200000047683716,0.6200000047683716,0.6200000047683716,1500.0
2026-09-10 13:46:00,OMG.V,,2.6600000858306885,2.6600000858306885,2.6600000858306885,2.6600000858306885,200.0
2026-09-10 13:46:00,PEAK.V,,0.41999998688697815,0.41999998688697815,0.41999998688697815,0.41999998688697815,4500.0
2026-09-10 13:46:00,PLUR.V,,0.14000000059604645,0.14000000059604645,0.12999999523162842,0.12999999523162842,13000.0
2026-09-10 13:46:00,PML.V,,1.75,1.75,1.75,1.75,200.0
2026-09-10 13:46:00,RECO.V,,0.6150000095367432,0.6150000095367432,0.6150000095367432,0.6150000095367432,1000.0
2026-09-10 13:47:00,MMY.V,,1.0,1.0,1.0,1.0,100.0
2026-09-10 13:47:00,NAU.V,,1.190000057220459,1.190000057220459,1.190000057220459,1.190000057220459,300.0
2026-09-10 13:47:00,NBM.V,,0.17000000178813934,0.17000000178813934,0.17000000178813934,0.17000000178813934,16000.0
2026-09-10 13:47:00,NSE.V,,0.7699999809265137,0.7699999809265137,0.7699999809265137,0.7699999809265137,500.0
2026-09-10 13:47:00,NWST.V,,0.3449999988079071,0.3449999988079071,0.3449999988079071,0.3449999988079071,35000.0
2026-09-10 13:47:00,PLUR.V,,0.15000000596046448,0.15000000596046448,0.15000000596046448,0.15000000596046448,15500.0
2026-09-10 13:47:00,PML.V,,1.7400000095367432,1.7400000095367432,1.7400000095367432,1.7400000095367432,200.0
2026-09-10 13:47:00,RECO.V,,0.6150000095367432,0.6150000095367432,0.6150000095367432,0.6150000095367432,500.0
2026-09-10 13:48:00,NAU.V,,1.2000000476837158,1.2000000476837158,1.2000000476837158,1.2000000476837158,200.0
2026-09-10 13:48:00,OMG.V,,2.6600000858306885,2.6600000858306885,2.6600000858306885,2.6600000858306885,100.0
2026-09-10 13:48:00,PLSR.V,,1.2549999952316284,1.2549999952316284,1.2549999952316284,1.2549999952316284,100.0
2026-09-10 13:48:00,PML.V,,1.75,1.75,1.75,1.75,100.0
2026-09-10 13:48:00,PNPN.V,,1.2000000476837158,1.2000000476837158,1.2000000476837158,1.2000000476837158,1000.0
2026-09-10 13:48:00,QNC.V,,2.440000057220459,2.440000057220459,2.434999942779541,2.434999942779541,1100.0
2026-09-10 13:48:00,QTWO.V,,2.615000009536743,2.615000009536743,2.615000009536743,2.615000009536743,100.0
2026-09-10 13:48:00,RECO.V,,0.6150000095367432,0.6150000095367432,0.6150000095367432,0.6150000095367432,500.0
2026-09-10 13:48:00,SEI.V,,0.36000001430511475,0.36000001430511475,0.36000001430511475,0.36000001430511475,5500.0
2026-09-10 13:48:00,SLG.V,,5.670000076293945,5.670000076293945,5.670000076293945,5.670000076293945,800.0
2026-09-10 13:48:00,SM.V,,1.5199999809265137,1.5199999809265137,1.5199999809265137,1.5199999809265137,300.0
2026-09-10 13:49:00,NWST.V,,0.3449999988079071,0.3449999988079071,0.3449999988079071,0.3449999988079071,44500.0
2026-09-10 13:49:00,PLUR.V,,0.14000000059604645,0.14000000059604645,0.14000000059604645,0.14000000059604645,14000.0
2026-09-10 13:49:00,PML.V,,1.7400000095367432,1.75,1.7400000095367432,1.7400000095367432,900.0
2026-09-10 13:49:00,PNPN.V,,1.2000000476837158,1.2000000476837158,1.2000000476837158,1.2000000476837158,100.0
2026-09-10 13:49:00,QTWO.V,,2.615000009536743,2.615000009536743,2.615000009536743,2.615000009536743,100.0
2026-09-10 13:49:00,RECO.V,,0.6150000095367432,0.6150000095367432,0.6150000095367432,0.6150000095367432,500.0
2026-09-10 13:49:00,SME.V,,0.1599999964237213,0.1599999964237213,0.1550000011920929,0.1550000011920929,1500.0
2026-09-10 13:49:00,SMN.V,,0.1550000011920929,0.1550000011920929,0.1550000011920929,0.1550000011920929,68000.0
2026-09-10 13:50:00,MUN.V,,0.3700000047683716,0.3700000047683716,0.3700000047683716,0.3700000047683716,1000.0
2026-09-10 13:50:00,NAU.V,,1.2000000476837158,1.2000000476837158,1.2000000476837158,1.2000000476837158,100.0
2026-09-10 13:50:00,OMG.V,,2.6600000858306885,2.6600000858306885,2.6600000858306885,2.6600000858306885,200.0
2026-09-10 13:50:00,PML.V,,1.7400000095367432,1.75,1.7400000095367432,1.75,400.0
2026-09-10 13:50:00,PRG.V,,0.17000000178813934,0.17000000178813934,0.17000000178813934,0.17000000178813934,500.0
2026-09-10 13:50:00,QTWO.V,,2.615000009536743,2.615000009536743,2.615000009536743,2.615000009536743,100.0
2026-09-10 13:50:00,RECO.V,,0.6150000095367432,0.6150000095367432,0.6150000095367432,0.6150000095367432,500.0
2026-09-10 13:50:00,SMN.V,,0.1550000011920929,0.1550000011920929,0.1550000011920929,0.1550000011920929,16500.0
2026-09-10 13:50:00,STE.V,,0.3499999940395355,0.3499999940395355,0.3499999940395355,0.3499999940395355,5000.0
2026-09-10 13:51:00,NAU.V,,1.2000000476837158,1.2000000476837158,1.2000000476837158,1.2000000476837158,100.0
2026-09-10 13:51:00,NEV.V,,0.054999999701976776,0.054999999701976776,0.054999999701976776,0.054999999701976776,1000.0
2026-09-10 13:51:00,NMI.V,,0.18000000715255737,0.18000000715255737,0.18000000715255737,0.18000000715255737,20347.0
2026-09-10 13:51:00,OC.V,,0.11999999731779099,0.11999999731779099,0.11999999731779099,0.11999999731779099,16000.0
2026-09-10 13:51:00,OMG.V,,2.6600000858306885,2.6600000858306885,2.6600000858306885,2.6600000858306885,200.0
2026-09-10 13:51:00,PALI.V,,5.329999923706055,5.329999923706055,5.329999923706055,5.329999923706055,100.0
2026-09-10 13:51:00,PGE.V,,0.41999998688697815,0.41999998688697815,0.41999998688697815,0.41999998688697815,500.0
2026-09-10 13:51:00,RECO.V,,0.6150000095367432,0.6150000095367432,0.6150000095367432,0.6150000095367432,500.0
2026-09-10 13:51:00,RML.V,,1.2100000381469727,1.2100000381469727,1.2100000381469727,1.2100000381469727,100.0
2026-09-10 13:51:00,SAG.V,,1.2699999809265137,1.2699999809265137,1.2599999904632568,1.2599999904632568,1100.0
2026-09-10 13:51:00,SOMA.V,,0.6899999976158142,0.6899999976158142,0.6899999976158142,0.6899999976158142,594.0
2026-09-10 13:51:00,SSV.V,,0.6200000047683716,0.6200000047683716,0.6200000047683716,0.6200000047683716,3000.0
2026-09-10 13:51:00,VIPR.V,,0.4350000023841858,0.4350000023841858,0.4350000023841858,0.4350000023841858,500.0
2026-09-10 13:52:00,GIII.V,,0.17000000178813934,0.17000000178813934,0.17000000178813934,0.17000000178813934,7500.0
2026-09-10 13:52:00,MMY.V,,1.0,1.0,1.0,1.0,2400.0
2026-09-10 13:52:00,NAU.V,,1.1799999475479126,1.2000000476837158,1.1799999475479126,1.190000057220459,75100.0
2026-09-10 13:52:00,NRX.V,,0.6000000238418579,0.6000000238418579,0.6000000238418579,0.6000000238418579,5500.0
2026-09-10 13:52:00,NSE.V,,0.7699999809265137,0.7699999809265137,0.7699999809265137,0.7699999809265137,500.0
2026-09-10 13:52:00,OMG.V,,2.6600000858306885,2.6649999618530273,2.6600000858306885,2.6600000858306885,5550.0
2026-09-10 13:52:00,PLUR.V,,0.14499999582767487,0.14499999582767487,0.14499999582767487,0.14499999582767487,2500.0
2026-09-10 13:52:00,PML.V,,1.75,1.75,1.7300000190734863,1.7300000190734863,200.0
2026-09-10 13:52:00,PNPN.V,,1.2000000476837158,1.2000000476837158,1.2000000476837158,1.2000000476837158,100.0
2026-09-10 13:52:00,QTWO.V,,2.619999885559082,2.619999885559082,2.619999885559082,2.619999885559082,100.0
2026-09-10 13:52:00,RDU.V,,0.1599999964237213,0.1599999964237213,0.1599999964237213,0.1599999964237213,3399.0
2026-09-10 13:52:00,RECO.V,,0.6150000095367432,0.6150000095367432,0.6150000095367432,0.6150000095367432,500.0
2026-09-10 13:52:00,SAGE.V,,0.13500000536441803,0.13500000536441803,0.13500000536441803,0.13500000536441803,500.0
2026-09-10 13:53:00,NBVA.V,,0.18000000715255737,0.18000000715255737,0.18000000715255737,0.18000000715255737,1500.0
2026-09-10 13:53:00,NCAU.V,,0.3100000023841858,0.3100000023841858,0.3050000071525574,0.3050000071525574,306000.0
2026-09-10 13:53:00,NRX.V,,0.5899999737739563,0.5899999737739563,0.5899999737739563,0.5899999737739563,3000.0
2026-09-10 13:53:00,NSE.V,,0.7699999809265137,0.7699999809265137,0.7699999809265137,0.7699999809265137,500.0
2026-09-10 13:53:00,OMG.V,,2.6600000858306885,2.6600000858306885,2.6600000858306885,2.6600000858306885,400.0
2026-09-10 13:53:00,OOR.V,,0.05000000074505806,0.05000000074505806,0.05000000074505806,0.05000000074505806,129000.0
2026-09-10 13:53:00,PLUR.V,,0.15000000596046448,0.15000000596046448,0.15000000596046448,0.15000000596046448,11000.0
2026-09-10 13:53:00,PNPN.V,,1.2000000476837158,1.2000000476837158,1.2000000476837158,1.2000000476837158,29850.0
2026-09-10 13:53:00,PPP.V,,0.8299999833106995,0.8299999833106995,0.8299999833106995,0.8299999833106995,2500.0
2026-09-10 13:53:00,QTWO.V,,2.615000009536743,2.615000009536743,2.615000009536743,2.615000009536743,100.0
2026-09-10 13:53:00,RECO.V,,0.6150000095367432,0.6150000095367432,0.6150000095367432,0.6150000095367432,500.0
2026-09-10 13:53:00,SLG.V,,5.670000076293945,5.670000076293945,5.670000076293945,5.670000076293945,900.0
2026-09-10 13:53:00,SMN.V,,0.1550000011920929,0.1550000011920929,0.1550000011920929,0.1550000011920929,26000.0
2026-09-10 13:53:00,SSV.V,,0.6200000047683716,0.6200000047683716,0.6200000047683716,0.6200000047683716,8500.0
2026-09-10 13:54:00,MMY.V,,1.0049999952316284,1.0049999952316284,1.0,1.0,9000.0
2026-09-10 13:54:00,NAU.V,,1.1799999475479126,1.1799999475479126,1.1799999475479126,1.1799999475479126,3600.0
2026-09-10 13:54:00,OOR.V,,0.05000000074505806,0.05000000074505806,0.05000000074505806,0.05000000074505806,30000.0
2026-09-10 13:54:00,PML.V,,1.7300000190734863,1.7300000190734863,1.7300000190734863,1.7300000190734863,600.0
2026-09-10 13:54:00,RECO.V,,0.6150000095367432,0.6150000095367432,0.6150000095367432,0.6150000095367432,47500.0
2026-09-10 13:54:00,RVG.V,,0.9200000166893005,0.9200000166893005,0.9200000166893005,0.9200000166893005,4000.0
2026-09-10 13:54:00,SAG.V,,1.350000023841858,1.350000023841858,1.3300000429153442,1.3300000429153442,20942.0
2026-09-10 13:55:00,NCAU.V,,0.3100000023841858,0.3100000023841858,0.3100000023841858,0.3100000023841858,500.0
2026-09-10 13:55:00,NRX.V,,0.5799999833106995,0.5799999833106995,0.5799999833106995,0.5799999833106995,6000.0
2026-09-10 13:55:00,OCO.V,,0.49000000953674316,0.49000000953674316,0.48500001430511475,0.48500001430511475,1500.0
2026-09-10 13:55:00,OMG.V,,2.6600000858306885,2.6600000858306885,2.6600000858306885,2.6600000858306885,100.0
2026-09-10 13:55:00,PML.V,,1.7300000190734863,1.7300000190734863,1.7300000190734863,1.7300000190734863,442.0
2026-09-10 13:55:00,QNC.V,,2.440000057220459,2.440000057220459,2.440000057220459,2.440000057220459,100.0
2026-09-10 13:55:00,QTWO.V,,2.609999895095825,2.615000009536743,2.609999895095825,2.615000009536743,1600.0
2026-09-10 13:55:00,RECO.V,,0.6150000095367432,0.6150000095367432,0.6150000095367432,0.6150000095367432,10500.0
2026-09-10 13:55:00,RVG.V,,0.9200000166893005,0.9200000166893005,0.9200000166893005,0.9200000166893005,13000.0
2026-09-10 13:55:00,SAG.V,,1.350000023841858,1.350000023841858,1.350000023841858,1.350000023841858,500.0
2026-09-10 13:55:00,SM.V,,1.5199999809265137,1.5199999809265137,1.5199999809265137,1.5199999809265137,2300.0
2026-09-10 13:56:00,NRX.V,,0.550000011920929,0.5699999928474426,0.550000011920929,0.5699999928474426,8500.0
2026-09-10 13:56:00,OMG.V,,2.6600000858306885,2.6600000858306885,2.6600000858306885,2.6600000858306885,400.0
2026-09-10 13:56:00,PML.V,,1.75,1.75,1.75,1.75,100.0
2026-09-10 13:56:00,PNPN.V,,1.2000000476837158,1.2000000476837158,1.2000000476837158,1.2000000476837158,100.0
2026-09-10 13:56:00,RECO.V,,0.6150000095367432,0.6150000095367432,0.6150000095367432,0.6150000095367432,500.0
2026-09-10 13:56:00,ROK.V,,0.4000000059604645,0.4000000059604645,0.4000000059604645,0.4000000059604645,139000.0
2026-09-10 13:56:00,SAE.V,,0.44999998807907104,0.44999998807907104,0.44999998807907104,0.44999998807907104,0.0
2026-09-10 13:56:00,SM.V,,1.5,1.5,1.5,1.5,700.0
2026-09-10 13:56:00,STRM.V,,0.5199999809265137,0.5199999809265137,0.5199999809265137,0.5199999809265137,5000.0
2026-09-10 13:57:00,OMG.V,,2.6600000858306885,2.6600000858306885,2.6600000858306885,2.6600000858306885,200.0
2026-09-10 13:57:00,PML.V,,1.75,1.75,1.75,1.75,100.0
2026-09-10 13:57:00,PNPN.V,,1.2000000476837158,1.2000000476837158,1.2000000476837158,1.2000000476837158,200.0
2026-09-10 13:57:00,RML.V,,1.2100000381469727,1.2100000381469727,1.2100000381469727,1.2100000381469727,100.0
2026-09-10 13:57:00,ROK.V,,0.4000000059604645,0.4000000059604645,0.4000000059604645,0.4000000059604645,500.0
2026-09-10 13:57:00,RVG.V,,0.9200000166893005,0.9200000166893005,0.9200000166893005,0.9200000166893005,4000.0
2026-09-10 13:57:00,SLG.V,,5.670000076293945,5.670000076293945,5.670000076293945,5.670000076293945,300.0
2026-09-10 13:58:00,NAU.V,,1.1699999570846558,1.1699999570846558,1.1699999570846558,1.1699999570846558,600.0
2026-09-10 13:58:00,PNPN.V,,1.2000000476837158,1.2000000476837158,1.2000000476837158,1.2000000476837158,300.0
2026-09-10 13:58:00,RECO.V,,0.6150000095367432,0.6150000095367432,0.6150000095367432,0.6150000095367432,1000.0
2026-09-10 13:58:00,RVG.V,,0.9200000166893005,0.9200000166893005,0.9200000166893005,0.9200000166893005,2000.0
2026-09-10 13:58:00,SAG.V,,1.350000023841858,1.350000023841858,1.350000023841858,1.350000023841858,500.0
2026-09-10 13:58:00,SBMI.V,,0.12999999523162842,0.12999999523162842,0.12999999523162842,0.12999999523162842,1000.0
2026-09-10 13:59:00,NAU.V,,1.1699999570846558,1.1699999570846558,1.1699999570846558,1.1699999570846558,100.0
2026-09-10 13:59:00,NCAU.V,,0.3100000023841858,0.3100000023841858,0.3100000023841858,0.3100000023841858,500.0
2026-09-10 13:59:00,OMG.V,,2.6600000858306885,2.6600000858306885,2.6600000858306885,2.6600000858306885,500.0
2026-09-10 13:59:00,PALI.V,,5.329999923706055,5.329999923706055,5.329999923706055,5.329999923706055,100.0
2026-09-10 13:59:00,PNPN.V,,1.2000000476837158,1.2000000476837158,1.2000000476837158,1.2000000476837158,200.0
2026-09-10 13:59:00,RECO.V,,0.6150000095367432,0.6150000095367432,0.6150000095367432,0.6150000095367432,1500.0
2026-09-10 13:59:00,SOMA.V,,0.6899999976158142,0.6899999976158142,0.6899999976158142,0.6899999976158142,8000.0
2026-09-10 13:59:00,SVRS.V,,0.5049999952316284,0.5049999952316284,0.5049999952316284,0.5049999952316284,10000.0
2026-09-10 14:00:00,FISH.V,,5.699999809265137,5.699999809265137,5.699999809265137,5.699999809265137,200.0
2026-09-10 14:00:00,NSE.V,,0.7699999809265137,0.7699999809265137,0.7699999809265137,0.7699999809265137,500.0
2026-09-10 14:00:00,NUG.V,,0.2800000011920929,0.2800000011920929,0.2800000011920929,0.2800000011920929,0.0
2026-09-10 14:00:00,NWST.V,,0.3499999940395355,0.3499999940395355,0.3499999940395355,0.3499999940395355,3500.0
2026-09-10 14:00:00,PGE.V,,0.41999998688697815,0.41999998688697815,0.41999998688697815,0.41999998688697815,500.0
2026-09-10 14:00:00,PHD.V,,0.05000000074505806,0.05000000074505806,0.05000000074505806,0.05000000074505806,0.0
2026-09-10 14:00:00,PLSR.V,,1.25,1.25,1.25,1.25,200.0
2026-09-10 14:00:00,PML.V,,1.75,1.75,1.75,1.75,100.0
2026-09-10 14:00:00,PNPN.V,,1.2000000476837158,1.2000000476837158,1.2000000476837158,1.2000000476837158,300.0
2026-09-10 14:00:00,PRG.V,,0.17000000178813934,0.17000000178813934,0.17000000178813934,0.17000000178813934,1000.0
2026-09-10 14:00:00,RECO.V,,0.6150000095367432,0.6150000095367432,0.6150000095367432,0.6150000095367432,500.0
2026-09-10 14:00:00,ROK.V,,0.4000000059604645,0.4000000059604645,0.4000000059604645,0.4000000059604645,1500.0
2026-09-10 14:00:00,SDR.V,,0.1599999964237213,0.17000000178813934,0.1599999964237213,0.17000000178813934,13500.0
2026-09-10 14:01:00,MMY.V,,1.0,1.0,1.0,1.0,100.0
2026-09-10 14:01:00,NCAU.V,,0.3100000023841858,0.3100000023841858,0.3100000023841858,0.3100000023841858,500.0
2026-09-10 14:01:00,NCI.V,,0.4399999976158142,0.4449999928474426,0.4399999976158142,0.4449999928474426,10260.0
2026-09-10 14:01:00,NVI.V,,0.10999999940395355,0.10999999940395355,0.10999999940395355,0.10999999940395355,0.0
2026-09-10 14:01:00,OMG.V,,2.6500000953674316,2.6549999713897705,2.6500000953674316,2.6549999713897705,2100.0
2026-09-10 14:01:00,PML.V,,1.75,1.75,1.7300000190734863,1.7300000190734863,200.0
2026-09-10 14:01:00,PNPN.V,,1.2000000476837158,1.2000000476837158,1.2000000476837158,1.2000000476837158,200.0
2026-09-10 14:01:00,RECO.V,,0.6150000095367432,0.6150000095367432,0.6150000095367432,0.6150000095367432,500.0
2026-09-10 14:01:00,ROK.V,,0.4000000059604645,0.4000000059604645,0.4000000059604645,0.4000000059604645,1500.0
2026-09-10 14:01:00,SCD.V,,0.17499999701976776,0.17499999701976776,0.17499999701976776,0.17499999701976776,3000.0
2026-09-10 14:02:00,MGG.V,,0.3499999940395355,0.3499999940395355,0.3499999940395355,0.3499999940395355,7500.0
2026-09-10 14:02:00,NWST.V,,0.3499999940395355,0.3499999940395355,0.3499999940395355,0.3499999940395355,500.0
2026-09-10 14:02:00,PML.V,,1.7400000095367432,1.7400000095367432,1.7400000095367432,1.7400000095367432,100.0
2026-09-10 14:02:00,PNPN.V,,1.2000000476837158,1.2000000476837158,1.2000000476837158,1.2000000476837158,100.0
2026-09-10 14:02:00,QNC.V,,2.4100000858306885,2.430000066757202,2.4100000858306885,2.430000066757202,4700.0
2026-09-10 14:02:00,QTWO.V,,2.609999895095825,2.609999895095825,2.609999895095825,2.609999895095825,200.0
2026-09-10 14:02:00,RECO.V,,0.6150000095367432,0.6150000095367432,0.6150000095367432,0.6150000095367432,2500.0
2026-09-10 14:02:00,ROK.V,,0.4000000059604645,0.4000000059604645,0.4000000059604645,0.4000000059604645,1500.0
2026-09-10 14:02:00,RSS.V,,0.5799999833106995,0.5799999833106995,0.5699999928474426,0.5699999928474426,5500.0
2026-09-10 14:02:00,SAG.V,,1.3799999952316284,1.3799999952316284,1.3700000047683716,1.3700000047683716,4400.0
2026-09-10 14:03:00,MMY.V,,1.0,1.0,1.0,1.0,400.0
2026-09-10 14:03:00,NAU.V,,1.1799999475479126,1.1799999475479126,1.1799999475479126,1.1799999475479126,400.0
2026-09-10 14:03:00,NCAU.V,,0.3100000023841858,0.3100000023841858,0.3100000023841858,0.3100000023841858,500.0
2026-09-10 14:03:00,OMG.V,,2.6549999713897705,2.6549999713897705,2.6549999713897705,2.6549999713897705,300.0
2026-09-10 14:03:00,PGE.V,,0.41999998688697815,0.41999998688697815,0.41999998688697815,0.41999998688697815,5500.0
2026-09-10 14:03:00,PML.V,,1.7400000095367432,1.7400000095367432,1.7400000095367432,1.7400000095367432,100.0
2026-09-10 14:03:00,PNPN.V,,1.2000000476837158,1.2000000476837158,1.2000000476837158,1.2000000476837158,300.0
2026-09-10 14:03:00,QNC.V,,2.4000000953674316,2.4000000953674316,2.4000000953674316,2.4000000953674316,100.0
2026-09-10 14:03:00,RECO.V,,0.6150000095367432,0.6150000095367432,0.6150000095367432,0.6150000095367432,4500.0
2026-09-10 14:03:00,RML.V,,1.2100000381469727,1.2100000381469727,1.2100000381469727,1.2100000381469727,100.0
2026-09-10 14:03:00,ROK.V,,0.4000000059604645,0.4000000059604645,0.4000000059604645,0.4000000059604645,1500.0
2026-09-10 14:03:00,RVG.V,,0.9200000166893005,0.9200000166893005,0.9200000166893005,0.9200000166893005,17000.0
2026-09-10 14:04:00,MMY.V,,1.0,1.0,1.0,1.0,100.0
2026-09-10 14:04:00,NAU.V,,1.1799999475479126,1.1799999475479126,1.1799999475479126,1.1799999475479126,400.0
2026-09-10 14:04:00,OMG.V,,2.6500000953674316,2.6549999713897705,2.6500000953674316,2.6500000953674316,4906.0
2026-09-10 14:04:00,PML.V,,1.7400000095367432,1.7400000095367432,1.7400000095367432,1.7400000095367432,100.0
2026-09-10 14:04:00,PNPN.V,,1.2000000476837158,1.2000000476837158,1.2000000476837158,1.2000000476837158,300.0
2026-09-10 14:04:00,QTWO.V,,2.615000009536743,2.615000009536743,2.615000009536743,2.615000009536743,100.0
2026-09-10 14:04:00,RECO.V,,0.6150000095367432,0.6150000095367432,0.6150000095367432,0.6150000095367432,500.0
2026-09-10 14:04:00,ROK.V,,0.4000000059604645,0.4000000059604645,0.4000000059604645,0.4000000059604645,1000.0
2026-09-10 14:04:00,RVG.V,,0.9200000166893005,0.9200000166893005,0.9200000166893005,0.9200000166893005,2000.0
2026-09-10 14:05:00,FEO.V,,0.7900000214576721,0.7900000214576721,0.7900000214576721,0.7900000214576721,500.0
2026-09-10 14:05:00,NAU.V,,1.1799999475479126,1.1799999475479126,1.1799999475479126,1.1799999475479126,500.0
2026-09-10 14:05:00,NCAU.V,,0.3100000023841858,0.3100000023841858,0.3100000023841858,0.3100000023841858,500.0
2026-09-10 14:05:00,NDA.V,,0.6100000143051147,0.6100000143051147,0.6100000143051147,0.6100000143051147,500.0
2026-09-10 14:05:00,PGE.V,,0.41999998688697815,0.41999998688697815,0.41999998688697815,0.41999998688697815,6799.0
2026-09-10 14:05:00,PML.V,,1.7400000095367432,1.7400000095367432,1.7400000095367432,1.7400000095367432,200.0
2026-09-10 14:05:00,PNPN.V,,1.2000000476837158,1.2000000476837158,1.2000000476837158,1.2000000476837158,200.0
2026-09-10 14:05:00,QTWO.V,,2.609999895095825,2.609999895095825,2.609999895095825,2.609999895095825,1045.0
2026-09-10 14:05:00,RECO.V,,0.6150000095367432,0.6150000095367432,0.6150000095367432,0.6150000095367432,500.0
2026-09-10 14:05:00,ROCK.V,,4.389999866485596,4.400000095367432,4.389999866485596,4.400000095367432,600.0
2026-09-10 14:05:00,ROK.V,,0.4000000059604645,0.4000000059604645,0.4000000059604645,0.4000000059604645,1000.0
2026-09-10 14:06:00,MMY.V,,1.0,1.0,1.0,1.0,5000.0
2026-09-10 14:06:00,NAR.V,,0.27000001072883606,0.27000001072883606,0.27000001072883606,0.27000001072883606,0.0
2026-09-10 14:06:00,NAU.V,,1.1799999475479126,1.1799999475479126,1.1799999475479126,1.1799999475479126,400.0
2026-09-10 14:06:00,OMG.V,,2.6500000953674316,2.6500000953674316,2.6500000953674316,2.6500000953674316,100.0
2026-09-10 14:06:00,PLUR.V,,0.13500000536441803,0.13500000536441803,0.13500000536441803,0.13500000536441803,5500.0
2026-09-10 14:06:00,PML.V,,1.7400000095367432,1.7400000095367432,1.7400000095367432,1.7400000095367432,100.0
2026-09-10 14:06:00,PNPN.V,,1.2000000476837158,1.2000000476837158,1.2000000476837158,1.2000000476837158,300.0
2026-09-10 14:06:00,RECO.V,,0.6150000095367432,0.6150000095367432,0.6150000095367432,0.6150000095367432,500.0
2026-09-10 14:06:00,RKV.V,,0.2199999988079071,0.2199999988079071,0.2199999988079071,0.2199999988079071,1000.0
2026-09-10 14:06:00,ROK.V,,0.4000000059604645,0.4000000059604645,0.4000000059604645,0.4000000059604645,1000.0
2026-09-10 14:06:00,SOMA.V,,0.6899999976158142,0.6899999976158142,0.6899999976158142,0.6899999976158142,5207.0
2026-09-10 14:07:00,MMY.V,,1.0049999952316284,1.0049999952316284,1.0049999952316284,1.0049999952316284,7300.0
2026-09-10 14:07:00,NAU.V,,1.1799999475479126,1.1799999475479126,1.1799999475479126,1.1799999475479126,400.0
2026-09-10 14:07:00,NCAU.V,,0.3100000023841858,0.3100000023841858,0.3100000023841858,0.3100000023841858,500.0
2026-09-10 14:07:00,OCO.V,,0.47999998927116394,0.47999998927116394,0.47999998927116394,0.47999998927116394,3500.0
2026-09-10 14:07:00,PGX.V,,0.03500000014901161,0.03500000014901161,0.03500000014901161,0.03500000014901161,0.0
2026-09-10 14:07:00,PNPN.V,,1.2000000476837158,1.2000000476837158,1.2000000476837158,1.2000000476837158,200.0
2026-09-10 14:07:00,RDS.V,,1.1699999570846558,1.1699999570846558,1.1699999570846558,1.1699999570846558,2500.0
2026-09-10 14:07:00,RE.V,,0.3799999952316284,0.3799999952316284,0.3799999952316284,0.3799999952316284,500.0
2026-09-10 14:07:00,RECO.V,,0.6150000095367432,0.6150000095367432,0.6150000095367432,0.6150000095367432,500.0
2026-09-10 14:07:00,ROK.V,,0.4000000059604645,0.4000000059604645,0.4000000059604645,0.4000000059604645,1500.0
2026-09-10 14:07:00,SMRV.V,,0.17499999701976776,0.17499999701976776,0.17499999701976776,0.17499999701976776,0.0
2026-09-10 14:07:00,SSV.V,,0.6200000047683716,0.6200000047683716,0.6200000047683716,0.6200000047683716,3000.0
2026-09-10 14:08:00,FEO.V,,0.7900000214576721,0.7900000214576721,0.7900000214576721,0.7900000214576721,500.0
2026-09-10 14:08:00,MGG.V,,0.3499999940395355,0.3499999940395355,0.3499999940395355,0.3499999940395355,500.0
2026-09-10 14:08:00,NAU.V,,1.1799999475479126,1.1799999475479126,1.1799999475479126,1.1799999475479126,400.0
2026-09-10 14:08:00,NSE.V,,0.7699999809265137,0.7699999809265137,0.7699999809265137,0.7699999809265137,500.0
2026-09-10 14:08:00,OMG.V,,2.6500000953674316,2.6500000953674316,2.6449999809265137,2.6500000953674316,800.0
2026-09-10 14:08:00,PEAK.V,,0.41999998688697815,0.41999998688697815,0.41999998688697815,0.41999998688697815,29000.0
2026-09-10 14:08:00,PGE.V,,0.41999998688697815,0.41999998688697815,0.41999998688697815,0.41999998688697815,1000.0
2026-09-10 14:08:00,PLUR.V,,0.12999999523162842,0.12999999523162842,0.12999999523162842,0.12999999523162842,10500.0
2026-09-10 14:08:00,PML.V,,1.7200000286102295,1.7400000095367432,1.7200000286102295,1.7400000095367432,906.0
2026-09-10 14:08:00,PNPN.V,,1.2000000476837158,1.2000000476837158,1.2000000476837158,1.2000000476837158,100.0
2026-09-10 14:08:00,RECO.V,,0.6150000095367432,0.6150000095367432,0.6150000095367432,0.6150000095367432,500.0
2026-09-10 14:08:00,RML.V,,1.2100000381469727,1.2100000381469727,1.2100000381469727,1.2100000381469727,100.0
2026-09-10 14:08:00,ROCK.V,,4.369999885559082,4.369999885559082,4.369999885559082,4.369999885559082,100.0
2026-09-10 14:08:00,ROK.V,,0.4000000059604645,0.4000000059604645,0.4000000059604645,0.4000000059604645,500.0
2026-09-10 14:08:00,SAGE.V,,0.13500000536441803,0.13500000536441803,0.13500000536441803,0.13500000536441803,14500.0
2026-09-10 14:09:00,MMY.V,,1.0,1.0,1.0,1.0,100.0
2026-09-10 14:09:00,NAU.V,,1.1799999475479126,1.1799999475479126,1.1799999475479126,1.1799999475479126,100.0
2026-09-10 14:09:00,NSE.V,,0.7699999809265137,0.7699999809265137,0.7699999809265137,0.7699999809265137,500.0
2026-09-10 14:09:00,PGE.V,,0.41499999165534973,0.41999998688697815,0.41499999165534973,0.41999998688697815,5000.0
2026-09-10 14:09:00,PML.V,,1.7200000286102295,1.7200000286102295,1.7200000286102295,1.7200000286102295,808.0
2026-09-10 14:09:00,PNPN.V,,1.2000000476837158,1.2000000476837158,1.2000000476837158,1.2000000476837158,200.0
2026-09-10 14:09:00,RECO.V,,0.6150000095367432,0.6150000095367432,0.6150000095367432,0.6150000095367432,500.0
2026-09-10 14:09:00,ROK.V,,0.4000000059604645,0.4000000059604645,0.4000000059604645,0.4000000059604645,1000.0
2026-09-10 14:09:00,RVG.V,,0.9100000262260437,0.9100000262260437,0.9100000262260437,0.9100000262260437,7500.0
2026-09-10 14:09:00,SEI.V,,0.36500000953674316,0.36500000953674316,0.36500000953674316,0.36500000953674316,2000.0
2026-09-10 14:09:00,SM.V,,1.5099999904632568,1.5099999904632568,1.5099999904632568,1.5099999904632568,1150.0
2026-09-10 14:09:00,SVRS.V,,0.5,0.5,0.5,0.5,4000.0
2026-09-10 14:09:00,VIPR.V,,0.4399999976158142,0.4399999976158142,0.4399999976158142,0.4399999976158142,1500.0
2026-09-10 14:10:00,NAU.V,,1.1699999570846558,1.1799999475479126,1.1699999570846558,1.1799999475479126,5007.0
2026-09-10 14:10:00,NCAU.V,,0.3050000071525574,0.3100000023841858,0.3050000071525574,0.3100000023841858,4500.0
2026-09-10 14:10:00,OMG.V,,2.640000104904175,2.640000104904175,2.640000104904175,2.640000104904175,100.0
2026-09-10 14:10:00,PNPN.V,,1.2000000476837158,1.2000000476837158,1.2000000476837158,1.2000000476837158,200.0
2026-09-10 14:10:00,ROK.V,,0.4000000059604645,0.4000000059604645,0.4000000059604645,0.4000000059604645,1000.0
2026-09-10 14:10:00,SLG.V,,5.650000095367432,5.650000095367432,5.650000095367432,5.650000095367432,700.0
2026-09-10 14:11:00,NAU.V,,1.1699999570846558,1.1699999570846558,1.1699999570846558,1.1699999570846558,2300.0
2026-09-10 14:11:00,PML.V,,1.7200000286102295,1.7300000190734863,1.7200000286102295,1.7300000190734863,3800.0
2026-09-10 14:11:00,RECO.V,,0.6150000095367432,0.6150000095367432,0.6150000095367432,0.6150000095367432,500.0
2026-09-10 14:11:00,ROK.V,,0.4000000059604645,0.4000000059604645,0.4000000059604645,0.4000000059604645,1000.0
2026-09-10 14:11:00,SOMA.V,,0.6800000071525574,0.6800000071525574,0.6800000071525574,0.6800000071525574,73423.0
2026-09-10 14:11:00,SVRS.V,,0.5049999952316284,0.5049999952316284,0.5049999952316284,0.5049999952316284,2000.0
2026-09-10 14:11:00,VIPR.V,,0.4399999976158142,0.4399999976158142,0.4399999976158142,0.4399999976158142,500.0
2026-09-10 14:12:00,FEO.V,,0.7900000214576721,0.7900000214576721,0.7900000214576721,0.7900000214576721,500.0
2026-09-10 14:12:00,MMY.V,,1.0049999952316284,1.0049999952316284,1.0049999952316284,1.0049999952316284,4600.0
2026-09-10 14:12:00,OMG.V,,2.6449999809265137,2.6449999809265137,2.6449999809265137,2.6449999809265137,100.0
2026-09-10 14:12:00,PML.V,,1.7300000190734863,1.7300000190734863,1.7300000190734863,1.7300000190734863,700.0
2026-09-10 14:12:00,ROK.V,,0.4000000059604645,0.4000000059604645,0.4000000059604645,0.4000000059604645,500.0
2026-09-10 14:12:00,SSV.V,,0.6150000095367432,0.6150000095367432,0.6150000095367432,0.6150000095367432,3000.0
2026-09-10 14:13:00,NAU.V,,1.1699999570846558,1.1699999570846558,1.1699999570846558,1.1699999570846558,2300.0
2026-09-10 14:13:00,NSE.V,,0.7699999809265137,0.7699999809265137,0.7699999809265137,0.7699999809265137,500.0
2026-09-10 14:13:00,OMG.V,,2.6449999809265137,2.6449999809265137,2.6449999809265137,2.6449999809265137,100.0
2026-09-10 14:13:00,PML.V,,1.7300000190734863,1.7300000190734863,1.7300000190734863,1.7300000190734863,400.0
2026-09-10 14:13:00,PNPN.V,,1.1950000524520874,1.1950000524520874,1.1950000524520874,1.1950000524520874,100.0
2026-09-10 14:13:00,QTWO.V,,2.5999999046325684,2.615000009536743,2.5899999141693115,2.615000009536743,10700.0
2026-09-10 14:13:00,RDS.V,,1.1699999570846558,1.1699999570846558,1.1699999570846558,1.1699999570846558,10700.0
2026-09-10 14:13:00,RECO.V,,0.6150000095367432,0.6150000095367432,0.6150000095367432,0.6150000095367432,500.0
2026-09-10 14:13:00,RML.V,,1.2100000381469727,1.2100000381469727,1.2100000381469727,1.2100000381469727,100.0
2026-09-10 14:13:00,ROK.V,,0.4000000059604645,0.4000000059604645,0.4000000059604645,0.4000000059604645,500.0
2026-09-10 14:14:00,NAU.V,,1.159999966621399,1.159999966621399,1.159999966621399,1.159999966621399,12300.0
2026-09-10 14:14:00,NSE.V,,0.7699999809265137,0.7699999809265137,0.7699999809265137,0.7699999809265137,500.0
2026-09-10 14:14:00,OMG.V,,2.6500000953674316,2.6500000953674316,2.6500000953674316,2.6500000953674316,100.0
2026-09-10 14:14:00,PESO.V,,0.5199999809265137,0.5199999809265137,0.5199999809265137,0.5199999809265137,15000.0
2026-09-10 14:14:00,PML.V,,1.7300000190734863,1.7300000190734863,1.7300000190734863,1.7300000190734863,900.0
2026-09-10 14:14:00,PNPN.V,,1.190000057220459,1.1950000524520874,1.190000057220459,1.1950000524520874,28785.0
2026-09-10 14:14:00,QTWO.V,,2.5999999046325684,2.5999999046325684,2.5999999046325684,2.5999999046325684,100.0
2026-09-10 14:14:00,RDS.V,,1.1699999570846558,1.1699999570846558,1.1699999570846558,1.1699999570846558,300.0
2026-09-10 14:14:00,SCOT.V,,3.069999933242798,3.069999933242798,3.069999933242798,3.069999933242798,300.0
2026-09-10 14:14:00,SSV.V,,0.6100000143051147,0.6100000143051147,0.6000000238418579,0.6100000143051147,113058.0
2026-09-10 14:15:00,NIM.V,,0.7699999809265137,0.7799999713897705,0.7699999809265137,0.7799999713897705,13500.0
2026-09-10 14:15:00,OCO.V,,0.47999998927116394,0.47999998927116394,0.47999998927116394,0.47999998927116394,23000.0
2026-09-10 14:15:00,OMG.V,,2.6500000953674316,2.6500000953674316,2.6500000953674316,2.6500000953674316,100.0
2026-09-10 14:15:00,PEAK.V,,0.41999998688697815,0.41999998688697815,0.41999998688697815,0.41999998688697815,12500.0
2026-09-10 14:15:00,PEX.V,,0.23000000417232513,0.23000000417232513,0.23000000417232513,0.23000000417232513,500.0
2026-09-10 14:15:00,PGE.V,,0.41999998688697815,0.41999998688697815,0.41999998688697815,0.41999998688697815,6000.0
2026-09-10 14:15:00,PML.V,,1.7300000190734863,1.7300000190734863,1.7300000190734863,1.7300000190734863,700.0
2026-09-10 14:15:00,QNC.V,,2.4000000953674316,2.4000000953674316,2.4000000953674316,2.4000000953674316,200.0
2026-09-10 14:15:00,QTWO.V,,2.5999999046325684,2.5999999046325684,2.5999999046325684,2.5999999046325684,200.0
2026-09-10 14:15:00,RECO.V,,0.6150000095367432,0.6150000095367432,0.6150000095367432,0.6150000095367432,500.0
2026-09-10 14:15:00,SAG.V,,1.3300000429153442,1.3300000429153442,1.3300000429153442,1.3300000429153442,700.0
2026-09-10 14:15:00,SCOT.V,,3.075000047683716,3.075000047683716,3.075000047683716,3.075000047683716,100.0
2026-09-10 14:15:00,SEI.V,,0.36500000953674316,0.36500000953674316,0.36500000953674316,0.36500000953674316,1500.0
2026-09-10 14:15:00,SVRS.V,,0.5099999904632568,0.5099999904632568,0.5099999904632568,0.5099999904632568,3500.0
2026-09-10 14:16:00,FEO.V,,0.7900000214576721,0.7900000214576721,0.7900000214576721,0.7900000214576721,500.0
2026-09-10 14:16:00,NSE.V,,0.7699999809265137,0.7699999809265137,0.7699999809265137,0.7699999809265137,500.0
2026-09-10 14:16:00,OMG.V,,2.630000114440918,2.640000104904175,2.630000114440918,2.640000104904175,9704.0
2026-09-10 14:16:00,PNPN.V,,1.190000057220459,1.190000057220459,1.190000057220459,1.190000057220459,700.0
2026-09-10 14:16:00,QTWO.V,,2.5999999046325684,2.5999999046325684,2.5999999046325684,2.5999999046325684,100.0
2026-09-10 14:16:00,RDS.V,,1.1649999618530273,1.1649999618530273,1.1649999618530273,1.1649999618530273,100.0
2026-09-10 14:16:00,SAG.V,,1.3300000429153442,1.3300000429153442,1.3300000429153442,1.3300000429153442,2400.0
2026-09-10 14:16:00,SLG.V,,5.650000095367432,5.650000095367432,5.639999866485596,5.639999866485596,970.0
2026-09-10 14:16:00,STS.V,,0.25,0.25,0.25,0.25,0.0
2026-09-10 14:17:00,FEO.V,,0.7900000214576721,0.7900000214576721,0.7900000214576721,0.7900000214576721,1000.0
2026-09-10 14:17:00,NAU.V,,1.149999976158142,1.149999976158142,1.149999976158142,1.149999976158142,5100.0
2026-09-10 14:17:00,NCI.V,,0.4399999976158142,0.4399999976158142,0.4399999976158142,0.4399999976158142,500.0
2026-09-10 14:17:00,PEAK.V,,0.41999998688697815,0.41999998688697815,0.41999998688697815,0.41999998688697815,2500.0
2026-09-10 14:17:00,PJX.V,,0.1599999964237213,0.1599999964237213,0.1599999964237213,0.1599999964237213,7000.0
2026-09-10 14:17:00,PNPN.V,,1.190000057220459,1.190000057220459,1.190000057220459,1.190000057220459,300.0
2026-09-10 14:17:00,RECO.V,,0.6150000095367432,0.6150000095367432,0.6150000095367432,0.6150000095367432,500.0
2026-09-10 14:17:00,ROK.V,,0.4000000059604645,0.4000000059604645,0.4000000059604645,0.4000000059604645,500.0
2026-09-10 14:17:00,SAG.V,,1.3300000429153442,1.3300000429153442,1.3300000429153442,1.3300000429153442,100.0
2026-09-10 14:17:00,SCOT.V,,3.0799999237060547,3.0799999237060547,3.0799999237060547,3.0799999237060547,2800.0
2026-09-10 14:17:00,SLG.V,,5.650000095367432,5.650000095367432,5.650000095367432,5.650000095367432,100.0
2026-09-10 14:17:00,VIPR.V,,0.4424999952316284,0.4424999952316284,0.4424999952316284,0.4424999952316284,1000.0
2026-09-10 14:18:00,OGO.V,,0.45500001311302185,0.4650000035762787,0.45500001311302185,0.4650000035762787,7500.0
2026-09-10 14:18:00,PGE.V,,0.41499999165534973,0.41499999165534973,0.41499999165534973,0.41499999165534973,500.0
2026-09-10 14:18:00,PML.V,,1.75,1.75,1.7400000095367432,1.7400000095367432,1700.0
2026-09-10 14:18:00,QTWO.V,,2.5999999046325684,2.5999999046325684,2.5999999046325684,2.5999999046325684,1000.0
2026-09-10 14:18:00,ROK.V,,0.4000000059604645,0.4000000059604645,0.4000000059604645,0.4000000059604645,500.0
2026-09-10 14:19:00,FEO.V,,0.7900000214576721,0.7900000214576721,0.7900000214576721,0.7900000214576721,1000.0
2026-09-10 14:19:00,NAU.V,,1.159999966621399,1.159999966621399,1.159999966621399,1.159999966621399,1800.0
2026-09-10 14:19:00,NDA.V,,0.6150000095367432,0.6150000095367432,0.6150000095367432,0.6150000095367432,500.0
2026-09-10 14:19:00,PALI.V,,5.150000095367432,5.159999847412109,5.150000095367432,5.159999847412109,5000.0
2026-09-10 14:19:00,PML.V,,1.75,1.75,1.75,1.75,300.0
2026-09-10 14:19:00,PNPN.V,,1.190000057220459,1.190000057220459,1.190000057220459,1.190000057220459,300.0
2026-09-10 14:19:00,QNC.V,,2.4000000953674316,2.4000000953674316,2.4000000953674316,2.4000000953674316,400.0
2026-09-10 14:19:00,RECO.V,,0.6150000095367432,0.6150000095367432,0.6150000095367432,0.6150000095367432,500.0
2026-09-10 14:19:00,RML.V,,1.2100000381469727,1.2100000381469727,1.2100000381469727,1.2100000381469727,100.0
2026-09-10 14:19:00,ROK.V,,0.4000000059604645,0.4000000059604645,0.4000000059604645,0.4000000059604645,500.0
2026-09-10 14:20:00,MMY.V,,1.0,1.0,1.0,1.0,22000.0
2026-09-10 14:20:00,NSE.V,,0.7699999809265137,0.7699999809265137,0.7699999809265137,0.7699999809265137,500.0
2026-09-10 14:20:00,NWST.V,,0.36000001430511475,0.36000001430511475,0.35499998927116394,0.35499998927116394,14500.0
2026-09-10 14:20:00,OCO.V,,0.48500001430511475,0.48500001430511475,0.48500001430511475,0.48500001430511475,500.0
2026-09-10 14:20:00,OMG.V,,2.640000104904175,2.640000104904175,2.634999990463257,2.634999990463257,200.0
2026-09-10 14:20:00,PML.V,,1.75,1.75,1.75,1.75,100.0
2026-09-10 14:20:00,PNPN.V,,1.190000057220459,1.190000057220459,1.190000057220459,1.190000057220459,300.0
2026-09-10 14:20:00,ROK.V,,0.4000000059604645,0.4000000059604645,0.4000000059604645,0.4000000059604645,500.0
2026-09-10 14:21:00,FEO.V,,0.7900000214576721,0.7900000214576721,0.7900000214576721,0.7900000214576721,1000.0
2026-09-10 14:21:00,NAU.V,,1.1699999570846558,1.1699999570846558,1.1699999570846558,1.1699999570846558,400.0
2026-09-10 14:21:00,OCO.V,,0.4950000047683716,0.4950000047683716,0.49000000953674316,0.49000000953674316,3775.0
2026-09-10 14:21:00,OMG.V,,2.640000104904175,2.640000104904175,2.640000104904175,2.640000104904175,100.0
2026-09-10 14:21:00,PML.V,,1.75,1.75,1.75,1.75,100.0
2026-09-10 14:21:00,PNPN.V,,1.190000057220459,1.190000057220459,1.190000057220459,1.190000057220459,400.0
2026-09-10 14:21:00,QNC.V,,2.4049999713897705,2.4049999713897705,2.4049999713897705,2.4049999713897705,100.0
2026-09-10 14:21:00,QTWO.V,,2.609999895095825,2.609999895095825,2.609999895095825,2.609999895095825,500.0
2026-09-10 14:21:00,RML.V,,1.190000057220459,1.2000000476837158,1.190000057220459,1.2000000476837158,7300.0
2026-09-10 14:22:00,FEO.V,,0.7900000214576721,0.7900000214576721,0.7900000214576721,0.7900000214576721,500.0
2026-09-10 14:22:00,NAU.V,,1.1699999570846558,1.1699999570846558,1.1699999570846558,1.1699999570846558,300.0
2026-09-10 14:22:00,NCAU.V,,0.3100000023841858,0.3100000023841858,0.3100000023841858,0.3100000023841858,500.0
2026-09-10 14:22:00,OMG.V,,2.6500000953674316,2.6500000953674316,2.640000104904175,2.640000104904175,7500.0
2026-09-10 14:22:00,PNPN.V,,1.190000057220459,1.190000057220459,1.190000057220459,1.190000057220459,8300.0
2026-09-10 14:22:00,QTWO.V,,2.609999895095825,2.609999895095825,2.609999895095825,2.609999895095825,100.0
2026-09-10 14:22:00,RECO.V,,0.6150000095367432,0.6150000095367432,0.6150000095367432,0.6150000095367432,2000.0
2026-09-10 14:22:00,RML.V,,1.190000057220459,1.190000057220459,1.190000057220459,1.190000057220459,200.0
2026-09-10 14:22:00,ROK.V,,0.4000000059604645,0.4000000059604645,0.4000000059604645,0.4000000059604645,1000.0
2026-09-10 14:23:00,FEO.V,,0.7900000214576721,0.7900000214576721,0.7900000214576721,0.7900000214576721,500.0
2026-09-10 14:23:00,MMY.V,,1.0,1.0,1.0,1.0,200.0
2026-09-10 14:23:00,NAU.V,,1.1699999570846558,1.1699999570846558,1.1699999570846558,1.1699999570846558,1100.0
2026-09-10 14:23:00,NCI.V,,0.4300000071525574,0.4350000023841858,0.4300000071525574,0.4350000023841858,48534.0
2026-09-10 14:23:00,NSE.V,,0.7699999809265137,0.7699999809265137,0.7699999809265137,0.7699999809265137,500.0
2026-09-10 14:23:00,OMG.V,,2.6500000953674316,2.6500000953674316,2.6500000953674316,2.6500000953674316,200.0
2026-09-10 14:23:00,PML.V,,1.7599999904632568,1.7599999904632568,1.7599999904632568,1.7599999904632568,200.0
2026-09-10 14:23:00,PNPN.V,,1.2000000476837158,1.2000000476837158,1.2000000476837158,1.2000000476837158,1100.0
2026-09-10 14:23:00,QNC.V,,2.4100000858306885,2.4100000858306885,2.4100000858306885,2.4100000858306885,1779.0
2026-09-10 14:23:00,ROK.V,,0.4000000059604645,0.4000000059604645,0.4000000059604645,0.4000000059604645,500.0
2026-09-10 14:23:00,SVRS.V,,0.5099999904632568,0.5099999904632568,0.5099999904632568,0.5099999904632568,500.0
2026-09-10 14:24:00,MMM.V,,0.12999999523162842,0.12999999523162842,0.12999999523162842,0.12999999523162842,0.0
2026-09-10 14:24:00,NAU.V,,1.1699999570846558,1.1699999570846558,1.1699999570846558,1.1699999570846558,200.0
2026-09-10 14:24:00,NBLC.V,,0.02500000037252903,0.02500000037252903,0.02500000037252903,0.02500000037252903,990000.0
2026-09-10 14:24:00,NCAU.V,,0.3100000023841858,0.3100000023841858,0.3100000023841858,0.3100000023841858,500.0
2026-09-10 14:24:00,NKW-H.V,,0.10000000149011612,0.10000000149011612,0.10000000149011612,0.10000000149011612,6177.0
2026-09-10 14:24:00,OMG.V,,2.6500000953674316,2.6500000953674316,2.6500000953674316,2.6500000953674316,100.0
2026-09-10 14:24:00,PINK.V,,0.29499998688697815,0.29499998688697815,0.29499998688697815,0.29499998688697815,500.0
2026-09-10 14:24:00,PML.V,,1.7599999904632568,1.7599999904632568,1.7599999904632568,1.7599999904632568,100.0
2026-09-10 14:24:00,PNPN.V,,1.2000000476837158,1.2000000476837158,1.2000000476837158,1.2000000476837158,200.0
2026-09-10 14:24:00,SLG.V,,5.679999828338623,5.679999828338623,5.679999828338623,5.679999828338623,100.0
2026-09-10 14:25:00,FEO.V,,0.7900000214576721,0.7900000214576721,0.7900000214576721,0.7900000214576721,1000.0
2026-09-10 14:25:00,MMY.V,,1.0,1.0,1.0,1.0,200.0
2026-09-10 14:25:00,NAU.V,,1.1699999570846558,1.1699999570846558,1.1699999570846558,1.1699999570846558,200.0
2026-09-10 14:25:00,OMG.V,,2.6500000953674316,2.6500000953674316,2.6500000953674316,2.6500000953674316,900.0
2026-09-10 14:25:00,PML.V,,1.75,1.7599999904632568,1.75,1.7599999904632568,300.0
2026-09-10 14:25:00,PNPN.V,,1.2000000476837158,1.2000000476837158,1.2000000476837158,1.2000000476837158,300.0
2026-09-10 14:25:00,QNC.V,,2.4149999618530273,2.4149999618530273,2.4149999618530273,2.4149999618530273,100.0
2026-09-10 14:25:00,RECO.V,,0.6150000095367432,0.6150000095367432,0.6150000095367432,0.6150000095367432,500.0
2026-09-10 14:25:00,ROK.V,,0.39750000834465027,0.4000000059604645,0.39750000834465027,0.4000000059604645,1000.0
2026-09-10 14:25:00,SCOT.V,,3.0799999237060547,3.0799999237060547,3.0799999237060547,3.0799999237060547,200.0
2026-09-10 14:25:00,SRR.V,,1.0800000429153442,1.0800000429153442,1.0800000429153442,1.0800000429153442,4000.0
2026-09-10 14:26:00,FEO.V,,0.7900000214576721,0.7900000214576721,0.7900000214576721,0.7900000214576721,500.0
2026-09-10 14:26:00,NAU.V,,1.1699999570846558,1.1699999570846558,1.1699999570846558,1.1699999570846558,100.0
2026-09-10 14:26:00,NCAU.V,,0.3100000023841858,0.3100000023841858,0.3100000023841858,0.3100000023841858,500.0
2026-09-10 14:26:00,OMG.V,,2.6500000953674316,2.6500000953674316,2.6500000953674316,2.6500000953674316,900.0
2026-09-10 14:26:00,PML.V,,1.75,1.75,1.7300000190734863,1.7400000095367432,1600.0
2026-09-10 14:26:00,PNPN.V,,1.2000000476837158,1.2000000476837158,1.2000000476837158,1.2000000476837158,400.0
2026-09-10 14:26:00,RDS.V,,1.1699999570846558,1.1699999570846558,1.1699999570846558,1.1699999570846558,500.0
2026-09-10 14:26:00,SOMA.V,,0.6700000166893005,0.6700000166893005,0.6700000166893005,0.6700000166893005,1714.0
2026-09-10 14:27:00,MMY.V,,1.0,1.0,1.0,1.0,9100.0
2026-09-10 14:27:00,NAU.V,,1.1699999570846558,1.1699999570846558,1.1699999570846558,1.1699999570846558,400.0
2026-09-10 14:27:00,NBLC.V,,0.02500000037252903,0.02500000037252903,0.02500000037252903,0.02500000037252903,30850.0
2026-09-10 14:27:00,NCAU.V,,0.3050000071525574,0.3050000071525574,0.3050000071525574,0.3050000071525574,3500.0
2026-09-10 14:27:00,NCI.V,,0.4300000071525574,0.4300000071525574,0.4300000071525574,0.4300000071525574,500.0
2026-09-10 14:27:00,OMG.V,,2.6449999809265137,2.6500000953674316,2.6449999809265137,2.6500000953674316,700.0
2026-09-10 14:27:00,PGE.V,,0.41499999165534973,0.41499999165534973,0.41499999165534973,0.41499999165534973,500.0
2026-09-10 14:27:00,PML.V,,1.75,1.75,1.75,1.75,100.0
2026-09-10 14:27:00,PNPN.V,,1.2000000476837158,1.2000000476837158,1.2000000476837158,1.2000000476837158,400.0
2026-09-10 14:27:00,QTWO.V,,2.6050000190734863,2.6050000190734863,2.6050000190734863,2.6050000190734863,100.0
2026-09-10 14:27:00,RML.V,,1.2000000476837158,1.2000000476837158,1.2000000476837158,1.2000000476837158,100.0
2026-09-10 14:27:00,ROK.V,,0.4000000059604645,0.4000000059604645,0.4000000059604645,0.4000000059604645,500.0
2026-09-10 14:27:00,SEI.V,,0.3700000047683716,0.3700000047683716,0.3700000047683716,0.3700000047683716,1000.0
2026-09-10 14:27:00,SVRS.V,,0.5099999904632568,0.5099999904632568,0.5099999904632568,0.5099999904632568,69500.0
2026-09-10 14:28:00,FISH.V,,5.679999828338623,5.679999828338623,5.679999828338623,5.679999828338623,200.0
2026-09-10 14:28:00,MMM.V,,0.11500000208616257,0.11999999731779099,0.11500000208616257,0.11999999731779099,59000.0
2026-09-10 14:28:00,MNRG.V,,0.07999999821186066,0.07999999821186066,0.07999999821186066,0.07999999821186066,21020.0
2026-09-10 14:28:00,NAM.V,,0.20999999344348907,0.20999999344348907,0.20999999344348907,0.20999999344348907,14000.0
2026-09-10 14:28:00,NAU.V,,1.1699999570846558,1.1699999570846558,1.1699999570846558,1.1699999570846558,200.0
2026-09-10 14:28:00,NWST.V,,0.35499998927116394,0.35499998927116394,0.35499998927116394,0.35499998927116394,31500.0
2026-09-10 14:28:00,OAM.V,,0.10000000149011612,0.10000000149011612,0.10000000149011612,0.10000000149011612,2000.0
2026-09-10 14:28:00,OMG.V,,2.6449999809265137,2.6449999809265137,2.6449999809265137,2.6449999809265137,800.0
2026-09-10 14:28:00,PESO.V,,0.5099999904632568,0.5099999904632568,0.5099999904632568,0.5099999904632568,8042.0
2026-09-10 14:28:00,PML.V,,1.7300000190734863,1.7300000190734863,1.7300000190734863,1.7300000190734863,700.0
2026-09-10 14:28:00,PNPN.V,,1.2000000476837158,1.2000000476837158,1.2000000476837158,1.2000000476837158,400.0
2026-09-10 14:28:00,PTU.V,,0.36500000953674316,0.36500000953674316,0.36500000953674316,0.36500000953674316,11000.0
2026-09-10 14:28:00,PUMA.V,,0.13500000536441803,0.13500000536441803,0.13500000536441803,0.13500000536441803,7500.0
2026-09-10 14:28:00,QTWO.V,,2.6050000190734863,2.6050000190734863,2.6050000190734863,2.6050000190734863,100.0
2026-09-10 14:28:00,QZM.V,,0.4050000011920929,0.4050000011920929,0.4050000011920929,0.4050000011920929,600.0
2026-09-10 14:28:00,RCK.V,,0.6499999761581421,0.6499999761581421,0.6499999761581421,0.6499999761581421,2000.0
2026-09-10 14:28:00,RECO.V,,0.6150000095367432,0.6150000095367432,0.6150000095367432,0.6150000095367432,500.0
2026-09-10 14:28:00,REKO.V,,4.5,4.5,4.5,4.5,0.0
2026-09-10 14:28:00,SOI.V,,0.19499999284744263,0.19499999284744263,0.19499999284744263,0.19499999284744263,38500.0
2026-09-10 14:28:00,SRR.V,,1.090000033378601,1.090000033378601,1.090000033378601,1.090000033378601,225.0
2026-09-10 14:28:00,SVE.V,,0.4399999976158142,0.4399999976158142,0.4399999976158142,0.4399999976158142,5000.0
2026-09-10 14:28:00,SVRS.V,,0.5,0.5049999952316284,0.5,0.5049999952316284,26282.0
2026-09-10 14:28:00,VIPR.V,,0.46000000834465027,0.46000000834465027,0.4449999928474426,0.4449999928474426,12500.0
2026-09-10 14:29:00,MHUB.V,,0.5,0.5099999904632568,0.5,0.5099999904632568,16250.0
2026-09-10 14:29:00,NAM.V,,0.20999999344348907,0.20999999344348907,0.20999999344348907,0.20999999344348907,850.0
2026-09-10 14:29:00,NAU.V,,1.1699999570846558,1.1699999570846558,1.1699999570846558,1.1699999570846558,200.0
2026-09-10 14:29:00,NDA.V,,0.6100000143051147,0.6100000143051147,0.6100000143051147,0.6100000143051147,1000.0
2026-09-10 14:29:00,OAM.V,,0.10000000149011612,0.10000000149011612,0.10000000149011612,0.10000000149011612,40000.0
2026-09-10 14:29:00,OMG.V,,2.6449999809265137,2.6449999809265137,2.6449999809265137,2.6449999809265137,700.0
2026-09-10 14:29:00,PGE.V,,0.41499999165534973,0.41499999165534973,0.41499999165534973,0.41499999165534973,52500.0
2026-09-10 14:29:00,PML.V,,1.75,1.75,1.75,1.75,100.0
2026-09-10 14:29:00,PNPN.V,,1.2000000476837158,1.2000000476837158,1.2000000476837158,1.2000000476837158,300.0
2026-09-10 14:29:00,QNC.V,,2.4100000858306885,2.4100000858306885,2.4100000858306885,2.4100000858306885,400.0
2026-09-10 14:29:00,QTWO.V,,2.5999999046325684,2.6050000190734863,2.5999999046325684,2.6050000190734863,3500.0
2026-09-10 14:29:00,RML.V,,1.2000000476837158,1.2000000476837158,1.2000000476837158,1.2000000476837158,100.0
2026-09-10 14:30:00,FEO.V,,0.7900000214576721,0.7900000214576721,0.7900000214576721,0.7900000214576721,500.0
2026-09-10 14:30:00,MUN.V,,0.3799999952316284,0.3799999952316284,0.375,0.375,7000.0
2026-09-10 14:30:00,NAU.V,,1.1699999570846558,1.1699999570846558,1.1699999570846558,1.1699999570846558,200.0
2026-09-10 14:30:00,OMG.V,,2.640000104904175,2.6449999809265137,2.640000104904175,2.6449999809265137,9100.0
2026-09-10 14:30:00,PML.V,,1.75,1.75,1.75,1.75,200.0
2026-09-10 14:30:00,PNPN.V,,1.190000057220459,1.2000000476837158,1.190000057220459,1.2000000476837158,40600.0
2026-09-10 14:30:00,RDS.V,,1.1699999570846558,1.1699999570846558,1.1699999570846558,1.1699999570846558,6300.0
2026-09-10 14:30:00,RML.V,,1.2000000476837158,1.2000000476837158,1.2000000476837158,1.2000000476837158,9900.0
2026-09-10 14:30:00,SEI.V,,0.3700000047683716,0.3700000047683716,0.3700000047683716,0.3700000047683716,2500.0
2026-09-10 14:30:00,SM.V,,1.5199999809265137,1.5199999809265137,1.5199999809265137,1.5199999809265137,200.0
2026-09-10 14:31:00,FISH.V,,5.679999828338623,5.679999828338623,5.679999828338623,5.679999828338623,100.0
2026-09-10 14:31:00,MMY.V,,1.0,1.0,1.0,1.0,100.0
2026-09-10 14:31:00,NAU.V,,1.1699999570846558,1.1699999570846558,1.1699999570846558,1.1699999570846558,200.0
2026-09-10 14:31:00,NCI.V,,0.42500001192092896,0.42500001192092896,0.42500001192092896,0.42500001192092896,3500.0
2026-09-10 14:31:00,PNPN.V,,1.190000057220459,1.190000057220459,1.190000057220459,1.190000057220459,29400.0
2026-09-10 14:31:00,RECO.V,,0.6150000095367432,0.6150000095367432,0.6150000095367432,0.6150000095367432,500.0
2026-09-10 14:31:00,SCD.V,,0.17499999701976776,0.17499999701976776,0.17499999701976776,0.17499999701976776,59000.0
2026-09-10 14:32:00,FEO.V,,0.7900000214576721,0.7900000214576721,0.7900000214576721,0.7900000214576721,500.0
2026-09-10 14:32:00,MMY.V,,1.0,1.0,1.0,1.0,100.0
2026-09-10 14:32:00,NAU.V,,1.1699999570846558,1.1699999570846558,1.1699999570846558,1.1699999570846558,200.0
2026-09-10 14:32:00,NCI.V,,0.42500001192092896,0.42500001192092896,0.42500001192092896,0.42500001192092896,7000.0
2026-09-10 14:32:00,PML.V,,1.7400000095367432,1.75,1.7400000095367432,1.75,1300.0
2026-09-10 14:32:00,PNPN.V,,1.1799999475479126,1.190000057220459,1.1799999475479126,1.190000057220459,13900.0
2026-09-10 14:32:00,QNC.V,,2.4100000858306885,2.4100000858306885,2.4100000858306885,2.4100000858306885,100.0
2026-09-10 14:32:00,SAE.V,,0.44999998807907104,0.44999998807907104,0.44999998807907104,0.44999998807907104,500.0
2026-09-10 14:32:00,SCD.V,,0.17499999701976776,0.17499999701976776,0.17499999701976776,0.17499999701976776,5000.0
2026-09-10 14:33:00,FEO.V,,0.7900000214576721,0.7900000214576721,0.7900000214576721,0.7900000214576721,500.0
2026-09-10 14:33:00,NAU.V,,1.1699999570846558,1.1699999570846558,1.1699999570846558,1.1699999570846558,100.0
2026-09-10 14:33:00,NWST.V,,0.36500000953674316,0.36500000953674316,0.36500000953674316,0.36500000953674316,1000.0
2026-09-10 14:33:00,PML.V,,1.75,1.75,1.75,1.75,200.0
2026-09-10 14:33:00,PNPN.V,,1.190000057220459,1.190000057220459,1.190000057220459,1.190000057220459,500.0
2026-09-10 14:33:00,PPP.V,,0.8299999833106995,0.8299999833106995,0.8299999833106995,0.8299999833106995,66172.0
2026-09-10 14:34:00,MMM.V,,0.11500000208616257,0.11500000208616257,0.11500000208616257,0.11500000208616257,13000.0
2026-09-10 14:34:00,MMY.V,,1.0,1.0,1.0,1.0,100.0
2026-09-10 14:34:00,NAU.V,,1.1699999570846558,1.1699999570846558,1.1699999570846558,1.1699999570846558,2100.0
2026-09-10 14:34:00,NBLC.V,,0.02500000037252903,0.02500000037252903,0.02500000037252903,0.02500000037252903,61000.0
2026-09-10 14:34:00,OCI.V,,0.18000000715255737,0.18000000715255737,0.18000000715255737,0.18000000715255737,9500.0
2026-09-10 14:34:00,PPP.V,,0.8399999737739563,0.8399999737739563,0.8399999737739563,0.8399999737739563,500.0
2026-09-10 14:34:00,SSV.V,,0.6100000143051147,0.6100000143051147,0.6100000143051147,0.6100000143051147,1800.0
2026-09-10 14:35:00,OMG.V,,2.640000104904175,2.640000104904175,2.634999990463257,2.634999990463257,200.0
2026-09-10 14:35:00,PML.V,,1.7400000095367432,1.75,1.7400000095367432,1.75,200.0
2026-09-10 14:35:00,PNPN.V,,1.1799999475479126,1.1799999475479126,1.1799999475479126,1.1799999475479126,13600.0
2026-09-10 14:35:00,RECO.V,,0.6150000095367432,0.6150000095367432,0.6150000095367432,0.6150000095367432,500.0
2026-09-10 14:35:00,RSM.V,,0.23999999463558197,0.23999999463558197,0.23999999463558197,0.23999999463558197,2580.0
2026-09-10 14:36:00,MMY.V,,1.0,1.0,1.0,1.0,2000.0
2026-09-10 14:36:00,NAU.V,,1.1699999570846558,1.1699999570846558,1.1699999570846558,1.1699999570846558,100.0
2026-09-10 14:36:00,NCI.V,,0.41999998688697815,0.41999998688697815,0.41999998688697815,0.41999998688697815,6500.0
2026-09-10 14:36:00,OMG.V,,2.634999990463257,2.634999990463257,2.630000114440918,2.630000114440918,4400.0
2026-09-10 14:36:00,QTWO.V,,2.5950000286102295,2.5950000286102295,2.5950000286102295,2.5950000286102295,100.0
2026-09-10 14:36:00,ROCK.V,,4.369999885559082,4.389999866485596,4.369999885559082,4.389999866485596,900.0
2026-09-10 14:36:00,RSS.V,,0.5799999833106995,0.5799999833106995,0.574999988079071,0.574999988079071,1000.0
2026-09-10 14:36:00,RVG.V,,0.9100000262260437,0.9100000262260437,0.9100000262260437,0.9100000262260437,2000.0
2026-09-10 14:36:00,SLG.V,,5.679999828338623,5.679999828338623,5.679999828338623,5.679999828338623,300.0
2026-09-10 14:37:00,FEO.V,,0.7900000214576721,0.7900000214576721,0.7900000214576721,0.7900000214576721,500.0
2026-09-10 14:37:00,NAU.V,,1.1699999570846558,1.1699999570846558,1.1699999570846558,1.1699999570846558,100.0
2026-09-10 14:37:00,NWST.V,,0.36000001430511475,0.36000001430511475,0.36000001430511475,0.36000001430511475,20000.0
2026-09-10 14:37:00,NXLV.V,,2.3399999141693115,2.3399999141693115,2.3399999141693115,2.3399999141693115,0.0
2026-09-10 14:37:00,PML.V,,1.7300000190734863,1.7300000190734863,1.7300000190734863,1.7300000190734863,700.0
2026-09-10 14:37:00,PVF-UN.V,,16.0,16.020000457763672,16.0,16.020000457763672,4800.0
2026-09-10 14:37:00,QTWO.V,,2.5950000286102295,2.5950000286102295,2.5950000286102295,2.5950000286102295,100.0
2026-09-10 14:37:00,RECO.V,,0.6150000095367432,0.6150000095367432,0.6150000095367432,0.6150000095367432,1500.0
2026-09-10 14:37:00,RVG.V,,0.9100000262260437,0.9100000262260437,0.9100000262260437,0.9100000262260437,5000.0
2026-09-10 14:37:00,SCD.V,,0.17499999701976776,0.17499999701976776,0.17499999701976776,0.17499999701976776,500.0
2026-09-10 14:37:00,SM.V,,1.5099999904632568,1.5099999904632568,1.5099999904632568,1.5099999904632568,1200.0
2026-09-10 14:37:00,SSV.V,,0.6100000143051147,0.6100000143051147,0.6100000143051147,0.6100000143051147,2000.0
2026-09-10 14:38:00,MMY.V,,1.0,1.0,1.0,1.0,100.0
2026-09-10 14:38:00,NAU.V,,1.1699999570846558,1.1699999570846558,1.1699999570846558,1.1699999570846558,200.0
2026-09-10 14:38:00,NKW-H.V,,0.10000000149011612,0.10000000149011612,0.10000000149011612,0.10000000149011612,9000.0
2026-09-10 14:38:00,NVI.V,,0.10999999940395355,0.10999999940395355,0.10999999940395355,0.10999999940395355,3500.0
2026-09-10 14:38:00,NWST.V,,0.36000001430511475,0.36000001430511475,0.36000001430511475,0.36000001430511475,5000.0
2026-09-10 14:38:00,PML.V,,1.7300000190734863,1.7300000190734863,1.7300000190734863,1.7300000190734863,700.0
2026-09-10 14:38:00,PNPN.V,,1.190000057220459,1.190000057220459,1.190000057220459,1.190000057220459,1300.0
2026-09-10 14:38:00,PPP.V,,0.8399999737739563,0.8399999737739563,0.8399999737739563,0.8399999737739563,1000.0
2026-09-10 14:38:00,QNC.V,,2.4100000858306885,2.4100000858306885,2.4100000858306885,2.4100000858306885,500.0
2026-09-10 14:38:00,QTWO.V,,2.5950000286102295,2.5950000286102295,2.5950000286102295,2.5950000286102295,100.0
2026-09-10 14:39:00,MGRO.V,,0.4300000071525574,0.4300000071525574,0.4300000071525574,0.4300000071525574,4000.0
2026-09-10 14:39:00,NAU.V,,1.1699999570846558,1.1699999570846558,1.1699999570846558,1.1699999570846558,200.0
2026-09-10 14:39:00,NCAU.V,,0.3075000047683716,0.3075000047683716,0.3075000047683716,0.3075000047683716,1000.0
2026-09-10 14:39:00,NDA.V,,0.6100000143051147,0.6100000143051147,0.6100000143051147,0.6100000143051147,500.0
2026-09-10 14:39:00,NWST.V,,0.3700000047683716,0.3700000047683716,0.36500000953674316,0.36500000953674316,64500.0
2026-09-10 14:39:00,OMM.V,,0.054999999701976776,0.054999999701976776,0.054999999701976776,0.054999999701976776,1000.0
2026-09-10 14:39:00,PML.V,,1.7300000190734863,1.7300000190734863,1.7300000190734863,1.7300000190734863,700.0
2026-09-10 14:39:00,PNPN.V,,1.190000057220459,1.190000057220459,1.190000057220459,1.190000057220459,1500.0
2026-09-10 14:39:00,PPP.V,,0.8399999737739563,0.8399999737739563,0.8399999737739563,0.8399999737739563,500.0
2026-09-10 14:39:00,QTWO.V,,2.5999999046325684,2.5999999046325684,2.5999999046325684,2.5999999046325684,1000.0
2026-09-10 14:39:00,RECO.V,,0.6150000095367432,0.6150000095367432,0.6150000095367432,0.6150000095367432,500.0
2026-09-10 14:39:00,RML.V,,1.2100000381469727,1.2100000381469727,1.2100000381469727,1.2100000381469727,100.0
2026-09-10 14:39:00,SSV.V,,0.6100000143051147,0.6100000143051147,0.6100000143051147,0.6100000143051147,7500.0
2026-09-10 14:40:00,MGG.V,,0.3499999940395355,0.3499999940395355,0.3499999940395355,0.3499999940395355,1500.0
2026-09-10 14:40:00,NAU.V,,1.1699999570846558,1.1699999570846558,1.1699999570846558,1.1699999570846558,300.0
2026-09-10 14:40:00,OMG.V,,2.634999990463257,2.634999990463257,2.630000114440918,2.630000114440918,200.0
2026-09-10 14:40:00,PESO.V,,0.5299999713897705,0.5299999713897705,0.5149999856948853,0.5149999856948853,92000.0
2026-09-10 14:40:00,PGE.V,,0.41499999165534973,0.41499999165534973,0.4099999964237213,0.4099999964237213,3000.0
2026-09-10 14:40:00,PML.V,,1.7300000190734863,1.7350000143051147,1.7300000190734863,1.7350000143051147,800.0
2026-09-10 14:40:00,PNPN.V,,1.190000057220459,1.190000057220459,1.190000057220459,1.190000057220459,400.0
2026-09-10 14:40:00,PPP.V,,0.8399999737739563,0.8399999737739563,0.8399999737739563,0.8399999737739563,500.0
2026-09-10 14:40:00,QNC.V,,2.4100000858306885,2.4100000858306885,2.4100000858306885,2.4100000858306885,1400.0
2026-09-10 14:40:00,QTWO.V,,2.5999999046325684,2.5999999046325684,2.5999999046325684,2.5999999046325684,300.0
2026-09-10 14:40:00,SLG.V,,5.679999828338623,5.679999828338623,5.679999828338623,5.679999828338623,500.0
2026-09-10 14:41:00,FEO.V,,0.7799999713897705,0.7900000214576721,0.7799999713897705,0.7900000214576721,1500.0
2026-09-10 14:41:00,NAU.V,,1.1699999570846558,1.1699999570846558,1.1699999570846558,1.1699999570846558,200.0
2026-09-10 14:41:00,NBLC.V,,0.02500000037252903,0.02500000037252903,0.02500000037252903,0.02500000037252903,16000.0
2026-09-10 14:41:00,OMG.V,,2.634999990463257,2.634999990463257,2.634999990463257,2.634999990463257,200.0
2026-09-10 14:41:00,PESO.V,,0.5299999713897705,0.5299999713897705,0.5299999713897705,0.5299999713897705,8500.0
2026-09-10 14:41:00,PNPN.V,,1.190000057220459,1.190000057220459,1.190000057220459,1.190000057220459,400.0
2026-09-10 14:41:00,PPP.V,,0.8399999737739563,0.8399999737739563,0.8399999737739563,0.8399999737739563,500.0
2026-09-10 14:41:00,QNC.V,,2.4100000858306885,2.4100000858306885,2.4100000858306885,2.4100000858306885,100.0
2026-09-10 14:42:00,MMY.V,,1.0,1.0,1.0,1.0,100.0
2026-09-10 14:42:00,NCAU.V,,0.30000001192092896,0.3100000023841858,0.30000001192092896,0.3100000023841858,24000.0
2026-09-10 14:42:00,OMG.V,,2.634999990463257,2.634999990463257,2.634999990463257,2.634999990463257,1300.0
2026-09-10 14:42:00,PEI.V,,0.032499998807907104,0.032499998807907104,0.032499998807907104,0.032499998807907104,3000.0
2026-09-10 14:42:00,PESO.V,,0.5299999713897705,0.5299999713897705,0.5299999713897705,0.5299999713897705,1500.0
2026-09-10 14:42:00,PNPN.V,,1.190000057220459,1.190000057220459,1.190000057220459,1.190000057220459,1000.0
2026-09-10 14:42:00,PPP.V,,0.8399999737739563,0.8399999737739563,0.8399999737739563,0.8399999737739563,3500.0
2026-09-10 14:42:00,QTWO.V,,2.5999999046325684,2.5999999046325684,2.5999999046325684,2.5999999046325684,100.0
2026-09-10 14:42:00,ROK.V,,0.4000000059604645,0.4000000059604645,0.4000000059604645,0.4000000059604645,14000.0
2026-09-10 14:42:00,SLG.V,,5.679999828338623,5.679999828338623,5.679999828338623,5.679999828338623,14600.0
2026-09-10 14:42:00,SSV.V,,0.6100000143051147,0.6100000143051147,0.6100000143051147,0.6100000143051147,2000.0
2026-09-10 14:43:00,FEO.V,,0.7900000214576721,0.7900000214576721,0.7900000214576721,0.7900000214576721,1000.0
2026-09-10 14:43:00,MMY.V,,1.0,1.0,1.0,1.0,100.0
2026-09-10 14:43:00,NAU.V,,1.1699999570846558,1.1699999570846558,1.1699999570846558,1.1699999570846558,100.0
2026-09-10 14:43:00,OMG.V,,2.640000104904175,2.640000104904175,2.640000104904175,2.640000104904175,5100.0
2026-09-10 14:43:00,PML.V,,1.7300000190734863,1.7300000190734863,1.7300000190734863,1.7300000190734863,700.0
2026-09-10 14:43:00,PNPN.V,,1.190000057220459,1.190000057220459,1.190000057220459,1.190000057220459,900.0
2026-09-10 14:43:00,RECO.V,,0.6150000095367432,0.6150000095367432,0.6150000095367432,0.6150000095367432,500.0
2026-09-10 14:43:00,RML.V,,1.2100000381469727,1.2100000381469727,1.2100000381469727,1.2100000381469727,100.0
2026-09-10 14:43:00,ROK.V,,0.4000000059604645,0.4000000059604645,0.4000000059604645,0.4000000059604645,500.0
2026-09-10 14:43:00,RVG.V,,0.9100000262260437,0.9100000262260437,0.9100000262260437,0.9100000262260437,1000.0
2026-09-10 14:44:00,FISH.V,,5.679999828338623,5.679999828338623,5.664999961853027,5.664999961853027,1600.0
2026-09-10 14:44:00,MGRO.V,,0.4300000071525574,0.4300000071525574,0.4300000071525574,0.4300000071525574,6000.0
2026-09-10 14:44:00,NAU.V,,1.1699999570846558,1.1699999570846558,1.1699999570846558,1.1699999570846558,400.0
2026-09-10 14:44:00,NSE.V,,0.7699999809265137,0.7699999809265137,0.7699999809265137,0.7699999809265137,16500.0
2026-09-10 14:44:00,NXH.V,,0.4099999964237213,0.41999998688697815,0.4099999964237213,0.41999998688697815,0.0
2026-09-10 14:44:00,OMG.V,,2.640000104904175,2.640000104904175,2.640000104904175,2.640000104904175,800.0
2026-09-10 14:44:00,PEAK.V,,0.41999998688697815,0.41999998688697815,0.41999998688697815,0.41999998688697815,16500.0
2026-09-10 14:44:00,PML.V,,1.7300000190734863,1.7300000190734863,1.7300000190734863,1.7300000190734863,700.0
2026-09-10 14:44:00,PNPN.V,,1.184999942779541,1.190000057220459,1.1799999475479126,1.190000057220459,1100.0
2026-09-10 14:44:00,PPP.V,,0.8399999737739563,0.8399999737739563,0.8399999737739563,0.8399999737739563,500.0
2026-09-10 14:44:00,SVRS.V,,0.5,0.5,0.5,0.5,20500.0
2026-09-10 14:45:00,FEO.V,,0.7900000214576721,0.7900000214576721,0.7900000214576721,0.7900000214576721,1000.0
2026-09-10 14:45:00,MHUB.V,,0.47999998927116394,0.49000000953674316,0.47999998927116394,0.49000000953674316,2880.0
2026-09-10 14:45:00,NAU.V,,1.1699999570846558,1.1699999570846558,1.1699999570846558,1.1699999570846558,100.0
2026-09-10 14:45:00,NWST.V,,0.3700000047683716,0.3700000047683716,0.3700000047683716,0.3700000047683716,25000.0
2026-09-10 14:45:00,NXH.V,,0.3199999928474426,0.4000000059604645,0.3199999928474426,0.4000000059604645,35250.0
2026-09-10 14:45:00,OMG.V,,2.640000104904175,2.640000104904175,2.640000104904175,2.640000104904175,400.0
2026-09-10 14:45:00,PGE.V,,0.41499999165534973,0.41499999165534973,0.41499999165534973,0.41499999165534973,6015.0
2026-09-10 14:45:00,PML.V,,1.7300000190734863,1.7300000190734863,1.7300000190734863,1.7300000190734863,700.0
2026-09-10 14:45:00,PNPN.V,,1.190000057220459,1.190000057220459,1.190000057220459,1.190000057220459,800.0
2026-09-10 14:45:00,PPP.V,,0.8399999737739563,0.8399999737739563,0.8399999737739563,0.8399999737739563,500.0
2026-09-10 14:45:00,RDS.V,,1.159999966621399,1.159999966621399,1.159999966621399,1.159999966621399,4000.0
2026-09-10 14:45:00,ROK.V,,0.4000000059604645,0.4000000059604645,0.4000000059604645,0.4000000059604645,500.0
2026-09-10 14:45:00,SCD.V,,0.17499999701976776,0.17499999701976776,0.17499999701976776,0.17499999701976776,12000.0
2026-09-10 14:45:00,SEI.V,,0.375,0.375,0.375,0.375,10000.0
2026-09-10 14:45:00,SSV.V,,0.6050000190734863,0.6050000190734863,0.6050000190734863,0.6050000190734863,500.0
2026-09-10 14:46:00,NAU.V,,1.1699999570846558,1.1699999570846558,1.1699999570846558,1.1699999570846558,300.0
2026-09-10 14:46:00,OCO.V,,0.49000000953674316,0.49000000953674316,0.49000000953674316,0.49000000953674316,4000.0
2026-09-10 14:46:00,PML.V,,1.7200000286102295,1.7300000190734863,1.7200000286102295,1.7300000190734863,1500.0
2026-09-10 14:46:00,PNPN.V,,1.190000057220459,1.190000057220459,1.190000057220459,1.190000057220459,900.0
2026-09-10 14:46:00,SILV.V,,0.14000000059604645,0.14000000059604645,0.14000000059604645,0.14000000059604645,2000.0
2026-09-10 14:46:00,SVRS.V,,0.5099999904632568,0.5099999904632568,0.5049999952316284,0.5049999952316284,64000.0
2026-09-10 14:47:00,FEO.V,,0.7900000214576721,0.7900000214576721,0.7900000214576721,0.7900000214576721,500.0
2026-09-10 14:47:00,MMY.V,,1.0,1.0,1.0,1.0,100.0
2026-09-10 14:47:00,NAU.V,,1.1699999570846558,1.1699999570846558,1.1699999570846558,1.1699999570846558,1500.0
2026-09-10 14:47:00,PNPN.V,,1.190000057220459,1.190000057220459,1.190000057220459,1.190000057220459,600.0
2026-09-10 14:47:00,PPP.V,,0.8399999737739563,0.8399999737739563,0.8399999737739563,0.8399999737739563,500.0
2026-09-10 14:47:00,RML.V,,1.2100000381469727,1.2100000381469727,1.2100000381469727,1.2100000381469727,100.0
2026-09-10 14:47:00,ROK.V,,0.4000000059604645,0.4000000059604645,0.4000000059604645,0.4000000059604645,500.0
2026-09-10 14:47:00,SOI.V,,0.19499999284744263,0.19499999284744263,0.19499999284744263,0.19499999284744263,33000.0
2026-09-10 14:48:00,NAU.V,,1.1699999570846558,1.1699999570846558,1.1699999570846558,1.1699999570846558,400.0
2026-09-10 14:48:00,NCAU.V,,0.3050000071525574,0.3050000071525574,0.3050000071525574,0.3050000071525574,1500.0
2026-09-10 14:48:00,NWST.V,,0.3700000047683716,0.3700000047683716,0.3700000047683716,0.3700000047683716,6000.0
2026-09-10 14:48:00,PML.V,,1.7300000190734863,1.7300000190734863,1.7300000190734863,1.7300000190734863,1100.0
2026-09-10 14:48:00,PNPN.V,,1.190000057220459,1.190000057220459,1.190000057220459,1.190000057220459,1000.0
2026-09-10 14:48:00,PPP.V,,0.8399999737739563,0.8399999737739563,0.8399999737739563,0.8399999737739563,500.0
2026-09-10 14:48:00,RECO.V,,0.6150000095367432,0.6150000095367432,0.6150000095367432,0.6150000095367432,500.0
2026-09-10 14:48:00,SMN.V,,0.15000000596046448,0.15000000596046448,0.15000000596046448,0.15000000596046448,100000.0
2026-09-10 14:49:00,NAU.V,,1.1699999570846558,1.1699999570846558,1.1699999570846558,1.1699999570846558,200.0
2026-09-10 14:49:00,OMG.V,,2.640000104904175,2.640000104904175,2.640000104904175,2.640000104904175,100.0
2026-09-10 14:49:00,PGE.V,,0.41499999165534973,0.41499999165534973,0.41499999165534973,0.41499999165534973,500.0
2026-09-10 14:49:00,PNPN.V,,1.190000057220459,1.190000057220459,1.190000057220459,1.190000057220459,500.0
2026-09-10 14:49:00,PPP.V,,0.8399999737739563,0.8399999737739563,0.8399999737739563,0.8399999737739563,500.0
2026-09-10 14:49:00,RSS.V,,0.5799999833106995,0.5799999833106995,0.574999988079071,0.574999988079071,1000.0
2026-09-10 14:50:00,NAU.V,,1.1699999570846558,1.1699999570846558,1.1699999570846558,1.1699999570846558,200.0
2026-09-10 14:50:00,OMG.V,,2.640000104904175,2.640000104904175,2.640000104904175,2.640000104904175,2500.0
2026-09-10 14:50:00,PLSR.V,,1.25,1.25,1.25,1.25,100.0
2026-09-10 14:50:00,PML.V,,1.7200000286102295,1.7200000286102295,1.7200000286102295,1.7200000286102295,800.0
2026-09-10 14:50:00,PNPN.V,,1.190000057220459,1.190000057220459,1.184999942779541,1.184999942779541,800.0
2026-09-10 14:50:00,PPP.V,,0.8399999737739563,0.8399999737739563,0.8399999737739563,0.8399999737739563,500.0
2026-09-10 14:50:00,QNC.V,,2.4100000858306885,2.4100000858306885,2.4100000858306885,2.4100000858306885,100.0
2026-09-10 14:50:00,QTWO.V,,2.569999933242798,2.5999999046325684,2.569999933242798,2.5999999046325684,27980.0
2026-09-10 14:50:00,RML.V,,1.2100000381469727,1.2100000381469727,1.2100000381469727,1.2100000381469727,100.0
2026-09-10 14:50:00,ROK.V,,0.4000000059604645,0.4000000059604645,0.4000000059604645,0.4000000059604645,500.0
2026-09-10 14:51:00,MMY.V,,1.0,1.0,1.0,1.0,100.0
2026-09-10 14:51:00,NAU.V,,1.1699999570846558,1.1699999570846558,1.1699999570846558,1.1699999570846558,200.0
2026-09-10 14:51:00,NDA.V,,0.6100000143051147,0.6100000143051147,0.6100000143051147,0.6100000143051147,500.0
2026-09-10 14:51:00,OMG.V,,2.6500000953674316,2.6500000953674316,2.640000104904175,2.640000104904175,4000.0
2026-09-10 14:51:00,ONYX.V,,1.6399999856948853,1.6399999856948853,1.6399999856948853,1.6399999856948853,1000.0
2026-09-10 14:51:00,PML.V,,1.7400000095367432,1.7400000095367432,1.7400000095367432,1.7400000095367432,100.0
2026-09-10 14:51:00,PNPN.V,,1.190000057220459,1.190000057220459,1.184999942779541,1.184999942779541,600.0
2026-09-10 14:51:00,QTWO.V,,2.5799999237060547,2.5799999237060547,2.5799999237060547,2.5799999237060547,100.0
2026-09-10 14:51:00,RDS.V,,1.159999966621399,1.159999966621399,1.159999966621399,1.159999966621399,100.0
2026-09-10 14:52:00,MGG.V,,0.3499999940395355,0.3499999940395355,0.3499999940395355,0.3499999940395355,5613.0
2026-09-10 14:52:00,NAU.V,,1.1699999570846558,1.1699999570846558,1.1699999570846558,1.1699999570846558,200.0
2026-09-10 14:52:00,NSE.V,,0.7699999809265137,0.7699999809265137,0.7699999809265137,0.7699999809265137,14000.0
2026-09-10 14:52:00,NWST.V,,0.3700000047683716,0.3700000047683716,0.3700000047683716,0.3700000047683716,4000.0
2026-09-10 14:52:00,OMG.V,,2.6500000953674316,2.6500000953674316,2.6500000953674316,2.6500000953674316,100.0
2026-09-10 14:52:00,ONYX.V,,1.6399999856948853,1.6449999809265137,1.6399999856948853,1.6449999809265137,1900.0
2026-09-10 14:52:00,PESO.V,,0.5400000214576721,0.5400000214576721,0.5400000214576721,0.5400000214576721,2000.0
2026-09-10 14:52:00,PGE.V,,0.4099999964237213,0.4099999964237213,0.4099999964237213,0.4099999964237213,500.0
2026-09-10 14:52:00,PML.V,,1.7400000095367432,1.7400000095367432,1.7400000095367432,1.7400000095367432,100.0
2026-09-10 14:52:00,PNPN.V,,1.190000057220459,1.190000057220459,1.1799999475479126,1.1799999475479126,1700.0
2026-09-10 14:52:00,PPP.V,,0.8399999737739563,0.8399999737739563,0.8399999737739563,0.8399999737739563,1500.0
2026-09-10 14:52:00,QTWO.V,,2.5799999237060547,2.5799999237060547,2.5799999237060547,2.5799999237060547,400.0
2026-09-10 14:52:00,RML.V,,1.2100000381469727,1.2100000381469727,1.2100000381469727,1.2100000381469727,100.0
2026-09-10 14:52:00,ROK.V,,0.4000000059604645,0.4000000059604645,0.4000000059604645,0.4000000059604645,500.0
2026-09-10 14:52:00,SMN.V,,0.1550000011920929,0.1550000011920929,0.1550000011920929,0.1550000011920929,500.0
2026-09-10 14:53:00,NAU.V,,1.1699999570846558,1.1699999570846558,1.1699999570846558,1.1699999570846558,300.0
2026-09-10 14:53:00,NWST.V,,0.3700000047683716,0.3700000047683716,0.3700000047683716,0.3700000047683716,5000.0
2026-09-10 14:53:00,OMG.V,,2.6500000953674316,2.6500000953674316,2.6500000953674316,2.6500000953674316,300.0
2026-09-10 14:53:00,PML.V,,1.7200000286102295,1.7200000286102295,1.7200000286102295,1.7200000286102295,200.0
2026-09-10 14:53:00,PNPN.V,,1.190000057220459,1.190000057220459,1.190000057220459,1.190000057220459,800.0
2026-09-10 14:53:00,QTWO.V,,2.5799999237060547,2.5799999237060547,2.5799999237060547,2.5799999237060547,400.0
2026-09-10 14:53:00,RECO.V,,0.6150000095367432,0.6150000095367432,0.6150000095367432,0.6150000095367432,500.0
2026-09-10 14:54:00,NAU.V,,1.1699999570846558,1.1699999570846558,1.1699999570846558,1.1699999570846558,300.0
2026-09-10 14:54:00,OMG.V,,2.6500000953674316,2.6500000953674316,2.6500000953674316,2.6500000953674316,200.0
2026-09-10 14:54:00,PML.V,,1.7200000286102295,1.7300000190734863,1.7200000286102295,1.7300000190734863,900.0
2026-09-10 14:54:00,PNPN.V,,1.190000057220459,1.190000057220459,1.190000057220459,1.190000057220459,600.0
2026-09-10 14:54:00,RECO.V,,0.6150000095367432,0.6150000095367432,0.6150000095367432,0.6150000095367432,1000.0
2026-09-10 14:54:00,RML.V,,1.2000000476837158,1.2100000381469727,1.2000000476837158,1.2100000381469727,900.0
2026-09-10 14:54:00,RSS.V,,0.5799999833106995,0.5799999833106995,0.574999988079071,0.574999988079071,8500.0
2026-09-10 14:54:00,SAG.V,,1.3300000429153442,1.3300000429153442,1.3300000429153442,1.3300000429153442,100.0
2026-09-10 14:54:00,SME.V,,0.1599999964237213,0.1599999964237213,0.15000000596046448,0.15000000596046448,128000.0
2026-09-10 14:55:00,NAU.V,,1.1699999570846558,1.1699999570846558,1.1699999570846558,1.1699999570846558,300.0
2026-09-10 14:55:00,OMG.V,,2.6549999713897705,2.6549999713897705,2.6500000953674316,2.6500000953674316,1400.0
2026-09-10 14:55:00,PGE.V,,0.41499999165534973,0.41499999165534973,0.41499999165534973,0.41499999165534973,6000.0
2026-09-10 14:55:00,PNPN.V,,1.190000057220459,1.190000057220459,1.190000057220459,1.190000057220459,1000.0
2026-09-10 14:55:00,ROCK.V,,4.360000133514404,4.360000133514404,4.360000133514404,4.360000133514404,100.0
2026-09-10 14:55:00,SCOT.V,,3.069999933242798,3.069999933242798,3.069999933242798,3.069999933242798,6700.0
2026-09-10 14:56:00,NAU.V,,1.1699999570846558,1.1699999570846558,1.1699999570846558,1.1699999570846558,300.0
2026-09-10 14:56:00,OCO.V,,0.48500001430511475,0.48500001430511475,0.48500001430511475,0.48500001430511475,500.0
2026-09-10 14:56:00,OMG.V,,2.6549999713897705,2.6600000858306885,2.6549999713897705,2.6600000858306885,500.0
2026-09-10 14:56:00,PEAK.V,,0.41499999165534973,0.41499999165534973,0.41499999165534973,0.41499999165534973,1000.0
2026-09-10 14:56:00,PLSR.V,,1.25,1.25,1.25,1.25,100.0
2026-09-10 14:56:00,PML.V,,1.7200000286102295,1.7200000286102295,1.7200000286102295,1.7200000286102295,800.0
2026-09-10 14:56:00,PNPN.V,,1.190000057220459,1.190000057220459,1.184999942779541,1.190000057220459,700.0
2026-09-10 14:56:00,PPP.V,,0.8399999737739563,0.8399999737739563,0.8399999737739563,0.8399999737739563,1000.0
2026-09-10 14:56:00,QTWO.V,,2.5850000381469727,2.5899999141693115,2.5850000381469727,2.5899999141693115,300.0
2026-09-10 14:56:00,ROK.V,,0.4000000059604645,0.4000000059604645,0.4000000059604645,0.4000000059604645,500.0
2026-09-10 14:56:00,SCOT.V,,3.069999933242798,3.069999933242798,3.069999933242798,3.069999933242798,3000.0
2026-09-10 14:56:00,SM.V,,1.5099999904632568,1.5099999904632568,1.5,1.5,2151.0
2026-09-10 14:57:00,MMY.V,,1.0099999904632568,1.0099999904632568,1.0099999904632568,1.0099999904632568,300.0
2026-09-10 14:57:00,NAU.V,,1.1699999570846558,1.1699999570846558,1.1699999570846558,1.1699999570846558,200.0
2026-09-10 14:57:00,NSU.V,,0.1899999976158142,0.1899999976158142,0.1899999976158142,0.1899999976158142,1000.0
2026-09-10 14:57:00,OMG.V,,2.6549999713897705,2.6549999713897705,2.6549999713897705,2.6549999713897705,500.0
2026-09-10 14:57:00,PML.V,,1.7200000286102295,1.7200000286102295,1.7200000286102295,1.7200000286102295,800.0
2026-09-10 14:57:00,PNPN.V,,1.190000057220459,1.190000057220459,1.184999942779541,1.190000057220459,1500.0
2026-09-10 14:57:00,QTWO.V,,2.5899999141693115,2.5899999141693115,2.5899999141693115,2.5899999141693115,400.0
2026-09-10 14:57:00,SHL.V,,0.39500001072883606,0.39500001072883606,0.39500001072883606,0.39500001072883606,3500.0
2026-09-10 14:57:00,SLG.V,,5.679999828338623,5.679999828338623,5.679999828338623,5.679999828338623,600.0
2026-09-10 14:57:00,STUV.V,,0.5299999713897705,0.550000011920929,0.5299999713897705,0.550000011920929,4500.0
2026-09-10 14:58:00,MMM.V,,0.125,0.125,0.125,0.125,8500.0
2026-09-10 14:58:00,NAU.V,,1.1799999475479126,1.1799999475479126,1.1799999475479126,1.1799999475479126,2100.0
2026-09-10 14:58:00,NCAU.V,,0.3100000023841858,0.3100000023841858,0.3100000023841858,0.3100000023841858,500.0
2026-09-10 14:58:00,OMG.V,,2.6549999713897705,2.6549999713897705,2.6549999713897705,2.6549999713897705,900.0
2026-09-10 14:58:00,PEAK.V,,0.41499999165534973,0.41499999165534973,0.41499999165534973,0.41499999165534973,10000.0
2026-09-10 14:58:00,PML.V,,1.7300000190734863,1.7300000190734863,1.7300000190734863,1.7300000190734863,300.0
2026-09-10 14:58:00,PNPN.V,,1.190000057220459,1.190000057220459,1.184999942779541,1.190000057220459,700.0
2026-09-10 14:58:00,QTWO.V,,2.5850000381469727,2.5850000381469727,2.5850000381469727,2.5850000381469727,200.0
2026-09-10 14:58:00,RDS.V,,1.1699999570846558,1.1699999570846558,1.1699999570846558,1.1699999570846558,900.0
2026-09-10 14:58:00,RECO.V,,0.6150000095367432,0.6150000095367432,0.6150000095367432,0.6150000095367432,10000.0
2026-09-10 14:58:00,SNG.V,,0.125,0.125,0.125,0.125,0.0
2026-09-10 14:59:00,BKM.V,,2.799999952316284,2.799999952316284,2.799999952316284,2.799999952316284,100.0
2026-09-10 14:59:00,NAU.V,,1.1799999475479126,1.1799999475479126,1.1799999475479126,1.1799999475479126,200.0
2026-09-10 14:59:00,OMG.V,,2.6549999713897705,2.6549999713897705,2.6549999713897705,2.6549999713897705,300.0
2026-09-10 14:59:00,PML.V,,1.7300000190734863,1.7300000190734863,1.7200000286102295,1.7200000286102295,900.0
2026-09-10 14:59:00,PNPN.V,,1.190000057220459,1.190000057220459,1.190000057220459,1.190000057220459,600.0
2026-09-10 14:59:00,QTWO.V,,2.5850000381469727,2.5850000381469727,2.5850000381469727,2.5850000381469727,300.0
2026-09-10 14:59:00,SSV.V,,0.6100000143051147,0.6100000143051147,0.6100000143051147,0.6100000143051147,4000.0
2026-09-10 14:59:00,SVE.V,,0.4350000023841858,0.4350000023841858,0.4350000023841858,0.4350000023841858,16000.0
2026-09-10 15:00:00,NAU.V,,1.1799999475479126,1.1799999475479126,1.1799999475479126,1.1799999475479126,300.0
2026-09-10 15:00:00,OCO.V,,0.47999998927116394,0.47999998927116394,0.47999998927116394,0.47999998927116394,500.0
2026-09-10 15:00:00,OMG.V,,2.6500000953674316,2.6549999713897705,2.6500000953674316,2.6549999713897705,6100.0
2026-09-10 15:00:00,PML.V,,1.7200000286102295,1.7300000190734863,1.7200000286102295,1.7300000190734863,900.0
2026-09-10 15:00:00,PNPN.V,,1.184999942779541,1.190000057220459,1.184999942779541,1.190000057220459,500.0
2026-09-10 15:00:00,QTWO.V,,2.5850000381469727,2.5850000381469727,2.5850000381469727,2.5850000381469727,200.0
2026-09-10 15:00:00,RECO.V,,0.6150000095367432,0.6150000095367432,0.6150000095367432,0.6150000095367432,2500.0
2026-09-10 15:00:00,RML.V,,1.2000000476837158,1.2100000381469727,1.2000000476837158,1.2100000381469727,700.0
2026-09-10 15:00:00,SCOT.V,,3.059999942779541,3.059999942779541,3.059999942779541,3.059999942779541,1100.0
2026-09-10 15:00:00,SVRS.V,,0.5049999952316284,0.5049999952316284,0.5049999952316284,0.5049999952316284,2000.0
2026-09-10 15:01:00,NAU.V,,1.1799999475479126,1.1799999475479126,1.1799999475479126,1.1799999475479126,200.0
2026-09-10 15:01:00,NCAU.V,,0.3100000023841858,0.3100000023841858,0.3100000023841858,0.3100000023841858,500.0
2026-09-10 15:01:00,OGO.V,,0.44999998807907104,0.44999998807907104,0.44999998807907104,0.44999998807907104,1000.0
2026-09-10 15:01:00,PML.V,,1.7200000286102295,1.7200000286102295,1.7200000286102295,1.7200000286102295,800.0
2026-09-10 15:01:00,PNPN.V,,1.1799999475479126,1.184999942779541,1.1799999475479126,1.184999942779541,54231.0
2026-09-10 15:01:00,PPP.V,,0.8399999737739563,0.8399999737739563,0.8349999785423279,0.8349999785423279,6000.0
2026-09-10 15:01:00,QNC.V,,2.4100000858306885,2.4100000858306885,2.4100000858306885,2.4100000858306885,900.0
2026-09-10 15:01:00,QTWO.V,,2.5850000381469727,2.5850000381469727,2.5850000381469727,2.5850000381469727,200.0
2026-09-10 15:01:00,RLYG.V,,0.6399999856948853,0.6399999856948853,0.6399999856948853,0.6399999856948853,0.0
2026-09-10 15:01:00,SOI.V,,0.19499999284744263,0.19499999284744263,0.19499999284744263,0.19499999284744263,500.0
2026-09-10 15:01:00,SVRS.V,,0.5049999952316284,0.5049999952316284,0.5049999952316284,0.5049999952316284,1500.0
2026-09-10 15:02:00,NAU.V,,1.1799999475479126,1.1799999475479126,1.1699999570846558,1.1799999475479126,400.0
2026-09-10 15:02:00,PLSR.V,,1.25,1.25,1.25,1.25,100.0
2026-09-10 15:02:00,PML.V,,1.7200000286102295,1.7300000190734863,1.7200000286102295,1.7200000286102295,1802.0
2026-09-10 15:02:00,PPP.V,,0.8399999737739563,0.8399999737739563,0.8399999737739563,0.8399999737739563,500.0
2026-09-10 15:02:00,QTWO.V,,2.5850000381469727,2.5850000381469727,2.5850000381469727,2.5850000381469727,200.0
2026-09-10 15:02:00,RDS.V,,1.1699999570846558,1.1699999570846558,1.1699999570846558,1.1699999570846558,400.0
2026-09-10 15:03:00,NAU.V,,1.1799999475479126,1.1799999475479126,1.1799999475479126,1.1799999475479126,200.0
2026-09-10 15:03:00,NSE.V,,0.7699999809265137,0.7699999809265137,0.7699999809265137,0.7699999809265137,668.0
2026-09-10 15:03:00,OMG.V,,2.6449999809265137,2.6449999809265137,2.6449999809265137,2.6449999809265137,200.0
2026-09-10 15:03:00,OPW.V,,0.16500000655651093,0.16500000655651093,0.16500000655651093,0.16500000655651093,4500.0
2026-09-10 15:03:00,PML.V,,1.7200000286102295,1.7200000286102295,1.7200000286102295,1.7200000286102295,9300.0
2026-09-10 15:03:00,PNPN.V,,1.1799999475479126,1.1799999475479126,1.1799999475479126,1.1799999475479126,100.0
2026-09-10 15:03:00,QNC.V,,2.4100000858306885,2.4100000858306885,2.4100000858306885,2.4100000858306885,4600.0
2026-09-10 15:03:00,QTWO.V,,2.5850000381469727,2.5850000381469727,2.5850000381469727,2.5850000381469727,300.0
2026-09-10 15:03:00,SM.V,,1.5,1.5,1.5,1.5,3600.0
2026-09-10 15:04:00,MMY.V,,1.0,1.0,1.0,1.0,100.0
2026-09-10 15:04:00,NAU.V,,1.1799999475479126,1.1799999475479126,1.1799999475479126,1.1799999475479126,200.0
2026-09-10 15:04:00,OCO.V,,0.47999998927116394,0.47999998927116394,0.47999998927116394,0.47999998927116394,2500.0
2026-09-10 15:04:00,QTWO.V,,2.5850000381469727,2.5850000381469727,2.5850000381469727,2.5850000381469727,200.0
2026-09-10 15:04:00,RE.V,,0.3799999952316284,0.3799999952316284,0.3799999952316284,0.3799999952316284,500.0
2026-09-10 15:04:00,RVG.V,,0.9100000262260437,0.9100000262260437,0.9100000262260437,0.9100000262260437,17720.0
2026-09-10 15:05:00,MMY.V,,1.0,1.0,1.0,1.0,5100.0
2026-09-10 15:05:00,NAU.V,,1.1799999475479126,1.1799999475479126,1.1799999475479126,1.1799999475479126,400.0
2026-09-10 15:05:00,NCAU.V,,0.3100000023841858,0.3100000023841858,0.3100000023841858,0.3100000023841858,500.0
2026-09-10 15:05:00,ONYX.V,,1.6399999856948853,1.6399999856948853,1.6399999856948853,1.6399999856948853,100.0
2026-09-10 15:05:00,PNPN.V,,1.184999942779541,1.190000057220459,1.184999942779541,1.190000057220459,7100.0
2026-09-10 15:05:00,PUR.V,,0.5600000023841858,0.5600000023841858,0.5600000023841858,0.5600000023841858,500.0
2026-09-10 15:05:00,QTWO.V,,2.5850000381469727,2.5850000381469727,2.5850000381469727,2.5850000381469727,100.0
2026-09-10 15:05:00,REX.V,,0.22499999403953552,0.22499999403953552,0.22499999403953552,0.22499999403953552,25500.0
2026-09-10 15:05:00,SMD.V,,0.3400000035762787,0.3400000035762787,0.3400000035762787,0.3400000035762787,1000.0
2026-09-10 15:06:00,MUN.V,,0.3700000047683716,0.375,0.3700000047683716,0.375,2000.0
2026-09-10 15:06:00,NAM.V,,0.20499999821186066,0.20499999821186066,0.20499999821186066,0.20499999821186066,5000.0
2026-09-10 15:06:00,NAU.V,,1.1799999475479126,1.1799999475479126,1.1799999475479126,1.1799999475479126,100.0
2026-09-10 15:06:00,OMG.V,,2.6449999809265137,2.6449999809265137,2.6449999809265137,2.6449999809265137,100.0
2026-09-10 15:06:00,PML.V,,1.7000000476837158,1.7100000381469727,1.7000000476837158,1.7100000381469727,15708.0
2026-09-10 15:06:00,PNPN.V,,1.184999942779541,1.184999942779541,1.1799999475479126,1.184999942779541,1300.0
2026-09-10 15:06:00,PPP.V,,0.8399999737739563,0.8399999737739563,0.8399999737739563,0.8399999737739563,500.0
2026-09-10 15:06:00,QTWO.V,,2.5850000381469727,2.5850000381469727,2.5850000381469727,2.5850000381469727,200.0
2026-09-10 15:06:00,RECO.V,,0.6150000095367432,0.6150000095367432,0.6150000095367432,0.6150000095367432,500.0
2026-09-10 15:06:00,RML.V,,1.2000000476837158,1.2000000476837158,1.2000000476837158,1.2000000476837158,100.0
2026-09-10 15:07:00,NAU.V,,1.1799999475479126,1.1799999475479126,1.1799999475479126,1.1799999475479126,300.0
2026-09-10 15:07:00,NCI.V,,0.4300000071525574,0.4300000071525574,0.4300000071525574,0.4300000071525574,500.0
2026-09-10 15:07:00,NIM.V,,0.7699999809265137,0.7699999809265137,0.7699999809265137,0.7699999809265137,500.0
2026-09-10 15:07:00,OCI.V,,0.17499999701976776,0.18000000715255737,0.17499999701976776,0.18000000715255737,25000.0
2026-09-10 15:07:00,OMG.V,,2.640000104904175,2.6449999809265137,2.640000104904175,2.6449999809265137,8620.0
2026-09-10 15:07:00,PGE.V,,0.4099999964237213,0.4099999964237213,0.4099999964237213,0.4099999964237213,500.0
2026-09-10 15:07:00,PML.V,,1.7100000381469727,1.7100000381469727,1.7100000381469727,1.7100000381469727,2900.0
2026-09-10 15:07:00,PNPN.V,,1.184999942779541,1.184999942779541,1.184999942779541,1.184999942779541,700.0
2026-09-10 15:07:00,PPP.V,,0.8399999737739563,0.8399999737739563,0.8399999737739563,0.8399999737739563,500.0
2026-09-10 15:07:00,PPX.V,,0.2549999952316284,0.2549999952316284,0.2549999952316284,0.2549999952316284,41500.0
2026-09-10 15:07:00,QNC.V,,2.4100000858306885,2.4100000858306885,2.4100000858306885,2.4100000858306885,200.0
2026-09-10 15:07:00,QTWO.V,,2.5850000381469727,2.5850000381469727,2.5850000381469727,2.5850000381469727,100.0
2026-09-10 15:07:00,ROCK.V,,4.360000133514404,4.360000133514404,4.360000133514404,4.360000133514404,100.0
2026-09-10 15:07:00,ROI.V,,0.14000000059604645,0.14000000059604645,0.14000000059604645,0.14000000059604645,0.0
2026-09-10 15:07:00,SAGE.V,,0.13500000536441803,0.13500000536441803,0.13500000536441803,0.13500000536441803,5000.0
2026-09-10 15:07:00,SLG.V,,5.679999828338623,5.679999828338623,5.679999828338623,5.679999828338623,100.0
2026-09-10 15:07:00,SOMA.V,,0.6800000071525574,0.6800000071525574,0.6800000071525574,0.6800000071525574,9000.0
2026-09-10 15:07:00,SSV.V,,0.6100000143051147,0.6100000143051147,0.6100000143051147,0.6100000143051147,3100.0
2026-09-10 15:07:00,SVE.V,,0.4399999976158142,0.4399999976158142,0.4399999976158142,0.4399999976158142,2000.0
2026-09-10 15:08:00,NAM.V,,0.20499999821186066,0.20499999821186066,0.20499999821186066,0.20499999821186066,46500.0
2026-09-10 15:08:00,NAU.V,,1.1799999475479126,1.1799999475479126,1.1799999475479126,1.1799999475479126,200.0
2026-09-10 15:08:00,NCAU.V,,0.3100000023841858,0.3100000023841858,0.3100000023841858,0.3100000023841858,500.0
2026-09-10 15:08:00,OMG.V,,2.630000114440918,2.630000114440918,2.630000114440918,2.630000114440918,100.0
2026-09-10 15:08:00,PLSR.V,,1.25,1.25,1.25,1.25,100.0
2026-09-10 15:08:00,PNPN.V,,1.184999942779541,1.184999942779541,1.184999942779541,1.184999942779541,3700.0
2026-09-10 15:08:00,PPP.V,,0.8399999737739563,0.8399999737739563,0.8399999737739563,0.8399999737739563,500.0
2026-09-10 15:08:00,QTWO.V,,2.5850000381469727,2.5850000381469727,2.5850000381469727,2.5850000381469727,200.0
2026-09-10 15:08:00,ROCK.V,,4.360000133514404,4.360000133514404,4.360000133514404,4.360000133514404,200.0
2026-09-10 15:08:00,RSS.V,,0.5699999928474426,0.5699999928474426,0.5699999928474426,0.5699999928474426,4500.0
2026-09-10 15:09:00,NAU.V,,1.1799999475479126,1.1799999475479126,1.1799999475479126,1.1799999475479126,200.0
2026-09-10 15:09:00,OMG.V,,2.640000104904175,2.640000104904175,2.634999990463257,2.640000104904175,900.0
2026-09-10 15:09:00,PNPN.V,,1.190000057220459,1.190000057220459,1.184999942779541,1.184999942779541,600.0
2026-09-10 15:09:00,PPP.V,,0.8399999737739563,0.8399999737739563,0.8399999737739563,0.8399999737739563,500.0
2026-09-10 15:09:00,QTWO.V,,2.5799999237060547,2.5799999237060547,2.5799999237060547,2.5799999237060547,1000.0
2026-09-10 15:09:00,RDS.V,,1.1699999570846558,1.1699999570846558,1.1699999570846558,1.1699999570846558,500.0
2026-09-10 15:09:00,RVG.V,,0.9100000262260437,0.9100000262260437,0.9100000262260437,0.9100000262260437,6000.0
2026-09-10 15:09:00,SLG.V,,5.650000095367432,5.659999847412109,5.650000095367432,5.659999847412109,600.0
2026-09-10 15:10:00,NAM.V,,0.20499999821186066,0.20499999821186066,0.20499999821186066,0.20499999821186066,1500.0
2026-09-10 15:10:00,NAU.V,,1.1799999475479126,1.1799999475479126,1.1799999475479126,1.1799999475479126,300.0
2026-09-10 15:10:00,OMG.V,,2.640000104904175,2.640000104904175,2.640000104904175,2.640000104904175,200.0
2026-09-10 15:10:00,PGE.V,,0.41999998688697815,0.41999998688697815,0.41999998688697815,0.41999998688697815,680.0
2026-09-10 15:10:00,PML.V,,1.7300000190734863,1.7300000190734863,1.7200000286102295,1.7200000286102295,300.0
2026-09-10 15:10:00,PNPN.V,,1.190000057220459,1.190000057220459,1.190000057220459,1.190000057220459,700.0
2026-09-10 15:10:00,PPX.V,,0.2549999952316284,0.2549999952316284,0.2549999952316284,0.2549999952316284,31000.0
2026-09-10 15:10:00,RDG.V,,0.24500000476837158,0.24500000476837158,0.24500000476837158,0.24500000476837158,60000.0
2026-09-10 15:11:00,NAM.V,,0.20499999821186066,0.20499999821186066,0.20499999821186066,0.20499999821186066,3500.0
2026-09-10 15:11:00,NAU.V,,1.1799999475479126,1.1799999475479126,1.1799999475479126,1.1799999475479126,200.0
2026-09-10 15:11:00,OMG.V,,2.640000104904175,2.640000104904175,2.640000104904175,2.640000104904175,1900.0
2026-09-10 15:11:00,PML.V,,1.7300000190734863,1.7300000190734863,1.7300000190734863,1.7300000190734863,300.0
2026-09-10 15:11:00,PNPN.V,,1.190000057220459,1.190000057220459,1.190000057220459,1.190000057220459,600.0
2026-09-10 15:11:00,PPP.V,,0.8399999737739563,0.8399999737739563,0.8399999737739563,0.8399999737739563,500.0
2026-09-10 15:11:00,RDS.V,,1.1699999570846558,1.1699999570846558,1.1699999570846558,1.1699999570846558,300.0
2026-09-10 15:11:00,SLG.V,,5.650000095367432,5.650000095367432,5.650000095367432,5.650000095367432,1900.0
2026-09-10 15:11:00,SSV.V,,0.6100000143051147,0.6100000143051147,0.6100000143051147,0.6100000143051147,1000.0
2026-09-10 15:12:00,MMY.V,,1.0,1.0,1.0,1.0,300.0
2026-09-10 15:12:00,MUN.V,,0.36500000953674316,0.36500000953674316,0.36500000953674316,0.36500000953674316,1000.0
2026-09-10 15:12:00,NAU.V,,1.1799999475479126,1.1799999475479126,1.1799999475479126,1.1799999475479126,200.0
2026-09-10 15:12:00,NCAU.V,,0.3100000023841858,0.3100000023841858,0.3100000023841858,0.3100000023841858,500.0
2026-09-10 15:12:00,PML.V,,1.7300000190734863,1.7300000190734863,1.7300000190734863,1.7300000190734863,400.0
2026-09-10 15:12:00,PNPN.V,,1.190000057220459,1.190000057220459,1.190000057220459,1.190000057220459,600.0
2026-09-10 15:12:00,ROK.V,,0.4000000059604645,0.4000000059604645,0.4000000059604645,0.4000000059604645,500.0
2026-09-10 15:12:00,SCD.V,,0.17499999701976776,0.17499999701976776,0.17499999701976776,0.17499999701976776,2000.0
2026-09-10 15:12:00,SLG.V,,5.650000095367432,5.650000095367432,5.650000095367432,5.650000095367432,1370.0
2026-09-10 15:13:00,NAU.V,,1.1799999475479126,1.1799999475479126,1.1799999475479126,1.1799999475479126,200.0
2026-09-10 15:13:00,OMG.V,,2.640000104904175,2.640000104904175,2.640000104904175,2.640000104904175,200.0
2026-09-10 15:13:00,PLSR.V,,1.25,1.25,1.25,1.25,100.0
2026-09-10 15:13:00,PML.V,,1.7300000190734863,1.7300000190734863,1.7300000190734863,1.7300000190734863,400.0
2026-09-10 15:13:00,PNPN.V,,1.190000057220459,1.190000057220459,1.190000057220459,1.190000057220459,600.0
2026-09-10 15:13:00,PPP.V,,0.8399999737739563,0.8399999737739563,0.8399999737739563,0.8399999737739563,500.0
2026-09-10 15:13:00,RDS.V,,1.1699999570846558,1.1699999570846558,1.1699999570846558,1.1699999570846558,2000.0
2026-09-10 15:13:00,SPRQ.V,,1.0,1.0,1.0,1.0,100.0
2026-09-10 15:14:00,NAU.V,,1.1799999475479126,1.1799999475479126,1.1799999475479126,1.1799999475479126,200.0
2026-09-10 15:14:00,OMG.V,,2.640000104904175,2.640000104904175,2.640000104904175,2.640000104904175,100.0
2026-09-10 15:14:00,PLSR.V,,1.25,1.25,1.25,1.25,200.0
2026-09-10 15:14:00,PML.V,,1.7300000190734863,1.7300000190734863,1.7300000190734863,1.7300000190734863,400.0
2026-09-10 15:14:00,PNPN.V,,1.190000057220459,1.190000057220459,1.190000057220459,1.190000057220459,600.0
2026-09-10 15:14:00,QGR.V,,0.20000000298023224,0.20499999821186066,0.20000000298023224,0.20499999821186066,41950.0
2026-09-10 15:14:00,QTWO.V,,2.5799999237060547,2.5799999237060547,2.5799999237060547,2.5799999237060547,100.0
2026-09-10 15:14:00,SLG.V,,5.670000076293945,5.690000057220459,5.650000095367432,5.650000095367432,2400.0
2026-09-10 15:14:00,SVE.V,,0.4350000023841858,0.4399999976158142,0.4350000023841858,0.4399999976158142,28050.0
2026-09-10 15:15:00,MMY.V,,0.9950000047683716,1.0,0.9950000047683716,1.0,400.0
2026-09-10 15:15:00,NAU.V,,1.1799999475479126,1.1799999475479126,1.1799999475479126,1.1799999475479126,200.0
2026-09-10 15:15:00,OMG.V,,2.6449999809265137,2.6449999809265137,2.640000104904175,2.640000104904175,8100.0
2026-09-10 15:15:00,PLSR.V,,1.2549999952316284,1.2549999952316284,1.2549999952316284,1.2549999952316284,1133.0
2026-09-10 15:15:00,PML.V,,1.7300000190734863,1.7300000190734863,1.7300000190734863,1.7300000190734863,400.0
2026-09-10 15:15:00,PNPN.V,,1.190000057220459,1.190000057220459,1.190000057220459,1.190000057220459,500.0
2026-09-10 15:15:00,PPP.V,,0.8399999737739563,0.8399999737739563,0.8399999737739563,0.8399999737739563,500.0
2026-09-10 15:15:00,PUR.V,,0.550000011920929,0.550000011920929,0.550000011920929,0.550000011920929,11500.0
2026-09-10 15:15:00,QGR.V,,0.20000000298023224,0.20000000298023224,0.20000000298023224,0.20000000298023224,209005.0
2026-09-10 15:15:00,QTWO.V,,2.5799999237060547,2.5799999237060547,2.5799999237060547,2.5799999237060547,500.0
2026-09-10 15:15:00,SAG.V,,1.3300000429153442,1.3300000429153442,1.3300000429153442,1.3300000429153442,300.0
2026-09-10 15:16:00,MGG.V,,0.33500000834465027,0.3449999988079071,0.33500000834465027,0.3449999988079071,36301.0
2026-09-10 15:16:00,NAU.V,,1.1799999475479126,1.1799999475479126,1.1799999475479126,1.1799999475479126,300.0
2026-09-10 15:16:00,NCAU.V,,0.3100000023841858,0.3100000023841858,0.3100000023841858,0.3100000023841858,500.0
2026-09-10 15:16:00,OMG.V,,2.6449999809265137,2.6449999809265137,2.6449999809265137,2.6449999809265137,300.0
2026-09-10 15:16:00,PGE.V,,0.4099999964237213,0.4099999964237213,0.4099999964237213,0.4099999964237213,500.0
2026-09-10 15:16:00,PML.V,,1.7300000190734863,1.7300000190734863,1.7300000190734863,1.7300000190734863,9600.0
2026-09-10 15:16:00,PNPN.V,,1.190000057220459,1.190000057220459,1.190000057220459,1.190000057220459,500.0
2026-09-10 15:16:00,PUR.V,,0.5400000214576721,0.5400000214576721,0.5400000214576721,0.5400000214576721,2000.0
2026-09-10 15:16:00,QTWO.V,,2.5899999141693115,2.5899999141693115,2.5899999141693115,2.5899999141693115,100.0
2026-09-10 15:16:00,RECO.V,,0.6150000095367432,0.6150000095367432,0.6150000095367432,0.6150000095367432,5500.0
2026-09-10 15:16:00,RML.V,,1.2100000381469727,1.2100000381469727,1.2100000381469727,1.2100000381469727,100.0
2026-09-10 15:16:00,ROK.V,,0.4000000059604645,0.4000000059604645,0.4000000059604645,0.4000000059604645,500.0
2026-09-10 15:16:00,RSS.V,,0.5699999928474426,0.5699999928474426,0.5699999928474426,0.5699999928474426,500.0
2026-09-10 15:17:00,MMY.V,,1.0,1.0,1.0,1.0,300.0
2026-09-10 15:17:00,NAU.V,,1.1799999475479126,1.1799999475479126,1.1799999475479126,1.1799999475479126,100.0
2026-09-10 15:17:00,NKW-H.V,,0.10000000149011612,0.10000000149011612,0.10000000149011612,0.10000000149011612,1000.0
2026-09-10 15:17:00,OCO.V,,0.47999998927116394,0.47999998927116394,0.47999998927116394,0.47999998927116394,14000.0
2026-09-10 15:17:00,OMG.V,,2.640000104904175,2.640000104904175,2.640000104904175,2.640000104904175,6400.0
2026-09-10 15:17:00,PML.V,,1.7300000190734863,1.7300000190734863,1.7300000190734863,1.7300000190734863,400.0
2026-09-10 15:17:00,PNPN.V,,1.190000057220459,1.190000057220459,1.1799999475479126,1.190000057220459,2700.0
2026-09-10 15:17:00,PPP.V,,0.8399999737739563,0.8399999737739563,0.8399999737739563,0.8399999737739563,500.0
2026-09-10 15:17:00,QTWO.V,,2.5899999141693115,2.5899999141693115,2.5899999141693115,2.5899999141693115,100.0
2026-09-10 15:18:00,MHUB.V,,0.48500001430511475,0.48500001430511475,0.48500001430511475,0.48500001430511475,500.0
2026-09-10 15:18:00,NAU.V,,1.1799999475479126,1.1799999475479126,1.1799999475479126,1.1799999475479126,200.0
2026-09-10 15:18:00,NSU.V,,0.1899999976158142,0.1899999976158142,0.1899999976158142,0.1899999976158142,45000.0
2026-09-10 15:18:00,PGE.V,,0.4099999964237213,0.4099999964237213,0.4099999964237213,0.4099999964237213,3000.0
2026-09-10 15:18:00,PML.V,,1.7300000190734863,1.7300000190734863,1.7300000190734863,1.7300000190734863,300.0
2026-09-10 15:18:00,PNPN.V,,1.1799999475479126,1.190000057220459,1.1799999475479126,1.190000057220459,8100.0
2026-09-10 15:18:00,PVF-UN.V,,15.5,16.0,15.5,16.0,3900.0
2026-09-10 15:18:00,QNC.V,,2.4000000953674316,2.4000000953674316,2.4000000953674316,2.4000000953674316,100.0
2026-09-10 15:18:00,SLG.V,,5.619999885559082,5.619999885559082,5.619999885559082,5.619999885559082,200.0
2026-09-10 15:18:00,SSV.V,,0.6050000190734863,0.6050000190734863,0.6050000190734863,0.6050000190734863,21500.0
2026-09-10 15:19:00,NAU.V,,1.1799999475479126,1.1799999475479126,1.1799999475479126,1.1799999475479126,200.0
2026-09-10 15:19:00,NCAU.V,,0.3100000023841858,0.3100000023841858,0.3100000023841858,0.3100000023841858,500.0
2026-09-10 15:19:00,NWST.V,,0.3799999952316284,0.3799999952316284,0.3799999952316284,0.3799999952316284,20500.0
2026-09-10 15:19:00,PLSR.V,,1.25,1.25,1.25,1.25,100.0
2026-09-10 15:19:00,PML.V,,1.7300000190734863,1.7300000190734863,1.7300000190734863,1.7300000190734863,2300.0
2026-09-10 15:19:00,QTWO.V,,2.5799999237060547,2.5799999237060547,2.5799999237060547,2.5799999237060547,700.0
2026-09-10 15:19:00,RECO.V,,0.6150000095367432,0.6150000095367432,0.6150000095367432,0.6150000095367432,2500.0
2026-09-10 15:19:00,RML.V,,1.2100000381469727,1.2100000381469727,1.2100000381469727,1.2100000381469727,100.0
2026-09-10 15:19:00,ROK.V,,0.4000000059604645,0.4000000059604645,0.4000000059604645,0.4000000059604645,500.0
2026-09-10 15:19:00,RTH.V,,0.03500000014901161,0.03500000014901161,0.03500000014901161,0.03500000014901161,0.0
2026-09-10 15:19:00,SLG.V,,5.599999904632568,5.610000133514404,5.599999904632568,5.610000133514404,300.0
2026-09-10 15:19:00,SOI.V,,0.19499999284744263,0.19499999284744263,0.19499999284744263,0.19499999284744263,10000.0
2026-09-10 15:20:00,MMY.V,,1.0,1.0,1.0,1.0,300.0
2026-09-10 15:20:00,NAU.V,,1.1799999475479126,1.1799999475479126,1.1799999475479126,1.1799999475479126,300.0
2026-09-10 15:20:00,OMG.V,,2.630000114440918,2.630000114440918,2.630000114440918,2.630000114440918,200.0
2026-09-10 15:20:00,PALI.V,,5.28000020980835,5.28000020980835,5.28000020980835,5.28000020980835,100.0
2026-09-10 15:20:00,PML.V,,1.7300000190734863,1.7300000190734863,1.7300000190734863,1.7300000190734863,300.0
2026-09-10 15:20:00,PPP.V,,0.8399999737739563,0.8399999737739563,0.8399999737739563,0.8399999737739563,500.0
2026-09-10 15:20:00,QTWO.V,,2.5799999237060547,2.5799999237060547,2.5799999237060547,2.5799999237060547,800.0
2026-09-10 15:20:00,RVG.V,,0.9100000262260437,0.9100000262260437,0.9100000262260437,0.9100000262260437,500.0
2026-09-10 15:21:00,NAU.V,,1.1799999475479126,1.1799999475479126,1.1799999475479126,1.1799999475479126,300.0
2026-09-10 15:21:00,NWST.V,,0.3700000047683716,0.375,0.3700000047683716,0.375,42500.0
2026-09-10 15:21:00,OMG.V,,2.630000114440918,2.630000114440918,2.630000114440918,2.630000114440918,700.0
2026-09-10 15:21:00,PML.V,,1.7300000190734863,1.7300000190734863,1.7300000190734863,1.7300000190734863,300.0
2026-09-10 15:21:00,RDS.V,,1.1699999570846558,1.1699999570846558,1.1699999570846558,1.1699999570846558,500.0
2026-09-10 15:21:00,ROK.V,,0.4000000059604645,0.4000000059604645,0.4000000059604645,0.4000000059604645,500.0
2026-09-10 15:22:00,MHUB.V,,0.5,0.5,0.5,0.5,500.0
2026-09-10 15:22:00,MMY.V,,1.0,1.0,1.0,1.0,300.0
2026-09-10 15:22:00,NAU.V,,1.1699999570846558,1.1699999570846558,1.1699999570846558,1.1699999570846558,100.0
2026-09-10 15:22:00,NCAU.V,,0.3050000071525574,0.3050000071525574,0.3050000071525574,0.3050000071525574,1000.0
2026-09-10 15:22:00,OCO.V,,0.4699999988079071,0.4749999940395355,0.4699999988079071,0.4749999940395355,6500.0
2026-09-10 15:22:00,OMG.V,,2.634999990463257,2.634999990463257,2.630000114440918,2.630000114440918,400.0
2026-09-10 15:22:00,PLSR.V,,1.2549999952316284,1.2549999952316284,1.2549999952316284,1.2549999952316284,200.0
2026-09-10 15:22:00,PML.V,,1.7300000190734863,1.7300000190734863,1.7200000286102295,1.7300000190734863,2300.0
2026-09-10 15:22:00,PNPN.V,,1.184999942779541,1.184999942779541,1.184999942779541,1.184999942779541,100.0
2026-09-10 15:22:00,RML.V,,1.2100000381469727,1.2100000381469727,1.2100000381469727,1.2100000381469727,100.0
2026-09-10 15:22:00,SEI.V,,0.3700000047683716,0.3700000047683716,0.3700000047683716,0.3700000047683716,2000.0
2026-09-10 15:22:00,SLG.V,,5.639999866485596,5.650000095367432,5.639999866485596,5.639999866485596,12900.0
2026-09-10 15:22:00,SVE.V,,0.42500001192092896,0.4350000023841858,0.42500001192092896,0.4350000023841858,39300.0
2026-09-10 15:23:00,HASH.V,,0.05999999865889549,0.05999999865889549,0.05999999865889549,0.05999999865889549,50000.0
2026-09-10 15:23:00,MGG.V,,0.3400000035762787,0.3400000035762787,0.3400000035762787,0.3400000035762787,7000.0
2026-09-10 15:23:00,MMY.V,,0.9900000095367432,0.9950000047683716,0.9900000095367432,0.9950000047683716,600.0
2026-09-10 15:23:00,NAU.V,,1.1699999570846558,1.1699999570846558,1.1699999570846558,1.1699999570846558,300.0
2026-09-10 15:23:00,NCAU.V,,0.3050000071525574,0.3050000071525574,0.3050000071525574,0.3050000071525574,500.0
2026-09-10 15:23:00,OMG.V,,2.634999990463257,2.634999990463257,2.634999990463257,2.634999990463257,400.0
2026-09-10 15:23:00,ONYX.V,,1.6399999856948853,1.6399999856948853,1.6399999856948853,1.6399999856948853,700.0
2026-09-10 15:23:00,PNPN.V,,1.184999942779541,1.184999942779541,1.184999942779541,1.184999942779541,400.0
2026-09-10 15:23:00,PPP.V,,0.8399999737739563,0.8399999737739563,0.8399999737739563,0.8399999737739563,700.0
2026-09-10 15:23:00,QTWO.V,,2.5899999141693115,2.5899999141693115,2.5899999141693115,2.5899999141693115,100.0
2026-09-10 15:23:00,SLG.V,,5.639999866485596,5.639999866485596,5.639999866485596,5.639999866485596,4800.0
2026-09-10 15:24:00,FEO.V,,0.7799999713897705,0.7799999713897705,0.7799999713897705,0.7799999713897705,500.0
2026-09-10 15:24:00,NAU.V,,1.1699999570846558,1.1699999570846558,1.1699999570846558,1.1699999570846558,200.0
2026-09-10 15:24:00,NCAU.V,,0.3050000071525574,0.3050000071525574,0.3050000071525574,0.3050000071525574,500.0
2026-09-10 15:24:00,OMG.V,,2.634999990463257,2.634999990463257,2.630000114440918,2.634999990463257,2900.0
2026-09-10 15:24:00,PGE.V,,0.41499999165534973,0.41499999165534973,0.41499999165534973,0.41499999165534973,500.0
2026-09-10 15:24:00,PNPN.V,,1.190000057220459,1.190000057220459,1.184999942779541,1.184999942779541,400.0
2026-09-10 15:24:00,RECO.V,,0.6150000095367432,0.6150000095367432,0.6150000095367432,0.6150000095367432,500.0
2026-09-10 15:25:00,MGG.V,,0.3449999988079071,0.3449999988079071,0.3449999988079071,0.3449999988079071,15500.0
2026-09-10 15:25:00,NAU.V,,1.1699999570846558,1.1699999570846558,1.1699999570846558,1.1699999570846558,300.0
2026-09-10 15:25:00,NSE.V,,0.7699999809265137,0.7699999809265137,0.7699999809265137,0.7699999809265137,10000.0
2026-09-10 15:25:00,NWST.V,,0.3700000047683716,0.3700000047683716,0.3700000047683716,0.3700000047683716,37500.0
2026-09-10 15:25:00,OMG.V,,2.630000114440918,2.634999990463257,2.619999885559082,2.634999990463257,40000.0
2026-09-10 15:25:00,OMI.V,,0.26499998569488525,0.26499998569488525,0.26499998569488525,0.26499998569488525,3500.0
2026-09-10 15:25:00,ONYX.V,,1.6399999856948853,1.6399999856948853,1.6399999856948853,1.6399999856948853,1100.0
2026-09-10 15:25:00,PEX.V,,0.23000000417232513,0.23000000417232513,0.23000000417232513,0.23000000417232513,33000.0
2026-09-10 15:25:00,PNPN.V,,1.184999942779541,1.190000057220459,1.184999942779541,1.190000057220459,400.0
2026-09-10 15:25:00,QNC.V,,2.4000000953674316,2.4000000953674316,2.4000000953674316,2.4000000953674316,200.0
2026-09-10 15:25:00,QTWO.V,,2.5899999141693115,2.5899999141693115,2.5899999141693115,2.5899999141693115,200.0
2026-09-10 15:25:00,RML.V,,1.2100000381469727,1.2100000381469727,1.2100000381469727,1.2100000381469727,100.0
2026-09-10 15:25:00,ROK.V,,0.4000000059604645,0.4000000059604645,0.4000000059604645,0.4000000059604645,500.0
2026-09-10 15:25:00,VIPR.V,,0.4449999928474426,0.4449999928474426,0.4449999928474426,0.4449999928474426,3500.0
2026-09-10 15:26:00,MKA.V,,0.8100000023841858,0.8100000023841858,0.8100000023841858,0.8100000023841858,500.0
2026-09-10 15:26:00,NAU.V,,1.1699999570846558,1.1699999570846558,1.1699999570846558,1.1699999570846558,300.0
2026-09-10 15:26:00,NCAU.V,,0.3050000071525574,0.3050000071525574,0.3050000071525574,0.3050000071525574,500.0
2026-09-10 15:26:00,PALI.V,,5.289999961853027,5.289999961853027,5.289999961853027,5.289999961853027,100.0
2026-09-10 15:26:00,PINK.V,,0.29499998688697815,0.29499998688697815,0.29499998688697815,0.29499998688697815,1500.0
2026-09-10 15:26:00,PML.V,,1.7200000286102295,1.7200000286102295,1.7200000286102295,1.7200000286102295,100.0
2026-09-10 15:26:00,PNPN.V,,1.1799999475479126,1.190000057220459,1.1799999475479126,1.190000057220459,8700.0
2026-09-10 15:27:00,NAU.V,,1.1699999570846558,1.1699999570846558,1.1699999570846558,1.1699999570846558,200.0
2026-09-10 15:27:00,PESO.V,,0.5400000214576721,0.5400000214576721,0.5400000214576721,0.5400000214576721,1000.0
2026-09-10 15:27:00,PNPN.V,,1.190000057220459,1.190000057220459,1.190000057220459,1.190000057220459,300.0
2026-09-10 15:27:00,PPP.V,,0.8399999737739563,0.8399999737739563,0.8399999737739563,0.8399999737739563,500.0
2026-09-10 15:27:00,PUR.V,,0.5400000214576721,0.5400000214576721,0.5400000214576721,0.5400000214576721,500.0
2026-09-10 15:27:00,QTWO.V,,2.5899999141693115,2.5899999141693115,2.5899999141693115,2.5899999141693115,100.0
2026-09-10 15:27:00,RECO.V,,0.6150000095367432,0.6150000095367432,0.6150000095367432,0.6150000095367432,3500.0
2026-09-10 15:27:00,REX.V,,0.22499999403953552,0.22499999403953552,0.22499999403953552,0.22499999403953552,15500.0
2026-09-10 15:27:00,SOI.V,,0.19499999284744263,0.19499999284744263,0.19499999284744263,0.19499999284744263,5000.0
2026-09-10 15:28:00,NAU.V,,1.159999966621399,1.1699999570846558,1.159999966621399,1.1699999570846558,200.0
2026-09-10 15:28:00,OMG.V,,2.630000114440918,2.630000114440918,2.630000114440918,2.630000114440918,400.0
2026-09-10 15:28:00,PNPN.V,,1.1799999475479126,1.184999942779541,1.1799999475479126,1.184999942779541,37500.0
2026-09-10 15:28:00,PNTR.V,,0.44999998807907104,0.44999998807907104,0.44999998807907104,0.44999998807907104,1000.0
2026-09-10 15:28:00,PPP.V,,0.8399999737739563,0.8399999737739563,0.8399999737739563,0.8399999737739563,43500.0
2026-09-10 15:28:00,PUR.V,,0.5400000214576721,0.5400000214576721,0.5400000214576721,0.5400000214576721,2400.0
2026-09-10 15:28:00,QTWO.V,,2.5899999141693115,2.5899999141693115,2.5899999141693115,2.5899999141693115,100.0
2026-09-10 15:28:00,RML.V,,1.2100000381469727,1.2100000381469727,1.2100000381469727,1.2100000381469727,100.0
2026-09-10 15:28:00,SMN.V,,0.1550000011920929,0.1550000011920929,0.1550000011920929,0.1550000011920929,17500.0
2026-09-10 15:28:00,SPRQ.V,,0.9900000095367432,0.9900000095367432,0.9900000095367432,0.9900000095367432,200.0
2026-09-10 15:29:00,MMY.V,,1.0,1.0,0.9900000095367432,0.9900000095367432,200.0
2026-09-10 15:29:00,NAU.V,,1.159999966621399,1.1699999570846558,1.159999966621399,1.1699999570846558,400.0
2026-09-10 15:29:00,NDA.V,,0.6050000190734863,0.6050000190734863,0.6050000190734863,0.6050000190734863,1000.0
2026-09-10 15:29:00,OMG.V,,2.630000114440918,2.634999990463257,2.630000114440918,2.630000114440918,1700.0
2026-09-10 15:29:00,PESO.V,,0.5400000214576721,0.5400000214576721,0.5400000214576721,0.5400000214576721,1500.0
2026-09-10 15:29:00,PGE.V,,0.41499999165534973,0.41499999165534973,0.41499999165534973,0.41499999165534973,30500.0
2026-09-10 15:29:00,QTWO.V,,2.5899999141693115,2.5899999141693115,2.5899999141693115,2.5899999141693115,100.0
2026-09-10 15:29:00,ROK.V,,0.4000000059604645,0.4000000059604645,0.4000000059604645,0.4000000059604645,500.0
2026-09-10 15:29:00,SEI.V,,0.3799999952316284,0.3799999952316284,0.3725000023841858,0.3725000023841858,15500.0
2026-09-10 15:30:00,NAU.V,,1.1699999570846558,1.1699999570846558,1.1699999570846558,1.1699999570846558,300.0
2026-09-10 15:30:00,NCAU.V,,0.3050000071525574,0.3050000071525574,0.3050000071525574,0.3050000071525574,500.0
2026-09-10 15:30:00,OMG.V,,2.634999990463257,2.634999990463257,2.630000114440918,2.630000114440918,7100.0
2026-09-10 15:30:00,OOR.V,,0.05000000074505806,0.05000000074505806,0.05000000074505806,0.05000000074505806,73000.0
2026-09-10 15:30:00,PNPN.V,,1.1799999475479126,1.1799999475479126,1.1799999475479126,1.1799999475479126,8500.0
2026-09-10 15:30:00,PPP.V,,0.8399999737739563,0.8399999737739563,0.8399999737739563,0.8399999737739563,500.0
2026-09-10 15:30:00,QZM.V,,0.4050000011920929,0.4050000011920929,0.4050000011920929,0.4050000011920929,6500.0
2026-09-10 15:30:00,RDS.V,,1.1699999570846558,1.1699999570846558,1.1699999570846558,1.1699999570846558,5900.0
2026-09-10 15:30:00,RML.V,,1.2000000476837158,1.2000000476837158,1.2000000476837158,1.2000000476837158,21300.0
2026-09-10 15:30:00,RSS.V,,0.5699999928474426,0.574999988079071,0.5699999928474426,0.574999988079071,13000.0
2026-09-10 15:31:00,NAU.V,,1.1699999570846558,1.1699999570846558,1.1699999570846558,1.1699999570846558,100.0
2026-09-10 15:31:00,NDA.V,,0.6000000238418579,0.6000000238418579,0.6000000238418579,0.6000000238418579,1500.0
2026-09-10 15:31:00,OMG.V,,2.630000114440918,2.634999990463257,2.630000114440918,2.630000114440918,2700.0
2026-09-10 15:31:00,PESO.V,,0.5400000214576721,0.5400000214576721,0.5400000214576721,0.5400000214576721,500.0
2026-09-10 15:31:00,PGE.V,,0.4124999940395355,0.4124999940395355,0.4124999940395355,0.4124999940395355,801.0
2026-09-10 15:31:00,PX.V,,0.1550000011920929,0.1550000011920929,0.1550000011920929,0.1550000011920929,16000.0
2026-09-10 15:31:00,QTWO.V,,2.5799999237060547,2.5899999141693115,2.5799999237060547,2.5899999141693115,2200.0
2026-09-10 15:31:00,RDS.V,,1.1699999570846558,1.1699999570846558,1.1699999570846558,1.1699999570846558,8400.0
2026-09-10 15:31:00,ROCK.V,,4.409999847412109,4.409999847412109,4.409999847412109,4.409999847412109,100.0
2026-09-10 15:31:00,SOI.V,,0.19499999284744263,0.19499999284744263,0.19499999284744263,0.19499999284744263,10000.0
2026-09-10 15:32:00,GIII.V,,0.19499999284744263,0.19499999284744263,0.19499999284744263,0.19499999284744263,500.0
2026-09-10 15:32:00,NAU.V,,1.159999966621399,1.1699999570846558,1.159999966621399,1.1699999570846558,3600.0
2026-09-10 15:32:00,NDA.V,,0.6000000238418579,0.6000000238418579,0.6000000238418579,0.6000000238418579,500.0
2026-09-10 15:32:00,OMG.V,,2.630000114440918,2.630000114440918,2.630000114440918,2.630000114440918,1600.0
2026-09-10 15:32:00,PML.V,,1.7300000190734863,1.7300000190734863,1.7300000190734863,1.7300000190734863,100.0
2026-09-10 15:32:00,PPP.V,,0.8399999737739563,0.8399999737739563,0.8399999737739563,0.8399999737739563,4500.0
2026-09-10 15:32:00,QNC.V,,2.4000000953674316,2.4000000953674316,2.4000000953674316,2.4000000953674316,100.0
2026-09-10 15:32:00,RDS.V,,1.1699999570846558,1.1699999570846558,1.1699999570846558,1.1699999570846558,12000.0
2026-09-10 15:32:00,RECO.V,,0.6150000095367432,0.6150000095367432,0.6150000095367432,0.6150000095367432,500.0
2026-09-10 15:32:00,ROK.V,,0.4000000059604645,0.4000000059604645,0.4000000059604645,0.4000000059604645,500.0
2026-09-10 15:32:00,SLG.V,,5.659999847412109,5.659999847412109,5.659999847412109,5.659999847412109,690.0
2026-09-10 15:32:00,SMN.V,,0.1550000011920929,0.1550000011920929,0.1550000011920929,0.1550000011920929,500.0
2026-09-10 15:32:00,SOI.V,,0.19499999284744263,0.19499999284744263,0.19499999284744263,0.19499999284744263,10000.0
2026-09-10 15:33:00,GIII.V,,0.1850000023841858,0.1850000023841858,0.1850000023841858,0.1850000023841858,500.0
2026-09-10 15:33:00,MMY.V,,0.9900000095367432,0.9900000095367432,0.9900000095367432,0.9900000095367432,100.0
2026-09-10 15:33:00,NCI.V,,0.4300000071525574,0.4300000071525574,0.4300000071525574,0.4300000071525574,500.0
2026-09-10 15:33:00,NRX.V,,0.5799999833106995,0.5799999833106995,0.5600000023841858,0.5600000023841858,7500.0
2026-09-10 15:33:00,OMG.V,,2.630000114440918,2.630000114440918,2.630000114440918,2.630000114440918,300.0
2026-09-10 15:33:00,OOR.V,,0.05000000074505806,0.05000000074505806,0.05000000074505806,0.05000000074505806,200000.0
2026-09-10 15:33:00,PML.V,,1.7200000286102295,1.7200000286102295,1.7200000286102295,1.7200000286102295,100.0
2026-09-10 15:33:00,PPP.V,,0.8399999737739563,0.8399999737739563,0.8399999737739563,0.8399999737739563,500.0
2026-09-10 15:33:00,RDS.V,,1.1699999570846558,1.1699999570846558,1.1699999570846558,1.1699999570846558,3000.0
2026-09-10 15:34:00,GIII.V,,0.17000000178813934,0.17000000178813934,0.17000000178813934,0.17000000178813934,1000.0
2026-09-10 15:34:00,NRX.V,,0.6000000238418579,0.6000000238418579,0.6000000238418579,0.6000000238418579,6000.0
2026-09-10 15:34:00,OMG.V,,2.630000114440918,2.634999990463257,2.630000114440918,2.634999990463257,2300.0
2026-09-10 15:34:00,PALI.V,,5.289999961853027,5.289999961853027,5.289999961853027,5.289999961853027,100.0
2026-09-10 15:34:00,PML.V,,1.7300000190734863,1.7300000190734863,1.7300000190734863,1.7300000190734863,100.0
2026-09-10 15:34:00,PPP.V,,0.8399999737739563,0.8399999737739563,0.8399999737739563,0.8399999737739563,500.0
2026-09-10 15:34:00,QTWO.V,,2.5799999237060547,2.5799999237060547,2.5799999237060547,2.5799999237060547,800.0
2026-09-10 15:34:00,RDS.V,,1.1699999570846558,1.1699999570846558,1.1699999570846558,1.1699999570846558,200.0
2026-09-10 15:34:00,ROCK.V,,4.389999866485596,4.389999866485596,4.389999866485596,4.389999866485596,600.0
2026-09-10 15:34:00,ROK.V,,0.4000000059604645,0.4000000059604645,0.4000000059604645,0.4000000059604645,500.0
2026-09-10 15:34:00,RSS.V,,0.5699999928474426,0.5699999928474426,0.5699999928474426,0.5699999928474426,26000.0
2026-09-10 15:34:00,SOI.V,,0.19499999284744263,0.19499999284744263,0.19499999284744263,0.19499999284744263,5000.0
2026-09-10 15:35:00,NAU.V,,1.1699999570846558,1.1699999570846558,1.1649999618530273,1.1649999618530273,6300.0
2026-09-10 15:35:00,NDA.V,,0.6000000238418579,0.6000000238418579,0.6000000238418579,0.6000000238418579,29000.0
2026-09-10 15:35:00,OMG.V,,2.630000114440918,2.630000114440918,2.630000114440918,2.630000114440918,1400.0
2026-09-10 15:35:00,PESO.V,,0.5400000214576721,0.5400000214576721,0.5400000214576721,0.5400000214576721,500.0
2026-09-10 15:35:00,PML.V,,1.7300000190734863,1.7300000190734863,1.7300000190734863,1.7300000190734863,100.0
2026-09-10 15:35:00,PNPN.V,,1.184999942779541,1.184999942779541,1.184999942779541,1.184999942779541,400.0
2026-09-10 15:35:00,PPP.V,,0.8349999785423279,0.8349999785423279,0.8349999785423279,0.8349999785423279,2000.0
2026-09-10 15:35:00,QTWO.V,,2.5799999237060547,2.5799999237060547,2.5799999237060547,2.5799999237060547,1000.0
2026-09-10 15:35:00,RDS.V,,1.1699999570846558,1.1699999570846558,1.1699999570846558,1.1699999570846558,5600.0
2026-09-10 15:35:00,RECO.V,,0.6150000095367432,0.6150000095367432,0.6150000095367432,0.6150000095367432,500.0
2026-09-10 15:35:00,RML.V,,1.2000000476837158,1.2000000476837158,1.2000000476837158,1.2000000476837158,100.0
2026-09-10 15:35:00,ROCK.V,,4.380000114440918,4.380000114440918,4.380000114440918,4.380000114440918,100.0
2026-09-10 15:35:00,ROK.V,,0.4000000059604645,0.4000000059604645,0.4000000059604645,0.4000000059604645,500.0
2026-09-10 15:35:00,ROMJ.V,,0.4699999988079071,0.4699999988079071,0.4699999988079071,0.4699999988079071,5300.0
2026-09-10 15:35:00,SME.V,,0.1599999964237213,0.1599999964237213,0.1599999964237213,0.1599999964237213,500.0
2026-09-10 15:36:00,MMY.V,,0.9900000095367432,0.9900000095367432,0.9900000095367432,0.9900000095367432,100.0
2026-09-10 15:36:00,NAU.V,,1.1799999475479126,1.1799999475479126,1.1799999475479126,1.1799999475479126,100.0
2026-09-10 15:36:00,NCAU.V,,0.3050000071525574,0.3100000023841858,0.3050000071525574,0.3100000023841858,17000.0
2026-09-10 15:36:00,NIM.V,,0.7699999809265137,0.7699999809265137,0.7699999809265137,0.7699999809265137,4500.0
2026-09-10 15:36:00,NRX.V,,0.6399999856948853,0.6399999856948853,0.6399999856948853,0.6399999856948853,2000.0
2026-09-10 15:36:00,NVX.V,,0.6299999952316284,0.6299999952316284,0.6299999952316284,0.6299999952316284,5000.0
2026-09-10 15:36:00,NXH.V,,0.3449999988079071,0.3449999988079071,0.3449999988079071,0.3449999988079071,500.0
2026-09-10 15:36:00,OMG.V,,2.630000114440918,2.634999990463257,2.630000114440918,2.630000114440918,900.0
2026-09-10 15:36:00,OMI.V,,0.26499998569488525,0.26499998569488525,0.26499998569488525,0.26499998569488525,7500.0
2026-09-10 15:36:00,PNPN.V,,1.184999942779541,1.184999942779541,1.184999942779541,1.184999942779541,2200.0
2026-09-10 15:36:00,QNC.V,,2.4000000953674316,2.4000000953674316,2.4000000953674316,2.4000000953674316,5009.0
2026-09-10 15:36:00,ROCK.V,,4.380000114440918,4.380000114440918,4.380000114440918,4.380000114440918,200.0
2026-09-10 15:36:00,RSS.V,,0.574999988079071,0.574999988079071,0.574999988079071,0.574999988079071,500.0
2026-09-10 15:36:00,SCOT.V,,3.059999942779541,3.059999942779541,3.059999942779541,3.059999942779541,200.0
2026-09-10 15:36:00,SM.V,,1.5199999809265137,1.5199999809265137,1.5199999809265137,1.5199999809265137,100.0
2026-09-10 15:36:00,SVRS.V,,0.5,0.5,0.5,0.5,43500.0
2026-09-10 15:37:00,NAU.V,,1.1699999570846558,1.1699999570846558,1.1699999570846558,1.1699999570846558,200.0
2026-09-10 15:37:00,NRX.V,,0.6499999761581421,0.6499999761581421,0.6499999761581421,0.6499999761581421,2000.0
2026-09-10 15:37:00,OC.V,,0.11999999731779099,0.11999999731779099,0.11999999731779099,0.11999999731779099,349900.0
2026-09-10 15:37:00,OMG.V,,2.634999990463257,2.634999990463257,2.634999990463257,2.634999990463257,200.0
2026-09-10 15:37:00,PALI.V,,5.289999961853027,5.289999961853027,5.289999961853027,5.289999961853027,120.0
2026-09-10 15:37:00,PNPN.V,,1.184999942779541,1.184999942779541,1.1799999475479126,1.184999942779541,700.0
2026-09-10 15:37:00,PWM.V,,0.5,0.5,0.5,0.5,1000.0
2026-09-10 15:37:00,RDS.V,,1.1699999570846558,1.1699999570846558,1.1699999570846558,1.1699999570846558,100.0
2026-09-10 15:37:00,RML.V,,1.2000000476837158,1.2000000476837158,1.2000000476837158,1.2000000476837158,100.0
2026-09-10 15:37:00,ROCK.V,,4.380000114440918,4.380000114440918,4.380000114440918,4.380000114440918,500.0
2026-09-10 15:38:00,NAU.V,,1.1699999570846558,1.1699999570846558,1.1699999570846558,1.1699999570846558,100.0
2026-09-10 15:38:00,NCAU.V,,0.3050000071525574,0.3050000071525574,0.3050000071525574,0.3050000071525574,3500.0
2026-09-10 15:38:00,NRX.V,,0.6399999856948853,0.6399999856948853,0.6399999856948853,0.6399999856948853,7000.0
2026-09-10 15:38:00,OMG.V,,2.630000114440918,2.630000114440918,2.630000114440918,2.630000114440918,400.0
2026-09-10 15:38:00,PNPN.V,,1.184999942779541,1.184999942779541,1.184999942779541,1.184999942779541,700.0
2026-09-10 15:38:00,PPP.V,,0.8399999737739563,0.8399999737739563,0.8399999737739563,0.8399999737739563,500.0
2026-09-10 15:38:00,QNC.V,,2.390000104904175,2.390000104904175,2.390000104904175,2.390000104904175,100.0
2026-09-10 15:38:00,QTWO.V,,2.5799999237060547,2.5799999237060547,2.5799999237060547,2.5799999237060547,1500.0
2026-09-10 15:38:00,ROK.V,,0.4000000059604645,0.4000000059604645,0.4000000059604645,0.4000000059604645,500.0
2026-09-10 15:39:00,NAU.V,,1.1699999570846558,1.1699999570846558,1.1699999570846558,1.1699999570846558,300.0
2026-09-10 15:39:00,NRX.V,,0.6499999761581421,0.6499999761581421,0.6499999761581421,0.6499999761581421,6000.0
2026-09-10 15:39:00,OMG.V,,2.634999990463257,2.640000104904175,2.634999990463257,2.634999990463257,300.0
2026-09-10 15:39:00,PML.V,,1.7200000286102295,1.7200000286102295,1.7200000286102295,1.7200000286102295,100.0
2026-09-10 15:39:00,PNPN.V,,1.2000000476837158,1.2000000476837158,1.184999942779541,1.184999942779541,40600.0
2026-09-10 15:39:00,PPP.V,,0.8399999737739563,0.8399999737739563,0.8399999737739563,0.8399999737739563,500.0
2026-09-10 15:39:00,QNC.V,,2.390000104904175,2.390000104904175,2.390000104904175,2.390000104904175,100.0
2026-09-10 15:39:00,RDS.V,,1.1699999570846558,1.1699999570846558,1.1699999570846558,1.1699999570846558,5200.0
2026-09-10 15:40:00,MMY.V,,0.9900000095367432,0.9900000095367432,0.9900000095367432,0.9900000095367432,100.0
2026-09-10 15:40:00,NAU.V,,1.1699999570846558,1.1699999570846558,1.1699999570846558,1.1699999570846558,2500.0
2026-09-10 15:40:00,OMG.V,,2.640000104904175,2.640000104904175,2.634999990463257,2.634999990463257,1000.0
2026-09-10 15:40:00,PGE.V,,0.4099999964237213,0.4124999940395355,0.4099999964237213,0.4124999940395355,38092.0
2026-09-10 15:40:00,PLSR.V,,1.2549999952316284,1.2549999952316284,1.2549999952316284,1.2549999952316284,200.0
2026-09-10 15:40:00,PNPN.V,,1.2000000476837158,1.2000000476837158,1.2000000476837158,1.2000000476837158,400.0
2026-09-10 15:40:00,PPP.V,,0.8399999737739563,0.8399999737739563,0.8399999737739563,0.8399999737739563,1000.0
2026-09-10 15:40:00,PUR.V,,0.5400000214576721,0.5400000214576721,0.5400000214576721,0.5400000214576721,862.0
2026-09-10 15:40:00,QTWO.V,,2.5799999237060547,2.5799999237060547,2.5799999237060547,2.5799999237060547,1900.0
2026-09-10 15:40:00,RML.V,,1.2100000381469727,1.2100000381469727,1.2100000381469727,1.2100000381469727,100.0
2026-09-10 15:40:00,ROK.V,,0.4000000059604645,0.4000000059604645,0.4000000059604645,0.4000000059604645,500.0
2026-09-10 15:40:00,SM.V,,1.5199999809265137,1.5199999809265137,1.5199999809265137,1.5199999809265137,500.0
2026-09-10 15:41:00,MMY.V,,0.9900000095367432,0.9900000095367432,0.9900000095367432,0.9900000095367432,500.0
2026-09-10 15:41:00,NAU.V,,1.1699999570846558,1.1699999570846558,1.1699999570846558,1.1699999570846558,300.0
2026-09-10 15:41:00,NCI.V,,0.4300000071525574,0.4300000071525574,0.4300000071525574,0.4300000071525574,500.0
2026-09-10 15:41:00,NDA.V,,0.6050000190734863,0.6050000190734863,0.6050000190734863,0.6050000190734863,500.0
2026-09-10 15:41:00,OMG.V,,2.640000104904175,2.640000104904175,2.640000104904175,2.640000104904175,100.0
2026-09-10 15:41:00,PNPN.V,,1.2000000476837158,1.2000000476837158,1.2000000476837158,1.2000000476837158,500.0
2026-09-10 15:41:00,PPP.V,,0.8399999737739563,0.8399999737739563,0.8399999737739563,0.8399999737739563,500.0
2026-09-10 15:41:00,QNC.V,,2.4000000953674316,2.4000000953674316,2.4000000953674316,2.4000000953674316,1300.0
2026-09-10 15:41:00,QTWO.V,,2.5950000286102295,2.5950000286102295,2.5899999141693115,2.5899999141693115,1500.0
2026-09-10 15:41:00,RDS.V,,1.1699999570846558,1.1699999570846558,1.1699999570846558,1.1699999570846558,100.0
2026-09-10 15:41:00,ROK.V,,0.4000000059604645,0.4000000059604645,0.4000000059604645,0.4000000059604645,500.0
2026-09-10 15:41:00,ROS.V,,0.20000000298023224,0.20000000298023224,0.20000000298023224,0.20000000298023224,1000.0
2026-09-10 15:41:00,SLG.V,,5.659999847412109,5.659999847412109,5.650000095367432,5.650000095367432,600.0
2026-09-10 15:41:00,SOI.V,,0.19499999284744263,0.19499999284744263,0.19499999284744263,0.19499999284744263,6000.0
2026-09-10 15:41:00,SSV.V,,0.6000000238418579,0.6000000238418579,0.6000000238418579,0.6000000238418579,27000.0
2026-09-10 15:41:00,SVE.V,,0.4300000071525574,0.4300000071525574,0.42500001192092896,0.42500001192092896,6000.0
2026-09-10 15:42:00,MMY.V,,0.9900000095367432,0.9900000095367432,0.9900000095367432,0.9900000095367432,100.0
2026-09-10 15:42:00,NAU.V,,1.1699999570846558,1.1699999570846558,1.1699999570846558,1.1699999570846558,500.0
2026-09-10 15:42:00,OMG.V,,2.634999990463257,2.640000104904175,2.634999990463257,2.640000104904175,300.0
2026-09-10 15:42:00,PLSR.V,,1.2549999952316284,1.2549999952316284,1.2549999952316284,1.2549999952316284,100.0
2026-09-10 15:42:00,PNPN.V,,1.1950000524520874,1.2000000476837158,1.1950000524520874,1.1950000524520874,600.0
2026-09-10 15:42:00,QTWO.V,,2.5999999046325684,2.5999999046325684,2.5999999046325684,2.5999999046325684,1100.0
2026-09-10 15:42:00,RML.V,,1.2100000381469727,1.2100000381469727,1.2100000381469727,1.2100000381469727,100.0
2026-09-10 15:42:00,ROK.V,,0.4000000059604645,0.4000000059604645,0.4000000059604645,0.4000000059604645,500.0
2026-09-10 15:43:00,HASH.V,,0.05999999865889549,0.05999999865889549,0.05999999865889549,0.05999999865889549,50000.0
2026-09-10 15:43:00,NAU.V,,1.1699999570846558,1.1699999570846558,1.1699999570846558,1.1699999570846558,200.0
2026-09-10 15:43:00,OCO.V,,0.4699999988079071,0.4699999988079071,0.4699999988079071,0.4699999988079071,1500.0
2026-09-10 15:43:00,OMG.V,,2.6500000953674316,2.6500000953674316,2.634999990463257,2.640000104904175,14900.0
2026-09-10 15:43:00,PML.V,,1.7200000286102295,1.7300000190734863,1.7200000286102295,1.7300000190734863,10400.0
2026-09-10 15:43:00,PNPN.V,,1.1950000524520874,1.2000000476837158,1.190000057220459,1.1950000524520874,1600.0
2026-09-10 15:43:00,QTWO.V,,2.5999999046325684,2.5999999046325684,2.5999999046325684,2.5999999046325684,2200.0
2026-09-10 15:43:00,RDS.V,,1.1699999570846558,1.1699999570846558,1.1699999570846558,1.1699999570846558,100.0
2026-09-10 15:43:00,RECO.V,,0.6150000095367432,0.6150000095367432,0.6150000095367432,0.6150000095367432,4500.0
2026-09-10 15:43:00,ROK.V,,0.4000000059604645,0.4000000059604645,0.4000000059604645,0.4000000059604645,1000.0
2026-09-10 15:43:00,SLG.V,,5.639999866485596,5.650000095367432,5.639999866485596,5.650000095367432,2000.0
2026-09-10 15:43:00,SMD.V,,0.3499999940395355,0.3499999940395355,0.3499999940395355,0.3499999940395355,500.0
2026-09-10 15:43:00,SVE.V,,0.4300000071525574,0.4300000071525574,0.4300000071525574,0.4300000071525574,2000.0
2026-09-10 15:43:00,SVRS.V,,0.5,0.5,0.5,0.5,3000.0
2026-09-10 15:44:00,MHUB.V,,0.49000000953674316,0.49000000953674316,0.49000000953674316,0.49000000953674316,1000.0
2026-09-10 15:44:00,MMY.V,,0.9900000095367432,0.9900000095367432,0.9900000095367432,0.9900000095367432,100.0
2026-09-10 15:44:00,NAU.V,,1.1799999475479126,1.1799999475479126,1.1799999475479126,1.1799999475479126,200.0
2026-09-10 15:44:00,NCAU.V,,0.3075000047683716,0.3075000047683716,0.3050000071525574,0.3050000071525574,19500.0
2026-09-10 15:44:00,NXG.V,,0.6100000143051147,0.6100000143051147,0.6100000143051147,0.6100000143051147,4078.0
2026-09-10 15:44:00,OMG.V,,2.6500000953674316,2.6500000953674316,2.6500000953674316,2.6500000953674316,600.0
2026-09-10 15:44:00,PGE.V,,0.4099999964237213,0.4099999964237213,0.4099999964237213,0.4099999964237213,1000.0
2026-09-10 15:44:00,PML.V,,1.7200000286102295,1.7300000190734863,1.7200000286102295,1.7300000190734863,300.0
2026-09-10 15:44:00,PNPN.V,,1.2000000476837158,1.2000000476837158,1.2000000476837158,1.2000000476837158,1000.0
2026-09-10 15:44:00,PPP.V,,0.8399999737739563,0.8399999737739563,0.8399999737739563,0.8399999737739563,500.0
2026-09-10 15:44:00,QTWO.V,,2.5999999046325684,2.5999999046325684,2.5999999046325684,2.5999999046325684,1200.0
2026-09-10 15:44:00,RECO.V,,0.6150000095367432,0.6150000095367432,0.6150000095367432,0.6150000095367432,16000.0
2026-09-10 15:44:00,RML.V,,1.2100000381469727,1.2100000381469727,1.2100000381469727,1.2100000381469727,100.0
2026-09-10 15:44:00,ROMJ.V,,0.48500001430511475,0.48500001430511475,0.47999998927116394,0.47999998927116394,3500.0
2026-09-10 15:44:00,RSS.V,,0.5799999833106995,0.5799999833106995,0.574999988079071,0.574999988079071,1000.0
2026-09-10 15:44:00,SM.V,,1.5099999904632568,1.5099999904632568,1.5099999904632568,1.5099999904632568,1200.0
2026-09-10 15:45:00,MMY.V,,0.9900000095367432,0.9900000095367432,0.9900000095367432,0.9900000095367432,100.0
2026-09-10 15:45:00,NAU.V,,1.1799999475479126,1.1799999475479126,1.1799999475479126,1.1799999475479126,400.0
2026-09-10 15:45:00,OMG.V,,2.6449999809265137,2.6449999809265137,2.640000104904175,2.640000104904175,2300.0
2026-09-10 15:45:00,PESO.V,,0.5299999713897705,0.5299999713897705,0.5299999713897705,0.5299999713897705,1500.0
2026-09-10 15:45:00,PLSR.V,,1.2549999952316284,1.2549999952316284,1.2549999952316284,1.2549999952316284,100.0
2026-09-10 15:45:00,PNPN.V,,1.2000000476837158,1.2000000476837158,1.2000000476837158,1.2000000476837158,1100.0
2026-09-10 15:45:00,QNC.V,,2.4000000953674316,2.4000000953674316,2.4000000953674316,2.4000000953674316,100.0
2026-09-10 15:45:00,QTWO.V,,2.5899999141693115,2.5950000286102295,2.5899999141693115,2.5950000286102295,1700.0
2026-09-10 15:45:00,RDS.V,,1.1699999570846558,1.1699999570846558,1.1699999570846558,1.1699999570846558,1900.0
2026-09-10 15:45:00,RECO.V,,0.6150000095367432,0.6150000095367432,0.6150000095367432,0.6150000095367432,5500.0
2026-09-10 15:45:00,RSS.V,,0.574999988079071,0.574999988079071,0.574999988079071,0.574999988079071,500.0
2026-09-10 15:46:00,NAU.V,,1.1699999570846558,1.1699999570846558,1.1699999570846558,1.1699999570846558,200.0
2026-09-10 15:46:00,OCO.V,,0.4699999988079071,0.4699999988079071,0.4699999988079071,0.4699999988079071,2500.0
2026-09-10 15:46:00,OMG.V,,2.640000104904175,2.6449999809265137,2.640000104904175,2.6449999809265137,1700.0
2026-09-10 15:46:00,PNPN.V,,1.2000000476837158,1.2000000476837158,1.2000000476837158,1.2000000476837158,1000.0
2026-09-10 15:46:00,QTWO.V,,2.5899999141693115,2.5899999141693115,2.5899999141693115,2.5899999141693115,100.0
2026-09-10 15:46:00,RECO.V,,0.6150000095367432,0.6150000095367432,0.6150000095367432,0.6150000095367432,3432.0
2026-09-10 15:46:00,RMB.V,,0.699999988079071,0.699999988079071,0.699999988079071,0.699999988079071,11500.0
2026-09-10 15:46:00,SSV.V,,0.6000000238418579,0.6000000238418579,0.6000000238418579,0.6000000238418579,21000.0
2026-09-10 15:47:00,MMY.V,,0.9900000095367432,0.9900000095367432,0.9900000095367432,0.9900000095367432,100.0
2026-09-10 15:47:00,NAM.V,,0.20000000298023224,0.20000000298023224,0.20000000298023224,0.20000000298023224,3400.0
2026-09-10 15:47:00,NAU.V,,1.1699999570846558,1.1699999570846558,1.1699999570846558,1.1699999570846558,200.0
2026-09-10 15:47:00,NCI.V,,0.4300000071525574,0.4300000071525574,0.4300000071525574,0.4300000071525574,500.0
2026-09-10 15:47:00,OCO.V,,0.4699999988079071,0.4699999988079071,0.4699999988079071,0.4699999988079071,2500.0
2026-09-10 15:47:00,OMG.V,,2.634999990463257,2.640000104904175,2.634999990463257,2.640000104904175,5400.0
2026-09-10 15:47:00,PNPN.V,,1.1950000524520874,1.1950000524520874,1.1950000524520874,1.1950000524520874,900.0
2026-09-10 15:47:00,PPP.V,,0.8399999737739563,0.8399999737739563,0.8399999737739563,0.8399999737739563,500.0
2026-09-10 15:47:00,PUR.V,,0.5400000214576721,0.5400000214576721,0.5400000214576721,0.5400000214576721,500.0
2026-09-10 15:47:00,QTWO.V,,2.5899999141693115,2.5899999141693115,2.5899999141693115,2.5899999141693115,1200.0
2026-09-10 15:47:00,RET.V,,2.319999933242798,2.319999933242798,2.319999933242798,2.319999933242798,0.0
2026-09-10 15:47:00,RML.V,,1.2100000381469727,1.2100000381469727,1.2100000381469727,1.2100000381469727,100.0
2026-09-10 15:47:00,SLG.V,,5.639999866485596,5.679999828338623,5.639999866485596,5.679999828338623,4865.0
2026-09-10 15:47:00,SPX.V,,0.11999999731779099,0.11999999731779099,0.10999999940395355,0.10999999940395355,23500.0
2026-09-10 15:47:00,SVRS.V,,0.5,0.5,0.5,0.5,500.0
2026-09-10 15:48:00,NAU.V,,1.1699999570846558,1.1699999570846558,1.1699999570846558,1.1699999570846558,200.0
2026-09-10 15:48:00,NCAU.V,,0.3100000023841858,0.3100000023841858,0.3100000023841858,0.3100000023841858,500.0
2026-09-10 15:48:00,OCO.V,,0.4699999988079071,0.4699999988079071,0.4699999988079071,0.4699999988079071,21300.0
2026-09-10 15:48:00,OMG.V,,2.634999990463257,2.634999990463257,2.634999990463257,2.634999990463257,500.0
2026-09-10 15:48:00,PGE.V,,0.4099999964237213,0.4099999964237213,0.4099999964237213,0.4099999964237213,500.0
2026-09-10 15:48:00,PLSR.V,,1.2549999952316284,1.2549999952316284,1.2549999952316284,1.2549999952316284,100.0
2026-09-10 15:48:00,PNPN.V,,1.1950000524520874,1.2000000476837158,1.1950000524520874,1.1950000524520874,9200.0
2026-09-10 15:48:00,QNC.V,,2.4000000953674316,2.4000000953674316,2.4000000953674316,2.4000000953674316,100.0
2026-09-10 15:48:00,QTWO.V,,2.5899999141693115,2.5899999141693115,2.5899999141693115,2.5899999141693115,2300.0
2026-09-10 15:48:00,RECO.V,,0.6150000095367432,0.6150000095367432,0.6150000095367432,0.6150000095367432,10500.0
2026-09-10 15:48:00,RML.V,,1.2100000381469727,1.2100000381469727,1.2100000381469727,1.2100000381469727,100.0
2026-09-10 15:48:00,SOI.V,,0.1899999976158142,0.1899999976158142,0.1899999976158142,0.1899999976158142,15000.0
2026-09-10 15:48:00,SVRS.V,,0.5,0.5,0.5,0.5,11511.0
2026-09-10 15:49:00,MMY.V,,0.9900000095367432,0.9900000095367432,0.9900000095367432,0.9900000095367432,200.0
2026-09-10 15:49:00,NAU.V,,1.1699999570846558,1.1699999570846558,1.1699999570846558,1.1699999570846558,100.0
2026-09-10 15:49:00,NPTH.V,,0.5400000214576721,0.5400000214576721,0.5400000214576721,0.5400000214576721,2000.0
2026-09-10 15:49:00,OMG.V,,2.634999990463257,2.634999990463257,2.634999990463257,2.634999990463257,400.0
2026-09-10 15:49:00,PESO.V,,0.5400000214576721,0.5400000214576721,0.5400000214576721,0.5400000214576721,2500.0
2026-09-10 15:49:00,PML.V,,1.7200000286102295,1.7200000286102295,1.7200000286102295,1.7200000286102295,100.0
2026-09-10 15:49:00,PNPN.V,,1.2000000476837158,1.2000000476837158,1.1950000524520874,1.1950000524520874,1800.0
2026-09-10 15:49:00,QTWO.V,,2.5899999141693115,2.5999999046325684,2.5899999141693115,2.5899999141693115,2000.0
2026-09-10 15:49:00,RECO.V,,0.6150000095367432,0.6150000095367432,0.6150000095367432,0.6150000095367432,500.0
2026-09-10 15:49:00,RML.V,,1.2100000381469727,1.2100000381469727,1.2100000381469727,1.2100000381469727,100.0
2026-09-10 15:49:00,SCOT.V,,3.069999933242798,3.069999933242798,3.069999933242798,3.069999933242798,3000.0
2026-09-10 15:49:00,SM.V,,1.5099999904632568,1.5099999904632568,1.5099999904632568,1.5099999904632568,2000.0
2026-09-10 15:49:00,SPRQ.V,,0.9900000095367432,0.9900000095367432,0.9900000095367432,0.9900000095367432,10200.0
2026-09-10 15:49:00,SXL.V,,0.05999999865889549,0.05999999865889549,0.05999999865889549,0.05999999865889549,4000.0
2026-09-10 15:50:00,MMY.V,,0.9900000095367432,0.9900000095367432,0.9900000095367432,0.9900000095367432,100.0
2026-09-10 15:50:00,MYID.V,,0.20499999821186066,0.20499999821186066,0.20499999821186066,0.20499999821186066,203000.0
2026-09-10 15:50:00,NAU.V,,1.1699999570846558,1.1699999570846558,1.1699999570846558,1.1699999570846558,400.0
2026-09-10 15:50:00,NCAU.V,,0.3075000047683716,0.3075000047683716,0.3075000047683716,0.3075000047683716,500.0
2026-09-10 15:50:00,OMG.V,,2.640000104904175,2.640000104904175,2.640000104904175,2.640000104904175,100.0
2026-09-10 15:50:00,PGE.V,,0.4099999964237213,0.4099999964237213,0.4099999964237213,0.4099999964237213,4000.0
2026-09-10 15:50:00,PLSR.V,,1.2549999952316284,1.2549999952316284,1.2549999952316284,1.2549999952316284,100.0
2026-09-10 15:50:00,PNPN.V,,1.2000000476837158,1.2000000476837158,1.2000000476837158,1.2000000476837158,1700.0
2026-09-10 15:50:00,PUR.V,,0.550000011920929,0.550000011920929,0.550000011920929,0.550000011920929,1000.0
2026-09-10 15:50:00,QTWO.V,,2.5899999141693115,2.5950000286102295,2.5899999141693115,2.5950000286102295,2200.0
2026-09-10 15:50:00,RECO.V,,0.6150000095367432,0.6150000095367432,0.6150000095367432,0.6150000095367432,500.0
2026-09-10 15:50:00,ROCK.V,,4.400000095367432,4.400000095367432,4.400000095367432,4.400000095367432,100.0
2026-09-10 15:50:00,SLG.V,,5.619999885559082,5.650000095367432,5.619999885559082,5.650000095367432,1200.0
2026-09-10 15:50:00,SMN.V,,0.1550000011920929,0.1550000011920929,0.1550000011920929,0.1550000011920929,500.0
2026-09-10 15:51:00,FISH.V,,5.829999923706055,5.829999923706055,5.739999771118164,5.739999771118164,1600.0
2026-09-10 15:51:00,MMY.V,,0.9900000095367432,0.9900000095367432,0.9900000095367432,0.9900000095367432,500.0
2026-09-10 15:51:00,NAM.V,,0.20000000298023224,0.20000000298023224,0.20000000298023224,0.20000000298023224,500.0
2026-09-10 15:51:00,NAU.V,,1.1699999570846558,1.1699999570846558,1.1699999570846558,1.1699999570846558,600.0
2026-09-10 15:51:00,NCAU.V,,0.3075000047683716,0.3075000047683716,0.3075000047683716,0.3075000047683716,500.0
2026-09-10 15:51:00,NXH.V,,0.3499999940395355,0.3499999940395355,0.3499999940395355,0.3499999940395355,9500.0
2026-09-10 15:51:00,OMG.V,,2.630000114440918,2.640000104904175,2.630000114440918,2.634999990463257,3700.0
2026-09-10 15:51:00,OMM.V,,0.054999999701976776,0.054999999701976776,0.054999999701976776,0.054999999701976776,7000.0
2026-09-10 15:51:00,PESO.V,,0.5299999713897705,0.5400000214576721,0.5299999713897705,0.5400000214576721,2500.0
2026-09-10 15:51:00,PGE.V,,0.4099999964237213,0.4099999964237213,0.4099999964237213,0.4099999964237213,4500.0
2026-09-10 15:51:00,PLSR.V,,1.2549999952316284,1.2549999952316284,1.2549999952316284,1.2549999952316284,100.0
2026-09-10 15:51:00,PNPN.V,,1.2000000476837158,1.2000000476837158,1.2000000476837158,1.2000000476837158,1400.0
2026-09-10 15:51:00,PPP.V,,0.8399999737739563,0.8399999737739563,0.8399999737739563,0.8399999737739563,500.0
2026-09-10 15:51:00,QNC.V,,2.4000000953674316,2.4000000953674316,2.4000000953674316,2.4000000953674316,300.0
2026-09-10 15:51:00,QTWO.V,,2.5999999046325684,2.5999999046325684,2.5899999141693115,2.5899999141693115,1200.0
2026-09-10 15:51:00,RECO.V,,0.6150000095367432,0.6150000095367432,0.6150000095367432,0.6150000095367432,1500.0
2026-09-10 15:51:00,RML.V,,1.2100000381469727,1.2100000381469727,1.2100000381469727,1.2100000381469727,100.0
2026-09-10 15:51:00,ROI.V,,0.12999999523162842,0.12999999523162842,0.12999999523162842,0.12999999523162842,500.0
2026-09-10 15:51:00,SLG.V,,5.650000095367432,5.650000095367432,5.650000095367432,5.650000095367432,600.0
2026-09-10 15:51:00,SMN.V,,0.1550000011920929,0.1550000011920929,0.1550000011920929,0.1550000011920929,20125.0
2026-09-10 15:51:00,SOMA.V,,0.6800000071525574,0.6800000071525574,0.6800000071525574,0.6800000071525574,5000.0
2026-09-10 15:51:00,SSV.V,,0.6000000238418579,0.6000000238418579,0.6000000238418579,0.6000000238418579,4019.0
2026-09-10 15:51:00,VIPR.V,,0.44999998807907104,0.44999998807907104,0.44999998807907104,0.44999998807907104,500.0
2026-09-10 15:52:00,MMY.V,,0.9900000095367432,0.9900000095367432,0.9900000095367432,0.9900000095367432,200.0
2026-09-10 15:52:00,NAU.V,,1.1699999570846558,1.1699999570846558,1.1699999570846558,1.1699999570846558,700.0
2026-09-10 15:52:00,NCI.V,,0.4300000071525574,0.4300000071525574,0.4300000071525574,0.4300000071525574,500.0
2026-09-10 15:52:00,NXH.V,,0.3700000047683716,0.3700000047683716,0.35499998927116394,0.35499998927116394,2000.0
2026-09-10 15:52:00,OMG.V,,2.640000104904175,2.640000104904175,2.630000114440918,2.640000104904175,1100.0
2026-09-10 15:52:00,OMI.V,,0.26499998569488525,0.26499998569488525,0.26499998569488525,0.26499998569488525,10000.0
2026-09-10 15:52:00,PLUR.V,,0.12999999523162842,0.12999999523162842,0.12999999523162842,0.12999999523162842,1000.0
2026-09-10 15:52:00,PML.V,,1.7200000286102295,1.7200000286102295,1.7200000286102295,1.7200000286102295,100.0
2026-09-10 15:52:00,PNPN.V,,1.2000000476837158,1.2000000476837158,1.2000000476837158,1.2000000476837158,800.0
2026-09-10 15:52:00,PPP.V,,0.8299999833106995,0.8299999833106995,0.8299999833106995,0.8299999833106995,17600.0
2026-09-10 15:52:00,QNC.V,,2.4000000953674316,2.4000000953674316,2.4000000953674316,2.4000000953674316,100.0
2026-09-10 15:52:00,QTWO.V,,2.5899999141693115,2.5899999141693115,2.5899999141693115,2.5899999141693115,5100.0
2026-09-10 15:52:00,RECO.V,,0.6150000095367432,0.6150000095367432,0.6150000095367432,0.6150000095367432,1500.0
2026-09-10 15:52:00,RML.V,,1.2100000381469727,1.2100000381469727,1.2100000381469727,1.2100000381469727,100.0
2026-09-10 15:52:00,RSS.V,,0.5799999833106995,0.5799999833106995,0.574999988079071,0.574999988079071,5000.0
2026-09-10 15:52:00,SCOT.V,,3.069999933242798,3.069999933242798,3.069999933242798,3.069999933242798,236.0
2026-09-10 15:52:00,SLG.V,,5.630000114440918,5.630000114440918,5.630000114440918,5.630000114440918,5500.0
2026-09-10 15:52:00,SRR.V,,1.0800000429153442,1.0800000429153442,1.0800000429153442,1.0800000429153442,2700.0
2026-09-10 15:53:00,MMY.V,,0.9900000095367432,0.9900000095367432,0.9900000095367432,0.9900000095367432,100.0
2026-09-10 15:53:00,NAU.V,,1.1699999570846558,1.1699999570846558,1.1699999570846558,1.1699999570846558,1008.0
2026-09-10 15:53:00,NCAU.V,,0.3075000047683716,0.3075000047683716,0.3075000047683716,0.3075000047683716,500.0
2026-09-10 15:53:00,OMG.V,,2.640000104904175,2.640000104904175,2.630000114440918,2.630000114440918,7400.0
2026-09-10 15:53:00,PLSR.V,,1.2549999952316284,1.2549999952316284,1.2549999952316284,1.2549999952316284,100.0
2026-09-10 15:53:00,PNPN.V,,1.2000000476837158,1.2000000476837158,1.2000000476837158,1.2000000476837158,1111.0
2026-09-10 15:53:00,PPP.V,,0.8299999833106995,0.8299999833106995,0.8299999833106995,0.8299999833106995,1000.0
2026-09-10 15:53:00,QNC.V,,2.4000000953674316,2.4000000953674316,2.390000104904175,2.4000000953674316,5559.0
2026-09-10 15:53:00,QTWO.V,,2.5799999237060547,2.5799999237060547,2.5799999237060547,2.5799999237060547,1200.0
2026-09-10 15:53:00,RDS.V,,1.159999966621399,1.159999966621399,1.159999966621399,1.159999966621399,100.0
2026-09-10 15:53:00,RECO.V,,0.6150000095367432,0.6150000095367432,0.6150000095367432,0.6150000095367432,2000.0
2026-09-10 15:53:00,RML.V,,1.2100000381469727,1.2100000381469727,1.2100000381469727,1.2100000381469727,100.0
2026-09-10 15:53:00,ROCK.V,,4.409999847412109,4.409999847412109,4.400000095367432,4.400000095367432,200.0
2026-09-10 15:53:00,SLG.V,,5.65500020980835,5.659999847412109,5.630000114440918,5.630000114440918,4700.0
2026-09-10 15:53:00,SSV.V,,0.6000000238418579,0.6000000238418579,0.6000000238418579,0.6000000238418579,968.0
2026-09-10 15:53:00,SVE.V,,0.4300000071525574,0.4300000071525574,0.4300000071525574,0.4300000071525574,6000.0
2026-09-10 15:54:00,BKM.V,,2.9000000953674316,2.9000000953674316,2.9000000953674316,2.9000000953674316,1000.0
2026-09-10 15:54:00,GIII.V,,0.19499999284744263,0.19499999284744263,0.19499999284744263,0.19499999284744263,500.0
2026-09-10 15:54:00,MMY.V,,0.9900000095367432,0.9900000095367432,0.9900000095367432,0.9900000095367432,200.0
2026-09-10 15:54:00,NCAU.V,,0.3075000047683716,0.3075000047683716,0.3075000047683716,0.3075000047683716,500.0
2026-09-10 15:54:00,NDA.V,,0.6000000238418579,0.6000000238418579,0.6000000238418579,0.6000000238418579,500.0
2026-09-10 15:54:00,OMG.V,,2.640000104904175,2.640000104904175,2.640000104904175,2.640000104904175,200.0
2026-09-10 15:54:00,PLSR.V,,1.2549999952316284,1.2549999952316284,1.2549999952316284,1.2549999952316284,100.0
2026-09-10 15:54:00,PML.V,,1.7200000286102295,1.7200000286102295,1.7200000286102295,1.7200000286102295,100.0
2026-09-10 15:54:00,PNPN.V,,1.2000000476837158,1.2000000476837158,1.2000000476837158,1.2000000476837158,1300.0
2026-09-10 15:54:00,PNTR.V,,0.4449999928474426,0.44999998807907104,0.4449999928474426,0.44999998807907104,9500.0
2026-09-10 15:54:00,QTWO.V,,2.5799999237060547,2.5799999237060547,2.5799999237060547,2.5799999237060547,1000.0
2026-09-10 15:54:00,RCK.V,,0.6399999856948853,0.6399999856948853,0.6399999856948853,0.6399999856948853,5036.0
2026-09-10 15:54:00,RML.V,,1.2100000381469727,1.2100000381469727,1.2100000381469727,1.2100000381469727,200.0
2026-09-10 15:54:00,ROCK.V,,4.380000114440918,4.380000114440918,4.380000114440918,4.380000114440918,100.0
2026-09-10 15:54:00,SLG.V,,5.610000133514404,5.619999885559082,5.610000133514404,5.619999885559082,1500.0
2026-09-10 15:54:00,SM.V,,1.5099999904632568,1.5099999904632568,1.5099999904632568,1.5099999904632568,400.0
2026-09-10 15:55:00,FEO.V,,0.7699999809265137,0.7799999713897705,0.7699999809265137,0.7799999713897705,10500.0
2026-09-10 15:55:00,FISH.V,,5.760000228881836,5.760000228881836,5.760000228881836,5.760000228881836,100.0
2026-09-10 15:55:00,MMY.V,,0.9950000047683716,0.9950000047683716,0.9950000047683716,0.9950000047683716,200.0
2026-09-10 15:55:00,NAU.V,,1.1649999618530273,1.1699999570846558,1.159999966621399,1.159999966621399,4700.0
2026-09-10 15:55:00,NCAU.V,,0.3100000023841858,0.3100000023841858,0.3100000023841858,0.3100000023841858,500.0
2026-09-10 15:55:00,OMG.V,,2.630000114440918,2.640000104904175,2.630000114440918,2.634999990463257,2700.0
2026-09-10 15:55:00,OMI.V,,0.26499998569488525,0.26499998569488525,0.26499998569488525,0.26499998569488525,3000.0
2026-09-10 15:55:00,PGE.V,,0.4099999964237213,0.4099999964237213,0.4099999964237213,0.4099999964237213,500.0
2026-09-10 15:55:00,PML.V,,1.7300000190734863,1.7300000190734863,1.7200000286102295,1.7200000286102295,200.0
2026-09-10 15:55:00,PNPN.V,,1.2000000476837158,1.2000000476837158,1.2000000476837158,1.2000000476837158,400.0
2026-09-10 15:55:00,PPP.V,,0.8299999833106995,0.8299999833106995,0.8299999833106995,0.8299999833106995,25000.0
2026-09-10 15:55:00,PPX.V,,0.2549999952316284,0.2549999952316284,0.2549999952316284,0.2549999952316284,1000.0
2026-09-10 15:55:00,QNC.V,,2.4000000953674316,2.4000000953674316,2.4000000953674316,2.4000000953674316,700.0
2026-09-10 15:55:00,QTWO.V,,2.5799999237060547,2.5799999237060547,2.5799999237060547,2.5799999237060547,500.0
2026-09-10 15:55:00,RML.V,,1.2100000381469727,1.2100000381469727,1.2100000381469727,1.2100000381469727,100.0
2026-09-10 15:55:00,ROCK.V,,4.400000095367432,4.409999847412109,4.400000095367432,4.400000095367432,2500.0
2026-09-10 15:55:00,ROK.V,,0.4000000059604645,0.4000000059604645,0.4000000059604645,0.4000000059604645,12500.0
2026-09-10 15:55:00,RSS.V,,0.5799999833106995,0.5799999833106995,0.574999988079071,0.574999988079071,2000.0
2026-09-10 15:55:00,SAG.V,,1.3799999952316284,1.3799999952316284,1.3799999952316284,1.3799999952316284,2100.0
2026-09-10 15:55:00,SCD.V,,0.17499999701976776,0.17499999701976776,0.17499999701976776,0.17499999701976776,500.0
2026-09-10 15:55:00,SLG.V,,5.659999847412109,5.659999847412109,5.659999847412109,5.659999847412109,9650.0
2026-09-10 15:55:00,SR.V,,0.24500000476837158,0.24500000476837158,0.24500000476837158,0.24500000476837158,3000.0
2026-09-10 15:56:00,AMY.V,,0.054999999701976776,0.054999999701976776,0.054999999701976776,0.054999999701976776,2000.0
2026-09-10 15:56:00,FEO.V,,0.7799999713897705,0.7799999713897705,0.7799999713897705,0.7799999713897705,1000.0
2026-09-10 15:56:00,NAU.V,,1.1649999618530273,1.1649999618530273,1.1649999618530273,1.1649999618530273,200.0
2026-09-10 15:56:00,NCAU.V,,0.3075000047683716,0.3100000023841858,0.3075000047683716,0.3100000023841858,1000.0
2026-09-10 15:56:00,NCI.V,,0.4300000071525574,0.4300000071525574,0.4300000071525574,0.4300000071525574,500.0
2026-09-10 15:56:00,OMG.V,,2.640000104904175,2.640000104904175,2.630000114440918,2.634999990463257,2000.0
2026-09-10 15:56:00,PML.V,,1.7200000286102295,1.7300000190734863,1.7200000286102295,1.7300000190734863,200.0
2026-09-10 15:56:00,PNPN.V,,1.2000000476837158,1.2000000476837158,1.2000000476837158,1.2000000476837158,200.0
2026-09-10 15:56:00,PPP.V,,0.8299999833106995,0.8299999833106995,0.8299999833106995,0.8299999833106995,1500.0
2026-09-10 15:56:00,PUR.V,,0.550000011920929,0.550000011920929,0.550000011920929,0.550000011920929,500.0
2026-09-10 15:56:00,QNC.V,,2.390000104904175,2.4000000953674316,2.384999990463257,2.4000000953674316,6400.0
2026-09-10 15:56:00,QTWO.V,,2.5899999141693115,2.5899999141693115,2.5799999237060547,2.5799999237060547,1200.0
2026-09-10 15:56:00,RECO.V,,0.6150000095367432,0.6150000095367432,0.6150000095367432,0.6150000095367432,1000.0
2026-09-10 15:56:00,RML.V,,1.2100000381469727,1.2100000381469727,1.2100000381469727,1.2100000381469727,100.0
2026-09-10 15:56:00,ROCK.V,,4.400000095367432,4.400000095367432,4.400000095367432,4.400000095367432,200.0
2026-09-10 15:56:00,ROS.V,,0.20000000298023224,0.20000000298023224,0.20000000298023224,0.20000000298023224,1000.0
2026-09-10 15:56:00,SEI.V,,0.3799999952316284,0.3799999952316284,0.3799999952316284,0.3799999952316284,1500.0
2026-09-10 15:56:00,SHL.V,,0.39500001072883606,0.39500001072883606,0.39500001072883606,0.39500001072883606,2500.0
2026-09-10 15:56:00,SPRQ.V,,0.9900000095367432,0.9900000095367432,0.9900000095367432,0.9900000095367432,100.0
2026-09-10 15:57:00,MMY.V,,0.9950000047683716,0.9950000047683716,0.9950000047683716,0.9950000047683716,100.0
2026-09-10 15:57:00,NAM.V,,0.20000000298023224,0.20000000298023224,0.20000000298023224,0.20000000298023224,6500.0
2026-09-10 15:57:00,NCAU.V,,0.3075000047683716,0.3075000047683716,0.3075000047683716,0.3075000047683716,500.0
2026-09-10 15:57:00,OMG.V,,2.640000104904175,2.640000104904175,2.634999990463257,2.640000104904175,14500.0
2026-09-10 15:57:00,PGE.V,,0.4099999964237213,0.4099999964237213,0.4099999964237213,0.4099999964237213,34500.0
2026-09-10 15:57:00,PNPN.V,,1.2000000476837158,1.2000000476837158,1.2000000476837158,1.2000000476837158,400.0
2026-09-10 15:57:00,PPP.V,,0.8299999833106995,0.8299999833106995,0.8299999833106995,0.8299999833106995,4000.0
2026-09-10 15:57:00,PUR.V,,0.550000011920929,0.550000011920929,0.550000011920929,0.550000011920929,500.0
2026-09-10 15:57:00,QNC.V,,2.390000104904175,2.390000104904175,2.380000114440918,2.380000114440918,2800.0
2026-09-10 15:57:00,QTWO.V,,2.5899999141693115,2.5899999141693115,2.5899999141693115,2.5899999141693115,1000.0
2026-09-10 15:57:00,RET-A.V,,2.0199999809265137,2.0199999809265137,2.0199999809265137,2.0199999809265137,100.0
2026-09-10 15:57:00,RLYG.V,,0.6299999952316284,0.6299999952316284,0.6299999952316284,0.6299999952316284,1000.0
2026-09-10 15:57:00,RML.V,,1.2100000381469727,1.2100000381469727,1.2100000381469727,1.2100000381469727,100.0
2026-09-10 15:57:00,ROK.V,,0.4000000059604645,0.4000000059604645,0.4000000059604645,0.4000000059604645,4500.0
2026-09-10 15:57:00,SEI.V,,0.3799999952316284,0.3799999952316284,0.3799999952316284,0.3799999952316284,4100.0
2026-09-10 15:57:00,SLG.V,,5.630000114440918,5.630000114440918,5.630000114440918,5.630000114440918,100.0
2026-09-10 15:57:00,SM.V,,1.5099999904632568,1.5099999904632568,1.5099999904632568,1.5099999904632568,1367.0
2026-09-10 15:57:00,SSV.V,,0.6000000238418579,0.6000000238418579,0.6000000238418579,0.6000000238418579,20000.0
2026-09-10 15:57:00,STUV.V,,0.5299999713897705,0.5299999713897705,0.5299999713897705,0.5299999713897705,1500.0
2026-09-10 15:57:00,SUGR.V,,9.180000305175781,9.180000305175781,9.180000305175781,9.180000305175781,1600.0
2026-09-10 15:57:00,SVE.V,,0.4350000023841858,0.4350000023841858,0.4350000023841858,0.4350000023841858,500.0
2026-09-10 15:57:00,SVRS.V,,0.5,0.5,0.5,0.5,3000.0
2026-09-10 15:57:00,VIPR.V,,0.44999998807907104,0.44999998807907104,0.44999998807907104,0.44999998807907104,1500.0
2026-09-10 15:58:00,FISH.V,,5.760000228881836,5.760000228881836,5.760000228881836,5.760000228881836,100.0
2026-09-10 15:58:00,MHUB.V,,0.5,0.5,0.5,0.5,3000.0
2026-09-10 15:58:00,MMY.V,,1.0,1.0,0.9950000047683716,0.9950000047683716,800.0
2026-09-10 15:58:00,NDA.V,,0.6000000238418579,0.6000000238418579,0.6000000238418579,0.6000000238418579,1500.0
2026-09-10 15:58:00,OCO.V,,0.4650000035762787,0.4650000035762787,0.4650000035762787,0.4650000035762787,4000.0
2026-09-10 15:58:00,OMG.V,,2.640000104904175,2.640000104904175,2.634999990463257,2.640000104904175,11600.0
2026-09-10 15:58:00,PML.V,,1.7200000286102295,1.7300000190734863,1.7200000286102295,1.7300000190734863,400.0
2026-09-10 15:58:00,PNPN.V,,1.2000000476837158,1.2000000476837158,1.2000000476837158,1.2000000476837158,15900.0
2026-09-10 15:58:00,PPP.V,,0.8299999833106995,0.8299999833106995,0.8299999833106995,0.8299999833106995,3000.0
2026-09-10 15:58:00,QNC.V,,2.380000114440918,2.380000114440918,2.369999885559082,2.380000114440918,9100.0
2026-09-10 15:58:00,QTWO.V,,2.5899999141693115,2.5899999141693115,2.5899999141693115,2.5899999141693115,100.0
2026-09-10 15:58:00,RML.V,,1.2000000476837158,1.2100000381469727,1.2000000476837158,1.2100000381469727,300.0
2026-09-10 15:58:00,ROCK.V,,4.400000095367432,4.400000095367432,4.400000095367432,4.400000095367432,300.0
2026-09-10 15:58:00,ROK.V,,0.4000000059604645,0.4000000059604645,0.4000000059604645,0.4000000059604645,168500.0
2026-09-10 15:58:00,RVG.V,,0.9100000262260437,0.9100000262260437,0.9100000262260437,0.9100000262260437,7000.0
2026-09-10 15:58:00,SLG.V,,5.630000114440918,5.630000114440918,5.630000114440918,5.630000114440918,100.0
2026-09-10 15:58:00,SM.V,,1.5,1.5,1.5,1.5,7800.0
2026-09-10 15:58:00,SPRQ.V,,0.9900000095367432,0.9900000095367432,0.9900000095367432,0.9900000095367432,300.0
2026-09-10 15:58:00,SSV.V,,0.6050000190734863,0.6050000190734863,0.6050000190734863,0.6050000190734863,7500.0
2026-09-10 15:58:00,SUGR.V,,9.029999732971191,9.180000305175781,9.029999732971191,9.180000305175781,2300.0
2026-09-10 15:58:00,SVRS.V,,0.5,0.5099999904632568,0.5,0.5049999952316284,3000.0
2026-09-10 15:59:00,FEO.V,,0.7799999713897705,0.7799999713897705,0.7799999713897705,0.7799999713897705,2500.0
2026-09-10 15:59:00,MGG.V,,0.3400000035762787,0.3400000035762787,0.3400000035762787,0.3400000035762787,38500.0
2026-09-10 15:59:00,MHUB.V,,0.47999998927116394,0.47999998927116394,0.47999998927116394,0.47999998927116394,2500.0
2026-09-10 15:59:00,MMY.V,,0.9900000095367432,1.0049999952316284,0.9900000095367432,0.9950000047683716,12800.0
2026-09-10 15:59:00,NAU.V,,1.1799999475479126,1.1799999475479126,1.1200000047683716,1.159999966621399,25525.0
2026-09-10 15:59:00,NCAU.V,,0.3050000071525574,0.3075000047683716,0.3050000071525574,0.3075000047683716,3500.0
2026-09-10 15:59:00,NDA.V,,0.5699999928474426,0.6000000238418579,0.5699999928474426,0.6000000238418579,2500.0
2026-09-10 15:59:00,NIM.V,,0.7699999809265137,0.7699999809265137,0.7699999809265137,0.7699999809265137,6000.0
2026-09-10 15:59:00,NSE.V,,0.7599999904632568,0.7599999904632568,0.7599999904632568,0.7599999904632568,500.0
2026-09-10 15:59:00,NXLV.V,,2.309999942779541,2.309999942779541,2.309999942779541,2.309999942779541,100.0
2026-09-10 15:59:00,OCO.V,,0.4699999988079071,0.4749999940395355,0.4699999988079071,0.4749999940395355,13000.0
2026-09-10 15:59:00,OGO.V,,0.4399999976158142,0.4399999976158142,0.4399999976158142,0.4399999976158142,500.0
2026-09-10 15:59:00,OMG.V,,2.6600000858306885,2.6600000858306885,2.630000114440918,2.640000104904175,22807.0
2026-09-10 15:59:00,ONYX.V,,1.6449999809265137,1.6449999809265137,1.6449999809265137,1.6449999809265137,200.0
2026-09-10 15:59:00,PGE.V,,0.4099999964237213,0.4099999964237213,0.4050000011920929,0.4050000011920929,8500.0
2026-09-10 15:59:00,PGZ.V,,0.16500000655651093,0.16500000655651093,0.16500000655651093,0.16500000655651093,2000.0
2026-09-10 15:59:00,PLSR.V,,1.25,1.2549999952316284,1.25,1.2549999952316284,3600.0
2026-09-10 15:59:00,PML.V,,1.7400000095367432,1.7400000095367432,1.7000000476837158,1.7200000286102295,4700.0
2026-09-10 15:59:00,PNPN.V,,1.2200000286102295,1.2200000286102295,1.2000000476837158,1.2000000476837158,11000.0
2026-09-10 15:59:00,PPP.V,,0.8299999833106995,0.8299999833106995,0.8299999833106995,0.8299999833106995,14000.0
2026-09-10 15:59:00,PUR.V,,0.5400000214576721,0.550000011920929,0.5400000214576721,0.550000011920929,1500.0
2026-09-10 15:59:00,PX.V,,0.1599999964237213,0.1599999964237213,0.1599999964237213,0.1599999964237213,9500.0
2026-09-10 15:59:00,QGR.V,,0.19499999284744263,0.19499999284744263,0.19499999284744263,0.19499999284744263,14500.0
2026-09-10 15:59:00,QNC.V,,2.390000104904175,2.390000104904175,2.359999895095825,2.380000114440918,17460.0
2026-09-10 15:59:00,QTWO.V,,2.5799999237060547,2.5999999046325684,2.569999933242798,2.5899999141693115,5653.0
2026-09-10 15:59:00,RCK.V,,0.6399999856948853,0.6399999856948853,0.6399999856948853,0.6399999856948853,500.0
2026-09-10 15:59:00,RDG.V,,0.23999999463558197,0.23999999463558197,0.23999999463558197,0.23999999463558197,500.0
2026-09-10 15:59:00,RDS.V,,1.1699999570846558,1.1799999475479126,1.1649999618530273,1.1649999618530273,26300.0
2026-09-10 15:59:00,RECO.V,,0.6150000095367432,0.6150000095367432,0.6100000143051147,0.6150000095367432,11000.0
2026-09-10 15:59:00,RKV.V,,0.2150000035762787,0.2150000035762787,0.2150000035762787,0.2150000035762787,1000.0
2026-09-10 15:59:00,RML.V,,1.2000000476837158,1.2000000476837158,1.2000000476837158,1.2000000476837158,200.0
2026-09-10 15:59:00,ROCK.V,,4.400000095367432,4.420000076293945,4.400000095367432,4.400000095367432,800.0
2026-09-10 15:59:00,ROK.V,,0.4000000059604645,0.4000000059604645,0.4000000059604645,0.4000000059604645,15500.0
2026-09-10 15:59:00,RVG.V,,0.9100000262260437,0.9100000262260437,0.9100000262260437,0.9100000262260437,9000.0
2026-09-10 15:59:00,SCOT.V,,3.069999933242798,3.069999933242798,3.059999942779541,3.059999942779541,333.0
2026-09-10 15:59:00,SLG.V,,5.630000114440918,5.65500020980835,5.630000114440918,5.65500020980835,600.0
2026-09-10 15:59:00,SOI.V,,0.19499999284744263,0.19499999284744263,0.19499999284744263,0.19499999284744263,1000.0
2026-09-10 15:59:00,SRR.V,,1.090000033378601,1.090000033378601,1.090000033378601,1.090000033378601,100.0
2026-09-10 15:59:00,SSV.V,,0.6000000238418579,0.6050000190734863,0.5899999737739563,0.6000000238418579,53706.0
2026-09-10 15:59:00,SUGR.V,,9.369999885559082,9.369999885559082,9.369999885559082,9.369999885559082,200.0
2026-09-10 15:59:00,SVE.V,,0.4350000023841858,0.4375,0.4350000023841858,0.4375,4000.0
2026-09-10 15:59:00,SVRS.V,,0.5,0.5,0.5,0.5,1000.0
2026-09-10 15:59:00,VIPR.V,,0.4449999928474426,0.4449999928474426,0.4449999928474426,0.4449999928474426,500.0
