Datetime,Ticker,Adj Close,Close,High,Low,Open,Volume
2026-10-06 09:30:00,CELL.V,,0.019999999552965164,0.019999999552965164,0.019999999552965164,0.019999999552965164,0.0
2026-10-06 09:30:00,EMN.V,,0.10000000149011612,0.10000000149011612,0.10000000149011612,0.10000000149011612,0.0
2026-10-06 09:30:00,FDR.V,,8.199999809265137,8.25,8.199999809265137,8.25,0.0
2026-10-06 09:30:00,FG.V,,0.029999999329447746,0.029999999329447746,0.029999999329447746,0.029999999329447746,0.0
2026-10-06 09:30:00,FHYD.V,,0.3700000047683716,0.3700000047683716,0.3700000047683716,0.3700000047683716,0.0
2026-10-06 09:30:00,FL.V,,0.4350000023841858,0.4350000023841858,0.4350000023841858,0.4350000023841858,0.0
2026-10-06 09:30:00,FOBI.V,,0.029999999329447746,0.029999999329447746,0.029999999329447746,0.029999999329447746,0.0
2026-10-06 09:30:00,FRI.V,,0.07000000029802322,0.07000000029802322,0.07000000029802322,0.07000000029802322,0.0
2026-10-06 09:30:00,FUU.V,,0.11999999731779099,0.11999999731779099,0.11999999731779099,0.11999999731779099,0.0
2026-10-06 09:30:00,FWZ.V,,2.8399999141693115,2.8399999141693115,2.8399999141693115,2.8399999141693115,0.0
2026-10-06 09:30:00,GAL.V,,0.46000000834465027,0.46000000834465027,0.46000000834465027,0.46000000834465027,0.0
2026-10-06 09:30:00,GG.V,,2.9100000858306885,2.9100000858306885,2.9100000858306885,2.9100000858306885,0.0
2026-10-06 09:30:00,GGO.V,,1.2999999523162842,1.3200000524520874,1.2999999523162842,1.3200000524520874,0.0
2026-10-06 09:30:00,GLAD.V,,2.440000057220459,2.440000057220459,2.440000057220459,2.440000057220459,0.0
2026-10-06 09:30:00,GMG.V,,2.440000057220459,2.440000057220459,2.430000066757202,2.430000066757202,50.0
2026-10-06 09:30:00,GOK.V,,0.019999999552965164,0.019999999552965164,0.019999999552965164,0.019999999552965164,1500.0
2026-10-06 09:30:00,GOT.V,,1.4600000381469727,1.4600000381469727,1.4600000381469727,1.4600000381469727,0.0
2026-10-06 09:30:00,GPAC.V,,0.1599999964237213,0.1599999964237213,0.1599999964237213,0.1599999964237213,0.0
2026-10-06 09:30:00,GPG.V,,0.3100000023841858,0.3100000023841858,0.3100000023841858,0.3100000023841858,0.0
2026-10-06 09:30:00,GPH.V,,0.8600000143051147,0.8799999952316284,0.8600000143051147,0.8799999952316284,0.0
2026-10-06 09:30:00,GRD.V,,0.07000000029802322,0.07000000029802322,0.07000000029802322,0.07000000029802322,0.0
2026-10-06 09:30:00,GRDM.V,,0.17000000178813934,0.17000000178813934,0.17000000178813934,0.17000000178813934,0.0
2026-10-06 09:30:00,GRSL.V,,0.28999999165534973,0.28999999165534973,0.28999999165534973,0.28999999165534973,0.0
2026-10-06 09:30:00,GRZ.V,,7.099999904632568,7.099999904632568,7.099999904632568,7.099999904632568,0.0
2026-10-06 09:30:00,GSR.V,,0.3100000023841858,0.3149999976158142,0.3100000023841858,0.3149999976158142,0.0
2026-10-06 09:30:00,GWM.V,,1.100000023841858,1.100000023841858,1.090000033378601,1.100000023841858,0.0
2026-10-06 09:30:00,HAN.V,,0.699999988079071,0.699999988079071,0.699999988079071,0.699999988079071,0.0
2026-10-06 09:30:00,HELI.V,,0.02500000037252903,0.02500000037252903,0.02500000037252903,0.02500000037252903,0.0
2026-10-06 09:30:00,HME.V,,2.2799999713897705,2.2799999713897705,2.2799999713897705,2.2799999713897705,0.0
2026-10-06 09:30:00,HMR.V,,0.42500001192092896,0.4300000071525574,0.42500001192092896,0.4300000071525574,0.0
2026-10-06 09:30:00,HVG.V,,0.04500000178813934,0.04500000178813934,0.04500000178813934,0.04500000178813934,0.0
2026-10-06 09:30:00,IB.V,,0.1599999964237213,0.1599999964237213,0.1599999964237213,0.1599999964237213,2925.0
2026-10-06 09:30:00,ICRS.V,,0.03500000014901161,0.03500000014901161,0.03500000014901161,0.03500000014901161,5000.0
2026-10-06 09:30:00,IMI.V,,0.06499999761581421,0.06499999761581421,0.06499999761581421,0.06499999761581421,0.0
2026-10-06 09:30:00,INTR.V,,0.800000011920929,0.800000011920929,0.800000011920929,0.800000011920929,0.0
2026-10-06 09:30:00,IPT.V,,0.26499998569488525,0.26499998569488525,0.26499998569488525,0.26499998569488525,0.0
2026-10-06 09:30:00,IZZ.V,,0.05000000074505806,0.05000000074505806,0.05000000074505806,0.05000000074505806,42000.0
2026-10-06 09:30:00,JADE.V,,0.014999999664723873,0.014999999664723873,0.014999999664723873,0.014999999664723873,2000.0
2026-10-06 09:30:00,JEV.V,,0.2199999988079071,0.2199999988079071,0.2199999988079071,0.2199999988079071,0.0
2026-10-06 09:30:00,JG.V,,0.11500000208616257,0.11500000208616257,0.11500000208616257,0.11500000208616257,0.0
2026-10-06 09:30:00,KDK.V,,0.75,0.75,0.75,0.75,0.0
2026-10-06 09:30:00,KFR.V,,1.090000033378601,1.090000033378601,1.090000033378601,1.090000033378601,0.0
2026-10-06 09:30:00,KG.V,,0.15000000596046448,0.15000000596046448,0.15000000596046448,0.15000000596046448,0.0
2026-10-06 09:30:00,KLD.V,,2.359999895095825,2.359999895095825,2.359999895095825,2.359999895095825,0.0
2026-10-06 09:30:00,KLDC.V,,0.33500000834465027,0.33500000834465027,0.33500000834465027,0.33500000834465027,0.0
2026-10-06 09:30:00,KRI.V,,0.2150000035762787,0.2150000035762787,0.2150000035762787,0.2150000035762787,0.0
2026-10-06 09:30:00,KTN.V,,1.190000057220459,1.190000057220459,1.190000057220459,1.190000057220459,0.0
2026-10-06 09:30:00,LG.V,,0.39500001072883606,0.4000000059604645,0.39500001072883606,0.4000000059604645,0.0
2026-10-06 09:30:00,LGC.V,,3.1500000953674316,3.1500000953674316,3.119999885559082,3.119999885559082,0.0
2026-10-06 09:30:00,LGN.V,,1.159999966621399,1.159999966621399,1.159999966621399,1.159999966621399,0.0
2026-10-06 09:30:00,LIFT.V,,2.069999933242798,2.069999933242798,2.069999933242798,2.069999933242798,0.0
2026-10-06 09:30:00,LIO.V,,0.1850000023841858,0.1850000023841858,0.1850000023841858,0.1850000023841858,0.0
2026-10-06 09:30:00,LITH.V,,0.36500000953674316,0.3700000047683716,0.36500000953674316,0.3700000047683716,0.0
2026-10-06 09:30:00,LME.V,,0.15000000596046448,0.15000000596046448,0.15000000596046448,0.15000000596046448,0.0
2026-10-06 09:30:00,LMN.V,,22.18000030517578,22.18000030517578,22.149999618530273,22.149999618530273,0.0
2026-10-06 09:30:00,LRA.V,,3.8399999141693115,3.8399999141693115,3.8299999237060547,3.8299999237060547,0.0
2026-10-06 09:30:00,LTH.V,,0.5099999904632568,0.5099999904632568,0.5,0.5,0.0
2026-10-06 09:30:00,LXE.V,,0.23000000417232513,0.23000000417232513,0.23000000417232513,0.23000000417232513,0.0
2026-10-06 09:30:00,MAX.V,,0.1899999976158142,0.1899999976158142,0.1899999976158142,0.1899999976158142,0.0
2026-10-06 09:30:00,MERG.V,,0.4449999928474426,0.4449999928474426,0.4449999928474426,0.4449999928474426,0.0
2026-10-06 09:30:00,MFG.V,,3.869999885559082,3.869999885559082,3.869999885559082,3.869999885559082,0.0
2026-10-06 09:30:00,MGM.V,,2.990000009536743,2.990000009536743,2.990000009536743,2.990000009536743,0.0
2026-10-06 09:30:00,MINE.V,,0.11999999731779099,0.11999999731779099,0.11999999731779099,0.11999999731779099,0.0
2026-10-06 09:30:00,MJS.V,,0.10000000149011612,0.10000000149011612,0.10000000149011612,0.10000000149011612,0.0
2026-10-06 09:30:00,MN.V,,0.10000000149011612,0.10000000149011612,0.10000000149011612,0.10000000149011612,0.0
2026-10-06 09:30:00,MRVL.V,,0.10999999940395355,0.10999999940395355,0.10999999940395355,0.10999999940395355,0.0
2026-10-06 09:30:00,MTA.V,,13.399999618530273,13.399999618530273,13.260000228881836,13.260000228881836,0.0
2026-10-06 09:30:00,MTLO.V,,0.004999999888241291,0.004999999888241291,0.004999999888241291,0.004999999888241291,0.0
2026-10-06 09:30:00,NURS.V,,3.5,3.5,3.390000104904175,3.390000104904175,0.0
2026-10-06 09:30:00,PNG.V,,4.550000190734863,4.690000057220459,4.550000190734863,4.570000171661377,0.0
2026-10-06 09:30:00,TUF.V,,0.8999999761581421,0.8999999761581421,0.8999999761581421,0.8999999761581421,0.0
2026-10-06 09:30:00,WOLF.V,,1.7000000476837158,1.7000000476837158,1.7000000476837158,1.7000000476837158,0.0
2026-10-06 09:30:00,ZNG.V,,0.7400000095367432,0.7400000095367432,0.7400000095367432,0.7400000095367432,0.0
2026-10-06 09:31:00,FDR.V,,8.199999809265137,8.25,8.199999809265137,8.25,1401.0
2026-10-06 09:31:00,GAL.V,,0.46000000834465027,0.46000000834465027,0.45500001311302185,0.46000000834465027,53000.0
2026-10-06 09:31:00,GIGA.V,,0.054999999701976776,0.054999999701976776,0.054999999701976776,0.054999999701976776,0.0
2026-10-06 09:31:00,GRSL.V,,0.28999999165534973,0.28999999165534973,0.28999999165534973,0.28999999165534973,11847.0
2026-10-06 09:31:00,HMR.V,,0.42750000953674316,0.42750000953674316,0.42750000953674316,0.42750000953674316,500.0
2026-10-06 09:31:00,INTR.V,,0.800000011920929,0.800000011920929,0.800000011920929,0.800000011920929,3581.0
2026-10-06 09:31:00,JEV.V,,0.23000000417232513,0.23000000417232513,0.23000000417232513,0.23000000417232513,2000.0
2026-10-06 09:31:00,MINE.V,,0.11999999731779099,0.11999999731779099,0.11999999731779099,0.11999999731779099,37673.0
2026-10-06 09:31:00,PNG.V,,4.550000190734863,4.610000133514404,4.519999980926514,4.539999961853027,20470.0
2026-10-06 09:32:00,BIG.V,,1.1799999475479126,1.1799999475479126,1.1799999475479126,1.1799999475479126,0.0
2026-10-06 09:32:00,FL.V,,0.4350000023841858,0.4350000023841858,0.4350000023841858,0.4350000023841858,2016.0
2026-10-06 09:32:00,FRSH.V,,0.75,0.75,0.75,0.75,1000.0
2026-10-06 09:32:00,GGO.V,,1.2999999523162842,1.2999999523162842,1.2999999523162842,1.2999999523162842,4000.0
2026-10-06 09:32:00,GOT.V,,1.4600000381469727,1.4600000381469727,1.4600000381469727,1.4600000381469727,1000.0
2026-10-06 09:32:00,GPAC.V,,0.1599999964237213,0.1599999964237213,0.1599999964237213,0.1599999964237213,4504.0
2026-10-06 09:32:00,GSR.V,,0.3100000023841858,0.3100000023841858,0.3100000023841858,0.3100000023841858,40000.0
2026-10-06 09:32:00,HMR.V,,0.42500001192092896,0.42500001192092896,0.42500001192092896,0.42500001192092896,500.0
2026-10-06 09:32:00,JG.V,,0.11500000208616257,0.11500000208616257,0.11500000208616257,0.11500000208616257,32500.0
2026-10-06 09:32:00,KFR.V,,1.090000033378601,1.090000033378601,1.090000033378601,1.090000033378601,3704.0
2026-10-06 09:32:00,KLD.V,,2.390000104904175,2.390000104904175,2.3499999046325684,2.359999895095825,4700.0
2026-10-06 09:32:00,KLDC.V,,0.33500000834465027,0.33500000834465027,0.33500000834465027,0.33500000834465027,5050.0
2026-10-06 09:32:00,LBNK.V,,0.5400000214576721,0.5400000214576721,0.5400000214576721,0.5400000214576721,0.0
2026-10-06 09:32:00,MINE.V,,0.11999999731779099,0.11999999731779099,0.11999999731779099,0.11999999731779099,68000.0
2026-10-06 09:32:00,PNG.V,,4.550000190734863,4.550000190734863,4.519999980926514,4.519999980926514,4765.0
2026-10-06 09:32:00,SCAN.V,,2.819999933242798,2.819999933242798,2.819999933242798,2.819999933242798,0.0
2026-10-06 09:33:00,FDR.V,,8.180000305175781,8.180000305175781,8.180000305175781,8.180000305175781,100.0
2026-10-06 09:33:00,GAL.V,,0.45500001311302185,0.45500001311302185,0.45500001311302185,0.45500001311302185,1000.0
2026-10-06 09:33:00,GOT.V,,1.4600000381469727,1.4600000381469727,1.4600000381469727,1.4600000381469727,600.0
2026-10-06 09:33:00,HITI.V,,3.9100000858306885,3.9200000762939453,3.9100000858306885,3.9200000762939453,0.0
2026-10-06 09:33:00,HMR.V,,0.42500001192092896,0.42500001192092896,0.42500001192092896,0.42500001192092896,2000.0
2026-10-06 09:33:00,JG.V,,0.11500000208616257,0.11999999731779099,0.11500000208616257,0.11999999731779099,85500.0
2026-10-06 09:33:00,KC.V,,0.38499999046325684,0.38499999046325684,0.38499999046325684,0.38499999046325684,0.0
2026-10-06 09:33:00,KLDC.V,,0.33500000834465027,0.33500000834465027,0.33500000834465027,0.33500000834465027,4500.0
2026-10-06 09:33:00,LG.V,,0.39500001072883606,0.39500001072883606,0.39500001072883606,0.39500001072883606,17500.0
2026-10-06 09:33:00,LIFT.V,,2.049999952316284,2.049999952316284,2.049999952316284,2.049999952316284,5850.0
2026-10-06 09:33:00,MFG.V,,3.8399999141693115,3.8399999141693115,3.8399999141693115,3.8399999141693115,695.0
2026-10-06 09:33:00,PNG.V,,4.510000228881836,4.570000171661377,4.510000228881836,4.534999847412109,9422.0
2026-10-06 09:34:00,GAL.V,,0.44999998807907104,0.45500001311302185,0.44999998807907104,0.45500001311302185,103500.0
2026-10-06 09:34:00,GWM.V,,1.100000023841858,1.100000023841858,1.100000023841858,1.100000023841858,300.0
2026-10-06 09:34:00,INX.V,,0.25999999046325684,0.26499998569488525,0.25999999046325684,0.26499998569488525,0.0
2026-10-06 09:34:00,JJ.V,,0.03500000014901161,0.03500000014901161,0.03500000014901161,0.03500000014901161,0.0
2026-10-06 09:34:00,KLD.V,,2.4000000953674316,2.4000000953674316,2.390000104904175,2.390000104904175,3700.0
2026-10-06 09:34:00,LGN.V,,1.159999966621399,1.159999966621399,1.159999966621399,1.159999966621399,4800.0
2026-10-06 09:34:00,LIFT.V,,2.0999999046325684,2.0999999046325684,2.0799999237060547,2.0799999237060547,10600.0
2026-10-06 09:34:00,PNG.V,,4.53000020980835,4.539999961853027,4.505000114440918,4.519999980926514,9000.0
2026-10-06 09:35:00,GAL.V,,0.4449999928474426,0.44999998807907104,0.4449999928474426,0.44999998807907104,171500.0
2026-10-06 09:35:00,GWM.V,,1.100000023841858,1.100000023841858,1.100000023841858,1.100000023841858,200.0
2026-10-06 09:35:00,LIFT.V,,2.1500000953674316,2.1500000953674316,2.1500000953674316,2.1500000953674316,1200.0
2026-10-06 09:35:00,MRVL.V,,0.11500000208616257,0.11500000208616257,0.11500000208616257,0.11500000208616257,5000.0
2026-10-06 09:35:00,PNG.V,,4.53000020980835,4.53000020980835,4.489999771118164,4.53000020980835,19238.0
2026-10-06 09:35:00,SCAN.V,,2.799999952316284,2.799999952316284,2.799999952316284,2.799999952316284,400.0
2026-10-06 09:35:00,TUF.V,,0.9100000262260437,0.9100000262260437,0.8999999761581421,0.8999999761581421,100000.0
2026-10-06 09:35:00,ZNG.V,,0.7300000190734863,0.7300000190734863,0.7300000190734863,0.7300000190734863,8900.0
2026-10-06 09:36:00,EVGN.V,,0.5600000023841858,0.5600000023841858,0.5600000023841858,0.5600000023841858,0.0
2026-10-06 09:36:00,GAL.V,,0.4449999928474426,0.4449999928474426,0.4449999928474426,0.4449999928474426,29000.0
2026-10-06 09:36:00,GWM.V,,1.100000023841858,1.100000023841858,1.100000023841858,1.100000023841858,100.0
2026-10-06 09:36:00,HITI.V,,3.9100000858306885,3.9100000858306885,3.9100000858306885,3.9100000858306885,100.0
2026-10-06 09:36:00,IPT.V,,0.26499998569488525,0.26499998569488525,0.26499998569488525,0.26499998569488525,64000.0
2026-10-06 09:36:00,MN.V,,0.10000000149011612,0.10000000149011612,0.10000000149011612,0.10000000149011612,4001.0
2026-10-06 09:36:00,PNG.V,,4.570000171661377,4.570000171661377,4.53000020980835,4.53000020980835,6100.0
2026-10-06 09:36:00,TUF.V,,0.9100000262260437,0.9100000262260437,0.9100000262260437,0.9100000262260437,500.0
2026-10-06 09:37:00,GAL.V,,0.45500001311302185,0.45500001311302185,0.45500001311302185,0.45500001311302185,4500.0
2026-10-06 09:37:00,GGM.V,,0.03500000014901161,0.03500000014901161,0.03500000014901161,0.03500000014901161,65000.0
2026-10-06 09:37:00,KDA.V,,0.05999999865889549,0.05999999865889549,0.05999999865889549,0.05999999865889549,0.0
2026-10-06 09:37:00,KLD.V,,2.4700000286102295,2.4700000286102295,2.390000104904175,2.390000104904175,26000.0
2026-10-06 09:37:00,LSL.V,,0.30000001192092896,0.30000001192092896,0.30000001192092896,0.30000001192092896,0.0
2026-10-06 09:37:00,MINE.V,,0.11999999731779099,0.11999999731779099,0.11999999731779099,0.11999999731779099,9000.0
2026-10-06 09:37:00,TUF.V,,0.8899999856948853,0.8999999761581421,0.8899999856948853,0.8999999761581421,24500.0
2026-10-06 09:38:00,FDR.V,,8.15999984741211,8.170000076293945,8.149999618530273,8.170000076293945,1930.0
2026-10-06 09:38:00,GGO.V,,1.3200000524520874,1.3200000524520874,1.3200000524520874,1.3200000524520874,14500.0
2026-10-06 09:38:00,GOT.V,,1.4500000476837158,1.4500000476837158,1.4500000476837158,1.4500000476837158,100.0
2026-10-06 09:38:00,GWM.V,,1.090000033378601,1.090000033378601,1.090000033378601,1.090000033378601,27500.0
2026-10-06 09:38:00,KTN.V,,1.1799999475479126,1.1799999475479126,1.1799999475479126,1.1799999475479126,239.0
2026-10-06 09:38:00,LMN.V,,22.200000762939453,22.200000762939453,22.200000762939453,22.200000762939453,7716.0
2026-10-06 09:38:00,LSL.V,,0.30000001192092896,0.30000001192092896,0.30000001192092896,0.30000001192092896,2050.0
2026-10-06 09:38:00,MERG.V,,0.4399999976158142,0.4449999928474426,0.4399999976158142,0.4449999928474426,12005.0
2026-10-06 09:38:00,PNG.V,,4.559999942779541,4.570000171661377,4.559999942779541,4.559999942779541,12400.0
2026-10-06 09:38:00,TUF.V,,0.8899999856948853,0.8899999856948853,0.8899999856948853,0.8899999856948853,5000.0
2026-10-06 09:39:00,GPAC.V,,0.15000000596046448,0.1550000011920929,0.15000000596046448,0.1550000011920929,20120.0
2026-10-06 09:39:00,GRDM.V,,0.17000000178813934,0.17000000178813934,0.17000000178813934,0.17000000178813934,16341.0
2026-10-06 09:39:00,GRSL.V,,0.28999999165534973,0.28999999165534973,0.28999999165534973,0.28999999165534973,2000.0
2026-10-06 09:39:00,GWM.V,,1.090000033378601,1.090000033378601,1.090000033378601,1.090000033378601,8500.0
2026-10-06 09:39:00,HAN.V,,0.6800000071525574,0.6800000071525574,0.6800000071525574,0.6800000071525574,15000.0
2026-10-06 09:39:00,IRR.V,,1.2000000476837158,1.2000000476837158,1.2000000476837158,1.2000000476837158,0.0
2026-10-06 09:39:00,KFR.V,,1.059999942779541,1.059999942779541,1.059999942779541,1.059999942779541,7181.0
2026-10-06 09:39:00,KLD.V,,2.4600000381469727,2.4600000381469727,2.450000047683716,2.450000047683716,300.0
2026-10-06 09:39:00,KTN.V,,1.1799999475479126,1.1799999475479126,1.1799999475479126,1.1799999475479126,900.0
2026-10-06 09:39:00,LITH.V,,0.36000001430511475,0.36000001430511475,0.36000001430511475,0.36000001430511475,12089.0
2026-10-06 09:39:00,LMN.V,,22.440000534057617,22.440000534057617,22.440000534057617,22.440000534057617,120.0
2026-10-06 09:39:00,MERG.V,,0.44999998807907104,0.44999998807907104,0.4399999976158142,0.4449999928474426,25000.0
2026-10-06 09:39:00,MINE.V,,0.11999999731779099,0.11999999731779099,0.11999999731779099,0.11999999731779099,15000.0
2026-10-06 09:39:00,NURS.V,,3.4000000953674316,3.4000000953674316,3.4000000953674316,3.4000000953674316,100.0
2026-10-06 09:39:00,PNG.V,,4.559999942779541,4.570000171661377,4.559999942779541,4.570000171661377,2011.0
2026-10-06 09:39:00,ROAR.V,,0.22499999403953552,0.23000000417232513,0.22499999403953552,0.23000000417232513,0.0
2026-10-06 09:39:00,TUF.V,,0.8899999856948853,0.8899999856948853,0.8899999856948853,0.8899999856948853,11000.0
2026-10-06 09:40:00,FRED.V,,0.699999988079071,0.699999988079071,0.699999988079071,0.699999988079071,0.0
2026-10-06 09:40:00,FWZ.V,,2.799999952316284,2.819999933242798,2.799999952316284,2.819999933242798,27707.0
2026-10-06 09:40:00,GAL.V,,0.45500001311302185,0.45500001311302185,0.45500001311302185,0.45500001311302185,22500.0
2026-10-06 09:40:00,GOT.V,,1.4500000476837158,1.4500000476837158,1.4500000476837158,1.4500000476837158,1000.0
2026-10-06 09:40:00,GPAC.V,,0.15000000596046448,0.15000000596046448,0.15000000596046448,0.15000000596046448,16504.0
2026-10-06 09:40:00,HAN.V,,0.6700000166893005,0.6700000166893005,0.6700000166893005,0.6700000166893005,500.0
2026-10-06 09:40:00,KDA.V,,0.05999999865889549,0.05999999865889549,0.05999999865889549,0.05999999865889549,2000.0
2026-10-06 09:40:00,KFR.V,,1.0700000524520874,1.0700000524520874,1.0700000524520874,1.0700000524520874,3900.0
2026-10-06 09:40:00,LGN.V,,1.159999966621399,1.159999966621399,1.159999966621399,1.159999966621399,17600.0
2026-10-06 09:40:00,LIO.V,,0.1850000023841858,0.1850000023841858,0.1850000023841858,0.1850000023841858,500.0
2026-10-06 09:40:00,LITH.V,,0.3499999940395355,0.35499998927116394,0.3499999940395355,0.35499998927116394,54400.0
2026-10-06 09:40:00,MINE.V,,0.11999999731779099,0.11999999731779099,0.11999999731779099,0.11999999731779099,15000.0
2026-10-06 09:40:00,NURS.V,,3.390000104904175,3.390000104904175,3.390000104904175,3.390000104904175,300.0
2026-10-06 09:40:00,PNG.V,,4.550000190734863,4.570000171661377,4.539999961853027,4.570000171661377,11334.0
2026-10-06 09:40:00,ROAR.V,,0.22499999403953552,0.22499999403953552,0.22499999403953552,0.22499999403953552,800.0
2026-10-06 09:41:00,BIG.V,,1.1699999570846558,1.1699999570846558,1.1699999570846558,1.1699999570846558,5110.0
2026-10-06 09:41:00,FDR.V,,8.149999618530273,8.199999809265137,8.149999618530273,8.170000076293945,4100.0
2026-10-06 09:41:00,FUU.V,,0.11999999731779099,0.11999999731779099,0.11999999731779099,0.11999999731779099,35500.0
2026-10-06 09:41:00,GOT.V,,1.4500000476837158,1.4500000476837158,1.4500000476837158,1.4500000476837158,500.0
2026-10-06 09:41:00,GRSL.V,,0.28999999165534973,0.28999999165534973,0.28999999165534973,0.28999999165534973,10196.0
2026-10-06 09:41:00,IPT.V,,0.26499998569488525,0.26499998569488525,0.26499998569488525,0.26499998569488525,26000.0
2026-10-06 09:41:00,LG.V,,0.38999998569488525,0.39500001072883606,0.38999998569488525,0.39500001072883606,42500.0
2026-10-06 09:41:00,LGN.V,,1.149999976158142,1.149999976158142,1.149999976158142,1.149999976158142,1000.0
2026-10-06 09:41:00,LTH.V,,0.5099999904632568,0.5099999904632568,0.5099999904632568,0.5099999904632568,2000.0
2026-10-06 09:41:00,MFG.V,,3.799999952316284,3.8299999237060547,3.799999952316284,3.819999933242798,2703.0
2026-10-06 09:41:00,MGM.V,,2.9600000381469727,2.9600000381469727,2.950000047683716,2.950000047683716,1600.0
2026-10-06 09:41:00,MINE.V,,0.11999999731779099,0.11999999731779099,0.11999999731779099,0.11999999731779099,21000.0
2026-10-06 09:41:00,MTA.V,,13.210000038146973,13.210000038146973,13.210000038146973,13.210000038146973,100.0
2026-10-06 09:41:00,PNG.V,,4.539999961853027,4.559999942779541,4.519999980926514,4.550000190734863,22800.0
2026-10-06 09:42:00,BIG.V,,1.159999966621399,1.159999966621399,1.159999966621399,1.159999966621399,1300.0
2026-10-06 09:42:00,FDR.V,,8.130000114440918,8.149999618530273,8.130000114440918,8.149999618530273,2200.0
2026-10-06 09:42:00,GPAC.V,,0.14499999582767487,0.14499999582767487,0.14499999582767487,0.14499999582767487,1500.0
2026-10-06 09:42:00,GRSL.V,,0.28999999165534973,0.28999999165534973,0.28999999165534973,0.28999999165534973,1000.0
2026-10-06 09:42:00,KLD.V,,2.4200000762939453,2.4200000762939453,2.4200000762939453,2.4200000762939453,100.0
2026-10-06 09:42:00,LITH.V,,0.3449999988079071,0.3449999988079071,0.3449999988079071,0.3449999988079071,15354.0
2026-10-06 09:42:00,MINE.V,,0.11999999731779099,0.11999999731779099,0.11999999731779099,0.11999999731779099,15000.0
2026-10-06 09:42:00,MRVL.V,,0.10999999940395355,0.10999999940395355,0.10999999940395355,0.10999999940395355,20000.0
2026-10-06 09:42:00,MTA.V,,13.199999809265137,13.199999809265137,13.199999809265137,13.199999809265137,2040.0
2026-10-06 09:42:00,PNG.V,,4.559999942779541,4.559999942779541,4.550000190734863,4.550000190734863,12600.0
2026-10-06 09:42:00,TUF.V,,0.8899999856948853,0.8899999856948853,0.8899999856948853,0.8899999856948853,2000.0
2026-10-06 09:43:00,BIG.V,,1.159999966621399,1.159999966621399,1.159999966621399,1.159999966621399,1100.0
2026-10-06 09:43:00,EVER.V,,0.30000001192092896,0.30000001192092896,0.30000001192092896,0.30000001192092896,0.0
2026-10-06 09:43:00,FOBI.V,,0.029999999329447746,0.029999999329447746,0.029999999329447746,0.029999999329447746,953455.0
2026-10-06 09:43:00,GPG.V,,0.30000001192092896,0.30000001192092896,0.30000001192092896,0.30000001192092896,1500.0
2026-10-06 09:43:00,LSL.V,,0.30000001192092896,0.30000001192092896,0.30000001192092896,0.30000001192092896,1000.0
2026-10-06 09:43:00,LTH.V,,0.5099999904632568,0.5099999904632568,0.5099999904632568,0.5099999904632568,9500.0
2026-10-06 09:43:00,MINE.V,,0.11999999731779099,0.11999999731779099,0.11999999731779099,0.11999999731779099,5000.0
2026-10-06 09:43:00,PNG.V,,4.579999923706055,4.579999923706055,4.559999942779541,4.559999942779541,5877.0
2026-10-06 09:44:00,FOBI.V,,0.029999999329447746,0.029999999329447746,0.029999999329447746,0.029999999329447746,40000.0
2026-10-06 09:44:00,FUSE.V,,0.029999999329447746,0.029999999329447746,0.029999999329447746,0.029999999329447746,0.0
2026-10-06 09:44:00,FWZ.V,,2.799999952316284,2.799999952316284,2.799999952316284,2.799999952316284,685.0
2026-10-06 09:44:00,GPAC.V,,0.14499999582767487,0.14499999582767487,0.14499999582767487,0.14499999582767487,11500.0
2026-10-06 09:44:00,KC.V,,0.38999998569488525,0.38999998569488525,0.38999998569488525,0.38999998569488525,500.0
2026-10-06 09:44:00,LTH.V,,0.5099999904632568,0.5099999904632568,0.5099999904632568,0.5099999904632568,500.0
2026-10-06 09:44:00,PNG.V,,4.590000152587891,4.590000152587891,4.579999923706055,4.579999923706055,1200.0
2026-10-06 09:44:00,TUF.V,,0.8899999856948853,0.8899999856948853,0.8899999856948853,0.8899999856948853,1500.0
2026-10-06 09:45:00,GGO.V,,1.2999999523162842,1.2999999523162842,1.2999999523162842,1.2999999523162842,2000.0
2026-10-06 09:45:00,GWM.V,,1.0800000429153442,1.0800000429153442,1.0800000429153442,1.0800000429153442,10160.0
2026-10-06 09:45:00,MINE.V,,0.11999999731779099,0.11999999731779099,0.11999999731779099,0.11999999731779099,23000.0
2026-10-06 09:45:00,PNG.V,,4.579999923706055,4.590000152587891,4.579999923706055,4.590000152587891,2700.0
2026-10-06 09:46:00,FWZ.V,,2.809999942779541,2.809999942779541,2.809999942779541,2.809999942779541,200.0
2026-10-06 09:46:00,GOT.V,,1.440000057220459,1.440000057220459,1.440000057220459,1.440000057220459,500.0
2026-10-06 09:46:00,GRSL.V,,0.28999999165534973,0.28999999165534973,0.28999999165534973,0.28999999165534973,1500.0
2026-10-06 09:46:00,GWM.V,,1.090000033378601,1.090000033378601,1.090000033378601,1.090000033378601,5300.0
2026-10-06 09:46:00,JG.V,,0.11500000208616257,0.11500000208616257,0.11500000208616257,0.11500000208616257,4000.0
2026-10-06 09:46:00,KFR.V,,1.0700000524520874,1.0700000524520874,1.0700000524520874,1.0700000524520874,100.0
2026-10-06 09:46:00,KLD.V,,2.440000057220459,2.440000057220459,2.430000066757202,2.430000066757202,4000.0
2026-10-06 09:46:00,LBNK.V,,0.550000011920929,0.550000011920929,0.550000011920929,0.550000011920929,12500.0
2026-10-06 09:46:00,LMN.V,,22.450000762939453,22.450000762939453,22.450000762939453,22.450000762939453,200.0
2026-10-06 09:46:00,LTH.V,,0.5099999904632568,0.5099999904632568,0.5099999904632568,0.5099999904632568,500.0
2026-10-06 09:46:00,MINE.V,,0.11999999731779099,0.11999999731779099,0.11999999731779099,0.11999999731779099,13000.0
2026-10-06 09:46:00,NURS.V,,3.4000000953674316,3.4000000953674316,3.4000000953674316,3.4000000953674316,2000.0
2026-10-06 09:46:00,PNG.V,,4.559999942779541,4.579999923706055,4.559999942779541,4.570000171661377,229343.0
2026-10-06 09:47:00,BIG.V,,1.159999966621399,1.159999966621399,1.159999966621399,1.159999966621399,1000.0
2026-10-06 09:47:00,FL.V,,0.4300000071525574,0.4300000071525574,0.4300000071525574,0.4300000071525574,7294.0
2026-10-06 09:47:00,GG.V,,2.9100000858306885,2.9200000762939453,2.9100000858306885,2.9200000762939453,900.0
2026-10-06 09:47:00,IPT.V,,0.25999999046325684,0.25999999046325684,0.25999999046325684,0.25999999046325684,34000.0
2026-10-06 09:47:00,JJ.V,,0.03500000014901161,0.03500000014901161,0.03500000014901161,0.03500000014901161,50000.0
2026-10-06 09:47:00,PNG.V,,4.579999923706055,4.579999923706055,4.570000171661377,4.570000171661377,500.0
2026-10-06 09:47:00,TUF.V,,0.8899999856948853,0.8899999856948853,0.8899999856948853,0.8899999856948853,3000.0
2026-10-06 09:48:00,FHYD.V,,0.3700000047683716,0.3700000047683716,0.3700000047683716,0.3700000047683716,40443.0
2026-10-06 09:48:00,FOBI.V,,0.029999999329447746,0.029999999329447746,0.029999999329447746,0.029999999329447746,100000.0
2026-10-06 09:48:00,FWZ.V,,2.809999942779541,2.809999942779541,2.809999942779541,2.809999942779541,100.0
2026-10-06 09:48:00,GGO.V,,1.309999942779541,1.309999942779541,1.309999942779541,1.309999942779541,1000.0
2026-10-06 09:48:00,GPAC.V,,0.14499999582767487,0.14499999582767487,0.14499999582767487,0.14499999582767487,2000.0
2026-10-06 09:48:00,GWM.V,,1.0800000429153442,1.0800000429153442,1.0800000429153442,1.0800000429153442,2500.0
2026-10-06 09:48:00,IFOS.V,,2.1700000762939453,2.1700000762939453,2.1700000762939453,2.1700000762939453,0.0
2026-10-06 09:48:00,JJ.V,,0.03500000014901161,0.03500000014901161,0.03500000014901161,0.03500000014901161,44000.0
2026-10-06 09:48:00,LIFT.V,,2.130000114440918,2.130000114440918,2.059999942779541,2.059999942779541,1400.0
2026-10-06 09:48:00,LTH.V,,0.5099999904632568,0.5099999904632568,0.5099999904632568,0.5099999904632568,500.0
2026-10-06 09:48:00,LVX.V,,0.42500001192092896,0.4350000023841858,0.42500001192092896,0.4350000023841858,0.0
2026-10-06 09:48:00,MJS.V,,0.0949999988079071,0.0949999988079071,0.0949999988079071,0.0949999988079071,41500.0
2026-10-06 09:48:00,PNG.V,,4.579999923706055,4.579999923706055,4.570000171661377,4.579999923706055,5900.0
2026-10-06 09:48:00,TUF.V,,0.8799999952316284,0.8899999856948853,0.8799999952316284,0.8899999856948853,25000.0
2026-10-06 09:49:00,BIG.V,,1.159999966621399,1.159999966621399,1.159999966621399,1.159999966621399,1600.0
2026-10-06 09:49:00,FDR.V,,8.15999984741211,8.15999984741211,8.15999984741211,8.15999984741211,29580.0
2026-10-06 09:49:00,FOBI.V,,0.029999999329447746,0.029999999329447746,0.029999999329447746,0.029999999329447746,397000.0
2026-10-06 09:49:00,GMG.V,,2.380000114440918,2.380000114440918,2.380000114440918,2.380000114440918,800.0
2026-10-06 09:49:00,GRSL.V,,0.29499998688697815,0.29499998688697815,0.29499998688697815,0.29499998688697815,500.0
2026-10-06 09:49:00,GWM.V,,1.059999942779541,1.0700000524520874,1.059999942779541,1.0700000524520874,19941.0
2026-10-06 09:49:00,JEV.V,,0.23000000417232513,0.23000000417232513,0.23000000417232513,0.23000000417232513,4500.0
2026-10-06 09:49:00,LIFT.V,,2.0399999618530273,2.065000057220459,2.0399999618530273,2.065000057220459,200.0
2026-10-06 09:49:00,LTH.V,,0.5099999904632568,0.5099999904632568,0.5099999904632568,0.5099999904632568,500.0
2026-10-06 09:49:00,PNG.V,,4.599999904632568,4.599999904632568,4.590000152587891,4.590000152587891,3600.0
2026-10-06 09:49:00,TUF.V,,0.8799999952316284,0.8799999952316284,0.8799999952316284,0.8799999952316284,2000.0
2026-10-06 09:50:00,FOBI.V,,0.029999999329447746,0.029999999329447746,0.029999999329447746,0.029999999329447746,1011000.0
2026-10-06 09:50:00,FRI.V,,0.07000000029802322,0.07000000029802322,0.07000000029802322,0.07000000029802322,1000.0
2026-10-06 09:50:00,GAL.V,,0.45500001311302185,0.45500001311302185,0.45500001311302185,0.45500001311302185,3000.0
2026-10-06 09:50:00,JJ.V,,0.03999999910593033,0.03999999910593033,0.03999999910593033,0.03999999910593033,1640.0
2026-10-06 09:50:00,KLD.V,,2.4800000190734863,2.4800000190734863,2.430000066757202,2.430000066757202,7600.0
2026-10-06 09:50:00,LGN.V,,1.159999966621399,1.159999966621399,1.159999966621399,1.159999966621399,1500.0
2026-10-06 09:50:00,PNG.V,,4.599999904632568,4.599999904632568,4.599999904632568,4.599999904632568,100.0
2026-10-06 09:51:00,FUU.V,,0.11999999731779099,0.11999999731779099,0.11999999731779099,0.11999999731779099,3000.0
2026-10-06 09:51:00,GOT.V,,1.440000057220459,1.440000057220459,1.440000057220459,1.440000057220459,500.0
2026-10-06 09:51:00,HME.V,,2.240000009536743,2.259999990463257,2.240000009536743,2.259999990463257,8878.0
2026-10-06 09:51:00,INTR.V,,0.8100000023841858,0.8100000023841858,0.7900000214576721,0.7900000214576721,24000.0
2026-10-06 09:51:00,KDA.V,,0.05999999865889549,0.05999999865889549,0.05999999865889549,0.05999999865889549,9000.0
2026-10-06 09:51:00,KLD.V,,2.4800000190734863,2.4800000190734863,2.4800000190734863,2.4800000190734863,3414.0
2026-10-06 09:51:00,LG.V,,0.39250001311302185,0.39250001311302185,0.39250001311302185,0.39250001311302185,2000.0
2026-10-06 09:51:00,LGC.V,,3.0399999618530273,3.049999952316284,3.0399999618530273,3.049999952316284,3002.0
2026-10-06 09:51:00,LIO.V,,0.1850000023841858,0.1850000023841858,0.1850000023841858,0.1850000023841858,60000.0
2026-10-06 09:51:00,LTH.V,,0.5099999904632568,0.5099999904632568,0.5099999904632568,0.5099999904632568,500.0
2026-10-06 09:51:00,MINE.V,,0.11999999731779099,0.11999999731779099,0.11999999731779099,0.11999999731779099,57000.0
2026-10-06 09:51:00,NURS.V,,3.4200000762939453,3.4200000762939453,3.4200000762939453,3.4200000762939453,100.0
2026-10-06 09:52:00,FUU.V,,0.11999999731779099,0.11999999731779099,0.11999999731779099,0.11999999731779099,19500.0
2026-10-06 09:52:00,INTR.V,,0.800000011920929,0.800000011920929,0.800000011920929,0.800000011920929,1500.0
2026-10-06 09:52:00,KLD.V,,2.5199999809265137,2.5199999809265137,2.509999990463257,2.509999990463257,3120.0
2026-10-06 09:52:00,LMN.V,,22.239999771118164,22.239999771118164,22.239999771118164,22.239999771118164,100.0
2026-10-06 09:52:00,MINE.V,,0.11999999731779099,0.11999999731779099,0.11999999731779099,0.11999999731779099,10000.0
2026-10-06 09:52:00,PNG.V,,4.590000152587891,4.590000152587891,4.579999923706055,4.579999923706055,4300.0
2026-10-06 09:53:00,GRSL.V,,0.28999999165534973,0.28999999165534973,0.28999999165534973,0.28999999165534973,25225.0
2026-10-06 09:53:00,HME.V,,2.2300000190734863,2.240000009536743,2.2300000190734863,2.240000009536743,2932.0
2026-10-06 09:53:00,LMN.V,,22.25,22.25,22.25,22.25,100.0
2026-10-06 09:53:00,PNG.V,,4.599999904632568,4.599999904632568,4.599999904632568,4.599999904632568,300.0
2026-10-06 09:53:00,TUF.V,,0.8799999952316284,0.8799999952316284,0.8799999952316284,0.8799999952316284,2000.0
2026-10-06 09:54:00,BIG.V,,1.149999976158142,1.1549999713897705,1.149999976158142,1.1549999713897705,144600.0
2026-10-06 09:54:00,GAL.V,,0.45500001311302185,0.45500001311302185,0.45500001311302185,0.45500001311302185,1000.0
2026-10-06 09:54:00,GG.V,,2.9000000953674316,2.9100000858306885,2.9000000953674316,2.9100000858306885,2119.0
2026-10-06 09:54:00,GOT.V,,1.4299999475479126,1.4299999475479126,1.4299999475479126,1.4299999475479126,200.0
2026-10-06 09:54:00,GRSL.V,,0.28999999165534973,0.28999999165534973,0.28999999165534973,0.28999999165534973,2000.0
2026-10-06 09:54:00,HEVI.V,,0.1850000023841858,0.1899999976158142,0.1850000023841858,0.1899999976158142,0.0
2026-10-06 09:54:00,LG.V,,0.38999998569488525,0.38999998569488525,0.38999998569488525,0.38999998569488525,4000.0
2026-10-06 09:54:00,MTA.V,,13.109999656677246,13.109999656677246,13.109999656677246,13.109999656677246,200.0
2026-10-06 09:54:00,NURS.V,,3.4000000953674316,3.4000000953674316,3.4000000953674316,3.4000000953674316,100.0
2026-10-06 09:54:00,PNG.V,,4.579999923706055,4.599999904632568,4.579999923706055,4.599999904632568,9287.0
2026-10-06 09:55:00,BIG.V,,1.159999966621399,1.159999966621399,1.159999966621399,1.159999966621399,12800.0
2026-10-06 09:55:00,FRED.V,,0.6899999976158142,0.6899999976158142,0.6899999976158142,0.6899999976158142,1000.0
2026-10-06 09:55:00,GGO.V,,1.309999942779541,1.309999942779541,1.309999942779541,1.309999942779541,1000.0
2026-10-06 09:55:00,GOT.V,,1.4299999475479126,1.4299999475479126,1.4299999475479126,1.4299999475479126,100.0
2026-10-06 09:55:00,HEVI.V,,0.1850000023841858,0.1850000023841858,0.1850000023841858,0.1850000023841858,10000.0
2026-10-06 09:55:00,LMN.V,,22.399999618530273,22.399999618530273,22.3700008392334,22.3700008392334,1500.0
2026-10-06 09:55:00,MGM.V,,2.9600000381469727,2.9600000381469727,2.9600000381469727,2.9600000381469727,4800.0
2026-10-06 09:55:00,PNG.V,,4.590000152587891,4.590000152587891,4.590000152587891,4.590000152587891,3000.0
2026-10-06 09:56:00,BIG.V,,1.159999966621399,1.159999966621399,1.159999966621399,1.159999966621399,1800.0
2026-10-06 09:56:00,FDR.V,,8.199999809265137,8.199999809265137,8.1899995803833,8.1899995803833,1300.0
2026-10-06 09:56:00,GOT.V,,1.4299999475479126,1.4299999475479126,1.4299999475479126,1.4299999475479126,500.0
2026-10-06 09:56:00,KLDC.V,,0.3499999940395355,0.3499999940395355,0.3499999940395355,0.3499999940395355,1500.0
2026-10-06 09:56:00,PNG.V,,4.570000171661377,4.599999904632568,4.570000171661377,4.599999904632568,11390.0
2026-10-06 09:57:00,LMN.V,,22.350000381469727,22.350000381469727,22.350000381469727,22.350000381469727,493.0
2026-10-06 09:57:00,MINE.V,,0.11999999731779099,0.11999999731779099,0.11999999731779099,0.11999999731779099,150000.0
2026-10-06 09:57:00,MTA.V,,13.15999984741211,13.15999984741211,13.15999984741211,13.15999984741211,100.0
2026-10-06 09:57:00,NURS.V,,3.390000104904175,3.390000104904175,3.390000104904175,3.390000104904175,100.0
2026-10-06 09:57:00,PNG.V,,4.590000152587891,4.599999904632568,4.579999923706055,4.579999923706055,3100.0
2026-10-06 09:57:00,TUF.V,,0.8899999856948853,0.8899999856948853,0.8899999856948853,0.8899999856948853,1000.0
2026-10-06 09:58:00,FOBI.V,,0.03500000014901161,0.03500000014901161,0.03500000014901161,0.03500000014901161,109973.0
2026-10-06 09:58:00,FRED.V,,0.6899999976158142,0.6899999976158142,0.6899999976158142,0.6899999976158142,9500.0
2026-10-06 09:58:00,GRSL.V,,0.28999999165534973,0.28999999165534973,0.28999999165534973,0.28999999165534973,4000.0
2026-10-06 09:58:00,HME.V,,2.2200000286102295,2.2200000286102295,2.2200000286102295,2.2200000286102295,100.0
2026-10-06 09:58:00,MINE.V,,0.11999999731779099,0.11999999731779099,0.11999999731779099,0.11999999731779099,12000.0
2026-10-06 09:58:00,PNG.V,,4.590000152587891,4.599999904632568,4.559999942779541,4.599999904632568,12450.0
2026-10-06 09:59:00,FDR.V,,8.210000038146973,8.210000038146973,8.199999809265137,8.199999809265137,600.0
2026-10-06 09:59:00,GAL.V,,0.45500001311302185,0.45500001311302185,0.45500001311302185,0.45500001311302185,13000.0
2026-10-06 09:59:00,GOT.V,,1.4299999475479126,1.4299999475479126,1.4299999475479126,1.4299999475479126,1200.0
2026-10-06 09:59:00,GPH.V,,0.8600000143051147,0.8600000143051147,0.8600000143051147,0.8600000143051147,1000.0
2026-10-06 09:59:00,GRSL.V,,0.28999999165534973,0.28999999165534973,0.28999999165534973,0.28999999165534973,4000.0
2026-10-06 09:59:00,HME.V,,2.2300000190734863,2.2300000190734863,2.2300000190734863,2.2300000190734863,100.0
2026-10-06 09:59:00,LSL.V,,0.30000001192092896,0.30000001192092896,0.30000001192092896,0.30000001192092896,1000.0
2026-10-06 09:59:00,PNG.V,,4.590000152587891,4.590000152587891,4.570000171661377,4.570000171661377,1910.0
2026-10-06 10:00:00,BIG.V,,1.1699999570846558,1.1699999570846558,1.1699999570846558,1.1699999570846558,1800.0
2026-10-06 10:00:00,GLAD.V,,2.4000000953674316,2.4000000953674316,2.4000000953674316,2.4000000953674316,600.0
2026-10-06 10:00:00,GOT.V,,1.434999942779541,1.440000057220459,1.4299999475479126,1.4299999475479126,1500.0
2026-10-06 10:00:00,HME.V,,2.2300000190734863,2.2300000190734863,2.2300000190734863,2.2300000190734863,200.0
2026-10-06 10:00:00,KFR.V,,1.0700000524520874,1.0700000524520874,1.0700000524520874,1.0700000524520874,900.0
2026-10-06 10:00:00,MTA.V,,13.15999984741211,13.15999984741211,13.15999984741211,13.15999984741211,100.0
2026-10-06 10:00:00,PNG.V,,4.579999923706055,4.590000152587891,4.579999923706055,4.590000152587891,3260.0
2026-10-06 10:01:00,BIG.V,,1.1799999475479126,1.190000057220459,1.1699999570846558,1.1699999570846558,45800.0
2026-10-06 10:01:00,FDR.V,,8.180000305175781,8.180000305175781,8.149999618530273,8.180000305175781,1750.0
2026-10-06 10:01:00,FOBI.V,,0.03500000014901161,0.03500000014901161,0.03500000014901161,0.03500000014901161,101000.0
2026-10-06 10:01:00,GGAU.V,,0.15000000596046448,0.15000000596046448,0.15000000596046448,0.15000000596046448,0.0
2026-10-06 10:01:00,HME.V,,2.2300000190734863,2.2300000190734863,2.2300000190734863,2.2300000190734863,100.0
2026-10-06 10:01:00,LME.V,,0.14499999582767487,0.14499999582767487,0.14499999582767487,0.14499999582767487,2000.0
2026-10-06 10:01:00,LMN.V,,22.299999237060547,22.299999237060547,22.299999237060547,22.299999237060547,1600.0
2026-10-06 10:01:00,PNG.V,,4.559999942779541,4.570000171661377,4.559999942779541,4.570000171661377,4700.0
2026-10-06 10:02:00,BIG.V,,1.1799999475479126,1.1799999475479126,1.1799999475479126,1.1799999475479126,100.0
2026-10-06 10:02:00,FUU.V,,0.125,0.125,0.125,0.125,21200.0
2026-10-06 10:02:00,FWZ.V,,2.819999933242798,2.8299999237060547,2.819999933242798,2.819999933242798,900.0
2026-10-06 10:02:00,HME.V,,2.2300000190734863,2.2300000190734863,2.2300000190734863,2.2300000190734863,100.0
2026-10-06 10:02:00,KTN.V,,1.1749999523162842,1.1749999523162842,1.1699999570846558,1.1699999570846558,2350.0
2026-10-06 10:02:00,LMN.V,,22.299999237060547,22.299999237060547,22.299999237060547,22.299999237060547,411.0
2026-10-06 10:02:00,MGM.V,,2.9600000381469727,2.9600000381469727,2.9600000381469727,2.9600000381469727,600.0
2026-10-06 10:02:00,PNG.V,,4.570000171661377,4.570000171661377,4.559999942779541,4.559999942779541,63400.0
2026-10-06 10:02:00,ROAR.V,,0.2199999988079071,0.2199999988079071,0.2199999988079071,0.2199999988079071,7525.0
2026-10-06 10:03:00,HITI.V,,3.9100000858306885,3.9100000858306885,3.9100000858306885,3.9100000858306885,100.0
2026-10-06 10:03:00,HME.V,,2.234999895095825,2.234999895095825,2.2300000190734863,2.2300000190734863,1150.0
2026-10-06 10:03:00,JZR.V,,0.25999999046325684,0.25999999046325684,0.25999999046325684,0.25999999046325684,0.0
2026-10-06 10:03:00,LMN.V,,22.0,22.299999237060547,22.0,22.299999237060547,1305.0
2026-10-06 10:03:00,PNG.V,,4.590000152587891,4.590000152587891,4.579999923706055,4.590000152587891,359341.0
2026-10-06 10:03:00,ROAR.V,,0.2199999988079071,0.2199999988079071,0.2199999988079071,0.2199999988079071,4000.0
2026-10-06 10:03:00,TUF.V,,0.8899999856948853,0.8899999856948853,0.8899999856948853,0.8899999856948853,500.0
2026-10-06 10:04:00,FDR.V,,8.170000076293945,8.170000076293945,8.170000076293945,8.170000076293945,500.0
2026-10-06 10:04:00,GOT.V,,1.4299999475479126,1.4299999475479126,1.4299999475479126,1.4299999475479126,200.0
2026-10-06 10:04:00,HITI.V,,3.9100000858306885,3.9100000858306885,3.9100000858306885,3.9100000858306885,100.0
2026-10-06 10:04:00,HME.V,,2.2300000190734863,2.234999895095825,2.2300000190734863,2.234999895095825,1000.0
2026-10-06 10:04:00,LIFT.V,,2.0299999713897705,2.0299999713897705,2.0299999713897705,2.0299999713897705,1000.0
2026-10-06 10:04:00,MINE.V,,0.125,0.125,0.125,0.125,4500.0
2026-10-06 10:04:00,PNG.V,,4.579999923706055,4.579999923706055,4.579999923706055,4.579999923706055,1000.0
2026-10-06 10:04:00,TUF.V,,0.8799999952316284,0.8799999952316284,0.8799999952316284,0.8799999952316284,8000.0
2026-10-06 10:05:00,BIG.V,,1.1699999570846558,1.1699999570846558,1.1699999570846558,1.1699999570846558,10500.0
2026-10-06 10:05:00,FDR.V,,8.199999809265137,8.199999809265137,8.170000076293945,8.170000076293945,3700.0
2026-10-06 10:05:00,FOBI.V,,0.03500000014901161,0.03500000014901161,0.03500000014901161,0.03500000014901161,321000.0
2026-10-06 10:05:00,HITI.V,,3.9000000953674316,3.9000000953674316,3.9000000953674316,3.9000000953674316,2909.0
2026-10-06 10:05:00,MINE.V,,0.12999999523162842,0.12999999523162842,0.125,0.125,500.0
2026-10-06 10:05:00,PNG.V,,4.570000171661377,4.579999923706055,4.570000171661377,4.579999923706055,897.0
2026-10-06 10:06:00,GLAD.V,,2.4000000953674316,2.424999952316284,2.4000000953674316,2.424999952316284,2000.0
2026-10-06 10:06:00,GRSL.V,,0.28999999165534973,0.28999999165534973,0.28999999165534973,0.28999999165534973,5267.0
2026-10-06 10:06:00,HME.V,,2.2300000190734863,2.2300000190734863,2.2300000190734863,2.2300000190734863,100.0
2026-10-06 10:06:00,LBNK.V,,0.550000011920929,0.550000011920929,0.550000011920929,0.550000011920929,17000.0
2026-10-06 10:06:00,LMN.V,,21.899999618530273,21.899999618530273,21.899999618530273,21.899999618530273,2300.0
2026-10-06 10:06:00,MFG.V,,3.7899999618530273,3.7899999618530273,3.7899999618530273,3.7899999618530273,100.0
2026-10-06 10:06:00,PNG.V,,4.579999923706055,4.579999923706055,4.579999923706055,4.579999923706055,2200.0
2026-10-06 10:06:00,ROAR.V,,0.2199999988079071,0.2199999988079071,0.2199999988079071,0.2199999988079071,2000.0
2026-10-06 10:07:00,FWZ.V,,2.8299999237060547,2.8299999237060547,2.8299999237060547,2.8299999237060547,500.0
2026-10-06 10:07:00,GOT.V,,1.440000057220459,1.440000057220459,1.440000057220459,1.440000057220459,1000.0
2026-10-06 10:07:00,HITI.V,,3.9100000858306885,3.9100000858306885,3.9100000858306885,3.9100000858306885,600.0
2026-10-06 10:07:00,HME.V,,2.2300000190734863,2.2300000190734863,2.2300000190734863,2.2300000190734863,300.0
2026-10-06 10:07:00,LIFT.V,,2.049999952316284,2.049999952316284,2.049999952316284,2.049999952316284,200.0
2026-10-06 10:07:00,LMN.V,,21.899999618530273,21.899999618530273,21.899999618530273,21.899999618530273,2730.0
2026-10-06 10:07:00,PNG.V,,4.579999923706055,4.590000152587891,4.579999923706055,4.579999923706055,9000.0
2026-10-06 10:07:00,TUF.V,,0.8899999856948853,0.8899999856948853,0.8899999856948853,0.8899999856948853,500.0
2026-10-06 10:08:00,BIG.V,,1.190000057220459,1.190000057220459,1.1749999523162842,1.1799999475479126,71500.0
2026-10-06 10:08:00,FOR.V,,0.6899999976158142,0.6899999976158142,0.6899999976158142,0.6899999976158142,0.0
2026-10-06 10:08:00,GLAD.V,,2.4000000953674316,2.4000000953674316,2.4000000953674316,2.4000000953674316,1000.0
2026-10-06 10:08:00,GOT.V,,1.4299999475479126,1.4299999475479126,1.4299999475479126,1.4299999475479126,500.0
2026-10-06 10:08:00,GRDM.V,,0.16500000655651093,0.16500000655651093,0.16500000655651093,0.16500000655651093,50500.0
2026-10-06 10:08:00,LMN.V,,21.889999389648438,21.899999618530273,21.889999389648438,21.899999618530273,1224.0
2026-10-06 10:08:00,MINE.V,,0.13500000536441803,0.13500000536441803,0.12999999523162842,0.12999999523162842,165000.0
2026-10-06 10:08:00,PNG.V,,4.599999904632568,4.599999904632568,4.590000152587891,4.590000152587891,3205.0
2026-10-06 10:09:00,GLAD.V,,2.4000000953674316,2.4000000953674316,2.4000000953674316,2.4000000953674316,1400.0
2026-10-06 10:09:00,HME.V,,2.2300000190734863,2.2300000190734863,2.2300000190734863,2.2300000190734863,100.0
2026-10-06 10:09:00,MINE.V,,0.14000000059604645,0.14000000059604645,0.14000000059604645,0.14000000059604645,42500.0
2026-10-06 10:09:00,MTX.V,,0.014999999664723873,0.014999999664723873,0.014999999664723873,0.014999999664723873,0.0
2026-10-06 10:09:00,PNG.V,,4.610000133514404,4.610000133514404,4.599999904632568,4.599999904632568,1500.0
2026-10-06 10:09:00,TUF.V,,0.8949999809265137,0.8949999809265137,0.8899999856948853,0.8899999856948853,16500.0
2026-10-06 10:10:00,GLAD.V,,2.4000000953674316,2.4100000858306885,2.4000000953674316,2.4000000953674316,3400.0
2026-10-06 10:10:00,HITI.V,,3.9000000953674316,3.9000000953674316,3.9000000953674316,3.9000000953674316,100.0
2026-10-06 10:10:00,HME.V,,2.2300000190734863,2.2300000190734863,2.2300000190734863,2.2300000190734863,100.0
2026-10-06 10:10:00,LMN.V,,21.81999969482422,21.860000610351562,21.809999465942383,21.860000610351562,1300.0
2026-10-06 10:10:00,PNG.V,,4.590000152587891,4.599999904632568,4.590000152587891,4.599999904632568,1300.0
2026-10-06 10:10:00,TUF.V,,0.8999999761581421,0.8999999761581421,0.8999999761581421,0.8999999761581421,500.0
2026-10-06 10:11:00,FOBI.V,,0.03500000014901161,0.03500000014901161,0.03500000014901161,0.03500000014901161,23000.0
2026-10-06 10:11:00,FUU.V,,0.125,0.125,0.125,0.125,37500.0
2026-10-06 10:11:00,GAL.V,,0.46000000834465027,0.46000000834465027,0.46000000834465027,0.46000000834465027,44000.0
2026-10-06 10:11:00,GLAD.V,,2.4000000953674316,2.4000000953674316,2.4000000953674316,2.4000000953674316,900.0
2026-10-06 10:11:00,GRDM.V,,0.16500000655651093,0.16500000655651093,0.16500000655651093,0.16500000655651093,500.0
2026-10-06 10:11:00,GRSL.V,,0.28999999165534973,0.28999999165534973,0.28999999165534973,0.28999999165534973,4500.0
2026-10-06 10:11:00,HME.V,,2.234999895095825,2.234999895095825,2.234999895095825,2.234999895095825,1500.0
2026-10-06 10:11:00,INTR.V,,0.7900000214576721,0.7900000214576721,0.7900000214576721,0.7900000214576721,2000.0
2026-10-06 10:11:00,LMN.V,,21.809999465942383,21.8700008392334,21.80500030517578,21.8700008392334,3800.0
2026-10-06 10:11:00,MINE.V,,0.14000000059604645,0.14000000059604645,0.14000000059604645,0.14000000059604645,20000.0
2026-10-06 10:11:00,MTA.V,,13.109999656677246,13.109999656677246,13.109999656677246,13.109999656677246,100.0
2026-10-06 10:11:00,PNG.V,,4.599999904632568,4.599999904632568,4.590000152587891,4.599999904632568,6438.0
2026-10-06 10:11:00,TUF.V,,0.8999999761581421,0.8999999761581421,0.8999999761581421,0.8999999761581421,500.0
2026-10-06 10:12:00,FUSE.V,,0.029999999329447746,0.029999999329447746,0.029999999329447746,0.029999999329447746,3000.0
2026-10-06 10:12:00,FUU.V,,0.125,0.125,0.125,0.125,47100.0
2026-10-06 10:12:00,GLAD.V,,2.4000000953674316,2.4000000953674316,2.4000000953674316,2.4000000953674316,5200.0
2026-10-06 10:12:00,GRD.V,,0.07500000298023224,0.07500000298023224,0.07500000298023224,0.07500000298023224,11000.0
2026-10-06 10:12:00,HME.V,,2.2300000190734863,2.2300000190734863,2.2300000190734863,2.2300000190734863,100.0
2026-10-06 10:12:00,KNG.V,,1.100000023841858,1.100000023841858,1.100000023841858,1.100000023841858,0.0
2026-10-06 10:12:00,LMN.V,,21.799999237060547,21.809999465942383,21.799999237060547,21.799999237060547,360.0
2026-10-06 10:12:00,PNG.V,,4.610000133514404,4.610000133514404,4.599999904632568,4.599999904632568,700.0
2026-10-06 10:12:00,TUF.V,,0.8999999761581421,0.8999999761581421,0.8999999761581421,0.8999999761581421,1000.0
2026-10-06 10:13:00,BIG.V,,1.1799999475479126,1.1799999475479126,1.1799999475479126,1.1799999475479126,15300.0
2026-10-06 10:13:00,FDR.V,,8.199999809265137,8.199999809265137,8.199999809265137,8.199999809265137,500.0
2026-10-06 10:13:00,FOBI.V,,0.03500000014901161,0.03500000014901161,0.03500000014901161,0.03500000014901161,7000.0
2026-10-06 10:13:00,GLAD.V,,2.4000000953674316,2.4000000953674316,2.4000000953674316,2.4000000953674316,3900.0
2026-10-06 10:13:00,HPL.V,,0.32499998807907104,0.32499998807907104,0.32499998807907104,0.32499998807907104,0.0
2026-10-06 10:13:00,MINE.V,,0.14000000059604645,0.14000000059604645,0.14000000059604645,0.14000000059604645,11000.0
2026-10-06 10:13:00,MTA.V,,13.119999885559082,13.119999885559082,13.119999885559082,13.119999885559082,100.0
2026-10-06 10:13:00,PNG.V,,4.599999904632568,4.610000133514404,4.599999904632568,4.599999904632568,3900.0
2026-10-06 10:13:00,TUF.V,,0.8999999761581421,0.8999999761581421,0.8999999761581421,0.8999999761581421,500.0
2026-10-06 10:14:00,BIG.V,,1.1799999475479126,1.1799999475479126,1.1799999475479126,1.1799999475479126,2100.0
2026-10-06 10:14:00,FDR.V,,8.199999809265137,8.199999809265137,8.199999809265137,8.199999809265137,500.0
2026-10-06 10:14:00,GLAD.V,,2.4000000953674316,2.4000000953674316,2.4000000953674316,2.4000000953674316,2300.0
2026-10-06 10:14:00,HME.V,,2.2300000190734863,2.2300000190734863,2.2300000190734863,2.2300000190734863,100.0
2026-10-06 10:14:00,KFR.V,,1.0700000524520874,1.0700000524520874,1.0700000524520874,1.0700000524520874,3100.0
2026-10-06 10:14:00,KTO.V,,0.800000011920929,0.800000011920929,0.800000011920929,0.800000011920929,0.0
2026-10-06 10:14:00,MINE.V,,0.14000000059604645,0.14000000059604645,0.14000000059604645,0.14000000059604645,500.0
2026-10-06 10:14:00,PNG.V,,4.610000133514404,4.610000133514404,4.599999904632568,4.599999904632568,800.0
2026-10-06 10:14:00,TUF.V,,0.8999999761581421,0.8999999761581421,0.8999999761581421,0.8999999761581421,500.0
2026-10-06 10:15:00,BIG.V,,1.1799999475479126,1.1799999475479126,1.1799999475479126,1.1799999475479126,1400.0
2026-10-06 10:15:00,FRI.V,,0.07000000029802322,0.07000000029802322,0.07000000029802322,0.07000000029802322,3000.0
2026-10-06 10:15:00,GLAD.V,,2.4000000953674316,2.4000000953674316,2.4000000953674316,2.4000000953674316,900.0
2026-10-06 10:15:00,GRSL.V,,0.28999999165534973,0.28999999165534973,0.28999999165534973,0.28999999165534973,32000.0
2026-10-06 10:15:00,GTC.V,,0.9100000262260437,0.9100000262260437,0.9100000262260437,0.9100000262260437,0.0
2026-10-06 10:15:00,GWM.V,,1.0800000429153442,1.0800000429153442,1.0800000429153442,1.0800000429153442,5400.0
2026-10-06 10:15:00,HME.V,,2.2300000190734863,2.2300000190734863,2.2300000190734863,2.2300000190734863,100.0
2026-10-06 10:15:00,JJ.V,,0.03500000014901161,0.03500000014901161,0.03500000014901161,0.03500000014901161,1000.0
2026-10-06 10:15:00,KIP.V,,0.2199999988079071,0.2199999988079071,0.2199999988079071,0.2199999988079071,0.0
2026-10-06 10:15:00,MINE.V,,0.14000000059604645,0.14000000059604645,0.14000000059604645,0.14000000059604645,1500.0
2026-10-06 10:15:00,MRVL.V,,0.11500000208616257,0.11500000208616257,0.11500000208616257,0.11500000208616257,23000.0
2026-10-06 10:15:00,PNG.V,,4.599999904632568,4.610000133514404,4.599999904632568,4.599999904632568,22602.0
2026-10-06 10:15:00,ROAR.V,,0.2150000035762787,0.2199999988079071,0.2150000035762787,0.2199999988079071,6000.0
2026-10-06 10:15:00,TUF.V,,0.8999999761581421,0.8999999761581421,0.8999999761581421,0.8999999761581421,500.0
2026-10-06 10:16:00,GLAD.V,,2.4000000953674316,2.4100000858306885,2.4000000953674316,2.4000000953674316,3500.0
2026-10-06 10:16:00,GSR.V,,0.3100000023841858,0.3100000023841858,0.3100000023841858,0.3100000023841858,3000.0
2026-10-06 10:16:00,HITI.V,,3.880000114440918,3.890000104904175,3.880000114440918,3.890000104904175,200.0
2026-10-06 10:16:00,HME.V,,2.2300000190734863,2.2300000190734863,2.2300000190734863,2.2300000190734863,100.0
2026-10-06 10:16:00,KFR.V,,1.0700000524520874,1.0700000524520874,1.059999942779541,1.059999942779541,23858.0
2026-10-06 10:16:00,MINE.V,,0.14000000059604645,0.14000000059604645,0.14000000059604645,0.14000000059604645,19240.0
2026-10-06 10:16:00,PNG.V,,4.599999904632568,4.599999904632568,4.599999904632568,4.599999904632568,500.0
2026-10-06 10:17:00,BIG.V,,1.1799999475479126,1.1799999475479126,1.1799999475479126,1.1799999475479126,4000.0
2026-10-06 10:17:00,FOBI.V,,0.03500000014901161,0.03500000014901161,0.03500000014901161,0.03500000014901161,1000.0
2026-10-06 10:17:00,FUU.V,,0.125,0.125,0.125,0.125,500.0
2026-10-06 10:17:00,GLAD.V,,2.4000000953674316,2.4000000953674316,2.4000000953674316,2.4000000953674316,1200.0
2026-10-06 10:17:00,GRSL.V,,0.28999999165534973,0.28999999165534973,0.28999999165534973,0.28999999165534973,4500.0
2026-10-06 10:17:00,GWM.V,,1.0700000524520874,1.0700000524520874,1.0700000524520874,1.0700000524520874,5100.0
2026-10-06 10:17:00,MINE.V,,0.14000000059604645,0.14000000059604645,0.14000000059604645,0.14000000059604645,500.0
2026-10-06 10:17:00,PNG.V,,4.579999923706055,4.590000152587891,4.579999923706055,4.590000152587891,7600.0
2026-10-06 10:17:00,TUF.V,,0.8999999761581421,0.8999999761581421,0.8999999761581421,0.8999999761581421,500.0
2026-10-06 10:17:00,ZNG.V,,0.7300000190734863,0.7300000190734863,0.7300000190734863,0.7300000190734863,9496.0
2026-10-06 10:18:00,BIG.V,,1.1799999475479126,1.1799999475479126,1.1799999475479126,1.1799999475479126,4800.0
2026-10-06 10:18:00,FDR.V,,8.1899995803833,8.1899995803833,8.1899995803833,8.1899995803833,100.0
2026-10-06 10:18:00,FWZ.V,,2.799999952316284,2.819999933242798,2.799999952316284,2.819999933242798,1625.0
2026-10-06 10:18:00,GLAD.V,,2.4000000953674316,2.4000000953674316,2.4000000953674316,2.4000000953674316,5000.0
2026-10-06 10:18:00,GWM.V,,1.0700000524520874,1.0700000524520874,1.0700000524520874,1.0700000524520874,1200.0
2026-10-06 10:18:00,HITI.V,,3.869999885559082,3.869999885559082,3.869999885559082,3.869999885559082,4506.0
2026-10-06 10:18:00,HME.V,,2.2300000190734863,2.2300000190734863,2.2300000190734863,2.2300000190734863,100.0
2026-10-06 10:18:00,IRR.V,,1.2000000476837158,1.2000000476837158,1.2000000476837158,1.2000000476837158,18900.0
2026-10-06 10:18:00,PNG.V,,4.559999942779541,4.570000171661377,4.559999942779541,4.570000171661377,12098.0
2026-10-06 10:18:00,TUF.V,,0.8999999761581421,0.8999999761581421,0.8999999761581421,0.8999999761581421,500.0
2026-10-06 10:19:00,FDR.V,,8.1899995803833,8.210000038146973,8.1899995803833,8.210000038146973,200.0
2026-10-06 10:19:00,GLAD.V,,2.4000000953674316,2.4000000953674316,2.4000000953674316,2.4000000953674316,1000.0
2026-10-06 10:19:00,GQC.V,,0.800000011920929,0.800000011920929,0.800000011920929,0.800000011920929,0.0
2026-10-06 10:19:00,KALO.V,,0.13500000536441803,0.14000000059604645,0.13500000536441803,0.14000000059604645,0.0
2026-10-06 10:19:00,KLD.V,,2.4000000953674316,2.450000047683716,2.4000000953674316,2.4000000953674316,1100.0
2026-10-06 10:19:00,LGN.V,,1.159999966621399,1.159999966621399,1.159999966621399,1.159999966621399,10000.0
2026-10-06 10:19:00,PNG.V,,4.559999942779541,4.570000171661377,4.559999942779541,4.570000171661377,4100.0
2026-10-06 10:20:00,FOBI.V,,0.03500000014901161,0.03500000014901161,0.03500000014901161,0.03500000014901161,82000.0
2026-10-06 10:20:00,GLAD.V,,2.4000000953674316,2.4000000953674316,2.4000000953674316,2.4000000953674316,2400.0
2026-10-06 10:20:00,GWM.V,,1.059999942779541,1.059999942779541,1.059999942779541,1.059999942779541,5900.0
2026-10-06 10:20:00,HAR.V,,0.05000000074505806,0.05000000074505806,0.05000000074505806,0.05000000074505806,0.0
2026-10-06 10:20:00,HITI.V,,3.869999885559082,3.869999885559082,3.869999885559082,3.869999885559082,100.0
2026-10-06 10:20:00,HME.V,,2.2300000190734863,2.2300000190734863,2.2300000190734863,2.2300000190734863,9700.0
2026-10-06 10:20:00,LGN.V,,1.159999966621399,1.159999966621399,1.159999966621399,1.159999966621399,13600.0
2026-10-06 10:20:00,PNG.V,,4.559999942779541,4.570000171661377,4.559999942779541,4.559999942779541,1000.0
2026-10-06 10:20:00,TUF.V,,0.8999999761581421,0.8999999761581421,0.8999999761581421,0.8999999761581421,500.0
2026-10-06 10:21:00,FDR.V,,8.199999809265137,8.199999809265137,8.199999809265137,8.199999809265137,39230.0
2026-10-06 10:21:00,GLAD.V,,2.4000000953674316,2.4000000953674316,2.4000000953674316,2.4000000953674316,2400.0
2026-10-06 10:21:00,IVS.V,,0.27000001072883606,0.27000001072883606,0.27000001072883606,0.27000001072883606,0.0
2026-10-06 10:21:00,MINE.V,,0.13500000536441803,0.14000000059604645,0.13500000536441803,0.14000000059604645,171000.0
2026-10-06 10:21:00,NURS.V,,3.4200000762939453,3.4200000762939453,3.4200000762939453,3.4200000762939453,2100.0
2026-10-06 10:21:00,PNG.V,,4.570000171661377,4.570000171661377,4.570000171661377,4.570000171661377,1800.0
2026-10-06 10:21:00,TUF.V,,0.8999999761581421,0.8999999761581421,0.8999999761581421,0.8999999761581421,500.0
2026-10-06 10:22:00,FDR.V,,8.180000305175781,8.1899995803833,8.180000305175781,8.180000305175781,200.0
2026-10-06 10:22:00,GLAD.V,,2.4000000953674316,2.4000000953674316,2.4000000953674316,2.4000000953674316,3200.0
2026-10-06 10:22:00,GOT.V,,1.4299999475479126,1.4299999475479126,1.4299999475479126,1.4299999475479126,9168.0
2026-10-06 10:22:00,GRSL.V,,0.2849999964237213,0.2849999964237213,0.2849999964237213,0.2849999964237213,500.0
2026-10-06 10:22:00,HME.V,,2.2300000190734863,2.2300000190734863,2.2300000190734863,2.2300000190734863,3400.0
2026-10-06 10:22:00,IVS.V,,0.2750000059604645,0.2750000059604645,0.2750000059604645,0.2750000059604645,2500.0
2026-10-06 10:22:00,KLD.V,,2.4000000953674316,2.4000000953674316,2.4000000953674316,2.4000000953674316,8100.0
2026-10-06 10:22:00,LG.V,,0.39500001072883606,0.39500001072883606,0.39500001072883606,0.39500001072883606,3000.0
2026-10-06 10:22:00,PNG.V,,4.570000171661377,4.570000171661377,4.570000171661377,4.570000171661377,700.0
2026-10-06 10:22:00,ZNG.V,,0.7300000190734863,0.7300000190734863,0.7300000190734863,0.7300000190734863,2500.0
2026-10-06 10:23:00,BIG.V,,1.1799999475479126,1.1799999475479126,1.1799999475479126,1.1799999475479126,2100.0
2026-10-06 10:23:00,GLAD.V,,2.4000000953674316,2.4000000953674316,2.4000000953674316,2.4000000953674316,4400.0
2026-10-06 10:23:00,HITI.V,,3.859999895095825,3.859999895095825,3.859999895095825,3.859999895095825,500.0
2026-10-06 10:23:00,HME.V,,2.2200000286102295,2.2200000286102295,2.2200000286102295,2.2200000286102295,2060.0
2026-10-06 10:23:00,MTA.V,,13.109999656677246,13.109999656677246,13.109999656677246,13.109999656677246,100.0
2026-10-06 10:23:00,TUF.V,,0.8999999761581421,0.8999999761581421,0.8999999761581421,0.8999999761581421,2000.0
2026-10-06 10:24:00,GAL.V,,0.46000000834465027,0.46000000834465027,0.46000000834465027,0.46000000834465027,500.0
2026-10-06 10:24:00,GLAD.V,,2.4000000953674316,2.4000000953674316,2.4000000953674316,2.4000000953674316,1900.0
2026-10-06 10:24:00,KLD.V,,2.4000000953674316,2.4000000953674316,2.4000000953674316,2.4000000953674316,200.0
2026-10-06 10:24:00,LGC.V,,3.0999999046325684,3.109999895095825,3.0999999046325684,3.109999895095825,700.0
2026-10-06 10:24:00,TUF.V,,0.8999999761581421,0.8999999761581421,0.8999999761581421,0.8999999761581421,500.0
2026-10-06 10:25:00,GLAD.V,,2.4000000953674316,2.4000000953674316,2.4000000953674316,2.4000000953674316,1200.0
2026-10-06 10:25:00,GOT.V,,1.4299999475479126,1.4299999475479126,1.4299999475479126,1.4299999475479126,100.0
2026-10-06 10:25:00,GRDM.V,,0.17000000178813934,0.17000000178813934,0.17000000178813934,0.17000000178813934,64500.0
2026-10-06 10:25:00,GRSL.V,,0.2874999940395355,0.2874999940395355,0.2874999940395355,0.2874999940395355,4000.0
2026-10-06 10:25:00,HME.V,,2.2200000286102295,2.2200000286102295,2.2200000286102295,2.2200000286102295,200.0
2026-10-06 10:25:00,KRI.V,,0.20999999344348907,0.20999999344348907,0.20999999344348907,0.20999999344348907,10000.0
2026-10-06 10:25:00,KTN.V,,1.1649999618530273,1.1699999570846558,1.1649999618530273,1.1699999570846558,1600.0
2026-10-06 10:25:00,MGM.V,,2.9800000190734863,2.9800000190734863,2.9800000190734863,2.9800000190734863,500.0
2026-10-06 10:25:00,MINE.V,,0.13500000536441803,0.13500000536441803,0.13500000536441803,0.13500000536441803,25000.0
2026-10-06 10:25:00,PNG.V,,4.579999923706055,4.579999923706055,4.579999923706055,4.579999923706055,700.0
2026-10-06 10:25:00,TUF.V,,0.8999999761581421,0.8999999761581421,0.8999999761581421,0.8999999761581421,500.0
2026-10-06 10:26:00,FWZ.V,,2.819999933242798,2.819999933242798,2.819999933242798,2.819999933242798,300.0
2026-10-06 10:26:00,GLAD.V,,2.4000000953674316,2.4000000953674316,2.4000000953674316,2.4000000953674316,2300.0
2026-10-06 10:26:00,GOT.V,,1.4299999475479126,1.4299999475479126,1.4299999475479126,1.4299999475479126,3554.0
2026-10-06 10:26:00,GRSL.V,,0.28999999165534973,0.28999999165534973,0.28999999165534973,0.28999999165534973,500.0
2026-10-06 10:26:00,GWM.V,,1.059999942779541,1.059999942779541,1.0499999523162842,1.0499999523162842,3100.0
2026-10-06 10:26:00,HANS.V,,0.019999999552965164,0.019999999552965164,0.019999999552965164,0.019999999552965164,1000.0
2026-10-06 10:26:00,HME.V,,2.2200000286102295,2.2200000286102295,2.2200000286102295,2.2200000286102295,300.0
2026-10-06 10:26:00,KFR.V,,1.0700000524520874,1.0700000524520874,1.0700000524520874,1.0700000524520874,7600.0
2026-10-06 10:26:00,LGN.V,,1.159999966621399,1.159999966621399,1.159999966621399,1.159999966621399,2800.0
2026-10-06 10:26:00,PNG.V,,4.570000171661377,4.570000171661377,4.570000171661377,4.570000171661377,100.0
2026-10-06 10:27:00,GLAD.V,,2.4000000953674316,2.4000000953674316,2.4000000953674316,2.4000000953674316,1100.0
2026-10-06 10:27:00,GWM.V,,1.0499999523162842,1.0499999523162842,1.0499999523162842,1.0499999523162842,100.0
2026-10-06 10:27:00,HME.V,,2.2200000286102295,2.2200000286102295,2.2200000286102295,2.2200000286102295,300.0
2026-10-06 10:27:00,KLD.V,,2.4000000953674316,2.4000000953674316,2.4000000953674316,2.4000000953674316,400.0
2026-10-06 10:27:00,LGC.V,,3.0799999237060547,3.0899999141693115,3.0799999237060547,3.0899999141693115,900.0
2026-10-06 10:27:00,PNG.V,,4.550000190734863,4.559999942779541,4.550000190734863,4.559999942779541,13002.0
2026-10-06 10:27:00,TUF.V,,0.8999999761581421,0.8999999761581421,0.8999999761581421,0.8999999761581421,500.0
2026-10-06 10:28:00,GLAD.V,,2.4000000953674316,2.4000000953674316,2.4000000953674316,2.4000000953674316,4200.0
2026-10-06 10:28:00,GWM.V,,1.0499999523162842,1.0499999523162842,1.0499999523162842,1.0499999523162842,200.0
2026-10-06 10:28:00,HME.V,,2.2200000286102295,2.2200000286102295,2.2200000286102295,2.2200000286102295,200.0
2026-10-06 10:28:00,KDA.V,,0.05999999865889549,0.05999999865889549,0.05999999865889549,0.05999999865889549,17000.0
2026-10-06 10:28:00,KTO.V,,0.7900000214576721,0.7900000214576721,0.7900000214576721,0.7900000214576721,500000.0
2026-10-06 10:28:00,LGC.V,,3.049999952316284,3.049999952316284,3.049999952316284,3.049999952316284,400.0
2026-10-06 10:28:00,MGM.V,,2.950000047683716,2.950000047683716,2.950000047683716,2.950000047683716,2300.0
2026-10-06 10:28:00,PNG.V,,4.559999942779541,4.559999942779541,4.559999942779541,4.559999942779541,400.0
2026-10-06 10:29:00,EXG.V,,0.10999999940395355,0.10999999940395355,0.10999999940395355,0.10999999940395355,0.0
2026-10-06 10:29:00,FDR.V,,8.1899995803833,8.1899995803833,8.1899995803833,8.1899995803833,200.0
2026-10-06 10:29:00,GLAD.V,,2.4000000953674316,2.4000000953674316,2.4000000953674316,2.4000000953674316,1100.0
2026-10-06 10:29:00,GOT.V,,1.4299999475479126,1.4299999475479126,1.4299999475479126,1.4299999475479126,300.0
2026-10-06 10:29:00,GWM.V,,1.0499999523162842,1.0499999523162842,1.0499999523162842,1.0499999523162842,200.0
2026-10-06 10:29:00,HME.V,,2.2200000286102295,2.2200000286102295,2.2200000286102295,2.2200000286102295,200.0
2026-10-06 10:29:00,KTN.V,,1.149999976158142,1.1649999618530273,1.149999976158142,1.1649999618530273,26000.0
2026-10-06 10:29:00,LGN.V,,1.159999966621399,1.159999966621399,1.159999966621399,1.159999966621399,16700.0
2026-10-06 10:29:00,LIFT.V,,2.0999999046325684,2.0999999046325684,2.049999952316284,2.049999952316284,8100.0
2026-10-06 10:29:00,MGM.V,,2.950000047683716,2.9600000381469727,2.950000047683716,2.9600000381469727,1100.0
2026-10-06 10:29:00,MRVL.V,,0.11999999731779099,0.11999999731779099,0.11999999731779099,0.11999999731779099,5000.0
2026-10-06 10:29:00,PNG.V,,4.550000190734863,4.550000190734863,4.550000190734863,4.550000190734863,2161.0
2026-10-06 10:29:00,TUF.V,,0.8999999761581421,0.8999999761581421,0.8999999761581421,0.8999999761581421,500.0
2026-10-06 10:30:00,FWZ.V,,2.819999933242798,2.819999933242798,2.819999933242798,2.819999933242798,100.0
2026-10-06 10:30:00,GLAD.V,,2.4000000953674316,2.4000000953674316,2.4000000953674316,2.4000000953674316,3700.0
2026-10-06 10:30:00,GWM.V,,1.0499999523162842,1.0499999523162842,1.0499999523162842,1.0499999523162842,200.0
2026-10-06 10:30:00,HME.V,,2.2200000286102295,2.2249999046325684,2.2200000286102295,2.2249999046325684,1500.0
2026-10-06 10:30:00,PNG.V,,4.550000190734863,4.550000190734863,4.550000190734863,4.550000190734863,1100.0
2026-10-06 10:31:00,GLAD.V,,2.4000000953674316,2.4000000953674316,2.4000000953674316,2.4000000953674316,3900.0
2026-10-06 10:31:00,GWM.V,,1.059999942779541,1.059999942779541,1.0399999618530273,1.0499999523162842,5800.0
2026-10-06 10:31:00,HME.V,,2.2200000286102295,2.2200000286102295,2.2200000286102295,2.2200000286102295,100.0
2026-10-06 10:31:00,KLD.V,,2.3499999046325684,2.4000000953674316,2.3499999046325684,2.4000000953674316,6042.0
2026-10-06 10:31:00,KTN.V,,1.149999976158142,1.149999976158142,1.149999976158142,1.149999976158142,1000.0
2026-10-06 10:31:00,MMG.V,,0.1899999976158142,0.1899999976158142,0.1899999976158142,0.1899999976158142,0.0
2026-10-06 10:31:00,MRVL.V,,0.10999999940395355,0.11500000208616257,0.10999999940395355,0.11500000208616257,14000.0
2026-10-06 10:31:00,PNG.V,,4.539999961853027,4.550000190734863,4.539999961853027,4.550000190734863,4964.0
2026-10-06 10:32:00,BIG.V,,1.190000057220459,1.190000057220459,1.190000057220459,1.190000057220459,2800.0
2026-10-06 10:32:00,GLAD.V,,2.4000000953674316,2.4000000953674316,2.4000000953674316,2.4000000953674316,4900.0
2026-10-06 10:32:00,GWM.V,,1.059999942779541,1.059999942779541,1.059999942779541,1.059999942779541,3100.0
2026-10-06 10:32:00,HME.V,,2.2300000190734863,2.2300000190734863,2.2249999046325684,2.2249999046325684,5200.0
2026-10-06 10:32:00,MMG.V,,0.1899999976158142,0.1899999976158142,0.1899999976158142,0.1899999976158142,4000.0
2026-10-06 10:32:00,MTA.V,,13.069999694824219,13.069999694824219,13.069999694824219,13.069999694824219,100.0
2026-10-06 10:32:00,NURS.V,,3.390000104904175,3.390000104904175,3.390000104904175,3.390000104904175,100.0
2026-10-06 10:32:00,PNG.V,,4.53000020980835,4.53000020980835,4.53000020980835,4.53000020980835,1300.0
2026-10-06 10:32:00,TUF.V,,0.8999999761581421,0.8999999761581421,0.8999999761581421,0.8999999761581421,2500.0
2026-10-06 10:33:00,GLAD.V,,2.4000000953674316,2.4000000953674316,2.4000000953674316,2.4000000953674316,1400.0
2026-10-06 10:33:00,GWM.V,,1.059999942779541,1.059999942779541,1.059999942779541,1.059999942779541,3200.0
2026-10-06 10:33:00,HME.V,,2.2300000190734863,2.240000009536743,2.2300000190734863,2.2300000190734863,7400.0
2026-10-06 10:33:00,IPT.V,,0.25999999046325684,0.25999999046325684,0.25999999046325684,0.25999999046325684,500.0
2026-10-06 10:33:00,KLD.V,,2.4000000953674316,2.4000000953674316,2.4000000953674316,2.4000000953674316,800.0
2026-10-06 10:33:00,MGM.V,,2.9600000381469727,2.9600000381469727,2.9600000381469727,2.9600000381469727,100.0
2026-10-06 10:33:00,TUF.V,,0.8999999761581421,0.8999999761581421,0.8999999761581421,0.8999999761581421,500.0
2026-10-06 10:34:00,FDR.V,,8.210000038146973,8.220000267028809,8.210000038146973,8.210000038146973,2000.0
2026-10-06 10:34:00,GLAD.V,,2.4000000953674316,2.4000000953674316,2.4000000953674316,2.4000000953674316,2300.0
2026-10-06 10:34:00,GLDN.V,,0.08500000089406967,0.08500000089406967,0.08500000089406967,0.08500000089406967,0.0
2026-10-06 10:34:00,GPAC.V,,0.14000000059604645,0.14000000059604645,0.14000000059604645,0.14000000059604645,14080.0
2026-10-06 10:34:00,HME.V,,2.2300000190734863,2.2300000190734863,2.2300000190734863,2.2300000190734863,600.0
2026-10-06 10:34:00,HVG.V,,0.03999999910593033,0.03999999910593033,0.03999999910593033,0.03999999910593033,389000.0
2026-10-06 10:34:00,IPT.V,,0.25999999046325684,0.25999999046325684,0.25999999046325684,0.25999999046325684,2290.0
2026-10-06 10:34:00,KLD.V,,2.4000000953674316,2.4000000953674316,2.4000000953674316,2.4000000953674316,1300.0
2026-10-06 10:34:00,PNG.V,,4.519999980926514,4.53000020980835,4.519999980926514,4.519999980926514,3100.0
2026-10-06 10:35:00,FL.V,,0.42500001192092896,0.42500001192092896,0.42500001192092896,0.42500001192092896,63592.0
2026-10-06 10:35:00,FOBI.V,,0.03500000014901161,0.03500000014901161,0.03500000014901161,0.03500000014901161,2000.0
2026-10-06 10:35:00,GLAD.V,,2.4000000953674316,2.4000000953674316,2.4000000953674316,2.4000000953674316,1100.0
2026-10-06 10:35:00,HVG.V,,0.03999999910593033,0.03999999910593033,0.03999999910593033,0.03999999910593033,340580.0
2026-10-06 10:35:00,KLD.V,,2.4000000953674316,2.4000000953674316,2.4000000953674316,2.4000000953674316,1600.0
2026-10-06 10:35:00,LGN.V,,1.159999966621399,1.159999966621399,1.159999966621399,1.159999966621399,11000.0
2026-10-06 10:35:00,MGM.V,,2.950000047683716,2.9600000381469727,2.950000047683716,2.9600000381469727,232.0
2026-10-06 10:35:00,PNG.V,,4.519999980926514,4.525000095367432,4.519999980926514,4.525000095367432,400.0
2026-10-06 10:35:00,TUF.V,,0.8999999761581421,0.8999999761581421,0.8999999761581421,0.8999999761581421,500.0
2026-10-06 10:36:00,FWZ.V,,2.819999933242798,2.819999933242798,2.819999933242798,2.819999933242798,1000.0
2026-10-06 10:36:00,GLAD.V,,2.4000000953674316,2.4000000953674316,2.4000000953674316,2.4000000953674316,2200.0
2026-10-06 10:36:00,GWM.V,,1.0499999523162842,1.0499999523162842,1.0499999523162842,1.0499999523162842,657.0
2026-10-06 10:36:00,HITI.V,,3.8499999046325684,3.8499999046325684,3.8499999046325684,3.8499999046325684,200.0
2026-10-06 10:36:00,HVG.V,,0.03999999910593033,0.03999999910593033,0.03999999910593033,0.03999999910593033,40000.0
2026-10-06 10:36:00,KLD.V,,2.4000000953674316,2.4000000953674316,2.4000000953674316,2.4000000953674316,1600.0
2026-10-06 10:36:00,NURS.V,,3.390000104904175,3.390000104904175,3.390000104904175,3.390000104904175,100.0
2026-10-06 10:36:00,PNG.V,,4.550000190734863,4.550000190734863,4.53000020980835,4.53000020980835,6169.0
2026-10-06 10:36:00,TUF.V,,0.8999999761581421,0.8999999761581421,0.8999999761581421,0.8999999761581421,500.0
2026-10-06 10:37:00,BIG.V,,1.190000057220459,1.190000057220459,1.190000057220459,1.190000057220459,8600.0
2026-10-06 10:37:00,FUSE.V,,0.03500000014901161,0.03500000014901161,0.03500000014901161,0.03500000014901161,14460.0
2026-10-06 10:37:00,GLAD.V,,2.4000000953674316,2.4000000953674316,2.4000000953674316,2.4000000953674316,1200.0
2026-10-06 10:37:00,HME.V,,2.2249999046325684,2.2249999046325684,2.2249999046325684,2.2249999046325684,200.0
2026-10-06 10:37:00,KLD.V,,2.4000000953674316,2.4000000953674316,2.4000000953674316,2.4000000953674316,1400.0
2026-10-06 10:37:00,PNG.V,,4.539999961853027,4.539999961853027,4.539999961853027,4.539999961853027,200.0
2026-10-06 10:37:00,TUF.V,,0.8999999761581421,0.8999999761581421,0.8999999761581421,0.8999999761581421,500.0
2026-10-06 10:38:00,BIG.V,,1.190000057220459,1.190000057220459,1.1799999475479126,1.190000057220459,17946.0
2026-10-06 10:38:00,FOBI.V,,0.03500000014901161,0.03500000014901161,0.03500000014901161,0.03500000014901161,15000.0
2026-10-06 10:38:00,FRED.V,,0.6899999976158142,0.6899999976158142,0.6899999976158142,0.6899999976158142,4500.0
2026-10-06 10:38:00,FUU.V,,0.125,0.125,0.125,0.125,40000.0
2026-10-06 10:38:00,GLAD.V,,2.4000000953674316,2.4100000858306885,2.4000000953674316,2.4000000953674316,24200.0
2026-10-06 10:38:00,GPAC.V,,0.14000000059604645,0.14000000059604645,0.14000000059604645,0.14000000059604645,5503.0
2026-10-06 10:38:00,GSTM.V,,0.17499999701976776,0.17499999701976776,0.17000000178813934,0.17000000178813934,0.0
2026-10-06 10:38:00,GWM.V,,1.0399999618530273,1.0399999618530273,1.0399999618530273,1.0399999618530273,200.0
2026-10-06 10:38:00,HME.V,,2.2249999046325684,2.2249999046325684,2.2249999046325684,2.2249999046325684,300.0
2026-10-06 10:38:00,KTN.V,,1.149999976158142,1.1549999713897705,1.149999976158142,1.1549999713897705,1300.0
2026-10-06 10:38:00,TUF.V,,0.9100000262260437,0.9100000262260437,0.8999999761581421,0.8999999761581421,3500.0
2026-10-06 10:38:00,ZNG.V,,0.7300000190734863,0.7300000190734863,0.7300000190734863,0.7300000190734863,500.0
2026-10-06 10:39:00,BIG.V,,1.1799999475479126,1.1799999475479126,1.1799999475479126,1.1799999475479126,8900.0
2026-10-06 10:39:00,GLAD.V,,2.4000000953674316,2.4000000953674316,2.4000000953674316,2.4000000953674316,5000.0
2026-10-06 10:39:00,GWM.V,,1.0399999618530273,1.0399999618530273,1.0399999618530273,1.0399999618530273,200.0
2026-10-06 10:39:00,HITI.V,,3.8399999141693115,3.8399999141693115,3.8399999141693115,3.8399999141693115,2300.0
2026-10-06 10:39:00,HME.V,,2.2249999046325684,2.2249999046325684,2.2249999046325684,2.2249999046325684,300.0
2026-10-06 10:39:00,KLD.V,,2.4000000953674316,2.4000000953674316,2.4000000953674316,2.4000000953674316,200.0
2026-10-06 10:39:00,MINE.V,,0.13500000536441803,0.13500000536441803,0.13500000536441803,0.13500000536441803,2500.0
2026-10-06 10:39:00,PNG.V,,4.539999961853027,4.539999961853027,4.539999961853027,4.539999961853027,400.0
2026-10-06 10:39:00,TUF.V,,0.8999999761581421,0.8999999761581421,0.8999999761581421,0.8999999761581421,500.0
2026-10-06 10:40:00,BIG.V,,1.1799999475479126,1.1799999475479126,1.1799999475479126,1.1799999475479126,100.0
2026-10-06 10:40:00,FWZ.V,,2.819999933242798,2.819999933242798,2.819999933242798,2.819999933242798,600.0
2026-10-06 10:40:00,GLAD.V,,2.4000000953674316,2.4000000953674316,2.4000000953674316,2.4000000953674316,4100.0
2026-10-06 10:40:00,GOT.V,,1.4299999475479126,1.440000057220459,1.4299999475479126,1.440000057220459,2900.0
2026-10-06 10:40:00,GWM.V,,1.0399999618530273,1.0399999618530273,1.0399999618530273,1.0399999618530273,200.0
2026-10-06 10:40:00,HME.V,,2.2300000190734863,2.2300000190734863,2.2300000190734863,2.2300000190734863,600.0
2026-10-06 10:40:00,LGN.V,,1.159999966621399,1.159999966621399,1.159999966621399,1.159999966621399,8400.0
2026-10-06 10:40:00,MINE.V,,0.13500000536441803,0.13500000536441803,0.13500000536441803,0.13500000536441803,52500.0
2026-10-06 10:40:00,NURS.V,,3.4000000953674316,3.4000000953674316,3.4000000953674316,3.4000000953674316,200.0
2026-10-06 10:40:00,PNG.V,,4.539999961853027,4.539999961853027,4.539999961853027,4.539999961853027,100.0
2026-10-06 10:41:00,GLAD.V,,2.369999885559082,2.4000000953674316,2.369999885559082,2.4000000953674316,5700.0
2026-10-06 10:41:00,GSTM.V,,0.17499999701976776,0.17499999701976776,0.17499999701976776,0.17499999701976776,5000.0
2026-10-06 10:41:00,GWM.V,,1.0499999523162842,1.0499999523162842,1.0499999523162842,1.0499999523162842,800.0
2026-10-06 10:41:00,HME.V,,2.234999895095825,2.234999895095825,2.234999895095825,2.234999895095825,100.0
2026-10-06 10:41:00,TEST-H.V,,0.009999999776482582,0.009999999776482582,0.009999999776482582,0.009999999776482582,7000.0
2026-10-06 10:41:00,TUF.V,,0.8999999761581421,0.8999999761581421,0.8999999761581421,0.8999999761581421,500.0
2026-10-06 10:42:00,FWZ.V,,2.8399999141693115,2.859999895095825,2.8299999237060547,2.8299999237060547,10300.0
2026-10-06 10:42:00,GOT.V,,1.4299999475479126,1.4299999475479126,1.4299999475479126,1.4299999475479126,100.0
2026-10-06 10:42:00,GWM.V,,1.0499999523162842,1.0499999523162842,1.0499999523162842,1.0499999523162842,1800.0
2026-10-06 10:42:00,PNG.V,,4.539999961853027,4.550000190734863,4.539999961853027,4.550000190734863,1600.0
2026-10-06 10:43:00,FUU.V,,0.125,0.125,0.125,0.125,9600.0
2026-10-06 10:43:00,GOT.V,,1.440000057220459,1.440000057220459,1.4299999475479126,1.440000057220459,1200.0
2026-10-06 10:43:00,GRSL.V,,0.28999999165534973,0.28999999165534973,0.28999999165534973,0.28999999165534973,14500.0
2026-10-06 10:43:00,GWM.V,,1.0499999523162842,1.0499999523162842,1.0499999523162842,1.0499999523162842,200.0
2026-10-06 10:43:00,HME.V,,2.234999895095825,2.234999895095825,2.2300000190734863,2.2300000190734863,300.0
2026-10-06 10:43:00,KLDC.V,,0.3499999940395355,0.3499999940395355,0.3499999940395355,0.3499999940395355,6500.0
2026-10-06 10:43:00,KTN.V,,1.149999976158142,1.149999976158142,1.149999976158142,1.149999976158142,100.0
2026-10-06 10:43:00,PNG.V,,4.550000190734863,4.550000190734863,4.539999961853027,4.539999961853027,2900.0
2026-10-06 10:43:00,TUF.V,,0.8999999761581421,0.8999999761581421,0.8999999761581421,0.8999999761581421,500.0
2026-10-06 10:44:00,BIG.V,,1.1799999475479126,1.1799999475479126,1.1799999475479126,1.1799999475479126,100.0
2026-10-06 10:44:00,FHYD.V,,0.3499999940395355,0.36000001430511475,0.3499999940395355,0.3499999940395355,29489.0
2026-10-06 10:44:00,GOT.V,,1.4299999475479126,1.4299999475479126,1.4299999475479126,1.4299999475479126,4200.0
2026-10-06 10:44:00,GPAC.V,,0.14000000059604645,0.14000000059604645,0.13750000298023224,0.13750000298023224,5500.0
2026-10-06 10:44:00,GWM.V,,1.0499999523162842,1.0499999523162842,1.0499999523162842,1.0499999523162842,200.0
2026-10-06 10:44:00,HME.V,,2.2300000190734863,2.2300000190734863,2.2300000190734863,2.2300000190734863,300.0
2026-10-06 10:44:00,TUF.V,,0.8999999761581421,0.8999999761581421,0.8999999761581421,0.8999999761581421,500.0
2026-10-06 10:45:00,FHYD.V,,0.3499999940395355,0.3499999940395355,0.3499999940395355,0.3499999940395355,22500.0
2026-10-06 10:45:00,GOT.V,,1.4299999475479126,1.4299999475479126,1.4299999475479126,1.4299999475479126,1700.0
2026-10-06 10:45:00,GPAC.V,,0.14000000059604645,0.14000000059604645,0.14000000059604645,0.14000000059604645,13500.0
2026-10-06 10:45:00,GWM.V,,1.0399999618530273,1.0399999618530273,1.0399999618530273,1.0399999618530273,200.0
2026-10-06 10:45:00,HMR.V,,0.4300000071525574,0.4300000071525574,0.4300000071525574,0.4300000071525574,9000.0
2026-10-06 10:45:00,KTN.V,,1.149999976158142,1.149999976158142,1.149999976158142,1.149999976158142,100.0
2026-10-06 10:45:00,PNG.V,,4.559999942779541,4.559999942779541,4.559999942779541,4.559999942779541,1108.0
2026-10-06 10:46:00,FDR.V,,8.239999771118164,8.239999771118164,8.239999771118164,8.239999771118164,100.0
2026-10-06 10:46:00,FHYD.V,,0.36000001430511475,0.36000001430511475,0.36000001430511475,0.36000001430511475,4000.0
2026-10-06 10:46:00,GWM.V,,1.0399999618530273,1.0399999618530273,1.0399999618530273,1.0399999618530273,200.0
2026-10-06 10:46:00,HAN.V,,0.6700000166893005,0.6700000166893005,0.6700000166893005,0.6700000166893005,1016.0
2026-10-06 10:46:00,HITI.V,,3.8399999141693115,3.8399999141693115,3.8399999141693115,3.8399999141693115,300.0
2026-10-06 10:46:00,HME.V,,2.2300000190734863,2.2300000190734863,2.2300000190734863,2.2300000190734863,100.0
2026-10-06 10:46:00,MFG.V,,3.799999952316284,3.799999952316284,3.799999952316284,3.799999952316284,100.0
2026-10-06 10:46:00,TUF.V,,0.8999999761581421,0.8999999761581421,0.8999999761581421,0.8999999761581421,500.0
2026-10-06 10:47:00,BIG.V,,1.1699999570846558,1.1799999475479126,1.1699999570846558,1.1799999475479126,60342.0
2026-10-06 10:47:00,CELL.V,,0.019999999552965164,0.019999999552965164,0.019999999552965164,0.019999999552965164,2000.0
2026-10-06 10:47:00,FDR.V,,8.239999771118164,8.239999771118164,8.239999771118164,8.239999771118164,100.0
2026-10-06 10:47:00,GAL.V,,0.46000000834465027,0.46000000834465027,0.46000000834465027,0.46000000834465027,5500.0
2026-10-06 10:47:00,GOT.V,,1.4299999475479126,1.4299999475479126,1.4299999475479126,1.4299999475479126,200.0
2026-10-06 10:47:00,GWM.V,,1.0399999618530273,1.0399999618530273,1.0399999618530273,1.0399999618530273,200.0
2026-10-06 10:47:00,KTN.V,,1.149999976158142,1.149999976158142,1.149999976158142,1.149999976158142,22900.0
2026-10-06 10:47:00,LMN.V,,21.860000610351562,21.860000610351562,21.790000915527344,21.81999969482422,1559.0
2026-10-06 10:47:00,TUF.V,,0.8999999761581421,0.8999999761581421,0.8999999761581421,0.8999999761581421,500.0
2026-10-06 10:48:00,FDR.V,,8.220000267028809,8.220000267028809,8.220000267028809,8.220000267028809,100.0
2026-10-06 10:48:00,GOT.V,,1.440000057220459,1.440000057220459,1.4299999475479126,1.440000057220459,4200.0
2026-10-06 10:48:00,GWM.V,,1.0399999618530273,1.0399999618530273,1.0399999618530273,1.0399999618530273,100.0
2026-10-06 10:48:00,KTN.V,,1.149999976158142,1.149999976158142,1.149999976158142,1.149999976158142,1000.0
2026-10-06 10:48:00,KTO.V,,0.7900000214576721,0.7900000214576721,0.7900000214576721,0.7900000214576721,2000.0
2026-10-06 10:48:00,SCAN.V,,2.799999952316284,2.799999952316284,2.799999952316284,2.799999952316284,300.0
2026-10-06 10:49:00,GTC.V,,0.9100000262260437,0.9100000262260437,0.9100000262260437,0.9100000262260437,500.0
2026-10-06 10:49:00,GWM.V,,1.0399999618530273,1.0399999618530273,1.0399999618530273,1.0399999618530273,200.0
2026-10-06 10:49:00,HME.V,,2.2300000190734863,2.2300000190734863,2.2300000190734863,2.2300000190734863,1800.0
2026-10-06 10:49:00,KTN.V,,1.149999976158142,1.149999976158142,1.149999976158142,1.149999976158142,100.0
2026-10-06 10:49:00,PNG.V,,4.550000190734863,4.550000190734863,4.53000020980835,4.550000190734863,8215.0
2026-10-06 10:49:00,TUF.V,,0.8999999761581421,0.8999999761581421,0.8999999761581421,0.8999999761581421,500.0
2026-10-06 10:50:00,GAL.V,,0.46000000834465027,0.46000000834465027,0.46000000834465027,0.46000000834465027,5000.0
2026-10-06 10:50:00,GLAD.V,,2.3399999141693115,2.3499999046325684,2.3399999141693115,2.3499999046325684,1600.0
2026-10-06 10:50:00,GOT.V,,1.4299999475479126,1.4299999475479126,1.4299999475479126,1.4299999475479126,14200.0
2026-10-06 10:50:00,GWM.V,,1.0399999618530273,1.0399999618530273,1.0399999618530273,1.0399999618530273,200.0
2026-10-06 10:50:00,HME.V,,2.2300000190734863,2.2300000190734863,2.2300000190734863,2.2300000190734863,1100.0
2026-10-06 10:50:00,PNG.V,,4.550000190734863,4.559999942779541,4.53000020980835,4.53000020980835,2500.0
2026-10-06 10:51:00,FUU.V,,0.11999999731779099,0.11999999731779099,0.11999999731779099,0.11999999731779099,24000.0
2026-10-06 10:51:00,GOT.V,,1.440000057220459,1.440000057220459,1.440000057220459,1.440000057220459,1012.0
2026-10-06 10:51:00,GWM.V,,1.0399999618530273,1.0399999618530273,1.0399999618530273,1.0399999618530273,200.0
2026-10-06 10:51:00,PNG.V,,4.559999942779541,4.559999942779541,4.559999942779541,4.559999942779541,4700.0
2026-10-06 10:51:00,TUF.V,,0.8999999761581421,0.8999999761581421,0.8999999761581421,0.8999999761581421,500.0
2026-10-06 10:52:00,GWM.V,,1.0399999618530273,1.0499999523162842,1.0399999618530273,1.0499999523162842,1200.0
2026-10-06 10:52:00,HITI.V,,3.8399999141693115,3.8399999141693115,3.8399999141693115,3.8399999141693115,9000.0
2026-10-06 10:52:00,PNG.V,,4.570000171661377,4.579999923706055,4.570000171661377,4.579999923706055,9507.0
2026-10-06 10:52:00,TUF.V,,0.9100000262260437,0.9100000262260437,0.9100000262260437,0.9100000262260437,500.0
2026-10-06 10:53:00,EVGN.V,,0.550000011920929,0.550000011920929,0.550000011920929,0.550000011920929,20004.0
2026-10-06 10:53:00,GPAC.V,,0.14000000059604645,0.14000000059604645,0.14000000059604645,0.14000000059604645,8000.0
2026-10-06 10:53:00,GWM.V,,1.0399999618530273,1.0399999618530273,1.0399999618530273,1.0399999618530273,200.0
2026-10-06 10:53:00,HMR.V,,0.4350000023841858,0.4350000023841858,0.4350000023841858,0.4350000023841858,2500.0
2026-10-06 10:53:00,MERG.V,,0.46000000834465027,0.46000000834465027,0.45500001311302185,0.45500001311302185,2000.0
2026-10-06 10:53:00,MTS.V,,0.12999999523162842,0.12999999523162842,0.12999999523162842,0.12999999523162842,0.0
2026-10-06 10:53:00,PNG.V,,4.579999923706055,4.579999923706055,4.570000171661377,4.570000171661377,3300.0
2026-10-06 10:54:00,EVGN.V,,0.5600000023841858,0.5600000023841858,0.5600000023841858,0.5600000023841858,2500.0
2026-10-06 10:54:00,FDR.V,,8.25,8.25,8.25,8.25,100.0
2026-10-06 10:54:00,GGAU.V,,0.13500000536441803,0.13500000536441803,0.13500000536441803,0.13500000536441803,22000.0
2026-10-06 10:54:00,GPAC.V,,0.14000000059604645,0.14000000059604645,0.14000000059604645,0.14000000059604645,1000.0
2026-10-06 10:54:00,GWM.V,,1.0399999618530273,1.0399999618530273,1.0399999618530273,1.0399999618530273,200.0
2026-10-06 10:54:00,MTA.V,,13.140000343322754,13.140000343322754,13.140000343322754,13.140000343322754,100.0
2026-10-06 10:54:00,PNG.V,,4.579999923706055,4.579999923706055,4.579999923706055,4.579999923706055,700.0
2026-10-06 10:54:00,TUF.V,,0.9049999713897705,0.9049999713897705,0.9049999713897705,0.9049999713897705,500.0
2026-10-06 10:55:00,GMG.V,,2.3499999046325684,2.380000114440918,2.3499999046325684,2.380000114440918,1320.0
2026-10-06 10:55:00,GWM.V,,1.0399999618530273,1.0399999618530273,1.0399999618530273,1.0399999618530273,100.0
2026-10-06 10:55:00,HME.V,,2.2249999046325684,2.2249999046325684,2.2249999046325684,2.2249999046325684,100.0
2026-10-06 10:55:00,IVS.V,,0.27000001072883606,0.27000001072883606,0.27000001072883606,0.27000001072883606,34002.0
2026-10-06 10:55:00,LRA.V,,4.065000057220459,4.065000057220459,4.059999942779541,4.059999942779541,200.0
2026-10-06 10:55:00,MFG.V,,3.799999952316284,3.799999952316284,3.799999952316284,3.799999952316284,400.0
2026-10-06 10:55:00,PNG.V,,4.570000171661377,4.570000171661377,4.570000171661377,4.570000171661377,3400.0
2026-10-06 10:56:00,FG.V,,0.029999999329447746,0.029999999329447746,0.029999999329447746,0.029999999329447746,16000.0
2026-10-06 10:56:00,GWM.V,,1.0399999618530273,1.0399999618530273,1.0399999618530273,1.0399999618530273,200.0
2026-10-06 10:56:00,KTN.V,,1.149999976158142,1.149999976158142,1.149999976158142,1.149999976158142,100.0
2026-10-06 10:56:00,LGC.V,,3.0799999237060547,3.0799999237060547,3.0799999237060547,3.0799999237060547,2800.0
2026-10-06 10:56:00,PNG.V,,4.579999923706055,4.579999923706055,4.570000171661377,4.570000171661377,5685.0
2026-10-06 10:56:00,TUF.V,,0.9100000262260437,0.9100000262260437,0.9100000262260437,0.9100000262260437,500.0
2026-10-06 10:57:00,FRI.V,,0.07000000029802322,0.07000000029802322,0.07000000029802322,0.07000000029802322,43000.0
2026-10-06 10:57:00,FUU.V,,0.125,0.125,0.125,0.125,3500.0
2026-10-06 10:57:00,FWZ.V,,2.819999933242798,2.819999933242798,2.819999933242798,2.819999933242798,600.0
2026-10-06 10:57:00,GWM.V,,1.0399999618530273,1.0399999618530273,1.0399999618530273,1.0399999618530273,200.0
2026-10-06 10:57:00,HME.V,,2.2249999046325684,2.2249999046325684,2.2249999046325684,2.2249999046325684,100.0
2026-10-06 10:57:00,KTN.V,,1.149999976158142,1.149999976158142,1.149999976158142,1.149999976158142,500.0
2026-10-06 10:57:00,LA.V,,12.399999618530273,12.399999618530273,12.399999618530273,12.399999618530273,0.0
2026-10-06 10:57:00,LRA.V,,4.070000171661377,4.070000171661377,4.019999980926514,4.065000057220459,400.0
2026-10-06 10:57:00,MINE.V,,0.13500000536441803,0.13500000536441803,0.13500000536441803,0.13500000536441803,1000.0
2026-10-06 10:57:00,NURS.V,,3.390000104904175,3.390000104904175,3.390000104904175,3.390000104904175,3100.0
2026-10-06 10:57:00,TUF.V,,0.8999999761581421,0.8999999761581421,0.8999999761581421,0.8999999761581421,1000.0
2026-10-06 10:58:00,GWM.V,,1.0399999618530273,1.0399999618530273,1.0399999618530273,1.0399999618530273,100.0
2026-10-06 10:58:00,HME.V,,2.2300000190734863,2.2300000190734863,2.2300000190734863,2.2300000190734863,100.0
2026-10-06 10:58:00,JG.V,,0.11500000208616257,0.11500000208616257,0.11500000208616257,0.11500000208616257,28000.0
2026-10-06 10:58:00,KTN.V,,1.149999976158142,1.149999976158142,1.149999976158142,1.149999976158142,200.0
2026-10-06 10:58:00,LME.V,,0.14499999582767487,0.14499999582767487,0.14499999582767487,0.14499999582767487,4500.0
2026-10-06 10:58:00,PNG.V,,4.559999942779541,4.570000171661377,4.559999942779541,4.570000171661377,5500.0
2026-10-06 10:58:00,TUF.V,,0.9100000262260437,0.9100000262260437,0.9100000262260437,0.9100000262260437,500.0
2026-10-06 10:59:00,GWM.V,,1.0399999618530273,1.0399999618530273,1.0399999618530273,1.0399999618530273,300.0
2026-10-06 10:59:00,HCH.V,,1.5099999904632568,1.5099999904632568,1.5099999904632568,1.5099999904632568,0.0
2026-10-06 10:59:00,HME.V,,2.2249999046325684,2.2249999046325684,2.2249999046325684,2.2249999046325684,100.0
2026-10-06 10:59:00,JG.V,,0.11999999731779099,0.11999999731779099,0.11999999731779099,0.11999999731779099,62000.0
2026-10-06 10:59:00,KFR.V,,1.059999942779541,1.059999942779541,1.059999942779541,1.059999942779541,100.0
2026-10-06 10:59:00,KLD.V,,2.4000000953674316,2.4000000953674316,2.4000000953674316,2.4000000953674316,600.0
2026-10-06 10:59:00,KTN.V,,1.149999976158142,1.149999976158142,1.149999976158142,1.149999976158142,15300.0
2026-10-06 10:59:00,LGC.V,,3.0999999046325684,3.0999999046325684,3.0999999046325684,3.0999999046325684,100.0
2026-10-06 10:59:00,LMN.V,,21.90999984741211,21.90999984741211,21.899999618530273,21.899999618530273,1525.0
2026-10-06 10:59:00,MINE.V,,0.13500000536441803,0.13500000536441803,0.13500000536441803,0.13500000536441803,18000.0
2026-10-06 10:59:00,PNG.V,,4.550000190734863,4.570000171661377,4.550000190734863,4.570000171661377,2600.0
2026-10-06 10:59:00,TUF.V,,0.9100000262260437,0.9100000262260437,0.9100000262260437,0.9100000262260437,500.0
2026-10-06 11:00:00,FDR.V,,8.220000267028809,8.220000267028809,8.220000267028809,8.220000267028809,100.0
2026-10-06 11:00:00,GWM.V,,1.0399999618530273,1.0399999618530273,1.0399999618530273,1.0399999618530273,100.0
2026-10-06 11:00:00,KTN.V,,1.149999976158142,1.149999976158142,1.149999976158142,1.149999976158142,100.0
2026-10-06 11:00:00,LMS.V,,0.2199999988079071,0.2199999988079071,0.2199999988079071,0.2199999988079071,0.0
2026-10-06 11:00:00,MFG.V,,3.7799999713897705,3.7899999618530273,3.7799999713897705,3.7899999618530273,2000.0
2026-10-06 11:00:00,NURS.V,,3.390000104904175,3.390000104904175,3.390000104904175,3.390000104904175,200.0
2026-10-06 11:00:00,PNG.V,,4.570000171661377,4.570000171661377,4.570000171661377,4.570000171661377,200.0
2026-10-06 11:01:00,BIG.V,,1.1799999475479126,1.1799999475479126,1.1799999475479126,1.1799999475479126,1100.0
2026-10-06 11:01:00,GWM.V,,1.0499999523162842,1.0499999523162842,1.0399999618530273,1.0399999618530273,300.0
2026-10-06 11:01:00,HME.V,,2.2249999046325684,2.2249999046325684,2.2249999046325684,2.2249999046325684,100.0
2026-10-06 11:01:00,IPT.V,,0.25999999046325684,0.25999999046325684,0.25999999046325684,0.25999999046325684,1000.0
2026-10-06 11:01:00,KFR.V,,1.059999942779541,1.059999942779541,1.059999942779541,1.059999942779541,7500.0
2026-10-06 11:01:00,LGC.V,,3.0999999046325684,3.0999999046325684,3.0999999046325684,3.0999999046325684,325.0
2026-10-06 11:01:00,MRVL.V,,0.11500000208616257,0.11500000208616257,0.11500000208616257,0.11500000208616257,5000.0
2026-10-06 11:01:00,PNG.V,,4.570000171661377,4.570000171661377,4.570000171661377,4.570000171661377,300.0
2026-10-06 11:01:00,TUF.V,,0.9100000262260437,0.9100000262260437,0.9100000262260437,0.9100000262260437,500.0
2026-10-06 11:02:00,FDR.V,,8.239999771118164,8.239999771118164,8.239999771118164,8.239999771118164,100.0
2026-10-06 11:02:00,FUU.V,,0.125,0.125,0.125,0.125,9800.0
2026-10-06 11:02:00,GOT.V,,1.440000057220459,1.440000057220459,1.440000057220459,1.440000057220459,5200.0
2026-10-06 11:02:00,GWM.V,,1.0499999523162842,1.0499999523162842,1.0499999523162842,1.0499999523162842,200.0
2026-10-06 11:02:00,IVS.V,,0.27000001072883606,0.27000001072883606,0.27000001072883606,0.27000001072883606,3735.0
2026-10-06 11:02:00,KFR.V,,1.0499999523162842,1.0499999523162842,1.0499999523162842,1.0499999523162842,6900.0
2026-10-06 11:02:00,KTN.V,,1.159999966621399,1.159999966621399,1.159999966621399,1.159999966621399,1200.0
2026-10-06 11:02:00,MTA.V,,13.079999923706055,13.109999656677246,13.079999923706055,13.109999656677246,300.0
2026-10-06 11:02:00,PNG.V,,4.570000171661377,4.579999923706055,4.570000171661377,4.579999923706055,2600.0
2026-10-06 11:03:00,BIG.V,,1.1799999475479126,1.1799999475479126,1.1799999475479126,1.1799999475479126,5700.0
2026-10-06 11:03:00,GAL.V,,0.46000000834465027,0.46000000834465027,0.46000000834465027,0.46000000834465027,35000.0
2026-10-06 11:03:00,GWM.V,,1.0499999523162842,1.0499999523162842,1.0499999523162842,1.0499999523162842,200.0
2026-10-06 11:03:00,HME.V,,2.25,2.259999990463257,2.2300000190734863,2.2300000190734863,10200.0
2026-10-06 11:03:00,IPT.V,,0.25999999046325684,0.25999999046325684,0.25999999046325684,0.25999999046325684,9000.0
2026-10-06 11:03:00,MTA.V,,13.069999694824219,13.069999694824219,13.069999694824219,13.069999694824219,100.0
2026-10-06 11:03:00,PNG.V,,4.570000171661377,4.570000171661377,4.559999942779541,4.570000171661377,10900.0
2026-10-06 11:03:00,TUF.V,,0.9100000262260437,0.9100000262260437,0.9100000262260437,0.9100000262260437,500.0
2026-10-06 11:04:00,BIG.V,,1.1699999570846558,1.1699999570846558,1.1699999570846558,1.1699999570846558,5300.0
2026-10-06 11:04:00,GWM.V,,1.0499999523162842,1.0499999523162842,1.0499999523162842,1.0499999523162842,200.0
2026-10-06 11:04:00,KTN.V,,1.1549999713897705,1.1549999713897705,1.1549999713897705,1.1549999713897705,100.0
2026-10-06 11:04:00,LME.V,,0.14499999582767487,0.14499999582767487,0.14499999582767487,0.14499999582767487,13000.0
2026-10-06 11:04:00,TUF.V,,0.9100000262260437,0.9100000262260437,0.9100000262260437,0.9100000262260437,500.0
2026-10-06 11:05:00,FOBI.V,,0.03500000014901161,0.03500000014901161,0.03500000014901161,0.03500000014901161,150628.0
2026-10-06 11:05:00,FWZ.V,,2.8299999237060547,2.8299999237060547,2.8299999237060547,2.8299999237060547,2900.0
2026-10-06 11:05:00,GSR.V,,0.3100000023841858,0.3149999976158142,0.3100000023841858,0.3149999976158142,5125.0
2026-10-06 11:05:00,GWM.V,,1.0499999523162842,1.0499999523162842,1.0499999523162842,1.0499999523162842,200.0
2026-10-06 11:05:00,HME.V,,2.240000009536743,2.240000009536743,2.240000009536743,2.240000009536743,500.0
2026-10-06 11:05:00,LME.V,,0.14499999582767487,0.14499999582767487,0.14499999582767487,0.14499999582767487,4000.0
2026-10-06 11:05:00,NURS.V,,3.390000104904175,3.390000104904175,3.390000104904175,3.390000104904175,200.0
2026-10-06 11:05:00,PNG.V,,4.579999923706055,4.579999923706055,4.579999923706055,4.579999923706055,210.0
2026-10-06 11:06:00,FWZ.V,,2.8299999237060547,2.8299999237060547,2.8299999237060547,2.8299999237060547,100.0
2026-10-06 11:06:00,GWM.V,,1.0499999523162842,1.0499999523162842,1.0499999523162842,1.0499999523162842,100.0
2026-10-06 11:06:00,HCH.V,,1.5,1.5,1.5,1.5,1200.0
2026-10-06 11:06:00,HME.V,,2.240000009536743,2.240000009536743,2.240000009536743,2.240000009536743,200.0
2026-10-06 11:06:00,KFR.V,,1.0499999523162842,1.0499999523162842,1.0499999523162842,1.0499999523162842,1500.0
2026-10-06 11:06:00,KNG.V,,1.0499999523162842,1.0499999523162842,1.0499999523162842,1.0499999523162842,5800.0
2026-10-06 11:06:00,KTN.V,,1.1549999713897705,1.1549999713897705,1.1549999713897705,1.1549999713897705,100.0
2026-10-06 11:06:00,PNG.V,,4.590000152587891,4.590000152587891,4.590000152587891,4.590000152587891,1300.0
2026-10-06 11:06:00,TUF.V,,0.9100000262260437,0.9100000262260437,0.9100000262260437,0.9100000262260437,54000.0
2026-10-06 11:07:00,FDR.V,,8.239999771118164,8.239999771118164,8.239999771118164,8.239999771118164,100.0
2026-10-06 11:07:00,FUU.V,,0.125,0.125,0.125,0.125,21000.0
2026-10-06 11:07:00,GOT.V,,1.440000057220459,1.440000057220459,1.440000057220459,1.440000057220459,1200.0
2026-10-06 11:07:00,GWM.V,,1.0499999523162842,1.0499999523162842,1.0499999523162842,1.0499999523162842,200.0
2026-10-06 11:07:00,KLDC.V,,0.3449999988079071,0.3449999988079071,0.3449999988079071,0.3449999988079071,4000.0
2026-10-06 11:07:00,TUF.V,,0.9100000262260437,0.9100000262260437,0.9100000262260437,0.9100000262260437,12148.0
2026-10-06 11:08:00,GWM.V,,1.0499999523162842,1.0499999523162842,1.0499999523162842,1.0499999523162842,300.0
2026-10-06 11:08:00,HME.V,,2.240000009536743,2.240000009536743,2.240000009536743,2.240000009536743,200.0
2026-10-06 11:08:00,KTN.V,,1.1549999713897705,1.1549999713897705,1.1549999713897705,1.1549999713897705,100.0
2026-10-06 11:08:00,LME.V,,0.14499999582767487,0.14499999582767487,0.14499999582767487,0.14499999582767487,4000.0
2026-10-06 11:08:00,PNG.V,,4.570000171661377,4.570000171661377,4.559999942779541,4.570000171661377,7810.0
2026-10-06 11:08:00,ROAR.V,,0.2150000035762787,0.2150000035762787,0.2150000035762787,0.2150000035762787,6000.0
2026-10-06 11:09:00,FDR.V,,8.239999771118164,8.239999771118164,8.239999771118164,8.239999771118164,880.0
2026-10-06 11:09:00,GOT.V,,1.4500000476837158,1.4500000476837158,1.4500000476837158,1.4500000476837158,1000.0
2026-10-06 11:09:00,GWM.V,,1.0499999523162842,1.0499999523162842,1.0499999523162842,1.0499999523162842,100.0
2026-10-06 11:09:00,MINE.V,,0.14000000059604645,0.14000000059604645,0.14000000059604645,0.14000000059604645,14000.0
2026-10-06 11:09:00,NURS.V,,3.4000000953674316,3.4000000953674316,3.4000000953674316,3.4000000953674316,200.0
2026-10-06 11:09:00,PNG.V,,4.570000171661377,4.570000171661377,4.565000057220459,4.570000171661377,1200.0
2026-10-06 11:10:00,BIG.V,,1.1799999475479126,1.1799999475479126,1.1799999475479126,1.1799999475479126,30200.0
2026-10-06 11:10:00,GLAD.V,,2.3399999141693115,2.3399999141693115,2.3399999141693115,2.3399999141693115,220.0
2026-10-06 11:10:00,GWM.V,,1.0499999523162842,1.0499999523162842,1.0499999523162842,1.0499999523162842,200.0
2026-10-06 11:10:00,HITI.V,,3.8499999046325684,3.8499999046325684,3.8499999046325684,3.8499999046325684,1600.0
2026-10-06 11:10:00,HME.V,,2.240000009536743,2.240000009536743,2.240000009536743,2.240000009536743,300.0
2026-10-06 11:10:00,KDA.V,,0.05999999865889549,0.05999999865889549,0.05999999865889549,0.05999999865889549,1000.0
2026-10-06 11:10:00,KFR.V,,1.0499999523162842,1.0499999523162842,1.0499999523162842,1.0499999523162842,5000.0
2026-10-06 11:10:00,PNG.V,,4.570000171661377,4.570000171661377,4.570000171661377,4.570000171661377,1000.0
2026-10-06 11:10:00,TUF.V,,0.9100000262260437,0.9100000262260437,0.9100000262260437,0.9100000262260437,1000.0
2026-10-06 11:11:00,FOR.V,,0.6899999976158142,0.6899999976158142,0.6899999976158142,0.6899999976158142,500.0
2026-10-06 11:11:00,GPAC.V,,0.14000000059604645,0.14000000059604645,0.14000000059604645,0.14000000059604645,8000.0
2026-10-06 11:11:00,GWM.V,,1.0499999523162842,1.0499999523162842,1.0499999523162842,1.0499999523162842,200.0
2026-10-06 11:11:00,HME.V,,2.240000009536743,2.240000009536743,2.240000009536743,2.240000009536743,100.0
2026-10-06 11:11:00,JJ.V,,0.029999999329447746,0.029999999329447746,0.029999999329447746,0.029999999329447746,317000.0
2026-10-06 11:11:00,KTN.V,,1.1549999713897705,1.1549999713897705,1.1549999713897705,1.1549999713897705,100.0
2026-10-06 11:11:00,MINE.V,,0.14499999582767487,0.14499999582767487,0.14499999582767487,0.14499999582767487,25500.0
2026-10-06 11:11:00,PNG.V,,4.579999923706055,4.579999923706055,4.570000171661377,4.570000171661377,400.0
2026-10-06 11:12:00,FMS.V,,0.4449999928474426,0.4449999928474426,0.4449999928474426,0.4449999928474426,0.0
2026-10-06 11:12:00,GWM.V,,1.0499999523162842,1.0499999523162842,1.0499999523162842,1.0499999523162842,100.0
2026-10-06 11:12:00,HME.V,,2.240000009536743,2.240000009536743,2.240000009536743,2.240000009536743,300.0
2026-10-06 11:12:00,KTN.V,,1.149999976158142,1.149999976158142,1.149999976158142,1.149999976158142,100.0
2026-10-06 11:12:00,PNG.V,,4.570000171661377,4.579999923706055,4.570000171661377,4.579999923706055,1200.0
2026-10-06 11:13:00,FDR.V,,8.229999542236328,8.229999542236328,8.220000267028809,8.229999542236328,400.0
2026-10-06 11:13:00,FWZ.V,,2.8399999141693115,2.8399999141693115,2.8399999141693115,2.8399999141693115,100.0
2026-10-06 11:13:00,GWM.V,,1.0499999523162842,1.0499999523162842,1.0499999523162842,1.0499999523162842,200.0
2026-10-06 11:13:00,HME.V,,2.25,2.25,2.25,2.25,200.0
2026-10-06 11:13:00,KDA.V,,0.05999999865889549,0.05999999865889549,0.05999999865889549,0.05999999865889549,2000.0
2026-10-06 11:13:00,KTN.V,,1.149999976158142,1.149999976158142,1.149999976158142,1.149999976158142,200.0
2026-10-06 11:13:00,LG.V,,0.39500001072883606,0.39500001072883606,0.39500001072883606,0.39500001072883606,2500.0
2026-10-06 11:13:00,LGN.V,,1.1549999713897705,1.1549999713897705,1.1549999713897705,1.1549999713897705,100.0
2026-10-06 11:13:00,LRA.V,,4.110000133514404,4.110000133514404,4.110000133514404,4.110000133514404,500.0
2026-10-06 11:13:00,MINE.V,,0.14499999582767487,0.14499999582767487,0.14499999582767487,0.14499999582767487,7500.0
2026-10-06 11:13:00,PNG.V,,4.570000171661377,4.570000171661377,4.570000171661377,4.570000171661377,1850.0
2026-10-06 11:14:00,FDR.V,,8.255000114440918,8.255000114440918,8.255000114440918,8.255000114440918,932.0
2026-10-06 11:14:00,GWM.V,,1.0499999523162842,1.0499999523162842,1.0499999523162842,1.0499999523162842,300.0
2026-10-06 11:14:00,MINE.V,,0.14000000059604645,0.14000000059604645,0.14000000059604645,0.14000000059604645,79000.0
2026-10-06 11:15:00,GWM.V,,1.0499999523162842,1.0499999523162842,1.0499999523162842,1.0499999523162842,100.0
2026-10-06 11:15:00,IPT.V,,0.26499998569488525,0.26499998569488525,0.26499998569488525,0.26499998569488525,25000.0
2026-10-06 11:15:00,MFG.V,,3.75,3.75,3.75,3.75,3100.0
2026-10-06 11:15:00,MINE.V,,0.14499999582767487,0.14499999582767487,0.14499999582767487,0.14499999582767487,45500.0
2026-10-06 11:15:00,PNG.V,,4.579999923706055,4.579999923706055,4.579999923706055,4.579999923706055,10020.0
2026-10-06 11:16:00,FDR.V,,8.255000114440918,8.255000114440918,8.255000114440918,8.255000114440918,200.0
2026-10-06 11:16:00,GWM.V,,1.0499999523162842,1.0499999523162842,1.0499999523162842,1.0499999523162842,200.0
2026-10-06 11:16:00,HME.V,,2.240000009536743,2.240000009536743,2.240000009536743,2.240000009536743,100.0
2026-10-06 11:16:00,KDA.V,,0.05999999865889549,0.05999999865889549,0.05999999865889549,0.05999999865889549,1000.0
2026-10-06 11:16:00,KTN.V,,1.149999976158142,1.149999976158142,1.149999976158142,1.149999976158142,100.0
2026-10-06 11:16:00,LGC.V,,3.0999999046325684,3.0999999046325684,3.049999952316284,3.049999952316284,7300.0
2026-10-06 11:16:00,LTH.V,,0.5099999904632568,0.5099999904632568,0.5099999904632568,0.5099999904632568,1000.0
2026-10-06 11:16:00,MFG.V,,3.75,3.75,3.75,3.75,5800.0
2026-10-06 11:16:00,MINE.V,,0.14499999582767487,0.14499999582767487,0.14499999582767487,0.14499999582767487,10500.0
2026-10-06 11:17:00,GWM.V,,1.0499999523162842,1.0499999523162842,1.0499999523162842,1.0499999523162842,300.0
2026-10-06 11:17:00,HME.V,,2.240000009536743,2.240000009536743,2.240000009536743,2.240000009536743,100.0
2026-10-06 11:17:00,KALO.V,,0.13500000536441803,0.13500000536441803,0.13500000536441803,0.13500000536441803,4106.0
2026-10-06 11:17:00,MINE.V,,0.15000000596046448,0.15000000596046448,0.15000000596046448,0.15000000596046448,9500.0
2026-10-06 11:17:00,PNG.V,,4.570000171661377,4.570000171661377,4.570000171661377,4.570000171661377,700.0
2026-10-06 11:18:00,FOR.V,,0.6800000071525574,0.6800000071525574,0.6800000071525574,0.6800000071525574,1100.0
2026-10-06 11:18:00,GMG.V,,2.359999895095825,2.359999895095825,2.359999895095825,2.359999895095825,100.0
2026-10-06 11:18:00,GWM.V,,1.0499999523162842,1.0499999523162842,1.0499999523162842,1.0499999523162842,100.0
2026-10-06 11:18:00,HITI.V,,3.859999895095825,3.859999895095825,3.859999895095825,3.859999895095825,600.0
2026-10-06 11:18:00,HME.V,,2.240000009536743,2.240000009536743,2.240000009536743,2.240000009536743,100.0
2026-10-06 11:18:00,MINE.V,,0.15000000596046448,0.15000000596046448,0.15000000596046448,0.15000000596046448,25000.0
2026-10-06 11:18:00,NURS.V,,3.4200000762939453,3.4200000762939453,3.4200000762939453,3.4200000762939453,1300.0
2026-10-06 11:19:00,BIG.V,,1.1799999475479126,1.1799999475479126,1.1799999475479126,1.1799999475479126,1600.0
2026-10-06 11:19:00,GGAU.V,,0.13500000536441803,0.13500000536441803,0.13500000536441803,0.13500000536441803,8000.0
2026-10-06 11:19:00,GWM.V,,1.0499999523162842,1.0499999523162842,1.0499999523162842,1.0499999523162842,200.0
2026-10-06 11:19:00,HME.V,,2.25,2.25,2.25,2.25,1000.0
2026-10-06 11:19:00,INTR.V,,0.8100000023841858,0.8100000023841858,0.800000011920929,0.800000011920929,6500.0
2026-10-06 11:19:00,LBNK.V,,0.5400000214576721,0.550000011920929,0.5400000214576721,0.550000011920929,7000.0
2026-10-06 11:19:00,LG.V,,0.4000000059604645,0.4000000059604645,0.39500001072883606,0.39500001072883606,13000.0
2026-10-06 11:19:00,NURS.V,,3.4100000858306885,3.4100000858306885,3.4100000858306885,3.4100000858306885,200.0
2026-10-06 11:19:00,PNG.V,,4.550000190734863,4.559999942779541,4.550000190734863,4.559999942779541,6550.0
2026-10-06 11:19:00,TUF.V,,0.9100000262260437,0.9100000262260437,0.9100000262260437,0.9100000262260437,1500.0
2026-10-06 11:20:00,FUU.V,,0.125,0.125,0.125,0.125,9600.0
2026-10-06 11:20:00,GSTM.V,,0.17000000178813934,0.17000000178813934,0.17000000178813934,0.17000000178813934,5000.0
2026-10-06 11:20:00,GWM.V,,1.0499999523162842,1.0499999523162842,1.0499999523162842,1.0499999523162842,100.0
2026-10-06 11:20:00,HPL.V,,0.33000001311302185,0.33000001311302185,0.33000001311302185,0.33000001311302185,5000.0
2026-10-06 11:20:00,KDA.V,,0.05999999865889549,0.05999999865889549,0.05999999865889549,0.05999999865889549,2000.0
2026-10-06 11:20:00,LITH.V,,0.3499999940395355,0.3499999940395355,0.3499999940395355,0.3499999940395355,7000.0
2026-10-06 11:20:00,MINE.V,,0.15000000596046448,0.15000000596046448,0.15000000596046448,0.15000000596046448,4500.0
2026-10-06 11:20:00,PNG.V,,4.550000190734863,4.559999942779541,4.550000190734863,4.559999942779541,400.0
2026-10-06 11:21:00,BIG.V,,1.1799999475479126,1.1799999475479126,1.1799999475479126,1.1799999475479126,1900.0
2026-10-06 11:21:00,GAL.V,,0.4650000035762787,0.4650000035762787,0.46000000834465027,0.4650000035762787,57000.0
2026-10-06 11:21:00,GWM.V,,1.0499999523162842,1.0499999523162842,1.0499999523162842,1.0499999523162842,200.0
2026-10-06 11:21:00,HEVI.V,,0.1850000023841858,0.1850000023841858,0.1850000023841858,0.1850000023841858,22356.0
2026-10-06 11:21:00,KLD.V,,2.4000000953674316,2.4000000953674316,2.4000000953674316,2.4000000953674316,1300.0
2026-10-06 11:21:00,KTN.V,,1.149999976158142,1.149999976158142,1.149999976158142,1.149999976158142,100.0
2026-10-06 11:21:00,LMN.V,,21.75,21.75,21.739999771118164,21.75,600.0
2026-10-06 11:21:00,PNG.V,,4.570000171661377,4.570000171661377,4.559999942779541,4.559999942779541,1500.0
2026-10-06 11:21:00,TUF.V,,0.9100000262260437,0.9100000262260437,0.9100000262260437,0.9100000262260437,500.0
2026-10-06 11:22:00,GWM.V,,1.0499999523162842,1.0499999523162842,1.0499999523162842,1.0499999523162842,100.0
2026-10-06 11:22:00,LMN.V,,22.049999237060547,22.049999237060547,21.850000381469727,21.860000610351562,49886.0
2026-10-06 11:23:00,GRZ.V,,7.320000171661377,7.320000171661377,7.320000171661377,7.320000171661377,100.0
2026-10-06 11:23:00,GWM.V,,1.0499999523162842,1.0499999523162842,1.0499999523162842,1.0499999523162842,200.0
2026-10-06 11:23:00,KDA.V,,0.05999999865889549,0.05999999865889549,0.05999999865889549,0.05999999865889549,2000.0
2026-10-06 11:23:00,KTN.V,,1.1549999713897705,1.1549999713897705,1.1549999713897705,1.1549999713897705,1300.0
2026-10-06 11:23:00,PNG.V,,4.550000190734863,4.550000190734863,4.550000190734863,4.550000190734863,6300.0
2026-10-06 11:23:00,TUF.V,,0.9100000262260437,0.9100000262260437,0.9100000262260437,0.9100000262260437,500.0
2026-10-06 11:24:00,FRI.V,,0.07000000029802322,0.07000000029802322,0.07000000029802322,0.07000000029802322,5000.0
2026-10-06 11:24:00,GWM.V,,1.0499999523162842,1.0499999523162842,1.0499999523162842,1.0499999523162842,200.0
2026-10-06 11:24:00,HME.V,,2.240000009536743,2.240000009536743,2.240000009536743,2.240000009536743,100.0
2026-10-06 11:24:00,INTR.V,,0.8100000023841858,0.8100000023841858,0.8100000023841858,0.8100000023841858,5000.0
2026-10-06 11:24:00,MINE.V,,0.14499999582767487,0.14499999582767487,0.14499999582767487,0.14499999582767487,24400.0
2026-10-06 11:24:00,PNG.V,,4.550000190734863,4.554999828338623,4.550000190734863,4.554999828338623,1300.0
2026-10-06 11:25:00,BIG.V,,1.1699999570846558,1.1699999570846558,1.1699999570846558,1.1699999570846558,2600.0
2026-10-06 11:25:00,FL.V,,0.41999998688697815,0.41999998688697815,0.41999998688697815,0.41999998688697815,1000.0
2026-10-06 11:25:00,GRDM.V,,0.17499999701976776,0.17499999701976776,0.17499999701976776,0.17499999701976776,3000.0
2026-10-06 11:25:00,GRSL.V,,0.28999999165534973,0.29499998688697815,0.28999999165534973,0.29499998688697815,24000.0
2026-10-06 11:25:00,GWM.V,,1.0499999523162842,1.0499999523162842,1.0499999523162842,1.0499999523162842,100.0
2026-10-06 11:25:00,HME.V,,2.240000009536743,2.240000009536743,2.240000009536743,2.240000009536743,100.0
2026-10-06 11:25:00,HVG.V,,0.03999999910593033,0.03999999910593033,0.03999999910593033,0.03999999910593033,32000.0
2026-10-06 11:25:00,KTN.V,,1.149999976158142,1.149999976158142,1.149999976158142,1.149999976158142,100.0
2026-10-06 11:25:00,LG.V,,0.4000000059604645,0.4000000059604645,0.4000000059604645,0.4000000059604645,88000.0
2026-10-06 11:25:00,LGN.V,,1.1549999713897705,1.1549999713897705,1.1549999713897705,1.1549999713897705,100.0
2026-10-06 11:25:00,MINE.V,,0.14499999582767487,0.14499999582767487,0.14499999582767487,0.14499999582767487,8000.0
2026-10-06 11:25:00,PNG.V,,4.559999942779541,4.570000171661377,4.559999942779541,4.559999942779541,3209.0
2026-10-06 11:25:00,TUF.V,,0.9100000262260437,0.9100000262260437,0.9100000262260437,0.9100000262260437,500.0
2026-10-06 11:25:00,ZNG.V,,0.7300000190734863,0.7300000190734863,0.7300000190734863,0.7300000190734863,2500.0
2026-10-06 11:26:00,GOT.V,,1.4450000524520874,1.4450000524520874,1.4450000524520874,1.4450000524520874,1100.0
2026-10-06 11:26:00,GWM.V,,1.0499999523162842,1.0499999523162842,1.0499999523162842,1.0499999523162842,400.0
2026-10-06 11:26:00,HME.V,,2.240000009536743,2.240000009536743,2.240000009536743,2.240000009536743,100.0
2026-10-06 11:26:00,HPL.V,,0.33000001311302185,0.33000001311302185,0.33000001311302185,0.33000001311302185,1100.0
2026-10-06 11:26:00,KDA.V,,0.05999999865889549,0.05999999865889549,0.05999999865889549,0.05999999865889549,1000.0
2026-10-06 11:26:00,LG.V,,0.4000000059604645,0.4000000059604645,0.4000000059604645,0.4000000059604645,75000.0
2026-10-06 11:26:00,LMN.V,,21.84000015258789,21.84000015258789,21.84000015258789,21.84000015258789,100.0
2026-10-06 11:26:00,MINE.V,,0.14499999582767487,0.14499999582767487,0.14499999582767487,0.14499999582767487,500.0
2026-10-06 11:26:00,NURS.V,,3.4100000858306885,3.4100000858306885,3.4100000858306885,3.4100000858306885,100.0
2026-10-06 11:27:00,GOT.V,,1.4500000476837158,1.4500000476837158,1.4500000476837158,1.4500000476837158,1200.0
2026-10-06 11:27:00,GRDM.V,,0.17499999701976776,0.17499999701976776,0.17499999701976776,0.17499999701976776,15000.0
2026-10-06 11:27:00,GWM.V,,1.0499999523162842,1.0499999523162842,1.0499999523162842,1.0499999523162842,100.0
2026-10-06 11:27:00,LGN.V,,1.1549999713897705,1.1549999713897705,1.1549999713897705,1.1549999713897705,100.0
2026-10-06 11:27:00,LMN.V,,21.780000686645508,21.780000686645508,21.780000686645508,21.780000686645508,158.0
2026-10-06 11:27:00,PNG.V,,4.579999923706055,4.579999923706055,4.559999942779541,4.559999942779541,2149.0
2026-10-06 11:27:00,TUF.V,,0.9100000262260437,0.9100000262260437,0.9100000262260437,0.9100000262260437,500.0
2026-10-06 11:28:00,FOBI.V,,0.03500000014901161,0.03500000014901161,0.03500000014901161,0.03500000014901161,25000.0
2026-10-06 11:28:00,GWM.V,,1.0499999523162842,1.0549999475479126,1.0499999523162842,1.0549999475479126,1900.0
2026-10-06 11:28:00,HME.V,,2.240000009536743,2.240000009536743,2.240000009536743,2.240000009536743,100.0
2026-10-06 11:28:00,KTN.V,,1.149999976158142,1.149999976158142,1.149999976158142,1.149999976158142,200.0
2026-10-06 11:28:00,LG.V,,0.4000000059604645,0.4000000059604645,0.4000000059604645,0.4000000059604645,90000.0
2026-10-06 11:28:00,LGC.V,,3.059999942779541,3.059999942779541,3.059999942779541,3.059999942779541,100.0
2026-10-06 11:28:00,LGN.V,,1.1549999713897705,1.1549999713897705,1.1549999713897705,1.1549999713897705,200.0
2026-10-06 11:28:00,PNG.V,,4.590000152587891,4.590000152587891,4.590000152587891,4.590000152587891,2900.0
2026-10-06 11:29:00,GAL.V,,0.4650000035762787,0.4650000035762787,0.4650000035762787,0.4650000035762787,1000.0
2026-10-06 11:29:00,GWM.V,,1.0499999523162842,1.0499999523162842,1.0499999523162842,1.0499999523162842,100.0
2026-10-06 11:29:00,HITI.V,,3.8499999046325684,3.8499999046325684,3.8499999046325684,3.8499999046325684,1500.0
2026-10-06 11:29:00,KDA.V,,0.05999999865889549,0.05999999865889549,0.05999999865889549,0.05999999865889549,2000.0
2026-10-06 11:29:00,KTN.V,,1.149999976158142,1.149999976158142,1.149999976158142,1.149999976158142,100.0
2026-10-06 11:29:00,LG.V,,0.4000000059604645,0.4000000059604645,0.4000000059604645,0.4000000059604645,190000.0
2026-10-06 11:29:00,LGN.V,,1.1549999713897705,1.1549999713897705,1.1549999713897705,1.1549999713897705,103428.0
2026-10-06 11:29:00,TUF.V,,0.9100000262260437,0.9100000262260437,0.9100000262260437,0.9100000262260437,500.0
2026-10-06 11:30:00,FMS.V,,0.44999998807907104,0.44999998807907104,0.44999998807907104,0.44999998807907104,5500.0
2026-10-06 11:30:00,GWM.V,,1.0499999523162842,1.0499999523162842,1.0499999523162842,1.0499999523162842,200.0
2026-10-06 11:30:00,HCH.V,,1.5299999713897705,1.5299999713897705,1.5299999713897705,1.5299999713897705,2200.0
2026-10-06 11:30:00,HME.V,,2.240000009536743,2.240000009536743,2.240000009536743,2.240000009536743,100.0
2026-10-06 11:30:00,LG.V,,0.4000000059604645,0.4000000059604645,0.4000000059604645,0.4000000059604645,2500.0
2026-10-06 11:30:00,LGN.V,,1.1549999713897705,1.1549999713897705,1.1549999713897705,1.1549999713897705,100.0
2026-10-06 11:31:00,FL.V,,0.42500001192092896,0.42500001192092896,0.42500001192092896,0.42500001192092896,89060.0
2026-10-06 11:31:00,GWM.V,,1.0499999523162842,1.0499999523162842,1.0499999523162842,1.0499999523162842,100.0
2026-10-06 11:31:00,HME.V,,2.240000009536743,2.240000009536743,2.240000009536743,2.240000009536743,100.0
2026-10-06 11:31:00,KFR.V,,1.0499999523162842,1.0499999523162842,1.0499999523162842,1.0499999523162842,200.0
2026-10-06 11:31:00,LG.V,,0.4000000059604645,0.4000000059604645,0.4000000059604645,0.4000000059604645,157000.0
2026-10-06 11:31:00,LGN.V,,1.149999976158142,1.149999976158142,1.149999976158142,1.149999976158142,200.0
2026-10-06 11:31:00,TUF.V,,0.9100000262260437,0.9100000262260437,0.9100000262260437,0.9100000262260437,500.0
2026-10-06 11:31:00,VAND.V,,0.75,0.75,0.75,0.75,0.0
2026-10-06 11:32:00,BIG.V,,1.1799999475479126,1.1799999475479126,1.1799999475479126,1.1799999475479126,1600.0
2026-10-06 11:32:00,FDR.V,,8.260000228881836,8.260000228881836,8.239999771118164,8.239999771118164,3600.0
2026-10-06 11:32:00,GWM.V,,1.059999942779541,1.059999942779541,1.0499999523162842,1.0499999523162842,200.0
2026-10-06 11:32:00,HME.V,,2.240000009536743,2.240000009536743,2.240000009536743,2.240000009536743,100.0
2026-10-06 11:32:00,KDA.V,,0.05999999865889549,0.05999999865889549,0.05999999865889549,0.05999999865889549,42800.0
2026-10-06 11:32:00,LG.V,,0.4000000059604645,0.4000000059604645,0.4000000059604645,0.4000000059604645,2500.0
2026-10-06 11:32:00,LGN.V,,1.149999976158142,1.149999976158142,1.149999976158142,1.149999976158142,300.0
2026-10-06 11:32:00,LIO.V,,0.1850000023841858,0.1850000023841858,0.1850000023841858,0.1850000023841858,10000.0
2026-10-06 11:32:00,VAND.V,,0.75,0.75,0.75,0.75,3000.0
2026-10-06 11:33:00,BIG.V,,1.1799999475479126,1.1799999475479126,1.1799999475479126,1.1799999475479126,100.0
2026-10-06 11:33:00,FDR.V,,8.300000190734863,8.300000190734863,8.270000457763672,8.270000457763672,1101.0
2026-10-06 11:33:00,FRI.V,,0.07000000029802322,0.07000000029802322,0.07000000029802322,0.07000000029802322,100000.0
2026-10-06 11:33:00,FUU.V,,0.125,0.125,0.125,0.125,16000.0
2026-10-06 11:33:00,GWM.V,,1.0499999523162842,1.0499999523162842,1.0499999523162842,1.0499999523162842,100.0
2026-10-06 11:33:00,LG.V,,0.4000000059604645,0.4000000059604645,0.4000000059604645,0.4000000059604645,93000.0
2026-10-06 11:33:00,LGN.V,,1.149999976158142,1.149999976158142,1.149999976158142,1.149999976158142,1000.0
2026-10-06 11:33:00,PNG.V,,4.590000152587891,4.590000152587891,4.590000152587891,4.590000152587891,200.0
2026-10-06 11:33:00,TUF.V,,0.9100000262260437,0.9100000262260437,0.9100000262260437,0.9100000262260437,1500.0
2026-10-06 11:33:00,VAND.V,,0.75,0.75,0.75,0.75,22000.0
2026-10-06 11:34:00,FRI.V,,0.07000000029802322,0.07000000029802322,0.07000000029802322,0.07000000029802322,12000.0
2026-10-06 11:34:00,FWZ.V,,2.8499999046325684,2.8499999046325684,2.8499999046325684,2.8499999046325684,100.0
2026-10-06 11:34:00,GRSL.V,,0.29499998688697815,0.29499998688697815,0.29499998688697815,0.29499998688697815,3500.0
2026-10-06 11:34:00,GWM.V,,1.059999942779541,1.059999942779541,1.0499999523162842,1.0499999523162842,7400.0
2026-10-06 11:34:00,HAR.V,,0.05000000074505806,0.05000000074505806,0.05000000074505806,0.05000000074505806,57723.0
2026-10-06 11:34:00,HME.V,,2.240000009536743,2.240000009536743,2.240000009536743,2.240000009536743,200.0
2026-10-06 11:34:00,KTN.V,,1.149999976158142,1.149999976158142,1.149999976158142,1.149999976158142,100.0
2026-10-06 11:34:00,LGN.V,,1.149999976158142,1.149999976158142,1.149999976158142,1.149999976158142,200.0
2026-10-06 11:34:00,NURS.V,,3.4100000858306885,3.4100000858306885,3.4100000858306885,3.4100000858306885,200.0
2026-10-06 11:35:00,BIG.V,,1.190000057220459,1.190000057220459,1.190000057220459,1.190000057220459,2200.0
2026-10-06 11:35:00,FDR.V,,8.279999732971191,8.279999732971191,8.279999732971191,8.279999732971191,200.0
2026-10-06 11:35:00,KFR.V,,1.0499999523162842,1.0499999523162842,1.0499999523162842,1.0499999523162842,500.0
2026-10-06 11:35:00,KTN.V,,1.159999966621399,1.159999966621399,1.159999966621399,1.159999966621399,2000.0
2026-10-06 11:35:00,LG.V,,0.4000000059604645,0.4000000059604645,0.4000000059604645,0.4000000059604645,90000.0
2026-10-06 11:35:00,LGN.V,,1.149999976158142,1.149999976158142,1.149999976158142,1.149999976158142,200.0
2026-10-06 11:35:00,LITH.V,,0.3499999940395355,0.3499999940395355,0.3499999940395355,0.3499999940395355,48500.0
2026-10-06 11:35:00,MINE.V,,0.14499999582767487,0.14499999582767487,0.14499999582767487,0.14499999582767487,10000.0
2026-10-06 11:35:00,PNG.V,,4.590000152587891,4.590000152587891,4.590000152587891,4.590000152587891,1000.0
2026-10-06 11:35:00,TUF.V,,0.8999999761581421,0.9100000262260437,0.8999999761581421,0.9100000262260437,7500.0
2026-10-06 11:36:00,GAL.V,,0.4699999988079071,0.4699999988079071,0.4650000035762787,0.4650000035762787,6500.0
2026-10-06 11:36:00,GOT.V,,1.4500000476837158,1.4500000476837158,1.4500000476837158,1.4500000476837158,200.0
2026-10-06 11:36:00,LGN.V,,1.159999966621399,1.159999966621399,1.149999976158142,1.149999976158142,2500.0
2026-10-06 11:36:00,NURS.V,,3.4100000858306885,3.4100000858306885,3.4100000858306885,3.4100000858306885,100.0
2026-10-06 11:36:00,PNG.V,,4.599999904632568,4.599999904632568,4.579999923706055,4.590000152587891,1600.0
2026-10-06 11:36:00,TUF.V,,0.8999999761581421,0.8999999761581421,0.8999999761581421,0.8999999761581421,2000.0
2026-10-06 11:37:00,FDR.V,,8.289999961853027,8.319999694824219,8.289999961853027,8.3100004196167,2600.0
2026-10-06 11:37:00,GOT.V,,1.4500000476837158,1.4500000476837158,1.4500000476837158,1.4500000476837158,100.0
2026-10-06 11:37:00,GWM.V,,1.059999942779541,1.059999942779541,1.059999942779541,1.059999942779541,100.0
2026-10-06 11:37:00,LG.V,,0.4050000011920929,0.4050000011920929,0.4000000059604645,0.4000000059604645,63600.0
2026-10-06 11:37:00,LGN.V,,1.149999976158142,1.149999976158142,1.149999976158142,1.149999976158142,100.0
2026-10-06 11:37:00,MFG.V,,3.7200000286102295,3.7200000286102295,3.7200000286102295,3.7200000286102295,300.0
2026-10-06 11:37:00,PNG.V,,4.599999904632568,4.599999904632568,4.599999904632568,4.599999904632568,2700.0
2026-10-06 11:38:00,FDR.V,,8.34000015258789,8.34000015258789,8.3100004196167,8.329999923706055,6636.0
2026-10-06 11:38:00,FUU.V,,0.12999999523162842,0.12999999523162842,0.125,0.125,8100.0
2026-10-06 11:38:00,FWZ.V,,2.8399999141693115,2.8399999141693115,2.8299999237060547,2.8299999237060547,851.0
2026-10-06 11:38:00,GOT.V,,1.4500000476837158,1.4500000476837158,1.4500000476837158,1.4500000476837158,100.0
2026-10-06 11:38:00,HME.V,,2.240000009536743,2.240000009536743,2.240000009536743,2.240000009536743,300.0
2026-10-06 11:38:00,KTN.V,,1.149999976158142,1.149999976158142,1.149999976158142,1.149999976158142,100.0
2026-10-06 11:38:00,LA.V,,12.630000114440918,12.630000114440918,12.630000114440918,12.630000114440918,200.0
2026-10-06 11:38:00,LGN.V,,1.149999976158142,1.149999976158142,1.149999976158142,1.149999976158142,200.0
2026-10-06 11:38:00,LMS.V,,0.23000000417232513,0.23000000417232513,0.23000000417232513,0.23000000417232513,65000.0
2026-10-06 11:38:00,NURS.V,,3.4000000953674316,3.4000000953674316,3.4000000953674316,3.4000000953674316,100.0
2026-10-06 11:38:00,TUF.V,,0.8999999761581421,0.8999999761581421,0.8999999761581421,0.8999999761581421,1000.0
2026-10-06 11:39:00,LGN.V,,1.149999976158142,1.149999976158142,1.149999976158142,1.149999976158142,200.0
2026-10-06 11:39:00,MFG.V,,3.759999990463257,3.759999990463257,3.759999990463257,3.759999990463257,100.0
2026-10-06 11:39:00,PNG.V,,4.570000171661377,4.579999923706055,4.570000171661377,4.579999923706055,7315.0
2026-10-06 11:39:00,ZNG.V,,0.7200000286102295,0.7200000286102295,0.7200000286102295,0.7200000286102295,38697.0
2026-10-06 11:40:00,BIG.V,,1.190000057220459,1.190000057220459,1.190000057220459,1.190000057220459,1200.0
2026-10-06 11:40:00,EVGN.V,,0.5600000023841858,0.5600000023841858,0.5600000023841858,0.5600000023841858,500.0
2026-10-06 11:40:00,GGO.V,,1.3200000524520874,1.3200000524520874,1.3200000524520874,1.3200000524520874,200.0
2026-10-06 11:40:00,GLAD.V,,2.3299999237060547,2.3399999141693115,2.3299999237060547,2.3399999141693115,700.0
2026-10-06 11:40:00,GMG.V,,2.3399999141693115,2.3399999141693115,2.3399999141693115,2.3399999141693115,300.0
2026-10-06 11:40:00,GRSL.V,,0.29499998688697815,0.29499998688697815,0.29499998688697815,0.29499998688697815,5966.0
2026-10-06 11:40:00,LGN.V,,1.149999976158142,1.149999976158142,1.149999976158142,1.149999976158142,100.0
2026-10-06 11:40:00,MAX.V,,0.19499999284744263,0.19499999284744263,0.19499999284744263,0.19499999284744263,17001.0
2026-10-06 11:40:00,NURS.V,,3.4200000762939453,3.4200000762939453,3.4000000953674316,3.4000000953674316,600.0
2026-10-06 11:40:00,PNG.V,,4.570000171661377,4.579999923706055,4.570000171661377,4.579999923706055,3900.0
2026-10-06 11:40:00,TUF.V,,0.8999999761581421,0.8999999761581421,0.8999999761581421,0.8999999761581421,1000.0
2026-10-06 11:41:00,FUU.V,,0.125,0.125,0.125,0.125,3000.0
2026-10-06 11:41:00,FWZ.V,,2.8499999046325684,2.8499999046325684,2.8499999046325684,2.8499999046325684,2000.0
2026-10-06 11:41:00,GAL.V,,0.4699999988079071,0.4699999988079071,0.4699999988079071,0.4699999988079071,1000.0
2026-10-06 11:41:00,GG.V,,2.890000104904175,2.890000104904175,2.890000104904175,2.890000104904175,400.0
2026-10-06 11:41:00,GOT.V,,1.4600000381469727,1.4600000381469727,1.4600000381469727,1.4600000381469727,400.0
2026-10-06 11:41:00,GWM.V,,1.0499999523162842,1.0499999523162842,1.0499999523162842,1.0499999523162842,100.0
2026-10-06 11:41:00,LGN.V,,1.149999976158142,1.149999976158142,1.149999976158142,1.149999976158142,200.0
2026-10-06 11:41:00,PNG.V,,4.570000171661377,4.570000171661377,4.570000171661377,4.570000171661377,2800.0
2026-10-06 11:41:00,ROAR.V,,0.2199999988079071,0.2199999988079071,0.2199999988079071,0.2199999988079071,5000.0
2026-10-06 11:42:00,FDR.V,,8.319999694824219,8.319999694824219,8.319999694824219,8.319999694824219,100.0
2026-10-06 11:42:00,FOBI.V,,0.03500000014901161,0.03500000014901161,0.03500000014901161,0.03500000014901161,51158.0
2026-10-06 11:42:00,FUU.V,,0.12999999523162842,0.12999999523162842,0.125,0.125,9900.0
2026-10-06 11:42:00,GMG.V,,2.319999933242798,2.319999933242798,2.319999933242798,2.319999933242798,2801.0
2026-10-06 11:42:00,GWM.V,,1.0499999523162842,1.0499999523162842,1.0499999523162842,1.0499999523162842,100.0
2026-10-06 11:42:00,HME.V,,2.240000009536743,2.240000009536743,2.240000009536743,2.240000009536743,100.0
2026-10-06 11:42:00,INTR.V,,0.8100000023841858,0.8100000023841858,0.8100000023841858,0.8100000023841858,1000.0
2026-10-06 11:42:00,LGN.V,,1.149999976158142,1.149999976158142,1.149999976158142,1.149999976158142,100.0
2026-10-06 11:42:00,NURS.V,,3.4000000953674316,3.4000000953674316,3.4000000953674316,3.4000000953674316,100.0
2026-10-06 11:42:00,PNG.V,,4.570000171661377,4.579999923706055,4.570000171661377,4.579999923706055,600.0
2026-10-06 11:43:00,BIG.V,,1.190000057220459,1.190000057220459,1.190000057220459,1.190000057220459,2000.0
2026-10-06 11:43:00,GLAD.V,,2.3399999141693115,2.3399999141693115,2.3399999141693115,2.3399999141693115,900.0
2026-10-06 11:43:00,GOT.V,,1.4500000476837158,1.4550000429153442,1.4500000476837158,1.4550000429153442,1200.0
2026-10-06 11:43:00,GWM.V,,1.0499999523162842,1.0499999523162842,1.0499999523162842,1.0499999523162842,200.0
2026-10-06 11:43:00,HME.V,,2.240000009536743,2.240000009536743,2.240000009536743,2.240000009536743,300.0
2026-10-06 11:43:00,JJ.V,,0.02500000037252903,0.02500000037252903,0.02500000037252903,0.02500000037252903,50000.0
2026-10-06 11:43:00,KTN.V,,1.1549999713897705,1.1549999713897705,1.1549999713897705,1.1549999713897705,200.0
2026-10-06 11:43:00,LGN.V,,1.149999976158142,1.149999976158142,1.149999976158142,1.149999976158142,100.0
2026-10-06 11:43:00,LIO.V,,0.1850000023841858,0.1850000023841858,0.1850000023841858,0.1850000023841858,500.0
2026-10-06 11:43:00,NURS.V,,3.430000066757202,3.430000066757202,3.4200000762939453,3.4200000762939453,1600.0
2026-10-06 11:44:00,BIG.V,,1.190000057220459,1.190000057220459,1.190000057220459,1.190000057220459,1200.0
2026-10-06 11:44:00,FDR.V,,8.319999694824219,8.319999694824219,8.229999542236328,8.300000190734863,3000.0
2026-10-06 11:44:00,GAL.V,,0.4699999988079071,0.4699999988079071,0.4699999988079071,0.4699999988079071,1000.0
2026-10-06 11:44:00,GLAD.V,,2.3399999141693115,2.3399999141693115,2.3399999141693115,2.3399999141693115,600.0
2026-10-06 11:44:00,GWM.V,,1.0499999523162842,1.0499999523162842,1.0499999523162842,1.0499999523162842,100.0
2026-10-06 11:44:00,HAR.V,,0.05000000074505806,0.05000000074505806,0.05000000074505806,0.05000000074505806,6000.0
2026-10-06 11:44:00,JJ.V,,0.029999999329447746,0.029999999329447746,0.029999999329447746,0.029999999329447746,1000.0
2026-10-06 11:44:00,LIFT.V,,2.0899999141693115,2.0999999046325684,2.059999942779541,2.059999942779541,4800.0
2026-10-06 11:44:00,NURS.V,,3.450000047683716,3.450000047683716,3.450000047683716,3.450000047683716,100.0
2026-10-06 11:44:00,PNG.V,,4.579999923706055,4.579999923706055,4.579999923706055,4.579999923706055,1400.0
2026-10-06 11:45:00,GGO.V,,1.3200000524520874,1.3200000524520874,1.3200000524520874,1.3200000524520874,200.0
2026-10-06 11:45:00,GWM.V,,1.0499999523162842,1.0499999523162842,1.0499999523162842,1.0499999523162842,300.0
2026-10-06 11:45:00,HVG.V,,0.03999999910593033,0.03999999910593033,0.03999999910593033,0.03999999910593033,10000.0
2026-10-06 11:45:00,KLDC.V,,0.3400000035762787,0.3449999988079071,0.3400000035762787,0.3449999988079071,2002.0
2026-10-06 11:45:00,LGC.V,,3.049999952316284,3.049999952316284,3.049999952316284,3.049999952316284,100.0
2026-10-06 11:45:00,PNG.V,,4.570000171661377,4.570000171661377,4.570000171661377,4.570000171661377,300.0
2026-10-06 11:46:00,FDR.V,,8.319999694824219,8.319999694824219,8.319999694824219,8.319999694824219,200.0
2026-10-06 11:46:00,GLAD.V,,2.3399999141693115,2.3399999141693115,2.3399999141693115,2.3399999141693115,100.0
2026-10-06 11:46:00,GWM.V,,1.0499999523162842,1.0499999523162842,1.0499999523162842,1.0499999523162842,100.0
2026-10-06 11:46:00,KTO.V,,0.800000011920929,0.800000011920929,0.800000011920929,0.800000011920929,13500.0
2026-10-06 11:46:00,NURS.V,,3.4600000381469727,3.4600000381469727,3.4600000381469727,3.4600000381469727,100.0
2026-10-06 11:46:00,PNG.V,,4.579999923706055,4.579999923706055,4.579999923706055,4.579999923706055,2000.0
2026-10-06 11:47:00,FG.V,,0.029999999329447746,0.029999999329447746,0.029999999329447746,0.029999999329447746,18000.0
2026-10-06 11:47:00,FRI.V,,0.07000000029802322,0.07000000029802322,0.07000000029802322,0.07000000029802322,100000.0
2026-10-06 11:47:00,FWZ.V,,2.8499999046325684,2.8499999046325684,2.8499999046325684,2.8499999046325684,400.0
2026-10-06 11:47:00,GWM.V,,1.0499999523162842,1.0499999523162842,1.0499999523162842,1.0499999523162842,200.0
2026-10-06 11:47:00,KTO.V,,0.7900000214576721,0.7900000214576721,0.7900000214576721,0.7900000214576721,500.0
2026-10-06 11:47:00,LG.V,,0.4050000011920929,0.4050000011920929,0.4050000011920929,0.4050000011920929,104500.0
2026-10-06 11:47:00,LTH.V,,0.5149999856948853,0.5149999856948853,0.5149999856948853,0.5149999856948853,1000.0
2026-10-06 11:48:00,BIG.V,,1.190000057220459,1.190000057220459,1.190000057220459,1.190000057220459,500.0
2026-10-06 11:48:00,FDR.V,,8.350000381469727,8.350000381469727,8.3100004196167,8.319999694824219,8004.0
2026-10-06 11:48:00,GG.V,,2.940000057220459,2.940000057220459,2.930000066757202,2.930000066757202,4500.0
2026-10-06 11:48:00,GGO.V,,1.3200000524520874,1.3200000524520874,1.3200000524520874,1.3200000524520874,4300.0
2026-10-06 11:48:00,GWM.V,,1.0499999523162842,1.0499999523162842,1.0499999523162842,1.0499999523162842,100.0
2026-10-06 11:48:00,HME.V,,2.240000009536743,2.240000009536743,2.240000009536743,2.240000009536743,100.0
2026-10-06 11:48:00,IPT.V,,0.26499998569488525,0.26499998569488525,0.26499998569488525,0.26499998569488525,15500.0
2026-10-06 11:48:00,LG.V,,0.4050000011920929,0.4050000011920929,0.4050000011920929,0.4050000011920929,77000.0
2026-10-06 11:48:00,LRA.V,,4.110000133514404,4.110000133514404,4.110000133514404,4.110000133514404,1000.0
2026-10-06 11:48:00,LTH.V,,0.5099999904632568,0.5099999904632568,0.5099999904632568,0.5099999904632568,500.0
2026-10-06 11:48:00,NURS.V,,3.4600000381469727,3.4600000381469727,3.4600000381469727,3.4600000381469727,100.0
2026-10-06 11:48:00,TUF.V,,0.8999999761581421,0.8999999761581421,0.8999999761581421,0.8999999761581421,500.0
2026-10-06 11:49:00,GWM.V,,1.0499999523162842,1.0499999523162842,1.0499999523162842,1.0499999523162842,200.0
2026-10-06 11:49:00,HITI.V,,3.8399999141693115,3.8399999141693115,3.8399999141693115,3.8399999141693115,100.0
2026-10-06 11:49:00,JJ.V,,0.02500000037252903,0.02500000037252903,0.02500000037252903,0.02500000037252903,173000.0
2026-10-06 11:49:00,NURS.V,,3.4600000381469727,3.4600000381469727,3.4600000381469727,3.4600000381469727,100.0
2026-10-06 11:49:00,PNG.V,,4.590000152587891,4.590000152587891,4.570000171661377,4.570000171661377,6100.0
2026-10-06 11:50:00,BIG.V,,1.2000000476837158,1.2000000476837158,1.190000057220459,1.190000057220459,5900.0
2026-10-06 11:50:00,FMS.V,,0.44999998807907104,0.44999998807907104,0.44999998807907104,0.44999998807907104,3500.0
2026-10-06 11:50:00,GWM.V,,1.0499999523162842,1.0499999523162842,1.0499999523162842,1.0499999523162842,200.0
2026-10-06 11:50:00,HME.V,,2.240000009536743,2.240000009536743,2.240000009536743,2.240000009536743,200.0
2026-10-06 11:50:00,JJ.V,,0.029999999329447746,0.029999999329447746,0.02500000037252903,0.02500000037252903,26000.0
2026-10-06 11:50:00,LG.V,,0.4050000011920929,0.4050000011920929,0.4050000011920929,0.4050000011920929,82000.0
2026-10-06 11:50:00,MTX.V,,0.014999999664723873,0.014999999664723873,0.014999999664723873,0.014999999664723873,57000.0
2026-10-06 11:50:00,NURS.V,,3.4600000381469727,3.4600000381469727,3.4600000381469727,3.4600000381469727,100.0
2026-10-06 11:50:00,PNG.V,,4.590000152587891,4.599999904632568,4.579999923706055,4.579999923706055,11375.0
2026-10-06 11:50:00,ZNG.V,,0.7099999785423279,0.7099999785423279,0.699999988079071,0.7099999785423279,44800.0
2026-10-06 11:51:00,FOR.V,,0.6700000166893005,0.6700000166893005,0.6700000166893005,0.6700000166893005,2000.0
2026-10-06 11:51:00,FRI.V,,0.07000000029802322,0.07000000029802322,0.07000000029802322,0.07000000029802322,100000.0
2026-10-06 11:51:00,GOT.V,,1.4500000476837158,1.4500000476837158,1.4500000476837158,1.4500000476837158,100.0
2026-10-06 11:51:00,GWM.V,,1.0499999523162842,1.0499999523162842,1.0499999523162842,1.0499999523162842,100.0
2026-10-06 11:51:00,HAN.V,,0.6700000166893005,0.6700000166893005,0.6700000166893005,0.6700000166893005,511.0
2026-10-06 11:51:00,LG.V,,0.4050000011920929,0.4050000011920929,0.4050000011920929,0.4050000011920929,23000.0
2026-10-06 11:51:00,LGN.V,,1.149999976158142,1.149999976158142,1.149999976158142,1.149999976158142,100.0
2026-10-06 11:52:00,FDR.V,,8.319999694824219,8.319999694824219,8.3100004196167,8.3100004196167,1000.0
2026-10-06 11:52:00,GRSL.V,,0.29499998688697815,0.29499998688697815,0.29499998688697815,0.29499998688697815,500.0
2026-10-06 11:52:00,GWM.V,,1.0499999523162842,1.0499999523162842,1.0499999523162842,1.0499999523162842,300.0
2026-10-06 11:52:00,HITI.V,,3.859999895095825,3.859999895095825,3.859999895095825,3.859999895095825,2400.0
2026-10-06 11:52:00,KTN.V,,1.149999976158142,1.149999976158142,1.149999976158142,1.149999976158142,100.0
2026-10-06 11:52:00,LGN.V,,1.149999976158142,1.149999976158142,1.149999976158142,1.149999976158142,100.0
2026-10-06 11:52:00,LTH.V,,0.5099999904632568,0.5099999904632568,0.5099999904632568,0.5099999904632568,500.0
2026-10-06 11:52:00,NURS.V,,3.450000047683716,3.450000047683716,3.450000047683716,3.450000047683716,100.0
2026-10-06 11:52:00,PNG.V,,4.579999923706055,4.579999923706055,4.579999923706055,4.579999923706055,12381.0
2026-10-06 11:52:00,TUF.V,,0.8999999761581421,0.8999999761581421,0.8999999761581421,0.8999999761581421,500.0
2026-10-06 11:53:00,GRSL.V,,0.29499998688697815,0.29499998688697815,0.29499998688697815,0.29499998688697815,500.0
2026-10-06 11:53:00,GWM.V,,1.0499999523162842,1.0499999523162842,1.0499999523162842,1.0499999523162842,100.0
2026-10-06 11:54:00,BIG.V,,1.190000057220459,1.190000057220459,1.190000057220459,1.190000057220459,100.0
2026-10-06 11:54:00,FRI.V,,0.07000000029802322,0.07000000029802322,0.07000000029802322,0.07000000029802322,100000.0
2026-10-06 11:54:00,GAL.V,,0.4699999988079071,0.4699999988079071,0.4699999988079071,0.4699999988079071,500.0
2026-10-06 11:54:00,GWM.V,,1.0499999523162842,1.0499999523162842,1.0499999523162842,1.0499999523162842,100.0
2026-10-06 11:54:00,HME.V,,2.240000009536743,2.240000009536743,2.240000009536743,2.240000009536743,100.0
2026-10-06 11:54:00,LGN.V,,1.149999976158142,1.149999976158142,1.149999976158142,1.149999976158142,100.0
2026-10-06 11:54:00,LIFT.V,,2.059999942779541,2.059999942779541,2.059999942779541,2.059999942779541,200.0
2026-10-06 11:54:00,MINE.V,,0.14499999582767487,0.14499999582767487,0.14499999582767487,0.14499999582767487,100000.0
2026-10-06 11:54:00,MRVL.V,,0.11500000208616257,0.11500000208616257,0.11500000208616257,0.11500000208616257,10000.0
2026-10-06 11:54:00,MTA.V,,13.210000038146973,13.210000038146973,13.210000038146973,13.210000038146973,400.0
2026-10-06 11:54:00,NURS.V,,3.450000047683716,3.450000047683716,3.450000047683716,3.450000047683716,100.0
2026-10-06 11:54:00,TUF.V,,0.8999999761581421,0.8999999761581421,0.8999999761581421,0.8999999761581421,500.0
2026-10-06 11:55:00,GAL.V,,0.4699999988079071,0.4699999988079071,0.4699999988079071,0.4699999988079071,500.0
2026-10-06 11:55:00,GSTM.V,,0.1599999964237213,0.17000000178813934,0.1599999964237213,0.17000000178813934,31500.0
2026-10-06 11:55:00,GWM.V,,1.0499999523162842,1.0499999523162842,1.0499999523162842,1.0499999523162842,200.0
2026-10-06 11:55:00,LGN.V,,1.149999976158142,1.149999976158142,1.149999976158142,1.149999976158142,100.0
2026-10-06 11:55:00,LIO.V,,0.1850000023841858,0.1850000023841858,0.1850000023841858,0.1850000023841858,500.0
2026-10-06 11:55:00,LTH.V,,0.5099999904632568,0.5099999904632568,0.5099999904632568,0.5099999904632568,1000.0
2026-10-06 11:55:00,MINE.V,,0.14499999582767487,0.14499999582767487,0.14499999582767487,0.14499999582767487,110000.0
2026-10-06 11:55:00,NURS.V,,3.4600000381469727,3.4600000381469727,3.4600000381469727,3.4600000381469727,100.0
2026-10-06 11:55:00,PNG.V,,4.570000171661377,4.590000152587891,4.570000171661377,4.590000152587891,4337.0
2026-10-06 11:56:00,FRI.V,,0.07000000029802322,0.07000000029802322,0.07000000029802322,0.07000000029802322,88000.0
2026-10-06 11:56:00,GAL.V,,0.47999998927116394,0.47999998927116394,0.47999998927116394,0.47999998927116394,1000.0
2026-10-06 11:56:00,HME.V,,2.240000009536743,2.240000009536743,2.240000009536743,2.240000009536743,100.0
2026-10-06 11:56:00,IZN.V,,0.05000000074505806,0.05000000074505806,0.05000000074505806,0.05000000074505806,131000.0
2026-10-06 11:56:00,KLDC.V,,0.3400000035762787,0.3400000035762787,0.3400000035762787,0.3400000035762787,9577.0
2026-10-06 11:56:00,LGN.V,,1.149999976158142,1.149999976158142,1.149999976158142,1.149999976158142,100.0
2026-10-06 11:56:00,PNG.V,,4.579999923706055,4.579999923706055,4.579999923706055,4.579999923706055,200.0
2026-10-06 11:57:00,BIG.V,,1.1799999475479126,1.190000057220459,1.1799999475479126,1.190000057220459,7000.0
2026-10-06 11:57:00,GAL.V,,0.47999998927116394,0.47999998927116394,0.47999998927116394,0.47999998927116394,1000.0
2026-10-06 11:57:00,GWM.V,,1.0499999523162842,1.0499999523162842,1.0499999523162842,1.0499999523162842,100.0
2026-10-06 11:57:00,HME.V,,2.240000009536743,2.240000009536743,2.240000009536743,2.240000009536743,300.0
2026-10-06 11:57:00,IVS.V,,0.25999999046325684,0.25999999046325684,0.25999999046325684,0.25999999046325684,51000.0
2026-10-06 11:57:00,KTN.V,,1.149999976158142,1.149999976158142,1.149999976158142,1.149999976158142,100.0
2026-10-06 11:57:00,LG.V,,0.4050000011920929,0.4050000011920929,0.4050000011920929,0.4050000011920929,5000.0
2026-10-06 11:57:00,LGN.V,,1.149999976158142,1.149999976158142,1.149999976158142,1.149999976158142,200.0
2026-10-06 11:57:00,MINE.V,,0.14499999582767487,0.14499999582767487,0.14499999582767487,0.14499999582767487,2500.0
2026-10-06 11:57:00,NURS.V,,3.4600000381469727,3.4600000381469727,3.4600000381469727,3.4600000381469727,100.0
2026-10-06 11:57:00,TUF.V,,0.8999999761581421,0.8999999761581421,0.8999999761581421,0.8999999761581421,500.0
2026-10-06 11:58:00,BIG.V,,1.190000057220459,1.190000057220459,1.190000057220459,1.190000057220459,7000.0
2026-10-06 11:58:00,FUU.V,,0.12999999523162842,0.12999999523162842,0.125,0.125,27125.0
2026-10-06 11:58:00,GAL.V,,0.48500001430511475,0.48500001430511475,0.47999998927116394,0.47999998927116394,1000.0
2026-10-06 11:58:00,GOT.V,,1.4550000429153442,1.4550000429153442,1.4550000429153442,1.4550000429153442,100.0
2026-10-06 11:58:00,GSTM.V,,0.1599999964237213,0.1599999964237213,0.1599999964237213,0.1599999964237213,10000.0
2026-10-06 11:58:00,GWM.V,,1.0499999523162842,1.0499999523162842,1.0499999523162842,1.0499999523162842,200.0
2026-10-06 11:58:00,KTN.V,,1.149999976158142,1.149999976158142,1.149999976158142,1.149999976158142,300.0
2026-10-06 11:58:00,KTO.V,,0.7900000214576721,0.7900000214576721,0.7900000214576721,0.7900000214576721,500.0
2026-10-06 11:58:00,LGN.V,,1.149999976158142,1.149999976158142,1.149999976158142,1.149999976158142,100.0
2026-10-06 11:59:00,GAL.V,,0.48500001430511475,0.48500001430511475,0.48500001430511475,0.48500001430511475,1000.0
2026-10-06 11:59:00,GWM.V,,1.0499999523162842,1.059999942779541,1.0499999523162842,1.0499999523162842,300.0
2026-10-06 11:59:00,KLD.V,,2.4100000858306885,2.4100000858306885,2.4100000858306885,2.4100000858306885,100.0
2026-10-06 11:59:00,LGN.V,,1.149999976158142,1.149999976158142,1.149999976158142,1.149999976158142,100.0
2026-10-06 11:59:00,MINE.V,,0.14499999582767487,0.14499999582767487,0.14499999582767487,0.14499999582767487,500.0
2026-10-06 11:59:00,NURS.V,,3.450000047683716,3.450000047683716,3.450000047683716,3.450000047683716,100.0
2026-10-06 11:59:00,TUF.V,,0.8999999761581421,0.8999999761581421,0.8999999761581421,0.8999999761581421,500.0
2026-10-06 12:00:00,FMS.V,,0.44999998807907104,0.44999998807907104,0.44999998807907104,0.44999998807907104,2000.0
2026-10-06 12:00:00,GAL.V,,0.48500001430511475,0.48500001430511475,0.48500001430511475,0.48500001430511475,500.0
2026-10-06 12:00:00,GG.V,,2.930000066757202,2.950000047683716,2.930000066757202,2.930000066757202,300.0
2026-10-06 12:00:00,GRSL.V,,0.29499998688697815,0.29499998688697815,0.29499998688697815,0.29499998688697815,500.0
2026-10-06 12:00:00,HME.V,,2.240000009536743,2.240000009536743,2.240000009536743,2.240000009536743,100.0
2026-10-06 12:00:00,IRO.V,,1.149999976158142,1.149999976158142,1.149999976158142,1.149999976158142,200.0
2026-10-06 12:00:00,LGC.V,,3.069999933242798,3.069999933242798,3.069999933242798,3.069999933242798,100.0
2026-10-06 12:00:00,LGN.V,,1.149999976158142,1.149999976158142,1.149999976158142,1.149999976158142,100.0
2026-10-06 12:00:00,MINE.V,,0.14499999582767487,0.14499999582767487,0.14499999582767487,0.14499999582767487,2500.0
2026-10-06 12:01:00,GAL.V,,0.48500001430511475,0.48500001430511475,0.48500001430511475,0.48500001430511475,13500.0
2026-10-06 12:01:00,GG.V,,2.9700000286102295,2.9700000286102295,2.9600000381469727,2.9600000381469727,1100.0
2026-10-06 12:01:00,GOT.V,,1.4600000381469727,1.4600000381469727,1.4500000476837158,1.4500000476837158,1300.0
2026-10-06 12:01:00,GWM.V,,1.0499999523162842,1.0499999523162842,1.0499999523162842,1.0499999523162842,100.0
2026-10-06 12:01:00,HITI.V,,3.8399999141693115,3.8399999141693115,3.8399999141693115,3.8399999141693115,723.0
2026-10-06 12:01:00,HME.V,,2.240000009536743,2.240000009536743,2.240000009536743,2.240000009536743,300.0
2026-10-06 12:01:00,LG.V,,0.4050000011920929,0.4050000011920929,0.4050000011920929,0.4050000011920929,500.0
2026-10-06 12:01:00,LGN.V,,1.149999976158142,1.149999976158142,1.149999976158142,1.149999976158142,100.0
2026-10-06 12:01:00,MINE.V,,0.14499999582767487,0.14499999582767487,0.14499999582767487,0.14499999582767487,10000.0
2026-10-06 12:01:00,NURS.V,,3.450000047683716,3.4600000381469727,3.450000047683716,3.450000047683716,900.0
2026-10-06 12:01:00,PNG.V,,4.579999923706055,4.579999923706055,4.579999923706055,4.579999923706055,650298.0
2026-10-06 12:01:00,TUF.V,,0.8999999761581421,0.8999999761581421,0.8999999761581421,0.8999999761581421,500.0
2026-10-06 12:01:00,ZNG.V,,0.699999988079071,0.699999988079071,0.699999988079071,0.699999988079071,21000.0
2026-10-06 12:02:00,BIG.V,,1.2000000476837158,1.2000000476837158,1.2000000476837158,1.2000000476837158,200.0
2026-10-06 12:02:00,FWZ.V,,2.8399999141693115,2.8399999141693115,2.8399999141693115,2.8399999141693115,140.0
2026-10-06 12:02:00,GAL.V,,0.49000000953674316,0.49000000953674316,0.49000000953674316,0.49000000953674316,1500.0
2026-10-06 12:02:00,GWM.V,,1.0499999523162842,1.0499999523162842,1.0499999523162842,1.0499999523162842,100.0
2026-10-06 12:02:00,KTN.V,,1.149999976158142,1.149999976158142,1.149999976158142,1.149999976158142,100.0
2026-10-06 12:02:00,LIFT.V,,2.0899999141693115,2.0899999141693115,2.059999942779541,2.059999942779541,1200.0
2026-10-06 12:02:00,LPS.V,,0.13500000536441803,0.13500000536441803,0.13500000536441803,0.13500000536441803,0.0
2026-10-06 12:02:00,LRA.V,,4.090000152587891,4.090000152587891,4.090000152587891,4.090000152587891,100.0
2026-10-06 12:02:00,MINE.V,,0.14499999582767487,0.14499999582767487,0.14499999582767487,0.14499999582767487,10000.0
2026-10-06 12:03:00,FRI.V,,0.07000000029802322,0.07000000029802322,0.07000000029802322,0.07000000029802322,50050.0
2026-10-06 12:03:00,GAL.V,,0.49000000953674316,0.49000000953674316,0.49000000953674316,0.49000000953674316,1000.0
2026-10-06 12:03:00,GRSL.V,,0.29499998688697815,0.29499998688697815,0.29499998688697815,0.29499998688697815,2500.0
2026-10-06 12:03:00,GWM.V,,1.0499999523162842,1.0499999523162842,1.0499999523162842,1.0499999523162842,300.0
2026-10-06 12:03:00,HME.V,,2.240000009536743,2.240000009536743,2.240000009536743,2.240000009536743,900.0
2026-10-06 12:03:00,LGN.V,,1.149999976158142,1.149999976158142,1.149999976158142,1.149999976158142,100.0
2026-10-06 12:03:00,LTH.V,,0.5099999904632568,0.5099999904632568,0.5099999904632568,0.5099999904632568,11000.0
2026-10-06 12:03:00,MINE.V,,0.14499999582767487,0.14499999582767487,0.14499999582767487,0.14499999582767487,33000.0
2026-10-06 12:03:00,PNG.V,,4.559999942779541,4.570000171661377,4.559999942779541,4.570000171661377,6242.0
2026-10-06 12:03:00,TUF.V,,0.8999999761581421,0.8999999761581421,0.8999999761581421,0.8999999761581421,500.0
2026-10-06 12:04:00,GAL.V,,0.49000000953674316,0.49000000953674316,0.49000000953674316,0.49000000953674316,1000.0
2026-10-06 12:04:00,GWM.V,,1.059999942779541,1.059999942779541,1.059999942779541,1.059999942779541,100.0
2026-10-06 12:04:00,HME.V,,2.240000009536743,2.240000009536743,2.240000009536743,2.240000009536743,100.0
2026-10-06 12:04:00,LGN.V,,1.149999976158142,1.149999976158142,1.149999976158142,1.149999976158142,100.0
2026-10-06 12:04:00,MINE.V,,0.14499999582767487,0.14499999582767487,0.14499999582767487,0.14499999582767487,8500.0
2026-10-06 12:04:00,PNG.V,,4.570000171661377,4.570000171661377,4.559999942779541,4.559999942779541,3400.0
2026-10-06 12:05:00,BIG.V,,1.190000057220459,1.1950000524520874,1.190000057220459,1.1950000524520874,200.0
2026-10-06 12:05:00,GAL.V,,0.49000000953674316,0.49000000953674316,0.49000000953674316,0.49000000953674316,1000.0
2026-10-06 12:05:00,GSS.V,,0.03500000014901161,0.03500000014901161,0.03500000014901161,0.03500000014901161,0.0
2026-10-06 12:05:00,GWM.V,,1.0499999523162842,1.0499999523162842,1.0499999523162842,1.0499999523162842,200.0
2026-10-06 12:05:00,LGN.V,,1.149999976158142,1.149999976158142,1.149999976158142,1.149999976158142,100.0
2026-10-06 12:05:00,LMS.V,,0.23000000417232513,0.23000000417232513,0.23000000417232513,0.23000000417232513,8000.0
2026-10-06 12:05:00,PNG.V,,4.579999923706055,4.579999923706055,4.579999923706055,4.579999923706055,624.0
2026-10-06 12:05:00,TUF.V,,0.8999999761581421,0.8999999761581421,0.8999999761581421,0.8999999761581421,500.0
2026-10-06 12:06:00,BIG.V,,1.2050000429153442,1.2050000429153442,1.2000000476837158,1.2000000476837158,7000.0
2026-10-06 12:06:00,GAL.V,,0.48500001430511475,0.49000000953674316,0.48500001430511475,0.49000000953674316,5500.0
2026-10-06 12:06:00,GOT.V,,1.4500000476837158,1.4500000476837158,1.4500000476837158,1.4500000476837158,700.0
2026-10-06 12:06:00,GWM.V,,1.0499999523162842,1.0499999523162842,1.0499999523162842,1.0499999523162842,200.0
2026-10-06 12:06:00,LGN.V,,1.149999976158142,1.149999976158142,1.149999976158142,1.149999976158142,200.0
2026-10-06 12:06:00,MERG.V,,0.4000000059604645,0.44999998807907104,0.4000000059604645,0.44999998807907104,61000.0
2026-10-06 12:06:00,ZNG.V,,0.699999988079071,0.699999988079071,0.699999988079071,0.699999988079071,3500.0
2026-10-06 12:07:00,GOT.V,,1.4500000476837158,1.4500000476837158,1.4500000476837158,1.4500000476837158,600.0
2026-10-06 12:07:00,GPH.V,,0.8700000047683716,0.8700000047683716,0.8700000047683716,0.8700000047683716,500.0
2026-10-06 12:07:00,GRSL.V,,0.28999999165534973,0.28999999165534973,0.28999999165534973,0.28999999165534973,500.0
2026-10-06 12:07:00,GSR.V,,0.33000001311302185,0.33000001311302185,0.33000001311302185,0.33000001311302185,68000.0
2026-10-06 12:07:00,GWM.V,,1.0499999523162842,1.0499999523162842,1.0499999523162842,1.0499999523162842,100.0
2026-10-06 12:07:00,HME.V,,2.240000009536743,2.240000009536743,2.240000009536743,2.240000009536743,100.0
2026-10-06 12:07:00,LGN.V,,1.149999976158142,1.149999976158142,1.149999976158142,1.149999976158142,200.0
2026-10-06 12:07:00,MERG.V,,0.4000000059604645,0.4000000059604645,0.4000000059604645,0.4000000059604645,17500.0
2026-10-06 12:07:00,NURS.V,,3.440000057220459,3.440000057220459,3.440000057220459,3.440000057220459,100.0
2026-10-06 12:08:00,BIG.V,,1.2200000286102295,1.225000023841858,1.2050000429153442,1.2050000429153442,38300.0
2026-10-06 12:08:00,GAL.V,,0.49000000953674316,0.49000000953674316,0.49000000953674316,0.49000000953674316,1000.0
2026-10-06 12:08:00,GOT.V,,1.4500000476837158,1.4500000476837158,1.4500000476837158,1.4500000476837158,200.0
2026-10-06 12:08:00,GWM.V,,1.0499999523162842,1.0499999523162842,1.0499999523162842,1.0499999523162842,200.0
2026-10-06 12:08:00,KTN.V,,1.149999976158142,1.149999976158142,1.149999976158142,1.149999976158142,100.0
2026-10-06 12:08:00,LA.V,,12.449999809265137,12.449999809265137,12.449999809265137,12.449999809265137,440.0
2026-10-06 12:08:00,LGC.V,,3.0799999237060547,3.0799999237060547,3.0799999237060547,3.0799999237060547,200.0
2026-10-06 12:08:00,LGN.V,,1.149999976158142,1.149999976158142,1.149999976158142,1.149999976158142,100.0
2026-10-06 12:08:00,LIFT.V,,2.059999942779541,2.059999942779541,2.059999942779541,2.059999942779541,100.0
2026-10-06 12:08:00,TUF.V,,0.8999999761581421,0.8999999761581421,0.8999999761581421,0.8999999761581421,500.0
2026-10-06 12:09:00,BIG.V,,1.2200000286102295,1.2200000286102295,1.2200000286102295,1.2200000286102295,2400.0
2026-10-06 12:09:00,GAL.V,,0.49000000953674316,0.49000000953674316,0.49000000953674316,0.49000000953674316,1300.0
2026-10-06 12:09:00,GLAD.V,,2.3499999046325684,2.3499999046325684,2.3399999141693115,2.3399999141693115,3100.0
2026-10-06 12:09:00,GOT.V,,1.4500000476837158,1.4500000476837158,1.4500000476837158,1.4500000476837158,200.0
2026-10-06 12:09:00,GWM.V,,1.0499999523162842,1.059999942779541,1.0499999523162842,1.059999942779541,200.0
2026-10-06 12:09:00,IRR.V,,1.2000000476837158,1.2000000476837158,1.2000000476837158,1.2000000476837158,2800.0
2026-10-06 12:09:00,KC.V,,0.38999998569488525,0.38999998569488525,0.38999998569488525,0.38999998569488525,17500.0
2026-10-06 12:09:00,LGN.V,,1.149999976158142,1.149999976158142,1.149999976158142,1.149999976158142,200.0
2026-10-06 12:09:00,LIO.V,,0.1850000023841858,0.1850000023841858,0.1850000023841858,0.1850000023841858,500.0
2026-10-06 12:09:00,LTH.V,,0.5,0.5,0.5,0.5,500.0
2026-10-06 12:09:00,MERG.V,,0.4000000059604645,0.4000000059604645,0.4000000059604645,0.4000000059604645,5000.0
2026-10-06 12:09:00,PNG.V,,4.559999942779541,4.559999942779541,4.559999942779541,4.559999942779541,3700.0
2026-10-06 12:10:00,BIG.V,,1.2100000381469727,1.215000033378601,1.2100000381469727,1.2100000381469727,3800.0
2026-10-06 12:10:00,FL.V,,0.41999998688697815,0.41999998688697815,0.41999998688697815,0.41999998688697815,2000.0
2026-10-06 12:10:00,FMS.V,,0.44999998807907104,0.44999998807907104,0.44999998807907104,0.44999998807907104,2000.0
2026-10-06 12:10:00,GAL.V,,0.49000000953674316,0.49000000953674316,0.49000000953674316,0.49000000953674316,1000.0
2026-10-06 12:10:00,GLAD.V,,2.3299999237060547,2.3299999237060547,2.3299999237060547,2.3299999237060547,650.0
2026-10-06 12:10:00,GRSL.V,,0.29499998688697815,0.29499998688697815,0.29499998688697815,0.29499998688697815,500.0
2026-10-06 12:10:00,GWM.V,,1.0499999523162842,1.0499999523162842,1.0499999523162842,1.0499999523162842,100.0
2026-10-06 12:10:00,LGN.V,,1.149999976158142,1.149999976158142,1.149999976158142,1.149999976158142,100.0
2026-10-06 12:10:00,LITH.V,,0.3499999940395355,0.3499999940395355,0.3499999940395355,0.3499999940395355,500.0
2026-10-06 12:10:00,MINE.V,,0.14499999582767487,0.14499999582767487,0.14499999582767487,0.14499999582767487,3500.0
2026-10-06 12:10:00,TUF.V,,0.8999999761581421,0.8999999761581421,0.8999999761581421,0.8999999761581421,500.0
2026-10-06 12:11:00,BIG.V,,1.2200000286102295,1.2200000286102295,1.2100000381469727,1.2100000381469727,18000.0
2026-10-06 12:11:00,GAL.V,,0.49000000953674316,0.49000000953674316,0.49000000953674316,0.49000000953674316,500.0
2026-10-06 12:11:00,GGO.V,,1.3300000429153442,1.3300000429153442,1.3300000429153442,1.3300000429153442,1300.0
2026-10-06 12:11:00,GWM.V,,1.0499999523162842,1.0499999523162842,1.0499999523162842,1.0499999523162842,200.0
2026-10-06 12:11:00,HME.V,,2.240000009536743,2.240000009536743,2.240000009536743,2.240000009536743,100.0
2026-10-06 12:11:00,IFOS.V,,2.180000066757202,2.180000066757202,2.180000066757202,2.180000066757202,7000.0
2026-10-06 12:11:00,LGN.V,,1.149999976158142,1.149999976158142,1.149999976158142,1.149999976158142,100.0
2026-10-06 12:11:00,LIO.V,,0.1850000023841858,0.1850000023841858,0.1850000023841858,0.1850000023841858,1000.0
2026-10-06 12:12:00,BIG.V,,1.2100000381469727,1.215000033378601,1.2100000381469727,1.215000033378601,300.0
2026-10-06 12:12:00,GLAD.V,,2.309999942779541,2.319999933242798,2.309999942779541,2.319999933242798,3600.0
2026-10-06 12:12:00,GWM.V,,1.0499999523162842,1.0499999523162842,1.0499999523162842,1.0499999523162842,200.0
2026-10-06 12:12:00,HME.V,,2.240000009536743,2.240000009536743,2.240000009536743,2.240000009536743,100.0
2026-10-06 12:12:00,LGN.V,,1.149999976158142,1.149999976158142,1.149999976158142,1.149999976158142,200.0
2026-10-06 12:12:00,MFG.V,,3.740000009536743,3.740000009536743,3.740000009536743,3.740000009536743,100.0
2026-10-06 12:12:00,PNG.V,,4.550000190734863,4.550000190734863,4.550000190734863,4.550000190734863,200.0
2026-10-06 12:12:00,TUF.V,,0.8999999761581421,0.8999999761581421,0.8999999761581421,0.8999999761581421,1000.0
2026-10-06 12:13:00,BIG.V,,1.2200000286102295,1.2200000286102295,1.2200000286102295,1.2200000286102295,100.0
2026-10-06 12:13:00,FDR.V,,8.25,8.25,8.25,8.25,100.0
2026-10-06 12:13:00,GLAD.V,,2.309999942779541,2.309999942779541,2.309999942779541,2.309999942779541,400.0
2026-10-06 12:13:00,GWM.V,,1.059999942779541,1.059999942779541,1.0499999523162842,1.0499999523162842,200.0
2026-10-06 12:13:00,HME.V,,2.240000009536743,2.240000009536743,2.240000009536743,2.240000009536743,100.0
2026-10-06 12:13:00,IPT.V,,0.25999999046325684,0.26499998569488525,0.25999999046325684,0.26499998569488525,82060.0
2026-10-06 12:13:00,KTN.V,,1.149999976158142,1.149999976158142,1.149999976158142,1.149999976158142,100.0
2026-10-06 12:13:00,LGN.V,,1.149999976158142,1.149999976158142,1.149999976158142,1.149999976158142,100.0
2026-10-06 12:13:00,LME.V,,0.14499999582767487,0.14499999582767487,0.14499999582767487,0.14499999582767487,20000.0
2026-10-06 12:13:00,PNG.V,,4.550000190734863,4.550000190734863,4.550000190734863,4.550000190734863,100.0
2026-10-06 12:14:00,BIG.V,,1.2200000286102295,1.2200000286102295,1.2200000286102295,1.2200000286102295,900.0
2026-10-06 12:14:00,GWM.V,,1.0499999523162842,1.0499999523162842,1.0499999523162842,1.0499999523162842,100.0
2026-10-06 12:14:00,LGN.V,,1.149999976158142,1.149999976158142,1.149999976158142,1.149999976158142,100.0
2026-10-06 12:14:00,NURS.V,,3.450000047683716,3.450000047683716,3.450000047683716,3.450000047683716,100.0
2026-10-06 12:14:00,PNG.V,,4.559999942779541,4.559999942779541,4.559999942779541,4.559999942779541,200.0
2026-10-06 12:14:00,TUF.V,,0.8999999761581421,0.8999999761581421,0.8999999761581421,0.8999999761581421,500.0
2026-10-06 12:15:00,BIG.V,,1.2200000286102295,1.2200000286102295,1.2200000286102295,1.2200000286102295,600.0
2026-10-06 12:15:00,GWM.V,,1.0499999523162842,1.0499999523162842,1.0499999523162842,1.0499999523162842,200.0
2026-10-06 12:15:00,KDK.V,,0.7400000095367432,0.7400000095367432,0.7400000095367432,0.7400000095367432,500.0
2026-10-06 12:15:00,LGN.V,,1.149999976158142,1.149999976158142,1.149999976158142,1.149999976158142,100.0
2026-10-06 12:15:00,LIFT.V,,2.059999942779541,2.059999942779541,2.059999942779541,2.059999942779541,100.0
2026-10-06 12:15:00,LME.V,,0.14499999582767487,0.14499999582767487,0.14499999582767487,0.14499999582767487,500.0
2026-10-06 12:15:00,PNG.V,,4.539999961853027,4.550000190734863,4.539999961853027,4.550000190734863,18115.0
2026-10-06 12:16:00,BIG.V,,1.2200000286102295,1.2200000286102295,1.2200000286102295,1.2200000286102295,400.0
2026-10-06 12:16:00,FDR.V,,8.279999732971191,8.3100004196167,8.260000228881836,8.279999732971191,2700.0
2026-10-06 12:16:00,GLAD.V,,2.299999952316284,2.299999952316284,2.299999952316284,2.299999952316284,2473.0
2026-10-06 12:16:00,GRG.V,,0.10000000149011612,0.10000000149011612,0.10000000149011612,0.10000000149011612,1000.0
2026-10-06 12:16:00,GWM.V,,1.0499999523162842,1.0499999523162842,1.0499999523162842,1.0499999523162842,200.0
2026-10-06 12:16:00,HME.V,,2.240000009536743,2.240000009536743,2.240000009536743,2.240000009536743,100.0
2026-10-06 12:16:00,IFOS.V,,2.180000066757202,2.180000066757202,2.180000066757202,2.180000066757202,200.0
2026-10-06 12:16:00,LGN.V,,1.149999976158142,1.149999976158142,1.149999976158142,1.149999976158142,100.0
2026-10-06 12:16:00,MGM.V,,2.9600000381469727,2.9600000381469727,2.9600000381469727,2.9600000381469727,500.0
2026-10-06 12:16:00,MTX.V,,0.014999999664723873,0.014999999664723873,0.014999999664723873,0.014999999664723873,50000.0
2026-10-06 12:17:00,BIG.V,,1.215000033378601,1.215000033378601,1.2100000381469727,1.2100000381469727,3210.0
2026-10-06 12:17:00,GWM.V,,1.0499999523162842,1.0499999523162842,1.0499999523162842,1.0499999523162842,100.0
2026-10-06 12:17:00,HITI.V,,3.8299999237060547,3.8299999237060547,3.8299999237060547,3.8299999237060547,100.0
2026-10-06 12:17:00,INTR.V,,0.8100000023841858,0.8100000023841858,0.8100000023841858,0.8100000023841858,1000.0
2026-10-06 12:17:00,LGN.V,,1.149999976158142,1.149999976158142,1.149999976158142,1.149999976158142,100.0
2026-10-06 12:17:00,LPS.V,,0.13500000536441803,0.13500000536441803,0.13500000536441803,0.13500000536441803,10000.0
2026-10-06 12:17:00,MGM.V,,2.9700000286102295,2.9700000286102295,2.9700000286102295,2.9700000286102295,30000.0
2026-10-06 12:17:00,TUF.V,,0.8999999761581421,0.8999999761581421,0.8999999761581421,0.8999999761581421,500.0
2026-10-06 12:18:00,BIG.V,,1.2100000381469727,1.2100000381469727,1.2100000381469727,1.2100000381469727,2600.0
2026-10-06 12:18:00,FOR.V,,0.6700000166893005,0.6700000166893005,0.6700000166893005,0.6700000166893005,2000.0
2026-10-06 12:18:00,GOT.V,,1.4500000476837158,1.4500000476837158,1.4500000476837158,1.4500000476837158,200.0
2026-10-06 12:18:00,GWM.V,,1.059999942779541,1.059999942779541,1.0499999523162842,1.0499999523162842,200.0
2026-10-06 12:18:00,HME.V,,2.240000009536743,2.240000009536743,2.240000009536743,2.240000009536743,100.0
2026-10-06 12:18:00,IFOS.V,,2.180000066757202,2.180000066757202,2.180000066757202,2.180000066757202,200.0
2026-10-06 12:18:00,KTN.V,,1.149999976158142,1.149999976158142,1.149999976158142,1.149999976158142,200.0
2026-10-06 12:18:00,LGN.V,,1.149999976158142,1.149999976158142,1.149999976158142,1.149999976158142,100.0
2026-10-06 12:18:00,LME.V,,0.14499999582767487,0.14499999582767487,0.14499999582767487,0.14499999582767487,1000.0
2026-10-06 12:18:00,MERG.V,,0.4099999964237213,0.4099999964237213,0.4050000011920929,0.4050000011920929,3500.0
2026-10-06 12:18:00,MJS.V,,0.0949999988079071,0.0949999988079071,0.0949999988079071,0.0949999988079071,18000.0
2026-10-06 12:18:00,PNG.V,,4.539999961853027,4.539999961853027,4.539999961853027,4.539999961853027,200.0
2026-10-06 12:18:00,ZNG.V,,0.7200000286102295,0.7200000286102295,0.7200000286102295,0.7200000286102295,3000.0
2026-10-06 12:19:00,BIG.V,,1.2100000381469727,1.215000033378601,1.2100000381469727,1.2100000381469727,3100.0
2026-10-06 12:19:00,FWZ.V,,2.8399999141693115,2.8399999141693115,2.8399999141693115,2.8399999141693115,167.0
2026-10-06 12:19:00,GOT.V,,1.4600000381469727,1.4600000381469727,1.4600000381469727,1.4600000381469727,400.0
2026-10-06 12:19:00,GRSL.V,,0.29499998688697815,0.29499998688697815,0.29499998688697815,0.29499998688697815,500.0
2026-10-06 12:19:00,GSTM.V,,0.1599999964237213,0.1599999964237213,0.1599999964237213,0.1599999964237213,2000.0
2026-10-06 12:19:00,GWM.V,,1.0499999523162842,1.0499999523162842,1.0499999523162842,1.0499999523162842,200.0
2026-10-06 12:19:00,LGN.V,,1.149999976158142,1.149999976158142,1.149999976158142,1.149999976158142,100.0
2026-10-06 12:19:00,MGM.V,,2.990000009536743,2.990000009536743,2.990000009536743,2.990000009536743,500.0
2026-10-06 12:19:00,TUF.V,,0.8999999761581421,0.8999999761581421,0.8999999761581421,0.8999999761581421,500.0
2026-10-06 12:20:00,BIG.V,,1.2000000476837158,1.2100000381469727,1.2000000476837158,1.2100000381469727,18300.0
2026-10-06 12:20:00,FMS.V,,0.44999998807907104,0.44999998807907104,0.44999998807907104,0.44999998807907104,1500.0
2026-10-06 12:20:00,FUU.V,,0.125,0.125,0.125,0.125,1000.0
2026-10-06 12:20:00,FWZ.V,,2.8399999141693115,2.8399999141693115,2.8399999141693115,2.8399999141693115,1200.0
2026-10-06 12:20:00,GWM.V,,1.0499999523162842,1.0499999523162842,1.0499999523162842,1.0499999523162842,100.0
2026-10-06 12:20:00,HME.V,,2.240000009536743,2.240000009536743,2.240000009536743,2.240000009536743,100.0
2026-10-06 12:20:00,INTR.V,,0.8100000023841858,0.8100000023841858,0.8100000023841858,0.8100000023841858,11500.0
2026-10-06 12:20:00,LGN.V,,1.149999976158142,1.149999976158142,1.149999976158142,1.149999976158142,100.0
2026-10-06 12:20:00,LTH.V,,0.5,0.5,0.5,0.5,500.0
2026-10-06 12:21:00,EXG.V,,0.11999999731779099,0.11999999731779099,0.11999999731779099,0.11999999731779099,500.0
2026-10-06 12:21:00,FWZ.V,,2.8399999141693115,2.8399999141693115,2.8399999141693115,2.8399999141693115,250.0
2026-10-06 12:21:00,GWM.V,,1.0499999523162842,1.0499999523162842,1.0499999523162842,1.0499999523162842,100.0
2026-10-06 12:21:00,JEV.V,,0.23999999463558197,0.23999999463558197,0.23999999463558197,0.23999999463558197,1500.0
2026-10-06 12:21:00,LGN.V,,1.149999976158142,1.149999976158142,1.149999976158142,1.149999976158142,100.0
2026-10-06 12:21:00,PNG.V,,4.510000228881836,4.53000020980835,4.510000228881836,4.53000020980835,20227.0
2026-10-06 12:22:00,GWM.V,,1.0499999523162842,1.0499999523162842,1.0499999523162842,1.0499999523162842,300.0
2026-10-06 12:22:00,HME.V,,2.259999990463257,2.259999990463257,2.25,2.25,3000.0
2026-10-06 12:22:00,IFOS.V,,2.180000066757202,2.180000066757202,2.180000066757202,2.180000066757202,3220.0
2026-10-06 12:22:00,KTO.V,,0.7900000214576721,0.7900000214576721,0.7900000214576721,0.7900000214576721,2000.0
2026-10-06 12:22:00,PNG.V,,4.510000228881836,4.519999980926514,4.510000228881836,4.510000228881836,6300.0
2026-10-06 12:22:00,TUF.V,,0.8999999761581421,0.8999999761581421,0.8999999761581421,0.8999999761581421,500.0
2026-10-06 12:23:00,BIG.V,,1.2100000381469727,1.2100000381469727,1.2050000429153442,1.2050000429153442,600.0
2026-10-06 12:23:00,GRSL.V,,0.29499998688697815,0.29499998688697815,0.29499998688697815,0.29499998688697815,25000.0
2026-10-06 12:23:00,GWM.V,,1.0499999523162842,1.0499999523162842,1.0499999523162842,1.0499999523162842,100.0
2026-10-06 12:23:00,IFOS.V,,2.180000066757202,2.180000066757202,2.180000066757202,2.180000066757202,200.0
2026-10-06 12:23:00,LGN.V,,1.149999976158142,1.149999976158142,1.149999976158142,1.149999976158142,100.0
2026-10-06 12:23:00,LIFT.V,,2.059999942779541,2.059999942779541,2.059999942779541,2.059999942779541,100.0
2026-10-06 12:23:00,LTH.V,,0.5,0.5,0.5,0.5,500.0
2026-10-06 12:23:00,MERG.V,,0.4099999964237213,0.4099999964237213,0.4099999964237213,0.4099999964237213,4000.0
2026-10-06 12:24:00,EVGN.V,,0.5600000023841858,0.5600000023841858,0.5600000023841858,0.5600000023841858,26004.0
2026-10-06 12:24:00,GAL.V,,0.49000000953674316,0.49000000953674316,0.49000000953674316,0.49000000953674316,500.0
2026-10-06 12:24:00,GOT.V,,1.4500000476837158,1.4550000429153442,1.4500000476837158,1.4550000429153442,200.0
2026-10-06 12:24:00,GRSL.V,,0.29499998688697815,0.29499998688697815,0.29499998688697815,0.29499998688697815,15000.0
2026-10-06 12:24:00,GWM.V,,1.0549999475479126,1.0549999475479126,1.0499999523162842,1.0499999523162842,600.0
2026-10-06 12:24:00,HITI.V,,3.8299999237060547,3.8299999237060547,3.8299999237060547,3.8299999237060547,700.0
2026-10-06 12:24:00,HME.V,,2.25,2.25,2.25,2.25,700.0
2026-10-06 12:24:00,KTN.V,,1.149999976158142,1.149999976158142,1.149999976158142,1.149999976158142,100.0
2026-10-06 12:24:00,LG.V,,0.4050000011920929,0.4050000011920929,0.4050000011920929,0.4050000011920929,19500.0
2026-10-06 12:24:00,LGN.V,,1.149999976158142,1.149999976158142,1.149999976158142,1.149999976158142,100.0
2026-10-06 12:24:00,LTH.V,,0.5099999904632568,0.5099999904632568,0.5099999904632568,0.5099999904632568,7000.0
2026-10-06 12:24:00,PNG.V,,4.519999980926514,4.519999980926514,4.519999980926514,4.519999980926514,200.0
2026-10-06 12:24:00,TUF.V,,0.8999999761581421,0.8999999761581421,0.8999999761581421,0.8999999761581421,500.0
2026-10-06 12:25:00,FBF.V,,0.9700000286102295,0.9700000286102295,0.9700000286102295,0.9700000286102295,3100.0
2026-10-06 12:25:00,GRSL.V,,0.29499998688697815,0.29499998688697815,0.29499998688697815,0.29499998688697815,10000.0
2026-10-06 12:25:00,GWM.V,,1.0499999523162842,1.0499999523162842,1.0499999523162842,1.0499999523162842,200.0
2026-10-06 12:25:00,HME.V,,2.25,2.25,2.25,2.25,100.0
2026-10-06 12:25:00,KFR.V,,1.0399999618530273,1.0399999618530273,1.0399999618530273,1.0399999618530273,9000.0
2026-10-06 12:25:00,LG.V,,0.4050000011920929,0.4050000011920929,0.4050000011920929,0.4050000011920929,20000.0
2026-10-06 12:25:00,PNG.V,,4.510000228881836,4.519999980926514,4.510000228881836,4.519999980926514,2500.0
2026-10-06 12:26:00,BIG.V,,1.2050000429153442,1.2050000429153442,1.2050000429153442,1.2050000429153442,200.0
2026-10-06 12:26:00,FUU.V,,0.12999999523162842,0.12999999523162842,0.125,0.125,9600.0
2026-10-06 12:26:00,GAL.V,,0.49000000953674316,0.49000000953674316,0.49000000953674316,0.49000000953674316,1500.0
2026-10-06 12:26:00,GWM.V,,1.0499999523162842,1.0499999523162842,1.0499999523162842,1.0499999523162842,100.0
2026-10-06 12:26:00,KFR.V,,1.0399999618530273,1.0399999618530273,1.0399999618530273,1.0399999618530273,316.0
2026-10-06 12:26:00,LGN.V,,1.149999976158142,1.149999976158142,1.149999976158142,1.149999976158142,100.0
2026-10-06 12:26:00,TUF.V,,0.8999999761581421,0.8999999761581421,0.8999999761581421,0.8999999761581421,2500.0
2026-10-06 12:27:00,BIG.V,,1.2100000381469727,1.2100000381469727,1.2100000381469727,1.2100000381469727,800.0
2026-10-06 12:27:00,GAL.V,,0.49000000953674316,0.49000000953674316,0.49000000953674316,0.49000000953674316,1500.0
2026-10-06 12:27:00,GGO.V,,1.309999942779541,1.309999942779541,1.309999942779541,1.309999942779541,250.0
2026-10-06 12:27:00,GWM.V,,1.0499999523162842,1.0499999523162842,1.0499999523162842,1.0499999523162842,200.0
2026-10-06 12:27:00,HME.V,,2.25,2.25,2.25,2.25,100.0
2026-10-06 12:27:00,LGN.V,,1.149999976158142,1.149999976158142,1.149999976158142,1.149999976158142,100.0
2026-10-06 12:27:00,LIFT.V,,2.059999942779541,2.059999942779541,2.059999942779541,2.059999942779541,100.0
2026-10-06 12:28:00,BIG.V,,1.2100000381469727,1.2100000381469727,1.2100000381469727,1.2100000381469727,2610.0
2026-10-06 12:28:00,GAL.V,,0.49000000953674316,0.49000000953674316,0.49000000953674316,0.49000000953674316,500.0
2026-10-06 12:28:00,GOT.V,,1.4500000476837158,1.4500000476837158,1.4500000476837158,1.4500000476837158,1500.0
2026-10-06 12:28:00,GWM.V,,1.0499999523162842,1.0499999523162842,1.0499999523162842,1.0499999523162842,100.0
2026-10-06 12:28:00,IVS.V,,0.25999999046325684,0.25999999046325684,0.25999999046325684,0.25999999046325684,5000.0
2026-10-06 12:28:00,KFR.V,,1.0399999618530273,1.0399999618530273,1.0299999713897705,1.0299999713897705,1200.0
2026-10-06 12:28:00,LGN.V,,1.159999966621399,1.159999966621399,1.159999966621399,1.159999966621399,1700.0
2026-10-06 12:28:00,LITH.V,,0.3400000035762787,0.3449999988079071,0.3400000035762787,0.3400000035762787,99510.0
2026-10-06 12:28:00,PNG.V,,4.53000020980835,4.53000020980835,4.53000020980835,4.53000020980835,200.0
2026-10-06 12:29:00,BIG.V,,1.2100000381469727,1.215000033378601,1.2100000381469727,1.2100000381469727,4200.0
2026-10-06 12:29:00,GIGA.V,,0.054999999701976776,0.054999999701976776,0.054999999701976776,0.054999999701976776,30000.0
2026-10-06 12:29:00,GOT.V,,1.4500000476837158,1.4500000476837158,1.4500000476837158,1.4500000476837158,1100.0
2026-10-06 12:29:00,GPG.V,,0.30000001192092896,0.30000001192092896,0.30000001192092896,0.30000001192092896,500.0
2026-10-06 12:29:00,GWM.V,,1.0499999523162842,1.059999942779541,1.0499999523162842,1.0499999523162842,300.0
2026-10-06 12:29:00,HME.V,,2.25,2.25,2.25,2.25,100.0
2026-10-06 12:29:00,IRR.V,,1.2000000476837158,1.2000000476837158,1.2000000476837158,1.2000000476837158,24700.0
2026-10-06 12:29:00,KTN.V,,1.149999976158142,1.149999976158142,1.149999976158142,1.149999976158142,100.0
2026-10-06 12:29:00,LGN.V,,1.149999976158142,1.149999976158142,1.149999976158142,1.149999976158142,100.0
2026-10-06 12:29:00,MFG.V,,3.740000009536743,3.740000009536743,3.740000009536743,3.740000009536743,680.0
2026-10-06 12:29:00,PNG.V,,4.510000228881836,4.519999980926514,4.510000228881836,4.519999980926514,3544.0
2026-10-06 12:29:00,TUF.V,,0.8999999761581421,0.8999999761581421,0.8999999761581421,0.8999999761581421,19500.0
2026-10-06 12:30:00,FMS.V,,0.44999998807907104,0.44999998807907104,0.44999998807907104,0.44999998807907104,2000.0
2026-10-06 12:30:00,GWM.V,,1.0499999523162842,1.0499999523162842,1.0499999523162842,1.0499999523162842,100.0
2026-10-06 12:30:00,HME.V,,2.25,2.25,2.25,2.25,100.0
2026-10-06 12:30:00,KTO.V,,0.7900000214576721,0.7900000214576721,0.7900000214576721,0.7900000214576721,1000.0
2026-10-06 12:30:00,LGN.V,,1.149999976158142,1.149999976158142,1.149999976158142,1.149999976158142,100.0
2026-10-06 12:30:00,LIFT.V,,2.059999942779541,2.059999942779541,2.059999942779541,2.059999942779541,200.0
2026-10-06 12:30:00,LVX.V,,0.41999998688697815,0.41999998688697815,0.41999998688697815,0.41999998688697815,2000.0
2026-10-06 12:30:00,TUF.V,,0.9100000262260437,0.9100000262260437,0.8999999761581421,0.9100000262260437,27940.0
2026-10-06 12:31:00,FWZ.V,,2.8299999237060547,2.8399999141693115,2.8299999237060547,2.8399999141693115,500.0
2026-10-06 12:31:00,GMG.V,,2.3299999237060547,2.3299999237060547,2.3299999237060547,2.3299999237060547,590.0
2026-10-06 12:31:00,GWM.V,,1.0499999523162842,1.0499999523162842,1.0499999523162842,1.0499999523162842,100.0
2026-10-06 12:31:00,HME.V,,2.25,2.25,2.25,2.25,100.0
2026-10-06 12:31:00,KFR.V,,1.0399999618530273,1.0399999618530273,1.0399999618530273,1.0399999618530273,2600.0
2026-10-06 12:31:00,LG.V,,0.4099999964237213,0.4099999964237213,0.4074999988079071,0.4074999988079071,257492.0
2026-10-06 12:31:00,LGC.V,,3.0799999237060547,3.0799999237060547,3.0799999237060547,3.0799999237060547,100.0
2026-10-06 12:31:00,MFG.V,,3.7100000381469727,3.7100000381469727,3.7100000381469727,3.7100000381469727,100.0
2026-10-06 12:31:00,PNG.V,,4.519999980926514,4.519999980926514,4.519999980926514,4.519999980926514,3600.0
2026-10-06 12:31:00,TUF.V,,0.9150000214576721,0.9150000214576721,0.9150000214576721,0.9150000214576721,2000.0
2026-10-06 12:32:00,GOT.V,,1.4500000476837158,1.4550000429153442,1.4500000476837158,1.4550000429153442,200.0
2026-10-06 12:32:00,GWM.V,,1.0499999523162842,1.0499999523162842,1.0499999523162842,1.0499999523162842,200.0
2026-10-06 12:32:00,HME.V,,2.25,2.25,2.25,2.25,100.0
2026-10-06 12:32:00,LGN.V,,1.149999976158142,1.149999976158142,1.149999976158142,1.149999976158142,100.0
2026-10-06 12:32:00,LIFT.V,,2.075000047683716,2.075000047683716,2.059999942779541,2.059999942779541,2700.0
2026-10-06 12:32:00,MN.V,,0.10000000149011612,0.10000000149011612,0.10000000149011612,0.10000000149011612,1000.0
2026-10-06 12:32:00,TUF.V,,0.9200000166893005,0.9200000166893005,0.9150000214576721,0.9150000214576721,88011.0
2026-10-06 12:33:00,FOBI.V,,0.03500000014901161,0.03500000014901161,0.03500000014901161,0.03500000014901161,5000.0
2026-10-06 12:33:00,GAL.V,,0.49000000953674316,0.4950000047683716,0.49000000953674316,0.4950000047683716,6500.0
2026-10-06 12:33:00,GWM.V,,1.0499999523162842,1.0499999523162842,1.0499999523162842,1.0499999523162842,200.0
2026-10-06 12:33:00,HME.V,,2.25,2.25,2.25,2.25,100.0
2026-10-06 12:33:00,IFOS.V,,2.1600000858306885,2.1600000858306885,2.1600000858306885,2.1600000858306885,100.0
2026-10-06 12:33:00,LG.V,,0.41499999165534973,0.41499999165534973,0.41499999165534973,0.41499999165534973,24400.0
2026-10-06 12:33:00,LGN.V,,1.149999976158142,1.149999976158142,1.149999976158142,1.149999976158142,100.0
2026-10-06 12:33:00,MFG.V,,3.700000047683716,3.700000047683716,3.700000047683716,3.700000047683716,100.0
2026-10-06 12:33:00,MRVL.V,,0.11500000208616257,0.11500000208616257,0.11500000208616257,0.11500000208616257,5000.0
2026-10-06 12:33:00,TUF.V,,0.9200000166893005,0.9300000071525574,0.9200000166893005,0.9300000071525574,10000.0
2026-10-06 12:34:00,FWZ.V,,2.8299999237060547,2.8299999237060547,2.8299999237060547,2.8299999237060547,1600.0
2026-10-06 12:34:00,GAL.V,,0.48500001430511475,0.48500001430511475,0.48500001430511475,0.48500001430511475,7500.0
2026-10-06 12:34:00,GWM.V,,1.0499999523162842,1.0499999523162842,1.0499999523162842,1.0499999523162842,200.0
2026-10-06 12:34:00,HME.V,,2.25,2.25,2.25,2.25,100.0
2026-10-06 12:34:00,LGN.V,,1.149999976158142,1.149999976158142,1.149999976158142,1.149999976158142,100.0
2026-10-06 12:34:00,TUF.V,,0.9300000071525574,0.9300000071525574,0.9300000071525574,0.9300000071525574,1000.0
2026-10-06 12:35:00,BIG.V,,1.2100000381469727,1.215000033378601,1.2100000381469727,1.215000033378601,600.0
2026-10-06 12:35:00,GWM.V,,1.0499999523162842,1.0499999523162842,1.0499999523162842,1.0499999523162842,100.0
2026-10-06 12:35:00,KFR.V,,1.0299999713897705,1.0299999713897705,1.0299999713897705,1.0299999713897705,200.0
2026-10-06 12:35:00,KTN.V,,1.149999976158142,1.149999976158142,1.149999976158142,1.149999976158142,100.0
2026-10-06 12:35:00,LGN.V,,1.149999976158142,1.149999976158142,1.149999976158142,1.149999976158142,100.0
2026-10-06 12:35:00,LMN.V,,21.639999389648438,21.639999389648438,21.639999389648438,21.639999389648438,100.0
2026-10-06 12:35:00,MFG.V,,3.7200000286102295,3.7200000286102295,3.7200000286102295,3.7200000286102295,200.0
2026-10-06 12:35:00,TUF.V,,0.9300000071525574,0.9300000071525574,0.9300000071525574,0.9300000071525574,1000.0
2026-10-06 12:36:00,GOT.V,,1.4600000381469727,1.4600000381469727,1.4600000381469727,1.4600000381469727,100.0
2026-10-06 12:36:00,GRSL.V,,0.29499998688697815,0.29499998688697815,0.29499998688697815,0.29499998688697815,16000.0
2026-10-06 12:36:00,GWM.V,,1.0499999523162842,1.0499999523162842,1.0499999523162842,1.0499999523162842,600.0
2026-10-06 12:36:00,HITI.V,,3.859999895095825,3.859999895095825,3.8399999141693115,3.8399999141693115,900.0
2026-10-06 12:36:00,KFR.V,,1.0299999713897705,1.0299999713897705,1.0299999713897705,1.0299999713897705,300.0
2026-10-06 12:36:00,LG.V,,0.41499999165534973,0.41499999165534973,0.41499999165534973,0.41499999165534973,10000.0
2026-10-06 12:36:00,LGC.V,,3.0799999237060547,3.0799999237060547,3.0799999237060547,3.0799999237060547,100.0
2026-10-06 12:36:00,LGN.V,,1.149999976158142,1.149999976158142,1.149999976158142,1.149999976158142,100.0
2026-10-06 12:36:00,LIFT.V,,2.059999942779541,2.059999942779541,2.059999942779541,2.059999942779541,100.0
2026-10-06 12:36:00,TUF.V,,0.9300000071525574,0.9300000071525574,0.9300000071525574,0.9300000071525574,1000.0
2026-10-06 12:37:00,GWM.V,,1.0499999523162842,1.0499999523162842,1.0499999523162842,1.0499999523162842,100.0
2026-10-06 12:37:00,HAR.V,,0.05000000074505806,0.05000000074505806,0.05000000074505806,0.05000000074505806,1000.0
2026-10-06 12:37:00,IFOS.V,,2.1600000858306885,2.1600000858306885,2.1600000858306885,2.1600000858306885,200.0
2026-10-06 12:37:00,KFR.V,,1.0299999713897705,1.0299999713897705,1.0299999713897705,1.0299999713897705,200.0
2026-10-06 12:37:00,LGN.V,,1.149999976158142,1.149999976158142,1.149999976158142,1.149999976158142,100.0
2026-10-06 12:37:00,LIFT.V,,2.059999942779541,2.059999942779541,2.059999942779541,2.059999942779541,100.0
2026-10-06 12:37:00,PNG.V,,4.539999961853027,4.539999961853027,4.539999961853027,4.539999961853027,3348.0
2026-10-06 12:37:00,TUF.V,,0.925000011920929,0.925000011920929,0.925000011920929,0.925000011920929,500.0
2026-10-06 12:38:00,BIG.V,,1.2100000381469727,1.2100000381469727,1.2100000381469727,1.2100000381469727,2700.0
2026-10-06 12:38:00,FDR.V,,8.300000190734863,8.300000190734863,8.300000190734863,8.300000190734863,100.0
2026-10-06 12:38:00,FUU.V,,0.125,0.125,0.125,0.125,18500.0
2026-10-06 12:38:00,GAL.V,,0.47999998927116394,0.48500001430511475,0.47999998927116394,0.48500001430511475,4000.0
2026-10-06 12:38:00,GOT.V,,1.4600000381469727,1.4600000381469727,1.4600000381469727,1.4600000381469727,100.0
2026-10-06 12:38:00,GWM.V,,1.0499999523162842,1.0499999523162842,1.0499999523162842,1.0499999523162842,200.0
2026-10-06 12:38:00,HME.V,,2.25,2.25,2.25,2.25,400.0
2026-10-06 12:38:00,KFR.V,,1.0299999713897705,1.0299999713897705,1.0299999713897705,1.0299999713897705,100.0
2026-10-06 12:38:00,KTN.V,,1.149999976158142,1.149999976158142,1.149999976158142,1.149999976158142,200.0
2026-10-06 12:38:00,LBNK.V,,0.5400000214576721,0.5400000214576721,0.5400000214576721,0.5400000214576721,5001.0
2026-10-06 12:38:00,LGN.V,,1.149999976158142,1.149999976158142,1.149999976158142,1.149999976158142,100.0
2026-10-06 12:38:00,TUF.V,,0.925000011920929,0.925000011920929,0.925000011920929,0.925000011920929,7000.0
2026-10-06 12:39:00,GRSL.V,,0.29499998688697815,0.29499998688697815,0.29499998688697815,0.29499998688697815,500.0
2026-10-06 12:39:00,GWM.V,,1.0499999523162842,1.0499999523162842,1.0499999523162842,1.0499999523162842,100.0
2026-10-06 12:39:00,HVG.V,,0.03999999910593033,0.03999999910593033,0.03999999910593033,0.03999999910593033,1000.0
2026-10-06 12:39:00,LGN.V,,1.149999976158142,1.149999976158142,1.149999976158142,1.149999976158142,100.0
2026-10-06 12:39:00,LIFT.V,,2.059999942779541,2.059999942779541,2.059999942779541,2.059999942779541,100.0
2026-10-06 12:39:00,LMN.V,,21.649999618530273,21.649999618530273,21.649999618530273,21.649999618530273,100.0
2026-10-06 12:39:00,PNG.V,,4.550000190734863,4.550000190734863,4.550000190734863,4.550000190734863,600.0
2026-10-06 12:39:00,TUF.V,,0.9300000071525574,0.9300000071525574,0.9300000071525574,0.9300000071525574,1000.0
2026-10-06 12:40:00,BIG.V,,1.2100000381469727,1.2100000381469727,1.2100000381469727,1.2100000381469727,4600.0
2026-10-06 12:40:00,FMS.V,,0.44999998807907104,0.44999998807907104,0.44999998807907104,0.44999998807907104,2000.0
2026-10-06 12:40:00,GLAD.V,,2.2799999713897705,2.2799999713897705,2.2799999713897705,2.2799999713897705,100.0
2026-10-06 12:40:00,GWM.V,,1.0499999523162842,1.0499999523162842,1.0499999523162842,1.0499999523162842,300.0
2026-10-06 12:40:00,HITI.V,,3.8499999046325684,3.8499999046325684,3.8499999046325684,3.8499999046325684,600.0
2026-10-06 12:40:00,HME.V,,2.25,2.25,2.25,2.25,100.0
2026-10-06 12:40:00,KFR.V,,1.0299999713897705,1.0299999713897705,1.0299999713897705,1.0299999713897705,100.0
2026-10-06 12:40:00,MINE.V,,0.14000000059604645,0.14000000059604645,0.14000000059604645,0.14000000059604645,4500.0
2026-10-06 12:40:00,TUF.V,,0.9300000071525574,0.9300000071525574,0.9300000071525574,0.9300000071525574,1000.0
2026-10-06 12:41:00,BIG.V,,1.2050000429153442,1.2050000429153442,1.2050000429153442,1.2050000429153442,100.0
2026-10-06 12:41:00,GWM.V,,1.0499999523162842,1.0499999523162842,1.0499999523162842,1.0499999523162842,100.0
2026-10-06 12:41:00,HAM.V,,5.929999828338623,5.929999828338623,5.929999828338623,5.929999828338623,0.0
2026-10-06 12:41:00,HME.V,,2.25,2.25,2.25,2.25,200.0
2026-10-06 12:41:00,IFOS.V,,2.190000057220459,2.190000057220459,2.190000057220459,2.190000057220459,100.0
2026-10-06 12:41:00,KTN.V,,1.149999976158142,1.149999976158142,1.149999976158142,1.149999976158142,100.0
2026-10-06 12:41:00,LG.V,,0.41499999165534973,0.41499999165534973,0.41499999165534973,0.41499999165534973,5500.0
2026-10-06 12:41:00,LGN.V,,1.159999966621399,1.159999966621399,1.149999976158142,1.149999976158142,62100.0
2026-10-06 12:41:00,MFG.V,,3.7200000286102295,3.7200000286102295,3.7200000286102295,3.7200000286102295,100.0
2026-10-06 12:41:00,PNG.V,,4.550000190734863,4.559999942779541,4.550000190734863,4.559999942779541,1100.0
2026-10-06 12:41:00,TUF.V,,0.9399999976158142,0.9399999976158142,0.9300000071525574,0.9300000071525574,106850.0
2026-10-06 12:42:00,BIG.V,,1.2100000381469727,1.2100000381469727,1.2100000381469727,1.2100000381469727,500.0
2026-10-06 12:42:00,FRED.V,,0.699999988079071,0.699999988079071,0.699999988079071,0.699999988079071,7500.0
2026-10-06 12:42:00,FWZ.V,,2.8499999046325684,2.8499999046325684,2.8499999046325684,2.8499999046325684,2900.0
2026-10-06 12:42:00,GG.V,,2.9700000286102295,2.9700000286102295,2.9700000286102295,2.9700000286102295,500.0
2026-10-06 12:42:00,GRDM.V,,0.17499999701976776,0.17499999701976776,0.17499999701976776,0.17499999701976776,5000.0
2026-10-06 12:42:00,GWM.V,,1.0499999523162842,1.0499999523162842,1.0499999523162842,1.0499999523162842,100.0
2026-10-06 12:42:00,HME.V,,2.25,2.25,2.25,2.25,100.0
2026-10-06 12:42:00,IFOS.V,,2.1700000762939453,2.1700000762939453,2.1700000762939453,2.1700000762939453,100.0
2026-10-06 12:42:00,JJ.V,,0.029999999329447746,0.029999999329447746,0.029999999329447746,0.029999999329447746,853640.0
2026-10-06 12:42:00,KFR.V,,1.0299999713897705,1.0299999713897705,1.0299999713897705,1.0299999713897705,100.0
2026-10-06 12:42:00,LG.V,,0.41499999165534973,0.41499999165534973,0.41499999165534973,0.41499999165534973,5000.0
2026-10-06 12:42:00,LGN.V,,1.159999966621399,1.159999966621399,1.159999966621399,1.159999966621399,11100.0
2026-10-06 12:42:00,LIFT.V,,2.059999942779541,2.059999942779541,2.059999942779541,2.059999942779541,100.0
2026-10-06 12:42:00,LMN.V,,21.850000381469727,21.850000381469727,21.719999313354492,21.719999313354492,2800.0
2026-10-06 12:42:00,LXE.V,,0.22499999403953552,0.23499999940395355,0.22499999403953552,0.23499999940395355,42000.0
2026-10-06 12:43:00,BIG.V,,1.2100000381469727,1.2100000381469727,1.2100000381469727,1.2100000381469727,500.0
2026-10-06 12:43:00,FWZ.V,,2.8499999046325684,2.8499999046325684,2.8499999046325684,2.8499999046325684,900.0
2026-10-06 12:43:00,GOT.V,,1.4600000381469727,1.4600000381469727,1.4600000381469727,1.4600000381469727,100.0
2026-10-06 12:43:00,GWM.V,,1.0499999523162842,1.0499999523162842,1.0499999523162842,1.0499999523162842,200.0
2026-10-06 12:43:00,HITI.V,,3.8499999046325684,3.8499999046325684,3.8499999046325684,3.8499999046325684,100.0
2026-10-06 12:43:00,HME.V,,2.25,2.25,2.25,2.25,100.0
2026-10-06 12:43:00,LGN.V,,1.159999966621399,1.159999966621399,1.159999966621399,1.159999966621399,5200.0
2026-10-06 12:43:00,LITH.V,,0.33500000834465027,0.33500000834465027,0.33500000834465027,0.33500000834465027,9004.0
2026-10-06 12:43:00,PNG.V,,4.559999942779541,4.559999942779541,4.550000190734863,4.550000190734863,800.0
2026-10-06 12:43:00,TUF.V,,0.9399999976158142,0.9399999976158142,0.9399999976158142,0.9399999976158142,500.0
2026-10-06 12:44:00,BIG.V,,1.2100000381469727,1.2100000381469727,1.2100000381469727,1.2100000381469727,500.0
2026-10-06 12:44:00,GTC.V,,0.8899999856948853,0.8899999856948853,0.8899999856948853,0.8899999856948853,25500.0
2026-10-06 12:44:00,GWM.V,,1.0499999523162842,1.0499999523162842,1.0499999523162842,1.0499999523162842,200.0
2026-10-06 12:44:00,IFOS.V,,2.1700000762939453,2.1700000762939453,2.1700000762939453,2.1700000762939453,100.0
2026-10-06 12:44:00,KFR.V,,1.0399999618530273,1.0399999618530273,1.0299999713897705,1.0299999713897705,5900.0
2026-10-06 12:44:00,LG.V,,0.41499999165534973,0.41499999165534973,0.41499999165534973,0.41499999165534973,40000.0
2026-10-06 12:44:00,LIFT.V,,2.0999999046325684,2.0999999046325684,2.075000047683716,2.075000047683716,9300.0
2026-10-06 12:44:00,LMN.V,,21.799999237060547,21.84000015258789,21.799999237060547,21.829999923706055,900.0
2026-10-06 12:44:00,PNG.V,,4.550000190734863,4.550000190734863,4.550000190734863,4.550000190734863,1100.0
2026-10-06 12:45:00,FDR.V,,8.300000190734863,8.300000190734863,8.300000190734863,8.300000190734863,100.0
2026-10-06 12:45:00,GOT.V,,1.4600000381469727,1.4600000381469727,1.4600000381469727,1.4600000381469727,100.0
2026-10-06 12:45:00,GWM.V,,1.0499999523162842,1.0499999523162842,1.0499999523162842,1.0499999523162842,100.0
2026-10-06 12:45:00,LITH.V,,0.3400000035762787,0.3400000035762787,0.3400000035762787,0.3400000035762787,3500.0
2026-10-06 12:45:00,PNG.V,,4.559999942779541,4.559999942779541,4.559999942779541,4.559999942779541,2000.0
2026-10-06 12:46:00,BIG.V,,1.2050000429153442,1.2050000429153442,1.2050000429153442,1.2050000429153442,100.0
2026-10-06 12:46:00,FL.V,,0.41999998688697815,0.41999998688697815,0.41999998688697815,0.41999998688697815,500.0
2026-10-06 12:46:00,GWM.V,,1.0499999523162842,1.0499999523162842,1.0499999523162842,1.0499999523162842,100.0
2026-10-06 12:46:00,HME.V,,2.240000009536743,2.240000009536743,2.240000009536743,2.240000009536743,1700.0
2026-10-06 12:46:00,LG.V,,0.41499999165534973,0.41499999165534973,0.41499999165534973,0.41499999165534973,2000.0
2026-10-06 12:46:00,MILE.V,,0.11999999731779099,0.13500000536441803,0.11999999731779099,0.13500000536441803,0.0
2026-10-06 12:46:00,PNG.V,,4.559999942779541,4.559999942779541,4.559999942779541,4.559999942779541,100.0
2026-10-06 12:46:00,TUF.V,,0.9399999976158142,0.9399999976158142,0.9399999976158142,0.9399999976158142,500.0
2026-10-06 12:47:00,BIG.V,,1.2100000381469727,1.2100000381469727,1.2100000381469727,1.2100000381469727,500.0
2026-10-06 12:47:00,GRSL.V,,0.29499998688697815,0.29499998688697815,0.29499998688697815,0.29499998688697815,500.0
2026-10-06 12:47:00,GWM.V,,1.0499999523162842,1.0499999523162842,1.0499999523162842,1.0499999523162842,100.0
2026-10-06 12:47:00,HME.V,,2.240000009536743,2.240000009536743,2.240000009536743,2.240000009536743,200.0
2026-10-06 12:47:00,JG.V,,0.11999999731779099,0.11999999731779099,0.11999999731779099,0.11999999731779099,33000.0
2026-10-06 12:47:00,KFR.V,,1.0399999618530273,1.0399999618530273,1.0399999618530273,1.0399999618530273,100.0
2026-10-06 12:47:00,PNG.V,,4.550000190734863,4.550000190734863,4.550000190734863,4.550000190734863,100.0
2026-10-06 12:48:00,FDR.V,,8.3100004196167,8.3100004196167,8.3100004196167,8.3100004196167,365.0
2026-10-06 12:48:00,GGO.V,,1.2999999523162842,1.2999999523162842,1.2999999523162842,1.2999999523162842,1358.0
2026-10-06 12:48:00,GMG.V,,2.319999933242798,2.319999933242798,2.319999933242798,2.319999933242798,500.0
2026-10-06 12:48:00,GWM.V,,1.0499999523162842,1.0499999523162842,1.0499999523162842,1.0499999523162842,300.0
2026-10-06 12:48:00,LBNK.V,,0.5299999713897705,0.5299999713897705,0.5299999713897705,0.5299999713897705,2000.0
2026-10-06 12:48:00,LGN.V,,1.149999976158142,1.149999976158142,1.149999976158142,1.149999976158142,200.0
2026-10-06 12:48:00,PNG.V,,4.539999961853027,4.550000190734863,4.539999961853027,4.550000190734863,1550.0
2026-10-06 12:48:00,TUF.V,,0.9399999976158142,0.9399999976158142,0.9350000023841858,0.9350000023841858,3000.0
2026-10-06 12:49:00,BIG.V,,1.2100000381469727,1.2100000381469727,1.2100000381469727,1.2100000381469727,200.0
2026-10-06 12:49:00,FDR.V,,8.300000190734863,8.300000190734863,8.300000190734863,8.300000190734863,2300.0
2026-10-06 12:49:00,GWM.V,,1.0499999523162842,1.0499999523162842,1.0499999523162842,1.0499999523162842,300.0
2026-10-06 12:49:00,HAM.V,,5.929999828338623,5.929999828338623,5.929999828338623,5.929999828338623,100.0
2026-10-06 12:49:00,HME.V,,2.240000009536743,2.240000009536743,2.240000009536743,2.240000009536743,400.0
2026-10-06 12:49:00,IFOS.V,,2.1700000762939453,2.1700000762939453,2.1700000762939453,2.1700000762939453,100.0
2026-10-06 12:49:00,KFR.V,,1.0399999618530273,1.0399999618530273,1.0399999618530273,1.0399999618530273,100.0
2026-10-06 12:49:00,LBNK.V,,0.5299999713897705,0.5299999713897705,0.5299999713897705,0.5299999713897705,1180.0
2026-10-06 12:49:00,TUF.V,,0.9350000023841858,0.9350000023841858,0.9350000023841858,0.9350000023841858,1500.0
2026-10-06 12:50:00,BIG.V,,1.2050000429153442,1.2100000381469727,1.2050000429153442,1.2100000381469727,600.0
2026-10-06 12:50:00,FL.V,,0.41999998688697815,0.41999998688697815,0.41999998688697815,0.41999998688697815,1000.0
2026-10-06 12:50:00,FMS.V,,0.44999998807907104,0.44999998807907104,0.44999998807907104,0.44999998807907104,1500.0
2026-10-06 12:50:00,GWM.V,,1.0499999523162842,1.0499999523162842,1.0499999523162842,1.0499999523162842,100.0
2026-10-06 12:50:00,KFR.V,,1.0399999618530273,1.0399999618530273,1.0399999618530273,1.0399999618530273,100.0
2026-10-06 12:50:00,LBNK.V,,0.5299999713897705,0.5299999713897705,0.5299999713897705,0.5299999713897705,8000.0
2026-10-06 12:50:00,LGC.V,,3.0799999237060547,3.0799999237060547,3.0799999237060547,3.0799999237060547,1000.0
2026-10-06 12:50:00,LIFT.V,,2.059999942779541,2.069999933242798,2.059999942779541,2.069999933242798,2300.0
2026-10-06 12:50:00,LMN.V,,21.770000457763672,21.770000457763672,21.770000457763672,21.770000457763672,100.0
2026-10-06 12:50:00,ROAR.V,,0.2150000035762787,0.2150000035762787,0.2150000035762787,0.2150000035762787,86500.0
2026-10-06 12:50:00,TUF.V,,0.9399999976158142,0.9399999976158142,0.9399999976158142,0.9399999976158142,500.0
2026-10-06 12:51:00,BIG.V,,1.2100000381469727,1.2100000381469727,1.2100000381469727,1.2100000381469727,500.0
2026-10-06 12:51:00,FDR.V,,8.3149995803833,8.350000381469727,8.3149995803833,8.329999923706055,3200.0
2026-10-06 12:51:00,GOT.V,,1.4500000476837158,1.4500000476837158,1.4500000476837158,1.4500000476837158,3900.0
2026-10-06 12:51:00,GWM.V,,1.0499999523162842,1.0499999523162842,1.0499999523162842,1.0499999523162842,100.0
2026-10-06 12:51:00,LMN.V,,21.829999923706055,21.829999923706055,21.809999465942383,21.809999465942383,600.0
2026-10-06 12:51:00,LVX.V,,0.41999998688697815,0.41999998688697815,0.41999998688697815,0.41999998688697815,500.0
2026-10-06 12:51:00,MTS.V,,0.12999999523162842,0.12999999523162842,0.12999999523162842,0.12999999523162842,8400.0
2026-10-06 12:51:00,NURS.V,,3.4600000381469727,3.4600000381469727,3.4600000381469727,3.4600000381469727,100.0
2026-10-06 12:51:00,PNG.V,,4.539999961853027,4.539999961853027,4.539999961853027,4.539999961853027,800.0
2026-10-06 12:51:00,ROAR.V,,0.2150000035762787,0.2150000035762787,0.2150000035762787,0.2150000035762787,4500.0
2026-10-06 12:52:00,BIG.V,,1.2100000381469727,1.2100000381469727,1.2100000381469727,1.2100000381469727,4800.0
2026-10-06 12:52:00,FL.V,,0.41999998688697815,0.41999998688697815,0.41999998688697815,0.41999998688697815,500.0
2026-10-06 12:52:00,FRED.V,,0.699999988079071,0.699999988079071,0.699999988079071,0.699999988079071,1000.0
2026-10-06 12:52:00,GWM.V,,1.0549999475479126,1.0549999475479126,1.0499999523162842,1.0499999523162842,200.0
2026-10-06 12:52:00,HME.V,,2.2300000190734863,2.2300000190734863,2.2300000190734863,2.2300000190734863,100.0
2026-10-06 12:52:00,KFR.V,,1.0399999618530273,1.0399999618530273,1.0399999618530273,1.0399999618530273,100.0
2026-10-06 12:52:00,LGC.V,,3.049999952316284,3.0799999237060547,3.049999952316284,3.0799999237060547,1600.0
2026-10-06 12:52:00,LGN.V,,1.149999976158142,1.149999976158142,1.149999976158142,1.149999976158142,400.0
2026-10-06 12:52:00,NURS.V,,3.4600000381469727,3.4600000381469727,3.4600000381469727,3.4600000381469727,100.0
2026-10-06 12:52:00,PNG.V,,4.570000171661377,4.570000171661377,4.550000190734863,4.550000190734863,12300.0
2026-10-06 12:52:00,TUF.V,,0.949999988079071,0.949999988079071,0.9399999976158142,0.9399999976158142,31290.0
2026-10-06 12:53:00,GAL.V,,0.4699999988079071,0.4699999988079071,0.4699999988079071,0.4699999988079071,3000.0
2026-10-06 12:53:00,GWM.V,,1.0499999523162842,1.0499999523162842,1.0499999523162842,1.0499999523162842,200.0
2026-10-06 12:53:00,IFOS.V,,2.1700000762939453,2.1700000762939453,2.1700000762939453,2.1700000762939453,100.0
2026-10-06 12:53:00,KTN.V,,1.149999976158142,1.149999976158142,1.149999976158142,1.149999976158142,100.0
2026-10-06 12:53:00,LG.V,,0.41499999165534973,0.41499999165534973,0.41499999165534973,0.41499999165534973,2500.0
2026-10-06 12:53:00,LGC.V,,3.0799999237060547,3.0799999237060547,3.069999933242798,3.069999933242798,1900.0
2026-10-06 12:53:00,LGN.V,,1.149999976158142,1.149999976158142,1.149999976158142,1.149999976158142,400.0
2026-10-06 12:53:00,PNG.V,,4.579999923706055,4.579999923706055,4.579999923706055,4.579999923706055,500.0
2026-10-06 12:53:00,TUF.V,,0.9449999928474426,0.9449999928474426,0.9399999976158142,0.9399999976158142,1500.0
2026-10-06 12:54:00,GAL.V,,0.4699999988079071,0.4699999988079071,0.4699999988079071,0.4699999988079071,47500.0
2026-10-06 12:54:00,GGO.V,,1.2999999523162842,1.2999999523162842,1.2999999523162842,1.2999999523162842,300.0
2026-10-06 12:54:00,GWM.V,,1.0499999523162842,1.0499999523162842,1.0499999523162842,1.0499999523162842,100.0
2026-10-06 12:54:00,HME.V,,2.2300000190734863,2.2300000190734863,2.2300000190734863,2.2300000190734863,100.0
2026-10-06 12:54:00,KFR.V,,1.0399999618530273,1.0399999618530273,1.0399999618530273,1.0399999618530273,100.0
2026-10-06 12:54:00,PNG.V,,4.590000152587891,4.590000152587891,4.579999923706055,4.579999923706055,4390.0
2026-10-06 12:55:00,FOBI.V,,0.029999999329447746,0.029999999329447746,0.029999999329447746,0.029999999329447746,4000.0
2026-10-06 12:55:00,GAL.V,,0.4699999988079071,0.4699999988079071,0.4699999988079071,0.4699999988079071,1500.0
2026-10-06 12:55:00,GOT.V,,1.4600000381469727,1.4600000381469727,1.4600000381469727,1.4600000381469727,100.0
2026-10-06 12:55:00,GWM.V,,1.0499999523162842,1.0499999523162842,1.0499999523162842,1.0499999523162842,100.0
2026-10-06 12:55:00,HITI.V,,3.8399999141693115,3.8399999141693115,3.8399999141693115,3.8399999141693115,200.0
2026-10-06 12:55:00,KG.V,,0.15000000596046448,0.15000000596046448,0.15000000596046448,0.15000000596046448,3000.0
2026-10-06 12:55:00,LG.V,,0.41499999165534973,0.41499999165534973,0.41499999165534973,0.41499999165534973,500.0
2026-10-06 12:55:00,LMN.V,,21.829999923706055,21.829999923706055,21.829999923706055,21.829999923706055,400.0
2026-10-06 12:55:00,TUF.V,,0.9449999928474426,0.9449999928474426,0.9449999928474426,0.9449999928474426,500.0
2026-10-06 12:56:00,FDR.V,,8.34000015258789,8.350000381469727,8.324999809265137,8.350000381469727,6700.0
2026-10-06 12:56:00,GOT.V,,1.4600000381469727,1.4600000381469727,1.4600000381469727,1.4600000381469727,100.0
2026-10-06 12:56:00,GRSL.V,,0.29499998688697815,0.29499998688697815,0.29499998688697815,0.29499998688697815,500.0
2026-10-06 12:56:00,GWM.V,,1.0499999523162842,1.0499999523162842,1.0499999523162842,1.0499999523162842,100.0
2026-10-06 12:56:00,HAM.V,,5.929999828338623,5.929999828338623,5.929999828338623,5.929999828338623,100.0
2026-10-06 12:56:00,LGN.V,,1.149999976158142,1.149999976158142,1.149999976158142,1.149999976158142,100.0
2026-10-06 12:56:00,LIFT.V,,2.059999942779541,2.059999942779541,2.059999942779541,2.059999942779541,100.0
2026-10-06 12:56:00,LMN.V,,21.84000015258789,21.84000015258789,21.829999923706055,21.829999923706055,268.0
2026-10-06 12:56:00,PNG.V,,4.590000152587891,4.590000152587891,4.590000152587891,4.590000152587891,100.0
2026-10-06 12:57:00,GOT.V,,1.4600000381469727,1.4600000381469727,1.4600000381469727,1.4600000381469727,100.0
2026-10-06 12:57:00,GPAC.V,,0.14499999582767487,0.14499999582767487,0.14499999582767487,0.14499999582767487,54500.0
2026-10-06 12:57:00,GWM.V,,1.0499999523162842,1.0499999523162842,1.0499999523162842,1.0499999523162842,200.0
2026-10-06 12:57:00,HITI.V,,3.8299999237060547,3.8299999237060547,3.8299999237060547,3.8299999237060547,100.0
2026-10-06 12:57:00,HME.V,,2.2300000190734863,2.2300000190734863,2.2300000190734863,2.2300000190734863,100.0
2026-10-06 12:57:00,LGN.V,,1.149999976158142,1.149999976158142,1.149999976158142,1.149999976158142,300.0
2026-10-06 12:57:00,MTA.V,,13.180000305175781,13.180000305175781,13.180000305175781,13.180000305175781,100.0
2026-10-06 12:58:00,BIG.V,,1.2100000381469727,1.2100000381469727,1.2100000381469727,1.2100000381469727,1800.0
2026-10-06 12:58:00,FDR.V,,8.324999809265137,8.34000015258789,8.324999809265137,8.34000015258789,7400.0
2026-10-06 12:58:00,GLAD.V,,2.3499999046325684,2.3499999046325684,2.3399999141693115,2.3499999046325684,300.0
2026-10-06 12:58:00,GMG.V,,2.309999942779541,2.309999942779541,2.309999942779541,2.309999942779541,2600.0
2026-10-06 12:58:00,GOT.V,,1.4500000476837158,1.4500000476837158,1.4500000476837158,1.4500000476837158,600.0
2026-10-06 12:58:00,GWM.V,,1.0499999523162842,1.0499999523162842,1.0499999523162842,1.0499999523162842,100.0
2026-10-06 12:58:00,KLDC.V,,0.33500000834465027,0.33500000834465027,0.33500000834465027,0.33500000834465027,500.0
2026-10-06 12:58:00,KTN.V,,1.149999976158142,1.149999976158142,1.149999976158142,1.149999976158142,100.0
2026-10-06 12:58:00,LG.V,,0.41499999165534973,0.41499999165534973,0.41499999165534973,0.41499999165534973,5000.0
2026-10-06 12:58:00,LGN.V,,1.1549999713897705,1.1549999713897705,1.1549999713897705,1.1549999713897705,300.0
2026-10-06 12:58:00,LIFT.V,,2.059999942779541,2.059999942779541,2.059999942779541,2.059999942779541,200.0
2026-10-06 12:58:00,LIO.V,,0.18000000715255737,0.18000000715255737,0.18000000715255737,0.18000000715255737,23500.0
2026-10-06 12:58:00,MFG.V,,3.700000047683716,3.700000047683716,3.700000047683716,3.700000047683716,300.0
2026-10-06 12:58:00,PNG.V,,4.599999904632568,4.599999904632568,4.599999904632568,4.599999904632568,300.0
2026-10-06 12:58:00,TUF.V,,0.949999988079071,0.949999988079071,0.949999988079071,0.949999988079071,500.0
2026-10-06 12:59:00,BIG.V,,1.2100000381469727,1.2100000381469727,1.2100000381469727,1.2100000381469727,500.0
2026-10-06 12:59:00,GMG.V,,2.309999942779541,2.309999942779541,2.309999942779541,2.309999942779541,435.0
2026-10-06 12:59:00,GWM.V,,1.0499999523162842,1.0499999523162842,1.0499999523162842,1.0499999523162842,200.0
2026-10-06 12:59:00,IFOS.V,,2.1700000762939453,2.1700000762939453,2.1700000762939453,2.1700000762939453,100.0
2026-10-06 12:59:00,KFR.V,,1.0399999618530273,1.0399999618530273,1.0399999618530273,1.0399999618530273,100.0
2026-10-06 12:59:00,KTN.V,,1.149999976158142,1.149999976158142,1.149999976158142,1.149999976158142,100.0
2026-10-06 12:59:00,LGN.V,,1.1549999713897705,1.1549999713897705,1.1549999713897705,1.1549999713897705,400.0
2026-10-06 12:59:00,PNG.V,,4.599999904632568,4.599999904632568,4.599999904632568,4.599999904632568,200.0
2026-10-06 13:00:00,BIG.V,,1.2100000381469727,1.2100000381469727,1.2100000381469727,1.2100000381469727,500.0
2026-10-06 13:00:00,FDR.V,,8.324999809265137,8.324999809265137,8.324999809265137,8.324999809265137,200.0
2026-10-06 13:00:00,FMS.V,,0.44999998807907104,0.44999998807907104,0.44999998807907104,0.44999998807907104,2000.0
2026-10-06 13:00:00,GOT.V,,1.4500000476837158,1.4500000476837158,1.4500000476837158,1.4500000476837158,200.0
2026-10-06 13:00:00,GWM.V,,1.0499999523162842,1.0499999523162842,1.0499999523162842,1.0499999523162842,100.0
2026-10-06 13:00:00,HME.V,,2.2300000190734863,2.2300000190734863,2.2300000190734863,2.2300000190734863,100.0
2026-10-06 13:00:00,LGN.V,,1.149999976158142,1.149999976158142,1.149999976158142,1.149999976158142,200.0
2026-10-06 13:00:00,PNG.V,,4.599999904632568,4.599999904632568,4.599999904632568,4.599999904632568,450.0
2026-10-06 13:00:00,ROAR.V,,0.2199999988079071,0.2199999988079071,0.2199999988079071,0.2199999988079071,13000.0
2026-10-06 13:00:00,TUF.V,,0.9399999976158142,0.949999988079071,0.9399999976158142,0.949999988079071,1500.0
2026-10-06 13:01:00,BIG.V,,1.2100000381469727,1.2100000381469727,1.2100000381469727,1.2100000381469727,500.0
2026-10-06 13:01:00,GAL.V,,0.4699999988079071,0.4699999988079071,0.4699999988079071,0.4699999988079071,3500.0
2026-10-06 13:01:00,GWM.V,,1.0499999523162842,1.0499999523162842,1.0499999523162842,1.0499999523162842,100.0
2026-10-06 13:01:00,KFR.V,,1.0399999618530273,1.0399999618530273,1.0399999618530273,1.0399999618530273,100.0
2026-10-06 13:01:00,LGN.V,,1.149999976158142,1.149999976158142,1.149999976158142,1.149999976158142,300.0
2026-10-06 13:01:00,MINE.V,,0.14499999582767487,0.14499999582767487,0.14499999582767487,0.14499999582767487,132000.0
2026-10-06 13:01:00,PNG.V,,4.599999904632568,4.599999904632568,4.590000152587891,4.599999904632568,900.0
2026-10-06 13:02:00,BIG.V,,1.2100000381469727,1.2100000381469727,1.2100000381469727,1.2100000381469727,500.0
2026-10-06 13:02:00,FL.V,,0.41499999165534973,0.41499999165534973,0.41499999165534973,0.41499999165534973,4500.0
2026-10-06 13:02:00,GWM.V,,1.0499999523162842,1.0499999523162842,1.0499999523162842,1.0499999523162842,200.0
2026-10-06 13:02:00,HME.V,,2.2300000190734863,2.2300000190734863,2.2300000190734863,2.2300000190734863,100.0
2026-10-06 13:02:00,LGN.V,,1.149999976158142,1.149999976158142,1.149999976158142,1.149999976158142,300.0
2026-10-06 13:02:00,PNG.V,,4.579999923706055,4.590000152587891,4.579999923706055,4.579999923706055,4246.0
2026-10-06 13:03:00,BIG.V,,1.2100000381469727,1.2100000381469727,1.2100000381469727,1.2100000381469727,1000.0
2026-10-06 13:03:00,EVER.V,,0.28999999165534973,0.28999999165534973,0.28999999165534973,0.28999999165534973,1000.0
2026-10-06 13:03:00,GAL.V,,0.4699999988079071,0.4699999988079071,0.4699999988079071,0.4699999988079071,2000.0
2026-10-06 13:03:00,GWM.V,,1.0499999523162842,1.0499999523162842,1.0499999523162842,1.0499999523162842,300.0
2026-10-06 13:03:00,HME.V,,2.2300000190734863,2.2300000190734863,2.2300000190734863,2.2300000190734863,100.0
2026-10-06 13:03:00,KFR.V,,1.0399999618530273,1.0399999618530273,1.0399999618530273,1.0399999618530273,100.0
2026-10-06 13:03:00,LGN.V,,1.149999976158142,1.149999976158142,1.149999976158142,1.149999976158142,200.0
2026-10-06 13:03:00,PNG.V,,4.579999923706055,4.579999923706055,4.579999923706055,4.579999923706055,700.0
2026-10-06 13:03:00,TUF.V,,0.949999988079071,0.949999988079071,0.9449999928474426,0.9449999928474426,1000.0
2026-10-06 13:04:00,GAL.V,,0.4699999988079071,0.4699999988079071,0.4699999988079071,0.4699999988079071,5000.0
2026-10-06 13:04:00,GTC.V,,0.8999999761581421,0.8999999761581421,0.8999999761581421,0.8999999761581421,3000.0
2026-10-06 13:04:00,GWM.V,,1.0499999523162842,1.0499999523162842,1.0499999523162842,1.0499999523162842,100.0
2026-10-06 13:04:00,HAM.V,,5.929999828338623,5.929999828338623,5.929999828338623,5.929999828338623,100.0
2026-10-06 13:04:00,LGN.V,,1.149999976158142,1.149999976158142,1.149999976158142,1.149999976158142,200.0
2026-10-06 13:04:00,LIFT.V,,2.059999942779541,2.059999942779541,2.059999942779541,2.059999942779541,1300.0
2026-10-06 13:04:00,MFG.V,,3.700000047683716,3.700000047683716,3.700000047683716,3.700000047683716,100.0
2026-10-06 13:05:00,BIG.V,,1.2100000381469727,1.2100000381469727,1.2100000381469727,1.2100000381469727,500.0
2026-10-06 13:05:00,GAL.V,,0.4699999988079071,0.4699999988079071,0.4699999988079071,0.4699999988079071,500.0
2026-10-06 13:05:00,GSPR.V,,0.11999999731779099,0.11999999731779099,0.11999999731779099,0.11999999731779099,0.0
2026-10-06 13:05:00,GWM.V,,1.0499999523162842,1.0499999523162842,1.0499999523162842,1.0499999523162842,100.0
2026-10-06 13:05:00,HITI.V,,3.8399999141693115,3.8399999141693115,3.8399999141693115,3.8399999141693115,800.0
2026-10-06 13:05:00,HME.V,,2.234999895095825,2.234999895095825,2.234999895095825,2.234999895095825,100.0
2026-10-06 13:05:00,KFR.V,,1.0399999618530273,1.0399999618530273,1.0399999618530273,1.0399999618530273,100.0
2026-10-06 13:05:00,LG.V,,0.41499999165534973,0.41499999165534973,0.41499999165534973,0.41499999165534973,7000.0
2026-10-06 13:05:00,LGN.V,,1.1549999713897705,1.1549999713897705,1.1549999713897705,1.1549999713897705,300.0
2026-10-06 13:05:00,TUF.V,,0.949999988079071,0.949999988079071,0.949999988079071,0.949999988079071,5500.0
2026-10-06 13:06:00,BIG.V,,1.2100000381469727,1.2100000381469727,1.2100000381469727,1.2100000381469727,500.0
2026-10-06 13:06:00,FDR.V,,8.350000381469727,8.350000381469727,8.34000015258789,8.34000015258789,7350.0
2026-10-06 13:06:00,GAL.V,,0.4699999988079071,0.4699999988079071,0.4699999988079071,0.4699999988079071,1500.0
2026-10-06 13:06:00,GSPR.V,,0.11999999731779099,0.11999999731779099,0.11999999731779099,0.11999999731779099,5000.0
2026-10-06 13:06:00,GWM.V,,1.0499999523162842,1.0499999523162842,1.0499999523162842,1.0499999523162842,200.0
2026-10-06 13:06:00,HITI.V,,3.8399999141693115,3.8399999141693115,3.8399999141693115,3.8399999141693115,100.0
2026-10-06 13:06:00,KLD.V,,2.440000057220459,2.440000057220459,2.440000057220459,2.440000057220459,3100.0
2026-10-06 13:06:00,LGN.V,,1.1549999713897705,1.1549999713897705,1.1549999713897705,1.1549999713897705,100.0
2026-10-06 13:06:00,PNG.V,,4.590000152587891,4.590000152587891,4.585000038146973,4.585000038146973,700.0
2026-10-06 13:06:00,TUF.V,,0.949999988079071,0.949999988079071,0.949999988079071,0.949999988079071,500.0
2026-10-06 13:07:00,GOT.V,,1.4500000476837158,1.4500000476837158,1.4500000476837158,1.4500000476837158,100.0
2026-10-06 13:07:00,GRSL.V,,0.29499998688697815,0.29499998688697815,0.29499998688697815,0.29499998688697815,500.0
2026-10-06 13:07:00,GWM.V,,1.0499999523162842,1.0499999523162842,1.0499999523162842,1.0499999523162842,200.0
2026-10-06 13:07:00,HITI.V,,3.8499999046325684,3.8499999046325684,3.8499999046325684,3.8499999046325684,1900.0
2026-10-06 13:07:00,KFR.V,,1.0399999618530273,1.0399999618530273,1.0399999618530273,1.0399999618530273,300.0
2026-10-06 13:07:00,LG.V,,0.41499999165534973,0.41499999165534973,0.41499999165534973,0.41499999165534973,1000.0
2026-10-06 13:07:00,LGN.V,,1.159999966621399,1.159999966621399,1.1549999713897705,1.1549999713897705,3700.0
2026-10-06 13:07:00,TUF.V,,0.949999988079071,0.949999988079071,0.949999988079071,0.949999988079071,3000.0
2026-10-06 13:08:00,BIG.V,,1.2100000381469727,1.2100000381469727,1.2100000381469727,1.2100000381469727,1000.0
2026-10-06 13:08:00,GAL.V,,0.4699999988079071,0.4699999988079071,0.4699999988079071,0.4699999988079071,2000.0
2026-10-06 13:08:00,GWM.V,,1.0499999523162842,1.0499999523162842,1.0499999523162842,1.0499999523162842,200.0
2026-10-06 13:08:00,HME.V,,2.234999895095825,2.234999895095825,2.234999895095825,2.234999895095825,100.0
2026-10-06 13:08:00,LG.V,,0.41499999165534973,0.41499999165534973,0.41499999165534973,0.41499999165534973,30000.0
2026-10-06 13:08:00,LGN.V,,1.1549999713897705,1.1549999713897705,1.1549999713897705,1.1549999713897705,200.0
2026-10-06 13:08:00,TUF.V,,0.949999988079071,0.949999988079071,0.9449999928474426,0.949999988079071,2000.0
2026-10-06 13:09:00,BIG.V,,1.2100000381469727,1.2100000381469727,1.2100000381469727,1.2100000381469727,16900.0
2026-10-06 13:09:00,FDR.V,,8.34000015258789,8.34000015258789,8.34000015258789,8.34000015258789,100.0
2026-10-06 13:09:00,GWM.V,,1.0499999523162842,1.0499999523162842,1.0499999523162842,1.0499999523162842,100.0
2026-10-06 13:09:00,HCH.V,,1.5099999904632568,1.5099999904632568,1.5099999904632568,1.5099999904632568,100.0
2026-10-06 13:09:00,LGN.V,,1.1549999713897705,1.1549999713897705,1.1549999713897705,1.1549999713897705,200.0
2026-10-06 13:09:00,LIFT.V,,2.059999942779541,2.059999942779541,2.059999942779541,2.059999942779541,100.0
2026-10-06 13:10:00,GAL.V,,0.4699999988079071,0.4699999988079071,0.4699999988079071,0.4699999988079071,2500.0
2026-10-06 13:10:00,GSPR.V,,0.11999999731779099,0.11999999731779099,0.11999999731779099,0.11999999731779099,2500.0
2026-10-06 13:10:00,GWM.V,,1.0499999523162842,1.0499999523162842,1.0499999523162842,1.0499999523162842,200.0
2026-10-06 13:10:00,LGN.V,,1.1549999713897705,1.1549999713897705,1.1549999713897705,1.1549999713897705,200.0
2026-10-06 13:10:00,LIFT.V,,2.059999942779541,2.059999942779541,2.059999942779541,2.059999942779541,3050.0
2026-10-06 13:10:00,MFG.V,,3.7200000286102295,3.7200000286102295,3.7200000286102295,3.7200000286102295,100.0
2026-10-06 13:10:00,MJS.V,,0.0949999988079071,0.0949999988079071,0.0949999988079071,0.0949999988079071,8500.0
2026-10-06 13:10:00,PNG.V,,4.610000133514404,4.610000133514404,4.599999904632568,4.599999904632568,12945.0
2026-10-06 13:11:00,GPAC.V,,0.14499999582767487,0.14499999582767487,0.14499999582767487,0.14499999582767487,500.0
2026-10-06 13:11:00,GWM.V,,1.0499999523162842,1.0499999523162842,1.0499999523162842,1.0499999523162842,100.0
2026-10-06 13:11:00,HAM.V,,5.929999828338623,5.929999828338623,5.929999828338623,5.929999828338623,100.0
2026-10-06 13:11:00,KFR.V,,1.0399999618530273,1.0399999618530273,1.0399999618530273,1.0399999618530273,200.0
2026-10-06 13:11:00,KTN.V,,1.159999966621399,1.159999966621399,1.159999966621399,1.159999966621399,1550.0
2026-10-06 13:11:00,LGN.V,,1.1549999713897705,1.1549999713897705,1.1549999713897705,1.1549999713897705,300.0
2026-10-06 13:11:00,LMN.V,,21.770000457763672,21.780000686645508,21.75,21.760000228881836,500.0
2026-10-06 13:11:00,PNG.V,,4.630000114440918,4.630000114440918,4.630000114440918,4.630000114440918,200.0
2026-10-06 13:11:00,TUF.V,,0.949999988079071,0.949999988079071,0.949999988079071,0.949999988079071,500.0
2026-10-06 13:12:00,FUU.V,,0.125,0.125,0.125,0.125,500.0
2026-10-06 13:12:00,GAL.V,,0.4699999988079071,0.4699999988079071,0.4699999988079071,0.4699999988079071,2500.0
2026-10-06 13:12:00,GPAC.V,,0.14499999582767487,0.14499999582767487,0.14499999582767487,0.14499999582767487,9000.0
2026-10-06 13:12:00,GWM.V,,1.0499999523162842,1.0499999523162842,1.0499999523162842,1.0499999523162842,200.0
2026-10-06 13:12:00,HME.V,,2.234999895095825,2.234999895095825,2.234999895095825,2.234999895095825,100.0
2026-10-06 13:12:00,LGN.V,,1.1549999713897705,1.1549999713897705,1.1549999713897705,1.1549999713897705,200.0
2026-10-06 13:12:00,PNG.V,,4.630000114440918,4.630000114440918,4.630000114440918,4.630000114440918,605.0
2026-10-06 13:13:00,FDR.V,,8.34000015258789,8.34000015258789,8.34000015258789,8.34000015258789,2100.0
2026-10-06 13:13:00,GPAC.V,,0.14499999582767487,0.14499999582767487,0.14499999582767487,0.14499999582767487,1000.0
2026-10-06 13:13:00,GWM.V,,1.0499999523162842,1.0499999523162842,1.0499999523162842,1.0499999523162842,100.0
2026-10-06 13:13:00,IMI.V,,0.07999999821186066,0.07999999821186066,0.07000000029802322,0.07999999821186066,7550.0
2026-10-06 13:13:00,KFR.V,,1.0399999618530273,1.0399999618530273,1.0399999618530273,1.0399999618530273,100.0
2026-10-06 13:13:00,LGN.V,,1.1549999713897705,1.1549999713897705,1.1549999713897705,1.1549999713897705,100.0
2026-10-06 13:13:00,LMN.V,,21.75,21.760000228881836,21.75,21.760000228881836,400.0
2026-10-06 13:13:00,PNG.V,,4.630000114440918,4.630000114440918,4.630000114440918,4.630000114440918,100.0
2026-10-06 13:13:00,TUF.V,,0.949999988079071,0.949999988079071,0.949999988079071,0.949999988079071,500.0
2026-10-06 13:14:00,BIG.V,,1.215000033378601,1.2200000286102295,1.215000033378601,1.2200000286102295,1300.0
2026-10-06 13:14:00,FDR.V,,8.34000015258789,8.34000015258789,8.34000015258789,8.34000015258789,3925.0
2026-10-06 13:14:00,FUU.V,,0.125,0.125,0.125,0.125,6000.0
2026-10-06 13:14:00,GAL.V,,0.4699999988079071,0.4699999988079071,0.4699999988079071,0.4699999988079071,2500.0
2026-10-06 13:14:00,GMG.V,,2.309999942779541,2.319999933242798,2.309999942779541,2.319999933242798,500.0
2026-10-06 13:14:00,GOT.V,,1.4500000476837158,1.4500000476837158,1.4500000476837158,1.4500000476837158,100.0
2026-10-06 13:14:00,GWM.V,,1.0499999523162842,1.0499999523162842,1.0499999523162842,1.0499999523162842,300.0
2026-10-06 13:14:00,LGN.V,,1.1549999713897705,1.1549999713897705,1.1549999713897705,1.1549999713897705,100.0
2026-10-06 13:14:00,LMN.V,,21.75,21.75,21.75,21.75,1575.0
2026-10-06 13:15:00,BIG.V,,1.2200000286102295,1.2200000286102295,1.215000033378601,1.215000033378601,2700.0
2026-10-06 13:15:00,GWM.V,,1.0499999523162842,1.0499999523162842,1.0499999523162842,1.0499999523162842,100.0
2026-10-06 13:15:00,HME.V,,2.240000009536743,2.240000009536743,2.240000009536743,2.240000009536743,1200.0
2026-10-06 13:15:00,LGN.V,,1.1549999713897705,1.1549999713897705,1.1549999713897705,1.1549999713897705,200.0
2026-10-06 13:15:00,LIFT.V,,2.059999942779541,2.059999942779541,2.059999942779541,2.059999942779541,200.0
2026-10-06 13:15:00,PNG.V,,4.639999866485596,4.639999866485596,4.630000114440918,4.630000114440918,6000.0
2026-10-06 13:16:00,FDR.V,,8.350000381469727,8.350000381469727,8.345000267028809,8.345000267028809,407.0
2026-10-06 13:16:00,GAL.V,,0.4699999988079071,0.4699999988079071,0.4699999988079071,0.4699999988079071,2500.0
2026-10-06 13:16:00,GFM-H.V,,0.3100000023841858,0.3100000023841858,0.3100000023841858,0.3100000023841858,7000.0
2026-10-06 13:16:00,GSP.V,,0.14499999582767487,0.14499999582767487,0.14499999582767487,0.14499999582767487,0.0
2026-10-06 13:16:00,GWM.V,,1.0499999523162842,1.0499999523162842,1.0499999523162842,1.0499999523162842,200.0
2026-10-06 13:16:00,LGN.V,,1.1549999713897705,1.1549999713897705,1.1549999713897705,1.1549999713897705,200.0
2026-10-06 13:16:00,LIFT.V,,2.059999942779541,2.059999942779541,2.059999942779541,2.059999942779541,200.0
2026-10-06 13:16:00,PNG.V,,4.650000095367432,4.650000095367432,4.639999866485596,4.650000095367432,18710.0
2026-10-06 13:16:00,TUF.V,,0.949999988079071,0.949999988079071,0.949999988079071,0.949999988079071,500.0
2026-10-06 13:17:00,BIG.V,,1.2200000286102295,1.2200000286102295,1.2200000286102295,1.2200000286102295,600.0
2026-10-06 13:17:00,FDR.V,,8.345000267028809,8.345000267028809,8.345000267028809,8.345000267028809,100.0
2026-10-06 13:17:00,GWM.V,,1.0499999523162842,1.0499999523162842,1.0499999523162842,1.0499999523162842,100.0
2026-10-06 13:17:00,LGN.V,,1.1549999713897705,1.1549999713897705,1.1549999713897705,1.1549999713897705,100.0
2026-10-06 13:17:00,LIFT.V,,2.059999942779541,2.059999942779541,2.059999942779541,2.059999942779541,100.0
2026-10-06 13:17:00,MFG.V,,3.700000047683716,3.700000047683716,3.700000047683716,3.700000047683716,100.0
2026-10-06 13:17:00,PNG.V,,4.650000095367432,4.650000095367432,4.650000095367432,4.650000095367432,100.0
2026-10-06 13:18:00,FDR.V,,8.390000343322754,8.390000343322754,8.345000267028809,8.350000381469727,7311.0
2026-10-06 13:18:00,GAL.V,,0.4699999988079071,0.4699999988079071,0.4699999988079071,0.4699999988079071,2500.0
2026-10-06 13:18:00,GWM.V,,1.0499999523162842,1.0499999523162842,1.0499999523162842,1.0499999523162842,200.0
2026-10-06 13:18:00,LGN.V,,1.1549999713897705,1.1549999713897705,1.1549999713897705,1.1549999713897705,200.0
2026-10-06 13:18:00,LIFT.V,,2.059999942779541,2.059999942779541,2.059999942779541,2.059999942779541,100.0
2026-10-06 13:18:00,PNG.V,,4.650000095367432,4.650000095367432,4.650000095367432,4.650000095367432,2800.0
2026-10-06 13:19:00,GWM.V,,1.0499999523162842,1.0499999523162842,1.0499999523162842,1.0499999523162842,100.0
2026-10-06 13:19:00,HME.V,,2.240000009536743,2.240000009536743,2.240000009536743,2.240000009536743,100.0
2026-10-06 13:19:00,KFR.V,,1.0399999618530273,1.0399999618530273,1.0399999618530273,1.0399999618530273,100.0
2026-10-06 13:19:00,LGN.V,,1.1549999713897705,1.1549999713897705,1.1549999713897705,1.1549999713897705,100.0
2026-10-06 13:19:00,LMN.V,,21.520000457763672,21.559999465942383,21.520000457763672,21.559999465942383,2000.0
2026-10-06 13:19:00,PNG.V,,4.650000095367432,4.650000095367432,4.650000095367432,4.650000095367432,1700.0
2026-10-06 13:19:00,TUF.V,,0.949999988079071,0.949999988079071,0.949999988079071,0.949999988079071,500.0
2026-10-06 13:20:00,BIG.V,,1.2200000286102295,1.2200000286102295,1.2200000286102295,1.2200000286102295,500.0
2026-10-06 13:20:00,EXG.V,,0.10999999940395355,0.10999999940395355,0.10999999940395355,0.10999999940395355,70000.0
2026-10-06 13:20:00,FDR.V,,8.399999618530273,8.399999618530273,8.375,8.390000343322754,2200.0
2026-10-06 13:20:00,FL.V,,0.41999998688697815,0.41999998688697815,0.41999998688697815,0.41999998688697815,500.0
2026-10-06 13:20:00,FMS.V,,0.4449999928474426,0.4449999928474426,0.4449999928474426,0.4449999928474426,3500.0
2026-10-06 13:20:00,FUSE.V,,0.029999999329447746,0.029999999329447746,0.029999999329447746,0.029999999329447746,1000.0
2026-10-06 13:20:00,FUU.V,,0.125,0.125,0.125,0.125,8500.0
2026-10-06 13:20:00,FWZ.V,,2.8399999141693115,2.8399999141693115,2.8399999141693115,2.8399999141693115,1500.0
2026-10-06 13:20:00,GAL.V,,0.4699999988079071,0.4699999988079071,0.4699999988079071,0.4699999988079071,2500.0
2026-10-06 13:20:00,GOT.V,,1.4500000476837158,1.4500000476837158,1.4500000476837158,1.4500000476837158,200.0
2026-10-06 13:20:00,GSPR.V,,0.11999999731779099,0.11999999731779099,0.11999999731779099,0.11999999731779099,16000.0
2026-10-06 13:20:00,GWM.V,,1.0499999523162842,1.0499999523162842,1.0499999523162842,1.0499999523162842,600.0
2026-10-06 13:20:00,KFR.V,,1.0399999618530273,1.0399999618530273,1.0399999618530273,1.0399999618530273,200.0
2026-10-06 13:20:00,LGN.V,,1.1549999713897705,1.1549999713897705,1.1549999713897705,1.1549999713897705,200.0
2026-10-06 13:20:00,LMN.V,,21.290000915527344,21.520000457763672,21.290000915527344,21.520000457763672,5058.0
2026-10-06 13:20:00,PNG.V,,4.650000095367432,4.650000095367432,4.639999866485596,4.650000095367432,6500.0
2026-10-06 13:20:00,TUF.V,,0.949999988079071,0.949999988079071,0.949999988079071,0.949999988079071,19338.0
2026-10-06 13:21:00,BIG.V,,1.215000033378601,1.215000033378601,1.215000033378601,1.215000033378601,100.0
2026-10-06 13:21:00,GOT.V,,1.4500000476837158,1.4500000476837158,1.4500000476837158,1.4500000476837158,100.0
2026-10-06 13:21:00,GWM.V,,1.0499999523162842,1.0499999523162842,1.0499999523162842,1.0499999523162842,100.0
2026-10-06 13:21:00,KLD.V,,2.4000000953674316,2.4200000762939453,2.4000000953674316,2.4100000858306885,7175.0
2026-10-06 13:21:00,LGN.V,,1.1549999713897705,1.1549999713897705,1.1549999713897705,1.1549999713897705,100.0
2026-10-06 13:21:00,LMN.V,,21.290000915527344,21.290000915527344,21.290000915527344,21.290000915527344,100.0
2026-10-06 13:21:00,TUF.V,,0.949999988079071,0.949999988079071,0.949999988079071,0.949999988079071,1500.0
2026-10-06 13:22:00,BIG.V,,1.215000033378601,1.215000033378601,1.215000033378601,1.215000033378601,100.0
2026-10-06 13:22:00,FDR.V,,8.40999984741211,8.40999984741211,8.40999984741211,8.40999984741211,200.0
2026-10-06 13:22:00,GAL.V,,0.4699999988079071,0.4699999988079071,0.4699999988079071,0.4699999988079071,2500.0
2026-10-06 13:22:00,GWM.V,,1.0499999523162842,1.0549999475479126,1.0499999523162842,1.0549999475479126,200.0
2026-10-06 13:22:00,LGN.V,,1.1549999713897705,1.1549999713897705,1.1549999713897705,1.1549999713897705,100.0
2026-10-06 13:22:00,LIFT.V,,2.059999942779541,2.059999942779541,2.0299999713897705,2.059999942779541,10810.0
2026-10-06 13:22:00,LMN.V,,21.299999237060547,21.31999969482422,21.25,21.309999465942383,1900.0
2026-10-06 13:23:00,GWM.V,,1.0499999523162842,1.0499999523162842,1.0499999523162842,1.0499999523162842,200.0
2026-10-06 13:23:00,KLD.V,,2.390000104904175,2.390000104904175,2.390000104904175,2.390000104904175,100.0
2026-10-06 13:23:00,LGN.V,,1.1549999713897705,1.1549999713897705,1.1549999713897705,1.1549999713897705,100.0
2026-10-06 13:23:00,PNG.V,,4.650000095367432,4.650000095367432,4.650000095367432,4.650000095367432,500.0
2026-10-06 13:23:00,TUF.V,,0.949999988079071,0.949999988079071,0.949999988079071,0.949999988079071,500.0
2026-10-06 13:24:00,GWM.V,,1.0499999523162842,1.0499999523162842,1.0499999523162842,1.0499999523162842,100.0
2026-10-06 13:24:00,KCC.V,,1.0499999523162842,1.0499999523162842,1.0499999523162842,1.0499999523162842,0.0
2026-10-06 13:24:00,KTN.V,,1.159999966621399,1.159999966621399,1.159999966621399,1.159999966621399,100.0
2026-10-06 13:24:00,LGN.V,,1.1549999713897705,1.1549999713897705,1.1549999713897705,1.1549999713897705,200.0
2026-10-06 13:24:00,PNG.V,,4.650000095367432,4.650000095367432,4.650000095367432,4.650000095367432,2800.0
2026-10-06 13:24:00,ROAR.V,,0.2199999988079071,0.2199999988079071,0.2199999988079071,0.2199999988079071,15000.0
2026-10-06 13:24:00,TUF.V,,0.949999988079071,0.949999988079071,0.949999988079071,0.949999988079071,500.0
2026-10-06 13:25:00,GAL.V,,0.4699999988079071,0.4699999988079071,0.4699999988079071,0.4699999988079071,2000.0
2026-10-06 13:25:00,GWM.V,,1.0499999523162842,1.0499999523162842,1.0499999523162842,1.0499999523162842,200.0
2026-10-06 13:25:00,HME.V,,2.240000009536743,2.240000009536743,2.240000009536743,2.240000009536743,100.0
2026-10-06 13:25:00,HPM.V,,0.03999999910593033,0.03999999910593033,0.03999999910593033,0.03999999910593033,200000.0
2026-10-06 13:25:00,LGN.V,,1.159999966621399,1.159999966621399,1.159999966621399,1.159999966621399,9000.0
2026-10-06 13:25:00,LMN.V,,21.25,21.260000228881836,21.25,21.260000228881836,200.0
2026-10-06 13:25:00,PNG.V,,4.650000095367432,4.659999847412109,4.650000095367432,4.650000095367432,8210.0
2026-10-06 13:25:00,ROAR.V,,0.2199999988079071,0.2199999988079071,0.2199999988079071,0.2199999988079071,500.0
2026-10-06 13:25:00,TUF.V,,0.949999988079071,0.949999988079071,0.949999988079071,0.949999988079071,2000.0
2026-10-06 13:26:00,GPAC.V,,0.14499999582767487,0.14499999582767487,0.14499999582767487,0.14499999582767487,9500.0
2026-10-06 13:26:00,GWM.V,,1.0499999523162842,1.0499999523162842,1.0499999523162842,1.0499999523162842,100.0
2026-10-06 13:26:00,LGN.V,,1.1549999713897705,1.1549999713897705,1.1549999713897705,1.1549999713897705,100.0
2026-10-06 13:26:00,LMN.V,,21.25,21.25,21.25,21.25,6900.0
2026-10-06 13:26:00,PNG.V,,4.650000095367432,4.65500020980835,4.650000095367432,4.65500020980835,500.0
2026-10-06 13:27:00,BIG.V,,1.2200000286102295,1.2200000286102295,1.2200000286102295,1.2200000286102295,600.0
2026-10-06 13:27:00,FL.V,,0.41999998688697815,0.41999998688697815,0.41999998688697815,0.41999998688697815,500.0
2026-10-06 13:27:00,GAL.V,,0.4699999988079071,0.4699999988079071,0.4699999988079071,0.4699999988079071,2500.0
2026-10-06 13:27:00,GWM.V,,1.0499999523162842,1.0499999523162842,1.0499999523162842,1.0499999523162842,300.0
2026-10-06 13:27:00,KLD.V,,2.4000000953674316,2.4000000953674316,2.4000000953674316,2.4000000953674316,15200.0
2026-10-06 13:27:00,LIFT.V,,2.0199999809265137,2.0199999809265137,2.0199999809265137,2.0199999809265137,700.0
2026-10-06 13:27:00,LMN.V,,21.25,21.25,21.25,21.25,1500.0
2026-10-06 13:27:00,PNG.V,,4.659999847412109,4.659999847412109,4.65500020980835,4.65500020980835,10900.0
2026-10-06 13:27:00,TUF.V,,0.949999988079071,0.949999988079071,0.949999988079071,0.949999988079071,3270.0
2026-10-06 13:28:00,BIG.V,,1.2200000286102295,1.2200000286102295,1.2200000286102295,1.2200000286102295,600.0
2026-10-06 13:28:00,FDR.V,,8.430000305175781,8.449999809265137,8.430000305175781,8.449999809265137,950.0
2026-10-06 13:28:00,FRI.V,,0.07000000029802322,0.07000000029802322,0.07000000029802322,0.07000000029802322,77000.0
2026-10-06 13:28:00,GWM.V,,1.0499999523162842,1.0499999523162842,1.0499999523162842,1.0499999523162842,2393.0
2026-10-06 13:28:00,HME.V,,2.240000009536743,2.240000009536743,2.240000009536743,2.240000009536743,100.0
2026-10-06 13:28:00,KLDC.V,,0.33500000834465027,0.33500000834465027,0.33500000834465027,0.33500000834465027,3010.0
2026-10-06 13:28:00,LG.V,,0.41999998688697815,0.41999998688697815,0.41999998688697815,0.41999998688697815,13600.0
2026-10-06 13:28:00,LGN.V,,1.1549999713897705,1.1549999713897705,1.1549999713897705,1.1549999713897705,200.0
2026-10-06 13:29:00,BIG.V,,1.2200000286102295,1.2200000286102295,1.2200000286102295,1.2200000286102295,600.0
2026-10-06 13:29:00,FOR.V,,0.6800000071525574,0.6800000071525574,0.6800000071525574,0.6800000071525574,9000.0
2026-10-06 13:29:00,GAL.V,,0.4699999988079071,0.4699999988079071,0.4699999988079071,0.4699999988079071,2500.0
2026-10-06 13:29:00,GMG.V,,2.319999933242798,2.319999933242798,2.319999933242798,2.319999933242798,400.0
2026-10-06 13:29:00,GOT.V,,1.4500000476837158,1.4500000476837158,1.4500000476837158,1.4500000476837158,100.0
2026-10-06 13:29:00,GRDM.V,,0.17499999701976776,0.17499999701976776,0.17499999701976776,0.17499999701976776,10500.0
2026-10-06 13:29:00,GWM.V,,1.0499999523162842,1.0499999523162842,1.0499999523162842,1.0499999523162842,200.0
2026-10-06 13:29:00,LGN.V,,1.159999966621399,1.159999966621399,1.159999966621399,1.159999966621399,21500.0
2026-10-06 13:29:00,LMN.V,,21.25,21.260000228881836,21.25,21.25,801.0
2026-10-06 13:29:00,PNG.V,,4.670000076293945,4.670000076293945,4.670000076293945,4.670000076293945,500.0
2026-10-06 13:29:00,TUF.V,,0.949999988079071,0.949999988079071,0.949999988079071,0.949999988079071,3500.0
2026-10-06 13:30:00,BIG.V,,1.2200000286102295,1.225000023841858,1.2200000286102295,1.2200000286102295,26910.0
2026-10-06 13:30:00,GMG.V,,2.309999942779541,2.319999933242798,2.309999942779541,2.319999933242798,502.0
2026-10-06 13:30:00,GWM.V,,1.0499999523162842,1.0499999523162842,1.0499999523162842,1.0499999523162842,100.0
2026-10-06 13:30:00,KFR.V,,1.0399999618530273,1.0399999618530273,1.0399999618530273,1.0399999618530273,11200.0
2026-10-06 13:30:00,KTN.V,,1.159999966621399,1.159999966621399,1.159999966621399,1.159999966621399,100.0
2026-10-06 13:30:00,LG.V,,0.41499999165534973,0.41499999165534973,0.41499999165534973,0.41499999165534973,76000.0
2026-10-06 13:30:00,LGN.V,,1.159999966621399,1.159999966621399,1.159999966621399,1.159999966621399,47400.0
2026-10-06 13:30:00,LIO.V,,0.18000000715255737,0.18000000715255737,0.18000000715255737,0.18000000715255737,3000.0
2026-10-06 13:30:00,LMN.V,,21.25,21.25,21.25,21.25,100.0
2026-10-06 13:30:00,PNG.V,,4.670000076293945,4.670000076293945,4.670000076293945,4.670000076293945,592.0
2026-10-06 13:31:00,FDR.V,,8.460000038146973,8.460000038146973,8.449999809265137,8.460000038146973,700.0
2026-10-06 13:31:00,GAL.V,,0.4699999988079071,0.4699999988079071,0.4699999988079071,0.4699999988079071,2500.0
2026-10-06 13:31:00,GMG.V,,2.309999942779541,2.309999942779541,2.309999942779541,2.309999942779541,502.0
2026-10-06 13:31:00,GPAC.V,,0.14499999582767487,0.14499999582767487,0.14499999582767487,0.14499999582767487,2500.0
2026-10-06 13:31:00,GWM.V,,1.0499999523162842,1.0499999523162842,1.0499999523162842,1.0499999523162842,200.0
2026-10-06 13:31:00,HAR.V,,0.05000000074505806,0.05000000074505806,0.05000000074505806,0.05000000074505806,3900.0
2026-10-06 13:31:00,HME.V,,2.240000009536743,2.240000009536743,2.240000009536743,2.240000009536743,100.0
2026-10-06 13:31:00,KIP.V,,0.20999999344348907,0.20999999344348907,0.20999999344348907,0.20999999344348907,6500.0
2026-10-06 13:31:00,LG.V,,0.41499999165534973,0.41499999165534973,0.41499999165534973,0.41499999165534973,100000.0
2026-10-06 13:31:00,LGN.V,,1.159999966621399,1.159999966621399,1.159999966621399,1.159999966621399,700.0
2026-10-06 13:31:00,LMN.V,,21.299999237060547,21.329999923706055,21.25,21.25,1200.0
2026-10-06 13:31:00,PNG.V,,4.675000190734863,4.679999828338623,4.670000076293945,4.670000076293945,3107.0
2026-10-06 13:32:00,BIG.V,,1.2200000286102295,1.2200000286102295,1.2200000286102295,1.2200000286102295,400.0
2026-10-06 13:32:00,GWM.V,,1.0499999523162842,1.0499999523162842,1.0499999523162842,1.0499999523162842,100.0
2026-10-06 13:32:00,IFOS.V,,2.1700000762939453,2.1700000762939453,2.1700000762939453,2.1700000762939453,200.0
2026-10-06 13:32:00,KDK.V,,0.7400000095367432,0.7400000095367432,0.7400000095367432,0.7400000095367432,13500.0
2026-10-06 13:32:00,LGN.V,,1.159999966621399,1.159999966621399,1.159999966621399,1.159999966621399,800.0
2026-10-06 13:32:00,LIFT.V,,2.0199999809265137,2.0199999809265137,2.0199999809265137,2.0199999809265137,800.0
2026-10-06 13:32:00,MCF.V,,0.014999999664723873,0.014999999664723873,0.014999999664723873,0.014999999664723873,50500.0
2026-10-06 13:32:00,MFG.V,,3.690000057220459,3.700000047683716,3.690000057220459,3.700000047683716,1177.0
2026-10-06 13:32:00,PNG.V,,4.670000076293945,4.675000190734863,4.670000076293945,4.675000190734863,14100.0
2026-10-06 13:32:00,TUF.V,,0.949999988079071,0.949999988079071,0.949999988079071,0.949999988079071,500.0
2026-10-06 13:33:00,GAL.V,,0.4699999988079071,0.4699999988079071,0.4675000011920929,0.4699999988079071,3500.0
2026-10-06 13:33:00,GWM.V,,1.0499999523162842,1.0499999523162842,1.0499999523162842,1.0499999523162842,200.0
2026-10-06 13:33:00,KDK.V,,0.7400000095367432,0.7400000095367432,0.7400000095367432,0.7400000095367432,1000.0
2026-10-06 13:33:00,LBNK.V,,0.5299999713897705,0.5299999713897705,0.5299999713897705,0.5299999713897705,1000.0
2026-10-06 13:33:00,LGN.V,,1.159999966621399,1.159999966621399,1.159999966621399,1.159999966621399,1200.0
2026-10-06 13:33:00,LRA.V,,3.940000057220459,3.940000057220459,3.940000057220459,3.940000057220459,400.0
2026-10-06 13:33:00,TUF.V,,0.949999988079071,0.949999988079071,0.949999988079071,0.949999988079071,500.0
2026-10-06 13:34:00,FDR.V,,8.479999542236328,8.479999542236328,8.479999542236328,8.479999542236328,300.0
2026-10-06 13:34:00,GPAC.V,,0.14499999582767487,0.14499999582767487,0.14499999582767487,0.14499999582767487,1000.0
2026-10-06 13:34:00,GWM.V,,1.0499999523162842,1.0499999523162842,1.0499999523162842,1.0499999523162842,200.0
2026-10-06 13:34:00,HME.V,,2.244999885559082,2.244999885559082,2.244999885559082,2.244999885559082,100.0
2026-10-06 13:34:00,KDK.V,,0.7400000095367432,0.7400000095367432,0.7400000095367432,0.7400000095367432,500.0
2026-10-06 13:34:00,LGN.V,,1.159999966621399,1.159999966621399,1.159999966621399,1.159999966621399,500.0
2026-10-06 13:34:00,PNG.V,,4.679999828338623,4.679999828338623,4.679999828338623,4.679999828338623,1000.0
2026-10-06 13:34:00,TUF.V,,0.9599999785423279,0.9599999785423279,0.949999988079071,0.949999988079071,18500.0
2026-10-06 13:35:00,FAIR.V,,0.04500000178813934,0.04500000178813934,0.04500000178813934,0.04500000178813934,0.0
2026-10-06 13:35:00,FDR.V,,8.460000038146973,8.479999542236328,8.460000038146973,8.479999542236328,800.0
2026-10-06 13:35:00,FWZ.V,,2.8399999141693115,2.8399999141693115,2.8399999141693115,2.8399999141693115,100.0
2026-10-06 13:35:00,GWM.V,,1.0499999523162842,1.0499999523162842,1.0499999523162842,1.0499999523162842,100.0
2026-10-06 13:35:00,KDK.V,,0.7400000095367432,0.7400000095367432,0.7400000095367432,0.7400000095367432,10000.0
2026-10-06 13:35:00,LGN.V,,1.159999966621399,1.159999966621399,1.159999966621399,1.159999966621399,500.0
2026-10-06 13:35:00,MINE.V,,0.14499999582767487,0.14499999582767487,0.14499999582767487,0.14499999582767487,500.0
2026-10-06 13:35:00,TUF.V,,0.9599999785423279,0.9599999785423279,0.9599999785423279,0.9599999785423279,500.0
2026-10-06 13:36:00,EVER.V,,0.2549999952316284,0.2549999952316284,0.2549999952316284,0.2549999952316284,500.0
2026-10-06 13:36:00,FDR.V,,8.460000038146973,8.460000038146973,8.460000038146973,8.460000038146973,1000.0
2026-10-06 13:36:00,FRI.V,,0.07000000029802322,0.07000000029802322,0.07000000029802322,0.07000000029802322,7000.0
2026-10-06 13:36:00,GAL.V,,0.4699999988079071,0.4699999988079071,0.4699999988079071,0.4699999988079071,1000.0
2026-10-06 13:36:00,GGO.V,,1.2999999523162842,1.2999999523162842,1.2999999523162842,1.2999999523162842,2400.0
2026-10-06 13:36:00,GOT.V,,1.4500000476837158,1.4500000476837158,1.4500000476837158,1.4500000476837158,100.0
2026-10-06 13:36:00,GPAC.V,,0.14499999582767487,0.14499999582767487,0.14499999582767487,0.14499999582767487,6000.0
2026-10-06 13:36:00,GWM.V,,1.0499999523162842,1.0499999523162842,1.0499999523162842,1.0499999523162842,100.0
2026-10-06 13:36:00,HME.V,,2.240000009536743,2.240000009536743,2.240000009536743,2.240000009536743,100.0
2026-10-06 13:36:00,KFR.V,,1.0299999713897705,1.0299999713897705,1.0299999713897705,1.0299999713897705,100.0
2026-10-06 13:36:00,KLD.V,,2.390000104904175,2.390000104904175,2.390000104904175,2.390000104904175,100.0
2026-10-06 13:36:00,KTN.V,,1.159999966621399,1.159999966621399,1.159999966621399,1.159999966621399,100.0
2026-10-06 13:36:00,LGN.V,,1.159999966621399,1.159999966621399,1.159999966621399,1.159999966621399,600.0
2026-10-06 13:36:00,ZNG.V,,0.7200000286102295,0.7200000286102295,0.7200000286102295,0.7200000286102295,500.0
2026-10-06 13:37:00,BIG.V,,1.2200000286102295,1.225000023841858,1.215000033378601,1.215000033378601,3200.0
2026-10-06 13:37:00,EVER.V,,0.2549999952316284,0.2549999952316284,0.2549999952316284,0.2549999952316284,500.0
2026-10-06 13:37:00,FRED.V,,0.6899999976158142,0.6899999976158142,0.6899999976158142,0.6899999976158142,928.0
2026-10-06 13:37:00,FWZ.V,,2.8299999237060547,2.8399999141693115,2.819999933242798,2.8399999141693115,15405.0
2026-10-06 13:37:00,GAL.V,,0.4699999988079071,0.4699999988079071,0.4699999988079071,0.4699999988079071,1000.0
2026-10-06 13:37:00,GWM.V,,1.0499999523162842,1.0499999523162842,1.0499999523162842,1.0499999523162842,100.0
2026-10-06 13:37:00,LGN.V,,1.159999966621399,1.159999966621399,1.159999966621399,1.159999966621399,500.0
2026-10-06 13:37:00,LMN.V,,21.489999771118164,21.489999771118164,21.40999984741211,21.40999984741211,400.0
2026-10-06 13:37:00,SCAN.V,,2.759999990463257,2.799999952316284,2.759999990463257,2.799999952316284,300.0
2026-10-06 13:37:00,TUF.V,,0.9599999785423279,0.9599999785423279,0.9599999785423279,0.9599999785423279,1500.0
2026-10-06 13:38:00,FL.V,,0.41999998688697815,0.41999998688697815,0.41999998688697815,0.41999998688697815,1000.0
2026-10-06 13:38:00,FWZ.V,,2.8399999141693115,2.8399999141693115,2.8399999141693115,2.8399999141693115,100.0
2026-10-06 13:38:00,GAL.V,,0.4699999988079071,0.4699999988079071,0.4699999988079071,0.4699999988079071,1000.0
2026-10-06 13:38:00,GSP.V,,0.14499999582767487,0.14499999582767487,0.14499999582767487,0.14499999582767487,6001.0
2026-10-06 13:38:00,GWM.V,,1.0499999523162842,1.0499999523162842,1.0499999523162842,1.0499999523162842,100.0
2026-10-06 13:38:00,IFOS.V,,2.1700000762939453,2.1700000762939453,2.1700000762939453,2.1700000762939453,100.0
2026-10-06 13:38:00,KFR.V,,1.0299999713897705,1.0299999713897705,1.0299999713897705,1.0299999713897705,100.0
2026-10-06 13:38:00,KTN.V,,1.159999966621399,1.159999966621399,1.159999966621399,1.159999966621399,100.0
2026-10-06 13:38:00,PNG.V,,4.675000190734863,4.679999828338623,4.670000076293945,4.679999828338623,15100.0
2026-10-06 13:38:00,TUF.V,,0.949999988079071,0.949999988079071,0.949999988079071,0.949999988079071,2500.0
2026-10-06 13:39:00,EVER.V,,0.2549999952316284,0.2549999952316284,0.2549999952316284,0.2549999952316284,500.0
2026-10-06 13:39:00,GAL.V,,0.4650000035762787,0.4699999988079071,0.4650000035762787,0.4699999988079071,3500.0
2026-10-06 13:39:00,GWM.V,,1.0499999523162842,1.0499999523162842,1.0499999523162842,1.0499999523162842,300.0
2026-10-06 13:39:00,HME.V,,2.240000009536743,2.240000009536743,2.240000009536743,2.240000009536743,100.0
2026-10-06 13:39:00,KLD.V,,2.4000000953674316,2.4000000953674316,2.4000000953674316,2.4000000953674316,200.0
2026-10-06 13:39:00,PNG.V,,4.675000190734863,4.679999828338623,4.675000190734863,4.679999828338623,200.0
2026-10-06 13:39:00,ROAR.V,,0.22499999403953552,0.22499999403953552,0.22499999403953552,0.22499999403953552,10000.0
2026-10-06 13:40:00,EVER.V,,0.2549999952316284,0.2549999952316284,0.2549999952316284,0.2549999952316284,500.0
2026-10-06 13:40:00,FMS.V,,0.4449999928474426,0.4449999928474426,0.4449999928474426,0.4449999928474426,1500.0
2026-10-06 13:40:00,FWZ.V,,2.8399999141693115,2.8399999141693115,2.8299999237060547,2.8299999237060547,42700.0
2026-10-06 13:40:00,GAL.V,,0.4699999988079071,0.4699999988079071,0.4699999988079071,0.4699999988079071,1000.0
2026-10-06 13:40:00,GLD.V,,0.03999999910593033,0.03999999910593033,0.03999999910593033,0.03999999910593033,1948.0
2026-10-06 13:40:00,GOT.V,,1.4500000476837158,1.4500000476837158,1.4500000476837158,1.4500000476837158,1500.0
2026-10-06 13:40:00,GWM.V,,1.0499999523162842,1.0499999523162842,1.0499999523162842,1.0499999523162842,200.0
2026-10-06 13:40:00,KFR.V,,1.0299999713897705,1.0299999713897705,1.0299999713897705,1.0299999713897705,100.0
2026-10-06 13:40:00,LGN.V,,1.159999966621399,1.1699999570846558,1.159999966621399,1.1699999570846558,4400.0
2026-10-06 13:40:00,LIO.V,,0.18000000715255737,0.18000000715255737,0.18000000715255737,0.18000000715255737,7000.0
2026-10-06 13:40:00,LMN.V,,21.270000457763672,21.270000457763672,21.270000457763672,21.270000457763672,100.0
2026-10-06 13:40:00,MINE.V,,0.15000000596046448,0.15000000596046448,0.15000000596046448,0.15000000596046448,7500.0
2026-10-06 13:40:00,PNG.V,,4.679999828338623,4.679999828338623,4.679999828338623,4.679999828338623,300.0
2026-10-06 13:41:00,EVER.V,,0.2549999952316284,0.2549999952316284,0.2549999952316284,0.2549999952316284,500.0
2026-10-06 13:41:00,FDR.V,,8.40999984741211,8.40999984741211,8.40999984741211,8.40999984741211,200.0
2026-10-06 13:41:00,FWZ.V,,2.8399999141693115,2.8399999141693115,2.8399999141693115,2.8399999141693115,100.0
2026-10-06 13:41:00,GAL.V,,0.4699999988079071,0.4699999988079071,0.4699999988079071,0.4699999988079071,1000.0
2026-10-06 13:41:00,GWM.V,,1.0499999523162842,1.0499999523162842,1.0499999523162842,1.0499999523162842,100.0
2026-10-06 13:41:00,KLDC.V,,0.33000001311302185,0.33000001311302185,0.33000001311302185,0.33000001311302185,500.0
2026-10-06 13:41:00,LGN.V,,1.159999966621399,1.159999966621399,1.159999966621399,1.159999966621399,500.0
2026-10-06 13:41:00,LMN.V,,21.270000457763672,21.270000457763672,21.270000457763672,21.270000457763672,100.0
2026-10-06 13:41:00,MTX.V,,0.014999999664723873,0.014999999664723873,0.014999999664723873,0.014999999664723873,237000.0
2026-10-06 13:41:00,PNG.V,,4.650000095367432,4.679999828338623,4.650000095367432,4.679999828338623,14965.0
2026-10-06 13:42:00,FDR.V,,8.359999656677246,8.359999656677246,8.359999656677246,8.359999656677246,875.0
2026-10-06 13:42:00,GAL.V,,0.4699999988079071,0.4699999988079071,0.4699999988079071,0.4699999988079071,2000.0
2026-10-06 13:42:00,GWM.V,,1.0499999523162842,1.0499999523162842,1.0499999523162842,1.0499999523162842,200.0
2026-10-06 13:42:00,HME.V,,2.240000009536743,2.240000009536743,2.240000009536743,2.240000009536743,100.0
2026-10-06 13:42:00,KFR.V,,1.0299999713897705,1.0299999713897705,1.0299999713897705,1.0299999713897705,100.0
2026-10-06 13:42:00,KTN.V,,1.159999966621399,1.159999966621399,1.159999966621399,1.159999966621399,100.0
2026-10-06 13:42:00,LGN.V,,1.159999966621399,1.159999966621399,1.159999966621399,1.159999966621399,600.0
2026-10-06 13:42:00,LMN.V,,21.219999313354492,21.270000457763672,21.219999313354492,21.270000457763672,570.0
2026-10-06 13:42:00,PNG.V,,4.650000095367432,4.659999847412109,4.650000095367432,4.659999847412109,400.0
2026-10-06 13:42:00,TUF.V,,0.9399999976158142,0.9399999976158142,0.9399999976158142,0.9399999976158142,500.0
2026-10-06 13:43:00,EVER.V,,0.25999999046325684,0.25999999046325684,0.25999999046325684,0.25999999046325684,500.0
2026-10-06 13:43:00,FDR.V,,8.359999656677246,8.359999656677246,8.3100004196167,8.3100004196167,5500.0
2026-10-06 13:43:00,GAL.V,,0.4699999988079071,0.4699999988079071,0.4699999988079071,0.4699999988079071,1000.0
2026-10-06 13:43:00,GOT.V,,1.4550000429153442,1.4550000429153442,1.4550000429153442,1.4550000429153442,100.0
2026-10-06 13:43:00,GWM.V,,1.0499999523162842,1.0499999523162842,1.0499999523162842,1.0499999523162842,200.0
2026-10-06 13:43:00,LGN.V,,1.159999966621399,1.159999966621399,1.159999966621399,1.159999966621399,600.0
2026-10-06 13:43:00,LMN.V,,21.229999542236328,21.299999237060547,21.219999313354492,21.219999313354492,900.0
2026-10-06 13:43:00,LTH.V,,0.5,0.5,0.5,0.5,500.0
2026-10-06 13:43:00,PNG.V,,4.644999980926514,4.650000095367432,4.639999866485596,4.650000095367432,7450.0
2026-10-06 13:44:00,BIG.V,,1.215000033378601,1.2200000286102295,1.215000033378601,1.2200000286102295,900.0
2026-10-06 13:44:00,EVER.V,,0.26499998569488525,0.26499998569488525,0.26499998569488525,0.26499998569488525,500.0
2026-10-06 13:44:00,GAL.V,,0.4699999988079071,0.4699999988079071,0.4699999988079071,0.4699999988079071,1000.0
2026-10-06 13:44:00,GGO.V,,1.2999999523162842,1.2999999523162842,1.2999999523162842,1.2999999523162842,900.0
2026-10-06 13:44:00,GWM.V,,1.0499999523162842,1.0499999523162842,1.0499999523162842,1.0499999523162842,200.0
2026-10-06 13:44:00,LG.V,,0.41499999165534973,0.41499999165534973,0.41499999165534973,0.41499999165534973,4000.0
2026-10-06 13:44:00,LGN.V,,1.159999966621399,1.159999966621399,1.159999966621399,1.159999966621399,500.0
2026-10-06 13:44:00,PNG.V,,4.650000095367432,4.650000095367432,4.639999866485596,4.639999866485596,5100.0
2026-10-06 13:44:00,TUF.V,,0.9399999976158142,0.9399999976158142,0.9399999976158142,0.9399999976158142,500.0
2026-10-06 13:45:00,BIG.V,,1.2200000286102295,1.2200000286102295,1.2200000286102295,1.2200000286102295,600.0
2026-10-06 13:45:00,EVER.V,,0.26499998569488525,0.26499998569488525,0.26499998569488525,0.26499998569488525,500.0
2026-10-06 13:45:00,FDR.V,,8.380000114440918,8.380000114440918,8.380000114440918,8.380000114440918,100.0
2026-10-06 13:45:00,GAL.V,,0.4699999988079071,0.4699999988079071,0.4699999988079071,0.4699999988079071,1000.0
2026-10-06 13:45:00,GRSL.V,,0.30000001192092896,0.30000001192092896,0.30000001192092896,0.30000001192092896,500.0
2026-10-06 13:45:00,GWM.V,,1.0499999523162842,1.0499999523162842,1.0499999523162842,1.0499999523162842,100.0
2026-10-06 13:45:00,HME.V,,2.240000009536743,2.240000009536743,2.240000009536743,2.240000009536743,100.0
2026-10-06 13:45:00,KFR.V,,1.0299999713897705,1.0299999713897705,1.0299999713897705,1.0299999713897705,100.0
2026-10-06 13:45:00,KIP.V,,0.1899999976158142,0.1899999976158142,0.1899999976158142,0.1899999976158142,17702.0
2026-10-06 13:45:00,LG.V,,0.41499999165534973,0.41499999165534973,0.41499999165534973,0.41499999165534973,500.0
2026-10-06 13:45:00,LGN.V,,1.159999966621399,1.159999966621399,1.159999966621399,1.159999966621399,300.0
2026-10-06 13:45:00,LMN.V,,21.3700008392334,21.3700008392334,21.3700008392334,21.3700008392334,600.0
2026-10-06 13:45:00,MFG.V,,3.700000047683716,3.700000047683716,3.700000047683716,3.700000047683716,300.0
2026-10-06 13:45:00,PNG.V,,4.650000095367432,4.650000095367432,4.650000095367432,4.650000095367432,1000.0
2026-10-06 13:45:00,TUF.V,,0.9449999928474426,0.949999988079071,0.9449999928474426,0.949999988079071,1500.0
2026-10-06 13:46:00,BIG.V,,1.215000033378601,1.215000033378601,1.215000033378601,1.215000033378601,100.0
2026-10-06 13:46:00,FDR.V,,8.350000381469727,8.369999885559082,8.350000381469727,8.369999885559082,400.0
2026-10-06 13:46:00,GAL.V,,0.4699999988079071,0.4699999988079071,0.4699999988079071,0.4699999988079071,8000.0
2026-10-06 13:46:00,GMG.V,,2.309999942779541,2.319999933242798,2.309999942779541,2.319999933242798,700.0
2026-10-06 13:46:00,GPH.V,,0.8700000047683716,0.8700000047683716,0.8700000047683716,0.8700000047683716,500.0
2026-10-06 13:46:00,GWM.V,,1.0499999523162842,1.0499999523162842,1.0499999523162842,1.0499999523162842,200.0
2026-10-06 13:46:00,LGN.V,,1.159999966621399,1.159999966621399,1.159999966621399,1.159999966621399,500.0
2026-10-06 13:46:00,PNG.V,,4.670000076293945,4.675000190734863,4.659999847412109,4.659999847412109,8000.0
2026-10-06 13:46:00,TUF.V,,0.9350000023841858,0.9449999928474426,0.9350000023841858,0.9449999928474426,5500.0
2026-10-06 13:47:00,BIG.V,,1.2200000286102295,1.2200000286102295,1.2200000286102295,1.2200000286102295,600.0
2026-10-06 13:47:00,EVER.V,,0.26499998569488525,0.26499998569488525,0.26499998569488525,0.26499998569488525,500.0
2026-10-06 13:47:00,GAL.V,,0.4699999988079071,0.4699999988079071,0.4699999988079071,0.4699999988079071,1000.0
2026-10-06 13:47:00,GPAC.V,,0.14499999582767487,0.14499999582767487,0.14499999582767487,0.14499999582767487,4500.0
2026-10-06 13:47:00,GWM.V,,1.0499999523162842,1.0499999523162842,1.0499999523162842,1.0499999523162842,100.0
2026-10-06 13:47:00,HME.V,,2.240000009536743,2.240000009536743,2.240000009536743,2.240000009536743,300.0
2026-10-06 13:47:00,KFR.V,,1.034999966621399,1.034999966621399,1.034999966621399,1.034999966621399,100.0
2026-10-06 13:47:00,LGN.V,,1.159999966621399,1.159999966621399,1.159999966621399,1.159999966621399,400.0
2026-10-06 13:47:00,LIFT.V,,2.0199999809265137,2.0199999809265137,2.0199999809265137,2.0199999809265137,100.0
2026-10-06 13:47:00,MFG.V,,3.680000066757202,3.680000066757202,3.680000066757202,3.680000066757202,100.0
2026-10-06 13:47:00,MMX.V,,0.05000000074505806,0.05000000074505806,0.05000000074505806,0.05000000074505806,1311.0
2026-10-06 13:47:00,PNG.V,,4.679999828338623,4.679999828338623,4.679999828338623,4.679999828338623,300.0
2026-10-06 13:47:00,TUF.V,,0.9350000023841858,0.9399999976158142,0.9350000023841858,0.9350000023841858,2000.0
2026-10-06 13:48:00,BIG.V,,1.2200000286102295,1.2200000286102295,1.2200000286102295,1.2200000286102295,600.0
2026-10-06 13:48:00,CELL.V,,0.014999999664723873,0.014999999664723873,0.014999999664723873,0.014999999664723873,20000.0
2026-10-06 13:48:00,EVER.V,,0.26499998569488525,0.26499998569488525,0.26499998569488525,0.26499998569488525,500.0
2026-10-06 13:48:00,GAL.V,,0.4699999988079071,0.4699999988079071,0.4699999988079071,0.4699999988079071,9500.0
2026-10-06 13:48:00,GWM.V,,1.0499999523162842,1.0499999523162842,1.0499999523162842,1.0499999523162842,200.0
2026-10-06 13:48:00,IFOS.V,,2.1600000858306885,2.1600000858306885,2.1600000858306885,2.1600000858306885,100.0
2026-10-06 13:48:00,KTN.V,,1.159999966621399,1.159999966621399,1.159999966621399,1.159999966621399,100.0
2026-10-06 13:48:00,LGN.V,,1.159999966621399,1.159999966621399,1.159999966621399,1.159999966621399,400.0
2026-10-06 13:48:00,LIO.V,,0.18000000715255737,0.18000000715255737,0.18000000715255737,0.18000000715255737,500.0
2026-10-06 13:48:00,LMN.V,,21.389999389648438,21.389999389648438,21.389999389648438,21.389999389648438,102.0
2026-10-06 13:48:00,MTA.V,,13.100000381469727,13.109999656677246,13.100000381469727,13.109999656677246,200.0
2026-10-06 13:48:00,TUF.V,,0.9350000023841858,0.9350000023841858,0.9350000023841858,0.9350000023841858,500.0
2026-10-06 13:49:00,BIG.V,,1.2200000286102295,1.2200000286102295,1.2200000286102295,1.2200000286102295,600.0
2026-10-06 13:49:00,EVER.V,,0.26499998569488525,0.26499998569488525,0.26499998569488525,0.26499998569488525,500.0
2026-10-06 13:49:00,FDR.V,,8.3100004196167,8.34000015258789,8.3100004196167,8.329999923706055,700.0
2026-10-06 13:49:00,FWZ.V,,2.8299999237060547,2.8299999237060547,2.8299999237060547,2.8299999237060547,100.0
2026-10-06 13:49:00,GLDN.V,,0.08500000089406967,0.08500000089406967,0.08500000089406967,0.08500000089406967,25000.0
2026-10-06 13:49:00,GPAC.V,,0.14499999582767487,0.14499999582767487,0.14499999582767487,0.14499999582767487,1000.0
2026-10-06 13:49:00,GWM.V,,1.0499999523162842,1.0499999523162842,1.0499999523162842,1.0499999523162842,100.0
2026-10-06 13:49:00,HME.V,,2.240000009536743,2.240000009536743,2.240000009536743,2.240000009536743,100.0
2026-10-06 13:49:00,KFR.V,,1.0299999713897705,1.0299999713897705,1.0299999713897705,1.0299999713897705,100.0
2026-10-06 13:49:00,LGN.V,,1.159999966621399,1.159999966621399,1.159999966621399,1.159999966621399,400.0
2026-10-06 13:49:00,MGM.V,,3.0,3.0,3.0,3.0,100.0
2026-10-06 13:49:00,MTA.V,,13.069999694824219,13.069999694824219,13.069999694824219,13.069999694824219,200.0
2026-10-06 13:49:00,PNG.V,,4.670000076293945,4.675000190734863,4.670000076293945,4.675000190734863,12400.0
2026-10-06 13:49:00,SCAN.V,,2.799999952316284,2.799999952316284,2.799999952316284,2.799999952316284,255.0
2026-10-06 13:50:00,FDR.V,,8.3100004196167,8.3100004196167,8.3100004196167,8.3100004196167,400.0
2026-10-06 13:50:00,FMS.V,,0.44999998807907104,0.44999998807907104,0.44999998807907104,0.44999998807907104,3500.0
2026-10-06 13:50:00,GWM.V,,1.0499999523162842,1.0499999523162842,1.0499999523162842,1.0499999523162842,200.0
2026-10-06 13:50:00,LGN.V,,1.159999966621399,1.159999966621399,1.159999966621399,1.159999966621399,300.0
2026-10-06 13:51:00,EVER.V,,0.26499998569488525,0.26499998569488525,0.26499998569488525,0.26499998569488525,500.0
2026-10-06 13:51:00,FDR.V,,8.279999732971191,8.300000190734863,8.279999732971191,8.300000190734863,2600.0
2026-10-06 13:51:00,GGO.V,,1.309999942779541,1.309999942779541,1.309999942779541,1.309999942779541,300.0
2026-10-06 13:51:00,GOT.V,,1.4550000429153442,1.4550000429153442,1.4550000429153442,1.4550000429153442,100.0
2026-10-06 13:51:00,GRSL.V,,0.30000001192092896,0.30000001192092896,0.30000001192092896,0.30000001192092896,500.0
2026-10-06 13:51:00,GSR.V,,0.33000001311302185,0.33000001311302185,0.33000001311302185,0.33000001311302185,2500.0
2026-10-06 13:51:00,GWM.V,,1.0499999523162842,1.0499999523162842,1.0499999523162842,1.0499999523162842,200.0
2026-10-06 13:51:00,HITI.V,,3.8499999046325684,3.8499999046325684,3.8399999141693115,3.8399999141693115,1200.0
2026-10-06 13:51:00,KFR.V,,1.0299999713897705,1.0299999713897705,1.0299999713897705,1.0299999713897705,100.0
2026-10-06 13:51:00,LBNK.V,,0.5299999713897705,0.5299999713897705,0.5299999713897705,0.5299999713897705,1000.0
2026-10-06 13:51:00,LGN.V,,1.159999966621399,1.159999966621399,1.159999966621399,1.159999966621399,400.0
2026-10-06 13:51:00,LMG.V,,0.4000000059604645,0.4000000059604645,0.4000000059604645,0.4000000059604645,0.0
2026-10-06 13:51:00,LMS.V,,0.22499999403953552,0.23000000417232513,0.22499999403953552,0.23000000417232513,7000.0
2026-10-06 13:51:00,MTA.V,,13.069999694824219,13.069999694824219,13.069999694824219,13.069999694824219,100.0
2026-10-06 13:51:00,PNG.V,,4.670000076293945,4.670000076293945,4.670000076293945,4.670000076293945,600.0
2026-10-06 13:52:00,BIG.V,,1.225000023841858,1.225000023841858,1.225000023841858,1.225000023841858,1300.0
2026-10-06 13:52:00,EVER.V,,0.26499998569488525,0.26499998569488525,0.26499998569488525,0.26499998569488525,500.0
2026-10-06 13:52:00,FOBI.V,,0.029999999329447746,0.029999999329447746,0.029999999329447746,0.029999999329447746,2000.0
2026-10-06 13:52:00,GWM.V,,1.0499999523162842,1.0499999523162842,1.0499999523162842,1.0499999523162842,200.0
2026-10-06 13:52:00,HME.V,,2.240000009536743,2.240000009536743,2.240000009536743,2.240000009536743,100.0
2026-10-06 13:52:00,LGN.V,,1.159999966621399,1.159999966621399,1.159999966621399,1.159999966621399,300.0
2026-10-06 13:52:00,LIFT.V,,2.0399999618530273,2.0399999618530273,2.0199999809265137,2.0199999809265137,6000.0
2026-10-06 13:52:00,PNG.V,,4.670000076293945,4.679999828338623,4.670000076293945,4.679999828338623,5900.0
2026-10-06 13:52:00,TUF.V,,0.9350000023841858,0.9350000023841858,0.9350000023841858,0.9350000023841858,500.0
2026-10-06 13:53:00,BIG.V,,1.225000023841858,1.225000023841858,1.225000023841858,1.225000023841858,100.0
2026-10-06 13:53:00,EVER.V,,0.26499998569488525,0.26499998569488525,0.26499998569488525,0.26499998569488525,500.0
2026-10-06 13:53:00,GWM.V,,1.0499999523162842,1.0499999523162842,1.0499999523162842,1.0499999523162842,100.0
2026-10-06 13:53:00,HME.V,,2.240000009536743,2.240000009536743,2.240000009536743,2.240000009536743,100.0
2026-10-06 13:53:00,KDK.V,,0.7300000190734863,0.7300000190734863,0.7300000190734863,0.7300000190734863,500.0
2026-10-06 13:53:00,KFR.V,,1.034999966621399,1.034999966621399,1.0299999713897705,1.034999966621399,2600.0
2026-10-06 13:53:00,KLD.V,,2.380000114440918,2.380000114440918,2.380000114440918,2.380000114440918,1500.0
2026-10-06 13:53:00,LGN.V,,1.1699999570846558,1.1699999570846558,1.159999966621399,1.159999966621399,2900.0
2026-10-06 13:53:00,SCAN.V,,2.799999952316284,2.799999952316284,2.799999952316284,2.799999952316284,200.0
2026-10-06 13:53:00,TUF.V,,0.9350000023841858,0.9399999976158142,0.9350000023841858,0.9399999976158142,4000.0
2026-10-06 13:54:00,BIG.V,,1.2300000190734863,1.2300000190734863,1.2300000190734863,1.2300000190734863,700.0
2026-10-06 13:54:00,FDR.V,,8.270000457763672,8.270000457763672,8.270000457763672,8.270000457763672,100.0
2026-10-06 13:54:00,GWM.V,,1.0499999523162842,1.0499999523162842,1.0499999523162842,1.0499999523162842,200.0
2026-10-06 13:54:00,KTN.V,,1.159999966621399,1.159999966621399,1.159999966621399,1.159999966621399,100.0
2026-10-06 13:54:00,LGC.V,,3.0999999046325684,3.0999999046325684,3.0999999046325684,3.0999999046325684,100.0
2026-10-06 13:54:00,PNG.V,,4.679999828338623,4.679999828338623,4.679999828338623,4.679999828338623,300.0
2026-10-06 13:54:00,TUF.V,,0.9399999976158142,0.9399999976158142,0.9399999976158142,0.9399999976158142,3000.0
2026-10-06 13:55:00,EVER.V,,0.26499998569488525,0.26499998569488525,0.26499998569488525,0.26499998569488525,500.0
2026-10-06 13:55:00,FDR.V,,8.25,8.260000228881836,8.25,8.260000228881836,1100.0
2026-10-06 13:55:00,GWM.V,,1.0499999523162842,1.0499999523162842,1.0499999523162842,1.0499999523162842,100.0
2026-10-06 13:55:00,HITI.V,,3.8499999046325684,3.8499999046325684,3.8499999046325684,3.8499999046325684,100.0
2026-10-06 13:55:00,KFR.V,,1.034999966621399,1.034999966621399,1.034999966621399,1.034999966621399,100.0
2026-10-06 13:55:00,LGN.V,,1.1699999570846558,1.1699999570846558,1.1699999570846558,1.1699999570846558,400.0
2026-10-06 13:56:00,BIG.V,,1.2300000190734863,1.2300000190734863,1.2300000190734863,1.2300000190734863,600.0
2026-10-06 13:56:00,EVER.V,,0.26499998569488525,0.26499998569488525,0.26499998569488525,0.26499998569488525,500.0
2026-10-06 13:56:00,FDR.V,,8.289999961853027,8.289999961853027,8.255000114440918,8.270000457763672,11200.0
2026-10-06 13:56:00,FL.V,,0.41999998688697815,0.41999998688697815,0.41999998688697815,0.41999998688697815,500.0
2026-10-06 13:56:00,FOR.V,,0.6600000262260437,0.6600000262260437,0.6600000262260437,0.6600000262260437,500.0
2026-10-06 13:56:00,GAR-H.V,,0.1550000011920929,0.1550000011920929,0.1550000011920929,0.1550000011920929,1000.0
2026-10-06 13:56:00,GOT.V,,1.4500000476837158,1.4550000429153442,1.4500000476837158,1.4550000429153442,3600.0
2026-10-06 13:56:00,GWM.V,,1.0499999523162842,1.059999942779541,1.0499999523162842,1.059999942779541,200.0
2026-10-06 13:56:00,LGN.V,,1.1699999570846558,1.1699999570846558,1.1699999570846558,1.1699999570846558,14300.0
2026-10-06 13:56:00,LIFT.V,,2.0199999809265137,2.0199999809265137,2.0199999809265137,2.0199999809265137,100.0
2026-10-06 13:56:00,MFG.V,,3.700000047683716,3.700000047683716,3.690000057220459,3.690000057220459,200.0
2026-10-06 13:56:00,PNG.V,,4.670000076293945,4.670000076293945,4.670000076293945,4.670000076293945,100.0
2026-10-06 13:56:00,TUF.V,,0.9399999976158142,0.9399999976158142,0.9399999976158142,0.9399999976158142,500.0
2026-10-06 13:57:00,BIG.V,,1.2200000286102295,1.225000023841858,1.2200000286102295,1.225000023841858,3000.0
2026-10-06 13:57:00,EVER.V,,0.26499998569488525,0.26499998569488525,0.26499998569488525,0.26499998569488525,500.0
2026-10-06 13:57:00,GOT.V,,1.4500000476837158,1.4500000476837158,1.4500000476837158,1.4500000476837158,100.0
2026-10-06 13:57:00,GWM.V,,1.0499999523162842,1.0499999523162842,1.0499999523162842,1.0499999523162842,100.0
2026-10-06 13:57:00,IFOS.V,,2.1600000858306885,2.1600000858306885,2.1600000858306885,2.1600000858306885,100.0
2026-10-06 13:57:00,MDX.V,,0.05000000074505806,0.05000000074505806,0.05000000074505806,0.05000000074505806,44400.0
2026-10-06 13:57:00,PNG.V,,4.670000076293945,4.675000190734863,4.659999847412109,4.670000076293945,9400.0
2026-10-06 13:58:00,BIG.V,,1.2200000286102295,1.2200000286102295,1.2200000286102295,1.2200000286102295,100.0
2026-10-06 13:58:00,FDR.V,,8.25,8.260000228881836,8.25,8.260000228881836,600.0
2026-10-06 13:58:00,FWZ.V,,2.8399999141693115,2.8399999141693115,2.8399999141693115,2.8399999141693115,1700.0
2026-10-06 13:58:00,GAL.V,,0.4650000035762787,0.4650000035762787,0.4650000035762787,0.4650000035762787,1000.0
2026-10-06 13:58:00,GPAC.V,,0.14499999582767487,0.14499999582767487,0.14499999582767487,0.14499999582767487,100000.0
2026-10-06 13:58:00,GWM.V,,1.0499999523162842,1.0499999523162842,1.0499999523162842,1.0499999523162842,200.0
2026-10-06 13:58:00,KFR.V,,1.0399999618530273,1.0399999618530273,1.034999966621399,1.034999966621399,700.0
2026-10-06 13:58:00,KTN.V,,1.159999966621399,1.159999966621399,1.159999966621399,1.159999966621399,200.0
2026-10-06 13:58:00,LIFT.V,,2.0,2.0,2.0,2.0,200.0
2026-10-06 13:58:00,LMN.V,,21.399999618530273,21.399999618530273,21.30500030517578,21.30500030517578,1300.0
2026-10-06 13:59:00,BIG.V,,1.225000023841858,1.225000023841858,1.225000023841858,1.225000023841858,2100.0
2026-10-06 13:59:00,EVER.V,,0.26499998569488525,0.26499998569488525,0.26499998569488525,0.26499998569488525,500.0
2026-10-06 13:59:00,FDR.V,,8.350000381469727,8.350000381469727,8.300000190734863,8.300000190734863,9530.0
2026-10-06 13:59:00,FWZ.V,,2.859999895095825,2.859999895095825,2.8499999046325684,2.8499999046325684,600.0
2026-10-06 13:59:00,GOT.V,,1.4500000476837158,1.4500000476837158,1.4500000476837158,1.4500000476837158,100.0
2026-10-06 13:59:00,GWM.V,,1.0499999523162842,1.0499999523162842,1.0499999523162842,1.0499999523162842,200.0
2026-10-06 13:59:00,HME.V,,2.240000009536743,2.240000009536743,2.240000009536743,2.240000009536743,400.0
2026-10-06 13:59:00,KFR.V,,1.0399999618530273,1.0399999618530273,1.0399999618530273,1.0399999618530273,200.0
2026-10-06 13:59:00,LG.V,,0.41499999165534973,0.41499999165534973,0.41499999165534973,0.41499999165534973,19500.0
2026-10-06 13:59:00,LMN.V,,21.489999771118164,21.489999771118164,21.489999771118164,21.489999771118164,100.0
2026-10-06 13:59:00,LTH.V,,0.5,0.5,0.5,0.5,500.0
2026-10-06 13:59:00,MINE.V,,0.15000000596046448,0.15000000596046448,0.15000000596046448,0.15000000596046448,1000.0
2026-10-06 13:59:00,PNG.V,,4.679999828338623,4.679999828338623,4.670000076293945,4.679999828338623,3671.0
2026-10-06 13:59:00,TUF.V,,0.9399999976158142,0.9399999976158142,0.9399999976158142,0.9399999976158142,500.0
2026-10-06 14:00:00,BIG.V,,1.2200000286102295,1.2200000286102295,1.2200000286102295,1.2200000286102295,1300.0
2026-10-06 14:00:00,EVER.V,,0.26499998569488525,0.26499998569488525,0.26499998569488525,0.26499998569488525,500.0
2026-10-06 14:00:00,FDR.V,,8.34000015258789,8.399999618530273,8.34000015258789,8.399999618530273,700.0
2026-10-06 14:00:00,FMS.V,,0.44999998807907104,0.44999998807907104,0.44999998807907104,0.44999998807907104,2000.0
2026-10-06 14:00:00,GG.V,,2.9000000953674316,2.9000000953674316,2.9000000953674316,2.9000000953674316,405.0
2026-10-06 14:00:00,GWM.V,,1.0499999523162842,1.0499999523162842,1.0499999523162842,1.0499999523162842,200.0
2026-10-06 14:00:00,KTN.V,,1.159999966621399,1.159999966621399,1.159999966621399,1.159999966621399,100.0
2026-10-06 14:00:00,LGN.V,,1.159999966621399,1.159999966621399,1.159999966621399,1.159999966621399,600.0
2026-10-06 14:00:00,LMN.V,,21.5,21.5,21.5,21.5,1200.0
2026-10-06 14:00:00,PNG.V,,4.679999828338623,4.679999828338623,4.679999828338623,4.679999828338623,2148.0
2026-10-06 14:01:00,BIG.V,,1.2200000286102295,1.2200000286102295,1.2200000286102295,1.2200000286102295,1500.0
2026-10-06 14:01:00,EVER.V,,0.26499998569488525,0.26499998569488525,0.26499998569488525,0.26499998569488525,500.0
2026-10-06 14:01:00,FDR.V,,8.329999923706055,8.359999656677246,8.329999923706055,8.345000267028809,1300.0
2026-10-06 14:01:00,GAL.V,,0.4699999988079071,0.4699999988079071,0.4699999988079071,0.4699999988079071,500.0
2026-10-06 14:01:00,GMG.V,,2.309999942779541,2.309999942779541,2.309999942779541,2.309999942779541,16185.0
2026-10-06 14:01:00,GOT.V,,1.4500000476837158,1.4500000476837158,1.4500000476837158,1.4500000476837158,100.0
2026-10-06 14:01:00,GWM.V,,1.0499999523162842,1.0499999523162842,1.0499999523162842,1.0499999523162842,100.0
2026-10-06 14:01:00,HME.V,,2.240000009536743,2.240000009536743,2.240000009536743,2.240000009536743,100.0
2026-10-06 14:01:00,KCC.V,,1.0499999523162842,1.0499999523162842,1.0499999523162842,1.0499999523162842,2837.0
2026-10-06 14:01:00,LG.V,,0.41499999165534973,0.41499999165534973,0.41499999165534973,0.41499999165534973,1000.0
2026-10-06 14:01:00,LGN.V,,1.159999966621399,1.159999966621399,1.159999966621399,1.159999966621399,400.0
2026-10-06 14:01:00,MRVL.V,,0.11500000208616257,0.11500000208616257,0.11500000208616257,0.11500000208616257,10000.0
2026-10-06 14:01:00,PNG.V,,4.679999828338623,4.679999828338623,4.679999828338623,4.679999828338623,400.0
2026-10-06 14:02:00,BIG.V,,1.2200000286102295,1.2200000286102295,1.2200000286102295,1.2200000286102295,100.0
2026-10-06 14:02:00,FDR.V,,8.300000190734863,8.300000190734863,8.300000190734863,8.300000190734863,700.0
2026-10-06 14:02:00,GAL.V,,0.4699999988079071,0.4699999988079071,0.4699999988079071,0.4699999988079071,1000.0
2026-10-06 14:02:00,GWM.V,,1.0499999523162842,1.0499999523162842,1.0499999523162842,1.0499999523162842,200.0
2026-10-06 14:02:00,KFR.V,,1.0399999618530273,1.0399999618530273,1.0399999618530273,1.0399999618530273,100.0
2026-10-06 14:02:00,LGN.V,,1.159999966621399,1.159999966621399,1.159999966621399,1.159999966621399,400.0
2026-10-06 14:02:00,LIO.V,,0.18000000715255737,0.18000000715255737,0.18000000715255737,0.18000000715255737,500.0
2026-10-06 14:02:00,LMN.V,,21.479999542236328,21.489999771118164,21.479999542236328,21.489999771118164,1900.0
2026-10-06 14:02:00,MERG.V,,0.4300000071525574,0.4300000071525574,0.4300000071525574,0.4300000071525574,14000.0
2026-10-06 14:02:00,PNG.V,,4.690000057220459,4.690000057220459,4.690000057220459,4.690000057220459,100.0
2026-10-06 14:02:00,TUF.V,,0.949999988079071,0.949999988079071,0.9399999976158142,0.9399999976158142,4000.0
2026-10-06 14:03:00,BIG.V,,1.225000023841858,1.225000023841858,1.225000023841858,1.225000023841858,100.0
2026-10-06 14:03:00,EVER.V,,0.26499998569488525,0.26499998569488525,0.26499998569488525,0.26499998569488525,500.0
2026-10-06 14:03:00,FDR.V,,8.270000457763672,8.270000457763672,8.270000457763672,8.270000457763672,500.0
2026-10-06 14:03:00,GAL.V,,0.4699999988079071,0.4699999988079071,0.4699999988079071,0.4699999988079071,1000.0
2026-10-06 14:03:00,GOT.V,,1.4500000476837158,1.4500000476837158,1.4500000476837158,1.4500000476837158,100.0
2026-10-06 14:03:00,GWM.V,,1.0499999523162842,1.0499999523162842,1.0499999523162842,1.0499999523162842,100.0
2026-10-06 14:03:00,KDK.V,,0.7200000286102295,0.7200000286102295,0.7200000286102295,0.7200000286102295,500.0
2026-10-06 14:03:00,KLDC.V,,0.33500000834465027,0.33500000834465027,0.33500000834465027,0.33500000834465027,2500.0
2026-10-06 14:03:00,KTN.V,,1.159999966621399,1.159999966621399,1.159999966621399,1.159999966621399,200.0
2026-10-06 14:03:00,LGC.V,,3.049999952316284,3.069999933242798,3.049999952316284,3.069999933242798,5200.0
2026-10-06 14:03:00,LGN.V,,1.159999966621399,1.159999966621399,1.159999966621399,1.159999966621399,400.0
2026-10-06 14:04:00,BIG.V,,1.225000023841858,1.225000023841858,1.225000023841858,1.225000023841858,1000.0
2026-10-06 14:04:00,EVER.V,,0.26499998569488525,0.26499998569488525,0.26499998569488525,0.26499998569488525,500.0
2026-10-06 14:04:00,FDR.V,,8.229999542236328,8.25,8.229999542236328,8.25,800.0
2026-10-06 14:04:00,GAL.V,,0.4699999988079071,0.4699999988079071,0.4699999988079071,0.4699999988079071,1000.0
2026-10-06 14:04:00,GOT.V,,1.4500000476837158,1.4500000476837158,1.4500000476837158,1.4500000476837158,100.0
2026-10-06 14:04:00,GWM.V,,1.0499999523162842,1.0499999523162842,1.0499999523162842,1.0499999523162842,200.0
2026-10-06 14:04:00,KFR.V,,1.0399999618530273,1.0399999618530273,1.0399999618530273,1.0399999618530273,100.0
2026-10-06 14:04:00,LGC.V,,3.0399999618530273,3.0399999618530273,3.0399999618530273,3.0399999618530273,100.0
2026-10-06 14:04:00,LGN.V,,1.159999966621399,1.159999966621399,1.159999966621399,1.159999966621399,400.0
2026-10-06 14:04:00,LMN.V,,21.5,21.5,21.479999542236328,21.489999771118164,1000.0
2026-10-06 14:04:00,PNG.V,,4.690000057220459,4.690000057220459,4.690000057220459,4.690000057220459,201.0
2026-10-06 14:05:00,BIG.V,,1.225000023841858,1.225000023841858,1.225000023841858,1.225000023841858,700.0
2026-10-06 14:05:00,EVER.V,,0.26499998569488525,0.26499998569488525,0.26499998569488525,0.26499998569488525,500.0
2026-10-06 14:05:00,FDR.V,,8.220000267028809,8.220000267028809,8.220000267028809,8.220000267028809,1000.0
2026-10-06 14:05:00,GAL.V,,0.4699999988079071,0.4699999988079071,0.4699999988079071,0.4699999988079071,1000.0
2026-10-06 14:05:00,GLAD.V,,2.2899999618530273,2.2899999618530273,2.2899999618530273,2.2899999618530273,1300.0
2026-10-06 14:05:00,GWM.V,,1.0499999523162842,1.0499999523162842,1.0499999523162842,1.0499999523162842,100.0
2026-10-06 14:05:00,KFR.V,,1.0399999618530273,1.0399999618530273,1.0399999618530273,1.0399999618530273,6100.0
2026-10-06 14:05:00,KTN.V,,1.159999966621399,1.159999966621399,1.159999966621399,1.159999966621399,100.0
2026-10-06 14:05:00,LG.V,,0.41499999165534973,0.41499999165534973,0.41499999165534973,0.41499999165534973,4000.0
2026-10-06 14:05:00,LGN.V,,1.159999966621399,1.1699999570846558,1.159999966621399,1.159999966621399,550.0
2026-10-06 14:05:00,LMN.V,,21.5,21.559999465942383,21.5,21.5,1500.0
2026-10-06 14:05:00,MTA.V,,13.100000381469727,13.100000381469727,13.100000381469727,13.100000381469727,100.0
2026-10-06 14:05:00,PNG.V,,4.690000057220459,4.690000057220459,4.679999828338623,4.690000057220459,16442.0
2026-10-06 14:05:00,TUF.V,,0.9449999928474426,0.949999988079071,0.9449999928474426,0.949999988079071,2000.0
2026-10-06 14:06:00,FDR.V,,8.25,8.279999732971191,8.234999656677246,8.234999656677246,7400.0
2026-10-06 14:06:00,GAL.V,,0.4699999988079071,0.4699999988079071,0.4699999988079071,0.4699999988079071,1500.0
2026-10-06 14:06:00,GOT.V,,1.4500000476837158,1.4500000476837158,1.4500000476837158,1.4500000476837158,100.0
2026-10-06 14:06:00,GWM.V,,1.0499999523162842,1.0499999523162842,1.0499999523162842,1.0499999523162842,200.0
2026-10-06 14:06:00,HITI.V,,3.8499999046325684,3.8499999046325684,3.8499999046325684,3.8499999046325684,100.0
2026-10-06 14:06:00,HMR.V,,0.4350000023841858,0.4350000023841858,0.4350000023841858,0.4350000023841858,2500.0
2026-10-06 14:06:00,LGN.V,,1.159999966621399,1.159999966621399,1.159999966621399,1.159999966621399,400.0
2026-10-06 14:06:00,LMN.V,,21.530000686645508,21.530000686645508,21.530000686645508,21.530000686645508,400.0
2026-10-06 14:06:00,PNG.V,,4.699999809265137,4.699999809265137,4.690000057220459,4.690000057220459,200.0
2026-10-06 14:07:00,EVER.V,,0.26499998569488525,0.26499998569488525,0.26499998569488525,0.26499998569488525,500.0
2026-10-06 14:07:00,FDR.V,,8.300000190734863,8.300000190734863,8.289999961853027,8.289999961853027,900.0
2026-10-06 14:07:00,GAL.V,,0.4699999988079071,0.4699999988079071,0.4699999988079071,0.4699999988079071,1500.0
2026-10-06 14:07:00,GOT.V,,1.4500000476837158,1.4500000476837158,1.4500000476837158,1.4500000476837158,1900.0
2026-10-06 14:07:00,GPAC.V,,0.14499999582767487,0.14499999582767487,0.14499999582767487,0.14499999582767487,500.0
2026-10-06 14:07:00,GWM.V,,1.0499999523162842,1.0499999523162842,1.0499999523162842,1.0499999523162842,200.0
2026-10-06 14:07:00,IFOS.V,,2.1700000762939453,2.1700000762939453,2.1700000762939453,2.1700000762939453,100.0
2026-10-06 14:07:00,LGN.V,,1.159999966621399,1.159999966621399,1.159999966621399,1.159999966621399,300.0
2026-10-06 14:07:00,MINE.V,,0.15000000596046448,0.15000000596046448,0.15000000596046448,0.15000000596046448,167978.0
2026-10-06 14:07:00,PNG.V,,4.690000057220459,4.699999809265137,4.690000057220459,4.699999809265137,58458.0
2026-10-06 14:07:00,TUF.V,,0.9599999785423279,0.9599999785423279,0.949999988079071,0.949999988079071,8000.0
2026-10-06 14:08:00,BIG.V,,1.2200000286102295,1.2200000286102295,1.2200000286102295,1.2200000286102295,300.0
2026-10-06 14:08:00,EVER.V,,0.26499998569488525,0.26499998569488525,0.26499998569488525,0.26499998569488525,500.0
2026-10-06 14:08:00,FDR.V,,8.319999694824219,8.319999694824219,8.319999694824219,8.319999694824219,200.0
2026-10-06 14:08:00,FRED.V,,0.699999988079071,0.699999988079071,0.699999988079071,0.699999988079071,1214.0
2026-10-06 14:08:00,GAL.V,,0.4699999988079071,0.4699999988079071,0.4699999988079071,0.4699999988079071,1500.0
2026-10-06 14:08:00,GWM.V,,1.0499999523162842,1.0499999523162842,1.0499999523162842,1.0499999523162842,100.0
2026-10-06 14:08:00,KCC.V,,1.0499999523162842,1.0499999523162842,1.0499999523162842,1.0499999523162842,4100.0
2026-10-06 14:08:00,KFR.V,,1.0399999618530273,1.0399999618530273,1.0399999618530273,1.0399999618530273,4500.0
2026-10-06 14:08:00,LGN.V,,1.159999966621399,1.159999966621399,1.159999966621399,1.159999966621399,300.0
2026-10-06 14:08:00,LIO.V,,0.18000000715255737,0.18000000715255737,0.18000000715255737,0.18000000715255737,2500.0
2026-10-06 14:08:00,LMN.V,,21.600000381469727,21.600000381469727,21.600000381469727,21.600000381469727,1500.0
2026-10-06 14:08:00,PNG.V,,4.690000057220459,4.690000057220459,4.690000057220459,4.690000057220459,8800.0
2026-10-06 14:08:00,TUF.V,,0.949999988079071,0.9599999785423279,0.949999988079071,0.9599999785423279,2000.0
2026-10-06 14:09:00,BIG.V,,1.225000023841858,1.225000023841858,1.225000023841858,1.225000023841858,1000.0
2026-10-06 14:09:00,EVER.V,,0.26499998569488525,0.26499998569488525,0.26499998569488525,0.26499998569488525,500.0
2026-10-06 14:09:00,FDR.V,,8.3100004196167,8.3100004196167,8.300000190734863,8.300000190734863,1200.0
2026-10-06 14:09:00,GAL.V,,0.4699999988079071,0.4699999988079071,0.4699999988079071,0.4699999988079071,1500.0
2026-10-06 14:09:00,GLAD.V,,2.309999942779541,2.309999942779541,2.309999942779541,2.309999942779541,132898.0
2026-10-06 14:09:00,GQC.V,,0.8100000023841858,0.8100000023841858,0.8100000023841858,0.8100000023841858,500.0
2026-10-06 14:09:00,GWM.V,,1.0499999523162842,1.0499999523162842,1.0499999523162842,1.0499999523162842,200.0
2026-10-06 14:09:00,KLD.V,,2.4000000953674316,2.4000000953674316,2.4000000953674316,2.4000000953674316,2900.0
2026-10-06 14:09:00,LGN.V,,1.159999966621399,1.159999966621399,1.159999966621399,1.159999966621399,400.0
2026-10-06 14:09:00,LTH.V,,0.5,0.5,0.5,0.5,500.0
2026-10-06 14:09:00,MERG.V,,0.4300000071525574,0.4300000071525574,0.42500001192092896,0.42500001192092896,50500.0
2026-10-06 14:09:00,PNG.V,,4.690000057220459,4.690000057220459,4.679999828338623,4.679999828338623,4200.0
2026-10-06 14:10:00,BIG.V,,1.225000023841858,1.225000023841858,1.225000023841858,1.225000023841858,100.0
2026-10-06 14:10:00,FDR.V,,8.260000228881836,8.279999732971191,8.260000228881836,8.270000457763672,1300.0
2026-10-06 14:10:00,GQC.V,,0.8100000023841858,0.8100000023841858,0.8100000023841858,0.8100000023841858,2000.0
2026-10-06 14:10:00,GWM.V,,1.0499999523162842,1.0499999523162842,1.0499999523162842,1.0499999523162842,200.0
2026-10-06 14:10:00,HME.V,,2.240000009536743,2.240000009536743,2.240000009536743,2.240000009536743,100.0
2026-10-06 14:10:00,KFR.V,,1.0399999618530273,1.0399999618530273,1.0399999618530273,1.0399999618530273,200.0
2026-10-06 14:10:00,LGN.V,,1.159999966621399,1.159999966621399,1.159999966621399,1.159999966621399,300.0
2026-10-06 14:10:00,MTA.V,,13.119999885559082,13.119999885559082,13.119999885559082,13.119999885559082,100.0
2026-10-06 14:10:00,PNG.V,,4.690000057220459,4.690000057220459,4.690000057220459,4.690000057220459,500.0
2026-10-06 14:11:00,EVER.V,,0.26499998569488525,0.26499998569488525,0.26499998569488525,0.26499998569488525,500.0
2026-10-06 14:11:00,FDR.V,,8.260000228881836,8.279999732971191,8.260000228881836,8.260000228881836,4100.0
2026-10-06 14:11:00,GAL.V,,0.4699999988079071,0.4699999988079071,0.4699999988079071,0.4699999988079071,1500.0
2026-10-06 14:11:00,GOT.V,,1.4600000381469727,1.4600000381469727,1.4600000381469727,1.4600000381469727,200.0
2026-10-06 14:11:00,GRSL.V,,0.30000001192092896,0.30000001192092896,0.30000001192092896,0.30000001192092896,51144.0
2026-10-06 14:11:00,GWM.V,,1.0499999523162842,1.0499999523162842,1.0499999523162842,1.0499999523162842,100.0
2026-10-06 14:11:00,KFR.V,,1.0399999618530273,1.0399999618530273,1.0399999618530273,1.0399999618530273,100.0
2026-10-06 14:11:00,LG.V,,0.41749998927116394,0.41749998927116394,0.41749998927116394,0.41749998927116394,1500.0
2026-10-06 14:11:00,LGN.V,,1.159999966621399,1.159999966621399,1.159999966621399,1.159999966621399,200.0
2026-10-06 14:11:00,LMN.V,,21.575000762939453,21.575000762939453,21.575000762939453,21.575000762939453,100.0
2026-10-06 14:11:00,MERG.V,,0.4300000071525574,0.4300000071525574,0.42500001192092896,0.42500001192092896,6500.0
2026-10-06 14:11:00,MINE.V,,0.15000000596046448,0.15000000596046448,0.15000000596046448,0.15000000596046448,25500.0
2026-10-06 14:11:00,PNG.V,,4.690000057220459,4.690000057220459,4.690000057220459,4.690000057220459,300.0
2026-10-06 14:11:00,TUF.V,,0.9399999976158142,0.949999988079071,0.9399999976158142,0.949999988079071,11750.0
2026-10-06 14:12:00,EVER.V,,0.26499998569488525,0.26499998569488525,0.26499998569488525,0.26499998569488525,500.0
2026-10-06 14:12:00,GAL.V,,0.4699999988079071,0.4699999988079071,0.4699999988079071,0.4699999988079071,1500.0
2026-10-06 14:12:00,GRSL.V,,0.30000001192092896,0.30000001192092896,0.30000001192092896,0.30000001192092896,4333.0
2026-10-06 14:12:00,GTC.V,,0.9100000262260437,0.9100000262260437,0.9100000262260437,0.9100000262260437,2500.0
2026-10-06 14:12:00,GWM.V,,1.0499999523162842,1.0499999523162842,1.0499999523162842,1.0499999523162842,200.0
2026-10-06 14:12:00,HME.V,,2.240000009536743,2.240000009536743,2.240000009536743,2.240000009536743,100.0
2026-10-06 14:12:00,LGN.V,,1.159999966621399,1.159999966621399,1.159999966621399,1.159999966621399,200.0
2026-10-06 14:12:00,LMN.V,,21.649999618530273,21.649999618530273,21.575000762939453,21.575000762939453,1300.0
2026-10-06 14:12:00,MERG.V,,0.4300000071525574,0.4300000071525574,0.4300000071525574,0.4300000071525574,21000.0
2026-10-06 14:12:00,MINE.V,,0.15000000596046448,0.15000000596046448,0.15000000596046448,0.15000000596046448,49500.0
2026-10-06 14:12:00,PNG.V,,4.690000057220459,4.690000057220459,4.690000057220459,4.690000057220459,2185.0
2026-10-06 14:12:00,TUF.V,,0.9399999976158142,0.9399999976158142,0.9399999976158142,0.9399999976158142,1500.0
2026-10-06 14:13:00,EVER.V,,0.26499998569488525,0.26499998569488525,0.26499998569488525,0.26499998569488525,1000.0
2026-10-06 14:13:00,GAL.V,,0.4699999988079071,0.4699999988079071,0.4699999988079071,0.4699999988079071,1500.0
2026-10-06 14:13:00,GOT.V,,1.4600000381469727,1.4600000381469727,1.4600000381469727,1.4600000381469727,100.0
2026-10-06 14:13:00,GWM.V,,1.0499999523162842,1.0499999523162842,1.0499999523162842,1.0499999523162842,100.0
2026-10-06 14:13:00,KFR.V,,1.0399999618530273,1.0399999618530273,1.0399999618530273,1.0399999618530273,100.0
2026-10-06 14:13:00,PNG.V,,4.690000057220459,4.690000057220459,4.690000057220459,4.690000057220459,300.0
2026-10-06 14:14:00,EVER.V,,0.26499998569488525,0.26499998569488525,0.26499998569488525,0.26499998569488525,500.0
2026-10-06 14:14:00,GAL.V,,0.4699999988079071,0.4699999988079071,0.4699999988079071,0.4699999988079071,1500.0
2026-10-06 14:14:00,GWM.V,,1.0499999523162842,1.0499999523162842,1.0499999523162842,1.0499999523162842,200.0
2026-10-06 14:14:00,HAR.V,,0.054999999701976776,0.054999999701976776,0.054999999701976776,0.054999999701976776,5000.0
2026-10-06 14:14:00,KFR.V,,1.0399999618530273,1.0399999618530273,1.0399999618530273,1.0399999618530273,100.0
2026-10-06 14:14:00,KLD.V,,2.4000000953674316,2.4000000953674316,2.4000000953674316,2.4000000953674316,1900.0
2026-10-06 14:14:00,KLDC.V,,0.33500000834465027,0.33500000834465027,0.33500000834465027,0.33500000834465027,2000.0
2026-10-06 14:14:00,TUF.V,,0.949999988079071,0.949999988079071,0.9399999976158142,0.9449999928474426,11400.0
2026-10-06 14:15:00,BIG.V,,1.225000023841858,1.225000023841858,1.225000023841858,1.225000023841858,200.0
2026-10-06 14:15:00,FUSE.V,,0.029999999329447746,0.029999999329447746,0.029999999329447746,0.029999999329447746,5000.0
2026-10-06 14:15:00,GOT.V,,1.4600000381469727,1.4600000381469727,1.4600000381469727,1.4600000381469727,200.0
2026-10-06 14:15:00,GWM.V,,1.0499999523162842,1.0499999523162842,1.0499999523162842,1.0499999523162842,200.0
2026-10-06 14:15:00,HME.V,,2.25,2.25,2.25,2.25,500.0
2026-10-06 14:15:00,LGN.V,,1.159999966621399,1.159999966621399,1.159999966621399,1.159999966621399,100.0
2026-10-06 14:15:00,LIFT.V,,2.009999990463257,2.009999990463257,2.009999990463257,2.009999990463257,100.0
2026-10-06 14:15:00,LPS.V,,0.13500000536441803,0.13500000536441803,0.13500000536441803,0.13500000536441803,44618.0
2026-10-06 14:15:00,LTH.V,,0.5,0.5,0.5,0.5,500.0
2026-10-06 14:15:00,PNG.V,,4.690000057220459,4.690000057220459,4.690000057220459,4.690000057220459,200.0
2026-10-06 14:16:00,EVER.V,,0.26499998569488525,0.26499998569488525,0.26499998569488525,0.26499998569488525,500.0
2026-10-06 14:16:00,GOT.V,,1.4600000381469727,1.4600000381469727,1.4600000381469727,1.4600000381469727,100.0
2026-10-06 14:16:00,GWM.V,,1.0499999523162842,1.0499999523162842,1.0499999523162842,1.0499999523162842,200.0
2026-10-06 14:16:00,HITI.V,,3.8499999046325684,3.8499999046325684,3.8499999046325684,3.8499999046325684,100.0
2026-10-06 14:16:00,IEI.V,,4.75,4.75,4.75,4.75,420.0
2026-10-06 14:16:00,KFR.V,,1.0399999618530273,1.0399999618530273,1.0399999618530273,1.0399999618530273,100.0
2026-10-06 14:16:00,LGN.V,,1.159999966621399,1.159999966621399,1.159999966621399,1.159999966621399,1900.0
2026-10-06 14:16:00,LIFT.V,,2.0,2.009999990463257,2.0,2.009999990463257,2300.0
2026-10-06 14:16:00,PNG.V,,4.679999828338623,4.679999828338623,4.679999828338623,4.679999828338623,2900.0
2026-10-06 14:17:00,BIG.V,,1.2000000476837158,1.2200000286102295,1.2000000476837158,1.2200000286102295,16377.0
2026-10-06 14:17:00,EVER.V,,0.26499998569488525,0.26499998569488525,0.26499998569488525,0.26499998569488525,500.0
2026-10-06 14:17:00,GWM.V,,1.0499999523162842,1.0499999523162842,1.0499999523162842,1.0499999523162842,200.0
2026-10-06 14:17:00,IFOS.V,,2.1700000762939453,2.1700000762939453,2.1700000762939453,2.1700000762939453,100.0
2026-10-06 14:17:00,PNG.V,,4.670000076293945,4.679999828338623,4.670000076293945,4.679999828338623,4816.0
2026-10-06 14:18:00,FDR.V,,8.289999961853027,8.289999961853027,8.289999961853027,8.289999961853027,100.0
2026-10-06 14:18:00,GWM.V,,1.0499999523162842,1.0499999523162842,1.0499999523162842,1.0499999523162842,100.0
2026-10-06 14:18:00,IPT.V,,0.26499998569488525,0.26499998569488525,0.26499998569488525,0.26499998569488525,32500.0
2026-10-06 14:18:00,KFR.V,,1.0399999618530273,1.0399999618530273,1.0399999618530273,1.0399999618530273,100.0
2026-10-06 14:18:00,LG.V,,0.41499999165534973,0.41499999165534973,0.41499999165534973,0.41499999165534973,35950.0
2026-10-06 14:18:00,PNG.V,,4.670000076293945,4.670000076293945,4.670000076293945,4.670000076293945,300.0
2026-10-06 14:19:00,EVER.V,,0.26499998569488525,0.26499998569488525,0.26499998569488525,0.26499998569488525,500.0
2026-10-06 14:19:00,FDR.V,,8.289999961853027,8.300000190734863,8.28499984741211,8.28499984741211,900.0
2026-10-06 14:19:00,GAL.V,,0.4699999988079071,0.4699999988079071,0.4699999988079071,0.4699999988079071,1000.0
2026-10-06 14:19:00,GWM.V,,1.0499999523162842,1.0499999523162842,1.0499999523162842,1.0499999523162842,100.0
2026-10-06 14:19:00,HITI.V,,3.8499999046325684,3.8499999046325684,3.8499999046325684,3.8499999046325684,100.0
2026-10-06 14:19:00,IPT.V,,0.26499998569488525,0.26499998569488525,0.26499998569488525,0.26499998569488525,1500.0
2026-10-06 14:19:00,LGN.V,,1.159999966621399,1.159999966621399,1.159999966621399,1.159999966621399,100.0
2026-10-06 14:19:00,LMG.V,,0.4000000059604645,0.4000000059604645,0.4000000059604645,0.4000000059604645,10516.0
2026-10-06 14:19:00,LMN.V,,21.559999465942383,21.559999465942383,21.559999465942383,21.559999465942383,100.0
2026-10-06 14:19:00,MFG.V,,3.680000066757202,3.680000066757202,3.680000066757202,3.680000066757202,100.0
2026-10-06 14:19:00,MINE.V,,0.15000000596046448,0.15000000596046448,0.15000000596046448,0.15000000596046448,40000.0
2026-10-06 14:19:00,PNG.V,,4.670000076293945,4.670000076293945,4.670000076293945,4.670000076293945,800.0
2026-10-06 14:20:00,BIG.V,,1.2000000476837158,1.2000000476837158,1.2000000476837158,1.2000000476837158,100.0
2026-10-06 14:20:00,EVER.V,,0.26499998569488525,0.26499998569488525,0.26499998569488525,0.26499998569488525,500.0
2026-10-06 14:20:00,FWZ.V,,2.869999885559082,2.869999885559082,2.869999885559082,2.869999885559082,1500.0
2026-10-06 14:20:00,GAL.V,,0.4699999988079071,0.4699999988079071,0.4699999988079071,0.4699999988079071,1500.0
2026-10-06 14:20:00,GWM.V,,1.0499999523162842,1.0499999523162842,1.0499999523162842,1.0499999523162842,200.0
2026-10-06 14:20:00,KDK.V,,0.7300000190734863,0.7300000190734863,0.7300000190734863,0.7300000190734863,1000.0
2026-10-06 14:20:00,KFR.V,,1.0399999618530273,1.0399999618530273,1.0399999618530273,1.0399999618530273,100.0
2026-10-06 14:20:00,LGN.V,,1.159999966621399,1.159999966621399,1.159999966621399,1.159999966621399,1600.0
2026-10-06 14:20:00,LIO.V,,0.18000000715255737,0.18000000715255737,0.18000000715255737,0.18000000715255737,500.0
2026-10-06 14:20:00,PNG.V,,4.679999828338623,4.679999828338623,4.670000076293945,4.670000076293945,2100.0
2026-10-06 14:21:00,BIG.V,,1.190000057220459,1.2050000429153442,1.190000057220459,1.2050000429153442,3700.0
2026-10-06 14:21:00,EVER.V,,0.26499998569488525,0.26499998569488525,0.26499998569488525,0.26499998569488525,500.0
2026-10-06 14:21:00,FAIR.V,,0.04500000178813934,0.04500000178813934,0.04500000178813934,0.04500000178813934,142500.0
2026-10-06 14:21:00,FDR.V,,8.270000457763672,8.270000457763672,8.270000457763672,8.270000457763672,125.0
2026-10-06 14:21:00,FWZ.V,,2.8499999046325684,2.8499999046325684,2.8499999046325684,2.8499999046325684,3100.0
2026-10-06 14:21:00,GOT.V,,1.4600000381469727,1.4600000381469727,1.4600000381469727,1.4600000381469727,1000.0
2026-10-06 14:21:00,GWM.V,,1.0499999523162842,1.0499999523162842,1.0499999523162842,1.0499999523162842,200.0
2026-10-06 14:21:00,KDK.V,,0.7300000190734863,0.7300000190734863,0.7300000190734863,0.7300000190734863,714.0
2026-10-06 14:21:00,KFR.V,,1.0399999618530273,1.0399999618530273,1.0399999618530273,1.0399999618530273,100.0
2026-10-06 14:21:00,LMN.V,,21.600000381469727,21.600000381469727,21.59000015258789,21.59000015258789,400.0
2026-10-06 14:21:00,PNG.V,,4.679999828338623,4.679999828338623,4.679999828338623,4.679999828338623,200.0
2026-10-06 14:21:00,TUF.V,,0.9399999976158142,0.9399999976158142,0.9399999976158142,0.9399999976158142,500.0
2026-10-06 14:22:00,BIG.V,,1.2000000476837158,1.2000000476837158,1.2000000476837158,1.2000000476837158,7300.0
2026-10-06 14:22:00,GAL.V,,0.4699999988079071,0.4699999988079071,0.4699999988079071,0.4699999988079071,1500.0
2026-10-06 14:22:00,GOT.V,,1.4600000381469727,1.4600000381469727,1.4600000381469727,1.4600000381469727,100.0
2026-10-06 14:22:00,GRSL.V,,0.30000001192092896,0.30000001192092896,0.30000001192092896,0.30000001192092896,500.0
2026-10-06 14:22:00,GWM.V,,1.0499999523162842,1.0499999523162842,1.0499999523162842,1.0499999523162842,100.0
2026-10-06 14:22:00,HME.V,,2.240000009536743,2.240000009536743,2.240000009536743,2.240000009536743,200.0
2026-10-06 14:22:00,KFR.V,,1.0399999618530273,1.0399999618530273,1.0399999618530273,1.0399999618530273,300.0
2026-10-06 14:22:00,KLDC.V,,0.33500000834465027,0.33500000834465027,0.33500000834465027,0.33500000834465027,5000.0
2026-10-06 14:22:00,LIFT.V,,2.0199999809265137,2.0199999809265137,2.0,2.0,1000.0
2026-10-06 14:22:00,PNG.V,,4.679999828338623,4.679999828338623,4.679999828338623,4.679999828338623,1543.0
2026-10-06 14:22:00,TUF.V,,0.9399999976158142,0.9399999976158142,0.9399999976158142,0.9399999976158142,5000.0
2026-10-06 14:23:00,BIG.V,,1.2000000476837158,1.2000000476837158,1.2000000476837158,1.2000000476837158,4000.0
2026-10-06 14:23:00,EVER.V,,0.26499998569488525,0.26499998569488525,0.26499998569488525,0.26499998569488525,1000.0
2026-10-06 14:23:00,GAL.V,,0.4699999988079071,0.4699999988079071,0.4699999988079071,0.4699999988079071,1500.0
2026-10-06 14:23:00,GWM.V,,1.0499999523162842,1.0499999523162842,1.0499999523162842,1.0499999523162842,100.0
2026-10-06 14:23:00,INX.V,,0.25999999046325684,0.25999999046325684,0.25999999046325684,0.25999999046325684,15009.0
2026-10-06 14:23:00,KFR.V,,1.0399999618530273,1.0399999618530273,1.0399999618530273,1.0399999618530273,100.0
2026-10-06 14:23:00,KLD.V,,2.4000000953674316,2.4000000953674316,2.4000000953674316,2.4000000953674316,1100.0
2026-10-06 14:23:00,TUF.V,,0.9399999976158142,0.9399999976158142,0.9399999976158142,0.9399999976158142,1500.0
2026-10-06 14:24:00,BIG.V,,1.2000000476837158,1.2000000476837158,1.2000000476837158,1.2000000476837158,800.0
2026-10-06 14:24:00,FRED.V,,0.699999988079071,0.699999988079071,0.699999988079071,0.699999988079071,1750.0
2026-10-06 14:24:00,GAL.V,,0.4699999988079071,0.4699999988079071,0.4699999988079071,0.4699999988079071,2500.0
2026-10-06 14:24:00,GOT.V,,1.4600000381469727,1.4600000381469727,1.4600000381469727,1.4600000381469727,100.0
2026-10-06 14:24:00,GSR.V,,0.33000001311302185,0.33000001311302185,0.33000001311302185,0.33000001311302185,1000.0
2026-10-06 14:24:00,GWM.V,,1.0499999523162842,1.0499999523162842,1.0499999523162842,1.0499999523162842,300.0
2026-10-06 14:24:00,HME.V,,2.25,2.25,2.25,2.25,500.0
2026-10-06 14:24:00,LGN.V,,1.159999966621399,1.159999966621399,1.159999966621399,1.159999966621399,300.0
2026-10-06 14:24:00,MFG.V,,3.680000066757202,3.680000066757202,3.680000066757202,3.680000066757202,100.0
2026-10-06 14:24:00,PNG.V,,4.679999828338623,4.679999828338623,4.679999828338623,4.679999828338623,300.0
2026-10-06 14:24:00,WOLF.V,,1.7000000476837158,1.7000000476837158,1.7000000476837158,1.7000000476837158,5500.0
2026-10-06 14:25:00,EVER.V,,0.26499998569488525,0.26499998569488525,0.26499998569488525,0.26499998569488525,500.0
2026-10-06 14:25:00,GAL.V,,0.4699999988079071,0.4699999988079071,0.4699999988079071,0.4699999988079071,1500.0
2026-10-06 14:25:00,GWM.V,,1.0499999523162842,1.0499999523162842,1.0499999523162842,1.0499999523162842,100.0
2026-10-06 14:25:00,HCH.V,,1.5399999618530273,1.5399999618530273,1.5399999618530273,1.5399999618530273,2300.0
2026-10-06 14:25:00,KDK.V,,0.7300000190734863,0.7300000190734863,0.7300000190734863,0.7300000190734863,3000.0
2026-10-06 14:25:00,LGN.V,,1.159999966621399,1.1699999570846558,1.159999966621399,1.159999966621399,700.0
2026-10-06 14:26:00,BIG.V,,1.2100000381469727,1.2100000381469727,1.2100000381469727,1.2100000381469727,5100.0
2026-10-06 14:26:00,FDR.V,,8.289999961853027,8.289999961853027,8.289999961853027,8.289999961853027,100.0
2026-10-06 14:26:00,FOBI.V,,0.029999999329447746,0.029999999329447746,0.029999999329447746,0.029999999329447746,1000.0
2026-10-06 14:26:00,GAL.V,,0.4699999988079071,0.4699999988079071,0.4699999988079071,0.4699999988079071,1500.0
2026-10-06 14:26:00,GWM.V,,1.0499999523162842,1.0499999523162842,1.0499999523162842,1.0499999523162842,100.0
2026-10-06 14:26:00,HCH.V,,1.5199999809265137,1.5399999618530273,1.5199999809265137,1.5199999809265137,9101.0
2026-10-06 14:26:00,IFOS.V,,2.1700000762939453,2.1700000762939453,2.1700000762939453,2.1700000762939453,100.0
2026-10-06 14:26:00,KFR.V,,1.0399999618530273,1.0399999618530273,1.0399999618530273,1.0399999618530273,200.0
2026-10-06 14:26:00,KTN.V,,1.159999966621399,1.159999966621399,1.159999966621399,1.159999966621399,100.0
2026-10-06 14:26:00,LGN.V,,1.159999966621399,1.159999966621399,1.159999966621399,1.159999966621399,300.0
2026-10-06 14:26:00,PNG.V,,4.679999828338623,4.679999828338623,4.679999828338623,4.679999828338623,200.0
2026-10-06 14:26:00,TUF.V,,0.9399999976158142,0.9399999976158142,0.9399999976158142,0.9399999976158142,7500.0
2026-10-06 14:27:00,BIG.V,,1.2100000381469727,1.215000033378601,1.2100000381469727,1.2100000381469727,8000.0
2026-10-06 14:27:00,EVER.V,,0.26499998569488525,0.26499998569488525,0.26499998569488525,0.26499998569488525,500.0
2026-10-06 14:27:00,FDR.V,,8.295000076293945,8.295000076293945,8.295000076293945,8.295000076293945,500.0
2026-10-06 14:27:00,GOT.V,,1.4600000381469727,1.4600000381469727,1.4600000381469727,1.4600000381469727,100.0
2026-10-06 14:27:00,GRDM.V,,0.17499999701976776,0.17499999701976776,0.17499999701976776,0.17499999701976776,40000.0
2026-10-06 14:27:00,GWM.V,,1.0499999523162842,1.0499999523162842,1.0499999523162842,1.0499999523162842,100.0
2026-10-06 14:27:00,LGN.V,,1.159999966621399,1.159999966621399,1.159999966621399,1.159999966621399,300.0
2026-10-06 14:27:00,PNG.V,,4.690000057220459,4.690000057220459,4.679999828338623,4.679999828338623,1850.0
2026-10-06 14:27:00,TUF.V,,0.9449999928474426,0.9449999928474426,0.9449999928474426,0.9449999928474426,4300.0
2026-10-06 14:28:00,BIG.V,,1.2100000381469727,1.2100000381469727,1.2100000381469727,1.2100000381469727,2600.0
2026-10-06 14:28:00,EVER.V,,0.26499998569488525,0.26499998569488525,0.26499998569488525,0.26499998569488525,500.0
2026-10-06 14:28:00,GAL.V,,0.4699999988079071,0.4699999988079071,0.4699999988079071,0.4699999988079071,2000.0
2026-10-06 14:28:00,GSP.V,,0.14499999582767487,0.14499999582767487,0.14499999582767487,0.14499999582767487,5000.0
2026-10-06 14:28:00,GTC.V,,0.9100000262260437,0.9100000262260437,0.9100000262260437,0.9100000262260437,500.0
2026-10-06 14:28:00,GWM.V,,1.0499999523162842,1.0499999523162842,1.0499999523162842,1.0499999523162842,100.0
2026-10-06 14:28:00,KTN.V,,1.1699999570846558,1.1699999570846558,1.1649999618530273,1.1649999618530273,1800.0
2026-10-06 14:28:00,KTO.V,,0.7900000214576721,0.7900000214576721,0.7900000214576721,0.7900000214576721,8000.0
2026-10-06 14:28:00,LGN.V,,1.159999966621399,1.159999966621399,1.159999966621399,1.159999966621399,300.0
2026-10-06 14:28:00,LIFT.V,,2.049999952316284,2.049999952316284,2.0,2.0,7200.0
2026-10-06 14:28:00,LMN.V,,21.489999771118164,21.489999771118164,21.489999771118164,21.489999771118164,554.0
2026-10-06 14:28:00,PNG.V,,4.690000057220459,4.690000057220459,4.690000057220459,4.690000057220459,200.0
2026-10-06 14:28:00,TUF.V,,0.9449999928474426,0.9449999928474426,0.9449999928474426,0.9449999928474426,7500.0
2026-10-06 14:29:00,EVER.V,,0.26499998569488525,0.26499998569488525,0.26499998569488525,0.26499998569488525,500.0
2026-10-06 14:29:00,FDR.V,,8.300000190734863,8.300000190734863,8.289999961853027,8.289999961853027,4335.0
2026-10-06 14:29:00,GAL.V,,0.4699999988079071,0.4699999988079071,0.4699999988079071,0.4699999988079071,1500.0
2026-10-06 14:29:00,GOT.V,,1.4600000381469727,1.4600000381469727,1.4600000381469727,1.4600000381469727,100.0
2026-10-06 14:29:00,GSR.V,,0.33000001311302185,0.33000001311302185,0.33000001311302185,0.33000001311302185,1000.0
2026-10-06 14:29:00,GTC.V,,0.8899999856948853,0.8899999856948853,0.8899999856948853,0.8899999856948853,1500.0
2026-10-06 14:29:00,GWM.V,,1.0499999523162842,1.0499999523162842,1.0499999523162842,1.0499999523162842,100.0
2026-10-06 14:29:00,HITI.V,,3.8399999141693115,3.8399999141693115,3.8399999141693115,3.8399999141693115,100.0
2026-10-06 14:29:00,JEV.V,,0.22499999403953552,0.22499999403953552,0.22499999403953552,0.22499999403953552,2000.0
2026-10-06 14:29:00,KTO.V,,0.7799999713897705,0.7799999713897705,0.7799999713897705,0.7799999713897705,10000.0
2026-10-06 14:29:00,LGN.V,,1.159999966621399,1.159999966621399,1.159999966621399,1.159999966621399,200.0
2026-10-06 14:29:00,LIFT.V,,2.049999952316284,2.059999942779541,2.0399999618530273,2.0399999618530273,3600.0
2026-10-06 14:29:00,LMN.V,,21.690000534057617,21.690000534057617,21.68000030517578,21.68000030517578,1200.0
2026-10-06 14:29:00,MFG.V,,3.6600000858306885,3.6600000858306885,3.6600000858306885,3.6600000858306885,228.0
2026-10-06 14:29:00,PNG.V,,4.679999828338623,4.684999942779541,4.679999828338623,4.679999828338623,6920.0
2026-10-06 14:29:00,TUF.V,,0.949999988079071,0.949999988079071,0.949999988079071,0.949999988079071,1500.0
2026-10-06 14:30:00,FDR.V,,8.289999961853027,8.3100004196167,8.289999961853027,8.289999961853027,2300.0
2026-10-06 14:30:00,GAL.V,,0.4699999988079071,0.4699999988079071,0.4699999988079071,0.4699999988079071,2000.0
2026-10-06 14:30:00,GWM.V,,1.0499999523162842,1.0499999523162842,1.0499999523162842,1.0499999523162842,500.0
2026-10-06 14:30:00,IPT.V,,0.26499998569488525,0.26499998569488525,0.26499998569488525,0.26499998569488525,20000.0
2026-10-06 14:30:00,JEV.V,,0.22499999403953552,0.22499999403953552,0.22499999403953552,0.22499999403953552,40075.0
2026-10-06 14:30:00,KFR.V,,1.0399999618530273,1.0399999618530273,1.0399999618530273,1.0399999618530273,200.0
2026-10-06 14:30:00,LGN.V,,1.159999966621399,1.159999966621399,1.159999966621399,1.159999966621399,300.0
2026-10-06 14:30:00,LIFT.V,,2.069999933242798,2.069999933242798,2.049999952316284,2.069999933242798,27200.0
2026-10-06 14:30:00,LMN.V,,21.670000076293945,21.690000534057617,21.670000076293945,21.690000534057617,800.0
2026-10-06 14:30:00,MINE.V,,0.14499999582767487,0.14499999582767487,0.14499999582767487,0.14499999582767487,12500.0
2026-10-06 14:30:00,PNG.V,,4.670000076293945,4.679999828338623,4.670000076293945,4.679999828338623,1000.0
2026-10-06 14:31:00,EVER.V,,0.26499998569488525,0.26499998569488525,0.26499998569488525,0.26499998569488525,500.0
2026-10-06 14:31:00,FDR.V,,8.289999961853027,8.300000190734863,8.289999961853027,8.300000190734863,1400.0
2026-10-06 14:31:00,FOBI.V,,0.029999999329447746,0.029999999329447746,0.029999999329447746,0.029999999329447746,4000.0
2026-10-06 14:31:00,GAL.V,,0.4699999988079071,0.4699999988079071,0.4699999988079071,0.4699999988079071,1500.0
2026-10-06 14:31:00,GGO.V,,1.309999942779541,1.309999942779541,1.309999942779541,1.309999942779541,147.0
2026-10-06 14:31:00,GOT.V,,1.4500000476837158,1.4500000476837158,1.4500000476837158,1.4500000476837158,200.0
2026-10-06 14:31:00,GRSL.V,,0.30000001192092896,0.30000001192092896,0.30000001192092896,0.30000001192092896,500.0
2026-10-06 14:31:00,GWM.V,,1.0499999523162842,1.0499999523162842,1.0499999523162842,1.0499999523162842,100.0
2026-10-06 14:31:00,KFR.V,,1.0399999618530273,1.0399999618530273,1.0399999618530273,1.0399999618530273,100.0
2026-10-06 14:31:00,LGN.V,,1.159999966621399,1.159999966621399,1.159999966621399,1.159999966621399,200.0
2026-10-06 14:31:00,LMN.V,,21.59000015258789,21.59000015258789,21.579999923706055,21.579999923706055,600.0
2026-10-06 14:31:00,PNG.V,,4.670000076293945,4.679999828338623,4.670000076293945,4.670000076293945,4500.0
2026-10-06 14:31:00,TUF.V,,0.949999988079071,0.949999988079071,0.9449999928474426,0.9449999928474426,1000.0
2026-10-06 14:32:00,EVER.V,,0.26499998569488525,0.26499998569488525,0.26499998569488525,0.26499998569488525,500.0
2026-10-06 14:32:00,GAL.V,,0.4699999988079071,0.4699999988079071,0.4699999988079071,0.4699999988079071,1500.0
2026-10-06 14:32:00,GOT.V,,1.4500000476837158,1.4500000476837158,1.4500000476837158,1.4500000476837158,100.0
2026-10-06 14:32:00,GRSL.V,,0.3050000071525574,0.3050000071525574,0.3050000071525574,0.3050000071525574,582.0
2026-10-06 14:32:00,GWM.V,,1.0499999523162842,1.0499999523162842,1.0499999523162842,1.0499999523162842,100.0
2026-10-06 14:32:00,HME.V,,2.25,2.25,2.25,2.25,1100.0
2026-10-06 14:32:00,KFR.V,,1.0499999523162842,1.0499999523162842,1.0499999523162842,1.0499999523162842,6900.0
2026-10-06 14:32:00,LGN.V,,1.159999966621399,1.159999966621399,1.159999966621399,1.159999966621399,200.0
2026-10-06 14:32:00,PNG.V,,4.670000076293945,4.670000076293945,4.670000076293945,4.670000076293945,700.0
2026-10-06 14:33:00,BIG.V,,1.2050000429153442,1.2050000429153442,1.2050000429153442,1.2050000429153442,100.0
2026-10-06 14:33:00,EMN.V,,0.10000000149011612,0.10000000149011612,0.10000000149011612,0.10000000149011612,20000.0
2026-10-06 14:33:00,FDR.V,,8.270000457763672,8.270000457763672,8.270000457763672,8.270000457763672,800.0
2026-10-06 14:33:00,GPG.V,,0.30000001192092896,0.30000001192092896,0.30000001192092896,0.30000001192092896,33372.0
2026-10-06 14:33:00,GWM.V,,1.0499999523162842,1.0499999523162842,1.0499999523162842,1.0499999523162842,100.0
2026-10-06 14:33:00,KFR.V,,1.0499999523162842,1.0499999523162842,1.0499999523162842,1.0499999523162842,3100.0
2026-10-06 14:33:00,LGN.V,,1.159999966621399,1.159999966621399,1.159999966621399,1.159999966621399,200.0
2026-10-06 14:33:00,TUF.V,,0.9399999976158142,0.9449999928474426,0.9399999976158142,0.9399999976158142,6500.0
2026-10-06 14:34:00,BIG.V,,1.2050000429153442,1.2050000429153442,1.2050000429153442,1.2050000429153442,100.0
2026-10-06 14:34:00,FDR.V,,8.289999961853027,8.289999961853027,8.265000343322754,8.270000457763672,2820.0
2026-10-06 14:34:00,GAL.V,,0.4699999988079071,0.4699999988079071,0.4699999988079071,0.4699999988079071,1500.0
2026-10-06 14:34:00,GRSL.V,,0.30000001192092896,0.30000001192092896,0.30000001192092896,0.30000001192092896,9000.0
2026-10-06 14:34:00,GWM.V,,1.0499999523162842,1.0499999523162842,1.0499999523162842,1.0499999523162842,100.0
2026-10-06 14:34:00,LGN.V,,1.159999966621399,1.159999966621399,1.159999966621399,1.159999966621399,200.0
2026-10-06 14:34:00,LMN.V,,21.719999313354492,21.719999313354492,21.719999313354492,21.719999313354492,200.0
2026-10-06 14:34:00,MINE.V,,0.14499999582767487,0.14499999582767487,0.14499999582767487,0.14499999582767487,6000.0
2026-10-06 14:34:00,NURS.V,,3.4600000381469727,3.4600000381469727,3.4600000381469727,3.4600000381469727,1700.0
2026-10-06 14:34:00,PNG.V,,4.670000076293945,4.670000076293945,4.659999847412109,4.659999847412109,9795.0
2026-10-06 14:34:00,TUF.V,,0.9399999976158142,0.9399999976158142,0.9399999976158142,0.9399999976158142,3000.0
2026-10-06 14:35:00,BIG.V,,1.2050000429153442,1.2050000429153442,1.2050000429153442,1.2050000429153442,100.0
2026-10-06 14:35:00,EMN.V,,0.10000000149011612,0.10000000149011612,0.10000000149011612,0.10000000149011612,11500.0
2026-10-06 14:35:00,EVER.V,,0.26499998569488525,0.26499998569488525,0.26499998569488525,0.26499998569488525,500.0
2026-10-06 14:35:00,FUSE.V,,0.029999999329447746,0.029999999329447746,0.029999999329447746,0.029999999329447746,1000.0
2026-10-06 14:35:00,GAL.V,,0.4699999988079071,0.4699999988079071,0.4699999988079071,0.4699999988079071,2000.0
2026-10-06 14:35:00,GWM.V,,1.0499999523162842,1.0499999523162842,1.0499999523162842,1.0499999523162842,300.0
2026-10-06 14:35:00,HME.V,,2.25,2.25,2.25,2.25,100.0
2026-10-06 14:35:00,KTN.V,,1.159999966621399,1.159999966621399,1.159999966621399,1.159999966621399,1831.0
2026-10-06 14:35:00,LGN.V,,1.159999966621399,1.159999966621399,1.159999966621399,1.159999966621399,200.0
2026-10-06 14:35:00,NURS.V,,3.450000047683716,3.450000047683716,3.450000047683716,3.450000047683716,100.0
2026-10-06 14:35:00,PNG.V,,4.679999828338623,4.679999828338623,4.670000076293945,4.670000076293945,1050.0
2026-10-06 14:36:00,BIG.V,,1.2050000429153442,1.2050000429153442,1.2050000429153442,1.2050000429153442,100.0
2026-10-06 14:36:00,EVER.V,,0.26499998569488525,0.26499998569488525,0.26499998569488525,0.26499998569488525,500.0
2026-10-06 14:36:00,GAL.V,,0.4699999988079071,0.4699999988079071,0.4699999988079071,0.4699999988079071,2000.0
2026-10-06 14:36:00,GWM.V,,1.0499999523162842,1.0499999523162842,1.0499999523162842,1.0499999523162842,100.0
2026-10-06 14:36:00,IFOS.V,,2.1700000762939453,2.1700000762939453,2.1700000762939453,2.1700000762939453,100.0
2026-10-06 14:36:00,KTN.V,,1.149999976158142,1.149999976158142,1.149999976158142,1.149999976158142,100.0
2026-10-06 14:36:00,KTO.V,,0.7900000214576721,0.7900000214576721,0.7900000214576721,0.7900000214576721,2000.0
2026-10-06 14:36:00,LGN.V,,1.159999966621399,1.159999966621399,1.159999966621399,1.159999966621399,100.0
2026-10-06 14:36:00,LMN.V,,21.65999984741211,21.65999984741211,21.65999984741211,21.65999984741211,100.0
2026-10-06 14:36:00,LXE.V,,0.22499999403953552,0.22499999403953552,0.22499999403953552,0.22499999403953552,500.0
2026-10-06 14:36:00,MERG.V,,0.4300000071525574,0.4300000071525574,0.4300000071525574,0.4300000071525574,11500.0
2026-10-06 14:36:00,PNG.V,,4.679999828338623,4.690000057220459,4.679999828338623,4.679999828338623,25200.0
2026-10-06 14:37:00,BIG.V,,1.2050000429153442,1.2050000429153442,1.2050000429153442,1.2050000429153442,100.0
2026-10-06 14:37:00,GWM.V,,1.0499999523162842,1.0499999523162842,1.0499999523162842,1.0499999523162842,100.0
2026-10-06 14:37:00,KFR.V,,1.0399999618530273,1.0399999618530273,1.0399999618530273,1.0399999618530273,100.0
2026-10-06 14:37:00,LGN.V,,1.159999966621399,1.159999966621399,1.159999966621399,1.159999966621399,100.0
2026-10-06 14:37:00,LMN.V,,21.649999618530273,21.649999618530273,21.649999618530273,21.649999618530273,500.0
2026-10-06 14:37:00,PNG.V,,4.670000076293945,4.670000076293945,4.670000076293945,4.670000076293945,4100.0
2026-10-06 14:38:00,EVER.V,,0.26499998569488525,0.26499998569488525,0.26499998569488525,0.26499998569488525,500.0
2026-10-06 14:38:00,FDR.V,,8.270000457763672,8.270000457763672,8.260000228881836,8.260000228881836,100.0
2026-10-06 14:38:00,GAL.V,,0.4699999988079071,0.4699999988079071,0.4699999988079071,0.4699999988079071,2000.0
2026-10-06 14:38:00,GRSL.V,,0.30000001192092896,0.30000001192092896,0.30000001192092896,0.30000001192092896,1000.0
2026-10-06 14:38:00,GWM.V,,1.0499999523162842,1.0499999523162842,1.0499999523162842,1.0499999523162842,100.0
2026-10-06 14:38:00,KFR.V,,1.0399999618530273,1.0399999618530273,1.0399999618530273,1.0399999618530273,300.0
2026-10-06 14:38:00,LGN.V,,1.159999966621399,1.159999966621399,1.159999966621399,1.159999966621399,200.0
2026-10-06 14:38:00,PNG.V,,4.679999828338623,4.679999828338623,4.679999828338623,4.679999828338623,125.0
2026-10-06 14:39:00,BIG.V,,1.2050000429153442,1.2050000429153442,1.2050000429153442,1.2050000429153442,100.0
2026-10-06 14:39:00,EVER.V,,0.26499998569488525,0.26499998569488525,0.26499998569488525,0.26499998569488525,500.0
2026-10-06 14:39:00,FDR.V,,8.25,8.25,8.25,8.25,2300.0
2026-10-06 14:39:00,GAL.V,,0.4699999988079071,0.4699999988079071,0.4699999988079071,0.4699999988079071,2000.0
2026-10-06 14:39:00,GWM.V,,1.0499999523162842,1.0499999523162842,1.0499999523162842,1.0499999523162842,200.0
2026-10-06 14:39:00,HME.V,,2.25,2.25,2.25,2.25,100.0
2026-10-06 14:39:00,KFR.V,,1.0399999618530273,1.0399999618530273,1.0399999618530273,1.0399999618530273,200.0
2026-10-06 14:39:00,LIO.V,,0.18000000715255737,0.18000000715255737,0.18000000715255737,0.18000000715255737,500.0
2026-10-06 14:39:00,ZNG.V,,0.7200000286102295,0.7200000286102295,0.7200000286102295,0.7200000286102295,500.0
2026-10-06 14:40:00,BIG.V,,1.2050000429153442,1.2050000429153442,1.2050000429153442,1.2050000429153442,100.0
2026-10-06 14:40:00,FDR.V,,8.25,8.25,8.25,8.25,500.0
2026-10-06 14:40:00,GWM.V,,1.0499999523162842,1.0499999523162842,1.0499999523162842,1.0499999523162842,100.0
2026-10-06 14:40:00,HITI.V,,3.8499999046325684,3.8499999046325684,3.8499999046325684,3.8499999046325684,100.0
2026-10-06 14:40:00,KFR.V,,1.0399999618530273,1.0399999618530273,1.0399999618530273,1.0399999618530273,300.0
2026-10-06 14:40:00,LGN.V,,1.159999966621399,1.159999966621399,1.159999966621399,1.159999966621399,200.0
2026-10-06 14:41:00,BIG.V,,1.2000000476837158,1.2000000476837158,1.2000000476837158,1.2000000476837158,100.0
2026-10-06 14:41:00,FDR.V,,8.229999542236328,8.229999542236328,8.229999542236328,8.229999542236328,600.0
2026-10-06 14:41:00,FL.V,,0.42500001192092896,0.42500001192092896,0.41999998688697815,0.41999998688697815,3500.0
2026-10-06 14:41:00,GAL.V,,0.4699999988079071,0.4699999988079071,0.4699999988079071,0.4699999988079071,2000.0
2026-10-06 14:41:00,GOT.V,,1.4500000476837158,1.4500000476837158,1.4500000476837158,1.4500000476837158,100.0
2026-10-06 14:41:00,GWM.V,,1.0499999523162842,1.0499999523162842,1.0499999523162842,1.0499999523162842,100.0
2026-10-06 14:41:00,KFR.V,,1.0399999618530273,1.0399999618530273,1.0399999618530273,1.0399999618530273,200.0
2026-10-06 14:41:00,LGN.V,,1.159999966621399,1.159999966621399,1.159999966621399,1.159999966621399,100.0
2026-10-06 14:41:00,MERG.V,,0.4350000023841858,0.4350000023841858,0.4350000023841858,0.4350000023841858,14000.0
2026-10-06 14:41:00,MGM.V,,2.9600000381469727,2.9600000381469727,2.9600000381469727,2.9600000381469727,1000.0
2026-10-06 14:41:00,PNG.V,,4.679999828338623,4.679999828338623,4.679999828338623,4.679999828338623,100.0
2026-10-06 14:41:00,TUF.V,,0.9399999976158142,0.9399999976158142,0.9399999976158142,0.9399999976158142,12000.0
2026-10-06 14:42:00,FDR.V,,8.220000267028809,8.220000267028809,8.220000267028809,8.220000267028809,1350.0
2026-10-06 14:42:00,GWM.V,,1.0499999523162842,1.0499999523162842,1.0499999523162842,1.0499999523162842,100.0
2026-10-06 14:42:00,IPT.V,,0.26499998569488525,0.26499998569488525,0.26499998569488525,0.26499998569488525,8000.0
2026-10-06 14:42:00,KFR.V,,1.0399999618530273,1.0399999618530273,1.0399999618530273,1.0399999618530273,200.0
2026-10-06 14:42:00,LGN.V,,1.159999966621399,1.159999966621399,1.159999966621399,1.159999966621399,100.0
2026-10-06 14:42:00,LMN.V,,21.649999618530273,21.7549991607666,21.649999618530273,21.7549991607666,720.0
2026-10-06 14:42:00,PNG.V,,4.670000076293945,4.675000190734863,4.670000076293945,4.675000190734863,6150.0
2026-10-06 14:42:00,TUF.V,,0.9399999976158142,0.9399999976158142,0.9300000071525574,0.9300000071525574,32000.0
2026-10-06 14:43:00,BIG.V,,1.2000000476837158,1.2000000476837158,1.2000000476837158,1.2000000476837158,100.0
2026-10-06 14:43:00,GAL.V,,0.4699999988079071,0.4699999988079071,0.4699999988079071,0.4699999988079071,2000.0
2026-10-06 14:43:00,GQC.V,,0.8100000023841858,0.8100000023841858,0.8100000023841858,0.8100000023841858,500.0
2026-10-06 14:43:00,GWM.V,,1.0499999523162842,1.0499999523162842,1.0499999523162842,1.0499999523162842,200.0
2026-10-06 14:43:00,HME.V,,2.25,2.25,2.25,2.25,100.0
2026-10-06 14:43:00,LGN.V,,1.159999966621399,1.159999966621399,1.159999966621399,1.159999966621399,100.0
2026-10-06 14:43:00,LMN.V,,21.649999618530273,21.649999618530273,21.6200008392334,21.6200008392334,4000.0
2026-10-06 14:43:00,MGM.V,,2.9600000381469727,2.9600000381469727,2.9600000381469727,2.9600000381469727,100.0
2026-10-06 14:43:00,PNG.V,,4.670000076293945,4.670000076293945,4.670000076293945,4.670000076293945,200.0
2026-10-06 14:43:00,TUF.V,,0.9399999976158142,0.9399999976158142,0.9399999976158142,0.9399999976158142,500.0
2026-10-06 14:44:00,BIG.V,,1.2000000476837158,1.2000000476837158,1.2000000476837158,1.2000000476837158,100.0
2026-10-06 14:44:00,EVER.V,,0.2800000011920929,0.2800000011920929,0.2800000011920929,0.2800000011920929,20000.0
2026-10-06 14:44:00,GAL.V,,0.4699999988079071,0.4699999988079071,0.4699999988079071,0.4699999988079071,2000.0
2026-10-06 14:44:00,GPAC.V,,0.15000000596046448,0.15000000596046448,0.14499999582767487,0.14499999582767487,26000.0
2026-10-06 14:44:00,GWM.V,,1.0499999523162842,1.0499999523162842,1.0499999523162842,1.0499999523162842,200.0
2026-10-06 14:44:00,KFR.V,,1.0399999618530273,1.0399999618530273,1.0399999618530273,1.0399999618530273,100.0
2026-10-06 14:44:00,LBNK.V,,0.5299999713897705,0.5299999713897705,0.5299999713897705,0.5299999713897705,1500.0
2026-10-06 14:44:00,LGN.V,,1.159999966621399,1.159999966621399,1.159999966621399,1.159999966621399,100.0
2026-10-06 14:44:00,PNG.V,,4.679999828338623,4.679999828338623,4.679999828338623,4.679999828338623,990.0
2026-10-06 14:45:00,BIG.V,,1.2000000476837158,1.2000000476837158,1.2000000476837158,1.2000000476837158,4700.0
2026-10-06 14:45:00,FDR.V,,8.220000267028809,8.220000267028809,8.210000038146973,8.210000038146973,2200.0
2026-10-06 14:45:00,GPAC.V,,0.15000000596046448,0.15000000596046448,0.15000000596046448,0.15000000596046448,500.0
2026-10-06 14:45:00,GWM.V,,1.0499999523162842,1.0499999523162842,1.0499999523162842,1.0499999523162842,500.0
2026-10-06 14:45:00,IFOS.V,,2.1700000762939453,2.1700000762939453,2.1700000762939453,2.1700000762939453,100.0
2026-10-06 14:45:00,KFR.V,,1.0399999618530273,1.0399999618530273,1.0399999618530273,1.0399999618530273,100.0
2026-10-06 14:45:00,LGN.V,,1.159999966621399,1.159999966621399,1.159999966621399,1.159999966621399,100.0
2026-10-06 14:45:00,MGM.V,,2.9600000381469727,2.9600000381469727,2.9600000381469727,2.9600000381469727,100.0
2026-10-06 14:45:00,PNG.V,,4.679999828338623,4.679999828338623,4.679999828338623,4.679999828338623,400.0
2026-10-06 14:45:00,TUF.V,,0.9300000071525574,0.9300000071525574,0.9300000071525574,0.9300000071525574,500.0
2026-10-06 14:46:00,BIG.V,,1.2000000476837158,1.2000000476837158,1.2000000476837158,1.2000000476837158,2500.0
2026-10-06 14:46:00,FDR.V,,8.239999771118164,8.239999771118164,8.225000381469727,8.225000381469727,4300.0
2026-10-06 14:46:00,FOBI.V,,0.029999999329447746,0.029999999329447746,0.029999999329447746,0.029999999329447746,1000.0
2026-10-06 14:46:00,FRED.V,,0.699999988079071,0.699999988079071,0.699999988079071,0.699999988079071,1000.0
2026-10-06 14:46:00,GAL.V,,0.4699999988079071,0.4699999988079071,0.4699999988079071,0.4699999988079071,1500.0
2026-10-06 14:46:00,GRSL.V,,0.30000001192092896,0.30000001192092896,0.30000001192092896,0.30000001192092896,1500.0
2026-10-06 14:46:00,GWM.V,,1.0499999523162842,1.0499999523162842,1.0499999523162842,1.0499999523162842,300.0
2026-10-06 14:46:00,IFOS.V,,2.1700000762939453,2.1700000762939453,2.1700000762939453,2.1700000762939453,100.0
2026-10-06 14:46:00,KFR.V,,1.0399999618530273,1.0399999618530273,1.0399999618530273,1.0399999618530273,100.0
2026-10-06 14:46:00,LGN.V,,1.159999966621399,1.159999966621399,1.159999966621399,1.159999966621399,100.0
2026-10-06 14:46:00,LIFT.V,,2.0,2.0,2.0,2.0,100.0
2026-10-06 14:46:00,LMN.V,,21.649999618530273,21.65999984741211,21.639999389648438,21.649999618530273,4105.0
2026-10-06 14:46:00,MGM.V,,2.9600000381469727,2.9600000381469727,2.9600000381469727,2.9600000381469727,100.0
2026-10-06 14:47:00,GAL.V,,0.4699999988079071,0.4699999988079071,0.4699999988079071,0.4699999988079071,2000.0
2026-10-06 14:47:00,GWM.V,,1.0499999523162842,1.0499999523162842,1.0499999523162842,1.0499999523162842,200.0
2026-10-06 14:47:00,HME.V,,2.25,2.25,2.25,2.25,100.0
2026-10-06 14:47:00,KFR.V,,1.0399999618530273,1.0399999618530273,1.0399999618530273,1.0399999618530273,100.0
2026-10-06 14:47:00,LIO.V,,0.18000000715255737,0.18000000715255737,0.18000000715255737,0.18000000715255737,500.0
2026-10-06 14:47:00,LMN.V,,21.690000534057617,21.690000534057617,21.6200008392334,21.6200008392334,900.0
2026-10-06 14:47:00,MGM.V,,2.9600000381469727,2.9600000381469727,2.9600000381469727,2.9600000381469727,100.0
2026-10-06 14:47:00,MMG.V,,0.1899999976158142,0.1899999976158142,0.1899999976158142,0.1899999976158142,16500.0
2026-10-06 14:47:00,PNG.V,,4.679999828338623,4.679999828338623,4.679999828338623,4.679999828338623,200.0
2026-10-06 14:47:00,TUF.V,,0.9449999928474426,0.949999988079071,0.9449999928474426,0.949999988079071,2500.0
2026-10-06 14:48:00,FDR.V,,8.270000457763672,8.279999732971191,8.239999771118164,8.260000228881836,7100.0
2026-10-06 14:48:00,GAL.V,,0.4699999988079071,0.4699999988079071,0.4699999988079071,0.4699999988079071,500.0
2026-10-06 14:48:00,GWM.V,,1.0499999523162842,1.0499999523162842,1.0499999523162842,1.0499999523162842,100.0
2026-10-06 14:48:00,KFR.V,,1.0399999618530273,1.0399999618530273,1.0399999618530273,1.0399999618530273,100.0
2026-10-06 14:48:00,KTO.V,,0.7799999713897705,0.7799999713897705,0.7799999713897705,0.7799999713897705,500.0
2026-10-06 14:48:00,LGN.V,,1.159999966621399,1.159999966621399,1.159999966621399,1.159999966621399,100.0
2026-10-06 14:48:00,MGM.V,,2.9600000381469727,2.9600000381469727,2.9600000381469727,2.9600000381469727,100.0
2026-10-06 14:49:00,EVER.V,,0.2750000059604645,0.2750000059604645,0.2750000059604645,0.2750000059604645,500.0
2026-10-06 14:49:00,FRED.V,,0.699999988079071,0.699999988079071,0.699999988079071,0.699999988079071,1000.0
2026-10-06 14:49:00,GAL.V,,0.4699999988079071,0.4699999988079071,0.4699999988079071,0.4699999988079071,2000.0
2026-10-06 14:49:00,GRZ.V,,7.25,7.25,7.25,7.25,300.0
2026-10-06 14:49:00,GSP.V,,0.14499999582767487,0.14499999582767487,0.14499999582767487,0.14499999582767487,10000.0
2026-10-06 14:49:00,GWM.V,,1.0499999523162842,1.0499999523162842,1.0499999523162842,1.0499999523162842,100.0
2026-10-06 14:49:00,KFR.V,,1.0399999618530273,1.0399999618530273,1.0399999618530273,1.0399999618530273,100.0
2026-10-06 14:49:00,MINE.V,,0.14000000059604645,0.14000000059604645,0.14000000059604645,0.14000000059604645,395000.0
2026-10-06 14:49:00,NURS.V,,3.450000047683716,3.450000047683716,3.450000047683716,3.450000047683716,100.0
2026-10-06 14:49:00,PNG.V,,4.679999828338623,4.679999828338623,4.679999828338623,4.679999828338623,15669.0
2026-10-06 14:50:00,FL.V,,0.41499999165534973,0.41499999165534973,0.41499999165534973,0.41499999165534973,3500.0
2026-10-06 14:50:00,GAL.V,,0.4699999988079071,0.4699999988079071,0.4699999988079071,0.4699999988079071,2000.0
2026-10-06 14:50:00,GRDM.V,,0.17499999701976776,0.17499999701976776,0.17499999701976776,0.17499999701976776,500.0
2026-10-06 14:50:00,GWM.V,,1.0499999523162842,1.0499999523162842,1.0499999523162842,1.0499999523162842,100.0
2026-10-06 14:50:00,KDK.V,,0.7300000190734863,0.7300000190734863,0.7300000190734863,0.7300000190734863,500.0
2026-10-06 14:50:00,LGN.V,,1.159999966621399,1.159999966621399,1.159999966621399,1.159999966621399,100.0
2026-10-06 14:50:00,LIO.V,,0.18000000715255737,0.18000000715255737,0.18000000715255737,0.18000000715255737,9000.0
2026-10-06 14:50:00,MGM.V,,2.9600000381469727,2.9600000381469727,2.9600000381469727,2.9600000381469727,100.0
2026-10-06 14:50:00,MINE.V,,0.14000000059604645,0.14000000059604645,0.14000000059604645,0.14000000059604645,10000.0
2026-10-06 14:50:00,MTA.V,,13.119999885559082,13.119999885559082,13.119999885559082,13.119999885559082,130.0
2026-10-06 14:50:00,PNG.V,,4.690000057220459,4.690000057220459,4.690000057220459,4.690000057220459,3500.0
2026-10-06 14:50:00,TUF.V,,0.949999988079071,0.949999988079071,0.949999988079071,0.949999988079071,500.0
2026-10-06 14:51:00,FDR.V,,8.25,8.25,8.25,8.25,1900.0
2026-10-06 14:51:00,FOBI.V,,0.029999999329447746,0.029999999329447746,0.029999999329447746,0.029999999329447746,1000.0
2026-10-06 14:51:00,GWM.V,,1.0499999523162842,1.0499999523162842,1.0499999523162842,1.0499999523162842,100.0
2026-10-06 14:51:00,KFR.V,,1.0399999618530273,1.0399999618530273,1.0399999618530273,1.0399999618530273,100.0
2026-10-06 14:51:00,KTN.V,,1.1549999713897705,1.1549999713897705,1.1549999713897705,1.1549999713897705,100.0
2026-10-06 14:51:00,LGC.V,,3.0,3.009999990463257,3.0,3.009999990463257,700.0
2026-10-06 14:51:00,LGN.V,,1.159999966621399,1.159999966621399,1.159999966621399,1.159999966621399,100.0
2026-10-06 14:51:00,LMN.V,,21.690000534057617,21.690000534057617,21.68000030517578,21.68000030517578,700.0
2026-10-06 14:51:00,PNG.V,,4.71999979019165,4.71999979019165,4.699999809265137,4.699999809265137,18793.0
2026-10-06 14:51:00,ROAR.V,,0.22499999403953552,0.22499999403953552,0.22499999403953552,0.22499999403953552,500.0
2026-10-06 14:52:00,FDR.V,,8.220000267028809,8.239999771118164,8.220000267028809,8.239999771118164,1300.0
2026-10-06 14:52:00,GAL.V,,0.4699999988079071,0.4699999988079071,0.4699999988079071,0.4699999988079071,18000.0
2026-10-06 14:52:00,GWM.V,,1.0499999523162842,1.0499999523162842,1.0499999523162842,1.0499999523162842,200.0
2026-10-06 14:52:00,HME.V,,2.25,2.25,2.25,2.25,100.0
2026-10-06 14:52:00,IPT.V,,0.25999999046325684,0.25999999046325684,0.25999999046325684,0.25999999046325684,4800.0
2026-10-06 14:52:00,KFR.V,,1.0399999618530273,1.0399999618530273,1.0399999618530273,1.0399999618530273,100.0
2026-10-06 14:52:00,LVX.V,,0.4300000071525574,0.4300000071525574,0.4300000071525574,0.4300000071525574,5500.0
2026-10-06 14:52:00,LXE.V,,0.22499999403953552,0.22499999403953552,0.22499999403953552,0.22499999403953552,104476.0
2026-10-06 14:52:00,MGM.V,,2.9800000190734863,2.9800000190734863,2.9800000190734863,2.9800000190734863,200.0
2026-10-06 14:52:00,PNG.V,,4.730000019073486,4.730000019073486,4.730000019073486,4.730000019073486,10602.0
2026-10-06 14:52:00,TUF.V,,0.9599999785423279,0.9599999785423279,0.949999988079071,0.949999988079071,9500.0
2026-10-06 14:53:00,EVER.V,,0.2750000059604645,0.2750000059604645,0.2750000059604645,0.2750000059604645,500.0
2026-10-06 14:53:00,FDR.V,,8.210000038146973,8.229999542236328,8.210000038146973,8.229999542236328,2800.0
2026-10-06 14:53:00,FOR.V,,0.6700000166893005,0.6700000166893005,0.6700000166893005,0.6700000166893005,590.0
2026-10-06 14:53:00,FRED.V,,0.699999988079071,0.7099999785423279,0.699999988079071,0.699999988079071,18000.0
2026-10-06 14:53:00,GAL.V,,0.4650000035762787,0.4650000035762787,0.4650000035762787,0.4650000035762787,15500.0
2026-10-06 14:53:00,GRF.V,,0.3700000047683716,0.3700000047683716,0.36500000953674316,0.36500000953674316,0.0
2026-10-06 14:53:00,GWM.V,,1.0499999523162842,1.0499999523162842,1.0499999523162842,1.0499999523162842,400.0
2026-10-06 14:53:00,HITI.V,,3.8299999237060547,3.8299999237060547,3.8299999237060547,3.8299999237060547,100.0
2026-10-06 14:53:00,IVS.V,,0.25999999046325684,0.25999999046325684,0.25999999046325684,0.25999999046325684,106737.0
2026-10-06 14:53:00,KFR.V,,1.0399999618530273,1.0399999618530273,1.0399999618530273,1.0399999618530273,100.0
2026-10-06 14:53:00,KTN.V,,1.1549999713897705,1.1549999713897705,1.1549999713897705,1.1549999713897705,700.0
2026-10-06 14:53:00,LGN.V,,1.159999966621399,1.159999966621399,1.159999966621399,1.159999966621399,100.0
2026-10-06 14:53:00,LIO.V,,0.1850000023841858,0.1850000023841858,0.1850000023841858,0.1850000023841858,538.0
2026-10-06 14:53:00,LMN.V,,21.729999542236328,21.729999542236328,21.700000762939453,21.700000762939453,400.0
2026-10-06 14:53:00,MGM.V,,2.9800000190734863,2.9800000190734863,2.9800000190734863,2.9800000190734863,800.0
2026-10-06 14:53:00,MINE.V,,0.14000000059604645,0.14000000059604645,0.14000000059604645,0.14000000059604645,9300.0
2026-10-06 14:53:00,PNG.V,,4.71999979019165,4.730000019073486,4.71999979019165,4.730000019073486,2000.0
2026-10-06 14:53:00,TUF.V,,0.9599999785423279,0.9599999785423279,0.9599999785423279,0.9599999785423279,500.0
2026-10-06 14:54:00,FDR.V,,8.210000038146973,8.210000038146973,8.210000038146973,8.210000038146973,3000.0
2026-10-06 14:54:00,GOT.V,,1.4500000476837158,1.4500000476837158,1.4500000476837158,1.4500000476837158,100.0
2026-10-06 14:54:00,GRSL.V,,0.30000001192092896,0.30000001192092896,0.30000001192092896,0.30000001192092896,18500.0
2026-10-06 14:54:00,GWM.V,,1.0499999523162842,1.0499999523162842,1.0499999523162842,1.0499999523162842,200.0
2026-10-06 14:54:00,KFR.V,,1.0399999618530273,1.0399999618530273,1.0399999618530273,1.0399999618530273,100.0
2026-10-06 14:54:00,LIO.V,,0.17499999701976776,0.17499999701976776,0.17499999701976776,0.17499999701976776,1625.0
2026-10-06 14:54:00,LTH.V,,0.5,0.5,0.5,0.5,11000.0
2026-10-06 14:54:00,MGM.V,,2.9800000190734863,2.9800000190734863,2.9800000190734863,2.9800000190734863,5900.0
2026-10-06 14:54:00,PNG.V,,4.71999979019165,4.71999979019165,4.71999979019165,4.71999979019165,100.0
2026-10-06 14:55:00,GRSL.V,,0.30000001192092896,0.30000001192092896,0.30000001192092896,0.30000001192092896,4000.0
2026-10-06 14:55:00,GWM.V,,1.0499999523162842,1.0499999523162842,1.0499999523162842,1.0499999523162842,100.0
2026-10-06 14:55:00,IFOS.V,,2.1700000762939453,2.1700000762939453,2.1700000762939453,2.1700000762939453,100.0
2026-10-06 14:55:00,KFR.V,,1.0399999618530273,1.0399999618530273,1.0399999618530273,1.0399999618530273,100.0
2026-10-06 14:55:00,LGN.V,,1.159999966621399,1.159999966621399,1.159999966621399,1.159999966621399,100.0
2026-10-06 14:55:00,LIFT.V,,2.0,2.0,2.0,2.0,100.0
2026-10-06 14:55:00,PNG.V,,4.75,4.75,4.730000019073486,4.730000019073486,9702.0
2026-10-06 14:55:00,TUF.V,,0.9599999785423279,0.9599999785423279,0.9599999785423279,0.9599999785423279,500.0
2026-10-06 14:56:00,EVER.V,,0.2750000059604645,0.2750000059604645,0.2750000059604645,0.2750000059604645,500.0
2026-10-06 14:56:00,FDR.V,,8.210000038146973,8.210000038146973,8.210000038146973,8.210000038146973,1100.0
2026-10-06 14:56:00,GWM.V,,1.0499999523162842,1.0499999523162842,1.0499999523162842,1.0499999523162842,100.0
2026-10-06 14:56:00,HME.V,,2.25,2.25,2.25,2.25,100.0
2026-10-06 14:56:00,KFR.V,,1.0399999618530273,1.0399999618530273,1.0399999618530273,1.0399999618530273,100.0
2026-10-06 14:56:00,KTN.V,,1.1549999713897705,1.1549999713897705,1.1549999713897705,1.1549999713897705,100.0
2026-10-06 14:56:00,KTO.V,,0.7799999713897705,0.7799999713897705,0.7799999713897705,0.7799999713897705,500.0
2026-10-06 14:56:00,PNG.V,,4.75,4.75,4.739999771118164,4.744999885559082,16062.0
2026-10-06 14:56:00,TUF.V,,0.9599999785423279,0.9599999785423279,0.949999988079071,0.949999988079071,4500.0
2026-10-06 14:57:00,FDR.V,,8.210000038146973,8.210000038146973,8.210000038146973,8.210000038146973,1000.0
2026-10-06 14:57:00,GWM.V,,1.0499999523162842,1.0499999523162842,1.0499999523162842,1.0499999523162842,200.0
2026-10-06 14:57:00,HITI.V,,3.859999895095825,3.859999895095825,3.8499999046325684,3.8499999046325684,1823.0
2026-10-06 14:57:00,IPT.V,,0.26499998569488525,0.26499998569488525,0.26499998569488525,0.26499998569488525,1500.0
2026-10-06 14:57:00,LGC.V,,3.0,3.0,3.0,3.0,4400.0
2026-10-06 14:57:00,LMN.V,,21.75,21.75,21.75,21.75,100.0
2026-10-06 14:57:00,MTLO.V,,0.009999999776482582,0.009999999776482582,0.009999999776482582,0.009999999776482582,9162.0
2026-10-06 14:57:00,TUF.V,,0.949999988079071,0.949999988079071,0.949999988079071,0.949999988079071,7500.0
2026-10-06 14:58:00,FDR.V,,8.220000267028809,8.220000267028809,8.1899995803833,8.210000038146973,11235.0
2026-10-06 14:58:00,GTC.V,,0.9100000262260437,0.9100000262260437,0.9100000262260437,0.9100000262260437,9500.0
2026-10-06 14:58:00,GWM.V,,1.0499999523162842,1.0499999523162842,1.0499999523162842,1.0499999523162842,100.0
2026-10-06 14:58:00,KFR.V,,1.0399999618530273,1.0399999618530273,1.0399999618530273,1.0399999618530273,200.0
2026-10-06 14:58:00,KTN.V,,1.1549999713897705,1.1549999713897705,1.1549999713897705,1.1549999713897705,100.0
2026-10-06 14:58:00,LGC.V,,2.9800000190734863,3.0,2.9800000190734863,3.0,600.0
2026-10-06 14:58:00,LGN.V,,1.159999966621399,1.159999966621399,1.159999966621399,1.159999966621399,100.0
2026-10-06 14:58:00,LIO.V,,0.18000000715255737,0.18000000715255737,0.18000000715255737,0.18000000715255737,6000.0
2026-10-06 14:58:00,TUF.V,,0.949999988079071,0.9599999785423279,0.949999988079071,0.9599999785423279,2000.0
2026-10-06 14:59:00,FDR.V,,8.210000038146973,8.210000038146973,8.210000038146973,8.210000038146973,300.0
2026-10-06 14:59:00,FRI.V,,0.06499999761581421,0.06499999761581421,0.06499999761581421,0.06499999761581421,100000.0
2026-10-06 14:59:00,GWM.V,,1.0499999523162842,1.0499999523162842,1.0499999523162842,1.0499999523162842,100.0
2026-10-06 14:59:00,HELI.V,,0.02500000037252903,0.02500000037252903,0.02500000037252903,0.02500000037252903,107349.0
2026-10-06 14:59:00,MGM.V,,2.9800000190734863,2.9800000190734863,2.9800000190734863,2.9800000190734863,200.0
2026-10-06 14:59:00,PNG.V,,4.760000228881836,4.760000228881836,4.760000228881836,4.760000228881836,100.0
2026-10-06 15:00:00,BIG.V,,1.2000000476837158,1.2000000476837158,1.2000000476837158,1.2000000476837158,100.0
2026-10-06 15:00:00,EVER.V,,0.2750000059604645,0.2750000059604645,0.2750000059604645,0.2750000059604645,500.0
2026-10-06 15:00:00,FDR.V,,8.199999809265137,8.210000038146973,8.199999809265137,8.210000038146973,1200.0
2026-10-06 15:00:00,GOT.V,,1.4500000476837158,1.4500000476837158,1.4500000476837158,1.4500000476837158,100.0
2026-10-06 15:00:00,GTC.V,,0.8799999952316284,0.8899999856948853,0.8799999952316284,0.8899999856948853,4980.0
2026-10-06 15:00:00,GWM.V,,1.0499999523162842,1.0499999523162842,1.0499999523162842,1.0499999523162842,100.0
2026-10-06 15:00:00,HITI.V,,3.8499999046325684,3.8499999046325684,3.8499999046325684,3.8499999046325684,100.0
2026-10-06 15:00:00,KFR.V,,1.0399999618530273,1.0399999618530273,1.0399999618530273,1.0399999618530273,100.0
2026-10-06 15:00:00,LGC.V,,3.009999990463257,3.009999990463257,3.0,3.0,400.0
2026-10-06 15:00:00,LTH.V,,0.5,0.5,0.5,0.5,500.0
2026-10-06 15:00:00,PNG.V,,4.760000228881836,4.760000228881836,4.760000228881836,4.760000228881836,4052.0
2026-10-06 15:01:00,BIG.V,,1.2050000429153442,1.2050000429153442,1.2050000429153442,1.2050000429153442,100.0
2026-10-06 15:01:00,EMN.V,,0.10000000149011612,0.10000000149011612,0.10000000149011612,0.10000000149011612,70500.0
2026-10-06 15:01:00,EVER.V,,0.2849999964237213,0.2849999964237213,0.2775000035762787,0.2775000035762787,8000.0
2026-10-06 15:01:00,FDR.V,,8.199999809265137,8.199999809265137,8.199999809265137,8.199999809265137,200.0
2026-10-06 15:01:00,GSS.V,,0.03500000014901161,0.03500000014901161,0.03500000014901161,0.03500000014901161,12000.0
2026-10-06 15:01:00,GWM.V,,1.0499999523162842,1.0499999523162842,1.0499999523162842,1.0499999523162842,100.0
2026-10-06 15:01:00,HAN.V,,0.6700000166893005,0.6700000166893005,0.6700000166893005,0.6700000166893005,33043.0
2026-10-06 15:01:00,HME.V,,2.25,2.25,2.25,2.25,100.0
2026-10-06 15:01:00,IPT.V,,0.26499998569488525,0.26499998569488525,0.26499998569488525,0.26499998569488525,3500.0
2026-10-06 15:01:00,KFR.V,,1.0399999618530273,1.0399999618530273,1.0399999618530273,1.0399999618530273,100.0
2026-10-06 15:01:00,LGN.V,,1.159999966621399,1.159999966621399,1.159999966621399,1.159999966621399,100.0
2026-10-06 15:01:00,LMN.V,,21.700000762939453,21.700000762939453,21.68000030517578,21.68000030517578,800.0
2026-10-06 15:01:00,MGM.V,,2.9800000190734863,2.9800000190734863,2.9800000190734863,2.9800000190734863,200.0
2026-10-06 15:01:00,PNG.V,,4.760000228881836,4.769999980926514,4.760000228881836,4.769999980926514,15312.0
2026-10-06 15:01:00,TUF.V,,0.949999988079071,0.9599999785423279,0.949999988079071,0.9599999785423279,1000.0
2026-10-06 15:02:00,BIG.V,,1.2000000476837158,1.2050000429153442,1.2000000476837158,1.2050000429153442,500.0
2026-10-06 15:02:00,FDR.V,,8.180000305175781,8.1899995803833,8.180000305175781,8.1899995803833,1200.0
2026-10-06 15:02:00,GOT.V,,1.4600000381469727,1.4600000381469727,1.4600000381469727,1.4600000381469727,200.0
2026-10-06 15:02:00,GRDM.V,,0.17499999701976776,0.17499999701976776,0.17499999701976776,0.17499999701976776,1500.0
2026-10-06 15:02:00,GWM.V,,1.0499999523162842,1.0499999523162842,1.0499999523162842,1.0499999523162842,700.0
2026-10-06 15:02:00,KFR.V,,1.0399999618530273,1.0399999618530273,1.0399999618530273,1.0399999618530273,100.0
2026-10-06 15:02:00,KTN.V,,1.1549999713897705,1.1549999713897705,1.1549999713897705,1.1549999713897705,100.0
2026-10-06 15:02:00,LG.V,,0.4300000071525574,0.4300000071525574,0.41999998688697815,0.41999998688697815,631500.0
2026-10-06 15:02:00,MFG.V,,3.6600000858306885,3.6600000858306885,3.6600000858306885,3.6600000858306885,500.0
2026-10-06 15:02:00,NURS.V,,3.450000047683716,3.450000047683716,3.450000047683716,3.450000047683716,100.0
2026-10-06 15:02:00,PNG.V,,4.78000020980835,4.78000020980835,4.769999980926514,4.769999980926514,2324.0
2026-10-06 15:02:00,TUF.V,,0.949999988079071,0.949999988079071,0.949999988079071,0.949999988079071,3000.0
2026-10-06 15:03:00,FDR.V,,8.1899995803833,8.1899995803833,8.135000228881836,8.149999618530273,8000.0
2026-10-06 15:03:00,FWZ.V,,2.869999885559082,2.869999885559082,2.869999885559082,2.869999885559082,200.0
2026-10-06 15:03:00,GAL.V,,0.4650000035762787,0.4650000035762787,0.4650000035762787,0.4650000035762787,10000.0
2026-10-06 15:03:00,GOT.V,,1.4600000381469727,1.4600000381469727,1.4600000381469727,1.4600000381469727,200.0
2026-10-06 15:03:00,GWM.V,,1.0499999523162842,1.0499999523162842,1.0499999523162842,1.0499999523162842,100.0
2026-10-06 15:03:00,KFR.V,,1.0399999618530273,1.0399999618530273,1.0399999618530273,1.0399999618530273,100.0
2026-10-06 15:03:00,KLDC.V,,0.33500000834465027,0.33500000834465027,0.33500000834465027,0.33500000834465027,86500.0
2026-10-06 15:03:00,LIFT.V,,2.0199999809265137,2.0199999809265137,2.0199999809265137,2.0199999809265137,100.0
2026-10-06 15:03:00,LITH.V,,0.3449999988079071,0.3449999988079071,0.3449999988079071,0.3449999988079071,5000.0
2026-10-06 15:03:00,LMN.V,,21.760000228881836,21.760000228881836,21.75,21.75,200.0
2026-10-06 15:03:00,PNG.V,,4.769999980926514,4.769999980926514,4.760000228881836,4.760000228881836,1640.0
2026-10-06 15:03:00,TUF.V,,0.949999988079071,0.9599999785423279,0.949999988079071,0.9599999785423279,1000.0
2026-10-06 15:04:00,BIG.V,,1.2000000476837158,1.2000000476837158,1.2000000476837158,1.2000000476837158,600.0
2026-10-06 15:04:00,FDR.V,,8.199999809265137,8.199999809265137,8.199999809265137,8.199999809265137,2300.0
2026-10-06 15:04:00,FWZ.V,,2.869999885559082,2.869999885559082,2.869999885559082,2.869999885559082,1296.0
2026-10-06 15:04:00,GAL.V,,0.4650000035762787,0.4650000035762787,0.4650000035762787,0.4650000035762787,8500.0
2026-10-06 15:04:00,GG.V,,2.9700000286102295,2.9700000286102295,2.9700000286102295,2.9700000286102295,700.0
2026-10-06 15:04:00,GGAU.V,,0.13500000536441803,0.13500000536441803,0.13500000536441803,0.13500000536441803,36536.0
2026-10-06 15:04:00,GWM.V,,1.0549999475479126,1.059999942779541,1.0499999523162842,1.0499999523162842,18400.0
2026-10-06 15:04:00,HME.V,,2.25,2.25,2.25,2.25,100.0
2026-10-06 15:04:00,KFR.V,,1.0399999618530273,1.0399999618530273,1.0399999618530273,1.0399999618530273,100.0
2026-10-06 15:04:00,KTO.V,,0.7799999713897705,0.7799999713897705,0.7799999713897705,0.7799999713897705,500.0
2026-10-06 15:04:00,LITH.V,,0.3449999988079071,0.3449999988079071,0.3449999988079071,0.3449999988079071,2000.0
2026-10-06 15:04:00,LMN.V,,21.790000915527344,21.790000915527344,21.790000915527344,21.790000915527344,100.0
2026-10-06 15:04:00,MGM.V,,2.9800000190734863,2.9800000190734863,2.9800000190734863,2.9800000190734863,100.0
2026-10-06 15:04:00,PNG.V,,4.769999980926514,4.78000020980835,4.769999980926514,4.78000020980835,8600.0
2026-10-06 15:05:00,FDR.V,,8.210000038146973,8.220000267028809,8.199999809265137,8.220000267028809,1700.0
2026-10-06 15:05:00,GAL.V,,0.4650000035762787,0.4650000035762787,0.4650000035762787,0.4650000035762787,1500.0
2026-10-06 15:05:00,GG.V,,3.0,3.0,2.934999942779541,2.934999942779541,5300.0
2026-10-06 15:05:00,GWM.V,,1.0499999523162842,1.0499999523162842,1.0499999523162842,1.0499999523162842,100.0
2026-10-06 15:05:00,HME.V,,2.25,2.25,2.25,2.25,100.0
2026-10-06 15:05:00,IFOS.V,,2.1700000762939453,2.1700000762939453,2.1700000762939453,2.1700000762939453,100.0
2026-10-06 15:05:00,KFR.V,,1.0399999618530273,1.0399999618530273,1.0399999618530273,1.0399999618530273,100.0
2026-10-06 15:05:00,KLD.V,,2.4000000953674316,2.4000000953674316,2.4000000953674316,2.4000000953674316,2700.0
2026-10-06 15:05:00,LGN.V,,1.159999966621399,1.159999966621399,1.159999966621399,1.159999966621399,100.0
2026-10-06 15:05:00,MGM.V,,2.9800000190734863,2.9800000190734863,2.9800000190734863,2.9800000190734863,200.0
2026-10-06 15:05:00,MINE.V,,0.14000000059604645,0.14000000059604645,0.14000000059604645,0.14000000059604645,16000.0
2026-10-06 15:05:00,PNG.V,,4.769999980926514,4.78000020980835,4.769999980926514,4.78000020980835,13900.0
2026-10-06 15:05:00,TUF.V,,0.9599999785423279,0.9599999785423279,0.9599999785423279,0.9599999785423279,500.0
2026-10-06 15:06:00,BIG.V,,1.2000000476837158,1.2000000476837158,1.2000000476837158,1.2000000476837158,100.0
2026-10-06 15:06:00,FDR.V,,8.149999618530273,8.149999618530273,8.149999618530273,8.149999618530273,200.0
2026-10-06 15:06:00,FOBI.V,,0.029999999329447746,0.029999999329447746,0.029999999329447746,0.029999999329447746,1000.0
2026-10-06 15:06:00,GAL.V,,0.4650000035762787,0.4650000035762787,0.4650000035762787,0.4650000035762787,1500.0
2026-10-06 15:06:00,GWM.V,,1.0499999523162842,1.0499999523162842,1.0499999523162842,1.0499999523162842,200.0
2026-10-06 15:06:00,KFR.V,,1.0399999618530273,1.0399999618530273,1.0399999618530273,1.0399999618530273,100.0
2026-10-06 15:06:00,KLDC.V,,0.3449999988079071,0.3449999988079071,0.3400000035762787,0.3400000035762787,15000.0
2026-10-06 15:06:00,LG.V,,0.42500001192092896,0.42500001192092896,0.42500001192092896,0.42500001192092896,46000.0
2026-10-06 15:06:00,PNG.V,,4.769999980926514,4.769999980926514,4.769999980926514,4.769999980926514,400.0
2026-10-06 15:07:00,GAL.V,,0.4650000035762787,0.4650000035762787,0.4650000035762787,0.4650000035762787,1500.0
2026-10-06 15:07:00,GRSL.V,,0.30000001192092896,0.30000001192092896,0.30000001192092896,0.30000001192092896,3500.0
2026-10-06 15:07:00,GWM.V,,1.059999942779541,1.059999942779541,1.059999942779541,1.059999942779541,300.0
2026-10-06 15:07:00,HAR.V,,0.05000000074505806,0.05000000074505806,0.05000000074505806,0.05000000074505806,8000.0
2026-10-06 15:07:00,KFR.V,,1.0499999523162842,1.0499999523162842,1.0399999618530273,1.0399999618530273,4600.0
2026-10-06 15:07:00,KTN.V,,1.1549999713897705,1.1549999713897705,1.1549999713897705,1.1549999713897705,100.0
2026-10-06 15:07:00,LMN.V,,21.829999923706055,21.829999923706055,21.829999923706055,21.829999923706055,200.0
2026-10-06 15:07:00,LTH.V,,0.5,0.5,0.5,0.5,1000.0
2026-10-06 15:07:00,PNG.V,,4.760000228881836,4.769999980926514,4.760000228881836,4.769999980926514,2200.0
2026-10-06 15:08:00,GWM.V,,1.059999942779541,1.059999942779541,1.059999942779541,1.059999942779541,500.0
2026-10-06 15:08:00,HITI.V,,3.859999895095825,3.859999895095825,3.859999895095825,3.859999895095825,100.0
2026-10-06 15:08:00,LG.V,,0.42500001192092896,0.42500001192092896,0.42500001192092896,0.42500001192092896,40000.0
2026-10-06 15:08:00,MGM.V,,2.9800000190734863,2.9800000190734863,2.9800000190734863,2.9800000190734863,100.0
2026-10-06 15:08:00,PNG.V,,4.760000228881836,4.760000228881836,4.760000228881836,4.760000228881836,6350.0
2026-10-06 15:08:00,TUF.V,,0.9599999785423279,0.9599999785423279,0.9599999785423279,0.9599999785423279,500.0
2026-10-06 15:09:00,BIG.V,,1.2000000476837158,1.2000000476837158,1.2000000476837158,1.2000000476837158,100.0
2026-10-06 15:09:00,GAL.V,,0.4650000035762787,0.4650000035762787,0.4650000035762787,0.4650000035762787,1500.0
2026-10-06 15:09:00,GOT.V,,1.4600000381469727,1.4600000381469727,1.4600000381469727,1.4600000381469727,100.0
2026-10-06 15:09:00,GWM.V,,1.059999942779541,1.059999942779541,1.059999942779541,1.059999942779541,500.0
2026-10-06 15:09:00,HAM.V,,5.929999828338623,5.929999828338623,5.929999828338623,5.929999828338623,1100.0
2026-10-06 15:09:00,KLDC.V,,0.3449999988079071,0.3449999988079071,0.3449999988079071,0.3449999988079071,4500.0
2026-10-06 15:09:00,LG.V,,0.42500001192092896,0.42500001192092896,0.42500001192092896,0.42500001192092896,14500.0
2026-10-06 15:09:00,NURS.V,,3.450000047683716,3.450000047683716,3.450000047683716,3.450000047683716,100.0
2026-10-06 15:09:00,PNG.V,,4.769999980926514,4.769999980926514,4.760000228881836,4.760000228881836,5800.0
2026-10-06 15:10:00,FDR.V,,8.149999618530273,8.149999618530273,8.149999618530273,8.149999618530273,1500.0
2026-10-06 15:10:00,GAL.V,,0.4650000035762787,0.4650000035762787,0.4650000035762787,0.4650000035762787,1500.0
2026-10-06 15:10:00,GWM.V,,1.059999942779541,1.059999942779541,1.059999942779541,1.059999942779541,200.0
2026-10-06 15:10:00,LG.V,,0.42500001192092896,0.42500001192092896,0.42500001192092896,0.42500001192092896,2000.0
2026-10-06 15:10:00,LGN.V,,1.159999966621399,1.159999966621399,1.159999966621399,1.159999966621399,100.0
2026-10-06 15:10:00,LIFT.V,,2.0299999713897705,2.0299999713897705,2.0199999809265137,2.0199999809265137,200.0
2026-10-06 15:10:00,LMN.V,,21.81999969482422,21.81999969482422,21.81999969482422,21.81999969482422,100.0
2026-10-06 15:10:00,LMS.V,,0.2199999988079071,0.22499999403953552,0.2199999988079071,0.22499999403953552,33000.0
2026-10-06 15:10:00,MFG.V,,3.6600000858306885,3.6600000858306885,3.6600000858306885,3.6600000858306885,100.0
2026-10-06 15:10:00,MGM.V,,2.9800000190734863,2.9800000190734863,2.9800000190734863,2.9800000190734863,1700.0
2026-10-06 15:10:00,TUF.V,,0.9599999785423279,0.9599999785423279,0.9599999785423279,0.9599999785423279,500.0
2026-10-06 15:11:00,FDR.V,,8.170000076293945,8.1899995803833,8.130000114440918,8.130000114440918,8800.0
2026-10-06 15:11:00,GAL.V,,0.4650000035762787,0.4650000035762787,0.4650000035762787,0.4650000035762787,1000.0
2026-10-06 15:11:00,GWM.V,,1.059999942779541,1.059999942779541,1.059999942779541,1.059999942779541,200.0
2026-10-06 15:11:00,NURS.V,,3.4600000381469727,3.4600000381469727,3.4600000381469727,3.4600000381469727,100.0
2026-10-06 15:11:00,PNG.V,,4.75,4.760000228881836,4.75,4.75,7080.0
2026-10-06 15:12:00,FWZ.V,,2.880000114440918,2.880000114440918,2.880000114440918,2.880000114440918,100.0
2026-10-06 15:12:00,GAL.V,,0.4650000035762787,0.4650000035762787,0.4650000035762787,0.4650000035762787,1500.0
2026-10-06 15:12:00,GOT.V,,1.4600000381469727,1.4600000381469727,1.4600000381469727,1.4600000381469727,100.0
2026-10-06 15:12:00,GRSL.V,,0.30000001192092896,0.30000001192092896,0.30000001192092896,0.30000001192092896,1500.0
2026-10-06 15:12:00,GWM.V,,1.059999942779541,1.059999942779541,1.059999942779541,1.059999942779541,100.0
2026-10-06 15:12:00,KTN.V,,1.1549999713897705,1.1549999713897705,1.1549999713897705,1.1549999713897705,100.0
2026-10-06 15:12:00,KTO.V,,0.7799999713897705,0.7799999713897705,0.7799999713897705,0.7799999713897705,500.0
2026-10-06 15:12:00,LTH.V,,0.5,0.5,0.5,0.5,500.0
2026-10-06 15:12:00,MTA.V,,13.119999885559082,13.119999885559082,13.119999885559082,13.119999885559082,100.0
2026-10-06 15:12:00,TUF.V,,0.949999988079071,0.9549999833106995,0.949999988079071,0.949999988079071,51000.0
2026-10-06 15:13:00,BIG.V,,1.2000000476837158,1.2000000476837158,1.2000000476837158,1.2000000476837158,100.0
2026-10-06 15:13:00,FDR.V,,8.1899995803833,8.1899995803833,8.170000076293945,8.180000305175781,2836.0
2026-10-06 15:13:00,FWZ.V,,2.880000114440918,2.880000114440918,2.880000114440918,2.880000114440918,100.0
2026-10-06 15:13:00,GAL.V,,0.4650000035762787,0.4650000035762787,0.4650000035762787,0.4650000035762787,1500.0
2026-10-06 15:13:00,GSTM.V,,0.1599999964237213,0.1599999964237213,0.1599999964237213,0.1599999964237213,5000.0
2026-10-06 15:13:00,GWM.V,,1.059999942779541,1.059999942779541,1.059999942779541,1.059999942779541,200.0
2026-10-06 15:13:00,KFR.V,,1.0399999618530273,1.0399999618530273,1.0399999618530273,1.0399999618530273,100.0
2026-10-06 15:13:00,LMN.V,,21.8799991607666,21.8799991607666,21.8799991607666,21.8799991607666,200.0
2026-10-06 15:13:00,MGM.V,,2.950000047683716,2.950000047683716,2.950000047683716,2.950000047683716,200.0
2026-10-06 15:13:00,PNG.V,,4.75,4.75,4.744999885559082,4.75,4983.0
2026-10-06 15:14:00,FDR.V,,8.1899995803833,8.1899995803833,8.180000305175781,8.180000305175781,300.0
2026-10-06 15:14:00,FOBI.V,,0.029999999329447746,0.029999999329447746,0.029999999329447746,0.029999999329447746,1000.0
2026-10-06 15:14:00,FRI.V,,0.06499999761581421,0.06499999761581421,0.06499999761581421,0.06499999761581421,100000.0
2026-10-06 15:14:00,GAL.V,,0.4650000035762787,0.4650000035762787,0.4650000035762787,0.4650000035762787,1500.0
2026-10-06 15:14:00,GWM.V,,1.059999942779541,1.059999942779541,1.059999942779541,1.059999942779541,100.0
2026-10-06 15:14:00,IFOS.V,,2.1700000762939453,2.1700000762939453,2.1700000762939453,2.1700000762939453,100.0
2026-10-06 15:14:00,KFR.V,,1.0399999618530273,1.0399999618530273,1.0399999618530273,1.0399999618530273,100.0
2026-10-06 15:14:00,KLD.V,,2.4200000762939453,2.4200000762939453,2.4100000858306885,2.4100000858306885,2400.0
2026-10-06 15:14:00,LMS.V,,0.2199999988079071,0.2199999988079071,0.2199999988079071,0.2199999988079071,3500.0
2026-10-06 15:14:00,MAR-UN.V,,0.800000011920929,0.800000011920929,0.800000011920929,0.800000011920929,0.0
2026-10-06 15:14:00,MTA.V,,13.140000343322754,13.140000343322754,13.140000343322754,13.140000343322754,100.0
2026-10-06 15:14:00,PNG.V,,4.730000019073486,4.739999771118164,4.730000019073486,4.739999771118164,6108.0
2026-10-06 15:15:00,BIG.V,,1.2000000476837158,1.2050000429153442,1.2000000476837158,1.2050000429153442,2500.0
2026-10-06 15:15:00,FDR.V,,8.1899995803833,8.1899995803833,8.1899995803833,8.1899995803833,100.0
2026-10-06 15:15:00,FWZ.V,,2.859999895095825,2.859999895095825,2.859999895095825,2.859999895095825,23800.0
2026-10-06 15:15:00,GAL.V,,0.4650000035762787,0.4650000035762787,0.4650000035762787,0.4650000035762787,1500.0
2026-10-06 15:15:00,GWM.V,,1.0499999523162842,1.0499999523162842,1.0499999523162842,1.0499999523162842,23080.0
2026-10-06 15:15:00,ILC.V,,0.02500000037252903,0.02500000037252903,0.02500000037252903,0.02500000037252903,9000.0
2026-10-06 15:15:00,KTN.V,,1.159999966621399,1.159999966621399,1.159999966621399,1.159999966621399,100.0
2026-10-06 15:15:00,MFG.V,,3.6600000858306885,3.6600000858306885,3.6600000858306885,3.6600000858306885,100.0
2026-10-06 15:15:00,PNG.V,,4.730000019073486,4.730000019073486,4.730000019073486,4.730000019073486,142.0
2026-10-06 15:16:00,FDR.V,,8.180000305175781,8.1899995803833,8.175000190734863,8.180000305175781,3200.0
2026-10-06 15:16:00,FOR.V,,0.6600000262260437,0.6600000262260437,0.6600000262260437,0.6600000262260437,49190.0
2026-10-06 15:16:00,GAL.V,,0.4650000035762787,0.4650000035762787,0.4650000035762787,0.4650000035762787,1500.0
2026-10-06 15:16:00,HME.V,,2.25,2.25,2.25,2.25,100.0
2026-10-06 15:16:00,KFR.V,,1.0399999618530273,1.0399999618530273,1.0399999618530273,1.0399999618530273,100.0
2026-10-06 15:16:00,LG.V,,0.42500001192092896,0.4300000071525574,0.42500001192092896,0.42500001192092896,11000.0
2026-10-06 15:16:00,MGM.V,,2.9600000381469727,2.9600000381469727,2.9600000381469727,2.9600000381469727,100.0
2026-10-06 15:17:00,BIG.V,,1.2050000429153442,1.2050000429153442,1.2050000429153442,1.2050000429153442,772783.0
2026-10-06 15:17:00,FDR.V,,8.180000305175781,8.180000305175781,8.180000305175781,8.180000305175781,100.0
2026-10-06 15:17:00,GAL.V,,0.4650000035762787,0.4650000035762787,0.4650000035762787,0.4650000035762787,1500.0
2026-10-06 15:17:00,HME.V,,2.25,2.25,2.25,2.25,100.0
2026-10-06 15:17:00,INTR.V,,0.8399999737739563,0.8399999737739563,0.8199999928474426,0.8199999928474426,18000.0
2026-10-06 15:17:00,KFR.V,,1.0399999618530273,1.0399999618530273,1.0399999618530273,1.0399999618530273,100.0
2026-10-06 15:17:00,MGM.V,,2.9700000286102295,2.9700000286102295,2.9700000286102295,2.9700000286102295,100.0
2026-10-06 15:17:00,PNG.V,,4.71999979019165,4.724999904632568,4.71999979019165,4.724999904632568,1340.0
2026-10-06 15:18:00,FDR.V,,8.149999618530273,8.170000076293945,8.149999618530273,8.15999984741211,1700.0
2026-10-06 15:18:00,FUU.V,,0.125,0.125,0.125,0.125,49000.0
2026-10-06 15:18:00,GAL.V,,0.4650000035762787,0.4650000035762787,0.4650000035762787,0.4650000035762787,1500.0
2026-10-06 15:18:00,GOT.V,,1.465000033378601,1.465000033378601,1.465000033378601,1.465000033378601,100.0
2026-10-06 15:18:00,GWM.V,,1.0499999523162842,1.0499999523162842,1.0499999523162842,1.0499999523162842,200.0
2026-10-06 15:18:00,INTR.V,,0.8500000238418579,0.8700000047683716,0.8399999737739563,0.8399999737739563,57500.0
2026-10-06 15:18:00,KFR.V,,1.0399999618530273,1.0399999618530273,1.0399999618530273,1.0399999618530273,600.0
2026-10-06 15:18:00,KTN.V,,1.159999966621399,1.159999966621399,1.159999966621399,1.159999966621399,1500.0
2026-10-06 15:18:00,LG.V,,0.42500001192092896,0.42500001192092896,0.42500001192092896,0.42500001192092896,10000.0
2026-10-06 15:18:00,LIFT.V,,2.0199999809265137,2.0199999809265137,2.0199999809265137,2.0199999809265137,100.0
2026-10-06 15:18:00,LMN.V,,21.690000534057617,21.709999084472656,21.68000030517578,21.709999084472656,1000.0
2026-10-06 15:18:00,LTH.V,,0.5,0.5,0.5,0.5,500.0
2026-10-06 15:18:00,MFG.V,,3.6600000858306885,3.6600000858306885,3.6600000858306885,3.6600000858306885,100.0
2026-10-06 15:18:00,MGM.V,,2.9600000381469727,2.9600000381469727,2.9600000381469727,2.9600000381469727,100.0
2026-10-06 15:18:00,TUF.V,,0.949999988079071,0.949999988079071,0.949999988079071,0.949999988079071,3200.0
2026-10-06 15:19:00,BIG.V,,1.2050000429153442,1.2050000429153442,1.2000000476837158,1.2050000429153442,3300.0
2026-10-06 15:19:00,FDR.V,,8.130000114440918,8.149999618530273,8.130000114440918,8.149999618530273,775.0
2026-10-06 15:19:00,FRED.V,,0.699999988079071,0.699999988079071,0.699999988079071,0.699999988079071,500.0
2026-10-06 15:19:00,GRSL.V,,0.30000001192092896,0.30000001192092896,0.30000001192092896,0.30000001192092896,333060.0
2026-10-06 15:19:00,GWM.V,,1.059999942779541,1.059999942779541,1.059999942779541,1.059999942779541,100.0
2026-10-06 15:19:00,KFR.V,,1.0399999618530273,1.0399999618530273,1.0399999618530273,1.0399999618530273,100.0
2026-10-06 15:19:00,LG.V,,0.42750000953674316,0.42750000953674316,0.42500001192092896,0.42500001192092896,12000.0
2026-10-06 15:19:00,LIFT.V,,2.0199999809265137,2.0199999809265137,2.0199999809265137,2.0199999809265137,100.0
2026-10-06 15:20:00,FDR.V,,8.180000305175781,8.180000305175781,8.15999984741211,8.170000076293945,4500.0
2026-10-06 15:20:00,FG.V,,0.029999999329447746,0.029999999329447746,0.029999999329447746,0.029999999329447746,76272.0
2026-10-06 15:20:00,GAL.V,,0.4650000035762787,0.4650000035762787,0.4650000035762787,0.4650000035762787,1500.0
2026-10-06 15:20:00,GOT.V,,1.4600000381469727,1.4600000381469727,1.4600000381469727,1.4600000381469727,100.0
2026-10-06 15:20:00,GPAC.V,,0.15000000596046448,0.15000000596046448,0.15000000596046448,0.15000000596046448,4500.0
2026-10-06 15:20:00,GWM.V,,1.059999942779541,1.059999942779541,1.059999942779541,1.059999942779541,400.0
2026-10-06 15:20:00,KAPA.V,,0.11500000208616257,0.11500000208616257,0.11500000208616257,0.11500000208616257,500.0
2026-10-06 15:20:00,KFR.V,,1.0499999523162842,1.0499999523162842,1.0499999523162842,1.0499999523162842,200.0
2026-10-06 15:20:00,KTO.V,,0.7799999713897705,0.7799999713897705,0.7799999713897705,0.7799999713897705,500.0
2026-10-06 15:20:00,LME.V,,0.14499999582767487,0.14499999582767487,0.14499999582767487,0.14499999582767487,10500.0
2026-10-06 15:20:00,PNG.V,,4.730000019073486,4.730000019073486,4.730000019073486,4.730000019073486,1200.0
2026-10-06 15:21:00,BIG.V,,1.2000000476837158,1.2000000476837158,1.2000000476837158,1.2000000476837158,300.0
2026-10-06 15:21:00,FHYD.V,,0.36000001430511475,0.36000001430511475,0.36000001430511475,0.36000001430511475,105432.0
2026-10-06 15:21:00,GAL.V,,0.4650000035762787,0.4650000035762787,0.4650000035762787,0.4650000035762787,1500.0
2026-10-06 15:21:00,GOT.V,,1.4600000381469727,1.4600000381469727,1.4600000381469727,1.4600000381469727,100.0
2026-10-06 15:21:00,GSTM.V,,0.1599999964237213,0.1599999964237213,0.1599999964237213,0.1599999964237213,10000.0
2026-10-06 15:21:00,GWM.V,,1.059999942779541,1.059999942779541,1.059999942779541,1.059999942779541,500.0
2026-10-06 15:21:00,HME.V,,2.259999990463257,2.259999990463257,2.259999990463257,2.259999990463257,6500.0
2026-10-06 15:21:00,KFR.V,,1.0399999618530273,1.0399999618530273,1.0399999618530273,1.0399999618530273,100.0
2026-10-06 15:21:00,KTO.V,,0.7799999713897705,0.7799999713897705,0.7799999713897705,0.7799999713897705,500.0
2026-10-06 15:21:00,MGM.V,,2.9600000381469727,2.9600000381469727,2.9600000381469727,2.9600000381469727,100.0
2026-10-06 15:21:00,PNG.V,,4.71999979019165,4.730000019073486,4.71999979019165,4.730000019073486,16600.0
2026-10-06 15:22:00,FDR.V,,8.149999618530273,8.149999618530273,8.149999618530273,8.149999618530273,200.0
2026-10-06 15:22:00,GAL.V,,0.4650000035762787,0.4650000035762787,0.4650000035762787,0.4650000035762787,1500.0
2026-10-06 15:22:00,GOT.V,,1.4600000381469727,1.4600000381469727,1.4600000381469727,1.4600000381469727,100.0
2026-10-06 15:22:00,GWM.V,,1.059999942779541,1.059999942779541,1.059999942779541,1.059999942779541,500.0
2026-10-06 15:22:00,KFR.V,,1.0399999618530273,1.0399999618530273,1.0399999618530273,1.0399999618530273,100.0
2026-10-06 15:22:00,LGN.V,,1.1699999570846558,1.1699999570846558,1.1699999570846558,1.1699999570846558,100.0
2026-10-06 15:22:00,LTH.V,,0.5,0.5,0.5,0.5,500.0
2026-10-06 15:22:00,PNG.V,,4.71999979019165,4.730000019073486,4.71999979019165,4.730000019073486,6442.0
2026-10-06 15:23:00,BIG.V,,1.2000000476837158,1.2000000476837158,1.2000000476837158,1.2000000476837158,200.0
2026-10-06 15:23:00,FDR.V,,8.149999618530273,8.15999984741211,8.149999618530273,8.149999618530273,1400.0
2026-10-06 15:23:00,FOBI.V,,0.029999999329447746,0.029999999329447746,0.029999999329447746,0.029999999329447746,1000.0
2026-10-06 15:23:00,GAL.V,,0.4650000035762787,0.4650000035762787,0.4650000035762787,0.4650000035762787,1500.0
2026-10-06 15:23:00,GWM.V,,1.059999942779541,1.059999942779541,1.059999942779541,1.059999942779541,200.0
2026-10-06 15:23:00,HME.V,,2.259999990463257,2.259999990463257,2.259999990463257,2.259999990463257,4500.0
2026-10-06 15:23:00,IFOS.V,,2.1700000762939453,2.1700000762939453,2.1700000762939453,2.1700000762939453,100.0
2026-10-06 15:23:00,KFR.V,,1.0399999618530273,1.0399999618530273,1.0399999618530273,1.0399999618530273,100.0
2026-10-06 15:23:00,LTH.V,,0.5,0.5,0.5,0.5,500.0
2026-10-06 15:23:00,MMG.V,,0.1899999976158142,0.1899999976158142,0.1899999976158142,0.1899999976158142,10000.0
2026-10-06 15:23:00,PNG.V,,4.71999979019165,4.71999979019165,4.71999979019165,4.71999979019165,123.0
2026-10-06 15:24:00,FDR.V,,8.15999984741211,8.175000190734863,8.15999984741211,8.175000190734863,1300.0
2026-10-06 15:24:00,FWZ.V,,2.880000114440918,2.880000114440918,2.880000114440918,2.880000114440918,100.0
2026-10-06 15:24:00,GAL.V,,0.4650000035762787,0.4650000035762787,0.4650000035762787,0.4650000035762787,2000.0
2026-10-06 15:24:00,GGO.V,,1.3200000524520874,1.3200000524520874,1.3200000524520874,1.3200000524520874,1300.0
2026-10-06 15:24:00,HAM.V,,5.929999828338623,5.929999828338623,5.929999828338623,5.929999828338623,500.0
2026-10-06 15:24:00,LBNK.V,,0.5299999713897705,0.5299999713897705,0.5299999713897705,0.5299999713897705,1000.0
2026-10-06 15:24:00,LG.V,,0.42500001192092896,0.42500001192092896,0.42500001192092896,0.42500001192092896,10000.0
2026-10-06 15:24:00,LIFT.V,,2.0199999809265137,2.0299999713897705,2.0199999809265137,2.0299999713897705,200.0
2026-10-06 15:24:00,MFG.V,,3.6600000858306885,3.6600000858306885,3.6600000858306885,3.6600000858306885,100.0
2026-10-06 15:25:00,FDR.V,,8.15999984741211,8.15999984741211,8.15999984741211,8.15999984741211,700.0
2026-10-06 15:25:00,FRI.V,,0.06499999761581421,0.06499999761581421,0.06499999761581421,0.06499999761581421,194000.0
2026-10-06 15:25:00,FWZ.V,,2.880000114440918,2.880000114440918,2.880000114440918,2.880000114440918,100.0
2026-10-06 15:25:00,GAL.V,,0.4650000035762787,0.4650000035762787,0.4650000035762787,0.4650000035762787,1500.0
2026-10-06 15:25:00,GOT.V,,1.4600000381469727,1.4600000381469727,1.4600000381469727,1.4600000381469727,100.0
2026-10-06 15:25:00,GWM.V,,1.0499999523162842,1.0499999523162842,1.0499999523162842,1.0499999523162842,200.0
2026-10-06 15:25:00,KFR.V,,1.0499999523162842,1.0499999523162842,1.0399999618530273,1.0399999618530273,43300.0
2026-10-06 15:25:00,PNG.V,,4.71999979019165,4.71999979019165,4.710000038146973,4.710000038146973,5231.0
2026-10-06 15:26:00,FDR.V,,8.149999618530273,8.149999618530273,8.149999618530273,8.149999618530273,800.0
2026-10-06 15:26:00,FOBI.V,,0.029999999329447746,0.029999999329447746,0.029999999329447746,0.029999999329447746,1000.0
2026-10-06 15:26:00,FWZ.V,,2.880000114440918,2.880000114440918,2.880000114440918,2.880000114440918,100.0
2026-10-06 15:26:00,GAL.V,,0.4650000035762787,0.4650000035762787,0.4650000035762787,0.4650000035762787,1000.0
2026-10-06 15:26:00,GPAC.V,,0.15000000596046448,0.15000000596046448,0.15000000596046448,0.15000000596046448,5000.0
2026-10-06 15:26:00,MGM.V,,2.9600000381469727,2.9600000381469727,2.9600000381469727,2.9600000381469727,100.0
2026-10-06 15:26:00,MINE.V,,0.14000000059604645,0.14000000059604645,0.14000000059604645,0.14000000059604645,8500.0
2026-10-06 15:27:00,BIG.V,,1.2000000476837158,1.2000000476837158,1.2000000476837158,1.2000000476837158,1200.0
2026-10-06 15:27:00,FDR.V,,8.149999618530273,8.149999618530273,8.149999618530273,8.149999618530273,100.0
2026-10-06 15:27:00,FWZ.V,,2.880000114440918,2.880000114440918,2.880000114440918,2.880000114440918,100.0
2026-10-06 15:27:00,GAL.V,,0.4650000035762787,0.4650000035762787,0.4650000035762787,0.4650000035762787,1500.0
2026-10-06 15:27:00,GGO.V,,1.350000023841858,1.350000023841858,1.3200000524520874,1.3300000429153442,98226.0
2026-10-06 15:27:00,GLAD.V,,2.359999895095825,2.369999885559082,2.309999942779541,2.3499999046325684,1950.0
2026-10-06 15:27:00,GOT.V,,1.4600000381469727,1.4600000381469727,1.4600000381469727,1.4600000381469727,100.0
2026-10-06 15:27:00,GWM.V,,1.0499999523162842,1.0499999523162842,1.0499999523162842,1.0499999523162842,100.0
2026-10-06 15:27:00,HME.V,,2.259999990463257,2.259999990463257,2.259999990463257,2.259999990463257,100.0
2026-10-06 15:27:00,KTO.V,,0.7799999713897705,0.7799999713897705,0.7799999713897705,0.7799999713897705,500.0
2026-10-06 15:27:00,LG.V,,0.42500001192092896,0.42500001192092896,0.42500001192092896,0.42500001192092896,2500.0
2026-10-06 15:27:00,MJS.V,,0.0949999988079071,0.0949999988079071,0.0949999988079071,0.0949999988079071,30000.0
2026-10-06 15:28:00,FDR.V,,8.199999809265137,8.199999809265137,8.154999732971191,8.180000305175781,3600.0
2026-10-06 15:28:00,FUU.V,,0.125,0.125,0.125,0.125,20000.0
2026-10-06 15:28:00,FWZ.V,,2.880000114440918,2.880000114440918,2.880000114440918,2.880000114440918,100.0
2026-10-06 15:28:00,GLAD.V,,2.369999885559082,2.369999885559082,2.3499999046325684,2.3499999046325684,200.0
2026-10-06 15:28:00,GWM.V,,1.0499999523162842,1.0499999523162842,1.0499999523162842,1.0499999523162842,200.0
2026-10-06 15:28:00,KLD.V,,2.430000066757202,2.430000066757202,2.4200000762939453,2.4200000762939453,4100.0
2026-10-06 15:28:00,LBNK.V,,0.5299999713897705,0.5299999713897705,0.5199999809265137,0.5199999809265137,6500.0
2026-10-06 15:28:00,LMN.V,,21.65999984741211,21.65999984741211,21.65999984741211,21.65999984741211,100.0
2026-10-06 15:28:00,MERG.V,,0.44999998807907104,0.44999998807907104,0.44999998807907104,0.44999998807907104,9000.0
2026-10-06 15:28:00,MGM.V,,2.9600000381469727,2.9600000381469727,2.9600000381469727,2.9600000381469727,100.0
2026-10-06 15:28:00,MINE.V,,0.13500000536441803,0.13500000536441803,0.13500000536441803,0.13500000536441803,24000.0
2026-10-06 15:28:00,PNG.V,,4.730000019073486,4.730000019073486,4.724999904632568,4.724999904632568,5200.0
2026-10-06 15:28:00,TUF.V,,0.949999988079071,0.949999988079071,0.949999988079071,0.949999988079071,500.0
2026-10-06 15:29:00,FDR.V,,8.1899995803833,8.199999809265137,8.1899995803833,8.199999809265137,600.0
2026-10-06 15:29:00,FWZ.V,,2.880000114440918,2.880000114440918,2.880000114440918,2.880000114440918,100.0
2026-10-06 15:29:00,GWM.V,,1.059999942779541,1.059999942779541,1.059999942779541,1.059999942779541,100.0
2026-10-06 15:29:00,HME.V,,2.259999990463257,2.259999990463257,2.259999990463257,2.259999990463257,300.0
2026-10-06 15:29:00,KFR.V,,1.0449999570846558,1.0449999570846558,1.0449999570846558,1.0449999570846558,300.0
2026-10-06 15:29:00,KTO.V,,0.800000011920929,0.800000011920929,0.800000011920929,0.800000011920929,3000.0
2026-10-06 15:29:00,LG.V,,0.41999998688697815,0.41999998688697815,0.41999998688697815,0.41999998688697815,3500.0
2026-10-06 15:29:00,LTH.V,,0.5,0.5,0.5,0.5,500.0
2026-10-06 15:29:00,MERG.V,,0.44999998807907104,0.44999998807907104,0.44999998807907104,0.44999998807907104,1000.0
2026-10-06 15:30:00,CELL.V,,0.009999999776482582,0.009999999776482582,0.009999999776482582,0.009999999776482582,36589.0
2026-10-06 15:30:00,FWZ.V,,2.880000114440918,2.880000114440918,2.880000114440918,2.880000114440918,100.0
2026-10-06 15:30:00,GWM.V,,1.0499999523162842,1.059999942779541,1.0499999523162842,1.059999942779541,200.0
2026-10-06 15:30:00,KDK.V,,0.7200000286102295,0.7200000286102295,0.7200000286102295,0.7200000286102295,500.0
2026-10-06 15:30:00,KFR.V,,1.0399999618530273,1.0449999570846558,1.0399999618530273,1.0449999570846558,300.0
2026-10-06 15:30:00,KTN.V,,1.149999976158142,1.149999976158142,1.149999976158142,1.149999976158142,300.0
2026-10-06 15:30:00,LMN.V,,21.739999771118164,21.739999771118164,21.739999771118164,21.739999771118164,194.0
2026-10-06 15:30:00,PNG.V,,4.739999771118164,4.739999771118164,4.739999771118164,4.739999771118164,711.0
2026-10-06 15:31:00,FDR.V,,8.220000267028809,8.220000267028809,8.204999923706055,8.204999923706055,1000.0
2026-10-06 15:31:00,FWZ.V,,2.880000114440918,2.880000114440918,2.880000114440918,2.880000114440918,100.0
2026-10-06 15:31:00,GWM.V,,1.0499999523162842,1.0499999523162842,1.0499999523162842,1.0499999523162842,100.0
2026-10-06 15:31:00,IFOS.V,,2.1700000762939453,2.1700000762939453,2.1700000762939453,2.1700000762939453,100.0
2026-10-06 15:31:00,KFR.V,,1.0499999523162842,1.0499999523162842,1.0399999618530273,1.0399999618530273,3200.0
2026-10-06 15:31:00,LIO.V,,0.17499999701976776,0.17499999701976776,0.17499999701976776,0.17499999701976776,86250.0
2026-10-06 15:31:00,MERG.V,,0.44999998807907104,0.44999998807907104,0.44999998807907104,0.44999998807907104,0.0
2026-10-06 15:31:00,PNG.V,,4.755000114440918,4.755000114440918,4.739999771118164,4.739999771118164,18625.0
2026-10-06 15:31:00,TUF.V,,0.949999988079071,0.949999988079071,0.949999988079071,0.949999988079071,1000.0
2026-10-06 15:32:00,BIG.V,,1.190000057220459,1.190000057220459,1.190000057220459,1.190000057220459,100.0
2026-10-06 15:32:00,FWZ.V,,2.880000114440918,2.880000114440918,2.880000114440918,2.880000114440918,100.0
2026-10-06 15:32:00,GGO.V,,1.340000033378601,1.340000033378601,1.340000033378601,1.340000033378601,600.0
2026-10-06 15:32:00,GWM.V,,1.059999942779541,1.059999942779541,1.059999942779541,1.059999942779541,200.0
2026-10-06 15:32:00,HME.V,,2.2699999809265137,2.2699999809265137,2.259999990463257,2.259999990463257,6600.0
2026-10-06 15:32:00,HVG.V,,0.03999999910593033,0.03999999910593033,0.03999999910593033,0.03999999910593033,821580.0
2026-10-06 15:32:00,LMN.V,,21.75,21.75,21.729999542236328,21.729999542236328,804.0
2026-10-06 15:32:00,MERG.V,,0.44999998807907104,0.44999998807907104,0.44999998807907104,0.44999998807907104,290505.0
2026-10-06 15:32:00,NURS.V,,3.450000047683716,3.450000047683716,3.450000047683716,3.450000047683716,800.0
2026-10-06 15:32:00,PNG.V,,4.760000228881836,4.760000228881836,4.760000228881836,4.760000228881836,637.0
2026-10-06 15:32:00,WOLF.V,,1.7000000476837158,1.7000000476837158,1.7000000476837158,1.7000000476837158,97501.0
2026-10-06 15:33:00,FDR.V,,8.220000267028809,8.220000267028809,8.194999694824219,8.199999809265137,4500.0
2026-10-06 15:33:00,FWZ.V,,2.880000114440918,2.880000114440918,2.880000114440918,2.880000114440918,100.0
2026-10-06 15:33:00,GWM.V,,1.059999942779541,1.059999942779541,1.059999942779541,1.059999942779541,200.0
2026-10-06 15:33:00,KDK.V,,0.7099999785423279,0.7099999785423279,0.7099999785423279,0.7099999785423279,500.0
2026-10-06 15:33:00,KTN.V,,1.149999976158142,1.149999976158142,1.149999976158142,1.149999976158142,100.0
2026-10-06 15:33:00,KTO.V,,0.7799999713897705,0.7799999713897705,0.7799999713897705,0.7799999713897705,500.0
2026-10-06 15:33:00,LGC.V,,2.9800000190734863,2.9800000190734863,2.9800000190734863,2.9800000190734863,100.0
2026-10-06 15:33:00,LIO.V,,0.16500000655651093,0.17000000178813934,0.16500000655651093,0.17000000178813934,756200.0
2026-10-06 15:33:00,LTH.V,,0.5,0.5,0.5,0.5,500.0
2026-10-06 15:33:00,MJS.V,,0.0949999988079071,0.0949999988079071,0.0949999988079071,0.0949999988079071,101200.0
2026-10-06 15:33:00,PNG.V,,4.75,4.760000228881836,4.75,4.760000228881836,3882.0
2026-10-06 15:33:00,TUF.V,,0.949999988079071,0.949999988079071,0.949999988079071,0.949999988079071,500.0
2026-10-06 15:34:00,FDR.V,,8.180000305175781,8.21500015258789,8.180000305175781,8.21500015258789,2500.0
2026-10-06 15:34:00,FUU.V,,0.125,0.125,0.125,0.125,31500.0
2026-10-06 15:34:00,GGO.V,,1.3200000524520874,1.3200000524520874,1.3200000524520874,1.3200000524520874,12200.0
2026-10-06 15:34:00,GLAD.V,,2.309999942779541,2.309999942779541,2.309999942779541,2.309999942779541,300.0
2026-10-06 15:34:00,GRSL.V,,0.30000001192092896,0.30000001192092896,0.30000001192092896,0.30000001192092896,5000.0
2026-10-06 15:34:00,GWM.V,,1.059999942779541,1.059999942779541,1.059999942779541,1.059999942779541,200.0
2026-10-06 15:34:00,KC.V,,0.38999998569488525,0.38999998569488525,0.38999998569488525,0.38999998569488525,23500.0
2026-10-06 15:34:00,LIO.V,,0.1599999964237213,0.16500000655651093,0.1599999964237213,0.16500000655651093,334240.0
2026-10-06 15:34:00,LMN.V,,21.829999923706055,21.829999923706055,21.829999923706055,21.829999923706055,100.0
2026-10-06 15:34:00,LTH.V,,0.5,0.5,0.5,0.5,500.0
2026-10-06 15:34:00,MTA.V,,13.069999694824219,13.069999694824219,13.069999694824219,13.069999694824219,100.0
2026-10-06 15:34:00,PNG.V,,4.760000228881836,4.760000228881836,4.760000228881836,4.760000228881836,111.0
2026-10-06 15:34:00,TUF.V,,0.949999988079071,0.949999988079071,0.949999988079071,0.949999988079071,4000.0
2026-10-06 15:35:00,BIG.V,,1.2050000429153442,1.2050000429153442,1.190000057220459,1.190000057220459,7200.0
2026-10-06 15:35:00,FRI.V,,0.06499999761581421,0.06499999761581421,0.06499999761581421,0.06499999761581421,10000.0
2026-10-06 15:35:00,FWZ.V,,2.859999895095825,2.859999895095825,2.859999895095825,2.859999895095825,1500.0
2026-10-06 15:35:00,GAL.V,,0.4650000035762787,0.4650000035762787,0.4650000035762787,0.4650000035762787,500.0
2026-10-06 15:35:00,GWM.V,,1.0499999523162842,1.059999942779541,1.0499999523162842,1.0499999523162842,300.0
2026-10-06 15:35:00,HAM.V,,5.840000152587891,5.889999866485596,5.840000152587891,5.840000152587891,3300.0
2026-10-06 15:35:00,IFOS.V,,2.1700000762939453,2.1700000762939453,2.1700000762939453,2.1700000762939453,24700.0
2026-10-06 15:35:00,KG.V,,0.15000000596046448,0.15000000596046448,0.15000000596046448,0.15000000596046448,20000.0
2026-10-06 15:35:00,LIO.V,,0.1599999964237213,0.1599999964237213,0.1599999964237213,0.1599999964237213,83500.0
2026-10-06 15:35:00,LITH.V,,0.3449999988079071,0.3449999988079071,0.3449999988079071,0.3449999988079071,2000.0
2026-10-06 15:35:00,LME.V,,0.15000000596046448,0.15000000596046448,0.15000000596046448,0.15000000596046448,63167.0
2026-10-06 15:35:00,MGM.V,,2.950000047683716,2.950000047683716,2.950000047683716,2.950000047683716,100.0
2026-10-06 15:35:00,PNG.V,,4.760000228881836,4.760000228881836,4.760000228881836,4.760000228881836,500.0
2026-10-06 15:35:00,TUF.V,,0.949999988079071,0.949999988079071,0.949999988079071,0.949999988079071,1500.0
2026-10-06 15:36:00,BIG.V,,1.2050000429153442,1.2050000429153442,1.2050000429153442,1.2050000429153442,800.0
2026-10-06 15:36:00,FDR.V,,8.15999984741211,8.15999984741211,8.15999984741211,8.15999984741211,925.0
2026-10-06 15:36:00,GAL.V,,0.4650000035762787,0.4650000035762787,0.4650000035762787,0.4650000035762787,2000.0
2026-10-06 15:36:00,GQC.V,,0.8100000023841858,0.8100000023841858,0.8100000023841858,0.8100000023841858,2000.0
2026-10-06 15:36:00,GWM.V,,1.0499999523162842,1.0499999523162842,1.0499999523162842,1.0499999523162842,200.0
2026-10-06 15:36:00,KFR.V,,1.0449999570846558,1.0449999570846558,1.0449999570846558,1.0449999570846558,100.0
2026-10-06 15:36:00,LBNK.V,,0.5299999713897705,0.5299999713897705,0.5299999713897705,0.5299999713897705,69681.0
2026-10-06 15:36:00,LMN.V,,21.829999923706055,21.829999923706055,21.829999923706055,21.829999923706055,200.0
2026-10-06 15:36:00,MRVL.V,,0.11500000208616257,0.11500000208616257,0.11500000208616257,0.11500000208616257,26500.0
2026-10-06 15:36:00,NURS.V,,3.450000047683716,3.450000047683716,3.450000047683716,3.450000047683716,200.0
2026-10-06 15:36:00,PNG.V,,4.760000228881836,4.760000228881836,4.760000228881836,4.760000228881836,700.0
2026-10-06 15:37:00,BIG.V,,1.2050000429153442,1.2050000429153442,1.2050000429153442,1.2050000429153442,800.0
2026-10-06 15:37:00,FDR.V,,8.149999618530273,8.15999984741211,8.149999618530273,8.15999984741211,1500.0
2026-10-06 15:37:00,GAL.V,,0.4650000035762787,0.4650000035762787,0.4650000035762787,0.4650000035762787,1000.0
2026-10-06 15:37:00,GRDM.V,,0.17000000178813934,0.17000000178813934,0.17000000178813934,0.17000000178813934,100000.0
2026-10-06 15:37:00,GSTM.V,,0.1599999964237213,0.1599999964237213,0.1599999964237213,0.1599999964237213,42500.0
2026-10-06 15:37:00,GWM.V,,1.0499999523162842,1.0499999523162842,1.0499999523162842,1.0499999523162842,100.0
2026-10-06 15:37:00,IFOS.V,,2.1700000762939453,2.1700000762939453,2.1700000762939453,2.1700000762939453,3700.0
2026-10-06 15:37:00,KFR.V,,1.0449999570846558,1.0449999570846558,1.0449999570846558,1.0449999570846558,300.0
2026-10-06 15:37:00,KTO.V,,0.800000011920929,0.800000011920929,0.800000011920929,0.800000011920929,1000.0
2026-10-06 15:37:00,MRVL.V,,0.11500000208616257,0.11500000208616257,0.11500000208616257,0.11500000208616257,15000.0
2026-10-06 15:37:00,TUF.V,,0.9399999976158142,0.949999988079071,0.9399999976158142,0.949999988079071,16500.0
2026-10-06 15:38:00,BIG.V,,1.2050000429153442,1.2050000429153442,1.2050000429153442,1.2050000429153442,200.0
2026-10-06 15:38:00,FDR.V,,8.1899995803833,8.1899995803833,8.149999618530273,8.149999618530273,3700.0
2026-10-06 15:38:00,GAL.V,,0.4650000035762787,0.4650000035762787,0.4650000035762787,0.4650000035762787,2000.0
2026-10-06 15:38:00,GOT.V,,1.4500000476837158,1.4500000476837158,1.4500000476837158,1.4500000476837158,100.0
2026-10-06 15:38:00,GRSL.V,,0.29499998688697815,0.29499998688697815,0.29499998688697815,0.29499998688697815,4000.0
2026-10-06 15:38:00,GWM.V,,1.0499999523162842,1.059999942779541,1.0499999523162842,1.059999942779541,200.0
2026-10-06 15:38:00,HITI.V,,3.859999895095825,3.859999895095825,3.859999895095825,3.859999895095825,100.0
2026-10-06 15:38:00,IFOS.V,,2.1600000858306885,2.1600000858306885,2.1600000858306885,2.1600000858306885,100.0
2026-10-06 15:38:00,KFR.V,,1.0449999570846558,1.0449999570846558,1.0449999570846558,1.0449999570846558,200.0
2026-10-06 15:38:00,KTN.V,,1.149999976158142,1.149999976158142,1.149999976158142,1.149999976158142,100.0
2026-10-06 15:38:00,LGN.V,,1.1699999570846558,1.1699999570846558,1.1699999570846558,1.1699999570846558,300.0
2026-10-06 15:38:00,LRA.V,,3.950000047683716,4.0,3.950000047683716,4.0,3400.0
2026-10-06 15:38:00,LTH.V,,0.5,0.5,0.5,0.5,500.0
2026-10-06 15:38:00,MFG.V,,3.630000114440918,3.630000114440918,3.630000114440918,3.630000114440918,100.0
2026-10-06 15:38:00,MGM.V,,2.950000047683716,2.950000047683716,2.950000047683716,2.950000047683716,100.0
2026-10-06 15:38:00,NURS.V,,3.450000047683716,3.450000047683716,3.450000047683716,3.450000047683716,200.0
2026-10-06 15:38:00,PNG.V,,4.75,4.760000228881836,4.744999885559082,4.760000228881836,14200.0
2026-10-06 15:38:00,TUF.V,,0.9399999976158142,0.9399999976158142,0.9399999976158142,0.9399999976158142,2000.0
2026-10-06 15:38:00,ZNG.V,,0.7300000190734863,0.7300000190734863,0.7300000190734863,0.7300000190734863,7750.0
2026-10-06 15:39:00,BIG.V,,1.2100000381469727,1.215000033378601,1.2050000429153442,1.2100000381469727,15300.0
2026-10-06 15:39:00,FDR.V,,8.1899995803833,8.199999809265137,8.1899995803833,8.199999809265137,2900.0
2026-10-06 15:39:00,FMS.V,,0.4350000023841858,0.4399999976158142,0.4350000023841858,0.4399999976158142,8000.0
2026-10-06 15:39:00,FRI.V,,0.06499999761581421,0.06499999761581421,0.06499999761581421,0.06499999761581421,40000.0
2026-10-06 15:39:00,FUU.V,,0.125,0.125,0.125,0.125,21500.0
2026-10-06 15:39:00,GAL.V,,0.4650000035762787,0.4650000035762787,0.4650000035762787,0.4650000035762787,1000.0
2026-10-06 15:39:00,GPAC.V,,0.1550000011920929,0.1550000011920929,0.1550000011920929,0.1550000011920929,338711.0
2026-10-06 15:39:00,GWM.V,,1.059999942779541,1.059999942779541,1.059999942779541,1.059999942779541,5500.0
2026-10-06 15:39:00,HITI.V,,3.859999895095825,3.859999895095825,3.859999895095825,3.859999895095825,164.0
2026-10-06 15:39:00,HME.V,,2.259999990463257,2.259999990463257,2.259999990463257,2.259999990463257,200.0
2026-10-06 15:39:00,IFOS.V,,2.1600000858306885,2.1600000858306885,2.1600000858306885,2.1600000858306885,200.0
2026-10-06 15:39:00,KFR.V,,1.0449999570846558,1.0449999570846558,1.0449999570846558,1.0449999570846558,200.0
2026-10-06 15:39:00,KLD.V,,2.390000104904175,2.390000104904175,2.390000104904175,2.390000104904175,800.0
2026-10-06 15:39:00,LIFT.V,,2.0199999809265137,2.0199999809265137,2.0199999809265137,2.0199999809265137,100.0
2026-10-06 15:39:00,LIO.V,,0.1599999964237213,0.1599999964237213,0.1599999964237213,0.1599999964237213,157000.0
2026-10-06 15:39:00,LITH.V,,0.36000001430511475,0.36000001430511475,0.3499999940395355,0.36000001430511475,284361.0
2026-10-06 15:39:00,LRA.V,,4.0,4.0,4.0,4.0,400.0
2026-10-06 15:39:00,MN.V,,0.09000000357627869,0.0949999988079071,0.09000000357627869,0.0949999988079071,35000.0
2026-10-06 15:39:00,ZNG.V,,0.7400000095367432,0.7400000095367432,0.7400000095367432,0.7400000095367432,37000.0
2026-10-06 15:40:00,BIG.V,,1.2100000381469727,1.2200000286102295,1.2100000381469727,1.2100000381469727,12400.0
2026-10-06 15:40:00,FUU.V,,0.125,0.125,0.125,0.125,37500.0
2026-10-06 15:40:00,GAL.V,,0.4650000035762787,0.4650000035762787,0.4650000035762787,0.4650000035762787,1500.0
2026-10-06 15:40:00,GSR.V,,0.3199999928474426,0.32499998807907104,0.3199999928474426,0.32499998807907104,29500.0
2026-10-06 15:40:00,GWM.V,,1.059999942779541,1.059999942779541,1.059999942779541,1.059999942779541,200.0
2026-10-06 15:40:00,KFR.V,,1.0449999570846558,1.0449999570846558,1.0449999570846558,1.0449999570846558,200.0
2026-10-06 15:40:00,LG.V,,0.42500001192092896,0.42500001192092896,0.42500001192092896,0.42500001192092896,500.0
2026-10-06 15:40:00,LRA.V,,4.0,4.0,4.0,4.0,300.0
2026-10-06 15:40:00,LTH.V,,0.5,0.5,0.5,0.5,500.0
2026-10-06 15:40:00,MMG.V,,0.19499999284744263,0.19499999284744263,0.19499999284744263,0.19499999284744263,49500.0
2026-10-06 15:40:00,MN.V,,0.08500000089406967,0.09000000357627869,0.08500000089406967,0.09000000357627869,137626.0
2026-10-06 15:40:00,PNG.V,,4.760000228881836,4.769999980926514,4.760000228881836,4.760000228881836,11650.0
2026-10-06 15:41:00,FDR.V,,8.220000267028809,8.220000267028809,8.210000038146973,8.210000038146973,1200.0
2026-10-06 15:41:00,FOBI.V,,0.029999999329447746,0.03500000014901161,0.029999999329447746,0.03500000014901161,2000.0
2026-10-06 15:41:00,GAL.V,,0.4650000035762787,0.4650000035762787,0.4650000035762787,0.4650000035762787,1000.0
2026-10-06 15:41:00,GGO.V,,1.340000033378601,1.340000033378601,1.340000033378601,1.340000033378601,2125.0
2026-10-06 15:41:00,GWM.V,,1.059999942779541,1.059999942779541,1.059999942779541,1.059999942779541,200.0
2026-10-06 15:41:00,KFR.V,,1.0499999523162842,1.0499999523162842,1.0449999570846558,1.0449999570846558,2600.0
2026-10-06 15:41:00,KLDC.V,,0.33500000834465027,0.33500000834465027,0.33500000834465027,0.33500000834465027,500.0
2026-10-06 15:41:00,LCX.V,,1.7699999809265137,1.7699999809265137,1.7699999809265137,1.7699999809265137,0.0
2026-10-06 15:41:00,LIFT.V,,2.0,2.0199999809265137,2.0,2.0199999809265137,3100.0
2026-10-06 15:41:00,LRA.V,,4.0,4.0,4.0,4.0,400.0
2026-10-06 15:41:00,LTH.V,,0.5,0.5,0.5,0.5,500.0
2026-10-06 15:41:00,MN.V,,0.08500000089406967,0.08500000089406967,0.08500000089406967,0.08500000089406967,4234.0
2026-10-06 15:41:00,PNG.V,,4.760000228881836,4.764999866485596,4.760000228881836,4.764999866485596,9509.0
2026-10-06 15:41:00,TUF.V,,0.9399999976158142,0.9399999976158142,0.9399999976158142,0.9399999976158142,5500.0
2026-10-06 15:42:00,BIG.V,,1.215000033378601,1.215000033378601,1.2100000381469727,1.215000033378601,4400.0
2026-10-06 15:42:00,FDR.V,,8.210000038146973,8.210000038146973,8.210000038146973,8.210000038146973,1900.0
2026-10-06 15:42:00,GAL.V,,0.4650000035762787,0.4650000035762787,0.4650000035762787,0.4650000035762787,1000.0
2026-10-06 15:42:00,GRDM.V,,0.16500000655651093,0.16500000655651093,0.16500000655651093,0.16500000655651093,500.0
2026-10-06 15:42:00,GSR.V,,0.33000001311302185,0.33000001311302185,0.33000001311302185,0.33000001311302185,1000.0
2026-10-06 15:42:00,GWM.V,,1.059999942779541,1.059999942779541,1.059999942779541,1.059999942779541,100.0
2026-10-06 15:42:00,HME.V,,2.259999990463257,2.259999990463257,2.259999990463257,2.259999990463257,100.0
2026-10-06 15:42:00,IFOS.V,,2.1600000858306885,2.1600000858306885,2.1600000858306885,2.1600000858306885,100.0
2026-10-06 15:42:00,IPT.V,,0.25999999046325684,0.26499998569488525,0.25999999046325684,0.26499998569488525,107955.0
2026-10-06 15:42:00,KTN.V,,1.149999976158142,1.149999976158142,1.149999976158142,1.149999976158142,10920.0
2026-10-06 15:42:00,LG.V,,0.41999998688697815,0.42250001430511475,0.41999998688697815,0.42250001430511475,36500.0
2026-10-06 15:42:00,LGC.V,,2.9800000190734863,2.9800000190734863,2.9800000190734863,2.9800000190734863,100.0
2026-10-06 15:42:00,LGN.V,,1.1699999570846558,1.1699999570846558,1.1699999570846558,1.1699999570846558,100.0
2026-10-06 15:42:00,LIFT.V,,2.0,2.0,2.0,2.0,100.0
2026-10-06 15:42:00,LMN.V,,21.81999969482422,21.81999969482422,21.81999969482422,21.81999969482422,100.0
2026-10-06 15:42:00,LRA.V,,4.0,4.0,4.0,4.0,300.0
2026-10-06 15:42:00,LTH.V,,0.5,0.5,0.5,0.5,500.0
2026-10-06 15:42:00,MGM.V,,2.9600000381469727,2.9600000381469727,2.9600000381469727,2.9600000381469727,200.0
2026-10-06 15:42:00,MINE.V,,0.14000000059604645,0.14000000059604645,0.14000000059604645,0.14000000059604645,2536591.0
2026-10-06 15:42:00,PNG.V,,4.75,4.75,4.75,4.75,7400.0
2026-10-06 15:43:00,BIG.V,,1.2200000286102295,1.2200000286102295,1.2200000286102295,1.2200000286102295,1300.0
2026-10-06 15:43:00,FDR.V,,8.210000038146973,8.210000038146973,8.199999809265137,8.210000038146973,2900.0
2026-10-06 15:43:00,GAL.V,,0.4650000035762787,0.4650000035762787,0.4650000035762787,0.4650000035762787,2000.0
2026-10-06 15:43:00,GOT.V,,1.4500000476837158,1.4500000476837158,1.4500000476837158,1.4500000476837158,100.0
2026-10-06 15:43:00,GWM.V,,1.059999942779541,1.059999942779541,1.059999942779541,1.059999942779541,300.0
2026-10-06 15:43:00,HME.V,,2.259999990463257,2.259999990463257,2.259999990463257,2.259999990463257,400.0
2026-10-06 15:43:00,IPT.V,,0.2549999952316284,0.25999999046325684,0.2549999952316284,0.2574999928474426,510421.0
2026-10-06 15:43:00,KFR.V,,1.0449999570846558,1.0449999570846558,1.0449999570846558,1.0449999570846558,100.0
2026-10-06 15:43:00,KTN.V,,1.1349999904632568,1.1399999856948853,1.1299999952316284,1.1399999856948853,198020.0
2026-10-06 15:43:00,LIFT.V,,2.0,2.0,2.0,2.0,200.0
2026-10-06 15:43:00,LRA.V,,4.0,4.0,4.0,4.0,250.0
2026-10-06 15:43:00,MFG.V,,3.630000114440918,3.630000114440918,3.630000114440918,3.630000114440918,100.0
2026-10-06 15:43:00,MN.V,,0.0949999988079071,0.0949999988079071,0.09000000357627869,0.0949999988079071,215861.0
2026-10-06 15:43:00,PNG.V,,4.760000228881836,4.760000228881836,4.760000228881836,4.760000228881836,12400.0
2026-10-06 15:44:00,BIG.V,,1.2200000286102295,1.225000023841858,1.2200000286102295,1.2200000286102295,12200.0
2026-10-06 15:44:00,FDR.V,,8.180000305175781,8.199999809265137,8.180000305175781,8.199999809265137,2700.0
2026-10-06 15:44:00,FWZ.V,,2.869999885559082,2.869999885559082,2.869999885559082,2.869999885559082,100.0
2026-10-06 15:44:00,GAL.V,,0.4650000035762787,0.4650000035762787,0.4650000035762787,0.4650000035762787,1000.0
2026-10-06 15:44:00,GWM.V,,1.059999942779541,1.059999942779541,1.059999942779541,1.059999942779541,200.0
2026-10-06 15:44:00,HITI.V,,3.859999895095825,3.859999895095825,3.859999895095825,3.859999895095825,200.0
2026-10-06 15:44:00,HME.V,,2.259999990463257,2.259999990463257,2.259999990463257,2.259999990463257,100.0
2026-10-06 15:44:00,IPT.V,,0.25999999046325684,0.25999999046325684,0.25999999046325684,0.25999999046325684,86500.0
2026-10-06 15:44:00,KFR.V,,1.0399999618530273,1.0399999618530273,1.0399999618530273,1.0399999618530273,300.0
2026-10-06 15:44:00,KTO.V,,0.7799999713897705,0.7799999713897705,0.7799999713897705,0.7799999713897705,500.0
2026-10-06 15:44:00,LGC.V,,3.0,3.0,3.0,3.0,200.0
2026-10-06 15:44:00,LIFT.V,,2.0,2.0,2.0,2.0,1440.0
2026-10-06 15:44:00,LMN.V,,21.81999969482422,21.81999969482422,21.81999969482422,21.81999969482422,100.0
2026-10-06 15:44:00,MFG.V,,3.6700000762939453,3.6700000762939453,3.6600000858306885,3.6600000858306885,800.0
2026-10-06 15:44:00,MGM.V,,2.990000009536743,2.990000009536743,2.990000009536743,2.990000009536743,600.0
2026-10-06 15:44:00,PNG.V,,4.760000228881836,4.760000228881836,4.75,4.760000228881836,9123.0
2026-10-06 15:44:00,TUF.V,,0.9200000166893005,0.9399999976158142,0.9200000166893005,0.9399999976158142,79100.0
2026-10-06 15:45:00,BIG.V,,1.2200000286102295,1.225000023841858,1.2200000286102295,1.2200000286102295,16900.0
2026-10-06 15:45:00,FDR.V,,8.149999618530273,8.170000076293945,8.149999618530273,8.170000076293945,1600.0
2026-10-06 15:45:00,FOBI.V,,0.029999999329447746,0.029999999329447746,0.029999999329447746,0.029999999329447746,2000.0
2026-10-06 15:45:00,FUU.V,,0.125,0.125,0.125,0.125,9000.0
2026-10-06 15:45:00,FWZ.V,,2.869999885559082,2.869999885559082,2.869999885559082,2.869999885559082,100.0
2026-10-06 15:45:00,GAL.V,,0.4650000035762787,0.4650000035762787,0.4650000035762787,0.4650000035762787,2000.0
2026-10-06 15:45:00,GOT.V,,1.4500000476837158,1.4500000476837158,1.4500000476837158,1.4500000476837158,200.0
2026-10-06 15:45:00,GSR.V,,0.33000001311302185,0.33000001311302185,0.33000001311302185,0.33000001311302185,20000.0
2026-10-06 15:45:00,GWM.V,,1.059999942779541,1.059999942779541,1.059999942779541,1.059999942779541,300.0
2026-10-06 15:45:00,HME.V,,2.259999990463257,2.259999990463257,2.259999990463257,2.259999990463257,600.0
2026-10-06 15:45:00,JZR.V,,0.2549999952316284,0.2549999952316284,0.2549999952316284,0.2549999952316284,910.0
2026-10-06 15:45:00,KFR.V,,1.0399999618530273,1.0399999618530273,1.0399999618530273,1.0399999618530273,300.0
2026-10-06 15:45:00,KTN.V,,1.1299999952316284,1.1299999952316284,1.1299999952316284,1.1299999952316284,100.0
2026-10-06 15:45:00,LIFT.V,,2.0,2.0,2.0,2.0,1200.0
2026-10-06 15:45:00,LMN.V,,21.790000915527344,21.790000915527344,21.790000915527344,21.790000915527344,100.0
2026-10-06 15:45:00,NURS.V,,3.490000009536743,3.490000009536743,3.490000009536743,3.490000009536743,200.0
2026-10-06 15:45:00,PNG.V,,4.760000228881836,4.760000228881836,4.760000228881836,4.760000228881836,210.0
2026-10-06 15:45:00,TUF.V,,0.9100000262260437,0.9200000166893005,0.9100000262260437,0.9200000166893005,29500.0
2026-10-06 15:46:00,BIG.V,,1.2300000190734863,1.2300000190734863,1.2300000190734863,1.2300000190734863,5000.0
2026-10-06 15:46:00,FDR.V,,8.180000305175781,8.180000305175781,8.149999618530273,8.149999618530273,3700.0
2026-10-06 15:46:00,FWZ.V,,2.869999885559082,2.869999885559082,2.869999885559082,2.869999885559082,100.0
2026-10-06 15:46:00,GAL.V,,0.4650000035762787,0.4650000035762787,0.4650000035762787,0.4650000035762787,44500.0
2026-10-06 15:46:00,GWM.V,,1.059999942779541,1.059999942779541,1.059999942779541,1.059999942779541,100.0
2026-10-06 15:46:00,HITI.V,,3.859999895095825,3.859999895095825,3.859999895095825,3.859999895095825,100.0
2026-10-06 15:46:00,KDK.V,,0.7099999785423279,0.7099999785423279,0.7099999785423279,0.7099999785423279,1000.0
2026-10-06 15:46:00,KFR.V,,1.0399999618530273,1.0399999618530273,1.0399999618530273,1.0399999618530273,300.0
2026-10-06 15:46:00,KLD.V,,2.4200000762939453,2.4200000762939453,2.4100000858306885,2.4100000858306885,1400.0
2026-10-06 15:46:00,LG.V,,0.41999998688697815,0.41999998688697815,0.41999998688697815,0.41999998688697815,10000.0
2026-10-06 15:46:00,LIFT.V,,2.0,2.0,2.0,2.0,200.0
2026-10-06 15:46:00,LMS.V,,0.2199999988079071,0.2199999988079071,0.2199999988079071,0.2199999988079071,1500.0
2026-10-06 15:46:00,PNG.V,,4.760000228881836,4.760000228881836,4.755000114440918,4.755000114440918,1900.0
2026-10-06 15:46:00,TUF.V,,0.9100000262260437,0.9100000262260437,0.9100000262260437,0.9100000262260437,18000.0
2026-10-06 15:47:00,BIG.V,,1.2300000190734863,1.2300000190734863,1.2300000190734863,1.2300000190734863,10600.0
2026-10-06 15:47:00,FDR.V,,8.149999618530273,8.15999984741211,8.149999618530273,8.15999984741211,1000.0
2026-10-06 15:47:00,FWZ.V,,2.869999885559082,2.869999885559082,2.869999885559082,2.869999885559082,100.0
2026-10-06 15:47:00,GAL.V,,0.4650000035762787,0.4650000035762787,0.4650000035762787,0.4650000035762787,500.0
2026-10-06 15:47:00,GOT.V,,1.4500000476837158,1.4500000476837158,1.4500000476837158,1.4500000476837158,100.0
2026-10-06 15:47:00,GRZ.V,,7.25,7.25,7.25,7.25,200.0
2026-10-06 15:47:00,GWM.V,,1.059999942779541,1.059999942779541,1.059999942779541,1.059999942779541,200.0
2026-10-06 15:47:00,HITI.V,,3.859999895095825,3.859999895095825,3.859999895095825,3.859999895095825,100.0
2026-10-06 15:47:00,HME.V,,2.259999990463257,2.259999990463257,2.259999990463257,2.259999990463257,100.0
2026-10-06 15:47:00,KFR.V,,1.0399999618530273,1.0399999618530273,1.0399999618530273,1.0399999618530273,300.0
2026-10-06 15:47:00,LG.V,,0.41999998688697815,0.41999998688697815,0.41999998688697815,0.41999998688697815,5000.0
2026-10-06 15:47:00,LGN.V,,1.1699999570846558,1.1699999570846558,1.1699999570846558,1.1699999570846558,100.0
2026-10-06 15:47:00,LMN.V,,21.780000686645508,21.780000686645508,21.780000686645508,21.780000686645508,500.0
2026-10-06 15:47:00,LMS.V,,0.22499999403953552,0.22499999403953552,0.22499999403953552,0.22499999403953552,166600.0
2026-10-06 15:47:00,MRVL.V,,0.11999999731779099,0.11999999731779099,0.11500000208616257,0.11500000208616257,34000.0
2026-10-06 15:47:00,PNG.V,,4.769999980926514,4.769999980926514,4.760000228881836,4.764999866485596,14100.0
2026-10-06 15:47:00,TUF.V,,0.9100000262260437,0.9200000166893005,0.9100000262260437,0.9100000262260437,12000.0
2026-10-06 15:48:00,BIG.V,,1.225000023841858,1.2300000190734863,1.2200000286102295,1.2300000190734863,33800.0
2026-10-06 15:48:00,FDR.V,,8.1899995803833,8.1899995803833,8.149999618530273,8.149999618530273,4000.0
2026-10-06 15:48:00,FWZ.V,,2.869999885559082,2.869999885559082,2.869999885559082,2.869999885559082,100.0
2026-10-06 15:48:00,GAL.V,,0.4650000035762787,0.4650000035762787,0.4650000035762787,0.4650000035762787,8000.0
2026-10-06 15:48:00,GGO.V,,1.340000033378601,1.340000033378601,1.340000033378601,1.340000033378601,300.0
2026-10-06 15:48:00,GOT.V,,1.4500000476837158,1.4500000476837158,1.4500000476837158,1.4500000476837158,100.0
2026-10-06 15:48:00,GWM.V,,1.059999942779541,1.059999942779541,1.059999942779541,1.059999942779541,100.0
2026-10-06 15:48:00,HITI.V,,3.859999895095825,3.859999895095825,3.859999895095825,3.859999895095825,200.0
2026-10-06 15:48:00,HME.V,,2.259999990463257,2.259999990463257,2.259999990463257,2.259999990463257,3300.0
2026-10-06 15:48:00,KFR.V,,1.0399999618530273,1.0399999618530273,1.0399999618530273,1.0399999618530273,200.0
2026-10-06 15:48:00,KLD.V,,2.4200000762939453,2.4200000762939453,2.4200000762939453,2.4200000762939453,100.0
2026-10-06 15:48:00,KTN.V,,1.1299999952316284,1.1299999952316284,1.1299999952316284,1.1299999952316284,100.0
2026-10-06 15:48:00,LGC.V,,2.990000009536743,2.990000009536743,2.990000009536743,2.990000009536743,200.0
2026-10-06 15:48:00,NURS.V,,3.5,3.5,3.490000009536743,3.490000009536743,600.0
2026-10-06 15:48:00,TUF.V,,0.9100000262260437,0.9200000166893005,0.9100000262260437,0.9200000166893005,23350.0
2026-10-06 15:49:00,BIG.V,,1.2000000476837158,1.225000023841858,1.1950000524520874,1.225000023841858,140700.0
2026-10-06 15:49:00,FDR.V,,8.210000038146973,8.210000038146973,8.210000038146973,8.210000038146973,630.0
2026-10-06 15:49:00,FWZ.V,,2.869999885559082,2.869999885559082,2.869999885559082,2.869999885559082,200.0
2026-10-06 15:49:00,GAL.V,,0.4650000035762787,0.4650000035762787,0.4650000035762787,0.4650000035762787,1500.0
2026-10-06 15:49:00,GWM.V,,1.059999942779541,1.059999942779541,1.059999942779541,1.059999942779541,200.0
2026-10-06 15:49:00,KFR.V,,1.0399999618530273,1.0399999618530273,1.0399999618530273,1.0399999618530273,300.0
2026-10-06 15:49:00,KTO.V,,0.7900000214576721,0.7900000214576721,0.7900000214576721,0.7900000214576721,500.0
2026-10-06 15:49:00,LIFT.V,,2.0,2.0,2.0,2.0,200.0
2026-10-06 15:49:00,LQWD.V,,0.8799999952316284,0.8799999952316284,0.8799999952316284,0.8799999952316284,0.0
2026-10-06 15:49:00,MGM.V,,2.9600000381469727,2.9600000381469727,2.9600000381469727,2.9600000381469727,100.0
2026-10-06 15:49:00,NURS.V,,3.490000009536743,3.490000009536743,3.490000009536743,3.490000009536743,600.0
2026-10-06 15:49:00,PNG.V,,4.764999866485596,4.769999980926514,4.764999866485596,4.769999980926514,220.0
2026-10-06 15:49:00,TUF.V,,0.9100000262260437,0.9100000262260437,0.9100000262260437,0.9100000262260437,48200.0
2026-10-06 15:50:00,BIG.V,,1.2000000476837158,1.2050000429153442,1.2000000476837158,1.2000000476837158,5000.0
2026-10-06 15:50:00,FDR.V,,8.180000305175781,8.225000381469727,8.180000305175781,8.225000381469727,6500.0
2026-10-06 15:50:00,FRED.V,,0.699999988079071,0.699999988079071,0.699999988079071,0.699999988079071,60914.0
2026-10-06 15:50:00,FWZ.V,,2.8299999237060547,2.859999895095825,2.819999933242798,2.859999895095825,9700.0
2026-10-06 15:50:00,GAL.V,,0.4650000035762787,0.4650000035762787,0.4650000035762787,0.4650000035762787,1500.0
2026-10-06 15:50:00,GLAD.V,,2.299999952316284,2.315000057220459,2.2799999713897705,2.299999952316284,2500.0
2026-10-06 15:50:00,GOT.V,,1.4600000381469727,1.4600000381469727,1.4550000429153442,1.4550000429153442,400.0
2026-10-06 15:50:00,GWM.V,,1.0499999523162842,1.059999942779541,1.0499999523162842,1.059999942779541,300.0
2026-10-06 15:50:00,IPT.V,,0.2549999952316284,0.2549999952316284,0.2549999952316284,0.2549999952316284,39000.0
2026-10-06 15:50:00,KFR.V,,1.0399999618530273,1.0399999618530273,1.0399999618530273,1.0399999618530273,300.0
2026-10-06 15:50:00,LGN.V,,1.1699999570846558,1.1699999570846558,1.1699999570846558,1.1699999570846558,200.0
2026-10-06 15:50:00,LMN.V,,21.9950008392334,21.9950008392334,21.829999923706055,21.84000015258789,5400.0
2026-10-06 15:50:00,MGM.V,,2.9600000381469727,2.9600000381469727,2.9600000381469727,2.9600000381469727,200.0
2026-10-06 15:50:00,MRVL.V,,0.10999999940395355,0.10999999940395355,0.10999999940395355,0.10999999940395355,177779.0
2026-10-06 15:50:00,NURS.V,,3.5,3.5,3.5,3.5,800.0
2026-10-06 15:50:00,PNG.V,,4.769999980926514,4.78000020980835,4.760000228881836,4.769999980926514,30724.0
2026-10-06 15:50:00,TUF.V,,0.9100000262260437,0.9100000262260437,0.9100000262260437,0.9100000262260437,1000.0
2026-10-06 15:51:00,BIG.V,,1.2050000429153442,1.2100000381469727,1.2000000476837158,1.2100000381469727,10800.0
2026-10-06 15:51:00,FDR.V,,8.149999618530273,8.170000076293945,8.149999618530273,8.170000076293945,4900.0
2026-10-06 15:51:00,FOBI.V,,0.029999999329447746,0.029999999329447746,0.029999999329447746,0.029999999329447746,1000.0
2026-10-06 15:51:00,FWZ.V,,2.8399999141693115,2.8499999046325684,2.8399999141693115,2.8499999046325684,3500.0
2026-10-06 15:51:00,GAL.V,,0.4650000035762787,0.4650000035762787,0.4650000035762787,0.4650000035762787,2000.0
2026-10-06 15:51:00,GLAD.V,,2.299999952316284,2.299999952316284,2.299999952316284,2.299999952316284,250.0
2026-10-06 15:51:00,GOT.V,,1.4600000381469727,1.4600000381469727,1.4600000381469727,1.4600000381469727,200.0
2026-10-06 15:51:00,GQC.V,,0.800000011920929,0.800000011920929,0.800000011920929,0.800000011920929,7525.0
2026-10-06 15:51:00,GRSL.V,,0.3050000071525574,0.3050000071525574,0.3050000071525574,0.3050000071525574,500.0
2026-10-06 15:51:00,GSR.V,,0.32499998807907104,0.32499998807907104,0.32499998807907104,0.32499998807907104,245125.0
2026-10-06 15:51:00,GSTM.V,,0.1599999964237213,0.1599999964237213,0.1599999964237213,0.1599999964237213,161000.0
2026-10-06 15:51:00,GWM.V,,1.0499999523162842,1.0499999523162842,1.0499999523162842,1.0499999523162842,400.0
2026-10-06 15:51:00,HITI.V,,3.859999895095825,3.859999895095825,3.859999895095825,3.859999895095825,100.0
2026-10-06 15:51:00,KFR.V,,1.0399999618530273,1.0399999618530273,1.0399999618530273,1.0399999618530273,200.0
2026-10-06 15:51:00,KTN.V,,1.1299999952316284,1.1299999952316284,1.1299999952316284,1.1299999952316284,100.0
2026-10-06 15:51:00,LGN.V,,1.1699999570846558,1.1699999570846558,1.1699999570846558,1.1699999570846558,1100.0
2026-10-06 15:51:00,MFG.V,,3.640000104904175,3.640000104904175,3.640000104904175,3.640000104904175,100.0
2026-10-06 15:51:00,MGM.V,,2.9600000381469727,2.9600000381469727,2.9600000381469727,2.9600000381469727,100.0
2026-10-06 15:51:00,PNG.V,,4.764999866485596,4.78000020980835,4.764999866485596,4.769999980926514,940.0
2026-10-06 15:51:00,TUF.V,,0.8999999761581421,0.8999999761581421,0.8999999761581421,0.8999999761581421,41500.0
2026-10-06 15:52:00,BIG.V,,1.2100000381469727,1.2100000381469727,1.2050000429153442,1.2100000381469727,7600.0
2026-10-06 15:52:00,FDR.V,,8.15999984741211,8.1899995803833,8.154999732971191,8.164999961853027,6600.0
2026-10-06 15:52:00,FRI.V,,0.06499999761581421,0.06499999761581421,0.06499999761581421,0.06499999761581421,1245250.0
2026-10-06 15:52:00,FUSE.V,,0.029999999329447746,0.029999999329447746,0.029999999329447746,0.029999999329447746,29640.0
2026-10-06 15:52:00,GAL.V,,0.4650000035762787,0.4650000035762787,0.4650000035762787,0.4650000035762787,1500.0
2026-10-06 15:52:00,GLAD.V,,2.2899999618530273,2.2899999618530273,2.2899999618530273,2.2899999618530273,100.0
2026-10-06 15:52:00,GOOD.V,,0.18000000715255737,0.18000000715255737,0.18000000715255737,0.18000000715255737,5500.0
2026-10-06 15:52:00,GWM.V,,1.0499999523162842,1.0499999523162842,1.0499999523162842,1.0499999523162842,600.0
2026-10-06 15:52:00,KFR.V,,1.0399999618530273,1.0399999618530273,1.0399999618530273,1.0399999618530273,400.0
2026-10-06 15:52:00,KTO.V,,0.7900000214576721,0.7900000214576721,0.7900000214576721,0.7900000214576721,500.0
2026-10-06 15:52:00,LCX.V,,1.7699999809265137,1.7699999809265137,1.7699999809265137,1.7699999809265137,300.0
2026-10-06 15:52:00,LG.V,,0.41999998688697815,0.41999998688697815,0.41999998688697815,0.41999998688697815,5000.0
2026-10-06 15:52:00,LGN.V,,1.1699999570846558,1.1699999570846558,1.1699999570846558,1.1699999570846558,500.0
2026-10-06 15:52:00,LIO.V,,0.16500000655651093,0.16500000655651093,0.16500000655651093,0.16500000655651093,18000.0
2026-10-06 15:52:00,LTH.V,,0.5,0.5,0.5,0.5,500.0
2026-10-06 15:52:00,MFG.V,,3.640000104904175,3.640000104904175,3.640000104904175,3.640000104904175,300.0
2026-10-06 15:52:00,MGM.V,,2.9600000381469727,2.9600000381469727,2.9600000381469727,2.9600000381469727,100.0
2026-10-06 15:52:00,NURS.V,,3.5299999713897705,3.5299999713897705,3.5299999713897705,3.5299999713897705,1000.0
2026-10-06 15:52:00,PNG.V,,4.769999980926514,4.769999980926514,4.764999866485596,4.764999866485596,749.0
2026-10-06 15:53:00,FDR.V,,8.149999618530273,8.15999984741211,8.149999618530273,8.15999984741211,3100.0
2026-10-06 15:53:00,FOBI.V,,0.029999999329447746,0.029999999329447746,0.029999999329447746,0.029999999329447746,1000.0
2026-10-06 15:53:00,GAL.V,,0.4650000035762787,0.4650000035762787,0.4650000035762787,0.4650000035762787,1500.0
2026-10-06 15:53:00,GWM.V,,1.059999942779541,1.059999942779541,1.0499999523162842,1.0499999523162842,1200.0
2026-10-06 15:53:00,IFOS.V,,2.1600000858306885,2.1600000858306885,2.1600000858306885,2.1600000858306885,100.0
2026-10-06 15:53:00,KFR.V,,1.0399999618530273,1.0399999618530273,1.0399999618530273,1.0399999618530273,300.0
2026-10-06 15:53:00,KLDC.V,,0.33500000834465027,0.33500000834465027,0.33500000834465027,0.33500000834465027,1500.0
2026-10-06 15:53:00,KTN.V,,1.1299999952316284,1.1299999952316284,1.1299999952316284,1.1299999952316284,100.0
2026-10-06 15:53:00,KTO.V,,0.7900000214576721,0.800000011920929,0.7900000214576721,0.800000011920929,1000.0
2026-10-06 15:53:00,LGN.V,,1.1699999570846558,1.1699999570846558,1.1699999570846558,1.1699999570846558,100.0
2026-10-06 15:53:00,LIFT.V,,2.0,2.0,2.0,2.0,500.0
2026-10-06 15:53:00,LMN.V,,21.979999542236328,21.979999542236328,21.979999542236328,21.979999542236328,200.0
2026-10-06 15:53:00,LTH.V,,0.5,0.5,0.5,0.5,1000.0
2026-10-06 15:53:00,MFG.V,,3.640000104904175,3.640000104904175,3.640000104904175,3.640000104904175,200.0
2026-10-06 15:53:00,PNG.V,,4.764999866485596,4.769999980926514,4.760000228881836,4.764999866485596,11700.0
2026-10-06 15:53:00,TUF.V,,0.8999999761581421,0.8999999761581421,0.8999999761581421,0.8999999761581421,19400.0
2026-10-06 15:54:00,BIG.V,,1.215000033378601,1.215000033378601,1.2050000429153442,1.2100000381469727,49100.0
2026-10-06 15:54:00,FDR.V,,8.149999618530273,8.149999618530273,8.149999618530273,8.149999618530273,800.0
2026-10-06 15:54:00,FWZ.V,,2.8499999046325684,2.8499999046325684,2.8499999046325684,2.8499999046325684,2000.0
2026-10-06 15:54:00,GAL.V,,0.4650000035762787,0.4650000035762787,0.4650000035762787,0.4650000035762787,1500.0
2026-10-06 15:54:00,GRSL.V,,0.29499998688697815,0.29499998688697815,0.29499998688697815,0.29499998688697815,1500.0
2026-10-06 15:54:00,GWM.V,,1.0549999475479126,1.0549999475479126,1.0499999523162842,1.0499999523162842,12655.0
2026-10-06 15:54:00,HITI.V,,3.859999895095825,3.859999895095825,3.8499999046325684,3.8499999046325684,900.0
2026-10-06 15:54:00,KCC.V,,1.0499999523162842,1.0499999523162842,1.0499999523162842,1.0499999523162842,15437.0
2026-10-06 15:54:00,KFR.V,,1.0449999570846558,1.0449999570846558,1.0399999618530273,1.0399999618530273,400.0
2026-10-06 15:54:00,KTN.V,,1.1100000143051147,1.125,1.1100000143051147,1.1200000047683716,31300.0
2026-10-06 15:54:00,KTO.V,,0.7900000214576721,0.7900000214576721,0.7900000214576721,0.7900000214576721,500.0
2026-10-06 15:54:00,LGC.V,,2.9800000190734863,2.9800000190734863,2.9800000190734863,2.9800000190734863,100.0
2026-10-06 15:54:00,LGN.V,,1.1699999570846558,1.1699999570846558,1.1699999570846558,1.1699999570846558,200.0
2026-10-06 15:54:00,LIFT.V,,2.0,2.0,2.0,2.0,200.0
2026-10-06 15:54:00,LMN.V,,21.969999313354492,21.969999313354492,21.860000610351562,21.860000610351562,200.0
2026-10-06 15:54:00,MFG.V,,3.640000104904175,3.640000104904175,3.640000104904175,3.640000104904175,100.0
2026-10-06 15:54:00,MGM.V,,2.9600000381469727,2.9600000381469727,2.9600000381469727,2.9600000381469727,400.0
2026-10-06 15:54:00,NURS.V,,3.5199999809265137,3.5299999713897705,3.5199999809265137,3.5299999713897705,600.0
2026-10-06 15:54:00,PNG.V,,4.769999980926514,4.769999980926514,4.764999866485596,4.764999866485596,3100.0
2026-10-06 15:54:00,SCAN.V,,2.799999952316284,2.799999952316284,2.799999952316284,2.799999952316284,130.0
2026-10-06 15:54:00,TUF.V,,0.8899999856948853,0.8999999761581421,0.8899999856948853,0.8999999761581421,16000.0
2026-10-06 15:55:00,BIG.V,,1.215000033378601,1.215000033378601,1.215000033378601,1.215000033378601,900.0
2026-10-06 15:55:00,FDR.V,,8.149999618530273,8.180000305175781,8.149999618530273,8.170000076293945,1900.0
2026-10-06 15:55:00,FUU.V,,0.125,0.125,0.125,0.125,500.0
2026-10-06 15:55:00,FWZ.V,,2.8499999046325684,2.8499999046325684,2.8499999046325684,2.8499999046325684,200.0
2026-10-06 15:55:00,GAL.V,,0.4650000035762787,0.4650000035762787,0.4650000035762787,0.4650000035762787,1500.0
2026-10-06 15:55:00,GRSL.V,,0.3050000071525574,0.3050000071525574,0.3050000071525574,0.3050000071525574,344560.0
2026-10-06 15:55:00,GWM.V,,1.0499999523162842,1.0549999475479126,1.0499999523162842,1.0499999523162842,900.0
2026-10-06 15:55:00,HITI.V,,3.859999895095825,3.859999895095825,3.8499999046325684,3.8499999046325684,900.0
2026-10-06 15:55:00,HME.V,,2.255000114440918,2.255000114440918,2.255000114440918,2.255000114440918,400.0
2026-10-06 15:55:00,IFOS.V,,2.1600000858306885,2.1600000858306885,2.1600000858306885,2.1600000858306885,100.0
2026-10-06 15:55:00,INTR.V,,0.8500000238418579,0.8500000238418579,0.8500000238418579,0.8500000238418579,13000.0
2026-10-06 15:55:00,KFR.V,,1.0449999570846558,1.0499999523162842,1.0449999570846558,1.0449999570846558,1600.0
2026-10-06 15:55:00,KTN.V,,1.1100000143051147,1.1100000143051147,1.1100000143051147,1.1100000143051147,100.0
2026-10-06 15:55:00,KTO.V,,0.7900000214576721,0.7900000214576721,0.7900000214576721,0.7900000214576721,500.0
2026-10-06 15:55:00,LG.V,,0.41749998927116394,0.41749998927116394,0.41749998927116394,0.41749998927116394,9500.0
2026-10-06 15:55:00,LGC.V,,2.9800000190734863,2.9800000190734863,2.9800000190734863,2.9800000190734863,100.0
2026-10-06 15:55:00,LGN.V,,1.1699999570846558,1.1699999570846558,1.1699999570846558,1.1699999570846558,100.0
2026-10-06 15:55:00,LIFT.V,,2.0,2.0,2.0,2.0,100.0
2026-10-06 15:55:00,LMN.V,,21.969999313354492,21.969999313354492,21.969999313354492,21.969999313354492,300.0
2026-10-06 15:55:00,LVX.V,,0.4300000071525574,0.4300000071525574,0.4300000071525574,0.4300000071525574,10500.0
2026-10-06 15:55:00,MAR-UN.V,,0.8100000023841858,0.8100000023841858,0.8100000023841858,0.8100000023841858,1500.0
2026-10-06 15:55:00,MTA.V,,13.039999961853027,13.039999961853027,13.039999961853027,13.039999961853027,200.0
2026-10-06 15:55:00,PNG.V,,4.78000020980835,4.78000020980835,4.760000228881836,4.769999980926514,20337.0
2026-10-06 15:55:00,ROAR.V,,0.2199999988079071,0.22499999403953552,0.2199999988079071,0.22499999403953552,5627.0
2026-10-06 15:55:00,SCAN.V,,2.799999952316284,2.799999952316284,2.799999952316284,2.799999952316284,200.0
2026-10-06 15:55:00,TUF.V,,0.8999999761581421,0.8999999761581421,0.8899999856948853,0.8899999856948853,5000.0
2026-10-06 15:56:00,BIG.V,,1.2100000381469727,1.215000033378601,1.2100000381469727,1.2100000381469727,29100.0
2026-10-06 15:56:00,FDR.V,,8.149999618530273,8.15999984741211,8.149999618530273,8.15999984741211,4000.0
2026-10-06 15:56:00,FOBI.V,,0.029999999329447746,0.03500000014901161,0.029999999329447746,0.03500000014901161,2000.0
2026-10-06 15:56:00,FWZ.V,,2.8499999046325684,2.8499999046325684,2.8499999046325684,2.8499999046325684,100.0
2026-10-06 15:56:00,GAL.V,,0.4650000035762787,0.4650000035762787,0.4650000035762787,0.4650000035762787,1500.0
2026-10-06 15:56:00,GG.V,,3.0,3.009999990463257,3.0,3.0,3200.0
2026-10-06 15:56:00,GGO.V,,1.340000033378601,1.340000033378601,1.340000033378601,1.340000033378601,300.0
2026-10-06 15:56:00,GOT.V,,1.4500000476837158,1.4500000476837158,1.4500000476837158,1.4500000476837158,100.0
2026-10-06 15:56:00,GWM.V,,1.0499999523162842,1.0499999523162842,1.0499999523162842,1.0499999523162842,500.0
2026-10-06 15:56:00,INTR.V,,0.8550000190734863,0.8550000190734863,0.8550000190734863,0.8550000190734863,500.0
2026-10-06 15:56:00,KDK.V,,0.7200000286102295,0.7200000286102295,0.7200000286102295,0.7200000286102295,500.0
2026-10-06 15:56:00,KTN.V,,1.1100000143051147,1.1100000143051147,1.1100000143051147,1.1100000143051147,5869.0
2026-10-06 15:56:00,LGC.V,,3.0,3.0,3.0,3.0,33527.0
2026-10-06 15:56:00,LIFT.V,,1.9800000190734863,2.0,1.9800000190734863,2.0,500.0
2026-10-06 15:56:00,LIO.V,,0.16500000655651093,0.16500000655651093,0.16500000655651093,0.16500000655651093,24500.0
2026-10-06 15:56:00,LMN.V,,21.979999542236328,21.979999542236328,21.969999313354492,21.969999313354492,800.0
2026-10-06 15:56:00,LQWD.V,,0.8899999856948853,0.8899999856948853,0.8899999856948853,0.8899999856948853,1383.0
2026-10-06 15:56:00,MFG.V,,3.640000104904175,3.640000104904175,3.640000104904175,3.640000104904175,160.0
2026-10-06 15:56:00,MTA.V,,13.039999961853027,13.039999961853027,13.039999961853027,13.039999961853027,6138.0
2026-10-06 15:56:00,PNG.V,,4.769999980926514,4.78000020980835,4.769999980926514,4.78000020980835,8550.0
2026-10-06 15:56:00,TUF.V,,0.8899999856948853,0.8899999856948853,0.8899999856948853,0.8899999856948853,3000.0
2026-10-06 15:56:00,ZNG.V,,0.7400000095367432,0.7400000095367432,0.7400000095367432,0.7400000095367432,500.0
2026-10-06 15:57:00,BIG.V,,1.2100000381469727,1.215000033378601,1.2100000381469727,1.215000033378601,600.0
2026-10-06 15:57:00,FDR.V,,8.180000305175781,8.180000305175781,8.149999618530273,8.149999618530273,1000.0
2026-10-06 15:57:00,FOBI.V,,0.03500000014901161,0.03500000014901161,0.029999999329447746,0.029999999329447746,2000.0
2026-10-06 15:57:00,FWZ.V,,2.8499999046325684,2.859999895095825,2.8499999046325684,2.859999895095825,900.0
2026-10-06 15:57:00,GAL.V,,0.4650000035762787,0.4650000035762787,0.4650000035762787,0.4650000035762787,1500.0
2026-10-06 15:57:00,GGO.V,,1.3300000429153442,1.340000033378601,1.3300000429153442,1.340000033378601,5000.0
2026-10-06 15:57:00,GLAD.V,,2.2799999713897705,2.2799999713897705,2.2799999713897705,2.2799999713897705,100.0
2026-10-06 15:57:00,GRDM.V,,0.16750000417232513,0.16750000417232513,0.16750000417232513,0.16750000417232513,500.0
2026-10-06 15:57:00,GWM.V,,1.0499999523162842,1.0499999523162842,1.0499999523162842,1.0499999523162842,500.0
2026-10-06 15:57:00,HITI.V,,3.869999885559082,3.869999885559082,3.869999885559082,3.869999885559082,100.0
2026-10-06 15:57:00,IFOS.V,,2.1600000858306885,2.1600000858306885,2.1600000858306885,2.1600000858306885,42520.0
2026-10-06 15:57:00,LIFT.V,,2.009999990463257,2.009999990463257,2.0,2.0,1800.0
2026-10-06 15:57:00,LMN.V,,22.06999969482422,22.09000015258789,21.979999542236328,21.979999542236328,727.0
2026-10-06 15:57:00,NURS.V,,3.5399999618530273,3.5399999618530273,3.5399999618530273,3.5399999618530273,300.0
2026-10-06 15:57:00,PNG.V,,4.78000020980835,4.78000020980835,4.769999980926514,4.78000020980835,12900.0
2026-10-06 15:57:00,SCAN.V,,2.799999952316284,2.799999952316284,2.799999952316284,2.799999952316284,2330.0
2026-10-06 15:57:00,TUF.V,,0.8949999809265137,0.8999999761581421,0.8949999809265137,0.8999999761581421,4500.0
2026-10-06 15:58:00,BIG.V,,1.2000000476837158,1.2200000286102295,1.2000000476837158,1.2200000286102295,73400.0
2026-10-06 15:58:00,FDR.V,,8.149999618530273,8.170000076293945,8.149999618530273,8.170000076293945,1500.0
2026-10-06 15:58:00,FMAN.V,,0.3400000035762787,0.3400000035762787,0.3400000035762787,0.3400000035762787,9200.0
2026-10-06 15:58:00,FOBI.V,,0.029999999329447746,0.029999999329447746,0.029999999329447746,0.029999999329447746,1000.0
2026-10-06 15:58:00,FUU.V,,0.125,0.125,0.125,0.125,1500.0
2026-10-06 15:58:00,FWZ.V,,2.8499999046325684,2.8499999046325684,2.8499999046325684,2.8499999046325684,400.0
2026-10-06 15:58:00,GAL.V,,0.4650000035762787,0.4650000035762787,0.4650000035762787,0.4650000035762787,1500.0
2026-10-06 15:58:00,GOT.V,,1.4500000476837158,1.4600000381469727,1.4500000476837158,1.4600000381469727,1300.0
2026-10-06 15:58:00,GRDM.V,,0.17000000178813934,0.17000000178813934,0.17000000178813934,0.17000000178813934,373341.0
2026-10-06 15:58:00,GWM.V,,1.0499999523162842,1.0499999523162842,1.0499999523162842,1.0499999523162842,600.0
2026-10-06 15:58:00,HITI.V,,3.869999885559082,3.869999885559082,3.869999885559082,3.869999885559082,100.0
2026-10-06 15:58:00,HPL.V,,0.32499998807907104,0.32499998807907104,0.32499998807907104,0.32499998807907104,7350.0
2026-10-06 15:58:00,IPT.V,,0.2549999952316284,0.2549999952316284,0.2549999952316284,0.2549999952316284,6000.0
2026-10-06 15:58:00,JG.V,,0.11999999731779099,0.11999999731779099,0.11999999731779099,0.11999999731779099,249655.0
2026-10-06 15:58:00,KDK.V,,0.7200000286102295,0.7200000286102295,0.7200000286102295,0.7200000286102295,37066.0
2026-10-06 15:58:00,KTN.V,,1.1299999952316284,1.1299999952316284,1.1200000047683716,1.1200000047683716,4600.0
2026-10-06 15:58:00,KTO.V,,0.7900000214576721,0.7900000214576721,0.7900000214576721,0.7900000214576721,552643.0
2026-10-06 15:58:00,LGN.V,,1.1699999570846558,1.1699999570846558,1.1699999570846558,1.1699999570846558,200.0
2026-10-06 15:58:00,LIFT.V,,2.009999990463257,2.009999990463257,2.009999990463257,2.009999990463257,1800.0
2026-10-06 15:58:00,LMN.V,,22.010000228881836,22.049999237060547,22.010000228881836,22.049999237060547,200.0
2026-10-06 15:58:00,LVX.V,,0.4300000071525574,0.4300000071525574,0.4300000071525574,0.4300000071525574,27648.0
2026-10-06 15:58:00,NURS.V,,3.549999952316284,3.549999952316284,3.549999952316284,3.549999952316284,500.0
2026-10-06 15:58:00,PNG.V,,4.78000020980835,4.78000020980835,4.769999980926514,4.78000020980835,8650.0
2026-10-06 15:58:00,TUF.V,,0.8949999809265137,0.8949999809265137,0.8949999809265137,0.8949999809265137,2000.0
2026-10-06 15:59:00,BIG.V,,1.2000000476837158,1.2000000476837158,1.1799999475479126,1.2000000476837158,13242.0
2026-10-06 15:59:00,FDR.V,,8.199999809265137,8.199999809265137,8.100000381469727,8.199999809265137,350738.0
2026-10-06 15:59:00,FL.V,,0.42500001192092896,0.42500001192092896,0.41999998688697815,0.41999998688697815,27685.0
2026-10-06 15:59:00,FMS.V,,0.4300000071525574,0.4350000023841858,0.4300000071525574,0.4350000023841858,5500.0
2026-10-06 15:59:00,FOBI.V,,0.029999999329447746,0.03500000014901161,0.029999999329447746,0.03500000014901161,107000.0
2026-10-06 15:59:00,FUU.V,,0.125,0.125,0.125,0.125,877108.0
2026-10-06 15:59:00,FWZ.V,,2.890000104904175,2.890000104904175,2.809999942779541,2.8399999141693115,11507.0
2026-10-06 15:59:00,GAL.V,,0.4650000035762787,0.4650000035762787,0.4650000035762787,0.4650000035762787,990800.0
2026-10-06 15:59:00,GG.V,,2.930000066757202,2.930000066757202,2.930000066757202,2.930000066757202,19625.0
2026-10-06 15:59:00,GGO.V,,1.3600000143051147,1.3600000143051147,1.340000033378601,1.340000033378601,7300.0
2026-10-06 15:59:00,GLAD.V,,2.2799999713897705,2.299999952316284,2.2799999713897705,2.2799999713897705,142298.0
2026-10-06 15:59:00,GLDN.V,,0.08500000089406967,0.08500000089406967,0.08500000089406967,0.08500000089406967,40000.0
2026-10-06 15:59:00,GOT.V,,1.4500000476837158,1.4600000381469727,1.4500000476837158,1.4500000476837158,1900.0
2026-10-06 15:59:00,GPH.V,,0.8700000047683716,0.8799999952316284,0.8700000047683716,0.8700000047683716,9041.0
2026-10-06 15:59:00,GRZ.V,,7.25,7.25,7.25,7.25,2123.0
2026-10-06 15:59:00,GSP.V,,0.14499999582767487,0.14499999582767487,0.14499999582767487,0.14499999582767487,31780.0
2026-10-06 15:59:00,GWM.V,,1.0499999523162842,1.059999942779541,1.0399999618530273,1.0499999523162842,11214.0
2026-10-06 15:59:00,HAR.V,,0.05000000074505806,0.05000000074505806,0.05000000074505806,0.05000000074505806,85123.0
2026-10-06 15:59:00,HITI.V,,3.869999885559082,3.869999885559082,3.869999885559082,3.869999885559082,36416.0
2026-10-06 15:59:00,HME.V,,2.2300000190734863,2.2300000190734863,2.2300000190734863,2.2300000190734863,110720.0
2026-10-06 15:59:00,HMR.V,,0.4325000047683716,0.4325000047683716,0.4325000047683716,0.4325000047683716,24500.0
2026-10-06 15:59:00,INTR.V,,0.8500000238418579,0.8600000143051147,0.8500000238418579,0.8500000238418579,148081.0
2026-10-06 15:59:00,IPT.V,,0.2549999952316284,0.2549999952316284,0.2524999976158142,0.2549999952316284,1143844.0
2026-10-06 15:59:00,JZR.V,,0.25,0.25,0.25,0.25,34910.0
2026-10-06 15:59:00,KFR.V,,1.0499999523162842,1.0499999523162842,1.0499999523162842,1.0499999523162842,200860.0
2026-10-06 15:59:00,KG.V,,0.15000000596046448,0.15000000596046448,0.15000000596046448,0.15000000596046448,30300.0
2026-10-06 15:59:00,KLD.V,,2.4200000762939453,2.4200000762939453,2.4200000762939453,2.4200000762939453,142708.0
2026-10-06 15:59:00,KLDC.V,,0.3449999988079071,0.3449999988079071,0.3449999988079071,0.3449999988079071,161919.0
2026-10-06 15:59:00,KTN.V,,1.1299999952316284,1.1299999952316284,1.1100000143051147,1.1299999952316284,3707.0
2026-10-06 15:59:00,LCX.V,,1.7999999523162842,1.7999999523162842,1.7799999713897705,1.7799999713897705,6800.0
2026-10-06 15:59:00,LG.V,,0.4099999964237213,0.41499999165534973,0.4099999964237213,0.4099999964237213,3047892.0
2026-10-06 15:59:00,LGN.V,,1.159999966621399,1.1699999570846558,1.159999966621399,1.1699999570846558,11400.0
2026-10-06 15:59:00,LIFT.V,,2.0199999809265137,2.0199999809265137,2.009999990463257,2.0199999809265137,129750.0
2026-10-06 15:59:00,LIO.V,,0.16500000655651093,0.16500000655651093,0.16500000655651093,0.16500000655651093,1642723.0
2026-10-06 15:59:00,LMN.V,,22.09000015258789,22.09000015258789,21.940000534057617,21.979999542236328,2600.0
2026-10-06 15:59:00,LRA.V,,4.010000228881836,4.010000228881836,4.010000228881836,4.010000228881836,10450.0
2026-10-06 15:59:00,LSL.V,,0.30000001192092896,0.30000001192092896,0.30000001192092896,0.30000001192092896,0.0
2026-10-06 15:59:00,LTH.V,,0.5,0.5,0.5,0.5,174851.0
2026-10-06 15:59:00,MFG.V,,3.640000104904175,3.6600000858306885,3.640000104904175,3.6600000858306885,400.0
2026-10-06 15:59:00,MGM.V,,2.9800000190734863,2.9800000190734863,2.9700000286102295,2.9800000190734863,57370.0
2026-10-06 15:59:00,MTLO.V,,0.009999999776482582,0.009999999776482582,0.009999999776482582,0.009999999776482582,21612.0
2026-10-06 15:59:00,NURS.V,,3.5899999141693115,3.5899999141693115,3.509999990463257,3.549999952316284,500.0
2026-10-06 15:59:00,PNG.V,,4.789999961853027,4.809999942779541,4.78000020980835,4.78000020980835,46821.0
2026-10-06 15:59:00,ROAR.V,,0.2199999988079071,0.2199999988079071,0.2199999988079071,0.2199999988079071,188141.0
2026-10-06 15:59:00,TUF.V,,0.8999999761581421,0.8999999761581421,0.8949999809265137,0.8999999761581421,1304980.0
2026-10-06 15:59:00,ZNG.V,,0.7200000286102295,0.7300000190734863,0.7200000286102295,0.7300000190734863,9000.0
